winner,title_bout,blue_avg_kd,blue_avg_opp_kd,blue_avg_sig_str_pct,blue_avg_opp_sig_str_pct,blue_avg_td_pct,blue_avg_opp_td_pct,blue_avg_sub_att,blue_avg_opp_sub_att,blue_avg_rev,blue_avg_opp_rev,blue_avg_sig_str_att,blue_avg_sig_str_landed,blue_avg_opp_sig_str_att,blue_avg_opp_sig_str_landed,blue_avg_total_str_att,blue_avg_total_str_landed,blue_avg_opp_total_str_att,blue_avg_opp_total_str_landed,blue_avg_td_att,blue_avg_td_landed,blue_avg_opp_td_att,blue_avg_opp_td_landed,blue_avg_head_att,blue_avg_head_landed,blue_avg_opp_head_att,blue_avg_opp_head_landed,blue_avg_body_att,blue_avg_body_landed,blue_avg_opp_body_att,blue_avg_opp_body_landed,blue_avg_leg_att,blue_avg_leg_landed,blue_avg_opp_leg_att,blue_avg_opp_leg_landed,blue_avg_distance_att,blue_avg_distance_landed,blue_avg_opp_distance_att,blue_avg_opp_distance_landed,blue_avg_clinch_att,blue_avg_clinch_landed,blue_avg_opp_clinch_att,blue_avg_opp_clinch_landed,blue_avg_ground_att,blue_avg_ground_landed,blue_avg_opp_ground_att,blue_avg_opp_ground_landed,blue_avg_ctrl_time_seconds,blue_avg_opp_ctrl_time_seconds,blue_total_time_fought_seconds,blue_total_rounds_fought,blue_total_title_bouts,blue_current_win_streak,blue_current_lose_streak,blue_longest_win_streak,blue_wins,blue_losses,blue_draw,blue_win_by_decision_majority,blue_win_by_decision_split,blue_win_by_decision_unanimous,blue_win_by_ko_tko,blue_win_by_submission,blue_win_by_tko_doctor_stoppage,blue_height_cms,blue_reach_cms,blue_weight_lbs,red_avg_kd,red_avg_opp_kd,red_avg_sig_str_pct,red_avg_opp_sig_str_pct,red_avg_td_pct,red_avg_opp_td_pct,red_avg_sub_att,red_avg_opp_sub_att,red_avg_rev,red_avg_opp_rev,red_avg_sig_str_att,red_avg_sig_str_landed,red_avg_opp_sig_str_att,red_avg_opp_sig_str_landed,red_avg_total_str_att,red_avg_total_str_landed,red_avg_opp_total_str_att,red_avg_opp_total_str_landed,red_avg_td_att,red_avg_td_landed,red_avg_opp_td_att,red_avg_opp_td_landed,red_avg_head_att,red_avg_head_landed,red_avg_opp_head_att,red_avg_opp_head_landed,red_avg_body_att,red_avg_body_landed,red_avg_opp_body_att,red_avg_opp_body_landed,red_avg_leg_att,red_avg_leg_landed,red_avg_opp_leg_att,red_avg_opp_leg_landed,red_avg_distance_att,red_avg_distance_landed,red_avg_opp_distance_att,red_avg_opp_distance_landed,red_avg_clinch_att,red_avg_clinch_landed,red_avg_opp_clinch_att,red_avg_opp_clinch_landed,red_avg_ground_att,red_avg_ground_landed,red_avg_opp_ground_att,red_avg_opp_ground_landed,red_avg_ctrl_time_seconds,red_avg_opp_ctrl_time_seconds,red_total_time_fought_seconds,red_total_rounds_fought,red_total_title_bouts,red_current_win_streak,red_current_lose_streak,red_longest_win_streak,red_wins,red_losses,red_draw,red_win_by_decision_majority,red_win_by_decision_split,red_win_by_decision_unanimous,red_win_by_ko_tko,red_win_by_submission,red_win_by_tko_doctor_stoppage,red_height_cms,red_reach_cms,red_weight_lbs,blue_age,red_age,weight_class_bantamweight,weight_class_catchweight,weight_class_featherweight,weight_class_flyweight,weight_class_heavyweight,weight_class_lightheavyweight,weight_class_lightweight,weight_class_middleweight,weight_class_openweight,weight_class_welterweight,weight_class_womenbantamweight,weight_class_womenfeatherweight,weight_class_womenflyweight,weight_class_womenstrawweight,blue_stance_open_stance,blue_stance_orthodox,blue_stance_sideways,blue_stance_southpaw,blue_stance_switch,red_stance_open_stance,red_stance_orthodox,red_stance_sideways,red_stance_southpaw,red_stance_switch
Red,False,0.0,0.0,0.42,0.495,0.33,0.36,0.5,1.0,0.0,0.0,50.0,20.0,84.0,45.0,76.5,41.0,114.0,64.0,1.5,1.0,9.0,6.5,39.5,11.0,63.0,27.5,7.5,7.0,12.0,9.0,3.0,2.0,9.0,8.5,35.0,12.5,43.5,17.5,10.5,4.5,4.0,3.0,4.5,3.0,36.5,24.5,34.0,277.5,531.5,4,0,0,1,1,1,1,0,0,0,0,0,1,0,165.1,170.18,135.0,1.0,0.0,0.5,0.46,0.0,0.0,0.0,0.0,0.0,0.0,34.0,17.0,13.0,6.0,35.0,18.0,16.0,9.0,0.0,0.0,3.0,0.0,32.0,15.0,11.0,5.0,2.0,2.0,2.0,1.0,0.0,0.0,0.0,0.0,33.0,16.0,12.0,6.0,1.0,1.0,1.0,0.0,0.0,0.0,0.0,0.0,5.0,54.0,166.0,1,0,1,0,1,1,0,0,0,0,0,1,0,0,170.18,177.8,135.0,31.0,27.0,1,0,0,0,0,0,0,0,0,0,0,0,0,0,0,1,0,0,0,0,1,0,0,0
Red,False,0.5,0.0,0.66,0.305,0.3,0.5,1.5,0.0,0.0,0.0,65.5,35.0,50.0,16.5,113.5,68.5,68.5,29.0,2.5,1.5,0.5,0.5,46.0,20.0,36.0,7.5,12.0,8.0,8.0,3.0,7.5,7.0,6.0,6.0,58.0,30.0,48.0,15.5,0.5,0.5,0.5,0.5,7.0,4.5,1.5,0.5,219.5,24.5,577.5,4,0,2,0,2,2,0,0,0,1,0,1,0,0,187.96,193.04,205.0,1.03125,0.0625,0.576875,0.38125,0.40625,0.11625,0.25,1.1875,0.375,0.25,77.5625,43.15625,69.15625,27.59375,93.125,57.21875,98.34375,52.46875,1.28125,0.78125,4.6875,0.4375,71.09375,38.0625,50.40625,13.34375,4.6875,3.3125,9.09375,6.15625,1.78125,1.78125,9.65625,8.09375,58.3125,30.4375,63.3125,23.125,6.96875,3.65625,5.0,4.125,12.28125,9.0625,0.84375,0.34375,176.15625,154.6875,747.34375,17,0,2,0,2,4,2,0,0,1,0,3,0,0,182.88,187.96,185.0,32.0,28.0,0,0,0,0,0,0,0,1,0,0,0,0,0,0,0,1,0,0,0,0,1,0,0,0
Red,False,0.015625,0.0,0.45,0.4275,0.25,0.2,0.148468017578125,0.098388671875,0.0,0.0,66.5,29.6875,64.31230545043945,27.34375,89.75,48.0,85.53125,44.41152191162109,2.0,0.75,2.0546875,0.75,51.1875,18.3359375,49.6123046875,16.280410766601562,7.5,5.07647705078125,7.5,5.0,4.5,3.625,4.984375,3.9375,48.6875,17.0,47.11572265625,16.5,5.75,3.75,5.3125,3.4375,5.0625,3.5,3.875,2.5,99.2119140625,94.125,638.5,0,0,0,0,0,0,0,0,0,0,0,0,0,0,187.96,190.5,241.0,0.546875,0.1875,0.53890625,0.59859375,0.0,0.3125,0.0,0.25,0.0,0.0,59.234375,30.375,43.8125,24.796875,70.5,41.390625,50.234375,30.90625,0.03125,0.0,2.84375,1.75,42.5,16.78125,34.296875,17.9375,5.78125,4.546875,6.125,3.71875,10.953125,9.046875,3.390625,3.140625,45.875,20.28125,36.34375,18.6875,11.328125,8.5625,1.4375,1.171875,2.03125,1.53125,6.03125,4.9375,82.453125,89.78125,448.203125,13,0,3,0,3,4,3,0,0,0,1,3,0,0,187.96,190.5,264.0,32.0,28.0,0,0,0,0,1,0,0,0,0,0,0,0,0,0,0,1,0,0,0,0,0,0,1,0
Blue,False,0.015625,0.0,0.45,0.4275,0.25,0.2,0.148468017578125,0.098388671875,0.0,0.0,66.5,29.6875,64.31230545043945,27.34375,89.75,48.0,85.53125,44.41152191162109,2.0,0.75,2.0546875,0.75,51.1875,18.3359375,49.6123046875,16.280410766601562,7.5,5.07647705078125,7.5,5.0,4.5,3.625,4.984375,3.9375,48.6875,17.0,47.11572265625,16.5,5.75,3.75,5.3125,3.4375,5.0625,3.5,3.875,2.5,99.2119140625,94.125,638.5,0,0,0,0,0,0,0,0,0,0,0,0,0,0,152.4,154.94,115.0,0.0471682548522949,0.0,0.45,0.4217682266235352,0.25,0.19173828125,0.1875,0.125,0.0,0.0,69.5,30.5,66.984375,27.8466796875,94.0,48.544921875,88.50390625,44.75,2.0,0.8125,2.015625,0.6640625,54.0,19.01513671875,51.483436584472656,16.9437255859375,7.91796875,5.430633544921875,7.75,5.0625,4.780975341796875,3.9373779296875,4.8994140625,3.84375,51.025390625,18.400863647460938,50.515625,17.5,5.75,3.75,5.5,3.5,5.375,3.6875,4.0,2.65625,104.865234375,89.5,655.8441009521484,0,0,0,0,0,0,0,0,0,0,0,0,0,0,160.02,160.02,115.0,28.0,25.0,0,0,0,0,0,0,0,0,0,0,0,0,0,1,0,0,0,1,0,0,0,0,0,1
Blue,False,0.125,0.0,0.535625,0.5787500000000001,0.185,0.16625,0.125,0.1875,0.25,0.0,109.1875,57.9375,50.625,28.4375,170.4375,105.625,74.375,44.25,5.375,1.5,2.0,0.625,77.375,31.375,41.5625,22.625,31.1875,26.1875,7.6875,4.9375,0.625,0.375,1.375,0.875,33.5625,11.0,32.0625,13.9375,39.0625,28.8125,13.3125,10.75,36.5625,18.125,5.25,3.75,390.25,156.3125,764.0,11,1,3,0,3,4,1,0,0,0,1,2,1,0,180.34,182.88,135.0,0.0,0.0009765625,0.403076171875,0.5549609375,0.51171875,0.62875,0.2314453125,0.03125,0.03125,0.5,109.3310546875,44.3623046875,148.8466796875,84.5546875,137.154296875,70.1982421875,172.4990234375,106.6806640625,2.26171875,1.26171875,3.1376953125,1.771484375,86.375,26.0302734375,94.2255859375,38.693359375,17.2724609375,13.4697265625,37.7177734375,31.658203125,5.68359375,4.8623046875,16.9033203125,14.203125,85.845703125,27.9072265625,106.9130859375,48.4794921875,18.99609375,13.970703125,35.3125,32.0595703125,4.4892578125,2.484375,6.62109375,4.015625,141.28515625,310.15234375,874.380859375,30,0,2,0,2,5,6,0,0,0,1,2,2,0,167.64,172.72,135.0,29.0,43.0,0,0,0,0,0,0,0,0,0,0,1,0,0,0,0,1,0,0,0,0,1,0,0,0
Blue,False,0.0,0.0,0.515,0.4737499999999999,0.435,0.25,1.25,0.625,0.0,0.25,86.0,40.75,55.5,25.125,150.625,93.5,79.0,46.75,6.375,2.625,0.25,0.25,60.625,23.125,42.375,14.625,10.0,4.5,10.625,8.25,15.375,13.125,2.5,2.25,68.875,29.625,50.125,20.25,3.125,2.0,3.0,2.75,14.0,9.125,2.375,2.125,431.75,17.375,717.875,10,0,4,0,4,4,0,0,0,0,2,0,2,0,177.8,182.88,145.0,0.3125,0.015625,0.56515625,0.34359375,0.33703125,0.04890625,0.0390625,0.0,0.0,0.5,78.9296875,42.1875,78.6171875,32.046875,110.9140625,68.0625,99.2890625,48.8984375,1.40625,0.6328125,5.6875,0.515625,65.1953125,32.28125,54.765625,14.3203125,9.609375,5.9453125,16.7265625,11.3046875,4.125,3.9609375,7.125,6.421875,62.28125,28.8828125,67.5390625,25.15625,6.234375,5.171875,3.875,3.2734375,10.4140625,8.1328125,7.203125,3.6171875,59.03125,193.546875,649.3046875,18,1,1,0,6,7,1,0,0,1,2,2,2,0,182.88,190.5,155.0,27.0,41.0,0,0,0,0,0,0,1,0,0,0,0,0,0,0,0,0,0,0,1,0,1,0,0,0
Blue,False,0.046875,0.125,0.4592773437499999,0.4046875,0.3221875,0.0688671875,0.189453125,0.0,0.283203125,0.0,130.818359375,60.11328125,129.337890625,50.548828125,151.5546875,78.32421875,137.427734375,58.5078125,2.73046875,1.453125,1.552734375,0.28515625,102.328125,38.814453125,111.267578125,37.830078125,20.951171875,14.419921875,12.15625,7.1796875,7.5390625,6.87890625,5.9140625,5.5390625,125.130859375,55.888671875,122.193359375,45.869140625,5.03125,3.763671875,6.263671875,3.966796875,0.65625,0.4609375,0.880859375,0.712890625,148.5078125,80.09765625,809.53125,28,0,0,1,1,4,6,0,1,0,1,2,0,0,180.34,193.04,170.0,0.625,0.0,0.493125,0.43,0.0,0.6875,0.0,0.25,0.25,0.25,73.8125,33.5,61.0625,26.5,77.5625,36.5625,67.4375,32.125,0.0,0.0,2.375,1.375,56.5625,23.375,51.5625,19.0625,11.375,5.875,5.5625,4.1875,5.875,4.25,3.9375,3.25,66.75,28.9375,55.75,23.6875,5.375,3.0,4.5,2.25,1.6875,1.5625,0.8125,0.5625,13.5,92.4375,445.0,10,0,2,0,2,4,1,0,0,0,1,3,0,0,182.88,180.34,170.0,35.0,31.0,0,0,0,0,0,0,0,0,0,1,0,0,0,0,0,1,0,0,0,0,1,0,0,0
Red,False,0.15625,0.0,0.7915820312499999,0.8505859375,0.26919921875,0.3933984375,0.029296875,0.080078125,0.0234375,0.041015625,39.2109375,26.078125,24.494140625,11.953125,61.64453125,47.791015625,31.279296875,17.46484375,0.935546875,0.529296875,2.759765625,1.451171875,31.01953125,19.921875,15.763671875,5.615234375,4.162109375,2.685546875,4.70703125,2.8203125,4.029296875,3.470703125,4.0234375,3.517578125,25.35546875,14.09375,17.171875,7.177734375,3.630859375,2.984375,1.857421875,1.353515625,10.224609375,9.0,5.46484375,3.421875,69.5,82.31640625,267.517578125,23,0,0,1,5,8,2,0,0,2,1,3,2,0,190.5,205.74,185.0,0.0245513916015625,0.220703125,0.5156361389160156,0.44597412109375,0.3558242797851562,0.0,9.1552734375e-05,0.0,0.0,0.0,133.4735107421875,72.17990112304688,95.71842956542967,41.511474609375,150.52398681640625,88.71699523925781,102.1464385986328,47.68928527832031,8.111679077148438,3.008209228515625,2.1568603515625,0.0,98.62075805664062,46.65184020996094,66.27102661132812,20.73251342773437,22.163742065429688,15.460418701171877,21.706512451171875,16.6983642578125,12.689010620117188,10.067642211914062,7.740890502929687,4.080596923828125,102.85295104980467,50.01177978515625,84.9866943359375,32.964813232421875,11.84820556640625,7.16400146484375,10.287551879882812,8.20220947265625,18.77235412597656,15.004119873046877,0.444183349609375,0.344451904296875,157.81211853027344,3.515289306640625,683.1185607910156,31,0,2,0,5,12,5,0,0,0,4,7,1,0,185.42,195.58,185.0,28.0,37.0,0,0,0,0,0,0,0,1,0,0,0,0,0,0,0,1,0,0,0,0,0,0,1,0
Red,False,0.015625,0.0,0.45,0.4275,0.25,0.2,0.148468017578125,0.098388671875,0.0,0.0,66.5,29.6875,64.31230545043945,27.34375,89.75,48.0,85.53125,44.41152191162109,2.0,0.75,2.0546875,0.75,51.1875,18.3359375,49.6123046875,16.280410766601562,7.5,5.07647705078125,7.5,5.0,4.5,3.625,4.984375,3.9375,48.6875,17.0,47.11572265625,16.5,5.75,3.75,5.3125,3.4375,5.0625,3.5,3.875,2.5,99.2119140625,94.125,638.5,0,0,0,0,0,0,0,0,0,0,0,0,0,0,170.18,177.8,135.0,0.75,0.0,0.615,0.474375,0.66875,0.3868749999999999,0.0625,1.25,0.625,0.0,68.0,43.0,28.1875,12.9375,117.625,88.4375,41.6875,25.25,5.875,4.25,12.9375,4.8125,55.4375,31.8125,17.5,5.1875,9.0,8.3125,5.6875,3.5,3.5625,2.875,5.0,4.25,41.875,21.625,21.875,8.25,19.5,15.6875,5.25,4.1875,6.625,5.6875,1.0625,0.5,301.5625,303.5,850.0,13,0,0,1,3,3,2,0,0,0,2,0,1,0,177.8,190.5,135.0,29.0,28.0,1,0,0,0,0,0,0,0,0,0,0,0,0,0,0,1,0,0,0,0,0,0,1,0
Red,False,0.015625,0.0,0.45,0.4275,0.25,0.2,0.148468017578125,0.098388671875,0.0,0.0,66.5,29.6875,64.31230545043945,27.34375,89.75,48.0,85.53125,44.41152191162109,2.0,0.75,2.0546875,0.75,51.1875,18.3359375,49.6123046875,16.280410766601562,7.5,5.07647705078125,7.5,5.0,4.5,3.625,4.984375,3.9375,48.6875,17.0,47.11572265625,16.5,5.75,3.75,5.3125,3.4375,5.0625,3.5,3.875,2.5,99.2119140625,94.125,638.5,0,0,0,0,0,0,0,0,0,0,0,0,0,0,165.1,170.18,125.0,0.0,0.25,0.42,0.4175,0.3625,0.225,0.0,0.25,0.0,0.5,93.75,39.75,116.25,49.25,117.0,57.25,148.0,76.0,9.5,3.25,6.0,2.5,66.0,18.5,93.75,35.0,13.0,10.0,14.5,8.5,14.75,11.25,8.0,5.75,80.25,31.25,101.75,40.0,7.75,5.75,9.25,5.5,5.75,2.75,5.25,3.75,198.0,141.5,870.0,9,0,0,3,0,0,3,0,0,0,0,0,0,0,182.88,182.88,185.0,24.0,31.0,0,0,0,1,0,0,0,0,0,0,0,0,0,0,0,1,0,0,0,0,1,0,0,0
Blue,False,1.0,0.625,0.47375,0.24125,0.28125,0.0,0.875,0.0,0.0,0.0,71.25,36.125,85.25,23.5,84.25,47.0,89.5,27.5,1.625,1.125,0.5,0.0,45.625,18.25,67.5,12.375,20.375,13.0,12.0,6.875,5.25,4.875,5.75,4.25,63.125,30.75,79.625,20.75,0.125,0.125,0.25,0.125,8.0,5.25,5.375,2.625,119.75,2.25,552.875,10,0,3,0,3,3,1,0,0,1,1,0,1,0,167.64,167.64,125.0,0.0,0.0,0.53,0.49,0.28,0.0,0.0,0.0,0.0,0.0,91.0,49.0,149.0,74.0,94.0,51.0,152.0,77.0,7.0,2.0,1.0,0.0,76.0,36.0,83.0,27.0,8.0,8.0,38.0,26.0,7.0,5.0,28.0,21.0,91.0,49.0,146.0,72.0,0.0,0.0,1.0,1.0,0.0,0.0,2.0,1.0,25.0,24.0,900.0,3,0,0,1,0,0,1,0,0,0,0,0,0,0,165.1,172.72,125.0,28.0,27.0,0,0,0,1,0,0,0,0,0,0,0,0,0,0,0,1,0,0,0,0,0,0,1,0
Blue,False,1.0625,0.0,0.473125,0.663125,0.6012500000000001,0.105,0.5,0.0625,0.0625,0.5,49.3125,22.0625,51.8125,31.625,51.3125,24.0625,67.625,46.875,3.0,1.5625,1.0625,0.5,44.875,18.5625,44.0625,24.75,4.3125,3.4375,3.125,2.5,0.125,0.0625,4.625,4.375,41.3125,16.5625,33.3125,16.125,3.375,2.1875,4.6875,3.625,4.625,3.3125,13.8125,11.875,128.75,50.9375,423.3125,10,0,4,0,4,4,1,0,0,1,1,1,1,0,195.58,200.66,205.0,0.0,0.28125,0.5615625,0.5733203124999999,0.3927734375,0.0703125,0.77734375,0.0625,1.015625,0.5,12.40625,6.90625,23.26171875,13.3671875,29.39453125,22.2265625,28.90625,17.421875,1.234375,0.6875,0.4765625,0.078125,8.87890625,3.94921875,21.10546875,11.62109375,3.12890625,2.5625,1.9453125,1.60546875,0.3984375,0.39453125,0.2109375,0.140625,6.41015625,2.4921875,4.37109375,1.890625,3.796875,2.71484375,3.1328125,2.46875,2.19921875,1.69921875,15.7578125,9.0078125,82.94140625,38.19921875,161.48828125,12,0,4,0,4,6,3,0,0,0,0,1,5,0,190.5,195.58,205.0,29.0,34.0,0,0,0,0,0,1,0,0,0,0,0,0,0,0,0,1,0,0,0,0,1,0,0,0
Red,False,0.015625,0.0,0.45,0.4275,0.25,0.2,0.148468017578125,0.098388671875,0.0,0.0,66.5,29.6875,64.31230545043945,27.34375,89.75,48.0,85.53125,44.41152191162109,2.0,0.75,2.0546875,0.75,51.1875,18.3359375,49.6123046875,16.280410766601562,7.5,5.07647705078125,7.5,5.0,4.5,3.625,4.984375,3.9375,48.6875,17.0,47.11572265625,16.5,5.75,3.75,5.3125,3.4375,5.0625,3.5,3.875,2.5,99.2119140625,94.125,638.5,0,0,0,0,0,0,0,0,0,0,0,0,0,0,172.72,180.34,145.0,0.5,0.625,0.4325,0.37,0.0,0.3325,1.5,0.0,0.0,0.0,119.375,52.375,134.5,49.0,134.25,66.5,141.75,54.625,0.0,0.0,5.5,1.75,73.125,21.125,103.125,29.25,25.75,13.375,26.0,15.25,20.5,17.875,5.375,4.5,106.0,45.5,124.125,42.625,1.375,0.625,3.125,2.25,12.0,6.25,7.25,4.125,91.625,124.125,859.0,11,0,0,1,1,1,3,0,0,0,0,1,0,0,175.26,175.26,145.0,32.0,25.0,0,0,1,0,0,0,0,0,0,0,0,0,0,0,0,1,0,0,0,0,0,0,0,1
Red,False,0.015625,0.0,0.496640625,0.61671875,0.3271874999999999,0.0909375,1.59375,0.1484375,0.1796875,0.640625,75.90625,33.734375,70.1328125,42.640625,175.0234375,121.1953125,108.4453125,79.1875,3.4375,1.375,1.421875,0.34375,58.8046875,22.0625,47.8359375,23.3359375,9.8828125,6.7421875,10.8125,8.8125,7.21875,4.9296875,11.484375,10.4921875,57.8828125,19.734375,48.6484375,24.6796875,4.0859375,2.8671875,14.953125,12.7734375,13.9375,11.1328125,6.53125,5.1875,406.9375,182.7734375,900.0,24,0,0,3,2,3,5,0,0,1,2,0,0,0,170.18,175.26,115.0,0.250152587890625,0.0,0.4833660888671875,0.3936239624023437,0.101591796875,0.2326171875,0.140625,0.00396728515625,3.0517578125e-05,0.0,210.6167907714844,103.70831298828124,250.75015258789065,99.10885620117188,225.59841918945312,115.50103759765624,275.5276184082031,120.81683349609376,0.636993408203125,0.206298828125,10.21600341796875,0.89764404296875,160.24374389648438,67.764404296875,186.653076171875,54.47134399414063,47.402252197265625,33.172454833984375,41.20941162109375,26.98202514648437,2.970794677734375,2.771453857421875,22.887664794921875,17.655487060546875,184.67691040039065,84.08758544921875,232.9165954589844,86.38580322265625,21.581298828125,16.887847900390625,13.12445068359375,9.1405029296875,4.35858154296875,2.732879638671875,4.7091064453125,3.582550048828125,113.0008544921875,179.21856689453125,1170.8458862304688,45,0,1,0,3,7,9,0,0,0,5,1,0,1,160.02,162.56,115.0,33.0,36.0,0,0,0,0,0,0,0,0,0,0,0,0,0,1,0,0,0,1,0,0,1,0,0,0
Blue,False,0.5,0.625,0.464375,0.398125,0.48375,0.048125,0.5,0.34375,0.28125,1.0625,115.03125,50.0625,108.6875,41.9375,125.78125,59.34375,120.0,52.40625,4.625,2.65625,1.3125,0.3125,87.46875,28.625,85.65625,27.8125,18.875,13.96875,19.125,11.71875,8.6875,7.46875,3.90625,2.40625,104.625,44.4375,99.0,37.625,4.375,2.46875,2.125,1.5,6.03125,3.15625,7.5625,2.8125,178.9375,86.875,701.4375,15,1,0,1,2,3,3,0,0,1,1,1,0,0,172.72,175.26,135.0,0.8125,0.0625,0.4340624999999999,0.4221875,0.28125,0.109375,0.0,0.0625,0.03125,0.0625,166.75,70.1875,140.28125,56.4375,171.625,74.46875,145.28125,61.125,0.75,0.3125,3.78125,0.4375,128.375,45.59375,100.75,25.40625,31.875,19.3125,25.84375,17.90625,6.5,5.28125,13.6875,13.125,155.15625,60.125,130.78125,48.0625,3.875,3.5625,9.125,8.09375,7.71875,6.5,0.375,0.28125,45.875,34.53125,835.125,18,0,0,1,2,4,2,0,0,0,2,2,0,0,172.72,177.8,135.0,35.0,26.0,1,0,0,0,0,0,0,0,0,0,0,0,0,0,0,1,0,0,0,0,0,0,1,0
Red,False,0.0,0.3125,0.5293749999999999,0.4075,0.5,0.160625,1.3125,0.3125,0.375,0.25,158.8125,84.25,146.5,64.625,171.1875,96.0625,180.3125,95.875,8.9375,4.4375,2.4375,0.5,122.0625,54.3125,110.125,37.9375,29.4375,23.1875,32.125,23.25,7.3125,6.75,4.25,3.4375,132.3125,64.0625,110.25,39.375,23.3125,17.5625,22.625,17.75,3.1875,2.625,13.625,7.5,225.5,58.875,837.875,15,0,1,0,3,4,1,0,0,0,2,0,2,0,167.64,167.64,145.0,0.09375,0.25,0.44078125,0.420546875,0.186796875,0.6,0.03125,0.140625,0.015625,0.078125,172.109375,73.21875,183.46875,78.25,185.4375,84.4140625,190.5859375,84.8515625,6.25,0.53125,1.84375,0.9375,125.8671875,39.875,142.3515625,49.359375,32.4765625,22.125,27.640625,16.9765625,13.765625,11.21875,13.4765625,11.9140625,161.203125,64.7109375,159.6171875,65.1484375,5.734375,4.21875,5.046875,3.3125,5.171875,4.2890625,18.8046875,9.7890625,63.453125,123.65625,1167.640625,22,0,0,1,6,6,2,0,0,2,2,1,1,0,170.18,180.34,145.0,34.0,29.0,0,0,1,0,0,0,0,0,0,0,0,0,0,0,0,0,0,1,0,0,1,0,0,0
Red,False,0.015625,0.0,0.45,0.4275,0.25,0.2,0.148468017578125,0.098388671875,0.0,0.0,66.5,29.6875,64.31230545043945,27.34375,89.75,48.0,85.53125,44.41152191162109,2.0,0.75,2.0546875,0.75,51.1875,18.3359375,49.6123046875,16.280410766601562,7.5,5.07647705078125,7.5,5.0,4.5,3.625,4.984375,3.9375,48.6875,17.0,47.11572265625,16.5,5.75,3.75,5.3125,3.4375,5.0625,3.5,3.875,2.5,99.2119140625,94.125,638.5,0,0,0,0,0,0,0,0,0,0,0,0,0,0,170.18,177.8,155.0,0.25,0.25,0.521875,0.3128125,0.03125,0.0693749999999999,0.0,0.03125,0.0,0.0,139.53125,67.875,112.90625,30.65625,144.0625,72.15625,117.28125,34.46875,0.15625,0.03125,4.4375,0.59375,127.53125,58.65625,102.8125,23.90625,10.5,7.875,6.6875,4.03125,1.5,1.34375,3.40625,2.71875,132.1875,63.09375,107.8125,25.75,2.4375,1.8125,2.09375,2.03125,4.90625,2.96875,3.0,2.875,15.90625,42.40625,622.0,15,0,0,1,3,4,2,0,0,0,3,1,0,0,177.8,182.88,155.0,26.0,25.0,0,0,0,0,0,0,1,0,0,0,0,0,0,0,0,1,0,0,0,0,0,0,1,0
Blue,False,0.0,0.0,0.4046875,0.37546875,0.13125,0.2728125,0.0,0.0,0.0,0.0,137.59375,56.828125,230.15625,85.75,147.46875,65.984375,238.609375,93.109375,0.71875,0.28125,0.6875,0.375,121.53125,45.15625,182.15625,48.984375,10.671875,8.359375,25.859375,19.484375,5.390625,3.3125,22.140625,17.28125,126.484375,49.359375,209.578125,69.03125,10.625,7.15625,20.0625,16.34375,0.484375,0.3125,0.515625,0.375,60.90625,76.53125,847.625,20,0,0,1,3,4,3,0,0,0,4,0,0,0,165.1,170.18,125.0,0.0,0.00048828125,0.4207666015625,0.507919921875,0.0109765625,0.6062255859375,0.595703125,0.50390625,0.017578125,0.001953125,82.76904296875,32.12548828125,72.6826171875,33.32568359375,137.087890625,82.576171875,89.31982421875,48.5703125,0.412109375,0.064453125,3.5361328125,1.97998046875,68.71728515625,21.55859375,54.56591796875,19.24609375,4.97509765625,3.4296875,8.6904296875,6.1796875,9.07666015625,7.13720703125,9.42626953125,7.89990234375,78.3525390625,28.35791015625,60.724609375,24.0546875,2.93603515625,2.44482421875,2.82373046875,2.32275390625,1.48046875,1.32275390625,9.13427734375,6.9482421875,10.54736328125,402.8955078125,715.05078125,30,0,0,2,2,5,7,0,0,1,1,1,2,0,170.18,170.18,125.0,28.0,33.0,0,0,0,0,0,0,0,0,0,0,0,0,1,0,0,0,0,1,0,0,1,0,0,0
Red,False,0.0,0.5,0.52,0.525,0.33,0.0,0.5,0.0,0.0,0.0,18.0,11.0,13.0,9.5,37.5,26.0,24.0,20.5,2.0,1.0,0.0,0.0,15.0,8.5,12.5,9.5,1.5,1.0,0.5,0.0,1.5,1.5,0.0,0.0,7.0,3.5,5.0,2.0,0.0,0.0,0.0,0.0,11.0,7.5,8.0,7.5,189.5,5.5,238.5,3,0,0,1,1,1,1,0,0,0,0,0,1,0,177.8,177.8,170.0,1.0,0.0,0.5,0.42,1.0,0.0,1.0,0.0,0.0,0.0,233.0,118.0,182.0,77.0,237.0,122.0,197.0,89.0,2.0,2.0,1.0,0.0,186.0,79.0,165.0,61.0,23.0,16.0,9.0,8.0,24.0,23.0,8.0,8.0,218.0,107.0,179.0,76.0,8.0,7.0,2.0,1.0,7.0,4.0,1.0,0.0,166.0,0.0,900.0,3,0,1,0,1,1,0,0,0,0,1,0,0,0,185.42,190.5,170.0,34.0,28.0,0,0,0,0,0,0,0,0,0,1,0,0,0,0,0,1,0,0,0,0,0,0,0,1
Red,False,0.0,0.0,0.2,0.33,1.0,0.0,0.0,1.0,0.0,0.0,5.0,1.0,3.0,1.0,5.0,1.0,3.0,1.0,1.0,1.0,0.0,0.0,3.0,0.0,2.0,0.0,1.0,0.0,0.0,0.0,1.0,1.0,1.0,1.0,5.0,1.0,3.0,1.0,0.0,0.0,0.0,0.0,0.0,0.0,0.0,0.0,12.0,0.0,39.0,1,0,0,1,0,0,1,0,0,0,0,0,0,0,170.18,177.8,135.0,0.0,0.5,0.4786643981933594,0.521165771484375,0.2665873718261718,0.534237060546875,0.456298828125,0.5390625,0.5706939697265625,0.521728515625,75.34922790527344,26.630630493164062,80.53337097167969,43.493255615234375,105.49453735351562,51.18893432617188,138.1151885986328,94.85723876953124,5.56170654296875,1.2501373291015625,2.364898681640625,1.590972900390625,58.998046875,14.290802001953123,64.32766723632812,30.65327453613281,8.377243041992188,6.2499542236328125,14.3492431640625,11.499343872070312,7.97393798828125,6.089874267578125,1.8564605712890625,1.34063720703125,70.63038635253906,23.02168273925781,49.18489074707031,15.578048706054688,1.16741943359375,0.5819244384765625,0.5729522705078125,0.5494384765625,3.551422119140625,3.0270233154296875,30.77552795410156,27.365768432617188,191.87689208984372,274.7506866455078,764.2143249511719,42,0,1,0,4,11,6,0,0,1,4,0,6,0,167.64,170.18,135.0,33.0,36.0,1,0,0,0,0,0,0,0,0,0,0,0,0,0,0,1,0,0,0,0,1,0,0,0
Blue,False,0.0,0.0,0.49,0.5700000000000001,0.125,0.09,0.0,0.5,0.0,0.0,53.5,26.0,96.0,55.5,61.5,33.0,104.5,64.0,2.0,0.5,6.0,1.0,35.5,14.0,49.0,21.5,7.5,4.0,34.0,23.5,10.5,8.0,13.0,10.5,43.0,18.0,63.0,29.0,10.0,8.0,25.5,19.5,0.5,0.0,7.5,7.0,80.5,177.0,823.0,6,0,0,2,0,0,2,0,0,0,0,0,0,0,160.02,165.1,115.0,0.0471682548522949,0.0,0.45,0.4217682266235352,0.25,0.19173828125,0.1875,0.125,0.0,0.0,69.5,30.5,66.984375,27.8466796875,94.0,48.544921875,88.50390625,44.75,2.0,0.8125,2.015625,0.6640625,54.0,19.01513671875,51.483436584472656,16.9437255859375,7.91796875,5.430633544921875,7.75,5.0625,4.780975341796875,3.9373779296875,4.8994140625,3.84375,51.025390625,18.400863647460938,50.515625,17.5,5.75,3.75,5.5,3.5,5.375,3.6875,4.0,2.65625,104.865234375,89.5,655.8441009521484,0,0,0,0,0,0,0,0,0,0,0,0,0,0,165.1,170.18,115.0,35.0,25.0,0,0,0,0,0,0,0,0,0,0,0,0,0,1,0,0,0,1,0,0,1,0,0,0
Red,False,0.0,0.0,0.4859374999999999,0.3818749999999999,0.216875,0.0765625,0.15625,0.0,0.125,0.0625,206.90625,97.90625,222.875,87.375,209.03125,99.875,229.53125,92.40625,3.40625,1.125,3.5625,1.0625,154.34375,55.4375,166.25,45.03125,33.375,24.90625,21.53125,10.375,19.1875,17.5625,35.09375,31.96875,201.375,93.84375,218.40625,83.9375,4.5,3.09375,2.90625,2.15625,1.03125,0.96875,1.5625,1.28125,68.34375,45.09375,810.375,16,0,2,0,3,5,1,0,0,0,4,0,1,0,170.18,172.72,140.0,0.125,1.0,0.37609375,0.45875,0.1190624999999999,0.195625,0.015625,0.0,0.140625,0.0,171.4375,59.53125,141.359375,56.390625,177.34375,64.859375,148.5625,63.265625,5.875,0.90625,4.921875,0.96875,142.0625,37.8125,109.53125,31.984375,13.46875,8.65625,13.5,8.4375,15.90625,13.0625,18.328125,15.96875,165.671875,55.6875,130.453125,49.328125,3.71875,2.578125,4.71875,2.125,2.046875,1.265625,6.1875,4.9375,42.78125,26.09375,1004.03125,28,6,5,0,5,5,2,0,0,1,3,1,0,0,172.72,172.72,135.0,29.0,35.0,1,0,0,0,0,0,0,0,0,0,0,0,0,0,0,0,0,1,0,0,1,0,0,0
Blue,False,0.0,0.0,0.4649999999999999,0.3349999999999999,0.75,0.165,0.5,0.5,0.0,0.0,123.0,60.5,63.5,21.0,137.5,73.0,77.5,31.5,3.0,2.0,3.0,1.0,101.0,44.0,52.5,13.0,13.5,9.0,8.5,6.0,8.5,7.5,2.5,2.0,82.5,35.5,58.5,18.5,7.5,5.5,1.5,0.5,33.0,19.5,3.5,2.0,248.5,76.0,622.0,5,0,2,0,2,2,0,0,0,0,1,1,0,0,172.72,182.88,135.0,0.1875,0.0,0.41875,0.4746875,0.09375,0.4325,0.0625,0.0,0.25,0.0,144.03125,65.40625,114.96875,61.34375,161.84375,81.15625,147.875,92.4375,0.65625,0.15625,4.59375,2.25,123.71875,49.9375,76.59375,32.5,11.125,7.6875,23.46875,16.625,9.1875,7.78125,14.90625,12.21875,124.75,52.40625,90.78125,44.40625,16.28125,11.0,15.0,10.375,3.0,2.0,9.1875,6.5625,66.4375,197.3125,773.46875,13,0,4,0,4,5,1,0,0,0,2,2,1,0,172.72,170.18,145.0,25.0,23.0,1,0,0,0,0,0,0,0,0,0,0,0,0,0,0,1,0,0,0,0,1,0,0,0
Blue,True,0.0,0.03515625,0.5821240234375,0.420787353515625,0.03421875,0.07447509765625,1.1280517578125,0.0001220703125,0.03125,0.00390625,122.3197021484375,63.0595703125,84.7186279296875,31.8128662109375,134.4097900390625,74.245849609375,89.5230712890625,36.1195068359375,4.0145263671875,0.2379150390625,0.3857421875,0.23779296875,82.13720703125,38.443115234375,53.193359375,13.109130859375,27.5150146484375,15.8223876953125,19.3851318359375,9.234130859375,12.66748046875,8.7940673828125,12.14013671875,9.4696044921875,112.2991943359375,56.7625732421875,80.7550048828125,29.4266357421875,7.7552490234375,4.4852294921875,3.818603515625,2.284423828125,2.2652587890625,1.811767578125,0.14501953125,0.101806640625,75.1146240234375,47.9835205078125,457.142578125,36,0,4,0,5,11,3,0,0,0,6,1,4,0,170.18,180.34,135.0,1.53125,0.0625,0.53953125,0.4090625,0.5896875,0.0178125,0.03125,0.0,0.015625,0.0,222.75,126.828125,132.875,58.953125,261.375,163.53125,136.15625,62.21875,2.328125,1.34375,2.296875,0.140625,186.0,96.984375,91.515625,30.140625,30.296875,23.859375,26.34375,17.28125,6.453125,5.984375,15.015625,11.53125,153.96875,67.8125,126.859375,55.0,13.03125,10.765625,5.359375,3.328125,55.75,48.25,0.65625,0.625,183.984375,13.890625,1067.5625,20,1,7,0,7,7,0,0,0,0,3,4,0,0,170.18,170.18,135.0,31.0,28.0,1,0,0,0,0,0,0,0,0,0,0,0,0,0,0,1,0,0,0,0,0,0,0,1
Red,True,1.05078125,0.0,0.5284765625,0.42078125,0.0,0.0095703125,0.1328125,0.0,0.0,0.0625,108.625,54.90234375,68.109375,27.28125,109.4609375,55.73046875,68.6328125,27.67578125,0.01953125,0.0,1.59765625,0.08984375,71.796875,24.96875,48.6015625,13.6484375,12.01171875,7.0859375,9.4140625,6.6953125,24.81640625,22.84765625,10.09375,6.9375,100.421875,48.62109375,65.9609375,25.76953125,1.9296875,1.34375,2.1328125,1.49609375,6.2734375,4.9375,0.015625,0.015625,8.6171875,9.765625,852.30078125,28,4,9,0,9,9,0,0,0,1,4,4,0,0,193.04,203.2,185.0,0.8251953125,0.03125,0.456121826171875,0.4038763427734375,0.0228076171875,0.0476806640625,0.0177001953125,0.015625,0.0,0.000244140625,80.32763671875,36.39410400390625,45.585693359375,18.84967041015625,85.80523681640625,41.7081298828125,51.2593994140625,23.98870849609375,0.11895751953125,0.0430908203125,1.0169677734375,0.05224609375,61.3848876953125,21.930908203125,30.156494140625,7.75567626953125,8.977294921875,5.720458984375,6.12725830078125,2.9334716796875,9.9654541015625,8.74273681640625,9.30194091796875,8.1605224609375,73.918701171875,31.89178466796875,43.92779541015625,17.6785888671875,3.7025146484375,2.37774658203125,0.81304931640625,0.66424560546875,2.7064208984375,2.12457275390625,0.8448486328125,0.5068359375,9.81744384765625,79.62225341796875,587.8077392578125,39,1,1,0,4,10,5,0,0,1,3,4,2,0,187.96,198.12,205.0,31.0,38.0,0,0,0,0,0,1,0,0,0,0,0,0,0,0,0,0,0,0,1,0,1,0,0,0
Blue,False,0.71875,0.0625,0.621875,0.4659375,0.0509375,0.004375,0.25,0.0,0.0,0.0,78.125,47.625,51.34375,22.8125,139.3125,105.125,82.34375,53.25,2.4375,0.34375,1.59375,0.0625,52.5,24.5625,38.09375,11.375,9.78125,8.59375,5.1875,3.5,15.84375,14.46875,8.0625,7.9375,56.375,29.8125,41.15625,16.25,7.1875,6.25,7.125,5.0625,14.5625,11.5625,3.0625,1.5,434.28125,32.125,752.4375,14,0,4,0,4,5,1,0,0,0,3,2,0,0,193.04,198.12,205.0,0.7604007720947266,0.0084228515625,0.5053745841979981,0.6426868057250976,0.1836968994140625,0.3056504821777343,0.015625,1.0471248626708984,0.03515625,0.0,99.1227321624756,44.54456901550293,66.52215576171875,43.532583236694336,123.85350036621094,67.23523712158203,126.15313720703124,95.58104515075684,0.458078384399414,0.266143798828125,4.360507965087891,2.19485855102539,68.93844032287598,28.633686065673828,48.02346229553223,28.7924861907959,10.809316635131836,4.301019668579102,7.379726409912109,5.7528839111328125,19.374975204467773,11.60986328125,11.118967056274414,8.987213134765625,68.5689582824707,23.81578254699707,33.49921417236328,18.48243522644043,5.238101959228516,3.242740631103516,3.2476577758789062,2.3999977111816406,25.315671920776367,17.486045837402344,29.77528381347656,22.650150299072266,58.49700164794922,293.7103900909424,876.800666809082,40,1,0,1,4,13,7,0,0,0,2,11,0,0,187.96,193.04,205.0,29.0,37.0,0,0,0,0,0,1,0,0,0,0,0,0,0,0,0,1,0,0,0,0,1,0,0,0
Blue,False,0.0,0.25,0.5625,0.4625,0.155,0.5675,0.0,0.0,0.75,0.25,84.75,46.25,79.25,36.25,98.75,59.25,104.75,59.0,12.0,2.0,4.0,1.5,73.25,35.75,54.0,19.25,3.0,2.5,18.5,12.0,8.5,8.0,6.75,5.0,68.5,33.5,66.25,28.25,6.25,5.5,6.25,4.0,10.0,7.25,6.75,4.0,276.5,195.0,900.0,9,0,0,1,2,2,1,0,0,0,2,0,0,0,167.64,170.18,125.0,0.1876258850097656,1.2579345703125,0.5449652290344238,0.6622617912292481,0.0550611305236816,0.3478982543945312,0.0002632141113281,2.25,0.125244140625,0.0625,63.249210357666016,31.083309173583984,49.60549354553223,31.09520149230957,70.81346893310547,37.59082221984863,55.461124420166016,36.6024227142334,1.540719985961914,0.5049571990966797,1.303302764892578,0.6189498901367188,40.61771774291992,16.48520278930664,41.81930160522461,24.817615509033203,11.647455215454102,7.451547622680664,7.492101669311523,6.074134826660156,10.984037399291992,7.14655876159668,0.2940902709960937,0.2034511566162109,56.86946487426758,27.09872436523437,33.812191009521484,16.095367431640625,4.970647811889648,3.051511764526367,2.4591293334960938,2.2921810150146484,1.409097671508789,0.9330730438232422,13.334173202514648,12.707653045654297,50.75162124633789,93.56212425231934,413.0396842956543,48,3,3,0,6,15,5,0,0,1,8,5,1,0,162.56,165.1,125.0,28.0,36.0,0,0,0,1,0,0,0,0,0,0,0,0,0,0,0,1,0,0,0,0,0,0,1,0
Red,True,0.5,0.0,0.498125,0.415,0.125,0.25875,0.25,0.1875,0.5625,0.25,16.4375,8.1875,17.9375,8.875,34.375,25.3125,39.375,27.25,1.0,0.25,2.25,0.875,14.0,6.8125,10.875,4.3125,2.4375,1.375,4.0,2.75,0.0,0.0,3.0625,1.8125,10.5625,4.125,10.1875,2.5,2.125,1.5625,4.25,3.5,3.75,2.5,3.5,2.875,58.0,136.3125,250.3125,7,0,0,1,2,3,2,0,0,0,0,2,1,0,182.88,182.88,145.0,0.25146484375,0.0,0.5198291015625,0.428233642578125,0.633231201171875,0.005947265625,1.0087890625,0.250732421875,0.0,0.001953125,170.2108154296875,90.3916015625,94.584716796875,35.8212890625,213.79296875,125.3968505859375,136.8037109375,72.43798828125,6.637939453125,5.1295166015625,3.853271484375,0.033935546875,136.6878662109375,65.3922119140625,73.3140869140625,19.2943115234375,14.47705078125,9.4871826171875,9.2652587890625,6.84765625,19.0458984375,15.51220703125,12.00537109375,9.6793212890625,112.78759765625,56.0877685546875,80.2686767578125,27.1787109375,2.530029296875,1.934814453125,8.1795654296875,5.27734375,54.8931884765625,32.3690185546875,6.136474609375,3.365234375,530.2392578125,33.670166015625,1228.584716796875,34,8,2,0,11,13,1,0,0,1,3,7,2,0,172.72,175.26,145.0,31.0,32.0,0,0,0,0,0,0,0,0,0,0,0,1,0,0,0,1,0,0,0,0,1,0,0,0
Red,False,0.388671875,0.0,0.469420166015625,0.4209600830078125,0.031591796875,0.3411578369140625,0.0001220703125,0.098388671875,0.0,0.01953125,95.99322509765624,42.1259765625,68.90057373046875,24.63958740234375,101.3607177734375,46.9869384765625,73.6173095703125,29.288330078125,0.18060302734375,0.0673828125,3.02996826171875,1.6744384765625,82.55108642578125,32.88763427734375,55.364013671875,15.5419921875,7.69122314453125,4.7169189453125,11.87322998046875,8.01904296875,5.75091552734375,4.52142333984375,1.663330078125,1.07855224609375,85.18658447265625,33.2042236328125,62.77264404296875,20.0989990234375,6.55426025390625,4.88812255859375,4.61328125,3.29547119140625,4.25238037109375,4.03363037109375,1.5146484375,1.2451171875,27.59954833984375,56.83709716796875,391.523193359375,29,0,0,2,3,9,6,0,0,0,3,5,1,0,172.72,177.8,155.0,0.5625,0.0078125,0.51875,0.2390625,0.2865625,0.02,0.1640625,0.0625,0.03125,0.0625,57.7421875,27.875,43.734375,8.3125,96.8828125,61.9921875,68.0234375,31.359375,3.1328125,1.3671875,3.5625,0.25,48.1953125,20.0859375,29.515625,3.96875,7.03125,5.5234375,11.890625,2.8515625,2.515625,2.265625,2.328125,1.4921875,42.21875,16.4296875,40.125,5.3046875,3.640625,3.5703125,3.4765625,2.90625,11.8828125,7.875,0.1328125,0.1015625,274.171875,44.03125,760.53125,17,0,1,0,6,7,1,0,0,0,4,1,2,0,177.8,177.8,155.0,32.0,29.0,0,0,0,0,0,0,1,0,0,0,0,0,0,0,0,0,0,1,0,0,0,0,1,0
Red,False,0.0,0.0,0.4181249999999999,0.369375,0.185625,0.125,0.0,0.1875,0.0,0.0,135.8125,60.0,109.4375,45.25,153.0625,75.5,113.9375,49.0,1.5,0.5625,1.375,0.125,102.0,32.6875,70.75,19.75,15.125,11.625,14.5625,7.0625,18.6875,15.6875,24.125,18.4375,115.625,44.1875,99.8125,40.5,14.6875,11.3125,9.625,4.75,5.5,4.5,0.0,0.0,38.1875,70.875,755.5625,11,0,1,0,1,2,3,0,0,0,2,0,0,0,167.64,175.26,125.0,0.0001220703125,0.0,0.450472412109375,0.472388916015625,0.23367431640625,0.5215893554687501,1.07958984375,1.6064453125,0.8359375,0.2882080078125,110.865966796875,46.3450927734375,90.250732421875,41.755859375,137.4373779296875,71.168212890625,100.1522216796875,51.1326904296875,10.7625732421875,2.0863037109375,2.2857666015625,0.805419921875,65.3936767578125,20.250244140625,73.3895263671875,29.818603515625,24.8863525390625,11.271728515625,12.7840576171875,8.126708984375,20.5859375,14.8231201171875,4.0771484375,3.810546875,89.5953369140625,30.794677734375,78.3470458984375,34.393798828125,14.7406005859375,9.78955078125,9.181396484375,5.439453125,6.530029296875,5.7608642578125,2.7222900390625,1.922607421875,172.251708984375,80.5167236328125,727.81640625,36,1,0,1,2,5,9,0,0,0,4,0,1,0,170.18,167.64,125.0,31.0,34.0,0,0,0,1,0,0,0,0,0,0,0,0,0,0,0,1,0,0,0,0,0,0,1,0
Blue,False,0.5,0.0,0.645,0.5549999999999999,1.0,0.0,0.25,0.0,0.0,0.0,94.0,60.5,97.0,54.75,106.5,72.0,144.5,98.75,1.5,1.5,0.5,0.0,67.25,37.75,71.0,33.75,21.0,17.0,18.0,14.0,5.75,5.75,8.0,7.0,66.0,38.5,65.25,29.5,20.25,16.75,31.25,25.0,7.75,5.25,0.5,0.25,114.5,230.0,624.0,6,0,0,1,2,2,1,0,0,0,1,0,1,0,162.56,165.1,115.0,0.0,0.0,0.5225,0.33375,0.4649999999999999,0.1875,0.5,0.0,0.0,0.0,61.875,32.875,116.125,38.5,82.75,53.125,158.0,76.75,4.125,1.625,1.5,0.75,35.125,12.125,93.875,26.875,11.125,7.375,14.25,7.625,15.625,13.375,8.0,4.0,48.375,24.375,104.625,32.0,6.75,4.875,9.5,4.875,6.75,3.625,2.0,1.625,124.875,219.75,797.625,10,0,2,0,2,3,1,0,0,1,1,0,1,0,160.02,160.02,115.0,33.0,29.0,0,0,0,0,0,0,0,0,0,0,0,0,0,1,0,0,0,1,0,0,1,0,0,0
Blue,False,0.59375,1.03125,0.45875,0.4265625,0.07125,0.013125,0.0,0.59375,0.03125,0.03125,135.0,50.9375,128.46875,49.71875,138.28125,53.34375,136.40625,56.65625,1.78125,0.125,1.78125,0.09375,111.15625,32.84375,110.71875,36.46875,9.15625,5.375,12.21875,8.6875,14.6875,12.71875,5.53125,4.5625,127.0,46.8125,122.5625,46.375,4.0,1.90625,5.09375,2.6875,4.0,2.21875,0.8125,0.65625,69.4375,67.25,624.0,17,0,3,0,3,4,2,0,0,1,3,0,0,0,162.56,175.26,125.0,0.0,0.0,0.485,0.5825,0.1825,0.385,0.5,0.0,0.25,0.0,33.0,16.5,50.75,32.75,43.75,27.0,68.5,48.25,3.0,0.75,11.5,6.0,25.75,9.75,39.75,23.5,5.5,5.25,10.5,8.75,1.75,1.5,0.5,0.5,27.5,11.5,26.75,12.0,4.75,4.25,12.0,9.5,0.75,0.75,12.0,11.25,115.75,375.5,719.0,7,0,2,0,2,2,1,0,0,1,0,0,0,1,165.1,170.18,125.0,27.0,28.0,0,0,0,1,0,0,0,0,0,0,0,0,0,0,0,1,0,0,0,0,1,0,0,0
Red,False,0.0,0.0,0.16,0.68,0.0,0.0,0.0,0.0,0.0,0.0,12.0,2.0,29.0,20.0,12.0,2.0,38.0,29.0,1.0,0.0,0.0,0.0,4.0,2.0,27.0,19.0,4.0,0.0,1.0,0.0,4.0,0.0,1.0,1.0,12.0,2.0,6.0,2.0,0.0,0.0,5.0,4.0,0.0,0.0,18.0,14.0,5.0,7.0,85.0,1,0,0,1,0,0,1,0,0,0,0,0,0,0,182.88,198.12,145.0,0.0471682548522949,0.0,0.45,0.4217682266235352,0.25,0.19173828125,0.1875,0.125,0.0,0.0,69.5,30.5,66.984375,27.8466796875,94.0,48.544921875,88.50390625,44.75,2.0,0.8125,2.015625,0.6640625,54.0,19.01513671875,51.483436584472656,16.9437255859375,7.91796875,5.430633544921875,7.75,5.0625,4.780975341796875,3.9373779296875,4.8994140625,3.84375,51.025390625,18.400863647460938,50.515625,17.5,5.75,3.75,5.5,3.5,5.375,3.6875,4.0,2.65625,104.865234375,89.5,655.8441009521484,0,0,0,0,0,0,0,0,0,0,0,0,0,0,185.42,180.34,155.0,31.0,27.0,0,0,0,0,0,0,1,0,0,0,0,0,0,0,0,0,0,0,1,0,0,0,1,0
Red,False,0.015625,0.0,0.45,0.4275,0.25,0.2,0.148468017578125,0.098388671875,0.0,0.0,66.5,29.6875,64.31230545043945,27.34375,89.75,48.0,85.53125,44.41152191162109,2.0,0.75,2.0546875,0.75,51.1875,18.3359375,49.6123046875,16.280410766601562,7.5,5.07647705078125,7.5,5.0,4.5,3.625,4.984375,3.9375,48.6875,17.0,47.11572265625,16.5,5.75,3.75,5.3125,3.4375,5.0625,3.5,3.875,2.5,99.2119140625,94.125,638.5,0,0,0,0,0,0,0,0,0,0,0,0,0,0,193.04,195.58,205.0,0.0,0.0,0.475,0.38,0.0,0.23,0.0,1.0,0.0,0.5,97.5,45.0,105.5,42.5,101.5,48.5,110.0,47.0,0.0,0.0,13.0,2.5,83.0,35.5,65.5,13.5,13.0,8.5,14.5,10.0,1.5,1.0,25.5,19.0,78.0,29.0,91.0,34.5,3.5,3.5,13.0,7.0,16.0,12.5,1.5,1.0,132.0,113.5,880.0,6,0,0,1,1,1,1,0,0,0,1,0,0,0,195.58,210.82,205.0,30.0,28.0,0,0,0,0,0,1,0,0,0,0,0,0,0,0,0,1,0,0,0,0,0,0,1,0
Red,False,0.78125,0.00048828125,0.462264404296875,0.308778076171875,0.43866943359375,0.0128515625,0.111572265625,0.0823974609375,0.0703125,0.0938720703125,116.85791015625,54.813232421875,92.4420166015625,29.6358642578125,141.15966796875,76.1466064453125,112.5213623046875,46.5892333984375,3.2613525390625,1.6068115234375,0.8226318359375,0.0185546875,106.243408203125,47.30029296875,71.52392578125,17.5201416015625,7.3939208984375,4.7645263671875,11.1478271484375,5.4857177734375,3.2205810546875,2.7484130859375,9.770263671875,6.6300048828125,86.6412353515625,36.5101318359375,78.8939208984375,19.8436279296875,2.9339599609375,2.516357421875,8.376708984375,6.042236328125,27.28271484375,15.7867431640625,5.17138671875,3.75,291.2689208984375,12.0167236328125,861.528564453125,34,0,2,0,3,10,4,0,0,1,4,0,4,1,180.34,185.42,170.0,0.25,0.0,0.5475000000000001,0.4,0.775,0.0,1.25,0.0,0.0,0.0,105.25,58.5,114.0,44.0,157.25,100.75,120.25,50.0,4.0,2.5,1.75,0.0,80.25,36.75,88.5,24.75,5.0,3.25,11.25,6.5,20.0,18.5,14.25,12.75,96.0,51.0,109.75,41.5,1.75,1.0,4.25,2.5,7.5,6.5,0.0,0.0,194.0,25.5,653.5,8,0,3,0,3,3,0,0,0,0,2,0,1,0,177.8,182.88,170.0,26.0,28.0,0,0,0,0,0,0,0,0,0,1,0,0,0,0,0,1,0,0,0,0,1,0,0,0
Blue,False,1.0,1.0,0.52,0.7,0.5,0.0,0.0,0.0,0.0,0.0,50.0,26.0,93.0,66.0,55.0,31.0,93.0,66.0,2.0,1.0,0.0,0.0,44.0,21.0,50.0,28.0,3.0,3.0,29.0,25.0,3.0,2.0,14.0,13.0,32.0,11.0,86.0,60.0,1.0,1.0,7.0,6.0,17.0,14.0,0.0,0.0,47.0,1.0,419.0,2,0,0,1,0,0,1,0,0,0,0,0,0,0,170.18,177.8,140.0,0.5,0.25,0.335,0.3399999999999999,0.25,0.225,0.0,0.5,0.0,0.0,103.0,43.5,85.5,34.5,116.75,56.25,89.0,37.25,0.75,0.25,1.75,0.75,87.0,33.0,74.75,26.25,10.75,7.5,5.5,4.0,5.25,3.0,5.25,4.25,90.75,32.75,79.25,29.25,7.25,6.25,4.5,4.25,5.0,4.5,1.75,1.0,29.25,34.25,478.25,6,0,0,1,2,2,1,0,0,0,1,1,0,0,175.26,175.26,135.0,30.0,27.0,1,0,0,0,0,0,0,0,0,0,0,0,0,0,0,0,0,1,0,0,0,0,0,1
Blue,False,0.625,0.0,0.61875,0.26875,0.125,0.0,0.25,0.0,0.0,0.0,103.75,59.375,63.75,17.875,106.125,61.625,65.875,19.625,0.75,0.375,0.75,0.0,60.875,22.625,49.5,8.625,22.375,18.25,6.5,3.625,20.5,18.5,7.75,5.625,93.125,51.0,62.875,17.5,8.0,6.875,0.875,0.375,2.625,1.5,0.0,0.0,33.75,0.375,594.25,9,0,4,0,4,4,0,0,0,0,1,1,2,0,193.04,205.74,245.0,0.75,0.25,0.7050000000000001,0.520625,0.0,0.0353125,0.0,0.0,0.03125,0.0,61.90625,34.40625,39.8125,23.5625,64.625,37.125,43.8125,27.1875,0.0,0.0,1.4375,0.3125,43.6875,19.1875,24.15625,10.53125,3.53125,2.53125,9.71875,8.34375,14.6875,12.6875,5.9375,4.6875,49.375,25.375,35.03125,19.21875,3.53125,2.53125,1.1875,1.15625,9.0,6.5,3.59375,3.1875,5.875,68.96875,468.65625,12,0,4,0,4,5,1,0,0,0,0,5,0,0,193.04,198.12,242.0,30.0,32.0,0,0,0,0,1,0,0,0,0,0,0,0,0,0,0,1,0,0,0,0,1,0,0,0
Blue,False,0.015625,0.0,0.45,0.4275,0.25,0.2,0.148468017578125,0.098388671875,0.0,0.0,66.5,29.6875,64.31230545043945,27.34375,89.75,48.0,85.53125,44.41152191162109,2.0,0.75,2.0546875,0.75,51.1875,18.3359375,49.6123046875,16.280410766601562,7.5,5.07647705078125,7.5,5.0,4.5,3.625,4.984375,3.9375,48.6875,17.0,47.11572265625,16.5,5.75,3.75,5.3125,3.4375,5.0625,3.5,3.875,2.5,99.2119140625,94.125,638.5,0,0,0,0,0,0,0,0,0,0,0,0,0,0,172.72,172.72,135.0,0.0,0.0,0.5,0.52,0.0,0.71,0.0,0.0,0.0,0.0,152.0,76.0,196.0,103.0,201.0,121.0,209.0,113.0,2.0,0.0,7.0,5.0,127.0,58.0,143.0,58.0,15.0,10.0,44.0,37.0,10.0,8.0,9.0,8.0,132.0,62.0,164.0,78.0,17.0,11.0,30.0,23.0,3.0,3.0,2.0,2.0,28.0,347.0,900.0,3,0,0,1,0,0,1,0,0,0,0,0,0,0,167.64,172.72,145.0,28.0,31.0,1,0,0,0,0,0,0,0,0,0,0,0,0,0,0,0,0,0,1,0,1,0,0,0
Blue,False,0.0,0.125,0.3,0.459375,0.37125,0.381875,1.0625,0.125,0.0,0.5,85.125,30.375,138.4375,63.3125,90.25,34.8125,154.5,76.9375,3.125,1.25,3.0,1.375,71.6875,20.5,82.375,22.375,5.8125,3.6875,34.125,23.375,7.625,6.1875,21.9375,17.5625,81.375,27.375,127.5625,56.6875,1.3125,1.0625,3.9375,2.8125,2.4375,1.9375,6.9375,3.8125,87.9375,113.0625,756.25,14,0,0,1,2,3,2,0,0,0,2,0,1,0,175.26,177.8,155.0,0.53125,0.0625,0.4490625,0.3703124999999999,0.1625,0.0728125,0.0,0.03125,0.03125,0.0,73.875,30.65625,67.71875,28.09375,77.84375,34.34375,69.71875,30.09375,1.8125,0.875,0.25,0.125,51.34375,16.78125,54.90625,19.5625,16.84375,8.75,7.5625,4.3125,5.6875,5.125,5.25,4.21875,68.375,26.625,61.875,24.15625,4.46875,3.34375,4.8125,3.03125,1.03125,0.6875,1.03125,0.90625,34.125,11.90625,368.875,12,0,2,0,2,4,2,0,0,0,2,2,0,0,175.26,182.88,155.0,25.0,28.0,0,0,0,0,0,0,1,0,0,0,0,0,0,0,0,1,0,0,0,0,1,0,0,0
Red,False,0.033203125,0.53125,0.438515625,0.38109375,0.337109375,0.1825,0.5,0.0,0.0,0.0,115.5625,51.033203125,117.1328125,44.009765625,140.68359375,74.509765625,139.650390625,66.02734375,2.560546875,1.04296875,4.232421875,0.75,73.990234375,22.056640625,90.35546875,23.287109375,18.080078125,12.55078125,18.24609375,13.40625,23.4921875,16.42578125,8.53125,7.31640625,98.83984375,38.51953125,101.53515625,32.791015625,13.146484375,9.44921875,12.78515625,9.9375,3.576171875,3.064453125,2.8125,1.28125,92.94140625,163.271484375,871.322265625,26,0,5,0,5,7,3,0,0,1,5,1,0,0,162.56,172.72,135.0,0.28125,0.0,0.463828125,0.402960205078125,0.0174072265625,0.1283642578125,0.04638671875,0.0,0.0078125,0.0,262.3446044921875,119.8150634765625,288.8780517578125,118.9136962890625,265.6551513671875,122.56298828125,289.56884765625,119.5103759765625,0.3260498046875,0.028564453125,6.2852783203125,1.0101318359375,184.9412841796875,66.8370361328125,234.4674072265625,89.8192138671875,37.7501220703125,20.6500244140625,43.104248046875,21.4488525390625,39.6531982421875,32.3280029296875,11.306396484375,7.6456298828125,256.1148681640625,116.3287353515625,284.4342041015625,117.527099609375,3.84228515625,1.790283203125,4.314697265625,1.2581787109375,2.387451171875,1.696044921875,0.129150390625,0.12841796875,14.0706787109375,12.76025390625,1070.5538330078125,31,0,0,1,4,8,6,0,0,0,2,3,3,0,167.64,165.1,135.0,31.0,34.0,1,0,0,0,0,0,0,0,0,0,0,0,0,0,0,1,0,0,0,0,1,0,0,0
Red,False,1.0,0.0,0.83,0.4,0.0,0.0,1.0,0.0,0.0,0.0,6.0,5.0,5.0,2.0,6.0,5.0,5.0,2.0,0.0,0.0,1.0,0.0,2.0,2.0,4.0,2.0,2.0,1.0,0.0,0.0,2.0,2.0,1.0,0.0,5.0,4.0,5.0,2.0,0.0,0.0,0.0,0.0,1.0,1.0,0.0,0.0,15.0,0.0,31.0,1,0,0,1,0,0,1,0,0,0,0,0,0,0,180.34,185.42,155.0,0.258819580078125,0.0158853530883789,0.5508484649658203,0.3569558525085449,0.2531222915649414,0.1725320982933044,0.5078558921813965,0.0794227123260498,0.0011544227600097,0.2500326633453369,90.47128295898438,50.84196448326111,102.29918122291564,32.867231130599976,92.313627243042,52.653311252594,108.98068284988403,38.302529096603394,0.2895822525024414,0.2573556900024414,1.758866786956787,0.4274053573608398,71.92531061172485,36.06005382537842,81.36777782440186,18.880916833877563,12.185696840286257,9.726308345794678,11.023760795593262,5.945549726486206,6.360275506973267,5.055602312088013,9.907642602920532,8.040764570236206,83.4079840183258,45.3893563747406,98.1141984462738,29.75844430923462,2.4053730964660645,1.9083173274993896,2.1078531742095947,1.7733185291290283,4.657925844192505,3.544290781021118,2.077129602432251,1.335468292236328,45.724369287490845,78.91518664360046,507.8983235359192,59,0,0,2,3,12,11,0,0,3,5,0,3,1,177.8,185.42,145.0,33.0,32.0,0,0,1,0,0,0,0,0,0,0,0,0,0,0,0,1,0,0,0,0,0,0,1,0
Red,False,0.5,0.0,0.45875,0.3974999999999999,0.125,0.17875,0.5,0.0,0.0,0.0,257.625,116.5,177.125,72.125,270.125,126.125,193.0,86.25,0.5,0.5,2.625,0.625,166.625,47.75,118.375,29.5,38.125,29.375,28.0,17.625,52.875,39.375,30.75,25.0,232.875,97.625,163.125,63.875,20.25,15.5,11.0,6.625,4.5,3.375,3.0,1.625,118.375,70.25,868.5,12,0,0,1,3,3,1,0,0,1,1,0,1,0,170.18,177.8,135.0,0.0,0.0,0.4872753906249999,0.4457128906249999,0.2129687499999999,0.60068359375,0.2138671875,0.015625,0.595703125,0.0009765625,133.615234375,64.578125,142.25,61.7294921875,196.0029296875,116.841796875,164.2392578125,81.162109375,2.970703125,0.4501953125,1.5693359375,1.443359375,81.947265625,25.2978515625,123.84765625,46.763671875,29.3017578125,19.2529296875,14.220703125,11.2314453125,22.3662109375,20.02734375,4.181640625,3.734375,110.0869140625,49.3251953125,133.5986328125,54.6474609375,16.2177734375,9.66796875,6.37890625,4.982421875,7.310546875,5.5849609375,2.2724609375,2.099609375,228.3916015625,87.7021484375,886.6328125,29,1,3,0,3,6,5,0,0,2,3,0,1,0,167.64,172.72,135.0,23.0,36.0,0,0,0,0,0,0,0,0,0,0,1,0,0,0,0,1,0,0,0,0,1,0,0,0
Blue,False,1.21875,0.0,0.5615625,0.3296875,0.061875,0.00875,0.0,0.03125,0.0625,0.0,39.90625,22.09375,30.125,9.59375,50.4375,31.15625,32.3125,11.53125,0.5625,0.1875,0.78125,0.0625,32.53125,16.3125,22.34375,4.46875,5.0,3.75,4.09375,2.0625,2.375,2.03125,3.6875,3.0625,29.21875,13.875,29.15625,8.84375,2.15625,1.6875,0.90625,0.75,8.53125,6.53125,0.0625,0.0,78.625,7.59375,307.875,12,0,0,1,5,5,1,0,0,0,1,4,0,0,190.5,190.5,205.0,0.017822265625,0.0009765625,0.6305078125,0.64688720703125,0.450625,0.188408203125,0.57666015625,0.60400390625,0.759765625,1.15625,63.2978515625,39.92822265625,46.682861328125,31.2587890625,121.922607421875,94.382568359375,91.613037109375,70.56884765625,5.394775390625,2.21875,2.73193359375,0.78369140625,47.4580078125,27.14599609375,42.596435546875,27.92529296875,10.88134765625,8.715576171875,3.03515625,2.2822265625,4.95849609375,4.066650390625,1.05126953125,1.05126953125,38.0439453125,17.7958984375,20.586181640625,11.441162109375,3.917724609375,3.065185546875,7.509765625,6.866943359375,21.336181640625,19.067138671875,18.5869140625,12.95068359375,440.2099609375,183.48681640625,779.153564453125,23,0,0,1,5,8,5,0,0,0,1,3,4,0,190.5,195.58,205.0,28.0,28.0,0,0,0,0,0,1,0,0,0,0,0,0,0,0,0,1,0,0,0,0,1,0,0,0
Red,False,0.0,0.0,0.5,0.49,0.5,0.31,0.0,0.0,0.0,0.0,54.0,26.0,37.5,18.0,98.5,60.0,81.5,50.5,0.5,0.5,6.0,2.0,40.5,14.5,25.5,10.0,6.0,5.0,7.0,4.5,7.5,6.5,5.0,3.5,36.0,18.0,27.0,11.0,5.5,3.5,8.0,4.5,12.5,4.5,2.5,2.5,78.5,362.0,749.0,5,0,0,1,1,1,1,0,0,0,0,1,0,0,190.5,198.12,220.0,1.0,0.0,0.4049999999999999,0.3225,0.0,0.25,0.0,0.5,0.0,0.0,68.5,23.0,68.0,22.5,73.0,27.5,84.25,36.25,0.0,0.0,1.0,0.75,52.75,12.5,59.25,15.75,7.5,3.75,3.5,1.75,8.25,6.75,5.25,5.0,63.25,20.0,61.75,20.25,1.25,0.5,2.0,0.5,4.0,2.5,4.25,1.75,5.5,89.5,471.0,7,0,0,2,1,1,2,0,0,0,0,1,0,0,190.5,193.04,205.0,36.0,32.0,0,0,0,0,0,1,0,0,0,0,0,0,0,0,0,1,0,0,0,0,1,0,0,0
Blue,False,2.0,0.0,0.615,0.285,0.0,0.0,0.0,0.0,0.0,0.0,40.0,25.0,28.0,9.0,44.0,29.0,28.5,9.5,0.0,0.0,0.0,0.0,35.0,21.0,23.5,6.0,3.0,2.0,2.0,0.5,2.0,2.0,2.5,2.5,30.5,17.5,25.5,7.5,3.5,3.0,2.5,1.5,6.0,4.5,0.0,0.0,29.5,0.0,156.5,2,0,2,0,2,2,0,0,0,0,0,2,0,0,190.5,193.04,250.0,0.002197265625,0.599609375,0.3824462890625,0.7022875976562499,0.62992919921875,0.62013671875,1.404541015625,0.25,0.75048828125,0.7509765625,54.509521484375,27.002685546875,47.9638671875,33.949462890625,74.089111328125,44.970458984375,55.748779296875,41.4814453125,0.98876953125,0.898681640625,2.308349609375,1.27685546875,48.058349609375,21.462158203125,38.6884765625,26.114013671875,4.650146484375,4.103271484375,6.41943359375,4.9951171875,1.801025390625,1.437255859375,2.85595703125,2.84033203125,43.64208984375,19.7236328125,23.306884765625,12.847412109375,9.331787109375,6.373779296875,5.870361328125,4.82568359375,1.53564453125,0.9052734375,18.78662109375,16.2763671875,188.4111328125,148.248046875,475.659912109375,21,0,2,0,2,8,5,0,0,1,0,1,6,0,187.96,203.2,240.0,31.0,43.0,0,0,0,0,1,0,0,0,0,0,0,0,0,0,0,1,0,0,0,0,1,0,0,0
Blue,False,0.0,0.0,0.725,0.34,0.5,0.33,1.5,1.0,0.5,0.0,12.0,9.5,13.0,7.5,24.5,22.0,28.0,21.0,0.5,0.5,2.0,1.0,3.0,1.0,12.0,7.0,7.0,7.0,1.0,0.5,2.0,1.5,0.0,0.0,4.5,2.0,2.5,0.5,7.0,7.0,0.5,0.0,0.5,0.5,10.0,7.0,16.5,169.0,225.0,3,0,0,1,1,1,1,0,0,0,0,0,1,0,170.18,175.26,145.0,0.0,0.09375,0.45828125,0.544140625,0.02671875,0.40796875,0.1640625,1.2890625,0.0234375,0.046875,116.3046875,45.8203125,102.0546875,47.984375,119.25,48.40625,112.6015625,56.8359375,1.5,0.2265625,2.125,0.96875,81.125,22.46875,82.046875,32.4765625,15.921875,8.90625,16.515625,13.203125,19.2578125,14.4453125,3.4921875,2.3046875,114.7109375,45.046875,82.0625,31.9140625,0.625,0.2578125,3.9140625,2.375,0.96875,0.515625,16.078125,13.6953125,16.0234375,220.046875,796.8046875,22,0,0,1,1,4,4,0,0,1,1,0,2,0,175.26,175.26,145.0,30.0,34.0,0,0,1,0,0,0,0,0,0,0,0,0,0,0,0,1,0,0,0,0,0,0,0,1
Red,False,0.0,0.0,0.61,0.3,0.12,0.0,4.0,0.0,0.0,0.0,110.0,68.0,98.0,30.0,126.0,81.0,137.0,62.0,8.0,1.0,3.0,0.0,90.0,50.0,88.0,25.0,14.0,13.0,9.0,4.0,6.0,5.0,1.0,1.0,83.0,48.0,88.0,23.0,13.0,12.0,10.0,7.0,14.0,8.0,0.0,0.0,291.0,144.0,900.0,3,0,1,0,1,1,0,0,0,0,1,0,0,0,190.5,190.5,185.0,1.0,0.0,0.63,0.0,0.0,0.0,0.0,0.0,0.0,0.0,11.0,7.0,2.0,0.0,11.0,7.0,2.0,0.0,0.0,0.0,0.0,0.0,11.0,7.0,2.0,0.0,0.0,0.0,0.0,0.0,0.0,0.0,0.0,0.0,9.0,5.0,2.0,0.0,0.0,0.0,0.0,0.0,2.0,2.0,0.0,0.0,1.0,0.0,18.0,1,0,1,0,1,1,0,0,0,0,0,1,0,0,182.88,195.58,185.0,25.0,32.0,0,0,0,0,0,0,0,1,0,0,0,0,0,0,0,1,0,0,0,0,1,0,0,0
Blue,False,0.5245361328125,0.0625152587890625,0.6138958358764648,0.4058010864257813,0.5434281539916992,0.7089080238342285,0.0,1.1606521606445312,0.5156326293945312,0.5039081573486328,46.07061195373535,27.99081802368164,18.533660888671875,9.422754287719728,48.25727462768555,29.92731285095215,42.24518585205078,30.433237075805664,1.187185287475586,0.6294593811035156,3.174131393432617,1.7735233306884766,40.00938606262207,23.53863525390625,12.91958999633789,5.36152458190918,5.147884368896484,3.9392356872558594,3.865507125854492,2.6706371307373047,0.9133415222167968,0.5129470825195312,1.7485637664794922,1.3905925750732422,19.81929588317871,7.810628890991211,12.594654083251951,5.730630874633789,8.22569465637207,4.804489135742188,3.984060287475586,2.270833969116211,18.02562141418457,15.375699996948242,1.954946517944336,1.4212894439697266,107.12246704101562,241.6331577301025,565.1406917572021,46,1,2,0,6,15,5,0,0,2,2,11,0,0,190.5,200.66,260.0,0.00390625,0.0390625,0.5959716796875,0.357763671875,0.47080078125,0.25048828125,0.0,0.03125,0.0,0.0,74.65869140625,47.4013671875,49.11962890625,18.63623046875,115.9052734375,78.001953125,100.09814453125,67.580078125,15.603515625,8.22998046875,1.00341796875,0.50146484375,51.48193359375,26.63720703125,39.49560546875,12.90966796875,5.75,4.6201171875,7.287109375,3.6474609375,17.4267578125,16.14404296875,2.3369140625,2.0791015625,42.23486328125,20.85009765625,48.13427734375,18.22265625,5.7041015625,5.59521484375,0.7568359375,0.23291015625,26.7197265625,20.9560546875,0.228515625,0.1806640625,703.93896484375,23.41845703125,977.728515625,30,0,0,1,4,9,3,0,0,0,4,4,0,1,193.04,203.2,265.0,36.0,30.0,0,0,0,0,1,0,0,0,0,0,0,0,0,0,0,1,0,0,0,0,1,0,0,0
Blue,False,0.0,0.0,0.42,0.56,0.0,0.33,0.0,0.0,0.0,0.0,130.0,55.0,232.0,131.0,141.0,66.0,240.0,136.0,1.0,0.0,3.0,1.0,108.0,35.0,143.0,59.0,7.0,6.0,22.0,14.0,15.0,14.0,67.0,58.0,128.0,53.0,221.0,123.0,2.0,2.0,11.0,8.0,0.0,0.0,0.0,0.0,11.0,49.0,900.0,3,0,0,1,0,0,1,0,0,0,0,0,0,0,167.64,180.34,135.0,0.580810546875,0.5048828125,0.4519433593749999,0.495867919921875,0.000284423828125,0.00392822265625,0.0,0.0,0.0,0.0,82.918701171875,29.3590087890625,85.739013671875,31.6541748046875,83.1322021484375,29.572509765625,86.1170654296875,31.9619140625,0.527099609375,0.0003662109375,0.7344970703125,0.015869140625,64.1378173828125,18.49853515625,62.6461181640625,16.10595703125,17.3487548828125,9.4296875,16.017578125,9.420166015625,1.43212890625,1.4307861328125,7.0753173828125,6.1280517578125,80.6517333984375,28.0126953125,84.2261962890625,30.5933837890625,0.607666015625,0.183349609375,1.4560546875,1.024169921875,1.6593017578125,1.1629638671875,0.0567626953125,0.03662109375,5.3499755859375,2.2786865234375,399.72607421875,32,1,0,2,2,6,8,0,0,1,0,5,0,0,170.18,175.26,135.0,29.0,36.0,1,0,0,0,0,0,0,0,0,0,0,0,0,0,0,0,0,0,1,0,1,0,0,0
Blue,False,0.5,0.0,0.8200000000000001,0.29,0.5,0.0,0.0,0.0,0.0,0.0,17.5,13.0,10.5,3.0,18.0,13.5,11.5,4.0,0.5,0.5,0.0,0.0,15.5,11.0,8.5,1.0,0.5,0.5,0.0,0.0,1.5,1.5,2.0,2.0,9.5,6.5,10.5,3.0,0.0,0.0,0.0,0.0,8.0,6.5,0.0,0.0,16.0,0.0,70.0,2,0,2,0,2,2,0,0,0,0,0,2,0,0,195.58,198.12,256.0,1.2026168406009674e-05,0.1292496328242123,0.4369945412687956,0.5013877545902505,0.006077614063397,0.009510402737651,2.537854015827179e-07,0.0001225473824888,0.001953125,0.0020751955453306,93.5875131683424,43.07210879982449,103.34107486042194,51.54737149178982,94.62690949137324,44.009147791191936,104.4163262390066,52.5225385655649,0.0666533713229,0.023560524219647,0.1805827899370342,0.0324287419207394,63.121551997959614,21.61863676714711,62.92953036306426,19.824754657922316,13.87122235679999,8.090118611697108,10.918104293989018,5.876641632290557,16.594738813582808,13.363353420980276,29.493440203368664,25.845975201576948,90.97736289887688,41.12724327365868,100.7235261099413,50.155439944705,2.548084342153743,1.9164972393773496,2.4293750904034823,1.2532268830109388,0.062065927311778,0.0283682867884635,0.1881736600771546,0.1387046640738845,5.102126174373552,17.356178036192432,790.8461994910613,72,5,1,0,7,19,14,0,0,1,7,9,2,0,190.5,195.58,240.0,27.0,42.0,0,0,0,0,1,0,0,0,0,0,0,0,0,0,0,1,0,0,0,0,1,0,0,0
Red,False,0.0,0.0,0.44,0.3,1.0,0.0,0.0,0.0,0.0,0.0,110.0,49.0,139.0,43.0,113.0,52.0,156.0,59.0,4.0,4.0,6.0,0.0,81.0,23.0,103.0,25.0,9.0,8.0,24.0,12.0,20.0,18.0,12.0,6.0,97.0,40.0,132.0,38.0,0.0,0.0,7.0,5.0,13.0,9.0,0.0,0.0,125.0,63.0,900.0,3,0,1,0,1,1,0,0,0,0,1,0,0,0,172.72,170.18,145.0,0.0,0.28125,0.55265625,0.4359375,0.3290625,0.1875,0.0,0.765625,0.25,0.5,66.703125,39.875,58.8125,24.34375,194.828125,157.53125,64.78125,29.984375,4.484375,2.03125,1.109375,0.3125,57.484375,33.03125,45.078125,13.78125,6.59375,4.34375,10.09375,7.0625,2.625,2.5,3.640625,3.5,39.484375,20.0,50.546875,18.625,4.5,3.046875,6.890625,4.46875,22.71875,16.828125,1.375,1.25,411.875,41.828125,658.0,16,0,2,0,2,4,3,0,0,0,3,1,0,0,175.26,172.72,145.0,33.0,32.0,0,0,1,0,0,0,0,0,0,0,0,0,0,0,0,1,0,0,0,0,1,0,0,0
Blue,False,0.0,0.25,0.641875,0.380625,0.429375,0.3525,0.0625,0.0625,0.25,0.0,84.25,50.3125,60.125,26.75,203.625,152.625,87.9375,50.6875,1.875,1.0,1.4375,0.6875,47.375,18.625,51.625,20.25,25.3125,22.3125,7.5,5.625,11.5625,9.375,1.0,0.875,50.9375,21.25,45.0625,16.25,29.0,25.3125,4.875,3.0,4.3125,3.75,10.1875,7.5,523.25,77.1875,789.8125,13,1,0,1,2,3,2,0,0,0,3,0,0,0,167.64,172.72,135.0,0.0,0.25,0.3975,0.4440625,0.414375,0.0125,0.25,0.0,0.0,0.0,123.8125,47.8125,118.28125,53.6875,152.4375,70.5625,126.625,61.03125,3.15625,1.46875,1.25,0.0625,118.53125,44.34375,82.59375,27.375,4.71875,2.90625,24.90625,15.96875,0.5625,0.5625,10.78125,10.34375,117.46875,42.28125,105.65625,45.0,4.15625,3.40625,6.40625,4.78125,2.1875,2.125,6.21875,3.90625,179.625,44.0625,726.25,15,0,4,0,4,5,1,0,0,2,2,0,1,0,172.72,172.72,135.0,31.0,29.0,0,0,0,0,0,0,0,0,0,0,1,0,0,0,0,1,0,0,0,0,1,0,0,0
Red,False,0.015625,0.0,0.45,0.4275,0.25,0.2,0.148468017578125,0.098388671875,0.0,0.0,66.5,29.6875,64.31230545043945,27.34375,89.75,48.0,85.53125,44.41152191162109,2.0,0.75,2.0546875,0.75,51.1875,18.3359375,49.6123046875,16.280410766601562,7.5,5.07647705078125,7.5,5.0,4.5,3.625,4.984375,3.9375,48.6875,17.0,47.11572265625,16.5,5.75,3.75,5.3125,3.4375,5.0625,3.5,3.875,2.5,99.2119140625,94.125,638.5,0,0,0,0,0,0,0,0,0,0,0,0,0,0,172.72,175.26,135.0,0.25,0.25,0.375,0.3425,0.1,0.1875,0.0,0.0,0.25,0.0,95.25,36.5,168.0,56.0,96.25,37.5,171.0,59.0,2.75,0.5,4.5,1.25,80.5,26.25,128.5,29.75,11.25,7.25,23.5,13.75,3.5,3.0,16.0,12.5,91.0,33.5,164.0,53.25,3.0,2.25,2.5,1.25,1.25,0.75,1.5,1.5,47.0,45.0,854.5,9,0,1,0,1,1,2,0,0,0,1,0,0,0,172.72,172.72,135.0,24.0,33.0,1,0,0,0,0,0,0,0,0,0,0,0,0,0,0,1,0,0,0,0,1,0,0,0
Red,False,0.015625,0.0,0.45,0.4275,0.25,0.2,0.148468017578125,0.098388671875,0.0,0.0,66.5,29.6875,64.31230545043945,27.34375,89.75,48.0,85.53125,44.41152191162109,2.0,0.75,2.0546875,0.75,51.1875,18.3359375,49.6123046875,16.280410766601562,7.5,5.07647705078125,7.5,5.0,4.5,3.625,4.984375,3.9375,48.6875,17.0,47.11572265625,16.5,5.75,3.75,5.3125,3.4375,5.0625,3.5,3.875,2.5,99.2119140625,94.125,638.5,0,0,0,0,0,0,0,0,0,0,0,0,0,0,193.04,203.2,260.0,0.0,0.125,0.42625,0.4075,0.3037499999999999,0.0625,0.125,0.0,0.0,0.0,100.875,46.0,96.75,37.5,159.625,97.625,120.125,55.875,4.75,2.25,2.0,0.5,99.375,44.5,83.375,27.125,1.375,1.375,12.125,9.25,0.125,0.125,1.25,1.125,82.75,29.625,83.375,29.0,3.875,3.125,3.625,2.125,14.25,13.25,9.75,6.375,178.625,126.75,743.0,9,0,0,1,1,2,2,0,1,0,0,0,1,0,190.5,198.12,260.0,28.0,26.0,0,0,0,0,1,0,0,0,0,0,0,0,0,0,0,1,0,0,0,0,1,0,0,0
Blue,False,0.0,0.84375,0.450625,0.4821875,0.301875,0.3253125,0.6875,0.125,0.0,0.0,158.8125,71.03125,172.0,81.90625,166.65625,78.09375,185.03125,92.90625,3.125,1.59375,2.0,1.09375,115.9375,42.03125,156.71875,70.125,28.90625,17.09375,10.25,7.09375,13.96875,11.90625,5.03125,4.6875,138.90625,57.3125,158.53125,74.5625,18.09375,12.25,5.78125,3.0625,1.8125,1.46875,7.6875,4.28125,57.59375,90.78125,713.1875,15,0,1,0,1,2,4,0,0,1,0,0,1,0,185.42,187.96,145.0,0.0,0.5,0.47,0.4399999999999999,0.0,0.535,0.0,0.5,0.5,0.0,121.5,61.0,135.0,64.0,124.0,63.5,146.5,74.5,0.0,0.0,7.0,1.0,109.5,49.5,119.5,51.5,5.0,4.5,12.5,9.5,7.0,7.0,3.0,3.0,107.0,49.5,118.0,53.5,14.5,11.5,15.5,10.0,0.0,0.0,1.5,0.5,31.0,89.5,531.5,4,0,0,1,1,1,1,0,0,0,1,0,0,0,175.26,182.88,145.0,31.0,32.0,0,0,1,0,0,0,0,0,0,0,0,0,0,0,0,0,0,1,0,0,1,0,0,0
Blue,False,0.015625,0.0,0.45,0.4275,0.25,0.2,0.148468017578125,0.098388671875,0.0,0.0,66.5,29.6875,64.31230545043945,27.34375,89.75,48.0,85.53125,44.41152191162109,2.0,0.75,2.0546875,0.75,51.1875,18.3359375,49.6123046875,16.280410766601562,7.5,5.07647705078125,7.5,5.0,4.5,3.625,4.984375,3.9375,48.6875,17.0,47.11572265625,16.5,5.75,3.75,5.3125,3.4375,5.0625,3.5,3.875,2.5,99.2119140625,94.125,638.5,0,0,0,0,0,0,0,0,0,0,0,0,0,0,167.64,175.26,125.0,0.0625,0.25,0.52625,0.468125,0.515625,0.6875,0.0,0.0,0.5,0.0,51.9375,23.75,65.0,32.3125,73.625,41.375,97.3125,57.8125,1.25,1.0625,1.625,1.625,40.875,15.6875,47.4375,19.5625,8.5,6.125,14.625,10.5,2.5625,1.9375,2.9375,2.25,36.75,11.8125,44.3125,18.0,5.0625,3.9375,8.4375,6.0625,10.125,8.0,12.25,8.25,78.375,188.1875,407.3125,11,0,1,0,1,2,3,0,0,0,0,2,0,0,167.64,175.26,125.0,23.0,31.0,0,0,0,0,0,0,0,0,0,0,0,0,1,0,0,1,0,0,0,0,1,0,0,0
Blue,False,0.0,0.0,0.4703125,0.40171875,0.2578125,0.1503125,0.390625,0.0625,0.28125,0.28125,173.59375,78.390625,152.296875,59.34375,215.171875,115.96875,182.515625,87.40625,1.28125,0.515625,3.40625,1.28125,135.578125,49.984375,134.359375,46.265625,20.0625,15.515625,11.953125,8.859375,17.953125,12.890625,5.984375,4.21875,160.21875,67.609375,141.984375,51.5625,8.28125,6.46875,6.765625,4.859375,5.09375,4.3125,3.546875,2.921875,76.296875,151.515625,854.0,19,0,1,0,1,4,3,0,0,1,3,0,0,0,165.1,167.64,125.0,0.0,0.5,0.53,0.4349999999999999,0.025,0.5,0.5,0.0,1.5,0.5,58.375,31.875,47.75,20.75,68.75,39.625,107.25,70.75,0.625,0.125,1.0,0.5,50.25,25.25,40.0,14.625,5.0,4.0,5.0,4.0,3.125,2.625,2.75,2.125,36.625,15.625,36.625,12.75,11.0,9.125,5.375,4.375,10.75,7.125,5.75,3.625,100.375,334.375,608.75,8,0,3,0,3,3,1,0,0,0,0,3,0,0,165.1,165.1,125.0,27.0,22.0,0,0,0,0,0,0,0,0,0,0,0,0,1,0,0,1,0,0,0,0,0,0,0,1
Red,False,0.15625,0.28515625,0.3463671875,0.3461328125,0.1679296875,0.049375,0.015625,0.0625,0.0,0.03125,98.01171875,34.12890625,109.8046875,31.40234375,108.73828125,43.74609375,115.0546875,36.1015625,3.7890625,1.0234375,2.90625,0.4375,74.6640625,20.640625,88.1875,17.734375,12.078125,5.34765625,10.73828125,4.3203125,11.26953125,8.140625,10.87890625,9.34765625,93.2109375,31.75,106.37109375,28.390625,1.23046875,0.96484375,1.125,1.109375,3.5703125,1.4140625,2.30859375,1.90234375,93.09765625,72.6171875,760.28515625,18,2,0,1,3,4,5,0,0,2,1,1,0,0,187.96,190.5,170.0,0.0,0.1298828125,0.45146484375,0.41833984375,0.2529296875,0.12625,0.28125,0.0078125,0.0,0.01171875,147.953125,67.3994140625,141.01953125,60.7607421875,175.9892578125,88.06640625,144.4794921875,63.9677734375,7.765625,1.9033203125,0.65625,0.2578125,123.5341796875,49.294921875,115.8369140625,40.19140625,16.5380859375,10.9091796875,17.8671875,14.0263671875,7.880859375,7.1953125,7.3154296875,6.54296875,135.1435546875,58.7890625,130.4130859375,50.943359375,7.994140625,5.6064453125,9.923828125,9.4697265625,4.8154296875,3.00390625,0.6826171875,0.34765625,162.357421875,17.2958984375,852.1064453125,31,0,0,1,4,8,3,0,0,1,5,1,1,0,180.34,182.88,170.0,32.0,32.0,0,0,0,0,0,0,0,0,0,1,0,0,0,0,0,1,0,0,0,0,1,0,0,0
Blue,False,0.0,0.0,0.405,0.495,0.0,0.66,2.5,0.0,0.0,0.0,105.5,39.5,87.0,41.5,109.0,43.0,94.0,46.0,2.0,0.0,6.0,4.0,90.0,28.5,71.5,29.0,12.5,9.5,11.0,8.5,3.0,1.5,4.5,4.0,85.5,25.0,70.5,32.0,15.0,11.0,12.5,9.0,5.0,3.5,4.0,0.5,27.5,221.5,681.0,5,0,1,0,1,1,1,0,0,0,0,0,1,0,187.96,182.88,185.0,0.0,0.0,0.4087499999999999,0.4125,0.375,0.15625,0.125,0.25,0.125,0.25,121.0,49.625,123.625,53.125,128.125,56.5,137.875,64.375,0.875,0.625,1.5,0.5,99.75,37.375,104.375,43.0,18.25,9.75,16.0,6.875,3.0,2.5,3.25,3.25,118.0,48.0,117.75,50.25,1.125,0.625,4.5,2.0,1.875,1.0,1.375,0.875,38.0,97.125,664.0,9,0,0,1,1,1,3,0,0,0,0,1,0,0,177.8,190.5,185.0,30.0,30.0,0,0,0,0,0,0,0,1,0,0,0,0,0,0,0,1,0,0,0,0,1,0,0,0
Red,True,0.271484375,0.01611328125,0.6153271484375,0.4783654785156249,0.2204443359375,0.2519140625,0.6571044921875,0.0078125,0.0,0.0,93.46612548828124,54.21173095703125,48.40380859375,21.88519287109375,136.48663330078125,96.01416015625,72.6185302734375,45.55816650390625,5.13970947265625,1.46722412109375,1.82427978515625,0.50732421875,58.22747802734375,27.60198974609375,33.47119140625,11.28466796875,18.60894775390625,15.6976318359375,10.84942626953125,7.28900146484375,16.62969970703125,10.912109375,4.08319091796875,3.3115234375,67.91455078125,32.8388671875,42.16778564453125,16.1046142578125,10.6666259765625,8.0552978515625,5.75518798828125,5.56024169921875,14.88494873046875,13.31756591796875,0.4808349609375,0.2203369140625,297.24542236328125,143.17987060546875,993.7979125976562,36,0,3,0,6,12,3,0,0,0,5,3,4,0,177.8,180.34,170.0,0.54296875,0.0,0.5843505859375,0.489736328125,0.2471435546875,0.0,0.00244140625,0.158203125,0.0,0.0625,212.703125,120.02978515625,179.1943359375,78.46533203125,341.681640625,237.28076171875,201.5693359375,95.17626953125,10.22607421875,3.6455078125,0.65625,0.0,149.603515625,65.8330078125,132.08935546875,41.7705078125,58.7626953125,50.36376953125,33.1572265625,25.1318359375,4.3369140625,3.8330078125,13.94775390625,11.56298828125,151.19775390625,68.63427734375,156.12353515625,59.49609375,39.02880859375,32.7568359375,21.99169921875,17.98388671875,22.4765625,18.638671875,1.0791015625,0.9853515625,731.51025390625,5.14453125,1462.77685546875,43,4,12,0,12,12,0,0,0,0,9,2,1,0,182.88,193.04,170.0,34.0,33.0,0,0,0,0,0,0,0,0,0,1,0,0,0,0,0,1,0,0,0,0,0,0,0,1
Red,False,0.12890625,0.03125,0.3490234375,0.3529492187499999,0.12275390625,0.62734375,0.568359375,0.05078125,0.00390625,0.0,63.548828125,20.84765625,71.068359375,34.076171875,68.064453125,24.96484375,79.8046875,41.833984375,1.541015625,0.341796875,1.556640625,1.005859375,45.763671875,10.501953125,57.625,24.12109375,9.736328125,3.857421875,9.654296875,6.42578125,8.048828125,6.48828125,3.7890625,3.529296875,60.8125,19.095703125,64.90234375,29.85546875,1.681640625,0.896484375,4.103515625,2.501953125,1.0546875,0.85546875,2.0625,1.71875,26.09765625,38.8984375,346.7578125,19,0,1,0,2,6,4,0,0,0,1,2,3,0,167.64,167.64,145.0,0.0625,0.078125,0.4834375,0.45734375,0.58859375,0.14484375,0.515625,0.0,0.015625,0.25,78.46875,35.484375,66.5,29.765625,105.171875,59.96875,72.34375,35.203125,10.328125,6.265625,1.28125,0.25,65.59375,25.5,56.609375,22.546875,8.984375,6.53125,7.171875,5.453125,3.890625,3.453125,2.71875,1.765625,62.609375,22.90625,62.9375,27.640625,6.359375,4.8125,2.84375,1.578125,9.5,7.765625,0.71875,0.546875,330.046875,12.609375,666.625,18,0,3,0,3,5,2,0,0,1,2,1,1,0,167.64,175.26,135.0,34.0,28.0,0,0,1,0,0,0,0,0,0,0,0,0,0,0,0,0,0,0,1,0,1,0,0,0
Red,False,0.5625,0.0,0.649375,0.34375,0.14625,0.200625,0.125,0.0,0.0,0.0625,66.25,36.375,75.125,27.9375,78.0,47.1875,82.8125,35.4375,4.0,0.875,3.625,1.3125,48.375,23.625,60.625,18.8125,11.0625,6.5,12.0625,7.0,6.8125,6.25,2.4375,2.125,47.875,22.8125,70.6875,24.1875,4.75,3.1875,3.5,3.0,13.625,10.375,0.9375,0.75,67.25,83.75,487.0,13,0,2,0,2,3,2,0,0,0,2,1,0,0,180.34,182.88,185.0,0.1308746337890625,0.500030517578125,0.2288749694824218,0.495413818359375,0.577230224609375,0.1425546264648437,0.0001373291015625,0.84375,0.130096435546875,0.0625762939453125,61.42961120605469,26.316635131835938,58.6553955078125,28.87055969238281,66.84651184082031,29.83604431152344,62.13262939453125,31.9498291015625,2.63128662109375,0.877655029296875,1.8218536376953125,0.441680908203125,45.52500915527344,14.419845581054688,43.45040893554688,16.92022705078125,7.507156372070312,5.0062103271484375,6.178619384765625,4.067306518554688,8.397445678710938,6.8905792236328125,9.0263671875,7.883026123046875,54.88743591308594,21.55487060546875,53.67376708984375,25.5758056640625,5.4060821533203125,4.173507690429688,2.5966339111328125,1.3180389404296875,1.1360931396484375,0.5882568359375,2.384994506835937,1.976715087890625,71.11103820800781,36.370208740234375,533.9975280761719,44,2,5,0,5,10,7,0,0,3,2,3,2,0,175.26,180.34,185.0,32.0,29.0,0,0,0,0,0,0,0,1,0,0,0,0,0,0,0,1,0,0,0,0,0,0,1,0
Red,False,0.0,0.5,0.4349999999999999,0.42,0.25,0.375,0.5,1.5,0.0,0.0,34.0,15.5,60.0,28.0,52.5,32.5,82.5,47.5,1.0,0.5,2.0,1.5,32.0,13.5,46.5,19.5,2.0,2.0,11.5,6.5,0.0,0.0,2.0,2.0,29.5,12.0,45.0,17.5,1.5,1.0,12.0,8.5,3.0,2.5,3.0,2.0,52.0,154.0,384.5,4,0,0,1,1,1,1,0,0,0,0,0,1,0,162.56,160.02,115.0,0.0,0.125,0.500625,0.4575,0.29375,0.0625,0.6875,0.25,0.0625,0.25,39.1875,18.0,31.0,12.5,55.375,31.8125,37.5,17.9375,1.1875,0.375,0.625,0.0625,27.5625,8.8125,20.0625,5.4375,7.0,4.75,7.25,4.5,4.625,4.4375,3.6875,2.5625,34.75,13.9375,28.125,10.1875,1.625,1.4375,1.625,1.5625,2.8125,2.625,1.25,0.75,21.25,94.625,256.875,9,0,1,0,1,2,3,0,0,0,0,0,2,0,165.1,170.18,115.0,27.0,28.0,0,0,0,0,0,0,0,0,0,0,0,0,0,1,0,1,0,0,0,0,1,0,0,0
Blue,False,0.0,0.5,0.2525,0.645,0.165,0.035,0.25,0.25,0.0,0.0,37.75,19.0,54.0,31.25,43.5,23.75,55.75,32.75,2.25,1.5,1.75,0.25,35.0,16.5,48.0,25.75,2.0,1.75,5.0,4.5,0.75,0.75,1.0,1.0,30.5,13.75,43.25,23.25,5.5,3.5,7.75,5.5,1.75,1.75,3.0,2.5,77.5,45.75,256.0,5,0,0,1,1,1,2,0,0,0,0,0,1,0,182.88,190.5,185.0,0.0,0.0,0.48,0.505,0.71,0.0,1.0,0.0,0.0,0.0,24.5,11.5,26.5,13.5,38.5,23.5,44.0,29.0,4.5,2.5,0.0,0.0,23.0,10.5,21.5,10.5,1.0,0.5,4.0,2.0,0.5,0.5,1.0,1.0,9.5,2.5,18.5,6.5,0.5,0.5,7.0,6.0,14.5,8.5,1.0,1.0,222.0,0.0,372.0,3,0,2,0,2,2,0,0,0,0,0,0,2,0,182.88,185.42,185.0,27.0,31.0,0,0,0,0,0,0,0,1,0,0,0,0,0,0,0,1,0,0,0,0,1,0,0,0
Red,False,0.015625,0.0,0.45,0.4275,0.25,0.2,0.148468017578125,0.098388671875,0.0,0.0,66.5,29.6875,64.31230545043945,27.34375,89.75,48.0,85.53125,44.41152191162109,2.0,0.75,2.0546875,0.75,51.1875,18.3359375,49.6123046875,16.280410766601562,7.5,5.07647705078125,7.5,5.0,4.5,3.625,4.984375,3.9375,48.6875,17.0,47.11572265625,16.5,5.75,3.75,5.3125,3.4375,5.0625,3.5,3.875,2.5,99.2119140625,94.125,638.5,0,0,0,0,0,0,0,0,0,0,0,0,0,0,190.5,203.2,170.0,0.0,0.0,0.46,0.5,0.0,1.0,0.0,0.0,0.0,0.0,273.0,127.0,344.0,175.0,273.0,127.0,345.0,175.0,0.0,0.0,1.0,1.0,198.0,61.0,302.0,139.0,58.0,51.0,33.0,27.0,17.0,15.0,9.0,9.0,269.0,125.0,337.0,169.0,4.0,2.0,5.0,4.0,0.0,0.0,2.0,2.0,11.0,27.0,900.0,3,0,0,1,0,0,1,0,0,0,0,0,0,0,177.8,185.42,170.0,30.0,27.0,0,0,0,0,0,0,0,0,0,1,0,0,0,0,0,1,0,0,0,0,0,0,0,1
Blue,False,0.5,0.0,0.5931249999999999,0.373125,0.5625,0.1725,0.5,0.5625,0.625,0.0,99.5625,59.9375,71.875,28.125,103.8125,64.0,130.0625,62.75,0.8125,0.625,7.6875,1.375,50.75,22.75,54.875,16.5625,11.9375,7.5625,9.875,5.3125,36.875,29.625,7.125,6.25,91.3125,54.25,66.5,24.875,2.375,1.75,0.8125,0.25,5.875,3.9375,4.5625,3.0,56.75,223.625,795.0,13,0,0,1,3,3,2,0,0,1,1,1,0,0,175.26,170.18,145.0,0.03125,0.03125,0.4125,0.46625,0.03125,0.108125,0.0,0.34375,0.0,0.5,226.59375,94.4375,155.09375,72.46875,231.8125,98.59375,166.625,83.25,0.15625,0.03125,6.1875,0.78125,172.59375,57.53125,110.8125,40.46875,47.96875,30.9375,23.625,14.1875,6.03125,5.96875,20.65625,17.8125,221.1875,91.65625,141.625,63.125,5.21875,2.75,5.34375,3.0625,0.1875,0.03125,8.125,6.28125,44.625,80.28125,885.625,18,0,1,0,2,4,2,0,0,3,1,0,0,0,172.72,190.5,135.0,29.0,33.0,0,1,0,0,0,0,0,0,0,0,0,0,0,0,0,1,0,0,0,0,0,0,1,0
Red,False,0.015625,0.0,0.45,0.4275,0.25,0.2,0.148468017578125,0.098388671875,0.0,0.0,66.5,29.6875,64.31230545043945,27.34375,89.75,48.0,85.53125,44.41152191162109,2.0,0.75,2.0546875,0.75,51.1875,18.3359375,49.6123046875,16.280410766601562,7.5,5.07647705078125,7.5,5.0,4.5,3.625,4.984375,3.9375,48.6875,17.0,47.11572265625,16.5,5.75,3.75,5.3125,3.4375,5.0625,3.5,3.875,2.5,99.2119140625,94.125,638.5,0,0,0,0,0,0,0,0,0,0,0,0,0,0,165.1,172.72,125.0,0.31640625,0.125,0.5147265625,0.53515625,0.5380078125000001,0.1733203125,0.08984375,0.0,0.046875,0.515625,71.9375,35.6796875,63.125,35.5859375,79.0625,42.0,69.94140625,42.0234375,2.5546875,1.015625,8.6328125,1.4140625,55.44140625,24.2421875,53.3046875,27.36328125,12.1484375,7.71875,3.921875,2.6875,4.34765625,3.71875,5.8984375,5.53515625,64.6640625,29.95703125,53.2109375,28.62109375,3.171875,2.328125,5.6328125,4.0,4.1015625,3.39453125,4.28125,2.96484375,104.8046875,178.19921875,669.73046875,21,0,2,0,3,6,3,0,0,1,1,2,2,0,165.1,170.18,125.0,27.0,30.0,0,0,0,1,0,0,0,0,0,0,0,0,0,0,0,0,0,1,0,0,1,0,0,0
Red,False,0.0,0.0,0.49,0.44,0.0,0.5,1.0,0.0,1.0,1.0,178.0,88.0,129.0,58.0,206.0,111.0,148.0,70.0,3.0,0.0,2.0,1.0,105.0,44.0,91.0,34.0,43.0,23.0,23.0,14.0,30.0,21.0,15.0,10.0,158.0,72.0,118.0,51.0,7.0,5.0,8.0,5.0,13.0,11.0,3.0,2.0,69.0,229.0,900.0,3,0,1,0,1,1,0,0,0,0,1,0,0,0,172.72,177.8,135.0,0.5,0.0,0.5,0.445,0.25,0.0,0.0,0.0,0.0,0.0,289.5,145.5,212.5,105.0,323.5,177.0,231.0,123.5,2.0,1.0,3.5,0.0,223.0,95.0,173.5,72.0,16.0,11.0,12.5,9.0,50.5,39.5,26.5,24.0,255.5,123.0,207.0,100.5,6.0,4.0,5.5,4.5,28.0,18.5,0.0,0.0,207.0,14.0,900.0,6,0,2,0,2,2,0,0,0,1,1,0,0,0,165.1,170.18,135.0,25.0,26.0,0,0,0,0,0,0,0,0,0,0,1,0,0,0,0,1,0,0,0,0,1,0,0,0
Red,False,0.5,0.5,0.4425,0.3475,0.0,0.125,0.25,1.0,0.25,0.25,58.75,25.25,108.5,41.75,59.25,25.5,108.75,42.0,0.25,0.0,0.5,0.25,50.0,19.0,89.25,26.25,8.75,6.25,13.75,10.75,0.0,0.0,5.5,4.75,53.25,21.25,105.0,39.5,1.75,1.5,0.75,0.25,3.75,2.5,2.75,2.0,10.25,21.0,309.0,5,0,1,0,1,1,2,0,0,0,0,1,0,0,170.18,172.72,155.0,0.5,0.5,0.555,0.375,0.0,0.0,0.0,0.0,0.0,0.0,29.0,15.5,29.5,11.75,29.0,15.5,29.5,11.75,0.0,0.0,0.0,0.0,18.75,7.25,17.0,4.75,3.0,1.75,3.0,1.25,7.25,6.5,9.5,5.75,26.25,13.5,27.0,10.25,0.0,0.0,0.0,0.0,2.75,2.0,2.5,1.5,1.25,1.0,197.25,3,0,2,0,2,2,1,0,0,0,0,2,0,0,175.26,193.04,155.0,31.0,27.0,0,1,0,0,0,0,0,0,0,0,0,0,0,0,0,1,0,0,0,0,1,0,0,0
Blue,False,0.0395508408546447,0.0080885887145996,0.3756168338283896,0.4319537338241935,0.1965969309583306,0.3305345526337623,0.0020926520228385,1.318321816623211,1.52587890625e-05,5.960464477539064e-08,65.76086924597621,24.516304474323988,103.61632078513504,52.72110096365213,74.3529098443687,32.47696755081415,109.14496472850442,56.60223400965333,6.519973859190941,1.673881109803915,1.5112833380699158,1.003301277756691,50.40209876000881,13.523837611079216,73.34850512072444,27.3082973882556,5.623657565563917,2.528600763529539,23.77583839744329,19.17609571665525,9.73511292040348,8.463866099715233,6.491977266967297,6.236707858741283,59.39782929420471,21.267609242349863,86.42723658308387,36.380767330527306,4.551370121538639,2.141735389828682,10.176336903125048,9.328201979398727,1.8116698302328589,1.106959842145443,7.012747298926115,7.012131653726101,181.2905335985124,36.48100800812245,611.8773628845811,74,0,1,0,4,15,14,0,0,3,6,2,4,0,170.18,177.8,155.0,0.0020966529846191,0.1250038146972656,0.4184706783294678,0.2186676931381225,0.0663610553741455,0.0833343291282653,0.00390625,0.5508246421813965,0.0312511920928955,0.0,110.5100371837616,45.89661812782288,84.71824979782104,31.515353441238403,112.15935206413268,47.45066857337952,90.44283819198608,37.10687494277954,0.1814627647399902,0.0717175006866455,3.0903689861297607,0.3360230922698974,73.3852162361145,21.914445161819454,68.50012993812561,19.442429304122925,27.85342741012573,15.787296295166016,5.4573893547058105,3.114812135696411,9.271393537521362,8.194876670837402,10.760730504989624,8.958112001419067,109.1332643032074,44.75282692909241,72.14240097999573,23.840298891067505,0.5295631885528564,0.3773977756500244,0.5744895935058594,0.3146584033966064,0.8472096920013428,0.7663934230804443,12.001359224319458,7.360396146774292,16.067943811416626,54.0317771434784,594.9652609825134,58,1,0,1,4,11,12,0,0,1,6,4,0,0,177.8,185.42,155.0,39.0,34.0,0,0,0,0,0,0,1,0,0,0,0,0,0,0,0,1,0,0,0,0,0,0,1,0
Blue,False,0.046875,0.0703125,0.55296875,0.412421875,0.20703125,0.1521875,0.0,0.0,0.0,0.125,94.28125,53.4765625,81.53125,36.1640625,122.359375,80.25,99.7734375,49.90625,0.734375,0.4140625,7.53125,3.609375,71.9609375,35.21875,57.8828125,18.578125,15.6875,12.890625,11.796875,6.859375,6.6328125,5.3671875,11.8515625,10.7265625,87.8828125,48.84375,65.4921875,24.1875,4.7109375,3.1328125,2.8828125,1.703125,1.6875,1.5,13.15625,10.2734375,26.78125,317.4140625,788.46875,26,0,4,0,4,6,2,0,0,1,2,3,0,0,200.66,203.2,250.0,0.3161964416503906,0.3868827819824219,0.7840547943115235,0.5381124114990234,0.7911476135253906,0.0178956604003906,0.0322265625,1.52587890625e-05,0.0,0.0,94.8100700378418,75.09521484375,130.83360290527344,70.56376266479492,115.18836212158205,93.28151321411131,148.4849090576172,86.89472198486328,3.135906219482422,2.031803131103516,0.1382369995117187,0.0673980712890625,67.28716278076172,48.99641036987305,100.61215209960938,46.7986946105957,19.949535369873047,19.27817916870117,23.10405731201172,17.661144256591797,7.573371887207031,6.820625305175781,7.117393493652344,6.103923797607422,34.6074104309082,22.166763305664062,93.90541458129884,42.26018524169922,10.473278045654297,10.40517807006836,28.25589370727539,22.16180419921875,49.7293815612793,42.52327346801758,8.672294616699219,6.141773223876953,301.5439682006836,97.4859619140625,964.5140800476074,42,1,1,0,4,12,7,0,1,0,2,9,0,0,193.04,203.2,265.0,32.0,40.0,0,0,0,0,1,0,0,0,0,0,0,0,0,0,0,1,0,0,0,0,1,0,0,0
Blue,False,0.7597732543945312,0.0195465087890625,0.5883159637451172,0.5049571990966797,0.2483944702148438,0.0023258972167968,0.7502670288085938,0.1263504028320312,0.0,0.0001220703125,47.69930267333984,27.40708923339844,22.19317626953125,11.45452117919922,53.100860595703125,31.305992126464844,27.519927978515625,16.59911346435547,2.5864791870117188,0.75091552734375,0.6224822998046875,0.0102767944335937,40.20098114013672,20.776596069335938,16.90093231201172,6.787651062011719,4.6580352783203125,3.906295776367188,3.203369140625,2.579414367675781,2.8402862548828125,2.7241973876953125,2.0888748168945312,2.0874557495117188,41.67388916015625,22.878707885742188,20.16222381591797,9.79363250732422,3.5045089721679688,2.6410064697265625,1.9604721069335935,1.5943374633789062,2.520904541015625,1.8873748779296875,0.0704803466796875,0.0665512084960937,176.6449203491211,17.745681762695312,320.9757766723633,36,0,1,0,5,13,5,0,0,1,4,3,5,0,177.8,182.88,155.0,0.033203125,0.015625,0.41353515625,0.40904296875,0.243203125,0.0373046875,0.693359375,0.0,0.017578125,0.0,155.05078125,55.72265625,86.759765625,31.7421875,169.244140625,68.078125,90.28125,35.103515625,4.349609375,1.626953125,2.140625,0.40625,128.6484375,39.396484375,71.705078125,21.865234375,20.302734375,11.369140625,12.142578125,7.5390625,6.099609375,4.95703125,2.912109375,2.337890625,141.013671875,46.54296875,82.662109375,28.623046875,4.935546875,3.455078125,2.978515625,2.41015625,9.1015625,5.724609375,1.119140625,0.708984375,141.439453125,12.189453125,588.341796875,21,0,2,0,6,8,2,0,0,0,3,3,2,0,175.26,187.96,155.0,31.0,36.0,0,0,0,0,0,0,1,0,0,0,0,0,0,0,0,0,0,1,0,0,1,0,0,0
Red,False,0.0019912719726562,0.2890815734863281,0.444719206392765,0.5166842991113663,0.1413426961004734,1.7463266849517823e-05,0.0166709423065185,0.0236398577690124,0.007814422249794,0.0,232.63910847902295,88.15638056397438,244.3242777436972,115.31481319665907,233.42932571470735,88.81364132463932,254.3146535158157,124.24096904695034,7.129005953669548,1.1892442107200625,0.003555342555046,3.2767653465271e-05,193.34006506204605,65.12282891571522,193.03523898124692,77.50551703572273,30.58182443678379,15.282008990645409,24.82068195939064,15.373450726270676,8.717218980193138,7.751542657613754,26.468356803059574,22.43584543466568,227.8921630680561,85.66977824270725,231.4168528020382,103.78957648575306,3.0080257952213287,1.1963464170694351,1.8971306383609767,1.6561702489852903,1.7389196157455444,1.2902559041976929,11.010294303297997,9.869066461920738,69.47310568392277,0.3653654307126999,1077.3733602017164,94,9,3,0,5,18,9,0,0,1,10,4,2,1,167.64,172.72,135.0,0.546875,0.0,0.4603125,0.42,0.0625,0.67625,0.0625,0.59375,0.140625,0.0,81.9375,37.3125,54.59375,20.671875,86.0625,40.84375,59.8125,25.3125,0.453125,0.171875,1.6875,1.125,58.46875,17.40625,39.1875,11.15625,9.90625,8.171875,9.21875,5.578125,13.5625,11.734375,6.1875,3.9375,76.0625,33.765625,51.90625,18.59375,1.15625,0.75,2.171875,1.59375,4.71875,2.796875,0.515625,0.484375,39.4375,43.890625,392.734375,14,0,5,0,5,6,1,0,0,1,1,3,1,0,180.34,177.8,135.0,39.0,28.0,1,0,0,0,0,0,0,0,0,0,0,0,0,0,0,1,0,0,0,0,0,0,0,1
Blue,False,0.0,0.0,0.72,0.41,0.25,0.0,0.0,1.0,0.0,1.0,22.0,16.0,46.0,19.0,26.0,19.0,65.0,36.0,16.0,4.0,0.0,0.0,12.0,7.0,43.0,16.0,7.0,6.0,1.0,1.0,3.0,3.0,2.0,2.0,20.0,15.0,37.0,12.0,1.0,0.0,3.0,3.0,1.0,1.0,6.0,4.0,436.0,90.0,900.0,3,0,1,0,1,1,0,0,0,0,1,0,0,0,198.12,195.58,205.0,1.3125,0.125,0.6890625,0.5728125,0.0,0.3109375,0.0,0.6875,0.0,0.5,82.9375,56.96875,53.40625,29.4375,98.25,72.125,67.6875,42.46875,0.5,0.0,2.71875,1.46875,45.09375,26.375,31.3125,11.34375,23.84375,19.28125,13.1875,10.0625,14.0,11.3125,8.90625,8.03125,42.6875,24.53125,33.0,14.625,32.0,27.875,17.6875,12.90625,8.25,4.5625,2.71875,1.90625,116.5625,166.78125,512.71875,12,0,0,1,1,2,4,0,0,0,0,2,0,0,193.04,208.28,205.0,35.0,32.0,0,0,0,0,0,1,0,0,0,0,0,0,0,0,0,1,0,0,0,0,0,0,1,0
Red,False,0.0,0.5,0.3,0.52,0.0,0.33,0.0,0.0,0.5,0.0,107.0,30.5,62.5,32.5,140.0,58.0,68.5,37.5,2.5,0.0,3.0,2.0,67.5,10.5,43.0,19.0,15.5,5.0,11.5,7.0,24.0,15.0,8.0,6.5,95.5,25.5,43.5,19.0,11.5,5.0,3.5,3.5,0.0,0.0,15.5,10.0,33.5,225.0,617.0,5,0,0,2,0,0,2,0,0,0,0,0,0,0,177.8,182.88,145.0,0.0,0.0,0.64,0.58,0.0,0.5,0.0,1.0,0.0,0.0,14.0,9.0,12.0,7.0,25.0,19.0,34.0,28.0,0.0,0.0,2.0,1.0,14.0,9.0,9.0,5.0,0.0,0.0,1.0,0.0,0.0,0.0,2.0,2.0,8.0,3.0,5.0,3.0,1.0,1.0,0.0,0.0,5.0,5.0,7.0,4.0,4.0,118.0,169.0,1,0,0,1,0,0,1,0,0,0,0,0,0,0,170.18,185.42,145.0,25.0,29.0,0,0,1,0,0,0,0,0,0,0,0,0,0,0,0,0,0,1,0,0,0,0,1,0
Red,False,0.25,0.0,0.44,0.36875,0.2125,0.43125,1.5,2.5,1.625,0.125,70.375,33.25,47.0,17.25,100.125,55.375,75.5,38.125,4.0,1.5,6.125,2.875,55.25,22.25,36.5,10.625,9.375,5.625,9.5,6.125,5.75,5.375,1.0,0.5,61.125,27.125,42.375,14.625,3.5,3.0,3.875,2.625,5.75,3.125,0.75,0.0,271.625,316.875,900.0,12,0,3,0,3,3,1,0,0,0,3,0,0,0,177.8,182.88,145.0,0.5,0.0,0.4175,0.5125,0.25,0.1725,0.0,0.5,0.0,0.25,132.0,59.75,74.5,38.25,190.0,113.0,115.75,76.0,1.0,0.5,7.75,2.5,106.25,40.5,50.75,22.75,23.0,17.25,14.25,7.5,2.75,2.0,9.5,8.0,86.0,29.75,55.5,22.0,26.5,17.5,7.25,6.0,19.5,12.5,11.75,10.25,217.25,280.5,874.25,9,0,0,2,1,1,2,0,0,0,1,0,0,0,182.88,187.96,145.0,24.0,28.0,0,0,1,0,0,0,0,0,0,0,0,0,0,0,0,0,0,0,1,0,1,0,0,0
Blue,False,0.0,1.0,0.56,0.48,0.0,0.0,0.0,0.0,0.0,0.0,290.0,165.0,351.0,171.0,294.0,169.0,358.0,177.0,5.0,0.0,0.0,0.0,244.0,122.0,266.0,108.0,15.0,13.0,16.0,11.0,31.0,30.0,69.0,52.0,281.0,158.0,333.0,159.0,9.0,7.0,11.0,7.0,0.0,0.0,7.0,5.0,22.0,64.0,900.0,3,0,0,1,0,0,1,0,0,0,0,0,0,0,162.56,170.18,125.0,0.0,0.0,0.4575,0.3625,0.22375,0.63625,0.375,0.5625,0.0625,0.0,153.5,73.0625,186.125,67.25,166.8125,86.125,199.5,78.4375,6.4375,1.625,4.0,2.875,121.9375,47.9375,138.3125,35.0,17.0625,12.6875,31.4375,19.6875,14.5,12.4375,16.375,12.5625,129.125,58.0,160.25,48.6875,10.3125,5.75,14.875,11.1875,14.0625,9.3125,11.0,7.375,93.0,279.375,870.3125,14,0,0,1,3,3,2,0,0,0,3,0,0,0,162.56,157.48,125.0,25.0,30.0,0,0,0,0,0,0,0,0,0,0,0,0,1,0,0,1,0,0,0,0,1,0,0,0
Red,False,0.5,0.5,0.605,0.48,0.75,0.205,0.5,1.25,0.25,0.0,92.0,45.0,87.5,37.75,106.0,57.0,102.0,51.0,1.0,0.75,5.0,1.0,65.25,26.25,70.25,24.5,21.5,14.75,11.25,8.0,5.25,4.0,6.0,5.25,85.75,40.0,79.25,33.0,1.0,1.0,3.25,1.5,5.25,4.0,5.0,3.25,62.75,191.75,552.0,7,0,0,3,0,0,3,0,0,0,0,0,0,0,177.8,185.42,145.0,1.0,1.0,0.7,0.52,0.0,0.5,0.0,0.0,0.0,0.0,93.0,66.0,50.0,26.0,93.0,66.0,55.0,31.0,0.0,0.0,2.0,1.0,50.0,28.0,44.0,21.0,29.0,25.0,3.0,3.0,14.0,13.0,3.0,2.0,86.0,60.0,32.0,11.0,7.0,6.0,1.0,1.0,0.0,0.0,17.0,14.0,1.0,47.0,419.0,2,0,0,1,0,0,1,0,0,0,0,0,0,0,167.64,170.18,145.0,32.0,31.0,0,0,1,0,0,0,0,0,0,0,0,0,0,0,0,1,0,0,0,0,1,0,0,0
Blue,False,0.015625,0.0,0.45,0.4275,0.25,0.2,0.148468017578125,0.098388671875,0.0,0.0,66.5,29.6875,64.31230545043945,27.34375,89.75,48.0,85.53125,44.41152191162109,2.0,0.75,2.0546875,0.75,51.1875,18.3359375,49.6123046875,16.280410766601562,7.5,5.07647705078125,7.5,5.0,4.5,3.625,4.984375,3.9375,48.6875,17.0,47.11572265625,16.5,5.75,3.75,5.3125,3.4375,5.0625,3.5,3.875,2.5,99.2119140625,94.125,638.5,0,0,0,0,0,0,0,0,0,0,0,0,0,0,172.72,180.34,155.0,0.2286376953125,0.03125,0.5642523193359374,0.536199951171875,0.27265869140625,0.0743157958984375,0.02001953125,2.00408935546875,0.0010986328125,0.00390625,218.013427734375,124.95098876953124,197.27154541015625,113.53350830078124,238.029052734375,142.95794677734375,229.81732177734372,143.5562744140625,5.920654296875,2.258056640625,4.22442626953125,0.51263427734375,157.292724609375,78.6046142578125,163.458740234375,86.7247314453125,32.627197265625,21.8717041015625,21.41839599609375,16.83599853515625,28.093505859375,24.47467041015625,12.3944091796875,9.9727783203125,201.44342041015625,111.85711669921876,172.3812255859375,93.47003173828124,9.19683837890625,6.5980224609375,14.3848876953125,11.55853271484375,7.3731689453125,6.495849609375,10.50543212890625,8.50494384765625,277.45751953125,92.1005859375,1278.599365234375,37,0,1,0,4,10,5,0,0,1,1,6,2,0,182.88,190.5,155.0,34.0,30.0,0,0,0,0,0,0,1,0,0,0,0,0,0,0,0,1,0,0,0,0,0,0,0,1
Blue,False,0.5,0.0,0.4,0.355,0.5,0.0,0.5,0.0,0.0,0.0,176.0,72.5,104.5,37.5,177.0,73.5,105.0,38.0,2.0,0.5,1.5,0.0,138.0,45.5,85.5,25.5,36.0,25.5,6.0,2.5,2.0,1.5,13.0,9.5,171.0,70.0,99.5,34.0,5.0,2.5,5.0,3.5,0.0,0.0,0.0,0.0,22.5,24.5,874.5,6,0,2,0,2,2,0,0,0,0,1,1,0,0,187.96,190.5,185.0,0.5625,0.015625,0.4246875,0.4346875,0.05453125,0.0,0.0,0.0,0.0,0.015625,111.4609375,42.1171875,111.84375,50.0703125,127.796875,56.6328125,118.4296875,56.3125,2.84375,0.453125,0.71875,0.0,90.3046875,29.1640625,95.2734375,38.8046875,12.8984375,7.890625,12.6015625,7.6796875,8.2578125,5.0625,3.96875,3.5859375,104.59375,36.8828125,99.3671875,40.9140625,4.140625,2.7265625,11.703125,8.3828125,2.7265625,2.5078125,0.7734375,0.7734375,118.1015625,7.8828125,568.375,22,1,2,0,2,5,3,0,0,0,4,1,0,0,185.42,187.96,185.0,30.0,32.0,0,0,0,0,0,0,0,1,0,0,0,0,0,0,0,1,0,0,0,0,1,0,0,0
Red,False,0.00390625,0.0087890625,0.541943359375,0.383046875,0.52900390625,0.125,0.609375,0.546875,0.0,0.00390625,48.0166015625,26.3369140625,17.0166015625,9.6025390625,85.005859375,57.005859375,48.966796875,34.626953125,4.68359375,2.359375,0.125,0.125,35.9375,16.3837890625,15.83203125,8.7021484375,10.5966796875,8.611328125,1.01171875,0.7275390625,1.482421875,1.341796875,0.1728515625,0.1728515625,18.576171875,2.7470703125,10.4453125,3.9111328125,3.138671875,2.5888671875,2.3681640625,2.03515625,26.3017578125,21.0009765625,4.203125,3.65625,535.2607421875,28.2392578125,689.8671875,22,1,1,0,3,6,5,0,0,1,2,1,2,0,167.64,167.64,135.0,0.0,0.0,0.43203125,0.4740625,0.488125,0.3609375,0.15625,1.15625,0.0625,0.125,78.140625,31.03125,70.65625,31.3125,131.75,78.984375,97.703125,53.125,5.046875,2.390625,1.8125,1.234375,63.234375,19.9375,58.953125,20.8125,12.5625,9.796875,6.609375,6.4375,2.34375,1.296875,5.09375,4.0625,55.625,14.71875,58.671875,23.375,7.71875,6.59375,7.359375,4.8125,14.796875,9.71875,4.625,3.125,330.59375,182.890625,791.40625,16,1,4,0,4,5,2,0,0,0,3,2,0,0,167.64,175.26,135.0,40.0,31.0,0,0,0,0,0,0,0,0,0,0,1,0,0,0,0,1,0,0,0,0,1,0,0,0
Blue,False,0.009765625,0.0,0.495244140625,0.488505859375,0.74328125,0.25515625,0.1875,0.5400390625,0.078125,0.0,130.4677734375,59.546875,93.3623046875,40.7109375,158.3935546875,84.333984375,117.126953125,62.1201171875,2.22265625,1.45703125,1.6982421875,0.890625,74.4267578125,19.763671875,65.82421875,20.3544921875,21.8330078125,12.4462890625,17.630859375,12.333984375,34.2080078125,27.3369140625,9.9072265625,8.0224609375,121.9296875,53.669921875,88.5986328125,36.81640625,5.451171875,3.6728515625,3.470703125,2.740234375,3.0869140625,2.2041015625,1.29296875,1.154296875,135.095703125,88.8056640625,559.474609375,25,0,1,0,2,6,5,0,0,1,3,1,1,0,167.64,165.1,125.0,0.0,0.1259765625,0.31875732421875,0.4831494140625,0.029296875,0.4907568359374999,0.095703125,0.15234375,0.0,0.0,212.23388671875,67.921875,170.125732421875,78.3896484375,220.41748046875,74.45458984375,206.695556640625,104.764892578125,0.564453125,0.080078125,5.590576171875,2.78076171875,177.594970703125,43.8037109375,135.862060546875,53.703125,22.700927734375,14.593017578125,28.3037109375,19.42919921875,11.93798828125,9.525146484375,5.9599609375,5.25732421875,206.63134765625,64.523193359375,159.769775390625,71.105712890625,5.1689453125,3.058837890625,2.73583984375,2.096923828125,0.43359375,0.33984375,7.6201171875,5.18701171875,15.39501953125,298.561279296875,1128.0009765625,39,1,0,2,3,5,8,0,0,2,2,0,0,1,167.64,167.64,125.0,35.0,34.0,0,0,0,0,0,0,0,0,0,0,0,0,1,0,0,1,0,0,0,0,1,0,0,0
Red,False,1.09326171875,0.0,0.636923828125,0.2298681640625,0.0013671875,0.149453125,0.0,0.3134765625,0.03125,0.0,67.4736328125,39.1650390625,62.5146484375,31.83447265625,83.50634765625,54.38427734375,78.97021484375,46.5078125,0.09716796875,0.0029296875,2.662109375,0.875,54.37841796875,29.146484375,50.47119140625,23.77294921875,9.115234375,6.89013671875,9.91015625,6.93505859375,3.97998046875,3.12841796875,2.13330078125,1.12646484375,49.345703125,24.1455078125,37.96142578125,14.845703125,6.8056640625,6.1962890625,8.17724609375,5.39501953125,11.322265625,8.8232421875,16.3759765625,11.59375,20.53173828125,217.447265625,469.65283203125,25,4,7,0,7,10,2,0,1,0,1,8,0,0,175.26,187.96,155.0,0.06524658203125,0.00201416015625,0.5225306129455567,0.5415394997596741,0.1022792088985443,0.455715548992157,2.390918493270874,0.7622485160827637,0.0039082765579223,0.03125,194.73893547058103,112.434832572937,206.409423828125,112.06316387653352,230.5745335817337,146.6528024673462,234.83213126659396,137.77881395816803,4.765745997428894,0.7170652151107788,6.758134484291077,3.7773706912994394,172.0664359331131,94.65925252437592,156.37134408950806,73.8944274187088,18.180740356445312,13.833327651023865,35.122079610824585,24.750801920890808,4.491759181022644,3.942252397537232,14.916000127792358,13.4179345369339,169.24051368236542,90.86391746997832,186.78266429901123,96.66168177127838,14.494432806968687,12.723297834396362,11.80314552783966,8.704848051071167,11.003988981246948,8.847617268562317,7.823614001274109,6.69663405418396,119.52553451061247,328.45553410053253,1202.237241268158,58,2,4,0,4,18,6,0,1,0,6,8,3,0,175.26,182.88,155.0,32.0,32.0,0,0,0,0,0,0,1,0,0,0,0,0,0,0,0,0,0,1,0,0,0,0,1,0
Red,False,0.0,0.5,0.402060546875,0.4431298828125,0.4418408203125,0.281494140625,0.259765625,0.03125,0.2578125,0.0,53.17138671875,20.56005859375,61.93701171875,28.91552734375,99.28662109375,56.19287109375,80.51953125,45.37841796875,7.453125,2.8505859375,0.33740234375,0.298828125,46.7841796875,14.7158203125,54.30517578125,23.5244140625,3.99658203125,3.4736328125,3.7236328125,2.30517578125,2.390625,2.37060546875,3.908203125,3.0859375,46.4775390625,15.11181640625,42.67822265625,15.47265625,2.02587890625,1.86865234375,2.3330078125,1.80908203125,4.66796875,3.57958984375,16.92578125,11.6337890625,460.9326171875,88.419921875,767.3662109375,29,1,1,0,5,7,5,0,0,0,2,0,5,0,187.96,200.66,185.0,0.1875076293945312,1.0117263793945312,0.236583251953125,0.4058453369140625,0.0343789672851562,0.0164842224121093,0.0,0.26568603515625,0.0312576293945312,0.00048828125,80.09990692138672,23.641036987304688,94.64065551757812,44.38341522216797,85.21774291992188,28.127296447753903,100.25811767578124,49.8818588256836,3.2331314086914062,0.2865371704101562,1.690765380859375,0.11859130859375,68.32687377929688,15.642166137695312,71.55187225341797,26.368194580078125,5.362274169921875,2.6950225830078125,10.313011169433594,7.072425842285156,6.410758972167969,5.3038482666015625,12.775772094726562,10.942794799804688,72.67546844482422,19.880035400390625,82.36051177978516,35.39801025390625,5.220024108886719,2.181709289550781,8.900634765625,5.921119689941406,2.204414367675781,1.5792922973632812,3.3795089721679688,3.0642852783203125,62.407264709472656,56.901466369628906,645.5224609375,49,0,2,0,5,12,6,0,0,2,8,2,0,0,185.42,187.96,185.0,30.0,33.0,0,0,0,0,0,0,0,1,0,0,0,0,0,0,0,1,0,0,0,0,1,0,0,0
Red,False,0.0,0.5,0.39875,0.3924999999999999,0.40125,0.275,0.625,1.375,0.625,1.75,100.0,41.125,114.375,44.875,107.125,47.125,122.625,52.875,7.5,3.25,1.625,0.625,73.5,24.0,97.5,35.125,16.75,8.0,14.375,7.625,9.75,9.125,2.5,2.125,93.5,37.375,101.0,36.125,4.5,2.0,7.375,4.625,2.0,1.75,6.0,4.125,168.5,51.5,795.0,10,0,0,2,2,2,2,0,0,1,1,0,0,0,175.26,180.34,155.0,0.0,0.0,0.415,0.4525,0.165,0.11,0.0,0.0,0.0,0.0,135.5,60.5,68.5,25.75,179.5,101.5,89.5,45.25,8.25,1.25,5.5,1.0,105.5,38.25,52.5,15.25,17.75,11.0,13.5,8.5,12.25,11.25,2.5,2.0,116.5,46.5,58.75,19.75,7.75,6.0,5.75,4.25,11.25,8.0,4.0,1.75,239.0,115.75,900.0,9,0,0,1,2,2,1,0,0,0,2,0,0,0,170.18,182.88,155.0,30.0,24.0,0,0,0,0,0,0,1,0,0,0,0,0,0,0,0,1,0,0,0,0,1,0,0,0
Red,False,0.0,0.0,0.665,0.46625,0.7575000000000001,0.25,1.25,0.0,0.25,0.125,74.125,36.125,43.0,13.875,109.5,68.625,54.25,24.5,2.125,1.25,1.0,0.25,56.5,21.75,34.5,8.5,12.625,9.625,3.75,1.5,5.0,4.75,4.75,3.875,57.875,23.0,41.125,12.625,4.375,4.0,1.5,1.0,11.875,9.125,0.375,0.25,192.5,43.0,461.75,9,0,4,0,4,4,0,0,0,0,2,0,2,0,160.02,167.64,125.0,0.0625,0.0,0.485,0.52375,0.03125,0.4875,0.125,0.5625,0.125,0.0,115.375,55.625,90.375,47.25,146.875,85.5,151.625,102.3125,0.5625,0.125,6.75,3.375,87.75,33.625,70.9375,33.5625,15.8125,12.1875,13.875,9.75,11.8125,9.8125,5.5625,3.9375,80.1875,29.75,47.1875,16.125,15.8125,12.5,6.875,4.875,19.375,13.375,36.3125,26.25,65.4375,381.6875,900.0,15,0,0,1,2,2,3,0,0,0,2,0,0,0,167.64,165.1,115.0,27.0,33.0,0,0,0,0,0,0,0,0,0,0,0,0,0,1,0,1,0,0,0,0,1,0,0,0
Red,False,0.0,0.0,0.55,0.42,0.18,0.0,0.0,0.0,0.0,0.0,119.0,66.0,121.0,52.0,126.0,73.0,125.0,56.0,11.0,2.0,0.0,0.0,61.0,19.0,71.0,14.0,25.0,17.0,31.0,22.0,33.0,30.0,19.0,16.0,115.0,64.0,119.0,51.0,2.0,1.0,2.0,1.0,2.0,1.0,0.0,0.0,29.0,43.0,900.0,3,0,0,1,0,0,1,0,0,0,0,0,0,0,162.56,167.64,125.0,0.0,0.0,0.42,0.18,1.0,0.0,1.0,0.0,0.0,1.0,28.0,12.0,16.0,3.0,46.0,28.0,18.0,5.0,1.0,1.0,0.0,0.0,24.0,8.0,11.0,1.0,2.0,2.0,1.0,1.0,2.0,2.0,4.0,1.0,25.0,10.0,16.0,3.0,0.0,0.0,0.0,0.0,3.0,2.0,0.0,0.0,141.0,22.0,282.0,1,0,1,0,1,1,0,0,0,0,0,0,1,0,165.1,172.72,125.0,32.0,27.0,0,0,0,1,0,0,0,0,0,0,0,0,0,0,0,0,0,0,1,0,1,0,0,0
Blue,False,0.0,1.25,0.5375,0.64,0.0,0.25,0.0,0.0,0.0,0.0,21.5,11.5,24.5,16.0,31.75,21.25,25.5,17.0,0.0,0.0,0.25,0.25,8.75,1.5,15.75,7.75,4.75,3.0,4.5,4.0,8.0,7.0,4.25,4.25,17.5,8.25,15.0,8.25,4.0,3.25,7.75,6.25,0.0,0.0,1.75,1.5,16.0,33.75,181.5,3,0,0,3,0,0,3,0,0,0,0,0,0,0,190.5,187.96,205.0,1.08984375,0.125,0.4425390624999999,0.5153515625,0.0,0.426484375,0.03125,0.00390625,0.0,0.0,53.953125,25.26171875,37.046875,15.83984375,56.1328125,27.0703125,40.0859375,18.62890625,0.0,0.0,2.9296875,2.09375,35.2734375,10.8828125,32.45703125,12.35546875,6.9921875,4.66015625,3.5625,2.6015625,11.6875,9.71875,1.02734375,0.8828125,47.15625,22.171875,25.26171875,7.8515625,3.30078125,1.64453125,1.75,0.96875,3.49609375,1.4453125,10.03515625,7.01953125,18.0078125,50.87109375,360.76171875,15,1,0,2,2,4,5,0,0,0,1,3,0,0,185.42,193.04,205.0,32.0,30.0,0,0,0,0,0,1,0,0,0,0,0,0,0,0,0,1,0,0,0,0,0,0,1,0
Blue,False,0.0,0.0,0.495,0.3425,0.1674999999999999,0.25,0.0,0.5,0.0,0.0,152.75,69.75,106.0,36.0,186.5,97.75,133.75,56.75,6.75,2.25,9.25,3.25,132.25,52.75,86.0,22.25,10.25,9.0,15.0,11.0,10.25,8.0,5.0,2.75,133.5,54.0,95.0,27.5,10.5,8.25,5.25,4.5,8.75,7.5,5.75,4.0,231.75,87.5,900.0,9,0,3,0,3,3,0,0,0,0,3,0,0,0,170.18,182.88,145.0,0.0626220703125,0.2509815692901611,0.3759926855564117,0.5155251061916352,0.1871291518211364,0.0172376453876495,0.2197631597518921,0.2684625387191772,0.015625,0.2504960298538208,126.48416113853456,45.44696831703186,105.20626640319824,52.02414083480835,139.38570427894592,55.84668743610382,114.70688819885254,60.5070230960846,8.447746992111206,1.280564785003662,0.6231030225753784,0.0776029825210571,100.69944977760316,25.537063002586365,91.7458349466324,42.41482377052307,17.508389115333557,12.548093557357788,11.75723159313202,7.9925477504730225,8.27632224559784,7.3618117570877075,1.703199863433838,1.616769313812256,112.21507489681244,34.33338403701782,94.83480620384216,44.22360062599182,10.43473994731903,7.981829881668091,7.191722989082336,4.654743432998657,3.834346294403076,3.1317543983459477,3.1797372102737427,3.145796775817871,132.73278629779816,74.65631866455078,741.1738204956055,64,0,1,0,4,14,10,0,0,2,7,3,2,0,172.72,172.72,145.0,26.0,36.0,0,1,0,0,0,0,0,0,0,0,0,0,0,0,0,1,0,0,0,0,1,0,0,0
Red,False,0.015625,0.0,0.45,0.4275,0.25,0.2,0.148468017578125,0.098388671875,0.0,0.0,66.5,29.6875,64.31230545043945,27.34375,89.75,48.0,85.53125,44.41152191162109,2.0,0.75,2.0546875,0.75,51.1875,18.3359375,49.6123046875,16.280410766601562,7.5,5.07647705078125,7.5,5.0,4.5,3.625,4.984375,3.9375,48.6875,17.0,47.11572265625,16.5,5.75,3.75,5.3125,3.4375,5.0625,3.5,3.875,2.5,99.2119140625,94.125,638.5,0,0,0,0,0,0,0,0,0,0,0,0,0,0,170.18,170.18,135.0,0.125,0.15625,0.436875,0.4946875,0.4771875,0.2896875,0.03125,0.0,0.03125,0.5,124.9375,53.96875,119.0,53.53125,141.34375,69.9375,126.6875,60.40625,10.65625,5.53125,2.5625,0.5,103.1875,37.0,102.21875,41.09375,13.96875,10.0625,14.34375,10.90625,7.78125,6.90625,2.4375,1.53125,112.21875,42.8125,113.875,50.28125,6.71875,5.625,3.6875,2.15625,6.0,5.53125,1.4375,1.09375,241.09375,25.21875,793.25,16,0,3,0,3,4,2,0,0,1,2,1,0,0,167.64,175.26,135.0,28.0,28.0,1,0,0,0,0,0,0,0,0,0,0,0,0,0,0,1,0,0,0,0,1,0,0,0
Red,False,0.65625,0.0,0.6365624999999999,0.3053125,0.0,0.015625,0.03125,0.03125,0.03125,0.03125,32.859375,18.015625,32.734375,11.90625,35.5625,20.53125,39.78125,17.125,0.46875,0.0,0.609375,0.09375,26.859375,13.484375,25.625,7.828125,4.4375,3.09375,3.515625,1.921875,1.5625,1.4375,3.59375,2.15625,26.3125,13.0,25.15625,6.703125,2.09375,1.46875,1.453125,0.953125,4.453125,3.546875,6.125,4.25,19.328125,73.25,242.734375,11,0,3,0,3,5,2,0,0,0,1,4,0,0,190.5,185.42,185.0,0.002197265625,0.002197265625,0.34682373046875,0.4635595703125,0.4775830078125,0.2308935546875,0.004150390625,0.068115234375,0.0,0.01953125,114.2451171875,39.595703125,76.1884765625,35.6455078125,136.73291015625,60.826171875,105.01220703125,62.076416015625,5.769287109375,2.883544921875,10.67626953125,3.2529296875,97.716552734375,28.714111328125,57.897705078125,23.605712890625,13.157958984375,7.7724609375,12.41015625,6.6396484375,3.37060546875,3.109130859375,5.880615234375,5.400146484375,100.605712890625,29.72509765625,65.168701171875,26.736572265625,9.119873046875,6.92822265625,4.037841796875,2.522216796875,4.51953125,2.9423828125,6.98193359375,6.38671875,121.537841796875,290.829833984375,898.320068359375,33,0,1,0,3,8,5,0,0,1,5,2,0,0,182.88,185.42,185.0,29.0,33.0,0,0,0,0,0,0,0,1,0,0,0,0,0,0,0,0,0,1,0,0,1,0,0,0
Red,False,0.0,0.0,0.55,0.5,1.0,0.25,0.0,0.0,0.0,0.0,177.0,98.0,133.0,67.0,194.0,114.0,136.0,70.0,4.0,4.0,4.0,1.0,118.0,51.0,108.0,49.0,36.0,25.0,6.0,6.0,23.0,22.0,19.0,12.0,151.0,78.0,119.0,61.0,20.0,14.0,14.0,6.0,6.0,6.0,0.0,0.0,292.0,91.0,900.0,3,0,1,0,1,1,0,0,0,0,1,0,0,0,185.42,193.04,170.0,0.2509765625,0.0,0.3635546875,0.4717578125,0.63666015625,0.530390625,1.03125,0.515625,0.0,0.5,61.2783203125,27.11328125,52.2080078125,24.3916015625,68.927734375,33.1611328125,60.7490234375,32.759765625,1.931640625,1.6943359375,1.2392578125,0.58203125,41.4287109375,13.552734375,41.2119140625,16.5146484375,7.3330078125,4.630859375,8.41796875,6.0849609375,12.5166015625,8.9296875,2.578125,1.7919921875,55.947265625,22.724609375,41.099609375,17.4091796875,3.9794921875,3.3330078125,7.2607421875,4.837890625,1.3515625,1.0556640625,3.84765625,2.14453125,158.990234375,67.146484375,549.8701171875,27,1,4,0,4,7,4,0,0,0,2,1,3,1,180.34,182.88,170.0,33.0,30.0,0,0,0,0,0,0,0,0,0,1,0,0,0,0,0,1,0,0,0,0,1,0,0,0
Red,False,0.75,0.0,0.48375,0.35125,0.0,0.0,0.0,0.0,0.0,0.0,77.125,29.75,105.25,37.25,77.75,30.375,105.75,37.75,0.5,0.0,0.5,0.0,64.75,21.75,79.0,20.625,10.0,5.75,9.25,2.75,2.375,2.25,17.0,13.875,62.75,20.0,102.375,35.25,3.125,2.0,2.5,1.75,11.25,7.75,0.375,0.25,24.375,2.375,400.0,9,0,0,2,2,2,2,0,0,0,0,2,0,0,170.18,172.72,125.0,0.0,0.515625,0.34125,0.591875,0.140625,0.55265625,0.546875,0.015625,0.0,0.0,50.953125,18.59375,52.453125,24.84375,60.125,27.1875,55.34375,27.71875,0.765625,0.140625,0.984375,0.59375,41.859375,13.578125,47.125,20.90625,4.640625,1.703125,1.0,0.640625,4.453125,3.3125,4.328125,3.296875,48.953125,17.03125,47.125,20.171875,0.984375,0.5625,0.8125,0.6875,1.015625,1.0,4.515625,3.984375,4.09375,58.625,266.046875,11,0,0,2,4,4,3,0,0,1,1,0,2,0,172.72,177.8,125.0,37.0,31.0,0,0,0,1,0,0,0,0,0,0,0,0,0,0,0,1,0,0,0,0,1,0,0,0
Blue,False,0.125,0.0,0.5249999999999999,0.4225,0.32,0.08,0.0,0.0,0.0,0.125,133.375,71.0,190.625,81.25,144.0,80.875,203.75,92.125,2.875,1.125,4.125,0.5,108.125,49.0,143.75,46.125,12.125,10.375,26.125,16.75,13.125,11.625,20.75,18.375,129.0,67.875,178.5,73.0,2.75,1.75,10.625,7.125,1.625,1.375,1.5,1.125,48.875,51.0,868.5,12,0,2,0,2,3,1,0,0,0,2,1,0,0,162.56,172.72,125.0,0.125,0.015625,0.3302734375,0.4890625,0.448515625,0.557578125,0.00390625,0.1328125,0.4375,1.44140625,147.93359375,47.734375,158.03515625,77.8046875,226.10546875,106.94140625,178.859375,97.515625,4.7578125,2.3125,2.84765625,2.0625,137.5625,42.4296875,117.4140625,46.06640625,7.18359375,2.7578125,22.9453125,14.8203125,3.1875,2.546875,17.67578125,16.91796875,140.55078125,43.1484375,146.3203125,69.16796875,3.640625,1.5859375,6.52734375,4.75390625,3.7421875,3.0,5.1875,3.8828125,321.4921875,100.89453125,899.3125,28,1,0,2,1,4,5,0,0,1,2,1,0,0,170.18,175.26,125.0,34.0,38.0,0,0,0,0,0,0,0,0,0,0,0,0,1,0,0,1,0,0,0,0,1,0,0,0
Red,False,0.0,1.0,0.4600000000000001,0.65,0.0,0.5,0.0,0.5,0.0,0.0,7.5,3.75,32.25,20.0,7.75,4.0,41.25,28.5,2.25,0.0,0.5,0.5,2.5,0.0,31.0,18.75,2.75,1.75,1.0,1.0,2.25,2.0,0.25,0.25,6.25,3.0,15.0,7.75,1.25,0.75,3.75,3.5,0.0,0.0,13.5,8.75,55.75,73.75,178.0,3,0,0,3,0,0,3,0,0,0,0,0,0,0,193.04,193.04,205.0,0.0,1.0,0.645,0.79,0.0,0.0,0.0,0.0,0.0,0.0,30.5,11.5,51.0,33.0,39.0,19.5,54.0,36.0,0.0,0.0,0.0,0.0,27.5,9.0,33.5,18.5,3.0,2.5,10.0,9.0,0.0,0.0,7.5,5.5,26.5,8.0,40.5,23.5,4.0,3.5,9.0,8.0,0.0,0.0,1.5,1.5,29.0,6.5,220.0,3,0,0,2,0,0,2,0,0,0,0,0,0,0,185.42,185.42,225.0,31.0,36.0,0,0,0,0,0,1,0,0,0,0,0,0,0,0,0,1,0,0,0,0,1,0,0,0
Red,False,0.0312538146972656,0.1298828125,0.607942705154419,0.4830985569953918,0.3713396739959717,0.2117841649055481,0.009796142578125,0.0079443454742431,6.127357482910156e-05,0.5004997253417969,107.99656462669373,62.225252628326416,64.61701703071594,30.28288221359253,148.75518012046814,101.34034299850464,76.88841676712036,41.00459575653076,6.228290319442749,2.602824211120605,1.4706850051879885,0.5264339447021484,78.99010801315308,36.62817430496216,52.54654121398926,20.47492504119873,19.388256549835205,17.200637102127075,4.924897432327271,3.811076641082764,9.618200063705444,8.396441221237183,7.145578384399414,5.996880531311035,84.44064903259277,40.76683807373047,55.36026906967163,23.032639503479004,16.14632773399353,14.469608783721924,5.851892471313477,4.392631769180298,7.409587860107422,6.988805770874023,3.404855489730835,2.8576109409332275,328.879869222641,159.3904254436493,883.5130150318146,61,0,1,0,7,17,6,0,0,1,10,5,1,0,190.5,203.2,170.0,0.000244140625,0.0,0.368837890625,0.435556640625,0.7221447753906249,0.161025390625,0.1654052734375,0.291015625,0.25048828125,0.134765625,48.6629638671875,18.967041015625,27.6165771484375,11.420166015625,95.5582275390625,56.01220703125,43.4920654296875,22.735595703125,6.592041015625,4.927001953125,1.12451171875,0.3017578125,44.3414306640625,16.275390625,17.4644775390625,2.6785888671875,3.6197509765625,2.0528564453125,3.4918212890625,2.680419921875,0.7017822265625,0.6387939453125,6.6602783203125,6.0611572265625,30.2108154296875,6.694091796875,23.679931640625,8.7010498046875,3.079833984375,1.76904296875,1.7279052734375,0.9224853515625,15.372314453125,10.50390625,2.208740234375,1.796630859375,530.5723876953125,72.5682373046875,765.479736328125,30,1,2,0,3,10,4,0,0,0,4,0,6,0,185.42,190.5,170.0,33.0,33.0,0,0,0,0,0,0,0,0,0,1,0,0,0,0,0,1,0,0,0,0,0,0,1,0
Red,False,0.046875,0.0,0.4078125,0.43953125,0.135,0.3365625,0.0,0.4375,0.015625,0.0,144.0625,61.15625,149.5,64.484375,158.21875,74.75,199.046875,112.828125,0.796875,0.28125,5.953125,1.921875,108.203125,38.859375,110.03125,36.15625,23.6875,13.515625,25.640625,17.546875,12.171875,8.78125,13.828125,10.78125,138.484375,56.75,131.796875,50.09375,3.734375,3.203125,7.65625,6.609375,1.84375,1.203125,10.046875,7.78125,20.515625,163.421875,800.15625,19,0,0,1,2,4,3,0,0,0,3,1,0,0,170.18,172.72,145.0,0.0,0.5,0.45,0.355,0.25,0.375,1.0,0.0,0.5,0.5,59.0,25.0,43.5,16.0,79.0,44.5,48.5,19.0,1.0,0.5,5.0,3.0,43.5,13.0,35.0,11.5,12.5,9.0,4.0,1.5,3.0,3.0,4.5,3.0,42.5,13.0,31.0,8.5,2.5,2.0,6.5,4.0,14.0,10.0,6.0,3.5,325.5,36.0,579.0,4,0,0,1,1,1,1,0,0,0,0,1,0,0,175.26,185.42,145.0,35.0,29.0,0,0,1,0,0,0,0,0,0,0,0,0,0,0,0,1,0,0,0,0,1,0,0,0
Red,False,0.0,1.0,0.33,0.66,0.0,0.0,0.0,0.0,0.0,0.0,6.0,2.0,3.0,2.0,6.0,2.0,3.0,2.0,0.0,0.0,0.0,0.0,5.0,1.0,3.0,2.0,0.0,0.0,0.0,0.0,1.0,1.0,0.0,0.0,6.0,2.0,2.0,1.0,0.0,0.0,0.0,0.0,0.0,0.0,1.0,1.0,0.0,2.0,32.0,1,0,0,1,0,0,1,0,0,0,0,0,0,0,165.1,165.1,125.0,0.5,0.0,0.5475,0.205,0.25,0.1,0.5,0.25,0.25,0.0,55.75,32.25,36.5,13.75,59.25,35.25,41.0,17.25,0.25,0.25,2.0,0.5,46.5,25.5,31.25,10.75,4.5,2.5,3.25,1.5,4.75,4.25,2.0,1.5,39.25,21.5,21.25,5.25,1.0,0.75,1.5,1.0,15.5,10.0,13.75,7.5,62.0,111.25,353.75,6,0,0,1,2,2,1,0,0,0,1,1,0,0,172.72,182.88,125.0,28.0,25.0,0,0,0,1,0,0,0,0,0,0,0,0,0,0,0,0,0,1,0,0,0,0,1,0
Red,False,0.0,1.0,0.37,0.5,0.0,0.0,0.0,0.0,0.0,0.0,80.0,30.0,72.0,36.0,81.0,31.0,72.0,36.0,0.0,0.0,0.0,0.0,45.0,9.0,58.0,27.0,11.0,2.0,12.0,7.0,24.0,19.0,2.0,2.0,79.0,29.0,47.0,18.0,1.0,1.0,3.0,3.0,0.0,0.0,22.0,15.0,0.0,23.0,334.0,2,0,0,1,0,0,1,0,0,0,0,0,0,0,177.8,182.88,145.0,0.0471682548522949,0.0,0.45,0.4217682266235352,0.25,0.19173828125,0.1875,0.125,0.0,0.0,69.5,30.5,66.984375,27.8466796875,94.0,48.544921875,88.50390625,44.75,2.0,0.8125,2.015625,0.6640625,54.0,19.01513671875,51.483436584472656,16.9437255859375,7.91796875,5.430633544921875,7.75,5.0625,4.780975341796875,3.9373779296875,4.8994140625,3.84375,51.025390625,18.400863647460938,50.515625,17.5,5.75,3.75,5.5,3.5,5.375,3.6875,4.0,2.65625,104.865234375,89.5,655.8441009521484,0,0,0,0,0,0,0,0,0,0,0,0,0,0,167.64,175.26,135.0,25.0,31.0,0,0,0,1,0,0,0,0,0,0,0,0,0,0,0,0,0,1,0,0,0,0,1,0
Red,False,0.015625,0.0,0.45,0.4275,0.25,0.2,0.148468017578125,0.098388671875,0.0,0.0,66.5,29.6875,64.31230545043945,27.34375,89.75,48.0,85.53125,44.41152191162109,2.0,0.75,2.0546875,0.75,51.1875,18.3359375,49.6123046875,16.280410766601562,7.5,5.07647705078125,7.5,5.0,4.5,3.625,4.984375,3.9375,48.6875,17.0,47.11572265625,16.5,5.75,3.75,5.3125,3.4375,5.0625,3.5,3.875,2.5,99.2119140625,94.125,638.5,0,0,0,0,0,0,0,0,0,0,0,0,0,0,177.8,177.8,155.0,1.0,0.0,0.4549999999999999,0.46,0.5,0.25,0.0,0.5,0.0,0.0,133.0,76.0,164.5,68.5,136.5,79.0,182.5,85.0,1.0,1.0,4.0,1.5,97.5,50.5,130.0,40.5,26.5,19.0,14.5,11.0,9.0,6.5,20.0,17.0,107.5,54.5,145.5,54.0,10.0,9.5,8.0,6.0,15.5,12.0,11.0,8.5,58.0,163.5,720.0,5,0,0,1,1,1,1,0,0,0,0,1,0,0,182.88,182.88,145.0,25.0,28.0,0,0,0,0,0,0,1,0,0,0,0,0,0,0,0,1,0,0,0,0,1,0,0,0
Red,False,0.0,0.5,0.424375,0.44125,0.06125,0.070625,0.21875,0.0,0.0,0.0,59.125,25.6875,77.90625,34.25,62.9375,29.25,85.90625,41.1875,1.375,0.21875,2.78125,0.5625,45.25,15.21875,54.9375,18.84375,10.9375,7.65625,8.09375,5.875,2.9375,2.8125,14.875,9.53125,48.84375,18.03125,63.0,22.90625,9.21875,6.9375,9.46875,7.40625,1.0625,0.71875,5.4375,3.9375,48.25,143.84375,464.625,13,0,0,1,1,2,4,0,0,0,0,0,2,0,185.42,185.42,185.0,0.5,0.5,0.485,0.54,0.33,0.165,0.0,0.0,0.0,0.0,34.5,19.0,48.5,28.5,56.5,38.5,86.5,61.5,4.0,2.0,1.5,0.5,26.5,13.0,34.0,18.0,7.5,5.5,11.0,8.0,0.5,0.5,3.5,2.5,20.0,6.0,34.5,15.5,1.5,1.5,3.5,3.0,13.0,11.5,10.5,10.0,241.5,168.0,635.5,6,0,1,0,1,1,1,0,0,0,0,1,0,0,172.72,193.04,185.0,32.0,33.0,0,0,0,0,0,0,0,1,0,0,0,0,0,0,0,1,0,0,0,0,1,0,0,0
Red,False,0.015625,0.0,0.45,0.4275,0.25,0.2,0.148468017578125,0.098388671875,0.0,0.0,66.5,29.6875,64.31230545043945,27.34375,89.75,48.0,85.53125,44.41152191162109,2.0,0.75,2.0546875,0.75,51.1875,18.3359375,49.6123046875,16.280410766601562,7.5,5.07647705078125,7.5,5.0,4.5,3.625,4.984375,3.9375,48.6875,17.0,47.11572265625,16.5,5.75,3.75,5.3125,3.4375,5.0625,3.5,3.875,2.5,99.2119140625,94.125,638.5,0,0,0,0,0,0,0,0,0,0,0,0,0,0,167.64,167.64,135.0,0.0471682548522949,0.0,0.45,0.4217682266235352,0.25,0.19173828125,0.1875,0.125,0.0,0.0,69.5,30.5,66.984375,27.8466796875,94.0,48.544921875,88.50390625,44.75,2.0,0.8125,2.015625,0.6640625,54.0,19.01513671875,51.483436584472656,16.9437255859375,7.91796875,5.430633544921875,7.75,5.0625,4.780975341796875,3.9373779296875,4.8994140625,3.84375,51.025390625,18.400863647460938,50.515625,17.5,5.75,3.75,5.5,3.5,5.375,3.6875,4.0,2.65625,104.865234375,89.5,655.8441009521484,0,0,0,0,0,0,0,0,0,0,0,0,0,0,172.72,172.72,135.0,31.0,24.0,1,0,0,0,0,0,0,0,0,0,0,0,0,0,0,1,0,0,0,0,1,0,0,0
Blue,False,0.015625,0.0,0.45,0.4275,0.25,0.2,0.148468017578125,0.098388671875,0.0,0.0,66.5,29.6875,64.31230545043945,27.34375,89.75,48.0,85.53125,44.41152191162109,2.0,0.75,2.0546875,0.75,51.1875,18.3359375,49.6123046875,16.280410766601562,7.5,5.07647705078125,7.5,5.0,4.5,3.625,4.984375,3.9375,48.6875,17.0,47.11572265625,16.5,5.75,3.75,5.3125,3.4375,5.0625,3.5,3.875,2.5,99.2119140625,94.125,638.5,0,0,0,0,0,0,0,0,0,0,0,0,0,0,170.18,170.18,125.0,0.0471682548522949,0.0,0.45,0.4217682266235352,0.25,0.19173828125,0.1875,0.125,0.0,0.0,69.5,30.5,66.984375,27.8466796875,94.0,48.544921875,88.50390625,44.75,2.0,0.8125,2.015625,0.6640625,54.0,19.01513671875,51.483436584472656,16.9437255859375,7.91796875,5.430633544921875,7.75,5.0625,4.780975341796875,3.9373779296875,4.8994140625,3.84375,51.025390625,18.400863647460938,50.515625,17.5,5.75,3.75,5.5,3.5,5.375,3.6875,4.0,2.65625,104.865234375,89.5,655.8441009521484,0,0,0,0,0,0,0,0,0,0,0,0,0,0,165.1,162.56,125.0,30.0,30.0,0,0,0,0,0,0,0,0,0,0,0,0,1,0,0,1,0,0,0,0,1,0,0,0
Blue,False,0.015625,0.0,0.45,0.4275,0.25,0.2,0.148468017578125,0.098388671875,0.0,0.0,66.5,29.6875,64.31230545043945,27.34375,89.75,48.0,85.53125,44.41152191162109,2.0,0.75,2.0546875,0.75,51.1875,18.3359375,49.6123046875,16.280410766601562,7.5,5.07647705078125,7.5,5.0,4.5,3.625,4.984375,3.9375,48.6875,17.0,47.11572265625,16.5,5.75,3.75,5.3125,3.4375,5.0625,3.5,3.875,2.5,99.2119140625,94.125,638.5,0,0,0,0,0,0,0,0,0,0,0,0,0,0,172.72,177.8,135.0,0.0,0.0,0.4575,0.4675,0.125,0.1775,0.25,0.0,0.0,0.0,156.75,71.5,129.0,60.25,171.0,85.25,184.5,108.25,2.75,0.25,4.0,1.25,112.0,36.25,116.75,51.0,30.25,23.75,10.5,8.0,14.5,11.5,1.75,1.25,134.0,53.5,108.0,43.25,22.5,17.75,18.0,14.75,0.25,0.25,3.0,2.25,92.25,148.5,735.0,7,0,0,1,1,1,2,0,0,0,0,0,1,0,172.72,167.64,125.0,25.0,24.0,0,0,0,0,0,0,0,0,0,0,1,0,0,0,0,1,0,0,0,0,1,0,0,0
Red,False,0.0,0.0,0.63,0.31,0.5,0.0,0.0,0.0,0.0,0.0,134.0,85.0,41.0,13.0,167.0,109.0,49.0,21.0,2.0,1.0,0.0,0.0,114.0,66.0,28.0,5.0,12.0,11.0,11.0,6.0,8.0,8.0,2.0,2.0,67.0,39.0,38.0,10.0,20.0,17.0,3.0,3.0,47.0,29.0,0.0,0.0,205.0,18.0,495.0,2,0,1,0,1,1,0,0,0,0,0,1,0,0,185.42,187.96,185.0,2.0,0.0,0.59,0.47,1.0,0.0,0.0,0.0,0.0,1.0,44.0,26.0,17.0,8.0,46.0,26.0,20.0,11.0,1.0,1.0,0.0,0.0,37.0,20.0,11.0,4.0,7.0,6.0,4.0,3.0,0.0,0.0,2.0,1.0,19.0,10.0,12.0,3.0,3.0,2.0,4.0,4.0,22.0,14.0,1.0,1.0,74.0,18.0,197.0,1,0,1,0,1,1,0,0,0,0,0,1,0,0,180.34,182.88,185.0,26.0,28.0,0,0,0,0,0,0,0,1,0,0,0,0,0,0,0,1,0,0,0,0,0,0,1,0
Red,False,0.5,0.5,0.66,0.48,0.0,0.0,0.0,0.0,0.0,0.0,12.0,8.0,11.5,5.5,17.5,13.5,12.5,6.5,0.0,0.0,0.0,0.0,8.5,5.0,7.0,2.5,1.0,0.5,3.0,2.0,2.5,2.5,1.5,1.0,7.0,5.0,9.5,5.5,3.5,2.5,2.0,0.0,1.5,0.5,0.0,0.0,35.5,6.0,124.5,2,0,0,1,1,1,1,0,0,0,0,1,0,0,182.88,187.96,264.0,0.0,0.0,0.4,0.48,0.0,0.21,0.0,0.0,0.0,0.0,149.0,61.0,124.5,60.5,154.0,66.0,213.5,139.0,0.0,0.0,4.0,1.5,117.0,34.5,110.0,48.0,26.0,21.0,6.0,4.5,6.0,5.5,8.5,8.0,141.0,54.5,110.0,47.5,8.0,6.5,2.0,1.5,0.0,0.0,12.5,11.5,44.0,242.5,900.0,6,0,0,1,1,1,1,0,0,0,1,0,0,0,182.88,190.5,245.0,27.0,26.0,0,0,0,0,1,0,0,0,0,0,0,0,0,0,0,0,0,1,0,0,1,0,0,0
Red,False,0.1881270408630371,1.188720703125,0.5546803197264671,0.5202025324106216,0.1744289952516556,0.0101738983392715,0.0747528374195098,1.0322430431842804,0.015665054321289,3.671646118164063e-05,56.549409449100494,31.583610236644745,56.358944058418274,28.3164781332016,60.48771610856056,34.94902276992798,68.05251425504684,39.19383704662323,0.9355891942977904,0.516913503408432,0.7809183597564697,0.0860340297222137,47.3891207575798,24.326579064130783,42.79830670356751,17.93458667397499,8.512875735759735,6.709662973880768,6.5007882714271545,3.826058089733124,0.6474129557609558,0.547368198633194,7.059849083423615,6.5558333694934845,39.43557569384575,18.922045528888702,47.29831224679947,21.46625924110413,10.637997925281525,7.978861033916473,1.572063535451889,0.8494684994220734,6.475835829973221,4.682703673839569,7.488568276166916,6.0007503926754,120.8528590798378,60.49869883060455,401.9071006178856,58,0,1,0,7,15,11,0,0,0,2,11,2,0,182.88,190.5,170.0,0.51043701171875,0.019561767578125,0.3597830200195313,0.4552049255371094,0.1301753234863281,0.4036341857910156,0.383026123046875,0.4141998291015625,0.37762451171875,0.0001068115234375,140.37017822265625,52.776947021484375,110.3397216796875,49.57440185546875,150.473388671875,62.60731506347656,117.433349609375,55.03306579589844,0.152496337890625,0.14068603515625,2.2795562744140625,1.820404052734375,104.4968719482422,29.007797241210938,52.842041015625,9.934616088867188,21.32051086425781,10.779815673828123,27.64886474609375,15.638442993164062,14.55279541015625,12.989334106445312,29.84881591796875,24.0013427734375,135.28848266601562,49.77369689941406,103.6619873046875,45.70933532714844,2.448471069335937,1.313232421875,1.467681884765625,1.142242431640625,2.6332244873046875,1.6900177001953125,5.210052490234375,2.7228240966796875,31.207733154296875,115.77737426757812,694.5741882324219,48,3,0,1,5,8,9,0,0,1,2,4,0,1,187.96,190.5,170.0,40.0,36.0,0,0,0,0,0,0,0,0,0,1,0,0,0,0,0,1,0,0,0,0,1,0,0,0
Blue,False,0.125,0.0,0.409375,0.358125,0.285625,0.5375,1.125,0.5,0.0,0.0,76.6875,31.3125,87.75,30.5625,106.75,56.6875,99.625,40.875,9.5625,2.5,1.4375,0.6875,66.4375,23.75,61.875,13.8125,6.875,5.3125,5.8125,2.5,3.375,2.25,20.0625,14.25,62.375,20.5,82.6875,27.6875,10.0625,7.75,3.4375,1.8125,4.25,3.0625,1.625,1.0625,298.875,30.6875,900.0,15,0,3,0,3,4,1,0,0,0,4,0,0,0,177.8,193.04,170.0,0.25,0.25,0.315,0.4475,0.1,0.625,2.25,0.25,0.25,0.0,67.5,27.5,81.75,35.5,88.0,46.75,104.75,52.25,2.25,0.5,1.5,0.75,56.0,18.25,68.0,24.25,10.0,7.75,4.25,4.0,1.5,1.5,9.5,7.25,58.0,21.25,66.75,25.75,7.75,5.0,3.25,1.0,1.75,1.25,11.75,8.75,52.75,205.5,521.75,7,0,0,2,1,1,2,0,0,0,0,0,1,0,182.88,190.5,170.0,33.0,30.0,0,0,0,0,0,0,0,0,0,1,0,0,0,0,0,0,0,1,0,0,1,0,0,0
Blue,False,0.0390625,0.5,0.363984375,0.3771875,0.142734375,0.008671875,0.0,0.1484375,0.0,0.0078125,127.90625,46.1875,138.28125,51.8125,130.7421875,48.640625,156.4453125,69.578125,2.4765625,0.5625,1.3671875,0.0390625,104.0390625,30.6015625,107.65625,28.8828125,14.96875,7.8359375,20.5703125,13.78125,8.8984375,7.75,10.0546875,9.1484375,121.53125,41.7421875,132.7265625,48.1484375,5.65625,4.171875,5.5390625,3.6484375,0.71875,0.2734375,0.015625,0.015625,40.8203125,37.5859375,873.46875,21,0,0,1,2,3,5,0,0,2,0,1,0,0,182.88,187.96,185.0,1.25,0.5,0.4225,0.4225,0.125,0.0,0.0,0.0,0.0,0.0,93.5,38.75,76.75,35.75,102.0,47.0,89.5,47.25,2.0,0.25,0.5,0.0,66.0,21.75,53.5,18.0,25.5,15.0,17.0,11.75,2.0,2.0,6.25,6.0,83.0,31.0,72.75,32.75,4.75,3.75,3.25,2.25,5.75,4.0,0.75,0.75,73.5,4.0,422.75,7,0,0,1,2,2,1,0,0,0,0,2,0,0,177.8,193.04,185.0,31.0,26.0,0,0,0,0,0,0,0,1,0,0,0,0,0,0,0,1,0,0,0,0,0,0,1,0
Blue,False,0.89599609375,0.1923828125,0.3445751953125,0.4398046875,0.5627587890625001,0.31157958984375,0.0,0.04052734375,0.033203125,0.0,111.085205078125,42.81201171875,147.87890625,64.988037109375,114.504638671875,44.105224609375,174.255126953125,90.994384765625,2.59619140625,1.64453125,4.4072265625,2.079345703125,87.981201171875,28.05322265625,120.4130859375,44.09375,6.153564453125,3.840087890625,19.16455078125,13.730712890625,16.950439453125,10.918701171875,8.30126953125,7.16357421875,99.594482421875,36.76025390625,121.181396484375,42.115478515625,9.052978515625,4.09228515625,13.79541015625,11.10546875,2.437744140625,1.95947265625,12.902099609375,11.76708984375,127.731689453125,173.231201171875,876.60693359375,32,0,1,0,4,9,4,0,0,1,2,6,0,0,182.88,180.34,170.0,1.462890625,0.0048828125,0.43859375,0.365048828125,0.25064453125,0.26552734375,0.0,0.0,0.0,0.001953125,157.1826171875,66.2294921875,175.40234375,54.5419921875,159.798828125,68.841796875,176.0908203125,55.2001953125,0.767578125,0.751953125,1.501953125,0.3056640625,133.3232421875,45.5419921875,148.841796875,36.8857421875,7.8486328125,5.9697265625,13.609375,8.41015625,16.0107421875,14.7177734375,12.951171875,9.24609375,150.22265625,60.0478515625,171.9560546875,53.419921875,1.546875,1.4287109375,1.341796875,0.0458984375,5.4130859375,4.7529296875,2.1044921875,1.076171875,58.27734375,8.5625,858.296875,25,0,0,1,7,9,2,0,0,0,4,5,0,0,182.88,185.42,170.0,32.0,34.0,0,0,0,0,0,0,0,0,0,1,0,0,0,0,0,1,0,0,0,0,1,0,0,0
Red,False,0.3515625,0.0,0.421484375,0.421484375,0.50515625,0.046875,0.0,0.0,0.0,0.0,193.890625,79.515625,176.65625,72.703125,201.0703125,86.59375,178.8359375,74.75,0.8125,0.515625,5.140625,0.15625,159.1953125,53.578125,121.2265625,32.5078125,23.0,14.7734375,31.390625,19.828125,11.6953125,11.1640625,24.0390625,20.3671875,177.1953125,71.4296875,175.0078125,71.234375,2.6796875,0.890625,1.5234375,1.34375,14.015625,7.1953125,0.125,0.125,35.1796875,10.5625,1029.0,21,0,2,0,2,6,2,0,0,0,2,4,0,0,180.34,182.88,145.0,0.0117967128753662,0.0,0.4065431118011474,0.4778409838676453,0.0362548828125,0.1856364321708679,0.067169189453125,7.152557373046875e-07,0.0,3.0517578125e-05,303.1651494503021,125.19643473625185,282.1610596179962,136.50357103347778,310.792781829834,132.76792812347412,283.92315793037415,137.75573587417605,0.0401630401611328,0.0401611328125,8.26766300201416,1.7501018047332764,224.64801454544067,76.51023530960083,183.03365278244016,69.68232846260071,44.05204963684082,28.567481994628903,21.740398645401,11.3943030834198,34.46508526802063,20.11871743202209,77.38700819015503,55.42693948745728,293.6385748386383,117.9780411720276,275.4834871292114,134.2043080329895,8.53757357597351,6.483564376831055,5.924919843673706,2.1721224784851074,0.9890010356903076,0.7348291873931885,0.752652645111084,0.1271405220031738,3.661295175552368,86.05682730674744,1470.871366739273,70,8,0,1,13,17,6,0,0,1,5,8,2,1,180.34,175.26,145.0,32.0,29.0,0,0,1,0,0,0,0,0,0,0,0,0,0,0,0,1,0,0,0,0,1,0,0,0
Blue,False,0.0,0.0,0.3125,0.4925,0.0,0.305,0.0,0.0,0.0,0.0,161.25,49.5,232.25,111.0,186.75,75.0,284.25,159.0,1.25,0.0,4.25,1.5,132.25,31.0,185.0,74.0,13.75,6.5,21.0,14.75,15.25,12.0,26.25,22.25,158.25,46.5,197.75,86.0,2.5,2.5,3.75,3.75,0.5,0.5,30.75,21.25,6.75,306.75,900.0,9,0,0,3,0,0,3,0,0,0,0,0,0,0,165.1,165.1,135.0,0.0,0.0625,0.4296875,0.4974218749999999,0.0889062499999999,0.699296875,0.4609375,0.0625,0.2578125,0.3515625,102.890625,38.0859375,116.625,59.25,157.8125,86.71875,143.546875,84.0390625,1.25,0.2578125,2.1796875,1.671875,82.7109375,24.40625,101.8203125,47.0234375,13.28125,7.8203125,10.46875,8.921875,6.8984375,5.859375,4.3359375,3.3046875,84.9921875,26.8046875,87.5390625,39.859375,5.640625,2.0859375,4.1875,3.125,12.2578125,9.1953125,24.8984375,16.265625,143.0859375,233.90625,792.859375,21,0,1,0,1,3,5,0,0,0,1,1,1,0,170.18,170.18,135.0,32.0,32.0,0,0,0,0,0,0,0,0,0,0,1,0,0,0,0,1,0,0,0,0,1,0,0,0
Blue,False,0.0,0.0,0.19,0.56,1.0,0.5,0.0,2.0,0.0,0.0,61.0,12.0,55.0,31.0,68.0,16.0,80.0,49.0,1.0,1.0,12.0,6.0,47.0,5.0,37.0,16.0,10.0,5.0,9.0,6.0,4.0,2.0,9.0,9.0,56.0,11.0,51.0,28.0,5.0,1.0,2.0,2.0,0.0,0.0,2.0,1.0,85.0,398.0,900.0,3,0,0,1,0,0,1,0,0,0,0,0,0,0,177.8,177.8,145.0,0.0,0.0,0.5,0.86,0.0,1.0,0.0,5.0,0.0,0.0,6.0,3.0,86.0,74.0,9.0,6.0,165.0,139.0,0.0,0.0,1.0,1.0,2.0,0.0,74.0,63.0,4.0,3.0,10.0,9.0,0.0,0.0,2.0,2.0,5.0,2.0,2.0,2.0,1.0,1.0,4.0,4.0,0.0,0.0,80.0,68.0,13.0,445.0,498.0,2,0,0,1,0,0,1,0,0,0,0,0,0,0,175.26,182.88,145.0,26.0,25.0,0,0,1,0,0,0,0,0,0,0,0,0,0,0,0,1,0,0,0,0,1,0,0,0
Blue,False,0.13671875,0.0,0.40001953125,0.3808984375,0.661640625,0.45453125,0.3046875,0.03125,0.25,0.03125,191.587890625,80.328125,148.01171875,57.033203125,199.24609375,87.7109375,162.25,69.373046875,1.810546875,1.103515625,8.822265625,3.537109375,171.896484375,64.26953125,128.5390625,42.396484375,15.6875,12.751953125,10.587890625,7.59375,4.00390625,3.306640625,8.884765625,7.04296875,179.85546875,73.74609375,137.626953125,48.16015625,6.4375,4.166015625,5.779296875,5.662109375,5.294921875,2.416015625,4.60546875,3.2109375,85.453125,138.158203125,838.484375,21,0,2,0,2,7,3,0,0,0,2,4,1,0,172.72,180.34,135.0,0.125,0.5078125,0.369921875,0.3978125,0.62890625,0.03515625,0.0703125,0.125,0.0,0.0,78.2578125,30.5234375,104.9921875,45.59375,78.6796875,30.9453125,107.7109375,48.0625,1.28125,0.7578125,0.5390625,0.140625,64.7421875,22.4375,79.71875,27.3046875,6.2265625,3.3671875,15.7578125,10.2890625,7.2890625,4.71875,9.515625,8.0,77.09375,29.5234375,96.0390625,38.6875,0.5078125,0.5,3.1640625,2.6484375,0.65625,0.5,5.7890625,4.2578125,15.1484375,22.2109375,546.328125,17,1,0,1,4,5,3,0,0,2,0,2,1,0,167.64,170.18,135.0,33.0,32.0,1,0,0,0,0,0,0,0,0,0,0,0,0,0,0,1,0,0,0,0,1,0,0,0
Blue,False,0.0,0.25,0.46625,0.4075,0.0625,0.1,0.125,0.25,0.0,0.0,174.25,82.5,132.25,53.375,181.375,87.375,155.5,72.125,0.75,0.125,3.875,0.5,145.0,60.25,103.625,34.375,16.75,10.0,18.25,11.375,12.5,12.25,10.375,7.625,164.25,75.875,117.375,44.25,9.875,6.5,12.625,7.875,0.125,0.125,2.25,1.25,36.875,149.625,841.375,11,1,0,2,2,2,2,0,0,0,2,0,0,0,170.18,167.64,135.0,0.015625,0.0,0.4667187499999999,0.386875,0.27453125,0.47734375,0.75,0.09375,0.25,0.0,144.375,67.65625,140.171875,55.046875,166.296875,86.890625,174.484375,83.21875,3.09375,1.203125,3.15625,1.359375,112.6875,44.109375,127.703125,47.125,23.65625,15.84375,9.25,5.140625,8.03125,7.703125,3.21875,2.78125,123.25,53.484375,134.984375,51.734375,3.96875,2.59375,4.171875,2.484375,17.15625,11.578125,1.015625,0.828125,228.0625,122.875,900.0,21,0,2,0,2,4,3,0,0,0,4,0,0,0,162.56,170.18,135.0,29.0,35.0,0,0,0,0,0,0,0,0,0,0,1,0,0,0,0,1,0,0,0,0,1,0,0,0
Red,False,0.0,0.0,0.61,0.52,1.0,0.42,0.0,2.0,1.0,0.0,47.0,29.0,42.0,22.0,67.0,47.0,128.0,85.0,1.0,1.0,7.0,3.0,35.0,20.0,30.0,12.0,7.0,5.0,10.0,8.0,5.0,4.0,2.0,2.0,36.0,21.0,40.0,20.0,0.0,0.0,1.0,1.0,11.0,8.0,1.0,1.0,303.0,321.0,900.0,3,0,0,1,0,0,1,0,0,0,0,0,0,0,190.5,185.42,185.0,0.0,0.5,0.485,0.4625,0.35,0.75,0.0,0.5,0.25,0.0,160.5,76.0,179.25,84.25,172.25,85.75,185.0,89.25,5.5,2.0,0.75,0.75,137.75,56.0,163.25,69.0,18.25,15.5,15.75,15.0,4.5,4.5,0.25,0.25,139.75,60.5,157.0,66.75,18.0,12.75,18.75,14.5,2.75,2.75,3.5,3.0,145.5,18.75,816.5,9,0,1,0,1,1,2,0,0,0,1,0,0,0,167.64,177.8,185.0,31.0,31.0,0,1,0,0,0,0,0,0,0,0,0,0,0,0,0,1,0,0,0,0,1,0,0,0
Red,False,0.875,0.25,0.6025,0.434375,0.125,0.0,0.0625,0.0,0.0,0.25,58.8125,31.1875,50.125,18.375,62.0625,34.4375,56.5,23.625,1.0,0.5,1.5,0.0,54.125,28.0625,36.0,10.0625,3.3125,1.75,10.9375,5.75,1.375,1.375,3.1875,2.5625,41.75,18.625,43.875,15.25,4.9375,3.25,3.75,2.125,12.125,9.3125,2.5,1.0,67.0625,17.0625,306.6875,9,0,5,0,5,5,0,0,0,0,1,3,1,0,180.34,190.5,170.0,0.57232666015625,0.423828125,0.4714422607421875,0.447027587890625,0.00094970703125,0.031273193359375,0.0,0.03131103515625,6.103515625e-05,6.103515625e-05,182.80584716796875,92.29534912109376,133.44537353515625,57.10400390625,183.8056640625,93.2330322265625,135.3021240234375,58.71746826171875,0.1474609375,0.002685546875,0.23724365234375,0.04718017578125,149.8529052734375,68.6300048828125,80.31591796875,19.025390625,22.51971435546875,16.36566162109375,15.7265625,8.10894775390625,10.4332275390625,7.2996826171875,37.40289306640625,29.96966552734375,174.7039794921875,85.96551513671875,128.54461669921875,53.92559814453125,1.896240234375,1.74554443359375,3.24298095703125,1.66961669921875,6.20562744140625,4.58428955078125,1.65777587890625,1.5087890625,9.85479736328125,11.19464111328125,927.1433715820312,43,2,1,0,7,10,5,0,0,0,5,5,0,0,182.88,190.5,170.0,30.0,37.0,0,0,0,0,0,0,0,0,0,1,0,0,0,0,0,0,0,1,0,0,1,0,0,0
Red,False,0.055419921875,0.0,0.57926513671875,0.465618896484375,0.2452392578125,0.0448724365234375,0.346435546875,0.0,0.0,0.00018310546875,77.122314453125,44.15576171875,82.80133056640625,39.20196533203125,85.81951904296875,52.12841796875,90.80596923828124,46.61285400390625,1.00152587890625,0.60198974609375,0.61187744140625,0.115478515625,42.3916015625,18.97650146484375,67.14495849609375,27.45562744140625,19.28375244140625,12.0223388671875,10.456298828125,7.01397705078125,15.44696044921875,13.15692138671875,5.2000732421875,4.73236083984375,58.12750244140625,30.21484375,71.60601806640625,32.21929931640625,10.27838134765625,7.2236328125,8.96954345703125,5.70733642578125,8.7164306640625,6.71728515625,2.22576904296875,1.27532958984375,74.1162109375,49.81158447265625,515.8104858398438,35,0,0,1,5,10,5,0,0,0,1,5,4,0,172.72,177.8,135.0,0.032318115234375,0.509765625,0.4644473266601562,0.5362005615234375,0.0007077026367187,0.3752340698242187,0.001007080078125,0.0,0.0,0.0,134.7886962890625,64.41183471679688,225.13412475585935,129.71047973632812,137.50070190429688,66.99008178710938,263.9043884277344,166.293701171875,0.643341064453125,0.002349853515625,1.931121826171875,0.75177001953125,91.4080810546875,34.61956787109375,182.8319091796875,95.08859252929688,30.727081298828125,19.70394897460937,28.59039306640625,22.258056640625,12.653533935546877,10.08831787109375,13.711822509765623,12.36383056640625,131.43124389648438,61.86050415039063,165.84878540039062,77.48806762695312,2.68536376953125,2.16436767578125,9.979949951171877,8.6749267578125,0.672088623046875,0.386962890625,49.30538940429688,43.5474853515625,2.25244140625,185.35824584960935,1098.3036499023438,56,12,7,0,7,10,6,0,0,0,6,4,0,0,170.18,177.8,135.0,28.0,34.0,1,0,0,0,0,0,0,0,0,0,0,0,0,0,0,0,0,0,1,0,1,0,0,0
Red,False,0.134765625,0.251953125,0.423837890625,0.5091992187500001,0.5,0.178447265625,0.0869140625,0.0,0.0625,0.015625,205.6728515625,103.75390625,148.1708984375,76.9091796875,226.6748046875,121.2060546875,157.34375,84.0478515625,1.6904296875,1.5,2.5126953125,0.6181640625,182.99609375,84.9892578125,112.568359375,48.369140625,16.244140625,12.591796875,29.1337890625,23.8125,6.4326171875,6.1728515625,6.46875,4.7275390625,180.5078125,85.3427734375,139.5859375,70.7607421875,17.048828125,12.7763671875,7.00390625,4.884765625,8.1162109375,5.634765625,1.5810546875,1.263671875,85.421875,36.0048828125,632.2890625,26,0,2,0,3,7,4,0,0,1,4,1,1,0,180.34,182.88,170.0,0.0937728881835937,0.126953125,0.5243695449829102,0.4522853469848632,0.0097681427001953,0.3701404953002929,0.1885719299316406,0.25,0.27056884765625,0.1250076293945312,92.6534194946289,49.95155715942383,127.36126708984376,59.07176208496094,107.12935256958008,63.0098762512207,146.11526489257812,75.28326416015625,0.5211524963378906,0.0117416381835937,6.051422119140625,1.959686279296875,69.18236923217773,33.64801406860352,98.37452697753906,36.18376541137695,14.795982360839844,9.462467193603516,18.001129150390625,13.513317108154297,8.675067901611328,6.841075897216797,10.985610961914062,9.374679565429688,85.61248397827148,44.029781341552734,108.9073257446289,46.801719665527344,4.785858154296875,3.868980407714844,11.828948974609377,7.944301605224609,2.255077362060547,2.05279541015625,6.624992370605469,4.325740814208984,18.86279296875,163.08905792236328,737.9572067260742,48,4,0,1,5,10,9,0,0,1,2,3,4,0,177.8,182.88,155.0,30.0,33.0,0,0,0,0,0,0,0,0,0,1,0,0,0,0,0,1,0,0,0,0,1,0,0,0
Red,False,0.5,0.0,0.53796875,0.42078125,0.5,0.00515625,0.0,0.015625,0.0,0.0,94.09375,47.671875,61.546875,27.171875,103.109375,56.1875,61.609375,27.234375,0.75,0.5,0.109375,0.015625,65.9375,27.109375,39.734375,11.234375,8.859375,6.328125,9.375,5.875,19.296875,14.234375,12.4375,10.0625,73.53125,32.734375,60.90625,26.609375,0.265625,0.25,0.09375,0.015625,20.296875,14.6875,0.546875,0.546875,91.359375,2.21875,590.265625,15,0,0,1,2,4,3,0,0,0,1,3,0,0,195.58,203.2,265.0,0.00048828125,0.109375,0.5042236328125,0.401181640625,0.3220947265625,0.004716796875,0.0078125,0.0009765625,0.0078125,0.0,123.20263671875,61.22998046875,163.60302734375,55.728515625,198.66748046875,113.72802734375,181.37109375,69.70751953125,4.38818359375,1.59521484375,0.27734375,0.0146484375,101.0869140625,44.23193359375,144.630859375,39.1767578125,14.4482421875,10.1669921875,11.916015625,10.02197265625,7.66748046875,6.8310546875,7.05615234375,6.52978515625,103.9912109375,51.93603515625,151.7734375,47.2509765625,10.03759765625,3.791015625,11.43896484375,8.1669921875,9.173828125,5.5029296875,0.390625,0.310546875,309.9345703125,16.85302734375,835.75439453125,34,0,0,1,3,7,5,0,0,0,5,2,0,0,190.5,198.12,249.0,32.0,35.0,0,0,0,0,1,0,0,0,0,0,0,0,0,0,0,1,0,0,0,0,1,0,0,0
Red,False,1.0,0.0,0.54,0.625,0.0,0.0,0.0,0.0,0.0,0.0,13.5,7.5,3.0,1.5,13.5,7.5,3.0,1.5,0.5,0.0,0.0,0.0,9.5,4.0,1.5,0.5,2.0,2.0,0.5,0.0,2.0,1.5,1.0,1.0,9.5,4.0,3.0,1.5,2.0,2.0,0.0,0.0,2.0,1.5,0.0,0.0,2.5,0.0,28.5,2,0,2,0,2,2,0,0,0,0,0,2,0,0,182.88,195.58,170.0,0.375,0.0,0.55,0.34875,0.8,0.0,0.5,0.125,0.0,0.0,110.0,62.0,77.125,26.0,115.25,65.75,90.75,38.375,1.625,1.25,2.25,0.0,67.125,26.625,58.5,12.875,34.625,28.375,10.875,6.375,8.25,7.0,7.75,6.75,100.75,54.25,67.625,19.875,8.0,6.75,5.0,2.5,1.25,1.0,4.5,3.625,40.875,49.375,762.625,10,0,1,0,1,2,2,0,0,0,0,1,1,0,185.42,185.42,170.0,26.0,27.0,0,0,0,0,0,0,0,0,0,1,0,0,0,0,0,1,0,0,0,0,1,0,0,0
Blue,False,0.0,0.0,0.375,0.395,0.855,0.2,1.5,0.0,0.0,0.0,121.5,46.5,94.5,38.5,143.5,66.0,132.5,75.5,4.0,3.0,4.5,1.0,79.5,20.5,71.5,19.5,28.0,15.5,13.0,10.0,14.0,10.5,10.0,9.0,101.0,30.5,79.0,29.0,12.0,10.5,9.5,5.0,8.5,5.5,6.0,4.5,319.0,206.0,900.0,6,0,0,1,1,1,1,0,0,0,1,0,0,0,167.64,172.72,125.0,0.0,0.0,0.5247656249999999,0.47546875,0.4712499999999999,0.03125,0.296875,0.015625,0.09375,0.0703125,68.59375,37.5390625,47.15625,22.3515625,107.765625,68.125,83.6484375,56.2734375,5.1484375,2.4765625,0.03125,0.03125,54.6015625,28.203125,39.0703125,14.8046875,6.546875,4.390625,5.3203125,5.03125,7.4453125,4.9453125,2.765625,2.515625,27.96875,8.5234375,38.4765625,15.015625,0.390625,0.390625,5.46875,4.578125,40.234375,28.625,3.2109375,2.7578125,501.6328125,44.6796875,751.3671875,15,0,2,0,2,6,2,0,0,0,1,1,4,0,165.1,160.02,125.0,27.0,25.0,0,0,0,0,0,0,0,0,0,0,0,0,1,0,0,1,0,0,0,0,1,0,0,0
Red,False,0.0,0.0,0.42,0.6,0.15,1.0,1.0,1.0,0.0,1.0,85.0,36.0,109.0,66.0,189.0,95.0,116.0,73.0,13.0,2.0,1.0,1.0,61.0,20.0,59.0,28.0,13.0,6.0,15.0,9.0,11.0,10.0,35.0,29.0,80.0,34.0,98.0,59.0,1.0,0.0,4.0,3.0,4.0,2.0,7.0,4.0,369.0,64.0,900.0,3,0,0,1,0,0,1,0,0,0,0,0,0,0,170.18,170.18,125.0,0.0471682548522949,0.0,0.45,0.4217682266235352,0.25,0.19173828125,0.1875,0.125,0.0,0.0,69.5,30.5,66.984375,27.8466796875,94.0,48.544921875,88.50390625,44.75,2.0,0.8125,2.015625,0.6640625,54.0,19.01513671875,51.483436584472656,16.9437255859375,7.91796875,5.430633544921875,7.75,5.0625,4.780975341796875,3.9373779296875,4.8994140625,3.84375,51.025390625,18.400863647460938,50.515625,17.5,5.75,3.75,5.5,3.5,5.375,3.6875,4.0,2.65625,104.865234375,89.5,655.8441009521484,0,0,0,0,0,0,0,0,0,0,0,0,0,0,170.18,172.72,125.0,29.0,30.0,0,0,0,1,0,0,0,0,0,0,0,0,0,0,0,0,0,1,0,0,1,0,0,0
Red,False,0.015625,0.0,0.45,0.4275,0.25,0.2,0.148468017578125,0.098388671875,0.0,0.0,66.5,29.6875,64.31230545043945,27.34375,89.75,48.0,85.53125,44.41152191162109,2.0,0.75,2.0546875,0.75,51.1875,18.3359375,49.6123046875,16.280410766601562,7.5,5.07647705078125,7.5,5.0,4.5,3.625,4.984375,3.9375,48.6875,17.0,47.11572265625,16.5,5.75,3.75,5.3125,3.4375,5.0625,3.5,3.875,2.5,99.2119140625,94.125,638.5,0,0,0,0,0,0,0,0,0,0,0,0,0,0,187.96,203.2,185.0,0.0471682548522949,0.0,0.45,0.4217682266235352,0.25,0.19173828125,0.1875,0.125,0.0,0.0,69.5,30.5,66.984375,27.8466796875,94.0,48.544921875,88.50390625,44.75,2.0,0.8125,2.015625,0.6640625,54.0,19.01513671875,51.483436584472656,16.9437255859375,7.91796875,5.430633544921875,7.75,5.0625,4.780975341796875,3.9373779296875,4.8994140625,3.84375,51.025390625,18.400863647460938,50.515625,17.5,5.75,3.75,5.5,3.5,5.375,3.6875,4.0,2.65625,104.865234375,89.5,655.8441009521484,0,0,0,0,0,0,0,0,0,0,0,0,0,0,182.88,195.58,205.0,32.0,26.0,0,0,0,0,0,0,0,1,0,0,0,0,0,0,0,1,0,0,0,0,1,0,0,0
Red,False,0.0,1.0,0.42,0.5,0.0,1.0,0.0,1.0,0.0,0.0,182.0,77.0,233.0,118.0,197.0,89.0,237.0,122.0,1.0,0.0,2.0,2.0,165.0,61.0,186.0,79.0,9.0,8.0,23.0,16.0,8.0,8.0,24.0,23.0,179.0,76.0,218.0,107.0,2.0,1.0,8.0,7.0,1.0,0.0,7.0,4.0,0.0,166.0,900.0,3,0,0,1,0,0,1,0,0,0,0,0,0,0,177.8,190.5,170.0,0.0,0.0,0.461875,0.49953125,0.393125,0.4546875,0.515625,0.21875,0.15625,0.0625,125.359375,61.46875,107.921875,60.734375,153.890625,84.328125,150.90625,99.796875,7.140625,3.140625,4.234375,1.515625,97.96875,38.9375,78.75,36.21875,22.796875,19.0,19.78125,16.484375,4.59375,3.53125,9.390625,8.03125,100.015625,47.4375,67.875,26.828125,15.1875,10.21875,23.3125,21.046875,10.15625,3.8125,16.734375,12.859375,258.796875,171.3125,854.640625,16,0,0,1,2,3,4,0,0,0,2,0,1,0,177.8,180.34,155.0,27.0,30.0,0,1,0,0,0,0,0,0,0,0,0,0,0,0,0,1,0,0,0,0,1,0,0,0
Blue,False,0.0,0.25,0.685,0.535,0.5,0.0,0.0,0.0,0.0,0.0,95.0,55.75,110.25,50.25,98.75,59.5,116.25,55.75,1.25,0.75,4.75,0.0,54.0,24.0,80.25,26.5,27.0,19.5,17.5,13.5,14.0,12.25,12.5,10.25,82.5,46.75,101.25,43.0,11.5,8.0,7.25,5.5,1.0,1.0,1.75,1.75,108.0,27.0,696.5,7,0,0,1,2,2,1,0,0,0,2,0,0,0,172.72,180.34,155.0,0.0625,0.25,0.3606640625,0.381171875,0.551953125,0.0014453125,0.56640625,0.015625,0.0,0.0,23.53125,10.796875,27.2421875,11.9765625,25.5625,12.8203125,27.88671875,12.62109375,0.703125,0.61328125,0.1328125,0.01171875,18.46484375,7.3125,22.453125,8.51171875,1.84375,0.99609375,2.140625,1.41015625,3.22265625,2.48828125,2.6484375,2.0546875,22.546875,10.15234375,21.75,7.80078125,0.1953125,0.171875,0.97265625,0.9140625,0.7890625,0.47265625,4.51953125,3.26171875,19.078125,6.9765625,148.2734375,19,0,3,0,3,6,3,0,0,2,1,0,3,0,180.34,182.88,155.0,27.0,31.0,0,0,0,0,0,0,1,0,0,0,0,0,0,0,0,0,0,0,1,0,1,0,0,0
Red,False,0.1563720703125,0.080078125,0.4618603515624999,0.393360595703125,0.018834228515625,0.2,0.0726318359375,0.25,0.0626220703125,0.000244140625,93.168701171875,46.46728515625,214.3074951171875,85.5989990234375,125.0751953125,76.3255615234375,264.167236328125,130.9515380859375,3.93896484375,0.0953369140625,2.627197265625,0.875,66.8372802734375,28.6719970703125,171.0977783203125,53.25732421875,19.508544921875,11.972412109375,22.4564208984375,16.8740234375,6.8228759765625,5.8228759765625,20.7532958984375,15.4676513671875,81.5260009765625,37.6326904296875,194.9381103515625,70.677490234375,9.9521484375,7.2232666015625,17.324462890625,13.4605712890625,1.6905517578125,1.611328125,2.044921875,1.4609375,276.6927490234375,113.2027587890625,1297.5361328125,33,0,5,0,5,9,5,0,0,0,1,4,4,0,185.42,182.88,185.0,0.3125,0.0,0.7531640625,0.701171875,0.5383984375,0.126796875,0.05859375,0.16015625,0.046875,0.08203125,60.421875,37.15625,46.98828125,21.90625,99.2890625,74.58203125,60.55859375,32.9296875,1.87109375,1.05859375,2.51953125,0.90234375,45.0390625,25.84375,29.52734375,9.23046875,8.32421875,5.37109375,9.4140625,5.640625,7.05859375,5.94140625,8.046875,7.03515625,48.7109375,27.1875,34.34375,14.35546875,5.26171875,3.96875,3.71484375,2.70703125,6.44921875,6.0,8.9296875,4.84375,137.0,77.6328125,430.03515625,22,0,0,1,4,7,2,0,0,2,1,2,2,0,190.5,205.74,185.0,41.0,28.0,0,0,0,0,0,0,0,1,0,0,0,0,0,0,0,1,0,0,0,0,1,0,0,0
Red,False,0.0,0.0,0.6000000000000001,0.6975,0.77,0.1,1.75,0.0,0.5,0.25,16.75,8.0,20.75,9.0,38.5,27.0,43.25,30.0,3.75,2.0,2.5,1.0,14.5,6.25,17.5,6.0,2.25,1.75,2.5,2.25,0.0,0.0,0.75,0.75,11.75,4.5,14.75,5.25,2.25,1.25,3.75,2.5,2.75,2.25,2.25,1.25,159.0,89.25,371.0,6,0,0,1,2,2,1,0,0,0,0,0,2,0,160.02,162.56,115.0,0.0625,0.0625,0.4775,0.44625,0.01,0.125,2.875,0.0,0.5,0.0,40.8125,13.5625,45.1875,16.125,47.0,18.75,51.625,21.6875,1.375,0.0625,0.25,0.25,35.1875,8.8125,35.9375,9.25,3.3125,2.5625,6.4375,4.4375,2.3125,2.1875,2.8125,2.4375,34.8125,7.875,42.0,13.9375,1.3125,1.1875,2.3125,1.9375,4.6875,4.5,0.875,0.25,75.1875,69.875,328.9375,9,0,2,0,2,4,1,0,0,1,0,0,3,0,162.56,160.02,115.0,32.0,27.0,0,0,0,0,0,0,0,0,0,0,0,0,0,1,0,1,0,0,0,0,1,0,0,0
Blue,False,0.3750611543655395,0.0625019073486328,0.6097271004319191,0.4527076748013496,0.1075432485342025,0.3935061538219452,1.2544159591197968,0.001527190208435,0.6289064884185791,0.50341796875,48.832538694143295,31.116684794425964,55.71232223510742,26.680682867765427,53.740688264369965,36.01949319243431,66.66742596030235,37.44638258218765,0.930060476064682,0.141063392162323,2.00949764251709,1.251160949468613,34.89948430657387,19.72487697005272,49.42173326015472,21.86918354034424,9.135449677705765,6.756447225809097,5.374623715877533,4.098820835351944,4.797604709863663,4.635360598564148,0.9159652590751648,0.7126784920692444,39.7503973543644,23.85054260492325,46.32840004563332,20.32318326830864,4.012462705373764,2.716161370277405,1.0724018514156342,0.7900670766830444,5.069678634405136,4.549980819225311,8.311520338058472,5.567432522773743,22.94133710861206,212.4883408546448,426.16743636131287,48,0,2,0,7,17,9,0,0,0,1,2,14,0,177.8,187.96,155.0,0.0041656494140625,0.14166259765625,0.4913665771484374,0.5598057556152344,0.0030923461914062,0.2875439453125,0.193267822265625,0.00048828125,0.00439453125,0.000732421875,244.771240234375,119.74331665039062,176.15457153320312,102.4594268798828,245.37774658203125,120.32037353515624,178.1526336669922,104.19064331054688,0.0855865478515625,0.00323486328125,0.870574951171875,0.4599609375,175.8809356689453,64.15956115722656,139.9574432373047,70.60249328613281,37.439971923828125,28.54063415527344,17.12255859375,13.15216064453125,31.45033264160156,27.043121337890625,19.07456970214844,18.70477294921875,241.13253784179688,117.29289245605467,172.46180725097656,100.11842346191406,1.59014892578125,0.931182861328125,0.8724517822265625,0.32537841796875,2.048553466796875,1.5192413330078125,2.8203125,2.015625,1.4222412109375,32.631378173828125,1049.5812683105469,40,3,3,0,12,15,2,0,0,1,3,3,6,2,180.34,193.04,155.0,31.0,36.0,0,0,0,0,0,0,1,0,0,0,0,0,0,0,0,1,0,0,0,0,1,0,0,0
Blue,False,0.25,0.0,0.5075000000000001,0.2575,0.25,0.0,0.5,0.0,0.0,0.0,127.5,59.75,92.5,25.75,130.25,62.25,95.75,28.25,1.5,0.75,0.5,0.0,93.75,32.25,73.0,11.25,24.75,19.5,6.0,4.25,9.0,8.0,13.5,10.25,112.25,49.0,90.75,25.0,12.0,9.75,1.75,0.75,3.25,1.0,0.0,0.0,42.5,0.75,734.5,7,0,3,0,3,3,0,0,0,0,1,0,2,0,193.04,205.74,245.0,0.0953364372253418,0.6353759765625,0.4712416505813599,0.5289377021789551,0.0012397766113281,0.0001712036132812,0.00048828125,0.00048828125,0.0,0.0,41.20444631576538,19.51771116256714,58.52079439163208,31.595309257507324,41.61047983169556,19.8891282081604,59.26435708999634,31.948979377746586,0.0175018310546875,0.0012588500976562,1.5302858352661133,0.0033149719238281,24.81017827987671,6.893002510070801,41.85035991668701,17.694575786590576,11.2030029296875,8.78135347366333,2.708645820617676,1.899918556213379,5.191265106201172,3.843355178833008,13.961788654327393,12.00081491470337,39.03511953353882,18.580336093902588,46.2382287979126,22.458548069000244,0.7540345191955566,0.3986377716064453,2.7179903984069824,2.55460786819458,1.415292263031006,0.5387372970581055,9.5645751953125,6.5821533203125,2.304632663726806,13.105998039245604,438.1970419883728,56,5,9,0,9,15,7,0,0,0,5,10,0,0,193.04,195.58,238.0,30.0,36.0,0,0,0,0,1,0,0,0,0,0,0,0,0,0,0,1,0,0,0,0,1,0,0,0
Red,False,0.5,0.0,0.66,0.51,0.5800000000000001,0.125,1.75,0.0,0.25,0.75,113.0,70.25,75.0,38.0,167.5,118.25,87.75,48.5,4.0,1.75,3.5,0.75,91.75,52.25,61.75,28.5,14.5,11.25,11.5,7.75,6.75,6.75,1.75,1.75,74.0,38.0,52.75,25.0,8.75,7.25,9.25,6.25,30.25,25.0,13.0,6.75,286.25,182.0,653.0,8,0,3,0,3,3,0,0,0,0,1,1,1,0,177.8,177.8,145.0,0.0,0.625,0.4287499999999999,0.345,0.47,0.32125,2.625,0.625,0.75,0.5,151.625,62.5,115.0,45.25,159.375,69.125,127.625,55.75,4.875,1.875,1.875,1.0,122.125,40.625,93.25,30.875,21.875,15.375,20.25,13.5,7.625,6.5,1.5,0.875,142.625,57.125,82.5,23.75,5.625,3.125,10.25,6.5,3.375,2.25,22.25,15.0,137.0,92.75,775.75,12,0,1,0,2,3,1,0,0,0,1,0,2,0,167.64,167.64,145.0,32.0,34.0,0,0,1,0,0,0,0,0,0,0,0,0,0,0,0,1,0,0,0,0,0,0,1,0
Red,False,0.0078125,0.03125,0.6214843750000001,0.4475,0.35421875,0.56875,0.8359375,0.0,0.65625,0.0,70.8515625,43.1015625,36.2890625,17.7578125,145.171875,109.2265625,62.5546875,41.6171875,3.4921875,0.8984375,6.828125,3.78125,58.4140625,33.3671875,25.8984375,11.0390625,8.2890625,5.6484375,7.953125,4.65625,4.1484375,4.0859375,2.4375,2.0625,30.796875,12.25,26.4375,11.71875,1.96875,1.4296875,4.1953125,2.3828125,38.0859375,29.421875,5.65625,3.65625,233.375,235.5625,649.953125,15,0,2,0,2,4,4,0,0,0,0,1,3,0,170.18,175.26,145.0,0.0040817260742187,0.125,0.4808171081542969,0.4349208831787109,0.0175421142578125,0.0693357849121093,0.0039138793945312,0.1914138793945312,0.0078125,0.0040283203125,231.13806915283203,111.7829132080078,190.15233612060547,85.869873046875,237.2816390991211,117.540283203125,207.6285552978516,101.95232391357422,0.5930557250976562,0.0510482788085937,2.0036697387695312,0.180023193359375,165.19442749023438,64.57354736328125,159.25940704345703,63.118873596191406,39.04219055175781,26.24742889404297,12.385215759277344,7.848388671875,26.901451110839844,20.961936950683597,18.507713317871094,14.902610778808594,206.99473571777344,93.78362274169922,176.03866577148438,76.40999603271484,21.496109008789062,15.913444519042969,11.471588134765623,8.0067138671875,2.6472244262695312,2.085845947265625,2.6420822143554688,1.4531631469726562,46.94403839111328,20.29485321044922,816.6355133056641,52,0,0,1,6,11,7,0,0,0,7,4,0,0,172.72,177.8,145.0,35.0,37.0,0,0,1,0,0,0,0,0,0,0,0,0,0,0,0,1,0,0,0,0,1,0,0,0
Red,False,0.015625,0.0,0.45,0.4275,0.25,0.2,0.148468017578125,0.098388671875,0.0,0.0,66.5,29.6875,64.31230545043945,27.34375,89.75,48.0,85.53125,44.41152191162109,2.0,0.75,2.0546875,0.75,51.1875,18.3359375,49.6123046875,16.280410766601562,7.5,5.07647705078125,7.5,5.0,4.5,3.625,4.984375,3.9375,48.6875,17.0,47.11572265625,16.5,5.75,3.75,5.3125,3.4375,5.0625,3.5,3.875,2.5,99.2119140625,94.125,638.5,0,0,0,0,0,0,0,0,0,0,0,0,0,0,165.1,162.56,115.0,0.00048828125,0.0,0.440244140625,0.478876953125,0.04158203125,0.2755078125,0.0078125,0.25,0.0,0.171875,128.4345703125,57.3935546875,112.93798828125,53.8408203125,156.267578125,83.69140625,130.2744140625,69.0283203125,4.16845703125,0.08349609375,5.9638671875,1.859375,96.23486328125,30.85400390625,65.90283203125,19.24658203125,19.40673828125,16.15283203125,30.96533203125,23.79052734375,12.79296875,10.38671875,16.06982421875,10.8037109375,108.92041015625,43.03173828125,85.73291015625,29.8408203125,16.94091796875,12.6044921875,23.50634765625,20.7490234375,2.5732421875,1.75732421875,3.69873046875,3.2509765625,120.25,235.37451171875,895.7265625,35,0,3,0,3,7,5,0,0,0,6,0,1,0,154.94,152.4,115.0,28.0,31.0,0,0,0,0,0,0,0,0,0,0,0,0,0,1,0,1,0,0,0,0,1,0,0,0
Red,False,0.0,1.0,0.4,0.58,0.0,0.6,0.0,3.0,0.0,0.0,57.0,23.0,92.0,54.0,107.0,68.0,129.0,82.0,2.0,0.0,5.0,3.0,43.0,13.0,74.0,40.0,12.0,9.0,10.0,6.0,2.0,1.0,8.0,8.0,48.0,15.0,70.0,41.0,9.0,8.0,3.0,1.0,0.0,0.0,19.0,12.0,94.0,414.0,900.0,3,0,0,1,0,0,1,0,0,0,0,0,0,0,177.8,185.42,145.0,0.0,0.5,0.415,0.475,0.165,0.5,1.0,0.5,0.5,0.0,111.5,36.5,85.0,52.5,133.5,48.5,88.0,55.5,2.5,0.5,0.5,0.5,99.5,27.5,71.0,40.5,8.5,6.5,8.0,6.5,3.5,2.5,6.0,5.5,91.5,24.5,72.0,43.0,2.5,2.5,3.0,2.5,17.5,9.5,10.0,7.0,185.0,95.5,587.0,4,0,1,0,1,1,1,0,0,0,0,1,0,0,185.42,187.96,145.0,34.0,21.0,0,0,1,0,0,0,0,0,0,0,0,0,0,0,0,0,0,1,0,0,0,0,1,0
Red,False,1.0,0.0,0.465,0.3349999999999999,0.0,0.25,0.5,2.0,0.5,0.5,65.5,28.5,113.0,45.5,66.5,29.0,113.5,46.0,0.5,0.0,1.0,0.5,56.0,22.0,95.5,32.5,9.5,6.5,15.5,11.5,0.0,0.0,2.0,1.5,54.5,20.5,111.0,45.0,3.5,3.0,1.5,0.5,7.5,5.0,0.5,0.0,20.5,42.0,372.0,4,0,1,0,1,1,1,0,0,0,0,1,0,0,170.18,172.72,155.0,0.140625,0.2578125,0.3269140625,0.4090234375,0.125,0.0365234375,0.0390625,0.15625,0.03125,0.0,129.02734375,40.05078125,145.6171875,44.5625,130.21484375,41.10546875,147.85546875,46.26953125,0.625,0.125,1.11328125,0.37890625,98.140625,17.4296875,122.515625,27.1640625,18.15234375,13.08984375,16.484375,11.9609375,12.734375,9.53125,6.6171875,5.4375,126.6171875,38.703125,140.03515625,41.984375,0.1875,0.08203125,3.55859375,1.453125,2.22265625,1.265625,2.0234375,1.125,8.3984375,18.546875,616.171875,20,0,2,0,2,5,4,0,0,0,2,1,2,0,172.72,180.34,155.0,31.0,32.0,0,0,0,0,0,0,1,0,0,0,0,0,0,0,0,1,0,0,0,0,0,0,1,0
Red,False,0.0,0.0,0.42,0.43,0.66,0.0,3.0,0.0,0.0,0.0,128.0,55.0,161.0,70.0,154.0,75.0,186.0,95.0,6.0,4.0,0.0,0.0,106.0,38.0,105.0,29.0,14.0,10.0,33.0,22.0,8.0,7.0,23.0,19.0,94.0,31.0,154.0,67.0,15.0,9.0,3.0,2.0,19.0,15.0,4.0,1.0,230.0,158.0,900.0,3,0,0,1,0,0,1,0,0,0,0,0,0,0,185.42,190.5,205.0,1.0,0.0,0.86,0.28,0.0,0.0,0.0,0.0,0.0,0.0,22.0,19.0,14.0,4.0,22.0,19.0,20.0,10.0,0.0,0.0,0.0,0.0,11.0,9.0,8.0,0.0,1.0,1.0,3.0,1.0,10.0,9.0,3.0,3.0,16.0,13.0,12.0,3.0,0.0,0.0,0.0,0.0,6.0,6.0,2.0,1.0,3.0,34.0,255.0,1,0,1,0,1,1,0,0,0,0,0,1,0,0,187.96,193.04,205.0,27.0,32.0,0,0,0,0,0,1,0,0,0,0,0,0,0,0,0,1,0,0,0,0,1,0,0,0
Red,False,0.0,0.0,0.41,0.6012500000000001,0.09375,0.485,3.5,0.375,0.5,0.0,53.5,20.125,46.75,27.0,69.875,35.625,98.75,69.5,2.625,0.375,5.75,4.0,43.375,12.5,32.25,14.625,8.625,6.375,10.875,9.5,1.5,1.25,3.625,2.875,36.625,8.875,27.875,11.375,10.75,7.125,13.625,10.875,6.125,4.125,5.25,4.75,162.875,318.5,643.625,9,0,0,3,1,1,3,0,0,0,0,0,1,0,180.34,180.34,145.0,0.0,0.0,0.39,0.32,0.55,0.0,5.0,1.0,0.0,3.0,33.0,13.0,53.0,17.0,62.0,30.0,85.0,40.0,9.0,5.0,2.0,0.0,23.0,7.0,43.0,10.0,10.0,6.0,7.0,4.0,0.0,0.0,3.0,3.0,30.0,12.0,50.0,15.0,2.0,1.0,2.0,2.0,1.0,0.0,1.0,0.0,482.0,171.0,900.0,3,0,1,0,1,1,0,0,0,0,1,0,0,0,170.18,175.26,145.0,32.0,23.0,0,0,1,0,0,0,0,0,0,0,0,0,0,0,0,0,0,0,1,0,1,0,0,0
Red,False,0.28125,0.078125,0.259375,0.5615625,0.177421875,0.13328125,0.03125,0.3203125,0.0078125,0.15625,54.8125,25.34375,62.234375,24.6640625,59.46875,29.28125,65.5703125,27.609375,2.46875,0.890625,0.671875,0.3515625,35.53125,12.78125,41.9140625,13.1484375,6.1015625,3.6484375,12.3125,5.703125,13.1796875,8.9140625,8.0078125,5.8125,46.7265625,19.140625,56.84375,20.8828125,1.234375,0.6875,1.8125,0.75,6.8515625,5.515625,3.578125,3.03125,101.7890625,12.515625,450.921875,19,1,0,1,4,5,3,0,0,0,4,0,1,0,172.72,175.26,135.0,0.250244140625,0.09423828125,0.454189453125,0.51300048828125,0.03421630859375,0.1704052734375,0.1197509765625,0.972900390625,0.071044921875,0.114501953125,64.40234375,29.9140625,60.1607666015625,30.24658203125,66.166748046875,31.3785400390625,62.5369873046875,32.3443603515625,0.9383544921875,0.1536865234375,0.54638671875,0.4471435546875,34.7080078125,13.2392578125,44.37939453125,17.1766357421875,28.3140869140625,15.825927734375,8.4356689453125,5.7413330078125,1.3802490234375,0.848876953125,7.345703125,7.32861328125,58.5225830078125,25.887939453125,56.6871337890625,27.6827392578125,2.0211181640625,1.69775390625,1.280517578125,0.8607177734375,3.858642578125,2.328369140625,2.193115234375,1.703125,38.7451171875,32.5333251953125,265.94580078125,31,0,1,0,4,7,7,0,0,0,2,3,2,0,175.26,172.72,135.0,30.0,29.0,1,0,0,0,0,0,0,0,0,0,0,0,0,0,0,0,0,1,0,0,1,0,0,0
Blue,False,0.09375,0.5,0.38171875,0.75609375,0.0228125,0.1415625,0.140625,0.25,0.5,0.0625,83.75,33.15625,58.8125,31.046875,95.25,43.6875,75.375,45.9375,1.140625,0.09375,3.546875,0.890625,65.703125,18.671875,48.125,23.15625,9.90625,7.125,7.28125,5.359375,8.140625,7.359375,3.40625,2.53125,74.890625,27.90625,47.5625,21.9375,6.859375,3.8125,4.8125,3.546875,2.0,1.4375,6.4375,5.5625,50.4375,87.640625,414.421875,15,0,0,1,1,3,4,0,0,1,1,1,0,0,190.5,198.12,230.0,0.504913330078125,0.3287353515625,0.5450372314453125,0.4877914428710937,0.0005340576171875,0.00705078125,0.0,0.500244140625,0.0,0.0,104.4007568359375,55.712799072265625,118.481689453125,53.47430419921875,115.19708251953124,65.489013671875,120.10540771484376,54.589599609375,0.136260986328125,0.000701904296875,0.353607177734375,0.037109375,73.68783569335938,32.3194580078125,85.27853393554688,27.900299072265625,12.6275634765625,7.69232177734375,13.991119384765623,8.8406982421875,18.085357666015625,15.701019287109377,19.2120361328125,16.733306884765625,91.00765991210938,45.041839599609375,115.597900390625,52.12857055664063,0.235748291015625,0.05291748046875,1.8094482421875,1.089813232421875,13.1573486328125,10.6180419921875,1.0743408203125,0.25592041015625,79.580810546875,4.810546875,655.9320983886719,41,0,0,1,2,7,9,0,0,3,0,4,0,0,190.5,193.04,230.0,32.0,35.0,0,0,0,0,1,0,0,0,0,0,0,0,0,0,0,1,0,0,0,0,1,0,0,0
Blue,False,1.0,0.0,0.505,0.57,0.0,0.33,0.0,0.0,0.0,0.0,128.5,57.5,39.5,18.0,130.0,58.0,44.0,18.5,0.0,0.0,4.5,3.0,93.0,29.0,29.0,10.0,28.5,22.0,4.0,2.0,7.0,6.5,6.5,6.0,125.0,55.0,32.5,14.5,1.5,1.0,1.0,0.5,2.0,1.5,6.0,3.0,2.0,69.5,505.5,4,0,1,0,1,1,1,0,0,0,1,0,0,0,193.04,200.66,205.0,0.7539291381835938,0.054931640625,0.4305682802200317,0.4973771667480469,0.0897481536865234,0.1154091644287109,0.1435575485229492,0.1506690979003906,0.062530517578125,0.0,69.95536088943481,30.51367139816284,65.28903818130493,33.28299140930176,72.37950372695923,32.68680715560913,77.68758773803711,44.47759008407593,1.0517597198486328,0.3452882766723633,2.043313503265381,0.3286933898925781,44.5815486907959,14.494618892669678,50.03799819946289,20.83790922164917,21.36340951919556,13.291863918304443,10.736483573913574,8.096625804901123,4.010402679443359,2.7271885871887207,4.514556407928467,4.348456382751465,66.21604681015015,27.64529180526733,53.73171854019165,26.01955795288086,3.5380263328552246,2.7490129470825195,10.107646942138672,6.072359085083008,0.2012877464294433,0.1193666458129882,1.4496726989746094,1.1910743713378906,29.348849296569824,131.28386878967285,621.6366739273071,50,1,4,0,4,13,9,0,1,0,1,6,5,0,190.5,203.2,205.0,29.0,37.0,0,0,0,0,0,1,0,0,0,0,0,0,0,0,0,0,0,1,0,0,0,0,1,0
Blue,False,0.015625,0.0,0.45,0.4275,0.25,0.2,0.148468017578125,0.098388671875,0.0,0.0,66.5,29.6875,64.31230545043945,27.34375,89.75,48.0,85.53125,44.41152191162109,2.0,0.75,2.0546875,0.75,51.1875,18.3359375,49.6123046875,16.280410766601562,7.5,5.07647705078125,7.5,5.0,4.5,3.625,4.984375,3.9375,48.6875,17.0,47.11572265625,16.5,5.75,3.75,5.3125,3.4375,5.0625,3.5,3.875,2.5,99.2119140625,94.125,638.5,0,0,0,0,0,0,0,0,0,0,0,0,0,0,175.26,180.34,155.0,0.0001220703125,0.0630035400390625,0.5102427673339843,0.6973052978515625,0.0940080261230468,0.6965252685546875,0.1029052734375,0.269439697265625,0.51788330078125,0.250885009765625,41.4541015625,22.76557922363281,96.22648620605467,64.74758911132812,53.78047180175781,34.02490234375,182.0758056640625,136.3264617919922,1.43756103515625,0.328826904296875,3.52239990234375,2.324371337890625,29.314956665039062,12.1007080078125,85.68013000488281,55.85227966308594,4.1683502197265625,3.446151733398437,7.655364990234375,6.41668701171875,7.970794677734375,7.218719482421875,2.8909912109375,2.478622436523437,27.23213195800781,12.084625244140623,26.47920227050781,13.30029296875,9.200485229492188,6.9906005859375,15.069992065429688,11.541397094726562,5.021484375,3.690353393554688,54.67729187011719,39.90589904785156,56.3919677734375,545.3925170898438,782.7622680664062,39,0,0,1,4,10,7,0,0,0,5,2,3,0,177.8,172.72,155.0,25.0,37.0,0,0,0,0,0,0,1,0,0,0,0,0,0,0,0,0,0,1,0,0,1,0,0,0
Blue,False,0.0,0.0,0.5634375,0.281484375,0.4353125,0.00625,1.078125,0.0,0.0,0.0,119.578125,59.8203125,81.546875,22.828125,133.625,73.5859375,83.2890625,24.4453125,2.53125,1.4375,1.3828125,0.0390625,110.8984375,53.1484375,63.671875,12.8515625,5.6171875,4.1875,7.4765625,3.4921875,3.0625,2.484375,10.3984375,6.484375,83.078125,31.3515625,79.8359375,21.6171875,8.6484375,5.640625,1.6171875,1.15625,27.8515625,22.828125,0.09375,0.0546875,108.1171875,17.96875,573.578125,20,0,1,0,3,5,3,0,0,0,3,0,2,0,182.88,187.96,185.0,0.0,0.2578125,0.47267578125,0.233251953125,0.146015625,0.5061328125,0.734375,0.0556640625,0.0,0.03125,63.0302734375,26.84765625,38.1015625,18.7822265625,80.0634765625,41.5478515625,43.283203125,23.4462890625,3.51171875,0.7724609375,1.08203125,0.5478515625,48.1376953125,15.11328125,30.064453125,13.6982421875,6.6513671875,4.6796875,6.0380859375,3.61328125,8.2412109375,7.0546875,1.9990234375,1.470703125,56.154296875,21.3134765625,30.3681640625,12.0732421875,4.0400390625,3.373046875,3.123046875,2.2158203125,2.8359375,2.1611328125,4.6103515625,4.4931640625,74.033203125,33.751953125,335.7685546875,21,0,1,0,4,8,3,0,0,0,2,3,3,0,185.42,195.58,185.0,27.0,32.0,0,0,0,0,0,0,0,1,0,0,0,0,0,0,0,0,0,1,0,0,1,0,0,0
Blue,False,0.0,1.0,0.31,0.5,0.33,0.0,0.0,0.0,0.0,1.0,16.0,5.0,14.0,7.0,25.0,14.0,39.0,32.0,3.0,1.0,1.0,0.0,9.0,1.0,12.0,6.0,5.0,4.0,2.0,1.0,2.0,0.0,0.0,0.0,11.0,1.0,11.0,5.0,5.0,4.0,2.0,2.0,0.0,0.0,1.0,0.0,139.0,14.0,211.0,1,0,0,1,0,0,1,0,0,0,0,0,0,0,170.18,170.18,135.0,0.0,0.0,0.32984375,0.48984375,0.190625,0.0359375,0.0,0.15625,0.0,0.0,215.359375,69.9375,172.3125,83.9375,223.828125,77.46875,178.359375,89.609375,6.53125,1.34375,1.484375,0.09375,172.0625,42.375,119.609375,39.578125,30.5625,17.625,28.859375,21.625,12.734375,9.9375,23.84375,22.734375,198.53125,57.546875,158.40625,74.125,14.046875,9.953125,12.296875,8.375,2.78125,2.4375,1.609375,1.4375,53.3125,65.875,795.296875,17,0,0,1,2,3,4,0,0,1,1,1,0,0,172.72,170.18,135.0,30.0,33.0,0,0,0,0,0,0,0,0,0,0,1,0,0,0,0,1,0,0,0,0,1,0,0,0
Red,False,0.0,0.0,0.61,0.5,1.0,0.0,0.0,0.0,0.0,0.0,185.0,114.0,226.0,114.0,216.0,138.0,298.0,185.0,5.0,5.0,1.0,0.0,113.0,49.0,152.0,63.0,71.0,64.0,54.0,35.0,1.0,1.0,20.0,16.0,160.0,90.0,182.0,76.0,22.0,22.0,44.0,38.0,3.0,2.0,0.0,0.0,309.0,0.0,900.0,3,0,1,0,1,1,0,0,0,0,1,0,0,0,170.18,175.26,145.0,0.0,0.0,0.42,0.69,0.0,0.5,0.0,0.0,0.0,0.0,19.0,8.0,36.0,25.0,19.0,8.0,39.0,28.0,0.0,0.0,2.0,1.0,14.0,4.0,35.0,24.0,3.0,2.0,1.0,1.0,2.0,2.0,0.0,0.0,18.0,8.0,19.0,9.0,1.0,0.0,1.0,1.0,0.0,0.0,16.0,15.0,0.0,42.0,93.0,1,0,0,1,0,0,1,0,0,0,0,0,0,0,182.88,180.34,145.0,25.0,28.0,0,0,1,0,0,0,0,0,0,0,0,0,0,0,0,1,0,0,0,0,0,0,0,1
Red,False,0.75,0.0,0.605,0.4425,0.125,0.055,0.0,0.25,0.0,0.0,50.0,23.25,51.5,24.75,52.75,25.75,62.25,32.25,0.5,0.25,2.75,0.5,46.25,21.0,33.75,12.25,2.75,1.5,12.75,7.75,1.0,0.75,5.0,4.75,35.75,12.0,44.5,18.75,1.5,0.5,6.0,5.0,12.75,10.75,1.0,1.0,19.25,44.0,297.25,6,0,1,0,1,2,1,0,0,0,0,2,0,0,177.8,185.42,170.0,1.5,0.0,0.5349999999999999,0.365,0.5,0.0,0.0,0.0,0.0,0.0,67.0,36.0,51.5,20.5,70.0,38.5,51.5,20.5,0.5,0.5,0.0,0.0,46.0,18.5,40.5,13.5,7.0,4.0,7.0,4.0,14.0,13.5,4.0,3.0,56.5,29.0,43.0,14.5,1.0,0.5,8.5,6.0,9.5,6.5,0.0,0.0,28.5,9.5,385.0,4,0,2,0,2,2,0,0,0,0,0,2,0,0,187.96,187.96,170.0,30.0,28.0,0,0,0,0,0,0,0,0,0,1,0,0,0,0,0,0,0,1,0,0,1,0,0,0
Blue,False,0.0,2.0,0.32,0.62,0.0,0.0,0.0,0.0,0.0,0.0,52.0,17.0,59.0,37.0,53.0,18.0,67.0,45.0,0.0,0.0,0.0,0.0,44.0,12.0,49.0,29.0,4.0,1.0,6.0,4.0,4.0,4.0,4.0,4.0,47.0,14.0,50.0,29.0,5.0,3.0,7.0,6.0,0.0,0.0,2.0,2.0,0.0,35.0,268.0,1,0,0,1,0,0,1,0,0,0,0,0,0,0,182.88,190.5,265.0,0.0471682548522949,0.0,0.45,0.4217682266235352,0.25,0.19173828125,0.1875,0.125,0.0,0.0,69.5,30.5,66.984375,27.8466796875,94.0,48.544921875,88.50390625,44.75,2.0,0.8125,2.015625,0.6640625,54.0,19.01513671875,51.483436584472656,16.9437255859375,7.91796875,5.430633544921875,7.75,5.0625,4.780975341796875,3.9373779296875,4.8994140625,3.84375,51.025390625,18.400863647460938,50.515625,17.5,5.75,3.75,5.5,3.5,5.375,3.6875,4.0,2.65625,104.865234375,89.5,655.8441009521484,0,0,0,0,0,0,0,0,0,0,0,0,0,0,193.04,200.66,265.0,35.0,31.0,0,0,0,0,1,0,0,0,0,0,0,0,0,0,0,1,0,0,0,0,1,0,0,0
Red,False,0.033203125,0.033203125,0.61615234375,0.37875,0.3455859375,0.0284375,0.001953125,0.140625,0.0,0.0,89.017578125,55.751953125,64.189453125,26.84765625,157.005859375,118.380859375,83.962890625,44.357421875,7.353515625,1.75390625,1.36328125,0.0703125,51.7421875,20.10546875,56.234375,20.556640625,33.98828125,32.724609375,6.447265625,4.8828125,3.287109375,2.921875,1.5078125,1.408203125,46.083984375,16.484375,38.76171875,9.556640625,34.203125,31.3671875,24.470703125,16.7109375,8.73046875,7.900390625,0.95703125,0.580078125,261.146484375,293.7578125,815.212890625,24,0,0,1,2,6,4,0,0,0,6,0,0,0,182.88,190.5,205.0,0.02685546875,0.7578125,0.43908935546875,0.669847412109375,0.094150390625,0.2222766113281249,0.188232421875,0.0001220703125,0.0010986328125,0.00390625,84.818115234375,36.9443359375,119.9224853515625,76.234130859375,102.41796875,53.6632080078125,197.33154296875,148.9075927734375,1.9918212890625,0.285400390625,1.4334716796875,0.6011962890625,64.685302734375,23.357666015625,81.1239013671875,43.8179931640625,12.259765625,6.7161865234375,15.8818359375,11.3677978515625,7.873046875,6.8704833984375,22.916748046875,21.04833984375,78.1884765625,33.7127685546875,77.7923583984375,42.6734619140625,3.4351806640625,1.5443115234375,9.0860595703125,6.262939453125,3.1944580078125,1.687255859375,33.0440673828125,27.2977294921875,33.3763427734375,550.944580078125,1025.1591796875,39,1,0,1,3,8,6,0,0,0,1,5,2,0,193.04,193.04,205.0,30.0,32.0,0,0,0,0,0,1,0,0,0,0,0,0,0,0,0,1,0,0,0,0,1,0,0,0
Blue,False,0.0,0.0,0.52,0.66,1.0,0.45,0.0,0.0,0.0,1.0,168.0,89.0,156.0,104.0,224.0,145.0,180.0,127.0,1.0,1.0,11.0,5.0,124.0,57.0,106.0,64.0,32.0,22.0,25.0,20.0,12.0,10.0,25.0,20.0,145.0,71.0,108.0,62.0,21.0,16.0,15.0,14.0,2.0,2.0,33.0,28.0,79.0,373.0,900.0,3,0,0,1,0,0,1,0,0,0,0,0,0,0,182.88,185.42,145.0,0.0,0.0,0.6200000000000001,0.45,0.25,0.33,0.0,1.0,1.5,0.5,47.5,28.5,39.0,25.5,70.0,46.5,73.5,56.0,3.0,1.5,2.0,1.0,45.0,26.5,31.5,22.0,1.5,1.0,5.0,3.0,1.0,1.0,2.5,0.5,11.0,7.0,17.0,7.0,4.5,4.0,2.5,2.5,32.0,17.5,19.5,16.0,274.0,144.5,492.5,4,0,1,0,1,1,1,0,0,0,0,1,0,0,172.72,180.34,145.0,31.0,27.0,0,0,1,0,0,0,0,0,0,0,0,0,0,0,0,0,0,0,1,0,0,0,0,1
Blue,False,0.0,0.0,0.265,0.435,0.11,0.1,0.5,0.0,0.0,0.0,151.0,40.5,179.5,78.5,168.5,56.5,197.0,92.5,5.0,1.0,2.5,0.5,135.5,29.0,162.0,65.0,6.5,5.0,10.0,7.0,9.0,6.5,7.5,6.5,141.5,34.0,160.5,64.5,5.0,4.5,6.0,5.5,4.5,2.0,13.0,8.5,125.0,141.0,900.0,6,0,0,2,0,0,2,0,0,0,0,0,0,0,165.1,177.8,135.0,1.0,1.0,0.46,0.41,0.5,0.25,1.0,1.5,0.5,0.0,172.0,81.0,155.0,64.5,193.0,98.0,173.0,80.0,1.0,0.5,4.0,1.0,126.5,49.5,127.5,44.0,40.0,26.5,20.5,14.0,5.5,5.0,7.0,6.5,159.5,71.0,143.5,58.0,2.0,2.0,5.5,3.0,10.5,8.0,6.0,3.5,110.5,206.5,829.0,6,0,0,2,0,0,2,0,0,0,0,0,0,0,177.8,185.42,145.0,35.0,32.0,1,0,0,0,0,0,0,0,0,0,0,0,0,0,0,1,0,0,0,0,1,0,0,0
Blue,False,0.0,0.0,0.42,0.62,1.0,0.12,0.0,1.0,0.0,0.0,50.0,21.0,78.0,49.0,194.0,158.0,168.0,129.0,1.0,1.0,16.0,2.0,37.0,9.0,34.0,18.0,13.0,12.0,36.0,25.0,0.0,0.0,8.0,6.0,34.0,7.0,40.0,16.0,16.0,14.0,21.0,20.0,0.0,0.0,17.0,13.0,89.0,582.0,900.0,3,0,1,0,1,1,0,0,0,0,1,0,0,0,177.8,182.88,135.0,0.65625,0.0625,0.4975,0.4959375,0.015625,0.071875,0.03125,0.5625,0.0,0.0,65.875,32.5625,61.25,31.09375,70.21875,36.09375,63.09375,32.8125,0.625,0.03125,1.21875,0.1875,54.21875,23.65625,29.875,8.5625,6.625,5.03125,24.03125,16.1875,5.03125,3.875,7.34375,6.34375,57.25,25.53125,55.4375,26.34375,4.03125,2.875,5.125,4.21875,4.59375,4.15625,0.6875,0.53125,37.875,8.96875,360.84375,11,0,1,0,1,3,3,0,0,0,1,1,1,0,167.64,170.18,135.0,29.0,34.0,0,1,0,0,0,0,0,0,0,0,0,0,0,0,0,1,0,0,0,0,0,0,1,0
Red,False,0.0,0.0,0.515,0.4525,0.75,0.0,0.5,1.25,0.0,0.0,34.25,15.75,53.25,23.0,39.25,19.75,75.25,41.0,2.25,2.25,2.5,0.0,25.25,9.5,47.5,18.5,6.75,4.75,3.5,2.25,2.25,1.5,2.25,2.25,31.75,13.75,39.0,12.75,1.0,1.0,2.25,0.5,1.5,1.0,12.0,9.75,35.0,205.0,445.25,6,0,1,0,1,1,2,0,0,0,0,0,1,0,160.02,157.48,125.0,0.0,0.25,0.47875,0.526875,0.169375,0.21875,0.0,0.0625,0.0,0.0,23.5625,11.625,35.6875,18.5625,49.3125,33.625,44.25,24.875,1.1875,0.5625,0.375,0.3125,15.375,5.1875,26.9375,11.1875,5.75,4.4375,7.75,6.8125,2.4375,2.0,1.0,0.5625,17.5,7.5625,20.9375,7.375,5.5,3.5625,12.875,9.875,0.5625,0.5,1.875,1.3125,53.375,84.375,211.625,9,0,0,1,1,1,4,0,0,0,1,0,0,0,167.64,172.72,125.0,29.0,32.0,0,0,0,0,0,0,0,0,0,0,0,0,1,0,0,1,0,0,0,0,0,0,1,0
Red,False,0.0,0.0,0.18,0.42,0.0,1.0,0.0,1.0,1.0,0.0,16.0,3.0,28.0,12.0,18.0,5.0,46.0,28.0,0.0,0.0,1.0,1.0,11.0,1.0,24.0,8.0,1.0,1.0,2.0,2.0,4.0,1.0,2.0,2.0,16.0,3.0,25.0,10.0,0.0,0.0,0.0,0.0,0.0,0.0,3.0,2.0,22.0,141.0,282.0,1,0,0,1,0,0,1,0,0,0,0,0,0,0,170.18,180.34,125.0,0.0,0.0,0.595,0.41,0.5,0.2,1.0,0.5,0.5,0.0,93.5,55.5,67.0,27.5,100.5,61.5,76.0,34.5,0.5,0.5,4.0,1.0,78.0,45.0,56.5,21.5,9.0,5.0,6.5,3.0,6.5,5.5,4.0,3.0,61.5,34.0,36.5,10.5,2.0,1.5,3.0,2.0,30.0,20.0,27.5,15.0,122.0,222.5,663.5,5,0,0,1,1,1,1,0,0,0,1,0,0,0,172.72,182.88,125.0,30.0,24.0,0,0,0,1,0,0,0,0,0,0,0,0,0,0,0,0,0,0,1,0,0,0,1,0
Red,False,1.0,0.5,0.51,0.55,0.5,0.2,1.5,0.0,0.5,0.5,52.0,27.5,35.0,19.5,63.0,36.5,47.0,31.0,0.5,0.5,5.5,2.0,41.0,18.0,23.0,9.0,6.5,5.5,3.0,2.0,4.5,4.0,9.0,8.5,46.5,23.0,29.5,16.0,3.5,2.5,4.0,2.0,2.0,2.0,1.5,1.5,107.5,166.0,423.0,4,0,2,0,2,2,0,0,0,0,0,0,2,0,175.26,172.72,125.0,0.140625,0.0078125,0.373828125,0.4257031249999999,0.16890625,0.1140625,0.046875,0.5,0.640625,0.640625,135.9375,48.578125,101.234375,39.546875,175.1171875,85.1171875,130.921875,67.0625,1.921875,0.421875,6.078125,1.0703125,124.953125,40.859375,83.515625,27.3515625,9.1015625,6.5078125,9.1328125,5.8359375,1.8828125,1.2109375,8.5859375,6.359375,120.6796875,39.4140625,94.9453125,34.515625,5.53125,2.5546875,1.609375,0.828125,9.7265625,6.609375,4.6796875,4.203125,180.7421875,166.0234375,907.3046875,23,0,3,0,3,5,3,0,0,1,2,0,2,0,170.18,177.8,125.0,28.0,26.0,0,0,0,1,0,0,0,0,0,0,0,0,0,0,0,0,0,1,0,0,1,0,0,0
Red,False,1.0,0.0,1.0,1.0,0.0,0.0,0.0,0.0,0.0,0.0,15.0,15.0,7.0,7.0,21.0,21.0,24.0,23.0,0.0,0.0,0.0,0.0,10.0,10.0,5.0,5.0,5.0,5.0,2.0,2.0,0.0,0.0,0.0,0.0,1.0,1.0,0.0,0.0,12.0,12.0,7.0,7.0,2.0,2.0,0.0,0.0,13.0,58.0,91.0,1,0,1,0,1,1,0,0,0,0,0,0,0,1,187.96,195.58,205.0,0.5,1.0,0.315,0.4649999999999999,0.25,0.0,0.0,0.0,0.0,0.0,107.0,34.5,106.5,53.5,108.0,35.0,113.0,58.5,2.0,0.5,0.0,0.0,69.0,12.5,75.0,31.0,34.0,18.0,20.0,11.5,4.0,4.0,11.5,11.0,99.0,29.0,101.5,49.5,6.5,4.5,3.5,2.5,1.5,1.0,1.5,1.5,38.0,6.0,527.5,5,0,0,1,1,1,1,0,0,0,0,1,0,0,177.8,193.04,185.0,29.0,26.0,0,0,0,0,0,0,0,1,0,0,0,0,0,0,0,1,0,0,0,0,0,0,1,0
Red,False,0.0,0.0,0.494609375,0.315625,0.5459375,0.01203125,0.140625,0.0390625,0.0,0.046875,184.3203125,90.1484375,206.40625,61.328125,225.2734375,118.8125,210.1328125,63.3984375,5.625,2.953125,0.3125,0.078125,138.6328125,58.4609375,181.890625,43.59375,35.28125,23.703125,15.5234375,10.7109375,10.40625,7.984375,8.9921875,7.0234375,161.3984375,72.3828125,197.78125,56.1171875,2.0859375,1.6953125,8.359375,5.015625,20.8359375,16.0703125,0.265625,0.1953125,335.7421875,2.0234375,1155.6875,22,0,3,0,3,6,2,0,0,0,3,0,3,0,162.56,162.56,125.0,0.0009765625,0.5,0.426162109375,0.53955078125,0.25,0.51568359375,1.00390625,0.0,0.0,0.0,85.140625,39.0361328125,74.3759765625,34.7236328125,127.041015625,79.2529296875,99.8046875,58.916015625,0.9013671875,0.75,2.2099609375,1.5478515625,61.392578125,23.0859375,51.1435546875,16.0390625,17.3466796875,11.5498046875,11.6640625,8.771484375,6.4013671875,4.400390625,11.568359375,9.9130859375,63.8427734375,21.3662109375,62.54296875,24.052734375,7.357421875,5.76171875,6.5732421875,5.505859375,13.9404296875,11.908203125,5.259765625,5.1650390625,172.3330078125,114.345703125,567.875,31,1,1,0,3,7,4,0,0,1,6,0,0,0,175.26,172.72,125.0,33.0,31.0,0,0,0,0,0,0,0,0,0,0,0,0,1,0,0,1,0,0,0,0,1,0,0,0
Red,False,0.25,0.0,0.57125,0.46125,0.125,0.33125,0.75,1.0,0.25,0.125,70.875,24.375,60.625,28.875,117.25,66.375,87.375,52.25,0.125,0.125,1.375,0.875,57.0,15.0,46.375,17.875,9.625,6.875,5.5,3.375,4.25,2.5,8.75,7.625,63.75,19.375,49.75,21.625,2.0,1.5,2.875,2.25,5.125,3.5,8.0,5.0,190.5,109.75,494.0,10,0,0,2,2,2,2,0,0,0,1,0,1,0,167.64,170.18,125.0,0.0,0.0,0.4975,0.51,0.125,0.65375,0.75,2.0,0.25,0.25,69.0,32.75,83.875,46.25,87.875,49.25,169.75,126.75,0.25,0.25,3.5,2.375,51.75,19.125,66.75,34.125,12.625,9.0,11.25,7.75,4.625,4.625,5.875,4.375,55.75,22.625,48.5,16.5,11.25,8.75,5.75,4.5,2.0,1.375,29.625,25.25,71.5,431.875,770.0,11,0,1,0,1,2,2,0,0,0,1,0,1,0,172.72,170.18,125.0,26.0,36.0,0,0,0,0,0,0,0,0,0,0,0,0,1,0,0,1,0,0,0,0,0,0,1,0
Red,True,0.0,0.0,0.445,0.47625,0.125,0.578125,0.5,0.0,0.0,0.0,112.5,41.25,95.75,42.6875,128.375,55.6875,122.1875,66.75,0.5,0.25,2.25,0.75,95.5,28.6875,67.4375,20.375,9.1875,5.5,13.4375,10.875,7.8125,7.0625,14.875,11.4375,105.6875,36.3125,90.4375,38.8125,5.9375,4.6875,2.5,1.625,0.875,0.25,2.8125,2.25,76.8125,131.75,584.5,13,0,0,1,2,3,2,0,0,0,2,0,1,0,162.56,162.56,125.0,0.125,0.0,0.5557617187499999,0.26849609375,0.940390625,0.0066015625,0.1953125,0.00390625,0.001953125,0.0,82.197265625,41.71484375,68.591796875,20.08203125,112.482421875,71.078125,112.44921875,62.30078125,3.015625,2.412109375,1.18359375,0.044921875,57.396484375,24.107421875,35.314453125,1.474609375,7.935546875,4.478515625,12.07421875,6.69921875,16.865234375,13.12890625,21.203125,11.908203125,65.791015625,27.43359375,66.29296875,18.3359375,2.208984375,1.646484375,2.1796875,1.67578125,14.197265625,12.634765625,0.119140625,0.0703125,305.16796875,8.0234375,895.9140625,35,5,1,0,5,8,2,0,0,1,3,2,2,0,165.1,167.64,125.0,32.0,32.0,0,0,0,0,0,0,0,0,0,0,0,0,1,0,0,1,0,0,0,0,0,0,1,0
Red,True,1.03125,0.0,0.41515625,0.34203125,0.39140625,0.03125,0.296875,0.0,0.0,0.0,55.46875,26.828125,43.265625,16.609375,73.828125,42.578125,51.234375,23.578125,1.109375,0.671875,0.1875,0.0625,37.296875,13.46875,37.421875,13.640625,4.15625,2.15625,2.734375,1.296875,14.015625,11.203125,3.109375,1.671875,45.0625,18.828125,39.296875,13.4375,4.65625,3.6875,1.078125,0.96875,5.75,4.3125,2.890625,2.203125,97.21875,5.578125,317.53125,12,0,3,0,3,6,1,0,0,0,2,2,2,0,167.64,165.1,125.0,1.35546875,0.0,0.70390625,0.5798828125,0.3104296875,0.0749609374999999,2.43359375,0.015625,0.0,0.0,43.8828125,30.2109375,54.296875,28.84375,48.01171875,34.19921875,59.45703125,33.24609375,0.73046875,0.43359375,1.73828125,0.37109375,37.6796875,25.08203125,34.98046875,15.68359375,5.98046875,4.96875,8.60546875,5.46875,0.22265625,0.16015625,10.7109375,7.69140625,27.1171875,15.1640625,46.91015625,24.20703125,2.22265625,1.578125,6.625,4.21484375,14.54296875,13.46875,0.76171875,0.421875,94.4375,22.35546875,373.34375,19,1,4,0,4,8,1,0,0,1,1,4,2,0,165.1,172.72,125.0,28.0,32.0,0,0,0,1,0,0,0,0,0,0,0,0,0,0,0,1,0,0,0,0,1,0,0,0
Blue,False,0.125,0.005859375,0.46884765625,0.52884765625,0.1991015625,0.34876953125,0.951171875,0.0625,0.046875,0.046875,34.833984375,17.697265625,30.142578125,14.486328125,55.0078125,36.109375,44.830078125,24.474609375,1.865234375,0.470703125,1.771484375,0.767578125,25.94921875,11.048828125,26.107421875,11.291015625,6.568359375,4.60546875,2.013671875,1.703125,2.31640625,2.04296875,2.021484375,1.4921875,26.892578125,12.1015625,16.333984375,5.4140625,4.6171875,3.4140625,0.666015625,0.62890625,3.32421875,2.181640625,13.142578125,8.443359375,44.19140625,206.74609375,375.595703125,19,0,1,0,1,5,5,0,0,0,0,0,5,0,190.5,193.04,205.0,0.2237968444824218,0.0684356689453125,0.4723441886901856,0.5152210998535156,0.4324080944061279,0.0708596134185791,0.0003070831298828,0.3839750289916992,0.0,0.0001239776611328,83.76152896881104,41.48727512359619,90.6090784072876,44.248311042785645,112.6594934463501,64.5774621963501,122.04607105255128,74.0608720779419,3.514442443847656,1.7061214447021484,1.2901124954223633,0.3151960372924804,62.63236808776856,23.972601890563965,76.91456413269043,33.53190803527832,8.817878723144531,6.770998001098633,11.164348602294922,8.439435005187988,12.31128215789795,10.743675231933594,2.530165672302246,2.276968002319336,68.99291229248047,32.223517417907715,81.77340602874756,37.08776378631592,3.769475936889648,3.498912811279297,5.707729339599609,4.320965766906738,10.999140739440918,5.76484489440918,3.1279430389404297,2.8395814895629883,255.91954040527344,70.87843418121338,804.7851724624634,54,3,0,1,3,11,10,0,0,2,1,8,0,0,185.42,193.04,205.0,32.0,38.0,0,0,0,0,0,1,0,0,0,0,0,0,0,0,0,1,0,0,0,0,1,0,0,0
Blue,False,0.6409921646118164,0.3134765625,0.5353571557998658,0.4403682947158813,0.3422999954223633,0.0037234592437744,0.1250648498535156,0.2520751953125,2.86102294921875e-06,4.76837158203125e-07,113.30206394195557,61.21786260604858,124.00632095336914,53.791550159454346,135.28297519683838,82.54874801635742,129.9737148284912,59.106924533844,4.261185646057129,1.3761329650878906,0.6019244194030762,0.0223865509033203,85.8931393623352,38.20680618286133,97.91510152816772,36.91688632965088,20.782984733581543,16.408631324768066,20.74208211898804,11.653643608093262,6.625939846038818,6.6024250984191895,5.349137306213379,5.221020221710205,93.38896989822388,46.83891248703003,121.26545524597168,52.57445573806763,15.816848754882812,11.36525011062622,2.347452163696289,0.8965063095092773,4.096245288848877,3.013700008392334,0.3934135437011719,0.3205881118774414,201.0749082565308,4.106943607330322,645.7012319564819,48,0,2,0,4,12,10,0,0,1,4,5,2,0,187.96,190.5,170.0,0.5048828125,0.26220703125,0.5457373046875,0.5324365234375,0.547421875,0.004345703125,0.0,0.15625,0.0,0.53125,100.681640625,56.145263671875,94.25830078125,46.904052734375,118.504150390625,73.967529296875,97.20263671875,49.348388671875,0.92578125,0.57421875,3.13623046875,0.013671875,74.944580078125,35.657958984375,74.797119140625,30.947509765625,14.323486328125,9.78955078125,8.091064453125,5.91943359375,11.41357421875,10.69775390625,11.3701171875,10.037109375,79.905029296875,39.515380859375,87.719970703125,43.286865234375,6.99755859375,6.104248046875,4.134521484375,2.2880859375,13.779052734375,10.525634765625,2.40380859375,1.3291015625,210.56298828125,33.5712890625,676.01513671875,30,0,2,0,2,7,6,0,0,1,2,4,0,0,177.8,180.34,170.0,36.0,29.0,0,0,0,0,0,0,0,0,0,1,0,0,0,0,0,1,0,0,0,0,1,0,0,0
Red,False,0.015625,0.0,0.45,0.4275,0.25,0.2,0.148468017578125,0.098388671875,0.0,0.0,66.5,29.6875,64.31230545043945,27.34375,89.75,48.0,85.53125,44.41152191162109,2.0,0.75,2.0546875,0.75,51.1875,18.3359375,49.6123046875,16.280410766601562,7.5,5.07647705078125,7.5,5.0,4.5,3.625,4.984375,3.9375,48.6875,17.0,47.11572265625,16.5,5.75,3.75,5.3125,3.4375,5.0625,3.5,3.875,2.5,99.2119140625,94.125,638.5,0,0,0,0,0,0,0,0,0,0,0,0,0,0,182.88,195.58,170.0,0.58837890625,0.130859375,0.39203125,0.375576171875,0.264453125,0.043701171875,0.0,0.06298828125,0.0,0.0,96.00439453125,37.166015625,90.79638671875,31.59765625,96.91943359375,38.0341796875,92.84619140625,33.4423828125,1.158203125,0.564453125,0.26513671875,0.1025390625,72.29296875,20.28857421875,67.5439453125,14.89892578125,8.4248046875,5.18310546875,8.197265625,4.4501953125,15.28662109375,11.6943359375,15.05517578125,12.24853515625,81.83349609375,29.53369140625,85.2373046875,28.0263671875,9.328125,4.76416015625,4.20361328125,2.765625,4.8427734375,2.8681640625,1.35546875,0.8056640625,23.2080078125,16.09619140625,645.51220703125,24,0,1,0,3,7,5,0,0,0,3,4,0,0,182.88,185.42,170.0,26.0,38.0,0,0,0,0,0,0,0,0,0,1,0,0,0,0,0,1,0,0,0,0,0,0,1,0
Blue,False,0.0,0.71875,0.370625,0.54,0.096875,0.283125,0.0,0.6875,0.25,0.03125,71.53125,26.96875,60.46875,31.0625,88.90625,41.34375,73.53125,41.875,1.625,0.5,1.96875,1.1875,53.90625,15.0,48.625,22.40625,11.5625,7.03125,5.53125,2.625,6.0625,4.9375,6.3125,6.03125,54.0625,16.875,45.34375,21.90625,10.84375,6.3125,4.25,2.0,6.625,3.78125,10.875,7.15625,113.8125,162.96875,534.0,16,0,1,0,1,2,4,0,0,1,1,0,0,0,180.34,187.96,170.0,1.75,0.5,0.455,0.4425,0.25,0.0825,0.25,0.0,0.0,0.0,132.25,63.5,126.0,57.0,132.5,63.5,128.0,57.5,0.25,0.25,0.75,0.25,115.25,49.0,95.25,32.5,12.0,9.5,21.5,16.75,5.0,5.0,9.25,7.75,127.5,60.0,102.25,48.0,1.75,1.0,1.75,0.5,3.0,2.5,22.0,8.5,8.75,32.0,426.25,6,0,3,0,3,3,0,0,0,0,1,1,1,0,185.42,187.96,170.0,36.0,33.0,0,0,0,0,0,0,0,0,0,1,0,0,0,0,0,1,0,0,0,0,0,0,1,0
Blue,False,0.015625,0.0,0.45,0.4275,0.25,0.2,0.148468017578125,0.098388671875,0.0,0.0,66.5,29.6875,64.31230545043945,27.34375,89.75,48.0,85.53125,44.41152191162109,2.0,0.75,2.0546875,0.75,51.1875,18.3359375,49.6123046875,16.280410766601562,7.5,5.07647705078125,7.5,5.0,4.5,3.625,4.984375,3.9375,48.6875,17.0,47.11572265625,16.5,5.75,3.75,5.3125,3.4375,5.0625,3.5,3.875,2.5,99.2119140625,94.125,638.5,0,0,0,0,0,0,0,0,0,0,0,0,0,0,185.42,182.88,170.0,0.0471682548522949,0.0,0.45,0.4217682266235352,0.25,0.19173828125,0.1875,0.125,0.0,0.0,69.5,30.5,66.984375,27.8466796875,94.0,48.544921875,88.50390625,44.75,2.0,0.8125,2.015625,0.6640625,54.0,19.01513671875,51.483436584472656,16.9437255859375,7.91796875,5.430633544921875,7.75,5.0625,4.780975341796875,3.9373779296875,4.8994140625,3.84375,51.025390625,18.400863647460938,50.515625,17.5,5.75,3.75,5.5,3.5,5.375,3.6875,4.0,2.65625,104.865234375,89.5,655.8441009521484,0,0,0,0,0,0,0,0,0,0,0,0,0,0,175.26,180.34,170.0,31.0,25.0,0,0,0,0,0,0,0,0,0,1,0,0,0,0,0,0,0,0,1,0,1,0,0,0
Red,False,0.015625,0.0,0.45,0.4275,0.25,0.2,0.148468017578125,0.098388671875,0.0,0.0,66.5,29.6875,64.31230545043945,27.34375,89.75,48.0,85.53125,44.41152191162109,2.0,0.75,2.0546875,0.75,51.1875,18.3359375,49.6123046875,16.280410766601562,7.5,5.07647705078125,7.5,5.0,4.5,3.625,4.984375,3.9375,48.6875,17.0,47.11572265625,16.5,5.75,3.75,5.3125,3.4375,5.0625,3.5,3.875,2.5,99.2119140625,94.125,638.5,0,0,0,0,0,0,0,0,0,0,0,0,0,0,182.88,190.5,185.0,0.0,1.0,0.58,0.62,0.6,0.0,0.0,0.0,1.0,4.0,58.0,34.0,66.0,41.0,127.0,92.0,109.0,79.0,5.0,3.0,0.0,0.0,51.0,29.0,55.0,31.0,5.0,3.0,10.0,9.0,2.0,2.0,1.0,1.0,35.0,19.0,26.0,13.0,3.0,2.0,3.0,3.0,20.0,13.0,37.0,25.0,464.0,337.0,900.0,3,0,0,1,0,0,1,0,0,0,0,0,0,0,190.5,193.04,185.0,29.0,27.0,0,0,0,0,0,0,0,1,0,0,0,0,0,0,0,1,0,0,0,0,0,0,1,0
Red,False,0.0,0.0,0.4599999999999999,0.495,0.0,0.5,0.0,0.5,0.0,0.0,75.5,32.5,89.0,31.5,85.5,41.0,94.0,36.0,0.0,0.0,0.5,0.5,47.0,16.0,55.5,13.0,6.0,4.0,17.5,10.0,22.5,12.5,16.0,8.5,62.5,25.5,75.0,23.0,13.0,7.0,10.5,6.0,0.0,0.0,3.5,2.5,5.5,115.0,561.5,4,0,1,0,1,1,1,0,0,0,1,0,0,0,170.18,172.72,125.0,0.03125,0.0,0.38328125,0.5934375000000001,0.1543749999999999,0.181875,0.1875,0.296875,0.359375,0.28125,109.8125,41.46875,89.265625,52.28125,166.046875,91.390625,109.890625,71.375,2.875,0.75,2.84375,0.6875,88.609375,30.125,59.671875,27.671875,14.765625,8.484375,11.625,8.625,6.4375,2.859375,17.96875,15.984375,90.765625,27.46875,65.296875,34.359375,5.171875,2.734375,14.90625,11.546875,13.875,11.265625,9.0625,6.375,314.875,169.546875,900.0,21,0,0,3,2,2,5,0,0,1,1,0,0,0,170.18,175.26,115.0,28.0,33.0,0,0,0,0,0,0,0,0,0,0,0,0,0,1,0,1,0,0,0,0,0,0,1,0
Blue,False,0.015625,0.0,0.45,0.4275,0.25,0.2,0.148468017578125,0.098388671875,0.0,0.0,66.5,29.6875,64.31230545043945,27.34375,89.75,48.0,85.53125,44.41152191162109,2.0,0.75,2.0546875,0.75,51.1875,18.3359375,49.6123046875,16.280410766601562,7.5,5.07647705078125,7.5,5.0,4.5,3.625,4.984375,3.9375,48.6875,17.0,47.11572265625,16.5,5.75,3.75,5.3125,3.4375,5.0625,3.5,3.875,2.5,99.2119140625,94.125,638.5,0,0,0,0,0,0,0,0,0,0,0,0,0,0,160.02,147.32,115.0,0.0,0.0,0.56,0.56,0.18,0.0,1.0,0.0,0.0,0.0,55.0,31.0,46.0,26.0,67.0,43.0,48.0,27.0,11.0,2.0,0.0,0.0,37.0,16.0,22.0,7.0,12.0,12.0,7.0,4.0,6.0,3.0,17.0,15.0,40.0,16.0,39.0,23.0,1.0,1.0,6.0,3.0,14.0,14.0,1.0,0.0,271.0,7.0,746.0,3,0,1,0,1,1,0,0,0,0,0,0,1,0,157.48000000000002,160.02,115.0,21.0,21.0,0,0,0,0,0,0,0,0,0,0,0,0,0,1,0,1,0,0,0,0,1,0,0,0
Blue,False,0.015625,0.0,0.45,0.4275,0.25,0.2,0.148468017578125,0.098388671875,0.0,0.0,66.5,29.6875,64.31230545043945,27.34375,89.75,48.0,85.53125,44.41152191162109,2.0,0.75,2.0546875,0.75,51.1875,18.3359375,49.6123046875,16.280410766601562,7.5,5.07647705078125,7.5,5.0,4.5,3.625,4.984375,3.9375,48.6875,17.0,47.11572265625,16.5,5.75,3.75,5.3125,3.4375,5.0625,3.5,3.875,2.5,99.2119140625,94.125,638.5,0,0,0,0,0,0,0,0,0,0,0,0,0,0,154.94,157.48,115.0,0.0,0.0,0.5261614990234376,0.573741455078125,0.290601806640625,0.126392822265625,0.03155517578125,3.00152587890625,0.13232421875,0.89312744140625,49.9212646484375,23.49444580078125,70.35748291015625,35.4010009765625,61.30328369140625,33.47650146484375,101.7667236328125,63.63623046875,0.62255859375,0.33697509765625,1.58111572265625,0.5084228515625,41.10235595703125,16.75640869140625,55.6572265625,24.00823974609375,3.88958740234375,2.4267578125,9.7147216796875,7.25811767578125,4.9293212890625,4.311279296875,4.98553466796875,4.1346435546875,41.24609375,16.72454833984375,50.33740234375,18.8406982421875,6.27874755859375,4.9573974609375,4.56475830078125,3.132568359375,2.39642333984375,1.8125,15.455322265625,13.427734375,101.97149658203124,210.07568359375,541.8193359375,39,0,0,1,1,6,9,0,0,2,3,0,1,0,162.56,160.02,115.0,27.0,35.0,0,0,0,0,0,0,0,0,0,0,0,0,0,1,0,1,0,0,0,0,1,0,0,0
Blue,False,0.26171875,0.15625,0.40658203125,0.293818359375,0.072099609375,0.01271484375,0.0712890625,0.0,0.0,0.0,187.107421875,78.9453125,182.3369140625,46.0078125,190.5458984375,82.0869140625,187.4384765625,50.28515625,0.2587890625,0.212890625,1.18359375,0.0888671875,172.5703125,67.904296875,122.58984375,16.908203125,12.3125,8.8583984375,40.6435546875,14.38671875,2.224609375,2.1826171875,19.103515625,14.712890625,178.69140625,74.015625,177.94921875,43.5576171875,1.9130859375,1.158203125,0.8916015625,0.4169921875,6.5029296875,3.771484375,3.49609375,2.033203125,22.66015625,24.296875,711.6142578125,28,0,2,0,3,8,3,0,0,2,3,2,1,0,185.42,193.04,185.0,0.5,0.0,0.5925,0.6325000000000001,0.165,0.55,1.0,0.25,2.5,0.75,45.75,28.0,39.75,23.5,77.75,54.75,78.75,56.5,1.0,0.5,3.0,1.75,38.75,21.5,32.25,18.0,6.0,5.5,5.25,3.75,1.0,1.0,2.25,1.75,17.25,8.25,24.25,12.5,2.5,2.25,2.5,2.0,26.0,17.5,13.0,9.0,275.25,305.75,651.25,6,0,3,0,3,3,0,0,0,0,1,1,1,0,187.96,190.5,185.0,29.0,24.0,0,1,0,0,0,0,0,0,0,0,0,0,0,0,0,1,0,0,0,0,1,0,0,0
Blue,False,0.0,0.0,0.59,0.76,0.71,0.66,0.0,3.0,0.0,1.0,44.0,26.0,47.0,36.0,66.0,43.0,80.0,65.0,7.0,5.0,9.0,6.0,25.0,9.0,43.0,33.0,7.0,6.0,3.0,2.0,12.0,11.0,1.0,1.0,18.0,5.0,11.0,3.0,26.0,21.0,8.0,8.0,0.0,0.0,28.0,25.0,249.0,441.0,773.0,3,0,0,1,0,0,1,0,0,0,0,0,0,0,165.1,175.26,135.0,0.0,0.0,0.495,0.48,0.47,0.435,0.0,0.0,1.0,0.5,94.0,44.5,68.5,34.5,115.0,62.5,73.5,38.5,8.0,4.0,5.0,2.0,74.5,28.5,41.0,14.5,15.0,12.0,7.5,6.0,4.5,4.0,20.0,14.0,83.0,35.5,57.0,26.0,9.0,7.5,5.5,5.0,2.0,1.5,6.0,3.5,262.0,214.0,900.0,6,0,1,0,1,1,1,0,0,0,1,0,0,0,170.18,182.88,135.0,29.0,29.0,1,0,0,0,0,0,0,0,0,0,0,0,0,0,0,1,0,0,0,0,1,0,0,0
Red,False,0.0,0.0,0.0,0.64,0.0,0.5,0.0,1.0,0.0,0.0,0.0,0.0,62.0,40.0,0.0,0.0,98.0,68.0,0.0,0.0,2.0,1.0,0.0,0.0,62.0,40.0,0.0,0.0,0.0,0.0,0.0,0.0,0.0,0.0,0.0,0.0,1.0,0.0,0.0,0.0,0.0,0.0,0.0,0.0,61.0,40.0,0.0,179.0,189.0,1,0,0,1,0,0,1,0,0,0,0,0,0,0,187.96,198.12,170.0,0.26953125,0.50390625,0.30767578125,0.4883984375,0.0,0.35689453125,0.173828125,0.0,0.125,0.03125,90.345703125,31.5078125,66.341796875,29.818359375,93.349609375,34.412109375,72.6875,35.095703125,0.380859375,0.0,2.025390625,1.236328125,79.9921875,23.978515625,46.13671875,15.73828125,6.48828125,4.18359375,16.267578125,11.625,3.865234375,3.345703125,3.9375,2.455078125,81.015625,25.685546875,59.171875,24.521484375,5.09765625,3.552734375,5.0078125,3.76953125,4.232421875,2.26953125,2.162109375,1.52734375,16.84375,60.009765625,364.578125,23,0,2,0,3,6,4,0,0,1,3,1,1,0,180.34,182.88,170.0,25.0,30.0,0,0,0,0,0,0,0,0,0,1,0,0,0,0,0,1,0,0,0,0,1,0,0,0
Blue,False,1.0,0.0,0.58,0.25,0.0,0.0,0.0,0.0,0.0,0.0,17.0,10.0,4.0,1.0,17.0,10.0,4.0,1.0,1.0,0.0,0.0,0.0,12.0,6.0,3.0,1.0,4.0,4.0,1.0,0.0,1.0,0.0,0.0,0.0,10.0,4.0,4.0,1.0,4.0,4.0,0.0,0.0,3.0,2.0,0.0,0.0,5.0,0.0,27.0,1,0,1,0,1,1,0,0,0,0,0,1,0,0,182.88,195.58,170.0,0.53125,0.0,0.5340625,0.4703125,0.145625,0.583125,0.0,0.0,0.03125,0.0,83.46875,42.28125,103.09375,55.125,86.75,45.125,113.75,64.84375,2.1875,0.5625,2.90625,2.3125,68.75,31.53125,70.3125,29.1875,4.15625,3.96875,20.90625,14.5625,10.5625,6.78125,11.875,11.375,74.34375,37.875,86.90625,42.71875,9.0,4.3125,12.1875,8.71875,0.125,0.09375,4.0,3.6875,55.0625,165.3125,535.21875,10,0,1,0,3,4,2,0,0,0,0,4,0,0,177.8,185.42,170.0,26.0,35.0,0,0,0,0,0,0,0,0,0,1,0,0,0,0,0,1,0,0,0,0,1,0,0,0
Blue,False,9.97781753540039e-05,3.725290298461914e-09,0.4451563495025039,0.2929873580113053,0.0924079892784357,0.5536510339751839,0.2618108578026294,1.9371509552001957e-06,0.1875000037252903,7.450580596923828e-09,93.26508740335704,45.3070478849113,119.37903540953994,45.13156848028302,118.97375994548202,66.67342108488083,164.71469981595874,81.80541687458754,3.017491903156042,0.6314375251531601,10.199367426335812,5.473835591226816,63.73330884426832,21.11157263815403,102.08066170662642,32.75347315147519,14.810269623994827,11.668238006532192,13.443553932011127,8.628894362598658,14.72150893509388,12.527237240225077,3.8548197709023952,3.749200966209173,84.57467395067215,37.874180141836405,103.49341452121736,34.287821393460035,6.580979578197002,5.616881534457207,9.3820190243423,6.871723752468824,2.109433874487877,1.8159862086176872,6.503601863980293,3.972023334354162,101.00804886966944,578.8801834322512,1138.9088589958849,86,4,0,2,5,18,11,0,0,0,10,4,4,0,172.72,177.8,155.0,0.0235595703125,0.0001220703125,0.448096923828125,0.5318701171875,0.0006103515625,0.247535400390625,0.0029296875,0.0625,0.0,0.0313720703125,179.144775390625,81.187744140625,162.61767578125,88.216064453125,193.3800048828125,93.1529541015625,175.5408935546875,99.573486328125,1.0706787109375,0.0020751953125,3.5810546875,0.951416015625,136.630126953125,49.081787109375,114.31689453125,48.22705078125,18.4844970703125,13.6043701171875,16.51025390625,12.8328857421875,24.0301513671875,18.5015869140625,31.79052734375,27.1561279296875,167.608154296875,74.7486572265625,156.3172607421875,84.0101318359375,8.4381103515625,4.3466796875,4.6495361328125,2.68408203125,3.0985107421875,2.0924072265625,1.65087890625,1.5218505859375,55.0360107421875,216.6302490234375,1173.0401611328125,38,0,2,0,3,9,5,0,0,2,2,4,1,0,180.34,177.8,155.0,36.0,36.0,0,0,0,0,0,0,1,0,0,0,0,0,0,0,0,0,0,1,0,0,1,0,0,0
Red,False,0.0,0.0,0.46,0.37,0.0,1.0,0.0,2.0,0.0,0.0,15.0,7.0,147.0,55.0,41.0,29.0,160.0,60.0,0.0,0.0,4.0,4.0,10.0,3.0,139.0,47.0,0.0,0.0,8.0,8.0,5.0,4.0,0.0,0.0,12.0,6.0,5.0,4.0,2.0,1.0,1.0,1.0,1.0,0.0,141.0,50.0,0.0,495.0,562.0,2,0,0,1,0,0,1,0,0,0,0,0,0,0,177.8,182.88,250.0,0.0,0.5,0.41,0.5800000000000001,0.0,1.0,0.0,1.0,0.0,0.0,84.5,29.5,110.0,63.0,98.5,41.0,119.0,72.0,0.0,0.0,2.5,2.5,60.0,12.0,72.5,32.0,8.5,6.0,23.5,18.0,16.0,11.5,14.0,13.0,79.5,25.5,86.5,47.0,5.0,4.0,16.0,12.5,0.0,0.0,7.5,3.5,47.5,140.0,655.5,5,0,0,2,0,0,2,0,0,0,0,0,0,0,198.12,205.74,260.0,34.0,28.0,0,0,0,0,1,0,0,0,0,0,0,0,0,0,0,1,0,0,0,0,1,0,0,0
Blue,False,0.5010185241699219,0.080078125,0.5823753356933594,0.4697245407104492,0.3318797302246093,0.304241943359375,0.7385482788085938,0.250152587890625,0.5001220703125,0.250244140625,141.69401931762695,85.17805480957031,153.28523635864258,68.22137832641602,191.8292617797852,129.92450714111328,163.16741561889648,77.23893356323242,3.757099151611328,0.8489723205566406,3.123477935791016,1.22979736328125,122.57690048217772,70.16870880126953,122.97453689575195,47.16990661621094,14.605392456054688,10.49761962890625,23.53779602050781,15.286624908447266,4.511726379394531,4.511726379394531,6.7729034423828125,5.7648468017578125,83.36639022827148,39.957252502441406,140.1749267578125,59.07972717285156,14.51425552368164,9.69023895263672,7.534564971923828,4.465381622314453,43.81337356567383,35.53056335449219,5.57574462890625,4.67626953125,323.5913734436035,95.43384552001952,979.0288124084472,46,1,5,0,5,14,5,0,0,1,2,5,5,1,187.96,193.04,205.0,0.5208015441894531,0.016845703125,0.3907491683959961,0.5553736114501954,0.367393798828125,0.0413009643554687,0.03125,0.0942497253417968,0.0703125,0.0,134.24546432495117,49.08913803100586,70.0443115234375,41.06516647338867,138.70700073242188,53.47047424316406,72.3062744140625,43.16209030151367,0.916156768798828,0.53228759765625,1.7210159301757812,0.3897171020507812,79.87688064575195,19.267372131347656,33.04692459106445,11.584972381591797,17.618633270263672,8.602039337158203,14.75945281982422,11.505767822265623,36.74995040893555,21.2197265625,22.237934112548828,17.97442626953125,113.1379165649414,36.63156509399414,61.99842834472656,34.96487045288086,10.476203918457031,6.485481262207031,6.4953155517578125,4.799995422363281,10.631343841552734,5.972091674804688,1.550567626953125,1.3003005981445312,38.99400329589844,44.420780181884766,1044.601333618164,37,1,0,1,4,13,6,0,0,0,2,11,0,0,187.96,193.04,205.0,41.0,36.0,0,0,0,0,0,1,0,0,0,0,0,0,0,0,0,1,0,0,0,0,1,0,0,0
Red,False,0.25,0.0,0.6387499999999999,0.33875,0.0,0.0,0.0,0.0,0.0,0.0,67.375,40.875,55.75,19.625,67.375,40.875,56.25,20.125,0.0,0.0,0.625,0.0,39.625,14.75,42.25,10.75,8.125,7.75,8.375,5.25,19.625,18.375,5.125,3.625,61.125,36.125,54.125,18.625,0.0,0.0,1.625,1.0,6.25,4.75,0.0,0.0,3.25,0.0,493.25,9,0,1,0,2,3,1,0,0,0,1,2,0,0,187.96,190.5,255.0,2.4052336812019348e-05,0.2584992656484246,0.4639890825375914,0.4327755091805011,0.0121552281267941,0.019020805475302,5.075708031654358e-07,0.0002450947649776,0.00390625,0.0041503910906612,105.17502633668482,52.14421759964898,87.68214972084388,35.09474298357964,107.25381898274644,54.01829558238387,89.83265247801319,37.0450771311298,0.1333067426458001,0.0471210484392941,0.3611655798740685,0.0648574838414788,73.24310399591923,27.237273534294214,67.85906072612852,23.649509315844625,14.74244471359998,10.180237223394217,12.836208587978035,5.753283264581114,17.189477627165616,14.72670684196055,6.986880406737328,5.691950403153896,100.95472579775378,49.25448654731736,83.44705221988261,32.31087988940999,4.096168684307486,2.8329944787546992,3.8587501808069646,2.506453766021877,0.1241318546235561,0.0567365735769271,0.3763473201543093,0.277409328147769,10.204252348747104,34.712356072384864,681.6923989821225,69,5,1,0,7,18,14,0,0,1,6,9,2,0,190.5,195.58,240.0,29.0,41.0,0,0,0,0,1,0,0,0,0,0,0,0,0,0,0,1,0,0,0,0,1,0,0,0
Red,False,0.76171875,0.0,0.58248046875,0.21369140625,0.075,0.359375,0.015625,0.33203125,0.015625,0.0,36.482421875,21.013671875,17.328125,4.9375,55.513671875,37.61328125,22.34375,9.0625,0.625,0.375,0.64453125,0.453125,28.837890625,14.87890625,14.64453125,3.4765625,4.314453125,3.3984375,1.9296875,1.05078125,3.330078125,2.736328125,0.75390625,0.41015625,26.1015625,12.623046875,16.3828125,4.314453125,0.806640625,0.5546875,0.23828125,0.107421875,9.57421875,7.8359375,0.70703125,0.515625,145.134765625,52.6015625,302.330078125,14,0,2,0,2,6,4,0,0,0,1,4,1,0,185.42,190.5,253.0,0.0,0.0,0.37,0.46,1.0,0.0,2.0,0.0,0.0,0.0,147.0,55.0,15.0,7.0,160.0,60.0,41.0,29.0,4.0,4.0,0.0,0.0,139.0,47.0,10.0,3.0,8.0,8.0,0.0,0.0,0.0,0.0,5.0,4.0,5.0,4.0,12.0,6.0,1.0,1.0,2.0,1.0,141.0,50.0,1.0,0.0,495.0,0.0,562.0,2,0,1,0,1,1,0,0,0,0,0,0,1,0,187.96,190.5,262.0,35.0,29.0,0,0,0,0,1,0,0,0,0,0,0,0,0,0,0,1,0,0,0,0,0,0,1,0
Blue,False,0.0,0.0,0.45625,0.42625,0.665,0.103125,0.0,0.75,0.0,0.0,220.0,99.1875,127.75,53.5,262.6875,134.5625,144.6875,67.1875,3.375,2.75,1.625,0.375,176.0625,67.5,96.3125,32.1875,19.5625,14.3125,19.0625,11.625,24.375,17.375,12.375,9.6875,198.8125,84.6875,117.25,46.5625,11.6875,7.125,9.3125,6.125,9.5,7.375,1.1875,0.8125,181.4375,94.6875,900.0,15,0,5,0,5,5,0,0,0,0,5,0,0,0,165.1,160.02,115.0,0.00390625,0.5009765625,0.3965625,0.41953125,0.21998046875,0.0510156249999999,0.1513671875,0.0,0.0,0.0,154.955078125,62.0107421875,158.62109375,71.5458984375,168.115234375,74.4970703125,179.2890625,90.3203125,4.189453125,1.09765625,0.490234375,0.25390625,135.2822265625,48.6455078125,127.8212890625,47.8740234375,12.6220703125,7.962890625,23.921875,17.8525390625,7.05078125,5.40234375,6.8779296875,5.8193359375,145.4208984375,56.029296875,145.603515625,62.76953125,6.072265625,2.7431640625,7.8466796875,5.828125,3.4619140625,3.23828125,5.1708984375,2.9482421875,136.5751953125,48.6923828125,891.140625,33,1,1,0,2,7,4,0,0,2,4,0,1,0,162.56,160.02,115.0,31.0,31.0,0,0,0,0,0,0,0,0,0,0,0,0,0,1,0,1,0,0,0,0,1,0,0,0
Red,False,0.0,0.0,0.465,0.37,0.5,0.53,0.0,0.5,0.0,0.0,65.5,35.5,52.5,21.0,68.0,37.5,67.0,35.5,0.5,0.5,6.5,3.0,47.5,24.5,42.5,13.0,12.5,7.0,6.5,6.0,5.5,4.0,3.5,2.0,57.5,28.5,49.0,17.5,5.0,4.0,3.0,3.0,3.0,3.0,0.5,0.5,66.0,139.5,568.5,4,0,1,0,1,1,1,0,0,0,1,0,0,0,175.26,177.8,145.0,0.0078277587890625,0.625030517578125,0.3892156314849853,0.4997252988815308,0.1252158737182617,0.0921904182434082,0.0732975006103515,0.4494771957397461,0.0078125,0.87896728515625,196.1292085647583,82.90700149536133,168.8691725730896,86.13483715057373,215.04865646362305,99.85672092437744,176.06511163711548,91.51022624969482,7.977601528167725,1.0565719604492188,1.8029193878173828,0.5504770278930664,167.95982456207275,64.37246894836426,140.9947271347046,63.473717212677,18.997089385986328,12.614191055297852,14.741199493408203,10.302539825439451,9.17229461669922,5.920341491699219,13.133245944976808,12.358580112457275,165.31472778320312,66.88396644592285,147.15314197540283,69.30284214019775,19.80781936645508,11.984336853027344,17.974140167236328,13.80221176147461,11.006661415100098,4.038698196411133,3.74189043045044,3.029783248901367,105.84112691879272,55.53864622116089,878.486334323883,57,0,1,0,6,14,8,0,0,2,8,3,1,0,177.8,180.34,145.0,31.0,36.0,0,0,1,0,0,0,0,0,0,0,0,0,0,0,0,1,0,0,0,0,1,0,0,0
Red,False,0.015625,0.0,0.45,0.4275,0.25,0.2,0.148468017578125,0.098388671875,0.0,0.0,66.5,29.6875,64.31230545043945,27.34375,89.75,48.0,85.53125,44.41152191162109,2.0,0.75,2.0546875,0.75,51.1875,18.3359375,49.6123046875,16.280410766601562,7.5,5.07647705078125,7.5,5.0,4.5,3.625,4.984375,3.9375,48.6875,17.0,47.11572265625,16.5,5.75,3.75,5.3125,3.4375,5.0625,3.5,3.875,2.5,99.2119140625,94.125,638.5,0,0,0,0,0,0,0,0,0,0,0,0,0,0,167.64,177.8,145.0,0.75,0.0,0.4175,0.315,0.3125,0.09375,0.0,0.0,0.25,0.0,142.375,59.875,115.75,36.5,147.5,63.625,117.875,37.875,1.0,0.375,2.625,0.625,105.875,32.125,94.625,23.0,22.875,17.5,14.0,8.5,13.625,10.25,7.125,5.0,124.875,50.75,112.125,34.75,2.125,0.5,1.0,0.75,15.375,8.625,2.625,1.0,27.375,70.875,900.0,12,0,4,0,4,4,0,0,0,2,2,0,0,0,182.88,187.96,145.0,28.0,32.0,0,0,1,0,0,0,0,0,0,0,0,0,0,0,0,1,0,0,0,0,1,0,0,0
Red,False,0.75,0.0,0.605,0.3625,0.0,0.225,0.5,0.0,0.5,0.0,59.5,28.25,42.25,21.25,87.5,53.0,68.25,42.25,0.5,0.0,8.25,2.5,46.75,21.75,30.5,13.75,7.0,2.75,8.0,5.25,5.75,3.75,3.75,2.25,41.75,15.25,23.5,8.5,6.25,4.75,2.25,1.75,11.5,8.25,16.5,11.0,28.75,360.75,621.25,7,0,0,1,1,1,2,0,0,0,0,1,0,0,165.1,175.26,135.0,0.375,0.0,0.4662499999999999,0.31125,0.41875,0.04125,0.375,0.0,0.0,0.0,106.875,50.375,152.5,48.5,125.0,65.75,171.25,63.75,3.5,1.625,1.5,0.125,83.5,34.625,124.375,28.375,9.875,5.375,12.5,6.5,13.5,10.375,15.625,13.625,79.375,30.5,144.0,43.125,5.875,3.75,4.25,2.0,21.625,16.125,4.25,3.375,190.0,11.75,752.375,10,0,4,0,4,4,0,0,0,0,1,2,1,0,170.18,170.18,135.0,28.0,33.0,1,0,0,0,0,0,0,0,0,0,0,0,0,0,0,1,0,0,0,0,1,0,0,0
Red,False,0.0,0.25,0.4125,0.4275,0.0,0.0,0.0,0.0,0.0,0.0,101.25,42.75,72.75,31.25,139.5,77.5,93.25,48.0,2.75,0.0,0.0,0.0,65.25,18.0,46.0,9.5,18.0,11.0,14.25,11.5,18.0,13.75,12.5,10.25,79.25,28.75,60.75,22.25,22.0,14.0,12.0,9.0,0.0,0.0,0.0,0.0,338.75,27.5,848.0,9,0,0,2,1,1,2,0,0,0,1,0,0,0,190.5,200.66,185.0,0.0625,0.125,0.5137499999999999,0.4225,0.3125,0.2325,0.5,2.375,0.75,0.5,96.125,48.3125,63.3125,29.1875,113.25,63.4375,83.6875,44.9375,0.5625,0.5625,3.375,0.875,88.1875,42.125,41.8125,11.6875,6.375,4.625,9.1875,6.3125,1.5625,1.5625,12.3125,11.1875,63.625,26.875,57.625,25.25,8.9375,4.3125,4.0,3.25,23.5625,17.125,1.6875,0.6875,199.3125,214.375,808.6875,14,0,2,0,2,3,2,0,0,1,0,2,0,0,182.88,187.96,185.0,29.0,28.0,0,0,0,0,0,0,0,1,0,0,0,0,0,0,0,1,0,0,0,0,1,0,0,0
Red,False,0.25,0.25,0.35875,0.27375,0.125,0.08,0.0,0.375,0.0,0.0,84.75,29.75,57.375,18.625,116.875,60.125,63.375,24.125,1.375,0.125,6.0,1.0,59.75,13.875,49.0,15.875,17.5,10.0,6.25,2.0,7.5,5.875,2.125,0.75,66.75,21.625,49.5,13.625,14.125,6.375,7.875,5.0,3.875,1.75,0.0,0.0,79.75,156.25,536.125,6,0,0,1,1,2,2,0,0,1,0,1,0,0,172.72,175.26,135.0,0.0,0.0,0.24,0.57,0.0,0.72,0.0,2.0,0.0,0.0,57.0,14.0,128.0,73.0,103.0,49.0,187.0,110.0,0.0,0.0,18.0,13.0,46.0,5.0,99.0,47.0,5.0,5.0,15.0,13.0,6.0,4.0,14.0,13.0,43.0,10.0,54.0,23.0,14.0,4.0,3.0,3.0,0.0,0.0,71.0,47.0,2.0,555.0,900.0,3,0,0,1,0,0,1,0,0,0,0,0,0,0,165.1,170.18,135.0,34.0,31.0,1,0,0,0,0,0,0,0,0,0,0,0,0,0,0,1,0,0,0,0,1,0,0,0
Red,False,0.015625,0.0,0.45,0.4275,0.25,0.2,0.148468017578125,0.098388671875,0.0,0.0,66.5,29.6875,64.31230545043945,27.34375,89.75,48.0,85.53125,44.41152191162109,2.0,0.75,2.0546875,0.75,51.1875,18.3359375,49.6123046875,16.280410766601562,7.5,5.07647705078125,7.5,5.0,4.5,3.625,4.984375,3.9375,48.6875,17.0,47.11572265625,16.5,5.75,3.75,5.3125,3.4375,5.0625,3.5,3.875,2.5,99.2119140625,94.125,638.5,0,0,0,0,0,0,0,0,0,0,0,0,0,0,177.8,182.88,170.0,0.09375,0.25,0.4785546874999999,0.449375,0.644375,0.137734375,0.37890625,0.0,0.56640625,0.0,94.63671875,46.2265625,135.67578125,56.09765625,128.109375,74.6484375,150.85546875,71.015625,4.4609375,2.90625,3.10546875,0.5703125,69.65625,27.62890625,110.53515625,35.66015625,20.90234375,14.83984375,15.3125,11.359375,4.078125,3.7578125,9.828125,9.078125,84.26171875,38.77734375,121.38671875,46.73828125,9.0625,6.52734375,12.52734375,7.93359375,1.3125,0.921875,1.76171875,1.42578125,265.015625,147.1953125,896.0625,25,0,0,1,1,3,6,0,1,0,1,1,0,0,180.34,193.04,170.0,27.0,34.0,0,0,0,0,0,0,0,0,0,1,0,0,0,0,0,1,0,0,0,0,1,0,0,0
Blue,False,0.0625,0.125,0.348125,0.4506249999999999,0.325,0.145625,0.0,0.0625,0.0625,0.0,95.75,32.3125,108.4375,48.1875,103.6875,39.6875,112.4375,52.1875,3.625,1.75,0.5,0.25,68.6875,17.5625,89.8125,35.125,24.6875,13.5,13.125,8.625,2.375,1.25,5.5,4.4375,85.75,25.25,97.75,40.3125,7.9375,5.6875,8.625,6.0625,2.0625,1.375,2.0625,1.8125,68.25,23.8125,631.75,11,0,2,0,2,3,2,0,0,0,2,1,0,0,175.26,182.88,155.0,0.0,0.0,0.59375,0.39625,0.0,0.245,0.0,0.375,0.0,0.0,150.375,91.875,129.625,52.125,166.5,106.75,134.75,56.75,0.0,0.0,4.875,1.75,102.25,49.375,115.875,41.625,33.0,28.375,11.5,8.75,15.125,14.125,2.25,1.75,103.5,55.75,108.0,39.875,37.625,29.5,18.625,10.5,9.25,6.625,3.0,1.75,56.5,114.625,627.625,10,0,1,0,1,2,2,0,0,0,1,1,0,0,172.72,172.72,155.0,28.0,34.0,0,0,0,0,0,0,1,0,0,0,0,0,0,0,0,1,0,0,0,0,1,0,0,0
Red,False,0.015625,0.0,0.45,0.4275,0.25,0.2,0.148468017578125,0.098388671875,0.0,0.0,66.5,29.6875,64.31230545043945,27.34375,89.75,48.0,85.53125,44.41152191162109,2.0,0.75,2.0546875,0.75,51.1875,18.3359375,49.6123046875,16.280410766601562,7.5,5.07647705078125,7.5,5.0,4.5,3.625,4.984375,3.9375,48.6875,17.0,47.11572265625,16.5,5.75,3.75,5.3125,3.4375,5.0625,3.5,3.875,2.5,99.2119140625,94.125,638.5,0,0,0,0,0,0,0,0,0,0,0,0,0,0,165.1,170.18,135.0,0.0471682548522949,0.0,0.45,0.4217682266235352,0.25,0.19173828125,0.1875,0.125,0.0,0.0,69.5,30.5,66.984375,27.8466796875,94.0,48.544921875,88.50390625,44.75,2.0,0.8125,2.015625,0.6640625,54.0,19.01513671875,51.483436584472656,16.9437255859375,7.91796875,5.430633544921875,7.75,5.0625,4.780975341796875,3.9373779296875,4.8994140625,3.84375,51.025390625,18.400863647460938,50.515625,17.5,5.75,3.75,5.5,3.5,5.375,3.6875,4.0,2.65625,104.865234375,89.5,655.8441009521484,0,0,0,0,0,0,0,0,0,0,0,0,0,0,170.18,177.8,135.0,28.0,26.0,1,0,0,0,0,0,0,0,0,0,0,0,0,0,0,0,0,0,1,0,1,0,0,0
Blue,False,0.0,0.0,0.4559375,0.3915625,0.0,0.0103125,0.0,0.03125,0.0,0.0,114.1875,49.34375,86.09375,37.34375,121.21875,56.375,86.21875,37.46875,0.5,0.0,0.21875,0.03125,76.875,22.21875,58.46875,16.46875,12.71875,7.65625,13.75,8.75,24.59375,19.46875,13.875,12.125,111.0625,46.46875,85.8125,37.21875,0.53125,0.5,0.1875,0.03125,2.59375,2.375,0.09375,0.09375,30.71875,4.4375,808.53125,13,0,0,1,2,3,3,0,0,0,1,2,0,0,195.58,203.2,265.0,0.125,0.625,0.4396875,0.5262500000000001,0.0,0.265625,0.53125,0.75,0.0,0.0,89.1875,40.53125,69.84375,43.5,96.71875,47.53125,87.0,57.96875,0.0,0.0,0.84375,0.78125,58.59375,17.1875,43.96875,22.9375,11.625,7.28125,9.78125,6.78125,18.96875,16.0625,16.09375,13.78125,86.21875,38.375,52.46875,30.375,2.53125,2.03125,1.375,0.875,0.4375,0.125,16.0,12.25,16.34375,196.84375,618.8125,11,0,3,0,3,4,2,0,0,1,0,1,2,0,200.66,203.2,258.0,32.0,34.0,0,0,0,0,1,0,0,0,0,0,0,0,0,0,0,1,0,0,0,0,1,0,0,0
Red,False,0.046875,0.265625,0.09984375,0.46234375,0.0,0.6684375,0.0,0.5625,0.0,0.0,62.859375,13.53125,54.625,23.015625,64.875,15.296875,67.21875,34.125,0.0,0.0,1.015625,0.875,55.484375,8.578125,43.78125,15.234375,4.53125,3.390625,6.703125,4.0625,2.84375,1.5625,4.140625,3.71875,62.0625,13.046875,40.84375,14.859375,0.53125,0.328125,2.765625,1.859375,0.265625,0.15625,11.015625,6.296875,0.265625,84.59375,433.515625,15,0,1,0,1,3,4,0,0,1,1,1,0,0,182.88,185.42,185.0,0.5234375,0.3125,0.3531640625,0.39763671875,0.14419921875,0.0254296875,0.142578125,0.0,0.0,0.0,147.21484375,51.890625,112.673828125,44.015625,154.091796875,58.173828125,122.876953125,52.5703125,0.517578125,0.42578125,2.3671875,0.177734375,142.140625,47.80859375,69.1796875,14.81640625,3.625,2.716796875,22.287109375,10.7734375,1.44921875,1.365234375,21.20703125,18.42578125,130.3828125,42.03125,103.8984375,39.115234375,3.826171875,2.31640625,1.783203125,0.833984375,13.005859375,7.54296875,6.9921875,4.06640625,45.3203125,48.59375,523.228515625,25,0,2,0,3,7,3,0,0,2,2,2,1,0,185.42,193.04,185.0,30.0,29.0,0,0,0,0,0,0,0,1,0,0,0,0,0,0,0,1,0,0,0,0,1,0,0,0
Blue,False,0.0,0.25,0.25,0.43875,0.0825,0.10375,1.125,0.25,0.0,0.0,51.25,18.75,99.875,41.625,60.5,26.625,122.0,59.875,3.25,0.5,3.0,0.75,41.375,12.0,60.75,15.75,4.625,2.375,28.25,15.75,5.25,4.375,10.875,10.125,43.75,12.75,85.125,31.375,2.625,2.125,3.875,2.625,4.875,3.875,10.875,7.625,64.875,155.125,612.5,11,0,0,1,1,2,2,0,0,0,1,0,1,0,175.26,177.8,155.0,0.2501220703125,0.01171875,0.595946044921875,0.325765380859375,0.738759765625,0.289468994140625,0.2813720703125,0.0703125,0.015869140625,0.015625,132.7109375,78.750732421875,91.3126220703125,31.768310546875,169.30224609375,110.8338623046875,105.683349609375,45.1043701171875,4.5045166015625,3.1805419921875,5.377197265625,1.2353515625,94.1141357421875,46.3084716796875,68.79931640625,16.5673828125,26.1947021484375,21.0802001953125,15.3597412109375,8.6973876953125,12.402099609375,11.362060546875,7.153564453125,6.5035400390625,101.353759765625,53.2672119140625,85.7847900390625,27.956787109375,15.6334228515625,14.5108642578125,4.5115966796875,2.9715576171875,15.7237548828125,10.97265625,1.0162353515625,0.8399658203125,306.2379150390625,100.4471435546875,898.4940185546875,38,0,4,0,4,8,6,0,0,1,5,1,1,0,177.8,180.34,155.0,25.0,34.0,0,0,0,0,0,0,1,0,0,0,0,0,0,0,0,1,0,0,0,0,1,0,0,0
Red,False,0.015625,0.0,0.45,0.4275,0.25,0.2,0.148468017578125,0.098388671875,0.0,0.0,66.5,29.6875,64.31230545043945,27.34375,89.75,48.0,85.53125,44.41152191162109,2.0,0.75,2.0546875,0.75,51.1875,18.3359375,49.6123046875,16.280410766601562,7.5,5.07647705078125,7.5,5.0,4.5,3.625,4.984375,3.9375,48.6875,17.0,47.11572265625,16.5,5.75,3.75,5.3125,3.4375,5.0625,3.5,3.875,2.5,99.2119140625,94.125,638.5,0,0,0,0,0,0,0,0,0,0,0,0,0,0,187.96,198.12,185.0,0.625,0.0,0.5963281249999999,0.40234375,0.076796875,0.25359375,0.1171875,0.3203125,0.09375,0.1640625,108.84375,63.3125,91.9765625,41.8125,164.578125,116.1640625,119.1171875,63.859375,1.7421875,0.1171875,5.0390625,1.8046875,79.078125,41.6875,57.0546875,16.4609375,16.6484375,10.7421875,18.828125,11.28125,13.1171875,10.8828125,16.09375,14.0703125,94.421875,52.375,66.6875,26.7109375,10.5234375,7.9375,7.4296875,5.4140625,3.8984375,3.0,17.859375,9.6875,141.0,155.265625,701.0703125,21,0,0,1,3,6,2,0,0,2,1,2,1,0,190.5,205.74,185.0,29.0,27.0,0,0,0,0,0,0,0,1,0,0,0,0,0,0,0,0,0,0,1,0,1,0,0,0
Red,False,0.0355604887008667,0.54296875,0.499351145029068,0.5130088412761689,0.0001301765441894,0.0968995285034179,0.000368595123291,0.0157470703125,2.384185791015625e-07,0.0001220703125,45.88921570777893,22.419660806655884,79.16620767116547,38.42547881603241,49.11888670921326,25.593700408935547,99.52176785469057,54.87438416481018,0.0001311302185058,0.0001301765441894,1.516054391860962,0.4505808353424072,30.00274646282196,11.013745546340942,51.90229821205139,18.111031413078308,8.739455938339233,6.11623227596283,9.03611183166504,4.575723528862,7.147013306617737,5.289682984352112,18.22779762744904,15.738723874092102,41.41613578796387,18.614052534103397,69.46385180950165,32.063361287117004,3.666012406349182,3.0736697912216187,6.996470928192139,4.613063097000122,0.8070675134658813,0.7319384813308716,2.70588493347168,1.7490544319152832,0.2771872282028198,77.36228823661804,613.482959985733,59,13,16,0,16,17,7,0,0,0,3,11,3,0,187.96,195.58,185.0,0.8170166015625,0.203125,0.4496759033203125,0.4053619384765624,0.0025750732421875,0.2398260498046875,0.004150390625,0.06646728515625,0.00799560546875,0.0,81.32537841796875,36.53204345703125,96.62969970703124,41.4808349609375,85.76812744140625,40.97412109375,140.79107666015625,74.97479248046875,0.13861083984375,0.00341796875,4.265869140625,1.60675048828125,65.25244140625,25.6263427734375,73.1131591796875,22.98992919921875,7.78790283203125,4.26983642578125,10.1624755859375,7.9239501953125,8.2850341796875,6.6358642578125,13.35406494140625,10.56695556640625,70.96051025390625,29.46966552734375,84.604736328125,32.85791015625,1.045654296875,1.03497314453125,8.51226806640625,6.0943603515625,9.3192138671875,6.02740478515625,3.5126953125,2.528564453125,14.21820068359375,368.769775390625,728.24560546875,32,1,0,2,3,8,7,0,0,1,1,4,0,2,182.88,200.66,185.0,45.0,36.0,0,0,0,0,0,0,0,1,0,0,0,0,0,0,0,0,0,1,0,0,1,0,0,0
Red,False,0.13525390625,0.5634765625,0.2975421142578125,0.465753173828125,0.5493707275390625,0.0056506347656249,0.0313720703125,0.25244140625,0.002197265625,0.281494140625,152.22802734375,45.98895263671875,127.8759765625,59.824951171875,160.892578125,52.39825439453125,136.6329345703125,66.76226806640625,5.12530517578125,3.4183349609375,0.321533203125,0.03363037109375,136.64923095703125,35.47039794921875,88.99462890625,31.93621826171875,10.16448974609375,6.32379150390625,22.76641845703125,12.02880859375,5.414306640625,4.19476318359375,16.11492919921875,15.85992431640625,146.93603515625,43.53857421875,115.41119384765624,52.8541259765625,1.76580810546875,0.8603515625,2.6353759765625,0.98345947265625,3.52618408203125,1.59002685546875,9.82940673828125,5.98736572265625,93.90869140625,80.91064453125,809.864990234375,37,0,1,0,2,9,6,0,0,2,4,3,0,0,180.34,187.96,145.0,0.0,0.0,0.73375,0.4599999999999999,0.7875,0.17125,3.125,0.25,0.125,0.375,40.375,28.375,24.625,10.5,60.75,45.125,34.75,19.625,3.375,2.125,1.5,1.0,29.375,19.25,19.875,6.375,10.375,8.75,2.75,2.125,0.625,0.375,2.0,2.0,11.75,3.875,17.375,5.5,1.625,1.0,0.75,0.25,27.0,23.5,6.5,4.75,486.25,109.125,740.0,10,0,4,0,4,4,0,0,1,0,2,0,1,0,177.8,177.8,145.0,30.0,26.0,0,0,1,0,0,0,0,0,0,0,0,0,0,0,0,1,0,0,0,0,0,0,1,0
Red,False,0.0,0.375,0.26375,0.6,0.03125,0.34375,0.03125,0.0,0.0,0.0,85.15625,29.375,113.28125,59.0625,95.875,39.5625,139.5,83.03125,0.15625,0.03125,1.53125,0.875,77.71875,24.25,76.6875,35.125,7.1875,5.125,19.59375,13.40625,0.25,0.0,17.0,10.53125,81.0,26.25,87.34375,39.21875,4.125,3.09375,12.1875,8.84375,0.03125,0.03125,13.75,11.0,39.34375,93.8125,654.875,14,0,3,0,3,3,3,0,0,1,1,0,1,0,193.04,203.2,205.0,0.0,0.0,0.24,0.325,0.0,0.5,0.0,1.0,0.0,0.0,99.0,24.0,105.0,35.0,108.0,33.0,137.5,62.5,0.0,0.0,2.0,1.5,83.5,15.0,89.5,23.5,10.0,5.5,7.0,3.5,5.5,3.5,8.5,8.0,97.5,23.0,93.5,30.5,1.5,1.0,3.0,1.0,0.0,0.0,8.5,3.5,0.0,179.0,784.0,6,0,0,2,0,0,2,0,0,0,0,0,0,0,190.5,193.04,205.0,32.0,32.0,0,0,0,0,0,1,0,0,0,0,0,0,0,0,0,1,0,0,0,0,1,0,0,0
Blue,False,0.0,1.0,0.4,0.85,0.0,0.0,0.0,0.0,0.0,0.0,5.0,2.0,21.0,18.0,5.0,2.0,21.0,18.0,1.0,0.0,0.0,0.0,2.0,0.0,21.0,18.0,2.0,1.0,0.0,0.0,1.0,1.0,0.0,0.0,5.0,2.0,5.0,3.0,0.0,0.0,0.0,0.0,0.0,0.0,16.0,15.0,0.0,11.0,48.0,1,0,0,1,0,0,1,0,0,0,0,0,0,0,177.8,177.8,170.0,0.0,0.0,0.33,0.86,0.0,1.0,0.0,1.0,0.0,0.0,6.0,2.0,37.0,32.0,6.0,2.0,38.0,32.0,0.0,0.0,1.0,1.0,5.0,2.0,29.0,25.0,1.0,0.0,6.0,5.0,0.0,0.0,2.0,2.0,6.0,2.0,12.0,8.0,0.0,0.0,1.0,1.0,0.0,0.0,24.0,23.0,0.0,84.0,155.0,1,0,0,1,0,0,1,0,0,0,0,0,0,0,182.88,185.42,170.0,33.0,36.0,0,0,0,0,0,0,0,0,0,1,0,0,0,0,0,1,0,0,0,0,1,0,0,0
Red,False,0.015625,0.0,0.45,0.4275,0.25,0.2,0.148468017578125,0.098388671875,0.0,0.0,66.5,29.6875,64.31230545043945,27.34375,89.75,48.0,85.53125,44.41152191162109,2.0,0.75,2.0546875,0.75,51.1875,18.3359375,49.6123046875,16.280410766601562,7.5,5.07647705078125,7.5,5.0,4.5,3.625,4.984375,3.9375,48.6875,17.0,47.11572265625,16.5,5.75,3.75,5.3125,3.4375,5.0625,3.5,3.875,2.5,99.2119140625,94.125,638.5,0,0,0,0,0,0,0,0,0,0,0,0,0,0,167.64,177.8,145.0,0.0,0.5,0.38,0.225,0.25,0.08,0.0,0.0,0.5,0.0,54.5,22.0,62.0,14.5,74.0,38.0,71.0,22.0,1.0,0.5,3.0,0.5,52.0,20.0,53.0,11.0,1.5,1.0,7.5,3.5,1.0,1.0,1.5,0.0,48.5,16.5,55.0,9.0,3.5,3.5,2.0,1.0,2.5,2.0,5.0,4.5,86.0,257.5,650.5,5,0,1,0,1,1,1,0,0,1,0,0,0,0,170.18,167.64,135.0,27.0,26.0,1,0,0,0,0,0,0,0,0,0,0,0,0,0,0,1,0,0,0,0,1,0,0,0
Blue,False,0.015625,0.0,0.45,0.4275,0.25,0.2,0.148468017578125,0.098388671875,0.0,0.0,66.5,29.6875,64.31230545043945,27.34375,89.75,48.0,85.53125,44.41152191162109,2.0,0.75,2.0546875,0.75,51.1875,18.3359375,49.6123046875,16.280410766601562,7.5,5.07647705078125,7.5,5.0,4.5,3.625,4.984375,3.9375,48.6875,17.0,47.11572265625,16.5,5.75,3.75,5.3125,3.4375,5.0625,3.5,3.875,2.5,99.2119140625,94.125,638.5,0,0,0,0,0,0,0,0,0,0,0,0,0,0,182.88,195.58,185.0,0.0471682548522949,0.0,0.45,0.4217682266235352,0.25,0.19173828125,0.1875,0.125,0.0,0.0,69.5,30.5,66.984375,27.8466796875,94.0,48.544921875,88.50390625,44.75,2.0,0.8125,2.015625,0.6640625,54.0,19.01513671875,51.483436584472656,16.9437255859375,7.91796875,5.430633544921875,7.75,5.0625,4.780975341796875,3.9373779296875,4.8994140625,3.84375,51.025390625,18.400863647460938,50.515625,17.5,5.75,3.75,5.5,3.5,5.375,3.6875,4.0,2.65625,104.865234375,89.5,655.8441009521484,0,0,0,0,0,0,0,0,0,0,0,0,0,0,175.26,185.42,185.0,31.0,25.0,0,0,0,0,0,0,0,1,0,0,0,0,0,0,0,1,0,0,0,0,1,0,0,0
Red,False,0.912841796875,0.5001220703125,0.516510009765625,0.570689697265625,0.03625,0.50803955078125,0.0009765625,0.0078125,0.0,0.0,38.57861328125,18.5589599609375,51.3524169921875,37.81982421875,38.9879150390625,18.93603515625,66.73046875,52.677978515625,0.2052001953125,0.078125,0.57958984375,0.5091552734375,32.3863525390625,13.946044921875,42.751953125,30.364990234375,5.984130859375,4.46923828125,5.7906494140625,5.139404296875,0.2081298828125,0.1436767578125,2.809814453125,2.3154296875,21.002685546875,6.6993408203125,13.6207275390625,7.2293701171875,2.605224609375,1.153564453125,0.7232666015625,0.5869140625,14.970703125,10.7060546875,37.0084228515625,30.0035400390625,29.92333984375,131.9178466796875,331.4979248046875,24,0,0,3,2,6,8,0,0,0,0,6,0,0,195.58,195.58,250.0,0.09375,0.140625,0.4959375,0.55484375,0.4140625,0.304375,0.0,0.0,0.0,0.25,115.5625,61.953125,105.0625,56.328125,171.71875,115.5,141.546875,83.8125,1.46875,0.828125,14.0625,7.21875,84.921875,38.4375,70.765625,30.15625,20.375,14.78125,14.59375,8.71875,10.265625,8.734375,19.703125,17.453125,106.765625,55.6875,74.984375,32.375,5.421875,3.265625,3.765625,3.40625,3.375,3.0,26.3125,20.546875,48.5625,634.828125,1201.9375,24,0,4,0,4,5,2,0,0,1,2,2,0,0,200.66,203.2,250.0,37.0,32.0,0,0,0,0,1,0,0,0,0,0,0,0,0,0,0,0,0,1,0,0,1,0,0,0
Red,False,0.03125,0.0,0.5235156249999999,0.5706249999999999,0.21328125,0.025703125,0.0,0.1328125,0.0,0.0,37.640625,20.0546875,20.125,11.28125,38.015625,20.4140625,21.65625,12.6328125,1.375,1.09375,1.4296875,0.1953125,31.4296875,15.3046875,17.4609375,8.6796875,4.890625,3.4453125,1.9609375,1.8984375,1.3203125,1.3046875,0.703125,0.703125,23.28125,9.453125,15.0546875,7.9296875,6.9140625,5.46875,3.6171875,2.4609375,7.4453125,5.1328125,1.453125,0.890625,30.5078125,23.8984375,166.046875,15,0,0,1,2,4,4,0,0,0,1,3,0,0,185.42,190.5,205.0,0.4375,0.0,0.613125,0.359375,0.12375,0.0175,0.0,0.0625,0.125,0.0,38.8125,23.1875,24.25,8.1875,59.875,41.3125,28.625,12.0625,1.125,0.375,1.5625,0.125,29.0625,15.625,17.6875,3.9375,7.0,5.5,4.1875,2.125,2.75,2.0625,2.375,2.125,27.4375,13.75,22.3125,6.6875,3.3125,2.375,1.8125,1.5,8.0625,7.0625,0.125,0.0,152.25,15.1875,356.75,11,0,0,1,4,4,1,0,0,0,1,3,0,0,190.5,190.5,205.0,26.0,28.0,0,0,0,0,0,1,0,0,0,0,0,0,0,0,0,0,0,1,0,0,1,0,0,0
Blue,False,0.09375,0.375,0.4378125,0.5171875,0.0,0.625,0.0,0.5,0.0,0.0,76.46875,33.75,68.625,36.59375,78.0,34.78125,81.46875,48.8125,0.0625,0.0,4.6875,3.5,57.0,18.5625,62.59375,31.875,7.5625,5.09375,4.25,3.4375,11.90625,10.09375,1.78125,1.28125,63.75,26.5625,53.6875,24.375,11.65625,7.125,2.875,2.34375,1.0625,0.0625,12.0625,9.875,60.90625,179.5625,597.40625,12,0,3,0,3,3,3,0,0,0,1,2,0,0,187.96,190.5,264.0,0.0078773498535156,0.7817568778991699,0.4411796569824219,0.6151553440093993,0.2617812156677246,0.1507034492492675,0.2663090229034424,1.9550323486328125e-05,0.063011884689331,0.0629892349243164,59.780115842819214,34.36572742462158,81.34347343444824,47.92151069641113,66.50210428237915,40.3914110660553,109.16652274131776,73.33607292175293,1.0039689540863037,0.2852187156677246,2.0740017890930176,0.9568142890930176,35.10395359992981,13.210840940475464,61.17613410949707,30.73862624168396,14.061063766479492,11.322214841842651,12.635677099227903,11.140892028808594,10.615098476409912,9.832671642303469,7.531662225723267,6.041992425918579,55.11093473434448,30.07062840461731,52.34885430335999,25.664840698242188,3.937341928482056,3.914135217666626,15.12435817718506,10.284497261047363,0.7318391799926758,0.3809638023376465,13.870260953903198,11.972172737121582,37.292190074920654,298.21430492401123,615.2605245113373,45,0,0,1,4,13,10,0,1,0,1,5,6,0,210.82,213.36,265.0,27.0,32.0,0,0,0,0,1,0,0,0,0,0,0,0,0,0,0,0,0,1,0,0,1,0,0,0
Red,False,0.876953125,0.095703125,0.49626953125,0.46220703125,0.015625,0.1536328125,0.0,0.0078125,0.0,0.0,48.45703125,24.466796875,38.69921875,16.912109375,50.9375,26.833984375,42.162109375,19.55078125,0.0234375,0.015625,4.525390625,1.046875,38.16015625,16.81640625,23.23046875,5.9296875,2.9609375,1.912109375,5.0,2.42578125,7.3359375,5.73828125,10.46875,8.556640625,33.5078125,11.462890625,36.619140625,15.54296875,4.33203125,2.98046875,1.302734375,1.033203125,10.6171875,10.0234375,0.77734375,0.3359375,20.546875,49.091796875,339.275390625,20,0,0,1,3,6,4,0,0,0,1,5,0,0,180.34,195.58,185.0,0.55096435546875,0.75030517578125,0.3841278076171875,0.4165283203125,0.07799072265625,0.0615893554687499,0.0,6.103515625e-05,0.0,0.0048828125,168.61981201171875,66.434814453125,113.37353515625,48.69287109375,186.109619140625,83.60577392578125,128.2841796875,62.35186767578125,6.63531494140625,1.00543212890625,2.55633544921875,0.65643310546875,126.12103271484376,33.57965087890625,94.24853515625,32.86383056640625,14.92572021484375,8.92474365234375,10.86871337890625,8.316162109375,27.57305908203125,23.930419921875,8.25628662109375,7.51287841796875,154.41607666015625,57.5357666015625,97.6092529296875,36.58984375,8.765380859375,5.2711181640625,10.12451171875,7.0943603515625,5.4383544921875,3.6279296875,5.6397705078125,5.0086669921875,87.225830078125,73.7486572265625,1191.0171508789062,42,3,2,0,9,12,3,0,0,1,6,5,0,0,182.88,185.42,185.0,36.0,29.0,0,0,0,0,0,0,0,1,0,0,0,0,0,0,0,0,0,0,1,0,1,0,0,0
Red,False,0.015625,0.0,0.45,0.4275,0.25,0.2,0.148468017578125,0.098388671875,0.0,0.0,66.5,29.6875,64.31230545043945,27.34375,89.75,48.0,85.53125,44.41152191162109,2.0,0.75,2.0546875,0.75,51.1875,18.3359375,49.6123046875,16.280410766601562,7.5,5.07647705078125,7.5,5.0,4.5,3.625,4.984375,3.9375,48.6875,17.0,47.11572265625,16.5,5.75,3.75,5.3125,3.4375,5.0625,3.5,3.875,2.5,99.2119140625,94.125,638.5,0,0,0,0,0,0,0,0,0,0,0,0,0,0,162.56,165.1,125.0,0.125,0.0,0.39453125,0.301875,0.49359375,0.075625,0.0,0.3125,0.25,0.5,161.88671875,65.609375,187.3125,59.25,186.79296875,87.8125,209.04296875,77.59765625,2.93359375,1.59375,1.97265625,0.27734375,139.08203125,47.86328125,153.234375,37.6328125,11.79296875,7.55859375,22.3125,12.25,11.01171875,10.1875,11.765625,9.3671875,153.23046875,58.58203125,178.69921875,54.38671875,4.76171875,3.84375,7.28515625,3.87109375,3.89453125,3.18359375,1.328125,0.9921875,98.46875,161.23046875,875.7109375,27,0,0,2,3,5,4,0,0,2,1,2,0,0,165.1,170.18,125.0,29.0,37.0,0,0,0,0,0,0,0,0,0,0,0,0,1,0,0,1,0,0,0,0,1,0,0,0
Red,True,0.4375,0.015625,0.6565624999999999,0.4153125,0.0,0.01296875,0.0,0.0,0.0,0.0,132.109375,91.5625,185.90625,83.78125,132.4375,91.875,186.3125,84.109375,0.015625,0.0,0.234375,0.03125,100.71875,62.359375,137.203125,42.875,8.703125,7.5,26.453125,21.53125,22.6875,21.703125,22.25,19.375,127.5,88.296875,184.390625,82.53125,3.75,2.6875,1.421875,1.1875,0.859375,0.578125,0.09375,0.0625,8.9375,1.03125,849.640625,17,1,1,0,4,5,2,0,0,0,0,5,0,0,180.34,177.8,155.0,0.00146484375,0.0,0.5345947265625,0.3772119140625,0.6367041015625,0.00203125,1.41064453125,0.53125,0.0,0.0,106.8515625,55.509765625,66.13623046875,26.49658203125,147.21875,91.2421875,87.77783203125,47.490234375,8.8720703125,5.45263671875,0.146484375,0.00244140625,97.029296875,47.02783203125,48.44384765625,15.3125,7.087890625,5.7490234375,12.8505859375,7.41259765625,2.734375,2.73291015625,4.841796875,3.771484375,66.533203125,26.015625,61.4326171875,22.3134765625,1.55859375,0.97119140625,3.17041015625,2.65380859375,38.759765625,28.52294921875,1.533203125,1.529296875,597.5966796875,0.3251953125,922.2744140625,36,3,12,0,12,12,0,0,0,0,6,2,4,0,177.8,177.8,155.0,31.0,32.0,0,0,0,0,0,0,1,0,0,0,0,0,0,0,0,1,0,0,0,0,1,0,0,0
Blue,False,0.0,0.0,0.4818749999999999,0.34375,0.10375,0.153125,0.3125,0.0,0.25,0.125,166.8125,72.8125,124.75,38.75,169.0625,74.75,134.0625,46.8125,0.8125,0.25,4.125,2.125,119.6875,36.875,95.5,20.0625,34.75,24.8125,21.0625,11.75,12.375,11.125,8.1875,6.9375,161.75,69.6875,118.8125,33.875,4.0,2.1875,2.8125,2.3125,1.0625,0.9375,3.125,2.5625,46.6875,90.1875,720.75,13,0,2,0,2,4,1,0,0,0,3,0,1,0,170.18,172.72,140.0,0.0625,0.25,0.495625,0.456875,0.5387500000000001,0.03125,0.375,0.0,0.125,0.0,164.0625,86.625,99.625,44.75,183.0625,102.625,110.25,55.0625,2.3125,1.125,1.0625,0.125,102.875,40.5,80.6875,28.4375,17.375,10.1875,6.9375,5.375,43.8125,35.9375,12.0,10.9375,153.5625,78.6875,95.625,41.375,7.9375,5.875,2.75,2.375,2.5625,2.0625,1.25,1.0,80.25,48.9375,742.875,13,0,3,0,3,4,1,0,0,0,1,0,3,0,167.64,175.26,140.0,29.0,27.0,0,1,0,0,0,0,0,0,0,0,0,0,0,0,0,0,0,1,0,0,1,0,0,0
Red,False,0.046875,0.0078125,0.50921875,0.352734375,0.41390625,0.12375,0.25,0.125,0.0078125,0.0,38.171875,17.71875,71.2734375,23.1015625,50.75,28.21875,97.9140625,47.359375,4.9765625,1.9765625,1.6328125,0.609375,26.1328125,8.171875,62.109375,15.9375,7.3125,5.265625,4.921875,3.0859375,4.7265625,4.28125,4.2421875,4.078125,28.3984375,10.0390625,63.9765625,17.8203125,2.3359375,2.171875,2.8671875,1.8359375,7.4375,5.5078125,4.4296875,3.4453125,226.4375,195.2734375,732.09375,20,0,0,2,2,3,5,0,0,0,1,1,1,0,190.5,187.96,155.0,0.0,0.0,0.4275,0.5325,0.0,0.75,0.5,0.0,0.25,0.0,60.5,23.25,55.5,26.25,78.5,40.25,67.5,37.0,0.0,0.0,1.0,1.0,46.75,14.0,33.25,11.5,5.75,3.0,15.25,9.5,8.0,6.25,7.0,5.25,55.25,19.5,53.75,25.0,1.0,0.5,0.0,0.0,4.25,3.25,1.75,1.25,4.25,70.0,408.0,6,0,0,1,2,2,1,0,0,0,0,1,1,0,190.5,195.58,155.0,36.0,26.0,0,0,0,0,0,0,1,0,0,0,0,0,0,0,0,0,0,1,0,0,1,0,0,0
Blue,False,0.015625,0.0,0.45,0.4275,0.25,0.2,0.148468017578125,0.098388671875,0.0,0.0,66.5,29.6875,64.31230545043945,27.34375,89.75,48.0,85.53125,44.41152191162109,2.0,0.75,2.0546875,0.75,51.1875,18.3359375,49.6123046875,16.280410766601562,7.5,5.07647705078125,7.5,5.0,4.5,3.625,4.984375,3.9375,48.6875,17.0,47.11572265625,16.5,5.75,3.75,5.3125,3.4375,5.0625,3.5,3.875,2.5,99.2119140625,94.125,638.5,0,0,0,0,0,0,0,0,0,0,0,0,0,0,160.02,165.1,125.0,0.0,0.0,0.54,0.525,0.33,0.25,1.5,0.5,0.0,0.5,24.0,10.5,48.5,24.5,40.5,24.0,101.0,68.0,1.5,1.0,1.0,0.5,20.0,6.5,42.0,19.0,3.5,3.5,5.0,4.0,0.5,0.5,1.5,1.5,21.5,8.5,28.0,9.5,1.0,1.0,3.0,1.5,1.5,1.0,17.5,13.5,96.0,244.5,454.5,4,0,0,1,1,1,1,0,0,0,0,0,1,0,162.56,157.48,125.0,23.0,25.0,0,0,0,0,0,0,0,0,0,0,0,0,1,0,0,0,0,1,0,0,1,0,0,0
Blue,False,0.015625,0.0,0.45,0.4275,0.25,0.2,0.148468017578125,0.098388671875,0.0,0.0,66.5,29.6875,64.31230545043945,27.34375,89.75,48.0,85.53125,44.41152191162109,2.0,0.75,2.0546875,0.75,51.1875,18.3359375,49.6123046875,16.280410766601562,7.5,5.07647705078125,7.5,5.0,4.5,3.625,4.984375,3.9375,48.6875,17.0,47.11572265625,16.5,5.75,3.75,5.3125,3.4375,5.0625,3.5,3.875,2.5,99.2119140625,94.125,638.5,0,0,0,0,0,0,0,0,0,0,0,0,0,0,185.42,195.58,170.0,0.510284423828125,0.0078125,0.4777666473388672,0.4601380157470702,0.1539118957519531,0.2211279296875,0.0110244750976562,0.0391387939453125,0.03125,0.3867645263671875,82.78282928466797,39.46958923339844,64.57288360595703,28.983322143554688,92.73500061035156,48.657752990722656,82.53460693359375,44.551544189453125,1.936439514160156,0.6639175415039062,2.9881668090820312,0.7007904052734375,53.46450805664063,19.654090881347656,47.6002197265625,16.721595764160156,19.383026123046875,11.507194519042969,9.645034790039062,5.625785827636719,9.935295104980469,8.308303833007812,7.327629089355469,6.6359405517578125,72.3624496459961,31.92174530029297,56.05242156982422,22.942840576171875,6.989891052246094,5.141258239746094,4.306243896484375,3.3438720703125,3.430488586425781,2.406585693359375,4.2142181396484375,2.6966094970703125,108.78417205810548,167.0185317993164,870.1791763305664,42,0,0,1,3,11,7,0,0,1,3,4,3,0,180.34,193.04,170.0,26.0,32.0,0,0,0,0,0,0,0,0,0,1,0,0,0,0,0,1,0,0,0,0,1,0,0,0
Blue,False,0.0626220703125,0.37890625,0.3720402526855468,0.4711085510253906,0.2684423828125,0.0317755126953125,0.0025787353515625,0.1571807861328125,0.03125,0.0,135.7992401123047,51.1810302734375,156.00015258789062,61.624847412109375,144.01028442382812,59.15345764160156,156.97958374023438,62.47343444824219,2.583847045898437,1.15521240234375,0.9309844970703124,0.0635986328125,90.9820556640625,23.72491455078125,137.03260803222656,46.58616638183594,33.508575439453125,16.831588745117188,12.790695190429688,8.890472412109375,11.308609008789062,10.624526977539062,6.176849365234375,6.148208618164063,123.65353393554688,42.51171875,144.57191467285156,53.77226257324219,9.04180908203125,6.09759521484375,10.315292358398438,7.192413330078125,3.1038970947265625,2.57171630859375,1.112945556640625,0.6601715087890625,44.93418884277344,5.000152587890625,586.6463775634766,39,3,0,1,4,11,6,0,0,1,5,3,2,0,154.94,157.48,115.0,0.001953125,0.0,0.50232421875,0.4291015625,0.5,0.3713671875,2.0078125,0.0,0.0,0.0,117.28125,59.072265625,105.751953125,41.447265625,193.08203125,131.505859375,120.609375,55.83203125,1.802734375,1.5,1.419921875,1.095703125,87.78515625,39.171875,78.287109375,21.078125,16.693359375,11.099609375,11.328125,6.54296875,12.802734375,8.80078125,16.13671875,13.826171875,86.685546875,32.732421875,97.0859375,34.10546875,2.71484375,2.5234375,4.146484375,3.01171875,27.880859375,23.81640625,4.51953125,4.330078125,319.666015625,82.69140625,840.75,30,1,1,0,3,7,3,0,0,1,6,0,0,0,175.26,172.72,125.0,29.0,31.0,0,0,0,0,0,0,0,0,0,0,0,0,1,0,0,1,0,0,0,0,1,0,0,0
Blue,False,1.625,0.125,0.518125,0.474375,0.5625,0.21875,0.0,0.125,0.0625,0.125,128.5,67.375,109.5625,48.875,138.25,75.9375,119.5625,58.25,1.5,0.625,2.5625,0.875,86.75,38.1875,74.5,17.8125,30.75,20.625,22.6875,18.8125,11.0,8.5625,12.375,12.25,109.3125,51.25,98.5625,40.125,3.75,3.125,10.25,8.1875,15.4375,13.0,0.75,0.5625,91.75,67.0625,770.25,15,0,0,1,2,3,2,0,0,0,1,2,0,0,172.72,177.8,135.0,0.171875,1.578125,0.35546875,0.3395312499999999,0.0,0.31921875,0.0,0.0,0.0,0.0,102.890625,38.0546875,123.8671875,43.3984375,104.1015625,38.265625,128.7265625,48.2421875,0.0,0.0,3.515625,1.1484375,76.546875,20.4296875,104.0234375,31.1015625,10.4375,5.3125,12.5390625,6.6796875,15.90625,12.3125,7.3046875,5.6171875,100.0703125,36.40625,109.4609375,32.640625,2.8203125,1.6484375,10.3125,7.6796875,0.0,0.0,4.09375,3.078125,6.9453125,64.46875,529.875,15,0,4,0,4,5,3,0,0,0,1,4,0,0,170.18,177.8,145.0,26.0,29.0,0,0,1,0,0,0,0,0,0,0,0,0,0,0,0,0,0,1,0,0,0,0,1,0
Red,False,0.0,0.0,0.36,0.5,0.0,0.0,0.0,0.0,0.0,0.0,49.0,18.0,46.0,23.0,49.0,18.0,46.0,23.0,0.0,0.0,1.0,0.0,40.0,11.0,26.0,8.0,6.0,4.0,11.0,7.0,3.0,3.0,9.0,8.0,42.0,11.0,45.0,23.0,7.0,7.0,1.0,0.0,0.0,0.0,0.0,0.0,0.0,9.0,300.0,1,0,1,0,1,1,0,0,0,0,0,1,0,0,190.5,198.12,205.0,0.125,0.0,0.38375,0.49375,0.525,0.1775,1.0,0.25,0.5,0.625,21.5,10.125,10.0,4.875,36.625,21.75,21.125,15.0,5.125,4.125,1.5,0.625,19.125,8.625,8.75,3.75,1.375,0.75,1.25,1.125,1.0,0.75,0.0,0.0,8.375,2.875,7.75,3.125,2.25,1.0,0.875,0.625,10.875,6.25,1.375,1.125,166.625,69.75,291.5,6,0,2,0,2,3,1,0,0,0,0,1,2,0,187.96,187.96,205.0,26.0,24.0,0,0,0,0,0,1,0,0,0,0,0,0,0,0,0,0,0,0,1,0,1,0,0,0
Blue,False,0.015625,0.0,0.45,0.4275,0.25,0.2,0.148468017578125,0.098388671875,0.0,0.0,66.5,29.6875,64.31230545043945,27.34375,89.75,48.0,85.53125,44.41152191162109,2.0,0.75,2.0546875,0.75,51.1875,18.3359375,49.6123046875,16.280410766601562,7.5,5.07647705078125,7.5,5.0,4.5,3.625,4.984375,3.9375,48.6875,17.0,47.11572265625,16.5,5.75,3.75,5.3125,3.4375,5.0625,3.5,3.875,2.5,99.2119140625,94.125,638.5,0,0,0,0,0,0,0,0,0,0,0,0,0,0,180.34,182.88,155.0,0.0471682548522949,0.0,0.45,0.4217682266235352,0.25,0.19173828125,0.1875,0.125,0.0,0.0,69.5,30.5,66.984375,27.8466796875,94.0,48.544921875,88.50390625,44.75,2.0,0.8125,2.015625,0.6640625,54.0,19.01513671875,51.483436584472656,16.9437255859375,7.91796875,5.430633544921875,7.75,5.0625,4.780975341796875,3.9373779296875,4.8994140625,3.84375,51.025390625,18.400863647460938,50.515625,17.5,5.75,3.75,5.5,3.5,5.375,3.6875,4.0,2.65625,104.865234375,89.5,655.8441009521484,0,0,0,0,0,0,0,0,0,0,0,0,0,0,177.8,177.8,155.0,28.0,29.0,0,0,0,0,0,0,1,0,0,0,0,0,0,0,0,1,0,0,0,0,0,0,1,0
Red,False,0.375,0.0,0.466875,0.569375,0.0,0.614375,0.0,0.6875,0.0625,0.0,24.5625,8.9375,59.9375,34.25,25.75,10.0,108.6875,78.75,0.0,0.0,1.4375,1.375,18.3125,4.6875,52.9375,28.1875,3.9375,2.25,4.5,3.8125,2.3125,2.0,2.5,2.25,22.0625,7.5625,31.5,10.8125,1.625,0.8125,0.75,0.6875,0.875,0.5625,27.6875,22.75,8.0625,204.1875,370.4375,10,0,0,3,1,1,4,0,0,0,0,1,0,0,180.34,190.5,185.0,0.0,0.0,0.475,0.42,0.25,0.33,0.0,0.5,0.0,0.0,167.5,79.0,135.0,55.0,172.5,83.5,147.5,65.5,5.0,2.5,5.5,3.0,154.0,67.5,110.5,36.5,10.5,8.5,9.0,7.5,3.0,3.0,15.5,11.0,155.0,71.0,126.0,49.0,12.5,8.0,5.5,2.5,0.0,0.0,3.5,3.5,112.0,139.5,739.5,5,0,0,1,1,1,1,0,0,0,1,0,0,0,177.8,185.42,185.0,35.0,29.0,0,0,0,0,0,0,0,1,0,0,0,0,0,0,0,0,0,1,0,0,1,0,0,0
Red,False,0.125,0.0,0.515,0.4725,0.625,0.165,0.0,0.25,0.0,0.0,61.75,34.5,75.875,32.625,135.125,99.25,120.375,72.625,1.125,1.125,2.625,0.5,35.875,16.125,50.75,16.25,15.375,9.75,13.25,7.875,10.5,8.625,11.875,8.5,45.125,20.0,67.375,26.0,12.5,10.5,4.0,3.375,4.125,4.0,4.5,3.25,214.25,192.0,638.625,8,0,2,0,2,3,1,0,0,0,2,1,0,0,172.72,170.18,115.0,0.0,0.0,0.4695312499999999,0.4409375,0.5225,0.0625,0.59375,0.03125,0.1875,0.140625,39.1875,18.078125,51.3125,22.703125,54.53125,32.25,106.296875,73.546875,3.296875,1.953125,0.0625,0.0625,32.203125,13.40625,46.140625,18.609375,3.09375,1.78125,2.640625,2.0625,3.890625,2.890625,2.53125,2.03125,25.9375,8.046875,41.953125,15.03125,0.78125,0.78125,5.9375,5.15625,12.46875,9.25,3.421875,2.515625,429.265625,13.359375,602.734375,12,0,2,0,2,5,2,0,0,0,0,1,4,0,165.1,160.02,125.0,31.0,25.0,0,0,0,0,0,0,0,0,0,0,0,0,1,0,0,1,0,0,0,0,1,0,0,0
Blue,False,0.75,0.00244140625,0.5536865234375,0.4418701171874999,0.152119140625,0.26619140625,2.16455078125,0.5,0.31396484375,0.501953125,109.9365234375,61.7197265625,124.56640625,56.26123046875,130.24609375,79.19140625,139.6572265625,69.48583984375,3.4638671875,0.72705078125,1.525390625,0.505859375,83.93359375,40.1376953125,112.2724609375,47.25048828125,11.59765625,8.02783203125,9.3740234375,6.47216796875,14.4052734375,13.55419921875,2.919921875,2.53857421875,100.60205078125,54.80078125,92.07666015625,35.376953125,5.951171875,4.66552734375,10.66455078125,5.7353515625,3.38330078125,2.25341796875,21.8251953125,15.14892578125,208.9326171875,160.5419921875,825.97900390625,29,0,1,0,6,8,4,0,0,0,3,3,2,0,187.96,185.42,170.0,0.0,0.0,0.66875,0.4375,0.724375,0.0625,1.6875,0.0,0.0,0.875,42.5,27.375,24.25,12.875,59.375,41.125,26.875,15.4375,3.625,1.75,0.25,0.125,32.0,18.9375,21.0,10.3125,5.875,4.5625,2.75,2.0625,4.625,3.875,0.5,0.5,21.5625,10.5625,16.0625,6.6875,1.8125,1.375,1.625,1.375,19.125,15.4375,6.5625,4.8125,195.375,59.4375,413.125,11,0,5,0,5,5,0,0,0,1,1,0,3,0,180.34,180.34,170.0,34.0,38.0,0,0,0,0,0,0,0,0,0,1,0,0,0,0,0,1,0,0,0,0,0,0,1,0
Red,False,0.8203125,0.125,0.64390625,0.429453125,0.01953125,0.0259375,0.0546875,0.0,0.0,0.03125,83.609375,45.78125,49.140625,22.6171875,105.6015625,65.4921875,51.3203125,24.6875,0.765625,0.0703125,1.9453125,0.15625,79.59375,43.171875,36.234375,12.578125,2.28125,1.453125,5.9921875,4.125,1.734375,1.15625,6.9140625,5.9140625,55.28125,21.2890625,47.15625,21.3359375,2.234375,1.8125,1.703125,1.15625,26.09375,22.6796875,0.28125,0.125,20.4140625,82.609375,361.90625,19,1,3,0,3,6,2,0,0,0,0,4,2,0,170.18,182.88,145.0,0.2890625,0.03125,0.34671875,0.511015625,0.092578125,0.57703125,0.3671875,0.0,0.0078125,0.0,195.9609375,71.046875,300.6328125,169.2265625,197.4140625,72.2421875,310.5859375,178.78125,5.7890625,1.0078125,1.203125,0.703125,178.3046875,55.53125,258.421875,135.8828125,13.3046875,11.2265625,35.171875,26.59375,4.3515625,4.2890625,7.0390625,6.75,187.3984375,63.75,293.8359375,163.9140625,7.859375,6.65625,6.0234375,4.640625,0.703125,0.640625,0.7734375,0.671875,79.4609375,16.2578125,828.2421875,20,1,0,1,6,6,2,0,0,0,0,3,3,0,172.72,175.26,145.0,33.0,29.0,0,0,1,0,0,0,0,0,0,0,0,0,0,0,0,1,0,0,0,0,0,0,0,1
Blue,False,0.0,0.0,0.56,0.46,0.0,0.42,0.0,0.0,0.0,0.0,32.0,18.0,52.0,24.0,71.0,54.0,119.0,70.0,0.0,0.0,7.0,3.0,20.0,9.0,36.0,15.0,5.0,4.0,9.0,5.0,7.0,5.0,7.0,4.0,27.0,14.0,37.0,14.0,5.0,4.0,11.0,6.0,0.0,0.0,4.0,4.0,16.0,565.0,900.0,3,0,0,1,0,0,1,0,0,0,0,0,0,0,190.5,198.12,220.0,0.0,0.75,0.5687500000000001,0.5487500000000001,0.42125,0.0,0.125,0.5,0.0,0.0625,14.0,8.625,11.3125,8.1875,18.0,11.9375,12.875,9.75,2.625,1.0,0.0,0.0,12.1875,6.8125,9.4375,6.5625,1.625,1.625,1.875,1.625,0.1875,0.1875,0.0,0.0,4.9375,2.0625,4.6875,2.0625,1.25,1.125,5.625,5.125,7.8125,5.4375,1.0,1.0,84.875,6.8125,120.125,5,0,2,0,2,2,3,0,0,0,0,0,2,0,180.34,177.8,205.0,36.0,33.0,0,0,0,0,0,1,0,0,0,0,0,0,0,0,0,1,0,0,0,0,1,0,0,0
Red,False,0.015625,0.0,0.45,0.4275,0.25,0.2,0.148468017578125,0.098388671875,0.0,0.0,66.5,29.6875,64.31230545043945,27.34375,89.75,48.0,85.53125,44.41152191162109,2.0,0.75,2.0546875,0.75,51.1875,18.3359375,49.6123046875,16.280410766601562,7.5,5.07647705078125,7.5,5.0,4.5,3.625,4.984375,3.9375,48.6875,17.0,47.11572265625,16.5,5.75,3.75,5.3125,3.4375,5.0625,3.5,3.875,2.5,99.2119140625,94.125,638.5,0,0,0,0,0,0,0,0,0,0,0,0,0,0,172.72,177.8,135.0,0.25,0.0,0.4725,0.3625,0.0225,0.2,0.0,0.0,0.0,0.0,120.25,48.0,73.75,29.5,139.5,64.25,79.75,34.5,3.75,0.25,2.75,1.0,89.5,23.5,47.25,12.75,14.5,9.75,12.0,5.25,16.25,14.75,14.5,11.5,108.5,38.75,65.25,23.75,7.5,5.75,5.0,3.0,4.25,3.5,3.5,2.75,38.25,79.5,712.0,7,0,2,0,2,2,1,0,0,1,0,1,0,0,172.72,177.8,135.0,32.0,28.0,1,0,0,0,0,0,0,0,0,0,0,0,0,0,0,0,0,1,0,0,1,0,0,0
Blue,False,0.0,0.0,0.32,0.42,0.0,0.25,0.0,0.0,0.0,0.0,31.0,10.0,49.0,21.0,96.0,70.0,111.0,72.0,4.0,0.0,12.0,3.0,26.0,6.0,36.0,11.0,2.0,1.0,7.0,6.0,3.0,3.0,6.0,4.0,25.0,8.0,27.0,8.0,4.0,2.0,8.0,3.0,2.0,0.0,14.0,10.0,146.0,577.0,900.0,3,0,0,1,0,0,1,0,0,0,0,0,0,0,185.42,190.5,155.0,0.0,0.0,0.37,0.59,0.2,1.0,1.0,0.0,1.0,1.0,95.0,36.0,153.0,91.0,100.0,41.0,167.0,104.0,15.0,3.0,1.0,1.0,83.0,25.0,129.0,70.0,4.0,4.0,16.0,14.0,8.0,7.0,8.0,7.0,93.0,35.0,121.0,63.0,0.0,0.0,3.0,3.0,2.0,1.0,29.0,25.0,203.0,179.0,900.0,3,0,0,1,0,0,1,0,0,0,0,0,0,0,182.88,187.96,155.0,23.0,26.0,0,0,0,0,0,0,1,0,0,0,0,0,0,0,0,1,0,0,0,0,1,0,0,0
Blue,False,0.09375,0.0,0.490625,0.56,0.125,0.3525,0.125,1.1875,0.28125,0.0,75.875,36.625,59.1875,27.34375,84.125,43.6875,69.625,36.625,0.90625,0.34375,2.375,1.25,53.9375,18.8125,39.375,12.3125,9.8125,7.34375,13.4375,10.15625,12.125,10.46875,6.375,4.875,68.125,31.53125,53.8125,23.1875,2.3125,1.5,4.34375,3.1875,5.4375,3.59375,1.03125,0.96875,74.875,78.78125,422.46875,12,0,5,0,5,5,1,0,0,1,1,2,1,0,180.34,177.8,135.0,0.25,0.015625,0.45984375,0.365625,0.2578125,0.0703125,0.140625,0.25,0.0,0.0,106.515625,47.046875,121.984375,53.1875,107.359375,47.890625,127.421875,58.125,1.5625,0.515625,1.078125,0.28125,90.484375,34.875,96.4375,38.609375,7.453125,5.734375,21.515625,11.578125,8.578125,6.4375,4.03125,3.0,104.1875,45.046875,108.078125,41.375,1.015625,1.0,6.328125,5.296875,1.3125,1.0,7.578125,6.515625,21.296875,40.421875,729.65625,15,1,0,1,4,5,2,0,0,2,0,2,1,0,167.64,170.18,135.0,28.0,32.0,1,0,0,0,0,0,0,0,0,0,0,0,0,0,0,0,0,0,1,0,1,0,0,0
Red,False,0.015625,0.0,0.45,0.4275,0.25,0.2,0.148468017578125,0.098388671875,0.0,0.0,66.5,29.6875,64.31230545043945,27.34375,89.75,48.0,85.53125,44.41152191162109,2.0,0.75,2.0546875,0.75,51.1875,18.3359375,49.6123046875,16.280410766601562,7.5,5.07647705078125,7.5,5.0,4.5,3.625,4.984375,3.9375,48.6875,17.0,47.11572265625,16.5,5.75,3.75,5.3125,3.4375,5.0625,3.5,3.875,2.5,99.2119140625,94.125,638.5,0,0,0,0,0,0,0,0,0,0,0,0,0,0,193.04,198.12,185.0,0.3125,0.0,0.653125,0.480625,0.0,0.03125,0.0625,0.0625,0.0625,0.0625,38.71875,19.03125,50.46875,21.8125,43.125,23.0625,63.5625,32.25,0.9375,0.0,1.21875,0.1875,28.71875,11.96875,42.25,15.65625,8.875,6.1875,5.03125,3.84375,1.125,0.875,3.1875,2.3125,33.625,15.0,35.3125,11.40625,3.1875,2.9375,2.90625,1.90625,1.90625,1.09375,12.25,8.5,33.65625,146.5,383.46875,10,0,3,0,3,4,2,0,0,0,1,3,0,0,190.5,185.42,185.0,28.0,29.0,0,0,0,0,0,0,0,1,0,0,0,0,0,0,0,0,0,0,1,0,0,0,1,0
Red,False,0.0,0.0,0.61,0.56,1.0,0.0,1.0,0.0,0.0,0.0,52.0,32.0,48.0,27.0,65.0,45.0,65.0,42.0,2.0,2.0,0.0,0.0,33.0,14.0,30.0,10.0,7.0,6.0,8.0,7.0,12.0,12.0,10.0,10.0,45.0,26.0,41.0,21.0,3.0,3.0,7.0,6.0,4.0,3.0,0.0,0.0,143.0,93.0,425.0,2,0,1,0,1,1,0,0,0,0,0,0,1,0,187.96,203.2,246.0,2.0,0.0,0.62,0.32,0.0,0.0,0.0,0.0,0.0,0.0,59.0,37.0,52.0,17.0,67.0,45.0,53.0,18.0,0.0,0.0,0.0,0.0,49.0,29.0,44.0,12.0,6.0,4.0,4.0,1.0,4.0,4.0,4.0,4.0,50.0,29.0,47.0,14.0,7.0,6.0,5.0,3.0,2.0,2.0,0.0,0.0,35.0,0.0,268.0,1,0,1,0,1,1,0,0,0,0,0,1,0,0,190.5,193.04,250.0,27.0,31.0,0,0,0,0,1,0,0,0,0,0,0,0,0,0,0,1,0,0,0,0,1,0,0,0
Blue,False,0.015625,0.0,0.45,0.4275,0.25,0.2,0.148468017578125,0.098388671875,0.0,0.0,66.5,29.6875,64.31230545043945,27.34375,89.75,48.0,85.53125,44.41152191162109,2.0,0.75,2.0546875,0.75,51.1875,18.3359375,49.6123046875,16.280410766601562,7.5,5.07647705078125,7.5,5.0,4.5,3.625,4.984375,3.9375,48.6875,17.0,47.11572265625,16.5,5.75,3.75,5.3125,3.4375,5.0625,3.5,3.875,2.5,99.2119140625,94.125,638.5,0,0,0,0,0,0,0,0,0,0,0,0,0,0,185.42,193.04,185.0,0.0,0.0,0.52875,0.4425,0.1225,0.14125,0.4375,0.0,0.0,0.0,75.25,37.375,97.8125,42.5,82.875,44.5,113.8125,56.375,2.75,0.4375,5.5625,1.125,54.5,22.4375,81.875,30.6875,17.875,12.3125,11.1875,7.75,2.875,2.625,4.75,4.0625,54.6875,22.0625,72.0,22.8125,18.4375,13.875,18.9375,14.8125,2.125,1.4375,6.875,4.875,96.5,285.6875,727.25,12,0,0,1,1,2,3,0,0,0,0,0,2,0,185.42,185.42,185.0,26.0,32.0,0,0,0,0,0,0,0,1,0,0,0,0,0,0,0,0,0,0,1,0,1,0,0,0
Blue,False,0.0009765625,0.21875,0.4984472656249999,0.48236328125,0.314189453125,0.00943359375,0.015625,0.001953125,0.015625,0.0,63.4052734375,28.4599609375,51.2060546875,22.45703125,123.3349609375,72.4560546875,75.7421875,44.4150390625,5.7763671875,2.1904296875,0.5546875,0.029296875,48.173828125,19.4638671875,42.26171875,15.353515625,9.896484375,5.333984375,4.83203125,4.0439453125,5.3349609375,3.662109375,4.1123046875,3.0595703125,42.982421875,14.8720703125,43.546875,16.501953125,8.0751953125,4.58203125,6.8779296875,5.333984375,12.34765625,9.005859375,0.78125,0.62109375,431.869140625,14.7060546875,771.5087890625,31,0,0,1,3,6,5,0,0,0,4,2,0,0,190.5,198.12,249.0,0.25634765625,0.5,0.491429443359375,0.557960205078125,0.165120849609375,0.00060546875,0.023681640625,0.00146484375,0.0,0.0003662109375,121.0992431640625,58.8189697265625,113.478271484375,63.4678955078125,141.23046875,77.8204345703125,119.7073974609375,69.0699462890625,1.8792724609375,0.5010986328125,0.288818359375,0.0040283203125,100.2860107421875,40.7208251953125,81.7027587890625,36.485595703125,14.908935546875,12.57861328125,22.9942626953125,20.0760498046875,5.904296875,5.51953125,8.78125,6.90625,96.5067138671875,44.37158203125,105.3533935546875,56.9754638671875,22.05810546875,12.170654296875,8.105224609375,6.4786376953125,2.534423828125,2.2767333984375,0.0196533203125,0.0137939453125,261.309326171875,18.909423828125,826.713134765625,34,0,0,1,4,8,6,0,0,1,1,4,2,0,193.04,198.12,265.0,34.0,38.0,0,0,0,0,1,0,0,0,0,0,0,0,0,0,0,1,0,0,0,0,1,0,0,0
Blue,False,0.015625,0.0,0.45,0.4275,0.25,0.2,0.148468017578125,0.098388671875,0.0,0.0,66.5,29.6875,64.31230545043945,27.34375,89.75,48.0,85.53125,44.41152191162109,2.0,0.75,2.0546875,0.75,51.1875,18.3359375,49.6123046875,16.280410766601562,7.5,5.07647705078125,7.5,5.0,4.5,3.625,4.984375,3.9375,48.6875,17.0,47.11572265625,16.5,5.75,3.75,5.3125,3.4375,5.0625,3.5,3.875,2.5,99.2119140625,94.125,638.5,0,0,0,0,0,0,0,0,0,0,0,0,0,0,170.18,175.26,145.0,0.5,0.0,0.56,0.3475,0.425,0.3125,2.0,0.0,0.25,0.25,87.75,49.5,61.0,21.5,115.25,70.75,89.0,46.25,6.0,3.0,3.25,0.75,67.5,34.5,50.0,14.25,11.75,7.25,9.0,6.25,8.5,7.75,2.0,1.0,72.25,39.25,54.75,17.25,5.0,4.0,5.75,4.25,10.5,6.25,0.5,0.0,372.25,151.75,900.0,9,0,3,0,3,3,0,0,0,0,3,0,0,0,177.8,182.88,145.0,23.0,24.0,0,0,1,0,0,0,0,0,0,0,0,0,0,0,0,1,0,0,0,0,0,0,0,1
Red,False,0.015625,0.0,0.45,0.4275,0.25,0.2,0.148468017578125,0.098388671875,0.0,0.0,66.5,29.6875,64.31230545043945,27.34375,89.75,48.0,85.53125,44.41152191162109,2.0,0.75,2.0546875,0.75,51.1875,18.3359375,49.6123046875,16.280410766601562,7.5,5.07647705078125,7.5,5.0,4.5,3.625,4.984375,3.9375,48.6875,17.0,47.11572265625,16.5,5.75,3.75,5.3125,3.4375,5.0625,3.5,3.875,2.5,99.2119140625,94.125,638.5,0,0,0,0,0,0,0,0,0,0,0,0,0,0,190.5,200.66,243.0,1.0,0.0,1.0,0.33,0.0,0.0,0.0,0.0,0.0,0.0,10.0,10.0,9.0,3.0,10.0,10.0,9.0,3.0,0.0,0.0,0.0,0.0,7.0,7.0,7.0,1.0,1.0,1.0,0.0,0.0,2.0,2.0,2.0,2.0,9.0,9.0,9.0,3.0,0.0,0.0,0.0,0.0,1.0,1.0,0.0,0.0,2.0,0.0,45.0,1,0,1,0,1,1,0,0,0,0,0,1,0,0,195.58,198.12,256.0,32.0,27.0,0,0,0,0,1,0,0,0,0,0,0,0,0,0,0,1,0,0,0,0,1,0,0,0
Red,False,0.0078125,0.375,0.373515625,0.44,0.66453125,0.015625,0.984375,0.125,0.078125,0.078125,24.5234375,10.390625,61.4296875,34.2734375,27.2890625,12.890625,81.6640625,52.6953125,6.3046875,1.7578125,0.25,0.09375,22.46875,9.0703125,39.359375,17.921875,1.6171875,1.0078125,16.2578125,12.6640625,0.4375,0.3125,5.8125,3.6875,22.046875,8.625,40.9765625,17.0859375,0.03125,0.0,4.609375,3.828125,2.4453125,1.765625,15.84375,13.359375,132.1796875,91.453125,485.4140625,17,0,3,0,3,6,2,0,0,1,1,1,3,0,177.8,182.88,145.0,0.5704021453857422,0.1250324249267578,0.5155356311798096,0.4575281715393066,0.0870512580871582,0.1436856269836425,1.52587890625e-05,0.0010530948638916,0.0,0.0,124.81198596954346,67.1682345867157,149.87906098365784,67.63514423370361,134.09132933616638,75.42605924606323,173.83808851242063,88.89195966720581,0.8515791893005371,0.2558603286743164,3.091116428375244,0.68776535987854,78.26384234428406,33.12458515167236,125.3502597808838,48.5888512134552,30.24467945098877,20.877071619033813,17.042826890945435,12.084862470626833,16.30346417427063,13.16657781600952,7.485974311828613,6.961430549621582,103.91731929779051,51.92162251472473,133.56963539123535,55.2542028427124,5.533822298049927,4.906379222869873,6.346576929092407,3.998064994812012,15.360844373703005,10.340232849121094,9.962848663330078,8.3828763961792,91.78734850883484,137.65757274627686,806.3778986930847,58,0,4,0,4,14,9,0,1,1,5,7,0,0,180.34,190.5,145.0,31.0,34.0,0,0,1,0,0,0,0,0,0,0,0,0,0,0,0,0,0,1,0,0,1,0,0,0
Blue,False,0.0,2.0,0.33,0.58,0.0,0.0,0.0,0.0,0.0,0.0,120.0,40.0,134.0,79.0,121.0,41.0,141.0,86.0,2.0,0.0,0.0,0.0,59.0,6.0,86.0,45.0,58.0,31.0,32.0,18.0,3.0,3.0,16.0,16.0,110.0,33.0,124.0,71.0,10.0,7.0,7.0,5.0,0.0,0.0,3.0,3.0,13.0,12.0,632.0,3,0,0,1,0,0,1,0,0,0,0,0,0,0,177.8,193.04,185.0,0.0,0.0,0.42,0.41,0.0,0.0,0.0,0.0,0.0,0.0,198.0,85.0,173.0,71.0,199.0,86.0,174.0,72.0,1.0,0.0,0.0,0.0,164.0,68.0,141.0,54.0,29.0,12.0,27.0,13.0,5.0,5.0,5.0,4.0,190.0,82.0,172.0,71.0,8.0,3.0,1.0,0.0,0.0,0.0,0.0,0.0,15.0,16.0,900.0,3,0,1,0,1,1,0,0,0,0,1,0,0,0,180.34,190.5,185.0,26.0,26.0,0,0,0,0,0,0,0,1,0,0,0,0,0,0,0,0,0,1,0,0,1,0,0,0
Red,False,0.5,0.0,0.3199999999999999,0.265,0.5,0.0,0.0,0.0,0.0,0.0,152.0,47.5,117.5,32.5,169.0,61.5,121.0,35.5,0.5,0.5,0.5,0.0,128.0,29.0,88.0,11.5,19.0,14.5,16.5,11.5,5.0,4.0,13.0,9.5,139.5,40.5,117.5,32.5,2.5,1.0,0.0,0.0,10.0,6.0,0.0,0.0,182.5,0.0,900.0,6,0,2,0,2,2,0,0,0,0,2,0,0,0,180.34,185.42,145.0,0.5,0.0,0.425,0.37,0.625,0.1875,0.0,0.0,0.5,0.0,127.75,54.75,103.5,39.0,132.0,58.25,105.75,40.75,1.0,0.75,5.25,1.25,94.75,32.25,78.25,23.0,17.75,11.0,17.0,10.0,15.25,11.5,8.25,6.0,115.75,47.5,99.25,35.5,2.25,1.0,2.0,1.5,9.75,6.25,2.25,2.0,25.75,77.75,900.0,9,0,3,0,3,3,0,0,0,2,1,0,0,0,182.88,187.96,145.0,34.0,32.0,0,0,1,0,0,0,0,0,0,0,0,0,0,0,0,1,0,0,0,0,1,0,0,0
Blue,False,0.0,0.0,0.5,0.61,0.0,1.0,0.0,0.0,0.0,0.0,226.0,114.0,185.0,114.0,298.0,185.0,216.0,138.0,1.0,0.0,5.0,5.0,152.0,63.0,113.0,49.0,54.0,35.0,71.0,64.0,20.0,16.0,1.0,1.0,182.0,76.0,160.0,90.0,44.0,38.0,22.0,22.0,0.0,0.0,3.0,2.0,0.0,309.0,900.0,3,0,0,1,0,0,1,0,0,0,0,0,0,0,175.26,177.8,135.0,0.0,0.0,0.41,0.49,0.22,0.4,1.0,0.0,0.0,0.0,105.0,44.0,73.0,36.0,118.0,54.0,82.0,45.0,9.0,2.0,5.0,2.0,86.0,28.0,61.0,30.0,9.0,7.0,10.0,5.0,10.0,9.0,2.0,1.0,96.0,36.0,62.0,28.0,9.0,8.0,8.0,5.0,0.0,0.0,3.0,3.0,115.0,62.0,900.0,3,0,0,1,0,0,1,0,0,0,0,0,0,0,167.64,172.72,135.0,33.0,30.0,1,0,0,0,0,0,0,0,0,0,0,0,0,0,0,0,0,0,1,0,1,0,0,0
Red,False,0.015625,0.0,0.45,0.4275,0.25,0.2,0.148468017578125,0.098388671875,0.0,0.0,66.5,29.6875,64.31230545043945,27.34375,89.75,48.0,85.53125,44.41152191162109,2.0,0.75,2.0546875,0.75,51.1875,18.3359375,49.6123046875,16.280410766601562,7.5,5.07647705078125,7.5,5.0,4.5,3.625,4.984375,3.9375,48.6875,17.0,47.11572265625,16.5,5.75,3.75,5.3125,3.4375,5.0625,3.5,3.875,2.5,99.2119140625,94.125,638.5,0,0,0,0,0,0,0,0,0,0,0,0,0,0,167.64,172.72,135.0,0.0,0.0,0.56,0.32,0.22,0.0,0.0,0.0,0.0,0.0,140.0,79.0,125.0,40.0,224.0,155.0,161.0,76.0,9.0,2.0,0.0,0.0,109.0,53.0,116.0,32.0,18.0,16.0,7.0,7.0,13.0,10.0,2.0,1.0,103.0,46.0,117.0,32.0,12.0,12.0,6.0,6.0,25.0,21.0,2.0,2.0,527.0,2.0,900.0,3,0,1,0,1,1,0,0,0,0,1,0,0,0,165.1,165.1,135.0,32.0,26.0,0,0,0,0,0,0,0,0,0,0,1,0,0,0,0,1,0,0,0,0,1,0,0,0
Blue,False,0.015625,0.0,0.45,0.4275,0.25,0.2,0.148468017578125,0.098388671875,0.0,0.0,66.5,29.6875,64.31230545043945,27.34375,89.75,48.0,85.53125,44.41152191162109,2.0,0.75,2.0546875,0.75,51.1875,18.3359375,49.6123046875,16.280410766601562,7.5,5.07647705078125,7.5,5.0,4.5,3.625,4.984375,3.9375,48.6875,17.0,47.11572265625,16.5,5.75,3.75,5.3125,3.4375,5.0625,3.5,3.875,2.5,99.2119140625,94.125,638.5,0,0,0,0,0,0,0,0,0,0,0,0,0,0,170.18,177.8,125.0,0.0,0.5,0.43,0.4649999999999999,0.225,0.0,0.0,0.5,0.0,1.0,73.5,32.5,110.5,52.5,100.0,55.5,144.0,83.0,11.0,2.5,1.0,0.0,51.0,17.0,77.5,32.0,14.0,10.0,24.0,14.0,8.5,5.5,9.0,6.5,56.5,22.5,84.5,35.0,5.5,4.5,15.5,10.0,11.5,5.5,10.5,7.5,255.0,56.0,840.0,6,0,0,2,0,0,2,0,0,0,0,0,0,0,182.88,182.88,185.0,29.0,31.0,0,0,0,1,0,0,0,0,0,0,0,0,0,0,0,0,0,1,0,0,1,0,0,0
Red,False,0.375,0.507904052734375,0.3575576782226562,0.47861083984375,0.0578665161132812,0.4249038696289062,0.0196533203125,0.068359375,0.125,0.0,237.80096435546875,82.73406982421875,174.96414184570312,86.51644897460938,262.9951171875,106.0654296875,195.42703247070312,105.90048217773438,6.872344970703125,0.361663818359375,2.968719482421875,1.320404052734375,184.671630859375,49.10369873046875,144.58270263671875,62.6357421875,28.45318603515625,12.275115966796877,14.444427490234377,9.511505126953123,24.6761474609375,21.355255126953125,15.93701171875,14.36920166015625,226.3157958984375,74.3504638671875,165.98388671875,81.4290771484375,7.11932373046875,4.6337890625,6.618804931640625,3.933013916015625,4.3658447265625,3.74981689453125,2.3614501953125,1.15435791015625,128.99459838867188,66.33319091796875,894.9426879882812,45,1,3,0,3,8,8,0,0,1,5,0,2,0,180.34,190.5,170.0,0.0208740234375,0.03912353515625,0.3395660400390625,0.4504098510742187,0.2603506469726562,0.8072683715820312,0.76605224609375,0.828399658203125,0.7552490234375,0.000213623046875,50.7403564453125,17.55389404296875,38.679443359375,15.1488037109375,70.94677734375,37.214630126953125,52.86669921875,26.066131591796875,0.30499267578125,0.2813720703125,4.559112548828125,3.64080810546875,35.993743896484375,8.015594482421875,32.68408203125,10.869232177734377,8.641021728515625,4.55963134765625,4.2977294921875,3.276885986328125,6.1055908203125,4.978668212890625,1.6976318359375,1.002685546875,42.57696533203125,12.547393798828123,25.323974609375,7.418670654296875,4.896942138671875,2.62646484375,2.93536376953125,2.28448486328125,3.266448974609375,2.380035400390625,10.42010498046875,5.445648193359375,60.41546630859375,231.55474853515625,489.14837646484375,45,3,0,1,5,7,9,0,0,1,1,4,0,1,187.96,190.5,170.0,35.0,36.0,0,0,0,0,0,0,0,0,0,1,0,0,0,0,0,1,0,0,0,0,1,0,0,0
Blue,False,0.015625,0.0,0.45,0.4275,0.25,0.2,0.148468017578125,0.098388671875,0.0,0.0,66.5,29.6875,64.31230545043945,27.34375,89.75,48.0,85.53125,44.41152191162109,2.0,0.75,2.0546875,0.75,51.1875,18.3359375,49.6123046875,16.280410766601562,7.5,5.07647705078125,7.5,5.0,4.5,3.625,4.984375,3.9375,48.6875,17.0,47.11572265625,16.5,5.75,3.75,5.3125,3.4375,5.0625,3.5,3.875,2.5,99.2119140625,94.125,638.5,0,0,0,0,0,0,0,0,0,0,0,0,0,0,185.42,187.96,185.0,0.0,0.25,0.295,0.6525,0.0,0.54,0.0,0.0,0.0,0.0,41.75,13.25,58.25,36.5,71.75,40.25,131.5,100.5,0.0,0.0,4.25,2.5,32.75,5.75,37.5,19.0,7.75,6.5,15.0,12.25,1.25,1.0,5.75,5.25,34.75,7.0,28.25,11.75,6.25,5.5,8.5,5.5,0.75,0.75,21.5,19.25,1.5,544.25,835.5,9,0,0,3,0,0,3,0,0,0,0,0,0,0,190.5,200.66,205.0,26.0,34.0,0,0,0,0,0,0,0,1,0,0,0,0,0,0,0,1,0,0,0,0,1,0,0,0
Red,False,0.0,0.0,0.5740625,0.548125,0.47625,0.721875,0.3125,0.3125,0.125,0.25,65.28125,35.0625,50.3125,25.625,138.5,99.96875,76.40625,49.25,4.09375,1.78125,3.625,2.46875,47.46875,20.875,31.90625,9.625,15.125,12.59375,8.21875,7.875,2.6875,1.59375,10.1875,8.125,36.25,11.4375,33.34375,14.75,13.4375,11.1875,8.71875,5.625,15.59375,12.4375,8.25,5.25,306.1875,317.78125,777.8125,13,1,4,0,4,5,1,0,0,0,3,2,0,0,167.64,175.26,135.0,0.28125,0.0,0.5825,0.29671875,0.0,0.3642968749999999,0.5,1.0,0.0,0.0,63.40625,32.6640625,117.1640625,47.953125,125.9140625,86.2265625,204.328125,115.578125,0.0625,0.0,7.3125,4.0234375,41.7421875,14.8828125,96.7421875,33.40625,13.78125,10.46875,7.7421875,4.8515625,7.8828125,7.3125,12.6796875,9.6953125,41.7578125,17.2265625,44.5625,13.28125,12.3359375,10.6875,4.6953125,3.5625,9.3125,4.75,67.90625,31.109375,63.3203125,639.0859375,982.78125,21,2,1,0,5,6,2,0,0,1,2,3,0,0,175.26,180.34,135.0,31.0,36.0,0,0,0,0,0,0,0,0,0,0,1,0,0,0,0,1,0,0,0,0,1,0,0,0
Red,False,0.015625,0.0,0.45,0.4275,0.25,0.2,0.148468017578125,0.098388671875,0.0,0.0,66.5,29.6875,64.31230545043945,27.34375,89.75,48.0,85.53125,44.41152191162109,2.0,0.75,2.0546875,0.75,51.1875,18.3359375,49.6123046875,16.280410766601562,7.5,5.07647705078125,7.5,5.0,4.5,3.625,4.984375,3.9375,48.6875,17.0,47.11572265625,16.5,5.75,3.75,5.3125,3.4375,5.0625,3.5,3.875,2.5,99.2119140625,94.125,638.5,0,0,0,0,0,0,0,0,0,0,0,0,0,0,175.26,180.34,135.0,0.0,0.0,0.52,0.31,0.5,0.33,1.0,1.0,0.0,0.0,168.0,89.0,97.0,31.0,195.0,112.0,112.0,43.0,4.0,2.0,6.0,2.0,139.0,66.0,85.0,22.0,19.0,13.0,9.0,6.0,10.0,10.0,3.0,3.0,124.0,58.0,89.0,27.0,15.0,11.0,3.0,1.0,29.0,20.0,5.0,3.0,352.0,149.0,900.0,3,0,1,0,1,1,0,0,0,0,1,0,0,0,172.72,182.88,135.0,33.0,25.0,1,0,0,0,0,0,0,0,0,0,0,0,0,0,0,0,0,0,1,0,1,0,0,0
Red,False,0.5,0.0078125,0.356796875,0.2896875,0.015625,0.02140625,0.0625,0.0,0.046875,0.015625,170.6640625,62.25,146.78125,44.078125,175.65625,66.9765625,153.03125,49.578125,0.0703125,0.0234375,1.3828125,0.140625,135.71875,38.8515625,125.734375,32.1796875,20.5546875,11.296875,13.4140625,5.7890625,14.390625,12.1015625,7.6328125,6.109375,167.2265625,59.28125,144.90625,42.734375,1.9453125,1.6328125,1.0703125,0.671875,1.4921875,1.3359375,0.8046875,0.671875,3.328125,51.5703125,589.5,22,0,0,2,3,5,3,0,0,1,2,1,1,0,175.26,172.72,135.0,0.033203125,0.25,0.55611328125,0.46923828125,0.0654296875,0.254140625,0.125,0.0078125,0.0,0.125,64.748046875,29.1923828125,75.5,36.52734375,113.49609375,68.587890625,89.712890625,50.1494140625,2.6435546875,0.5029296875,1.3623046875,0.53125,40.4990234375,13.173828125,47.015625,13.8232421875,13.2255859375,7.28125,22.669921875,18.9833984375,11.0234375,8.7373046875,5.814453125,3.720703125,53.6162109375,20.248046875,54.4052734375,18.501953125,7.8095703125,6.4072265625,20.0,17.2119140625,3.322265625,2.537109375,1.0947265625,0.8134765625,319.5537109375,37.9873046875,782.779296875,38,5,3,0,3,6,5,0,0,1,3,2,0,0,172.72,175.26,135.0,32.0,38.0,0,0,0,0,0,0,0,0,0,0,1,0,0,0,0,1,0,0,0,0,0,0,1,0
Blue,False,0.0,0.0,0.36,0.48,0.0,0.42,0.0,0.0,0.0,0.0,121.0,44.0,149.0,73.0,121.0,44.0,253.0,165.0,0.0,0.0,7.0,3.0,107.0,30.0,148.0,72.0,14.0,14.0,1.0,1.0,0.0,0.0,0.0,0.0,121.0,44.0,121.0,47.0,0.0,0.0,3.0,3.0,0.0,0.0,25.0,23.0,0.0,292.0,900.0,3,0,0,1,0,0,1,0,0,0,0,0,0,0,182.88,190.5,245.0,0.5,0.0,0.335,0.55,0.0,0.0,0.0,0.0,0.0,0.0,40.5,14.0,66.5,30.5,41.5,15.0,77.5,41.5,0.0,0.0,0.0,0.0,27.0,4.0,44.0,13.0,4.5,2.0,5.0,4.0,9.0,8.0,17.5,13.5,38.5,14.0,63.5,28.5,2.0,0.0,3.0,2.0,0.0,0.0,0.0,0.0,6.0,61.0,515.0,4,0,1,0,1,1,1,0,0,0,0,1,0,0,182.88,187.96,250.0,25.0,33.0,0,0,0,0,1,0,0,0,0,0,0,0,0,0,0,1,0,0,0,0,1,0,0,0
Blue,False,0.015625,0.0,0.45,0.4275,0.25,0.2,0.148468017578125,0.098388671875,0.0,0.0,66.5,29.6875,64.31230545043945,27.34375,89.75,48.0,85.53125,44.41152191162109,2.0,0.75,2.0546875,0.75,51.1875,18.3359375,49.6123046875,16.280410766601562,7.5,5.07647705078125,7.5,5.0,4.5,3.625,4.984375,3.9375,48.6875,17.0,47.11572265625,16.5,5.75,3.75,5.3125,3.4375,5.0625,3.5,3.875,2.5,99.2119140625,94.125,638.5,0,0,0,0,0,0,0,0,0,0,0,0,0,0,190.5,190.5,185.0,0.0471682548522949,0.0,0.45,0.4217682266235352,0.25,0.19173828125,0.1875,0.125,0.0,0.0,69.5,30.5,66.984375,27.8466796875,94.0,48.544921875,88.50390625,44.75,2.0,0.8125,2.015625,0.6640625,54.0,19.01513671875,51.483436584472656,16.9437255859375,7.91796875,5.430633544921875,7.75,5.0625,4.780975341796875,3.9373779296875,4.8994140625,3.84375,51.025390625,18.400863647460938,50.515625,17.5,5.75,3.75,5.5,3.5,5.375,3.6875,4.0,2.65625,104.865234375,89.5,655.8441009521484,0,0,0,0,0,0,0,0,0,0,0,0,0,0,185.42,190.5,185.0,25.0,29.0,0,0,0,0,0,0,0,1,0,0,0,0,0,0,0,1,0,0,0,0,0,0,1,0
Red,False,0.0,0.0,0.56,0.56,0.0,0.18,0.0,1.0,0.0,0.0,46.0,26.0,55.0,31.0,48.0,27.0,67.0,43.0,0.0,0.0,11.0,2.0,22.0,7.0,37.0,16.0,7.0,4.0,12.0,12.0,17.0,15.0,6.0,3.0,39.0,23.0,40.0,16.0,6.0,3.0,1.0,1.0,1.0,0.0,14.0,14.0,7.0,271.0,746.0,3,0,0,1,0,0,1,0,0,0,0,0,0,0,160.02,165.1,115.0,0.0,0.0,0.525,0.395,0.58,0.29,0.0,0.5,0.0,0.0,140.5,76.0,141.5,56.5,160.0,90.0,167.0,73.5,3.5,1.0,3.5,1.0,74.5,27.5,114.5,40.0,50.0,34.5,23.5,14.5,16.0,14.0,3.5,2.0,94.5,40.5,102.0,32.5,45.5,35.5,35.0,21.5,0.5,0.0,4.5,2.5,59.0,157.0,900.0,6,0,1,0,1,1,1,0,0,1,0,0,0,0,154.94,154.94,115.0,35.0,24.0,0,0,0,0,0,0,0,0,0,0,0,0,0,1,0,0,0,1,0,0,1,0,0,0
Red,False,0.0,0.0,0.375,0.445,0.36,0.0,0.0,0.0,0.0,0.0,110.0,41.5,179.0,76.5,146.5,67.5,207.0,101.5,10.0,3.5,1.0,0.0,98.0,31.0,151.5,59.5,7.0,6.0,19.0,11.5,5.0,4.5,8.5,5.5,108.5,40.0,157.0,60.5,0.0,0.0,13.5,10.0,1.5,1.5,8.5,6.0,185.5,3.0,900.0,6,0,2,0,2,2,0,0,0,1,1,0,0,0,165.1,167.64,135.0,0.0,0.0,0.55375,0.4275,0.2075,0.30625,0.625,0.0,0.5,0.25,70.625,36.625,78.5,31.5,75.125,40.5,97.125,47.625,0.625,0.5,8.25,4.25,47.375,16.75,51.0,14.125,11.5,8.625,22.125,12.5,11.75,11.25,5.375,4.875,62.5,30.375,66.625,21.75,6.0,4.375,5.625,4.625,2.125,1.875,6.25,5.125,93.375,180.375,541.5,10,0,2,0,2,3,1,0,0,0,2,0,1,0,170.18,172.72,140.0,28.0,29.0,1,0,0,0,0,0,0,0,0,0,0,0,0,0,0,1,0,0,0,0,0,0,1,0
Red,False,0.0,0.5,0.3875,0.41,0.0,0.165,0.25,0.0,0.0,0.0,140.0,56.0,138.0,57.0,144.75,60.25,140.5,59.0,2.0,0.0,0.75,0.5,120.5,41.75,98.0,26.0,10.75,6.75,8.0,4.75,8.75,7.5,32.0,26.25,129.5,49.5,131.25,51.75,9.25,5.5,2.25,2.0,1.25,1.0,4.5,3.25,17.25,52.5,900.0,9,0,1,0,1,1,2,0,0,1,0,0,0,0,182.88,185.42,155.0,0.0,1.0,0.23,0.46,0.0,0.0,1.0,0.0,0.0,0.0,17.0,4.0,32.0,15.0,21.0,7.0,32.0,15.0,5.0,0.0,0.0,0.0,11.0,1.0,24.0,8.0,3.0,2.0,3.0,2.0,3.0,1.0,5.0,5.0,17.0,4.0,24.0,9.0,0.0,0.0,4.0,3.0,0.0,0.0,4.0,3.0,161.0,8.0,380.0,2,0,0,1,0,0,1,0,0,0,0,0,0,0,172.72,185.42,170.0,28.0,24.0,0,0,0,0,0,0,1,0,0,0,0,0,0,0,0,1,0,0,0,0,1,0,0,0
Red,False,0.03125,0.0,0.4734374999999999,0.38375,0.5490625,0.5546875,1.5,0.1875,0.5,0.0,139.75,66.3125,109.34375,42.09375,180.59375,101.78125,145.96875,73.4375,5.1875,2.40625,1.3125,0.71875,123.375,54.21875,90.40625,29.25,13.3125,9.6875,12.5,7.28125,3.0625,2.40625,6.4375,5.5625,103.5,41.96875,100.96875,37.46875,4.9375,3.1875,6.34375,2.96875,31.3125,21.15625,2.03125,1.65625,417.125,98.75,900.0,18,0,2,0,2,4,2,0,0,0,4,0,0,0,162.56,170.18,135.0,0.0,0.5,0.405,0.428125,0.42875,0.025,0.5,0.0,0.0,0.0,76.625,27.625,87.5625,38.375,101.875,48.125,101.25,50.0625,1.3125,0.9375,1.5,0.125,72.0625,23.6875,63.1875,20.75,3.4375,2.8125,15.8125,9.9375,1.125,1.125,8.5625,7.6875,65.9375,18.5625,68.3125,25.0,6.3125,4.8125,9.8125,7.5625,4.375,4.25,9.4375,5.8125,212.25,49.125,552.5,12,0,4,0,4,4,1,0,0,2,1,0,1,0,172.72,172.72,135.0,35.0,29.0,0,0,0,0,0,0,0,0,0,0,1,0,0,0,0,1,0,0,0,0,1,0,0,0
Red,True,0.9375,0.5,0.578125,0.459375,0.0,0.15,0.0,0.0,0.0,0.0,153.75,87.9375,184.0,82.8125,154.5625,88.6875,184.4375,83.25,0.0625,0.0,3.125,0.625,105.3125,49.0,154.25,61.375,43.8125,35.4375,15.6875,9.0,4.625,3.5,14.0625,12.4375,141.5625,79.0625,177.5625,77.375,6.75,5.8125,6.4375,5.4375,5.4375,3.0625,0.0,0.0,6.375,12.375,640.0625,10,0,5,0,5,5,0,0,0,0,1,4,0,0,185.42,182.88,185.0,1.1015625,0.0,0.4069531249999999,0.3815625,0.0,0.019140625,0.265625,0.0,0.0,0.125,133.25,54.8046875,110.21875,42.5625,134.921875,56.4609375,111.265625,43.3515625,0.0390625,0.0,3.1953125,0.1796875,92.59375,25.9375,84.203125,25.296875,18.0234375,9.171875,10.828125,6.390625,22.6328125,19.6953125,15.1875,10.875,129.84375,52.2421875,105.921875,39.5390625,0.859375,0.6875,4.265625,2.9921875,2.546875,1.875,0.03125,0.03125,8.234375,18.53125,1165.6015625,26,3,8,0,8,8,0,0,0,1,4,3,0,0,193.04,203.2,185.0,29.0,31.0,0,0,0,0,0,0,0,1,0,0,0,0,0,0,0,1,0,0,0,0,0,0,0,1
Blue,False,0.0,0.0,0.48,0.53,1.0,0.4,2.0,0.0,1.0,1.0,33.0,16.0,32.0,17.0,41.0,22.0,55.0,40.0,1.0,1.0,10.0,4.0,26.0,9.0,18.0,6.0,4.0,4.0,5.0,3.0,3.0,3.0,9.0,8.0,29.0,12.0,24.0,11.0,1.0,1.0,5.0,3.0,3.0,3.0,3.0,3.0,124.0,241.0,498.0,2,0,1,0,1,1,0,0,0,0,0,0,1,0,175.26,172.72,125.0,0.1875,0.0625,0.3475,0.313125,0.1425,0.02625,0.0,0.1875,0.0625,0.0625,232.0,79.875,185.9375,60.4375,237.5625,84.6875,187.8125,62.3125,2.5625,0.25,3.5625,0.1875,194.3125,53.6875,165.4375,45.9375,17.3125,9.75,15.4375,10.375,20.375,16.4375,5.0625,4.125,219.0,72.625,181.125,58.75,5.0,2.8125,4.1875,1.375,8.0,4.4375,0.625,0.3125,47.875,43.5,900.0,15,0,3,0,3,4,1,0,0,1,3,0,0,0,162.56,175.26,125.0,28.0,27.0,0,0,0,1,0,0,0,0,0,0,0,0,0,0,0,0,0,1,0,0,1,0,0,0
Blue,False,0.015625,0.0,0.45,0.4275,0.25,0.2,0.148468017578125,0.098388671875,0.0,0.0,66.5,29.6875,64.31230545043945,27.34375,89.75,48.0,85.53125,44.41152191162109,2.0,0.75,2.0546875,0.75,51.1875,18.3359375,49.6123046875,16.280410766601562,7.5,5.07647705078125,7.5,5.0,4.5,3.625,4.984375,3.9375,48.6875,17.0,47.11572265625,16.5,5.75,3.75,5.3125,3.4375,5.0625,3.5,3.875,2.5,99.2119140625,94.125,638.5,0,0,0,0,0,0,0,0,0,0,0,0,0,0,170.18,182.88,155.0,0.5,0.0,0.365,0.42,0.3,0.0875,0.0,0.0,0.0,0.0,228.0,90.5,171.0,69.75,232.75,94.5,175.25,73.25,2.5,0.5,3.5,1.25,181.0,55.75,152.75,55.25,31.0,22.25,10.75,7.5,16.0,12.5,7.5,7.0,220.0,85.5,156.75,60.25,8.0,5.0,9.75,6.0,0.0,0.0,4.5,3.5,38.0,125.5,820.0,8,0,0,1,2,2,1,0,0,0,1,1,0,0,172.72,182.88,145.0,25.0,27.0,0,0,1,0,0,0,0,0,0,0,0,0,0,0,0,0,0,1,0,0,1,0,0,0
Blue,False,0.5625,0.0009765625,0.44452880859375,0.31755615234375,0.3773388671875,0.025703125,0.22314453125,0.164794921875,0.140625,0.187744140625,85.7158203125,37.62646484375,103.884033203125,34.271728515625,108.3193359375,59.293212890625,130.042724609375,55.178466796875,4.522705078125,2.213623046875,0.645263671875,0.037109375,67.48681640625,25.6005859375,86.0478515625,23.040283203125,11.787841796875,6.529052734375,10.295654296875,6.971435546875,6.441162109375,5.496826171875,7.54052734375,4.260009765625,76.282470703125,31.020263671875,80.787841796875,16.687255859375,4.867919921875,4.03271484375,16.75341796875,12.08447265625,4.5654296875,2.573486328125,6.3427734375,5.5,290.537841796875,24.033447265625,823.05712890625,31,0,2,0,3,9,4,0,0,1,3,0,4,1,180.34,185.42,170.0,0.0001235306262969,0.6294441223144531,0.5002327255345882,0.568325279019773,0.2978409325145185,0.708853363096714,0.0007973415777087,0.0703437384217977,9.685754776000977e-08,0.2500004786998033,52.4235782912001,25.101931652985517,75.59852014668286,43.541999149136245,63.28770070243627,34.24691855162382,98.82407397124916,62.48847998678684,4.373028581961989,0.9426629934459924,2.5250645224004984,2.254343550652265,31.39614138752222,10.611770862713456,54.59869548957795,25.90797018259764,12.144568136893213,7.614044276066124,17.47646207176149,14.742843495681882,8.882868766784668,6.876116514205933,3.5233625853434205,2.891185470856726,36.88361085392535,13.496119777671993,47.93009267281741,22.89003715477884,3.5507012456655502,2.39815504103899,9.672073717229068,7.758405983448029,11.989266191609204,9.20765683427453,17.99635375663638,12.89355601090938,147.04003257583827,205.3203643290326,764.2898349920288,81,2,6,0,6,19,12,0,0,3,9,6,0,0,177.8,182.88,170.0,26.0,38.0,0,0,0,0,0,0,0,0,0,1,0,0,0,0,0,1,0,0,0,0,0,0,1,0
Red,False,0.0,0.0,0.425,0.6,0.54,0.25,0.0,0.5,0.0,0.5,29.0,12.5,30.5,17.0,76.5,49.0,57.5,38.5,3.5,2.0,1.5,0.5,24.5,8.5,25.5,12.5,2.5,2.0,3.5,3.0,2.0,2.0,1.5,1.5,19.5,4.5,20.0,7.5,2.0,2.0,2.5,2.5,7.5,6.0,8.0,7.0,495.0,75.5,695.0,5,0,0,1,1,1,1,0,0,0,1,0,0,0,172.72,185.42,155.0,0.5,0.0,0.5549999999999999,0.485,1.0,0.4599999999999999,0.0,0.5,0.5,0.5,112.5,64.5,70.5,32.0,132.0,82.0,78.0,38.5,1.0,1.0,13.0,5.5,89.0,45.5,53.0,17.5,16.5,13.0,7.5,5.5,7.0,6.0,10.0,9.0,83.0,41.5,60.0,23.5,3.0,3.0,5.0,4.0,26.5,20.0,5.5,4.5,150.5,313.0,900.0,6,0,2,0,2,2,0,0,0,1,1,0,0,0,170.18,180.34,155.0,24.0,28.0,0,0,0,0,0,0,1,0,0,0,0,0,0,0,0,1,0,0,0,0,1,0,0,0
Blue,True,0.650390625,0.0625,0.4522436523437499,0.397752685546875,0.045615234375,0.095361328125,0.035400390625,0.03125,0.0,0.00048828125,71.6552734375,31.7882080078125,40.17138671875,16.6993408203125,82.6104736328125,42.416259765625,51.518798828125,26.9774169921875,0.2379150390625,0.086181640625,2.033935546875,0.1044921875,52.769775390625,18.86181640625,25.31298828125,6.5113525390625,8.95458984375,5.44091796875,7.2545166015625,3.866943359375,9.930908203125,7.4854736328125,7.6038818359375,6.321044921875,64.83740234375,26.7835693359375,36.8555908203125,14.357177734375,5.405029296875,3.7554931640625,1.6260986328125,1.3284912109375,1.412841796875,1.2491455078125,1.689697265625,1.013671875,16.6348876953125,159.2445068359375,599.615478515625,37,0,1,0,4,9,5,0,0,1,3,3,2,0,187.96,198.12,205.0,0.359375,0.0,0.5196875,0.53609375,0.015625,0.20078125,0.015625,0.0,0.0,0.0,158.5625,72.453125,102.109375,59.765625,161.9375,75.21875,107.703125,64.828125,0.421875,0.015625,7.015625,1.453125,104.1875,27.828125,52.078125,20.390625,32.90625,27.53125,21.53125,16.5625,21.46875,17.09375,28.5,22.8125,150.328125,65.0625,97.671875,57.046875,6.53125,6.09375,3.796875,2.453125,1.703125,1.296875,0.640625,0.265625,9.703125,86.375,953.84375,15,1,6,0,6,6,1,0,0,1,1,3,1,0,193.04,195.58,205.0,37.0,30.0,0,0,0,0,0,1,0,0,0,0,0,0,0,0,0,1,0,0,0,0,0,0,1,0
Red,False,1.25,0.0,0.5540625,0.3265625,0.311875,0.0,0.0,0.5,0.25,0.25,56.75,26.78125,58.40625,19.46875,60.625,29.0625,68.96875,29.71875,3.25,2.03125,0.3125,0.0,51.4375,23.78125,43.0625,8.6875,5.0,2.75,10.34375,6.3125,0.3125,0.25,5.0,4.46875,42.09375,16.0,56.09375,17.6875,3.875,2.3125,1.3125,0.78125,10.78125,8.46875,1.0,1.0,26.4375,144.1875,530.53125,14,0,3,0,3,4,2,0,0,1,1,2,0,0,172.72,172.72,145.0,0.25,0.0625,0.4725,0.340625,0.0,0.185,0.0,0.0625,0.5,0.0,145.3125,65.25,99.9375,32.5625,164.1875,81.8125,120.0625,49.6875,0.0625,0.0,3.5,0.75,88.3125,26.1875,80.3125,21.375,39.125,24.125,14.25,7.8125,17.875,14.9375,5.375,3.375,121.375,46.4375,91.5625,28.875,21.9375,16.8125,8.0625,3.4375,2.0,2.0,0.3125,0.25,132.375,43.1875,833.4375,13,0,0,1,4,4,1,0,0,2,1,1,0,0,172.72,185.42,145.0,29.0,29.0,0,0,1,0,0,0,0,0,0,0,0,0,0,0,0,1,0,0,0,0,1,0,0,0
Red,False,0.0,0.0,0.48,0.33,0.5,0.0,0.0,0.0,0.0,0.0,165.0,80.0,131.0,44.0,174.0,88.0,148.0,60.0,2.0,1.0,0.0,0.0,104.0,40.0,117.0,34.0,34.0,24.0,14.0,10.0,27.0,16.0,0.0,0.0,141.0,62.0,123.0,38.0,23.0,17.0,8.0,6.0,1.0,1.0,0.0,0.0,0.0,74.0,900.0,3,0,1,0,1,1,0,0,0,0,1,0,0,0,185.42,187.96,205.0,0.0471682548522949,0.0,0.45,0.4217682266235352,0.25,0.19173828125,0.1875,0.125,0.0,0.0,69.5,30.5,66.984375,27.8466796875,94.0,48.544921875,88.50390625,44.75,2.0,0.8125,2.015625,0.6640625,54.0,19.01513671875,51.483436584472656,16.9437255859375,7.91796875,5.430633544921875,7.75,5.0625,4.780975341796875,3.9373779296875,4.8994140625,3.84375,51.025390625,18.400863647460938,50.515625,17.5,5.75,3.75,5.5,3.5,5.375,3.6875,4.0,2.65625,104.865234375,89.5,655.8441009521484,0,0,0,0,0,0,0,0,0,0,0,0,0,0,177.8,185.42,205.0,25.0,32.0,0,0,0,0,0,1,0,0,0,0,0,0,0,0,0,1,0,0,0,0,1,0,0,0
Blue,False,0.015625,0.0,0.45,0.4275,0.25,0.2,0.148468017578125,0.098388671875,0.0,0.0,66.5,29.6875,64.31230545043945,27.34375,89.75,48.0,85.53125,44.41152191162109,2.0,0.75,2.0546875,0.75,51.1875,18.3359375,49.6123046875,16.280410766601562,7.5,5.07647705078125,7.5,5.0,4.5,3.625,4.984375,3.9375,48.6875,17.0,47.11572265625,16.5,5.75,3.75,5.3125,3.4375,5.0625,3.5,3.875,2.5,99.2119140625,94.125,638.5,0,0,0,0,0,0,0,0,0,0,0,0,0,0,198.12,195.58,205.0,0.0,0.5,0.3975,0.6775,0.165,0.0,0.0,0.25,0.0,0.0,74.25,37.25,93.5,50.0,84.75,46.25,105.5,61.25,2.5,0.75,1.25,0.0,68.0,32.75,75.25,34.0,4.25,2.5,8.75,7.75,2.0,2.0,9.5,8.25,63.0,29.75,72.0,32.75,10.25,7.0,18.0,13.75,1.0,0.5,3.5,3.5,158.0,37.75,532.25,7,0,0,3,0,0,3,0,0,0,0,0,0,0,190.5,198.12,205.0,34.0,25.0,0,0,0,0,0,1,0,0,0,0,0,0,0,0,0,1,0,0,0,0,1,0,0,0
Red,False,0.0,0.75,0.4725,0.36,0.0,0.0825,0.0,0.0,0.5,0.0,81.5,37.5,125.75,44.5,92.25,47.25,130.75,49.0,0.25,0.0,0.75,0.25,55.75,18.5,99.5,27.75,8.25,5.75,10.5,5.25,17.5,13.25,15.75,11.5,74.5,33.0,111.5,35.25,4.5,3.0,13.5,8.75,2.5,1.5,0.75,0.5,53.0,36.75,735.75,7,0,0,3,0,0,3,0,0,0,0,0,0,0,187.96,195.58,250.0,0.0,0.0,0.95,0.66,1.0,0.0,2.0,0.0,0.0,0.0,23.0,22.0,6.0,4.0,52.0,44.0,19.0,17.0,2.0,2.0,0.0,0.0,20.0,19.0,2.0,0.0,3.0,3.0,4.0,4.0,0.0,0.0,0.0,0.0,0.0,0.0,1.0,0.0,5.0,5.0,5.0,4.0,18.0,17.0,0.0,0.0,201.0,0.0,216.0,1,1,1,0,1,1,0,0,0,0,0,0,1,0,190.5,203.2,250.0,32.0,39.0,0,0,0,0,1,0,0,0,0,0,0,0,0,0,0,1,0,0,0,0,1,0,0,0
Red,False,0.125,0.0,0.41625,0.46625,0.2025,0.21,1.0,0.125,0.125,0.0,85.625,37.125,73.625,37.25,86.625,38.125,101.25,63.75,4.0,1.125,2.125,1.0,76.75,30.125,61.125,25.5,8.625,6.875,4.25,4.0,0.25,0.125,8.25,7.75,75.625,30.125,61.625,28.25,6.75,4.375,9.375,7.25,3.25,2.625,2.625,1.75,151.5,61.875,683.625,9,0,4,0,4,4,0,0,0,1,1,1,1,0,195.58,200.66,205.0,0.25,0.25,0.625625,0.615,0.0,0.31,0.0,0.0,0.5,0.5,27.9375,20.3125,39.8125,28.375,58.9375,47.3125,85.875,70.9375,0.0,0.0,4.5,1.75,24.9375,17.8125,34.8125,24.4375,1.5625,1.0625,3.75,3.25,1.4375,1.4375,1.25,0.6875,8.625,5.9375,13.5625,6.4375,4.6875,4.1875,5.0,3.6875,14.625,10.1875,21.25,18.25,78.25,345.8125,494.5,7,0,3,0,3,3,2,0,0,0,0,3,0,0,198.12,208.28,205.0,29.0,28.0,0,0,0,0,0,1,0,0,0,0,0,0,0,0,0,1,0,0,0,0,1,0,0,0
Blue,False,0.0,0.0,0.36,0.5925,0.1875,0.2,0.0,0.75,0.0,0.0,81.0,28.25,72.5,41.0,105.75,51.25,95.5,63.0,5.25,0.75,2.5,1.0,63.75,15.0,48.5,20.25,14.25,10.75,19.75,18.0,3.0,2.5,4.25,2.75,61.25,15.75,45.75,18.75,18.5,11.25,26.25,21.75,1.25,1.25,0.5,0.5,269.75,73.0,606.25,6,0,0,3,0,0,3,0,0,0,0,0,0,0,180.34,180.34,145.0,0.0703125,0.28125,0.275703125,0.478359375,0.2445312499999999,0.25,0.53125,0.28125,0.00390625,0.16015625,63.765625,18.10546875,68.4296875,33.91796875,85.96875,36.2734375,91.03515625,51.8046875,5.97265625,1.9765625,1.5546875,0.5,57.203125,13.2421875,52.82421875,20.734375,5.1875,3.83203125,13.4609375,11.3203125,1.375,1.03125,2.14453125,1.86328125,54.96484375,12.68359375,49.7890625,19.4765625,6.140625,3.4765625,10.95703125,8.7890625,2.66015625,1.9453125,7.68359375,5.65234375,287.9375,43.92578125,677.859375,20,0,4,0,4,6,3,0,1,1,1,2,1,0,172.72,177.8,145.0,32.0,29.0,0,0,1,0,0,0,0,0,0,0,0,0,0,0,0,0,0,0,1,0,1,0,0,0
Red,False,0.2452392578125,0.0,0.522425537109375,0.521015625,0.03173828125,0.20798828125,0.15625,0.50048828125,0.0,0.0,70.93408203125,36.0682373046875,131.7010498046875,81.0458984375,100.1702880859375,64.565185546875,218.2576904296875,167.300048828125,1.83154296875,0.04833984375,6.832275390625,1.5009765625,50.5501708984375,20.05322265625,79.06396484375,37.3642578125,16.89013671875,13.0804443359375,38.80078125,35.1749267578125,3.4937744140625,2.9345703125,13.8363037109375,8.5067138671875,50.22119140625,17.814208984375,83.0782470703125,36.3355712890625,12.7799072265625,11.590576171875,28.743896484375,26.1927490234375,7.9329833984375,6.6634521484375,19.87890625,18.517578125,133.870849609375,520.298095703125,1364.86962890625,42,6,1,0,3,9,5,0,1,1,1,5,1,0,175.26,187.96,170.0,0.00390625,1.0,0.3546142578125,0.4669775390625,0.2216650390625,0.078125,0.00439453125,0.01171875,0.0,0.0087890625,389.13134765625,137.1044921875,259.787109375,124.86328125,407.71337890625,153.17626953125,267.05712890625,131.96240234375,7.6103515625,3.88623046875,1.6875,0.4375,334.66943359375,96.001953125,205.63037109375,84.388671875,31.91943359375,21.43505859375,46.83154296875,33.7431640625,22.54248046875,19.66748046875,7.3251953125,6.7314453125,374.87060546875,128.21240234375,241.09033203125,107.56396484375,13.25390625,8.23486328125,10.654296875,9.7763671875,1.0068359375,0.6572265625,8.04248046875,7.52294921875,267.54296875,24.5966796875,1395.83984375,38,2,3,0,7,10,2,0,0,0,6,2,2,0,180.34,182.88,170.0,38.0,32.0,0,0,0,0,0,0,0,0,0,1,0,0,0,0,0,1,0,0,0,0,1,0,0,0
Red,False,0.0,0.0,0.452322998046875,0.45748291015625,0.58120361328125,0.25278564453125,0.0631103515625,1.0030517578125,0.2646484375,0.7862548828125,94.842529296875,43.9888916015625,127.7149658203125,61.802001953125,112.6065673828125,59.9530029296875,186.533447265625,116.2724609375,1.2451171875,0.6739501953125,3.1622314453125,1.016845703125,77.2047119140625,30.5128173828125,101.314453125,42.0164794921875,7.7791748046875,4.853515625,17.429443359375,12.5162353515625,9.858642578125,8.62255859375,8.9710693359375,7.269287109375,77.4921875,30.4490966796875,94.6748046875,35.681396484375,12.5574951171875,9.914794921875,9.1295166015625,6.26513671875,4.7928466796875,3.625,23.91064453125,19.85546875,107.9429931640625,315.1513671875,859.638671875,38,0,0,1,1,6,8,0,0,2,3,0,1,0,162.56,160.02,115.0,0.125,0.125,0.265,0.2925,0.02,0.25,0.75,0.0,0.0,0.0,68.625,18.125,85.375,29.25,77.0,26.5,93.25,36.375,2.75,0.125,0.5,0.5,60.375,11.625,66.875,15.5,4.625,3.125,12.875,8.875,3.625,3.375,5.625,4.875,63.625,13.75,79.0,24.875,2.625,2.375,4.625,3.875,2.375,2.0,1.75,0.5,45.375,43.75,433.875,8,0,2,0,2,3,1,0,0,1,0,0,2,0,162.56,160.02,115.0,35.0,27.0,0,0,0,0,0,0,0,0,0,0,0,0,0,1,0,1,0,0,0,0,1,0,0,0
Blue,False,0.0,0.0,0.5,0.46,0.0,0.27,0.0,0.0,2.0,0.0,133.0,67.0,97.0,45.0,161.0,92.0,112.0,60.0,1.0,0.0,11.0,3.0,86.0,35.0,69.0,25.0,37.0,24.0,17.0,12.0,10.0,8.0,11.0,8.0,107.0,51.0,82.0,35.0,24.0,14.0,10.0,8.0,2.0,2.0,5.0,2.0,73.0,91.0,900.0,3,0,1,0,1,1,0,0,0,0,1,0,0,0,165.1,172.72,125.0,0.0,0.0,0.53625,0.27875,0.37125,0.25,0.0,0.375,0.0,0.0,109.625,70.0,72.875,22.5,144.125,101.0,80.875,29.0,2.0,1.125,1.75,0.25,85.0,49.375,51.5,9.5,10.25,9.25,10.125,6.125,14.375,11.375,11.25,6.875,75.25,41.375,64.625,20.0,23.375,19.625,8.25,2.5,11.0,9.0,0.0,0.0,76.375,137.75,611.125,8,0,1,0,1,2,2,0,0,0,2,0,0,0,167.64,175.26,125.0,28.0,30.0,0,0,0,1,0,0,0,0,0,0,0,0,0,0,0,1,0,0,0,0,1,0,0,0
Red,False,0.046875,0.0,0.392890625,0.43638671875,0.2771484375,0.6287890625,0.5,0.03125,0.0,0.25,66.443359375,28.26171875,45.416015625,20.29296875,74.654296875,35.9921875,60.66015625,33.4296875,1.001953125,0.34765625,6.39453125,2.517578125,58.80859375,22.392578125,34.3125,13.59765625,4.5234375,2.9765625,7.90234375,4.27734375,3.111328125,2.892578125,3.201171875,2.41796875,53.4375,18.0625,35.1953125,12.380859375,8.384765625,6.419921875,7.3046875,5.03125,4.62109375,3.779296875,2.916015625,2.880859375,36.705078125,199.208984375,530.6796875,21,0,0,4,3,5,5,0,0,1,1,2,1,0,182.88,187.96,185.0,1.25,0.0,0.6226562499999999,0.2946875,0.15359375,0.1371875,0.234375,0.640625,0.1875,0.328125,88.6875,52.625,73.953125,26.625,106.15625,69.328125,79.234375,30.71875,0.484375,0.234375,2.078125,0.609375,57.15625,29.375,40.109375,6.921875,20.296875,12.484375,30.65625,16.5625,11.234375,10.765625,3.1875,3.140625,76.84375,42.75,64.375,20.421875,6.046875,4.875,6.859375,4.828125,5.796875,5.0,2.71875,1.375,67.0,61.53125,502.140625,18,0,0,1,3,5,2,0,0,1,1,2,1,0,190.5,205.74,185.0,29.0,27.0,0,0,0,0,0,0,0,1,0,0,0,0,0,0,0,1,0,0,0,0,1,0,0,0
Red,False,0.25390625,0.5078125,0.3645410156249999,0.63162109375,0.29408203125,0.221484375,0.455078125,0.09765625,0.21484375,0.125,79.865234375,33.2880859375,66.490234375,33.60546875,84.185546875,36.3212890625,71.1591796875,37.755859375,0.986328125,0.529296875,0.685546875,0.373046875,70.955078125,24.8056640625,54.19140625,23.5869140625,8.3623046875,7.9345703125,6.8701171875,5.2177734375,0.5478515625,0.5478515625,5.4287109375,4.80078125,76.05078125,31.2236328125,51.5810546875,22.5546875,3.1005859375,1.6865234375,2.45703125,1.876953125,0.7138671875,0.3779296875,12.4521484375,9.173828125,44.8173828125,40.7724609375,416.853515625,22,0,2,0,2,6,5,0,0,0,0,1,5,0,185.42,195.58,185.0,0.0,0.0,0.73,0.25,0.75,0.0,1.0,0.0,0.0,0.0,57.0,41.5,1.0,0.5,119.0,96.0,1.5,1.0,2.0,1.5,0.0,0.0,55.5,40.0,1.0,0.5,0.5,0.5,0.0,0.0,1.0,1.0,0.0,0.0,1.0,0.5,1.0,0.5,0.0,0.0,0.0,0.0,56.0,41.0,0.0,0.0,266.5,0.0,280.5,3,0,2,0,2,2,0,0,0,0,0,1,1,0,187.96,190.5,170.0,32.0,26.0,0,0,0,0,0,0,0,1,0,0,0,0,0,0,0,0,0,1,0,0,1,0,0,0
Red,False,0.015625,0.0,0.45,0.4275,0.25,0.2,0.148468017578125,0.098388671875,0.0,0.0,66.5,29.6875,64.31230545043945,27.34375,89.75,48.0,85.53125,44.41152191162109,2.0,0.75,2.0546875,0.75,51.1875,18.3359375,49.6123046875,16.280410766601562,7.5,5.07647705078125,7.5,5.0,4.5,3.625,4.984375,3.9375,48.6875,17.0,47.11572265625,16.5,5.75,3.75,5.3125,3.4375,5.0625,3.5,3.875,2.5,99.2119140625,94.125,638.5,0,0,0,0,0,0,0,0,0,0,0,0,0,0,162.56,160.02,135.0,0.0,0.0,0.4375,0.38875,0.165,0.2075,0.25,0.125,0.25,0.125,147.25,64.75,208.125,80.625,154.125,71.5,220.0,92.125,1.75,0.5,1.625,0.5,110.875,38.125,168.125,55.875,17.625,9.75,29.5,15.875,18.75,16.875,10.5,8.875,139.625,58.75,198.625,73.875,3.75,2.875,5.25,3.125,3.875,3.125,4.25,3.625,91.5,92.625,900.0,12,0,2,0,2,2,2,0,0,1,1,0,0,0,165.1,162.56,125.0,29.0,32.0,0,0,0,0,0,0,0,0,0,0,1,0,0,0,0,0,0,1,0,0,1,0,0,0
Red,False,0.015625,0.0,0.45,0.4275,0.25,0.2,0.148468017578125,0.098388671875,0.0,0.0,66.5,29.6875,64.31230545043945,27.34375,89.75,48.0,85.53125,44.41152191162109,2.0,0.75,2.0546875,0.75,51.1875,18.3359375,49.6123046875,16.280410766601562,7.5,5.07647705078125,7.5,5.0,4.5,3.625,4.984375,3.9375,48.6875,17.0,47.11572265625,16.5,5.75,3.75,5.3125,3.4375,5.0625,3.5,3.875,2.5,99.2119140625,94.125,638.5,0,0,0,0,0,0,0,0,0,0,0,0,0,0,167.64,167.64,145.0,0.0,0.0,0.57,0.68,1.0,0.66,2.0,2.0,1.0,0.0,7.0,4.0,22.0,15.0,29.0,26.0,52.0,42.0,1.0,1.0,3.0,2.0,3.0,1.0,21.0,14.0,1.0,1.0,1.0,1.0,3.0,2.0,0.0,0.0,5.0,2.0,2.0,1.0,1.0,1.0,0.0,0.0,1.0,1.0,20.0,14.0,26.0,315.0,398.0,2,0,0,1,0,0,1,0,0,0,0,0,0,0,170.18,175.26,145.0,22.0,30.0,0,0,1,0,0,0,0,0,0,0,0,0,0,0,0,1,0,0,0,0,1,0,0,0
Blue,False,1.0,0.0,0.475,0.465,0.0,0.0,0.0,0.5,0.0,0.0,72.5,34.0,55.0,23.5,74.5,36.0,59.5,28.0,0.0,0.0,0.5,0.0,65.0,29.0,40.0,12.0,7.0,4.5,9.5,6.5,0.5,0.5,5.5,5.0,67.0,31.5,51.5,20.5,2.0,1.0,3.5,3.0,3.5,1.5,0.0,0.0,22.0,59.0,253.5,3,0,0,1,1,1,1,0,0,0,0,1,0,0,175.26,185.42,135.0,0.5,0.0,0.4499999999999999,0.29,0.0,0.5,0.5,0.0,0.0,0.0,66.5,22.0,62.0,20.5,70.0,24.0,66.5,24.5,0.5,0.0,1.5,1.5,45.0,7.5,46.5,11.5,9.0,4.5,9.0,4.5,12.5,10.0,6.5,4.5,63.5,19.0,59.5,18.5,0.5,0.5,1.5,1.0,2.5,2.5,1.0,1.0,7.5,83.0,469.0,4,0,0,2,0,0,2,0,0,0,0,0,0,0,165.1,170.18,135.0,26.0,31.0,1,0,0,0,0,0,0,0,0,0,0,0,0,0,0,0,0,0,1,0,1,0,0,0
Red,False,0.0,0.375,0.5515625,0.404375,0.4828125,0.145,0.03125,1.40625,0.0,0.0,37.6875,15.375,52.375,17.125,63.625,39.125,77.84375,37.65625,2.3125,1.0625,0.96875,0.3125,30.1875,9.125,42.40625,10.46875,2.25,1.78125,5.84375,4.1875,5.25,4.46875,4.125,2.46875,32.53125,10.90625,43.65625,10.28125,3.09375,2.59375,4.09375,2.59375,2.0625,1.875,4.625,4.25,148.65625,154.8125,511.0625,14,0,1,0,1,2,4,0,0,1,0,0,1,0,167.64,175.26,125.0,0.0,0.0,0.47,0.585,0.0,0.29,0.5,0.0,0.0,0.0,89.0,49.5,132.5,75.0,91.5,52.0,162.5,96.5,0.0,0.0,5.5,1.5,61.0,27.0,88.5,42.5,12.0,11.0,36.0,25.0,16.0,11.5,8.0,7.5,76.0,39.0,105.5,56.5,8.5,7.5,9.5,5.5,4.5,3.0,17.5,13.0,29.5,215.5,597.5,4,0,1,0,1,1,1,0,0,0,0,0,1,0,167.64,167.64,135.0,34.0,29.0,0,0,0,0,0,0,0,0,0,0,0,0,1,0,0,1,0,0,0,0,1,0,0,0
Red,False,0.0,0.5,0.425,0.43,0.2,0.61,0.0,0.5,0.0,0.0,83.5,35.0,120.0,52.5,88.5,40.0,126.5,57.5,4.5,1.0,5.0,1.5,66.0,25.0,93.0,30.5,14.0,7.5,12.5,10.0,3.5,2.5,14.5,12.0,78.0,31.0,109.0,45.5,4.0,2.5,6.5,5.0,1.5,1.5,4.5,2.0,32.5,60.5,900.0,6,0,0,1,1,1,1,0,0,1,0,0,0,0,167.64,170.18,135.0,0.0625,0.0625,0.415,0.4725,0.0625,0.10625,0.0,0.6875,0.0,0.0,154.1875,65.875,134.1875,63.9375,162.625,73.1875,153.25,81.5,0.3125,0.0625,3.375,0.5625,119.1875,37.0625,87.625,31.9375,31.9375,25.875,23.25,14.375,3.0625,2.9375,23.3125,17.625,149.375,64.3125,119.25,52.25,4.4375,1.5,6.6875,5.125,0.375,0.0625,8.25,6.5625,41.25,142.5625,871.25,15,0,1,0,1,3,2,0,0,2,1,0,0,0,172.72,190.5,135.0,31.0,32.0,1,0,0,0,0,0,0,0,0,0,0,0,0,0,0,0,0,1,0,0,0,0,1,0
Red,False,0.015625,0.0,0.45,0.4275,0.25,0.2,0.148468017578125,0.098388671875,0.0,0.0,66.5,29.6875,64.31230545043945,27.34375,89.75,48.0,85.53125,44.41152191162109,2.0,0.75,2.0546875,0.75,51.1875,18.3359375,49.6123046875,16.280410766601562,7.5,5.07647705078125,7.5,5.0,4.5,3.625,4.984375,3.9375,48.6875,17.0,47.11572265625,16.5,5.75,3.75,5.3125,3.4375,5.0625,3.5,3.875,2.5,99.2119140625,94.125,638.5,0,0,0,0,0,0,0,0,0,0,0,0,0,0,177.8,182.88,145.0,0.5,0.0,0.4675,0.3325,0.0,0.0,0.0,0.0,0.0,0.0,82.25,23.5,130.5,44.5,83.5,24.75,130.5,44.5,1.0,0.0,1.0,0.0,71.5,16.5,113.0,32.25,8.0,4.5,7.5,3.5,2.75,2.5,10.0,8.75,78.5,22.0,125.75,41.5,3.25,1.0,4.0,2.5,0.5,0.5,0.75,0.5,25.75,4.75,466.0,7,0,0,2,1,1,2,0,0,0,0,1,0,0,170.18,172.72,125.0,25.0,36.0,1,0,0,0,0,0,0,0,0,0,0,0,0,0,0,0,0,1,0,0,1,0,0,0
Red,False,0.015625,0.53125,0.4928125,0.6178125000000001,0.2825,0.270625,0.1875,0.4375,0.0,0.0,50.015625,23.34375,68.234375,44.46875,87.28125,52.546875,105.40625,76.953125,7.609375,3.234375,1.203125,0.5625,37.640625,16.03125,52.5625,30.796875,9.75,5.71875,10.34375,8.421875,2.625,1.59375,5.328125,5.25,38.375,14.90625,34.734375,16.671875,2.875,2.484375,6.59375,6.046875,8.765625,5.953125,26.90625,21.75,333.921875,194.3125,834.65625,18,0,2,0,3,5,2,0,0,0,4,1,0,0,180.34,187.96,155.0,0.500244140625,0.0234375,0.55189208984375,0.38153076171875,0.81751953125,0.41893798828125,0.562744140625,0.140625,0.03173828125,0.03125,170.421875,96.50146484375,113.625244140625,44.53662109375,189.6044921875,112.667724609375,122.36669921875,52.208740234375,3.009033203125,2.361083984375,4.75439453125,1.470703125,114.228271484375,51.616943359375,87.5986328125,25.134765625,33.389404296875,24.160400390625,15.719482421875,10.394775390625,22.80419921875,20.72412109375,10.30712890625,9.007080078125,139.70751953125,71.534423828125,103.569580078125,37.91357421875,13.266845703125,12.021728515625,9.023193359375,5.943115234375,17.447509765625,12.9453125,1.032470703125,0.679931640625,161.475830078125,97.894287109375,896.988037109375,35,0,4,0,4,7,6,0,0,1,4,1,1,0,177.8,180.34,155.0,37.0,34.0,0,0,0,0,0,0,1,0,0,0,0,0,0,0,0,0,0,1,0,0,1,0,0,0
Red,False,0.0,0.0,0.5425,0.5575,0.05,0.125,1.0,0.5,0.0,0.25,43.75,17.5,67.25,35.25,46.25,19.0,78.75,45.75,3.5,0.5,1.0,0.5,35.75,11.5,51.5,21.75,7.25,5.5,10.25,8.25,0.75,0.5,5.5,5.25,35.0,11.75,43.5,20.25,8.5,5.75,3.0,2.5,0.25,0.0,20.75,12.5,85.25,93.75,342.75,6,0,0,2,1,1,2,0,0,0,0,1,0,0,180.34,180.34,155.0,0.0,0.0,0.8,0.53,0.8300000000000001,0.25,3.5,0.0,0.5,1.5,76.0,61.5,36.0,20.0,150.0,124.5,55.5,35.0,2.0,1.5,3.0,1.5,66.5,52.5,32.5,17.0,8.0,7.5,3.0,2.5,1.5,1.5,0.5,0.5,12.0,7.0,10.5,7.0,4.5,4.5,2.5,2.5,59.5,50.0,23.0,10.5,364.5,277.0,699.0,5,0,2,0,2,2,0,0,0,0,1,0,1,0,177.8,177.8,145.0,29.0,31.0,0,0,1,0,0,0,0,0,0,0,0,0,0,0,0,0,0,0,1,0,1,0,0,0
Blue,False,0.0625,0.0,0.456875,0.3775,0.678125,0.109375,0.0,0.375,0.0,0.0,172.5,79.625,131.6875,50.1875,190.1875,96.5625,163.9375,80.875,3.375,1.8125,1.625,0.4375,148.75,62.4375,104.8125,32.5,17.625,12.375,18.0,10.5625,6.125,4.8125,8.875,7.125,142.0,58.9375,118.9375,42.9375,8.875,6.375,9.6875,4.9375,21.625,14.3125,3.0625,2.3125,222.25,83.5,900.0,15,0,2,0,2,3,2,0,0,0,3,0,0,0,162.56,170.18,135.0,0.5,0.0,0.475,0.445,0.0,0.25,0.0,0.0,0.0,0.0,71.0,30.0,43.5,17.5,82.0,38.5,49.5,20.5,0.5,0.0,1.5,0.5,57.5,20.0,38.5,14.0,8.5,6.0,3.0,1.5,5.0,4.0,2.0,2.0,49.5,14.5,36.0,13.0,18.5,13.5,7.0,4.0,3.0,2.0,0.5,0.5,175.5,82.0,461.0,4,0,2,0,2,2,0,0,0,0,1,1,0,0,170.18,172.72,135.0,35.0,32.0,0,0,0,0,0,0,0,0,0,0,1,0,0,0,0,1,0,0,0,0,1,0,0,0
Red,False,0.50030517578125,0.0,0.466732177734375,0.3972479248046875,0.20318359375,0.415234375,0.28125,0.0079345703125,6.103515625e-05,0.0,160.23358154296875,76.4166259765625,177.50030517578125,70.21771240234375,173.19683837890625,85.0020751953125,190.05523681640625,79.6336669921875,1.27398681640625,0.41259765625,2.4320068359375,0.7952880859375,126.48748779296876,53.52880859375,139.30615234375,43.94268798828125,31.80450439453125,21.34490966796875,23.4188232421875,13.96405029296875,1.94158935546875,1.54290771484375,14.77532958984375,12.31097412109375,138.35382080078125,63.1751708984375,165.83319091796875,62.7716064453125,14.16259765625,8.77569580078125,9.2489013671875,5.281005859375,7.7171630859375,4.46575927734375,2.418212890625,2.16510009765625,96.001708984375,115.4371337890625,841.6917724609375,40,0,1,0,3,7,8,0,0,0,5,1,0,1,160.02,162.56,115.0,0.0,0.0078125,0.4465625,0.48484375,0.139375,0.23515625,0.3984375,0.35546875,0.015625,0.0078125,119.65234375,52.43359375,153.90625,80.83984375,129.9765625,62.31640625,173.78125,99.453125,3.1953125,0.6484375,6.578125,1.33984375,70.6640625,21.36328125,94.09765625,34.09375,24.0859375,14.1484375,28.87890625,21.2109375,24.90234375,16.921875,30.9296875,25.53515625,103.0,38.72265625,129.96875,60.59375,13.38671875,10.79296875,22.2578125,18.69140625,3.265625,2.91796875,1.6796875,1.5546875,128.890625,146.37890625,1043.33203125,26,0,2,0,3,5,4,0,0,1,2,0,2,0,160.02,157.48,115.0,35.0,34.0,0,0,0,0,0,0,0,0,0,0,0,0,0,1,0,1,0,0,0,0,1,0,0,0
Red,False,0.0,0.0,0.4418749999999999,0.361875,0.22875,0.50125,0.625,0.1875,0.0,0.5,202.375,86.8125,188.0,72.625,220.3125,102.5625,224.875,105.0625,3.5625,1.0625,5.1875,2.3125,136.3125,37.5,151.875,49.5625,43.9375,30.25,20.8125,10.4375,22.125,19.0625,15.3125,12.625,188.875,76.1875,179.9375,67.0625,8.5625,6.9375,7.1875,5.375,4.9375,3.6875,0.875,0.1875,137.4375,147.0625,900.0,15,0,3,0,3,3,2,0,0,0,3,0,0,0,167.64,175.26,125.0,0.25,0.03125,0.310546875,0.468125,0.32703125,0.36515625,0.0078125,0.265625,0.875,0.8828125,126.8671875,35.46875,127.0703125,58.609375,185.2109375,84.8828125,147.71875,77.03125,2.515625,0.625,1.6953125,1.125,113.125,28.859375,106.828125,42.1328125,9.3671875,3.515625,9.890625,6.640625,4.375,3.09375,10.3515625,9.8359375,116.1015625,29.296875,114.640625,49.3359375,6.28125,3.171875,5.0546875,4.5078125,4.484375,3.0,7.375,4.765625,353.984375,104.7890625,898.625,25,1,0,2,1,3,5,0,0,1,1,1,0,0,170.18,175.26,125.0,31.0,37.0,0,0,0,0,0,0,0,0,0,0,0,0,1,0,0,1,0,0,0,0,1,0,0,0
Red,False,0.625,0.25,0.6681250000000001,0.605625,0.0,0.121875,0.0,0.375,0.0,0.0,41.875,24.9375,33.8125,18.875,47.5,30.25,51.375,33.9375,0.0,0.0,1.4375,0.9375,24.1875,10.75,21.625,8.6875,10.6875,8.5625,5.375,4.125,7.0,5.625,6.8125,6.0625,30.375,15.0625,23.0,10.25,9.0,7.75,6.375,4.8125,2.5,2.125,4.4375,3.8125,37.125,84.5625,264.4375,9,0,0,1,1,2,3,0,0,0,0,2,0,0,193.04,208.28,205.0,0.2656879425048828,0.039093017578125,0.4725544524192809,0.5444279456138611,0.0958672523498535,0.4392952728271484,0.1893491744995117,0.0634980201721191,0.0625061988830566,0.0627524852752685,112.8006308078766,57.11452984809876,96.19949150085448,48.16706371307373,137.60219359397888,80.20646643638611,111.78043723106384,60.90027141571045,2.241091728210449,0.100834846496582,3.048349618911743,1.6374263763427734,89.00828456878662,37.703492641448975,87.53218078613281,41.817208766937256,12.236155271530151,9.870986223220823,6.152212619781494,3.9260735511779785,11.556190967559814,9.540050983428957,2.515098094940185,2.423781394958496,77.94988369941711,32.398969888687134,85.45633745193481,39.17038369178772,31.828535318374637,22.51347255706787,7.73125696182251,6.883774518966675,3.022211790084839,2.20208740234375,3.011897087097168,2.112905502319336,84.20179963111877,230.50231075286865,697.3988282680511,51,1,0,2,3,12,11,0,0,1,3,4,4,0,185.42,195.58,205.0,31.0,39.0,0,0,0,0,0,1,0,0,0,0,0,0,0,0,0,0,0,1,0,0,1,0,0,0
Red,False,0.5,0.0,0.475,0.52,0.0,0.21,0.5,1.5,1.0,0.0,76.0,38.0,52.0,26.5,82.5,43.5,53.0,27.5,0.0,0.0,3.5,1.5,45.5,14.5,37.0,14.0,13.5,10.0,5.5,4.0,17.0,13.5,9.5,8.5,71.0,34.5,48.5,24.0,1.0,0.5,0.0,0.0,4.0,3.0,3.5,2.5,24.0,126.5,514.0,4,0,2,0,2,2,0,0,0,0,0,1,1,0,180.34,187.96,155.0,1.0,0.0,0.5,0.42,0.0,0.0,0.0,0.0,0.0,0.0,53.0,27.0,19.0,8.0,53.0,27.0,19.0,8.0,0.0,0.0,1.0,0.0,44.0,22.0,12.0,3.0,6.0,2.0,6.0,5.0,3.0,3.0,1.0,0.0,40.0,18.0,13.0,3.0,11.0,8.0,6.0,5.0,2.0,1.0,0.0,0.0,11.0,0.0,213.0,1,0,1,0,1,1,0,0,0,0,0,1,0,0,172.72,180.34,155.0,33.0,30.0,0,0,0,0,0,0,1,0,0,0,0,0,0,0,0,1,0,0,0,0,0,0,0,1
Red,False,0.015625,0.0,0.45,0.4275,0.25,0.2,0.148468017578125,0.098388671875,0.0,0.0,66.5,29.6875,64.31230545043945,27.34375,89.75,48.0,85.53125,44.41152191162109,2.0,0.75,2.0546875,0.75,51.1875,18.3359375,49.6123046875,16.280410766601562,7.5,5.07647705078125,7.5,5.0,4.5,3.625,4.984375,3.9375,48.6875,17.0,47.11572265625,16.5,5.75,3.75,5.3125,3.4375,5.0625,3.5,3.875,2.5,99.2119140625,94.125,638.5,0,0,0,0,0,0,0,0,0,0,0,0,0,0,177.8,182.88,250.0,0.0471682548522949,0.0,0.45,0.4217682266235352,0.25,0.19173828125,0.1875,0.125,0.0,0.0,69.5,30.5,66.984375,27.8466796875,94.0,48.544921875,88.50390625,44.75,2.0,0.8125,2.015625,0.6640625,54.0,19.01513671875,51.483436584472656,16.9437255859375,7.91796875,5.430633544921875,7.75,5.0625,4.780975341796875,3.9373779296875,4.8994140625,3.84375,51.025390625,18.400863647460938,50.515625,17.5,5.75,3.75,5.5,3.5,5.375,3.6875,4.0,2.65625,104.865234375,89.5,655.8441009521484,0,0,0,0,0,0,0,0,0,0,0,0,0,0,187.96,190.5,262.0,34.0,29.0,0,0,0,0,1,0,0,0,0,0,0,0,0,0,0,1,0,0,0,0,0,0,1,0
Blue,False,0.125,0.125,0.50625,0.48375,0.0,0.075,1.75,0.5,0.25,0.5,83.875,41.25,41.75,19.25,104.875,60.5,47.25,23.75,0.5,0.0,4.875,1.0,65.75,29.625,29.25,11.25,17.375,11.5,7.75,3.5,0.75,0.125,4.75,4.5,54.0,19.25,35.125,14.75,8.875,4.875,3.5,1.75,21.0,17.125,3.125,2.75,148.625,82.25,501.125,7,0,0,1,1,2,2,0,0,0,0,2,0,0,190.5,195.58,155.0,0.0,0.0,0.42,0.5800000000000001,0.0,0.415,0.5,1.5,0.0,0.0,28.5,9.5,45.0,27.5,36.0,16.0,70.0,52.0,0.0,0.0,2.5,1.0,20.5,4.0,29.5,16.5,5.5,4.5,10.0,6.0,2.5,1.0,5.5,5.0,24.0,7.0,33.5,17.0,4.0,2.0,3.5,2.5,0.5,0.5,8.0,8.0,70.0,186.0,374.0,3,0,1,0,1,1,1,0,0,0,0,0,0,0,182.88,185.42,155.0,25.0,28.0,0,1,0,0,0,0,0,0,0,0,0,0,0,0,0,0,0,1,0,0,0,0,1,0
Red,False,0.0,0.0,0.36,0.43,0.0,0.0,0.0,0.0,0.0,0.0,11.0,4.0,23.0,10.0,11.0,4.0,23.0,10.0,0.0,0.0,0.0,0.0,7.0,0.0,22.0,9.0,0.0,0.0,1.0,1.0,4.0,4.0,0.0,0.0,11.0,4.0,23.0,10.0,0.0,0.0,0.0,0.0,0.0,0.0,0.0,0.0,0.0,0.0,59.0,1,0,0,1,0,0,1,0,0,0,0,0,0,0,187.96,187.96,185.0,0.595703125,0.75,0.47923828125,0.61859375,0.00455078125,0.044140625,0.06640625,0.6953125,0.0,0.25,154.828125,73.736328125,145.80078125,90.5234375,207.958984375,125.193359375,149.794921875,94.353515625,0.267578125,0.005859375,0.6875,0.384765625,121.3984375,49.9296875,107.890625,58.138671875,14.826171875,10.41015625,25.96484375,20.701171875,18.603515625,13.396484375,11.9453125,11.68359375,128.853515625,55.15234375,122.080078125,69.00390625,17.908203125,13.2578125,21.6015625,19.65234375,8.06640625,5.326171875,2.119140625,1.8671875,45.46875,132.4375,717.8828125,25,0,1,0,2,5,5,0,0,0,1,3,1,0,182.88,182.88,170.0,30.0,31.0,0,0,0,0,0,0,0,0,0,1,0,0,0,0,0,1,0,0,0,0,0,0,1,0
Red,False,0.0,0.0,0.48875,0.295625,0.58125,0.1125,0.0625,0.125,0.25,0.25,139.375,67.6875,155.0,45.875,145.75,72.625,181.125,68.375,1.4375,0.75,0.875,0.375,84.375,26.625,139.0625,36.0625,23.75,16.4375,13.125,7.125,31.25,24.625,2.8125,2.6875,122.875,57.375,144.375,38.9375,11.5,8.0625,6.5,3.8125,5.0,2.25,4.125,3.125,61.5,92.5,900.0,15,0,2,0,2,3,2,0,0,0,3,0,0,0,165.1,162.56,125.0,0.0,0.0,0.4475,0.355,0.25,0.0275,0.0,0.0,0.0,0.0,240.25,102.0,144.25,51.25,265.25,121.25,174.0,78.5,1.0,1.0,2.25,0.25,175.25,50.5,118.75,34.0,38.25,31.75,18.0,12.25,26.75,19.75,7.5,5.0,201.75,72.25,127.25,39.75,30.5,23.0,14.0,9.25,8.0,6.75,3.0,2.25,222.75,108.5,900.0,9,0,0,1,2,2,1,0,0,1,1,0,0,0,170.18,177.8,135.0,32.0,23.0,0,0,0,0,0,0,0,0,0,0,0,0,1,0,0,1,0,0,0,0,1,0,0,0
Red,False,0.25,0.0,0.4525,0.5775,0.0,0.05,0.0,0.0,0.0,0.0,63.0,29.75,70.5,44.0,72.75,37.75,111.5,83.25,1.0,0.0,6.25,0.5,57.25,25.0,36.5,12.25,4.25,3.25,32.5,30.5,1.5,1.5,1.5,1.25,38.25,13.25,37.0,13.5,20.25,13.25,33.0,30.0,4.5,3.25,0.5,0.5,288.75,102.0,558.75,5,0,2,0,2,2,1,0,0,0,0,2,0,0,182.88,193.04,205.0,0.5078582763671875,0.10986328125,0.4511365604400634,0.5247543334960938,0.1794963073730469,0.2308183288574218,0.2871150970458984,0.3013381958007812,0.12506103515625,0.0,59.91072177886963,28.027342796325684,90.57807636260986,47.56598281860352,64.75900745391846,32.37361431121826,112.37517547607422,67.95518016815186,2.1035194396972656,0.6905765533447266,2.0866270065307617,0.6573867797851562,45.1630973815918,16.989237785339355,69.07599639892578,29.67581844329834,11.726819038391112,9.583727836608888,16.47296714782715,13.193251609802246,3.0208053588867188,1.4543771743774414,5.029112815856934,4.69691276550293,52.43209362030029,22.290583610534668,69.4634370803833,35.03911590576172,7.076052665710449,5.498025894165039,18.215293884277344,10.144718170166016,0.4025754928588867,0.2387332916259765,2.8993453979492188,2.382148742675781,55.69769859313965,226.5677375793457,696.2733478546143,48,1,4,0,4,12,9,0,1,0,1,5,5,0,190.5,203.2,205.0,32.0,37.0,0,0,0,0,0,1,0,0,0,0,0,0,0,0,0,1,0,0,0,0,0,0,1,0
Red,False,0.015625,0.0,0.45,0.4275,0.25,0.2,0.148468017578125,0.098388671875,0.0,0.0,66.5,29.6875,64.31230545043945,27.34375,89.75,48.0,85.53125,44.41152191162109,2.0,0.75,2.0546875,0.75,51.1875,18.3359375,49.6123046875,16.280410766601562,7.5,5.07647705078125,7.5,5.0,4.5,3.625,4.984375,3.9375,48.6875,17.0,47.11572265625,16.5,5.75,3.75,5.3125,3.4375,5.0625,3.5,3.875,2.5,99.2119140625,94.125,638.5,0,0,0,0,0,0,0,0,0,0,0,0,0,0,170.18,177.8,135.0,0.2578125,0.0625,0.368046875,0.5058984375,0.2455078125,0.2546875,0.13671875,0.1015625,0.0078125,0.0,124.09765625,40.6953125,137.13671875,67.15234375,133.12890625,48.9296875,154.609375,82.66796875,3.08203125,0.68359375,2.11328125,1.01171875,89.52734375,21.00390625,112.25,48.2421875,19.47265625,7.71484375,18.30859375,12.8515625,15.09765625,11.9765625,6.578125,6.05859375,118.625,37.19140625,124.8046875,58.7109375,3.36328125,1.79296875,8.20703125,5.00390625,2.109375,1.7109375,4.125,3.4375,52.1953125,65.796875,654.515625,18,0,1,0,2,5,4,0,0,0,1,2,2,0,167.64,167.64,145.0,32.0,34.0,0,0,1,0,0,0,0,0,0,0,0,0,0,0,0,1,0,0,0,0,0,0,0,1
Red,False,0.0,0.5,0.405,0.5549999999999999,0.5,0.33,0.0,1.5,0.0,0.0,110.5,46.0,76.5,42.0,124.5,58.0,94.5,57.0,1.0,0.5,9.5,3.5,87.0,30.5,49.5,16.5,17.0,11.0,18.0,16.5,6.5,4.5,9.0,9.0,92.0,33.0,55.5,26.0,17.5,13.0,19.5,15.0,1.0,0.0,1.5,1.0,178.0,218.0,747.0,5,0,0,2,0,0,2,0,0,0,0,0,0,0,182.88,193.04,170.0,0.75,0.0,0.53,0.4475,0.6,0.0,0.0,0.25,0.0,0.0,67.0,36.0,64.25,29.0,76.5,43.5,90.5,52.75,2.25,1.5,4.5,0.0,39.25,14.25,44.0,15.75,24.25,18.75,11.75,6.75,3.5,3.0,8.5,6.5,56.5,26.5,49.25,17.75,8.0,7.5,6.0,4.0,2.5,2.0,9.0,7.25,70.75,90.75,646.25,7,0,1,0,1,1,2,0,0,0,0,1,0,0,185.42,185.42,170.0,25.0,26.0,0,0,0,0,0,0,0,0,0,1,0,0,0,0,0,1,0,0,0,0,1,0,0,0
Red,False,0.5,0.0,0.3525,0.5081249999999999,0.35,0.395,1.25,0.0625,0.0,0.0,75.0,23.5,65.9375,33.5,123.0,62.75,93.875,58.4375,5.25,2.0,1.8125,0.8125,62.9375,15.3125,48.5,18.9375,8.3125,5.6875,11.6875,8.9375,3.75,2.5,5.75,5.625,61.0,13.25,51.0,21.3125,5.5,3.0625,8.625,7.3125,8.5,7.1875,6.3125,4.875,379.4375,100.1875,793.4375,12,0,3,0,3,4,1,0,0,0,1,0,3,0,170.18,172.72,125.0,0.25,0.0,0.47,0.455,0.64,0.0,0.0,0.0,0.0,0.25,126.75,60.0,166.25,77.5,138.0,70.75,187.5,96.25,4.75,2.25,2.25,0.0,103.25,41.0,110.5,35.25,11.25,8.75,31.25,21.5,12.25,10.25,24.5,20.75,121.0,55.75,155.0,70.0,2.5,1.5,8.25,5.25,3.25,2.75,3.0,2.25,85.75,66.0,837.0,9,0,2,0,2,2,1,0,0,0,1,1,0,0,162.56,172.72,125.0,25.0,33.0,0,0,0,0,0,0,0,0,0,0,0,0,1,0,0,1,0,0,0,0,1,0,0,0
Red,False,0.0,0.5,0.45625,0.59625,0.345,0.5,0.0,1.375,0.0,0.0,26.0,17.5,33.5,17.125,56.5,44.125,56.0,38.625,5.0,3.5,1.0,0.5,19.5,11.375,30.75,15.375,4.375,4.0,1.75,0.75,2.125,2.125,1.0,1.0,10.5,5.25,19.5,5.5,6.375,5.625,4.75,3.5,9.125,6.625,9.25,8.125,379.625,49.0,481.0,10,0,3,0,3,3,1,0,0,0,3,0,0,0,182.88,190.5,170.0,0.0,0.0,0.52,0.61,0.42,1.0,2.0,0.0,0.0,1.0,42.0,22.0,47.0,29.0,128.0,85.0,67.0,47.0,7.0,3.0,1.0,1.0,30.0,12.0,35.0,20.0,10.0,8.0,7.0,5.0,2.0,2.0,5.0,4.0,40.0,20.0,36.0,21.0,1.0,1.0,0.0,0.0,1.0,1.0,11.0,8.0,321.0,303.0,900.0,3,0,1,0,1,1,0,0,0,0,1,0,0,0,185.42,198.12,185.0,34.0,30.0,0,0,0,0,0,0,0,1,0,0,0,0,0,0,0,1,0,0,0,0,0,0,1,0
Blue,False,0.0,0.5,0.4,0.3199999999999999,0.0,0.125,0.0,0.0,0.5,0.0,125.0,51.5,79.5,25.0,136.0,61.0,92.5,36.0,0.5,0.0,8.0,1.5,94.5,31.0,59.5,18.0,20.5,12.0,12.0,3.5,10.0,8.5,8.0,3.5,114.0,46.0,75.5,22.0,8.5,4.5,3.0,2.0,2.5,1.0,1.0,1.0,25.0,205.5,710.0,5,0,1,0,1,1,1,0,0,0,1,0,0,0,172.72,175.26,145.0,0.0,0.5,0.31,0.37,0.33,0.25,1.0,1.0,0.0,1.0,72.5,24.5,59.5,23.0,93.0,41.0,83.0,43.0,5.0,1.5,1.5,0.5,41.5,8.5,52.0,20.0,20.5,8.0,5.5,2.0,10.5,8.0,2.0,1.0,62.5,18.0,46.5,14.5,9.5,6.0,9.0,5.5,0.5,0.5,4.0,3.0,496.5,149.0,900.0,6,0,1,0,1,1,1,0,0,0,1,0,0,0,180.34,170.18,135.0,28.0,31.0,1,0,0,0,0,0,0,0,0,0,0,0,0,0,0,1,0,0,0,0,1,0,0,0
Red,False,0.25,0.0,0.47875,0.5800000000000001,0.125,0.165,0.0,0.0,0.0,0.0,131.0,61.875,108.375,53.75,140.5,70.25,112.375,57.75,0.25,0.125,1.5,0.5,93.375,34.125,83.75,32.25,25.375,18.125,18.125,15.875,12.25,9.625,6.5,5.625,111.5,44.875,96.375,44.75,16.375,14.0,10.5,8.0,3.125,3.0,1.5,1.0,77.5,46.25,682.625,10,0,4,0,4,4,0,0,0,2,0,2,0,0,190.5,195.58,265.0,0.6323928833007812,0.7737655639648438,0.7681095886230469,0.5062248229980468,0.5822952270507813,0.0357913208007812,0.064453125,3.0517578125e-05,0.0,0.0,75.6201400756836,58.1904296875,88.66720581054688,42.12752532958984,99.37672424316406,80.56302642822266,100.96981811523438,53.78944396972656,3.271812438964844,1.0636062622070312,0.2764739990234375,0.134796142578125,61.57432556152344,44.992820739746094,71.22430419921875,27.597389221191406,8.899070739746094,8.556358337402344,12.208114624023438,10.322288513183594,5.146743774414063,4.6412506103515625,5.234786987304688,4.207847595214844,26.214820861816406,16.333526611328125,60.810829162597656,22.52037048339844,4.946556091308594,4.810356140136719,13.51178741455078,9.3236083984375,44.458763122558594,37.04654693603516,14.344589233398438,10.283546447753906,274.0879364013672,52.971923828125,703.0281600952148,37,1,1,0,4,11,7,0,1,0,2,8,0,0,193.04,203.2,265.0,29.0,40.0,0,0,0,0,1,0,0,0,0,0,0,0,0,0,0,1,0,0,0,0,1,0,0,0
Blue,False,0.380859375,0.0,0.293740234375,0.406767578125,0.003662109375,0.3907177734375,0.3330078125,0.001953125,0.00048828125,0.12548828125,88.107421875,27.45947265625,75.66748046875,31.08154296875,96.94970703125,36.03125,94.755859375,45.416015625,1.1796875,0.01416015625,2.13427734375,1.23583984375,64.5810546875,11.216796875,59.2470703125,19.822265625,10.55615234375,5.78466796875,10.6494140625,6.22265625,12.97021484375,10.4580078125,5.77099609375,5.03662109375,83.2705078125,23.9287109375,66.7900390625,26.30712890625,4.21875,2.94580078125,3.2197265625,1.26123046875,0.6181640625,0.5849609375,5.65771484375,3.51318359375,33.10791015625,141.62744140625,857.39599609375,28,0,2,0,2,8,4,0,0,0,3,1,4,0,182.88,190.5,185.0,0.078125,0.0,0.39796875,0.374375,0.28546875,0.01734375,0.0,0.296875,0.0,0.015625,98.8125,39.375,137.5625,49.625,104.484375,44.28125,173.890625,85.15625,2.953125,1.125,2.734375,0.078125,81.078125,28.203125,100.3125,23.765625,7.9375,3.671875,26.140625,16.5625,9.796875,7.5,11.109375,9.296875,87.0625,31.484375,127.453125,42.296875,10.3125,7.34375,10.078125,7.296875,1.4375,0.546875,0.03125,0.03125,81.640625,75.171875,846.9375,18,0,0,1,2,3,4,0,0,2,0,1,0,0,182.88,187.96,185.0,36.0,30.0,0,0,0,0,0,0,0,1,0,0,0,0,0,0,0,0,0,1,0,0,1,0,0,0
Blue,False,0.4375,0.125,0.47375,0.511875,0.101875,0.00875,0.5,0.0,0.0,0.0,99.25,51.25,81.6875,36.625,119.625,69.25,111.6875,66.5,4.875,0.6875,1.1875,0.125,77.0,33.125,60.1875,17.75,11.5625,10.1875,9.375,7.0,10.6875,7.9375,12.125,11.875,78.75,34.625,68.3125,26.5,12.375,10.5,12.25,9.125,8.125,6.125,1.125,1.0,134.5625,28.25,604.875,11,0,4,0,4,4,1,0,0,0,2,2,0,0,193.04,198.12,205.0,0.0537109375,0.515625,0.4581787109375,0.5696948242187501,0.18830078125,0.4445532226562499,0.37646484375,0.000244140625,0.002197265625,0.0078125,148.63623046875,64.888671875,182.844970703125,108.46826171875,151.8359375,67.326416015625,235.6630859375,156.815185546875,1.983642578125,0.57080078125,2.866943359375,1.202392578125,113.37060546875,41.71533203125,134.247802734375,71.635986328125,23.51953125,13.432373046875,23.763671875,15.735595703125,11.74609375,9.740966796875,24.83349609375,21.0966796875,142.376953125,61.425537109375,121.584716796875,60.346923828125,4.870361328125,2.088623046875,16.172119140625,10.52587890625,1.388916015625,1.37451171875,45.088134765625,37.595458984375,30.752685546875,367.88916015625,1150.318359375,36,1,0,1,3,8,5,0,0,0,1,5,2,0,193.04,193.04,205.0,28.0,32.0,0,0,0,0,0,1,0,0,0,0,0,0,0,0,0,1,0,0,0,0,1,0,0,0
Red,False,0.015625,0.0,0.45,0.4275,0.25,0.2,0.148468017578125,0.098388671875,0.0,0.0,66.5,29.6875,64.31230545043945,27.34375,89.75,48.0,85.53125,44.41152191162109,2.0,0.75,2.0546875,0.75,51.1875,18.3359375,49.6123046875,16.280410766601562,7.5,5.07647705078125,7.5,5.0,4.5,3.625,4.984375,3.9375,48.6875,17.0,47.11572265625,16.5,5.75,3.75,5.3125,3.4375,5.0625,3.5,3.875,2.5,99.2119140625,94.125,638.5,0,0,0,0,0,0,0,0,0,0,0,0,0,0,182.88,185.42,145.0,0.001007080078125,0.56640625,0.4774725341796875,0.4369094848632813,0.1990109252929687,0.205596923828125,0.267364501953125,0.047393798828125,0.39215087890625,0.0,59.205078125,31.081817626953125,80.97982788085938,32.469268798828125,66.4794921875,38.10171508789063,97.91763305664062,46.26593017578125,2.375274658203125,0.810150146484375,2.0745849609375,1.036895751953125,36.49575805664063,13.592559814453123,64.97515869140625,21.04266357421875,9.69195556640625,8.520294189453125,14.326446533203123,10.120330810546877,13.017364501953123,8.968963623046875,1.67822265625,1.3062744140625,48.036163330078125,21.246307373046875,67.62411499023438,23.499908447265625,5.91156005859375,5.207183837890625,9.55426025390625,6.22503662109375,5.257354736328125,4.628326416015625,3.80145263671875,2.74432373046875,54.33004760742188,109.9786376953125,492.1407775878906,35,1,4,0,4,10,6,0,0,0,3,4,3,0,172.72,180.34,145.0,31.0,38.0,0,0,1,0,0,0,0,0,0,0,0,0,0,0,0,0,0,0,1,0,1,0,0,0
Blue,False,0.0625076293945312,0.259765625,0.5158854103088379,0.3961971139907837,0.1726793479919433,0.4235683298110962,0.01959228515625,0.0158886909484863,0.0001225471496582,0.0009994506835937,127.99312925338744,62.45050525665283,84.23403406143188,34.56576442718506,153.51036024093628,86.68068599700928,91.77683353424072,41.00919151306152,5.456580638885498,1.205648422241211,1.9413700103759768,1.0528678894042969,96.98021602630617,37.25634860992432,69.09308242797852,22.94985008239746,16.77651309967041,13.40127420425415,4.849794864654541,3.6221532821655273,14.236400127410889,11.792882442474363,10.291156768798828,7.99376106262207,105.88129806518556,42.53367614746094,77.72053813934326,31.065279006958008,14.29265546798706,12.939217567443848,5.703784942626953,2.785263538360596,7.819175720214844,6.977611541748047,0.8097109794616699,0.7152218818664551,163.75973844528198,225.78085088729856,867.0260300636292,58,0,1,0,7,16,6,0,0,1,9,5,1,0,190.5,203.2,170.0,0.0247917175292968,0.0312652587890625,0.5640359592437744,0.3084988689422607,0.2521169185638428,0.4438063144683838,0.0,0.2541894912719726,0.0012283325195312,0.0,132.6943416595459,63.90507698059082,315.9907293319702,120.50741958618164,143.4046516418457,74.10281372070312,337.89049530029297,139.38115978240967,0.3175821304321289,0.2540960311889648,11.122957229614258,5.589978218078613,111.6831226348877,47.66159248352051,268.9473886489868,82.31838607788086,17.127284049987793,12.427422523498535,25.65491485595703,18.57833480834961,3.88393497467041,3.816061973571777,21.388425827026367,19.61069869995117,107.51594734191896,43.66701602935791,282.2051610946655,97.08487033843994,20.44341278076172,16.065244674682617,32.30009078979492,21.9448881149292,4.734981536865234,4.172816276550293,1.4854774475097656,1.4776611328125,44.12644100189209,359.79865646362305,1091.739270210266,63,5,3,0,5,13,8,0,0,3,4,6,0,0,180.34,187.96,170.0,33.0,38.0,0,0,0,0,0,0,0,0,0,1,0,0,0,0,0,1,0,0,0,0,0,0,1,0
Blue,False,0.0,0.0,0.460625,0.4434375,0.015625,0.300625,0.78125,0.125,0.5625,0.5625,165.1875,68.78125,116.59375,50.6875,210.34375,108.9375,159.03125,89.8125,0.5625,0.03125,6.8125,2.5625,137.15625,48.96875,91.71875,31.53125,17.125,12.03125,17.90625,13.71875,10.90625,7.78125,6.96875,5.4375,146.4375,54.21875,99.96875,38.125,13.5625,9.9375,9.53125,6.71875,5.1875,4.625,7.09375,5.84375,25.59375,257.03125,808.0,16,0,1,0,1,3,3,0,0,1,2,0,0,0,165.1,167.64,125.0,0.5,0.0,0.3625,0.3925,0.0,0.5,0.0,0.125,0.0,0.0,175.1875,65.375,143.875,57.3125,196.125,82.6875,158.5,68.4375,0.0625,0.0,1.625,1.0,150.625,48.625,92.0,24.9375,15.9375,10.875,39.5625,23.125,8.625,5.875,12.3125,9.25,161.5,57.4375,127.375,48.3125,11.4375,7.4375,12.25,7.0,2.25,0.5,4.25,2.0,52.1875,124.4375,749.5,14,0,0,1,2,3,2,0,0,2,0,1,0,0,170.18,182.88,125.0,27.0,30.0,0,0,0,0,0,0,0,0,0,0,0,0,1,0,0,1,0,0,0,0,1,0,0,0
Red,False,0.015625,0.0,0.45,0.4275,0.25,0.2,0.148468017578125,0.098388671875,0.0,0.0,66.5,29.6875,64.31230545043945,27.34375,89.75,48.0,85.53125,44.41152191162109,2.0,0.75,2.0546875,0.75,51.1875,18.3359375,49.6123046875,16.280410766601562,7.5,5.07647705078125,7.5,5.0,4.5,3.625,4.984375,3.9375,48.6875,17.0,47.11572265625,16.5,5.75,3.75,5.3125,3.4375,5.0625,3.5,3.875,2.5,99.2119140625,94.125,638.5,0,0,0,0,0,0,0,0,0,0,0,0,0,0,172.72,180.34,145.0,0.51763916015625,0.0317707061767578,0.5216969299316406,0.2839117050170898,0.5062445831298829,0.3450641965866089,0.0157117843627929,0.1588454246520996,0.0023088455200195,0.5000653266906738,149.94256591796875,83.68392896652222,172.5983624458313,51.73446226119995,153.62725448608398,87.30662250518799,185.96136569976807,62.60505819320679,0.5791645050048828,0.5147113800048828,2.517733573913574,0.8548107147216797,121.8506212234497,61.12010765075684,145.7355556488037,34.76183366775513,20.37139368057251,15.452616691589355,17.047521591186523,9.891099452972412,7.720551013946533,7.111204624176025,9.815285205841064,7.081529140472412,135.8159680366516,72.7787127494812,165.2283968925476,46.51688861846924,4.810746192932129,3.8166346549987793,3.215706348419189,2.5466370582580566,9.31585168838501,7.088581562042236,4.154259204864502,2.670936584472656,81.44873857498169,154.83037328720093,797.7966470718384,58,0,0,2,2,11,11,0,0,3,5,0,2,1,177.8,185.42,145.0,33.0,32.0,0,0,1,0,0,0,0,0,0,0,0,0,0,0,0,1,0,0,0,0,0,0,1,0
Blue,False,0.015625,0.0,0.45,0.4275,0.25,0.2,0.148468017578125,0.098388671875,0.0,0.0,66.5,29.6875,64.31230545043945,27.34375,89.75,48.0,85.53125,44.41152191162109,2.0,0.75,2.0546875,0.75,51.1875,18.3359375,49.6123046875,16.280410766601562,7.5,5.07647705078125,7.5,5.0,4.5,3.625,4.984375,3.9375,48.6875,17.0,47.11572265625,16.5,5.75,3.75,5.3125,3.4375,5.0625,3.5,3.875,2.5,99.2119140625,94.125,638.5,0,0,0,0,0,0,0,0,0,0,0,0,0,0,180.34,190.5,185.0,0.0,0.0,0.4075,0.405,0.75,0.3125,0.25,0.5,0.25,0.5,69.0,28.25,49.25,21.25,82.25,41.0,76.75,42.75,1.75,1.25,2.0,1.0,58.5,20.75,44.75,18.0,9.5,6.5,3.0,1.75,1.0,1.0,1.5,1.5,64.0,25.0,45.5,18.5,1.25,1.25,1.0,1.0,3.75,2.0,2.75,1.75,60.0,179.25,428.0,6,0,0,1,1,1,2,0,0,0,0,1,0,0,177.8,190.5,185.0,26.0,29.0,0,0,0,0,0,0,0,1,0,0,0,0,0,0,0,1,0,0,0,0,1,0,0,0
Red,False,0.0,0.0,0.43,0.36,0.0,0.0,0.0,0.0,0.0,0.0,23.0,10.0,11.0,4.0,23.0,10.0,11.0,4.0,0.0,0.0,0.0,0.0,22.0,9.0,7.0,0.0,1.0,1.0,0.0,0.0,0.0,0.0,4.0,4.0,23.0,10.0,11.0,4.0,0.0,0.0,0.0,0.0,0.0,0.0,0.0,0.0,0.0,0.0,59.0,1,0,1,0,1,1,0,0,0,0,0,1,0,0,175.26,182.88,170.0,0.5,0.0,0.535,0.39,0.55,0.0,0.5,0.0,0.0,0.0,150.5,83.0,189.0,72.0,215.5,136.5,200.5,83.0,6.0,3.0,3.5,0.0,119.5,57.5,150.0,43.5,8.0,5.5,19.5,11.0,23.0,20.0,19.5,17.5,138.0,74.0,180.5,67.0,3.5,2.0,8.5,5.0,9.0,7.0,0.0,0.0,260.0,51.0,900.0,6,0,2,0,2,2,0,0,0,0,2,0,0,0,177.8,182.88,170.0,28.0,27.0,0,0,0,0,0,0,0,0,0,1,0,0,0,0,0,0,0,0,1,0,1,0,0,0
Red,False,0.03125,0.5,0.345625,0.445,0.0625,0.1543749999999999,0.0625,0.75,0.0,0.0,53.25,20.75,67.21875,31.71875,61.375,27.71875,76.53125,39.90625,0.0625,0.0625,1.03125,0.34375,34.90625,8.15625,54.71875,21.78125,9.625,6.0625,10.53125,8.0,8.71875,6.53125,1.96875,1.9375,43.53125,15.65625,49.375,20.40625,8.75,4.8125,11.15625,6.71875,0.96875,0.28125,6.6875,4.59375,31.25,54.09375,288.28125,12,0,0,1,2,2,4,0,0,1,1,0,0,0,154.94,157.48,115.0,0.0,0.0,0.3,0.35,0.0,0.75,0.0,3.0,0.0,0.0,30.0,9.0,20.0,7.0,39.0,17.0,35.0,20.0,0.0,0.0,4.0,3.0,27.0,6.0,15.0,4.0,3.0,3.0,5.0,3.0,0.0,0.0,0.0,0.0,27.0,7.0,17.0,5.0,3.0,2.0,3.0,2.0,0.0,0.0,0.0,0.0,30.0,222.0,376.0,2,0,0,1,0,0,1,0,0,0,0,0,0,0,162.56,160.02,115.0,28.0,26.0,0,0,0,0,0,0,0,0,0,0,0,0,0,1,0,1,0,0,0,0,1,0,0,0
Red,False,0.0,0.0,0.4,0.44875,0.3125,0.325,0.25,1.125,0.625,0.0,38.5,12.0,37.125,17.5,56.75,26.5,67.125,43.875,0.5,0.375,3.0,1.125,33.0,7.5,29.625,11.75,3.625,2.625,5.25,3.625,1.875,1.875,2.25,2.125,33.75,8.5,26.75,11.625,1.75,1.5,3.0,2.125,3.0,2.0,7.375,3.75,100.75,146.875,359.25,7,0,0,1,2,2,2,0,0,0,1,0,1,0,165.1,160.02,115.0,0.0,0.25,0.40125,0.735,0.5875,0.125,0.375,0.5,0.125,0.5,63.375,27.0,51.0,23.0,86.75,45.625,60.0,30.875,1.375,0.75,0.25,0.125,43.125,11.625,31.125,9.875,14.0,9.5,13.5,9.0,6.25,5.875,6.375,4.125,57.5,21.875,45.25,18.375,3.25,2.875,3.25,3.125,2.625,2.25,2.5,1.5,42.5,127.25,400.75,8,0,1,0,1,1,3,0,0,0,0,0,1,0,165.1,170.18,115.0,29.0,28.0,0,0,0,0,0,0,0,0,0,0,0,0,0,1,0,1,0,0,0,0,1,0,0,0
Blue,False,0.015625,0.0,0.45,0.4275,0.25,0.2,0.148468017578125,0.098388671875,0.0,0.0,66.5,29.6875,64.31230545043945,27.34375,89.75,48.0,85.53125,44.41152191162109,2.0,0.75,2.0546875,0.75,51.1875,18.3359375,49.6123046875,16.280410766601562,7.5,5.07647705078125,7.5,5.0,4.5,3.625,4.984375,3.9375,48.6875,17.0,47.11572265625,16.5,5.75,3.75,5.3125,3.4375,5.0625,3.5,3.875,2.5,99.2119140625,94.125,638.5,0,0,0,0,0,0,0,0,0,0,0,0,0,0,187.96,195.58,205.0,0.0,1.0,0.29,0.58,0.0,0.0,0.0,0.0,0.0,0.0,54.0,16.0,87.0,51.0,54.0,16.0,87.0,51.0,0.0,0.0,0.0,0.0,50.0,13.0,57.0,27.0,4.0,3.0,15.0,13.0,0.0,0.0,15.0,11.0,53.0,16.0,80.0,46.0,1.0,0.0,6.0,4.0,0.0,0.0,1.0,1.0,0.0,0.0,349.0,2,0,0,1,0,0,1,0,0,0,0,0,0,0,185.42,185.42,225.0,28.0,36.0,0,0,0,0,0,1,0,0,0,0,0,0,0,0,0,1,0,0,0,0,1,0,0,0
Blue,False,0.015625,0.0,0.45,0.4275,0.25,0.2,0.148468017578125,0.098388671875,0.0,0.0,66.5,29.6875,64.31230545043945,27.34375,89.75,48.0,85.53125,44.41152191162109,2.0,0.75,2.0546875,0.75,51.1875,18.3359375,49.6123046875,16.280410766601562,7.5,5.07647705078125,7.5,5.0,4.5,3.625,4.984375,3.9375,48.6875,17.0,47.11572265625,16.5,5.75,3.75,5.3125,3.4375,5.0625,3.5,3.875,2.5,99.2119140625,94.125,638.5,0,0,0,0,0,0,0,0,0,0,0,0,0,0,185.42,190.5,170.0,0.0471682548522949,0.0,0.45,0.4217682266235352,0.25,0.19173828125,0.1875,0.125,0.0,0.0,69.5,30.5,66.984375,27.8466796875,94.0,48.544921875,88.50390625,44.75,2.0,0.8125,2.015625,0.6640625,54.0,19.01513671875,51.483436584472656,16.9437255859375,7.91796875,5.430633544921875,7.75,5.0625,4.780975341796875,3.9373779296875,4.8994140625,3.84375,51.025390625,18.400863647460938,50.515625,17.5,5.75,3.75,5.5,3.5,5.375,3.6875,4.0,2.65625,104.865234375,89.5,655.8441009521484,0,0,0,0,0,0,0,0,0,0,0,0,0,0,177.8,190.5,170.0,27.0,27.0,0,0,0,0,0,0,0,0,0,1,0,0,0,0,0,0,0,0,1,0,1,0,0,0
Red,False,0.25,0.0,0.3199999999999999,0.26,0.25,0.3399999999999999,0.0,0.0,0.0,0.0,95.25,30.25,79.0,19.75,98.5,33.25,82.25,22.25,0.25,0.25,3.75,1.0,73.5,13.75,59.75,7.5,6.75,4.25,9.25,5.5,15.0,12.25,10.0,6.75,90.75,26.25,71.5,15.75,2.75,2.25,3.75,1.75,1.75,1.75,3.75,2.25,6.25,62.75,749.75,7,0,0,1,2,2,1,0,0,1,0,1,0,0,185.42,193.04,170.0,0.5,0.0,0.45,0.445,0.5,0.165,0.5,0.0,0.0,0.0,232.5,112.0,184.0,84.0,233.0,112.0,184.0,84.0,0.5,0.5,1.5,0.5,204.5,88.0,129.5,40.0,20.0,16.0,41.0,31.5,8.0,8.0,13.5,12.5,228.0,109.0,180.5,83.0,3.5,2.0,3.5,1.0,1.0,1.0,0.0,0.0,15.5,11.0,708.5,5,0,2,0,2,2,0,0,0,0,1,0,1,0,185.42,187.96,170.0,35.0,33.0,0,0,0,0,0,0,0,0,0,1,0,0,0,0,0,0,0,0,1,0,0,0,1,0
Blue,False,0.25,0.5,0.53625,0.51125,0.0,0.24375,0.0,0.75,0.0,0.0,57.75,28.875,47.625,23.75,69.0,39.5,72.75,44.875,0.0,0.0,2.875,1.875,35.375,12.5,38.25,16.375,13.375,10.125,5.75,4.25,9.0,6.25,3.625,3.125,49.75,22.125,32.0,11.5,5.0,4.5,6.75,4.625,3.0,2.25,8.875,7.625,58.25,144.125,391.875,8,0,0,1,1,1,3,0,0,0,0,1,0,0,193.04,208.28,205.0,0.0,1.5,0.375,0.48,0.0,0.5,0.0,0.0,0.0,0.0,23.0,9.0,23.0,11.0,33.5,19.5,25.0,13.0,0.0,0.0,0.5,0.5,12.5,2.0,18.5,6.5,4.5,2.0,1.0,1.0,6.0,5.0,3.5,3.5,21.0,7.5,19.0,8.5,2.0,1.5,2.5,1.5,0.0,0.0,1.5,1.0,7.0,51.5,226.0,2,0,0,2,0,0,2,0,0,0,0,0,0,0,190.5,187.96,205.0,31.0,32.0,0,0,0,0,0,1,0,0,0,0,0,0,0,0,0,0,0,1,0,0,1,0,0,0
Red,False,0.0,0.0,0.45,0.45,0.0,0.0,0.0,0.0,0.0,0.0,204.0,93.0,270.0,123.0,214.0,102.0,283.0,136.0,4.0,0.0,4.0,0.0,195.0,86.0,198.0,65.0,9.0,7.0,51.0,41.0,0.0,0.0,21.0,17.0,182.0,74.0,235.0,95.0,22.0,19.0,35.0,28.0,0.0,0.0,0.0,0.0,36.0,29.0,900.0,3,0,1,0,1,1,0,0,0,1,0,0,0,0,160.02,165.1,125.0,0.0,0.0,0.65,0.51,1.0,0.0,0.5,0.0,0.0,0.0,59.0,38.0,100.0,52.5,63.0,42.0,108.0,59.5,1.0,1.0,0.0,0.0,42.5,24.5,80.0,37.5,10.0,7.0,13.0,10.0,6.5,6.5,7.0,5.0,48.0,29.0,61.5,25.0,7.5,6.5,37.5,27.0,3.5,2.5,1.0,0.5,87.0,47.0,348.0,3,0,0,1,1,1,1,0,0,0,0,0,1,0,162.56,165.1,115.0,26.0,33.0,0,0,0,0,0,0,0,0,0,0,0,0,0,1,0,1,0,0,0,0,0,0,1,0
Blue,False,0.125,0.5,0.3924999999999999,0.46625,0.03125,0.375,0.0,0.0,0.0,0.0,67.875,23.5,84.0,42.625,88.25,41.75,105.625,59.625,0.5,0.125,1.25,1.25,51.75,13.375,54.875,21.125,12.0,7.25,23.25,17.0,4.125,2.875,5.875,4.5,59.5,17.625,60.625,26.0,7.125,4.875,14.875,10.125,1.25,1.0,8.5,6.5,6.75,185.375,416.625,9,0,1,0,1,1,3,0,0,0,0,1,0,0,167.64,175.26,125.0,1.0,0.0,0.55,0.34,0.0,0.0,1.0,0.0,0.0,0.0,52.0,29.0,32.0,11.0,59.0,36.0,36.0,14.0,0.0,0.0,0.0,0.0,41.0,20.0,21.0,4.0,10.0,8.0,5.0,3.0,1.0,1.0,6.0,4.0,35.0,19.0,23.0,7.0,17.0,10.0,9.0,4.0,0.0,0.0,0.0,0.0,24.0,30.0,162.0,1,0,1,0,1,1,0,0,0,0,0,0,1,0,167.64,172.72,125.0,31.0,23.0,0,0,0,0,0,0,0,0,0,0,0,0,1,0,0,1,0,0,0,0,0,0,1,0
Blue,False,0.0,0.0,0.8,0.45,0.8,0.0,0.0,0.0,0.0,1.0,70.0,56.0,22.0,10.0,217.0,177.0,33.0,20.0,5.0,4.0,0.0,0.0,63.0,50.0,19.0,7.0,5.0,4.0,1.0,1.0,2.0,2.0,2.0,2.0,8.0,7.0,15.0,3.0,1.0,1.0,1.0,1.0,61.0,48.0,6.0,6.0,749.0,6.0,900.0,3,0,1,0,1,1,0,0,0,0,1,0,0,0,175.26,177.8,155.0,0.0,0.0,0.5225,0.33125,0.075,0.3825,0.0,0.5,0.0,0.0,97.75,51.125,71.0,25.625,115.5,63.5,75.25,28.75,0.625,0.375,7.0,3.375,56.625,25.125,58.0,16.375,24.75,12.25,4.75,2.5,16.375,13.75,8.25,6.75,91.125,46.875,64.0,20.125,4.875,2.75,2.125,1.625,1.75,1.5,4.875,3.875,49.0,190.5,750.0,11,0,0,1,1,2,2,0,0,0,1,0,0,1,177.8,180.34,155.0,26.0,28.0,0,0,0,0,0,0,1,0,0,0,0,0,0,0,0,1,0,0,0,0,1,0,0,0
Blue,False,0.0039825439453125,0.5781631469726562,0.51943841278553,0.5633685982227326,0.0326853922009468,3.4926533699035646e-05,0.0333418846130371,0.0472797155380249,0.015628844499588,0.0,102.27821695804596,41.31276112794876,138.64855548739433,64.62962639331818,103.85865142941476,42.62728264927864,158.62930703163147,82.48193809390068,6.258011907339096,0.3784884214401245,0.0071106851100921,6.553530693054199e-05,77.6801301240921,25.245657831430435,127.0704779624939,57.011034071445465,15.16364887356758,7.564017981290817,10.64136391878128,6.746901452541351,9.434437960386276,8.503085315227509,0.936713606119156,0.8716908693313599,94.7843261361122,37.339556485414505,112.8337056040764,41.57915297150612,4.0160515904426575,1.3926928341388702,3.7942612767219535,3.312340497970581,3.477839231491089,2.5805118083953857,22.020588606595997,19.73813292384148,120.94621136784554,0.7307308614253998,654.7467204034328,89,9,3,0,5,17,9,0,0,0,10,4,2,1,167.64,172.72,135.0,0.5625,0.0,0.45765625,0.43592041015625,0.034814453125,0.006728515625,0.0927734375,0.0,0.015625,0.0,174.689208984375,73.630126953125,214.756103515625,102.827392578125,181.310302734375,79.1259765625,216.1376953125,104.020751953125,0.652099609375,0.05712890625,4.570556640625,0.020263671875,110.882568359375,35.674072265625,159.934814453125,74.638427734375,36.500244140625,17.300048828125,40.20849609375,19.897705078125,27.306396484375,20.656005859375,14.61279296875,8.291259765625,162.229736328125,66.657470703125,207.868408203125,101.05419921875,7.6845703125,3.58056640625,6.62939453125,1.516357421875,4.77490234375,3.39208984375,0.25830078125,0.2568359375,28.141357421875,7.5205078125,641.107666015625,26,0,0,1,4,8,5,0,0,0,2,3,3,0,167.64,165.1,135.0,38.0,33.0,1,0,0,0,0,0,0,0,0,0,0,0,0,0,0,1,0,0,0,0,1,0,0,0
Blue,False,0.5,0.5,0.78,0.50125,0.0,0.070625,0.0,0.0,0.0625,0.0,57.8125,26.8125,35.625,23.125,63.25,32.25,43.625,30.375,0.0,0.0,2.875,0.625,46.375,17.375,26.3125,15.0625,5.0625,4.0625,4.4375,3.6875,6.375,5.375,4.875,4.375,49.75,20.75,26.0625,14.4375,7.0625,5.0625,2.375,2.3125,1.0,1.0,7.1875,6.375,2.75,137.9375,410.3125,10,0,4,0,4,4,1,0,0,0,0,4,0,0,193.04,198.12,242.0,0.1906728744506836,0.270751953125,0.4024833011627197,0.4278754043579101,0.0024795532226562,0.0003424072265624,0.0009765625,0.0009765625,0.0,0.0,38.40889263153076,15.035422325134276,51.04158878326416,21.19061851501465,39.22095966339111,15.7782564163208,52.52871417999268,21.897958755493164,0.035003662109375,0.0025177001953125,3.0605716705322266,0.0066299438476562,27.620356559753414,7.786005020141602,42.70071983337402,14.389151573181152,7.406005859375,4.56270694732666,3.417291641235352,2.799837112426758,3.382530212402344,2.686710357666016,4.923577308654785,4.001629829406738,34.07023906707764,13.160672187805176,43.4764575958252,14.917096138000488,1.5080690383911133,0.7972755432128906,5.435980796813965,5.10921573638916,2.830584526062012,1.077474594116211,2.129150390625,1.164306640625,4.609265327453613,17.21199607849121,349.3940839767456,54,5,9,0,9,15,6,0,0,0,5,10,0,0,193.04,195.58,238.0,32.0,36.0,0,0,0,0,1,0,0,0,0,0,0,0,0,0,0,1,0,0,0,0,1,0,0,0
Blue,False,0.015625,0.0625,0.48296875,0.445,0.2084375,0.3875,1.671875,0.0,0.3125,0.0,66.703125,29.203125,50.578125,25.515625,85.34375,45.453125,77.109375,48.234375,4.984375,0.796875,9.65625,4.5625,51.828125,16.734375,36.796875,16.078125,9.578125,7.296875,10.90625,7.3125,5.296875,5.171875,2.875,2.125,48.59375,16.5,37.875,18.4375,2.9375,1.859375,6.390625,3.765625,15.171875,10.84375,6.3125,3.3125,93.75,312.125,722.90625,13,0,2,0,2,3,4,0,0,0,0,0,3,0,170.18,175.26,145.0,0.5,0.0,0.4549999999999999,0.47,1.0,0.0,1.0,0.0,0.0,0.0,13.5,6.0,7.5,3.5,15.0,7.5,9.0,5.0,1.0,1.0,0.0,0.0,8.0,3.0,6.5,2.5,5.0,3.0,1.0,1.0,0.5,0.0,0.0,0.0,10.0,4.0,6.0,2.5,2.0,1.5,1.5,1.0,1.5,0.5,0.0,0.0,66.5,19.0,121.5,2,0,2,0,2,2,0,0,0,0,0,1,1,0,175.26,185.42,145.0,35.0,32.0,0,0,1,0,0,0,0,0,0,0,0,0,0,0,0,1,0,0,0,0,1,0,0,0
Blue,False,0.0,0.0,0.4,0.395,0.54,0.2,1.5,0.0,1.0,0.5,28.5,12.0,40.5,17.0,62.0,42.0,83.5,57.0,6.5,3.0,5.0,2.0,24.0,8.5,35.0,12.0,4.5,3.5,5.0,4.5,0.0,0.0,0.5,0.5,23.5,9.0,28.5,9.5,4.5,2.5,7.5,5.0,0.5,0.5,4.5,2.5,225.0,178.5,638.0,5,0,0,1,1,1,1,0,0,0,0,0,1,0,160.02,162.56,115.0,0.0,0.0,0.44328125,0.5914062499999999,0.2515625,0.00828125,0.109375,0.0390625,0.0234375,0.4609375,151.1953125,61.796875,156.5859375,86.5078125,174.2734375,80.703125,190.4765625,119.59375,3.9921875,0.8359375,2.9375,0.03125,109.9609375,32.734375,119.3984375,56.03125,28.3984375,20.40625,26.96875,22.1640625,12.8359375,8.65625,10.21875,8.3125,118.953125,37.7734375,107.4921875,43.5859375,28.625,21.484375,33.28125,28.4296875,3.6171875,2.5390625,15.8125,14.4921875,258.0625,116.2890625,884.5546875,21,0,1,0,4,5,3,0,0,1,2,0,2,0,162.56,165.1,115.0,32.0,35.0,0,0,0,0,0,0,0,0,0,0,0,0,0,1,0,1,0,0,0,0,1,0,0,0
Blue,False,0.11083984375,0.0,0.5585302734375001,0.46123779296875,0.490478515625,0.089744873046875,0.69287109375,0.0,0.0,0.0003662109375,124.24462890625,70.3115234375,144.6026611328125,68.4039306640625,141.6390380859375,86.2568359375,160.6119384765625,83.2257080078125,2.0030517578125,1.2039794921875,1.2237548828125,0.23095703125,74.783203125,32.9530029296875,122.2899169921875,51.9112548828125,28.5675048828125,20.044677734375,14.91259765625,10.0279541015625,20.8939208984375,17.3138427734375,7.400146484375,6.4647216796875,94.2550048828125,49.4296875,122.2120361328125,54.4385986328125,20.5567626953125,14.447265625,17.9390869140625,11.4146728515625,9.432861328125,6.4345703125,4.4515380859375,2.5506591796875,137.232421875,99.6231689453125,751.6209716796875,34,0,0,1,5,9,5,0,0,0,1,4,4,0,172.72,177.8,135.0,0.5,0.0,0.66625,0.3737499999999999,0.0625,0.07125,0.375,0.0,0.125,0.0,60.875,36.5,49.75,16.125,62.5,37.875,53.125,19.25,0.75,0.375,1.125,0.5,46.125,24.75,39.0,9.75,11.125,8.375,6.125,3.75,3.625,3.375,4.625,2.625,56.875,32.75,46.375,14.375,1.125,0.875,2.25,0.75,2.875,2.875,1.125,1.0,10.75,53.75,312.5,8,0,4,0,4,4,0,0,0,0,2,2,0,0,180.34,182.88,135.0,27.0,25.0,1,0,0,0,0,0,0,0,0,0,0,0,0,0,0,0,0,0,1,0,0,0,0,1
Blue,False,0.03125,0.0,0.4806249999999999,0.3278125,0.615625,0.00875,1.0,0.03125,0.0,0.03125,142.5625,66.375,73.65625,25.625,221.53125,129.0,100.40625,46.25,18.03125,10.96875,0.3125,0.0625,112.53125,41.9375,56.4375,12.40625,15.875,11.625,9.125,6.84375,14.15625,12.8125,8.09375,6.375,85.5,28.125,60.5,19.375,6.21875,4.875,12.125,5.46875,50.84375,33.375,1.03125,0.78125,489.5625,12.53125,900.0,18,0,0,2,4,4,2,0,0,0,4,0,0,0,167.64,172.72,135.0,0.786407470703125,0.0,0.4605325317382812,0.464453125,0.0799481201171875,0.678751220703125,0.0,0.03125,0.0,0.0,89.24246215820312,39.995513916015625,123.8907470703125,57.76412963867188,100.24081420898438,50.48605346679688,143.19451904296875,74.80203247070312,2.32275390625,0.56707763671875,2.295501708984375,1.1021728515625,74.75961303710938,27.229736328125,88.42495727539062,34.19775390625,10.274200439453123,8.828521728515625,19.23468017578125,11.22320556640625,4.208648681640625,3.937255859375,16.231109619140625,12.343170166015623,80.7578125,33.649932861328125,113.90875244140624,49.247650146484375,5.68548583984375,4.05328369140625,8.35638427734375,6.89111328125,2.799163818359375,2.29229736328125,1.6256103515625,1.6253662109375,70.46932983398438,53.29217529296875,760.2132568359375,46,3,3,0,3,10,6,0,0,1,3,5,0,1,160.02,167.64,135.0,29.0,35.0,1,0,0,0,0,0,0,0,0,0,0,0,0,0,0,1,0,0,0,0,1,0,0,0
Red,True,0.125244140625,0.537109375,0.6805456542968751,0.4614453125,0.4740576171875,0.297265625,0.3349609375,0.0,0.0,0.0,153.127685546875,103.7012939453125,136.599853515625,71.9337158203125,193.933837890625,140.1832275390625,145.42138671875,79.2498779296875,2.881103515625,1.6766357421875,1.802978515625,0.6494140625,139.6982421875,91.4874267578125,109.165771484375,48.432373046875,5.9034423828125,5.71044921875,19.3157958984375,16.4761962890625,7.5260009765625,6.50341796875,8.1182861328125,7.025146484375,117.9805908203125,76.3365478515625,116.615234375,59.6092529296875,15.6849365234375,12.1141357421875,16.4356689453125,10.8404541015625,19.462158203125,15.2506103515625,3.5489501953125,1.4840087890625,186.501953125,59.6214599609375,792.343017578125,40,9,4,0,4,11,3,0,0,1,3,3,4,0,180.34,182.88,235.0,0.586944580078125,0.283203125,0.5400030517578125,0.6017462158203126,0.5024136352539063,0.1670465087890625,0.0,0.15625,0.0,0.0,146.35018920898438,80.0257568359375,158.2100830078125,101.09689331054688,174.88186645507812,104.53799438476562,188.4271240234375,128.68423461914062,3.600799560546875,1.5577392578125,1.64581298828125,0.502471923828125,119.08673095703124,55.64117431640625,144.310302734375,88.92807006835938,18.473297119140625,16.283477783203125,6.368896484375,5.683685302734375,8.7901611328125,8.101104736328125,7.5308837890625,6.485137939453125,119.36880493164062,62.481292724609375,128.55160522460938,78.2396240234375,17.7017822265625,11.84619140625,15.146392822265623,11.3472900390625,9.27960205078125,5.698272705078125,14.5120849609375,11.509979248046877,183.97341918945312,92.60107421875,859.5865173339844,39,6,3,0,6,13,3,0,0,0,4,9,0,0,193.04,203.2,240.0,41.0,37.0,0,0,0,0,1,0,0,0,0,0,0,0,0,0,0,1,0,0,0,0,1,0,0,0
Blue,False,0.015625,0.0,0.45,0.4275,0.25,0.2,0.148468017578125,0.098388671875,0.0,0.0,66.5,29.6875,64.31230545043945,27.34375,89.75,48.0,85.53125,44.41152191162109,2.0,0.75,2.0546875,0.75,51.1875,18.3359375,49.6123046875,16.280410766601562,7.5,5.07647705078125,7.5,5.0,4.5,3.625,4.984375,3.9375,48.6875,17.0,47.11572265625,16.5,5.75,3.75,5.3125,3.4375,5.0625,3.5,3.875,2.5,99.2119140625,94.125,638.5,0,0,0,0,0,0,0,0,0,0,0,0,0,0,172.72,170.18,145.0,0.0,0.0,0.68,0.65,1.0,0.0,0.0,3.0,0.0,0.0,47.0,32.0,23.0,15.0,119.0,91.0,28.0,20.0,7.0,7.0,1.0,0.0,39.0,26.0,21.0,13.0,7.0,6.0,2.0,2.0,1.0,0.0,0.0,0.0,22.0,9.0,17.0,9.0,10.0,10.0,3.0,3.0,15.0,13.0,3.0,3.0,452.0,5.0,518.0,2,0,0,1,0,0,1,0,0,0,0,0,0,0,175.26,182.88,145.0,33.0,30.0,0,0,1,0,0,0,0,0,0,0,0,0,0,0,0,1,0,0,0,0,0,0,0,1
Blue,False,0.0625,0.0,0.4678124999999999,0.4092187499999999,0.3140625,0.53546875,0.515625,0.53125,0.5,0.0,86.484375,42.90625,69.828125,27.328125,106.59375,62.5625,78.484375,34.671875,4.03125,2.0,3.84375,2.828125,54.484375,20.8125,59.40625,19.4375,16.546875,10.640625,6.984375,5.125,15.453125,11.453125,3.4375,2.765625,61.390625,21.46875,61.484375,21.703125,12.078125,10.390625,5.3125,3.71875,13.015625,11.046875,3.03125,1.90625,212.984375,197.5625,756.859375,16,0,0,1,4,5,2,0,0,0,4,1,0,0,177.8,182.88,155.0,1.6298145055770874e-08,0.0078163146972656,0.5450724673847436,0.4484884222364053,0.0839821437239879,0.2873406177997822,0.7066000106860884,0.0315342567046172,3.862573066726327e-05,0.0009770396864041,34.78539302392164,16.803399026510306,54.12488546583336,24.17285691789584,41.17771076672943,22.620238774223253,65.85687661136035,35.38194040430244,0.692883126437664,0.1573848389671184,0.2937127914046868,0.2909724788623862,26.1636035432457,9.000398290692829,48.5637843728764,20.704220501240343,4.420803697779775,3.8863368274760433,2.739975892647635,1.4533537388779223,4.2009857828961685,3.916663908341434,2.821125200309325,2.015282677777577,29.24496785743395,12.59392409544671,46.382089075574186,19.005117372144014,3.596045144717209,2.816244556917809,4.11713237449294,2.582558629626874,1.9443800217704847,1.3932303741457872,3.625664015766233,2.585180916124955,65.5822552088066,92.079719830479,325.0623576051439,77,0,2,0,7,21,14,0,0,2,6,3,10,0,172.72,180.34,155.0,37.0,36.0,0,0,0,0,0,0,1,0,0,0,0,0,0,0,0,1,0,0,0,0,0,0,1,0
Red,False,0.015625,0.0,0.45,0.4275,0.25,0.2,0.148468017578125,0.098388671875,0.0,0.0,66.5,29.6875,64.31230545043945,27.34375,89.75,48.0,85.53125,44.41152191162109,2.0,0.75,2.0546875,0.75,51.1875,18.3359375,49.6123046875,16.280410766601562,7.5,5.07647705078125,7.5,5.0,4.5,3.625,4.984375,3.9375,48.6875,17.0,47.11572265625,16.5,5.75,3.75,5.3125,3.4375,5.0625,3.5,3.875,2.5,99.2119140625,94.125,638.5,0,0,0,0,0,0,0,0,0,0,0,0,0,0,182.88,190.5,265.0,0.0471682548522949,0.0,0.45,0.4217682266235352,0.25,0.19173828125,0.1875,0.125,0.0,0.0,69.5,30.5,66.984375,27.8466796875,94.0,48.544921875,88.50390625,44.75,2.0,0.8125,2.015625,0.6640625,54.0,19.01513671875,51.483436584472656,16.9437255859375,7.91796875,5.430633544921875,7.75,5.0625,4.780975341796875,3.9373779296875,4.8994140625,3.84375,51.025390625,18.400863647460938,50.515625,17.5,5.75,3.75,5.5,3.5,5.375,3.6875,4.0,2.65625,104.865234375,89.5,655.8441009521484,0,0,0,0,0,0,0,0,0,0,0,0,0,0,190.5,193.04,250.0,35.0,30.0,0,0,0,0,1,0,0,0,0,0,0,0,0,0,0,1,0,0,0,0,1,0,0,0
Red,False,0.015625,0.0,0.45,0.4275,0.25,0.2,0.148468017578125,0.098388671875,0.0,0.0,66.5,29.6875,64.31230545043945,27.34375,89.75,48.0,85.53125,44.41152191162109,2.0,0.75,2.0546875,0.75,51.1875,18.3359375,49.6123046875,16.280410766601562,7.5,5.07647705078125,7.5,5.0,4.5,3.625,4.984375,3.9375,48.6875,17.0,47.11572265625,16.5,5.75,3.75,5.3125,3.4375,5.0625,3.5,3.875,2.5,99.2119140625,94.125,638.5,0,0,0,0,0,0,0,0,0,0,0,0,0,0,175.26,177.8,135.0,0.0471682548522949,0.0,0.45,0.4217682266235352,0.25,0.19173828125,0.1875,0.125,0.0,0.0,69.5,30.5,66.984375,27.8466796875,94.0,48.544921875,88.50390625,44.75,2.0,0.8125,2.015625,0.6640625,54.0,19.01513671875,51.483436584472656,16.9437255859375,7.91796875,5.430633544921875,7.75,5.0625,4.780975341796875,3.9373779296875,4.8994140625,3.84375,51.025390625,18.400863647460938,50.515625,17.5,5.75,3.75,5.5,3.5,5.375,3.6875,4.0,2.65625,104.865234375,89.5,655.8441009521484,0,0,0,0,0,0,0,0,0,0,0,0,0,0,170.18,175.26,145.0,33.0,25.0,0,0,1,0,0,0,0,0,0,0,0,0,0,0,0,0,0,0,1,0,1,0,0,0
Blue,False,0.0,0.0,0.395,0.3875,0.6799999999999999,0.375,1.0,0.0,0.0,0.0,53.75,19.75,118.25,45.0,70.5,36.25,140.0,64.5,4.25,2.25,2.0,1.5,37.25,9.25,95.75,30.75,11.25,6.75,14.5,9.25,5.25,3.75,8.0,5.0,41.75,12.75,97.25,32.0,6.5,4.75,17.0,9.75,5.5,2.25,4.0,3.25,86.75,209.5,695.25,7,0,2,0,2,2,1,0,0,1,0,0,1,0,160.02,160.02,115.0,0.0625,0.0,0.4865625,0.536875,0.3087499999999999,0.1137499999999999,0.375,0.59375,0.71875,0.5625,105.625,50.9375,108.53125,58.5625,156.09375,93.78125,124.78125,72.75,4.75,1.5,1.6875,0.375,85.21875,37.25,86.34375,40.34375,15.53125,10.96875,12.25,9.25,4.875,2.71875,9.9375,8.96875,69.53125,22.9375,75.59375,32.71875,8.34375,5.46875,22.8125,18.09375,27.75,22.53125,10.125,7.75,399.75,176.09375,900.0,18,0,0,3,2,2,4,0,0,1,1,0,0,0,170.18,175.26,115.0,29.0,32.0,0,0,0,0,0,0,0,0,0,0,0,0,0,1,0,1,0,0,0,0,0,0,1,0
Red,False,0.0,0.0,0.3025,0.4325,0.25,0.3825,0.0,0.0,0.0,0.0,188.25,58.75,145.25,63.25,192.5,63.0,146.75,64.75,1.75,0.25,3.25,1.75,155.5,40.0,113.25,38.5,27.5,14.0,15.5,10.5,5.25,4.75,16.5,14.25,184.75,56.75,129.25,53.75,3.5,2.0,13.5,8.0,0.0,0.0,2.5,1.5,8.0,32.5,900.0,9,0,2,0,2,2,1,0,0,0,2,0,0,0,185.42,180.34,170.0,0.2819843292236328,0.626953125,0.5007143115997315,0.4407365894317627,0.3545999908447266,0.0074469184875488,0.2501296997070312,0.504150390625,5.7220458984375e-06,9.5367431640625e-07,79.60412788391113,37.43572521209717,87.01264190673828,36.58310031890869,81.56595039367676,39.09749603271485,87.94742965698242,37.21384906768799,2.522371292114258,0.7522659301757812,0.2038488388061523,0.0447731018066406,56.78627872467041,21.413612365722656,74.83020305633545,26.83377265930176,16.565969467163086,9.817262649536133,6.484164237976074,4.307287216186523,6.251879692077637,6.204850196838379,5.698274612426758,5.44204044342041,71.77793979644775,32.67782497406006,83.53091049194336,35.148911476135254,2.633697509765625,0.7305002212524414,2.694904327392578,0.7930126190185547,5.192490577697754,4.027400016784668,0.7868270874023438,0.6411762237548828,35.14981651306152,4.2138872146606445,391.4024639129639,45,0,2,0,4,11,10,0,0,1,3,5,2,0,187.96,190.5,170.0,27.0,36.0,0,0,0,0,0,0,0,0,0,1,0,0,0,0,0,1,0,0,0,0,1,0,0,0
Red,False,0.015625,0.0,0.45,0.4275,0.25,0.2,0.148468017578125,0.098388671875,0.0,0.0,66.5,29.6875,64.31230545043945,27.34375,89.75,48.0,85.53125,44.41152191162109,2.0,0.75,2.0546875,0.75,51.1875,18.3359375,49.6123046875,16.280410766601562,7.5,5.07647705078125,7.5,5.0,4.5,3.625,4.984375,3.9375,48.6875,17.0,47.11572265625,16.5,5.75,3.75,5.3125,3.4375,5.0625,3.5,3.875,2.5,99.2119140625,94.125,638.5,0,0,0,0,0,0,0,0,0,0,0,0,0,0,177.8,193.04,185.0,0.5,0.0,0.6653125,0.2593749999999999,0.3071875,0.274375,0.46875,1.28125,0.375,0.65625,43.375,26.25,27.90625,13.25,71.3125,52.65625,37.46875,20.4375,0.96875,0.46875,2.15625,1.21875,28.3125,13.75,21.21875,7.84375,8.59375,6.96875,3.3125,2.125,6.46875,5.53125,3.375,3.28125,29.6875,14.5,18.75,7.84375,5.09375,4.75,3.71875,2.65625,8.59375,7.0,5.4375,2.75,122.0,110.0625,372.28125,15,0,0,1,3,4,2,0,0,1,1,1,1,0,190.5,205.74,185.0,26.0,27.0,0,0,0,0,0,0,0,1,0,0,0,0,0,0,0,0,0,1,0,0,1,0,0,0
Red,False,0.015625,0.0,0.45,0.4275,0.25,0.2,0.148468017578125,0.098388671875,0.0,0.0,66.5,29.6875,64.31230545043945,27.34375,89.75,48.0,85.53125,44.41152191162109,2.0,0.75,2.0546875,0.75,51.1875,18.3359375,49.6123046875,16.280410766601562,7.5,5.07647705078125,7.5,5.0,4.5,3.625,4.984375,3.9375,48.6875,17.0,47.11572265625,16.5,5.75,3.75,5.3125,3.4375,5.0625,3.5,3.875,2.5,99.2119140625,94.125,638.5,0,0,0,0,0,0,0,0,0,0,0,0,0,0,175.26,182.88,155.0,0.5,0.5,0.56375,0.375625,0.0625,0.01875,0.0,0.0625,0.0,0.0,64.0625,31.75,81.8125,24.3125,69.125,36.3125,87.5625,28.9375,0.3125,0.0625,0.875,0.1875,54.0625,24.3125,69.625,15.8125,7.0,4.75,8.375,5.0625,3.0,2.6875,3.8125,3.4375,50.375,23.1875,75.625,18.5,3.875,2.625,0.1875,0.0625,9.8125,5.9375,6.0,5.75,29.8125,30.8125,344.0,12,0,0,1,3,3,2,0,0,0,2,1,0,0,177.8,182.88,155.0,30.0,24.0,0,0,0,0,0,0,1,0,0,0,0,0,0,0,0,0,0,0,1,0,0,0,1,0
Red,False,0.00439453125,0.19921875,0.434892578125,0.5745751953125,0.2598583984375,0.2402734375,0.80908203125,0.5,0.5009765625,0.501953125,103.01904296875,52.00537109375,53.927734375,32.89892578125,141.17822265625,86.94091796875,69.49755859375,47.962890625,0.9775390625,0.79736328125,3.61669921875,1.5537109375,92.11669921875,41.92431640625,36.376953125,18.22802734375,7.30029296875,7.20654296875,11.8388671875,8.990234375,3.60205078125,2.87451171875,5.7119140625,5.6806640625,82.2841796875,38.447265625,39.61376953125,20.69482421875,18.66357421875,12.74755859375,11.74072265625,9.6513671875,2.0712890625,0.810546875,2.5732421875,2.552734375,235.822265625,137.49609375,630.31982421875,19,0,2,0,2,8,4,0,0,1,0,1,6,0,187.96,203.2,240.0,0.049072265625,0.125030517578125,0.3977916717529297,0.4816021728515625,0.0868563079833984,0.417816047668457,0.0,0.3213043212890625,0.0312652587890625,0.0078163146972656,50.1412239074707,20.98163604736328,31.06732177734375,16.845508575439453,54.51454925537109,24.854625701904297,77.49037170410156,57.86647415161133,1.374370574951172,0.2589187622070312,5.348262786865234,2.547046661376953,39.01877212524414,13.0772705078125,21.83917999267578,9.72304916381836,9.295768737792969,6.878471374511719,5.731014251708984,4.341274261474609,1.8266830444335935,1.0258941650390625,3.4971275329589844,2.7811851501464844,32.63859176635742,10.621257781982422,20.189308166503903,10.461261749267578,16.45138931274414,9.608978271484377,7.968120574951172,4.541667938232422,1.0512428283691406,0.7513999938964844,2.909893035888672,1.842578887939453,55.24493408203125,342.2663154602051,809.2813835144043,44,1,2,0,6,14,5,0,0,2,2,10,0,0,190.5,200.66,260.0,43.0,35.0,0,0,0,0,1,0,0,0,0,0,0,0,0,0,0,1,0,0,0,0,1,0,0,0
Red,False,0.0,0.0,0.36,0.4,0.0,0.0,1.0,0.0,0.0,0.0,158.0,57.0,179.0,73.0,168.0,66.0,196.0,88.0,4.0,0.0,1.0,0.0,126.0,39.0,137.0,40.0,14.0,7.0,26.0,19.0,18.0,11.0,16.0,14.0,149.0,50.0,169.0,66.0,7.0,5.0,9.0,6.0,2.0,2.0,1.0,1.0,2.0,178.0,900.0,3,0,0,1,0,0,1,0,0,0,0,0,0,0,170.18,167.64,135.0,0.0,0.5,0.53375,0.53125,0.35875,0.7050000000000001,0.125,0.125,0.5,0.0,111.5,57.625,94.25,47.5,153.25,96.25,125.875,71.375,1.75,1.0,1.875,1.375,60.75,17.25,80.25,35.5,30.625,24.625,12.0,10.25,20.125,15.75,2.0,1.75,82.875,34.5,67.125,27.5,26.0,21.625,6.75,5.0,2.625,1.5,20.375,15.0,250.5,133.375,679.625,10,1,0,1,2,2,2,0,0,0,2,0,0,0,167.64,172.72,135.0,27.0,30.0,0,0,0,0,0,0,0,0,0,0,1,0,0,0,0,1,0,0,0,0,1,0,0,0
Red,False,0.33203125,0.0,0.4669531249999999,0.43201171875,0.69494140625,0.16033203125,0.005859375,0.1640625,0.03515625,0.0234375,151.408203125,70.396484375,100.78515625,46.779296875,183.3828125,99.169921875,110.046875,54.822265625,1.58984375,1.103515625,4.65625,1.029296875,133.08984375,58.6875,79.11328125,27.8671875,9.103515625,6.09375,12.04296875,10.19140625,9.21484375,5.615234375,9.62890625,8.720703125,124.115234375,51.857421875,87.7890625,36.0703125,11.646484375,8.259765625,10.796875,8.787109375,15.646484375,10.279296875,2.19921875,1.921875,273.771484375,81.337890625,819.8515625,29,0,1,0,3,7,3,0,0,0,4,1,1,1,175.26,175.26,155.0,0.5195465087890625,0.039093017578125,0.6166319274902343,0.5099143981933594,0.4967889404296876,0.0046517944335937,1.5005340576171875,0.2527008056640625,0.0,0.000244140625,31.398605346679688,18.814178466796875,26.3863525390625,13.909042358398438,42.20172119140625,26.611984252929688,35.03985595703125,22.198226928710938,3.172958374023437,1.5018310546875,0.244964599609375,0.0205535888671875,23.40196228027344,11.553192138671877,21.80186462402344,9.575302124023438,5.316070556640625,4.812591552734375,2.40673828125,2.1588287353515625,2.680572509765625,2.448394775390625,2.1777496337890625,2.174911499023437,23.3477783203125,12.757415771484377,22.324447631835938,10.587265014648438,3.009017944335937,2.282012939453125,3.920944213867188,3.1886749267578125,5.04180908203125,3.774749755859375,0.140960693359375,0.1331024169921875,236.2898406982422,11.491363525390623,363.95155334472656,35,0,1,0,5,12,5,0,0,1,4,2,5,0,177.8,182.88,155.0,36.0,31.0,0,0,0,0,0,0,1,0,0,0,0,0,0,0,0,1,0,0,0,0,0,0,1,0
Blue,False,0.09375,0.0,0.4457812499999999,0.4927734375,0.554296875,0.257578125,0.0,0.0625,0.0,0.5,94.88671875,43.5234375,59.83203125,28.5859375,110.30859375,57.984375,88.3203125,52.859375,1.00390625,0.6953125,11.7890625,4.03515625,85.6171875,35.78515625,46.625,20.1953125,5.046875,3.953125,7.8046875,4.5546875,4.22265625,3.78515625,5.40234375,3.8359375,68.875,23.125,39.390625,12.76171875,16.76953125,12.83984375,14.609375,10.0625,9.2421875,7.55859375,5.83203125,5.76171875,54.41015625,381.41796875,840.359375,20,0,0,4,2,4,5,0,0,1,1,2,0,0,182.88,187.96,185.0,0.0,0.0,0.435,0.47,0.5,0.625,0.5,0.0,0.5,1.0,107.0,44.5,60.5,29.5,131.5,68.0,114.5,71.5,2.5,1.5,3.0,2.0,95.0,34.5,57.5,27.0,11.0,9.0,2.0,1.5,1.0,1.0,1.0,1.0,97.0,38.0,53.0,24.0,2.5,2.5,2.0,2.0,7.5,4.0,5.5,3.5,103.0,339.5,635.0,5,0,0,1,1,1,1,0,0,0,0,1,0,0,177.8,190.5,185.0,29.0,29.0,0,0,0,0,0,0,0,1,0,0,0,0,0,0,0,1,0,0,0,0,1,0,0,0
Blue,False,0.00341796875,0.90625,0.4499261474609375,0.6332025146484375,0.502598876953125,0.0284375,0.31756591796875,0.015625,0.0,6.103515625e-05,66.6282958984375,25.6368408203125,55.31817626953125,31.7548828125,79.13201904296875,36.85009765625,64.13092041015625,40.29193115234375,4.66815185546875,1.98583984375,0.220458984375,0.09375,56.40460205078125,18.257568359375,41.40789794921875,20.943115234375,8.57427978515625,5.94110107421875,9.2130126953125,7.2513427734375,1.6494140625,1.43817138671875,4.697265625,3.5604248046875,59.39984130859375,20.810302734375,40.73870849609375,20.2747802734375,4.57501220703125,3.150390625,8.27459716796875,6.21044921875,2.6534423828125,1.6761474609375,6.30487060546875,5.2696533203125,122.5257568359375,18.29315185546875,422.31640625,36,5,9,0,9,10,5,0,0,0,3,4,3,0,187.96,198.12,185.0,0.00439453125,0.00439453125,0.3336474609375,0.417119140625,0.455166015625,0.151787109375,0.00830078125,0.13623046875,0.0,0.0390625,137.490234375,46.19140625,96.376953125,42.291015625,155.4658203125,61.65234375,112.0244140625,57.15283203125,3.53857421875,1.76708984375,5.3525390625,1.505859375,114.43310546875,32.42822265625,65.79541015625,22.21142578125,17.31591796875,8.544921875,18.8203125,9.279296875,5.7412109375,5.21826171875,11.76123046875,10.80029296875,127.21142578125,38.4501953125,88.33740234375,36.47314453125,7.23974609375,5.8564453125,6.07568359375,4.04443359375,3.0390625,1.884765625,1.9638671875,1.7734375,149.07568359375,84.65966796875,896.64013671875,30,0,1,0,3,8,4,0,0,1,5,2,0,0,182.88,185.42,185.0,36.0,32.0,0,0,0,0,0,0,0,1,0,0,0,0,0,0,0,1,0,0,0,0,1,0,0,0
Red,False,0.015625,0.0,0.45,0.4275,0.25,0.2,0.148468017578125,0.098388671875,0.0,0.0,66.5,29.6875,64.31230545043945,27.34375,89.75,48.0,85.53125,44.41152191162109,2.0,0.75,2.0546875,0.75,51.1875,18.3359375,49.6123046875,16.280410766601562,7.5,5.07647705078125,7.5,5.0,4.5,3.625,4.984375,3.9375,48.6875,17.0,47.11572265625,16.5,5.75,3.75,5.3125,3.4375,5.0625,3.5,3.875,2.5,99.2119140625,94.125,638.5,0,0,0,0,0,0,0,0,0,0,0,0,0,0,177.8,185.42,145.0,0.0,0.0,0.54,0.295,0.25,0.625,1.0,0.0,0.5,0.5,83.5,45.0,65.0,20.0,101.5,59.5,71.0,24.5,7.0,3.0,4.5,1.5,61.0,29.0,57.0,15.5,13.5,8.5,6.0,3.5,9.0,7.5,2.0,1.0,74.5,37.5,61.5,19.5,7.0,7.0,2.5,0.5,2.0,0.5,1.0,0.0,330.5,209.5,900.0,6,0,2,0,2,2,0,0,0,0,2,0,0,0,177.8,182.88,145.0,33.0,23.0,0,0,1,0,0,0,0,0,0,0,0,0,0,0,0,0,0,1,0,0,0,0,0,1
Red,False,0.015625,0.0,0.45,0.4275,0.25,0.2,0.148468017578125,0.098388671875,0.0,0.0,66.5,29.6875,64.31230545043945,27.34375,89.75,48.0,85.53125,44.41152191162109,2.0,0.75,2.0546875,0.75,51.1875,18.3359375,49.6123046875,16.280410766601562,7.5,5.07647705078125,7.5,5.0,4.5,3.625,4.984375,3.9375,48.6875,17.0,47.11572265625,16.5,5.75,3.75,5.3125,3.4375,5.0625,3.5,3.875,2.5,99.2119140625,94.125,638.5,0,0,0,0,0,0,0,0,0,0,0,0,0,0,167.64,172.72,135.0,0.0,1.0,0.36,0.45,0.0,1.0,0.0,0.0,0.0,0.0,94.0,34.0,135.0,61.0,95.0,35.0,135.0,61.0,4.0,0.0,1.0,1.0,71.0,20.0,100.0,33.0,18.0,10.0,16.0,13.0,5.0,4.0,19.0,15.0,94.0,34.0,122.0,55.0,0.0,0.0,4.0,2.0,0.0,0.0,9.0,4.0,3.0,6.0,900.0,3,0,0,1,0,0,1,0,0,0,0,0,0,0,167.64,170.18,135.0,29.0,31.0,1,0,0,0,0,0,0,0,0,0,0,0,0,0,0,1,0,0,0,0,0,0,1,0
Red,False,1.0,0.0,0.53,0.26,0.0,0.0,0.0,0.0,0.0,0.0,30.0,16.0,15.0,4.0,30.0,16.0,15.0,4.0,0.0,0.0,0.0,0.0,28.0,14.0,14.0,4.0,2.0,2.0,1.0,0.0,0.0,0.0,0.0,0.0,22.0,10.0,15.0,4.0,5.0,4.0,0.0,0.0,3.0,2.0,0.0,0.0,3.0,0.0,41.0,1,0,1,0,1,1,0,0,0,0,0,1,0,0,170.18,172.72,155.0,0.0,0.25,0.4475,0.29,0.44,0.6425,1.25,0.25,0.5,0.0,92.25,38.0,129.0,49.5,106.75,50.25,152.25,69.5,7.75,2.75,2.75,2.0,67.25,20.25,102.5,31.75,13.75,7.75,23.5,16.0,11.25,10.0,3.0,1.75,78.25,28.25,78.0,16.5,8.25,5.25,18.5,11.0,5.75,4.5,32.5,22.0,190.0,147.5,848.5,9,0,1,0,1,2,1,0,0,0,1,0,1,0,167.64,167.64,145.0,30.0,34.0,0,0,1,0,0,0,0,0,0,0,0,0,0,0,0,1,0,0,0,0,0,0,1,0
Red,False,0.0,0.0,0.445,0.565,0.3949999999999999,0.0,1.0,0.0,0.0,1.5,85.5,36.5,88.0,49.5,99.5,48.5,108.0,67.5,8.0,3.0,0.5,0.0,72.5,27.5,68.0,34.0,10.0,6.5,16.5,12.0,3.0,2.5,3.5,3.5,59.0,15.5,53.5,20.5,13.5,12.0,17.0,14.5,13.0,9.0,17.5,14.5,407.0,214.0,900.0,6,0,0,1,1,1,1,0,0,0,1,0,0,0,182.88,182.88,185.0,0.125,0.03125,0.349375,0.459375,0.1090625,0.0,0.0,0.0,0.0,0.03125,167.921875,56.234375,172.6875,79.140625,187.59375,73.265625,180.859375,86.625,4.6875,0.90625,0.4375,0.0,132.609375,35.328125,150.546875,61.609375,19.796875,11.78125,18.203125,14.359375,15.515625,9.125,3.9375,3.171875,156.1875,47.765625,147.734375,60.828125,8.28125,5.453125,23.40625,16.765625,3.453125,3.015625,1.546875,1.546875,165.203125,15.765625,882.75,21,1,2,0,2,4,3,0,0,0,4,0,0,0,185.42,187.96,185.0,24.0,32.0,0,0,0,0,0,0,0,1,0,0,0,0,0,0,0,1,0,0,0,0,1,0,0,0
Blue,False,0.0,0.0,0.35,0.4225,0.25,0.15625,0.0,0.0,0.0,0.0,188.0,62.5,142.5,59.375,207.75,80.375,187.375,100.5,1.0,0.5,3.5,0.5,159.0,41.375,109.875,34.75,14.375,8.0,17.875,12.75,14.625,13.125,14.75,11.875,176.375,54.625,135.875,53.625,9.875,7.375,4.0,3.25,1.75,0.5,2.625,2.5,153.625,132.5,900.0,12,0,0,1,2,2,2,0,0,0,2,0,0,0,162.56,162.56,125.0,0.01953125,0.0,0.4604882812499999,0.43701171875,0.4865625,0.5103125,0.375,0.080078125,0.15625,0.0,211.935546875,93.09375,149.724609375,61.421875,259.787109375,135.66796875,185.25390625,93.240234375,3.4453125,1.9140625,3.396484375,1.78125,123.853515625,33.52734375,99.6484375,24.708984375,34.666015625,15.892578125,31.26171875,21.66796875,53.416015625,43.673828125,18.814453125,15.044921875,198.859375,83.33984375,142.197265625,55.6328125,9.90234375,7.345703125,4.94140625,3.48046875,3.173828125,2.408203125,2.5859375,2.30859375,139.19140625,177.611328125,849.94921875,24,0,1,0,2,6,4,0,0,1,3,1,1,0,167.64,165.1,125.0,31.0,34.0,0,0,0,0,0,0,0,0,0,0,0,0,1,0,0,1,0,0,0,0,1,0,0,0
Blue,False,0.015625,0.0,0.45,0.4275,0.25,0.2,0.148468017578125,0.098388671875,0.0,0.0,66.5,29.6875,64.31230545043945,27.34375,89.75,48.0,85.53125,44.41152191162109,2.0,0.75,2.0546875,0.75,51.1875,18.3359375,49.6123046875,16.280410766601562,7.5,5.07647705078125,7.5,5.0,4.5,3.625,4.984375,3.9375,48.6875,17.0,47.11572265625,16.5,5.75,3.75,5.3125,3.4375,5.0625,3.5,3.875,2.5,99.2119140625,94.125,638.5,0,0,0,0,0,0,0,0,0,0,0,0,0,0,177.8,182.88,135.0,0.0471682548522949,0.0,0.45,0.4217682266235352,0.25,0.19173828125,0.1875,0.125,0.0,0.0,69.5,30.5,66.984375,27.8466796875,94.0,48.544921875,88.50390625,44.75,2.0,0.8125,2.015625,0.6640625,54.0,19.01513671875,51.483436584472656,16.9437255859375,7.91796875,5.430633544921875,7.75,5.0625,4.780975341796875,3.9373779296875,4.8994140625,3.84375,51.025390625,18.400863647460938,50.515625,17.5,5.75,3.75,5.5,3.5,5.375,3.6875,4.0,2.65625,104.865234375,89.5,655.8441009521484,0,0,0,0,0,0,0,0,0,0,0,0,0,0,175.26,180.34,145.0,29.0,27.0,0,0,1,0,0,0,0,0,0,0,0,0,0,0,0,1,0,0,0,0,1,0,0,0
Blue,False,0.25,0.25,0.44625,0.4087499999999999,0.125,0.1875,0.0,0.25,0.125,0.25,124.0,55.75,147.125,58.75,133.5,63.875,154.125,64.5,2.0,0.25,1.125,0.75,83.5,28.375,106.0,23.625,21.5,13.25,35.375,29.625,19.0,14.125,5.75,5.5,111.625,45.5,134.125,50.25,3.5,3.25,11.5,7.375,8.875,7.0,1.5,1.125,138.5,64.125,883.5,12,0,0,1,2,2,2,0,0,0,1,1,0,0,172.72,177.8,135.0,0.3125,0.53125,0.4546484375,0.5805859375,0.114140625,0.093125,0.0078125,0.25,0.01953125,0.0,62.9296875,31.74609375,62.6484375,28.6328125,70.32421875,38.79296875,78.2578125,42.296875,3.39453125,1.0703125,3.7578125,1.6875,40.4609375,15.10546875,49.23046875,18.33203125,14.2890625,10.17578125,7.125,4.8359375,8.1796875,6.46484375,6.29296875,5.46484375,45.33203125,18.91015625,52.03515625,20.63671875,12.65234375,9.8046875,7.6328125,5.1171875,4.9453125,3.03125,2.98046875,2.87890625,83.20703125,73.1484375,486.6875,25,0,3,0,3,5,4,0,0,2,3,0,0,0,167.64,167.64,135.0,26.0,39.0,1,0,0,0,0,0,0,0,0,0,0,0,0,0,0,0,0,1,0,0,1,0,0,0
Red,False,0.015625,0.0,0.45,0.4275,0.25,0.2,0.148468017578125,0.098388671875,0.0,0.0,66.5,29.6875,64.31230545043945,27.34375,89.75,48.0,85.53125,44.41152191162109,2.0,0.75,2.0546875,0.75,51.1875,18.3359375,49.6123046875,16.280410766601562,7.5,5.07647705078125,7.5,5.0,4.5,3.625,4.984375,3.9375,48.6875,17.0,47.11572265625,16.5,5.75,3.75,5.3125,3.4375,5.0625,3.5,3.875,2.5,99.2119140625,94.125,638.5,0,0,0,0,0,0,0,0,0,0,0,0,0,0,167.64,172.72,145.0,0.0,0.0,0.42,0.31,0.33,0.0,0.0,0.0,0.0,1.0,127.0,54.0,122.0,38.0,130.0,57.0,125.0,40.0,6.0,2.0,0.0,0.0,94.0,32.0,88.0,19.0,23.0,15.0,23.0,10.0,10.0,7.0,11.0,9.0,118.0,48.0,120.0,37.0,5.0,3.0,1.0,0.0,4.0,3.0,1.0,1.0,123.0,20.0,900.0,3,0,0,1,0,0,1,0,0,0,0,0,0,0,177.8,187.96,145.0,30.0,31.0,0,0,1,0,0,0,0,0,0,0,0,0,0,0,0,1,0,0,0,0,1,0,0,0
Red,False,0.265625,0.0,0.51578125,0.3413671875,0.6441796875,0.578515625,0.515625,1.14453125,0.53125,0.1875,68.54296875,37.0390625,42.70703125,17.96484375,76.30078125,44.03515625,77.43359375,48.25,0.87109375,0.71484375,2.19921875,1.71484375,48.546875,21.6171875,26.828125,6.765625,13.53515625,10.19921875,4.6796875,3.0703125,6.4609375,5.22265625,11.19921875,8.12890625,48.5078125,22.484375,32.3828125,10.421875,12.328125,10.09765625,5.6953125,3.9921875,7.70703125,4.45703125,4.62890625,3.55078125,127.54296875,189.22265625,531.12109375,23,0,1,0,2,6,3,0,0,0,2,2,2,0,190.5,198.12,170.0,0.62255859375,0.28125,0.520570068359375,0.473438720703125,0.0007421875,0.15682373046875,0.19189453125,0.0,0.03125,0.0001220703125,195.5740966796875,102.029052734375,241.8458251953125,116.331787109375,195.7801513671875,102.2333984375,254.706787109375,128.518798828125,0.014892578125,0.0048828125,2.4432373046875,0.5692138671875,144.5462646484375,60.0296630859375,197.482177734375,80.7283935546875,12.3839111328125,7.6627197265625,21.387451171875,14.8140869140625,38.6439208984375,34.336669921875,22.9761962890625,20.789306640625,189.12109375,98.216552734375,223.07666015625,104.5264892578125,3.550048828125,1.4866943359375,13.2288818359375,7.2398681640625,2.9029541015625,2.3258056640625,5.540283203125,4.5654296875,17.1573486328125,90.2999267578125,798.3233642578125,28,0,0,1,6,11,3,0,0,1,0,6,3,1,180.34,190.5,170.0,30.0,28.0,0,0,0,0,0,0,0,0,0,1,0,0,0,0,0,1,0,0,0,0,1,0,0,0
Red,False,1.125,0.0,0.465,0.14375,0.2975,0.04125,0.25,0.0,0.0,0.0,32.25,14.625,22.875,5.875,33.0,15.25,24.5,7.375,2.875,1.25,0.5,0.125,29.125,11.875,19.75,4.125,2.25,2.0,1.25,1.0,0.875,0.75,1.875,0.75,21.375,7.5,18.5,3.0,4.75,3.25,2.5,1.5,6.125,3.875,1.875,1.375,85.125,5.5,208.75,6,0,4,0,4,4,0,0,0,1,0,2,1,0,187.96,187.96,185.0,0.049102783203125,0.44140625,0.4312722778320312,0.4119482421875,0.2116485595703125,0.0,0.00018310546875,0.0,0.0,0.0,121.947021484375,56.35980224609375,119.43685913085938,48.02294921875,137.0479736328125,70.43399047851562,129.29287719726562,57.37857055664063,8.223358154296875,2.01641845703125,4.313720703125,0.0,91.24151611328124,35.303680419921875,82.54205322265625,24.46502685546875,23.32748413085937,15.92083740234375,21.41302490234375,15.396728515625,7.378021240234375,5.135284423828125,15.481781005859377,8.16119384765625,110.70590209960938,47.0235595703125,106.973388671875,39.92962646484375,6.6964111328125,5.3280029296875,11.575103759765623,7.4044189453125,4.544708251953125,4.00823974609375,0.88836669921875,0.68890380859375,129.62423706054688,4.03057861328125,740.2371215820312,28,0,2,0,5,11,5,0,0,0,4,6,1,0,185.42,195.58,185.0,22.0,36.0,0,0,0,0,0,0,0,1,0,0,0,0,0,0,0,1,0,0,0,0,0,0,1,0
Blue,False,0.00048828125,0.046875,0.5237841796875,0.3430615234374999,0.6350390625,0.3378759765625,1.12548828125,0.28125,0.0634765625,0.0625,145.84375,78.0029296875,100.25048828125,35.0732421875,160.208984375,89.33544921875,105.7333984375,40.41748046875,3.01806640625,1.72216796875,7.5087890625,1.94140625,93.45654296875,36.23388671875,76.197265625,19.26953125,36.77880859375,28.32080078125,10.43896484375,4.78955078125,15.6083984375,13.4482421875,13.6142578125,11.01416015625,119.4150390625,54.06884765625,92.13916015625,30.8271484375,14.53369140625,13.04345703125,6.04638671875,2.88623046875,11.89501953125,10.890625,2.06494140625,1.35986328125,137.95166015625,168.78857421875,893.97607421875,32,0,4,0,4,6,6,0,0,1,3,1,1,0,177.8,180.34,155.0,0.1484375,0.0,0.4601953125,0.3721484375,0.165625,0.17828125,0.203125,0.07421875,0.0,0.0625,136.1875,66.4140625,142.078125,52.67578125,150.671875,77.2421875,146.28515625,54.8359375,2.40625,0.2890625,2.8515625,1.1875,81.2578125,25.62890625,110.31640625,30.40625,25.36328125,18.4375,17.3984375,10.890625,29.56640625,22.34765625,14.36328125,11.37890625,127.3984375,62.3671875,135.1796875,47.71484375,3.8046875,1.515625,3.6484375,2.9609375,4.984375,2.53125,3.25,2.0,34.97265625,88.234375,819.4609375,22,0,0,1,1,3,6,0,0,0,1,1,1,0,175.26,180.34,155.0,33.0,28.0,0,0,0,0,0,0,1,0,0,0,0,0,0,0,0,1,0,0,0,0,1,0,0,0
Red,False,0.875,0.5625,0.4120312499999999,0.391796875,0.24234375,0.25078125,0.1640625,0.00390625,0.00390625,0.5078125,58.96875,25.69140625,73.21875,30.390625,91.51171875,54.13671875,95.78125,51.30859375,2.85546875,0.99609375,1.17578125,0.50390625,50.4140625,18.21484375,59.625,22.99609375,3.79296875,2.734375,8.8046875,5.0625,4.76171875,4.7421875,4.7890625,2.33203125,49.69140625,20.3671875,51.14453125,14.546875,1.14453125,0.8203125,1.60546875,1.03515625,8.1328125,4.50390625,20.46875,14.80859375,140.37109375,257.11328125,715.46875,22,0,0,3,2,4,5,0,0,0,2,1,1,0,182.88,190.5,170.0,0.02056884765625,0.015625,0.4755332946777344,0.4902760314941405,0.3078237915039062,0.442255859375,0.0220489501953125,0.078277587890625,0.0625,0.773529052734375,72.56565856933594,33.939178466796875,62.14576721191406,28.96664428710937,89.47000122070312,49.31550598144531,97.0692138671875,59.10308837890625,3.872879028320313,1.3278350830078125,2.9763336181640625,1.401580810546875,55.92901611328125,20.308181762695312,49.200439453125,20.443191528320312,9.76605224609375,7.0143890380859375,8.290069580078125,4.2515716552734375,6.8705902099609375,6.616607666015625,4.6552581787109375,4.271881103515625,59.72489929199219,26.843490600585938,45.10484313964844,16.88568115234375,6.979782104492188,3.2825164794921875,8.61248779296875,6.687744140625,5.8609771728515625,3.81317138671875,8.428436279296875,5.393218994140625,191.5683441162109,287.0370635986328,840.3583526611328,39,0,0,1,3,10,7,0,0,1,2,4,3,0,180.34,193.04,170.0,33.0,32.0,0,0,0,0,0,0,0,0,0,1,0,0,0,0,0,0,0,1,0,0,1,0,0,0
Red,False,0.35546875,0.375,0.4338671875,0.4971484375,0.52078125,0.267578125,0.0,0.1328125,0.0,0.0,56.99609375,27.671875,80.94140625,39.3515625,58.6015625,28.70703125,93.3125,48.80078125,1.30859375,0.78125,3.23828125,0.7890625,43.71875,16.62890625,50.7421875,15.62890625,2.6328125,2.1640625,12.7890625,9.9453125,10.64453125,8.87890625,17.41015625,13.77734375,51.64453125,25.5234375,62.015625,24.57421875,4.24609375,1.69140625,11.74609375,8.7578125,1.10546875,0.45703125,7.1796875,6.01953125,39.72265625,137.12890625,769.16015625,24,1,1,0,4,6,3,0,0,1,3,2,0,0,182.88,187.96,185.0,0.1019287109375,1.5006103515625,0.338255615234375,0.423056640625,0.0059814453125,0.1231787109374999,0.0,0.0001220703125,0.0,0.009765625,180.2396240234375,63.86962890625,127.7470703125,56.3857421875,184.21923828125,67.2115478515625,148.568359375,74.7037353515625,0.2706298828125,0.0108642578125,5.1126708984375,1.3128662109375,136.2420654296875,35.1593017578125,102.4970703125,36.7276611328125,19.8514404296875,10.8494873046875,13.7374267578125,9.63232421875,24.1461181640625,17.86083984375,11.5125732421875,10.0257568359375,169.8321533203125,58.071533203125,108.218505859375,42.1796875,6.53076171875,3.542236328125,11.2490234375,7.188720703125,3.876708984375,2.255859375,8.279541015625,7.017333984375,25.45166015625,112.497314453125,882.0343017578125,37,3,2,0,9,11,3,0,0,1,5,5,0,0,182.88,185.42,185.0,27.0,29.0,0,0,0,0,0,0,0,1,0,0,0,0,0,0,0,0,0,1,0,0,1,0,0,0
Red,False,0.31689453125,0.515625,0.3299609375,0.4453857421875,0.00048828125,0.3901806640625,0.03173828125,0.62646484375,0.00146484375,0.0009765625,37.15869140625,14.30322265625,57.6298828125,28.62158203125,39.728515625,16.25341796875,64.900390625,35.13671875,0.00048828125,0.00048828125,1.99267578125,1.20947265625,34.35009765625,12.33642578125,49.6123046875,21.41259765625,2.46484375,1.630859375,2.89501953125,2.5478515625,0.34375,0.3359375,5.12255859375,4.6611328125,32.84912109375,11.6650390625,43.1748046875,16.6787109375,3.03271484375,1.67919921875,1.31103515625,0.64013671875,1.27685546875,0.958984375,13.14404296875,11.302734375,2.37255859375,117.21630859375,315.36328125,25,0,2,0,2,6,6,0,0,1,1,4,0,0,187.96,190.5,205.0,0.4475936889648437,0.136871337890625,0.4246883773803711,0.5704421997070312,0.3648161888122558,0.1417192268371582,0.0006141662597656,0.7679500579833984,0.0,0.0002479553222656,64.52305793762207,28.974550247192383,81.2181568145752,42.49662208557129,96.3189868927002,51.1549243927002,115.09214210510254,73.12174415588379,3.0288848876953125,1.4122428894042969,2.5802249908447266,0.6303920745849609,53.26473617553711,20.94520378112793,62.82912826538086,28.06381607055664,3.6357574462890634,2.5419960021972656,13.328697204589844,9.878870010375977,7.622564315795898,5.487350463867188,5.060331344604492,4.553936004638672,46.98582458496094,19.44703483581543,68.54681205749512,33.17552757263184,1.5389518737792969,0.9978256225585938,10.41545867919922,7.641931533813477,15.998281478881836,8.52968978881836,2.25588607788086,1.6791629791259766,334.8390808105469,60.75686836242676,709.5703449249268,51,3,0,1,3,10,10,0,0,1,1,8,0,0,185.42,193.04,205.0,44.0,38.0,0,0,0,0,0,1,0,0,0,0,0,0,0,0,0,0,0,1,0,0,1,0,0,0
Red,False,0.015625,0.0,0.45,0.4275,0.25,0.2,0.148468017578125,0.098388671875,0.0,0.0,66.5,29.6875,64.31230545043945,27.34375,89.75,48.0,85.53125,44.41152191162109,2.0,0.75,2.0546875,0.75,51.1875,18.3359375,49.6123046875,16.280410766601562,7.5,5.07647705078125,7.5,5.0,4.5,3.625,4.984375,3.9375,48.6875,17.0,47.11572265625,16.5,5.75,3.75,5.3125,3.4375,5.0625,3.5,3.875,2.5,99.2119140625,94.125,638.5,0,0,0,0,0,0,0,0,0,0,0,0,0,0,185.42,195.58,155.0,0.0629968643188476,0.033203125,0.3855459213256835,0.4548919105529785,0.1745952606201171,0.3020433712005615,0.2891006469726562,0.007883071899414,0.06256103515625,0.0019550323486328,110.5716791152954,42.553388595581055,114.23531436920166,53.73431491851807,112.80509185791016,44.67832660675049,120.77933597564696,59.48165702819824,1.202741622924805,0.368560791015625,0.9607315063476562,0.6204462051391602,87.62660789489746,26.260591506958008,62.54109764099121,17.918322563171387,18.54574489593506,12.48873519897461,25.521284103393555,14.507597923278809,4.399326324462891,3.8040618896484375,26.17293262481689,21.30839443206787,104.7569704055786,39.15004253387451,109.58218574523926,50.09677505493164,5.287298202514648,2.98825740814209,2.344148635864258,1.848261833190918,0.5274105072021484,0.4150886535644531,2.3089799880981445,1.7892780303955078,28.96644496917725,65.08849906921387,873.965085029602,53,0,1,0,7,15,6,0,0,1,8,3,2,1,175.26,177.8,155.0,32.0,41.0,0,0,0,0,0,0,1,0,0,0,0,0,0,0,0,1,0,0,0,0,0,0,1,0
Red,False,0.125,0.0,0.45,0.4975,0.0625,0.425,0.25,0.125,0.25,0.0,154.75,71.25,120.75,61.5,164.75,80.0,151.25,86.625,1.125,0.25,4.5,1.75,105.5,33.25,85.875,38.125,31.625,24.375,24.75,16.5,17.625,13.625,10.125,6.875,122.375,44.5,78.375,28.25,30.625,25.0,12.75,8.75,1.75,1.75,29.625,24.5,66.875,229.375,900.0,12,0,0,1,2,2,2,0,0,0,2,0,0,0,167.64,165.1,115.0,0.0,0.0,0.4755078124999999,0.4594140624999999,0.2160351562499999,0.122353515625,0.0205078125,0.2890625,0.453125,0.5078125,85.32421875,39.630859375,90.8662109375,42.5205078125,123.419921875,74.6181640625,119.84765625,68.38671875,9.576171875,2.171875,2.2744140625,1.0791015625,70.52734375,27.9501953125,68.220703125,25.197265625,8.966796875,7.0244140625,11.419921875,9.1298828125,5.830078125,4.65625,11.2255859375,8.193359375,71.150390625,29.7802734375,77.0576171875,31.46875,8.80078125,5.7255859375,5.9482421875,4.123046875,5.373046875,4.125,7.8603515625,6.9287109375,184.0458984375,95.4921875,897.7685546875,32,2,1,0,3,7,4,0,1,1,4,0,1,0,154.94,160.02,115.0,33.0,32.0,0,0,0,0,0,0,0,0,0,0,0,0,0,1,0,1,0,0,0,0,1,0,0,0
Red,False,0.015625,0.0,0.45,0.4275,0.25,0.2,0.148468017578125,0.098388671875,0.0,0.0,66.5,29.6875,64.31230545043945,27.34375,89.75,48.0,85.53125,44.41152191162109,2.0,0.75,2.0546875,0.75,51.1875,18.3359375,49.6123046875,16.280410766601562,7.5,5.07647705078125,7.5,5.0,4.5,3.625,4.984375,3.9375,48.6875,17.0,47.11572265625,16.5,5.75,3.75,5.3125,3.4375,5.0625,3.5,3.875,2.5,99.2119140625,94.125,638.5,0,0,0,0,0,0,0,0,0,0,0,0,0,0,187.96,198.12,170.0,0.0,0.0,0.82,0.5,1.0,0.0,1.0,0.0,0.0,0.0,52.0,43.0,2.0,1.0,140.0,124.0,3.0,2.0,2.0,2.0,0.0,0.0,49.0,40.0,2.0,1.0,1.0,1.0,0.0,0.0,2.0,2.0,0.0,0.0,1.0,1.0,2.0,1.0,0.0,0.0,0.0,0.0,51.0,42.0,0.0,0.0,354.0,0.0,372.0,2,0,1,0,1,1,0,0,0,0,0,0,1,0,187.96,190.5,170.0,24.0,26.0,0,0,0,0,0,0,0,0,0,1,0,0,0,0,0,1,0,0,0,0,1,0,0,0
Red,False,0.0,1.5,0.4575,0.6975,0.3425,0.0,0.25,0.0,0.0,0.125,12.0,6.25,17.625,14.375,14.0,7.875,18.75,15.5,3.25,1.0,0.0,0.0,10.375,4.625,13.875,11.125,1.25,1.25,3.75,3.25,0.375,0.375,0.0,0.0,7.875,3.125,4.375,2.125,2.5,2.25,11.25,10.25,1.625,0.875,2.0,2.0,68.75,13.625,114.25,4,0,2,0,2,2,2,0,0,0,0,0,2,0,180.34,177.8,205.0,0.25,0.01171875,0.5376953125,0.3776953125,0.398203125,0.1975390625,0.90234375,0.125,0.09375,0.09375,64.66796875,33.39453125,44.28515625,17.97265625,103.015625,68.21875,67.66015625,32.94921875,3.73046875,0.94140625,1.54296875,0.53515625,46.8984375,20.09765625,38.21484375,13.58203125,13.13671875,9.2109375,2.02734375,1.40625,4.6328125,4.0859375,4.04296875,2.984375,48.78515625,22.203125,30.66796875,9.828125,9.234375,6.828125,1.33203125,1.2578125,6.6484375,4.36328125,12.28515625,6.88671875,88.3828125,312.4921875,625.19140625,18,0,1,0,1,4,5,0,0,0,0,0,4,0,190.5,193.04,205.0,33.0,32.0,0,0,0,0,0,1,0,0,0,0,0,0,0,0,0,1,0,0,0,0,1,0,0,0
Red,False,0.290863037109375,0.015625,0.4130487060546874,0.4693029785156249,0.267054443359375,0.08228271484375,0.00042724609375,0.501983642578125,0.0,0.0,141.33154296875,61.48114013671875,110.78683471679688,51.84356689453125,150.63818359375,70.01300048828125,120.82382202148438,60.6766357421875,2.47802734375,0.930908203125,2.644744873046875,0.412261962890625,93.68002319335938,31.7315673828125,72.92459106445312,25.60678100585937,17.575469970703125,7.4517822265625,18.063690185546875,11.10455322265625,30.0760498046875,22.29779052734375,19.798553466796875,15.132232666015623,130.91207885742188,54.342041015625,98.24893188476562,41.887054443359375,4.17437744140625,2.28973388671875,6.050537109375,3.93994140625,6.245086669921875,4.849365234375,6.48736572265625,6.016571044921875,84.8101806640625,75.99356079101562,984.8200073242188,42,3,1,0,6,10,6,0,0,0,3,5,2,0,195.58,200.66,205.0,0.049072265625,0.2598419189453125,0.5529129028320312,0.4781065368652344,0.3846832275390625,0.3800895690917968,0.58251953125,0.0001220703125,1.0,0.5,103.75401306152344,61.40629577636719,150.70681762695312,76.69984436035156,128.77203369140625,83.92822265625,195.14830017089844,117.87457275390624,6.86065673828125,2.47515869140625,0.64801025390625,0.6426239013671875,73.71177673339844,35.986968994140625,131.30628967285156,60.36691284179688,19.563766479492188,15.7691650390625,10.640716552734377,8.892974853515625,10.478469848632812,9.650161743164062,8.759811401367188,7.4399566650390625,76.15545654296875,42.400482177734375,126.74758911132812,60.30192565917969,13.986373901367188,10.514755249023438,19.781890869140625,12.986251831054688,13.6121826171875,8.491058349609375,4.177337646484375,3.4116668701171875,256.1848907470703,149.76788330078125,940.1629333496094,43,3,0,1,6,11,6,0,0,0,4,4,3,0,193.04,195.58,231.0,33.0,42.0,0,0,0,0,1,0,0,0,0,0,0,0,0,0,0,1,0,0,0,0,1,0,0,0
Red,False,0.1875,0.0,0.4334375,0.5121875,0.045625,0.283125,0.28125,0.5,1.0,0.125,158.5,63.3125,107.625,52.09375,181.5,84.375,140.75,81.875,2.28125,0.1875,7.09375,1.78125,124.40625,36.34375,89.25,39.3125,19.8125,14.25,13.5625,9.71875,14.28125,12.71875,4.8125,3.0625,140.78125,52.8125,86.125,34.875,13.71875,7.625,9.625,7.09375,4.0,2.875,11.875,10.125,100.875,173.28125,783.84375,14,0,0,1,1,3,3,0,0,1,1,1,0,0,190.5,198.12,230.0,0.0471682548522949,0.0,0.45,0.4217682266235352,0.25,0.19173828125,0.1875,0.125,0.0,0.0,69.5,30.5,66.984375,27.8466796875,94.0,48.544921875,88.50390625,44.75,2.0,0.8125,2.015625,0.6640625,54.0,19.01513671875,51.483436584472656,16.9437255859375,7.91796875,5.430633544921875,7.75,5.0625,4.780975341796875,3.9373779296875,4.8994140625,3.84375,51.025390625,18.400863647460938,50.515625,17.5,5.75,3.75,5.5,3.5,5.375,3.6875,4.0,2.65625,104.865234375,89.5,655.8441009521484,0,0,0,0,0,0,0,0,0,0,0,0,0,0,195.58,198.12,256.0,31.0,27.0,0,0,0,0,1,0,0,0,0,0,0,0,0,0,0,1,0,0,0,0,1,0,0,0
Red,False,0.5,0.0,0.225,0.56,0.0,0.0,0.0,0.5,0.0,0.5,89.5,23.0,49.5,24.5,93.0,26.0,60.5,34.0,1.0,0.0,0.5,0.0,74.0,13.5,29.5,8.5,5.5,2.5,7.0,5.0,10.0,7.0,13.0,11.0,81.0,19.0,43.5,21.0,8.5,4.0,2.5,2.0,0.0,0.0,3.5,1.5,3.5,54.5,576.0,4,0,0,1,1,1,1,0,0,0,1,0,0,0,190.5,198.12,262.0,0.5,0.0,0.5675,0.3475,0.0,0.0,0.0,0.0,0.0,0.0,74.75,38.75,75.5,27.25,74.75,38.75,75.5,27.25,0.0,0.0,0.25,0.0,48.25,14.5,56.5,15.5,9.25,8.5,14.75,8.5,17.25,15.75,4.25,3.25,74.25,38.25,73.25,25.25,0.0,0.0,2.25,2.0,0.5,0.5,0.0,0.0,0.5,0.0,530.5,7,0,1,0,1,2,1,0,0,0,1,1,0,0,187.96,190.5,255.0,31.0,28.0,0,0,0,0,1,0,0,0,0,0,0,0,0,0,0,1,0,0,0,0,1,0,0,0
Red,False,1.0,0.0,0.58,0.23,0.33,0.0,0.0,0.0,0.0,0.0,56.0,33.0,95.0,22.0,59.0,36.0,95.0,22.0,3.0,1.0,1.0,0.0,54.0,32.0,82.0,16.0,2.0,1.0,5.0,1.0,0.0,0.0,8.0,5.0,40.0,20.0,91.0,20.0,11.0,9.0,4.0,2.0,5.0,4.0,0.0,0.0,63.0,0.0,582.0,2,0,1,0,1,1,0,0,0,0,0,1,0,0,170.18,182.88,145.0,0.0,0.0,0.47,0.385,0.3349999999999999,0.1,0.0,0.0,0.0,0.0,155.5,60.5,146.0,52.0,200.0,99.5,187.5,88.5,13.5,4.5,3.5,0.5,144.5,52.5,119.0,33.5,6.5,5.0,18.0,13.0,4.5,3.0,9.0,5.5,125.0,36.0,126.0,37.0,13.0,9.5,9.5,8.0,17.5,15.0,10.5,7.0,415.5,20.0,900.0,6,0,2,0,2,2,0,0,0,0,2,0,0,0,170.18,182.88,145.0,33.0,26.0,0,0,1,0,0,0,0,0,0,0,0,0,0,0,0,1,0,0,0,0,1,0,0,0
Red,False,0.015625,0.0,0.45,0.4275,0.25,0.2,0.148468017578125,0.098388671875,0.0,0.0,66.5,29.6875,64.31230545043945,27.34375,89.75,48.0,85.53125,44.41152191162109,2.0,0.75,2.0546875,0.75,51.1875,18.3359375,49.6123046875,16.280410766601562,7.5,5.07647705078125,7.5,5.0,4.5,3.625,4.984375,3.9375,48.6875,17.0,47.11572265625,16.5,5.75,3.75,5.3125,3.4375,5.0625,3.5,3.875,2.5,99.2119140625,94.125,638.5,0,0,0,0,0,0,0,0,0,0,0,0,0,0,185.42,187.96,170.0,0.25,0.0,0.38875,0.30625,0.24125,0.075,0.25,1.0,0.0,0.0,86.375,33.625,103.5,31.125,99.5,46.375,114.25,40.75,7.125,1.0,1.875,0.375,73.875,25.5,81.75,14.625,8.75,5.625,4.625,2.0,3.75,2.5,17.125,14.5,70.75,22.0,99.375,28.375,11.125,8.5,3.875,2.625,4.5,3.125,0.25,0.125,187.75,40.375,900.0,12,0,3,0,3,3,1,0,0,0,3,0,0,0,177.8,193.04,170.0,27.0,33.0,0,0,0,0,0,0,0,0,0,1,0,0,0,0,0,0,0,0,1,0,0,0,1,0
Blue,False,0.0,0.5,0.4225,0.425,0.125,0.0,0.25,0.5,0.0,0.0,149.5,62.0,121.5,50.75,157.75,68.75,133.0,61.25,1.5,0.25,2.75,0.0,122.0,44.5,90.25,28.75,19.5,10.0,16.5,8.75,8.0,7.5,14.75,13.25,137.5,54.75,108.75,42.5,11.75,7.0,10.25,6.75,0.25,0.25,2.5,1.5,68.75,178.25,782.75,8,1,0,2,1,1,2,0,0,0,1,0,0,0,170.18,167.64,135.0,0.0,0.1328125,0.41490234375,0.4252734375,0.03173828125,0.1012890625,0.0,0.25390625,0.00390625,0.0,135.02734375,57.515625,170.359375,70.25,148.76953125,70.171875,186.3515625,84.486328125,1.3671875,0.126953125,2.58984375,0.505859375,102.103515625,35.62109375,143.5546875,52.529296875,20.689453125,12.6328125,19.0078125,11.11328125,12.234375,9.26171875,7.796875,6.607421875,129.013671875,53.955078125,150.654296875,54.978515625,5.759765625,3.431640625,7.580078125,6.146484375,0.25390625,0.12890625,12.125,9.125,65.228515625,91.83984375,838.46875,27,1,3,0,3,5,5,0,0,2,2,1,0,0,165.1,162.56,135.0,28.0,37.0,0,0,0,0,0,0,0,0,0,0,1,0,0,0,0,1,0,0,0,0,1,0,0,0
Red,False,0.015625,0.0,0.45,0.4275,0.25,0.2,0.148468017578125,0.098388671875,0.0,0.0,66.5,29.6875,64.31230545043945,27.34375,89.75,48.0,85.53125,44.41152191162109,2.0,0.75,2.0546875,0.75,51.1875,18.3359375,49.6123046875,16.280410766601562,7.5,5.07647705078125,7.5,5.0,4.5,3.625,4.984375,3.9375,48.6875,17.0,47.11572265625,16.5,5.75,3.75,5.3125,3.4375,5.0625,3.5,3.875,2.5,99.2119140625,94.125,638.5,0,0,0,0,0,0,0,0,0,0,0,0,0,0,167.64,180.34,135.0,0.125,0.5,0.43125,0.49375,0.7475,0.0625,0.75,0.0,0.25,0.0,96.125,42.25,69.25,34.5,126.125,69.25,79.5,44.125,1.625,1.25,1.125,0.25,62.75,22.0,53.375,21.875,12.75,6.375,6.875,4.75,20.625,13.875,9.0,7.875,86.125,34.375,63.25,29.75,4.875,3.75,3.5,2.75,5.125,4.125,2.5,2.0,111.5,86.875,585.75,10,0,3,0,3,3,1,0,0,0,0,0,3,0,167.64,175.26,140.0,28.0,27.0,1,0,0,0,0,0,0,0,0,0,0,0,0,0,0,0,0,0,1,0,1,0,0,0
Blue,False,0.0,0.0,0.375,0.535,0.0,0.5,0.0,0.0,0.5,0.0,84.0,28.5,85.0,38.5,120.0,62.5,109.0,60.0,0.0,0.0,1.0,1.0,69.5,21.0,50.5,17.0,7.5,3.0,25.5,15.0,7.0,4.5,9.0,6.5,74.5,21.0,81.5,36.0,1.0,1.0,0.0,0.0,8.5,6.5,3.5,2.5,8.5,131.0,671.0,5,0,0,1,1,1,1,0,0,0,0,1,0,0,190.5,195.58,155.0,0.078125,0.75,0.3040625,0.4681249999999999,0.415,0.4128125,0.109375,0.0,0.125,0.0,71.265625,21.828125,100.25,48.015625,79.140625,28.578125,111.625,58.109375,2.0,1.0,3.75,1.875,57.640625,12.46875,65.328125,20.65625,8.5625,4.671875,19.1875,14.609375,5.0625,4.6875,15.734375,12.75,67.78125,19.59375,88.671875,40.0,1.578125,1.15625,6.953125,5.046875,1.90625,1.078125,4.625,2.96875,58.703125,159.921875,746.5,14,0,2,0,2,4,3,0,0,0,1,1,2,0,177.8,185.42,155.0,26.0,32.0,0,0,0,0,0,0,1,0,0,0,0,0,0,0,0,1,0,0,0,0,1,0,0,0
Red,False,0.261749267578125,1.00006103515625,0.4577499389648437,0.49082763671875,0.15446044921875,0.2851092529296875,0.000274658203125,0.6875,0.26019287109375,0.125152587890625,119.85922241210938,52.63327026367188,113.310791015625,55.741119384765625,128.69302368164062,58.67208862304688,120.2652587890625,61.899658203125,4.2625732421875,0.75531005859375,2.643707275390625,0.88336181640625,90.05001831054688,28.83969116210937,85.90081787109375,33.8404541015625,13.014312744140623,10.012420654296877,11.35723876953125,8.134613037109375,16.794891357421875,13.781158447265623,16.052734375,13.76605224609375,106.77487182617188,43.1097412109375,103.3475341796875,49.151611328125,10.812164306640623,8.347015380859375,5.193267822265625,2.636077880859375,2.272186279296875,1.176513671875,4.769989013671875,3.95343017578125,109.22207641601562,72.74041748046875,989.9950561523438,43,2,5,0,5,10,6,0,0,3,2,3,2,0,175.26,180.34,185.0,0.0,0.515625,0.4453515624999999,0.46650390625,0.29203125,0.012265625,0.46875,0.111328125,0.0,0.0625,122.060546875,51.6953125,73.203125,37.564453125,156.126953125,81.095703125,81.56640625,45.892578125,6.0234375,1.544921875,1.1640625,0.095703125,95.275390625,30.2265625,59.12890625,27.396484375,12.302734375,9.359375,10.076171875,7.2265625,14.482421875,12.109375,3.998046875,2.94140625,108.30859375,40.626953125,57.736328125,24.146484375,8.080078125,6.74609375,6.24609375,4.431640625,5.671875,4.322265625,9.220703125,8.986328125,148.06640625,34.50390625,593.537109375,20,0,1,0,4,7,3,0,0,0,2,3,2,0,185.42,195.58,185.0,28.0,32.0,0,0,0,0,0,0,0,1,0,0,0,0,0,0,0,0,0,1,0,0,1,0,0,0
Blue,False,0.0,0.5,0.75,0.62,0.5,0.0,0.0,0.0,0.0,0.0,66.0,33.5,72.5,32.5,69.5,37.0,79.5,38.5,0.5,0.5,5.5,0.0,43.0,20.0,55.5,22.0,13.0,6.0,14.0,8.0,10.0,7.5,3.0,2.5,55.0,26.5,56.5,20.0,11.0,7.0,12.5,9.0,0.0,0.0,3.5,3.5,47.0,32.0,493.0,4,0,0,1,1,1,1,0,0,0,1,0,0,0,172.72,180.34,155.0,0.265625,0.125,0.428515625,0.3582031249999999,0.49421875,0.14203125,0.0,0.0625,0.09375,0.0,111.5,45.1015625,80.5546875,30.4921875,124.6640625,54.1484375,105.9375,48.796875,5.609375,2.8671875,1.9765625,0.4921875,68.828125,17.5390625,55.9140625,14.4921875,23.1796875,13.84375,10.09375,6.265625,19.4921875,13.71875,14.546875,9.734375,100.0234375,37.953125,73.5390625,26.9296875,4.609375,3.046875,4.1171875,2.296875,6.8671875,4.1015625,2.8984375,1.265625,231.546875,41.2734375,867.78125,21,0,3,0,3,5,3,0,0,0,3,2,0,0,177.8,185.42,155.0,27.0,27.0,0,0,0,0,0,0,1,0,0,0,0,0,0,0,0,0,0,0,1,0,1,0,0,0
Blue,False,0.0,0.5,0.475,0.415,0.18,0.635,0.0,0.0,0.5,0.5,106.5,51.5,96.5,40.5,131.5,74.5,138.5,78.0,9.0,2.0,6.0,2.0,93.5,40.5,68.0,21.5,5.0,4.0,18.0,12.0,8.0,7.0,10.5,7.0,83.0,33.0,72.5,26.5,6.5,6.0,11.5,7.0,17.0,12.5,12.5,7.0,242.0,253.0,900.0,6,0,0,1,1,1,1,0,0,0,1,0,0,0,167.64,170.18,125.0,0.6328125,0.25,0.5194531250000001,0.4203125,0.576015625,0.216640625,0.1796875,0.0,0.09375,0.03125,81.875,39.359375,63.25,30.171875,87.125,44.0,73.8828125,40.046875,3.109375,1.03125,2.265625,0.828125,70.8828125,31.484375,53.609375,23.7265625,5.296875,3.4375,6.84375,4.375,5.6953125,4.4375,2.796875,2.0703125,69.328125,29.9140625,52.421875,23.2421875,5.34375,3.65625,5.265625,3.0,7.203125,5.7890625,5.5625,3.9296875,72.609375,45.3984375,439.4609375,18,0,2,0,3,6,2,0,0,1,1,2,2,0,165.1,170.18,125.0,27.0,30.0,0,0,0,1,0,0,0,0,0,0,0,0,0,0,0,1,0,0,0,0,1,0,0,0
Red,False,0.0,0.5,0.39,0.4975,0.185,0.165,0.0,0.25,0.0,0.5,111.25,43.25,84.75,36.0,126.75,55.5,95.75,45.25,4.5,1.75,1.75,0.5,95.0,33.0,76.5,30.0,8.0,4.0,4.5,3.0,8.25,6.25,3.75,3.0,90.75,27.75,70.25,25.0,6.5,4.75,9.75,7.5,14.0,10.75,4.75,3.5,221.25,44.75,741.0,8,0,2,0,2,2,1,0,0,0,2,0,0,0,172.72,177.8,145.0,0.0,0.0,0.5700000000000001,0.5474999999999999,0.54,0.5,1.5,1.25,0.0,0.5,57.0,28.5,35.0,19.25,83.25,51.0,53.0,36.5,6.75,3.25,0.5,0.5,47.25,21.25,25.75,12.25,6.0,4.0,6.25,4.5,3.75,3.25,3.0,2.5,29.75,11.25,27.25,12.5,6.25,4.0,4.0,3.5,21.0,13.25,3.75,3.25,372.5,25.75,535.75,7,0,3,0,3,3,0,0,0,0,1,0,2,0,177.8,182.88,145.0,33.0,26.0,0,1,0,0,0,0,0,0,0,0,0,0,0,0,0,1,0,0,0,0,0,0,0,1
Red,True,0.3752517700195312,0.515869140625,0.4499304580688476,0.4545235824584961,0.1101222610473632,0.6957965087890625,0.0005264282226562,0.5,0.25048828125,0.125,98.49842071533205,44.16661834716797,59.21098709106445,27.19040298461914,108.62693786621094,53.18164443969727,65.92224884033203,33.2048454284668,3.081439971923828,1.0099143981933594,2.606605529785156,1.2378997802734375,66.23543548583984,24.97040557861328,47.63860321044922,18.635231018066406,16.294910430908203,9.903095245361328,10.984203338623049,8.148269653320312,15.968074798583984,9.29311752319336,0.5881805419921875,0.4069023132324219,85.73892974853516,36.19744873046875,51.62438201904297,20.19073486328125,9.941295623779297,6.103023529052734,4.918258666992188,4.584362030029297,2.818195343017578,1.8661460876464844,2.668346405029297,2.4153060913085938,101.50324249267578,44.12424850463867,538.0793685913086,47,2,3,0,6,15,4,0,0,1,8,5,1,0,162.56,165.1,125.0,0.7109375,0.0,0.5378125,0.519765625,0.620859375,0.1499218749999999,0.8671875,0.03125,0.0,0.0,47.765625,25.421875,80.59375,39.6875,51.0234375,28.3984375,85.9140625,44.4921875,1.4609375,0.8671875,3.4765625,0.7421875,39.359375,19.1640625,54.9609375,23.3671875,7.9609375,5.9375,10.2109375,5.9375,0.4453125,0.3203125,15.421875,10.3828125,38.234375,18.328125,65.8203125,30.4140625,4.4453125,3.15625,13.25,8.4296875,5.0859375,3.9375,1.5234375,0.84375,45.875,44.7109375,458.6875,18,0,4,0,4,7,1,0,0,1,1,4,1,0,165.1,172.72,125.0,35.0,32.0,0,0,0,1,0,0,0,0,0,0,0,0,0,0,0,0,0,1,0,0,1,0,0,0
Red,False,0.0,0.0,0.515,0.495,0.33,0.0,0.0,0.5,0.0,0.0,134.5,70.5,165.0,81.0,149.5,82.5,189.0,103.5,5.0,1.5,2.5,0.0,128.0,65.5,139.5,59.0,5.5,4.0,16.5,14.5,1.0,1.0,9.0,7.5,114.0,56.5,128.0,52.5,20.5,14.0,36.0,27.5,0.0,0.0,1.0,1.0,282.0,72.5,809.5,6,0,0,2,0,0,2,0,0,0,0,0,0,0,190.5,198.12,205.0,0.0471682548522949,0.0,0.45,0.4217682266235352,0.25,0.19173828125,0.1875,0.125,0.0,0.0,69.5,30.5,66.984375,27.8466796875,94.0,48.544921875,88.50390625,44.75,2.0,0.8125,2.015625,0.6640625,54.0,19.01513671875,51.483436584472656,16.9437255859375,7.91796875,5.430633544921875,7.75,5.0625,4.780975341796875,3.9373779296875,4.8994140625,3.84375,51.025390625,18.400863647460938,50.515625,17.5,5.75,3.75,5.5,3.5,5.375,3.6875,4.0,2.65625,104.865234375,89.5,655.8441009521484,0,0,0,0,0,0,0,0,0,0,0,0,0,0,187.96,193.04,205.0,25.0,32.0,0,0,0,0,0,1,0,0,0,0,0,0,0,0,0,1,0,0,0,0,1,0,0,0
Red,False,1.0,0.0,0.48,0.46,0.0,0.0,3.0,0.0,2.0,2.0,231.0,111.0,149.0,69.0,251.0,126.0,149.0,69.0,0.0,0.0,2.0,0.0,180.0,75.0,103.0,39.0,46.0,31.0,34.0,21.0,5.0,5.0,12.0,9.0,181.0,82.0,125.0,55.0,40.0,21.0,23.0,13.0,10.0,8.0,1.0,1.0,160.0,0.0,900.0,3,0,1,0,1,1,0,0,0,0,1,0,0,0,167.64,175.26,125.0,0.5,0.0,0.3925,0.4225,0.25,0.6625000000000001,0.5,1.0,0.5,0.25,137.75,45.75,117.25,55.75,222.5,121.75,170.75,102.5,0.25,0.25,2.75,1.75,112.0,29.0,90.75,35.75,17.25,11.75,11.0,6.75,8.5,5.0,15.5,13.25,123.5,35.75,95.5,41.25,4.0,3.0,5.75,4.5,10.25,7.0,16.0,10.0,314.0,219.5,900.0,9,0,0,2,1,1,2,0,0,0,1,0,0,0,167.64,170.18,125.0,27.0,26.0,0,0,0,0,0,0,0,0,0,0,0,0,1,0,0,1,0,0,0,0,1,0,0,0
Blue,False,0.015625,0.0,0.45,0.4275,0.25,0.2,0.148468017578125,0.098388671875,0.0,0.0,66.5,29.6875,64.31230545043945,27.34375,89.75,48.0,85.53125,44.41152191162109,2.0,0.75,2.0546875,0.75,51.1875,18.3359375,49.6123046875,16.280410766601562,7.5,5.07647705078125,7.5,5.0,4.5,3.625,4.984375,3.9375,48.6875,17.0,47.11572265625,16.5,5.75,3.75,5.3125,3.4375,5.0625,3.5,3.875,2.5,99.2119140625,94.125,638.5,0,0,0,0,0,0,0,0,0,0,0,0,0,0,165.1,172.72,125.0,0.0471682548522949,0.0,0.45,0.4217682266235352,0.25,0.19173828125,0.1875,0.125,0.0,0.0,69.5,30.5,66.984375,27.8466796875,94.0,48.544921875,88.50390625,44.75,2.0,0.8125,2.015625,0.6640625,54.0,19.01513671875,51.483436584472656,16.9437255859375,7.91796875,5.430633544921875,7.75,5.0625,4.780975341796875,3.9373779296875,4.8994140625,3.84375,51.025390625,18.400863647460938,50.515625,17.5,5.75,3.75,5.5,3.5,5.375,3.6875,4.0,2.65625,104.865234375,89.5,655.8441009521484,0,0,0,0,0,0,0,0,0,0,0,0,0,0,170.18,180.34,125.0,26.0,30.0,1,0,0,0,0,0,0,0,0,0,0,0,0,0,0,1,0,0,0,0,0,0,0,1
Red,False,0.5,0.0,0.64,0.37875,0.6775,0.35375,0.125,1.5,0.25,0.0,92.0,60.0,37.375,14.875,136.25,96.875,44.375,20.5,8.75,6.5,6.875,1.625,75.875,45.625,21.0,3.375,12.0,10.625,8.375,5.0,4.125,3.75,8.0,6.5,52.75,29.25,32.75,12.5,34.0,26.375,4.5,2.375,5.25,4.375,0.125,0.0,442.125,85.0,800.0,10,0,0,1,3,3,1,0,0,0,2,0,1,0,177.8,190.5,135.0,0.0,0.75,0.5675,0.5053124999999999,0.3965625,0.39625,1.59375,0.25,0.5,0.125,82.9375,42.96875,109.84375,55.90625,113.0,69.40625,137.71875,79.9375,7.25,3.5625,5.6875,2.875,75.5625,37.71875,75.5625,30.71875,5.78125,4.15625,18.21875,12.03125,1.59375,1.09375,16.0625,13.15625,58.40625,21.375,72.40625,30.71875,8.15625,7.25,25.375,18.53125,16.375,14.34375,12.0625,6.65625,326.15625,202.78125,782.125,16,0,3,0,3,4,2,0,0,0,2,0,2,0,170.18,180.34,135.0,28.0,28.0,1,0,0,0,0,0,0,0,0,0,0,0,0,0,0,0,0,1,0,0,1,0,0,0
Blue,False,0.0,0.25,0.3725,0.455,0.1875,0.125,0.25,0.0,0.0,0.0,52.75,19.0,72.5,31.0,66.25,30.25,119.25,67.75,2.5,1.5,4.0,1.0,50.75,17.0,59.75,24.25,1.75,1.75,10.25,4.5,0.25,0.25,2.5,2.25,44.5,12.25,45.75,14.0,4.75,3.25,7.25,4.25,3.5,3.5,19.5,12.75,65.25,253.5,586.0,6,0,0,1,1,1,2,0,0,0,0,0,1,0,190.5,198.12,260.0,0.0471682548522949,0.0,0.45,0.4217682266235352,0.25,0.19173828125,0.1875,0.125,0.0,0.0,69.5,30.5,66.984375,27.8466796875,94.0,48.544921875,88.50390625,44.75,2.0,0.8125,2.015625,0.6640625,54.0,19.01513671875,51.483436584472656,16.9437255859375,7.91796875,5.430633544921875,7.75,5.0625,4.780975341796875,3.9373779296875,4.8994140625,3.84375,51.025390625,18.400863647460938,50.515625,17.5,5.75,3.75,5.5,3.5,5.375,3.6875,4.0,2.65625,104.865234375,89.5,655.8441009521484,0,0,0,0,0,0,0,0,0,0,0,0,0,0,182.88,190.5,245.0,25.0,25.0,0,0,0,0,1,0,0,0,0,0,0,0,0,0,0,1,0,0,0,0,1,0,0,0
Blue,False,0.0,0.0,0.37,0.585,0.13,0.22,0.0,0.0,0.0,0.0,74.0,30.0,34.0,18.5,132.0,85.0,57.0,41.5,11.5,1.5,6.0,2.0,51.0,16.5,23.0,10.5,16.5,9.0,9.0,7.0,6.5,4.5,2.0,1.0,51.0,13.0,25.5,10.5,8.5,6.0,4.5,4.5,14.5,11.0,4.0,3.5,290.0,213.5,900.0,6,0,0,1,1,1,1,0,0,0,1,0,0,0,170.18,182.88,155.0,0.0,0.5,0.35125,0.39625,0.3096875,0.0,0.21875,0.0,0.0,0.0,66.5625,22.9375,83.1875,35.34375,82.0,36.9375,110.96875,58.6875,2.75,1.09375,0.5,0.0,50.75,16.375,63.75,22.34375,11.75,2.78125,12.0625,6.21875,4.0625,3.78125,7.375,6.78125,58.90625,15.53125,71.1875,27.125,2.65625,2.53125,2.375,2.125,5.0,4.875,9.625,6.09375,102.53125,152.90625,754.0,14,0,0,1,4,4,2,0,0,0,1,0,3,0,167.64,177.8,155.0,23.0,33.0,0,0,0,0,0,0,1,0,0,0,0,0,0,0,0,1,0,0,0,0,1,0,0,0
Red,False,0.015625,0.0,0.45,0.4275,0.25,0.2,0.148468017578125,0.098388671875,0.0,0.0,66.5,29.6875,64.31230545043945,27.34375,89.75,48.0,85.53125,44.41152191162109,2.0,0.75,2.0546875,0.75,51.1875,18.3359375,49.6123046875,16.280410766601562,7.5,5.07647705078125,7.5,5.0,4.5,3.625,4.984375,3.9375,48.6875,17.0,47.11572265625,16.5,5.75,3.75,5.3125,3.4375,5.0625,3.5,3.875,2.5,99.2119140625,94.125,638.5,0,0,0,0,0,0,0,0,0,0,0,0,0,0,182.88,193.04,185.0,0.0471682548522949,0.0,0.45,0.4217682266235352,0.25,0.19173828125,0.1875,0.125,0.0,0.0,69.5,30.5,66.984375,27.8466796875,94.0,48.544921875,88.50390625,44.75,2.0,0.8125,2.015625,0.6640625,54.0,19.01513671875,51.483436584472656,16.9437255859375,7.91796875,5.430633544921875,7.75,5.0625,4.780975341796875,3.9373779296875,4.8994140625,3.84375,51.025390625,18.400863647460938,50.515625,17.5,5.75,3.75,5.5,3.5,5.375,3.6875,4.0,2.65625,104.865234375,89.5,655.8441009521484,0,0,0,0,0,0,0,0,0,0,0,0,0,0,190.5,198.12,205.0,31.0,26.0,0,0,0,0,0,1,0,0,0,0,0,0,0,0,0,1,0,0,0,0,0,0,0,1
Blue,False,0.0,0.0,0.36,0.34,1.0,0.4,2.0,0.0,0.0,0.0,100.0,36.0,83.0,29.0,123.0,57.0,140.0,84.0,1.0,1.0,5.0,2.0,69.0,17.0,64.0,14.0,20.0,10.0,9.0,7.0,11.0,9.0,10.0,8.0,89.0,27.0,62.0,15.0,11.0,9.0,9.0,5.0,0.0,0.0,12.0,9.0,165.0,356.0,900.0,3,0,0,1,0,0,1,0,0,0,0,0,0,0,167.64,172.72,125.0,0.0,0.0,0.4649999999999999,0.335,0.4475,0.5625,0.75,0.125,0.125,0.0,201.0,98.125,229.25,77.5,208.625,105.25,235.0,81.875,8.875,3.25,1.0,0.75,164.875,70.875,186.625,46.0,17.125,12.375,26.875,18.375,19.0,14.875,15.75,13.125,162.25,73.0,207.5,63.375,10.625,6.5,16.75,10.375,28.125,18.625,5.0,3.75,130.0,85.75,840.625,11,0,0,1,3,3,1,0,0,0,3,0,0,0,162.56,157.48,125.0,27.0,30.0,0,0,0,0,0,0,0,0,0,0,0,0,1,0,0,1,0,0,0,0,1,0,0,0
Blue,False,0.015625,0.0,0.45,0.4275,0.25,0.2,0.148468017578125,0.098388671875,0.0,0.0,66.5,29.6875,64.31230545043945,27.34375,89.75,48.0,85.53125,44.41152191162109,2.0,0.75,2.0546875,0.75,51.1875,18.3359375,49.6123046875,16.280410766601562,7.5,5.07647705078125,7.5,5.0,4.5,3.625,4.984375,3.9375,48.6875,17.0,47.11572265625,16.5,5.75,3.75,5.3125,3.4375,5.0625,3.5,3.875,2.5,99.2119140625,94.125,638.5,0,0,0,0,0,0,0,0,0,0,0,0,0,0,187.96,190.5,170.0,0.75,0.0,0.4337499999999999,0.31875,0.0,0.22875,0.0,0.375,0.125,0.0,47.125,16.875,67.875,25.5,48.5,18.0,77.375,33.5,0.0,0.0,0.875,0.75,34.625,8.375,56.875,16.375,7.875,4.5,8.0,6.625,4.625,4.0,3.0,2.5,42.125,14.125,62.0,20.625,3.25,1.625,1.5,1.375,1.75,1.125,4.375,3.5,16.125,54.375,368.875,8,0,0,3,1,1,3,0,0,0,0,1,0,0,180.34,190.5,185.0,26.0,35.0,0,0,0,0,0,0,0,1,0,0,0,0,0,0,0,1,0,0,0,0,0,0,1,0
Blue,False,0.0,1.0,0.35,0.37,0.0,0.75,2.0,0.0,1.0,1.0,78.0,28.0,58.0,22.0,116.0,65.0,68.0,28.0,0.0,0.0,8.0,6.0,55.0,12.0,53.0,20.0,20.0,13.0,5.0,2.0,3.0,3.0,0.0,0.0,73.0,23.0,37.0,10.0,2.0,2.0,11.0,7.0,3.0,3.0,10.0,5.0,569.0,15.0,900.0,3,0,0,1,0,0,1,0,0,0,0,0,0,0,175.26,185.42,145.0,0.0625,0.125,0.3109375,0.3984375,0.63,0.0390625,0.59375,0.25,0.0,0.03125,62.8125,21.34375,57.125,21.0,67.1875,25.3125,61.65625,24.75,2.5625,1.90625,0.65625,0.125,46.25,11.65625,39.21875,8.375,8.1875,4.53125,8.4375,5.25,8.375,5.15625,9.46875,7.375,59.8125,18.90625,55.375,19.53125,0.9375,0.75,1.21875,1.125,2.0625,1.6875,0.53125,0.34375,82.46875,22.28125,468.8125,14,0,3,0,3,5,1,0,0,1,2,1,1,0,175.26,182.88,145.0,28.0,24.0,0,0,1,0,0,0,0,0,0,0,0,0,0,0,0,1,0,0,0,0,1,0,0,0
Red,False,0.0,0.0,0.49609375,0.3209375,0.4378125,0.258125,0.0,0.125,0.0,0.25,134.375,66.96875,143.65625,46.484375,170.171875,99.921875,159.84375,60.59375,6.484375,2.625,3.0625,0.796875,110.390625,49.015625,110.0,24.359375,18.21875,13.171875,17.859375,8.375,5.765625,4.78125,15.796875,13.75,117.828125,54.0625,134.609375,41.0625,7.6875,5.265625,5.640625,2.671875,8.859375,7.640625,3.40625,2.75,182.046875,60.546875,876.375,20,0,3,0,3,5,2,0,0,2,3,0,0,0,167.64,162.56,145.0,0.06640625,1.0625,0.34703125,0.4021875,0.01421875,0.165,0.0,0.0,0.0,0.0,142.125,54.06640625,162.265625,62.01953125,147.3671875,59.01953125,171.30078125,70.0546875,2.12109375,0.0859375,3.46484375,0.5,103.98046875,28.11328125,125.7109375,33.57421875,20.16015625,12.1015625,25.4921875,18.8125,17.984375,13.8515625,11.0625,9.6328125,129.6796875,45.0390625,142.0703125,47.58203125,10.29296875,6.8984375,14.5703125,11.875,2.15234375,2.12890625,5.625,2.5625,66.8828125,61.54296875,842.64453125,23,0,5,0,5,6,3,0,0,1,4,1,0,0,162.56,172.72,135.0,30.0,31.0,0,0,1,0,0,0,0,0,0,0,0,0,0,0,0,1,0,0,0,0,1,0,0,0
Red,False,0.1875,0.5,0.5015625,0.44109375,0.37359375,0.2,0.0625,0.28125,0.03125,0.15625,126.21875,62.4375,106.9375,51.5,149.875,81.828125,119.171875,62.703125,3.5,1.0625,2.6875,0.875,101.734375,42.75,73.703125,28.71875,18.953125,14.25,23.28125,14.953125,5.53125,5.4375,9.953125,7.828125,106.40625,47.421875,83.234375,35.296875,9.46875,6.4375,7.09375,5.625,10.34375,8.578125,16.609375,10.578125,123.90625,181.3125,835.28125,17,0,0,1,6,6,1,0,0,2,2,1,1,0,170.18,180.34,145.0,0.703125,0.0,0.44296875,0.46296875,0.0103125,0.09375,0.0,0.0,0.0,0.0,127.78125,54.03125,135.3125,61.40625,140.140625,66.1875,136.671875,62.5,0.625,0.03125,1.28125,0.3125,107.390625,37.15625,92.453125,28.015625,14.0,10.546875,16.78125,9.65625,6.390625,6.328125,26.078125,23.734375,118.390625,47.859375,134.015625,60.46875,2.359375,0.78125,1.046875,0.6875,7.03125,5.390625,0.25,0.25,4.359375,18.125,558.0,16,0,2,0,2,5,2,0,0,0,1,4,0,0,180.34,182.88,145.0,28.0,32.0,0,0,1,0,0,0,0,0,0,0,0,0,0,0,0,1,0,0,0,0,1,0,0,0
Blue,False,0.015625,0.0,0.45,0.4275,0.25,0.2,0.148468017578125,0.098388671875,0.0,0.0,66.5,29.6875,64.31230545043945,27.34375,89.75,48.0,85.53125,44.41152191162109,2.0,0.75,2.0546875,0.75,51.1875,18.3359375,49.6123046875,16.280410766601562,7.5,5.07647705078125,7.5,5.0,4.5,3.625,4.984375,3.9375,48.6875,17.0,47.11572265625,16.5,5.75,3.75,5.3125,3.4375,5.0625,3.5,3.875,2.5,99.2119140625,94.125,638.5,0,0,0,0,0,0,0,0,0,0,0,0,0,0,185.42,193.04,170.0,1.0625,0.0,0.568125,0.390625,0.04125,0.16625,0.0,0.0,0.0625,0.0,33.9375,17.5625,29.1875,12.25,37.5,20.25,33.5,15.6875,0.375,0.125,1.8125,0.625,29.5,14.0625,22.625,7.375,2.3125,1.9375,5.8125,4.125,2.125,1.5625,0.75,0.75,29.6875,14.75,22.8125,7.4375,4.0,2.625,4.375,3.4375,0.25,0.1875,2.0,1.375,19.125,38.625,170.4375,7,0,1,0,3,4,1,0,0,0,0,4,0,0,177.8,185.42,170.0,32.0,34.0,0,0,0,0,0,0,0,0,0,1,0,0,0,0,0,1,0,0,0,0,1,0,0,0
Red,False,0.453125,0.0,0.46234375,0.378125,0.015625,0.24015625,0.015625,0.140625,0.03125,0.015625,105.078125,50.8125,115.5,43.515625,115.5625,60.546875,138.15625,63.125,0.984375,0.015625,9.828125,2.984375,86.75,36.71875,92.546875,24.828125,13.9375,10.3125,13.078125,9.734375,4.390625,3.78125,9.875,8.953125,93.109375,40.875,111.625,41.140625,10.03125,8.515625,2.546875,1.421875,1.9375,1.421875,1.328125,0.953125,10.359375,170.1875,828.171875,17,0,0,1,1,3,4,0,0,1,0,2,0,0,165.1,172.72,125.0,0.000244140625,0.0,0.51094482421875,0.49477783203125,0.3973486328125,0.5431787109375,0.1591796875,1.212890625,0.671875,0.576416015625,52.73193359375,25.690185546875,58.50146484375,28.51171875,81.874755859375,52.33642578125,69.304443359375,38.265380859375,8.525146484375,3.172607421875,2.571533203125,0.61083984375,30.787353515625,9.50048828125,49.779052734375,20.63720703125,9.772705078125,6.54345703125,3.568115234375,3.25341796875,12.171875,9.646240234375,5.154296875,4.62109375,40.190673828125,17.58935546875,49.694091796875,21.78759765625,9.481201171875,5.5791015625,3.36279296875,2.87890625,3.06005859375,2.521728515625,5.444580078125,3.84521484375,182.50341796875,139.033447265625,555.6328125,33,1,0,1,2,4,9,0,0,0,3,0,1,0,170.18,167.64,125.0,30.0,33.0,0,0,0,1,0,0,0,0,0,0,0,0,0,0,0,1,0,0,0,0,0,0,1,0
Blue,False,0.0,0.0,0.42,0.5,0.66,0.0,0.0,1.0,0.0,1.0,45.0,19.0,88.0,44.0,77.0,45.0,191.0,130.0,3.0,2.0,0.0,0.0,38.0,12.0,78.0,35.0,6.0,6.0,7.0,6.0,1.0,1.0,3.0,3.0,41.0,16.0,51.0,16.0,1.0,1.0,2.0,1.0,3.0,2.0,35.0,27.0,140.0,395.0,746.0,3,0,0,1,0,0,1,0,0,0,0,0,0,0,162.56,157.48,125.0,0.0,0.0,0.38,0.47,1.0,0.35,0.0,1.0,0.0,0.0,252.0,98.0,238.0,113.0,260.0,104.0,252.0,126.0,1.0,1.0,14.0,5.0,201.0,58.0,199.0,86.0,31.0,23.0,24.0,17.0,20.0,17.0,15.0,10.0,219.0,76.0,177.0,73.0,29.0,18.0,14.0,8.0,4.0,4.0,47.0,32.0,86.0,219.0,900.0,3,0,0,1,0,0,1,0,0,0,0,0,0,0,170.18,172.72,125.0,25.0,24.0,0,0,0,0,0,0,0,0,0,0,0,0,1,0,0,1,0,0,0,0,1,0,0,0
Red,False,0.0,0.0,0.575,0.585,0.0,0.64,0.5,0.5,0.5,0.5,47.0,28.0,84.0,50.0,208.0,169.5,150.5,107.5,0.5,0.0,8.5,5.5,31.0,14.0,69.0,39.5,13.0,12.0,12.0,8.0,3.0,2.0,3.0,2.5,25.5,11.5,23.0,9.0,12.0,10.0,17.0,12.5,9.5,6.5,44.0,28.5,34.0,692.0,900.0,6,0,0,2,0,0,2,0,0,0,0,0,0,0,175.26,180.34,135.0,0.0,0.0,0.5,0.16,0.57,0.0,1.0,0.0,0.0,1.0,92.0,46.0,36.0,6.0,139.0,81.0,39.0,9.0,7.0,4.0,0.0,0.0,76.0,33.0,34.0,5.0,2.0,2.0,0.0,0.0,14.0,11.0,2.0,1.0,58.0,26.0,32.0,4.0,4.0,3.0,4.0,2.0,30.0,17.0,0.0,0.0,391.0,40.0,771.0,3,0,1,0,1,1,0,0,0,0,0,0,1,0,172.72,180.34,135.0,30.0,25.0,1,0,0,0,0,0,0,0,0,0,0,0,0,0,0,0,0,1,0,0,1,0,0,0
Red,False,0.0,0.25,0.3225,0.4175,0.25,0.5,0.5,0.5,0.0,0.0,52.75,16.5,33.75,14.75,54.5,17.75,44.5,24.0,3.0,1.5,1.25,0.75,38.25,8.75,29.5,12.25,3.75,2.0,2.5,1.5,10.75,5.75,1.75,1.0,48.75,14.75,25.25,9.0,2.5,1.25,0.5,0.25,1.5,0.5,8.0,5.5,55.25,110.25,437.75,5,0,0,1,1,1,2,0,0,0,0,0,1,0,172.72,172.72,145.0,0.0,0.5625,0.4753124999999999,0.531875,0.158125,0.375,0.0,0.53125,0.5,0.0,64.40625,35.75,59.625,28.6875,107.65625,74.0625,64.5625,32.96875,2.96875,1.0625,1.21875,0.625,56.96875,31.0625,41.15625,14.5625,5.1875,2.6875,13.1875,9.125,2.25,2.0,5.28125,5.0,43.96875,21.0,49.09375,21.25,6.0,4.09375,7.78125,4.9375,14.4375,10.65625,2.75,2.5,201.75,40.65625,416.0,13,0,2,0,2,3,3,0,0,0,2,1,0,0,175.26,172.72,145.0,28.0,31.0,0,0,1,0,0,0,0,0,0,0,0,0,0,0,0,1,0,0,0,0,1,0,0,0
Blue,False,0.6875,0.0,0.4276171875,0.39890625,0.2170703125,0.3152734375,0.59765625,0.00390625,0.0625,0.0,154.66015625,62.07421875,159.09375,65.6171875,157.31640625,64.29296875,167.640625,73.41015625,1.90625,0.4765625,2.12109375,1.08203125,144.22265625,55.1171875,111.30078125,26.9375,7.79296875,5.11328125,19.9453125,13.796875,2.64453125,1.84375,27.84765625,24.8828125,146.01953125,55.35546875,149.359375,58.125,2.921875,2.40625,8.6875,6.6171875,5.71875,4.3125,1.046875,0.875,62.81640625,28.56640625,722.08984375,25,4,0,1,3,6,3,0,0,0,2,1,3,0,165.1,165.1,115.0,0.125244140625,0.7578125,0.4040805053710937,0.6022171020507813,0.206884765625,0.063551025390625,0.005157470703125,0.314361572265625,0.0625,0.0,66.59848022460938,31.362060546875,77.00030517578125,41.24969482421875,75.02056884765625,39.306915283203125,78.95916748046875,42.946868896484375,2.167694091796875,1.3104248046875,0.861968994140625,0.127197265625,47.964111328125,16.4498291015625,65.06521606445312,30.172332763671875,12.01715087890625,8.663177490234375,6.581390380859375,5.78094482421875,6.617218017578125,6.249053955078125,5.35369873046875,5.296417236328125,53.30706787109375,21.0234375,64.14382934570312,30.54452514648437,7.0836181640625,5.1951904296875,10.630584716796877,9.38482666015625,6.207794189453125,5.1434326171875,2.22589111328125,1.320343017578125,60.86837768554688,10.00030517578125,273.2927551269531,36,3,0,1,4,11,5,0,0,1,5,3,2,0,154.94,157.48,115.0,28.0,28.0,0,0,0,0,0,0,0,0,0,0,0,0,0,1,0,1,0,0,0,0,1,0,0,0
Red,False,0.5,0.5,0.5175,0.6725,0.0825,0.5,0.75,0.5,0.0,0.0,48.25,25.75,41.5,23.0,65.5,40.75,44.0,25.25,0.75,0.25,1.0,0.5,38.25,18.75,32.0,14.75,8.0,5.0,3.5,3.5,2.0,2.0,6.0,4.75,34.0,14.75,30.25,15.25,2.0,1.5,4.5,3.0,12.25,9.5,6.75,4.75,91.5,53.0,273.25,5,0,2,0,2,2,1,0,0,0,1,0,1,0,182.88,185.42,145.0,0.015625,0.75,0.4170312499999999,0.51,0.3290625,0.03125,0.96875,0.25,0.15625,0.15625,43.046875,18.78125,106.859375,62.546875,48.578125,23.78125,147.328125,99.390625,11.609375,2.515625,0.5,0.1875,39.9375,17.140625,72.71875,34.84375,2.234375,1.015625,25.515625,22.328125,0.875,0.625,8.625,5.375,38.09375,15.25,65.953125,28.171875,0.0625,0.0,9.21875,7.65625,4.890625,3.53125,31.6875,26.71875,217.359375,182.90625,775.828125,16,0,3,0,3,5,2,0,0,1,1,1,2,0,177.8,182.88,145.0,31.0,31.0,0,0,1,0,0,0,0,0,0,0,0,0,0,0,0,1,0,0,0,0,0,0,1,0
Blue,False,0.015625,0.0,0.45,0.4275,0.25,0.2,0.148468017578125,0.098388671875,0.0,0.0,66.5,29.6875,64.31230545043945,27.34375,89.75,48.0,85.53125,44.41152191162109,2.0,0.75,2.0546875,0.75,51.1875,18.3359375,49.6123046875,16.280410766601562,7.5,5.07647705078125,7.5,5.0,4.5,3.625,4.984375,3.9375,48.6875,17.0,47.11572265625,16.5,5.75,3.75,5.3125,3.4375,5.0625,3.5,3.875,2.5,99.2119140625,94.125,638.5,0,0,0,0,0,0,0,0,0,0,0,0,0,0,190.5,203.2,205.0,0.5078125,0.0,0.43953125,0.438984375,0.08,0.14625,0.0,0.65625,0.0,0.0,132.2109375,58.7421875,114.53125,53.1328125,170.5859375,96.796875,124.8046875,61.90625,0.9453125,0.1875,6.3125,0.875,101.6171875,32.3125,90.4140625,34.53125,14.6796875,11.3671875,15.4453125,11.6796875,15.9140625,15.0625,8.671875,6.921875,109.8203125,43.46875,100.75,42.234375,18.515625,12.5546875,13.5,10.6796875,3.875,2.71875,0.28125,0.21875,53.296875,104.8203125,780.40625,18,1,3,0,3,5,3,0,0,2,0,3,0,0,187.96,190.5,205.0,27.0,30.0,0,0,0,0,0,1,0,0,0,0,0,0,0,0,0,1,0,0,0,0,1,0,0,0
Blue,False,0.375,0.0,0.45375,0.2925,0.3,0.0525,0.0,0.125,0.0,0.0,81.125,38.375,84.0,25.625,81.75,39.0,89.125,30.75,2.75,1.5,2.5,0.375,61.0,22.5,65.25,15.25,13.5,9.375,14.625,7.25,6.625,6.5,4.125,3.125,69.125,31.0,80.5,23.875,9.125,5.5,2.875,1.5,2.875,1.875,0.625,0.25,18.0,24.125,648.25,8,0,0,1,3,3,1,0,0,0,1,2,0,0,180.34,177.8,170.0,0.09375,0.78125,0.4096875,0.40353515625,0.38,0.178046875,0.134765625,0.064453125,0.00390625,0.0,128.408203125,49.001953125,94.3828125,45.564453125,136.291015625,56.072265625,117.220703125,66.232421875,2.552734375,1.13671875,1.142578125,0.544921875,83.935546875,21.107421875,68.345703125,27.46875,25.5390625,14.044921875,11.203125,6.9140625,18.93359375,13.849609375,14.833984375,11.181640625,121.015625,43.400390625,84.2578125,37.486328125,4.810546875,3.689453125,8.447265625,6.447265625,2.58203125,1.912109375,1.677734375,1.630859375,101.326171875,31.365234375,750.646484375,25,0,0,1,7,8,2,0,0,1,3,3,1,0,180.34,185.42,170.0,36.0,33.0,0,0,0,0,0,0,0,0,0,1,0,0,0,0,0,1,0,0,0,0,1,0,0,0
Red,True,0.06463623046875,0.01953125,0.4088946533203125,0.4524011230468749,0.0014154052734374,0.2504681396484375,0.00201416015625,0.0,0.0,0.0,112.577392578125,45.82366943359375,141.26824951171875,65.42095947265625,118.00140380859376,50.98016357421875,151.80877685546875,74.58740234375,0.28668212890625,0.00469970703125,1.86224365234375,0.5035400390625,85.816162109375,31.2391357421875,109.663818359375,40.17718505859375,22.45416259765625,11.40789794921875,13.1807861328125,9.51611328125,4.30706787109375,3.1766357421875,18.42364501953125,15.7276611328125,108.86248779296876,42.72100830078125,130.69757080078125,55.97613525390625,2.3707275390625,2.3287353515625,8.95989990234375,8.349853515625,1.34417724609375,0.77392578125,1.61077880859375,1.094970703125,4.5048828125,80.71649169921875,792.6072998046875,51,11,7,0,7,10,5,0,0,0,6,4,0,0,170.18,177.8,135.0,2.0625,0.125,0.4590625,0.298125,0.6793750000000001,0.035625,0.0625,0.0,0.03125,0.0,136.5,59.65625,108.75,34.90625,146.75,69.0625,115.3125,41.4375,2.65625,1.6875,3.59375,0.28125,116.0,43.96875,86.03125,22.28125,16.59375,12.71875,13.6875,6.5625,3.90625,2.96875,9.03125,6.0625,106.9375,36.625,99.71875,29.0,15.0625,12.53125,7.71875,4.65625,14.5,10.5,1.3125,1.25,77.96875,27.78125,731.125,15,0,6,0,6,6,0,0,0,0,3,3,0,0,170.18,170.18,135.0,33.0,27.0,1,0,0,0,0,0,0,0,0,0,0,0,0,0,0,1,0,0,0,0,0,0,0,1
Red,True,0.0235934257507324,0.0,0.4330862236022949,0.4556819677352905,0.072509765625,0.0412728643417358,0.13433837890625,1.430511474609375e-06,0.0,6.103515625e-05,338.33029890060425,148.39286947250366,292.32211923599243,136.00714206695557,344.585563659668,154.53585624694824,292.8463158607483,136.51147174835205,0.0803260803222656,0.080322265625,7.53532600402832,0.5002036094665527,282.29602909088135,109.02047061920166,205.0673055648804,75.36465692520142,42.10409927368164,30.13496398925781,33.480797290802,16.7886061668396,13.93017053604126,9.23743486404419,53.77401638031006,43.85387897491455,329.2771496772766,140.95608234405518,285.96697425842285,132.408616065979,7.0751471519470215,5.967128753662109,5.849839687347412,3.344244956970215,1.9780020713806152,1.469658374786377,0.505305290222168,0.2542810440063476,7.322590351104736,86.11365461349487,1441.742733478546,65,7,0,1,13,17,5,0,0,1,5,8,2,1,180.34,175.26,145.0,0.2578125,0.125,0.522265625,0.42578125,0.048359375,0.12328125,0.1875,0.0,0.0078125,0.0078125,227.2109375,119.6640625,191.6640625,83.796875,238.640625,129.609375,195.890625,87.671875,3.890625,0.3203125,1.2890625,0.4609375,136.75,52.890625,148.9921875,54.0859375,25.828125,14.2578125,27.6328125,19.578125,64.6328125,52.515625,15.0390625,10.1328125,211.421875,106.6875,187.40625,80.3046875,11.1328125,9.7890625,4.0234375,3.2578125,4.65625,3.1875,0.234375,0.234375,129.8984375,14.140625,1143.578125,23,1,8,0,8,8,0,0,0,0,5,3,0,0,167.64,180.34,145.0,28.0,31.0,0,0,1,0,0,0,0,0,0,0,0,0,0,0,0,1,0,0,0,0,1,0,0,0
Red,True,1.4107666015625,0.1875839233398437,0.6747799682617188,0.324240493774414,0.5677135467529297,0.1406512451171875,0.0050201416015625,7.62939453125e-05,0.0001220703125,0.0312576293945312,113.6514892578125,66.87001037597656,70.56513977050781,30.173545837402344,117.87671661376952,69.4017562866211,117.4977035522461,72.7593002319336,0.8885498046875,0.632293701171875,1.5519561767578125,0.2634124755859375,84.20153045654297,44.62592315673828,51.83575439453125,17.747962951660156,20.73941802978516,15.745475769042969,13.328025817871094,7.671707153320312,8.710540771484375,6.4986114501953125,5.401359558105469,4.753875732421875,66.67657470703125,34.40736389160156,62.56353759765625,24.338966369628903,14.17292022705078,11.07684326171875,7.1551666259765625,5.363609313964844,32.80199432373047,21.38580322265625,0.846435546875,0.4709701538085937,217.3645782470703,46.646484375,611.0924301147461,47,0,2,0,3,12,6,0,0,0,5,5,1,1,180.34,187.96,170.0,1.0859375,0.0,0.548701171875,0.45947265625,0.184287109375,0.0,0.0048828125,0.31640625,0.0,0.125,274.40625,146.0595703125,233.388671875,90.9306640625,342.36328125,211.5615234375,246.138671875,102.3525390625,4.4521484375,2.291015625,1.3125,0.0,203.20703125,88.666015625,195.1787109375,60.541015625,64.525390625,51.7275390625,27.314453125,21.263671875,6.673828125,5.666015625,10.8955078125,9.1259765625,216.3955078125,95.2685546875,222.2470703125,80.9921875,29.0576171875,26.513671875,9.9833984375,8.9677734375,28.953125,24.27734375,1.158203125,0.970703125,465.0205078125,10.2890625,1425.5537109375,38,3,11,0,11,11,0,0,0,0,8,2,1,0,182.88,193.04,170.0,35.0,33.0,0,0,0,0,0,0,0,0,0,1,0,0,0,0,0,1,0,0,0,0,0,0,0,1
Red,False,0.0625,0.0,0.5231250000000001,0.6448437499999999,0.01359375,0.8228125,1.0390625,0.6484375,0.2734375,0.2578125,53.59375,26.640625,41.421875,24.25,85.234375,52.90625,53.03125,34.609375,1.3828125,0.0859375,3.3203125,2.9140625,36.8046875,16.171875,30.5234375,16.09375,10.9765625,6.265625,7.75,5.390625,5.8125,4.203125,3.1484375,2.765625,38.1875,14.6015625,28.5703125,15.015625,3.140625,1.9921875,5.1953125,3.5,12.265625,10.046875,7.65625,5.734375,191.3046875,157.8515625,540.375,22,0,3,0,3,5,3,0,0,0,1,2,2,0,162.56,165.1,115.0,0.0,0.0,0.48,0.3325,0.515,0.5,1.5,0.0,0.5,0.25,141.25,66.25,81.0,24.75,204.0,124.25,102.5,45.0,3.25,1.5,2.0,0.5,112.0,42.5,68.0,16.0,20.25,15.25,6.5,3.0,9.0,8.5,6.5,5.75,111.75,43.0,78.25,22.25,5.75,5.0,2.0,2.0,23.75,18.25,0.75,0.5,317.0,54.0,782.5,8,0,3,0,3,3,0,0,0,0,2,0,1,0,160.02,167.64,125.0,26.0,26.0,0,0,0,0,0,0,0,0,0,0,0,0,1,0,0,1,0,0,0,0,1,0,0,0
Red,False,0.015625,0.0,0.45,0.4275,0.25,0.2,0.148468017578125,0.098388671875,0.0,0.0,66.5,29.6875,64.31230545043945,27.34375,89.75,48.0,85.53125,44.41152191162109,2.0,0.75,2.0546875,0.75,51.1875,18.3359375,49.6123046875,16.280410766601562,7.5,5.07647705078125,7.5,5.0,4.5,3.625,4.984375,3.9375,48.6875,17.0,47.11572265625,16.5,5.75,3.75,5.3125,3.4375,5.0625,3.5,3.875,2.5,99.2119140625,94.125,638.5,0,0,0,0,0,0,0,0,0,0,0,0,0,0,172.72,185.42,155.0,0.625,0.03125,0.5803125,0.2671875,0.1740625,0.0078125,0.078125,0.0,0.0,0.0,38.859375,18.375,40.234375,14.09375,40.828125,20.125,43.578125,16.796875,0.8125,0.265625,0.375,0.03125,24.390625,8.5625,27.53125,4.640625,10.21875,5.890625,4.453125,2.609375,4.25,3.921875,8.25,6.84375,35.5625,15.765625,39.078125,13.3125,0.46875,0.34375,0.75,0.546875,2.828125,2.265625,0.40625,0.234375,24.0625,20.09375,398.609375,15,1,1,0,5,6,1,0,0,1,1,2,2,0,182.88,190.5,155.0,29.0,40.0,0,0,0,0,0,0,1,0,0,0,0,0,0,0,0,1,0,0,0,0,1,0,0,0
Red,False,0.0,0.0,0.295,0.465,0.0,0.11,0.0,0.0,0.0,0.0,187.5,54.0,236.5,102.0,205.5,72.0,279.5,141.0,0.5,0.0,4.5,1.0,161.5,40.0,190.0,66.0,17.5,8.0,26.0,18.5,8.5,6.0,20.5,17.5,183.5,50.0,217.5,85.0,3.0,3.0,6.5,6.5,1.0,1.0,12.5,10.5,7.5,263.5,900.0,6,0,0,2,0,0,2,0,0,0,0,0,0,0,165.1,165.1,135.0,1.0,0.0,0.48,0.56,0.0,0.0,0.0,0.0,0.0,0.0,351.0,171.0,290.0,165.0,358.0,177.0,294.0,169.0,0.0,0.0,5.0,0.0,266.0,108.0,244.0,122.0,16.0,11.0,15.0,13.0,69.0,52.0,31.0,30.0,333.0,159.0,281.0,158.0,11.0,7.0,9.0,7.0,7.0,5.0,0.0,0.0,64.0,22.0,900.0,3,0,1,0,1,1,0,0,0,1,0,0,0,0,165.1,170.18,135.0,32.0,25.0,0,0,0,0,0,0,0,0,0,0,1,0,0,0,0,1,0,0,0,0,1,0,0,0
Red,False,0.015625,0.0,0.45,0.4275,0.25,0.2,0.148468017578125,0.098388671875,0.0,0.0,66.5,29.6875,64.31230545043945,27.34375,89.75,48.0,85.53125,44.41152191162109,2.0,0.75,2.0546875,0.75,51.1875,18.3359375,49.6123046875,16.280410766601562,7.5,5.07647705078125,7.5,5.0,4.5,3.625,4.984375,3.9375,48.6875,17.0,47.11572265625,16.5,5.75,3.75,5.3125,3.4375,5.0625,3.5,3.875,2.5,99.2119140625,94.125,638.5,0,0,0,0,0,0,0,0,0,0,0,0,0,0,190.5,198.12,220.0,0.001953125,0.4375,0.53689453125,0.4047265625,0.20837890625,0.0188671875,0.03125,0.00390625,0.03125,0.0,74.810546875,32.919921875,70.412109375,26.9140625,127.669921875,74.912109375,80.484375,34.830078125,4.552734375,1.380859375,1.109375,0.05859375,60.34765625,23.927734375,64.5234375,21.70703125,10.79296875,5.66796875,4.6640625,4.087890625,3.669921875,3.32421875,1.224609375,1.119140625,48.96484375,15.744140625,60.09375,19.00390625,5.150390625,3.1640625,8.755859375,6.66796875,20.6953125,14.01171875,1.5625,1.2421875,298.73828125,13.412109375,643.017578125,28,0,0,1,3,5,5,0,0,0,3,2,0,0,190.5,198.12,249.0,36.0,34.0,0,0,0,0,1,0,0,0,0,0,0,0,0,0,0,1,0,0,0,0,1,0,0,0
Red,False,0.015625,0.0,0.45,0.4275,0.25,0.2,0.148468017578125,0.098388671875,0.0,0.0,66.5,29.6875,64.31230545043945,27.34375,89.75,48.0,85.53125,44.41152191162109,2.0,0.75,2.0546875,0.75,51.1875,18.3359375,49.6123046875,16.280410766601562,7.5,5.07647705078125,7.5,5.0,4.5,3.625,4.984375,3.9375,48.6875,17.0,47.11572265625,16.5,5.75,3.75,5.3125,3.4375,5.0625,3.5,3.875,2.5,99.2119140625,94.125,638.5,0,0,0,0,0,0,0,0,0,0,0,0,0,0,162.56,167.64,125.0,0.5,0.0,0.35,0.3975,0.0,0.17,0.25,0.0,0.0,0.0,112.75,44.5,107.75,39.0,121.25,53.0,108.5,39.5,1.0,0.0,4.0,1.0,87.5,26.25,82.25,20.25,15.0,10.25,18.0,11.75,10.25,8.0,7.5,7.0,104.25,38.5,105.5,37.5,5.5,4.25,1.75,1.0,3.0,1.75,0.5,0.5,79.0,24.75,560.0,6,0,0,2,1,1,2,0,0,0,0,1,0,0,172.72,175.26,125.0,31.0,24.0,0,0,0,1,0,0,0,0,0,0,0,0,0,0,0,0,0,0,1,0,1,0,0,0
Blue,False,0.0,0.25,0.51875,0.41625,0.4675,0.09625,0.0,0.6875,0.5625,1.125,53.0625,26.125,57.375,21.875,60.5625,31.6875,72.0,35.8125,5.25,3.3125,1.625,0.625,30.9375,10.25,38.3125,10.625,13.75,8.9375,14.25,8.4375,8.375,6.9375,4.8125,2.8125,40.25,19.875,43.0,15.25,5.75,2.9375,4.25,3.0,7.0625,3.3125,10.125,3.625,229.875,85.75,644.875,12,1,0,1,1,2,3,0,0,1,1,0,0,0,172.72,175.26,135.0,1.0,1.0,0.54,0.41,1.0,0.0,2.0,2.0,0.0,0.0,184.0,100.0,133.0,55.0,218.0,127.0,155.0,73.0,1.0,1.0,4.0,0.0,120.0,54.0,111.0,41.0,56.0,38.0,17.0,9.0,8.0,8.0,5.0,5.0,164.0,82.0,118.0,47.0,4.0,4.0,8.0,4.0,16.0,14.0,7.0,4.0,133.0,285.0,900.0,3,0,0,1,0,0,1,0,0,0,0,0,0,0,177.8,185.42,145.0,34.0,31.0,1,0,0,0,0,0,0,0,0,0,0,0,0,0,0,1,0,0,0,0,1,0,0,0
Blue,False,1.0,0.0,0.41,0.55,0.0,0.0,0.0,0.0,0.0,0.0,51.0,21.0,27.0,15.0,51.0,21.0,27.0,15.0,0.0,0.0,0.0,0.0,30.0,9.0,13.0,3.0,5.0,2.0,3.0,2.0,16.0,10.0,11.0,10.0,46.0,18.0,27.0,15.0,0.0,0.0,0.0,0.0,5.0,3.0,0.0,0.0,2.0,0.0,255.0,1,0,1,0,1,1,0,0,0,0,0,1,0,0,180.34,187.96,155.0,0.03125,0.0,0.5453125,0.50875,0.3053125,0.75125,1.15625,0.59375,1.0625,0.03125,79.875,41.34375,60.96875,29.4375,111.4375,61.6875,121.59375,71.0,1.625,0.5,3.28125,1.96875,72.1875,36.5625,44.96875,16.3125,6.375,3.46875,7.53125,4.78125,1.3125,1.3125,8.46875,8.34375,46.6875,17.625,51.75,24.4375,7.15625,4.9375,2.90625,1.71875,26.03125,18.78125,6.3125,3.28125,523.96875,78.625,850.25,16,0,1,0,2,4,2,0,0,0,2,1,1,0,190.5,190.5,155.0,33.0,26.0,0,0,0,0,0,0,1,0,0,0,0,0,0,0,0,1,0,0,0,0,0,0,1,0
Blue,False,0.0,0.0,0.4549999999999999,0.345,0.0,0.0,0.0,0.0,0.0,0.0,127.5,62.5,134.0,48.5,127.5,62.5,134.0,48.5,0.0,0.0,0.5,0.0,84.5,23.0,104.0,28.0,16.5,15.0,21.5,14.0,26.5,24.5,8.5,6.5,127.5,62.5,129.5,44.5,0.0,0.0,4.5,4.0,0.0,0.0,0.0,0.0,0.0,0.0,900.0,6,0,1,0,1,1,1,0,0,0,1,0,0,0,187.96,190.5,255.0,0.0,0.0,0.41,0.46,0.0,0.0,0.0,0.0,0.0,0.0,99.0,41.0,107.0,50.0,99.0,41.0,107.0,50.0,0.0,0.0,0.0,0.0,71.0,26.0,69.0,22.0,18.0,7.0,13.0,7.0,10.0,8.0,25.0,21.0,95.0,38.0,101.0,46.0,4.0,3.0,6.0,4.0,0.0,0.0,0.0,0.0,7.0,0.0,900.0,3,0,0,1,0,0,1,0,0,0,0,0,0,0,187.96,198.12,240.0,28.0,34.0,0,0,0,0,1,0,0,0,0,0,0,0,0,0,0,1,0,0,0,0,1,0,0,0
Blue,False,0.25,0.25,0.429375,0.3725,0.0,0.53125,0.0625,1.5,0.0,0.0,41.375,18.0625,34.6875,15.0,54.4375,31.0625,48.0,24.9375,0.0,0.0,1.6875,1.5625,30.1875,10.375,28.9375,10.875,4.25,2.5625,3.5625,2.5625,6.9375,5.125,2.1875,1.5625,36.4375,14.75,25.9375,9.75,4.0625,3.0625,2.75,1.75,0.875,0.25,6.0,3.5,32.6875,236.6875,413.625,8,0,3,0,3,3,2,0,0,1,0,1,1,0,200.66,203.2,258.0,0.00982666015625,0.657470703125,0.410074462890625,0.5255828857421875,0.001068115234375,0.0141015625,0.0,0.00048828125,0.0,0.0,103.801513671875,39.42559814453125,99.96337890625,43.9486083984375,104.3941650390625,39.97802734375,101.2108154296875,45.17919921875,0.27252197265625,0.00140380859375,0.70721435546875,0.07421875,88.37567138671875,29.638916015625,83.55706787109375,31.80059814453125,9.255126953125,4.3846435546875,8.98223876953125,5.681396484375,6.17071533203125,5.40203857421875,7.424072265625,6.46661376953125,103.01531982421876,39.08367919921875,95.19580078125,42.25714111328125,0.47149658203125,0.1058349609375,2.618896484375,1.17962646484375,0.314697265625,0.236083984375,2.148681640625,0.5118408203125,2.16162109375,9.62109375,487.86419677734375,38,0,0,1,2,7,8,0,0,3,0,4,0,0,190.5,193.04,230.0,33.0,34.0,0,0,0,0,1,0,0,0,0,0,0,0,0,0,0,1,0,0,0,0,1,0,0,0
Blue,False,0.0,0.6875,0.40125,0.484375,0.10375,0.650625,0.375,0.25,0.0,0.0,111.625,39.0625,125.0,57.8125,123.3125,49.1875,140.0625,69.8125,0.25,0.1875,4.0,2.1875,87.875,23.0625,110.4375,47.25,18.8125,12.1875,10.5,7.1875,4.9375,3.8125,4.0625,3.375,98.8125,30.625,106.0625,47.125,9.1875,5.5,6.5625,3.125,3.625,2.9375,12.375,7.5625,42.1875,176.5625,662.375,12,0,1,0,1,1,4,0,0,1,0,0,0,0,185.42,187.96,145.0,0.0,0.0,0.44,0.27,0.0,0.06,0.0,0.0,0.0,0.0,251.0,111.0,151.0,42.0,290.0,150.0,161.0,52.0,0.0,0.0,15.0,1.0,231.0,93.0,113.0,17.0,10.0,8.0,26.0,15.0,10.0,10.0,12.0,10.0,243.0,104.0,137.0,32.0,8.0,7.0,14.0,10.0,0.0,0.0,0.0,0.0,0.0,268.0,900.0,3,0,1,0,1,1,0,0,0,0,1,0,0,0,187.96,198.12,145.0,30.0,28.0,0,1,0,0,0,0,0,0,0,0,0,0,0,0,0,0,0,1,0,0,1,0,0,0
Red,False,0.046875,0.03125,0.3575,0.4715625,0.241875,0.3125,0.390625,0.0,0.0625,0.0,77.125,31.8125,74.953125,41.015625,95.3125,46.921875,90.03125,52.953125,3.828125,0.703125,2.59375,1.0625,68.53125,26.28125,52.34375,23.171875,4.78125,2.0,17.328125,13.5625,3.8125,3.53125,5.28125,4.28125,53.265625,14.359375,42.984375,18.453125,16.53125,11.28125,10.65625,7.34375,7.328125,6.171875,21.3125,15.21875,180.484375,181.46875,668.421875,13,0,3,0,3,5,2,0,0,0,1,0,4,0,187.96,187.96,170.0,0.009765625,0.5244140625,0.511474609375,0.554873046875,0.09484375,0.00869140625,0.0,0.3125,0.0,0.0625,70.36328125,36.29052734375,82.5166015625,38.80810546875,79.00830078125,44.93505859375,83.4052734375,39.69677734375,0.8515625,0.1484375,0.2724609375,0.02734375,51.88916015625,22.31591796875,60.59423828125,22.89501953125,8.64697265625,5.5791015625,7.18212890625,3.8388671875,9.8271484375,8.3955078125,14.740234375,12.07421875,59.81005859375,28.03076171875,78.43994140625,35.57373046875,7.9951171875,6.20849609375,2.26904296875,1.576171875,2.55810546875,2.05126953125,1.8076171875,1.658203125,77.1259765625,16.142578125,452.0302734375,27,0,2,0,2,6,6,0,0,1,1,4,0,0,177.8,180.34,170.0,28.0,28.0,0,0,0,0,0,0,0,0,0,1,0,0,0,0,0,0,0,0,1,0,1,0,0,0
Red,False,0.457275390625,0.0625,0.518504638671875,0.41239990234375,0.1053173828125,0.008631591796875,0.0400390625,0.0081787109375,0.002197265625,0.0078125,183.02685546875,94.9019775390625,163.5430908203125,74.0670166015625,193.05810546875,103.9158935546875,170.6346435546875,79.112548828125,2.84130859375,0.51611328125,1.4488525390625,0.0252685546875,137.58544921875,59.209228515625,121.91748046875,42.449462890625,12.25439453125,7.743408203125,18.8367919921875,13.6719970703125,33.18701171875,27.9493408203125,22.788818359375,17.945556640625,173.8868408203125,87.7142333984375,156.762451171875,70.9400634765625,2.3936767578125,1.196044921875,6.769775390625,3.1170654296875,6.746337890625,5.99169921875,0.0108642578125,0.0098876953125,192.9150390625,15.201171875,1057.19873046875,32,0,1,0,4,10,4,0,0,1,1,6,2,0,182.88,190.5,155.0,0.1304931640625,0.0040283203125,0.3850612258911132,0.4730789995193482,0.0645584177970886,0.471431097984314,0.781836986541748,1.5244970321655271,0.0078165531158447,0.0625,158.4778709411621,71.86966514587402,159.81884765625,69.12632775306702,172.1490671634674,85.30560493469238,186.66426253318787,93.55762791633606,2.531491994857788,0.4341304302215576,4.516268968582153,3.554741382598877,139.1328718662262,58.31850504875183,135.7426881790161,49.7888548374176,12.361480712890623,7.6666553020477295,17.24415922164917,13.501603841781616,6.983518362045288,5.884504795074463,6.832000255584717,5.835869073867798,150.48102736473083,65.72783493995667,144.56532859802246,57.32336354255676,6.988865613937378,5.446595668792725,7.606291055679321,5.409696102142334,1.0079779624938965,0.6952345371246338,7.647228002548218,6.39326810836792,70.05106902122498,294.91106820106506,904.474482536316,53,2,4,0,4,17,6,0,1,0,5,8,3,0,175.26,182.88,155.0,30.0,31.0,0,0,0,0,0,0,1,0,0,0,0,0,0,0,0,0,0,0,1,0,0,0,1,0
Red,False,0.015625,0.0,0.45,0.4275,0.25,0.2,0.148468017578125,0.098388671875,0.0,0.0,66.5,29.6875,64.31230545043945,27.34375,89.75,48.0,85.53125,44.41152191162109,2.0,0.75,2.0546875,0.75,51.1875,18.3359375,49.6123046875,16.280410766601562,7.5,5.07647705078125,7.5,5.0,4.5,3.625,4.984375,3.9375,48.6875,17.0,47.11572265625,16.5,5.75,3.75,5.3125,3.4375,5.0625,3.5,3.875,2.5,99.2119140625,94.125,638.5,0,0,0,0,0,0,0,0,0,0,0,0,0,0,190.5,193.04,185.0,0.0,0.0,0.5650000000000001,0.685,0.33,0.5,2.0,0.5,1.0,0.5,25.5,15.0,21.5,13.0,46.5,30.5,30.5,21.0,2.0,1.0,1.0,0.5,22.5,12.0,13.5,7.0,2.0,2.0,5.5,4.5,1.0,1.0,2.5,1.5,8.5,3.5,13.5,6.0,2.0,1.5,2.0,2.0,15.0,10.0,6.0,5.0,213.5,147.5,402.5,3,0,2,0,2,2,0,0,0,0,0,1,1,0,187.96,190.5,185.0,27.0,24.0,0,0,0,0,0,0,0,1,0,0,0,0,0,0,0,0,0,1,0,0,1,0,0,0
Red,False,0.015625,0.0,0.45,0.4275,0.25,0.2,0.148468017578125,0.098388671875,0.0,0.0,66.5,29.6875,64.31230545043945,27.34375,89.75,48.0,85.53125,44.41152191162109,2.0,0.75,2.0546875,0.75,51.1875,18.3359375,49.6123046875,16.280410766601562,7.5,5.07647705078125,7.5,5.0,4.5,3.625,4.984375,3.9375,48.6875,17.0,47.11572265625,16.5,5.75,3.75,5.3125,3.4375,5.0625,3.5,3.875,2.5,99.2119140625,94.125,638.5,0,0,0,0,0,0,0,0,0,0,0,0,0,0,177.8,177.8,170.0,0.5,0.0,0.36,0.485,0.25,0.11,0.0,0.5,0.0,0.0,79.0,28.5,98.0,47.5,84.5,33.5,119.5,62.5,1.0,0.5,4.5,1.0,71.5,24.0,65.5,24.5,5.5,3.0,23.5,14.5,2.0,1.5,9.0,8.5,66.5,21.0,84.0,35.5,3.0,1.0,12.0,10.0,9.5,6.5,2.0,2.0,27.5,88.0,546.5,5,0,1,0,1,1,1,0,0,0,0,1,0,0,177.8,185.42,170.0,33.0,30.0,0,0,0,0,0,0,0,0,0,1,0,0,0,0,0,1,0,0,0,0,0,0,1,0
Blue,False,0.0,0.0,0.56,0.19,0.5,1.0,2.0,0.0,0.0,0.0,55.0,31.0,61.0,12.0,80.0,49.0,68.0,16.0,12.0,6.0,1.0,1.0,37.0,16.0,47.0,5.0,9.0,6.0,10.0,5.0,9.0,9.0,4.0,2.0,51.0,28.0,56.0,11.0,2.0,2.0,5.0,1.0,2.0,1.0,0.0,0.0,398.0,85.0,900.0,3,0,1,0,1,1,0,0,0,0,1,0,0,0,177.8,182.88,145.0,0.0,0.0,0.56,0.5575,0.25,0.6875,2.25,0.75,0.75,0.5,60.0,30.75,65.0,35.25,75.25,44.25,126.75,87.0,1.25,0.25,6.0,4.5,56.5,27.75,56.25,29.5,3.5,3.0,7.25,5.0,0.0,0.0,1.5,0.75,45.0,20.25,38.75,14.5,2.5,2.5,6.0,6.0,12.5,8.0,20.25,14.75,106.5,457.75,709.0,8,0,0,2,1,1,2,0,0,0,0,0,1,0,177.8,185.42,145.0,23.0,30.0,0,0,1,0,0,0,0,0,0,0,0,0,0,0,0,0,0,0,1,0,0,0,1,0
Red,False,0.015625,0.0,0.45,0.4275,0.25,0.2,0.148468017578125,0.098388671875,0.0,0.0,66.5,29.6875,64.31230545043945,27.34375,89.75,48.0,85.53125,44.41152191162109,2.0,0.75,2.0546875,0.75,51.1875,18.3359375,49.6123046875,16.280410766601562,7.5,5.07647705078125,7.5,5.0,4.5,3.625,4.984375,3.9375,48.6875,17.0,47.11572265625,16.5,5.75,3.75,5.3125,3.4375,5.0625,3.5,3.875,2.5,99.2119140625,94.125,638.5,0,0,0,0,0,0,0,0,0,0,0,0,0,0,160.02,165.1,115.0,0.0471682548522949,0.0,0.45,0.4217682266235352,0.25,0.19173828125,0.1875,0.125,0.0,0.0,69.5,30.5,66.984375,27.8466796875,94.0,48.544921875,88.50390625,44.75,2.0,0.8125,2.015625,0.6640625,54.0,19.01513671875,51.483436584472656,16.9437255859375,7.91796875,5.430633544921875,7.75,5.0625,4.780975341796875,3.9373779296875,4.8994140625,3.84375,51.025390625,18.400863647460938,50.515625,17.5,5.75,3.75,5.5,3.5,5.375,3.6875,4.0,2.65625,104.865234375,89.5,655.8441009521484,0,0,0,0,0,0,0,0,0,0,0,0,0,0,157.48000000000002,160.02,115.0,35.0,20.0,0,0,0,0,0,0,0,0,0,0,0,0,0,1,0,0,0,1,0,0,1,0,0,0
Red,False,0.0,0.0,0.505625,0.36375,0.27875,0.2175,1.5625,0.125,0.0,0.125,73.375,35.1875,55.3125,22.0,92.125,52.625,74.8125,39.1875,2.125,0.875,2.875,1.1875,60.6875,24.9375,37.75,9.4375,7.75,5.4375,11.875,8.625,4.9375,4.8125,5.6875,3.9375,62.75,25.375,43.625,13.25,2.5625,2.125,6.1875,4.375,8.0625,7.6875,5.5,4.375,174.875,219.6875,664.875,12,0,2,0,2,4,1,0,0,0,2,0,2,0,187.96,185.42,155.0,3.2596290111541755e-08,0.0156326293945312,0.430144934769487,0.3969768444728107,0.1679642874479759,0.5746812355995644,0.4132000213721767,0.0630685134092345,7.725146133452654e-05,0.0019540793728083,66.57078604784328,31.60679805302061,106.24977093166672,47.345713835791685,72.35542153345887,36.240477548446506,123.7137532227207,63.76388080860488,1.385766252875328,0.3147696779342368,0.5874255828093737,0.5819449577247724,51.3272070864914,18.000796581385657,96.1275687457528,40.408441002480686,7.841607395559549,6.772673654952087,4.47995178529527,2.9067074777558446,7.401971565792337,6.833327816682868,5.64225040061865,4.030565355555154,57.4899357148679,24.18784819089342,91.76417815114836,38.01023474428803,7.192090289434418,5.632489113835618,8.23426474898588,5.165117259253748,1.8887600435409693,1.7864607482915744,6.251328031532466,4.17036183224991,23.1645104176132,158.159439660958,505.12471521028783,76,0,2,0,7,20,14,0,0,2,6,3,9,0,172.72,180.34,155.0,26.0,36.0,0,1,0,0,0,0,0,0,0,0,0,0,0,0,0,1,0,0,0,0,0,0,1,0
Blue,False,0.0009765625,0.09375,0.487568359375,0.336123046875,0.610078125,0.425751953125,0.2509765625,0.5625,0.126953125,0.125,141.6875,71.005859375,135.5009765625,47.146484375,162.41796875,88.6708984375,142.466796875,53.8349609375,3.0361328125,1.4443359375,3.017578125,0.8828125,91.9130859375,34.4677734375,106.39453125,28.5390625,29.5576171875,20.6416015625,15.8779296875,8.5791015625,20.216796875,15.896484375,13.228515625,10.0283203125,119.830078125,53.1376953125,120.2783203125,38.654296875,12.0673828125,10.0869140625,11.0927734375,5.7724609375,9.7900390625,7.78125,4.1298828125,2.7197265625,204.9033203125,65.5771484375,887.9521484375,29,0,4,0,4,5,6,0,0,1,2,1,1,0,177.8,180.34,155.0,0.0791016817092895,0.0161771774291992,0.4012336676567793,0.3039074676483869,0.1431938619166612,0.0010691052675247,0.0041853040456771,0.6366436332464218,3.0517578125e-05,1.1920928955078125e-07,66.52173849195242,26.032608948647976,57.23264157027006,20.442201927304268,79.70581968873739,37.9539351016283,60.28992945700884,23.20446801930666,1.0399477183818815,0.34776221960783,0.0225666761398315,0.0066025555133819,54.80419752001762,17.047675222158432,51.69701024144888,16.616594776511192,6.247315131127834,4.057201527059078,3.551676794886589,2.3521914333105087,5.470225840806961,4.927732199430466,1.9839545339345928,1.4734157174825668,54.795658588409424,19.53521848469973,53.854473166167736,17.76153466105461,8.102740243077278,4.283470779657364,3.352673806250096,2.656403958797455,3.623339660465717,2.213919684290886,0.02549459785223,0.0242633074522018,90.58106719702482,1.9620160162448883,323.7547257691622,71,0,1,0,4,15,13,0,0,3,6,2,4,0,170.18,177.8,155.0,33.0,38.0,0,0,0,0,0,0,1,0,0,0,0,0,0,0,0,1,0,0,0,0,1,0,0,0
Red,False,0.6875,0.0,0.38875,0.235625,0.0625,0.13375,0.0,0.5,0.0,0.0,87.1875,43.875,64.375,19.4375,93.1875,48.1875,67.6875,21.75,0.0625,0.0625,1.9375,0.5625,73.625,33.375,44.8125,7.5,7.0,4.625,16.6875,9.1875,6.5625,5.875,2.875,2.75,77.9375,35.75,59.8125,15.75,7.5,6.625,4.5625,3.6875,1.75,1.5,0.0,0.0,9.5625,51.0625,501.0625,10,0,1,0,1,3,2,0,0,0,0,3,0,0,182.88,187.96,170.0,0.0,0.259765625,0.4329296875,0.3666796875,0.255859375,0.2525,0.5625,0.015625,0.0,0.0234375,123.90625,52.798828125,110.0390625,40.521484375,175.978515625,90.1328125,113.958984375,43.935546875,7.53125,1.806640625,1.3125,0.515625,102.068359375,40.58984375,90.673828125,26.3828125,17.076171875,7.818359375,10.734375,6.052734375,4.76171875,4.390625,8.630859375,8.0859375,110.287109375,44.578125,105.826171875,37.88671875,3.98828125,2.212890625,2.84765625,1.939453125,9.630859375,6.0078125,1.365234375,0.6953125,220.71484375,27.591796875,804.212890625,28,0,0,1,4,7,3,0,0,1,4,1,1,0,180.34,182.88,170.0,35.0,31.0,0,0,0,0,0,0,0,0,0,1,0,0,0,0,0,1,0,0,0,0,1,0,0,0
Red,False,0.1875,0.28125,0.591875,0.4196875,0.328125,0.04875,0.0,0.0,0.0,0.5,154.125,92.90625,111.125,43.65625,166.4375,104.0,120.09375,51.625,0.9375,0.65625,3.125,0.4375,107.84375,54.875,81.53125,26.3125,28.75,23.5625,20.1875,10.4375,17.53125,14.46875,9.40625,6.90625,137.53125,80.375,97.96875,34.75,9.84375,6.53125,1.53125,0.8125,6.75,6.0,11.625,8.09375,51.125,77.65625,903.875,19,0,4,0,4,5,1,0,0,1,2,2,0,0,200.66,203.2,250.0,0.0078125,0.078125,0.501943359375,0.3155273437499999,0.3816015625,0.0009765625,0.0,0.0625,0.0,0.0,50.3173828125,25.802734375,21.2392578125,6.2724609375,68.810546875,40.00390625,23.1962890625,8.16015625,6.20703125,2.4599609375,0.0068359375,0.0029296875,42.9638671875,19.2744140625,16.9912109375,3.8193359375,2.5,2.240234375,2.57421875,1.294921875,4.853515625,4.2880859375,1.673828125,1.158203125,32.4697265625,11.7001953125,20.2685546875,5.4453125,5.408203125,5.1904296875,0.513671875,0.4658203125,12.439453125,8.912109375,0.45703125,0.361328125,215.8779296875,0.8369140625,455.45703125,25,0,0,1,4,8,3,0,0,0,3,4,0,1,193.04,203.2,265.0,31.0,29.0,0,0,0,0,1,0,0,0,0,0,0,0,0,0,0,1,0,0,0,0,1,0,0,0
Red,False,0.625,0.1875,0.6059375,0.44625,0.046875,0.0784375,0.125,0.5,0.0,0.0,170.84375,99.21875,119.234375,55.0,207.6875,132.453125,121.59375,56.984375,0.046875,0.046875,10.796875,1.53125,126.640625,60.046875,91.0625,35.796875,31.4375,27.4375,9.640625,5.046875,12.765625,11.734375,18.53125,14.15625,128.359375,63.21875,112.890625,49.6875,11.625,9.890625,3.84375,3.125,30.859375,26.109375,2.5,2.1875,108.734375,161.4375,770.296875,19,0,3,0,3,6,1,0,0,1,2,2,1,0,180.34,190.5,145.0,1.0625,0.125,0.411015625,0.2227343749999999,0.02078125,0.013671875,0.0078125,0.0,0.0,0.0,66.375,25.7109375,82.8671875,18.21875,71.53125,29.5546875,83.390625,18.640625,0.9375,0.09375,0.1015625,0.0390625,52.5546875,16.4375,73.1875,12.0859375,8.6953125,4.8203125,6.53125,3.90625,5.125,4.453125,3.1484375,2.2265625,53.46875,16.5859375,81.375,17.328125,0.3515625,0.2734375,0.3984375,0.1953125,12.5546875,8.8515625,1.09375,0.6953125,24.65625,3.21875,468.6875,19,0,2,0,2,6,2,0,0,1,2,3,0,0,167.64,177.8,145.0,29.0,35.0,0,0,1,0,0,0,0,0,0,0,0,0,0,0,0,1,0,0,0,0,1,0,0,0
Red,False,0.0,0.0,0.38,0.34,0.75,0.66,0.0,0.0,0.0,0.0,187.0,72.0,66.0,23.0,204.0,88.0,73.0,30.0,4.0,3.0,3.0,2.0,151.0,48.0,43.0,8.0,23.0,15.0,17.0,10.0,13.0,9.0,6.0,5.0,151.0,51.0,56.0,15.0,31.0,17.0,9.0,7.0,5.0,4.0,1.0,1.0,281.0,43.0,900.0,3,0,1,0,1,1,0,0,0,0,1,0,0,0,152.4,157.48,115.0,0.0009765625,0.0,0.42048828125,0.45775390625,0.0831640625,0.271015625,0.015625,0.5,0.0,0.34375,96.869140625,40.787109375,157.8759765625,73.681640625,113.53515625,56.3828125,189.548828125,101.056640625,5.3369140625,0.1669921875,4.927734375,1.71875,65.4697265625,19.7080078125,91.8056640625,29.4931640625,16.8134765625,11.3056640625,39.9306640625,26.5810546875,14.5859375,9.7734375,26.1396484375,17.607421875,81.8408203125,31.0634765625,120.4658203125,41.681640625,12.8818359375,8.208984375,30.0126953125,25.498046875,2.146484375,1.5146484375,7.3974609375,6.501953125,111.5,196.7490234375,891.453125,32,0,3,0,3,6,5,0,0,0,5,0,1,0,154.94,152.4,115.0,26.0,30.0,0,0,0,0,0,0,0,0,0,0,0,0,0,1,0,0,0,1,0,0,1,0,0,0
Red,False,0.0,0.001953125,0.41615234375,0.419921875,0.5234375,0.7575000000000001,0.462890625,0.0625,0.0625,0.0,101.662109375,42.724609375,143.693359375,62.109375,120.30859375,59.396484375,179.998046875,95.361328125,0.5234375,0.5234375,4.275390625,2.54296875,87.75,32.060546875,91.451171875,23.38671875,9.544921875,6.939453125,25.435546875,17.31640625,4.3671875,3.724609375,26.806640625,21.40625,87.69140625,33.814453125,120.826171875,45.958984375,4.9921875,3.94140625,14.625,12.119140625,8.978515625,4.96875,8.2421875,4.03125,54.5703125,291.3046875,848.76171875,27,0,2,0,2,5,5,0,0,0,1,2,2,0,167.64,172.72,135.0,0.0,0.0,0.4189892578125,0.412373046875,0.343330078125,0.0600439453125,0.11572265625,0.00390625,0.0,0.015625,99.208984375,40.517578125,111.00390625,42.7158203125,129.0205078125,66.28564453125,160.80712890625,83.35302734375,4.162109375,0.90087890625,2.02099609375,0.25244140625,68.45751953125,17.1181640625,74.1181640625,21.45068359375,23.82666015625,18.42431640625,22.96337890625,11.66455078125,6.9248046875,4.97509765625,13.92236328125,9.6005859375,77.30517578125,21.595703125,97.099609375,31.67138671875,20.1826171875,17.3681640625,12.90283203125,10.2314453125,1.72119140625,1.5537109375,1.00146484375,0.81298828125,185.419921875,259.85498046875,926.7333984375,35,1,1,0,4,7,5,0,0,2,3,0,2,0,170.18,170.18,135.0,43.0,31.0,0,0,0,0,0,0,0,0,0,0,1,0,0,0,0,1,0,0,0,0,1,0,0,0
Blue,False,0.0,0.0,0.5190625,0.481875,0.295,0.125,0.1875,0.0625,0.375,0.28125,28.375,15.15625,47.625,23.40625,37.0625,23.5,59.59375,34.09375,2.59375,0.90625,0.125,0.125,23.40625,11.8125,45.28125,21.21875,2.1875,1.5625,2.28125,2.125,2.78125,1.78125,0.0625,0.0625,18.875,8.09375,30.90625,10.0625,0.5625,0.5625,9.875,8.3125,8.9375,6.5,6.84375,5.03125,193.53125,26.71875,329.46875,9,0,2,0,2,4,2,0,0,0,0,1,3,0,165.1,160.02,125.0,0.0,0.0009765625,0.441533203125,0.59583984375,0.021953125,0.462451171875,1.19140625,0.0078125,0.03515625,0.00390625,110.5380859375,42.2509765625,95.365234375,45.6513671875,121.17578125,52.15234375,106.6396484375,56.140625,0.82421875,0.12890625,3.072265625,0.9599609375,90.4345703125,27.1171875,68.1318359375,23.4921875,6.9501953125,4.859375,13.380859375,10.359375,13.1533203125,10.2744140625,13.8525390625,11.7998046875,103.705078125,36.7158203125,88.44921875,40.109375,3.8720703125,2.8896484375,4.6474609375,3.6455078125,2.9609375,2.6455078125,2.2685546875,1.896484375,21.0947265625,140.791015625,554.1015625,27,0,0,2,2,5,6,0,0,1,1,1,2,0,170.18,170.18,125.0,25.0,33.0,0,0,0,0,0,0,0,0,0,0,0,0,1,0,0,1,0,0,0,0,1,0,0,0
Blue,False,0.015625,0.0,0.45,0.4275,0.25,0.2,0.148468017578125,0.098388671875,0.0,0.0,66.5,29.6875,64.31230545043945,27.34375,89.75,48.0,85.53125,44.41152191162109,2.0,0.75,2.0546875,0.75,51.1875,18.3359375,49.6123046875,16.280410766601562,7.5,5.07647705078125,7.5,5.0,4.5,3.625,4.984375,3.9375,48.6875,17.0,47.11572265625,16.5,5.75,3.75,5.3125,3.4375,5.0625,3.5,3.875,2.5,99.2119140625,94.125,638.5,0,0,0,0,0,0,0,0,0,0,0,0,0,0,170.18,172.72,155.0,0.0,0.25,0.395625,0.60375,0.1,0.6,0.0,0.53125,0.09375,0.0,88.90625,42.15625,74.96875,38.375,97.28125,49.5,79.25,42.625,0.625,0.25,2.5625,1.375,70.59375,29.28125,58.53125,25.9375,17.1875,12.0,10.78125,7.0625,1.125,0.875,5.65625,5.375,83.40625,38.375,68.96875,34.03125,5.09375,3.6875,4.09375,3.125,0.40625,0.09375,1.90625,1.21875,18.40625,36.71875,370.375,14,0,0,1,1,2,4,0,0,1,0,1,0,0,177.8,185.42,170.0,30.0,31.0,0,0,0,0,0,0,1,0,0,0,0,0,0,0,0,1,0,0,0,0,1,0,0,0
Blue,False,0.25,0.0,0.3390625,0.35375,0.3271874999999999,0.15125,0.0,0.625,0.5,0.0,165.7734375,59.21875,200.625,74.5,195.5859375,83.625,212.0859375,84.1953125,2.8671875,1.1875,2.9453125,0.5546875,151.1640625,49.7265625,154.46875,41.265625,11.5859375,7.1171875,29.625,19.5,3.0234375,2.375,16.53125,13.734375,156.4609375,52.1640625,194.3984375,69.7734375,6.5234375,4.6875,3.5703125,2.7421875,2.7890625,2.3671875,2.65625,1.984375,143.9375,74.4609375,851.421875,24,0,0,2,2,4,4,0,0,2,0,2,0,0,165.1,170.18,125.0,0.5,0.0625,0.37109375,0.48625,0.6540625,0.0703125,0.015625,0.53125,0.75,1.765625,79.734375,26.9375,96.140625,45.21875,164.421875,98.765625,117.4375,62.0625,4.03125,1.25,0.390625,0.25,74.25,23.71875,86.65625,38.265625,3.734375,2.03125,7.78125,5.28125,1.75,1.1875,1.703125,1.671875,69.203125,19.59375,79.28125,33.671875,1.5625,1.34375,7.109375,6.015625,8.96875,6.0,9.75,5.53125,459.96875,156.578125,897.25,22,1,0,2,1,3,4,0,0,1,1,1,0,0,170.18,175.26,125.0,36.0,37.0,0,0,0,0,0,0,0,0,0,0,0,0,1,0,0,1,0,0,0,0,1,0,0,0
Red,False,0.015625,0.0,0.45,0.4275,0.25,0.2,0.148468017578125,0.098388671875,0.0,0.0,66.5,29.6875,64.31230545043945,27.34375,89.75,48.0,85.53125,44.41152191162109,2.0,0.75,2.0546875,0.75,51.1875,18.3359375,49.6123046875,16.280410766601562,7.5,5.07647705078125,7.5,5.0,4.5,3.625,4.984375,3.9375,48.6875,17.0,47.11572265625,16.5,5.75,3.75,5.3125,3.4375,5.0625,3.5,3.875,2.5,99.2119140625,94.125,638.5,0,0,0,0,0,0,0,0,0,0,0,0,0,0,185.42,180.34,155.0,0.0,0.0,0.475,0.3525,0.15,0.435,0.0,0.0,0.0,0.0,94.5,44.25,88.0,34.25,129.0,68.0,95.5,40.5,1.25,0.75,8.0,4.75,59.25,22.25,72.0,23.75,19.5,9.5,8.5,4.0,15.75,12.5,7.5,6.5,86.25,38.75,74.0,23.25,4.75,2.5,4.25,3.25,3.5,3.0,9.75,7.75,98.0,314.0,900.0,9,0,0,1,1,1,2,0,0,0,1,0,0,0,177.8,180.34,155.0,25.0,28.0,0,0,0,0,0,0,1,0,0,0,0,0,0,0,0,1,0,0,0,0,1,0,0,0
Red,False,0.0625,0.0,0.35125,0.3399999999999999,0.125,0.3087499999999999,0.125,0.5,0.0,0.0,74.5,30.5,82.4375,34.4375,86.75,41.4375,94.0625,43.8125,0.125,0.125,2.0625,0.6875,48.8125,12.3125,68.4375,23.5625,14.25,9.125,11.0625,8.0,11.4375,9.0625,2.9375,2.875,64.0625,24.3125,63.75,21.8125,8.5,5.625,5.3125,3.4375,1.9375,0.5625,13.375,9.1875,32.5,84.1875,414.5625,11,0,0,1,2,2,3,0,0,1,1,0,0,0,154.94,157.48,115.0,0.0471682548522949,0.0,0.45,0.4217682266235352,0.25,0.19173828125,0.1875,0.125,0.0,0.0,69.5,30.5,66.984375,27.8466796875,94.0,48.544921875,88.50390625,44.75,2.0,0.8125,2.015625,0.6640625,54.0,19.01513671875,51.483436584472656,16.9437255859375,7.91796875,5.430633544921875,7.75,5.0625,4.780975341796875,3.9373779296875,4.8994140625,3.84375,51.025390625,18.400863647460938,50.515625,17.5,5.75,3.75,5.5,3.5,5.375,3.6875,4.0,2.65625,104.865234375,89.5,655.8441009521484,0,0,0,0,0,0,0,0,0,0,0,0,0,0,167.64,172.72,125.0,27.0,23.0,0,0,0,0,0,0,0,0,0,0,0,0,1,0,0,1,0,0,0,0,0,0,1,0
Red,False,1.0,0.5,0.43,0.49,0.0,0.5,0.0,0.0,0.0,0.0,137.5,59.5,119.0,60.0,143.0,65.0,124.0,64.5,0.0,0.0,2.0,2.0,81.5,24.5,99.5,43.0,33.0,18.5,14.0,12.0,23.0,16.5,5.5,5.0,129.0,53.0,101.5,48.5,3.5,2.5,7.5,5.0,5.0,4.0,10.0,6.5,10.5,94.5,736.0,5,0,0,1,1,1,1,0,0,0,0,1,0,0,175.26,175.26,145.0,0.2705078125,0.126953125,0.345084228515625,0.49150634765625,0.2687414550781249,0.0113012695312499,0.062744140625,0.5048828125,0.00439453125,0.56298828125,133.4560546875,47.9779052734375,117.751953125,57.64990234375,138.78515625,52.7965087890625,131.265869140625,68.5245361328125,4.2506103515625,1.836669921875,0.64306640625,0.0672607421875,116.2984619140625,34.9407958984375,92.9892578125,37.8724365234375,10.3289794921875,7.6475830078125,13.5328369140625,9.0576171875,6.82861328125,5.3895263671875,11.2298583984375,10.7198486328125,128.8720703125,45.0771484375,97.8223876953125,44.708251953125,2.5316162109375,1.720703125,3.270751953125,1.9669189453125,2.0523681640625,1.1800537109375,16.6588134765625,10.9747314453125,81.8173828125,147.8212890625,719.72998046875,34,0,1,0,2,8,6,0,0,1,4,3,0,0,180.34,187.96,145.0,24.0,29.0,0,0,1,0,0,0,0,0,0,0,0,0,0,0,0,0,0,0,1,0,1,0,0,0
Red,False,0.015625,0.0,0.45,0.4275,0.25,0.2,0.148468017578125,0.098388671875,0.0,0.0,66.5,29.6875,64.31230545043945,27.34375,89.75,48.0,85.53125,44.41152191162109,2.0,0.75,2.0546875,0.75,51.1875,18.3359375,49.6123046875,16.280410766601562,7.5,5.07647705078125,7.5,5.0,4.5,3.625,4.984375,3.9375,48.6875,17.0,47.11572265625,16.5,5.75,3.75,5.3125,3.4375,5.0625,3.5,3.875,2.5,99.2119140625,94.125,638.5,0,0,0,0,0,0,0,0,0,0,0,0,0,0,165.1,170.18,135.0,0.0625,0.0,0.39125,0.415625,0.51125,0.0175,0.0,0.0625,0.0,0.0625,157.125,59.75,90.3125,37.25,256.0625,148.0,97.8125,43.5,18.0625,8.9375,0.625,0.125,126.0625,36.875,66.875,19.8125,16.75,10.25,13.25,8.6875,14.3125,12.625,10.1875,8.75,117.0,33.25,78.0,28.75,9.4375,6.75,10.25,6.9375,30.6875,19.75,2.0625,1.5625,424.125,23.0625,900.0,15,0,0,2,3,3,2,0,0,0,3,0,0,0,167.64,172.72,135.0,30.0,29.0,0,1,0,0,0,0,0,0,0,0,0,0,0,0,0,1,0,0,0,0,1,0,0,0
Red,False,0.0,0.75,0.35,0.4490625,0.055625,0.34375,0.03125,0.0625,0.0,0.0625,133.1875,45.71875,135.1875,61.65625,141.15625,52.6875,160.15625,83.78125,3.28125,0.3125,0.84375,0.53125,107.5,28.375,103.375,38.9375,15.875,9.75,12.875,8.1875,9.8125,7.59375,18.9375,14.53125,127.96875,42.25,120.875,50.75,3.53125,2.15625,6.0,4.9375,1.6875,1.3125,8.3125,5.96875,30.1875,136.1875,710.40625,15,0,0,1,2,2,4,0,0,1,0,0,1,0,167.64,165.1,135.0,0.0,0.0,0.3925,0.2475,0.0825,0.5,0.0,0.75,0.0,0.0,34.25,14.0,27.75,8.0,34.25,14.0,34.75,15.0,1.0,0.25,0.5,0.5,21.0,5.75,23.0,5.0,3.5,2.5,1.25,0.25,9.75,5.75,3.5,2.75,33.5,13.75,27.25,8.0,0.75,0.25,0.5,0.0,0.0,0.0,0.0,0.0,10.75,46.5,322.25,5,0,1,0,1,1,2,0,0,0,1,0,0,0,167.64,175.26,125.0,25.0,30.0,1,0,0,0,0,0,0,0,0,0,0,0,0,0,0,1,0,0,0,0,1,0,0,0
Blue,False,0.0,0.0,0.426875,0.3129687499999999,0.210625,0.0125,0.15625,0.0,0.0,0.0,175.15625,74.640625,147.09375,41.65625,188.25,87.171875,150.578125,44.890625,2.0625,0.875,2.765625,0.078125,157.796875,61.296875,111.34375,21.703125,11.234375,8.375,14.953125,6.984375,6.125,4.96875,20.796875,12.96875,154.15625,60.703125,143.671875,39.234375,17.296875,11.28125,3.234375,2.3125,3.703125,2.65625,0.1875,0.109375,91.234375,16.9375,890.15625,19,0,1,0,2,4,3,0,0,0,3,0,1,0,182.88,187.96,185.0,0.125,0.0,0.5078125,0.4284375,0.2375,0.2043749999999999,0.5625,0.65625,0.75,0.0,87.59375,39.78125,68.5625,27.15625,101.28125,51.78125,75.875,33.5,1.71875,0.65625,2.75,1.1875,62.3125,20.46875,53.3125,16.21875,8.9375,5.03125,12.4375,8.96875,16.34375,14.28125,2.8125,1.96875,71.8125,26.0625,61.15625,21.84375,4.53125,4.40625,1.75,1.4375,11.25,9.3125,5.65625,3.875,141.4375,126.6875,742.6875,12,0,1,0,2,4,2,0,0,1,1,0,2,0,185.42,187.96,185.0,26.0,29.0,0,0,0,0,0,0,0,1,0,0,0,0,0,0,0,0,0,1,0,0,0,0,1,0
Red,False,0.125,1.25,0.3299999999999999,0.625,0.25,0.0625,0.0,0.0,0.25,0.0,91.375,30.75,88.375,47.5,101.625,40.875,94.625,53.25,0.375,0.25,2.5,0.25,73.25,17.625,73.125,35.75,15.125,10.625,9.375,6.5,3.0,2.5,5.875,5.25,82.5,24.75,69.75,32.625,4.125,2.625,4.75,3.125,4.75,3.375,13.875,11.75,50.625,73.375,550.5,10,0,2,0,2,2,2,0,0,0,2,0,0,0,170.18,185.42,155.0,0.0,0.1875,0.5265625,0.69828125,0.0534375,0.8159375,0.328125,2.578125,0.046875,0.09375,59.609375,22.640625,69.109375,42.96875,65.5,27.8125,90.203125,60.671875,2.0,0.453125,2.25,1.9375,43.25,11.9375,55.09375,30.953125,5.84375,2.8125,11.03125,9.40625,10.515625,7.890625,2.984375,2.609375,56.421875,21.09375,34.125,13.828125,1.25,0.515625,2.828125,1.75,1.9375,1.03125,32.15625,27.390625,32.046875,436.09375,693.609375,19,0,0,1,1,3,4,0,0,0,1,0,2,0,175.26,175.26,145.0,31.0,33.0,0,0,0,0,0,0,1,0,0,0,0,0,0,0,0,1,0,0,0,0,0,0,0,1
Blue,False,0.0,0.0,0.5192187500000001,0.38125,0.521875,0.0240625,0.28125,0.078125,0.0,0.09375,131.640625,67.296875,132.8125,52.65625,156.546875,87.625,137.265625,56.796875,4.25,1.90625,0.625,0.15625,92.265625,39.921875,102.78125,28.1875,22.5625,15.40625,14.046875,11.421875,16.8125,11.96875,15.984375,13.046875,97.796875,39.765625,119.5625,43.234375,3.171875,2.390625,12.71875,9.03125,30.671875,25.140625,0.53125,0.390625,205.484375,4.046875,811.375,17,0,3,0,3,5,2,0,0,0,2,0,3,0,162.56,162.56,125.0,0.0,0.251953125,0.3875146484375,0.496298828125,0.05859375,0.411513671875,0.19140625,0.3046875,0.0,0.0,144.4677734375,65.84375,103.25146484375,43.779296875,157.8349609375,78.9091796875,119.39111328125,59.52978515625,1.12890625,0.16015625,4.18115234375,1.5615234375,94.18994140625,28.607421875,86.72412109375,30.40625,28.40185546875,19.18603515625,8.607421875,6.8583984375,21.8759765625,18.05029296875,7.919921875,6.5146484375,137.2626953125,60.04638671875,94.53955078125,37.21142578125,6.337890625,5.11767578125,4.4716796875,3.19384765625,0.8671875,0.6796875,4.240234375,3.3740234375,30.7900390625,131.12255859375,756.001953125,34,1,0,2,3,5,7,0,0,2,2,0,0,1,167.64,167.64,125.0,32.0,33.0,0,0,0,0,0,0,0,0,0,0,0,0,1,0,0,1,0,0,0,0,1,0,0,0
Red,False,0.0,0.5,0.4575,0.50375,0.33875,0.4375,0.0,0.125,0.0,0.0,43.125,21.25,51.375,26.125,94.625,65.25,66.5,38.75,1.375,1.125,0.75,0.625,26.75,8.375,34.875,12.375,11.5,8.875,14.5,12.625,4.875,4.0,2.0,1.125,32.0,14.125,35.875,13.75,10.0,6.125,11.75,9.75,1.125,1.0,3.75,2.625,106.75,163.75,401.25,8,0,0,1,1,1,3,0,0,0,1,0,0,0,167.64,172.72,125.0,1.0,0.0,0.4,0.39,0.0,0.5,0.0,0.0,0.0,0.0,122.0,49.0,83.0,33.0,142.0,66.0,95.0,39.0,1.0,0.0,2.0,1.0,96.0,30.0,73.0,26.0,16.0,11.0,6.0,3.0,10.0,8.0,4.0,4.0,93.0,28.0,69.0,25.0,23.0,17.0,13.0,7.0,6.0,4.0,1.0,1.0,346.0,164.0,900.0,3,0,1,0,1,1,0,0,0,0,1,0,0,0,170.18,172.72,135.0,31.0,32.0,0,0,0,0,0,0,0,0,0,0,1,0,0,0,0,0,0,1,0,0,1,0,0,0
Blue,False,0.015625,0.0,0.45,0.4275,0.25,0.2,0.148468017578125,0.098388671875,0.0,0.0,66.5,29.6875,64.31230545043945,27.34375,89.75,48.0,85.53125,44.41152191162109,2.0,0.75,2.0546875,0.75,51.1875,18.3359375,49.6123046875,16.280410766601562,7.5,5.07647705078125,7.5,5.0,4.5,3.625,4.984375,3.9375,48.6875,17.0,47.11572265625,16.5,5.75,3.75,5.3125,3.4375,5.0625,3.5,3.875,2.5,99.2119140625,94.125,638.5,0,0,0,0,0,0,0,0,0,0,0,0,0,0,175.26,182.88,170.0,0.0471682548522949,0.0,0.45,0.4217682266235352,0.25,0.19173828125,0.1875,0.125,0.0,0.0,69.5,30.5,66.984375,27.8466796875,94.0,48.544921875,88.50390625,44.75,2.0,0.8125,2.015625,0.6640625,54.0,19.01513671875,51.483436584472656,16.9437255859375,7.91796875,5.430633544921875,7.75,5.0625,4.780975341796875,3.9373779296875,4.8994140625,3.84375,51.025390625,18.400863647460938,50.515625,17.5,5.75,3.75,5.5,3.5,5.375,3.6875,4.0,2.65625,104.865234375,89.5,655.8441009521484,0,0,0,0,0,0,0,0,0,0,0,0,0,0,187.96,187.96,185.0,28.0,30.0,0,0,0,0,0,0,0,0,0,1,0,0,0,0,0,0,0,0,1,0,1,0,0,0
Red,False,0.015625,0.0,0.45,0.4275,0.25,0.2,0.148468017578125,0.098388671875,0.0,0.0,66.5,29.6875,64.31230545043945,27.34375,89.75,48.0,85.53125,44.41152191162109,2.0,0.75,2.0546875,0.75,51.1875,18.3359375,49.6123046875,16.280410766601562,7.5,5.07647705078125,7.5,5.0,4.5,3.625,4.984375,3.9375,48.6875,17.0,47.11572265625,16.5,5.75,3.75,5.3125,3.4375,5.0625,3.5,3.875,2.5,99.2119140625,94.125,638.5,0,0,0,0,0,0,0,0,0,0,0,0,0,0,165.1,165.1,125.0,0.0,0.0,0.275,0.3349999999999999,0.0,0.0,0.0,0.0,0.0,0.0,161.5,45.0,255.0,87.0,164.0,47.5,255.0,87.0,2.0,0.0,2.0,0.0,140.0,31.0,221.0,63.5,16.0,9.0,15.0,7.0,5.5,5.0,19.0,16.5,155.0,43.0,245.5,81.0,6.5,2.0,8.0,5.0,0.0,0.0,1.5,1.0,49.5,9.5,900.0,6,0,0,2,0,0,2,0,0,0,0,0,0,0,170.18,172.72,125.0,27.0,36.0,1,0,0,0,0,0,0,0,0,0,0,0,0,0,0,0,0,1,0,0,1,0,0,0
Red,False,0.515625,0.125,0.41609375,0.5217968749999999,0.161015625,0.009375,0.2734375,0.203125,0.015625,0.0,71.1953125,24.390625,95.2734375,45.3046875,81.2578125,33.859375,104.21875,52.3359375,3.1640625,0.3671875,0.2265625,0.0234375,51.0546875,16.0078125,71.5,28.484375,10.9453125,3.4296875,15.6171875,9.703125,9.1953125,4.953125,8.15625,7.1171875,67.25,21.3828125,86.609375,40.421875,0.7265625,0.5859375,6.4140625,3.0078125,3.21875,2.421875,2.25,1.875,60.390625,23.59375,409.03125,15,0,1,0,2,5,3,0,0,0,1,2,2,0,167.64,167.64,145.0,0.0,0.0,0.5021875,0.321875,0.375625,0.18625,0.0,0.25,0.0,0.5,89.75,44.9375,110.3125,35.96875,135.34375,86.84375,134.6875,57.1875,8.96875,3.25,3.125,0.59375,67.78125,30.03125,92.0,22.71875,15.4375,10.34375,7.71875,4.75,6.53125,4.5625,10.59375,8.5,72.65625,31.125,99.21875,29.125,5.375,3.53125,5.28125,2.34375,11.71875,10.28125,5.8125,4.5,256.09375,77.09375,852.75,17,0,3,0,3,4,2,0,0,2,2,0,0,0,167.64,162.56,145.0,33.0,30.0,0,0,1,0,0,0,0,0,0,0,0,0,0,0,0,0,0,0,1,0,1,0,0,0
Blue,False,0.0,0.0,0.6825000000000001,0.1775,0.125,0.1425,0.75,0.0,0.25,0.0,101.75,60.0,92.5,28.25,105.0,62.75,99.25,34.5,1.5,0.75,2.25,1.0,82.25,44.5,73.0,16.5,15.25,11.75,10.25,6.5,4.25,3.75,9.25,5.25,93.75,52.5,85.75,24.75,2.25,1.75,4.5,1.5,5.75,5.75,2.25,2.0,21.5,107.5,511.0,7,0,3,0,3,3,0,0,0,0,2,1,0,0,180.34,182.88,135.0,1.16162109375,0.009765625,0.33388671875,0.34173583984375,0.00056884765625,0.0078564453125,0.0,0.0,0.0,0.0,158.83740234375,54.718017578125,151.47802734375,50.308349609375,159.264404296875,55.14501953125,152.234130859375,50.923828125,1.05419921875,0.000732421875,1.468994140625,0.03173828125,123.275634765625,33.9970703125,115.292236328125,27.2119140625,32.697509765625,17.859375,25.03515625,13.84033203125,2.8642578125,2.861572265625,11.150634765625,9.256103515625,154.303466796875,52.025390625,148.452392578125,48.186767578125,1.21533203125,0.36669921875,2.912109375,2.04833984375,3.318603515625,2.325927734375,0.113525390625,0.0732421875,10.699951171875,4.557373046875,685.4521484375,31,1,0,2,2,6,7,0,0,1,0,5,0,0,170.18,175.26,135.0,25.0,35.0,1,0,0,0,0,0,0,0,0,0,0,0,0,0,0,0,0,0,1,0,1,0,0,0
Red,False,0.0,0.0,0.55,0.33,0.33,0.0,2.0,1.0,0.0,0.0,36.0,20.0,6.0,2.0,70.0,37.0,6.0,2.0,3.0,1.0,0.0,0.0,32.0,17.0,6.0,2.0,3.0,2.0,0.0,0.0,1.0,1.0,0.0,0.0,4.0,3.0,4.0,2.0,1.0,1.0,0.0,0.0,31.0,16.0,2.0,0.0,194.0,40.0,274.0,1,0,1,0,1,1,0,0,0,0,0,1,0,0,185.42,187.96,145.0,0.0352783203125,0.0635414123535156,0.4233938598632812,0.2878234100341796,0.0124891662597656,0.6901283931732178,0.0314235687255859,0.3176908493041992,0.004617691040039,0.0001306533813476,135.8851318359375,64.36785793304443,158.1967248916626,50.4689245223999,137.25450897216797,65.61324501037598,174.92273139953613,65.21011638641357,0.1583290100097656,0.0294227600097656,3.0354671478271484,1.7096214294433594,107.7012424468994,43.24021530151367,124.47111129760742,31.52366733551025,24.74278736114502,17.90523338317871,20.095043182373047,8.782198905944824,3.4411020278930664,3.222409248352051,13.630570411682127,10.163058280944824,131.63193607330322,61.5574254989624,151.4567937850952,47.03377723693848,3.621492385864258,2.6332693099975586,2.431412696838379,1.0932741165161133,0.6317033767700195,0.1771631240844726,4.308518409729004,2.3418731689453125,11.89747714996338,133.66074657440186,695.5932941436768,55,0,0,2,2,10,11,0,0,3,4,0,2,1,177.8,185.42,145.0,20.0,31.0,0,0,1,0,0,0,0,0,0,0,0,0,0,0,0,0,0,1,0,0,0,0,1,0
Blue,False,0.31640625,1.25,0.36046875,0.4934765625,0.0188671875,0.0,0.0,0.0,0.0,0.0,62.6171875,22.48046875,71.7109375,32.421875,62.99609375,22.859375,76.2421875,36.328125,0.78515625,0.078125,1.0625,0.0,53.16796875,18.98046875,56.22265625,22.828125,6.01953125,1.98046875,5.55859375,3.5234375,3.4296875,1.51953125,9.9296875,6.0703125,59.92578125,20.71875,57.78515625,20.90234375,1.3046875,0.91796875,5.04296875,4.26953125,1.38671875,0.84375,8.8828125,7.25,5.546875,18.75390625,373.0859375,18,3,6,0,6,6,3,0,0,0,2,4,0,0,172.72,165.1,135.0,0.0626220703125,0.25006103515625,0.4118524169921875,0.4337109375,0.4585577392578125,0.01865234375,0.00146484375,0.25494384765625,0.0,0.5,76.08404541015625,35.51123046875,94.56390380859376,41.0743408203125,92.68975830078124,50.8604736328125,104.83953857421876,49.81573486328125,3.33642578125,2.26531982421875,0.9368896484375,0.080078125,52.96490478515625,15.71380615234375,62.23284912109375,17.13958740234375,12.47747802734375,11.2783203125,14.6190185546875,10.218017578125,10.64166259765625,8.51910400390625,17.7120361328125,13.71673583984375,64.5599365234375,25.5318603515625,89.17205810546875,36.775146484375,6.97100830078125,6.31915283203125,2.134033203125,1.5413818359375,4.5531005859375,3.66021728515625,3.2578125,2.7578125,100.14239501953124,134.3726806640625,712.0203857421875,39,0,0,1,7,11,4,0,0,3,5,2,1,0,165.1,167.64,135.0,28.0,37.0,1,0,0,0,0,0,0,0,0,0,0,0,0,0,0,1,0,0,0,0,1,0,0,0
Red,True,0.0,0.0,0.595,0.495,0.375,0.0,0.25,0.0,0.0,0.0,61.0,35.0,69.5,37.75,86.25,56.25,75.0,42.75,3.5,0.75,0.0,0.0,50.75,27.5,51.5,21.25,5.0,2.75,12.75,11.5,5.25,4.75,5.25,5.0,31.25,12.5,54.0,26.75,5.0,3.25,12.0,9.25,24.75,19.25,3.5,1.75,165.75,28.5,384.5,5,0,1,0,1,2,1,0,0,0,0,1,1,0,167.64,172.72,145.0,0.5029296875,0.0,0.4696582031249999,0.53646728515625,0.41646240234375,0.01189453125,1.017578125,0.50146484375,0.0,0.00390625,126.421630859375,56.783203125,59.16943359375,29.642578125,205.5859375,118.793701171875,112.607421875,74.8759765625,6.27587890625,4.259033203125,0.70654296875,0.06787109375,103.375732421875,40.784423828125,40.628173828125,14.588623046875,8.9541015625,5.974365234375,9.530517578125,6.6953125,14.091796875,10.0244140625,9.0107421875,8.358642578125,52.5751953125,21.175537109375,42.537353515625,18.357421875,4.06005859375,2.86962890625,7.359130859375,6.5546875,69.786376953125,32.738037109375,9.27294921875,4.73046875,579.478515625,58.34033203125,957.16943359375,29,7,2,0,10,12,1,0,0,1,2,7,2,0,172.72,175.26,145.0,29.0,32.0,0,0,0,0,0,0,0,0,0,0,0,1,0,0,0,1,0,0,0,0,1,0,0,0
Red,False,0.1875,0.0,0.48125,0.46,0.25,0.7050000000000001,0.25,0.375,0.5625,0.0,149.75,72.25,115.375,52.6875,166.25,86.375,127.25,63.25,1.8125,0.6875,3.75,2.5,106.875,37.625,78.75,24.625,18.625,13.6875,26.875,20.3125,24.25,20.9375,9.75,7.75,134.25,62.0625,104.625,44.375,4.625,3.0,8.6875,6.375,10.875,7.1875,2.0625,1.9375,149.75,84.5625,756.9375,11,0,5,0,5,5,0,0,0,1,1,2,1,0,180.34,177.8,135.0,0.0,0.0703125,0.5042480468749999,0.34157470703125,0.0684375,0.1489501953125,0.256103515625,0.000244140625,0.0625,0.0078125,241.639404296875,124.119140625,167.437255859375,62.625732421875,256.819580078125,138.49169921875,177.046142578125,71.239013671875,7.029052734375,0.475830078125,0.771484375,0.4755859375,164.2744140625,76.88623046875,105.38671875,26.21826171875,55.030029296875,31.644775390625,37.770263671875,17.46826171875,22.3349609375,15.588134765625,24.2802734375,18.939208984375,221.598388671875,111.525146484375,159.510009765625,57.853271484375,15.510498046875,8.970458984375,7.63720703125,4.56884765625,4.530517578125,3.62353515625,0.2900390625,0.20361328125,77.229248046875,95.967041015625,826.28515625,35,0,4,0,4,10,3,0,0,0,6,1,3,0,170.18,180.34,135.0,28.0,30.0,1,0,0,0,0,0,0,0,0,0,0,0,0,0,0,0,0,0,1,0,1,0,0,0
Red,False,0.0625,0.0,0.2874841308593749,0.296651611328125,0.003160400390625,0.2185278320312499,1.1385498046875,0.063232421875,0.2109375,0.314453125,124.0625,36.361083984375,69.078369140625,21.730712890625,135.365966796875,47.021728515625,95.3526611328125,47.1748046875,0.029541015625,0.01025390625,7.3577880859375,1.188232421875,105.3909912109375,21.05322265625,61.408203125,17.134521484375,3.871826171875,2.46435546875,4.632080078125,2.8565673828125,14.7996826171875,12.843505859375,3.0380859375,1.7396240234375,120.34716796875,33.7159423828125,65.354248046875,18.173095703125,0.81884765625,0.7271728515625,3.2396240234375,3.2215576171875,2.896484375,1.91796875,0.4844970703125,0.3360595703125,55.619140625,190.9298095703125,878.148193359375,38,0,0,2,4,9,5,0,0,0,5,1,3,0,182.88,185.42,170.0,0.1250152587890625,0.51953125,0.4517708206176758,0.3423942279815674,0.3453586959838867,0.3471366596221924,0.0391845703125,0.0317773818969726,0.0002450942993164,0.0019989013671875,145.9862585067749,60.901010513305664,86.46806812286377,32.13152885437012,177.02072048187256,91.36137199401855,92.55366706848145,36.01838302612305,4.913161277770996,2.411296844482422,1.882740020751953,1.1057357788085938,123.9604320526123,44.51269721984863,68.18616485595703,19.89970016479492,13.55302619934082,9.8025484085083,5.699589729309082,3.2443065643310547,8.472800254821777,6.5857648849487305,12.582313537597656,8.98752212524414,118.7625961303711,37.06735229492188,78.44107627868652,28.130558013916016,11.58531093597412,9.878435134887695,6.407569885253906,2.5705270767211914,15.638351440429688,13.955223083496094,1.6194219589233398,1.4304437637329102,188.519476890564,154.56170177459717,834.0520601272583,55,0,1,0,7,15,6,0,0,1,8,5,1,0,190.5,203.2,170.0,30.0,32.0,0,0,0,0,0,0,0,0,0,1,0,0,0,0,0,1,0,0,0,0,1,0,0,0
Red,False,0.5078125,0.015625,0.42908203125,0.4632421875,0.5881640625,0.44296875,0.91015625,0.1953125,0.4296875,0.25,149.73046875,63.576171875,107.98046875,47.2109375,158.37109375,69.642578125,115.318359375,53.51171875,1.97265625,1.05859375,1.37109375,0.74609375,133.91015625,48.611328125,86.3828125,30.173828125,14.724609375,13.869140625,12.740234375,9.435546875,1.095703125,1.095703125,8.857421875,7.6015625,142.1015625,59.447265625,98.162109375,40.109375,6.201171875,3.373046875,4.9140625,3.75390625,1.427734375,0.755859375,4.904296875,3.34765625,89.634765625,68.544921875,759.70703125,21,0,2,0,2,6,4,0,0,0,0,1,5,0,185.42,195.58,185.0,0.125,0.0,0.49875,0.3874999999999999,0.2925,0.40125,0.25,0.0,0.0,0.125,107.5,52.75,140.25,52.875,129.0,72.375,155.625,67.875,8.0,1.75,7.25,2.625,74.75,30.25,113.25,36.625,21.125,12.0,22.125,12.0,11.625,10.5,4.875,4.25,90.75,40.625,131.375,45.375,9.5,6.375,7.0,6.0,7.25,5.75,1.875,1.5,121.5,167.5,900.0,12,0,2,0,2,2,2,0,0,0,2,0,0,0,180.34,182.88,185.0,32.0,31.0,0,0,0,0,0,0,0,1,0,0,0,0,0,0,0,0,0,1,0,0,1,0,0,0
Blue,False,0.0,0.0,0.38,0.5,0.0,0.75,1.0,0.0,1.0,1.0,155.0,60.0,96.0,48.0,198.0,103.0,198.0,127.0,2.0,0.0,4.0,3.0,142.0,49.0,91.0,44.0,11.0,9.0,3.0,2.0,2.0,2.0,2.0,2.0,155.0,60.0,89.0,41.0,0.0,0.0,4.0,4.0,0.0,0.0,3.0,3.0,94.0,505.0,900.0,3,0,0,1,0,0,1,0,0,0,0,0,0,0,177.8,190.5,185.0,0.0,0.75,0.425,0.395,0.25,0.0,0.25,0.0,0.0,0.0,22.25,12.75,27.0,12.5,34.5,23.75,28.25,13.75,1.5,0.25,0.0,0.0,19.75,10.75,24.75,10.75,1.0,0.75,1.5,1.5,1.5,1.25,0.75,0.25,14.25,6.75,17.0,4.5,4.75,3.25,8.0,7.0,3.25,2.75,2.0,1.0,85.0,16.5,187.75,4,0,1,0,1,1,2,0,0,0,0,0,1,0,177.8,185.42,185.0,29.0,36.0,0,0,0,0,0,0,0,1,0,0,0,0,0,0,0,1,0,0,0,0,1,0,0,0
Blue,False,1.0,0.0,0.41,0.44,1.0,0.0,1.0,0.0,0.0,0.0,17.0,7.0,9.0,4.0,17.0,7.0,11.0,6.0,1.0,1.0,0.0,0.0,10.0,2.0,8.0,3.0,7.0,5.0,1.0,1.0,0.0,0.0,0.0,0.0,12.0,4.0,8.0,3.0,3.0,3.0,1.0,1.0,2.0,0.0,0.0,0.0,95.0,33.0,163.0,1,0,1,0,1,1,0,0,0,0,0,1,0,0,175.26,185.42,145.0,3.814697265625e-06,0.8809242248535156,0.3136793899536133,0.4935556221008301,0.3089172744750976,0.0011209106445312,0.1409282684326172,0.0024604797363281,0.001953125,0.5019721984863281,91.09857177734376,32.813894271850586,74.09644889831543,33.16217041015625,102.08743476867676,42.29674530029297,76.48644828796387,35.42526817321777,2.775392532348633,0.9336605072021484,0.7938423156738281,0.0032577514648437,83.54725456237793,28.228429794311523,61.9754524230957,24.16953468322754,6.56988525390625,3.621192932128906,9.419315338134766,6.428653717041016,0.9814319610595704,0.9642715454101562,2.701681137084961,2.5639820098876958,80.74944877624512,25.48911666870117,58.89771270751953,22.408451080322266,7.834957122802734,5.782352447509766,8.827314376831055,6.079713821411133,2.5141658782958984,1.5424251556396484,6.371421813964844,4.674005508422852,81.1559066772461,53.78362464904785,509.6755199432373,49,0,4,0,4,11,9,0,0,3,5,1,1,1,177.8,177.8,155.0,32.0,38.0,0,1,0,0,0,0,0,0,0,0,0,0,0,0,0,1,0,0,0,0,0,0,1,0
Blue,False,0.06640625,0.06640625,0.6023046875,0.3075,0.591171875,0.056875,0.00390625,0.28125,0.0,0.0,54.03515625,32.50390625,43.37890625,14.6953125,116.01171875,86.76171875,64.92578125,34.71484375,4.70703125,2.5078125,0.7265625,0.140625,36.484375,17.2109375,37.46875,10.11328125,10.9765625,9.44921875,4.89453125,3.765625,6.57421875,5.84375,1.015625,0.81640625,30.16796875,11.96875,32.5234375,6.11328125,7.40625,5.734375,8.94140625,7.421875,16.4609375,14.80078125,1.9140625,1.16015625,364.29296875,65.515625,730.42578125,21,0,0,1,2,5,4,0,0,0,5,0,0,0,182.88,190.5,205.0,0.5,0.0,0.455,0.525,0.0,0.0,0.0,0.0,0.0,0.0,41.0,20.5,17.0,9.0,42.5,21.5,25.0,16.5,0.0,0.0,2.5,0.0,39.5,19.0,6.0,1.5,0.5,0.5,8.0,5.0,1.0,1.0,3.0,2.5,31.5,13.5,12.0,6.0,0.5,0.5,5.0,3.0,9.0,6.5,0.0,0.0,55.5,46.0,217.5,2,0,2,0,2,2,0,0,0,0,0,2,0,0,182.88,193.04,205.0,30.0,32.0,0,0,0,0,0,1,0,0,0,0,0,0,0,0,0,1,0,0,0,0,1,0,0,0
Blue,False,0.0625,0.0,0.3603125,0.2540625,0.7828125,0.0625,0.59375,0.0,0.0,0.0,49.9375,24.65625,45.53125,15.21875,86.65625,56.15625,61.46875,29.15625,2.21875,1.34375,0.375,0.125,35.59375,14.9375,36.84375,10.28125,4.3125,2.3125,3.46875,2.59375,10.03125,7.40625,5.21875,2.34375,35.125,13.65625,38.59375,9.875,3.3125,2.375,1.15625,0.9375,11.5,8.625,5.78125,4.40625,190.4375,11.15625,389.0625,11,0,3,0,3,5,1,0,0,0,2,1,2,0,167.64,165.1,125.0,0.0322265625,0.250244140625,0.42936767578125,0.3844586181640625,0.271156005859375,0.00147216796875,0.570556640625,6.103515625e-05,0.5,0.51708984375,39.42767333984375,16.95379638671875,85.8726806640625,33.99432373046875,73.88323974609375,48.7012939453125,133.4619140625,78.63232421875,6.37774658203125,1.33740234375,1.32147216796875,0.00445556640625,33.6829833984375,12.69842529296875,69.7713623046875,24.02984619140625,3.75909423828125,2.797119140625,11.36376953125,7.19207763671875,1.985595703125,1.458251953125,4.737548828125,2.77239990234375,34.49163818359375,13.39013671875,71.498046875,24.57501220703125,1.0709228515625,0.3658447265625,6.66339111328125,3.75262451171875,3.8651123046875,3.19781494140625,7.71124267578125,5.66668701171875,224.0628662109375,149.64385986328125,805.4690551757812,37,0,0,1,4,9,6,0,0,0,6,0,3,0,165.1,170.18,125.0,28.0,35.0,0,0,0,1,0,0,0,0,0,0,0,0,0,0,0,1,0,0,0,0,1,0,0,0
Blue,False,0.5,0.0,0.4775,0.64,0.25,0.0,0.0,0.0,0.0,0.0,101.0,45.75,91.75,41.5,107.0,51.5,94.75,44.5,0.5,0.25,0.0,0.0,81.75,33.25,62.5,17.5,12.75,8.25,17.25,13.75,6.5,4.25,12.0,10.25,79.0,27.75,85.75,37.5,17.75,14.0,6.0,4.0,4.25,4.0,0.0,0.0,49.0,24.5,465.25,7,0,3,0,3,3,0,0,0,1,0,2,0,0,190.5,195.58,265.0,0.25,0.0,0.485,0.4425,0.5,0.165,0.5,0.0,0.0,0.0,100.625,43.625,121.375,54.0,125.25,66.25,122.375,55.0,3.5,2.0,1.625,0.5,88.125,33.5,93.625,34.375,11.25,8.875,17.875,11.375,1.25,1.25,9.875,8.25,90.0,36.375,96.25,39.375,9.125,5.75,25.125,14.625,1.5,1.5,0.0,0.0,139.875,103.25,975.0,14,0,0,1,2,2,2,0,0,0,2,0,0,0,180.34,185.42,250.0,29.0,33.0,0,0,0,0,1,0,0,0,0,0,0,0,0,0,0,1,0,0,0,0,0,0,1,0
Red,False,0.125,0.0,0.4425,0.4499999999999999,0.25,0.6174999999999999,0.25,0.0,0.0,0.0,123.0,54.0,143.875,63.875,142.5,71.875,167.125,82.625,0.25,0.25,3.125,1.375,78.625,21.625,118.875,45.125,22.5,15.25,21.125,15.0,21.875,17.125,3.875,3.75,109.125,45.625,106.5,38.625,12.0,7.25,10.625,6.875,1.875,1.125,26.75,18.375,41.0,168.375,673.125,10,0,0,1,2,2,2,0,0,1,1,0,0,0,154.94,157.48,115.0,0.25,0.25,0.3,0.3249999999999999,0.04,0.5,0.5,0.0,0.0,0.0,116.25,31.25,144.75,51.5,133.0,48.0,155.5,61.75,4.5,0.25,1.0,1.0,102.75,21.25,114.75,28.0,8.25,5.25,19.75,14.75,5.25,4.75,10.25,8.75,106.25,22.5,139.0,46.75,5.25,4.75,4.25,3.75,4.75,4.0,1.5,1.0,90.75,63.5,711.75,7,0,2,0,2,2,1,0,0,1,0,0,1,0,162.56,160.02,115.0,27.0,27.0,0,0,0,0,0,0,0,0,0,0,0,0,0,1,0,1,0,0,0,0,1,0,0,0
Red,False,0.015625,0.0,0.45,0.4275,0.25,0.2,0.148468017578125,0.098388671875,0.0,0.0,66.5,29.6875,64.31230545043945,27.34375,89.75,48.0,85.53125,44.41152191162109,2.0,0.75,2.0546875,0.75,51.1875,18.3359375,49.6123046875,16.280410766601562,7.5,5.07647705078125,7.5,5.0,4.5,3.625,4.984375,3.9375,48.6875,17.0,47.11572265625,16.5,5.75,3.75,5.3125,3.4375,5.0625,3.5,3.875,2.5,99.2119140625,94.125,638.5,0,0,0,0,0,0,0,0,0,0,0,0,0,0,177.8,185.42,170.0,1.0,0.0,0.4,0.43,0.0,0.33,1.0,0.0,0.0,0.0,121.0,49.0,95.0,41.0,121.0,49.0,95.0,41.0,0.0,0.0,3.0,1.0,107.0,37.0,61.0,19.0,7.0,5.0,24.0,12.0,7.0,7.0,10.0,10.0,119.0,49.0,92.0,41.0,2.0,0.0,3.0,0.0,0.0,0.0,0.0,0.0,4.0,11.0,517.0,2,0,1,0,1,1,0,0,0,0,0,0,1,0,185.42,187.96,170.0,27.0,33.0,0,0,0,0,0,0,0,0,0,1,0,0,0,0,0,0,0,0,1,0,0,0,1,0
Red,False,0.0,0.0,0.605,0.35,0.25,0.3075,1.5,0.0,0.5,0.5,74.0,40.5,59.75,19.5,99.75,61.5,99.5,53.5,0.5,0.5,4.0,1.75,53.5,24.25,52.5,13.25,16.25,12.0,4.5,3.5,4.25,4.25,2.75,2.75,52.5,24.25,48.0,11.0,17.5,13.5,7.5,5.0,4.0,2.75,4.25,3.5,143.0,227.75,640.0,8,0,1,0,1,2,1,0,0,0,1,0,1,0,172.72,170.18,125.0,0.00390625,0.0,0.3346484375,0.468203125,0.0,0.742734375,0.015625,0.0,0.0,0.0,126.5625,45.14453125,147.50390625,57.89453125,146.1640625,63.01171875,165.21875,74.6640625,0.60546875,0.0,2.83984375,2.19140625,94.5703125,23.34375,106.57421875,28.15625,15.38671875,10.19921875,13.65625,7.0859375,16.60546875,11.6015625,27.2734375,22.65234375,124.37109375,43.46484375,135.171875,47.2109375,1.4296875,1.046875,3.29296875,2.0234375,0.76171875,0.6328125,9.0390625,8.66015625,3.33203125,165.3828125,781.5,27,1,1,0,3,6,3,0,0,1,5,0,0,0,175.26,172.72,125.0,35.0,31.0,0,0,0,0,0,0,0,0,0,0,0,0,1,0,0,0,0,1,0,0,1,0,0,0
Blue,False,0.54296875,0.0322265625,0.6306542968750001,0.52673095703125,0.190888671875,0.503828125,0.314208984375,0.015625,0.0,0.0,48.9322509765625,25.4234619140625,32.8076171875,15.7703857421875,61.9732666015625,36.0283203125,44.237060546875,26.1163330078125,2.2794189453125,0.9344482421875,1.6485595703125,1.0146484375,34.4549560546875,14.2039794921875,22.9423828125,8.5693359375,6.2178955078125,4.395263671875,4.6988525390625,2.5780029296875,8.2593994140625,6.82421875,5.1663818359375,4.623046875,33.8291015625,14.677734375,29.3355712890625,13.209228515625,5.333251953125,3.110595703125,2.5103759765625,2.1204833984375,9.7698974609375,7.6351318359375,0.961669921875,0.440673828125,116.4908447265625,119.3597412109375,487.5958251953125,31,0,3,0,5,11,3,0,0,0,4,3,4,0,177.8,180.34,170.0,0.490478515625,0.0,0.6148510742187501,0.44203125,0.0634765625,0.1659765625,0.3125,0.0009765625,0.0,0.0,77.8681640625,44.136474609375,125.402099609375,79.091796875,99.340576171875,64.13037109375,225.515380859375,178.60009765625,1.6630859375,0.0966796875,5.66455078125,1.001953125,57.100341796875,26.1064453125,76.1279296875,33.728515625,16.7802734375,14.160888671875,46.6015625,43.349853515625,3.987548828125,3.869140625,2.672607421875,2.013427734375,45.4423828125,16.62841796875,64.156494140625,21.671142578125,16.559814453125,14.18115234375,41.48779296875,39.385498046875,15.865966796875,13.326904296875,19.7578125,18.03515625,100.74169921875,562.59619140625,1229.7392578125,37,6,1,0,3,9,4,0,1,1,1,5,1,0,175.26,187.96,170.0,33.0,38.0,0,0,0,0,0,0,0,0,0,1,0,0,0,0,0,1,0,0,0,0,1,0,0,0
Red,False,0.0,0.0,0.55,0.51,0.0,0.5,1.0,0.0,0.0,0.0,9.0,5.0,29.0,15.0,10.0,6.0,64.0,50.0,0.0,0.0,2.0,1.0,6.0,3.0,14.0,6.0,0.0,0.0,10.0,5.0,3.0,2.0,5.0,4.0,7.0,4.0,21.0,9.0,1.0,0.0,5.0,3.0,1.0,1.0,3.0,3.0,0.0,188.0,242.0,1,0,1,0,1,1,0,0,0,0,0,0,0,0,182.88,185.42,155.0,0.0,0.0,0.36125,0.4375,0.2275,0.435,0.125,0.25,0.0,0.25,85.75,30.375,62.625,30.0,108.25,51.25,87.625,52.375,1.25,0.75,5.75,2.375,76.375,22.875,40.5,13.875,5.5,3.875,12.75,8.25,3.875,3.625,9.375,7.875,79.5,25.75,46.25,16.5,3.125,2.25,5.375,4.75,3.125,2.375,11.0,8.75,165.75,299.375,823.75,10,0,2,0,2,3,1,0,0,0,2,0,1,0,187.96,185.42,155.0,28.0,26.0,0,0,0,0,0,0,1,0,0,0,0,0,0,0,0,0,0,1,0,0,1,0,0,0
Red,False,0.0,0.0,0.68,0.16,0.0,0.0,0.0,0.0,0.0,0.0,29.0,20.0,12.0,2.0,38.0,29.0,12.0,2.0,0.0,0.0,1.0,0.0,27.0,19.0,4.0,2.0,1.0,0.0,4.0,0.0,1.0,1.0,4.0,0.0,6.0,2.0,12.0,2.0,5.0,4.0,0.0,0.0,18.0,14.0,0.0,0.0,7.0,5.0,85.0,1,0,1,0,1,1,0,0,0,0,0,1,0,0,172.72,180.34,145.0,0.0,0.0,0.86,0.5,1.0,0.0,5.0,0.0,0.0,0.0,86.0,74.0,6.0,3.0,165.0,139.0,9.0,6.0,1.0,1.0,0.0,0.0,74.0,63.0,2.0,0.0,10.0,9.0,4.0,3.0,2.0,2.0,0.0,0.0,2.0,2.0,5.0,2.0,4.0,4.0,1.0,1.0,80.0,68.0,0.0,0.0,445.0,13.0,498.0,2,0,1,0,1,1,0,0,0,0,0,0,1,0,177.8,177.8,145.0,27.0,31.0,0,1,0,0,0,0,0,0,0,0,0,0,0,0,0,0,0,0,1,0,1,0,0,0
Blue,False,0.015625,0.0,0.45,0.4275,0.25,0.2,0.148468017578125,0.098388671875,0.0,0.0,66.5,29.6875,64.31230545043945,27.34375,89.75,48.0,85.53125,44.41152191162109,2.0,0.75,2.0546875,0.75,51.1875,18.3359375,49.6123046875,16.280410766601562,7.5,5.07647705078125,7.5,5.0,4.5,3.625,4.984375,3.9375,48.6875,17.0,47.11572265625,16.5,5.75,3.75,5.3125,3.4375,5.0625,3.5,3.875,2.5,99.2119140625,94.125,638.5,0,0,0,0,0,0,0,0,0,0,0,0,0,0,175.26,172.72,125.0,0.00048828125,0.0,0.4918896484375,0.5095556640625,0.394697265625,0.086357421875,0.318359375,0.42578125,0.34375,0.15283203125,73.4638671875,34.38037109375,84.0029296875,41.0234375,108.74951171875,64.6728515625,97.60888671875,54.53076171875,7.05029296875,2.34521484375,4.14306640625,0.2216796875,43.57470703125,13.0009765625,73.55810546875,32.2744140625,14.54541015625,10.0869140625,3.13623046875,2.5068359375,15.34375,11.29248046875,7.30859375,6.2421875,56.38134765625,24.1787109375,70.38818359375,31.5751953125,13.96240234375,8.158203125,5.7255859375,4.7578125,3.1201171875,2.04345703125,7.88916015625,4.6904296875,124.0068359375,154.06689453125,613.265625,31,1,0,1,2,4,8,0,0,0,3,0,1,0,170.18,167.64,125.0,27.0,33.0,0,0,0,1,0,0,0,0,0,0,0,0,0,0,0,0,0,1,0,0,0,0,1,0
Blue,False,0.0,0.0,0.4975,0.445,0.415,0.6125,0.25,0.0,1.0,0.5,89.25,41.25,114.0,45.0,98.25,49.0,151.25,77.25,1.25,1.0,15.5,8.5,60.75,18.5,86.0,24.25,17.0,12.25,17.25,11.0,11.5,10.5,10.75,9.75,74.0,29.75,92.25,27.5,11.0,7.75,9.25,7.25,4.25,3.75,12.5,10.25,177.75,360.75,900.0,9,0,2,0,2,2,1,0,0,0,2,0,0,0,170.18,172.72,140.0,0.50048828125,0.1884765625,0.49837890625,0.4160009765625,0.0684326171875,0.340810546875,0.239501953125,0.94580078125,0.14208984375,0.22900390625,85.8046875,41.828125,68.321533203125,28.4931640625,89.33349609375,44.757080078125,73.073974609375,32.688720703125,0.876708984375,0.307373046875,1.0927734375,0.894287109375,53.416015625,22.478515625,54.7587890625,19.353271484375,29.628173828125,17.65185546875,10.871337890625,6.482666015625,2.760498046875,1.69775390625,2.69140625,2.6572265625,76.045166015625,35.77587890625,62.374267578125,24.365478515625,2.042236328125,1.3955078125,1.56103515625,0.721435546875,7.71728515625,4.65673828125,4.38623046875,3.40625,77.490234375,56.066650390625,348.8916015625,30,0,1,0,4,7,6,0,0,0,2,3,2,0,175.26,172.72,135.0,29.0,28.0,1,0,0,0,0,0,0,0,0,0,0,0,0,0,0,0,0,1,0,0,1,0,0,0
Red,False,0.5,0.0,0.38,0.3975,0.0,0.3,0.0,0.0,0.0,0.0,172.25,65.25,129.5,53.75,176.25,69.0,132.0,55.75,0.0,0.0,1.75,0.75,140.5,43.75,77.5,20.25,20.0,13.0,20.5,10.0,11.75,8.5,31.5,23.5,162.5,59.25,126.5,52.25,5.0,2.75,1.75,0.75,4.75,3.25,1.25,0.75,15.75,50.0,900.0,9,0,0,1,1,1,2,0,0,0,1,0,0,0,170.18,177.8,145.0,0.0,0.0,0.5425,0.3625,0.25,0.39,0.0,0.25,0.5,0.0,86.25,47.75,90.5,32.5,89.25,50.0,115.25,53.0,1.25,0.5,4.75,1.5,42.0,15.0,76.5,22.25,11.75,8.25,7.5,5.25,32.5,24.5,6.5,5.0,79.25,43.0,79.0,23.5,1.5,1.0,1.25,1.0,5.5,3.75,10.25,8.0,90.0,156.5,813.0,8,0,0,1,2,2,1,0,0,1,1,0,0,0,175.26,170.18,145.0,29.0,29.0,0,0,1,0,0,0,0,0,0,0,0,0,0,0,0,1,0,0,0,0,1,0,0,0
Red,False,0.1408042907714843,0.2500648498535156,0.4810712623596191,0.4350563430786132,0.1741025161743164,0.0373712539672851,3.0517578125e-05,0.0021061897277832,0.0,0.0,105.62397193908691,54.3364691734314,135.75812196731567,56.27028846740723,116.18265867233276,63.85211849212647,158.6761770248413,77.78391933441162,1.7031583786010742,0.5117206573486328,2.1822328567504883,0.3755307197570801,70.52768468856812,26.249170303344727,118.70051956176758,43.1777024269104,21.48935890197754,16.754143238067627,10.08565378189087,7.169724941253662,13.60692834854126,11.333155632019045,6.971948623657227,5.922861099243164,100.83463859558104,49.84324502944946,118.1392707824707,43.508405685424805,2.067644596099853,1.812758445739746,4.693153858184815,2.9961299896240234,2.721688747406006,2.6804656982421875,12.925697326660156,9.765752792358398,68.57469701766968,149.3151454925537,712.7557973861694,55,0,4,0,4,14,8,0,1,1,5,7,0,0,180.34,190.5,145.0,0.375,0.0,0.5231250000000001,0.3321875,0.4971875,0.4,0.125,0.5625,0.0625,0.3125,88.4375,45.875,69.875,23.0,110.75,63.65625,86.34375,38.40625,3.0,1.125,5.375,1.75,71.46875,31.5,61.40625,17.4375,13.90625,11.5,7.5625,4.90625,3.0625,2.875,0.90625,0.65625,63.8125,27.84375,59.46875,16.59375,10.9375,7.875,5.1875,3.25,13.6875,10.15625,5.21875,3.15625,121.8125,247.625,770.5625,14,0,0,1,5,5,1,0,0,1,2,1,1,0,170.18,180.34,145.0,34.0,28.0,0,0,1,0,0,0,0,0,0,0,0,0,0,0,0,1,0,0,0,0,1,0,0,0
Red,False,0.0006103515625,0.0,0.42346435546875,0.394495849609375,0.4063671875,0.58046875,0.5625,0.015869140625,0.0001220703125,0.0,144.4671630859375,62.833251953125,145.0006103515625,56.4354248046875,167.3936767578125,77.004150390625,162.1104736328125,67.267333984375,2.5479736328125,0.8251953125,0.864013671875,0.590576171875,116.9749755859375,47.0576171875,99.6123046875,26.8853759765625,24.6090087890625,13.6898193359375,25.837646484375,13.9281005859375,2.8831787109375,2.0858154296875,19.5506591796875,15.6219482421875,106.7076416015625,40.350341796875,129.6663818359375,47.543212890625,24.3251953125,13.5513916015625,14.497802734375,8.56201171875,13.434326171875,8.9315185546875,0.83642578125,0.3302001953125,155.00341796875,63.874267578125,783.383544921875,37,0,1,0,3,7,7,0,0,0,5,1,0,1,160.02,162.56,115.0,0.0078125,0.001953125,0.393125,0.3290625,0.1899609374999999,0.1020312499999999,0.302734375,0.0,0.0,0.0,99.91015625,40.021484375,141.2421875,53.091796875,118.23046875,56.994140625,179.578125,87.640625,4.37890625,1.1953125,0.98046875,0.5078125,91.564453125,36.291015625,119.642578125,35.748046875,4.244140625,1.92578125,8.84375,6.705078125,4.1015625,1.8046875,12.755859375,10.638671875,88.841796875,34.05859375,121.20703125,39.5390625,8.14453125,3.486328125,11.693359375,7.65625,2.923828125,2.4765625,8.341796875,5.896484375,106.150390625,60.384765625,882.28125,30,1,1,0,2,6,4,0,0,1,4,0,1,0,162.56,160.02,115.0,35.0,31.0,0,0,0,0,0,0,0,0,0,0,0,0,0,1,0,1,0,0,0,0,1,0,0,0
Blue,False,0.0,0.0,0.5606249999999999,0.5187499999999999,0.614375,0.5487500000000001,0.9375,2.5625,0.75,1.3125,68.75,38.5,52.8125,26.5,124.625,91.3125,71.9375,40.875,1.9375,0.9375,4.3125,2.4375,43.625,18.5,39.4375,15.6875,13.1875,9.9375,6.625,4.25,11.9375,10.0625,6.75,6.5625,52.375,25.0,34.5,15.6875,5.1875,4.5,7.4375,5.3125,11.1875,9.0,10.875,5.5,240.0,220.125,705.5625,14,0,0,1,3,3,2,0,0,1,1,0,1,0,190.5,205.74,185.0,0.0,0.0,0.505,0.52,0.33,0.07,0.5,0.5,0.0,0.0,72.5,38.0,90.0,48.5,84.0,47.5,93.5,51.5,4.5,3.0,3.5,0.5,67.0,33.0,83.0,42.5,4.0,3.5,6.0,5.0,1.5,1.5,1.0,1.0,58.0,27.5,79.5,42.5,11.0,7.0,10.5,6.0,3.5,3.5,0.0,0.0,155.0,87.5,473.0,4,0,0,1,1,1,1,0,0,0,0,0,1,0,182.88,190.5,185.0,27.0,26.0,0,0,0,0,0,0,0,1,0,0,0,0,0,0,0,1,0,0,0,0,1,0,0,0
Red,False,0.015625,0.0,0.45,0.4275,0.25,0.2,0.148468017578125,0.098388671875,0.0,0.0,66.5,29.6875,64.31230545043945,27.34375,89.75,48.0,85.53125,44.41152191162109,2.0,0.75,2.0546875,0.75,51.1875,18.3359375,49.6123046875,16.280410766601562,7.5,5.07647705078125,7.5,5.0,4.5,3.625,4.984375,3.9375,48.6875,17.0,47.11572265625,16.5,5.75,3.75,5.3125,3.4375,5.0625,3.5,3.875,2.5,99.2119140625,94.125,638.5,0,0,0,0,0,0,0,0,0,0,0,0,0,0,167.64,170.18,135.0,0.0,0.0,0.4,0.38,0.25,0.375,0.0,0.0,1.0,0.0,120.5,48.5,113.0,44.0,129.0,55.5,116.5,46.5,1.0,0.5,6.5,2.5,89.5,31.5,85.5,26.0,19.5,9.0,16.0,10.0,11.5,8.0,11.5,8.0,109.5,40.0,104.5,37.0,0.5,0.0,4.0,3.0,10.5,8.5,4.5,4.0,45.5,152.5,900.0,6,0,2,0,2,2,0,0,0,2,0,0,0,0,182.88,187.96,145.0,31.0,31.0,0,0,1,0,0,0,0,0,0,0,0,0,0,0,0,0,0,1,0,0,1,0,0,0
Blue,False,0.0703125,0.1875,0.419189453125,0.4528027343749999,0.3785400390625,0.17595703125,0.0625,0.0185546875,0.5166015625,0.25048828125,95.64794921875,38.455078125,62.20751953125,29.91943359375,152.81396484375,89.20654296875,79.033203125,45.20556640625,5.1201171875,1.62255859375,2.00146484375,0.580078125,77.18212890625,25.3544921875,43.25146484375,15.02392578125,15.27099609375,10.54833984375,11.095703125,7.08203125,3.19482421875,2.55224609375,7.8603515625,7.8134765625,61.6328125,14.84765625,44.44921875,16.07666015625,20.97119140625,13.474609375,14.3447265625,11.7421875,13.0439453125,10.1328125,3.41357421875,2.1005859375,313.0400390625,104.31396484375,844.34521484375,32,0,1,0,5,8,4,0,0,2,5,1,0,0,185.42,195.58,185.0,0.34765625,0.5,0.4464453124999999,0.46421875,0.024765625,0.0390625,0.03125,0.00390625,0.0,0.03125,114.5,43.1171875,142.27734375,56.578125,115.8125,44.38671875,144.28125,58.390625,0.625,0.22265625,2.0703125,0.0703125,88.90234375,24.875,117.01953125,35.890625,13.48828125,8.63671875,14.5546875,11.6640625,12.109375,9.60546875,10.703125,9.0234375,107.1171875,38.1640625,135.16796875,51.7421875,4.29296875,3.0078125,4.74609375,3.828125,3.08984375,1.9453125,2.36328125,1.0078125,27.75,27.18359375,696.0703125,25,0,2,0,2,5,4,0,0,1,1,3,0,0,185.42,190.5,185.0,30.0,33.0,0,0,0,0,0,0,0,1,0,0,0,0,0,0,0,0,0,1,0,0,0,0,1,0
Blue,False,1.0,0.0,0.57,0.19,1.0,0.0,0.0,0.0,0.0,0.0,61.0,35.0,42.0,8.0,61.0,35.0,42.0,8.0,1.0,1.0,0.0,0.0,38.0,16.0,30.0,2.0,7.0,3.0,4.0,0.0,16.0,16.0,8.0,6.0,51.0,29.0,42.0,8.0,0.0,0.0,0.0,0.0,10.0,6.0,0.0,0.0,0.0,9.0,452.0,2,0,1,0,1,1,0,0,0,0,0,1,0,0,187.96,187.96,170.0,0.3762540817260742,0.37744140625,0.5693606394529342,0.5404050648212433,0.3488579905033112,0.020347796678543,0.1495056748390197,2.064486086368561,0.0313301086425781,7.343292236328125e-05,52.09881889820099,30.16722047328949,39.71788811683655,19.6329562664032,59.97543221712112,36.89804553985596,57.10502851009369,36.38767409324646,1.871178388595581,1.033827006816864,1.5618367195129397,0.1720680594444275,43.77824151515961,23.65315812826157,31.59661340713501,14.869173347949982,7.02575147151947,5.419325947761536,6.001576542854309,2.652116179466248,1.2948259115219116,1.094736397266388,2.119698166847229,2.111666738986969,34.8711513876915,16.844091057777405,32.59662449359894,13.932518482208252,4.275995850563049,3.9577220678329463,1.144127070903778,0.6989369988441467,12.951671659946442,9.365407347679138,5.977136552333832,5.0015007853508,231.7057181596756,63.99739766120911,485.8142012357712,56,0,1,0,7,15,10,0,0,0,2,11,2,0,182.88,190.5,170.0,27.0,39.0,0,0,0,0,0,0,0,0,0,1,0,0,0,0,0,1,0,0,0,0,1,0,0,0
Red,False,0.82568359375,0.000244140625,0.51302001953125,0.34137939453125,0.0725,0.0160791015625,0.001953125,0.015625,0.0,0.0,29.1572265625,12.117919921875,17.704833984375,7.6396484375,29.975830078125,12.8720703125,18.4609375,8.35595703125,0.410400390625,0.15625,0.1591796875,0.018310546875,23.772705078125,8.89208984375,10.50390625,2.72998046875,4.96826171875,2.9384765625,3.581298828125,2.27880859375,0.416259765625,0.287353515625,3.61962890625,2.630859375,23.00537109375,7.398681640625,17.241455078125,7.458740234375,2.21044921875,1.30712890625,0.446533203125,0.173828125,3.94140625,3.412109375,0.016845703125,0.007080078125,12.8466796875,1.835693359375,182.995849609375,22,0,0,3,2,6,7,0,0,0,0,6,0,0,195.58,195.58,250.0,0.2647857666015625,0.5475311279296875,0.7362191772460938,0.4924496459960937,0.1645904541015625,0.0715826416015625,0.12890625,6.103515625e-05,0.0,0.0,66.24028015136719,48.380859375,129.33441162109375,59.25505065917969,83.75344848632812,64.12605285644531,153.93963623046875,82.57888793945312,5.543624877929688,1.1272125244140625,0.552947998046875,0.26959228515625,48.14865112304688,31.985641479492188,101.4486083984375,36.19477844238281,9.798141479492188,9.112716674804688,17.416229248046875,14.644577026367188,8.293487548828125,7.282501220703125,10.469573974609377,8.415695190429688,42.42964172363281,25.66705322265625,102.62165832519533,39.04074096679688,8.893112182617188,8.620712280273438,24.02357482910156,17.647216796875,14.917526245117188,14.093093872070312,2.689178466796875,2.5670928955078125,286.1758728027344,58.94384765625,926.0563201904296,35,1,1,0,4,10,7,0,1,0,2,7,0,0,193.04,203.2,265.0,36.0,39.0,0,0,0,0,1,0,0,0,0,0,0,0,0,0,0,0,0,1,0,0,1,0,0,0
Red,False,0.2216796875,0.0,0.5570605468750001,0.4224755859375,0.3209570312499999,0.17948974609375,1.3857421875,0.0,0.0,0.000732421875,84.4892578125,48.623046875,88.205322265625,35.807861328125,96.278076171875,57.513671875,100.223876953125,47.451416015625,1.006103515625,0.407958984375,1.447509765625,0.4619140625,51.56640625,24.906005859375,71.579833984375,24.822509765625,17.135009765625,11.08935546875,12.8251953125,8.055908203125,15.787841796875,12.627685546875,3.80029296875,2.929443359375,61.510009765625,30.859375,75.424072265625,29.877197265625,12.113525390625,8.89453125,4.878173828125,1.829345703125,10.86572265625,8.869140625,7.903076171875,4.101318359375,79.46484375,139.246337890625,603.241943359375,31,0,0,1,5,9,4,0,0,0,1,4,4,0,172.72,177.8,135.0,0.375,0.0,0.3375,0.3893749999999999,0.1875,0.205,0.125,0.0,0.5,0.0,87.0625,29.8125,65.9375,30.6875,102.6875,43.3125,108.75,69.875,0.3125,0.3125,6.1875,2.5,74.4375,20.875,55.1875,24.0,5.25,3.375,6.9375,4.25,7.375,5.5625,3.8125,2.4375,80.5,25.8125,54.5625,20.8125,1.5625,1.0,1.0,0.75,5.0,3.0,10.375,9.125,72.875,199.625,646.9375,10,0,4,0,4,4,1,0,0,0,1,2,1,0,172.72,170.18,145.0,27.0,22.0,0,0,1,0,0,0,0,0,0,0,0,0,0,0,0,0,0,0,1,0,1,0,0,0
Red,False,0.0,0.75,0.3931249999999999,0.30875,0.465625,0.29,0.0625,0.8125,0.0,0.0,68.375,25.75,92.75,28.25,103.25,57.25,131.6875,57.3125,2.625,1.125,1.9375,0.625,56.375,16.25,76.8125,16.9375,3.5,2.5625,10.6875,7.375,8.5,6.9375,5.25,3.9375,61.0625,19.8125,80.3125,18.5625,4.1875,3.1875,6.1875,4.1875,3.125,2.75,6.25,5.5,122.3125,309.625,806.125,13,0,1,0,1,2,3,0,0,1,0,0,1,0,167.64,175.26,125.0,0.0,0.001953125,0.38306640625,0.4816796875,0.04390625,0.42490234375,0.3828125,0.015625,0.0703125,0.0078125,209.076171875,78.501953125,183.73046875,86.302734375,218.3515625,86.3046875,189.279296875,91.28125,1.6484375,0.2578125,4.14453125,0.919921875,172.869140625,50.234375,132.263671875,44.984375,12.900390625,8.71875,25.76171875,19.71875,23.306640625,19.548828125,25.705078125,21.599609375,200.41015625,71.431640625,172.8984375,78.21875,5.744140625,4.779296875,7.294921875,5.291015625,2.921875,2.291015625,3.537109375,2.79296875,42.189453125,106.58203125,892.203125,26,0,0,2,2,4,6,0,0,1,1,1,1,0,170.18,170.18,125.0,33.0,33.0,0,0,0,0,0,0,0,0,0,0,0,0,1,0,0,1,0,0,0,0,1,0,0,0
Blue,False,0.0,1.0,0.44,0.41,0.0,1.0,0.0,1.0,0.0,0.0,9.0,4.0,17.0,7.0,11.0,6.0,17.0,7.0,0.0,0.0,1.0,1.0,8.0,3.0,10.0,2.0,1.0,1.0,7.0,5.0,0.0,0.0,0.0,0.0,8.0,3.0,12.0,4.0,1.0,1.0,3.0,3.0,0.0,0.0,2.0,0.0,33.0,95.0,163.0,1,0,0,1,0,0,1,0,0,0,0,0,0,0,175.26,182.88,145.0,0.015655517578125,1.25006103515625,0.3084312629699707,0.4994505977630615,0.1804317474365234,0.1843808364868164,0.1465950012207031,0.8989543914794922,0.015625,0.7579345703125,139.2584171295166,44.814002990722656,103.7383451461792,54.26967430114746,154.0973129272461,57.71344184875488,115.13022327423096,62.02045249938965,2.955203056335449,1.1131439208984375,3.6058387756347656,1.1009540557861328,106.91964912414552,27.74493789672852,70.98945426940918,30.947434425354004,19.994178771972656,11.228382110595703,20.482398986816406,12.605079650878906,12.344589233398438,5.8406829833984375,12.266491889953612,10.71716022491455,106.62945556640624,30.767932891845703,88.30628395080566,42.60568428039551,11.615638732910156,6.968673706054688,7.948280334472656,5.604423522949219,21.013322830200195,7.077396392822266,7.483780860900879,6.059566497802734,127.68225383758544,82.07729244232178,856.9726686477661,54,0,1,0,6,14,7,0,0,2,8,3,1,0,177.8,180.34,145.0,31.0,36.0,0,0,1,0,0,0,0,0,0,0,0,0,0,0,0,1,0,0,0,0,1,0,0,0
Red,False,0.0,1.0,0.26,0.55,0.0,1.0,0.0,1.0,0.0,0.0,121.0,32.0,168.0,94.0,132.0,40.0,173.0,99.0,0.0,0.0,3.0,3.0,90.0,14.0,112.0,50.0,9.0,5.0,40.0,30.0,22.0,13.0,16.0,14.0,118.0,30.0,128.0,68.0,3.0,2.0,29.0,22.0,0.0,0.0,11.0,4.0,2.0,137.0,886.0,3,0,0,1,0,0,1,0,0,0,0,0,0,0,198.12,205.74,260.0,0.0471682548522949,0.0,0.45,0.4217682266235352,0.25,0.19173828125,0.1875,0.125,0.0,0.0,69.5,30.5,66.984375,27.8466796875,94.0,48.544921875,88.50390625,44.75,2.0,0.8125,2.015625,0.6640625,54.0,19.01513671875,51.483436584472656,16.9437255859375,7.91796875,5.430633544921875,7.75,5.0625,4.780975341796875,3.9373779296875,4.8994140625,3.84375,51.025390625,18.400863647460938,50.515625,17.5,5.75,3.75,5.5,3.5,5.375,3.6875,4.0,2.65625,104.865234375,89.5,655.8441009521484,0,0,0,0,0,0,0,0,0,0,0,0,0,0,187.96,203.2,246.0,28.0,27.0,0,0,0,0,1,0,0,0,0,0,0,0,0,0,0,1,0,0,0,0,1,0,0,0
Red,False,0.0,0.0,0.66390625,0.501162109375,0.547109375,0.19064453125,0.28515625,0.140625,0.4072265625,0.6318359375,38.416015625,25.94921875,29.2646484375,16.119140625,58.2080078125,42.8447265625,62.9853515625,45.5751953125,14.0322265625,7.66015625,3.537109375,1.033203125,34.2880859375,23.125,18.732421875,6.767578125,3.5068359375,2.3056640625,8.1826171875,7.41015625,0.62109375,0.5185546875,2.349609375,1.94140625,11.1806640625,3.0498046875,17.201171875,6.224609375,12.6181640625,9.48828125,8.2451171875,6.36328125,14.6171875,13.4111328125,3.818359375,3.53125,550.5927734375,243.7607421875,929.9501953125,33,1,0,1,3,7,4,0,0,0,5,0,2,0,162.56,160.02,135.0,0.25,0.3125,0.41375,0.479375,0.3243749999999999,0.579375,0.0625,0.0,0.0625,0.0,105.875,40.9375,147.0,60.0625,112.6875,46.875,155.375,67.8125,10.3125,4.0625,3.125,1.0,91.375,30.0,133.4375,49.1875,9.9375,7.125,9.6875,7.8125,4.5625,3.8125,3.875,3.0625,95.4375,31.625,136.75,53.5625,6.4375,6.25,7.375,4.3125,4.0,3.0625,2.875,2.1875,159.1875,20.4375,686.5,13,0,3,0,3,3,2,0,0,0,2,1,0,0,167.64,175.26,135.0,26.0,27.0,1,0,0,0,0,0,0,0,0,0,0,0,0,0,0,1,0,0,0,0,1,0,0,0
Red,False,0.015716552734375,0.2197265625,0.3922731208801269,0.5495086669921875,0.3589926147460938,0.1316366577148437,0.5742301940917969,0.6026763916015625,0.2501220703125,0.0,37.82144355773926,14.054685592651367,71.15615272521973,39.13196563720703,42.518014907836914,18.747228622436523,82.75035095214844,49.91036033630371,4.207038879394531,1.3811531066894531,1.1732540130615234,0.3147735595703125,28.326194763183597,6.978475570678711,49.15199279785156,22.35163688659668,8.453638076782227,6.167455673217773,15.945934295654297,11.386503219604492,1.0416107177734375,0.9087543487548828,6.058225631713867,5.393825531005859,34.864187240600586,11.581167221069336,59.9268741607666,30.07823181152344,2.1521053314208984,1.996051788330078,7.430587768554687,6.289436340332031,0.8051509857177734,0.4774665832519531,3.7986907958984375,2.7642974853515625,89.3953971862793,104.1354751586914,492.5466957092285,45,1,4,0,4,12,8,0,1,0,1,5,5,0,190.5,203.2,205.0,0.5126953125,0.0,0.48285888671875,0.6059204101562501,0.00024169921875,0.0012109375,0.04736328125,0.0029296875,0.0,0.000732421875,132.198486328125,61.637939453125,144.95654296875,84.935791015625,140.4609375,69.640869140625,152.414794921875,92.139892578125,0.758544921875,0.002197265625,0.57763671875,0.008056640625,111.572021484375,44.441650390625,101.405517578125,45.97119140625,12.81787109375,10.1572265625,30.988525390625,27.152099609375,7.80859375,7.0390625,12.5625,11.8125,114.013427734375,48.7431640625,140.706787109375,80.950927734375,15.1162109375,10.34130859375,4.21044921875,3.957275390625,3.06884765625,2.553466796875,0.039306640625,0.027587890625,173.61865234375,15.81884765625,753.42626953125,31,0,0,1,4,7,6,0,0,0,1,4,2,0,193.04,198.12,265.0,37.0,38.0,0,0,0,0,1,0,0,0,0,0,0,0,0,0,0,0,0,1,0,0,1,0,0,0
Blue,False,1.0,0.0,0.35,0.26,1.0,0.0,0.0,0.0,0.0,0.0,89.0,32.0,56.0,15.0,123.0,60.0,63.0,21.0,1.0,1.0,0.0,0.0,78.0,22.0,43.0,6.0,10.0,9.0,5.0,2.0,1.0,1.0,8.0,7.0,69.0,20.0,56.0,15.0,0.0,0.0,0.0,0.0,20.0,12.0,0.0,0.0,365.0,0.0,900.0,3,0,1,0,1,1,0,0,0,0,1,0,0,0,180.34,185.42,145.0,0.28125,0.515625,0.3838281249999999,0.528046875,0.25,0.073046875,0.078125,0.3125,0.0625,0.0,79.0546875,30.1015625,76.234375,26.125,81.4296875,32.2109375,80.7109375,29.5390625,0.25,0.25,2.2265625,0.7578125,63.28125,17.859375,67.03125,18.328125,8.3046875,5.1796875,4.96875,3.921875,7.46875,7.0625,4.234375,3.875,74.234375,27.40625,70.0703125,22.96875,0.375,0.1640625,2.1171875,0.90625,4.4453125,2.53125,4.046875,2.25,16.796875,37.09375,332.34375,17,0,2,0,2,5,3,0,0,0,2,1,2,0,172.72,180.34,155.0,34.0,31.0,0,0,0,0,0,0,1,0,0,0,0,0,0,0,0,1,0,0,0,0,0,0,1,0
Blue,False,0.0020370483398437,0.16015625,0.5547506713867187,0.5394490814208984,0.1637594604492187,0.27848388671875,1.4770965576171875,0.50030517578125,1.000244140625,0.50048828125,57.38803863525391,32.356109619140625,96.57047271728516,50.44275665283203,86.65852355957031,57.84901428222656,114.33483123779295,67.47786712646484,5.514198303222656,0.6979446411132812,3.2469558715820312,1.4595947265625,53.15380096435547,28.337417602539062,74.9490737915039,31.339813232421875,4.210784912109375,3.9952392578125,16.075592041015625,13.573249816894531,0.0234527587890625,0.0234527587890625,5.545806884765625,5.529693603515625,37.73278045654297,16.914505004882812,75.349853515625,33.159454345703125,8.028511047363281,7.380477905273437,10.069129943847656,7.930763244628906,11.626747131347656,8.061126708984375,11.1514892578125,9.3525390625,169.18274688720703,183.86769104003903,694.0576248168945,41,1,5,0,5,13,5,0,0,1,2,4,5,1,187.96,193.04,205.0,0.107421875,0.03125,0.516357421875,0.5293896484375,0.0466015625,0.3891064453125,0.7529296875,0.00048828125,0.00439453125,0.015625,87.2724609375,43.77734375,139.68994140625,78.9365234375,91.671875,47.65283203125,174.326171875,111.63037109375,0.96728515625,0.1416015625,3.73388671875,1.40478515625,55.7412109375,20.4306640625,76.49560546875,31.27197265625,16.0390625,9.86474609375,22.52734375,14.47119140625,15.4921875,13.48193359375,40.6669921875,33.193359375,79.75390625,37.85107421875,114.16943359375,57.69384765625,4.74072265625,3.17724609375,11.34423828125,9.0517578125,2.77783203125,2.7490234375,14.17626953125,12.19091796875,54.50537109375,257.7783203125,1036.63671875,31,1,0,1,3,8,4,0,0,0,1,5,2,0,193.04,193.04,205.0,40.0,31.0,0,0,0,0,0,1,0,0,0,0,0,0,0,0,0,1,0,0,0,0,1,0,0,0
Red,False,0.015625,0.0,0.45,0.4275,0.25,0.2,0.148468017578125,0.098388671875,0.0,0.0,66.5,29.6875,64.31230545043945,27.34375,89.75,48.0,85.53125,44.41152191162109,2.0,0.75,2.0546875,0.75,51.1875,18.3359375,49.6123046875,16.280410766601562,7.5,5.07647705078125,7.5,5.0,4.5,3.625,4.984375,3.9375,48.6875,17.0,47.11572265625,16.5,5.75,3.75,5.3125,3.4375,5.0625,3.5,3.875,2.5,99.2119140625,94.125,638.5,0,0,0,0,0,0,0,0,0,0,0,0,0,0,187.96,198.12,240.0,4.8104673624038696e-05,0.5169985312968493,0.4679781650751828,0.4555510183610022,0.0243104562535882,0.038041610950604,1.0151416063308716e-06,0.0004901895299553,0.0078125,0.0083007821813225,103.35005267336965,54.288435199297965,76.36429944168776,29.18948596715927,107.5076379654929,58.03659116476774,80.66530495602638,33.0901542622596,0.2666134852916002,0.0942420968785882,0.722331159748137,0.1297149676829576,77.48620799183846,32.47454706858844,64.71812145225704,21.29901863168925,16.48488942719996,13.36047444678843,7.67241717595607,4.506566529162228,9.378955254331231,8.453413683921099,3.973760813474655,3.3839008063077927,100.90945159550756,52.50897309463471,71.89410443976521,26.62175977881998,2.192337368614972,1.6659889575093985,3.717500361613929,2.012907532043755,0.2482637092471122,0.1134731471538543,0.7526946403086185,0.554818656295538,20.40850469749421,62.42471214476973,463.3847979642451,66,5,1,0,7,17,14,0,0,1,5,9,2,0,190.5,195.58,240.0,34.0,41.0,0,0,0,0,1,0,0,0,0,0,0,0,0,0,0,1,0,0,0,0,1,0,0,0
Blue,False,0.0,0.5,0.44,0.4275,0.165,0.2075,1.25,0.5,0.0,0.0,86.5,36.5,139.75,56.25,105.0,52.25,183.0,91.75,3.5,1.0,6.0,1.5,69.75,24.0,97.5,23.5,7.25,4.75,27.5,18.5,9.5,7.75,14.75,14.25,71.5,24.5,111.25,36.75,5.25,4.25,7.75,5.25,9.75,7.75,20.75,14.25,129.75,289.25,900.0,9,0,0,1,1,1,2,0,0,0,1,0,0,0,175.26,177.8,155.0,0.0041933059692382,0.2500076293945312,0.3869413566589356,0.3773353862762451,0.132722110748291,0.1666686582565307,0.0078125,0.1016492843627929,0.062502384185791,0.0,161.0200743675232,64.79323625564575,153.4364995956421,62.03070688247681,163.31870412826538,66.90133714675903,164.88567638397217,73.21374988555908,0.3629255294799804,0.143435001373291,3.180737972259521,0.6720461845397949,122.770432472229,35.82889032363892,124.00025987625122,38.88485860824585,26.706854820251465,18.57459259033203,8.914778709411621,6.229624271392822,11.542787075042725,10.389753341674805,20.521461009979248,16.916224002838135,159.2665286064148,63.505653858184814,128.28480195999146,46.68059778213501,1.059126377105713,0.7547955513000488,1.1489791870117188,0.6293168067932129,0.6944193840026855,0.5327868461608887,24.00271844863892,14.720792293548584,11.135887622833252,108.0635542869568,864.9305219650269,56,1,0,1,4,11,11,0,0,1,6,4,0,0,177.8,185.42,155.0,25.0,33.0,0,0,0,0,0,0,1,0,0,0,0,0,0,0,0,1,0,0,0,0,0,0,1,0
Blue,False,0.77734375,0.0,0.51884033203125,0.531920166015625,0.06318359375,0.082315673828125,0.000244140625,0.19677734375,0.0,0.0390625,46.9864501953125,23.251953125,29.8011474609375,15.2791748046875,53.721435546875,28.973876953125,32.234619140625,17.57666015625,0.3612060546875,0.134765625,1.0599365234375,0.348876953125,39.1021728515625,17.7752685546875,22.72802734375,9.083984375,5.3824462890625,3.433837890625,4.7464599609375,4.0380859375,2.5018310546875,2.0428466796875,2.32666015625,2.1571044921875,35.3731689453125,12.408447265625,25.5452880859375,12.197998046875,3.1085205078125,2.7762451171875,2.2265625,1.5909423828125,8.5047607421875,8.0672607421875,2.029296875,1.490234375,44.1990966796875,46.6741943359375,218.04638671875,27,0,0,2,3,8,6,0,0,0,3,4,1,0,172.72,177.8,155.0,0.125,0.25,0.38625,0.4812499999999999,0.05,0.29125,0.0,0.125,0.125,0.0,83.5,30.625,71.875,35.375,92.375,38.375,75.875,39.375,2.25,0.5,1.0,0.5,49.375,13.125,53.625,22.25,30.375,15.0,16.25,11.25,3.75,2.5,2.0,1.875,71.5,22.5,60.5,26.625,8.875,6.375,7.25,5.125,3.125,1.75,4.125,3.625,69.5,36.625,698.5,9,0,2,0,2,3,1,0,0,0,2,1,0,0,175.26,182.88,155.0,31.0,27.0,0,0,0,0,0,0,1,0,0,0,0,0,0,0,0,0,0,1,0,0,1,0,0,0
Red,False,0.0,0.125,0.549375,0.5048437499999999,0.1778124999999999,0.39859375,0.921875,0.125,0.515625,0.703125,67.78125,32.171875,62.25,33.5,136.625,89.4375,97.09375,64.078125,1.5,0.515625,2.359375,1.34375,61.421875,26.8125,53.640625,25.046875,4.5625,3.640625,5.9375,5.84375,1.796875,1.71875,2.671875,2.609375,40.984375,12.609375,39.078125,17.71875,2.28125,1.171875,1.375,1.25,24.515625,18.390625,21.796875,14.53125,286.171875,213.8125,685.71875,18,0,1,0,1,3,4,0,0,0,1,1,1,0,170.18,170.18,135.0,0.125,0.0,0.4237499999999999,0.445,0.3562499999999999,0.21875,0.0,0.75,0.0,0.0,174.0,74.25,125.375,56.375,190.375,89.125,148.875,77.75,4.75,1.625,2.25,0.875,147.5,55.875,105.625,43.0,20.25,12.75,14.0,9.125,6.25,5.625,5.75,4.25,148.0,55.875,108.875,44.875,10.75,7.75,10.375,6.875,15.25,10.625,6.125,4.625,190.5,167.0,900.0,12,0,2,0,2,2,2,0,0,0,2,0,0,0,162.56,170.18,135.0,32.0,35.0,0,0,0,0,0,0,0,0,0,0,1,0,0,0,0,1,0,0,0,0,1,0,0,0
Blue,False,0.03125,0.25,0.5421875,0.5835937499999999,0.32203125,0.01875,0.546875,0.40625,0.03125,0.0,43.390625,19.78125,58.546875,28.609375,60.515625,35.71875,69.4375,37.671875,2.328125,0.734375,0.453125,0.046875,34.109375,14.015625,45.0,19.96875,4.890625,1.859375,10.234375,6.40625,4.390625,3.90625,3.3125,2.234375,37.5,15.765625,50.21875,21.84375,1.453125,1.171875,3.828125,3.015625,4.4375,2.84375,4.5,3.75,91.78125,26.1875,298.0625,13,0,1,0,2,4,3,0,0,0,1,1,2,0,167.64,167.64,145.0,0.0,0.0,0.34,0.35,0.0,0.25,0.0,0.0,1.0,0.0,118.0,41.0,60.0,21.0,133.0,55.0,83.0,40.0,1.0,0.0,12.0,3.0,91.0,25.0,51.0,18.0,20.0,11.0,7.0,2.0,7.0,5.0,2.0,1.0,105.0,33.0,54.0,17.0,8.0,6.0,6.0,4.0,5.0,2.0,0.0,0.0,29.0,382.0,900.0,3,0,1,0,1,1,0,0,0,0,1,0,0,0,172.72,175.26,145.0,33.0,28.0,0,0,1,0,0,0,0,0,0,0,0,0,0,0,0,0,0,0,1,0,1,0,0,0
Red,False,0.015625,0.0,0.45,0.4275,0.25,0.2,0.148468017578125,0.098388671875,0.0,0.0,66.5,29.6875,64.31230545043945,27.34375,89.75,48.0,85.53125,44.41152191162109,2.0,0.75,2.0546875,0.75,51.1875,18.3359375,49.6123046875,16.280410766601562,7.5,5.07647705078125,7.5,5.0,4.5,3.625,4.984375,3.9375,48.6875,17.0,47.11572265625,16.5,5.75,3.75,5.3125,3.4375,5.0625,3.5,3.875,2.5,99.2119140625,94.125,638.5,0,0,0,0,0,0,0,0,0,0,0,0,0,0,185.42,185.42,225.0,0.03125,0.390625,0.4465625,0.5478125,0.0,0.625,0.0,0.0,0.0,0.0,149.921875,68.765625,156.578125,82.890625,163.375,82.21875,175.234375,100.484375,0.0,0.0,1.328125,0.75,102.90625,33.90625,127.0625,63.734375,28.703125,19.90625,21.265625,13.78125,18.3125,14.953125,8.25,5.375,136.796875,60.0,122.921875,55.203125,12.0625,7.953125,22.125,17.40625,1.0625,0.8125,11.53125,10.28125,69.0625,79.71875,750.640625,17,0,0,2,2,2,5,0,0,0,1,1,0,0,193.04,198.12,250.0,36.0,30.0,0,0,0,0,1,0,0,0,0,0,0,0,0,0,0,1,0,0,0,0,1,0,0,0
Red,False,0.0,0.015625,0.453125,0.5396875,0.27875,0.3703125,0.796875,0.7109375,0.03125,0.015625,141.3046875,60.8671875,204.8125,116.6796875,161.953125,80.6328125,241.5625,150.90625,6.390625,1.296875,3.15625,1.6796875,81.328125,27.7265625,100.1953125,34.1875,32.171875,15.296875,49.7578125,36.421875,27.8046875,17.84375,54.859375,46.0703125,114.0,38.4453125,165.9375,82.1875,20.7734375,16.5859375,36.515625,32.3828125,6.53125,5.8359375,2.359375,2.109375,257.78125,246.7578125,1186.6640625,23,0,2,0,3,5,3,0,0,1,2,0,2,0,160.02,157.48,115.0,0.0,0.0,0.521015625,0.4788281249999999,0.3320703124999999,0.24470703125,0.041015625,0.578125,0.90625,1.015625,67.6484375,34.26171875,83.732421875,41.041015625,140.83984375,101.236328125,141.6953125,92.7734375,9.15234375,3.34375,4.548828125,2.158203125,53.0546875,21.900390625,76.44140625,35.39453125,9.93359375,8.048828125,6.83984375,5.259765625,4.66015625,4.3125,0.451171875,0.38671875,48.30078125,20.560546875,62.115234375,23.9375,9.6015625,6.451171875,5.896484375,3.24609375,9.74609375,7.25,15.720703125,13.857421875,322.091796875,190.984375,895.537109375,29,2,1,0,2,6,4,0,1,0,4,0,1,0,154.94,160.02,115.0,34.0,32.0,0,0,0,0,0,0,0,0,0,0,0,0,0,1,0,1,0,0,0,0,1,0,0,0
Red,False,0.1687640594318509,0.7531738691031933,0.1823590997199062,0.6474140525888652,0.1583638354705181,0.0156497672363184,0.0158429747680202,0.0002441408578306,0.0156269669532775,5.960464477539064e-08,65.99444811034482,24.74227338412311,72.74271047895309,40.75619651656598,66.22601853229571,24.963913058047183,73.5614610160701,41.55876605492085,0.2613998862216249,0.167272838181816,0.4240974875865504,0.0157495142193511,54.356351678376086,15.926145723904485,55.17579387396109,28.539130860124715,7.61462987982668,4.882711197715253,9.713034324580804,5.661915174103342,4.023466552142054,3.9334164625033736,7.853882280411199,6.555150482337922,63.35036025661975,23.08702089136932,60.35307243419811,30.74393473158125,1.2426911839284005,0.8205763113219291,3.61127095320262,2.9894644238520414,1.401396669796668,0.8346761814318597,8.778367091552354,7.022797361132689,5.317916618078016,9.581822272390127,288.7767323802691,72,1,4,0,8,23,11,0,0,0,7,10,6,0,185.42,185.42,155.0,0.1875457763671875,0.25390625,0.4987390899658203,0.4945706939697265,0.0195362854003906,0.4902809906005859,0.3771438598632812,0.5,0.5411376953125,0.2500152587890625,72.30683898925781,36.903114318847656,106.7225341796875,56.14352416992188,81.25870513916016,45.019752502441406,144.23052978515625,88.5665283203125,0.0423049926757812,0.0234832763671875,4.10284423828125,1.91937255859375,54.36473846435547,23.29602813720703,84.74905395507812,41.36753082275391,11.591964721679688,8.924934387207031,14.00225830078125,9.026634216308594,6.350135803222656,4.682151794433594,7.971221923828125,5.749359130859375,61.22496795654297,28.05956268310547,74.81465148925781,34.60343933105469,8.57171630859375,6.737960815429688,18.65789794921875,12.88860321044922,2.5101547241210938,2.1055908203125,13.249984741210938,8.651481628417969,37.7255859375,220.17811584472656,575.9144134521484,45,4,0,1,5,9,9,0,0,1,1,3,4,0,177.8,182.88,155.0,37.0,33.0,0,0,0,0,0,0,0,0,0,1,0,0,0,0,0,1,0,0,0,0,1,0,0,0
Red,False,0.09814453125,0.519683837890625,0.4758258056640625,0.4462130737304687,0.349366455078125,0.7601791381835937,0.1650390625,0.000244140625,1.0,0.0,124.50802612304688,69.81259155273438,118.41363525390624,59.399688720703125,156.5440673828125,97.8564453125,149.29660034179688,86.7491455078125,6.7213134765625,1.9503173828125,1.2960205078125,1.285247802734375,95.42355346679688,44.97393798828125,95.61257934570312,41.73382568359375,18.12753295898437,15.538330078125,11.28143310546875,7.78594970703125,10.956939697265623,9.300323486328123,11.519622802734377,9.879913330078123,92.3109130859375,50.80096435546875,104.49517822265624,48.603851318359375,7.972747802734375,5.029510498046875,6.56378173828125,3.972503662109375,24.224365234375,13.98211669921875,7.35467529296875,6.823333740234375,277.3697814941406,66.5357666015625,980.3258666992188,40,3,0,1,6,11,5,0,0,0,4,4,3,0,193.04,195.58,231.0,0.0087890625,0.3984375,0.3597851562499999,0.519150390625,0.519716796875,0.060546875,1.6181640625,0.0,0.001953125,0.00390625,23.0380859375,10.0107421875,24.85546875,12.7978515625,41.3564453125,24.8818359375,37.9951171875,25.92578125,1.955078125,1.5947265625,0.2333984375,0.107421875,17.2333984375,4.8486328125,20.75390625,9.4560546875,4.6005859375,4.4130859375,2.677734375,1.98046875,1.2041015625,0.7490234375,1.423828125,1.361328125,15.568359375,4.89453125,19.2275390625,7.3896484375,4.3271484375,3.4951171875,3.4814453125,3.302734375,3.142578125,1.62109375,2.146484375,2.10546875,238.64453125,39.9921875,360.6396484375,16,0,2,0,2,7,4,0,0,0,0,1,6,0,187.96,203.2,240.0,42.0,42.0,0,0,0,0,1,0,0,0,0,0,0,0,0,0,0,1,0,0,0,0,1,0,0,0
Blue,False,0.40625,0.0,0.4259374999999999,0.3859375,0.020625,0.1875,0.0,0.0,0.0,0.0,142.5625,56.0625,166.625,65.8125,167.28125,80.375,169.34375,68.0,0.25,0.0625,2.5625,0.625,122.78125,42.3125,118.90625,32.03125,15.0,9.09375,21.5625,10.3125,4.78125,4.65625,26.15625,23.46875,133.78125,48.71875,165.03125,64.9375,0.71875,0.5625,1.09375,0.375,8.0625,6.78125,0.5,0.5,2.71875,30.25,647.0,14,0,2,0,2,4,2,0,0,0,1,3,0,0,180.34,182.88,145.0,0.0883946465328335,0.0937538743019104,0.3459478300297632,0.6547825546842069,0.3750511100329459,0.0492738551739603,0.0019626673310995,0.0044027836993336,9.704381227493286e-07,0.0019531357102096,73.76045578951016,34.02139995293692,109.88550245575608,60.98064936278388,104.90881478227676,59.16852105595172,133.6986287003383,82.78733554296196,2.011848049238324,1.5002042781561613,2.558765832334757,0.3955160253681242,58.987643094267696,22.687939256429672,82.10721653420478,40.323351765517145,7.742145678959787,6.854798235930502,14.207067757844923,8.93978979345411,7.030667016282678,4.478662460576743,13.571218163706362,11.717507803812625,50.64240570599213,17.832630176097155,71.6055629728362,37.66839205194265,6.180891564115882,3.385891769081354,5.286392334848642,3.255120227113366,16.937158519402146,12.802878007758409,32.99354714807123,20.057137083727863,168.48128885729238,118.3016607691534,615.9237646590918,83,0,0,1,3,15,17,0,0,1,6,7,0,1,175.26,180.34,145.0,32.0,33.0,0,0,1,0,0,0,0,0,0,0,0,0,0,0,0,1,0,0,0,0,1,0,0,0
Blue,True,0.875,0.03125,0.593125,0.380625,0.0,0.0259375,0.0,0.0,0.0,0.0,67.21875,40.125,75.8125,31.5625,67.875,40.75,76.625,32.21875,0.03125,0.0,0.46875,0.0625,48.4375,24.71875,62.40625,21.75,3.40625,2.0,9.90625,7.0625,15.375,13.40625,3.5,2.75,58.0,33.59375,72.78125,29.0625,7.5,5.375,2.84375,2.375,1.71875,1.15625,0.1875,0.125,17.875,2.0625,280.28125,12,0,1,0,3,4,2,0,0,0,0,4,0,0,180.34,177.8,155.0,0.008331298828125,0.2833251953125,0.532733154296875,0.3996115112304687,0.0061846923828125,0.575087890625,0.38653564453125,0.0009765625,0.0087890625,0.00146484375,193.54248046875,103.48663330078124,155.30914306640625,61.918853759765625,194.7554931640625,104.6407470703125,159.30526733398438,65.38128662109375,0.171173095703125,0.0064697265625,1.74114990234375,0.919921875,139.76187133789062,64.31912231445312,126.91488647460938,41.204986572265625,31.87994384765625,21.081268310546875,20.2451171875,13.3043212890625,21.900665283203125,18.08624267578125,8.149139404296875,7.4095458984375,186.26507568359372,98.58578491210938,147.92361450195312,57.236846923828125,3.1802978515625,1.86236572265625,1.744903564453125,0.6507568359375,4.09710693359375,3.038482666015625,5.640625,4.03125,2.844482421875,65.26275634765625,680.1625366210938,35,2,3,0,12,15,1,0,0,1,3,3,6,2,180.34,193.04,155.0,31.0,36.0,0,0,0,0,0,0,1,0,0,0,0,0,0,0,0,1,0,0,0,0,1,0,0,0
Red,False,1.0,0.0,0.5599999999999999,0.5425,0.0,0.14125,0.0,0.0,0.125,0.0,110.625,48.625,58.25,40.25,121.5,59.5,74.25,54.75,0.0,0.0,5.75,1.25,89.75,31.75,41.625,25.125,10.125,8.125,6.875,6.375,10.75,8.75,9.75,8.75,94.5,36.5,43.125,25.875,14.125,10.125,4.75,4.625,2.0,2.0,10.375,9.75,5.5,273.875,800.625,9,0,4,0,4,4,0,0,0,0,0,4,0,0,193.04,198.12,242.0,0.6494140625,0.0,0.516962890625,0.481787109375,0.0,0.015556640625,0.03515625,0.0,0.0,0.0,21.0205078125,9.2041015625,11.31640625,5.8857421875,21.5576171875,9.68359375,16.0087890625,9.982421875,0.03125,0.0,1.099609375,0.1943359375,17.560546875,6.5283203125,6.505859375,2.1376953125,1.2314453125,0.9482421875,2.234375,1.7216796875,2.228515625,1.7275390625,2.576171875,2.0263671875,14.5693359375,4.8994140625,9.8349609375,4.7265625,1.3701171875,1.1181640625,0.32421875,0.2841796875,5.0810546875,3.1865234375,1.1572265625,0.875,4.181640625,29.361328125,154.7509765625,19,1,6,0,6,9,2,0,0,0,0,7,1,1,193.04,210.82,250.0,32.0,33.0,0,0,0,0,1,0,0,0,0,0,0,0,0,0,0,1,0,0,0,0,1,0,0,0
Red,True,0.25,1.0,0.3521875,0.2875,0.2381249999999999,0.19125,0.03125,0.0,0.28125,0.0,261.875,86.0625,199.71875,59.78125,273.6875,96.71875,211.125,70.53125,7.75,1.8125,4.84375,0.9375,226.125,60.625,169.0625,39.96875,15.9375,9.3125,19.0,10.875,19.8125,16.125,11.65625,8.9375,253.34375,80.375,190.90625,54.65625,4.4375,3.15625,7.4375,4.25,4.09375,2.53125,1.375,0.875,85.5625,38.1875,1410.0625,26,5,5,0,5,5,1,0,0,1,3,1,0,0,172.72,172.72,135.0,0.2978515625,0.0078125,0.55390625,0.426005859375,0.241025390625,0.0625,0.5009765625,0.0,0.0,0.0,120.74609375,60.705078125,88.63671875,42.0732421875,134.7548828125,72.4072265625,95.7255859375,49.08984375,3.9169921875,1.1640625,1.3583984375,0.125,103.2021484375,46.8994140625,62.4794921875,22.5244140625,13.353515625,10.5224609375,7.62890625,6.5078125,4.1904296875,3.283203125,18.5283203125,13.041015625,83.75,30.0263671875,85.37890625,39.2431640625,15.1484375,12.2197265625,2.365234375,2.140625,21.84765625,18.458984375,0.892578125,0.689453125,154.0224609375,6.9921875,729.8203125,30,4,4,0,5,9,2,0,0,2,4,3,0,0,162.56,162.56,135.0,35.0,33.0,1,0,0,0,0,0,0,0,0,0,0,0,0,0,0,1,0,0,0,0,1,0,0,0
Red,False,0.880859375,0.072265625,0.461171875,0.56619140625,0.02236328125,0.268125,0.05078125,0.01171875,0.296875,0.0,37.310546875,16.791015625,34.873046875,20.896484375,48.22265625,24.869140625,39.73828125,25.38671875,1.220703125,0.064453125,1.28125,0.671875,29.642578125,12.201171875,31.732421875,18.212890625,5.1796875,2.408203125,1.580078125,1.25,2.48828125,2.181640625,1.560546875,1.43359375,23.541015625,8.115234375,18.490234375,9.259765625,3.50390625,2.15625,2.630859375,1.888671875,10.265625,6.51953125,13.751953125,9.748046875,43.634765625,80.876953125,232.37109375,15,0,1,0,2,6,4,0,0,0,0,4,2,0,182.88,193.04,170.0,0.2451171875,0.5625,0.50114013671875,0.50687744140625,0.001484375,0.0636474609375,0.3837890625,0.0,0.0625,0.000244140625,154.148193359375,74.05810546875,192.691650390625,103.66357421875,154.560302734375,74.466796875,202.41357421875,113.03759765625,0.02978515625,0.009765625,0.886474609375,0.138427734375,103.092529296875,35.059326171875,164.96435546875,80.456787109375,12.767822265625,7.325439453125,17.77490234375,14.628173828125,38.287841796875,31.67333984375,9.952392578125,8.57861328125,149.2421875,70.43310546875,178.1533203125,93.052978515625,3.10009765625,1.973388671875,7.457763671875,5.479736328125,1.805908203125,1.651611328125,7.08056640625,5.130859375,9.314697265625,71.599853515625,779.646728515625,25,0,0,1,6,10,3,0,0,1,0,6,3,0,180.34,190.5,170.0,30.0,28.0,0,0,0,0,0,0,0,0,0,1,0,0,0,0,0,1,0,0,0,0,1,0,0,0
Red,False,1.0,0.0,0.33,0.66,0.0,0.0,0.0,0.0,0.0,0.0,12.0,4.0,9.0,6.0,14.0,6.0,20.0,17.0,0.0,0.0,0.0,0.0,10.0,2.0,8.0,5.0,2.0,2.0,1.0,1.0,0.0,0.0,0.0,0.0,8.0,4.0,3.0,2.0,4.0,0.0,6.0,4.0,0.0,0.0,0.0,0.0,12.0,69.0,130.0,1,0,1,0,1,1,0,0,0,0,0,1,0,0,182.88,187.96,250.0,0.0,0.0,0.471875,0.443125,0.0,0.020625,0.0,0.0625,0.0,0.0,104.375,43.6875,103.1875,50.6875,107.4375,46.75,103.4375,50.9375,1.0,0.0,0.4375,0.0625,73.75,23.4375,72.9375,26.9375,16.4375,8.3125,20.5,15.5,14.1875,11.9375,9.75,8.25,98.125,37.9375,102.625,50.4375,1.0625,1.0,0.375,0.0625,5.1875,4.75,0.1875,0.1875,8.4375,8.875,717.0625,10,0,0,1,2,2,3,0,0,0,0,2,0,0,195.58,203.2,265.0,33.0,31.0,0,0,0,0,1,0,0,0,0,0,0,0,0,0,0,1,0,0,0,0,1,0,0,0
Red,False,0.1260223388671875,0.375,0.339732437133789,0.4276165008544922,0.03125,0.1702003479003906,0.000244140625,0.0,0.5,0.0,62.95577239990234,23.662841796875,70.14292907714844,29.374534606933597,84.12407684326172,44.28756713867188,85.31682586669922,43.65109252929688,0.78515625,0.03125,1.7369308471679688,0.5371246337890625,47.10346221923828,12.408363342285156,48.81630706787109,14.709487915039062,6.857917785644531,3.1908721923828125,10.00653839111328,4.175971984863281,8.994392395019531,8.063606262207031,11.320083618164062,10.48907470703125,57.34191131591797,19.185829162597656,64.11982727050781,26.493995666503903,3.49090576171875,2.95294189453125,3.397979736328125,1.3804779052734375,2.122955322265625,1.5240707397460938,2.6251220703125,1.50006103515625,80.11585998535156,35.94123840332031,629.4266662597656,38,0,0,1,4,10,8,0,0,2,2,5,1,0,187.96,190.5,205.0,0.25,0.0,0.3924999999999999,0.4125,0.125,0.42,1.0,0.25,0.25,0.0,56.25,23.25,39.25,17.5,57.25,24.25,46.5,24.5,1.0,0.25,4.25,2.0,51.5,19.25,32.25,11.0,4.25,3.75,5.5,5.0,0.5,0.25,1.5,1.5,42.25,12.25,29.25,10.5,7.5,5.75,4.75,3.5,6.5,5.25,5.25,3.5,122.0,94.75,467.25,6,0,3,0,3,3,0,0,0,0,1,1,1,0,195.58,200.66,205.0,34.0,28.0,0,0,0,0,0,1,0,0,0,0,0,0,0,0,0,0,0,1,0,0,1,0,0,0
Red,False,0.0,0.375,0.553125,0.5865625,0.106875,0.631875,0.65625,0.15625,0.09375,0.1875,109.21875,40.28125,89.21875,45.9375,114.0,43.625,106.40625,61.34375,4.0,0.90625,1.5,0.875,79.5,21.875,74.1875,34.90625,10.6875,4.625,9.0625,5.8125,19.03125,13.78125,5.96875,5.21875,104.84375,38.1875,65.25,27.65625,2.5,1.03125,5.65625,3.5,1.875,1.0625,18.3125,14.78125,64.09375,101.1875,487.21875,16,0,0,1,1,3,3,0,0,0,1,0,2,0,175.26,175.26,145.0,0.0,0.0,0.6575,0.42,0.575,0.3425,1.25,0.5,0.25,0.75,31.75,16.75,39.25,16.0,47.5,30.25,52.5,27.25,3.75,1.25,3.0,2.0,22.75,11.5,32.75,10.75,7.75,4.5,4.5,3.25,1.25,0.75,2.0,2.0,20.5,7.75,26.75,7.0,3.25,2.0,1.5,0.5,8.0,7.0,11.0,8.5,201.5,218.25,580.0,7,0,3,0,3,3,0,0,1,0,1,0,1,0,177.8,177.8,145.0,33.0,25.0,0,0,1,0,0,0,0,0,0,0,0,0,0,0,0,0,0,0,1,0,0,0,1,0
Red,False,0.0,0.0,0.44464599609375,0.3849658203125,0.1624072265625,0.1755712890625,0.126220703125,0.006103515625,0.529296875,0.572509765625,112.68505859375,51.977783203125,96.429931640625,38.60400390625,126.213134765625,63.906005859375,119.06689453125,59.544921875,1.490234375,0.347900390625,3.324462890625,1.03369140625,96.409423828125,39.025634765625,77.62890625,27.032958984375,8.558349609375,6.70703125,10.85888671875,7.032470703125,7.71728515625,6.2451171875,7.942138671875,4.53857421875,80.984375,27.898193359375,78.349609375,26.36279296875,22.114990234375,16.82958984375,9.259033203125,4.5302734375,9.585693359375,7.25,8.8212890625,7.7109375,155.885986328125,185.302734375,819.27734375,35,0,0,1,1,6,7,0,0,2,3,0,1,0,162.56,160.02,115.0,0.0,0.0,0.43,0.205,0.7,0.0,1.0,0.0,0.0,0.5,123.5,47.5,85.0,13.5,154.0,75.5,106.0,34.0,3.5,2.0,3.0,0.0,99.0,28.0,78.0,10.0,16.5,12.5,6.0,3.0,8.0,7.0,1.0,0.5,112.5,41.0,82.5,11.5,2.5,2.0,1.0,1.0,8.5,4.5,1.5,1.0,189.0,48.0,665.0,5,0,2,0,2,2,0,0,0,0,1,0,1,0,160.02,167.64,125.0,34.0,26.0,0,0,0,0,0,0,0,0,0,0,0,0,0,1,0,1,0,0,0,0,1,0,0,0
Blue,False,0.28125,0.015625,0.34765625,0.3914062499999999,0.3378125,0.118125,0.09375,0.0,0.28125,0.28125,189.875,64.15625,170.46875,64.09375,203.234375,76.234375,180.84375,73.125,1.84375,0.84375,3.15625,1.140625,173.90625,52.71875,143.03125,45.703125,12.203125,9.015625,13.265625,7.671875,3.765625,2.421875,14.171875,10.71875,180.359375,58.828125,161.890625,57.03125,2.0625,1.109375,2.21875,1.65625,7.453125,4.21875,6.359375,5.40625,136.484375,79.046875,914.609375,20,0,3,0,3,4,3,0,0,1,1,0,2,0,170.18,177.8,125.0,0.064453125,0.50048828125,0.3987353515625,0.368917236328125,0.43231201171875,0.0029443359375,0.14111328125,0.0001220703125,0.0,0.0341796875,46.8553466796875,18.9075927734375,89.745361328125,34.9886474609375,66.7664794921875,36.402587890625,119.923828125,63.2646484375,3.7554931640625,1.6748046875,0.6429443359375,0.0089111328125,43.365966796875,16.3968505859375,63.542724609375,19.0596923828125,2.5181884765625,1.59423828125,16.7275390625,10.3841552734375,0.97119140625,0.91650390625,9.47509765625,5.5447998046875,40.9832763671875,14.7802734375,81.99609375,29.1500244140625,1.141845703125,0.731689453125,4.3267822265625,3.5052490234375,4.730224609375,3.3956298828125,3.4224853515625,2.3333740234375,195.125732421875,74.2877197265625,710.9381103515625,34,0,0,1,4,9,5,0,0,0,6,0,3,0,165.1,170.18,125.0,26.0,34.0,0,0,0,1,0,0,0,0,0,0,0,0,0,0,0,1,0,0,0,0,1,0,0,0
Red,False,0.15625,0.03125,0.4559375,0.3525,0.665,0.29875,0.0625,0.03125,0.0,0.0,80.96875,37.40625,114.71875,38.375,100.625,52.5,135.625,53.78125,1.28125,1.0,7.5625,3.6875,67.0,28.96875,95.46875,24.0,11.0625,5.53125,13.125,8.375,2.90625,2.90625,6.125,6.0,61.5,24.09375,100.78125,32.0625,4.5625,3.96875,6.0,3.375,14.90625,9.34375,7.9375,2.9375,101.3125,221.90625,750.46875,15,0,0,1,2,3,3,0,0,1,0,2,0,0,175.26,177.8,155.0,0.125,0.5,0.221328125,0.56234375,0.10390625,0.002890625,0.1328125,0.03125,0.0,0.0,45.0625,20.59375,49.484375,22.953125,46.125,21.640625,50.7734375,24.2421875,0.40625,0.2265625,0.265625,0.0234375,34.9296875,13.625,40.90625,17.0234375,3.6875,1.9921875,4.28125,2.8203125,6.4453125,4.9765625,4.296875,3.109375,43.09375,19.3046875,38.5,14.6015625,0.390625,0.34375,1.9453125,1.828125,1.578125,0.9453125,9.0390625,6.5234375,13.15625,13.953125,252.546875,18,0,3,0,3,5,3,0,0,2,1,0,2,0,180.34,182.88,155.0,33.0,30.0,0,0,0,0,0,0,1,0,0,0,0,0,0,0,0,1,0,0,0,0,1,0,0,0
Red,False,0.0,0.0,0.4375,0.3725,0.125,0.21,0.0,0.0,0.0,0.0,121.5,52.5,99.25,37.5,178.25,106.75,111.25,48.0,1.0,0.25,7.25,1.5,88.25,29.0,69.0,17.5,14.25,7.5,13.75,7.25,19.0,16.0,16.5,12.75,104.0,39.25,90.25,32.0,13.0,10.25,1.5,0.5,4.5,3.0,7.5,5.0,33.5,262.5,900.0,9,0,2,0,2,2,1,0,0,0,2,0,0,0,172.72,177.8,170.0,0.1875,1.5625,0.429375,0.3070703125,0.26,0.35609375,0.26953125,0.12890625,0.0078125,0.0,100.81640625,36.00390625,76.765625,34.12890625,103.58203125,38.14453125,78.44140625,35.46484375,1.10546875,0.2734375,2.28515625,1.08984375,72.87109375,17.21484375,64.69140625,25.9375,19.078125,12.08984375,4.40625,2.828125,8.8671875,6.69921875,7.66796875,5.36328125,93.03125,30.80078125,67.515625,26.97265625,4.62109375,3.37890625,6.89453125,4.89453125,3.1640625,1.82421875,2.35546875,2.26171875,52.65234375,38.73046875,601.29296875,22,0,0,1,7,7,2,0,0,1,2,3,1,0,180.34,185.42,170.0,35.0,33.0,0,0,0,0,0,0,0,0,0,1,0,0,0,0,0,1,0,0,0,0,1,0,0,0
Blue,False,0.03564453125,0.001953125,0.4910156249999999,0.5537744140625,0.53125,0.37681640625,1.1533203125,1.2080078125,0.51953125,1.3125,68.595703125,34.8564453125,43.36572265625,25.517578125,95.84521484375,60.76513671875,71.22607421875,50.1376953125,2.78955078125,1.4375,5.4638671875,1.5673828125,45.916015625,16.2919921875,40.19287109375,22.8505859375,14.7626953125,11.43115234375,3.0703125,2.564453125,7.9169921875,7.13330078125,0.1025390625,0.1025390625,58.087890625,25.591796875,27.17236328125,12.88232421875,4.83544921875,4.13037109375,6.01953125,5.73388671875,5.67236328125,5.13427734375,10.173828125,6.9013671875,200.419921875,221.9736328125,658.30712890625,20,0,0,1,5,7,5,0,0,0,0,3,4,0,190.5,195.58,205.0,0.5,0.5,0.51125,0.46,0.0,0.25,0.0,0.0,0.0,0.0,5.875,3.625,21.625,11.75,5.875,3.625,23.75,13.875,0.0,0.0,1.0,0.5,4.875,2.625,20.625,10.875,0.125,0.125,0.5,0.5,0.875,0.875,0.5,0.375,3.25,1.875,9.125,2.875,0.375,0.375,7.0,5.375,2.25,1.375,5.5,3.5,11.5,11.625,89.0,4,0,3,0,3,3,1,0,0,0,0,3,0,0,198.12,208.28,205.0,28.0,27.0,0,0,0,0,0,1,0,0,0,0,0,0,0,0,0,1,0,0,0,0,1,0,0,0
Blue,False,0.0859375,0.064453125,0.45130859375,0.4834619140625,0.38177734375,0.00765625,0.62841796875,0.03125,0.0,0.0,81.864501953125,37.846923828125,58.615234375,27.540771484375,106.946533203125,58.056640625,81.47412109375,48.232666015625,4.558837890625,1.868896484375,1.297119140625,0.029296875,55.909912109375,18.407958984375,38.884765625,13.138671875,11.435791015625,7.79052734375,9.397705078125,5.156005859375,14.518798828125,11.6484375,10.332763671875,9.24609375,60.658203125,24.35546875,51.671142578125,22.41845703125,10.66650390625,6.22119140625,5.020751953125,4.240966796875,10.539794921875,7.270263671875,1.92333984375,0.88134765625,228.981689453125,155.719482421875,821.191650390625,30,0,3,0,4,10,3,0,0,0,4,2,4,0,177.8,180.34,170.0,0.0001220703125,0.0781250745058059,0.3893027828540653,0.3429869060590863,0.1529996943846345,0.2860414991155267,0.7598203625530005,1.574307680130005e-05,1.2587890662252903,0.5040590791031718,76.11280808411539,39.316842978820205,113.47041778359562,45.11044196691364,104.59141564648598,66.8338173944503,140.9205933501944,71.26145895756781,4.553533280268312,1.0457630334421992,3.5016026543453336,2.001138211227953,58.81881732866168,26.66396974120289,101.268699740991,36.21060509700328,17.20709240809083,12.597412661649289,7.237695823423564,4.291287462227047,0.0868983473628759,0.0554605759680271,4.964022219181061,4.608549407683313,63.789234241470695,28.590727731585503,99.62834827136248,33.98340557143092,10.254398482851684,8.707324987277389,7.377485193312168,6.000193305313587,2.069175359793008,2.018790259957313,6.46458431892097,5.126843090169132,167.61166302487254,94.99933161959052,817.9370818464085,85,2,5,0,7,22,9,0,1,1,8,1,11,0,185.42,182.88,170.0,33.0,42.0,0,0,0,0,0,0,0,0,0,1,0,0,0,0,0,1,0,0,0,0,0,0,1,0
Blue,False,0.7501223087310791,0.1250038146972656,0.5594542008638381,0.3954153496026993,0.2150864970684051,0.1270123076438903,0.5088319182395935,0.0030543804168701,0.2578129768371582,0.0068359375,32.66507738828659,19.23336958885193,31.424644470214844,12.361365735530851,34.48137652873993,21.038986384868625,33.334851920604706,13.892765164375303,0.860120952129364,0.282126784324646,1.0189952850341797,0.5023218989372253,20.798968613147736,11.449753940105438,24.84346652030945,8.738367080688477,8.27089935541153,4.512894451618195,4.749247431755066,2.197641670703888,3.595209419727325,3.270721197128296,1.8319305181503296,1.4253569841384888,23.50079470872879,12.701085209846497,27.656800091266632,9.64636653661728,6.024925410747528,3.4323227405548096,2.1448037028312683,1.5801341533660889,3.139357268810272,3.0999616384506226,1.6230406761169434,1.1348650455474854,34.88267421722412,34.97668170928955,224.33487272262573,45,0,2,0,6,16,9,0,0,0,1,2,13,0,177.8,187.96,155.0,0.5,0.000518798828125,0.3768618774414062,0.3505072021484374,0.2316763305664062,0.1431805419921875,0.03289794921875,0.32440185546875,3.0517578125e-05,0.25,110.74102783203124,43.2640380859375,90.01519775390625,38.689971923828125,122.34750366210938,53.541900634765625,95.135009765625,43.79653930664063,5.49835205078125,2.273590087890625,3.211639404296875,1.001861572265625,99.57028198242188,35.671966552734375,74.70733642578125,26.42132568359375,9.57379150390625,5.9951171875,10.933441162109377,8.179534912109375,1.596954345703125,1.596954345703125,4.374420166015625,4.089111328125,94.63604736328124,31.049560546875,80.99874877929688,30.95654296875,3.729095458984375,1.944732666015625,5.261199951171875,4.738067626953125,12.375885009765623,10.269744873046877,3.7552490234375,2.995361328125,243.73092651367188,61.57696533203125,674.8125,41,1,0,1,5,11,5,0,0,1,3,2,4,1,175.26,195.58,170.0,30.0,27.0,0,0,0,0,0,0,1,0,0,0,0,0,0,0,0,1,0,0,0,0,1,0,0,0
Red,False,0.13385009765625,0.109375,0.5329666137695312,0.3258056640625,0.0,0.020386962890625,0.0,6.103515625e-05,0.0,0.0,157.21023559570312,81.174560546875,138.15695190429688,46.4140625,162.09732055664062,85.045654296875,139.53744506835938,47.16943359375,0.0390625,0.0,1.333587646484375,0.128997802734375,94.88714599609376,41.527862548828125,103.493896484375,27.025665283203125,22.852203369140625,11.12701416015625,15.3123779296875,8.50469970703125,39.47088623046875,28.519683837890625,19.35067749023437,10.883697509765623,151.93045043945312,78.12530517578125,137.09274291992188,46.03286743164063,4.962799072265625,2.919342041015625,0.967529296875,0.285491943359375,0.316986083984375,0.129913330078125,0.0966796875,0.095703125,4.5665283203125,17.464874267578125,844.3488464355469,39,0,2,0,3,10,6,0,0,1,6,3,0,0,172.72,172.72,155.0,0.1259937286376953,0.06640625,0.3410918426513671,0.369783821105957,0.3491905212402343,0.604086742401123,0.5782012939453125,0.0157661437988281,0.1251220703125,0.0039100646972656,95.14335823059082,30.10677719116211,105.47062873840332,40.46862983703613,99.61018371582033,34.35665321350098,117.55867195129396,50.96331405639648,1.4054832458496094,0.73712158203125,1.9214630126953125,1.2408924102783203,75.25321578979492,18.521183013916016,71.08219528198242,20.836645126342773,15.091489791870115,7.977470397949219,25.04256820678711,13.015195846557615,4.798652648925781,3.608123779296875,9.345865249633787,6.616788864135742,85.51394081115723,25.300085067749023,98.16437149047852,35.19355010986328,8.574596405029297,3.97651481628418,2.688297271728516,1.696523666381836,1.0548210144042969,0.8301773071289062,4.617959976196289,3.578556060791016,57.93288993835449,130.1769981384277,847.9301700592041,50,0,1,0,7,14,6,0,0,1,7,3,2,1,175.26,177.8,155.0,34.0,41.0,0,0,0,0,0,0,1,0,0,0,0,0,0,0,0,1,0,0,0,0,0,0,1,0
Blue,False,0.0,0.015625,0.2764062499999999,0.4478125,0.0653125,0.286875,0.171875,0.0625,0.0,0.0,211.484375,56.953125,147.515625,69.03125,228.078125,72.203125,170.5625,88.984375,5.09375,0.53125,2.359375,1.109375,168.875,29.703125,98.40625,32.0,31.625,18.25,23.671875,17.1875,10.984375,9.0,25.4375,19.84375,197.53125,49.734375,133.125,58.25,9.015625,3.5625,10.0,7.609375,4.9375,3.65625,4.390625,3.171875,227.484375,90.84375,887.34375,19,0,1,0,2,4,3,0,0,1,2,0,1,0,170.18,170.18,125.0,0.0,0.0,0.34,0.61,0.0,0.33,1.0,0.0,0.0,0.0,32.0,11.0,18.0,11.0,33.0,12.0,27.0,17.0,0.0,0.0,3.0,1.0,30.0,9.0,17.0,10.0,2.0,2.0,1.0,1.0,0.0,0.0,0.0,0.0,22.0,5.0,8.0,2.0,1.0,0.0,1.0,1.0,9.0,6.0,9.0,8.0,14.0,162.0,295.0,1,0,1,0,1,1,0,0,0,0,0,0,1,0,167.64,167.64,135.0,28.0,28.0,0,0,0,0,0,0,0,0,0,0,0,0,1,0,0,1,0,0,0,0,1,0,0,0
Blue,False,0.015625,0.0,0.45,0.4275,0.25,0.2,0.148468017578125,0.098388671875,0.0,0.0,66.5,29.6875,64.31230545043945,27.34375,89.75,48.0,85.53125,44.41152191162109,2.0,0.75,2.0546875,0.75,51.1875,18.3359375,49.6123046875,16.280410766601562,7.5,5.07647705078125,7.5,5.0,4.5,3.625,4.984375,3.9375,48.6875,17.0,47.11572265625,16.5,5.75,3.75,5.3125,3.4375,5.0625,3.5,3.875,2.5,99.2119140625,94.125,638.5,0,0,0,0,0,0,0,0,0,0,0,0,0,0,165.1,172.72,125.0,0.0,1.0,0.4,0.43,0.18,0.0,0.0,1.0,0.0,0.0,50.0,20.0,88.0,38.0,88.0,51.0,127.0,74.0,11.0,2.0,1.0,0.0,33.0,9.0,69.0,29.0,11.0,8.0,11.0,4.0,6.0,3.0,8.0,5.0,31.0,10.0,62.0,19.0,1.0,1.0,7.0,6.0,18.0,9.0,19.0,13.0,419.0,39.0,780.0,3,0,0,1,0,0,1,0,0,0,0,0,0,0,182.88,182.88,185.0,27.0,30.0,0,0,0,1,0,0,0,0,0,0,0,0,0,0,0,1,0,0,0,0,1,0,0,0
Blue,False,0.0,0.0,0.26,0.39,0.0,0.6,2.0,0.0,0.0,0.0,71.0,19.0,106.0,42.0,82.0,30.0,112.0,48.0,0.0,0.0,5.0,3.0,63.0,12.0,90.0,36.0,6.0,5.0,10.0,2.0,2.0,2.0,6.0,4.0,69.0,18.0,102.0,40.0,0.0,0.0,2.0,0.0,2.0,1.0,2.0,2.0,69.0,155.0,419.0,2,0,1,0,1,1,0,0,0,0,0,0,1,0,175.26,187.96,135.0,0.0,0.0,0.75,0.47375,0.375,0.75,0.625,0.5,1.0,0.75,25.0,12.125,29.5,17.875,34.5,18.75,41.625,28.125,0.375,0.375,2.75,1.625,20.375,9.0,16.625,8.5,3.25,2.25,8.75,6.875,1.375,0.875,4.125,2.5,17.375,6.375,13.0,4.75,2.875,2.375,7.875,6.875,4.75,3.375,8.625,6.25,56.0,193.875,369.5,9,0,0,3,1,1,3,0,0,0,0,0,1,0,162.56,162.56,125.0,28.0,24.0,0,0,0,0,0,0,0,0,0,0,1,0,0,0,0,1,0,0,0,0,0,0,1,0
Red,False,0.0,0.0,0.54375,0.5190625,0.233125,0.3246875,0.0,0.75,0.0,0.03125,137.15625,76.65625,146.09375,77.75,178.71875,115.5,172.53125,100.03125,6.21875,1.40625,4.375,1.5,96.21875,40.71875,99.53125,41.09375,22.75,20.875,31.03125,24.71875,18.1875,15.0625,15.53125,11.9375,94.0,39.15625,121.59375,60.53125,27.59375,25.1875,18.625,13.59375,15.5625,12.3125,5.875,3.625,176.1875,171.71875,900.0,18,0,2,0,3,5,1,0,0,1,4,0,0,0,175.26,177.8,155.0,0.039093017578125,0.07818603515625,0.6332638549804688,0.4198287963867187,0.6635778808593751,0.0093035888671875,1.001068115234375,0.505401611328125,0.0,0.00048828125,42.797210693359375,25.62835693359375,27.772705078125,12.818084716796877,56.4034423828125,36.223968505859375,33.0797119140625,17.396453857421875,3.345916748046875,2.003662109375,0.48992919921875,0.041107177734375,30.803924560546875,15.10638427734375,21.603729248046875,7.150604248046875,7.63214111328125,6.62518310546875,4.8134765625,4.317657470703125,4.36114501953125,3.89678955078125,1.355499267578125,1.349822998046875,26.695556640625,13.51483154296875,22.648895263671875,8.174530029296875,6.018035888671875,4.56402587890625,4.841888427734375,4.377349853515625,10.0836181640625,7.54949951171875,0.28192138671875,0.266204833984375,211.5796813964844,22.98272705078125,367.9031066894531,33,0,1,0,5,11,5,0,0,1,4,1,5,0,177.8,182.88,155.0,31.0,30.0,0,0,0,0,0,0,1,0,0,0,0,0,0,0,0,1,0,0,0,0,0,0,1,0
Red,False,1.7919921875,0.384765625,0.439150390625,0.349609375,0.465517578125,0.0531591796875,0.0,0.0810546875,0.06640625,0.0,160.17041015625,69.6240234375,156.7578125,55.97607421875,164.00927734375,72.21044921875,160.51025390625,58.98876953125,2.1923828125,1.2890625,1.814453125,0.15869140625,125.96240234375,45.1064453125,122.826171875,32.1875,9.30712890625,6.68017578125,23.3291015625,15.46142578125,24.90087890625,17.83740234375,10.6025390625,8.3271484375,146.18896484375,60.5205078125,146.36279296875,50.23095703125,9.10595703125,5.1845703125,7.5908203125,4.2109375,4.87548828125,3.9189453125,2.80419921875,1.5341796875,36.46337890625,40.46240234375,853.2138671875,29,0,1,0,4,9,3,0,0,1,2,6,0,0,182.88,180.34,170.0,0.250030517578125,1.0390625,0.3735416412353516,0.4347884559631347,0.1207173919677734,0.0342733192443847,0.078369140625,0.0635547637939453,0.0004901885986328,0.003997802734375,152.9725170135498,47.80202102661133,110.93613624572754,48.26305770874024,166.04144096374512,59.72274398803711,120.10733413696288,56.036766052246094,2.826322555541992,0.8225936889648438,0.7654800415039062,0.2114715576171875,129.9208641052246,33.025394439697266,86.37232971191406,28.799400329589844,12.10605239868164,7.605096817016602,8.399179458618164,5.488613128662109,10.945600509643556,7.171529769897461,16.164627075195312,13.97504425048828,141.5251922607422,40.13470458984375,103.88215255737305,43.26111602783203,3.170621871948242,1.7568702697753906,3.815139770507813,2.141054153442383,8.276702880859375,5.910446166992188,3.23884391784668,2.8608875274658203,71.03895378112793,90.12340354919434,768.1041202545166,52,0,1,0,7,14,6,0,0,1,7,5,1,0,190.5,203.2,170.0,31.0,32.0,0,0,0,0,0,0,0,0,0,1,0,0,0,0,0,1,0,0,0,0,1,0,0,0
Red,False,0.5625,0.15625,0.51875,0.313125,0.35484375,0.2665625,0.0625,0.640625,0.015625,0.3125,98.625,50.6875,102.46875,31.328125,107.9375,58.5625,109.140625,37.21875,4.9375,1.78125,1.34375,0.703125,64.0625,25.5625,72.828125,17.296875,11.203125,7.296875,17.625,5.40625,23.359375,17.828125,12.015625,8.625,82.453125,38.28125,96.6875,28.765625,2.46875,1.375,3.625,1.5,13.703125,11.03125,2.15625,1.0625,203.578125,23.03125,779.84375,18,1,0,1,4,5,2,0,0,0,4,0,1,0,172.72,175.26,135.0,0.0,0.0,0.555,0.355,0.25,0.285,1.5,0.0,0.5,0.0,181.5,102.0,174.0,56.5,188.0,107.5,187.5,69.0,3.0,1.5,4.5,2.0,153.5,80.0,139.0,33.0,23.5,17.5,19.5,13.0,4.5,4.5,15.5,10.5,170.5,92.0,160.5,49.5,4.5,3.5,9.0,3.0,6.5,6.5,4.5,4.0,41.0,215.0,900.0,6,0,2,0,2,2,0,0,0,0,2,0,0,0,180.34,182.88,135.0,29.0,25.0,1,0,0,0,0,0,0,0,0,0,0,0,0,0,0,0,0,1,0,0,0,0,0,1
Red,True,1.1806640625,0.5,0.4535253906249999,0.46234375,0.24234375,0.0066845703125,0.0,0.00390625,0.0,0.0,223.9765625,100.7861328125,220.07861328125,102.54150390625,241.54248046875,115.8759765625,222.52978515625,104.40869140625,5.7939453125,1.595703125,0.646484375,0.05078125,185.1259765625,72.41357421875,153.18701171875,53.8427734375,20.40283203125,12.513671875,44.828125,31.927734375,18.44775390625,15.85888671875,22.0634765625,16.77099609375,200.04736328125,83.0595703125,208.07958984375,95.0556640625,16.591796875,11.6484375,7.7421875,5.3583984375,7.33740234375,6.078125,4.2568359375,2.12744140625,99.2119140625,21.62890625,1051.76416015625,38,2,8,0,8,9,3,0,0,1,1,7,0,0,182.88,185.42,185.0,2.203125,0.0,0.4539062499999999,0.323125,0.0,0.03828125,0.53125,0.0,0.0,0.25,134.5,61.609375,131.4375,45.125,137.84375,64.921875,133.53125,46.703125,0.078125,0.0,3.390625,0.359375,104.1875,37.875,110.40625,30.59375,14.046875,9.34375,8.65625,5.78125,16.265625,14.390625,12.375,8.75,127.6875,56.484375,129.84375,44.078125,1.71875,1.375,1.53125,0.984375,5.09375,3.75,0.0625,0.0625,16.46875,37.0625,831.203125,21,2,7,0,7,7,0,0,0,1,3,3,0,0,193.04,203.2,185.0,42.0,30.0,0,0,0,0,0,0,0,1,0,0,0,0,0,0,0,0,0,1,0,0,0,0,0,1
Red,True,0.000244140625,0.03515625,0.4697094726562499,0.39293212890625,0.309765625,0.178583984375,0.5,0.500244140625,0.0,0.0,267.597412109375,132.60693359375,163.845458984375,64.578369140625,307.2802734375,170.7001953125,182.391357421875,81.706298828125,2.515625,1.51171875,9.6259765625,1.86376953125,139.2041015625,36.4990234375,104.313720703125,33.5869140625,65.56298828125,44.471923828125,28.8427734375,11.57666015625,62.830322265625,51.635986328125,30.68896484375,19.414794921875,227.72216796875,99.43310546875,144.4150390625,50.2626953125,39.8544921875,33.156982421875,17.054931640625,12.04248046875,0.020751953125,0.016845703125,2.37548828125,2.273193359375,190.3642578125,320.35888671875,1382.46728515625,50,9,8,0,8,10,3,0,0,1,7,2,0,0,167.64,165.1,115.0,0.5,0.0,0.635,0.4125,0.16625,0.0,0.25,0.125,0.25,0.0,86.0,45.5,38.375,14.875,104.875,62.25,39.5,16.0,2.625,0.75,0.5,0.0,50.875,23.625,28.0,7.25,13.5,7.75,5.25,3.75,21.625,14.125,5.125,3.875,65.0,27.5,34.25,11.625,9.75,8.875,2.875,2.5,11.25,9.125,1.25,0.75,95.25,25.375,386.125,8,1,4,0,4,4,0,0,0,0,2,1,1,0,162.56,160.02,115.0,32.0,30.0,0,0,0,0,0,0,0,0,0,0,0,0,0,1,0,1,0,0,0,0,0,0,0,1
Red,False,0.0,0.25,0.5650000000000001,0.4675,0.4,0.0,0.0,0.25,0.0,0.0,81.25,46.25,46.25,23.5,116.75,81.25,55.25,32.5,4.25,2.0,0.25,0.0,72.0,39.0,36.0,16.25,3.75,2.75,5.25,2.5,5.5,4.5,5.0,4.75,47.0,17.75,34.25,16.0,5.5,3.25,8.0,5.0,28.75,25.25,4.0,2.5,345.25,6.0,627.0,6,0,0,2,1,1,2,0,0,0,1,0,0,0,185.42,198.12,185.0,0.0,0.0,0.46,0.51,0.42,0.0,1.0,0.0,0.0,0.0,39.0,18.0,43.0,22.0,62.0,37.0,76.0,51.0,7.0,3.0,0.0,0.0,36.0,16.0,36.0,19.0,2.0,1.0,7.0,3.0,1.0,1.0,0.0,0.0,16.0,5.0,27.0,8.0,1.0,1.0,14.0,12.0,22.0,12.0,2.0,2.0,330.0,0.0,566.0,2,0,1,0,1,1,0,0,0,0,0,0,1,0,182.88,185.42,185.0,33.0,30.0,0,0,0,0,0,0,0,1,0,0,0,0,0,0,0,1,0,0,0,0,1,0,0,0
Red,False,0.0,0.0,0.41,0.455,0.3,0.21,0.0,0.0,0.0,0.0,114.0,47.5,118.0,53.5,179.0,91.0,126.0,61.0,2.5,1.5,4.0,1.5,70.5,19.5,87.0,33.5,25.0,11.0,17.0,8.0,18.5,17.0,14.0,12.0,105.5,40.5,106.0,41.5,1.5,1.0,3.5,3.5,7.0,6.0,8.5,8.5,196.0,147.0,900.0,6,0,0,1,1,1,1,0,0,0,1,0,0,0,177.8,180.34,155.0,0.0,0.0,0.75,0.0,0.5,0.0,0.0,0.0,0.0,0.0,29.0,22.0,1.0,0.0,31.0,24.0,1.0,0.0,2.0,1.0,0.0,0.0,29.0,22.0,1.0,0.0,0.0,0.0,0.0,0.0,0.0,0.0,0.0,0.0,2.0,0.0,1.0,0.0,1.0,1.0,0.0,0.0,26.0,21.0,0.0,0.0,51.0,0.0,72.0,1,0,1,0,1,1,0,0,0,0,0,1,0,0,172.72,182.88,155.0,28.0,35.0,0,0,0,0,0,0,1,0,0,0,0,0,0,0,0,1,0,0,0,0,1,0,0,0
Red,False,0.015625,0.0,0.45,0.4275,0.25,0.2,0.148468017578125,0.098388671875,0.0,0.0,66.5,29.6875,64.31230545043945,27.34375,89.75,48.0,85.53125,44.41152191162109,2.0,0.75,2.0546875,0.75,51.1875,18.3359375,49.6123046875,16.280410766601562,7.5,5.07647705078125,7.5,5.0,4.5,3.625,4.984375,3.9375,48.6875,17.0,47.11572265625,16.5,5.75,3.75,5.3125,3.4375,5.0625,3.5,3.875,2.5,99.2119140625,94.125,638.5,0,0,0,0,0,0,0,0,0,0,0,0,0,0,177.8,187.96,145.0,0.0,0.0,0.49,0.34,0.5,0.42,0.0,0.0,1.0,0.0,119.0,59.0,99.0,34.0,133.0,71.0,103.0,36.0,2.0,1.0,7.0,3.0,91.0,44.0,77.0,20.0,16.0,8.0,9.0,5.0,12.0,7.0,13.0,9.0,99.0,43.0,91.0,26.0,0.0,0.0,3.0,3.0,20.0,16.0,5.0,5.0,71.0,182.0,900.0,3,0,1,0,1,1,0,0,0,1,0,0,0,0,182.88,187.96,145.0,30.0,31.0,0,0,1,0,0,0,0,0,0,0,0,0,0,0,0,1,0,0,0,0,1,0,0,0
Red,False,0.0,0.5625,0.5306249999999999,0.54375,0.461875,0.66625,0.25,1.4375,0.25,0.0,46.875,24.8125,36.6875,20.6875,60.8125,37.4375,50.625,33.875,3.5625,1.6875,3.4375,1.6875,29.5625,11.75,20.375,11.125,11.125,8.0,12.9375,7.625,6.1875,5.0625,3.375,1.9375,27.9375,9.875,17.4375,4.75,11.3125,7.9375,14.25,12.625,7.625,7.0,5.0,3.3125,202.75,115.6875,538.625,11,0,0,1,1,2,3,0,0,0,2,0,0,0,167.64,172.72,135.0,0.0,0.0,0.36,0.4,0.0,0.42,0.0,0.0,0.0,0.0,230.0,85.0,89.0,36.0,269.0,119.0,133.0,63.0,1.0,0.0,7.0,3.0,202.0,74.0,88.0,35.0,17.0,6.0,1.0,1.0,11.0,5.0,0.0,0.0,202.0,68.0,86.0,33.0,11.0,5.0,0.0,0.0,17.0,12.0,3.0,3.0,6.0,171.0,900.0,3,0,0,1,0,0,1,0,0,0,0,0,0,0,170.18,177.8,135.0,40.0,30.0,1,0,0,0,0,0,0,0,0,0,0,0,0,0,0,0,0,1,0,0,1,0,0,0
Red,False,0.0,0.0,0.5,0.475,0.2,0.5,0.0,0.0,0.5,0.0,210.0,99.0,171.5,82.5,233.5,118.5,182.0,92.5,9.0,3.0,0.5,0.5,182.5,75.0,160.5,72.0,23.5,20.0,10.5,10.0,4.0,4.0,0.5,0.5,176.5,74.0,137.0,52.5,28.0,19.5,27.5,24.0,5.5,5.5,7.0,6.0,280.0,16.5,900.0,6,0,1,0,1,1,1,0,0,0,1,0,0,0,167.64,177.8,185.0,0.015625,0.03125,0.4081640625,0.456484375,0.176328125,0.3859375,0.8203125,0.390625,0.859375,0.5,112.4609375,41.15234375,104.9609375,41.421875,128.7421875,53.28515625,119.63671875,54.0234375,2.9453125,1.1171875,0.7421875,0.4921875,101.8203125,31.22265625,79.765625,23.34765625,8.44921875,7.73828125,12.48046875,7.87109375,2.19140625,2.19140625,12.71484375,10.203125,107.203125,37.89453125,93.32421875,33.21875,2.40234375,1.74609375,1.828125,1.5078125,2.85546875,1.51171875,9.80859375,6.6953125,158.26953125,126.08984375,786.4140625,18,0,2,0,2,5,4,0,0,0,0,1,4,0,185.42,195.58,185.0,30.0,32.0,0,0,0,0,0,0,0,1,0,0,0,0,0,0,0,1,0,0,0,0,0,0,1,0
Red,False,0.1875,0.5,0.4971093749999999,0.38875,0.62875,0.07546875,0.7578125,0.0,0.1328125,0.0,139.2734375,69.453125,194.3515625,72.1953125,160.21875,87.296875,203.7109375,81.03125,5.921875,3.8125,1.2109375,0.140625,99.3125,38.2578125,165.0703125,50.3203125,33.8046875,25.6796875,17.625,11.71875,6.15625,5.515625,11.65625,10.15625,121.5234375,57.5546875,175.7734375,58.4765625,15.125,10.0546875,17.0546875,12.8671875,2.625,1.84375,1.5234375,0.8515625,197.03125,84.390625,892.125,22,0,0,1,1,3,5,0,1,0,1,1,0,0,180.34,193.04,170.0,0.0411376953125,0.03125,0.4410665893554688,0.5205520629882812,0.4156475830078125,0.22451171875,0.044097900390625,0.15655517578125,0.125,0.54705810546875,68.13131713867188,27.87835693359375,74.29153442382812,34.93328857421875,80.94000244140625,37.63101196289063,98.138427734375,56.2061767578125,2.745758056640625,1.655670166015625,2.952667236328125,0.80316162109375,55.8580322265625,19.616363525390625,58.40087890625,23.886383056640625,6.5321044921875,3.028778076171875,8.58013916015625,4.503143310546875,5.741180419921875,5.23321533203125,7.310516357421875,6.54376220703125,52.449798583984375,18.686981201171875,43.20968627929688,13.7713623046875,5.959564208984375,3.565032958984375,14.2249755859375,10.37548828125,9.721954345703123,5.6263427734375,16.85687255859375,10.78643798828125,173.13668823242188,241.0741271972656,780.7167053222656,36,0,0,1,3,9,7,0,0,0,2,4,3,0,180.34,193.04,170.0,34.0,32.0,0,0,0,0,0,0,0,0,0,1,0,0,0,0,0,1,0,0,0,0,1,0,0,0
Red,False,0.0,0.5,0.435,0.51,0.375,0.0,0.5,0.0,0.0,0.0,22.5,12.0,39.0,19.0,31.5,20.5,39.5,19.5,4.0,3.0,0.0,0.0,21.5,11.0,29.5,12.5,0.5,0.5,4.5,2.0,0.5,0.5,5.0,4.5,15.0,4.5,28.5,13.0,0.5,0.5,6.5,3.5,7.0,7.0,4.0,2.5,130.5,5.0,272.0,3,0,0,1,1,1,1,0,0,0,0,0,1,0,190.5,198.12,260.0,0.00390625,0.875,0.6737890625,0.499453125,0.1667578125,0.037734375,0.0625,0.0078125,0.0625,0.0,43.62109375,22.83984375,57.82421875,27.828125,56.33984375,33.82421875,59.96875,29.66015625,1.10546875,0.76171875,1.21875,0.1171875,30.6953125,11.85546875,49.046875,20.4140625,5.5859375,4.3359375,6.328125,5.17578125,7.33984375,6.6484375,2.44921875,2.23828125,34.9296875,16.48828125,46.1875,18.0078125,2.30078125,1.328125,8.51171875,7.3359375,6.390625,5.0234375,3.125,2.484375,95.4765625,26.82421875,386.03515625,25,0,0,1,3,4,5,0,0,0,2,2,0,0,190.5,198.12,249.0,25.0,34.0,0,0,0,0,1,0,0,0,0,0,0,0,0,0,0,1,0,0,0,0,1,0,0,0
Blue,False,0.875,0.0,0.56625,0.26875,0.2475,0.035,0.0,0.125,0.25,0.0,65.625,38.375,37.5,11.375,107.75,74.625,46.25,19.125,2.25,0.75,3.125,0.25,48.125,25.25,27.375,4.875,13.0,10.0,7.375,4.25,4.5,3.125,2.75,2.25,42.875,19.5,33.625,8.375,6.625,4.75,3.625,3.0,16.125,14.125,0.25,0.0,304.5,30.375,675.5,10,0,0,1,3,3,1,0,0,0,1,2,0,0,190.5,190.5,205.0,0.0625,0.0,0.5970312499999999,0.4812499999999999,0.4265625,0.05140625,0.0,0.265625,0.0,0.0,64.28125,35.109375,28.25,14.5625,65.03125,35.828125,31.3125,17.265625,2.75,2.1875,2.859375,0.390625,54.859375,27.609375,24.921875,11.359375,8.78125,6.890625,2.921875,2.796875,0.640625,0.609375,0.40625,0.40625,35.5625,13.90625,18.109375,7.859375,13.828125,10.9375,7.234375,4.921875,14.890625,10.265625,2.90625,1.78125,61.015625,47.796875,294.09375,14,0,0,1,2,4,3,0,0,0,1,3,0,0,185.42,190.5,205.0,27.0,26.0,0,0,0,0,0,1,0,0,0,0,0,0,0,0,0,1,0,0,0,0,0,0,1,0
Red,False,0.0,0.0,0.4,0.55,0.0,0.5,0.0,1.0,1.0,0.0,5.0,2.0,18.0,10.0,45.0,32.0,33.0,22.0,0.0,0.0,2.0,1.0,5.0,2.0,17.0,10.0,0.0,0.0,1.0,0.0,0.0,0.0,0.0,0.0,5.0,2.0,4.0,0.0,0.0,0.0,1.0,0.0,0.0,0.0,13.0,10.0,23.0,203.0,237.0,1,0,0,1,0,0,1,0,0,0,0,0,0,0,172.72,182.88,145.0,0.0,0.0,0.57,0.53,0.25,0.0,0.5,0.0,0.0,0.0,58.0,30.0,111.0,62.5,74.5,44.5,121.0,71.5,5.0,0.5,0.0,0.0,40.5,17.0,76.0,30.5,9.0,4.5,24.5,22.0,8.5,8.5,10.5,10.0,38.5,16.0,82.0,41.5,9.0,5.5,22.0,17.5,10.5,8.5,7.0,3.5,190.5,57.0,552.0,4,0,1,0,1,1,1,0,0,0,0,0,1,0,167.64,172.72,145.0,33.0,29.0,0,0,0,0,0,0,0,0,0,0,0,1,0,0,0,1,0,0,0,0,1,0,0,0
Red,False,0.015625,0.0,0.45,0.4275,0.25,0.2,0.148468017578125,0.098388671875,0.0,0.0,66.5,29.6875,64.31230545043945,27.34375,89.75,48.0,85.53125,44.41152191162109,2.0,0.75,2.0546875,0.75,51.1875,18.3359375,49.6123046875,16.280410766601562,7.5,5.07647705078125,7.5,5.0,4.5,3.625,4.984375,3.9375,48.6875,17.0,47.11572265625,16.5,5.75,3.75,5.3125,3.4375,5.0625,3.5,3.875,2.5,99.2119140625,94.125,638.5,0,0,0,0,0,0,0,0,0,0,0,0,0,0,170.18,175.26,145.0,0.0,0.0,0.4599999999999999,0.5249999999999999,0.42,0.0,1.0,0.5,0.0,0.0,92.0,42.0,63.0,34.5,114.5,60.0,77.0,47.0,10.5,4.5,0.0,0.0,73.5,28.5,48.5,23.5,11.0,7.0,11.5,8.0,7.5,6.5,3.0,3.0,57.5,21.5,49.5,23.0,12.5,8.0,7.0,6.0,22.0,12.5,6.5,5.5,430.0,25.5,673.5,5,0,2,0,2,2,0,0,0,0,1,0,1,0,177.8,182.88,145.0,29.0,26.0,0,0,1,0,0,0,0,0,0,0,0,0,0,0,0,1,0,0,0,0,0,0,0,1
Red,False,0.625,0.0,0.50625,0.28125,0.0,0.0625,0.125,0.125,0.125,0.125,72.4375,34.0625,71.9375,23.625,80.25,41.125,75.125,26.5,0.875,0.0,1.4375,0.375,57.4375,23.9375,58.5,14.3125,12.75,8.375,7.0625,4.6875,2.25,1.75,6.375,4.625,66.25,30.0,67.625,20.8125,2.375,1.875,2.8125,1.8125,3.8125,2.1875,1.5,1.0,55.3125,39.0,479.9375,9,0,3,0,3,4,1,0,0,0,1,3,0,0,190.5,185.42,185.0,0.0,0.0,0.45,0.57,0.66,1.0,4.0,1.0,2.0,1.0,22.0,10.0,38.0,22.0,41.0,23.0,55.0,37.0,3.0,2.0,1.0,1.0,19.0,7.0,27.0,14.0,1.0,1.0,6.0,5.0,2.0,2.0,5.0,3.0,14.0,5.0,26.0,12.0,1.0,1.0,0.0,0.0,7.0,4.0,12.0,10.0,173.0,283.0,518.0,2,0,1,0,1,1,0,0,0,0,0,0,1,0,187.96,190.5,185.0,28.0,24.0,0,0,0,0,0,0,0,1,0,0,0,0,0,0,0,0,0,1,0,0,1,0,0,0
Blue,False,0.015625,0.0,0.45,0.4275,0.25,0.2,0.148468017578125,0.098388671875,0.0,0.0,66.5,29.6875,64.31230545043945,27.34375,89.75,48.0,85.53125,44.41152191162109,2.0,0.75,2.0546875,0.75,51.1875,18.3359375,49.6123046875,16.280410766601562,7.5,5.07647705078125,7.5,5.0,4.5,3.625,4.984375,3.9375,48.6875,17.0,47.11572265625,16.5,5.75,3.75,5.3125,3.4375,5.0625,3.5,3.875,2.5,99.2119140625,94.125,638.5,0,0,0,0,0,0,0,0,0,0,0,0,0,0,172.72,182.88,135.0,0.0,0.0,0.5,0.65,0.16,0.66,0.0,1.0,1.0,1.0,16.0,8.0,23.0,15.0,76.0,58.0,34.0,23.0,6.0,1.0,9.0,6.0,14.0,7.0,20.0,12.0,1.0,0.0,2.0,2.0,1.0,1.0,1.0,1.0,12.0,6.0,10.0,4.0,4.0,2.0,4.0,4.0,0.0,0.0,9.0,7.0,266.0,512.0,900.0,3,0,0,1,0,0,1,0,0,0,0,0,0,0,167.64,180.34,135.0,24.0,25.0,1,0,0,0,0,0,0,0,0,0,0,0,0,0,0,1,0,0,0,0,1,0,0,0
Blue,False,0.421875,0.0,0.565625,0.55953125,0.24171875,0.2998437499999999,0.734375,0.0625,0.0,0.0,46.53125,25.84375,67.1875,33.375,53.046875,31.796875,77.828125,42.984375,1.921875,0.734375,4.953125,1.484375,39.71875,20.328125,46.921875,18.734375,5.921875,4.875,7.421875,3.875,0.890625,0.640625,12.84375,10.765625,32.46875,16.65625,53.640625,24.828125,6.890625,4.3125,10.5,6.859375,7.171875,4.875,3.046875,1.6875,64.75,79.421875,503.375,16,0,4,0,4,6,1,0,0,1,1,3,1,0,165.1,172.72,125.0,0.7505035400390625,0.03173828125,0.4198609161376953,0.3990471649169922,0.2202445220947265,0.391593017578125,0.0010528564453125,0.0,0.5009765625,0.25,102.99684143066406,42.33323669433594,69.4219741821289,29.38080596923828,123.25387573242188,60.36328887939453,82.84449768066406,41.4096908569336,4.162879943847656,2.0198287963867188,4.2132110595703125,1.475799560546875,69.47087097167969,21.94081115722656,56.27720642089844,19.27046203613281,19.589820861816406,11.806190490722656,11.968406677246094,9.296539306640623,13.936149597167969,8.586235046386719,1.176361083984375,0.8138046264648438,93.47785949707033,36.3948974609375,59.24876403808594,20.3814697265625,3.8825912475585938,2.2060470581054688,7.836517333984375,7.168724060058594,5.636390686035156,3.7322921752929688,2.3366928100585938,1.8306121826171875,193.0064849853516,61.248497009277344,662.1587371826172,45,2,3,0,6,15,3,0,0,1,8,5,1,0,162.56,165.1,125.0,32.0,35.0,0,0,0,1,0,0,0,0,0,0,0,0,0,0,0,1,0,0,0,0,0,0,1,0
Red,False,0.015625,0.0,0.45,0.4275,0.25,0.2,0.148468017578125,0.098388671875,0.0,0.0,66.5,29.6875,64.31230545043945,27.34375,89.75,48.0,85.53125,44.41152191162109,2.0,0.75,2.0546875,0.75,51.1875,18.3359375,49.6123046875,16.280410766601562,7.5,5.07647705078125,7.5,5.0,4.5,3.625,4.984375,3.9375,48.6875,17.0,47.11572265625,16.5,5.75,3.75,5.3125,3.4375,5.0625,3.5,3.875,2.5,99.2119140625,94.125,638.5,0,0,0,0,0,0,0,0,0,0,0,0,0,0,170.18,170.18,135.0,0.0,0.0,0.49625,0.52,0.25,0.1875,0.5,0.375,0.125,0.5,18.875,9.375,19.875,12.75,29.75,18.625,53.75,40.5,1.0,0.5,1.5,0.75,16.0,7.625,12.75,7.625,2.875,1.75,3.0,1.5,0.0,0.0,4.125,3.625,10.125,3.25,9.375,4.0,2.25,1.125,3.5,3.0,6.5,5.0,7.0,5.75,102.0,133.625,289.625,6,0,0,1,1,2,2,0,0,0,0,1,1,0,182.88,182.88,145.0,29.0,30.0,0,0,0,0,0,0,0,0,0,0,0,1,0,0,0,1,0,0,0,0,1,0,0,0
Red,False,0.015625,0.0,0.45,0.4275,0.25,0.2,0.148468017578125,0.098388671875,0.0,0.0,66.5,29.6875,64.31230545043945,27.34375,89.75,48.0,85.53125,44.41152191162109,2.0,0.75,2.0546875,0.75,51.1875,18.3359375,49.6123046875,16.280410766601562,7.5,5.07647705078125,7.5,5.0,4.5,3.625,4.984375,3.9375,48.6875,17.0,47.11572265625,16.5,5.75,3.75,5.3125,3.4375,5.0625,3.5,3.875,2.5,99.2119140625,94.125,638.5,0,0,0,0,0,0,0,0,0,0,0,0,0,0,175.26,182.88,145.0,0.0,0.0,0.47,0.435,0.5,0.375,1.5,1.5,1.5,1.0,97.0,46.5,83.0,38.5,122.5,68.5,134.5,83.0,1.5,0.5,5.0,2.0,92.0,42.5,73.5,33.0,5.0,4.0,7.5,4.0,0.0,0.0,2.0,1.5,73.0,31.5,55.5,20.0,2.0,2.0,2.0,2.0,22.0,13.0,25.5,16.5,208.0,463.5,900.0,6,0,0,2,0,0,2,0,0,0,0,0,0,0,177.8,185.42,145.0,29.0,30.0,0,0,1,0,0,0,0,0,0,0,0,0,0,0,0,0,0,0,1,0,0,0,1,0
Red,False,0.0,0.0,0.5425,0.205,0.75,0.12,0.25,0.0,0.5,0.25,99.5,55.5,62.75,10.75,168.75,114.75,88.75,25.25,2.25,2.0,5.25,1.25,61.0,27.25,56.0,8.0,18.75,13.0,5.0,2.0,19.75,15.25,1.75,0.75,82.0,43.75,59.5,9.5,4.25,3.25,1.0,0.5,13.25,8.5,2.25,0.75,234.75,258.5,900.0,9,0,1,0,1,2,1,0,0,0,2,0,0,0,177.8,187.96,170.0,1.0,0.0,0.56,0.36,0.66,0.0,0.0,0.0,0.0,0.0,210.0,119.0,291.0,107.0,240.0,148.0,313.0,128.0,3.0,2.0,6.0,0.0,168.0,85.0,236.0,71.0,13.0,8.0,29.0,12.0,29.0,26.0,26.0,24.0,203.0,116.0,282.0,101.0,6.0,3.0,9.0,6.0,1.0,0.0,0.0,0.0,42.0,84.0,900.0,3,0,1,0,1,1,0,0,0,0,1,0,0,0,177.8,182.88,170.0,23.0,27.0,0,0,0,0,0,0,0,0,0,1,0,0,0,0,0,1,0,0,0,0,1,0,0,0
Blue,False,0.015625,0.0,0.45,0.4275,0.25,0.2,0.148468017578125,0.098388671875,0.0,0.0,66.5,29.6875,64.31230545043945,27.34375,89.75,48.0,85.53125,44.41152191162109,2.0,0.75,2.0546875,0.75,51.1875,18.3359375,49.6123046875,16.280410766601562,7.5,5.07647705078125,7.5,5.0,4.5,3.625,4.984375,3.9375,48.6875,17.0,47.11572265625,16.5,5.75,3.75,5.3125,3.4375,5.0625,3.5,3.875,2.5,99.2119140625,94.125,638.5,0,0,0,0,0,0,0,0,0,0,0,0,0,0,172.72,180.34,145.0,0.0471682548522949,0.0,0.45,0.4217682266235352,0.25,0.19173828125,0.1875,0.125,0.0,0.0,69.5,30.5,66.984375,27.8466796875,94.0,48.544921875,88.50390625,44.75,2.0,0.8125,2.015625,0.6640625,54.0,19.01513671875,51.483436584472656,16.9437255859375,7.91796875,5.430633544921875,7.75,5.0625,4.780975341796875,3.9373779296875,4.8994140625,3.84375,51.025390625,18.400863647460938,50.515625,17.5,5.75,3.75,5.5,3.5,5.375,3.6875,4.0,2.65625,104.865234375,89.5,655.8441009521484,0,0,0,0,0,0,0,0,0,0,0,0,0,0,182.88,198.12,145.0,26.0,30.0,0,0,1,0,0,0,0,0,0,0,0,0,0,0,0,0,0,0,1,0,0,0,0,1
Red,False,0.015625,0.0,0.45,0.4275,0.25,0.2,0.148468017578125,0.098388671875,0.0,0.0,66.5,29.6875,64.31230545043945,27.34375,89.75,48.0,85.53125,44.41152191162109,2.0,0.75,2.0546875,0.75,51.1875,18.3359375,49.6123046875,16.280410766601562,7.5,5.07647705078125,7.5,5.0,4.5,3.625,4.984375,3.9375,48.6875,17.0,47.11572265625,16.5,5.75,3.75,5.3125,3.4375,5.0625,3.5,3.875,2.5,99.2119140625,94.125,638.5,0,0,0,0,0,0,0,0,0,0,0,0,0,0,182.88,190.5,155.0,0.0625,0.0,0.450625,0.4874999999999999,0.610625,0.5025,1.3125,0.1875,2.125,0.0625,117.75,55.6875,82.9375,37.875,127.875,65.375,90.1875,44.0,2.25,1.0,5.5625,2.9375,106.375,49.125,57.9375,17.625,10.75,5.9375,12.0625,7.5625,0.625,0.625,12.9375,12.6875,78.375,29.25,76.5,34.875,11.3125,7.875,4.8125,2.4375,28.0625,18.5625,1.625,0.5625,205.9375,143.25,800.5,13,0,1,0,2,3,2,0,0,0,1,1,1,0,190.5,190.5,155.0,27.0,26.0,0,0,0,0,0,0,1,0,0,0,0,0,0,0,0,0,0,1,0,0,0,0,1,0
Red,False,0.875,0.0,0.5862499999999999,0.3512499999999999,0.0825,0.25,0.0,0.625,0.0,0.0,60.5,31.75,52.25,16.125,66.625,37.375,57.5,21.0,0.375,0.25,1.5,0.5,45.375,19.75,41.625,9.125,13.625,10.625,9.375,6.25,1.5,1.375,1.25,0.75,54.125,26.75,49.625,13.625,1.75,1.625,2.625,2.5,4.625,3.375,0.0,0.0,47.25,25.0,368.25,7,0,0,1,2,2,2,0,0,0,0,2,0,0,182.88,187.96,205.0,0.25,0.0,0.5175,0.4875,0.25,0.355,1.0,0.5,1.0,1.25,35.0,18.25,14.0,6.75,50.25,30.5,32.25,23.0,0.25,0.25,3.0,1.25,31.25,15.25,11.5,4.5,1.75,1.5,2.5,2.25,2.0,1.5,0.0,0.0,10.75,3.75,9.5,3.25,2.5,2.0,1.75,1.25,21.75,12.5,2.75,2.25,150.25,139.5,374.0,5,0,2,0,2,2,1,0,0,0,0,1,1,0,187.96,187.96,205.0,24.0,23.0,0,0,0,0,0,1,0,0,0,0,0,0,0,0,0,0,0,1,0,0,1,0,0,0
Blue,False,0.91455078125,0.125,0.48700927734375,0.3547998046875,0.010634765625,0.01726318359375,0.080078125,0.016357421875,0.00439453125,0.015625,145.0537109375,67.803955078125,97.086181640625,38.134033203125,152.1162109375,74.831787109375,98.269287109375,39.22509765625,0.6826171875,0.0322265625,1.897705078125,0.050537109375,114.1708984375,46.41845703125,73.8349609375,20.89892578125,11.5087890625,5.48681640625,11.673583984375,8.343994140625,19.3740234375,15.898681640625,11.57763671875,8.89111328125,130.773681640625,55.428466796875,95.52490234375,36.880126953125,0.787353515625,0.39208984375,1.53955078125,1.234130859375,13.49267578125,11.9833984375,0.021728515625,0.019775390625,80.830078125,27.40234375,614.3974609375,27,0,1,0,4,9,4,0,0,0,1,6,2,0,182.88,190.5,155.0,0.047119140625,0.000244140625,0.42619384765625,0.513740234375,0.001220703125,0.29507080078125,0.005859375,0.125,0.0,0.062744140625,128.28955078125,52.37548828125,104.2353515625,54.43212890625,143.760009765625,67.305908203125,117.081787109375,66.14697265625,1.141357421875,0.004150390625,2.162109375,0.90283203125,103.26025390625,34.16357421875,67.6337890625,24.4541015625,10.968994140625,8.208740234375,20.0205078125,15.665771484375,14.060302734375,10.003173828125,16.5810546875,14.312255859375,117.21630859375,44.497314453125,95.634521484375,48.020263671875,4.876220703125,3.693359375,5.299072265625,3.3681640625,6.197021484375,4.184814453125,3.3017578125,3.043701171875,107.072021484375,128.260498046875,846.080322265625,33,0,2,0,3,9,4,0,0,2,2,4,1,0,180.34,177.8,155.0,30.0,35.0,0,0,0,0,0,0,1,0,0,0,0,0,0,0,0,0,0,0,1,0,1,0,0,0
Red,False,0.015625,0.0,0.45,0.4275,0.25,0.2,0.148468017578125,0.098388671875,0.0,0.0,66.5,29.6875,64.31230545043945,27.34375,89.75,48.0,85.53125,44.41152191162109,2.0,0.75,2.0546875,0.75,51.1875,18.3359375,49.6123046875,16.280410766601562,7.5,5.07647705078125,7.5,5.0,4.5,3.625,4.984375,3.9375,48.6875,17.0,47.11572265625,16.5,5.75,3.75,5.3125,3.4375,5.0625,3.5,3.875,2.5,99.2119140625,94.125,638.5,0,0,0,0,0,0,0,0,0,0,0,0,0,0,177.8,185.42,155.0,0.25,0.25,0.4125,0.5475000000000001,0.0,0.15,0.5,1.0,0.5,1.0,76.75,27.5,55.5,26.5,80.75,31.0,64.5,35.5,0.0,0.0,6.75,2.0,66.5,21.25,37.5,15.5,9.75,6.0,9.5,3.0,0.5,0.25,8.5,8.0,71.0,24.5,47.25,20.5,2.75,0.75,2.0,0.5,3.0,2.25,6.25,5.5,36.25,154.5,521.25,5,0,0,1,1,1,2,0,0,0,0,1,0,0,190.5,195.58,155.0,25.0,24.0,0,0,0,0,0,0,1,0,0,0,0,0,0,0,0,1,0,0,0,0,0,0,1,0
Blue,False,0.0,0.0,0.3925,0.4125,0.5,0.20625,0.0,0.5,0.0,0.0,262.0,105.375,170.5,69.0,271.375,112.125,186.375,83.375,0.75,0.5,2.25,0.75,214.125,76.0,137.625,45.375,16.125,8.625,24.125,16.25,31.75,20.75,8.75,7.375,246.625,96.375,155.5,58.125,13.375,7.25,12.625,9.25,2.0,1.75,2.375,1.625,55.875,85.375,900.0,12,0,4,0,4,4,0,0,0,0,4,0,0,0,165.1,160.02,115.0,0.0,0.125,0.4140625,0.417421875,0.015625,0.14212890625,0.0,0.765625,0.0625,0.001953125,182.48828125,75.314453125,254.15234375,104.09375,191.373046875,83.265625,267.33984375,117.19921875,0.259765625,0.03125,1.453125,0.533203125,138.208984375,42.263671875,193.669921875,62.201171875,28.427734375,22.203125,33.986328125,23.419921875,15.8515625,10.84765625,26.49609375,18.47265625,165.029296875,61.0390625,227.791015625,82.734375,16.544921875,13.384765625,24.470703125,19.71875,0.9140625,0.890625,1.890625,1.640625,37.970703125,70.068359375,795.734375,28,1,3,0,3,5,5,0,0,2,3,0,0,0,160.02,162.56,115.0,30.0,34.0,0,0,0,0,0,0,0,0,0,0,0,0,0,1,0,1,0,0,0,0,1,0,0,0
Blue,False,0.5234375,0.0,0.6149609375,0.1373828125,0.15,0.71875,0.03125,0.6640625,0.03125,0.0,38.96484375,23.02734375,17.65625,4.875,77.02734375,56.2265625,27.6875,13.125,1.25,0.75,1.2890625,0.90625,27.67578125,14.7578125,13.2890625,2.953125,6.62890625,4.796875,2.859375,1.1015625,4.66015625,3.47265625,1.5078125,0.8203125,19.203125,7.24609375,15.765625,3.62890625,1.61328125,1.109375,0.4765625,0.21484375,18.1484375,14.671875,1.4140625,1.03125,288.26953125,105.203125,516.66015625,13,0,2,0,2,5,4,0,0,0,1,3,1,0,185.42,190.5,253.0,0.0,0.0,0.26,0.51,0.0,0.0,0.0,0.0,0.0,0.0,97.0,26.0,105.0,54.0,97.0,26.0,105.0,54.0,0.0,0.0,0.0,0.0,78.0,15.0,72.0,22.0,18.0,10.0,5.0,5.0,1.0,1.0,28.0,27.0,96.0,26.0,103.0,52.0,1.0,0.0,2.0,2.0,0.0,0.0,0.0,0.0,0.0,0.0,900.0,3,0,0,1,0,0,1,0,0,0,0,0,0,0,182.88,182.88,265.0,34.0,30.0,0,0,0,0,1,0,0,0,0,0,0,0,0,0,0,1,0,0,0,0,0,0,1,0
Red,False,0.625,0.0,0.69625,0.83375,0.0,0.275,0.25,0.5,0.0,0.0,23.0,14.5,15.5,10.25,28.5,19.625,31.5,25.5,0.875,0.0,2.625,2.0,16.625,9.5,10.125,5.625,4.875,3.5,3.5,2.875,1.5,1.5,1.875,1.75,14.25,7.375,7.0,3.5,4.375,2.75,4.25,3.0,4.375,4.375,4.25,3.75,28.25,135.25,263.0,6,0,2,0,2,3,1,0,0,0,0,2,0,1,172.72,180.34,155.0,0.0,0.0,0.59,0.37,1.0,0.2,0.0,1.0,1.0,1.0,153.0,91.0,95.0,36.0,167.0,104.0,100.0,41.0,1.0,1.0,15.0,3.0,129.0,70.0,83.0,25.0,16.0,14.0,4.0,4.0,8.0,7.0,8.0,7.0,121.0,63.0,93.0,35.0,3.0,3.0,0.0,0.0,29.0,25.0,2.0,1.0,179.0,203.0,900.0,3,0,1,0,1,1,0,0,0,0,1,0,0,0,170.18,180.34,155.0,31.0,28.0,0,0,0,0,0,0,1,0,0,0,0,0,0,0,0,1,0,0,0,0,1,0,0,0
Blue,False,0.5,0.0,0.338125,0.333125,0.62375,0.0,0.0,1.0,0.5,0.5,77.5,25.5625,88.8125,29.9375,84.25,30.125,109.9375,50.4375,6.5,4.0625,0.625,0.0,68.875,21.5625,64.125,13.375,8.0,3.5,16.6875,9.625,0.625,0.5,8.0,6.9375,62.1875,17.0,84.1875,26.375,7.75,4.625,2.625,1.5625,7.5625,3.9375,2.0,2.0,43.875,288.375,860.0625,13,0,3,0,3,3,2,0,0,1,1,1,0,0,172.72,172.72,145.0,0.25,0.5,0.3399999999999999,0.48,0.5,0.125,0.0,0.0,0.5,0.0,154.75,52.5,140.75,67.0,175.25,72.75,152.25,78.5,0.75,0.5,5.0,0.5,124.5,31.25,112.25,45.5,26.25,18.25,16.75,11.0,4.0,3.0,11.75,10.5,137.0,40.5,117.5,50.25,8.25,5.25,9.5,6.25,9.5,6.75,13.75,10.5,101.25,137.75,900.0,9,0,2,0,2,2,1,0,0,0,2,0,0,0,170.18,185.42,155.0,29.0,31.0,0,0,1,0,0,0,0,0,0,0,0,0,0,0,0,1,0,0,0,0,1,0,0,0
Red,False,0.0,0.0,0.3625,0.685,0.125,0.585,1.25,0.0,0.0,0.0,82.5,30.5,55.75,38.5,137.75,80.0,94.0,72.75,0.5,0.25,10.5,5.75,68.25,21.25,41.75,26.75,10.5,6.5,7.5,5.75,3.75,2.75,6.5,6.0,64.75,18.0,27.0,15.75,5.5,2.75,5.25,4.0,12.25,9.75,23.5,18.75,133.0,609.25,900.0,9,0,1,0,1,1,2,0,0,0,1,0,0,0,180.34,187.96,170.0,0.125,0.001953125,0.4390576171875,0.2151123046874999,0.184677734375,0.05140625,0.4462890625,0.32958984375,0.28125,0.37548828125,98.431640625,42.2529296875,89.76806640625,18.54345703125,104.638671875,47.58642578125,98.08544921875,25.35693359375,2.04541015625,0.42724609375,0.29052734375,0.07421875,64.9736328125,19.201171875,77.095703125,11.08056640625,20.57568359375,12.05810546875,8.59130859375,3.94287109375,12.88232421875,10.99365234375,4.0810546875,3.52001953125,90.56494140625,36.04052734375,83.57568359375,14.37451171875,4.73583984375,4.0654296875,4.5068359375,3.1689453125,3.130859375,2.14697265625,1.685546875,1.0,74.07568359375,44.06689453125,746.1142578125,28,0,2,0,3,8,4,0,0,1,2,0,4,1,180.34,185.42,170.0,31.0,25.0,0,0,0,0,0,0,0,0,0,1,0,0,0,0,0,0,0,0,1,0,1,0,0,0
Blue,False,0.001220703125,0.0,0.4669287109375,0.38899169921875,0.562734375,0.1609375,0.125,0.03173828125,0.000244140625,0.0,162.934326171875,77.66650390625,160.001220703125,59.870849609375,171.787353515625,84.00830078125,168.220947265625,66.53466796875,1.095947265625,0.650390625,0.72802734375,0.18115234375,132.949951171875,56.115234375,116.224609375,29.770751953125,27.218017578125,19.379638671875,22.67529296875,12.856201171875,2.766357421875,2.171630859375,21.101318359375,17.243896484375,123.415283203125,49.70068359375,144.332763671875,52.08642578125,17.650390625,13.102783203125,14.99560546875,7.1240234375,21.86865234375,14.863037109375,0.6728515625,0.660400390625,118.0068359375,32.74853515625,666.76708984375,34,0,1,0,2,6,7,0,0,0,4,1,0,1,160.02,162.56,115.0,0.0,0.0,0.65,0.41,0.16,0.33,0.0,0.0,0.0,0.0,151.0,99.0,157.0,65.0,164.0,112.0,171.0,77.0,6.0,1.0,3.0,1.0,66.0,31.0,128.0,42.0,71.0,54.0,25.0,21.0,14.0,14.0,4.0,2.0,74.0,38.0,114.0,34.0,77.0,61.0,39.0,29.0,0.0,0.0,4.0,2.0,23.0,122.0,900.0,3,0,1,0,1,1,0,0,0,1,0,0,0,0,154.94,154.94,115.0,35.0,24.0,0,0,0,0,0,0,0,0,0,0,0,0,0,1,0,1,0,0,0,0,1,0,0,0
Red,False,0.0,0.0,0.23,0.37,0.0,0.0,0.0,0.0,0.0,0.0,170.0,40.0,253.0,96.0,173.0,43.0,253.0,96.0,0.0,0.0,0.0,0.0,149.0,28.0,224.0,76.0,15.0,7.0,13.0,5.0,6.0,5.0,16.0,15.0,164.0,38.0,245.0,90.0,6.0,2.0,7.0,5.0,0.0,0.0,1.0,1.0,46.0,2.0,900.0,3,0,0,1,0,0,1,0,0,0,0,0,0,0,170.18,172.72,125.0,0.375,0.125,0.395,0.30625,0.285,0.0525,0.0,0.375,0.125,0.125,207.0,81.75,218.875,70.875,218.125,91.375,220.625,72.625,1.125,0.5,3.125,0.375,170.625,56.375,199.875,57.875,17.625,10.5,13.875,9.75,18.75,14.875,5.125,3.25,192.0,73.25,216.25,69.5,1.0,0.625,1.375,0.75,14.0,7.875,1.25,0.625,78.75,34.0,900.0,12,0,3,0,3,3,1,0,0,1,2,0,0,0,162.56,175.26,125.0,36.0,26.0,0,0,0,1,0,0,0,0,0,0,0,0,0,0,0,1,0,0,0,0,1,0,0,0
Blue,False,0.25,0.0,0.50625,0.4,0.0,0.375,0.0,0.5,0.5,0.5,112.625,50.0,107.125,46.0,115.125,52.125,117.875,56.25,0.0,0.0,3.75,1.75,84.125,34.75,89.125,32.125,16.75,6.75,10.125,7.375,11.75,8.5,7.875,6.5,104.5,43.875,99.5,42.375,5.75,4.0,6.0,2.5,2.375,2.125,1.625,1.125,20.0,181.875,750.0,9,0,2,0,2,3,1,0,0,0,1,2,0,0,182.88,180.34,170.0,0.0,0.5,0.625,0.45,0.375,0.0,0.0,0.5,0.5,0.5,50.0,25.5,86.0,34.5,101.0,65.0,107.5,56.0,2.5,1.5,1.0,0.0,46.5,22.5,78.0,27.5,1.5,1.0,7.0,6.0,2.0,2.0,1.0,1.0,46.5,22.0,83.5,32.5,2.0,2.0,0.5,0.5,1.5,1.5,2.0,1.5,252.5,53.5,476.5,4,0,0,1,1,1,1,0,0,0,1,0,0,0,182.88,182.88,170.0,29.0,35.0,0,0,0,0,0,0,0,0,0,1,0,0,0,0,0,1,0,0,0,0,1,0,0,0
Red,False,0.25,0.0,0.3349999999999999,0.4925,0.0625,0.75,0.0,0.0,0.0,0.0,124.75,42.0,150.0,77.25,165.5,78.5,193.25,111.25,1.0,0.25,2.5,2.5,94.5,22.75,91.75,34.25,22.0,13.5,46.5,34.0,8.25,5.75,11.75,9.0,108.0,30.25,104.25,44.0,14.25,9.75,29.75,20.25,2.5,2.0,16.0,13.0,13.5,368.75,793.25,8,0,1,0,1,1,2,0,0,0,0,1,0,0,167.64,175.26,125.0,0.0,0.5,0.35,0.585,0.0,0.295,0.0,2.5,1.0,1.25,136.0,53.75,193.0,106.0,137.25,54.5,239.0,148.0,1.0,0.0,3.25,1.0,106.0,33.5,157.5,79.5,22.25,14.25,29.25,20.75,7.75,6.0,6.25,5.75,121.0,45.0,137.75,66.25,14.5,8.25,25.25,13.5,0.5,0.5,30.0,26.25,16.5,226.5,816.25,8,0,0,3,0,0,3,0,0,0,0,0,0,0,170.18,165.1,135.0,30.0,31.0,0,0,0,0,0,0,0,0,0,0,0,0,1,0,0,1,0,0,0,0,1,0,0,0
Blue,False,0.015625,0.0,0.45,0.4275,0.25,0.2,0.148468017578125,0.098388671875,0.0,0.0,66.5,29.6875,64.31230545043945,27.34375,89.75,48.0,85.53125,44.41152191162109,2.0,0.75,2.0546875,0.75,51.1875,18.3359375,49.6123046875,16.280410766601562,7.5,5.07647705078125,7.5,5.0,4.5,3.625,4.984375,3.9375,48.6875,17.0,47.11572265625,16.5,5.75,3.75,5.3125,3.4375,5.0625,3.5,3.875,2.5,99.2119140625,94.125,638.5,0,0,0,0,0,0,0,0,0,0,0,0,0,0,185.42,187.96,170.0,0.5639686584472656,0.25390625,0.571428623199463,0.4814731788635253,0.3791999816894531,0.0148938369750976,0.5002593994140625,0.00830078125,1.1444091796875e-05,1.9073486328125e-06,64.20825576782227,33.871450424194336,53.02528381347656,24.166200637817383,68.13190078735352,37.19499206542969,54.89485931396485,25.427698135375977,2.044742584228516,0.5045318603515625,0.4076976776123047,0.0895462036132812,52.57255744934082,23.827224731445312,42.6604061126709,16.667545318603516,9.131938934326172,7.634525299072266,5.968328475952148,3.614574432373047,2.503759384155273,2.409700393676758,4.396549224853516,3.88408088684082,51.55587959289551,24.35564994812012,48.06182098388672,21.297822952270508,2.26739501953125,1.4610004425048828,3.389808654785156,1.5860252380371094,10.384981155395508,8.054800033569336,1.5736541748046875,1.2823524475097656,59.29963302612305,4.427774429321289,265.80492782592773,43,0,2,0,4,11,9,0,0,1,3,5,2,0,187.96,190.5,170.0,33.0,35.0,0,0,0,0,0,0,0,0,0,1,0,0,0,0,0,0,0,1,0,0,1,0,0,0
Red,False,0.400634765625,1.0078125,0.220126953125,0.60564208984375,0.125,0.3298876953125,0.03515625,0.00439453125,0.640625,0.5,57.189453125,20.252685546875,80.722900390625,49.349609375,58.3994140625,21.259521484375,93.6240234375,61.199951171875,0.1484375,0.125,6.513671875,3.285400390625,49.4833984375,14.698486328125,62.225341796875,33.444580078125,6.333251953125,4.395263671875,15.164794921875,12.76806640625,1.372802734375,1.158935546875,3.332763671875,3.136962890625,50.821044921875,15.90771484375,44.357177734375,19.672119140625,3.55908203125,2.52587890625,9.29150390625,6.634521484375,2.809326171875,1.819091796875,27.07421875,23.04296875,19.3828125,295.825927734375,524.299560546875,23,0,0,3,3,6,7,0,0,1,0,2,3,0,177.8,190.5,155.0,0.296875,0.0,0.400390625,0.394296875,0.33125,0.3565625,0.40625,0.1484375,0.0,0.125,84.375,33.828125,91.15625,37.3515625,112.34375,54.484375,99.5703125,41.671875,1.8125,0.578125,4.703125,2.375,55.515625,15.2578125,57.6328125,18.8125,12.7265625,7.875,17.796875,7.78125,16.1328125,10.6953125,15.7265625,10.7578125,69.796875,26.734375,79.359375,29.4296875,4.609375,2.03125,5.296875,3.921875,9.96875,5.0625,6.5,4.0,65.9453125,176.46875,738.921875,19,0,0,1,1,2,6,0,0,0,0,1,1,0,175.26,180.34,155.0,32.0,27.0,0,0,0,0,0,0,1,0,0,0,0,0,0,0,0,1,0,0,0,0,1,0,0,0
Red,False,0.0,0.0,0.47,0.43,0.0,0.75,0.0,0.0,1.0,0.0,42.0,20.0,39.0,17.0,92.0,59.0,130.0,88.0,1.0,0.0,4.0,3.0,37.0,16.0,35.0,14.0,3.0,2.0,2.0,1.0,2.0,2.0,2.0,2.0,34.0,13.0,28.0,7.0,0.0,0.0,1.0,1.0,8.0,7.0,10.0,9.0,18.0,721.0,900.0,3,0,0,1,0,0,1,0,0,0,0,0,0,0,172.72,180.34,155.0,0.0471682548522949,0.0,0.45,0.4217682266235352,0.25,0.19173828125,0.1875,0.125,0.0,0.0,69.5,30.5,66.984375,27.8466796875,94.0,48.544921875,88.50390625,44.75,2.0,0.8125,2.015625,0.6640625,54.0,19.01513671875,51.483436584472656,16.9437255859375,7.91796875,5.430633544921875,7.75,5.0625,4.780975341796875,3.9373779296875,4.8994140625,3.84375,51.025390625,18.400863647460938,50.515625,17.5,5.75,3.75,5.5,3.5,5.375,3.6875,4.0,2.65625,104.865234375,89.5,655.8441009521484,0,0,0,0,0,0,0,0,0,0,0,0,0,0,182.88,185.42,155.0,34.0,28.0,0,0,0,0,0,0,1,0,0,0,0,0,0,0,0,0,0,1,0,0,0,0,1,0
Red,False,0.0,0.5,0.3562499999999999,0.2175,0.43125,0.25,0.125,0.625,0.0,0.0,83.75,28.5,118.5,29.5,107.5,50.5,135.375,40.625,3.25,1.25,0.875,0.25,68.75,17.5,102.625,18.875,3.0,2.125,11.375,6.75,12.0,8.875,4.5,3.875,78.125,24.625,109.625,23.125,2.375,1.375,6.375,4.375,3.25,2.5,2.5,2.0,136.625,109.25,712.25,10,0,1,0,1,2,2,0,0,1,0,0,1,0,167.64,175.26,125.0,0.0,0.0,0.305,0.5862499999999999,0.37,0.29,1.5,0.125,0.0,0.0,83.0,20.0,78.875,44.0,118.0,51.5,88.75,52.875,7.5,3.0,1.625,0.625,74.875,15.625,53.0,22.875,6.625,3.375,19.375,14.875,1.5,1.0,6.5,6.25,71.0,12.5,58.0,27.625,5.0,2.125,11.25,9.625,7.0,5.375,9.625,6.75,248.875,92.375,686.875,9,0,3,0,3,3,1,0,0,0,0,0,3,0,170.18,172.72,125.0,33.0,25.0,0,0,0,0,0,0,0,0,0,0,0,0,1,0,0,1,0,0,0,0,1,0,0,0
Blue,False,0.0,0.0,0.5578125,0.55232421875,0.57421875,0.3812890625,0.5703125,0.28125,0.814453125,1.263671875,31.83203125,16.8984375,38.529296875,23.23828125,42.416015625,25.689453125,90.970703125,67.150390625,9.064453125,5.3203125,5.07421875,2.06640625,24.576171875,11.25,23.46484375,10.53515625,6.013671875,4.611328125,11.365234375,9.8203125,1.2421875,1.037109375,3.69921875,2.8828125,15.361328125,4.099609375,21.40234375,9.44921875,9.236328125,6.9765625,10.490234375,7.7265625,7.234375,5.822265625,6.63671875,6.0625,418.185546875,384.521484375,959.900390625,30,1,0,1,3,6,4,0,0,0,4,0,2,0,162.56,160.02,135.0,0.0,0.0,0.52,0.395,0.365,0.25,1.0,0.0,0.5,0.0,46.0,24.0,56.5,30.5,52.5,30.0,63.0,36.5,4.0,1.5,4.0,2.0,37.5,16.5,35.5,12.0,6.0,5.5,20.0,17.5,2.5,2.0,1.0,1.0,42.0,20.0,46.5,22.0,3.5,3.5,8.0,7.0,0.5,0.5,2.0,1.5,128.5,68.0,538.0,4,0,2,0,2,2,0,0,0,1,0,0,0,1,165.1,170.18,125.0,26.0,27.0,0,0,0,1,0,0,0,0,0,0,0,0,0,0,0,1,0,0,0,0,1,0,0,0
Red,False,0.5,0.0,0.48,0.505,0.2,0.0,0.0,0.5,0.0,0.0,43.0,19.0,64.5,33.0,59.0,31.0,113.0,76.5,2.5,1.0,3.0,0.0,26.5,8.5,54.0,25.5,15.5,9.5,6.5,3.5,1.0,1.0,4.0,4.0,38.0,14.0,37.5,12.5,5.0,5.0,10.0,7.0,0.0,0.0,17.0,13.5,92.5,171.5,503.5,4,0,1,0,1,1,1,0,0,0,0,1,0,0,185.42,185.42,170.0,0.0002470612525939,0.2588882446289062,0.6104654510691763,0.556650558039546,0.595681865029037,0.417706726193428,0.0015946831554174,0.1406874768435955,1.9371509552001958e-07,0.5000009573996067,40.8471565824002,25.203863305971023,60.19704029336572,34.08399829827249,58.57540140487254,39.49383710324764,103.64814794249833,68.97695997357368,2.746057163923979,1.885325986891985,3.050129044800997,2.508687101304531,28.79228277504444,15.223541725426912,57.1973909791559,31.815940365195274,7.289136273786426,5.228088552132249,1.9529241435229776,1.4856869913637638,4.765737533569336,4.752233028411865,1.046725170686841,0.7823709417134523,12.767221707850696,3.9922395553439856,20.860185345634815,6.780074309557676,5.1014024913311005,3.79631008207798,8.344147434458137,5.516811966896057,22.978532383218408,17.41531366854906,30.99270751327276,21.78711202181876,284.08006515167654,361.6407286580652,739.5796699840575,78,2,6,0,6,18,12,0,0,3,9,6,0,0,177.8,182.88,170.0,26.0,38.0,0,0,0,0,0,0,0,0,0,1,0,0,0,0,0,1,0,0,0,0,0,0,1,0
Blue,False,0.30078125,0.125,0.4944873046875,0.3955053710937499,0.09123046875,0.19072265625,0.07080078125,0.0625,0.0,0.0009765625,112.310546875,50.576416015625,53.3427734375,22.398681640625,134.220947265625,71.83251953125,76.03759765625,42.954833984375,0.475830078125,0.17236328125,4.06787109375,0.208984375,78.53955078125,26.7236328125,31.6259765625,9.022705078125,14.9091796875,9.8818359375,10.509033203125,4.73388671875,18.86181640625,13.970947265625,11.207763671875,8.64208984375,100.6748046875,41.567138671875,46.711181640625,17.71435546875,9.81005859375,7.510986328125,3.252197265625,2.656982421875,1.82568359375,1.498291015625,3.37939453125,2.02734375,31.269775390625,315.489013671875,1011.23095703125,36,0,1,0,4,8,5,0,0,1,3,2,2,0,187.96,198.12,205.0,0.5,0.0546875,0.48908203125,0.37112060546875,0.376319580078125,0.00244140625,0.0,0.1256103515625,0.0,0.0,73.07080078125,33.0042724609375,35.5560302734375,14.374267578125,86.55615234375,44.9224853515625,38.0599365234375,16.678955078125,5.6444091796875,2.3155517578125,1.5650634765625,0.00244140625,62.8790283203125,26.3289794921875,29.8414306640625,9.9622802734375,8.1419677734375,4.9093017578125,3.1201171875,1.89697265625,2.0498046875,1.7659912109375,2.594482421875,2.5150146484375,52.1214599609375,19.1190185546875,29.4005126953125,10.3740234375,12.216796875,7.5372314453125,5.740966796875,3.628662109375,8.7325439453125,6.3480224609375,0.41455078125,0.37158203125,121.9515380859375,28.04443359375,492.0279541015625,35,1,2,0,4,10,4,0,0,0,7,3,0,0,190.5,200.66,205.0,36.0,30.0,0,0,0,0,0,1,0,0,0,0,0,0,0,0,0,1,0,0,0,0,1,0,0,0
Red,False,0.25,0.0,0.4025,0.4475,0.495,0.125,1.5,0.0,0.5,0.0,93.25,38.5,66.5,30.0,128.25,70.5,68.0,31.25,2.25,1.5,2.25,0.5,62.5,20.0,42.75,12.75,10.5,6.75,8.75,4.5,20.25,11.75,15.0,12.75,80.25,28.75,64.5,28.5,3.75,2.5,2.0,1.5,9.25,7.25,0.0,0.0,175.0,54.75,555.5,7,0,3,0,3,3,0,0,0,0,0,0,3,0,167.64,175.26,140.0,0.57281494140625,0.0,0.3810650634765625,0.46890625,0.159896240234375,0.35750244140625,0.0,0.0625,0.0,0.0,106.48492431640624,40.99102783203125,148.781494140625,69.52825927734375,109.48162841796876,43.97210693359375,162.3890380859375,81.60406494140625,4.6455078125,1.1341552734375,3.59100341796875,1.204345703125,85.51922607421875,23.45947265625,113.84991455078124,44.3955078125,15.54840087890625,12.65704345703125,23.4693603515625,16.4464111328125,5.41729736328125,4.87451171875,11.46221923828125,8.68634033203125,99.515625,36.29986572265625,135.8175048828125,58.49530029296875,6.3709716796875,4.1065673828125,10.7127685546875,8.7822265625,0.59832763671875,0.5845947265625,2.251220703125,2.250732421875,21.93865966796875,58.5843505859375,904.426513671875,43,3,3,0,3,9,6,0,0,1,3,4,0,1,160.02,167.64,135.0,26.0,35.0,1,0,0,0,0,0,0,0,0,0,0,0,0,0,0,1,0,0,0,0,1,0,0,0
Blue,False,0.6640625,0.0,0.49390625,0.3940234375,0.3898828125,0.3206640625,0.01171875,0.328125,0.0703125,0.046875,105.81640625,52.79296875,80.5703125,35.55859375,135.765625,78.33984375,89.09375,43.64453125,2.1796875,1.20703125,7.3125,2.05859375,86.1796875,40.375,65.2265625,22.734375,10.20703125,7.1875,9.0859375,7.3828125,9.4296875,5.23046875,6.2578125,5.44140625,79.23046875,33.71484375,71.578125,28.140625,7.29296875,6.51953125,7.59375,6.57421875,19.29296875,12.55859375,1.3984375,0.84375,250.54296875,135.67578125,739.703125,26,0,1,0,3,6,3,0,0,0,3,1,1,1,175.26,175.26,155.0,6.51925802230835e-08,0.0312652587890625,0.390289869538974,0.3539536889456213,0.3359285748959519,0.1493624711991287,0.8264000427443534,0.1261370268184691,0.000154502922669,0.0039081587456166,12.14157209568657,5.213596106041223,15.499541863333434,6.691427671583369,13.710843066917732,6.4809550968930125,16.427506445441395,7.527761617209762,0.7715325057506561,0.6295393558684736,0.1748511656187474,0.1638899154495448,9.654414172982795,3.0015931627713144,12.255137491505591,3.8168820049613714,0.6832147911190987,0.545347309904173,0.9599035705905408,0.8134149555116892,1.803943131584674,1.6666556333657354,2.2845008012373,2.0611307111103088,10.979871429735796,4.375696381786838,14.528356302296745,6.020469488576055,0.3841805788688361,0.2649782276712358,0.4685294979717582,0.3302345185074955,0.777520087081939,0.5729214965831488,0.5026560630649328,0.3407236644998193,19.3290208352264,19.31887932191603,110.24943042057566,73,0,2,0,7,20,13,0,0,2,6,3,9,0,172.72,180.34,155.0,36.0,36.0,0,0,0,0,0,0,1,0,0,0,0,0,0,0,0,1,0,0,0,0,0,0,1,0
Red,False,0.0,0.5,0.43,0.585,0.0,0.33,0.0,0.0,0.0,0.0,47.5,20.5,62.5,34.0,74.5,43.5,113.0,79.0,0.0,0.0,4.5,2.0,32.5,7.5,43.0,19.0,12.5,11.0,16.0,11.5,2.5,2.0,3.5,3.5,37.5,12.0,36.5,14.5,8.5,7.0,13.0,8.0,1.5,1.5,13.0,11.5,3.0,482.5,771.0,6,0,0,2,0,0,2,0,0,0,0,0,0,0,190.5,200.66,205.0,0.1328125,0.1328125,0.484609375,0.455,0.43234375,0.11375,0.0078125,0.5625,0.0,0.0,54.0703125,26.0078125,50.7578125,23.390625,82.0234375,51.5234375,60.8515625,32.4296875,5.4140625,2.015625,1.453125,0.28125,40.96875,15.421875,41.9375,16.2265625,7.953125,5.8984375,6.7890625,5.53125,5.1484375,4.6875,2.03125,1.6328125,40.3359375,14.9375,33.046875,10.2265625,10.8125,8.46875,13.8828125,10.84375,2.921875,2.6015625,3.828125,2.3203125,122.5859375,131.03125,560.8515625,18,0,0,1,2,4,4,0,0,0,4,0,0,0,182.88,190.5,205.0,33.0,29.0,0,0,0,0,0,1,0,0,0,0,0,0,0,0,0,1,0,0,0,0,1,0,0,0
Blue,False,0.125,0.0,0.4425,0.45125,0.5225,0.035,0.0,0.125,0.0,0.125,133.25,56.5,62.625,29.5,271.125,182.0,75.625,40.0,12.125,5.875,1.25,0.25,115.125,43.75,46.75,17.625,10.5,6.5,9.5,7.375,7.625,6.25,6.375,4.5,78.0,23.5,44.0,15.5,10.875,6.5,14.5,10.875,44.375,26.5,4.125,3.125,508.25,41.125,900.0,12,0,0,2,2,2,2,0,0,0,2,0,0,0,167.64,172.72,135.0,0.0,0.0,0.615,0.55,0.8300000000000001,0.725,0.5,0.0,2.0,1.0,60.5,37.5,47.0,27.0,76.5,51.0,61.5,40.5,2.5,2.0,7.0,5.0,34.5,15.0,35.0,18.5,17.0,14.5,11.5,8.0,9.0,8.0,0.5,0.5,36.0,17.5,28.5,12.0,16.0,12.5,10.5,7.5,8.5,7.5,8.0,7.5,350.5,381.5,900.0,6,0,2,0,2,2,0,0,0,0,2,0,0,0,170.18,172.72,140.0,29.0,28.0,1,0,0,0,0,0,0,0,0,0,0,0,0,0,0,1,0,0,0,0,0,0,1,0
Blue,False,0.0,0.0,0.28,0.435,0.0,0.34,0.5,0.0,0.0,0.0,99.5,35.0,91.5,33.0,103.5,39.0,93.0,34.0,2.0,0.0,6.0,2.0,77.0,19.5,73.5,19.5,17.0,10.5,12.0,8.5,5.5,5.0,6.0,5.0,92.5,32.0,89.0,31.0,2.0,0.5,1.5,1.0,5.0,2.5,1.0,1.0,50.0,49.5,538.0,4,0,0,2,0,0,2,0,0,0,0,0,0,0,172.72,175.26,125.0,0.0,0.5,0.3399999999999999,0.478125,0.11125,0.6875,0.0625,0.125,0.0,0.125,142.375,46.4375,144.375,69.3125,158.3125,60.375,181.3125,100.5625,4.5625,0.625,1.6875,1.0625,124.0,35.75,108.75,44.875,7.75,4.5,12.75,6.375,10.625,6.1875,22.875,18.0625,133.9375,40.5,125.75,56.5,5.0625,3.3125,3.0,1.875,3.375,2.625,15.625,10.9375,60.375,164.375,838.8125,13,0,0,1,2,2,3,0,0,1,0,0,1,0,167.64,165.1,135.0,24.0,25.0,0,0,0,1,0,0,0,0,0,0,0,0,0,0,0,1,0,0,0,0,1,0,0,0
Red,False,0.015625,0.0,0.45,0.4275,0.25,0.2,0.148468017578125,0.098388671875,0.0,0.0,66.5,29.6875,64.31230545043945,27.34375,89.75,48.0,85.53125,44.41152191162109,2.0,0.75,2.0546875,0.75,51.1875,18.3359375,49.6123046875,16.280410766601562,7.5,5.07647705078125,7.5,5.0,4.5,3.625,4.984375,3.9375,48.6875,17.0,47.11572265625,16.5,5.75,3.75,5.3125,3.4375,5.0625,3.5,3.875,2.5,99.2119140625,94.125,638.5,0,0,0,0,0,0,0,0,0,0,0,0,0,0,170.18,165.1,135.0,0.25,0.0,0.56125,0.5975,0.0,0.3325,0.25,0.375,0.5,0.0,52.375,29.875,30.25,16.875,87.875,57.25,65.75,38.5,2.75,0.0,3.0,1.25,34.75,14.75,26.125,13.25,16.375,14.375,3.375,2.875,1.25,0.75,0.75,0.75,18.125,6.0,10.125,3.875,17.125,12.625,9.625,5.5,17.125,11.25,10.5,7.5,267.5,290.625,628.0,8,1,3,0,3,3,1,0,0,0,0,2,1,0,180.34,182.88,135.0,28.0,28.0,0,0,0,0,0,0,0,0,0,0,1,0,0,0,0,1,0,0,0,0,1,0,0,0
Red,True,0.0078125,0.0,0.369296875,0.32640625,0.0,0.48546875,0.03125,0.0,0.0,0.0,197.125,73.2890625,230.0078125,75.7890625,224.328125,99.0234375,248.4375,92.328125,1.2109375,0.0,2.6796875,1.3828125,161.140625,46.6875,165.1484375,30.3125,21.7734375,15.3984375,23.3125,11.171875,14.2109375,11.203125,41.546875,34.3046875,192.7421875,69.9296875,222.34375,71.421875,2.859375,2.09375,6.5859375,4.046875,1.5234375,1.265625,1.078125,0.3203125,6.6640625,118.765625,900.0,24,0,1,0,3,6,2,0,0,1,5,0,0,0,175.26,172.72,125.0,0.25,0.0,0.5015234375,0.2369921875,0.8807812500000001,0.013203125,0.390625,0.0078125,0.00390625,0.0,99.39453125,43.4296875,81.18359375,23.1640625,142.96484375,85.15625,156.8984375,97.6015625,3.03125,1.82421875,2.3671875,0.08984375,66.79296875,22.21484375,42.62890625,2.94921875,11.87109375,5.95703125,15.1484375,8.3984375,20.73046875,15.2578125,23.40625,11.81640625,83.58203125,31.8671875,76.5859375,19.671875,4.41796875,3.29296875,4.359375,3.3515625,11.39453125,8.26953125,0.23828125,0.140625,398.3359375,16.046875,1128.828125,32,4,1,0,4,7,2,0,0,1,3,1,2,0,165.1,167.64,125.0,31.0,31.0,0,0,0,0,0,0,0,0,0,0,0,0,1,0,0,1,0,0,0,0,0,0,1,0
Blue,False,0.0,1.0,0.66,0.33,0.0,0.0,0.0,0.0,0.0,0.0,9.0,6.0,12.0,4.0,20.0,17.0,14.0,6.0,0.0,0.0,0.0,0.0,8.0,5.0,10.0,2.0,1.0,1.0,2.0,2.0,0.0,0.0,0.0,0.0,3.0,2.0,8.0,4.0,6.0,4.0,4.0,0.0,0.0,0.0,0.0,0.0,69.0,12.0,130.0,1,0,0,1,0,0,1,0,0,0,0,0,0,0,182.88,187.96,264.0,0.0,0.0,0.4649999999999999,0.7675,0.25,0.375,0.0,0.0,0.0,0.0,85.75,43.25,53.5,38.5,101.5,58.5,62.75,46.75,1.0,0.5,1.0,0.75,75.75,34.0,47.25,33.0,7.75,7.25,5.75,5.0,2.25,2.0,0.5,0.5,61.75,23.5,29.5,16.0,12.75,10.75,7.0,5.5,11.25,9.0,17.0,17.0,90.0,102.75,412.0,7,0,1,0,1,1,2,0,0,0,0,1,0,0,195.58,203.2,265.0,26.0,28.0,0,0,0,0,1,0,0,0,0,0,0,0,0,0,0,0,0,1,0,0,1,0,0,0
Red,False,1.5,0.0048828125,0.557373046875,0.4137402343749999,0.05423828125,0.5323828125,0.3291015625,0.0,0.6279296875,0.00390625,139.873046875,79.439453125,101.1328125,41.5224609375,162.4921875,99.3828125,112.314453125,50.9716796875,2.927734375,0.4541015625,3.05078125,1.01171875,118.8671875,62.275390625,85.544921875,31.5009765625,11.1953125,8.0556640625,11.748046875,6.9443359375,9.810546875,9.1083984375,3.83984375,3.0771484375,127.2041015625,70.6015625,92.1533203125,34.75390625,5.90234375,4.3310546875,5.3291015625,4.470703125,6.7666015625,4.5068359375,3.650390625,2.2978515625,185.865234375,102.083984375,751.9580078125,26,0,1,0,6,8,3,0,0,0,3,3,2,0,187.96,185.42,170.0,0.125,0.25,0.5575,0.295,0.625,0.215,0.0,0.75,0.5,1.0,44.25,25.625,46.625,14.375,59.5,38.875,69.375,30.875,1.125,1.125,2.75,0.75,37.375,21.25,34.625,5.375,5.75,3.25,6.375,4.625,1.125,1.125,5.625,4.375,35.25,17.75,41.25,11.5,1.875,1.625,2.0,1.5,7.125,6.25,3.375,1.375,179.625,196.75,717.375,11,0,2,0,2,2,2,0,0,0,0,2,0,0,182.88,187.96,185.0,33.0,27.0,0,0,0,0,0,0,0,1,0,0,0,0,0,0,0,1,0,0,0,0,1,0,0,0
Red,False,0.16796875,1.03125,0.3918847656249999,0.4072705078124999,0.1555322265625,0.0,0.1259765625,0.0,0.0,0.0,61.4833984375,23.9462890625,107.41015625,45.6591796875,64.08154296875,26.54248046875,124.52197265625,61.92724609375,4.1591796875,0.798828125,1.046875,0.0,52.67431640625,18.06494140625,85.8818359375,29.654296875,5.63623046875,2.88134765625,13.9814453125,9.11474609375,3.1728515625,3.0,7.546875,6.89013671875,51.59619140625,17.9833984375,91.361328125,35.95654296875,6.81298828125,3.5625,12.4072265625,7.0634765625,3.07421875,2.400390625,3.6416015625,2.63916015625,79.8525390625,18.7177734375,623.9609375,22,0,0,1,3,7,5,0,0,0,2,3,2,0,177.8,185.42,205.0,0.09814453125,0.25006103515625,0.3955833435058594,0.553204345703125,0.1737126159667968,0.415632095336914,0.0,0.642608642578125,0.062530517578125,0.0156326293945312,50.282447814941406,21.96327209472656,50.1346435546875,28.691017150878903,51.02909851074219,22.709251403808597,77.98074340820312,53.732948303222656,1.7487411499023438,0.5178375244140625,3.6965255737304688,2.0940933227539062,39.03754425048828,14.154541015625,35.67835998535156,17.44609832763672,8.591537475585938,5.7569427490234375,10.462028503417969,7.682548522949219,2.6533660888671875,2.051788330078125,3.9942550659179688,3.5623703002929688,27.277183532714844,9.242515563964844,32.37861633300781,17.922523498535156,20.90277862548828,11.21795654296875,11.936241149902344,7.083335876464844,2.102485656738281,1.5027999877929688,5.819786071777344,3.685157775878906,69.4898681640625,156.53263092041016,718.5627670288086,41,1,2,0,6,13,5,0,0,2,1,10,0,0,190.5,200.66,260.0,36.0,35.0,0,0,0,0,1,0,0,0,0,0,0,0,0,0,0,1,0,0,0,0,1,0,0,0
Red,False,0.0,0.0,0.5037499999999999,0.32375,0.4575,0.5025,0.25,0.375,0.0,0.0,137.75,69.625,179.0,65.25,169.625,98.125,221.75,103.125,4.125,2.125,6.375,2.625,78.625,24.0,122.75,29.125,36.875,26.5,26.625,11.875,22.25,19.125,29.625,24.25,116.75,53.375,169.875,59.125,12.125,9.875,7.375,5.75,8.875,6.375,1.75,0.375,237.875,143.125,900.0,12,0,3,0,3,3,1,0,0,0,3,0,0,0,167.64,175.26,125.0,0.5,0.0,0.278125,0.3275,0.1543749999999999,0.3025,0.0,0.25,0.0,0.0,134.546875,38.4375,134.25,45.0,163.171875,60.25,153.171875,61.390625,1.734375,0.375,2.890625,1.109375,121.328125,29.453125,114.9375,31.53125,8.171875,5.234375,8.25,5.0,5.046875,3.75,11.0625,8.46875,122.921875,29.328125,127.796875,40.546875,6.046875,4.375,2.140625,1.484375,5.578125,4.734375,4.3125,2.96875,136.875,111.921875,802.84375,21,0,0,2,1,3,4,0,0,1,0,2,0,0,165.1,170.18,125.0,30.0,36.0,0,0,0,0,0,0,0,0,0,0,0,0,1,0,0,1,0,0,0,0,1,0,0,0
Red,True,0.71875,0.0,0.599375,0.4521874999999999,0.03125,0.1815625,0.03125,0.0,0.0,0.0,58.125,28.90625,38.21875,15.53125,60.875,31.4375,45.40625,22.65625,0.84375,0.03125,5.03125,0.90625,39.375,14.65625,30.15625,9.78125,10.8125,7.0625,4.0625,3.125,7.9375,7.1875,4.0,2.625,48.65625,21.125,34.34375,13.09375,6.0625,5.1875,2.59375,1.90625,3.40625,2.59375,1.28125,0.53125,19.40625,71.75,407.6875,10,0,6,0,6,6,0,0,0,1,1,3,1,0,193.04,195.58,205.0,0.0637826919555664,0.0,0.6548941135406494,0.3396310043334961,0.1523591423034668,0.00234375,0.0171833038330078,0.0009765625,0.0,0.0,120.49248695373537,80.55572605133057,128.9846153259277,40.461541175842285,152.0019760131836,110.26168060302734,132.2446746826172,43.61123847961426,3.651911735534668,1.0510683059692385,0.3852071762084961,0.01953125,52.89042091369629,24.83931255340576,77.5997724533081,13.624069213867188,26.89217185974121,22.237289428710938,17.979500770568848,7.846463203430176,40.70989418029785,33.47912406921387,33.40534210205078,18.99100875854492,94.57526874542236,57.76645469665527,120.5771598815918,36.67588520050049,14.701141357421877,12.182558059692385,8.372763633728027,3.769030570983887,11.216076850891112,10.60671329498291,0.0346918106079101,0.0166254043579101,224.74591541290283,1.5557136535644531,1354.477560043335,68,14,3,0,13,19,2,0,0,1,8,5,5,0,193.04,213.36,205.0,30.0,32.0,0,0,0,0,0,1,0,0,0,0,0,0,0,0,0,0,0,1,0,0,1,0,0,0
Blue,False,0.75,0.0,0.56625,0.384375,0.494375,0.5,0.25,0.125,0.125,0.625,88.875,48.75,79.75,29.0,104.5,63.3125,98.6875,47.8125,4.0,1.25,0.75,0.5,72.9375,36.0,66.8125,20.875,10.8125,8.0,11.125,6.8125,5.125,4.75,1.8125,1.3125,59.625,27.6875,64.9375,19.1875,5.875,3.75,4.375,3.5,23.375,17.3125,10.4375,6.3125,189.625,102.25,641.125,11,0,0,1,4,4,1,0,0,0,2,1,1,0,170.18,180.34,145.0,0.140625,0.5625,0.27140625,0.47671875,0.1890625,0.0,0.0625,0.5625,0.0078125,0.3203125,67.53125,19.2109375,48.859375,24.8359375,97.9375,43.546875,65.0703125,39.609375,1.9453125,0.953125,1.109375,0.0,58.40625,12.484375,35.6484375,14.46875,6.375,4.6640625,9.921875,7.640625,2.75,2.0625,3.2890625,2.7265625,55.9296875,11.3671875,31.578125,10.953125,6.28125,3.953125,5.9140625,5.578125,5.3203125,3.890625,11.3671875,8.3046875,182.875,33.8515625,455.71875,17,0,4,0,4,6,2,0,1,1,1,2,1,0,172.72,177.8,145.0,28.0,28.0,0,0,1,0,0,0,0,0,0,0,0,0,0,0,0,1,0,0,0,0,1,0,0,0
Blue,False,0.015625,0.0,0.45,0.4275,0.25,0.2,0.148468017578125,0.098388671875,0.0,0.0,66.5,29.6875,64.31230545043945,27.34375,89.75,48.0,85.53125,44.41152191162109,2.0,0.75,2.0546875,0.75,51.1875,18.3359375,49.6123046875,16.280410766601562,7.5,5.07647705078125,7.5,5.0,4.5,3.625,4.984375,3.9375,48.6875,17.0,47.11572265625,16.5,5.75,3.75,5.3125,3.4375,5.0625,3.5,3.875,2.5,99.2119140625,94.125,638.5,0,0,0,0,0,0,0,0,0,0,0,0,0,0,182.88,195.58,170.0,0.5390625,0.0078125,0.3653515625,0.396796875,0.0,0.7137890625000001,0.34765625,0.0,0.25,0.0625,176.69140625,62.015625,115.68359375,49.63671875,182.69921875,67.82421875,128.375,60.19140625,0.76171875,0.0,3.05078125,2.47265625,156.984375,46.95703125,80.2734375,25.4765625,11.9765625,8.3671875,28.53515625,19.25,7.73046875,6.69140625,6.875,4.91015625,158.03125,50.37109375,108.34375,45.04296875,10.1953125,7.10546875,6.015625,3.5390625,8.46484375,4.5390625,1.32421875,1.0546875,33.6875,115.01953125,702.15625,22,0,2,0,3,6,3,0,0,1,3,1,1,0,180.34,182.88,170.0,25.0,29.0,0,0,0,0,0,0,0,0,0,1,0,0,0,0,0,1,0,0,0,0,1,0,0,0
Red,False,0.5,0.5,0.4325,0.3674999999999999,0.25,0.375,0.0,0.5,0.25,0.5,106.0,45.5,117.25,37.5,116.0,53.75,124.25,44.0,1.0,0.5,2.25,1.5,79.0,26.75,89.0,15.25,16.0,11.5,21.75,16.25,11.0,7.25,6.5,6.0,82.25,26.0,96.25,22.5,6.0,5.5,18.0,12.75,17.75,14.0,3.0,2.25,187.0,126.25,867.0,9,0,0,1,2,2,1,0,0,0,1,1,0,0,172.72,177.8,135.0,0.125,0.125,0.38,0.485,0.125,0.2125,0.0,1.375,0.0,0.0,131.375,51.75,126.375,61.875,141.25,61.375,155.5,89.0,0.625,0.125,3.75,1.125,115.375,42.125,87.25,33.875,14.875,8.75,19.5,13.75,1.125,0.875,19.625,14.25,126.75,50.625,97.5,39.5,3.875,1.0,12.375,9.25,0.75,0.125,16.5,13.125,80.5,195.125,842.5,12,0,1,0,1,2,2,0,0,1,1,0,0,0,172.72,190.5,135.0,25.0,32.0,1,0,0,0,0,0,0,0,0,0,0,0,0,0,0,0,0,1,0,0,0,0,1,0
Blue,False,0.0,0.5,0.41,0.39,0.5,0.45,0.0,1.0,0.0,0.0,139.0,69.0,127.0,56.0,166.5,94.5,134.0,61.5,1.5,0.5,3.5,1.5,110.0,48.0,107.5,41.5,21.5,15.0,11.0,8.0,7.5,6.0,8.5,6.5,124.5,56.5,114.5,45.5,14.5,12.5,9.0,8.5,0.0,0.0,3.5,2.0,54.5,68.5,555.5,4,0,0,1,1,1,1,0,0,0,1,0,0,0,175.26,175.26,135.0,0.0,0.0,0.47,0.19,0.5,0.16,0.0,0.0,1.0,0.0,65.0,31.0,57.0,11.0,104.0,63.0,75.0,26.0,2.0,1.0,6.0,1.0,62.0,29.0,42.0,4.0,3.0,2.0,15.0,7.0,0.0,0.0,0.0,0.0,53.0,20.0,53.0,9.0,7.0,7.0,4.0,2.0,5.0,4.0,0.0,0.0,172.0,511.0,900.0,3,0,1,0,1,1,0,0,0,1,0,0,0,0,170.18,167.64,135.0,26.0,25.0,1,0,0,0,0,0,0,0,0,0,0,0,0,0,0,0,0,0,1,0,1,0,0,0
Blue,False,0.015625,0.0,0.45,0.4275,0.25,0.2,0.148468017578125,0.098388671875,0.0,0.0,66.5,29.6875,64.31230545043945,27.34375,89.75,48.0,85.53125,44.41152191162109,2.0,0.75,2.0546875,0.75,51.1875,18.3359375,49.6123046875,16.280410766601562,7.5,5.07647705078125,7.5,5.0,4.5,3.625,4.984375,3.9375,48.6875,17.0,47.11572265625,16.5,5.75,3.75,5.3125,3.4375,5.0625,3.5,3.875,2.5,99.2119140625,94.125,638.5,0,0,0,0,0,0,0,0,0,0,0,0,0,0,177.8,182.88,145.0,0.0471682548522949,0.0,0.45,0.4217682266235352,0.25,0.19173828125,0.1875,0.125,0.0,0.0,69.5,30.5,66.984375,27.8466796875,94.0,48.544921875,88.50390625,44.75,2.0,0.8125,2.015625,0.6640625,54.0,19.01513671875,51.483436584472656,16.9437255859375,7.91796875,5.430633544921875,7.75,5.0625,4.780975341796875,3.9373779296875,4.8994140625,3.84375,51.025390625,18.400863647460938,50.515625,17.5,5.75,3.75,5.5,3.5,5.375,3.6875,4.0,2.65625,104.865234375,89.5,655.8441009521484,0,0,0,0,0,0,0,0,0,0,0,0,0,0,177.8,177.8,145.0,23.0,25.0,0,0,1,0,0,0,0,0,0,0,0,0,0,0,0,0,0,0,1,0,1,0,0,0
Red,False,0.3813457489013672,0.54150390625,0.5749666023254395,0.3957508087158203,0.0049591064453125,0.0006848144531249,0.001953125,0.001953125,0.0,0.0,46.81778526306152,23.070844650268555,42.08317756652832,14.381237030029297,48.44191932678223,24.5565128326416,43.05742835998535,14.795917510986328,0.07000732421875,0.005035400390625,0.1211433410644531,0.0132598876953125,32.24071311950684,12.572010040283203,34.40143966674805,8.778303146362305,10.81201171875,7.12541389465332,3.834583282470703,2.599674224853516,3.765060424804688,3.3734207153320312,3.8471546173095694,3.003259658813477,38.14047813415527,19.32134437561035,35.95291519165039,10.834192276000977,3.0161380767822266,1.5945510864257812,1.8719615936279297,1.2184314727783203,5.661169052124023,2.154949188232422,4.25830078125,2.32861328125,9.218530654907228,15.423992156982422,332.7881679534912,52,5,9,0,9,15,5,0,0,0,5,10,0,0,193.04,195.58,238.0,0.015625,0.15625,0.54388671875,0.4010546874999999,0.763203125,0.001953125,0.0,0.125,0.0,0.0,40.634765625,23.60546875,12.478515625,5.544921875,75.62109375,51.0078125,16.392578125,9.3203125,6.4140625,4.919921875,0.013671875,0.005859375,34.927734375,18.548828125,10.982421875,4.638671875,2.0,1.48046875,1.1484375,0.58984375,3.70703125,3.576171875,0.34765625,0.31640625,13.939453125,4.400390625,10.537109375,3.890625,1.81640625,1.380859375,1.02734375,0.931640625,24.87890625,17.82421875,0.9140625,0.72265625,412.755859375,1.673828125,544.9140625,23,0,0,1,4,7,3,0,0,0,3,3,0,1,193.04,203.2,265.0,35.0,28.0,0,0,0,0,1,0,0,0,0,0,0,0,0,0,0,1,0,0,0,0,1,0,0,0
Red,False,0.125,0.0,0.3603125,0.580625,0.1,0.279375,0.5625,2.125,0.3125,0.0,95.40625,33.8125,64.125,33.4375,112.625,47.9375,85.125,53.15625,2.8125,0.5,1.4375,0.90625,79.46875,22.96875,40.59375,16.9375,7.40625,4.625,13.53125,8.34375,8.53125,6.21875,10.0,8.15625,80.09375,22.625,46.25,20.4375,7.59375,5.28125,13.78125,10.34375,7.71875,5.90625,4.09375,2.65625,120.03125,178.0625,640.0,17,0,0,1,2,2,4,0,0,0,2,0,0,0,172.72,170.18,125.0,0.0,0.0,0.4975,0.39125,0.1625,0.225,0.125,0.25,0.5,0.5,149.75,73.375,167.0,62.75,156.5,79.25,197.25,89.75,1.875,0.5,1.75,0.75,98.75,36.25,147.125,50.125,24.5,16.875,15.25,8.25,26.5,20.25,4.625,4.375,137.75,64.75,151.75,52.875,9.0,6.125,7.0,3.625,3.0,2.5,8.25,6.25,88.0,176.0,900.0,12,0,2,0,2,2,2,0,0,0,2,0,0,0,165.1,162.56,125.0,25.0,31.0,0,0,0,0,0,0,0,0,0,0,0,0,1,0,0,1,0,0,0,0,1,0,0,0
Red,False,0.0,1.0,0.43,0.74,0.0,0.66,0.0,0.0,0.0,0.0,30.0,13.0,43.0,32.0,50.0,32.0,80.0,64.0,0.0,0.0,6.0,4.0,23.0,8.0,30.0,22.0,6.0,4.0,12.0,9.0,1.0,1.0,1.0,1.0,25.0,8.0,15.0,7.0,2.0,2.0,2.0,2.0,3.0,3.0,26.0,23.0,2.0,463.0,642.0,3,0,0,1,0,0,1,0,0,0,0,0,0,0,190.5,200.66,205.0,0.0,0.5,0.395,0.425,0.0,0.0,0.0,0.0,0.0,0.0,120.5,49.5,80.5,34.5,133.0,61.0,87.5,41.0,2.5,0.0,0.0,0.0,74.5,20.0,50.0,12.0,16.0,8.0,9.5,5.0,30.0,21.5,21.0,17.5,100.5,35.5,71.5,28.5,20.0,14.0,9.0,6.0,0.0,0.0,0.0,0.0,175.5,51.0,796.0,6,0,0,2,0,0,2,0,0,0,0,0,0,0,190.5,200.66,185.0,33.0,28.0,0,0,0,0,0,0,0,1,0,0,0,0,0,0,0,1,0,0,0,0,1,0,0,0
Blue,False,0.125,0.0,0.500625,0.358125,0.565625,0.125,0.1875,0.0,0.0,0.0,90.875,47.3125,78.0625,28.4375,150.3125,96.3125,109.9375,56.3125,3.4375,1.6875,0.75,0.25,65.1875,29.875,64.6875,19.5625,7.625,4.625,6.9375,5.1875,18.0625,12.8125,6.4375,3.6875,61.25,25.3125,64.1875,17.75,6.625,4.75,2.3125,1.875,23.0,17.25,11.5625,8.8125,287.875,22.3125,625.125,10,0,3,0,3,4,1,0,0,0,2,1,1,0,167.64,165.1,125.0,0.0,0.0,0.635,0.275,0.165,0.0,0.0,0.5,0.0,0.0,55.5,26.0,46.5,14.0,55.5,26.0,46.5,14.0,2.0,0.5,0.0,0.0,33.0,10.5,40.0,10.0,7.0,5.0,1.5,0.5,15.5,10.5,5.0,3.5,54.0,25.5,45.5,14.0,1.5,0.5,1.0,0.0,0.0,0.0,0.0,0.0,21.5,0.0,491.5,4,0,1,0,1,1,1,0,0,0,1,0,0,0,167.64,175.26,125.0,27.0,30.0,0,0,0,1,0,0,0,0,0,0,0,0,0,0,0,1,0,0,0,0,1,0,0,0
Red,False,0.0,0.0,0.4775,0.3675,0.2825,0.045,0.0,0.0,0.0,0.0,84.75,38.75,89.25,36.0,93.25,46.25,102.75,48.5,5.75,2.25,3.0,0.5,55.5,18.25,73.25,25.75,6.25,4.25,11.25,6.25,23.0,16.25,4.75,4.0,65.0,27.25,84.0,31.5,14.0,7.75,3.5,2.75,5.75,3.75,1.75,1.75,145.0,43.0,723.25,7,0,1,0,1,1,2,0,0,0,0,1,0,0,182.88,193.04,205.0,0.0471682548522949,0.0,0.45,0.4217682266235352,0.25,0.19173828125,0.1875,0.125,0.0,0.0,69.5,30.5,66.984375,27.8466796875,94.0,48.544921875,88.50390625,44.75,2.0,0.8125,2.015625,0.6640625,54.0,19.01513671875,51.483436584472656,16.9437255859375,7.91796875,5.430633544921875,7.75,5.0625,4.780975341796875,3.9373779296875,4.8994140625,3.84375,51.025390625,18.400863647460938,50.515625,17.5,5.75,3.75,5.5,3.5,5.375,3.6875,4.0,2.65625,104.865234375,89.5,655.8441009521484,0,0,0,0,0,0,0,0,0,0,0,0,0,0,193.04,200.66,205.0,27.0,28.0,0,0,0,0,0,1,0,0,0,0,0,0,0,0,0,1,0,0,0,0,0,0,1,0
Blue,False,0.00048828125,0.0,0.56767578125,0.49111328125,0.69428955078125,0.32205078125,0.330810546875,0.58203125,0.5009765625,0.26953125,46.325927734375,28.93408203125,19.233154296875,8.84033203125,84.116455078125,58.0244140625,34.984130859375,22.47119140625,5.18408203125,3.85400390625,1.2490234375,0.603515625,43.682861328125,26.55078125,11.928955078125,3.357177734375,2.239501953125,2.105712890625,2.983642578125,1.36083984375,0.403564453125,0.277587890625,4.320556640625,4.122314453125,11.421630859375,4.38818359375,11.35986328125,3.402099609375,5.15966796875,3.5380859375,3.455810546875,1.844970703125,29.74462890625,21.0078125,4.41748046875,3.59326171875,448.144775390625,104.136474609375,630.95947265625,27,1,2,0,3,9,4,0,0,0,3,0,6,0,185.42,190.5,170.0,0.000199556350708,7.450580596923828e-09,0.5103126990050078,0.4159747160226106,0.1848159785568714,0.3573020679503679,0.5236217156052589,3.874301910400391e-06,0.3750000074505806,1.4901161193847656e-08,150.53017480671406,76.6140957698226,187.75807081907988,81.26313696056604,185.94751989096403,110.34684216976166,222.42939963191748,109.61083374917509,5.034983806312084,1.2628750503063202,12.398734852671623,4.947671182453632,104.46661768853664,40.22314527630806,159.16132341325283,59.50694630295038,25.62053924798965,19.336476013064384,21.88710786402225,15.257788725197315,20.44301787018776,17.054474480450153,6.709639541804791,6.498401932418346,133.1493479013443,61.74836028367281,157.9868290424347,59.57564278692007,13.161959156394005,11.233763068914412,17.764038048684597,13.743447504937649,4.218867748975754,3.6319724172353753,12.007203727960588,7.944046668708324,161.01609773933887,544.7603668645024,1377.817717991769,83,4,0,2,5,18,10,0,0,0,10,4,4,0,172.72,177.8,155.0,32.0,35.0,0,0,0,0,0,0,0,0,0,1,0,0,0,0,0,0,0,1,0,0,0,0,1,0
Red,False,0.0,0.0,0.475,0.5800000000000001,0.31,0.53,0.0,0.5,0.0,1.5,46.5,22.0,48.5,30.0,96.0,60.0,92.5,68.5,8.0,2.5,7.0,4.0,33.5,13.0,33.0,18.0,8.5,6.0,12.0,9.0,4.5,3.0,3.5,3.0,26.5,10.5,35.0,19.0,11.5,7.5,11.5,9.5,8.5,4.0,2.0,1.5,325.0,383.0,900.0,6,0,0,1,1,1,1,0,0,1,0,0,0,0,172.72,175.26,135.0,0.0,0.0,0.56,0.5075,0.625,0.5875,0.25,0.0,0.5,0.0,81.0,45.0,46.75,22.75,142.5,97.75,57.75,33.0,2.5,2.0,5.75,2.25,60.75,27.25,25.0,4.75,14.0,12.25,8.75,6.0,6.25,5.5,13.0,12.0,58.5,26.5,42.5,19.0,13.0,9.75,4.0,3.75,9.5,8.75,0.25,0.0,247.25,88.0,700.0,7,0,0,1,2,2,1,0,0,0,1,0,1,0,177.8,190.5,135.0,25.0,27.0,1,0,0,0,0,0,0,0,0,0,0,0,0,0,0,1,0,0,0,0,0,0,1,0
Red,False,0.125244140625,0.5019631385803223,0.4719853711128234,0.5510502123832703,0.3742583036422729,0.034475290775299,0.4395263195037842,0.5369250774383545,0.03125,0.5009920597076416,80.96832227706909,41.89393663406372,79.41253280639648,41.0482816696167,88.77140855789185,48.69337487220764,92.41377639770508,53.01404619216919,7.895493984222412,2.561129570007324,0.2462060451507568,0.1552059650421142,61.3988995552063,26.07412600517273,59.49166989326477,26.829647541046143,12.016778230667114,9.096187114715576,16.514463186264038,10.985095500946043,7.552644491195679,6.723623514175415,3.406399726867676,3.233538627624512,62.43014979362488,26.666768074035645,61.669612407684326,27.447201251983643,10.869479894638062,8.963659763336182,11.383445978164673,7.309486865997314,7.668692588806152,6.263508796691895,6.359474420547485,6.291593551635742,188.4655725955963,68.31263732910156,582.3476409912109,61,0,1,0,4,14,9,0,0,2,7,3,2,0,172.72,172.72,145.0,0.28125,0.0,0.433125,0.2653125,0.3203125,0.09875,0.21875,0.1875,0.0,0.0625,144.125,67.5625,96.34375,24.4375,150.96875,72.96875,110.625,36.0,1.625,0.84375,4.375,1.0625,112.25,42.8125,78.59375,14.46875,20.0,17.0625,8.0625,3.34375,11.875,7.6875,9.6875,6.625,139.0625,65.4375,92.96875,22.59375,1.40625,0.34375,2.0625,1.03125,3.65625,1.78125,1.3125,0.8125,75.71875,89.40625,876.40625,18,0,6,0,6,6,0,0,0,1,3,0,2,0,172.72,177.8,145.0,35.0,26.0,0,0,1,0,0,0,0,0,0,0,0,0,0,0,0,1,0,0,0,0,0,0,1,0
Red,False,0.0,0.0,0.57984375,0.5475000000000001,0.4396875,0.249375,0.125,0.125,0.25,0.0,56.671875,33.625,52.734375,29.546875,117.546875,78.375,114.078125,78.390625,2.6875,1.328125,4.21875,1.0625,46.28125,24.21875,28.34375,8.9375,8.921875,8.109375,19.875,17.40625,1.46875,1.296875,4.515625,3.203125,18.1875,5.75,27.78125,10.28125,16.734375,11.671875,22.015625,17.078125,21.75,16.203125,2.9375,2.1875,393.4375,358.21875,878.984375,19,0,0,1,2,4,3,0,0,0,4,0,0,0,170.18,165.1,135.0,0.0078125,0.017578125,0.3238867187499999,0.5660937500000001,0.4580078125,0.25,0.21875,1.09375,0.0,0.0078125,46.033203125,14.673828125,29.033203125,18.205078125,86.01171875,52.01171875,46.93359375,33.25390625,4.3671875,1.71875,0.25,0.25,39.875,10.767578125,27.6640625,17.404296875,4.193359375,2.22265625,1.0234375,0.455078125,1.96484375,1.68359375,0.345703125,0.345703125,29.15234375,4.494140625,15.890625,6.822265625,5.27734375,4.177734375,4.736328125,4.0703125,11.603515625,6.001953125,8.40625,7.3125,266.521484375,56.478515625,479.734375,19,1,1,0,3,5,5,0,0,1,1,1,2,0,167.64,167.64,135.0,37.0,39.0,0,0,0,0,0,0,0,0,0,0,1,0,0,0,0,1,0,0,0,0,1,0,0,0
Blue,False,0.00244140625,0.0,0.483857421875,0.3579833984375,0.12546875,0.321875,0.25,0.0634765625,0.00048828125,0.0,170.86865234375,85.3330078125,212.00244140625,73.74169921875,173.57470703125,88.0166015625,222.44189453125,83.0693359375,1.19189453125,0.30078125,1.4560546875,0.3623046875,129.89990234375,55.23046875,165.44921875,43.54150390625,36.43603515625,26.75927734375,26.3505859375,13.71240234375,4.53271484375,3.34326171875,20.20263671875,16.48779296875,140.83056640625,61.4013671875,188.66552734375,61.1728515625,29.30078125,23.20556640625,21.9912109375,11.248046875,0.7373046875,0.72607421875,1.345703125,1.32080078125,50.013671875,65.4970703125,767.5341796875,32,0,1,0,1,5,7,0,0,0,4,0,0,1,160.02,162.56,115.0,0.25,0.0,0.4649999999999999,0.4499999999999999,0.5,0.235,0.5,0.0,0.0,0.0,138.0,62.0,132.75,57.75,171.0,93.75,164.25,85.25,0.5,0.5,5.25,1.75,90.25,27.25,101.75,33.25,26.0,18.5,24.25,18.0,21.75,16.25,6.75,6.5,118.25,48.25,107.0,39.25,16.0,11.5,15.25,10.75,3.75,2.25,10.5,7.75,82.0,150.75,780.25,8,0,0,1,2,2,1,0,0,1,1,0,0,0,154.94,157.48,115.0,35.0,27.0,0,0,0,0,0,0,0,0,0,0,0,0,0,1,0,1,0,0,0,0,1,0,0,0
Red,False,0.015625,0.0,0.45,0.4275,0.25,0.2,0.148468017578125,0.098388671875,0.0,0.0,66.5,29.6875,64.31230545043945,27.34375,89.75,48.0,85.53125,44.41152191162109,2.0,0.75,2.0546875,0.75,51.1875,18.3359375,49.6123046875,16.280410766601562,7.5,5.07647705078125,7.5,5.0,4.5,3.625,4.984375,3.9375,48.6875,17.0,47.11572265625,16.5,5.75,3.75,5.3125,3.4375,5.0625,3.5,3.875,2.5,99.2119140625,94.125,638.5,0,0,0,0,0,0,0,0,0,0,0,0,0,0,165.1,175.26,135.0,0.0,1.5,0.375,0.4206249999999999,0.133125,0.0825,0.1875,0.5,0.0,0.25,118.875,49.9375,175.6875,85.8125,146.0,73.8125,209.4375,116.875,5.5,1.125,4.375,0.75,108.125,42.4375,126.125,52.4375,8.5625,6.3125,29.4375,18.0625,2.1875,1.1875,20.125,15.3125,105.8125,39.75,126.8125,56.4375,8.3125,6.5,24.75,16.0625,4.75,3.6875,24.125,13.3125,211.3125,156.5625,791.25,13,0,3,0,3,3,2,0,0,0,2,0,1,0,170.18,180.34,135.0,28.0,27.0,1,0,0,0,0,0,0,0,0,0,0,0,0,0,0,1,0,0,0,0,1,0,0,0
Red,False,0.015625,0.0,0.45,0.4275,0.25,0.2,0.148468017578125,0.098388671875,0.0,0.0,66.5,29.6875,64.31230545043945,27.34375,89.75,48.0,85.53125,44.41152191162109,2.0,0.75,2.0546875,0.75,51.1875,18.3359375,49.6123046875,16.280410766601562,7.5,5.07647705078125,7.5,5.0,4.5,3.625,4.984375,3.9375,48.6875,17.0,47.11572265625,16.5,5.75,3.75,5.3125,3.4375,5.0625,3.5,3.875,2.5,99.2119140625,94.125,638.5,0,0,0,0,0,0,0,0,0,0,0,0,0,0,175.26,182.88,145.0,0.0471682548522949,0.0,0.45,0.4217682266235352,0.25,0.19173828125,0.1875,0.125,0.0,0.0,69.5,30.5,66.984375,27.8466796875,94.0,48.544921875,88.50390625,44.75,2.0,0.8125,2.015625,0.6640625,54.0,19.01513671875,51.483436584472656,16.9437255859375,7.91796875,5.430633544921875,7.75,5.0625,4.780975341796875,3.9373779296875,4.8994140625,3.84375,51.025390625,18.400863647460938,50.515625,17.5,5.75,3.75,5.5,3.5,5.375,3.6875,4.0,2.65625,104.865234375,89.5,655.8441009521484,0,0,0,0,0,0,0,0,0,0,0,0,0,0,175.26,185.42,145.0,31.0,31.0,0,0,1,0,0,0,0,0,0,0,0,0,0,0,0,1,0,0,0,0,1,0,0,0
Blue,False,0.06640625,0.03125,0.3570703125,0.3380859375,0.06640625,0.074609375,0.38671875,0.0,0.03515625,0.0,257.1015625,86.4453125,128.51953125,41.484375,264.48828125,93.15625,129.5625,42.20703125,1.69921875,0.25390625,4.28125,0.8125,214.296875,60.79296875,110.41015625,31.73046875,34.60546875,18.73828125,13.28515625,6.078125,8.19921875,6.9140625,4.82421875,3.67578125,243.02734375,77.0859375,124.32421875,39.24609375,5.87109375,3.91015625,2.95703125,1.8203125,8.203125,5.44921875,1.23828125,0.41796875,48.87890625,24.37890625,770.68359375,19,0,2,0,5,7,2,0,0,0,3,3,1,0,175.26,187.96,155.0,0.375091552734375,0.5078125,0.5174781799316406,0.5191413879394531,0.0390725708007812,0.5605619812011718,0.7542877197265625,0.0,1.082275390625,0.500030517578125,99.61367797851562,51.80622863769531,160.445068359375,87.28704833984375,111.51741027832033,62.03950500488281,214.4610595703125,134.133056640625,0.0846099853515625,0.046966552734375,1.2056884765625,0.8387451171875,75.72947692871094,34.59205627441406,126.49810791015624,64.73506164550781,12.183929443359377,8.849868774414062,22.0045166015625,14.053268432617188,11.700271606445312,8.364303588867188,11.94244384765625,8.49871826171875,81.44993591308594,38.11912536621094,110.62930297851562,53.206878662109375,14.1434326171875,10.475921630859377,33.3157958984375,22.77720642089844,4.020309448242188,3.211181640625,16.499969482421875,11.302963256835938,75.451171875,206.35623168945312,745.8288269042969,43,4,0,1,5,9,8,0,0,1,1,3,4,0,177.8,182.88,155.0,34.0,32.0,0,0,0,0,0,0,1,0,0,0,0,0,0,0,0,1,0,0,0,0,1,0,0,0
Blue,False,0.0,1.0,0.47,0.41,0.36,1.0,0.0,0.0,1.0,1.0,63.0,30.0,82.0,34.0,90.0,53.0,120.0,70.0,11.0,4.0,1.0,1.0,56.0,24.0,69.0,28.0,5.0,4.0,12.0,6.0,2.0,2.0,1.0,0.0,39.0,9.0,55.0,18.0,4.0,4.0,2.0,2.0,20.0,17.0,25.0,14.0,239.0,384.0,900.0,3,0,0,1,0,0,1,0,0,0,0,0,0,0,167.64,170.18,125.0,0.0009765625,0.0,0.5637792968750001,0.539111328125,0.51939453125,0.17271484375,0.63671875,0.8515625,0.6875,0.3056640625,35.927734375,21.7607421875,18.005859375,9.046875,60.4990234375,43.345703125,22.2177734375,13.0615234375,3.1005859375,1.6904296875,1.2861328125,0.443359375,20.1494140625,11.001953125,16.1162109375,7.548828125,5.0908203125,2.173828125,1.2724609375,1.013671875,10.6875,8.5849609375,0.6171875,0.484375,22.7626953125,13.357421875,13.7763671875,6.150390625,6.9248046875,4.31640625,2.451171875,1.515625,6.240234375,4.0869140625,1.7783203125,1.380859375,126.013671875,63.1337890625,326.53125,28,1,0,1,2,4,7,0,0,0,3,0,1,0,170.18,167.64,125.0,27.0,33.0,0,0,0,1,0,0,0,0,0,0,0,0,0,0,0,1,0,0,0,0,0,0,1,0
Red,False,0.5,0.5,0.41875,0.435,0.0,0.0625,0.125,0.0,0.0,0.0,53.75,23.125,47.375,23.0,54.875,24.125,50.0,24.875,0.0,0.0,0.375,0.125,35.375,10.75,38.875,17.75,6.5,4.125,5.125,3.125,11.875,8.25,3.375,2.125,46.875,19.5,35.875,15.5,5.125,3.125,5.5,3.5,1.75,0.5,6.0,4.0,11.375,29.375,249.25,6,0,3,0,3,3,1,0,0,1,0,1,1,0,200.66,203.2,258.0,0.017578125,0.796875,0.4095703125,0.59830078125,0.03943359375,0.12109375,0.236328125,0.0,0.00390625,0.0078125,24.076171875,13.021484375,20.7109375,12.595703125,36.712890625,24.763671875,21.990234375,13.8515625,0.91015625,0.189453125,0.466796875,0.21484375,15.466796875,5.697265625,16.5078125,8.912109375,7.201171875,6.826171875,3.35546875,2.9609375,1.408203125,0.498046875,0.84765625,0.72265625,15.13671875,5.7890625,12.455078125,4.779296875,8.654296875,6.990234375,3.962890625,3.60546875,0.28515625,0.2421875,4.29296875,4.2109375,33.2890625,25.984375,143.279296875,14,0,2,0,2,6,4,0,0,0,0,1,5,0,187.96,203.2,240.0,33.0,42.0,0,0,0,0,1,0,0,0,0,0,0,0,0,0,0,1,0,0,0,0,1,0,0,0
Red,False,0.0,0.0,0.357978515625,0.34474609375,0.18666015625,0.120087890625,0.2314453125,0.0078125,0.0,0.03125,120.41796875,43.03515625,160.0078125,55.431640625,163.041015625,77.5712890625,192.6142578125,85.7060546875,6.32421875,0.8017578125,1.0419921875,0.5048828125,93.9150390625,25.236328125,115.236328125,30.9013671875,17.6533203125,9.8486328125,27.9267578125,14.3291015625,8.849609375,7.9501953125,16.8447265625,10.201171875,108.6103515625,33.19140625,144.19921875,43.3427734375,8.365234375,6.736328125,13.8056640625,10.462890625,3.4423828125,3.107421875,2.0029296875,1.6259765625,309.83984375,84.7099609375,953.466796875,32,1,1,0,4,7,4,0,0,2,3,0,2,0,170.18,170.18,135.0,0.06640625,0.5,0.6322265625000001,0.4584765625,0.130859375,0.00828125,0.25,0.015625,0.0,0.25,67.49609375,28.384765625,73.0,35.0546875,97.9921875,56.17578125,84.42578125,45.298828125,2.287109375,1.005859375,0.724609375,0.0625,47.998046875,14.34765625,51.03125,18.646484375,8.451171875,5.5625,15.33984375,10.966796875,11.046875,8.474609375,6.62890625,5.44140625,57.232421875,20.49609375,62.810546875,27.00390625,3.619140625,2.814453125,8.0,6.423828125,6.64453125,5.07421875,2.189453125,1.626953125,204.107421875,14.974609375,665.55859375,35,5,3,0,3,5,5,0,0,1,2,2,0,0,172.72,175.26,135.0,31.0,38.0,0,0,0,0,0,0,0,0,0,0,1,0,0,0,0,1,0,0,0,0,0,0,1,0
Red,False,0.3375281188637018,0.5063477382063866,0.3647181994398124,0.5648281051777304,0.3167276709410362,0.0312995344726368,0.0316859495360404,0.0004882817156612,0.0312539339065551,1.1920928955078125e-07,130.98889622068964,49.48454676824622,119.48542095790616,62.51239303313196,131.45203706459142,49.927826116094366,120.1229220321402,63.1175321098417,0.5227997724432498,0.3345456763636321,0.8481949751731008,0.0314990284387022,108.71270335675216,31.85229144780897,85.35158774792217,38.07826172024943,14.22925975965336,9.765422395430503,18.426068649161607,11.323830348206684,8.046933104284108,7.866832925006747,15.707764560822396,13.110300964675844,125.7007205132395,46.17404178273864,113.70614486839622,58.4878694631625,2.485382367856801,1.6411526226438582,4.22254190640524,2.9789288477040827,2.802793339593336,1.6693523628637197,1.5567341831047088,1.0455947222653776,10.635833236156031,6.163644544780254,537.5534647605382,71,1,4,0,8,23,10,0,0,0,7,10,6,0,185.42,185.42,155.0,1.1865234375,0.0,0.54384765625,0.459736328125,0.002734375,0.29890625,0.0,0.626953125,0.0625,0.0,108.947265625,59.330078125,124.029296875,63.6689453125,140.0126953125,88.7685546875,156.9404296875,93.015625,0.1943359375,0.005859375,5.32421875,1.75,83.7568359375,39.29296875,100.9423828125,47.5458984375,17.23046875,13.7802734375,18.8203125,13.8701171875,7.9599609375,6.2568359375,4.2666015625,2.2529296875,91.69140625,45.291015625,74.9228515625,29.69140625,10.611328125,9.392578125,16.3544921875,10.7900390625,6.64453125,4.646484375,32.751953125,23.1875,28.0634765625,434.89453125,899.3056640625,24,4,7,0,7,9,2,0,1,0,1,7,0,0,175.26,187.96,155.0,36.0,31.0,0,0,0,0,0,0,0,0,0,1,0,0,0,0,0,1,0,0,0,0,0,0,1,0
Red,False,0.0,0.0,0.55,0.4299999999999999,0.05,0.0,0.0,0.0,0.0,0.0,85.75,47.75,52.5,22.5,92.5,54.25,59.5,29.5,1.25,0.25,1.0,0.0,71.5,35.5,39.0,12.25,8.0,7.0,8.0,6.0,6.25,5.25,5.5,4.25,54.25,22.25,42.25,14.5,22.0,18.25,9.75,7.75,9.5,7.25,0.5,0.25,64.75,38.75,317.5,5,0,3,0,3,3,0,0,0,0,0,3,0,0,165.1,165.1,125.0,0.0,0.125,0.3021875,0.4625,0.308125,0.140625,0.03125,0.0625,0.5,0.53125,116.46875,34.875,161.28125,74.4375,173.84375,85.53125,189.875,99.125,7.0625,1.5,0.78125,0.5,107.5,30.4375,144.3125,61.53125,5.46875,2.0625,13.5625,9.5625,3.5,2.375,3.40625,3.34375,107.40625,28.1875,139.5625,58.34375,2.125,1.6875,14.21875,12.03125,6.9375,5.0,7.5,4.0625,289.9375,177.15625,894.5,19,1,0,2,1,2,4,0,0,1,0,1,0,0,170.18,175.26,125.0,21.0,37.0,0,0,0,0,0,0,0,0,0,0,0,0,1,0,0,0,0,0,1,0,1,0,0,0
Blue,False,0.75,0.0,0.47,0.415,0.0,0.0,0.0,0.0,0.0,0.0,87.25,41.0,67.75,26.75,100.25,52.75,69.0,28.0,0.75,0.0,0.0,0.0,66.5,25.0,46.25,11.0,11.75,9.25,14.75,9.25,9.0,6.75,6.75,6.5,73.25,32.0,63.25,23.25,7.5,4.75,4.5,3.5,6.5,4.25,0.0,0.0,56.0,28.75,385.5,5,0,3,0,3,3,0,0,0,0,1,2,0,0,175.26,180.34,145.0,0.541015625,0.25390625,0.36016845703125,0.5130126953125,0.11748291015625,0.0226025390624999,0.12548828125,0.009765625,0.0087890625,0.1259765625,121.912109375,46.955810546875,80.50390625,42.2998046875,125.5703125,49.593017578125,85.53173828125,47.049072265625,1.501220703125,0.67333984375,1.2861328125,0.134521484375,103.596923828125,33.881591796875,54.978515625,21.744873046875,8.657958984375,5.295166015625,12.065673828125,8.115234375,9.6572265625,7.779052734375,13.459716796875,12.439697265625,117.744140625,44.154296875,75.644775390625,39.41650390625,1.063232421875,0.44140625,1.54150390625,0.933837890625,3.104736328125,2.360107421875,3.317626953125,1.949462890625,40.634765625,40.642578125,539.4599609375,31,0,1,0,2,8,5,0,0,1,4,3,0,0,180.34,187.96,145.0,26.0,29.0,0,0,1,0,0,0,0,0,0,0,0,0,0,0,0,1,0,0,0,0,1,0,0,0
Red,False,0.015625,0.0,0.45,0.4275,0.25,0.2,0.148468017578125,0.098388671875,0.0,0.0,66.5,29.6875,64.31230545043945,27.34375,89.75,48.0,85.53125,44.41152191162109,2.0,0.75,2.0546875,0.75,51.1875,18.3359375,49.6123046875,16.280410766601562,7.5,5.07647705078125,7.5,5.0,4.5,3.625,4.984375,3.9375,48.6875,17.0,47.11572265625,16.5,5.75,3.75,5.3125,3.4375,5.0625,3.5,3.875,2.5,99.2119140625,94.125,638.5,0,0,0,0,0,0,0,0,0,0,0,0,0,0,170.18,185.42,145.0,0.0625,0.5,0.504375,0.5271874999999999,0.1440625,0.0375,0.09375,0.8125,0.0625,0.0,74.78125,32.5625,103.09375,48.21875,87.03125,43.4375,113.875,56.34375,2.65625,0.46875,0.90625,0.09375,59.21875,23.03125,76.0,30.9375,8.78125,3.71875,20.46875,12.8125,6.78125,5.8125,6.625,4.46875,70.0,28.53125,92.4375,40.6875,2.90625,2.34375,6.65625,5.03125,1.875,1.6875,4.0,2.5,65.5625,48.375,427.125,12,0,1,0,2,3,3,0,0,0,1,1,1,0,167.64,167.64,145.0,28.0,33.0,1,0,0,0,0,0,0,0,0,0,0,0,0,0,0,0,0,1,0,0,0,0,0,1
Red,False,1.0,0.0,0.4975,0.25125,0.125,0.0375,0.0,0.125,0.0,0.0,117.125,56.5,137.625,35.625,127.25,65.625,149.125,44.875,0.625,0.125,1.75,0.375,101.125,45.625,115.25,19.625,12.0,7.5,14.75,9.125,4.0,3.375,7.625,6.875,89.75,39.375,136.25,35.0,7.75,5.25,0.375,0.125,19.625,11.875,1.0,0.5,59.625,55.625,618.0,11,0,0,1,3,3,1,0,0,0,2,1,0,0,177.8,182.88,155.0,0.5546875,0.0,0.5376806640625,0.43384033203125,0.1263671875,0.16463134765625,0.00048828125,0.3935546875,0.0,0.078125,67.972900390625,33.50390625,48.602294921875,23.558349609375,81.44287109375,44.94775390625,53.46923828125,28.1533203125,0.722412109375,0.26953125,2.119873046875,0.69775390625,54.204345703125,23.550537109375,38.4560546875,15.16796875,8.764892578125,5.86767578125,7.492919921875,6.076171875,5.003662109375,4.085693359375,2.6533203125,2.314208984375,55.746337890625,22.81689453125,40.090576171875,17.39599609375,6.217041015625,5.552490234375,4.453125,3.181884765625,6.009521484375,5.134521484375,4.05859375,2.98046875,82.398193359375,93.348388671875,366.0927734375,26,0,0,2,3,7,6,0,0,0,3,3,1,0,172.72,177.8,155.0,24.0,31.0,0,0,0,0,0,0,1,0,0,0,0,0,0,0,0,0,0,1,0,0,0,0,1,0
Red,False,0.0,0.75,0.1975,0.72,0.0625,0.1875,0.0625,0.0,0.0,0.0,39.3125,14.75,61.5625,38.125,43.75,19.125,105.0,78.0625,0.3125,0.0625,1.0625,0.75,38.4375,14.5,49.375,30.25,0.375,0.25,5.1875,2.8125,0.5,0.0,7.0,5.0625,39.0,14.5,33.6875,16.4375,0.25,0.1875,1.375,0.6875,0.0625,0.0625,26.5,21.0,4.6875,187.625,409.75,11,0,3,0,3,3,2,0,0,1,1,0,1,0,193.04,203.2,205.0,0.0471682548522949,0.0,0.45,0.4217682266235352,0.25,0.19173828125,0.1875,0.125,0.0,0.0,69.5,30.5,66.984375,27.8466796875,94.0,48.544921875,88.50390625,44.75,2.0,0.8125,2.015625,0.6640625,54.0,19.01513671875,51.483436584472656,16.9437255859375,7.91796875,5.430633544921875,7.75,5.0625,4.780975341796875,3.9373779296875,4.8994140625,3.84375,51.025390625,18.400863647460938,50.515625,17.5,5.75,3.75,5.5,3.5,5.375,3.6875,4.0,2.65625,104.865234375,89.5,655.8441009521484,0,0,0,0,0,0,0,0,0,0,0,0,0,0,185.42,187.96,205.0,31.0,24.0,0,0,0,0,0,1,0,0,0,0,0,0,0,0,0,1,0,0,0,0,1,0,0,0
Red,False,0.0,0.0,0.409375,0.3909375,0.2625,0.545625,0.0,0.0,0.0,0.0,131.1875,55.65625,137.3125,53.5,138.9375,62.96875,150.21875,65.21875,1.4375,0.5625,1.375,0.75,118.0625,45.3125,106.3125,31.96875,8.34375,6.71875,17.71875,9.96875,4.78125,3.625,13.28125,11.5625,120.96875,49.71875,127.15625,46.0625,9.25,5.3125,9.125,6.6875,0.96875,0.625,1.03125,0.75,118.8125,32.0625,795.25,17,0,0,1,3,4,2,0,0,0,4,0,0,0,165.1,170.18,125.0,0.0,0.0,0.535,0.31,0.5,0.055,0.0,0.0,0.0,0.0,157.5,86.0,144.5,44.5,203.5,121.5,192.0,88.0,2.0,2.0,4.5,0.5,92.5,35.0,112.5,23.0,42.5,34.5,23.0,14.5,22.5,16.5,9.0,7.0,111.5,52.5,122.5,30.5,30.0,20.0,16.0,9.5,16.0,13.5,6.0,4.5,324.5,214.0,900.0,6,0,0,1,1,1,1,0,0,0,1,0,0,0,170.18,177.8,135.0,27.0,22.0,0,0,0,0,0,0,0,0,0,0,0,0,1,0,0,0,0,1,0,0,1,0,0,0
Blue,False,0.0,0.0,0.37,0.54,0.0,1.0,0.0,0.0,0.0,0.0,146.0,55.0,144.0,78.0,146.0,55.0,152.0,85.0,0.0,0.0,4.0,4.0,79.0,11.0,119.0,56.0,29.0,14.0,17.0,15.0,38.0,30.0,8.0,7.0,143.0,54.0,123.0,61.0,3.0,1.0,7.0,7.0,0.0,0.0,14.0,10.0,0.0,121.0,900.0,3,0,0,1,0,0,1,0,0,0,0,0,0,0,175.26,175.26,145.0,0.25,0.5,0.550625,0.38625,0.05,0.225,0.0,0.0,0.0,0.25,82.9375,43.5,121.0625,53.0,86.4375,46.75,126.5625,57.125,1.25,0.25,1.5625,0.75,63.875,29.4375,95.6875,35.125,8.3125,5.5625,13.3125,10.375,10.75,8.5,12.0625,7.5,73.125,35.875,107.5625,42.0,8.3125,6.3125,8.25,7.25,1.5,1.3125,5.25,3.75,18.1875,57.75,480.1875,8,0,3,0,3,3,2,0,0,0,0,3,0,0,177.8,177.8,145.0,24.0,28.0,0,0,1,0,0,0,0,0,0,0,0,0,0,0,0,0,0,0,1,0,1,0,0,0
Red,False,0.875,0.25,0.4375,0.59375,0.09375,0.0175,0.0,0.0,0.0,0.0,51.5,27.5,19.375,10.25,77.25,51.5,24.375,15.0,0.75,0.375,2.375,0.25,38.0,17.25,15.375,7.5,5.125,4.375,0.75,0.0,8.375,5.875,3.25,2.75,31.5,12.25,14.625,6.0,3.75,3.0,2.5,2.25,16.25,12.25,2.25,2.0,111.125,24.5,309.75,8,0,4,0,4,4,0,0,0,0,2,2,0,0,193.04,198.12,205.0,1.015625,0.0,0.4490625,0.36796875,0.16,0.1825,0.0,0.3125,0.0,0.0,120.421875,54.484375,82.0625,31.265625,142.171875,75.59375,87.609375,36.8125,1.890625,0.375,3.625,0.75,98.234375,36.625,64.828125,20.0625,11.359375,8.734375,12.890625,7.359375,10.828125,9.125,4.34375,3.84375,97.640625,39.9375,75.5,27.46875,15.03125,9.109375,6.0,3.359375,7.75,5.4375,0.5625,0.4375,74.59375,51.640625,660.8125,15,1,3,0,3,4,3,0,0,1,0,3,0,0,187.96,190.5,205.0,27.0,30.0,0,0,0,0,0,1,0,0,0,0,0,0,0,0,0,1,0,0,0,0,1,0,0,0
Blue,False,0.640625,0.25,0.5278125,0.21890625,0.0390625,0.051875,0.109375,0.0,0.0,0.0625,107.21875,45.5625,84.28125,36.234375,114.203125,51.984375,88.640625,40.375,1.53125,0.140625,1.890625,0.3125,99.1875,40.34375,61.46875,19.15625,4.5625,2.90625,10.984375,7.25,3.46875,2.3125,11.828125,9.828125,92.5625,34.578125,80.3125,33.671875,4.46875,3.625,3.40625,2.3125,10.1875,7.359375,0.5625,0.25,40.828125,33.21875,525.8125,18,1,3,0,3,5,2,0,0,0,0,3,2,0,170.18,182.88,145.0,0.007965087890625,0.1563262939453125,0.3988768255710602,0.3667371964454651,0.0653707844018936,6.985306739807129e-05,0.0666837692260742,0.0945594310760498,0.031257688999176,0.0,190.55643391609192,73.62552225589752,217.2971109747887,83.25925278663635,193.7173028588295,76.25456529855728,220.2586140632629,85.96387618780136,10.516023814678192,0.756976842880249,0.0142213702201843,0.000131070613861,144.3602602481842,44.49131566286087,194.1409559249878,68.02206814289093,29.32729774713516,14.128035962581636,21.28272783756256,13.493802905082704,16.868875920772552,15.006170630455015,1.873427212238312,1.7433817386627195,175.56865227222443,65.67911297082901,207.6674112081528,75.15830594301224,8.032103180885315,2.7853856682777405,7.588522553443909,6.624680995941162,6.955678462982178,5.161023616790772,2.041177213191986,1.4762658476829529,109.89242273569108,1.4614617228507996,1111.4934408068657,88,9,3,0,5,17,8,0,0,0,10,4,2,1,167.64,172.72,135.0,32.0,38.0,0,0,1,0,0,0,0,0,0,0,0,0,0,0,0,1,0,0,0,0,1,0,0,0
Red,False,0.5,0.0,0.5725,0.5225,0.0,0.4875,0.0,1.5,0.0,0.0,107.5,53.75,85.25,42.5,130.0,75.0,135.5,84.75,0.0,0.0,5.75,3.75,69.75,25.0,66.5,27.75,24.75,18.25,11.5,8.5,13.0,10.5,7.25,6.25,91.5,40.25,58.0,22.0,10.0,9.0,13.5,9.25,6.0,4.5,13.75,11.25,116.5,286.25,719.75,7,0,0,1,1,1,2,0,0,0,0,1,0,0,193.04,208.28,205.0,0.0,0.0,0.42,0.52,0.0,0.16,1.0,0.0,0.0,0.0,190.0,81.0,167.0,88.0,195.0,86.0,175.0,95.0,1.0,0.0,6.0,1.0,176.0,69.0,161.0,83.0,14.0,12.0,5.0,4.0,0.0,0.0,1.0,1.0,177.0,69.0,137.0,70.0,13.0,12.0,30.0,18.0,0.0,0.0,0.0,0.0,5.0,190.0,719.0,3,0,1,0,1,1,0,0,0,0,0,0,1,0,193.04,198.12,205.0,31.0,26.0,0,0,0,0,0,1,0,0,0,0,0,0,0,0,0,0,0,1,0,0,1,0,0,0
Red,False,0.0,0.0,0.55,0.53,0.0,0.0,0.0,0.0,0.0,0.0,9.0,5.0,43.0,23.0,10.0,6.0,66.0,44.0,0.0,0.0,0.0,0.0,5.0,1.0,38.0,18.0,3.0,3.0,4.0,4.0,1.0,1.0,1.0,1.0,7.0,3.0,36.0,19.0,2.0,2.0,7.0,4.0,0.0,0.0,0.0,0.0,34.0,57.0,134.0,1,0,0,1,0,0,1,0,0,0,0,0,0,0,172.72,182.88,145.0,0.0,0.0,0.335,0.615,0.5,0.345,0.0,1.0,0.0,0.5,77.0,24.5,70.0,43.5,126.0,68.0,116.5,85.0,2.0,1.0,14.5,5.0,61.5,15.0,54.5,31.5,13.0,8.5,9.5,7.0,2.5,1.0,6.0,5.0,60.0,11.5,37.0,15.0,14.0,10.0,11.5,10.0,3.0,3.0,21.5,18.5,25.5,532.0,848.5,6,0,0,2,0,0,2,0,0,0,0,0,0,0,182.88,187.96,145.0,27.0,27.0,0,0,1,0,0,0,0,0,0,0,0,0,0,0,0,1,0,0,0,0,1,0,0,0
Red,False,0.25,0.75,0.295,0.395,0.25,0.3425,1.0,0.5,0.25,0.0,127.5,35.25,114.75,47.0,140.25,46.5,124.75,55.25,1.25,0.25,2.25,1.0,106.75,21.5,85.75,27.25,15.25,8.75,22.25,14.75,5.5,5.0,6.75,5.0,116.0,28.25,106.25,39.5,6.75,3.75,2.0,2.0,4.75,3.25,6.5,5.5,101.25,128.5,867.0,9,0,2,0,2,2,1,0,0,1,1,0,0,0,167.64,182.88,135.0,0.75,0.25,0.4484375,0.393671875,0.621484375,0.6040625,0.4375,0.1328125,0.0703125,0.1796875,89.7265625,41.75,128.9140625,51.859375,139.90625,86.609375,154.25,73.203125,3.75,2.03125,1.2578125,0.78125,78.90625,34.2734375,91.125,25.7265625,5.3671875,3.15625,13.5234375,9.8828125,5.453125,4.3203125,24.265625,16.25,76.6875,33.0390625,111.5,41.0234375,4.671875,2.8984375,6.171875,4.0390625,8.3671875,5.8125,11.2421875,6.796875,252.4765625,43.6796875,695.765625,20,0,0,2,3,5,3,0,0,2,0,0,3,0,175.26,185.42,135.0,26.0,32.0,1,0,0,0,0,0,0,0,0,0,0,0,0,0,0,1,0,0,0,0,1,0,0,0
Red,False,0.0,0.0,0.61,0.29,0.0,0.0,0.0,0.0,0.0,0.0,151.0,93.0,108.0,32.0,151.0,93.0,108.0,32.0,0.0,0.0,0.0,0.0,86.0,33.0,83.0,20.0,27.0,25.0,16.0,6.0,38.0,35.0,9.0,6.0,151.0,93.0,108.0,32.0,0.0,0.0,0.0,0.0,0.0,0.0,0.0,0.0,0.0,0.0,900.0,3,0,1,0,1,1,0,0,0,0,1,0,0,0,187.96,190.5,255.0,0.5,0.0,0.615,0.215,0.5,0.0,1.0,0.0,0.0,0.0,95.0,54.5,81.0,19.5,100.5,59.5,87.5,24.5,2.0,1.5,1.0,0.0,62.5,28.5,63.0,9.5,22.5,17.0,6.0,3.5,10.0,9.0,12.0,6.5,73.5,41.0,77.5,18.0,15.0,11.5,3.5,1.5,6.5,2.0,0.0,0.0,85.0,1.5,569.0,4,0,2,0,2,2,0,0,0,0,0,0,2,0,193.04,205.74,245.0,28.0,29.0,0,0,0,0,1,0,0,0,0,0,0,0,0,0,0,1,0,0,0,0,1,0,0,0
Blue,False,0.015625,0.0,0.45,0.4275,0.25,0.2,0.148468017578125,0.098388671875,0.0,0.0,66.5,29.6875,64.31230545043945,27.34375,89.75,48.0,85.53125,44.41152191162109,2.0,0.75,2.0546875,0.75,51.1875,18.3359375,49.6123046875,16.280410766601562,7.5,5.07647705078125,7.5,5.0,4.5,3.625,4.984375,3.9375,48.6875,17.0,47.11572265625,16.5,5.75,3.75,5.3125,3.4375,5.0625,3.5,3.875,2.5,99.2119140625,94.125,638.5,0,0,0,0,0,0,0,0,0,0,0,0,0,0,180.34,185.42,145.0,0.0625,0.796875,0.29078125,0.4690625,0.2065625,0.265625,0.0,0.03125,0.03125,0.0625,56.359375,19.6875,79.125,36.078125,61.953125,24.984375,89.625,43.921875,1.71875,0.65625,1.125,0.5625,47.078125,13.9375,62.859375,26.671875,4.28125,2.375,5.40625,3.5,5.0,3.375,10.859375,5.90625,53.765625,17.890625,65.703125,28.109375,1.40625,1.078125,3.828125,3.390625,1.1875,0.71875,9.59375,4.578125,39.09375,161.53125,525.421875,16,0,0,2,3,3,4,0,0,1,1,1,0,0,180.34,177.8,155.0,34.0,31.0,0,0,0,0,0,0,1,0,0,0,0,0,0,0,0,1,0,0,0,0,1,0,0,0
Blue,False,0.0,0.0,0.64,0.52,1.0,0.0,0.0,0.0,0.0,0.0,106.0,68.0,192.0,101.0,108.0,70.0,207.0,114.0,1.0,1.0,0.0,0.0,76.0,43.0,157.0,74.0,19.0,14.0,26.0,20.0,11.0,11.0,9.0,7.0,91.0,55.0,115.0,46.0,15.0,13.0,75.0,54.0,0.0,0.0,2.0,1.0,34.0,88.0,473.0,2,0,0,1,0,0,1,0,0,0,0,0,0,0,162.56,165.1,115.0,0.0,0.0,0.42,0.33,0.0,0.0,0.0,0.0,0.0,0.0,143.0,61.0,166.0,55.0,162.0,77.0,170.0,58.0,0.0,0.0,0.0,0.0,91.0,31.0,102.0,20.0,12.0,8.0,34.0,20.0,40.0,22.0,30.0,15.0,117.0,47.0,145.0,43.0,26.0,14.0,21.0,12.0,0.0,0.0,0.0,0.0,5.0,90.0,900.0,3,0,1,0,1,1,0,0,0,0,1,0,0,0,170.18,172.72,125.0,32.0,27.0,0,0,0,0,0,0,0,0,0,0,0,0,0,1,0,0,0,1,0,0,1,0,0,0
Red,False,0.0,0.03125,0.3025,0.64375,0.28125,0.1053125,1.09375,0.03125,0.0,0.0,49.90625,17.1875,42.90625,15.6875,52.25,19.375,46.6875,19.4375,0.53125,0.28125,0.96875,0.1875,40.71875,11.15625,34.25,9.8125,3.28125,1.40625,2.0,1.28125,5.90625,4.625,6.65625,4.59375,47.90625,16.0625,40.25,13.34375,1.96875,1.125,1.625,1.375,0.03125,0.0,1.03125,0.96875,8.1875,43.25,275.09375,10,0,0,2,4,4,2,0,0,1,1,0,2,0,172.72,177.8,125.0,0.265625,0.5,0.49890625,0.4606249999999999,0.15203125,0.43328125,0.359375,0.0,0.1875,0.0625,101.75,44.71875,74.5,40.34375,110.25,52.0,79.765625,45.09375,5.21875,1.0625,3.53125,1.65625,81.765625,30.96875,64.21875,31.453125,10.59375,6.875,7.6875,6.75,9.390625,6.875,2.59375,2.140625,84.65625,32.828125,54.84375,28.484375,10.6875,7.3125,10.53125,6.0,6.40625,4.578125,9.125,5.859375,71.21875,90.796875,621.921875,17,0,2,0,3,5,2,0,0,1,1,1,2,0,165.1,170.18,125.0,29.0,29.0,0,0,0,1,0,0,0,0,0,0,0,0,0,0,0,1,0,0,0,0,1,0,0,0
Red,False,0.90625,0.0,0.3946874999999999,0.40625,0.03125,0.1803125,0.03125,0.28125,0.0625,0.03125,82.15625,33.625,100.0,40.03125,86.125,37.09375,116.3125,54.25,0.96875,0.03125,6.65625,1.96875,72.5,28.4375,77.09375,22.65625,6.875,3.625,13.15625,8.46875,2.78125,1.5625,9.75,8.90625,74.21875,28.75,92.25,35.28125,4.0625,2.03125,5.09375,2.84375,3.875,2.84375,2.65625,1.90625,20.71875,140.375,756.34375,14,0,0,1,1,3,3,0,0,1,0,2,0,0,165.1,172.72,125.0,0.0,0.0,0.4,0.36,0.42,0.0,0.0,0.0,0.0,0.0,89.0,36.0,230.0,85.0,133.0,63.0,269.0,119.0,7.0,3.0,1.0,0.0,88.0,35.0,202.0,74.0,1.0,1.0,17.0,6.0,0.0,0.0,11.0,5.0,86.0,33.0,202.0,68.0,0.0,0.0,11.0,5.0,3.0,3.0,17.0,12.0,171.0,6.0,900.0,3,0,1,0,1,1,0,0,0,0,1,0,0,0,165.1,167.64,135.0,30.0,28.0,1,0,0,0,0,0,0,0,0,0,0,0,0,0,0,1,0,0,0,0,1,0,0,0
Red,False,0.0,0.0,0.515,0.41,0.165,0.195,0.0,0.0,0.0,0.5,103.5,54.0,132.5,56.0,119.5,69.0,181.0,100.0,2.0,0.5,7.5,1.5,82.5,36.5,102.0,32.0,15.0,11.5,24.0,19.0,6.0,6.0,6.5,5.0,69.0,26.5,105.0,36.5,32.0,25.0,24.0,16.5,2.5,2.5,3.5,3.0,70.5,333.5,900.0,6,0,0,2,0,0,2,0,0,0,0,0,0,0,185.42,187.96,185.0,0.0,0.0,0.54,0.53,0.0,0.66,0.0,1.0,0.0,0.0,148.0,81.0,110.0,59.0,152.0,84.0,129.0,74.0,0.0,0.0,9.0,6.0,142.0,76.0,102.0,51.0,6.0,5.0,7.0,7.0,0.0,0.0,1.0,1.0,136.0,73.0,97.0,49.0,12.0,8.0,6.0,3.0,0.0,0.0,7.0,7.0,16.0,272.0,579.0,2,0,0,1,0,0,1,0,0,0,0,0,0,0,177.8,185.42,185.0,29.0,28.0,0,0,0,0,0,0,0,1,0,0,0,0,0,0,0,1,0,0,0,0,1,0,0,0
Red,False,0.5,0.0,0.635,0.305,0.045,0.0,0.0,0.0,0.0,0.0,68.5,41.0,47.5,17.0,79.0,51.5,47.5,17.0,5.5,0.5,0.5,0.0,48.0,23.0,33.5,9.5,11.0,9.5,8.0,2.5,9.5,8.5,6.0,5.0,55.0,28.5,45.5,15.5,10.0,9.5,1.0,1.0,3.5,3.0,1.0,0.5,62.5,0.0,524.0,4,0,2,0,2,2,0,0,0,1,0,1,0,0,172.72,177.8,135.0,0.75,0.0,0.5125,0.3125,0.4375,0.0825,0.75,0.0,0.0,0.0,113.75,58.75,133.0,42.0,138.0,79.5,142.5,50.5,2.0,1.25,1.0,0.25,106.0,53.25,117.75,32.75,3.75,2.75,7.0,3.0,4.0,2.75,8.25,6.25,73.75,29.0,126.0,37.25,2.75,2.5,3.5,2.0,37.25,27.25,3.5,2.75,221.0,9.5,604.75,7,0,3,0,3,3,0,0,0,0,0,2,1,0,170.18,170.18,135.0,27.0,32.0,1,0,0,0,0,0,0,0,0,0,0,0,0,0,0,1,0,0,0,0,1,0,0,0
Red,False,0.01953125,0.048828125,0.52294921875,0.45974609375,0.1896875,0.0173828125,0.0,0.625,0.0,0.125,130.7265625,67.5810546875,142.033203125,62.6162109375,148.0166015625,84.8701171875,143.810546875,64.3935546875,1.703125,0.296875,0.544921875,0.0546875,100.7783203125,43.6318359375,103.1884765625,33.7900390625,13.2939453125,9.158203125,11.3642578125,6.677734375,16.654296875,14.791015625,27.48046875,22.1484375,109.6201171875,51.0615234375,136.8798828125,59.1474609375,15.990234375,12.4169921875,4.5380859375,3.15234375,5.1162109375,4.1025390625,0.615234375,0.31640625,154.251953125,30.28515625,814.060546875,26,0,2,0,2,6,5,0,0,1,1,4,0,0,177.8,180.34,170.0,0.75,0.5,0.555,0.36875,0.25,0.0,0.125,0.0,0.0,0.5,94.625,47.375,90.25,31.75,101.125,53.875,103.0,42.25,2.0,1.0,3.0,0.0,90.25,44.125,69.0,19.125,3.625,2.5,17.875,9.5,0.75,0.75,3.375,3.125,63.5,25.25,77.75,25.5,9.875,6.5,7.5,4.25,21.25,15.625,5.0,2.0,132.125,34.125,523.375,8,0,4,0,4,4,0,0,0,0,1,2,1,0,180.34,190.5,170.0,28.0,29.0,0,0,0,0,0,0,0,0,0,1,0,0,0,0,0,1,0,0,0,0,0,0,1,0
Blue,False,0.0087890625,0.0087890625,0.337294921875,0.32423828125,0.41033203125,0.00357421875,0.0166015625,0.2724609375,0.0,0.078125,108.98046875,37.3828125,89.75390625,31.58203125,130.931640625,54.3046875,103.048828125,44.3056640625,3.0771484375,1.5341796875,0.705078125,0.01171875,89.8662109375,23.8564453125,69.5908203125,18.4228515625,11.6318359375,7.08984375,10.640625,5.55859375,7.482421875,6.4365234375,9.5224609375,7.6005859375,95.4228515625,28.900390625,82.6748046875,26.9462890625,7.4794921875,4.712890625,6.1513671875,4.0888671875,6.078125,3.76953125,0.927734375,0.546875,205.1513671875,19.3193359375,893.2802734375,27,0,1,0,2,7,4,0,0,1,4,2,0,0,182.88,185.42,185.0,0.25,0.0,0.4875,0.4449999999999999,0.285,0.3025,0.5,0.0,0.0,0.25,112.0,52.5,114.5,50.75,137.0,74.75,131.25,66.75,6.0,0.5,10.5,3.25,87.5,34.5,87.5,32.25,15.25,11.0,21.25,14.0,9.25,7.0,5.75,4.5,87.5,35.25,103.75,42.75,13.0,8.75,7.0,5.0,11.5,8.5,3.75,3.0,93.0,242.0,900.0,9,0,2,0,2,2,1,0,0,0,2,0,0,0,180.34,182.88,185.0,32.0,31.0,0,0,0,0,0,0,0,1,0,0,0,0,0,0,0,1,0,0,0,0,1,0,0,0
Red,True,0.5625,0.0,0.625,0.1734375,0.0,0.00859375,0.0,0.0,0.0,0.0,53.8125,25.328125,50.328125,16.90625,76.828125,46.453125,71.65625,32.15625,0.125,0.0,3.625,0.046875,35.484375,10.765625,31.484375,3.8125,12.5625,9.9375,9.484375,5.703125,5.765625,4.625,9.359375,7.390625,41.515625,15.453125,43.125,11.5625,11.671875,9.375,6.390625,5.125,0.625,0.5,0.8125,0.21875,27.640625,168.171875,465.5625,16,1,1,0,5,6,1,0,0,1,2,3,0,0,175.26,180.34,135.0,1.005859375,0.0,0.51931640625,0.5329345703125,0.1129248046875,0.0237890625,0.03515625,0.0029296875,0.0,0.0078125,68.84326171875,34.56640625,45.3388671875,19.28515625,74.171875,38.58740234375,50.21484375,23.751953125,1.5517578125,0.51806640625,1.4130859375,0.1357421875,44.75146484375,18.56884765625,33.25634765625,10.17724609375,11.908203125,7.94873046875,4.06103515625,2.390625,12.18359375,8.048828125,8.021484375,6.71728515625,59.150390625,27.35107421875,43.07470703125,17.71484375,5.1201171875,3.7392578125,1.71826171875,1.109375,4.57275390625,3.47607421875,0.5458984375,0.4609375,48.95703125,17.6806640625,414.3388671875,24,6,2,0,9,11,1,0,0,1,1,7,2,0,172.72,175.26,145.0,35.0,31.0,0,0,0,0,0,0,0,0,0,0,1,0,0,0,0,1,0,0,0,0,1,0,0,0
Blue,True,0.515625,0.25,0.53453125,0.4115625,0.09671875,0.2465625,0.375,0.0,0.015625,0.015625,151.421875,82.328125,80.328125,33.59375,174.28125,102.21875,87.78125,40.34375,3.78125,0.640625,2.578125,0.921875,95.5,38.78125,64.984375,23.171875,19.65625,13.515625,11.265625,7.15625,36.265625,30.03125,4.078125,3.265625,120.84375,57.375,73.8125,28.609375,21.265625,18.578125,6.046875,4.515625,9.3125,6.375,0.46875,0.46875,214.796875,26.28125,787.15625,18,0,7,0,7,7,0,0,0,0,4,3,0,0,167.64,180.34,145.0,0.0471868515014648,0.0,0.4261724472045898,0.401363935470581,0.14501953125,0.0825457286834716,0.2686767578125,2.86102294921875e-06,0.0,0.0001220703125,373.6605978012085,162.78573894500732,281.64423847198486,115.01428413391112,385.171127319336,174.07171249389648,282.6926317214966,116.0229434967041,0.1606521606445312,0.16064453125,11.07065200805664,1.0004072189331057,331.5920581817627,133.04094123840332,232.13461112976077,83.72931385040283,40.20819854736328,28.269927978515625,34.961594581604004,18.5772123336792,1.8603410720825195,1.474869728088379,14.548032760620115,12.707757949829102,357.5542993545532,149.91216468811035,269.9339485168457,108.817232131958,12.150294303894045,9.93425750732422,10.699679374694824,5.68848991394043,3.9560041427612314,2.939316749572754,1.010610580444336,0.5085620880126953,12.645180702209473,127.22730922698976,1383.4854669570925,60,6,0,1,13,17,4,0,0,1,5,8,2,1,180.34,175.26,145.0,31.0,28.0,0,0,1,0,0,0,0,0,0,0,0,0,0,0,0,1,0,0,0,0,1,0,0,0
Red,False,0.758819580078125,0.064453125,0.5718656921386719,0.4045040893554688,0.1423654174804687,0.2828465270996094,0.263580322265625,0.00048828125,0.000152587890625,0.3437652587890625,69.46157836914062,31.296676635742188,65.65083312988281,22.313400268554688,77.13783264160156,37.45408630371094,67.74806213378906,24.111785888671875,3.908843994140625,1.3985137939453125,0.9866943359375,0.5165557861328125,60.90728759765625,25.18861389160156,47.573822021484375,11.17449951171875,5.4053802490234375,3.602386474609375,5.858428955078125,2.620819091796875,3.148910522460937,2.50567626953125,12.218582153320312,8.518081665039062,48.81593322753906,14.660552978515623,61.56843566894531,19.92304992675781,3.5680084228515625,2.585845947265625,3.1715850830078125,1.8170928955078125,17.07763671875,14.050277709960938,0.9108123779296876,0.5732574462890625,105.77717590332033,28.15185546875,513.3081970214844,51,4,1,0,4,11,6,0,0,0,4,1,6,0,167.64,170.18,135.0,1.125,0.25,0.4181249999999999,0.3662499999999999,0.35875,0.07125,0.125,0.0,0.0625,0.0,165.0,65.3125,141.5,51.8125,177.5,76.125,144.625,54.875,3.3125,1.375,4.1875,0.5625,142.0,47.9375,108.0625,30.5625,19.1875,14.4375,18.375,11.125,3.8125,2.9375,15.0625,10.125,140.875,47.25,128.4375,43.0,13.125,11.0625,10.4375,6.3125,11.0,7.0,2.625,2.5,69.9375,39.5625,819.25,12,0,5,0,5,5,0,0,0,0,3,2,0,0,170.18,170.18,135.0,40.0,26.0,1,0,0,0,0,0,0,0,0,0,0,0,0,0,0,1,0,0,0,0,0,0,0,1
Red,True,0.0078125,0.0,0.349228515625,0.453955078125,0.443330078125,0.15625,0.0087890625,0.0234375,0.0,0.017578125,383.2626953125,131.208984375,159.57421875,74.7265625,420.4267578125,163.3525390625,174.1142578125,88.9248046875,15.220703125,7.7724609375,3.375,0.875,328.3388671875,89.00390625,132.2607421875,52.77734375,24.8388671875,14.8701171875,19.6630859375,14.486328125,30.0849609375,27.3349609375,7.650390625,7.462890625,354.7412109375,113.4248046875,142.1806640625,59.1279296875,26.5078125,16.4697265625,16.30859375,14.552734375,2.013671875,1.314453125,1.0849609375,1.0458984375,535.0859375,38.193359375,1341.6796875,33,1,3,0,7,10,1,0,0,0,6,2,2,0,180.34,182.88,170.0,0.171875,0.0,0.61740234375,0.5589453125,0.36857421875,0.0,0.009765625,0.6328125,0.0,0.25,188.8125,117.119140625,71.77734375,38.861328125,324.7265625,248.123046875,97.27734375,61.705078125,8.904296875,4.58203125,2.625,0.0,127.4140625,61.33203125,49.357421875,18.08203125,55.05078125,50.455078125,15.62890625,14.52734375,6.34765625,5.33203125,6.791015625,6.251953125,92.791015625,34.537109375,49.494140625,18.984375,53.115234375,48.02734375,19.966796875,17.935546875,42.90625,34.5546875,2.31640625,1.94140625,919.041015625,20.578125,1401.107421875,33,2,10,0,10,10,0,0,0,0,8,1,1,0,182.88,193.04,170.0,31.0,32.0,0,0,0,0,0,0,0,0,0,1,0,0,0,0,0,1,0,0,0,0,0,0,0,1
Red,False,0.1292724609375,0.0390625,0.427789306640625,0.47480224609375,0.0028308105468749,0.000936279296875,0.0040283203125,0.0,0.0,0.0,78.15478515625,33.6473388671875,145.5364990234375,71.8419189453125,84.0028076171875,38.9603271484375,166.6175537109375,90.1748046875,0.5733642578125,0.0093994140625,1.7244873046875,0.007080078125,62.63232421875,23.478271484375,95.32763671875,32.3543701171875,10.9083251953125,6.8157958984375,17.361572265625,12.0322265625,4.6141357421875,3.353271484375,32.8472900390625,27.455322265625,71.7249755859375,28.4420166015625,125.3951416015625,53.9522705078125,3.741455078125,3.657470703125,16.9197998046875,15.69970703125,2.6883544921875,1.5478515625,3.2215576171875,2.18994140625,9.009765625,140.4329833984375,685.214599609375,48,11,7,0,7,10,4,0,0,0,6,4,0,0,170.18,177.8,135.0,0.5,0.03125,0.4896875,0.34125,0.015625,0.140625,0.28125,0.5,0.0,0.0,76.03125,35.09375,96.96875,48.375,77.71875,36.78125,102.84375,53.25,1.125,0.03125,2.15625,0.5625,56.96875,21.75,83.875,38.21875,5.90625,4.46875,9.03125,7.15625,13.15625,8.875,4.0625,3.0,72.375,32.09375,70.15625,25.75,1.03125,1.0,11.65625,9.59375,2.625,2.0,15.15625,13.03125,21.59375,80.84375,559.3125,12,1,0,1,4,4,2,0,0,1,0,2,1,0,167.64,170.18,135.0,33.0,31.0,1,0,0,0,0,0,0,0,0,0,0,0,0,0,0,1,0,0,0,0,1,0,0,0
Blue,False,0.0,0.015625,0.35359375,0.319375,0.03125,0.0428125,0.125,0.0,0.09375,0.03125,270.328125,98.5,217.5625,68.15625,280.3125,107.953125,230.0625,79.15625,0.140625,0.046875,2.765625,0.28125,219.4375,64.703125,176.46875,45.359375,28.109375,15.59375,25.828125,10.578125,22.78125,18.203125,15.265625,12.21875,265.453125,94.5625,213.8125,65.46875,3.890625,3.265625,2.140625,1.34375,0.984375,0.671875,1.609375,1.34375,4.65625,103.140625,888.0,21,0,0,2,3,4,3,0,0,1,2,0,1,0,175.26,172.72,135.0,0.0,0.0,0.55,0.49625,0.8575,0.05,1.0,0.0,0.0,0.0,77.25,35.25,104.125,50.75,127.75,76.25,131.5,74.125,2.625,1.875,3.0,0.25,69.125,28.375,74.375,28.5,5.875,4.625,18.625,12.875,2.25,2.25,11.125,9.375,55.875,17.125,67.625,26.0,12.625,9.625,19.625,15.125,8.75,8.5,16.875,9.625,424.5,96.25,814.0,11,0,4,0,4,4,0,0,0,2,1,0,1,0,172.72,172.72,135.0,31.0,28.0,0,0,0,0,0,0,0,0,0,0,1,0,0,0,0,1,0,0,0,0,1,0,0,0
Red,False,0.75,0.25,0.44,0.2925,0.5700000000000001,0.105,0.0,0.75,0.25,0.25,183.0,81.5,161.75,50.75,205.25,100.75,165.25,54.25,2.25,1.0,6.25,0.75,147.25,55.75,138.75,37.75,18.25,11.0,13.75,7.5,17.5,14.75,9.25,5.5,153.0,64.5,156.5,48.0,2.0,1.25,2.75,1.5,28.0,15.75,2.5,1.25,157.5,68.0,900.0,9,0,3,0,3,3,0,0,0,1,2,0,0,0,162.56,175.26,125.0,0.5625,0.03125,0.3753125,0.4328125,0.675625,0.23625,0.1875,0.0,0.5625,0.5625,103.75,37.3125,109.9375,46.1875,130.46875,61.46875,130.6875,64.25,3.6875,1.6875,6.3125,2.28125,86.8125,27.4375,92.0625,34.40625,10.40625,6.03125,9.53125,5.34375,6.53125,3.84375,8.34375,6.4375,84.71875,26.65625,92.78125,32.0625,4.125,2.21875,4.4375,3.3125,14.90625,8.4375,12.71875,10.8125,272.96875,158.09375,929.21875,17,0,3,0,3,3,3,0,0,1,0,0,2,0,170.18,177.8,125.0,26.0,26.0,0,0,0,1,0,0,0,0,0,0,0,0,0,0,0,1,0,0,0,0,1,0,0,0
Red,False,0.0625228881835937,0.865264892578125,0.5003230285644531,0.5061245727539063,0.0039138793945312,0.1305194091796875,0.0012664794921875,0.2539520263671875,0.0,0.0039138793945312,57.46274566650391,28.713523864746094,48.846466064453125,22.0029296875,65.4015121459961,36.544471740722656,54.79290771484375,27.59777069091797,0.0040664672851562,0.0039138793945312,0.2833786010742187,0.2641983032226562,29.883819580078125,6.5504302978515625,43.13574981689453,18.23844146728516,19.266258239746094,14.459831237792969,3.004638671875,1.9864044189453125,8.312667846679688,7.703262329101562,2.7060775756835938,1.7780838012695312,43.02262115478516,17.453903198242188,30.754844665527344,10.044929504394531,13.989753723144531,11.034347534179688,7.039970397949219,4.123420715332031,0.4503707885742187,0.2252731323242187,11.051651000976562,7.834579467773437,12.997413635253906,77.6375961303711,324.0712432861328,35,0,3,0,3,9,9,0,0,1,2,3,3,0,187.96,195.58,170.0,0.7525081634521484,0.7548828125,0.5087212789058686,0.5608101296424866,0.0377159810066223,0.0406955933570861,0.2990113496780395,0.1289721727371215,0.0626602172851562,0.0001468658447265,57.19763779640198,30.33444094657898,56.435776233673096,27.2659125328064,60.95086443424225,33.796091079711914,65.21005702018738,34.77534818649292,0.7423567771911621,0.067654013633728,3.123673439025879,0.344136118888855,44.556483030319214,20.30631625652313,46.19322681427002,19.738346695899963,11.05150294303894,8.838651895523071,6.003153085708618,3.304232358932495,1.5896518230438232,1.189472794532776,4.239396333694458,4.223333477973938,49.742302775383,23.68818211555481,50.19324898719788,22.865036964416504,6.551991701126099,5.9154441356658936,2.288254141807556,1.3978739976882937,0.9033433198928832,0.7308146953582764,3.954273104667664,3.003001570701599,10.411436319351196,117.9947953224182,376.6284024715424,54,0,1,0,7,14,10,0,0,0,2,10,2,0,182.88,190.5,170.0,36.0,38.0,0,0,0,0,0,0,0,0,0,1,0,0,0,0,0,1,0,0,0,0,1,0,0,0
Red,False,0.0,0.125,0.47875,0.3825,0.33,0.33125,0.0,1.375,0.0,0.0,78.625,37.5,83.5,33.5,89.5,46.875,97.5,45.375,3.75,0.75,4.5,1.875,52.0,20.625,69.25,23.0,5.625,4.75,12.25,8.625,21.0,12.125,2.0,1.875,57.875,23.875,66.125,20.625,9.375,6.5,8.625,6.75,11.375,7.125,8.75,6.125,167.75,105.375,751.875,11,0,0,3,1,1,3,0,0,0,1,0,0,0,165.1,175.26,145.0,0.0471682548522949,0.0,0.45,0.4217682266235352,0.25,0.19173828125,0.1875,0.125,0.0,0.0,69.5,30.5,66.984375,27.8466796875,94.0,48.544921875,88.50390625,44.75,2.0,0.8125,2.015625,0.6640625,54.0,19.01513671875,51.483436584472656,16.9437255859375,7.91796875,5.430633544921875,7.75,5.0625,4.780975341796875,3.9373779296875,4.8994140625,3.84375,51.025390625,18.400863647460938,50.515625,17.5,5.75,3.75,5.5,3.5,5.375,3.6875,4.0,2.65625,104.865234375,89.5,655.8441009521484,0,0,0,0,0,0,0,0,0,0,0,0,0,0,185.42,187.96,145.0,31.0,20.0,0,0,1,0,0,0,0,0,0,0,0,0,0,0,0,1,0,0,0,0,0,0,1,0
Red,False,0.5,0.0,0.49,0.41,1.0,0.0,0.0,0.0,0.0,0.5,131.5,64.0,136.5,57.0,141.0,72.5,177.0,92.5,2.5,2.5,3.5,0.0,103.5,43.0,100.0,30.5,15.5,10.5,22.5,14.0,12.5,10.5,14.0,12.5,128.0,60.5,122.0,49.0,1.0,1.0,8.5,3.5,2.5,2.5,6.0,4.5,68.5,119.0,774.0,6,0,2,0,2,2,0,0,0,0,1,1,0,0,162.56,172.72,125.0,0.0,0.50390625,0.275029296875,0.54259765625,0.1171875,0.54302734375,0.3828125,0.609375,0.0,0.0,92.935546875,33.6875,84.5029296875,31.55859375,117.669921875,57.818359375,103.7822265625,50.0595703125,1.2578125,0.3203125,1.3623046875,1.123046875,67.3798828125,17.21484375,70.4482421875,21.8125,16.8037109375,9.3720703125,10.21484375,6.716796875,8.751953125,7.1005859375,3.83984375,3.029296875,86.525390625,29.0927734375,75.0791015625,23.4228515625,4.67578125,3.2353515625,4.943359375,4.3876953125,1.734375,1.359375,4.48046875,3.748046875,48.580078125,159.2451171875,612.00390625,31,1,0,2,3,4,7,0,0,2,1,0,0,1,167.64,167.64,125.0,33.0,33.0,0,0,0,0,0,0,0,0,0,0,0,0,1,0,0,1,0,0,0,0,1,0,0,0
Red,False,0.5,0.0,0.53375,0.4425,0.29125,0.3974999999999999,0.875,1.0,0.0,0.25,49.125,25.875,55.25,24.875,71.625,45.375,80.5,46.125,0.625,0.375,4.5,2.25,40.75,20.375,49.5,20.375,6.25,3.5,3.125,2.25,2.125,2.0,2.625,2.25,33.75,13.5,28.5,7.875,10.375,8.25,7.5,5.5,5.0,4.125,19.25,11.5,83.125,205.25,558.5,8,0,2,0,2,2,2,0,0,0,1,1,0,0,182.88,193.04,185.0,0.0471682548522949,0.0,0.45,0.4217682266235352,0.25,0.19173828125,0.1875,0.125,0.0,0.0,69.5,30.5,66.984375,27.8466796875,94.0,48.544921875,88.50390625,44.75,2.0,0.8125,2.015625,0.6640625,54.0,19.01513671875,51.483436584472656,16.9437255859375,7.91796875,5.430633544921875,7.75,5.0625,4.780975341796875,3.9373779296875,4.8994140625,3.84375,51.025390625,18.400863647460938,50.515625,17.5,5.75,3.75,5.5,3.5,5.375,3.6875,4.0,2.65625,104.865234375,89.5,655.8441009521484,0,0,0,0,0,0,0,0,0,0,0,0,0,0,180.34,182.88,185.0,29.0,27.0,0,0,0,0,0,0,0,1,0,0,0,0,0,0,0,0,0,1,0,0,0,0,1,0
Blue,False,1.0,0.0,0.7,0.385,0.0,0.0825,0.0,0.0,0.25,0.0,12.25,8.25,11.5,6.5,14.0,10.0,13.5,8.5,0.0,0.0,1.5,0.5,10.5,6.5,7.25,2.25,0.25,0.25,0.75,0.75,1.5,1.5,3.5,3.5,9.0,5.0,10.25,5.75,1.25,1.25,0.5,0.25,2.0,2.0,0.75,0.5,5.0,46.75,105.25,4,0,3,0,3,3,0,0,0,0,0,3,0,0,193.04,198.12,242.0,0.529571533203125,0.095062255859375,0.7724383544921876,0.5648992919921875,0.129180908203125,0.143165283203125,0.2578125,0.0001220703125,0.0,0.0,27.48056030273437,22.76171875,49.6688232421875,29.51010131835937,32.50689697265625,27.252105712890625,78.8792724609375,56.15777587890625,1.087249755859375,0.254425048828125,1.10589599609375,0.5391845703125,20.29730224609375,15.971282958984377,33.897216796875,15.389556884765623,6.596282958984375,6.225433349609375,14.83245849609375,13.289154052734377,0.58697509765625,0.56500244140625,0.93914794921875,0.831390380859375,8.859283447265625,5.3341064453125,25.243316650390625,10.08148193359375,8.786224365234375,8.241424560546875,21.047149658203125,16.29443359375,9.835052490234377,9.186187744140623,3.37835693359375,3.134185791015625,71.35174560546875,111.8876953125,356.1126403808594,30,1,1,0,4,10,6,0,1,0,2,7,0,0,193.04,203.2,265.0,31.0,39.0,0,0,0,0,1,0,0,0,0,0,0,0,0,0,0,1,0,0,0,0,1,0,0,0
Red,False,0.0,0.0,0.4875,0.5125,0.7175,0.75,0.25,0.25,0.0,0.0,142.0,68.25,103.5,48.0,177.5,100.5,114.75,57.75,3.5,2.0,0.75,0.75,83.5,24.5,83.5,31.0,30.25,21.25,16.0,13.5,28.25,22.5,4.0,3.5,117.75,48.0,86.25,35.0,20.0,17.25,8.5,8.0,4.25,3.0,8.75,5.0,269.0,19.75,726.25,7,1,0,1,2,2,1,0,0,0,2,0,0,0,167.64,172.72,135.0,0.0,0.5,0.27625,0.665,0.3125,0.1,0.75,0.0,0.0,0.0,49.875,26.75,53.5,27.5,58.75,34.25,56.375,30.125,1.125,0.875,1.375,0.5,44.25,22.0,42.5,17.625,4.375,3.5,9.25,8.375,1.25,1.25,1.75,1.5,27.0,10.625,41.0,18.0,7.625,5.375,10.75,8.0,15.25,10.75,1.75,1.5,143.625,65.625,315.375,7,0,3,0,3,3,1,0,0,0,1,2,0,0,167.64,167.64,135.0,30.0,24.0,0,0,0,0,0,0,0,0,0,0,1,0,0,0,0,1,0,0,0,0,1,0,0,0
Red,False,0.5,0.625,0.4475,0.51875,0.27875,0.15875,0.125,0.0,0.125,0.0,57.75,22.875,92.0,30.125,64.375,28.75,98.75,35.625,4.625,2.125,5.25,1.0,46.75,15.0,78.875,20.375,6.875,4.25,7.375,5.625,4.125,3.625,5.75,4.125,49.875,17.25,81.5,23.125,1.875,1.5,4.75,2.625,6.0,4.125,5.75,4.375,120.375,29.875,473.0,10,0,3,0,3,3,1,0,0,0,2,1,0,0,167.64,175.26,135.0,0.2734375,0.0,0.3600390625,0.381796875,0.3232812499999999,0.5390625,0.609375,0.0625,0.5,0.0625,181.17578125,70.65625,142.0234375,55.06640625,186.4921875,75.421875,163.5,73.74609375,2.62109375,1.20703125,1.64453125,1.07421875,155.79296875,50.5390625,121.078125,39.79296875,19.375,15.50390625,8.17578125,5.1875,6.0078125,4.61328125,12.76953125,10.0859375,167.7109375,63.4921875,134.25390625,50.3203125,2.875,2.33203125,0.55859375,0.32421875,10.58984375,4.83203125,7.2109375,4.421875,159.90625,78.31640625,776.96875,18,0,2,0,2,6,3,0,0,0,1,4,1,0,172.72,180.34,135.0,27.0,32.0,1,0,0,0,0,0,0,0,0,0,0,0,0,0,0,1,0,0,0,0,1,0,0,0
Blue,False,0.025390625,0.0,0.3957177734375,0.5318408203125,0.0004833984375,0.002421875,0.0947265625,0.005859375,0.0,0.00146484375,163.39697265625,65.27587890625,212.9130859375,116.87158203125,166.921875,68.28173828125,217.82958984375,121.27978515625,0.51708984375,0.00439453125,0.1552734375,0.01611328125,140.14404296875,47.88330078125,163.81103515625,73.9423828125,12.6357421875,7.314453125,39.97705078125,34.30419921875,10.6171875,10.078125,9.125,8.625,162.02685546875,64.486328125,211.41357421875,115.90185546875,1.232421875,0.6826171875,1.4208984375,0.91455078125,0.1376953125,0.10693359375,0.07861328125,0.05517578125,69.2373046875,28.6376953125,909.8525390625,29,0,0,1,4,6,6,0,0,0,1,3,2,0,193.04,198.12,265.0,0.0157546997070312,0.5635137557983398,0.2023593139648437,0.6603106880187988,0.5235624313354492,0.3014068984985351,0.5326180458068848,3.910064697265625e-05,0.1260237693786621,0.1259784698486328,42.56023168563843,15.731454849243164,61.68694686889648,37.843021392822266,46.0042085647583,17.782822132110596,104.3330454826355,75.67214584350586,1.0079379081726074,0.5704374313354492,3.148003578186035,1.9136285781860352,31.20790719985962,8.421681880950928,39.35226821899414,20.47725248336792,6.122127532958984,2.6444296836853027,12.27135419845581,9.281784057617188,5.230196952819824,4.665343284606934,10.063324451446531,8.083984851837158,40.221869468688965,14.14125680923462,38.69770860671997,18.32968139648437,0.8746838569641113,0.828270435333252,1.2487163543701172,0.5689945220947266,1.4636783599853516,0.761927604675293,21.7405219078064,18.944345474243164,71.58438014984131,318.42860984802246,633.5210490226746,43,0,0,1,4,13,9,0,1,0,1,5,6,0,210.82,213.36,265.0,38.0,31.0,0,0,0,0,1,0,0,0,0,0,0,0,0,0,0,1,0,0,0,0,1,0,0,0
Blue,False,0.1279373168945312,0.5078125,0.5828572463989258,0.4629463577270508,0.7583999633789062,0.0297876739501953,0.000518798828125,0.0166015625,2.288818359375e-05,3.814697265625e-06,87.41651153564453,44.74290084838867,80.05056762695312,35.332401275634766,94.26380157470705,50.389984130859375,83.78971862792969,37.85539627075195,1.0894851684570312,1.009063720703125,0.8153953552246094,0.1790924072265625,74.14511489868164,33.654449462890625,65.3208122253418,26.33509063720703,9.263877868652344,7.269050598144531,8.936656951904297,4.229148864746094,4.007518768310547,3.819400787353516,5.793098449707031,4.768161773681641,77.11175918579102,36.71129989624024,72.12364196777344,30.595645904541016,1.5347900390625,0.9220008850097656,4.7796173095703125,2.1720504760742188,8.769962310791016,7.109600067138672,3.147308349609375,2.5647048950195312,76.5992660522461,8.855548858642578,373.6098556518554,42,0,2,0,4,10,9,0,0,1,3,5,1,0,187.96,190.5,170.0,0.0670614838600158,0.3828431367874145,0.434522655904293,0.3941305375099182,0.2596049761772155,0.7054404920339584,0.0083016157150268,0.016632467508316,0.0001220703125,0.2509765923023224,143.87204438447952,62.52122536301613,173.16745901107788,66.23301574587822,147.703845590353,66.29893860220909,178.46285647153854,71.24136054515839,1.8496477603912356,0.5961992740631104,1.9101325273513796,1.2059487402439115,100.4359249472618,29.273052781820297,140.5952197611332,45.49257880449295,13.890366345643995,8.593943804502487,27.644717514514923,17.85738429427147,29.545753091573715,24.654228776693344,4.927521735429764,2.8830526471138,135.40256679058075,55.83002507686615,157.51310673356056,55.523990005254745,7.61276575922966,6.1132471561431885,14.464857131242752,10.27009743452072,0.8567118346691132,0.5779531300067902,1.1894951462745669,0.4389283061027527,44.47933879494667,80.09814515709877,873.6552617549896,64,1,0,1,7,15,11,0,0,1,5,7,1,1,175.26,177.8,170.0,35.0,36.0,0,0,0,0,0,0,0,0,0,1,0,0,0,0,0,1,0,0,0,0,1,0,0,0
Red,False,0.015625,0.0,0.45,0.4275,0.25,0.2,0.148468017578125,0.098388671875,0.0,0.0,66.5,29.6875,64.31230545043945,27.34375,89.75,48.0,85.53125,44.41152191162109,2.0,0.75,2.0546875,0.75,51.1875,18.3359375,49.6123046875,16.280410766601562,7.5,5.07647705078125,7.5,5.0,4.5,3.625,4.984375,3.9375,48.6875,17.0,47.11572265625,16.5,5.75,3.75,5.3125,3.4375,5.0625,3.5,3.875,2.5,99.2119140625,94.125,638.5,0,0,0,0,0,0,0,0,0,0,0,0,0,0,175.26,182.88,145.0,0.0471682548522949,0.0,0.45,0.4217682266235352,0.25,0.19173828125,0.1875,0.125,0.0,0.0,69.5,30.5,66.984375,27.8466796875,94.0,48.544921875,88.50390625,44.75,2.0,0.8125,2.015625,0.6640625,54.0,19.01513671875,51.483436584472656,16.9437255859375,7.91796875,5.430633544921875,7.75,5.0625,4.780975341796875,3.9373779296875,4.8994140625,3.84375,51.025390625,18.400863647460938,50.515625,17.5,5.75,3.75,5.5,3.5,5.375,3.6875,4.0,2.65625,104.865234375,89.5,655.8441009521484,0,0,0,0,0,0,0,0,0,0,0,0,0,0,177.8,177.8,145.0,24.0,30.0,0,0,1,0,0,0,0,0,0,0,0,0,0,0,0,1,0,0,0,0,1,0,0,0
Red,False,0.000244140625,0.126007080078125,0.5704855346679687,0.5946105957031249,0.1880160522460937,0.593050537109375,0.205810546875,0.53887939453125,0.0357666015625,0.50177001953125,60.908203125,35.531158447265625,122.45297241210938,73.49517822265625,74.56094360351562,48.0498046875,147.151611328125,95.65292358398438,2.8751220703125,0.65765380859375,2.0447998046875,0.64874267578125,39.629913330078125,17.201416015625,108.36026000976562,61.70455932617188,7.336700439453125,5.892303466796875,10.31072998046875,8.8333740234375,13.94158935546875,12.43743896484375,3.781982421875,2.957244873046875,39.464263916015625,21.16925048828125,44.958404541015625,19.6005859375,17.400970458984375,12.981201171875,29.13998413085937,22.082794189453125,4.04296875,1.380706787109375,48.354583740234375,31.811798095703125,106.783935546875,341.7850341796875,665.5245361328125,36,0,0,1,4,10,6,0,0,0,5,2,3,0,177.8,172.72,155.0,0.0471682548522949,0.0,0.45,0.4217682266235352,0.25,0.19173828125,0.1875,0.125,0.0,0.0,69.5,30.5,66.984375,27.8466796875,94.0,48.544921875,88.50390625,44.75,2.0,0.8125,2.015625,0.6640625,54.0,19.01513671875,51.483436584472656,16.9437255859375,7.91796875,5.430633544921875,7.75,5.0625,4.780975341796875,3.9373779296875,4.8994140625,3.84375,51.025390625,18.400863647460938,50.515625,17.5,5.75,3.75,5.5,3.5,5.375,3.6875,4.0,2.65625,104.865234375,89.5,655.8441009521484,0,0,0,0,0,0,0,0,0,0,0,0,0,0,175.26,177.8,155.0,36.0,26.0,0,0,0,0,0,0,1,0,0,0,0,0,0,0,0,1,0,0,0,0,1,0,0,0
Red,False,0.0,0.0,0.415,0.345,0.0,0.1,0.5,2.0,0.5,0.0,191.0,76.0,132.5,49.5,209.0,92.5,140.0,54.5,1.5,0.0,7.0,1.0,149.0,42.0,97.5,24.5,24.0,19.0,33.0,24.0,18.0,15.0,2.0,1.0,162.5,57.5,123.5,44.0,10.0,6.5,9.0,5.5,18.5,12.0,0.0,0.0,117.0,115.0,848.0,6,0,0,1,1,1,1,0,0,0,0,0,1,0,170.18,172.72,145.0,0.0,0.0,0.465,0.3399999999999999,0.15,0.685,1.5,1.0,0.5,1.5,56.5,27.5,74.5,30.0,67.0,36.5,96.0,48.5,6.5,1.5,6.0,4.0,39.5,18.0,62.5,19.5,14.5,8.0,8.0,6.5,2.5,1.5,4.0,4.0,40.0,14.5,51.5,14.0,6.5,4.0,3.0,1.0,10.0,9.0,20.0,15.0,163.0,436.5,900.0,6,0,2,0,2,2,0,0,1,0,1,0,0,0,177.8,177.8,145.0,25.0,25.0,0,0,1,0,0,0,0,0,0,0,0,0,0,0,0,1,0,0,0,0,0,0,1,0
Red,False,0.015625,0.0,0.45,0.4275,0.25,0.2,0.148468017578125,0.098388671875,0.0,0.0,66.5,29.6875,64.31230545043945,27.34375,89.75,48.0,85.53125,44.41152191162109,2.0,0.75,2.0546875,0.75,51.1875,18.3359375,49.6123046875,16.280410766601562,7.5,5.07647705078125,7.5,5.0,4.5,3.625,4.984375,3.9375,48.6875,17.0,47.11572265625,16.5,5.75,3.75,5.3125,3.4375,5.0625,3.5,3.875,2.5,99.2119140625,94.125,638.5,0,0,0,0,0,0,0,0,0,0,0,0,0,0,162.56,160.02,115.0,0.0,0.0,0.45,0.49,0.33,0.4,0.0,0.0,2.0,1.0,37.0,17.0,51.0,25.0,89.0,64.0,128.0,97.0,9.0,3.0,10.0,4.0,33.0,13.0,43.0,18.0,4.0,4.0,7.0,6.0,0.0,0.0,1.0,1.0,30.0,13.0,30.0,12.0,6.0,3.0,12.0,8.0,1.0,1.0,9.0,5.0,228.0,327.0,900.0,3,0,0,1,0,0,1,0,0,0,0,0,0,0,160.02,162.56,115.0,25.0,31.0,0,0,0,0,0,0,0,0,0,0,0,0,0,1,0,1,0,0,0,0,1,0,0,0
Red,False,0.15625,0.509765625,0.53005859375,0.4596484375,0.16640625,0.0333984375,0.072265625,0.1728515625,0.5078125,0.0,91.919921875,48.373046875,121.3984375,54.2666015625,127.275390625,78.7724609375,146.201171875,77.6826171875,4.0166015625,1.400390625,2.572265625,0.0380859375,68.8076171875,30.474609375,89.396484375,29.0390625,17.314453125,14.1669921875,19.4560546875,14.494140625,5.7978515625,3.7314453125,12.5458984375,10.7333984375,61.3154296875,27.50390625,91.2958984375,34.1005859375,15.9970703125,11.16015625,26.7626953125,17.232421875,14.607421875,9.708984375,3.33984375,2.93359375,268.78125,127.6748046875,891.541015625,29,0,0,1,2,5,6,0,0,1,4,0,0,0,190.5,190.5,185.0,0.0,0.0,0.31,0.31,0.0,0.0,0.0,0.0,0.0,0.0,169.0,54.0,113.0,36.0,171.0,56.0,114.0,37.0,3.0,0.0,2.0,0.0,133.0,32.0,100.0,31.0,32.0,19.0,4.0,0.0,4.0,3.0,9.0,5.0,160.0,49.0,104.0,30.0,9.0,5.0,9.0,6.0,0.0,0.0,0.0,0.0,38.0,43.0,900.0,3,0,1,0,1,1,0,0,0,0,1,0,0,0,187.96,190.5,185.0,38.0,29.0,0,0,0,0,0,0,0,1,0,0,0,0,0,0,0,1,0,0,0,0,1,0,0,0
Blue,False,0.0,0.009765625,0.53474609375,0.41748046875,0.1084765625,0.8147656249999999,0.658203125,0.0,0.255859375,0.0078125,105.74609375,56.87890625,103.265625,42.044921875,124.984375,73.765625,124.62890625,59.943359375,5.85546875,0.908203125,2.1015625,1.0234375,89.734375,45.55078125,80.08984375,27.001953125,12.390625,9.111328125,17.49609375,10.888671875,3.62109375,2.216796875,5.6796875,4.154296875,88.408203125,44.203125,85.306640625,28.5078125,11.8046875,8.662109375,10.658203125,8.94140625,5.533203125,4.013671875,7.30078125,4.595703125,240.73046875,67.16796875,644.916015625,23,0,1,0,5,7,3,0,0,0,3,2,2,0,187.96,185.42,170.0,0.001953125,0.60009765625,0.35371337890625,0.41681396484375,0.378798828125,0.001953125,0.254638671875,0.0,0.0,0.2548828125,67.59716796875,21.9462890625,139.228759765625,58.39208984375,71.4228515625,25.451171875,151.59228515625,70.68701171875,1.112060546875,1.01123046875,0.029296875,0.001953125,58.46142578125,14.95849609375,102.872314453125,31.925537109375,8.15380859375,6.041259765625,10.80712890625,7.857666015625,0.98193359375,0.946533203125,25.54931640625,18.60888671875,65.450927734375,21.10302734375,136.610107421875,56.515869140625,1.5234375,0.515380859375,2.078857421875,1.576171875,0.622802734375,0.327880859375,0.539794921875,0.300048828125,85.673095703125,39.316650390625,813.1865234375,34,1,0,1,4,8,5,0,0,2,2,1,3,0,182.88,182.88,170.0,33.0,37.0,0,0,0,0,0,0,0,0,0,1,0,0,0,0,0,1,0,0,0,0,1,0,0,0
Red,False,0.0,0.125,0.5706249999999999,0.44375,0.31625,0.75,0.0,1.0625,1.0,0.0,110.8125,64.5,103.25,47.375,197.3125,141.125,113.125,55.9375,5.9375,2.125,1.4375,1.25,97.9375,55.125,73.3125,24.125,8.375,5.375,23.375,17.25,4.5,4.0,6.5625,6.0,69.9375,35.0,84.1875,34.5,12.0,8.1875,15.5625,9.875,28.875,21.3125,3.5,3.0,398.5,79.3125,746.0,12,0,2,0,2,3,2,0,0,0,2,1,0,0,175.26,172.72,145.0,0.5002446174621582,0.2500076293945312,0.4989084017276763,0.4108306992053985,0.4301729941368103,0.2540246152877807,1.017663836479187,0.0061087608337402,0.5156259536743164,0.013671875,49.33015477657318,28.466739177703857,44.84928894042969,17.722731471061707,52.96275305747986,32.077972769737244,48.66970384120941,20.78553032875061,0.720241904258728,0.564253568649292,2.03799057006836,1.004643797874451,32.59793722629547,17.899507880210876,33.6869330406189,10.476734161376951,13.54179871082306,8.02578890323639,7.498494863510132,4.395283341407776,3.190418839454651,2.541442394256592,3.663861036300659,2.850713968276977,33.00158941745758,17.402170419692993,37.313600182533264,12.292733073234558,12.049850821495056,6.864645481109619,4.289607405662537,3.1602683067321777,4.278714537620544,4.199923276901245,3.2460813522338867,2.2697300910949707,67.76534843444824,64.9533634185791,362.66974544525146,44,0,2,0,5,15,9,0,0,0,1,1,13,0,177.8,187.96,155.0,31.0,30.0,0,0,0,0,0,0,1,0,0,0,0,0,0,0,0,1,0,0,0,0,1,0,0,0
Red,False,0.312744140625,0.16015625,0.513720703125,0.37672119140625,0.03766845703125,0.4,0.145263671875,0.5,0.125244140625,0.00048828125,138.33740234375,72.9345703125,258.614990234375,100.197998046875,162.150390625,96.651123046875,323.33447265625,156.903076171875,2.8779296875,0.190673828125,5.25439453125,1.75,105.674560546875,49.343994140625,221.195556640625,68.5146484375,29.01708984375,20.94482421875,24.912841796875,20.748046875,3.645751953125,2.645751953125,12.506591796875,10.935302734375,118.052001953125,57.265380859375,235.876220703125,82.35498046875,16.904296875,12.446533203125,18.64892578125,14.921142578125,3.381103515625,3.22265625,4.08984375,2.921875,48.385498046875,222.405517578125,1095.072265625,28,0,5,0,5,9,4,0,0,0,1,4,4,0,185.42,182.88,185.0,0.6015625,0.25,0.578974609375,0.3810107421875,0.1824609375,0.3814453125,0.1416015625,0.125,0.0,0.001953125,54.62109375,30.15283203125,58.685546875,24.79736328125,63.44189453125,38.6650390625,64.0751953125,29.90966796875,0.95166015625,0.3447265625,3.1357421875,0.41796875,36.0791015625,15.447265625,35.251953125,10.04541015625,9.818359375,6.763671875,11.01806640625,6.4677734375,8.7236328125,7.94189453125,12.41552734375,8.2841796875,47.349609375,24.13427734375,48.42236328125,17.4287109375,3.6201171875,3.02197265625,3.50439453125,3.31396484375,3.6513671875,2.99658203125,6.7587890625,4.0546875,58.53955078125,125.97802734375,522.4619140625,31,0,1,0,4,7,5,0,0,0,3,2,2,0,187.96,198.12,205.0,39.0,36.0,0,0,0,0,0,1,0,0,0,0,0,0,0,0,0,1,0,0,0,0,1,0,0,0
Red,False,0.0,0.0,0.56,0.45,1.0,0.4,0.0,0.0,0.0,0.0,115.0,65.0,71.0,32.0,120.0,69.0,98.0,59.0,1.0,1.0,10.0,4.0,84.0,46.0,62.0,23.0,21.0,11.0,9.0,9.0,10.0,8.0,0.0,0.0,99.0,51.0,65.0,26.0,10.0,8.0,6.0,6.0,6.0,6.0,0.0,0.0,129.0,213.0,900.0,3,0,1,0,1,1,0,0,0,0,1,0,0,0,175.26,177.8,145.0,0.125,0.25,0.331875,0.426875,0.6,0.078125,0.1875,0.5,0.0,0.0625,91.625,32.6875,98.25,36.0,98.375,38.625,107.3125,43.5,2.125,1.8125,1.3125,0.25,69.5,20.3125,67.4375,13.75,12.375,6.0625,12.875,7.5,9.75,6.3125,17.9375,14.75,86.625,28.8125,94.75,33.0625,1.875,1.5,2.4375,2.25,3.125,2.375,1.0625,0.6875,98.9375,41.5625,700.625,13,0,3,0,3,4,1,0,0,1,2,1,0,0,175.26,182.88,145.0,30.0,24.0,0,0,1,0,0,0,0,0,0,0,0,0,0,0,0,1,0,0,0,0,1,0,0,0
Blue,False,0.015625,0.0,0.45,0.4275,0.25,0.2,0.148468017578125,0.098388671875,0.0,0.0,66.5,29.6875,64.31230545043945,27.34375,89.75,48.0,85.53125,44.41152191162109,2.0,0.75,2.0546875,0.75,51.1875,18.3359375,49.6123046875,16.280410766601562,7.5,5.07647705078125,7.5,5.0,4.5,3.625,4.984375,3.9375,48.6875,17.0,47.11572265625,16.5,5.75,3.75,5.3125,3.4375,5.0625,3.5,3.875,2.5,99.2119140625,94.125,638.5,0,0,0,0,0,0,0,0,0,0,0,0,0,0,185.42,198.12,185.0,0.0471682548522949,0.0,0.45,0.4217682266235352,0.25,0.19173828125,0.1875,0.125,0.0,0.0,69.5,30.5,66.984375,27.8466796875,94.0,48.544921875,88.50390625,44.75,2.0,0.8125,2.015625,0.6640625,54.0,19.01513671875,51.483436584472656,16.9437255859375,7.91796875,5.430633544921875,7.75,5.0625,4.780975341796875,3.9373779296875,4.8994140625,3.84375,51.025390625,18.400863647460938,50.515625,17.5,5.75,3.75,5.5,3.5,5.375,3.6875,4.0,2.65625,104.865234375,89.5,655.8441009521484,0,0,0,0,0,0,0,0,0,0,0,0,0,0,190.5,185.42,185.0,29.0,30.0,0,0,0,0,0,0,0,1,0,0,0,0,0,0,0,0,0,1,0,0,1,0,0,0
Blue,False,0.0,0.0,0.49,0.62,0.57,0.0,2.0,0.0,0.0,3.0,51.0,25.0,80.0,50.0,67.0,38.0,113.0,79.0,7.0,4.0,0.0,0.0,42.0,20.0,64.0,35.0,8.0,5.0,12.0,11.0,1.0,0.0,4.0,4.0,27.0,8.0,40.0,15.0,6.0,5.0,8.0,8.0,18.0,12.0,32.0,27.0,413.0,347.0,900.0,3,0,0,1,0,0,1,0,0,0,0,0,0,0,182.88,182.88,185.0,0.0,0.0,0.5475,0.485,0.245,0.0625,0.875,0.0,0.0,0.0,54.5,25.75,75.625,37.0,62.75,33.0,95.625,53.75,4.5,0.875,2.125,0.25,37.0,11.875,60.75,26.375,14.75,11.625,10.375,7.5,2.75,2.25,4.5,3.125,42.375,18.125,53.0,22.625,10.875,6.75,16.875,10.625,1.25,0.875,5.75,3.75,112.0,170.375,554.5,9,0,0,1,1,2,2,0,0,0,0,0,2,0,185.42,185.42,185.0,23.0,31.0,0,0,0,0,0,0,0,1,0,0,0,0,0,0,0,1,0,0,0,0,1,0,0,0
Blue,False,0.53125,0.0,0.5015624999999999,0.412734375,0.288359375,0.15703125,0.03125,0.2890625,0.0625,0.375,107.0859375,58.078125,74.4140625,32.9296875,114.6015625,64.0703125,136.8671875,88.5,0.7421875,0.4296875,1.3984375,0.4296875,74.09375,32.234375,45.65625,12.53125,23.0703125,17.3984375,9.359375,6.140625,9.921875,8.4453125,19.3984375,14.2578125,79.015625,35.96875,55.765625,19.84375,19.65625,17.1953125,11.390625,7.984375,8.4140625,4.9140625,7.2578125,5.1015625,183.0859375,120.4453125,680.2421875,21,0,1,0,2,5,3,0,0,0,2,2,1,0,190.5,198.12,170.0,0.501953125,0.0,0.457109375,0.413515625,0.2733203125,0.06078125,0.0625,0.03125,0.0,0.0,111.556640625,51.2265625,74.416015625,32.783203125,119.85546875,58.322265625,83.498046875,41.51953125,0.86328125,0.388671875,1.478515625,0.1640625,74.857421875,26.10546875,59.423828125,22.029296875,14.666015625,9.26171875,12.8359375,9.169921875,22.033203125,15.859375,2.15625,1.583984375,102.89453125,44.44921875,64.19921875,25.818359375,7.958984375,6.666015625,9.521484375,6.67578125,0.703125,0.111328125,0.6953125,0.2890625,59.98046875,62.29296875,717.740234375,25,1,4,0,4,7,3,0,0,0,2,1,3,1,180.34,182.88,170.0,29.0,28.0,0,0,0,0,0,0,0,0,0,1,0,0,0,0,0,1,0,0,0,0,1,0,0,0
Red,False,0.015625,0.0,0.45,0.4275,0.25,0.2,0.148468017578125,0.098388671875,0.0,0.0,66.5,29.6875,64.31230545043945,27.34375,89.75,48.0,85.53125,44.41152191162109,2.0,0.75,2.0546875,0.75,51.1875,18.3359375,49.6123046875,16.280410766601562,7.5,5.07647705078125,7.5,5.0,4.5,3.625,4.984375,3.9375,48.6875,17.0,47.11572265625,16.5,5.75,3.75,5.3125,3.4375,5.0625,3.5,3.875,2.5,99.2119140625,94.125,638.5,0,0,0,0,0,0,0,0,0,0,0,0,0,0,160.02,162.56,125.0,0.0,0.0,0.295,0.495,0.5,0.665,0.0,1.0,0.0,0.5,212.5,60.5,192.5,96.5,221.0,68.5,213.5,115.0,0.5,0.5,2.5,1.5,166.0,31.0,139.5,56.5,30.5,19.5,22.0,13.5,16.0,10.0,31.0,26.5,202.0,53.5,165.0,76.5,8.0,6.0,11.5,9.0,2.5,1.0,16.0,11.0,100.0,160.0,900.0,6,0,0,2,0,0,2,0,0,0,0,0,0,0,167.64,170.18,125.0,28.0,25.0,0,0,0,0,0,0,0,0,0,0,0,0,1,0,0,1,0,0,0,0,1,0,0,0
Red,False,0.005401611328125,0.75390625,0.4622805786132812,0.4834786987304688,0.2280142211914062,0.34375,0.504180908203125,0.00390625,0.0,0.0,107.561767578125,50.25753784179688,110.59121704101562,52.462188720703125,119.75897216796876,61.8331298828125,124.13922119140624,64.65472412109375,1.979736328125,1.00897216796875,1.403778076171875,0.4375,63.42593383789063,22.883453369140625,89.66619873046875,37.432220458984375,34.35052490234375,21.0477294921875,13.094268798828123,8.990081787109375,9.785308837890623,6.32635498046875,7.83074951171875,6.039886474609375,95.10397338867188,39.032806396484375,103.16546630859376,45.945098876953125,7.382049560546875,6.719879150390625,3.390289306640625,2.940643310546875,5.07574462890625,4.504852294921875,4.03546142578125,3.576446533203125,113.14517211914062,76.23785400390625,630.5560607910156,48,6,7,0,7,9,7,0,0,0,4,2,3,0,167.64,177.8,145.0,0.09375,0.0,0.365625,0.5190625,0.27,0.453125,0.0,0.875,0.03125,0.0,125.125,48.3125,141.0,70.96875,126.4375,49.5,157.09375,85.65625,1.59375,0.5625,2.90625,1.84375,89.40625,26.71875,105.0625,41.3125,20.375,12.03125,26.28125,21.09375,15.34375,9.5625,9.65625,8.5625,120.96875,45.5,116.59375,51.1875,3.46875,2.40625,7.3125,6.21875,0.6875,0.40625,17.09375,13.5625,13.03125,126.84375,700.3125,16,0,0,1,2,3,3,0,0,0,2,1,0,0,170.18,172.72,145.0,32.0,34.0,0,0,1,0,0,0,0,0,0,0,0,0,0,0,0,1,0,0,0,0,1,0,0,0
Blue,False,0.015625,0.0,0.45,0.4275,0.25,0.2,0.148468017578125,0.098388671875,0.0,0.0,66.5,29.6875,64.31230545043945,27.34375,89.75,48.0,85.53125,44.41152191162109,2.0,0.75,2.0546875,0.75,51.1875,18.3359375,49.6123046875,16.280410766601562,7.5,5.07647705078125,7.5,5.0,4.5,3.625,4.984375,3.9375,48.6875,17.0,47.11572265625,16.5,5.75,3.75,5.3125,3.4375,5.0625,3.5,3.875,2.5,99.2119140625,94.125,638.5,0,0,0,0,0,0,0,0,0,0,0,0,0,0,165.1,165.1,135.0,0.0,0.0,0.27,0.37,0.0,0.0,0.0,0.0,0.0,0.0,250.0,68.0,333.0,125.0,250.0,68.0,335.0,127.0,1.0,0.0,0.0,0.0,207.0,48.0,271.0,79.0,28.0,9.0,34.0,21.0,15.0,11.0,28.0,25.0,250.0,68.0,332.0,124.0,0.0,0.0,1.0,1.0,0.0,0.0,0.0,0.0,13.0,0.0,900.0,3,0,0,1,0,0,1,0,0,0,0,0,0,0,165.1,165.1,135.0,25.0,31.0,0,0,0,0,0,0,0,0,0,0,1,0,0,0,0,1,0,0,0,0,1,0,0,0
Red,False,0.001953125,0.1875,0.54513671875,0.42224609375,0.22015625,0.35150390625,0.501953125,0.125,0.25390625,0.25,168.375,92.01171875,149.001953125,63.29296875,189.8359375,110.341796875,157.93359375,71.669921875,4.072265625,0.888671875,4.03515625,0.765625,106.826171875,41.935546875,112.7890625,37.078125,35.115234375,28.283203125,17.755859375,12.158203125,26.43359375,21.79296875,18.45703125,14.056640625,133.66015625,63.275390625,131.556640625,51.30859375,22.134765625,19.173828125,9.185546875,6.544921875,12.580078125,9.5625,8.259765625,5.439453125,186.806640625,67.154296875,875.904296875,26,0,4,0,4,5,5,0,0,1,2,1,1,0,177.8,180.34,155.0,0.2519874572753906,0.1328125,0.4321836853027344,0.3095676422119141,0.1983810424804687,0.2081734848022461,0.156402587890625,0.0315322875976562,0.250244140625,0.0078201293945312,68.28671646118164,29.21355438232422,95.94125747680664,30.937259674072266,72.22036743164062,32.71330642700195,100.11734390258788,34.92662811279297,0.8109664916992188,0.4742431640625,1.842926025390625,0.4817848205566406,50.50643157958984,17.04236602783203,65.16439056396484,14.673290252685549,16.182979583740234,10.954940795898438,26.08513641357422,13.030391693115234,1.5973052978515625,1.21624755859375,4.691730499267578,3.2335777282714844,62.02788162231445,24.600170135498047,90.32874298095705,27.38710021972656,4.149192810058594,2.95302963256836,3.3765945434570312,2.393047332763672,2.1096420288085938,1.6603546142578125,2.235919952392578,1.1571121215820312,51.86577987670898,37.35399627685547,795.8603401184082,47,0,1,0,7,13,6,0,0,1,6,3,2,1,175.26,177.8,155.0,33.0,41.0,0,0,0,0,0,0,1,0,0,0,0,0,0,0,0,1,0,0,0,0,0,0,1,0
Red,False,0.0,0.0,0.60375,0.32625,0.0,0.04125,0.0,0.125,0.0,0.0,73.75,41.375,54.375,15.375,74.875,42.5,54.875,15.875,0.0,0.0,0.875,0.125,55.5,23.875,44.875,9.875,3.875,3.625,9.0,5.0,14.375,13.875,0.5,0.5,61.25,29.875,53.25,14.875,2.125,2.0,0.75,0.125,10.375,9.5,0.375,0.375,16.875,17.75,534.125,7,0,0,1,2,2,2,0,0,0,0,2,0,0,195.58,203.2,265.0,0.375,0.5625,0.62375,0.499375,0.65625,0.0975,0.0,0.0,0.0,1.0,156.25,99.8125,87.25,41.3125,180.875,122.0,100.1875,52.25,1.875,1.3125,4.25,0.875,114.6875,65.75,71.0625,29.625,25.5,21.125,11.375,7.875,16.0625,12.9375,4.8125,3.8125,123.0625,74.75,60.9375,23.5,19.6875,13.0625,3.0625,1.625,13.5,12.0,23.25,16.1875,102.25,155.3125,907.75,16,0,4,0,4,4,1,0,0,1,1,2,0,0,200.66,203.2,250.0,31.0,31.0,0,0,0,0,1,0,0,0,0,0,0,0,0,0,0,1,0,0,0,0,1,0,0,0
Red,False,0.0,0.5,0.385,0.4,0.165,0.165,0.0,0.0,0.0,0.5,75.5,29.5,72.0,29.0,94.0,46.5,112.0,66.5,4.0,0.5,2.0,0.5,50.5,13.5,54.0,17.0,14.0,6.0,10.5,5.5,11.0,10.0,7.5,6.5,69.0,25.5,60.0,19.5,6.5,4.0,6.5,5.0,0.0,0.0,5.5,4.5,40.0,250.5,900.0,6,0,0,1,1,1,1,0,0,0,1,0,0,0,182.88,187.96,205.0,0.0471682548522949,0.0,0.45,0.4217682266235352,0.25,0.19173828125,0.1875,0.125,0.0,0.0,69.5,30.5,66.984375,27.8466796875,94.0,48.544921875,88.50390625,44.75,2.0,0.8125,2.015625,0.6640625,54.0,19.01513671875,51.483436584472656,16.9437255859375,7.91796875,5.430633544921875,7.75,5.0625,4.780975341796875,3.9373779296875,4.8994140625,3.84375,51.025390625,18.400863647460938,50.515625,17.5,5.75,3.75,5.5,3.5,5.375,3.6875,4.0,2.65625,104.865234375,89.5,655.8441009521484,0,0,0,0,0,0,0,0,0,0,0,0,0,0,187.96,193.04,205.0,26.0,29.0,0,0,0,0,0,1,0,0,0,0,0,0,0,0,0,1,0,0,0,0,1,0,0,0
Blue,False,0.078125,0.54296875,0.500546875,0.5389453125,0.0,0.211796875,0.12890625,1.625,0.75,0.125,28.26953125,14.671875,26.9609375,13.73828125,32.8984375,18.40625,36.609375,22.078125,0.296875,0.0,2.07421875,1.05859375,24.03515625,10.90234375,20.75390625,8.2421875,1.78515625,1.5625,3.56640625,3.00390625,2.44921875,2.20703125,2.640625,2.4921875,15.75390625,5.4921875,20.5703125,8.74609375,0.98828125,0.8125,2.7890625,2.42578125,11.52734375,8.3671875,3.6015625,2.56640625,114.03515625,121.5859375,384.8046875,18,0,2,0,2,5,4,0,0,1,1,2,1,0,185.42,187.96,170.0,0.0,0.0,0.42,0.51,0.0,0.54,0.0,3.0,0.0,0.0,150.0,64.0,92.0,47.0,165.0,78.0,121.0,72.0,1.0,0.0,11.0,6.0,120.0,46.0,65.0,23.0,22.0,12.0,19.0,16.0,8.0,6.0,8.0,8.0,126.0,47.0,71.0,34.0,24.0,17.0,18.0,11.0,0.0,0.0,3.0,2.0,206.0,297.0,900.0,3,0,0,1,0,0,1,0,0,0,0,0,0,0,182.88,193.04,170.0,32.0,24.0,0,0,0,0,0,0,0,0,0,1,0,0,0,0,0,0,0,1,0,0,1,0,0,0
Red,False,1.0,0.0,0.4,0.39,0.16,0.4,0.0,0.0,0.0,0.0,149.0,60.0,100.0,39.0,151.0,60.0,103.0,40.0,6.0,1.0,5.0,2.0,100.0,30.0,91.0,30.0,27.0,11.0,6.0,6.0,22.0,19.0,3.0,3.0,141.0,55.0,91.0,31.0,8.0,5.0,9.0,8.0,0.0,0.0,0.0,0.0,61.0,200.0,900.0,3,0,1,0,1,1,0,0,0,0,1,0,0,0,185.42,187.96,170.0,0.0009765625,0.017578125,0.2940673828125,0.322822265625,0.3249853515624999,0.069140625,0.0009765625,0.50390625,0.015625,0.017578125,115.8203125,34.55859375,195.57421875,61.12890625,126.58544921875,44.12646484375,207.06298828125,71.31005859375,10.259765625,3.0947265625,0.484375,0.1474609375,99.57568359375,26.125,155.43798828125,34.74462890625,13.6123046875,6.49560546875,23.7900390625,12.33642578125,2.63232421875,1.93798828125,16.34619140625,14.0478515625,102.96533203125,27.53955078125,181.994140625,52.447265625,7.6337890625,3.9462890625,10.958984375,6.6591796875,5.22119140625,3.07275390625,2.62109375,2.0224609375,139.57080078125,13.6650390625,899.40966796875,33,0,3,0,6,9,3,0,0,1,6,1,0,1,172.72,185.42,155.0,27.0,33.0,0,0,0,0,0,0,0,0,0,1,0,0,0,0,0,1,0,0,0,0,1,0,0,0
Blue,False,0.5313758850097656,0.07818603515625,0.375108904838562,0.5788558912277222,0.191734504699707,0.3785905456542968,0.3786983489990234,0.1269960403442382,0.1250123977661132,0.1255049705505371,85.60126161575317,33.22905969619751,90.39898300170898,43.33412742614746,92.20438718795776,39.41293287277222,99.56087446212769,51.8005428314209,0.4821834564208984,0.201669692993164,2.0966992378234863,1.2748527526855469,75.01656913757324,26.40698528289795,80.06436157226562,35.63441753387451,5.472310543060303,2.7419724464416504,6.304425239562988,3.852147102355957,5.112381935119629,4.08010196685791,4.030196189880371,3.847562789916992,76.89976739883423,28.797939777374268,79.91267490386963,35.34076738357544,4.657070636749268,2.026945114135742,4.46251392364502,3.7675490379333496,4.044423580169678,2.4041748046875,6.023794174194336,4.225811004638672,28.40359926223755,87.0046215057373,494.7976565361023,48,1,0,2,3,11,11,0,0,1,2,4,4,0,185.42,195.58,205.0,0.0,0.0,0.52,0.42,0.16,0.0,0.0,1.0,0.0,0.0,167.0,88.0,190.0,81.0,175.0,95.0,195.0,86.0,6.0,1.0,1.0,0.0,161.0,83.0,176.0,69.0,5.0,4.0,14.0,12.0,1.0,1.0,0.0,0.0,137.0,70.0,177.0,69.0,30.0,18.0,13.0,12.0,0.0,0.0,0.0,0.0,190.0,5.0,719.0,3,0,0,1,0,0,1,0,0,0,0,0,0,0,190.5,198.12,205.0,39.0,24.0,0,0,0,0,0,1,0,0,0,0,0,0,0,0,0,1,0,0,0,0,1,0,0,0
Blue,False,0.125,0.0,0.28496826171875,0.27330322265625,0.00632080078125,0.4370556640624999,0.277099609375,0.12646484375,0.421875,0.62890625,108.125,31.72216796875,46.15673828125,13.46142578125,122.73193359375,46.04345703125,85.705322265625,51.349609375,0.05908203125,0.0205078125,5.715576171875,2.37646484375,91.781982421875,20.1064453125,38.81640625,8.26904296875,7.74365234375,4.9287109375,5.26416015625,3.713134765625,8.599365234375,6.68701171875,2.076171875,1.479248046875,100.6943359375,26.431884765625,44.70849609375,12.34619140625,1.6376953125,1.454345703125,0.479248046875,0.443115234375,5.79296875,3.8359375,0.968994140625,0.672119140625,100.23828125,217.859619140625,856.29638671875,35,0,0,2,4,8,5,0,0,0,4,1,3,0,182.88,185.42,170.0,0.5,0.0,0.4575,0.3225,0.4825,0.15,0.5,0.0,0.0,0.0,80.75,37.25,67.0,21.25,94.0,49.75,80.5,33.5,5.25,2.0,3.75,0.75,63.75,25.0,44.5,7.25,13.5,9.25,9.25,4.0,3.5,3.0,13.25,10.0,55.5,20.0,58.75,15.75,16.25,11.0,7.75,5.25,9.0,6.25,0.5,0.25,211.5,69.75,900.0,9,0,3,0,3,3,0,0,0,0,3,0,0,0,177.8,193.04,170.0,29.0,32.0,0,0,0,0,0,0,0,0,0,1,0,0,0,0,0,1,0,0,0,0,0,0,1,0
Red,False,0.8125,0.0,0.481875,0.391875,0.04125,0.125,0.0,0.0,0.0,0.0,72.125,32.125,83.25,35.625,74.5625,33.75,83.6875,36.0,0.5,0.125,1.125,0.25,61.5625,23.625,56.8125,18.0625,9.0,7.1875,10.125,6.625,1.5625,1.3125,16.3125,10.9375,63.5625,26.4375,81.0625,34.875,1.4375,1.125,2.1875,0.75,7.125,4.5625,0.0,0.0,5.4375,8.5,394.0,11,0,2,0,2,4,1,0,0,0,1,3,0,0,180.34,182.88,145.0,0.0,0.0,0.575625,0.353125,0.52,0.0175,0.4375,0.0,0.1875,0.0,113.3125,61.5625,104.25,35.25,130.5,75.625,107.9375,38.6875,8.25,4.375,0.6875,0.125,87.8125,41.25,77.4375,17.0625,12.25,8.9375,14.8125,9.25,13.25,11.375,12.0,8.9375,98.5,49.8125,102.0,33.4375,3.1875,2.375,2.1875,1.75,11.625,9.375,0.0625,0.0625,219.25,15.0625,783.5,13,0,5,0,5,5,0,0,0,0,2,0,3,0,185.42,185.42,145.0,31.0,28.0,0,0,1,0,0,0,0,0,0,0,0,0,0,0,0,1,0,0,0,0,1,0,0,0
Red,False,1.0,0.0,0.74,0.43,0.66,0.0,0.0,0.0,0.0,0.0,43.0,32.0,30.0,13.0,80.0,64.0,50.0,32.0,6.0,4.0,0.0,0.0,30.0,22.0,23.0,8.0,12.0,9.0,6.0,4.0,1.0,1.0,1.0,1.0,15.0,7.0,25.0,8.0,2.0,2.0,2.0,2.0,26.0,23.0,3.0,3.0,463.0,2.0,642.0,3,0,1,0,1,1,0,0,0,0,0,1,0,0,172.72,193.04,185.0,0.75,0.0,0.4825,0.3075,0.165,0.07,0.0,0.25,0.5,0.0,64.25,32.75,49.0,16.75,92.5,58.25,59.5,25.25,1.5,0.5,4.25,0.5,51.25,22.5,31.75,5.75,10.0,8.0,11.75,6.5,3.0,2.25,5.5,4.5,41.75,16.0,42.25,11.75,8.25,5.5,6.25,5.0,14.25,11.25,0.5,0.0,275.0,40.75,722.0,7,0,0,1,2,2,1,0,0,0,1,1,0,0,190.5,190.5,205.0,32.0,27.0,0,0,0,0,0,1,0,0,0,0,0,0,0,0,0,1,0,0,0,0,1,0,0,0
Blue,False,0.5,0.5,0.45,0.455,0.2,0.25,2.5,0.5,0.5,0.0,124.0,53.0,154.5,67.0,142.0,68.5,175.5,82.5,4.5,1.0,2.0,0.5,105.0,36.5,128.0,45.5,17.0,14.5,8.5,8.0,2.0,2.0,18.0,13.5,105.0,40.5,124.5,47.5,15.5,10.0,6.5,2.0,3.5,2.5,23.5,17.5,105.5,301.0,873.5,6,0,0,2,0,0,2,0,0,0,0,0,0,0,182.88,190.5,170.0,0.0471682548522949,0.0,0.45,0.4217682266235352,0.25,0.19173828125,0.1875,0.125,0.0,0.0,69.5,30.5,66.984375,27.8466796875,94.0,48.544921875,88.50390625,44.75,2.0,0.8125,2.015625,0.6640625,54.0,19.01513671875,51.483436584472656,16.9437255859375,7.91796875,5.430633544921875,7.75,5.0625,4.780975341796875,3.9373779296875,4.8994140625,3.84375,51.025390625,18.400863647460938,50.515625,17.5,5.75,3.75,5.5,3.5,5.375,3.6875,4.0,2.65625,104.865234375,89.5,655.8441009521484,0,0,0,0,0,0,0,0,0,0,0,0,0,0,180.34,182.88,170.0,29.0,29.0,0,0,0,0,0,0,0,0,0,1,0,0,0,0,0,1,0,0,0,0,1,0,0,0
Blue,False,0.25,0.0,0.655625,0.476875,0.145,0.4087499999999999,0.125,1.3125,1.5,0.0,58.1875,36.5625,42.125,17.3125,85.5625,60.5625,55.75,29.0,0.4375,0.3125,4.5,2.375,47.625,26.9375,34.625,13.4375,7.875,7.0625,4.875,2.9375,2.6875,2.5625,2.625,0.9375,28.625,11.125,27.3125,6.6875,7.0625,6.8125,3.5,2.875,22.5,18.625,11.3125,7.75,226.875,251.375,644.375,9,0,1,0,1,3,2,0,0,1,1,0,1,0,185.42,187.96,185.0,0.0471682548522949,0.0,0.45,0.4217682266235352,0.25,0.19173828125,0.1875,0.125,0.0,0.0,69.5,30.5,66.984375,27.8466796875,94.0,48.544921875,88.50390625,44.75,2.0,0.8125,2.015625,0.6640625,54.0,19.01513671875,51.483436584472656,16.9437255859375,7.91796875,5.430633544921875,7.75,5.0625,4.780975341796875,3.9373779296875,4.8994140625,3.84375,51.025390625,18.400863647460938,50.515625,17.5,5.75,3.75,5.5,3.5,5.375,3.6875,4.0,2.65625,104.865234375,89.5,655.8441009521484,0,0,0,0,0,0,0,0,0,0,0,0,0,0,182.88,190.5,185.0,29.0,28.0,0,0,0,0,0,0,0,1,0,0,0,0,0,0,0,0,0,1,0,0,0,0,1,0
Blue,False,0.0,0.0,0.4425,0.475,0.455,0.5,0.25,0.5,0.0,0.5,73.5,32.75,76.25,40.0,88.5,46.5,104.25,66.75,2.5,1.5,3.5,1.75,62.75,23.75,47.0,19.75,7.0,5.75,16.5,10.5,3.75,3.25,12.75,9.75,63.0,24.5,54.5,21.0,4.25,3.5,9.75,8.5,6.25,4.75,12.0,10.5,216.5,219.75,747.5,7,0,2,0,2,2,1,0,0,0,1,0,1,0,187.96,185.42,155.0,0.09375,0.015625,0.6184375,0.4254687499999999,0.4578125,0.2475,0.5,0.25,0.015625,0.0,27.34375,15.4375,44.546875,18.203125,30.5,18.4375,67.828125,38.71875,1.953125,0.953125,3.265625,1.21875,18.265625,8.34375,34.21875,9.875,5.625,4.53125,5.84375,4.171875,3.453125,2.5625,4.484375,4.15625,18.796875,8.078125,31.953125,8.640625,3.671875,3.34375,3.734375,2.671875,4.875,4.015625,8.859375,6.890625,73.875,275.546875,564.1875,17,0,0,2,2,3,4,0,0,0,1,1,1,0,190.5,187.96,155.0,25.0,35.0,0,0,0,0,0,0,1,0,0,0,0,0,0,0,0,1,0,0,0,0,0,0,1,0
Blue,False,0.0,1.0,0.435,0.44,0.25,0.0,0.5,1.0,0.0,0.0,61.0,26.0,86.0,36.5,72.5,34.5,103.0,51.5,2.0,0.5,3.5,0.0,50.0,18.0,63.5,20.5,9.0,6.0,17.0,11.5,2.0,2.0,5.5,4.5,46.0,16.5,60.5,20.0,14.5,9.0,20.5,13.5,0.5,0.5,5.0,3.0,88.5,338.5,665.5,5,1,0,2,0,0,2,0,0,0,0,0,0,0,170.18,167.64,135.0,0.0,0.0,0.465,0.3675,0.33,0.415,0.5,0.25,0.5,0.25,137.5,64.5,178.25,63.25,145.25,72.0,197.0,81.25,1.5,1.0,2.25,1.0,104.75,39.25,142.25,40.75,19.25,13.5,29.0,17.75,13.5,11.75,7.0,4.75,122.25,52.5,168.25,54.75,7.5,5.75,1.5,1.25,7.75,6.25,8.5,7.25,165.0,136.25,900.0,9,0,2,0,2,2,1,0,0,1,1,0,0,0,165.1,162.56,125.0,27.0,31.0,0,0,0,0,0,0,0,0,0,0,1,0,0,0,0,1,0,0,0,0,1,0,0,0
Blue,False,0.0,0.5,0.5675,0.4425,0.275,0.1925,0.0,1.375,0.125,0.25,43.125,22.25,26.75,8.75,51.125,29.375,33.0,14.625,1.5,0.625,3.25,1.25,29.875,12.5,19.625,5.25,8.5,5.875,6.5,2.875,4.75,3.875,0.625,0.625,28.5,12.75,21.0,5.5,9.5,5.875,3.5,2.0,5.125,3.625,2.25,1.25,97.75,113.5,389.75,9,1,0,1,1,1,3,0,0,0,1,0,0,0,172.72,175.26,135.0,0.0,2.0,0.36,0.43,0.0,0.0,0.0,0.0,0.0,0.0,150.0,55.0,171.0,74.0,150.0,55.0,171.0,74.0,1.0,0.0,2.0,0.0,97.0,24.0,129.0,48.0,39.0,20.0,39.0,23.0,14.0,11.0,3.0,3.0,146.0,52.0,165.0,70.0,4.0,3.0,1.0,0.0,0.0,0.0,5.0,4.0,0.0,16.0,587.0,2,0,0,1,0,0,1,0,0,0,0,0,0,0,170.18,172.72,135.0,33.0,35.0,1,0,0,0,0,0,0,0,0,0,0,0,0,0,0,1,0,0,0,0,0,0,0,1
Red,False,0.09375,0.0,0.6128125,0.23,0.5743750000000001,0.0,0.5625,0.0,0.5,0.5,55.5625,35.78125,19.65625,5.96875,77.71875,55.0625,28.3125,14.15625,8.96875,5.28125,0.0,0.0,47.625,28.125,18.0625,5.09375,5.71875,5.4375,1.21875,0.5,2.21875,2.21875,0.375,0.375,15.4375,3.96875,16.40625,3.71875,6.40625,3.78125,2.59375,2.15625,33.71875,28.03125,0.65625,0.09375,452.15625,3.59375,527.46875,11,0,6,0,6,6,0,0,0,0,1,3,2,0,170.18,180.34,155.0,0.0,0.00103759765625,0.4037237548828125,0.511014404296875,0.4633526611328125,0.286361083984375,0.0657958984375,0.6488037109375,6.103515625e-05,0.5,162.4820556640625,65.528076171875,134.0303955078125,68.37994384765625,185.69500732421875,86.08380126953125,144.27001953125,78.59307861328125,10.9967041015625,4.54718017578125,5.42327880859375,2.00372314453125,144.14056396484375,52.34393310546875,104.4146728515625,44.8426513671875,15.1475830078125,9.990234375,21.86688232421875,16.35906982421875,3.19390869140625,3.19390869140625,7.74884033203125,7.17822265625,133.2720947265625,42.09912109375,115.99749755859376,52.9130859375,5.45819091796875,3.88946533203125,10.52239990234375,9.47613525390625,23.75177001953125,19.53948974609375,7.510498046875,5.99072265625,486.46185302734375,123.1539306640625,1182.625,40,1,0,1,5,10,5,0,0,1,3,1,4,1,175.26,195.58,170.0,32.0,27.0,0,0,0,0,0,0,1,0,0,0,0,0,0,0,0,1,0,0,0,0,1,0,0,0
Red,False,0.490234375,0.125,0.5622802734375,0.4437548828125,0.00296875,0.127294921875,0.767578125,0.0,0.125,0.00048828125,133.29638671875,71.1162109375,143.38330078125,69.3271484375,134.12060546875,71.93359375,162.8271484375,88.0751953125,0.0595703125,0.01953125,1.77294921875,0.27685546875,99.18505859375,44.11865234375,117.9287109375,49.91357421875,7.53564453125,5.65087890625,12.5498046875,8.25634765625,26.57568359375,21.3466796875,12.90478515625,11.1572265625,126.484375,64.8662109375,129.306640625,60.10595703125,3.2001953125,2.94677734375,11.91552734375,7.95947265625,3.61181640625,3.30322265625,2.1611328125,1.26171875,17.62939453125,132.19970703125,659.29345703125,22,0,0,1,6,10,2,0,0,1,0,6,3,0,180.34,190.5,170.0,0.1446533203125,0.84765625,0.372884521484375,0.45405517578125,0.0018994140625,0.06254638671875,0.0,0.0626220703125,0.0001220703125,0.0001220703125,123.6116943359375,46.5906982421875,91.8907470703125,37.2080078125,125.611328125,48.466064453125,95.604248046875,40.4349365234375,0.294921875,0.00537109375,0.4744873046875,0.0943603515625,87.705810546875,26.260009765625,53.6318359375,12.05078125,22.0394287109375,11.7313232421875,13.453125,7.2178955078125,13.866455078125,8.599365234375,24.8057861328125,17.9393310546875,122.407958984375,45.9310302734375,85.0892333984375,31.8511962890625,0.79248046875,0.4910888671875,3.4859619140625,2.3392333984375,0.4112548828125,0.1685791015625,3.3155517578125,3.017578125,8.7095947265625,21.3892822265625,954.2867431640624,40,2,1,0,7,9,5,0,0,0,4,5,0,0,182.88,190.5,170.0,27.0,36.0,0,0,0,0,0,0,0,0,0,1,0,0,0,0,0,1,0,0,0,0,1,0,0,0
Red,False,0.5005189180374146,0.7617874145507812,0.5130603981018067,0.5054409515857696,0.6679574978351593,0.112638486623764,0.2712111473083496,0.5000101327896118,0.5040969848632812,1.1251267194747925,229.6444840431213,119.2493736743927,179.9671595096588,92.97381341457368,309.436767578125,189.74839437007904,201.8079822063446,112.36473214626312,2.428013324737549,0.8830205202102661,0.5996553897857666,0.1838433742523193,188.51538026332852,91.56818842887878,138.5792317390442,62.12107253074646,32.14843571186066,22.296459197998047,19.487184524536133,14.504596590995789,8.980668067932129,5.384726047515869,21.90074324607849,16.34814429283142,151.29472661018372,65.54102003574371,152.6423065662384,72.2130035161972,61.948323488235474,42.814961075782776,22.480417370796204,17.43190288543701,16.40143394470215,10.893392562866213,4.844435572624207,3.328907012939453,276.38134241104126,103.63167524337769,993.2878923416138,60,2,5,0,5,15,9,0,0,1,3,2,9,0,182.88,193.04,170.0,0.821533203125,0.3751678466796875,0.7295599365234375,0.2384809875488281,0.1354270935058593,0.281302490234375,0.010040283203125,0.000152587890625,0.000244140625,0.0625152587890625,48.302978515625,21.740020751953125,37.130279541015625,17.347091674804688,51.75343322753906,24.803512573242188,40.99540710449219,20.518600463867188,0.777099609375,0.26458740234375,1.103912353515625,0.526824951171875,32.40306091308594,11.251846313476562,29.6715087890625,12.495925903320312,6.4788360595703125,4.4909515380859375,5.656051635742188,3.343414306640625,9.42108154296875,5.997222900390625,1.8027191162109373,1.50775146484375,41.3531494140625,16.814727783203125,34.1270751953125,15.677932739257812,3.3458404541015625,2.1536865234375,1.310333251953125,0.7272186279296875,3.6039886474609375,2.7716064453125,1.69287109375,0.9419403076171876,18.729156494140625,49.29296875,322.1848602294922,44,0,2,0,3,11,6,0,0,0,5,5,1,0,180.34,187.96,170.0,34.0,34.0,0,0,0,0,0,0,0,0,0,1,0,0,0,0,0,0,0,1,0,0,1,0,0,0
Red,False,0.03125,0.5,0.3840625,0.35,0.5081249999999999,0.0625,0.9375,0.5,0.3125,0.3125,38.09375,15.5625,58.71875,20.09375,48.15625,24.5625,77.65625,37.78125,4.21875,2.03125,1.0,0.375,33.875,13.28125,37.4375,8.6875,2.46875,1.03125,8.03125,3.65625,1.75,1.25,13.25,7.75,29.1875,9.5,53.90625,17.34375,0.125,0.0,1.4375,0.3125,8.78125,6.0625,3.375,2.4375,175.71875,154.8125,679.65625,13,0,3,0,3,5,1,0,0,1,1,1,2,0,177.8,182.88,145.0,0.25,0.375,0.541875,0.4425,0.09375,0.006875,0.25,0.0,0.0,0.0,186.6875,93.4375,190.46875,88.0,198.375,103.90625,194.1875,90.96875,0.09375,0.09375,2.59375,0.0625,145.28125,59.09375,136.125,50.59375,19.875,13.875,17.28125,9.09375,21.53125,20.46875,37.0625,28.3125,178.71875,87.4375,178.78125,78.375,6.25,4.78125,7.6875,6.25,1.71875,1.21875,4.0,3.375,6.46875,63.875,668.59375,16,0,3,0,3,5,1,0,0,1,2,1,1,0,180.34,190.5,145.0,30.0,28.0,0,0,1,0,0,0,0,0,0,0,0,0,0,0,0,0,0,1,0,0,1,0,0,0
Red,False,1.0,0.0,0.6925,0.36,0.0,0.0,0.0,0.0,0.0,0.0,8.75,6.25,4.25,1.5,8.75,6.25,4.5,1.75,0.0,0.0,0.0,0.0,7.75,5.25,3.25,0.75,0.25,0.25,0.0,0.0,0.75,0.75,1.0,0.75,3.5,2.75,3.25,0.75,0.75,0.75,1.0,0.75,4.5,2.75,0.0,0.0,4.0,1.25,51.0,3,0,3,0,3,3,0,0,0,0,0,3,0,0,198.12,208.28,205.0,0.0,0.109375,0.4181640625,0.4122412109375,0.25263916015625,0.0048828125,0.0,0.251220703125,0.0,0.0,107.1416015625,44.008544921875,68.112060546875,27.74853515625,130.1123046875,63.844970703125,73.119873046875,32.35791015625,9.288818359375,3.631103515625,3.130126953125,0.0048828125,87.758056640625,31.657958984375,57.682861328125,19.924560546875,15.283935546875,8.818603515625,6.240234375,3.7939453125,4.099609375,3.531982421875,4.18896484375,4.030029296875,89.242919921875,33.238037109375,55.801025390625,19.748046875,11.43359375,5.074462890625,11.48193359375,7.25732421875,6.465087890625,5.696044921875,0.8291015625,0.7431640625,221.903076171875,37.0888671875,857.055908203125,34,1,2,0,3,9,4,0,0,0,7,2,0,0,190.5,200.66,205.0,27.0,30.0,0,0,0,0,0,1,0,0,0,0,0,0,0,0,0,1,0,0,0,0,1,0,0,0
Blue,False,0.7109375,0.75,0.337734375,0.504296875,0.5415625,0.28515625,0.0,0.265625,0.0,0.0,46.9921875,19.34375,80.8828125,38.703125,48.203125,20.4140625,90.625,47.6015625,0.6171875,0.5625,2.4765625,0.578125,39.4375,14.2578125,60.484375,23.2578125,3.265625,2.328125,11.578125,8.890625,4.2890625,2.7578125,8.8203125,6.5546875,42.2890625,17.046875,61.03125,23.1484375,2.4921875,1.3828125,5.4921875,3.515625,2.2109375,0.9140625,14.359375,12.0390625,41.4453125,111.2578125,638.3203125,21,1,1,0,4,5,3,0,0,0,3,2,0,0,182.88,187.96,185.0,0.52349853515625,2.0001220703125,0.4254998779296874,0.4516552734375,0.0589208984375,0.070218505859375,0.00054931640625,1.375,0.5203857421875,0.25030517578125,158.71844482421875,65.26654052734375,159.62158203125,75.48223876953125,161.38604736328125,67.34417724609375,171.530517578125,86.79931640625,4.525146484375,0.5106201171875,3.28741455078125,0.7667236328125,139.10003662109375,49.67938232421875,123.8016357421875,48.680908203125,12.02862548828125,9.02484130859375,20.7144775390625,14.26922607421875,7.58978271484375,6.56231689453125,15.10546875,12.5321044921875,150.54974365234375,60.219482421875,145.695068359375,64.30322265625,3.62432861328125,2.69403076171875,4.38653564453125,3.27215576171875,4.54437255859375,2.35302734375,9.53997802734375,7.9068603515625,55.44415283203125,107.4808349609375,1079.9901123046875,40,2,5,0,5,10,5,0,0,3,2,3,2,0,175.26,180.34,185.0,26.0,28.0,0,0,0,0,0,0,0,1,0,0,0,0,0,0,0,0,0,1,0,0,0,0,1,0
Red,False,0.5,0.0,0.4499999999999999,0.435,0.5,0.0,0.0,0.0,0.0,0.0,163.25,67.25,174.75,77.0,167.5,71.5,175.75,78.0,1.0,1.0,0.25,0.0,149.25,55.0,133.25,47.75,12.5,10.75,24.75,14.75,1.5,1.5,16.75,14.5,156.0,60.75,165.5,69.75,4.25,3.5,9.25,7.25,3.0,3.0,0.0,0.0,79.75,79.5,1050.0,11,0,0,1,2,2,1,0,0,0,2,0,0,0,180.34,185.42,250.0,0.1962890625,0.5001220703125,0.3411666870117187,0.5864086914062501,0.0174252319335937,0.3312641906738281,0.0,0.28521728515625,0.12506103515625,0.0312652587890625,32.56489562988281,12.926544189453123,62.269287109375,37.38203430175781,33.058197021484375,13.418502807617188,72.96148681640625,46.46589660644531,0.4974822998046875,0.035675048828125,1.3930511474609375,1.1881866455078125,24.07508850097656,7.30908203125,44.356719970703125,22.89219665527344,6.183074951171875,3.513885498046875,10.924057006835938,8.365097045898438,2.306732177734375,2.10357666015625,6.9885101318359375,6.1247406005859375,27.554367065429688,9.485031127929688,40.757232666015625,23.845046997070312,0.8055572509765625,0.4359130859375,9.872482299804688,6.166671752929688,4.2049713134765625,3.005599975585937,11.639572143554688,7.370315551757812,11.979736328125,113.06526184082033,537.1255340576172,38,1,2,0,6,12,5,0,0,1,1,10,0,0,190.5,200.66,260.0,33.0,34.0,0,0,0,0,1,0,0,0,0,0,0,0,0,0,0,0,0,1,0,0,1,0,0,0
Blue,False,0.25,0.0,0.5700000000000001,0.1575,0.595,0.0825,0.5,0.0,0.0,0.0,26.5,15.25,22.75,8.75,28.0,16.5,26.0,11.75,5.75,2.5,1.0,0.25,22.25,11.75,20.5,7.25,2.5,2.0,1.5,1.0,1.75,1.5,0.75,0.5,10.75,5.0,15.0,3.0,5.5,4.5,4.0,3.0,10.25,5.75,3.75,2.75,166.25,11.0,270.5,5,0,3,0,3,3,0,0,0,1,0,1,1,0,187.96,187.96,185.0,0.3750152587890625,0.0234527587890625,0.34316650390625,0.451690673828125,0.0687579345703125,0.0329684448242187,0.0,0.5313720703125,0.0625152587890625,0.0009765625,137.19981384277344,44.282073974609375,151.28131103515625,74.76683044433594,147.43548583984375,53.25459289550781,162.5162353515625,85.76371765136719,6.4662628173828125,0.5730743408203125,3.38153076171875,0.2371826171875,117.65374755859376,30.284332275390625,107.10374450683594,40.73638916015625,9.72454833984375,4.390045166015625,18.626022338867188,12.144851684570312,9.821517944335938,9.607696533203123,25.551544189453125,21.88558959960937,123.35093688964844,36.76007080078125,132.7210235595703,60.7960205078125,9.440048217773438,4.3634185791015625,13.80126953125,9.842239379882812,4.4088287353515625,3.1585845947265625,4.7590179443359375,4.128570556640625,124.81452941894533,109.8029327392578,1144.044921875,48,0,2,0,5,12,5,0,0,2,8,2,0,0,185.42,187.96,185.0,21.0,31.0,0,0,0,0,0,0,0,1,0,0,0,0,0,0,0,1,0,0,0,0,1,0,0,0
Blue,False,1.0,0.0,0.85,0.33,0.0,0.165,0.0,0.0,0.5,0.0,15.5,11.5,14.0,9.0,19.0,15.0,18.0,13.0,0.0,0.0,3.0,1.0,13.0,9.0,8.5,3.5,0.5,0.5,1.5,1.5,2.0,2.0,4.0,4.0,9.0,5.0,11.5,7.5,2.5,2.5,1.0,0.5,4.0,4.0,1.5,1.0,8.0,93.5,181.5,3,0,2,0,2,2,0,0,0,0,0,2,0,0,193.04,198.12,242.0,9.62093472480774e-05,0.0339970625936985,0.4959563301503658,0.3611020367220044,0.0486209125071764,0.0760832219012081,2.030283212661743e-06,0.0009803790599107,0.015625,0.0166015643626451,197.7001053467393,104.57687039859591,143.72859888337553,53.37897193431854,206.0152759309858,112.07318232953548,152.33060991205275,61.180308524519205,0.5332269705832005,0.1884841937571764,1.444662319496274,0.2594299353659153,148.9724159836769,63.94909413717687,121.43624290451407,38.5980372633785,32.96977885439992,26.72094889357686,15.34483435191214,9.013133058324456,15.757910508662462,13.906827367842196,6.94752162694931,5.767801612615585,192.81890319101512,101.01794618926942,134.78820887953043,48.24351955763996,4.384674737229943,3.331977915018797,7.435000723227858,4.02581506408751,0.4965274184942245,0.2269462943077087,1.505389280617237,1.109637312591076,40.81700939498842,122.84942428953946,897.7695959284902,65,5,1,0,7,17,13,0,0,1,5,9,2,0,190.5,195.58,240.0,31.0,40.0,0,0,0,0,1,0,0,0,0,0,0,0,0,0,0,1,0,0,0,0,1,0,0,0
Red,False,0.0,0.0,0.45,0.445,0.0,0.3125,0.0,0.0,0.0,0.0,145.0,67.0,105.0,45.75,167.5,86.75,157.75,92.0,0.0,0.0,6.0,1.0,125.0,51.75,77.75,24.5,15.75,11.0,14.75,10.5,4.25,4.25,12.5,10.75,124.75,52.25,91.75,34.25,17.75,13.75,8.0,6.5,2.5,1.0,5.25,5.0,156.25,265.0,900.0,9,0,0,1,2,2,1,0,0,0,2,0,0,0,162.56,162.56,125.0,0.015625,0.0,0.33859375,0.4028125,0.0,0.4709375,0.0625,0.0,0.0,0.0,214.25,73.578125,229.015625,93.578125,231.65625,89.046875,248.875,110.65625,1.421875,0.0,3.359375,1.765625,180.28125,48.375,137.296875,29.625,22.546875,15.796875,33.625,17.34375,11.421875,9.40625,58.09375,46.609375,205.484375,66.859375,216.6875,85.84375,5.71875,4.1875,11.171875,7.09375,3.046875,2.53125,1.15625,0.640625,13.328125,86.53125,900.0,21,0,1,0,3,5,2,0,0,1,4,0,0,0,175.26,172.72,125.0,31.0,30.0,0,0,0,0,0,0,0,0,0,0,0,0,1,0,0,1,0,0,0,0,1,0,0,0
Blue,False,0.5,0.125,0.5549999999999999,0.43125,0.0,0.04,0.0,0.125,0.0,0.0,151.625,75.5,75.875,33.125,158.375,80.625,78.125,35.375,0.125,0.0,4.0,0.5,97.625,37.375,59.625,21.75,36.25,23.25,6.5,4.625,17.75,14.875,9.75,6.75,121.75,52.875,67.125,29.75,29.875,22.625,8.125,2.875,0.0,0.0,0.625,0.5,45.75,30.375,766.875,10,0,0,1,3,3,1,0,0,1,1,1,0,0,172.72,185.42,145.0,0.5,0.5,0.37,0.29,0.55,0.00875,0.625,0.0,0.0,0.0,157.125,60.125,132.375,38.5,168.125,69.375,135.875,41.125,1.875,0.75,1.875,0.125,135.875,46.625,100.875,19.5,19.625,12.25,19.5,11.0,1.625,1.25,12.0,8.0,149.125,55.375,117.125,31.5,6.375,3.5,10.25,5.25,1.625,1.25,5.0,1.75,84.75,62.0,788.875,12,0,2,0,2,3,1,0,0,0,1,1,1,0,170.18,177.8,145.0,28.0,30.0,0,0,1,0,0,0,0,0,0,0,0,0,0,0,0,1,0,0,0,0,0,0,1,0
Red,False,0.0,0.0,0.2775,0.4175,0.29,0.6875,0.25,0.25,0.0,0.0,45.0,7.5,56.75,28.5,92.25,31.25,81.0,50.5,5.5,1.5,2.0,1.75,36.0,3.75,43.0,17.75,6.5,1.75,8.75,6.5,2.5,2.0,5.0,4.25,41.5,6.5,49.75,23.25,0.5,0.5,5.25,3.5,3.0,0.5,1.75,1.75,367.25,41.75,711.25,7,0,0,1,2,2,1,0,0,0,1,0,1,0,187.96,190.5,170.0,0.375,0.0,0.2774999999999999,0.20125,0.125,0.2675,0.0,1.0,0.0,0.0,40.375,19.75,45.75,15.875,44.375,23.375,50.375,20.5,0.125,0.125,2.875,1.125,34.25,14.75,35.625,9.0,4.0,3.25,7.375,4.375,2.125,1.75,2.75,2.5,31.875,12.5,39.625,11.5,6.0,5.25,6.125,4.375,2.5,2.0,0.0,0.0,9.125,78.125,279.125,7,0,1,0,1,2,2,0,0,0,0,2,0,0,182.88,187.96,170.0,32.0,34.0,0,0,0,0,0,0,0,0,0,1,0,0,0,0,0,0,0,1,0,0,1,0,0,0
Red,False,0.015625,0.0,0.45,0.4275,0.25,0.2,0.148468017578125,0.098388671875,0.0,0.0,66.5,29.6875,64.31230545043945,27.34375,89.75,48.0,85.53125,44.41152191162109,2.0,0.75,2.0546875,0.75,51.1875,18.3359375,49.6123046875,16.280410766601562,7.5,5.07647705078125,7.5,5.0,4.5,3.625,4.984375,3.9375,48.6875,17.0,47.11572265625,16.5,5.75,3.75,5.3125,3.4375,5.0625,3.5,3.875,2.5,99.2119140625,94.125,638.5,0,0,0,0,0,0,0,0,0,0,0,0,0,0,198.12,205.74,260.0,0.0,0.0,0.68,0.17,0.0,0.0,1.0,0.0,0.0,0.0,22.0,15.0,41.0,7.0,28.0,20.0,43.0,9.0,1.0,0.0,2.0,0.0,13.0,7.0,36.0,5.0,5.0,4.0,3.0,2.0,4.0,4.0,2.0,0.0,19.0,14.0,37.0,6.0,1.0,1.0,4.0,1.0,2.0,0.0,0.0,0.0,33.0,1.0,252.0,1,0,1,0,1,1,0,0,0,0,0,0,1,0,193.04,205.74,245.0,27.0,29.0,0,0,0,0,1,0,0,0,0,0,0,0,0,0,0,1,0,0,0,0,1,0,0,0
Blue,False,0.001953125,0.5625,0.3082617187499999,0.63708984375,0.1028125,0.08953125,0.16796875,0.0390625,0.0,0.0,66.083984375,27.53515625,55.974609375,29.5546875,70.26171875,30.95703125,58.453125,31.794921875,0.61328125,0.39453125,0.802734375,0.4453125,44.98828125,11.466796875,40.486328125,17.541015625,4.642578125,2.4375,10.197265625,7.35546875,16.453125,13.630859375,5.291015625,4.658203125,61.658203125,24.15625,49.828125,25.615234375,2.369140625,1.6796875,2.69140625,1.251953125,2.056640625,1.69921875,3.455078125,2.6875,24.4375,59.431640625,474.611328125,23,0,3,0,3,6,4,0,1,1,2,2,0,0,177.8,177.8,155.0,0.0083866119384765,0.5000152587890625,0.3238827133178711,0.3046707725524902,0.265444221496582,0.0833373165130615,0.015625,0.2032985687255859,0.125004768371582,0.0,149.0401487350464,51.586472511291504,118.87299919128418,39.06141376495361,150.63740825653076,52.80267429351807,122.77135276794434,42.42749977111816,0.7258510589599609,0.286870002746582,2.361475944519043,0.3440923690795898,111.540864944458,25.657780647277832,92.00051975250244,18.7697172164917,27.41370964050293,18.149185180664062,13.829557418823242,8.459248542785645,10.08557415008545,7.779506683349609,13.042922019958496,11.83244800567627,146.5330572128296,50.01130771636963,114.56960391998292,36.36119556427002,1.1182527542114258,0.5095911026000977,2.297958374023437,1.2586336135864258,1.388838768005371,1.0655736923217771,2.005436897277832,1.441584587097168,22.271775245666504,42.12710857391357,829.8610439300537,53,1,0,1,4,11,10,0,0,1,6,4,0,0,177.8,185.42,155.0,29.0,33.0,0,0,0,0,0,0,1,0,0,0,0,0,0,0,0,0,0,1,0,0,0,0,1,0
Blue,False,0.0,0.0,0.64,0.44,0.31,0.0,0.0,0.0,0.0,0.0,78.0,50.0,58.0,26.0,156.0,121.0,136.0,94.0,16.0,5.0,2.0,0.0,69.0,42.0,49.0,19.0,8.0,7.0,5.0,5.0,1.0,1.0,4.0,2.0,29.0,6.0,40.0,10.0,16.0,15.0,12.0,10.0,33.0,29.0,6.0,6.0,699.0,2.0,900.0,3,0,1,0,1,1,0,0,0,0,1,0,0,0,170.18,182.88,145.0,0.0,0.0,0.39328125,0.325703125,0.35671875,0.002578125,0.15625,0.0,0.0,0.03125,178.828125,67.6015625,206.5078125,68.2578125,194.5859375,79.6796875,215.5078125,74.9921875,8.796875,3.5,0.6484375,0.0078125,144.4609375,40.15625,168.5859375,42.5078125,22.3203125,16.2734375,26.9140625,17.171875,12.046875,11.171875,11.0078125,8.578125,168.3203125,62.0234375,202.5,66.8125,4.90625,2.0,3.8359375,1.3984375,5.6015625,3.578125,0.171875,0.046875,121.140625,18.8359375,900.0,24,1,1,0,4,6,2,0,0,1,5,0,0,0,170.18,177.8,145.0,25.0,30.0,0,0,1,0,0,0,0,0,0,0,0,0,0,0,0,1,0,0,0,0,1,0,0,0
Red,False,0.125,0.0,0.563125,0.5237499999999999,0.2875,0.2274999999999999,0.75,1.1875,0.4375,0.125,104.25,57.875,77.0625,39.125,164.1875,105.5625,91.5625,51.5,3.5,1.0,2.375,0.75,86.4375,44.5,56.6875,22.6875,15.0625,10.9375,11.5,8.5,2.75,2.4375,8.875,7.9375,59.0625,21.875,58.1875,23.4375,6.6875,5.9375,12.625,10.1875,38.5,30.0625,6.25,5.5,462.5,167.1875,900.0,15,0,0,3,2,2,3,0,0,1,1,0,0,0,170.18,175.26,115.0,0.0,0.0,0.3392919921875,0.359931640625,0.324814453125,0.021142578125,0.25244140625,0.01220703125,0.05859375,0.14501953125,85.3701171875,25.95556640625,85.85986328125,33.2080078125,94.42626953125,33.81201171875,90.1337890625,37.08984375,1.98046875,0.69580078125,0.64892578125,0.0673828125,76.81884765625,20.05126953125,71.2578125,24.06591796875,4.11669921875,3.4140625,5.7177734375,3.06494140625,4.4345703125,2.490234375,8.88427734375,6.0771484375,68.96875,13.79638671875,76.69921875,28.7255859375,11.22998046875,7.6591796875,8.51806640625,4.060546875,5.17138671875,4.5,0.642578125,0.421875,126.77197265625,33.60546875,738.5546875,32,0,0,1,1,5,7,0,0,1,3,0,1,0,162.56,160.02,115.0,32.0,34.0,0,0,0,0,0,0,0,0,0,0,0,0,0,1,0,0,0,1,0,0,1,0,0,0
Blue,False,0.07818603515625,0.1563720703125,0.5465277099609376,0.5096575927734375,0.32715576171875,0.018607177734375,1.00213623046875,1.01080322265625,0.0,0.0009765625,67.59442138671875,38.2567138671875,46.54541015625,22.63616943359375,93.806884765625,58.44793701171875,57.159423828125,31.79290771484375,4.69183349609375,2.00732421875,0.9798583984375,0.08221435546875,48.60784912109375,22.2127685546875,36.20745849609375,13.30120849609375,12.2642822265625,10.2503662109375,7.626953125,6.63531494140625,6.7222900390625,5.7935791015625,2.71099853515625,2.69964599609375,37.39111328125,16.0296630859375,37.29779052734375,14.34906005859375,10.03607177734375,7.1280517578125,8.68377685546875,7.75469970703125,20.167236328125,15.0989990234375,0.5638427734375,0.53240966796875,378.1593627929688,45.9654541015625,613.8062133789062,32,0,1,0,5,10,5,0,0,1,4,1,4,0,177.8,182.88,155.0,0.0,0.5,0.46125,0.4874999999999999,0.2,0.2,0.0,0.0625,0.1875,0.0,168.8125,81.3125,131.9375,63.75,185.5625,96.0,139.5,71.25,1.25,0.5,3.125,0.75,134.1875,57.5625,104.0625,43.875,32.375,22.0,18.5625,11.125,2.25,1.75,9.3125,8.75,158.8125,74.75,121.9375,57.0625,9.1875,6.375,6.1875,4.25,0.8125,0.1875,3.8125,2.4375,36.8125,28.4375,618.75,13,0,0,1,1,2,3,0,0,1,0,1,0,0,177.8,185.42,170.0,30.0,30.0,0,0,0,0,0,0,1,0,0,0,0,0,0,0,0,0,0,1,0,0,1,0,0,0
Red,False,0.0,0.0,0.305,0.395,0.5,0.165,0.0,0.0,0.0,0.0,238.5,75.5,158.5,63.5,241.0,78.0,160.5,65.5,0.5,0.5,1.5,0.5,201.0,54.0,121.5,36.0,30.0,15.0,11.0,6.0,7.5,6.5,26.0,21.5,234.5,73.5,149.5,58.5,4.0,2.0,9.0,5.0,0.0,0.0,0.0,0.0,16.0,35.0,900.0,6,0,2,0,2,2,0,0,0,0,2,0,0,0,185.42,180.34,170.0,0.75,0.0,0.4375,0.285,0.0,0.105,0.0,0.25,0.0,0.0,30.25,13.75,30.0,9.25,30.5,14.0,34.25,13.5,0.5,0.0,2.0,0.75,17.0,4.0,20.5,4.5,7.0,3.75,4.25,1.5,6.25,6.0,5.25,3.25,29.25,13.0,26.0,7.75,0.25,0.0,2.75,1.0,0.75,0.75,1.25,0.5,6.0,48.25,396.5,5,0,0,1,2,2,1,0,0,0,0,2,0,0,180.34,177.8,170.0,26.0,35.0,0,0,0,0,0,0,0,0,0,1,0,0,0,0,0,1,0,0,0,0,1,0,0,0
Red,False,0.0,0.5,0.0,0.945,0.25,0.5,0.5,0.0,0.0,0.0,0.5,0.0,16.0,14.5,2.5,1.5,18.0,16.5,1.0,0.5,0.5,0.5,0.5,0.0,13.5,12.0,0.0,0.0,2.5,2.5,0.0,0.0,0.0,0.0,0.5,0.0,1.5,1.0,0.0,0.0,4.5,4.5,0.0,0.0,10.0,9.0,59.5,17.5,102.5,2,0,1,0,1,1,1,0,0,0,0,0,1,0,180.34,185.42,170.0,0.000244140625,0.1562501490116119,0.2186055657081306,0.1959738121181726,0.305999388769269,0.0020829982310533,0.5196407251060009,3.14861536026001e-05,0.5175781324505806,0.0081181582063436,30.22561616823077,9.63368595764041,99.94083556719124,27.22088393382728,72.18283129297197,49.66763478890061,113.8411867003888,40.52291791513562,9.107066560536625,2.0915260668843985,0.0032053086906671,0.0022764224559068,29.63763465732336,9.327939482405782,86.53739948198199,18.42121019400656,0.4141848161816597,0.1948253232985735,8.475391646847129,4.582574924454093,0.1737966947257518,0.1109211519360542,4.928044438362122,4.217098815366626,28.57846848294139,8.181455463171005,91.25669654272497,21.966811142861843,0.5087969657033682,0.4146499745547771,1.7549703866243362,1.0003866106271744,1.1383507195860147,1.037580519914627,6.92916863784194,4.253686180338264,245.22332604974508,75.99866323918104,801.8741636928171,82,2,5,0,7,21,9,0,1,1,8,1,10,0,185.42,182.88,170.0,35.0,41.0,0,0,0,0,0,0,0,0,0,1,0,0,0,0,0,1,0,0,0,0,0,0,1,0
Blue,False,0.0,1.0,1.0,0.83,0.0,0.0,0.0,0.0,0.0,0.0,1.0,1.0,12.0,10.0,1.0,1.0,13.0,11.0,0.0,0.0,0.0,0.0,0.0,0.0,9.0,7.0,0.0,0.0,1.0,1.0,1.0,1.0,2.0,2.0,1.0,1.0,6.0,4.0,0.0,0.0,0.0,0.0,0.0,0.0,6.0,6.0,0.0,3.0,86.0,1,0,0,1,0,0,1,0,0,0,0,0,0,0,172.72,180.34,155.0,0.19140625,0.01171875,0.4927343749999999,0.5000781249999999,0.464140625,0.35375,1.5078125,0.515625,0.0390625,0.125,73.20703125,38.5703125,68.64453125,32.57421875,91.88671875,55.5859375,79.47265625,42.19921875,1.7578125,1.1796875,6.60546875,1.2109375,58.04296875,25.4765625,54.32421875,22.73828125,14.0,12.1953125,7.42578125,4.80859375,1.1640625,0.8984375,6.89453125,5.02734375,49.29296875,21.60546875,42.8828125,14.40625,21.0390625,14.98046875,16.6328125,11.0546875,2.875,1.984375,9.12890625,7.11328125,114.01171875,337.640625,673.15625,22,0,1,0,1,4,5,0,0,0,2,2,0,0,182.88,180.34,155.0,26.0,31.0,0,0,0,0,0,0,1,0,0,0,0,0,0,0,0,0,0,0,1,0,0,0,1,0
Blue,False,0.5,0.0,0.525,0.585,0.0,0.25,0.0,0.0,0.0,0.0,29.0,15.0,20.5,13.5,31.5,17.5,23.0,15.5,1.0,0.0,1.0,0.5,25.5,13.0,14.5,8.5,3.0,1.5,5.0,4.0,0.5,0.5,1.0,1.0,22.0,11.0,9.5,3.5,7.0,4.0,4.0,4.0,0.0,0.0,7.0,6.0,6.5,58.0,163.5,2,0,0,1,1,1,1,0,0,0,0,1,0,0,190.5,213.36,257.0,1.0,0.0,0.4775,0.33,0.0,0.125,0.25,0.0,0.0,0.0,85.5,38.25,57.75,26.0,87.75,40.25,62.0,28.75,0.0,0.0,0.75,0.25,59.75,20.5,41.75,15.5,11.0,7.25,9.25,6.25,14.75,10.5,6.75,4.25,71.75,31.0,54.75,24.0,10.25,6.25,3.0,2.0,3.5,1.0,0.0,0.0,22.75,44.75,367.5,5,0,3,0,3,3,0,0,0,1,0,1,1,0,200.66,203.2,258.0,27.0,33.0,0,0,0,0,1,0,0,0,0,0,0,0,0,0,0,0,0,1,0,0,1,0,0,0
Red,False,0.0,0.0,0.48,0.6125,0.155,0.6125,0.25,0.5,0.0,0.25,63.25,32.0,53.0,31.0,76.75,41.5,77.25,52.75,2.25,1.25,3.25,1.0,53.0,24.5,38.0,17.5,8.75,6.0,7.75,6.5,1.5,1.5,7.25,7.0,49.0,20.0,36.5,18.0,9.75,8.25,11.5,9.75,4.5,3.75,5.0,3.25,65.0,157.75,384.0,6,0,2,0,2,2,1,0,0,0,1,0,1,0,157.48000000000002,160.02,115.0,0.0471682548522949,0.0,0.45,0.4217682266235352,0.25,0.19173828125,0.1875,0.125,0.0,0.0,69.5,30.5,66.984375,27.8466796875,94.0,48.544921875,88.50390625,44.75,2.0,0.8125,2.015625,0.6640625,54.0,19.01513671875,51.483436584472656,16.9437255859375,7.91796875,5.430633544921875,7.75,5.0625,4.780975341796875,3.9373779296875,4.8994140625,3.84375,51.025390625,18.400863647460938,50.515625,17.5,5.75,3.75,5.5,3.5,5.375,3.6875,4.0,2.65625,104.865234375,89.5,655.8441009521484,0,0,0,0,0,0,0,0,0,0,0,0,0,0,154.94,154.94,115.0,29.0,23.0,0,0,0,0,0,0,0,0,0,0,0,0,0,1,0,1,0,0,0,0,1,0,0,0
Red,False,0.0,0.5,0.505,0.44,0.0,0.165,0.0,0.0,0.0,0.0,86.0,41.0,113.5,50.0,91.5,46.5,118.5,55.0,0.5,0.0,1.5,0.5,65.5,27.0,87.0,33.5,7.5,5.5,13.0,7.5,13.0,8.5,13.5,9.0,81.0,38.0,98.0,38.5,5.0,3.0,14.0,10.5,0.0,0.0,1.5,1.0,30.0,67.5,571.5,4,0,0,2,0,0,2,0,0,0,0,0,0,0,187.96,195.58,250.0,0.0,0.0,0.17,0.68,0.0,0.0,0.0,1.0,0.0,0.0,41.0,7.0,22.0,15.0,43.0,9.0,28.0,20.0,2.0,0.0,1.0,0.0,36.0,5.0,13.0,7.0,3.0,2.0,5.0,4.0,2.0,0.0,4.0,4.0,37.0,6.0,19.0,14.0,4.0,1.0,1.0,1.0,0.0,0.0,2.0,0.0,1.0,33.0,252.0,1,0,0,1,0,0,1,0,0,0,0,0,0,0,190.5,198.12,262.0,31.0,30.0,0,0,0,0,1,0,0,0,0,0,0,0,0,0,0,1,0,0,0,0,1,0,0,0
Red,False,0.0,0.0,0.618125,0.46375,0.5900000000000001,0.25,0.375,0.125,0.75,0.5625,28.75,18.3125,27.25,12.8125,43.125,32.0,45.1875,28.1875,3.1875,1.8125,0.25,0.25,25.8125,15.625,25.5625,11.4375,1.375,1.125,1.5625,1.25,1.5625,1.5625,0.125,0.125,10.75,5.1875,15.8125,5.125,0.125,0.125,0.75,0.625,17.875,13.0,10.6875,7.0625,343.0625,31.4375,474.9375,8,0,2,0,2,4,1,0,0,0,0,1,3,0,165.1,160.02,125.0,0.0,0.0,0.6,0.4399999999999999,0.1,0.0,0.0,0.0,0.0,0.0,103.5,61.5,77.0,33.0,111.0,68.5,88.0,44.0,2.5,0.5,0.0,0.0,78.0,40.0,57.0,16.5,13.0,11.0,13.0,10.0,12.5,10.5,7.0,6.5,62.5,29.5,57.5,18.0,25.0,20.5,18.5,14.5,16.0,11.5,1.0,0.5,107.5,33.5,451.0,4,0,2,0,2,2,0,0,0,0,0,2,0,0,165.1,165.1,125.0,24.0,21.0,0,0,0,0,0,0,0,0,0,0,0,0,1,0,0,1,0,0,0,0,0,0,0,1
Blue,False,0.1875,0.0,0.4215624999999999,0.4455468749999999,0.10859375,0.11515625,0.0,0.125,0.0,0.0,70.7734375,30.046875,66.6640625,28.171875,80.6171875,38.96875,78.640625,39.71875,1.0078125,0.390625,8.578125,2.0703125,56.234375,17.5703125,44.25,15.390625,6.09375,4.90625,14.609375,8.109375,8.4453125,7.5703125,7.8046875,4.671875,49.75,15.25,47.78125,14.5234375,16.5390625,11.6796875,18.21875,13.125,4.484375,3.1171875,0.6640625,0.5234375,78.8203125,280.8359375,780.71875,17,0,0,4,2,3,5,0,0,0,1,2,0,0,182.88,187.96,185.0,0.0,0.0,0.46,0.48,0.0,0.0,0.0,0.0,0.0,0.0,367.0,169.0,224.0,108.0,369.0,171.0,224.0,108.0,3.0,0.0,0.0,0.0,316.0,125.0,206.0,90.0,46.0,39.0,17.0,17.0,5.0,5.0,1.0,1.0,322.0,137.0,186.0,74.0,45.0,32.0,38.0,34.0,0.0,0.0,0.0,0.0,78.0,3.0,900.0,3,0,1,0,1,1,0,0,0,0,1,0,0,0,167.64,177.8,185.0,28.0,30.0,0,0,0,0,0,0,0,1,0,0,0,0,0,0,0,1,0,0,0,0,1,0,0,0
Red,False,0.015625,0.0,0.45,0.4275,0.25,0.2,0.148468017578125,0.098388671875,0.0,0.0,66.5,29.6875,64.31230545043945,27.34375,89.75,48.0,85.53125,44.41152191162109,2.0,0.75,2.0546875,0.75,51.1875,18.3359375,49.6123046875,16.280410766601562,7.5,5.07647705078125,7.5,5.0,4.5,3.625,4.984375,3.9375,48.6875,17.0,47.11572265625,16.5,5.75,3.75,5.3125,3.4375,5.0625,3.5,3.875,2.5,99.2119140625,94.125,638.5,0,0,0,0,0,0,0,0,0,0,0,0,0,0,170.18,172.72,125.0,0.0,0.0,0.46,0.29,0.545,0.125,0.5,0.25,0.25,0.0,164.0,83.25,206.5,57.0,165.25,84.5,210.0,59.75,3.75,1.5,1.0,0.5,130.75,55.75,172.25,34.0,10.25,7.75,22.75,13.75,23.0,19.75,11.5,9.25,147.5,73.0,196.0,50.75,7.25,5.0,4.5,2.75,9.25,5.25,6.0,3.5,41.0,85.5,781.25,8,0,0,1,2,2,1,0,0,0,2,0,0,0,162.56,157.48,125.0,23.0,29.0,0,0,0,0,0,0,0,0,0,0,0,0,1,0,0,1,0,0,0,0,1,0,0,0
Red,False,0.125,0.0,0.6125,0.58125,0.65,0.625,0.875,0.5,0.75,0.625,36.125,22.125,45.0,26.125,52.25,36.75,55.5,35.0,2.875,1.875,1.125,1.125,29.125,17.125,29.5,13.375,7.0,5.0,7.375,5.125,0.0,0.0,8.125,7.625,25.375,12.5,32.125,15.5,1.25,1.25,5.0,4.25,9.5,8.375,7.875,6.375,225.125,202.875,561.25,7,0,3,0,3,3,1,0,0,0,0,0,3,0,177.8,180.34,145.0,0.0,0.75,0.35625,0.463125,0.21375,0.26375,0.3125,0.3125,0.1875,0.375,210.4375,74.5625,140.4375,64.875,217.0,79.25,163.8125,85.6875,8.0,1.8125,2.0,0.75,156.0,42.75,112.375,44.8125,19.375,7.25,16.125,9.625,35.0625,24.5625,11.9375,10.4375,201.6875,70.375,125.5,54.3125,5.0,2.0625,10.3125,7.0,3.75,2.125,4.625,3.5625,128.1875,65.375,808.4375,15,0,0,1,1,2,3,0,0,0,1,0,1,0,175.26,175.26,145.0,25.0,33.0,0,0,1,0,0,0,0,0,0,0,0,0,0,0,0,1,0,0,0,0,0,0,0,1
Red,False,0.015625,0.0,0.45,0.4275,0.25,0.2,0.148468017578125,0.098388671875,0.0,0.0,66.5,29.6875,64.31230545043945,27.34375,89.75,48.0,85.53125,44.41152191162109,2.0,0.75,2.0546875,0.75,51.1875,18.3359375,49.6123046875,16.280410766601562,7.5,5.07647705078125,7.5,5.0,4.5,3.625,4.984375,3.9375,48.6875,17.0,47.11572265625,16.5,5.75,3.75,5.3125,3.4375,5.0625,3.5,3.875,2.5,99.2119140625,94.125,638.5,0,0,0,0,0,0,0,0,0,0,0,0,0,0,182.88,180.34,145.0,0.0156326591968536,0.252532958984375,0.3342373439669609,0.5924821949005128,0.1481321367621421,0.0663650918006897,0.2201833724975586,0.1253128051757812,0.0017133057117462,0.0001226067543029,89.66949999332428,33.78529033064842,145.58671635389328,88.8906751871109,95.7966361641884,39.536866426467896,157.8265175819397,99.19638830423357,2.164024502038956,0.7887055277824402,0.4408388137817383,0.3239867687225342,82.43541106581688,28.79637974500656,109.86581444740295,56.576780289411545,6.121965318918228,4.439531236886978,28.941339433193207,25.66388574242592,1.1121236085891724,0.5493793487548828,6.779562473297119,6.6500091552734375,71.21872094273567,22.294733077287678,89.74538969993591,48.03825035691261,13.161662012338638,6.892547756433487,38.138414442539215,28.71950346231461,5.2891170382499695,4.598009496927261,17.702912211418152,12.132921367883682,80.11549732089043,93.66560080647469,524.864085227251,52,0,3,0,3,14,12,0,0,1,1,4,7,1,177.8,180.34,155.0,27.0,35.0,0,0,0,0,0,0,1,0,0,0,0,0,0,0,0,0,0,0,1,0,1,0,0,0
Red,False,0.0068359375,0.8125,0.399852294921875,0.5464050292968751,0.75519775390625,0.056875,0.6351318359375,0.03125,0.0,0.0001220703125,127.256591796875,48.273681640625,99.6363525390625,55.509765625,145.2640380859375,63.7001953125,116.2618408203125,71.5838623046875,5.3363037109375,2.9716796875,0.44091796875,0.1875,108.8092041015625,35.51513671875,72.8157958984375,34.88623046875,15.1485595703125,9.8822021484375,18.426025390625,14.502685546875,3.298828125,2.8763427734375,8.39453125,6.120849609375,115.7996826171875,40.62060546875,77.4774169921875,38.549560546875,8.1500244140625,5.30078125,14.5491943359375,10.4208984375,3.306884765625,2.352294921875,7.6097412109375,6.539306640625,175.051513671875,27.5863037109375,741.6328125,35,5,9,0,9,10,4,0,0,0,3,4,3,0,187.96,198.12,185.0,0.4375,0.0,0.4787499999999999,0.404375,0.0625,0.113125,0.0625,0.0,0.0,0.0,105.25,49.8125,70.4375,28.0625,109.75,53.875,77.8125,35.3125,1.6875,0.0625,6.0625,0.8125,68.75,22.3125,56.3125,18.5625,21.625,14.125,6.125,4.25,14.875,13.375,8.0,5.25,93.3125,40.25,65.6875,25.1875,10.125,8.375,4.1875,2.8125,1.8125,1.1875,0.5625,0.0625,29.8125,73.5,712.375,9,0,5,0,5,5,0,0,0,1,1,2,1,0,193.04,195.58,205.0,35.0,29.0,0,0,0,0,0,1,0,0,0,0,0,0,0,0,0,1,0,0,0,0,0,0,1,0
Red,False,0.1767892930656671,0.1875077486038208,0.1718956600595265,0.7495651093684137,0.0001022200658917,0.0985477103479206,0.003925334662199,0.0088055673986673,1.940876245498657e-06,0.0039062714204192,52.52091157902032,18.042799905873835,49.77100491151214,25.96129872556776,53.8176295645535,19.33704211190343,54.39725740067661,29.57467108592391,0.0236960984766483,0.0004085563123226,2.1175316646695137,0.7910320507362485,41.97528618853539,10.375878512859344,37.21443306840956,15.64670353103429,5.484291357919574,3.709596471861005,5.41413551568985,3.879579586908221,5.061334032565355,3.9573249211534858,7.1424363274127245,6.435015607625246,50.284811411984265,16.66526035219431,43.21112594567239,21.336784103885293,1.3617831282317638,0.7717835381627083,0.5727846696972847,0.5102404542267323,0.8743170388042927,0.6057560155168176,5.987094296142459,4.114274167455733,2.962577714584768,46.60332153830677,331.84752931818366,80,0,0,1,3,15,16,0,0,1,6,7,0,1,175.26,180.34,145.0,0.328125,0.0,0.7115625,0.218203125,0.0381640625,0.0842578125,0.15234375,0.0,0.0078125,0.0,93.85546875,41.0859375,99.56640625,43.2890625,99.12109375,45.921875,105.44140625,48.390625,1.19140625,0.08984375,1.76953125,0.19921875,67.5625,21.12109375,91.9765625,38.18359375,12.0234375,7.890625,4.77734375,3.30859375,14.26953125,12.07421875,2.8125,1.796875,84.64453125,35.875,84.203125,31.2421875,3.59375,2.33203125,4.171875,3.25,5.6171875,2.87890625,11.19140625,8.796875,11.859375,88.24609375,545.234375,26,1,6,0,6,7,2,0,0,2,2,3,0,0,180.34,180.34,145.0,33.0,27.0,0,0,1,0,0,0,0,0,0,0,0,0,0,0,0,1,0,0,0,0,1,0,0,0
Red,False,0.0,1.0,0.0,1.0,0.0,0.0,0.0,0.0,0.0,0.0,0.0,0.0,5.0,5.0,0.0,0.0,5.0,5.0,0.0,0.0,0.0,0.0,0.0,0.0,5.0,5.0,0.0,0.0,0.0,0.0,0.0,0.0,0.0,0.0,0.0,0.0,2.0,2.0,0.0,0.0,0.0,0.0,0.0,0.0,3.0,3.0,0.0,2.0,25.0,1,0,0,1,0,0,1,0,0,0,0,0,0,0,175.26,175.26,135.0,0.0,0.0,0.45,0.39,0.0,0.0,0.0,1.0,0.0,0.0,101.0,46.0,88.0,35.0,104.0,49.0,93.0,40.0,0.0,0.0,0.0,0.0,89.0,37.0,67.0,20.0,11.0,8.0,11.0,6.0,1.0,1.0,10.0,9.0,98.0,44.0,82.0,30.0,3.0,2.0,6.0,5.0,0.0,0.0,0.0,0.0,37.0,75.0,372.0,2,0,0,1,0,0,1,0,0,0,0,0,0,0,175.26,185.42,135.0,28.0,25.0,1,0,0,0,0,0,0,0,0,0,0,0,0,0,0,0,0,1,0,0,0,0,0,1
Red,False,0.0,0.0,0.55125,0.5874999999999999,0.22875,0.4375,0.875,1.125,0.5,0.625,99.5,55.0,83.625,43.0,194.25,145.625,102.875,58.75,2.875,0.875,5.625,2.875,60.25,23.0,59.875,24.375,20.375,14.875,12.25,7.5,18.875,17.125,11.5,11.125,78.75,38.0,55.0,26.375,10.375,9.0,13.875,9.625,10.375,8.0,14.75,7.0,197.0,267.25,893.125,12,0,0,1,3,3,1,0,0,1,1,0,1,0,190.5,205.74,185.0,0.0471682548522949,0.0,0.45,0.4217682266235352,0.25,0.19173828125,0.1875,0.125,0.0,0.0,69.5,30.5,66.984375,27.8466796875,94.0,48.544921875,88.50390625,44.75,2.0,0.8125,2.015625,0.6640625,54.0,19.01513671875,51.483436584472656,16.9437255859375,7.91796875,5.430633544921875,7.75,5.0625,4.780975341796875,3.9373779296875,4.8994140625,3.84375,51.025390625,18.400863647460938,50.515625,17.5,5.75,3.75,5.5,3.5,5.375,3.6875,4.0,2.65625,104.865234375,89.5,655.8441009521484,0,0,0,0,0,0,0,0,0,0,0,0,0,0,187.96,190.5,185.0,26.0,23.0,0,0,0,0,0,0,0,1,0,0,0,0,0,0,0,1,0,0,0,0,1,0,0,0
Blue,False,0.015625,0.0,0.45,0.4275,0.25,0.2,0.148468017578125,0.098388671875,0.0,0.0,66.5,29.6875,64.31230545043945,27.34375,89.75,48.0,85.53125,44.41152191162109,2.0,0.75,2.0546875,0.75,51.1875,18.3359375,49.6123046875,16.280410766601562,7.5,5.07647705078125,7.5,5.0,4.5,3.625,4.984375,3.9375,48.6875,17.0,47.11572265625,16.5,5.75,3.75,5.3125,3.4375,5.0625,3.5,3.875,2.5,99.2119140625,94.125,638.5,0,0,0,0,0,0,0,0,0,0,0,0,0,0,187.96,198.12,145.0,0.03125,0.0,0.3340625,0.440625,0.1215625,0.2803125,0.0,0.0,0.0,0.0,123.5625,40.21875,192.53125,87.65625,128.0,44.5,201.90625,95.78125,8.625,1.4375,4.28125,1.9375,100.8125,28.0625,145.59375,51.15625,10.40625,5.25,30.8125,22.4375,12.34375,6.90625,16.125,14.0625,114.8125,36.25,183.625,81.125,7.4375,2.84375,4.46875,3.46875,1.3125,1.125,4.4375,3.0625,96.46875,105.09375,900.0,18,0,0,1,1,2,4,0,0,1,1,0,0,0,170.18,177.8,145.0,27.0,32.0,0,0,1,0,0,0,0,0,0,0,0,0,0,0,0,1,0,0,0,0,1,0,0,0
Blue,False,0.015625,0.0,0.45,0.4275,0.25,0.2,0.148468017578125,0.098388671875,0.0,0.0,66.5,29.6875,64.31230545043945,27.34375,89.75,48.0,85.53125,44.41152191162109,2.0,0.75,2.0546875,0.75,51.1875,18.3359375,49.6123046875,16.280410766601562,7.5,5.07647705078125,7.5,5.0,4.5,3.625,4.984375,3.9375,48.6875,17.0,47.11572265625,16.5,5.75,3.75,5.3125,3.4375,5.0625,3.5,3.875,2.5,99.2119140625,94.125,638.5,0,0,0,0,0,0,0,0,0,0,0,0,0,0,187.96,190.5,255.0,0.0,0.5,0.5,0.3175,0.375,0.0,0.0,0.0,0.0,0.0,56.5,22.5,81.5,37.5,62.5,28.25,84.25,40.0,0.75,0.5,0.0,0.0,38.0,10.0,58.5,22.0,10.75,5.75,17.0,10.25,7.75,6.75,6.0,5.25,52.25,19.5,68.75,27.5,3.25,2.0,7.25,5.5,1.0,1.0,5.5,4.5,16.5,23.25,530.5,6,0,0,1,1,1,2,0,0,0,0,1,0,0,200.66,208.28,245.0,28.0,29.0,0,0,0,0,1,0,0,0,0,0,0,0,0,0,0,1,0,0,0,0,1,0,0,0
Blue,False,0.015625,0.0,0.45,0.4275,0.25,0.2,0.148468017578125,0.098388671875,0.0,0.0,66.5,29.6875,64.31230545043945,27.34375,89.75,48.0,85.53125,44.41152191162109,2.0,0.75,2.0546875,0.75,51.1875,18.3359375,49.6123046875,16.280410766601562,7.5,5.07647705078125,7.5,5.0,4.5,3.625,4.984375,3.9375,48.6875,17.0,47.11572265625,16.5,5.75,3.75,5.3125,3.4375,5.0625,3.5,3.875,2.5,99.2119140625,94.125,638.5,0,0,0,0,0,0,0,0,0,0,0,0,0,0,177.8,182.88,170.0,0.75,0.01580810546875,0.3551153564453125,0.3972216796875,0.1157330322265625,0.1898077392578125,0.039306640625,0.13671875,0.25,0.0,184.6019287109375,58.4681396484375,139.92828369140625,54.03289794921875,212.990234375,84.130859375,150.85406494140625,63.80096435546875,7.74468994140625,0.72332763671875,2.93743896484375,0.64080810546875,133.34326171875,27.2073974609375,121.1654052734375,40.271484375,27.9063720703125,12.55023193359375,15.88885498046875,11.02301025390625,23.352294921875,18.71051025390625,2.8740234375,2.7384033203125,170.631591796875,47.700927734375,128.9677734375,46.858154296875,5.2386474609375,3.267578125,7.23760986328125,4.86602783203125,8.731689453125,7.4996337890625,3.722900390625,2.3087158203125,173.98919677734375,90.6663818359375,889.8853759765625,42,1,3,0,3,8,7,0,0,1,5,0,2,0,180.34,190.5,170.0,26.0,34.0,0,0,0,0,0,0,0,0,0,1,0,0,0,0,0,1,0,0,0,0,1,0,0,0
Red,False,0.265625,0.265625,0.51921875,0.56,0.2046875,0.2275,0.015625,0.125,0.0,0.0,71.140625,35.015625,53.515625,29.78125,122.046875,81.046875,73.703125,47.859375,7.828125,2.03125,1.90625,0.5625,54.9375,22.84375,39.875,18.453125,7.90625,4.796875,9.578125,8.0625,8.296875,7.375,4.0625,3.265625,51.671875,18.875,30.09375,12.453125,13.625,10.9375,15.765625,12.6875,5.84375,5.203125,7.65625,4.640625,207.171875,194.0625,700.703125,16,0,0,1,2,4,3,0,0,0,4,0,0,0,182.88,190.5,205.0,0.5,0.0,0.435,0.375,0.25,0.18,1.0,0.5,0.5,0.0,64.5,29.5,41.5,18.0,66.5,31.5,51.0,27.0,1.0,0.5,5.5,2.0,59.0,24.5,37.5,14.0,4.5,4.5,3.0,3.0,1.0,0.5,1.0,1.0,48.5,16.5,29.5,10.0,3.0,2.5,1.5,1.0,13.0,10.5,10.5,7.0,176.0,151.5,513.5,4,0,2,0,2,2,0,0,0,0,1,1,0,0,195.58,200.66,205.0,29.0,28.0,0,0,0,0,0,1,0,0,0,0,0,0,0,0,0,1,0,0,0,0,1,0,0,0
Blue,False,0.0,0.0,0.51,0.28,0.4,0.0,2.0,0.0,0.0,1.0,41.0,21.0,25.0,7.0,92.0,67.0,37.0,18.0,5.0,2.0,0.0,0.0,35.0,16.0,21.0,4.0,5.0,4.0,4.0,3.0,1.0,1.0,0.0,0.0,22.0,10.0,21.0,4.0,5.0,4.0,2.0,2.0,14.0,7.0,2.0,1.0,272.0,94.0,430.0,2,0,1,0,1,1,0,0,0,0,0,0,1,0,160.02,167.64,125.0,0.5,0.5,0.47,0.3,0.08,0.0,1.0,0.0,0.0,0.0,87.5,42.5,83.5,29.0,91.0,46.0,95.0,39.5,3.0,0.5,0.0,0.0,70.5,26.5,66.5,16.0,8.5,7.5,11.5,8.5,8.5,8.5,5.5,4.5,68.5,26.0,75.0,21.5,10.5,9.5,8.5,7.5,8.5,7.0,0.0,0.0,179.5,21.0,523.5,4,0,2,0,2,2,0,0,0,1,0,0,1,0,162.56,160.02,115.0,26.0,26.0,0,0,0,0,0,0,0,0,0,0,0,0,0,1,0,1,0,0,0,0,1,0,0,0
Red,False,0.0,0.0,0.42,0.62,1.0,0.5,0.0,0.0,0.0,0.0,70.0,30.0,85.0,53.0,130.0,86.0,132.0,95.0,1.0,1.0,4.0,2.0,53.0,16.0,73.0,41.0,7.0,5.0,7.0,7.0,10.0,9.0,5.0,5.0,63.0,24.0,59.0,31.0,5.0,4.0,3.0,3.0,2.0,2.0,23.0,19.0,101.0,551.0,900.0,3,0,0,1,0,0,1,0,0,0,0,0,0,0,185.42,190.5,155.0,0.0,0.0,0.29,0.56,0.0,0.5,0.0,1.0,0.0,0.0,44.0,13.0,87.0,49.0,49.0,17.0,122.0,81.0,0.0,0.0,6.0,3.0,29.0,5.0,71.0,36.0,13.0,6.0,6.0,4.0,2.0,2.0,10.0,9.0,42.0,11.0,62.0,28.0,2.0,2.0,5.0,4.0,0.0,0.0,20.0,17.0,0.0,327.0,555.0,2,0,0,1,0,0,1,0,0,0,0,0,0,0,182.88,182.88,145.0,27.0,27.0,0,0,0,0,0,0,1,0,0,0,0,0,0,0,0,1,0,0,0,0,1,0,0,0
Red,False,0.0,0.0,0.2,0.28,0.5,0.0,1.0,0.0,0.0,0.0,10.0,2.0,14.0,4.0,11.0,3.0,14.0,4.0,2.0,1.0,0.0,0.0,6.0,1.0,13.0,3.0,0.0,0.0,0.0,0.0,4.0,1.0,1.0,1.0,10.0,2.0,14.0,4.0,0.0,0.0,0.0,0.0,0.0,0.0,0.0,0.0,74.0,0.0,126.0,1,0,1,0,1,1,0,0,0,0,0,0,1,0,175.26,177.8,145.0,0.0081634521484375,0.25,0.5016342163085937,0.4398417663574219,0.035084228515625,0.1386715698242187,0.0078277587890625,0.3828277587890625,0.015625,0.008056640625,174.27613830566406,88.56582641601562,180.3046722412109,85.73974609375,178.5632781982422,92.08056640625,190.25711059570312,94.90464782714844,1.1861114501953125,0.1020965576171875,2.0073394775390625,0.36004638671875,115.38885498046876,45.1470947265625,141.51881408691406,53.23774719238281,20.084381103515625,12.494857788085938,16.770431518554688,11.69677734375,38.80290222167969,30.923873901367188,22.015426635742188,20.805221557617188,161.98947143554688,77.56724548339844,170.07733154296875,78.81999206542969,8.992218017578125,7.8268890380859375,6.94317626953125,5.013427734375,3.2944488525390625,3.17169189453125,3.284164428710937,1.9063262939453125,57.88807678222656,36.58970642089844,733.2710266113281,49,0,0,1,6,10,7,0,0,0,6,4,0,0,172.72,177.8,145.0,31.0,35.0,0,0,1,0,0,0,0,0,0,0,0,0,0,0,0,0,0,1,0,0,1,0,0,0
Red,False,0.125,0.0,0.48125,0.5449999999999999,0.72125,0.435,0.625,0.375,1.25,0.125,115.5,60.375,55.875,27.75,126.75,70.75,65.375,37.0,2.5,1.0,4.125,1.875,108.75,55.25,33.875,8.25,6.5,4.875,7.125,5.125,0.25,0.25,14.875,14.375,55.75,21.5,48.0,23.75,12.625,7.75,4.625,2.875,47.125,31.125,3.25,1.125,346.875,113.5,701.0,10,0,1,0,2,3,1,0,0,0,1,1,1,0,190.5,190.5,155.0,0.0,1.0,0.3675,0.365,0.2324999999999999,0.05,1.25,0.75,1.25,0.5,90.0,34.25,108.75,38.75,99.25,43.25,116.25,45.75,8.0,2.5,1.25,0.25,65.0,21.0,91.0,27.25,16.5,6.0,13.75,8.25,8.5,7.25,4.0,3.25,82.0,28.75,101.0,35.25,4.0,2.0,4.75,1.25,4.0,3.5,3.0,2.25,164.0,38.0,690.0,7,0,0,2,1,1,2,0,0,0,1,0,0,0,175.26,180.34,155.0,26.0,29.0,0,0,0,0,0,0,1,0,0,0,0,0,0,0,0,0,0,1,0,0,1,0,0,0
Red,False,0.03125,0.0625,0.466328125,0.56296875,0.35265625,0.771875,1.640625,0.78125,1.71875,1.0,22.921875,10.3046875,31.921875,18.84375,55.484375,34.5703125,61.2734375,44.046875,4.890625,2.234375,1.484375,0.984375,18.640625,6.4453125,27.53125,15.6953125,2.8984375,2.4765625,2.9609375,1.7421875,1.3828125,1.3828125,1.4296875,1.40625,13.40625,4.7890625,13.6484375,5.4375,3.8046875,2.4921875,1.65625,1.015625,5.7109375,3.0234375,16.6171875,12.390625,316.5390625,243.1796875,672.828125,15,0,2,0,2,5,3,0,0,0,0,1,4,0,185.42,195.58,185.0,0.6953125,1.0,0.542890625,0.5784375,0.04953125,0.078125,0.0625,0.0078125,0.0,0.0625,51.0,22.234375,82.5546875,41.15625,53.625,24.7734375,86.5625,44.78125,1.25,0.4453125,3.140625,0.140625,45.8046875,18.75,49.0390625,15.78125,4.9765625,3.2734375,15.109375,10.328125,0.21875,0.2109375,18.40625,15.046875,41.234375,15.328125,69.3359375,32.484375,6.5859375,4.015625,8.4921875,6.65625,3.1796875,2.890625,4.7265625,2.015625,46.5,54.3671875,492.140625,22,0,2,0,2,4,4,0,0,0,1,3,0,0,185.42,190.5,185.0,31.0,32.0,0,0,0,0,0,0,0,1,0,0,0,0,0,0,0,0,0,1,0,0,0,0,1,0
Red,False,0.0,0.03125,0.54625,0.479375,0.4475,0.140625,0.59375,0.421875,0.0625,0.03125,122.609375,63.734375,109.625,53.359375,149.90625,90.265625,136.125,75.8125,3.78125,1.59375,1.3125,0.359375,78.65625,30.453125,64.390625,20.375,24.34375,18.59375,25.515625,18.84375,19.609375,14.6875,19.71875,14.140625,87.0,32.890625,85.875,32.375,22.546875,19.171875,19.03125,16.765625,13.0625,11.671875,4.71875,4.21875,216.5625,160.515625,873.328125,18,0,2,0,3,5,2,0,0,1,2,0,2,0,160.02,157.48,115.0,0.00048828125,0.0703125,0.3394189453125,0.4258642578125,0.01953125,0.24716796875,0.0,0.00048828125,0.0,0.0,235.19482421875,85.2138671875,167.69091796875,71.15673828125,267.560546875,115.400390625,190.78271484375,92.41259765625,0.03125,0.0234375,10.251953125,2.7275390625,142.408203125,24.998046875,124.62744140625,42.173828125,57.1259765625,34.94384765625,17.685546875,11.1533203125,35.66064453125,25.27197265625,25.3779296875,17.82958984375,209.4443359375,66.8662109375,147.830078125,56.525390625,25.708984375,18.31396484375,15.10986328125,10.0849609375,0.04150390625,0.03369140625,4.7509765625,4.54638671875,47.728515625,341.7177734375,1264.9345703125,45,9,8,0,8,9,3,0,0,1,6,2,0,0,167.64,165.1,115.0,33.0,32.0,0,0,0,0,0,0,0,0,0,0,0,0,0,1,0,1,0,0,0,0,1,0,0,0
Red,False,0.109619140625,0.6337890625,0.3853955078125,0.47865478515625,0.03515625,0.0968017578125,0.024658203125,0.0625,0.000732421875,0.0,60.343017578125,26.337158203125,61.348388671875,28.661376953125,62.885986328125,28.880126953125,65.28759765625,32.59423828125,0.141845703125,0.0703125,0.32177734375,0.267822265625,39.047119140625,10.251708984375,39.3349609375,15.84130859375,10.821044921875,7.493408203125,5.79443359375,2.624755859375,10.474853515625,8.592041015625,16.218994140625,10.1953125,56.86279296875,24.4267578125,56.660400390625,24.881591796875,2.815673828125,1.433837890625,2.95263671875,2.07763671875,0.66455078125,0.4765625,1.7353515625,1.7021484375,36.68212890625,29.333984375,398.61572265625,26,0,5,0,5,9,4,0,0,0,4,2,3,0,190.5,193.04,155.0,0.76171875,0.14453125,0.42234375,0.6323828125,0.0447265625,0.53625,0.1015625,0.0234375,0.59375,0.0,52.62109375,22.58203125,51.74609375,32.79296875,68.4453125,34.73828125,60.4765625,40.7734375,1.44140625,0.12890625,2.5625,1.34375,38.28515625,14.40234375,48.46484375,30.42578125,10.359375,4.81640625,2.16015625,1.5,3.9765625,3.36328125,1.12109375,0.8671875,38.08203125,14.23046875,25.98046875,13.51953125,7.0078125,4.3125,5.26171875,3.77734375,7.53125,4.0390625,20.50390625,15.49609375,40.26953125,148.75390625,360.7421875,14,0,1,0,2,5,4,0,0,0,0,3,2,0,182.88,193.04,170.0,32.0,30.0,0,0,0,0,0,0,0,0,0,1,0,0,0,0,0,1,0,0,0,0,1,0,0,0
Blue,False,0.078125,0.015625,0.4207031249999999,0.34359375,0.0,0.627578125,0.6953125,0.0,0.5,0.125,98.3828125,43.03125,65.3671875,24.2734375,104.3984375,48.6484375,67.75,26.3828125,0.5234375,0.0,1.1015625,0.9453125,84.96875,33.9140625,45.546875,13.953125,8.953125,5.734375,12.0703125,5.5,4.4609375,3.3828125,7.75,4.8203125,79.0625,32.7421875,60.6875,21.0859375,4.390625,2.2109375,3.03125,2.078125,14.9296875,8.078125,1.6484375,1.109375,41.375,75.0390625,504.3125,19,0,2,0,2,5,3,0,0,1,2,1,1,0,180.34,182.88,170.0,0.375,0.0,0.54421875,0.4675,0.4575,0.1509375,1.515625,0.0,0.265625,0.0,112.546875,63.90625,133.703125,63.390625,131.4375,80.59375,146.421875,75.0625,6.84375,3.625,1.421875,0.28125,83.625,39.515625,101.140625,40.640625,22.609375,18.359375,20.25,12.4375,6.3125,6.03125,12.3125,10.3125,87.046875,46.109375,114.546875,48.953125,21.25,15.109375,18.109375,13.734375,4.25,2.6875,1.046875,0.703125,239.0625,142.78125,884.25,19,0,0,1,1,3,4,0,1,0,1,1,0,0,180.34,193.04,170.0,29.0,33.0,0,0,0,0,0,0,0,0,0,1,0,0,0,0,0,1,0,0,0,0,1,0,0,0
Red,False,0.001953125,0.0,0.44755859375,0.46822265625,0.7087890625,0.3454296875,1.2734375,0.703125,1.375,0.611328125,33.85546875,17.521484375,23.01171875,10.09375,75.998046875,53.69140625,31.435546875,18.123046875,3.201171875,2.380859375,1.572265625,0.88671875,24.298828125,12.00390625,19.232421875,7.09765625,5.181640625,3.34765625,2.544921875,2.02734375,4.375,2.169921875,1.234375,0.96875,17.525390625,6.71484375,17.552734375,6.30078125,3.849609375,2.6328125,1.90234375,1.03125,12.48046875,8.173828125,3.556640625,2.76171875,248.02734375,126.267578125,465.0625,27,1,0,1,2,4,6,0,0,0,3,0,1,0,170.18,167.64,125.0,0.84375,0.0,0.52125,0.4390625,0.4834375,0.2696874999999999,0.46875,0.125,0.0,0.0,80.0625,43.6875,96.375,40.75,93.09375,55.59375,110.65625,52.96875,2.84375,1.46875,6.90625,1.96875,66.4375,32.65625,77.84375,27.46875,11.84375,9.75,9.84375,6.75,1.78125,1.28125,8.6875,6.53125,54.9375,27.3125,79.28125,29.65625,10.78125,6.625,11.0,7.71875,14.34375,9.75,6.09375,3.375,129.5,154.84375,818.75,15,0,4,0,4,5,1,0,0,1,1,3,0,0,165.1,172.72,125.0,32.0,31.0,0,0,0,1,0,0,0,0,0,0,0,0,0,0,0,0,0,1,0,0,1,0,0,0
Red,False,0.25,0.25,0.38,0.37,0.25,0.425,0.0,0.75,0.0,0.0,131.75,53.5,119.75,43.75,134.5,55.75,171.0,91.0,0.25,0.25,6.5,2.25,118.75,46.25,91.5,26.75,11.75,6.5,13.0,8.5,1.25,0.75,15.25,8.5,129.5,52.25,100.0,28.0,1.75,1.0,3.75,3.5,0.5,0.25,16.0,12.25,8.0,318.25,888.0,9,0,1,0,1,2,1,0,0,1,1,0,0,0,172.72,190.5,135.0,0.443359375,0.0,0.51412109375,0.464951171875,0.6419140624999999,0.3589794921875,0.771484375,0.0,0.0,0.00146484375,35.978515625,17.24609375,45.41064453125,21.61572265625,52.55615234375,28.02734375,52.44775390625,27.90283203125,1.01220703125,0.81591796875,1.89501953125,0.923828125,20.1328125,8.81201171875,31.15966796875,11.64501953125,8.27001953125,3.1787109375,7.650390625,5.11181640625,7.57568359375,5.25537109375,6.6005859375,4.85888671875,28.02001953125,10.71875,26.84814453125,10.75439453125,3.22705078125,2.7890625,3.75634765625,2.65869140625,4.7314453125,3.73828125,14.80615234375,8.20263671875,86.9296875,125.49267578125,409.48388671875,28,0,0,1,4,8,4,0,0,0,1,3,4,0,172.72,177.8,135.0,31.0,26.0,1,0,0,0,0,0,0,0,0,0,0,0,0,0,0,0,0,1,0,0,0,0,0,1
Red,False,0.0,0.5,0.415,0.4,0.5,0.0,0.0,0.0,0.0,0.0,130.0,54.0,173.0,64.5,132.5,56.5,176.5,66.5,1.0,1.0,0.0,0.0,97.5,31.0,143.5,44.0,11.0,6.5,17.0,9.0,21.5,16.5,12.5,11.5,123.5,50.5,167.0,60.5,6.0,3.0,2.5,1.5,0.5,0.5,3.5,2.5,27.0,2.0,742.5,5,0,0,2,0,0,2,0,0,0,0,0,0,0,180.34,182.88,170.0,0.0471682548522949,0.0,0.45,0.4217682266235352,0.25,0.19173828125,0.1875,0.125,0.0,0.0,69.5,30.5,66.984375,27.8466796875,94.0,48.544921875,88.50390625,44.75,2.0,0.8125,2.015625,0.6640625,54.0,19.01513671875,51.483436584472656,16.9437255859375,7.91796875,5.430633544921875,7.75,5.0625,4.780975341796875,3.9373779296875,4.8994140625,3.84375,51.025390625,18.400863647460938,50.515625,17.5,5.75,3.75,5.5,3.5,5.375,3.6875,4.0,2.65625,104.865234375,89.5,655.8441009521484,0,0,0,0,0,0,0,0,0,0,0,0,0,0,187.96,187.96,170.0,31.0,27.0,0,0,0,0,0,0,0,0,0,1,0,0,0,0,0,1,0,0,0,0,1,0,0,0
Red,False,0.25,0.0625,0.48875,0.50875,0.218125,0.0,0.0,0.0,0.0,0.0625,150.84375,73.46875,140.375,73.28125,190.1875,107.53125,155.71875,87.25,7.375,1.8125,0.875,0.0,119.21875,49.65625,114.09375,51.21875,22.59375,17.5625,22.40625,18.71875,9.03125,6.25,3.875,3.34375,129.375,57.53125,107.46875,47.65625,14.5625,9.90625,29.8125,22.53125,6.90625,6.03125,3.09375,3.09375,330.40625,11.53125,865.5,18,1,2,0,2,4,2,0,0,0,4,0,0,0,185.42,187.96,185.0,0.0,0.0,0.44375,0.4159374999999999,0.42125,0.025,0.3125,0.0,0.0,0.0,145.3125,64.28125,109.1875,44.3125,170.5,88.34375,116.15625,50.78125,4.125,1.75,3.53125,0.15625,128.59375,50.59375,76.6875,22.40625,8.46875,6.75,12.90625,7.96875,8.25,6.9375,19.59375,13.9375,120.3125,47.40625,104.34375,40.46875,17.59375,11.5625,4.46875,3.625,7.40625,5.3125,0.375,0.21875,162.46875,33.875,880.3125,16,0,1,0,1,3,3,0,0,0,2,0,1,0,182.88,187.96,185.0,31.0,26.0,0,0,0,0,0,0,0,1,0,0,0,0,0,0,0,1,0,0,0,0,0,0,1,0
Red,False,0.0,0.0,0.39,0.4825,0.25,0.5625,0.0,0.25,0.0,0.0,107.75,42.25,102.5,45.0,147.5,76.75,165.75,101.5,0.75,0.5,2.25,1.25,81.0,24.0,67.5,20.0,18.75,11.25,21.0,13.0,8.0,7.0,14.0,12.0,100.0,37.5,92.5,35.75,5.5,4.0,7.0,6.25,2.25,0.75,3.0,3.0,137.5,235.75,735.0,7,0,1,0,1,1,2,0,0,0,1,0,0,0,165.1,170.18,125.0,0.0,0.0,0.35875,0.421875,0.025,0.09125,0.0,0.0,0.0,0.0,102.375,37.3125,127.625,53.0,113.875,47.9375,147.4375,70.4375,0.875,0.125,1.75,0.5,94.125,31.625,95.625,29.9375,5.6875,3.4375,15.4375,9.9375,2.5625,2.25,16.5625,13.125,90.9375,29.4375,109.3125,40.125,9.5,6.625,16.25,11.375,1.9375,1.25,2.0625,1.5,125.625,43.125,690.5,14,0,0,1,3,3,2,0,0,0,3,0,0,0,165.1,170.18,125.0,27.0,27.0,0,0,0,0,0,0,0,0,0,0,0,0,1,0,0,1,0,0,0,0,0,0,1,0
Blue,False,0.015625,0.0,0.45,0.4275,0.25,0.2,0.148468017578125,0.098388671875,0.0,0.0,66.5,29.6875,64.31230545043945,27.34375,89.75,48.0,85.53125,44.41152191162109,2.0,0.75,2.0546875,0.75,51.1875,18.3359375,49.6123046875,16.280410766601562,7.5,5.07647705078125,7.5,5.0,4.5,3.625,4.984375,3.9375,48.6875,17.0,47.11572265625,16.5,5.75,3.75,5.3125,3.4375,5.0625,3.5,3.875,2.5,99.2119140625,94.125,638.5,0,0,0,0,0,0,0,0,0,0,0,0,0,0,182.88,187.96,250.0,0.0471682548522949,0.0,0.45,0.4217682266235352,0.25,0.19173828125,0.1875,0.125,0.0,0.0,69.5,30.5,66.984375,27.8466796875,94.0,48.544921875,88.50390625,44.75,2.0,0.8125,2.015625,0.6640625,54.0,19.01513671875,51.483436584472656,16.9437255859375,7.91796875,5.430633544921875,7.75,5.0625,4.780975341796875,3.9373779296875,4.8994140625,3.84375,51.025390625,18.400863647460938,50.515625,17.5,5.75,3.75,5.5,3.5,5.375,3.6875,4.0,2.65625,104.865234375,89.5,655.8441009521484,0,0,0,0,0,0,0,0,0,0,0,0,0,0,182.88,187.96,264.0,32.0,25.0,0,0,0,0,1,0,0,0,0,0,0,0,0,0,0,1,0,0,0,0,0,0,1,0
Blue,True,2.40625,0.0,0.4878125,0.37625,0.0,0.0765625,1.0625,0.0,0.0,0.5,174.0,83.21875,146.875,58.25,180.6875,89.84375,151.0625,61.40625,0.15625,0.0,6.78125,0.71875,128.375,48.75,123.8125,41.1875,20.09375,12.6875,12.3125,8.5625,25.53125,21.78125,10.75,8.5,164.375,75.96875,143.6875,56.15625,3.4375,2.75,3.0625,1.96875,6.1875,4.5,0.125,0.125,28.9375,74.125,1149.40625,19,1,6,0,6,6,0,0,0,1,3,2,0,0,193.04,203.2,185.0,0.203857421875,1.001220703125,0.40651123046875,0.42611328125,0.011962890625,0.2463574218749999,0.0,0.000244140625,0.0,0.01953125,244.479248046875,95.7392578125,160.494140625,72.771484375,252.4384765625,102.423095703125,202.13671875,109.407470703125,0.541259765625,0.021728515625,10.225341796875,2.625732421875,175.484130859375,50.318603515625,124.994140625,46.455322265625,34.702880859375,18.698974609375,19.474853515625,13.2646484375,34.292236328125,26.7216796875,16.025146484375,13.051513671875,223.664306640625,84.14306640625,125.43701171875,47.359375,13.0615234375,7.08447265625,22.498046875,14.37744140625,7.75341796875,4.51171875,12.55908203125,11.03466796875,50.9033203125,220.99462890625,1251.068603515625,35,2,2,0,9,11,2,0,0,1,5,5,0,0,182.88,185.42,185.0,30.0,28.0,0,0,0,0,0,0,0,1,0,0,0,0,0,0,0,0,0,0,1,0,1,0,0,0
Red,False,0.0,1.0,0.39,0.4,0.4,0.16,0.0,0.0,0.0,0.0,100.0,39.0,149.0,60.0,103.0,40.0,151.0,60.0,5.0,2.0,6.0,1.0,91.0,30.0,100.0,30.0,6.0,6.0,27.0,11.0,3.0,3.0,22.0,19.0,91.0,31.0,141.0,55.0,9.0,8.0,8.0,5.0,0.0,0.0,0.0,0.0,200.0,61.0,900.0,3,0,0,1,0,0,1,0,0,0,0,0,0,0,177.8,182.88,170.0,0.25,0.00390625,0.438115234375,0.3002246093749999,0.36935546875,0.1028125,0.892578125,0.6591796875,0.5625,0.7509765625,63.86328125,25.505859375,69.5361328125,22.0869140625,73.27734375,34.1728515625,86.1708984375,35.7138671875,2.0908203125,0.8544921875,0.5810546875,0.1484375,53.947265625,19.40234375,60.19140625,14.1611328125,6.1513671875,4.1162109375,2.1826171875,1.8857421875,3.7646484375,1.9873046875,7.162109375,6.0400390625,54.1298828125,19.0810546875,63.1513671875,17.7490234375,3.4716796875,2.130859375,3.013671875,2.337890625,6.26171875,4.2939453125,3.37109375,2.0,99.1513671875,85.1337890625,592.228515625,25,0,2,0,3,7,4,0,0,1,1,0,4,1,180.34,185.42,170.0,27.0,25.0,0,0,0,0,0,0,0,0,0,1,0,0,0,0,0,0,0,0,1,0,1,0,0,0
Blue,False,0.0,1.0,0.33,0.6,0.0,0.0,0.0,0.0,0.0,0.0,3.0,1.0,28.0,17.0,3.0,1.0,28.0,17.0,0.0,0.0,0.0,0.0,2.0,0.0,27.0,17.0,0.0,0.0,1.0,0.0,1.0,1.0,0.0,0.0,3.0,1.0,18.0,9.0,0.0,0.0,4.0,3.0,0.0,0.0,6.0,5.0,0.0,5.0,50.0,1,0,0,1,0,0,1,0,0,0,0,0,0,0,190.5,198.12,260.0,0.1875,0.75,0.455625,0.494375,0.0,0.5,0.0,0.0,0.0,0.0,102.9375,46.5,95.25,50.1875,105.0,47.5625,102.9375,57.625,0.125,0.0,1.375,1.0,82.0,29.125,84.1875,41.75,7.125,6.1875,7.5,5.875,13.8125,11.1875,3.5625,2.5625,88.5,36.125,80.375,40.75,14.3125,10.25,4.75,3.6875,0.125,0.125,10.125,5.75,116.8125,98.125,700.8125,10,0,3,0,3,3,2,0,0,0,1,2,0,0,187.96,190.5,264.0,24.0,26.0,0,0,0,0,1,0,0,0,0,0,0,0,0,0,0,1,0,0,0,0,0,0,1,0
Red,False,0.015625,0.0,0.45,0.4275,0.25,0.2,0.148468017578125,0.098388671875,0.0,0.0,66.5,29.6875,64.31230545043945,27.34375,89.75,48.0,85.53125,44.41152191162109,2.0,0.75,2.0546875,0.75,51.1875,18.3359375,49.6123046875,16.280410766601562,7.5,5.07647705078125,7.5,5.0,4.5,3.625,4.984375,3.9375,48.6875,17.0,47.11572265625,16.5,5.75,3.75,5.3125,3.4375,5.0625,3.5,3.875,2.5,99.2119140625,94.125,638.5,0,0,0,0,0,0,0,0,0,0,0,0,0,0,182.88,187.96,155.0,0.0471682548522949,0.0,0.45,0.4217682266235352,0.25,0.19173828125,0.1875,0.125,0.0,0.0,69.5,30.5,66.984375,27.8466796875,94.0,48.544921875,88.50390625,44.75,2.0,0.8125,2.015625,0.6640625,54.0,19.01513671875,51.483436584472656,16.9437255859375,7.91796875,5.430633544921875,7.75,5.0625,4.780975341796875,3.9373779296875,4.8994140625,3.84375,51.025390625,18.400863647460938,50.515625,17.5,5.75,3.75,5.5,3.5,5.375,3.6875,4.0,2.65625,104.865234375,89.5,655.8441009521484,0,0,0,0,0,0,0,0,0,0,0,0,0,0,170.18,180.34,155.0,25.0,28.0,0,0,0,0,0,0,1,0,0,0,0,0,0,0,0,1,0,0,0,0,1,0,0,0
Blue,False,0.8291015625,0.25,0.5040185546875,0.399599609375,0.02126953125,0.0345263671875,0.16015625,0.03271484375,0.0087890625,0.03125,83.107421875,37.60791015625,78.17236328125,39.26806640625,91.232421875,45.66357421875,79.53857421875,40.4501953125,0.365234375,0.064453125,0.79541015625,0.10107421875,60.341796875,24.8369140625,54.669921875,20.7978515625,10.017578125,3.9736328125,12.34716796875,9.68798828125,12.748046875,8.79736328125,11.1552734375,8.7822265625,79.54736328125,34.85693359375,75.0498046875,36.76025390625,1.57470703125,0.7841796875,3.0791015625,2.46826171875,1.9853515625,1.966796875,0.04345703125,0.03955078125,12.66015625,30.8046875,328.794921875,24,0,1,0,4,8,4,0,0,0,0,6,2,0,182.88,190.5,155.0,0.1611328125,1.0,0.41887939453125,0.37226318359375,0.0074755859375,0.20035888671875,0.0048828125,0.129150390625,0.0,0.0,196.389404296875,82.00732421875,301.56103515625,115.07177734375,197.256591796875,82.8662109375,314.465087890625,125.72119140625,4.71875,0.01953125,3.182373046875,1.502685546875,152.322265625,50.749267578125,261.600341796875,81.660400390625,29.61328125,18.27392578125,19.842529296875,13.377197265625,14.453857421875,12.984130859375,20.1181640625,20.0341796875,195.2197265625,81.275390625,280.615478515625,100.871337890625,0.39599609375,0.271240234375,2.022216796875,1.782958984375,0.773681640625,0.460693359375,18.92333984375,12.41748046875,5.154541015625,172.612548828125,1363.088623046875,38,2,0,1,5,9,4,0,0,1,4,4,0,0,177.8,177.8,155.0,29.0,32.0,0,0,0,0,0,0,1,0,0,0,0,0,0,0,0,0,0,0,1,0,1,0,0,0
Red,False,0.015625,0.0,0.45,0.4275,0.25,0.2,0.148468017578125,0.098388671875,0.0,0.0,66.5,29.6875,64.31230545043945,27.34375,89.75,48.0,85.53125,44.41152191162109,2.0,0.75,2.0546875,0.75,51.1875,18.3359375,49.6123046875,16.280410766601562,7.5,5.07647705078125,7.5,5.0,4.5,3.625,4.984375,3.9375,48.6875,17.0,47.11572265625,16.5,5.75,3.75,5.3125,3.4375,5.0625,3.5,3.875,2.5,99.2119140625,94.125,638.5,0,0,0,0,0,0,0,0,0,0,0,0,0,0,177.8,190.5,185.0,0.0,1.0,0.75,0.52,0.0,0.0,0.0,0.0,0.0,0.0,4.0,3.0,17.0,9.0,4.0,3.0,17.0,9.0,1.0,0.0,0.0,0.0,2.0,1.0,14.0,6.0,0.0,0.0,3.0,3.0,2.0,2.0,0.0,0.0,4.0,3.0,12.0,5.0,0.0,0.0,1.0,1.0,0.0,0.0,4.0,3.0,0.0,13.0,53.0,1,0,0,1,0,0,1,0,0,0,0,0,0,0,182.88,182.88,170.0,28.0,35.0,0,0,0,0,0,0,0,0,0,1,0,0,0,0,0,1,0,0,0,0,1,0,0,0
Blue,False,0.3125,0.5703125,0.392734375,0.442265625,0.005859375,0.09875,0.03125,0.125,0.0,0.0625,91.0234375,36.2578125,124.609375,38.8046875,93.4765625,38.4921875,135.109375,48.203125,1.578125,0.046875,5.8125,0.875,77.328125,26.28125,91.375,18.46875,12.15625,8.6953125,17.4765625,7.640625,1.5390625,1.28125,15.7578125,12.6953125,87.421875,33.5,117.7421875,32.78125,2.4609375,1.9296875,2.25,2.21875,1.140625,0.828125,4.6171875,3.8046875,26.1953125,145.234375,620.5703125,15,2,0,1,2,3,5,0,0,1,1,1,0,0,187.96,190.5,170.0,0.0,0.0,0.4875,0.445,0.5,0.0424999999999999,0.0,0.0,0.0,0.0,109.5,53.75,130.0,55.25,116.0,60.0,151.75,72.5,0.5,0.5,6.25,0.5,80.5,31.5,103.0,36.75,15.75,9.5,17.25,10.5,13.25,12.75,9.75,8.0,91.0,41.5,100.75,34.75,16.0,10.75,19.75,14.0,2.5,1.5,9.5,6.5,61.75,148.25,900.0,9,0,1,0,1,2,1,0,0,0,2,0,0,0,180.34,182.88,170.0,30.0,31.0,0,0,0,0,0,0,0,0,0,1,0,0,0,0,0,1,0,0,0,0,1,0,0,0
Red,False,0.015625,0.0,0.45,0.4275,0.25,0.2,0.148468017578125,0.098388671875,0.0,0.0,66.5,29.6875,64.31230545043945,27.34375,89.75,48.0,85.53125,44.41152191162109,2.0,0.75,2.0546875,0.75,51.1875,18.3359375,49.6123046875,16.280410766601562,7.5,5.07647705078125,7.5,5.0,4.5,3.625,4.984375,3.9375,48.6875,17.0,47.11572265625,16.5,5.75,3.75,5.3125,3.4375,5.0625,3.5,3.875,2.5,99.2119140625,94.125,638.5,0,0,0,0,0,0,0,0,0,0,0,0,0,0,172.72,182.88,145.0,0.0,0.0,0.4425,0.64,0.0,0.375,0.0,0.75,0.25,0.0,19.75,8.75,34.75,23.5,26.5,15.25,62.5,49.0,0.0,0.0,3.0,1.5,15.0,5.25,20.5,13.25,4.75,3.5,6.0,3.0,0.0,0.0,8.25,7.25,16.25,6.5,13.75,6.0,3.5,2.25,7.0,6.0,0.0,0.0,14.0,11.5,1.0,244.25,342.25,5,0,0,1,1,1,2,0,0,0,0,1,0,0,182.88,182.88,145.0,32.0,29.0,0,0,0,0,0,0,0,0,0,0,0,1,0,0,0,1,0,0,0,0,1,0,0,0
Blue,False,0.0,0.0,0.285,0.445,0.0,0.5,0.0,0.25,0.0,0.0,171.375,50.75,156.75,69.625,207.25,82.375,178.0,83.875,0.125,0.0,1.25,1.0,150.25,33.25,117.0,40.875,12.875,9.75,23.125,15.25,8.25,7.75,16.625,13.5,156.0,40.875,135.75,56.625,14.875,9.875,16.5,10.0,0.5,0.0,4.5,3.0,94.375,185.875,900.0,12,0,0,1,2,2,2,0,0,2,0,0,0,0,170.18,182.88,125.0,0.0,0.0,0.6,0.62,0.0,0.615,3.0,1.5,1.0,0.0,56.0,28.5,52.5,33.0,112.0,74.5,104.5,79.0,0.5,0.0,5.0,3.0,34.0,13.0,40.5,24.0,14.0,9.0,6.0,5.5,8.0,6.5,6.0,3.5,43.5,19.5,35.0,18.0,7.5,6.0,2.5,1.0,5.0,3.0,15.0,14.0,69.0,422.5,678.5,5,0,1,0,1,1,1,0,0,0,1,0,0,0,165.1,167.64,125.0,29.0,23.0,0,0,0,0,0,0,0,0,0,0,0,0,1,0,0,1,0,0,0,0,0,0,1,0
Red,False,2.1796875,0.25,0.475078125,0.460703125,0.0,0.05296875,0.0625,0.0078125,0.0,0.0,95.90625,45.5234375,48.09375,16.6796875,100.265625,49.140625,53.171875,21.2578125,0.0,0.0,0.859375,0.1875,59.546875,17.765625,39.9140625,10.7109375,12.984375,8.3203125,6.125,4.203125,23.375,19.4375,2.0546875,1.765625,87.3125,41.34375,45.5234375,14.703125,1.6015625,1.2890625,1.5,0.9375,6.9921875,2.890625,1.0703125,1.0390625,36.015625,21.7421875,566.5234375,14,1,0,2,2,4,4,0,0,0,1,3,0,0,185.42,193.04,205.0,0.125,0.0,0.6240625,0.5525,0.053125,0.1028125,0.0,0.53125,0.0,0.0,102.5625,55.21875,44.5,24.125,103.0625,55.65625,50.625,29.53125,0.5,0.375,5.71875,0.78125,84.71875,41.21875,38.84375,18.71875,16.5625,12.78125,4.84375,4.59375,1.28125,1.21875,0.8125,0.8125,66.125,26.8125,29.21875,12.71875,25.65625,20.875,9.46875,7.84375,10.78125,7.53125,5.8125,3.5625,42.03125,95.59375,433.1875,13,0,0,1,2,3,3,0,0,0,1,2,0,0,185.42,190.5,205.0,29.0,25.0,0,0,0,0,0,1,0,0,0,0,0,0,0,0,0,0,0,1,0,0,0,0,1,0
Blue,False,0.03143310546875,0.439453125,0.4945462417602539,0.629017333984375,0.2179852294921875,0.2632733154296875,0.1484603881835937,1.205352783203125,0.500244140625,0.0,27.64288711547852,14.109371185302734,64.31230545043945,41.26393127441406,31.036029815673828,17.494457244873047,85.50070190429688,60.82072067260742,6.414077758789063,1.7623062133789062,2.346508026123047,0.629547119140625,20.652389526367188,8.956951141357422,39.303985595703125,21.70327377319336,4.907276153564453,3.334911346435547,13.891868591308594,9.773006439208984,2.083221435546875,1.8175086975097656,11.116451263427734,9.78765106201172,24.72837448120117,12.162334442138672,48.8537483215332,28.156463623046875,1.3042106628417969,0.9921035766601562,12.861175537109377,10.578872680664062,1.6103019714355469,0.9549331665039062,2.597381591796875,2.528594970703125,128.7907943725586,118.2709503173828,519.093391418457,43,1,4,0,4,11,8,0,1,0,1,5,4,0,190.5,203.2,205.0,1.75,0.0,0.7025,0.4125,0.165,0.0,0.0,0.25,0.0,0.0,43.0,26.5,56.5,18.25,53.25,35.75,61.0,22.0,0.75,0.5,1.0,0.0,31.75,16.5,47.25,13.25,9.25,8.25,6.75,3.5,2.0,1.75,2.5,1.5,37.25,21.5,54.25,16.25,1.5,1.25,2.25,2.0,4.25,3.75,0.0,0.0,4.5,0.0,270.5,5,0,0,1,2,2,1,0,0,0,0,2,0,0,182.88,187.96,205.0,36.0,24.0,0,0,0,0,0,1,0,0,0,0,0,0,0,0,0,0,0,1,0,0,0,0,1,0
Blue,False,0.5,0.0,0.2475,0.4575,0.0,0.4575,0.0,0.75,0.25,0.0,86.25,28.75,124.75,49.0,89.0,31.0,143.75,65.0,0.0,0.0,1.75,1.5,62.25,12.75,102.75,30.75,14.75,8.0,16.0,13.25,9.25,8.0,6.0,5.0,78.25,25.25,113.0,39.25,6.5,3.25,3.0,2.75,1.5,0.25,8.75,7.0,30.25,108.75,720.75,7,0,0,3,0,0,3,0,0,0,0,0,0,0,180.34,190.5,185.0,0.0,0.0,0.35,0.62,0.0,1.0,0.0,0.0,1.0,0.0,17.0,6.0,69.0,43.0,17.0,6.0,149.0,111.0,0.0,0.0,4.0,4.0,17.0,6.0,56.0,37.0,0.0,0.0,10.0,4.0,0.0,0.0,3.0,2.0,12.0,3.0,25.0,8.0,0.0,0.0,0.0,0.0,5.0,3.0,44.0,35.0,13.0,576.0,900.0,3,0,0,1,0,0,1,0,0,0,0,0,0,0,177.8,187.96,185.0,34.0,31.0,0,0,0,0,0,0,0,1,0,0,0,0,0,0,0,0,0,1,0,0,1,0,0,0
Red,False,0.082275390625,0.0625,0.5021331787109375,0.6811041259765624,0.081295166015625,0.1990234375,0.08819580078125,0.3131103515625,0.25,0.0941162109375,89.26263427734375,37.7567138671875,64.58306884765625,38.8665771484375,96.8800048828125,44.26202392578125,74.27685546875,48.412353515625,1.49151611328125,0.31134033203125,1.90533447265625,0.6063232421875,71.716064453125,25.23272705078125,52.8017578125,28.77276611328125,11.064208984375,6.05755615234375,5.1602783203125,4.00628662109375,6.48236083984375,6.4664306640625,6.62103271484375,6.0875244140625,68.89959716796875,24.37396240234375,41.41937255859375,18.542724609375,8.91912841796875,6.13006591796875,10.449951171875,9.7509765625,11.44390869140625,7.252685546875,12.7137451171875,10.5728759765625,110.27337646484376,154.14825439453125,661.4334106445312,33,0,0,1,3,9,6,0,0,0,2,4,3,0,180.34,193.04,170.0,0.0,0.875,0.3225,0.4599999999999999,0.1375,0.3825,0.0,0.75,0.0,0.125,102.125,36.875,104.875,46.25,127.625,61.375,137.125,74.5,2.5,1.0,3.875,1.75,75.625,21.0,86.5,31.625,14.25,7.125,12.125,8.5,12.25,8.75,6.25,6.125,83.25,24.5,81.375,32.625,13.375,8.25,4.0,3.0,5.5,4.125,19.5,10.625,75.25,373.875,900.0,12,0,1,0,1,1,3,0,0,1,0,0,0,0,180.34,187.96,170.0,31.0,34.0,0,0,0,0,0,0,0,0,0,1,0,0,0,0,0,1,0,0,0,0,1,0,0,0
Blue,False,0.171875,0.12890625,0.5126171875000001,0.4169238281249999,0.4335546875,0.0153125,0.2568359375,0.0625,0.0,0.0,87.72900390625,45.69384765625,81.23046875,35.08154296875,114.89306640625,70.11328125,117.9482421875,70.46533203125,6.11767578125,2.73779296875,0.59423828125,0.05859375,64.81982421875,28.81591796875,54.76953125,17.27734375,11.87158203125,7.5810546875,13.79541015625,6.31201171875,11.03759765625,9.296875,12.66552734375,11.4921875,66.31640625,29.7109375,71.34228515625,26.8369140625,3.3330078125,2.4423828125,7.04150390625,6.48193359375,18.07958984375,13.54052734375,2.8466796875,1.7626953125,342.96337890625,23.43896484375,742.38330078125,27,0,3,0,3,9,3,0,0,0,3,2,4,0,177.8,180.34,170.0,0.0078125,0.62890625,0.654677734375,0.6396728515625,0.557763671875,0.3378125,0.35546875,0.015625,0.03125,0.265625,15.7783203125,9.63232421875,44.06396484375,28.671875,29.28857421875,22.04541015625,61.9892578125,43.16455078125,3.47412109375,2.14892578125,2.130859375,1.03515625,11.02001953125,6.00048828125,30.3095703125,17.82666015625,3.11279296875,2.494140625,11.18896484375,8.80419921875,1.6455078125,1.1376953125,2.5654296875,2.041015625,9.380859375,3.80078125,14.72607421875,5.62109375,3.37744140625,2.8349609375,12.10302734375,10.52294921875,3.02001953125,2.99658203125,17.23486328125,12.52783203125,224.7587890625,161.91015625,659.8369140625,26,0,4,0,4,8,4,0,0,0,1,0,7,0,180.34,182.88,170.0,33.0,31.0,0,0,0,0,0,0,0,0,0,1,0,0,0,0,0,1,0,0,0,0,0,0,0,1
Blue,False,0.75390625,0.19140625,0.4725390625,0.4544140625,0.03125,0.147265625,0.0,0.015625,0.0,0.0,43.9140625,20.93359375,35.3984375,13.82421875,47.875,24.66796875,39.32421875,17.1015625,0.046875,0.03125,3.05078125,1.09375,33.3203125,12.6328125,25.4609375,6.859375,2.921875,1.82421875,5.0,2.8515625,7.671875,6.4765625,4.9375,4.11328125,33.015625,12.92578125,32.23828125,12.0859375,6.6640625,4.9609375,1.60546875,1.06640625,4.234375,3.046875,1.5546875,0.671875,19.09375,53.18359375,351.55078125,18,0,0,1,2,5,4,0,0,0,1,4,0,0,180.34,195.58,185.0,0.0,0.03125,0.420703125,0.4130078125,0.4240625,0.02453125,0.9375,0.22265625,0.0,0.125,202.12109375,83.390625,93.40625,47.12890625,267.25390625,140.19140625,109.1328125,62.78515625,6.046875,2.08984375,2.328125,0.19140625,169.55078125,55.453125,75.2578125,33.79296875,19.60546875,16.71875,17.15234375,12.453125,12.96484375,11.21875,0.99609375,0.8828125,175.6171875,62.25390625,81.47265625,38.29296875,15.16015625,12.4921875,10.4921875,7.86328125,11.34375,8.64453125,1.44140625,0.97265625,251.1328125,47.0078125,860.07421875,18,0,1,0,4,7,2,0,0,0,2,3,2,0,185.42,195.58,185.0,35.0,31.0,0,0,0,0,0,0,0,1,0,0,0,0,0,0,0,0,0,0,1,0,1,0,0,0
Red,False,0.0,0.0,0.65,0.46,1.0,0.0,0.0,0.0,0.0,1.0,20.0,13.0,41.0,19.0,68.0,56.0,113.0,87.0,2.0,2.0,0.0,0.0,16.0,9.0,32.0,16.0,0.0,0.0,4.0,1.0,4.0,4.0,5.0,2.0,13.0,8.0,23.0,5.0,0.0,0.0,1.0,1.0,7.0,5.0,17.0,13.0,262.0,17.0,442.0,2,0,0,1,0,0,1,0,0,0,0,0,0,0,182.88,187.96,155.0,0.0471682548522949,0.0,0.45,0.4217682266235352,0.25,0.19173828125,0.1875,0.125,0.0,0.0,69.5,30.5,66.984375,27.8466796875,94.0,48.544921875,88.50390625,44.75,2.0,0.8125,2.015625,0.6640625,54.0,19.01513671875,51.483436584472656,16.9437255859375,7.91796875,5.430633544921875,7.75,5.0625,4.780975341796875,3.9373779296875,4.8994140625,3.84375,51.025390625,18.400863647460938,50.515625,17.5,5.75,3.75,5.5,3.5,5.375,3.6875,4.0,2.65625,104.865234375,89.5,655.8441009521484,0,0,0,0,0,0,0,0,0,0,0,0,0,0,172.72,182.88,155.0,25.0,35.0,0,0,0,0,0,0,1,0,0,0,0,0,0,0,0,0,0,1,0,0,1,0,0,0
Blue,False,0.015625,0.0,0.45,0.4275,0.25,0.2,0.148468017578125,0.098388671875,0.0,0.0,66.5,29.6875,64.31230545043945,27.34375,89.75,48.0,85.53125,44.41152191162109,2.0,0.75,2.0546875,0.75,51.1875,18.3359375,49.6123046875,16.280410766601562,7.5,5.07647705078125,7.5,5.0,4.5,3.625,4.984375,3.9375,48.6875,17.0,47.11572265625,16.5,5.75,3.75,5.3125,3.4375,5.0625,3.5,3.875,2.5,99.2119140625,94.125,638.5,0,0,0,0,0,0,0,0,0,0,0,0,0,0,187.96,190.5,185.0,0.15625,0.0,0.4859375,0.43875,0.5709375,0.0346875,0.0,0.59375,0.0,0.03125,84.625,42.75,106.125,45.25,94.96875,51.5625,176.78125,114.3125,3.90625,2.25,2.46875,0.15625,62.15625,25.40625,67.625,15.53125,11.875,7.34375,20.28125,14.125,10.59375,10.0,18.21875,15.59375,70.125,32.96875,94.90625,35.59375,11.625,8.6875,11.15625,9.59375,2.875,1.09375,0.0625,0.0625,120.28125,112.34375,793.875,15,0,0,1,2,3,3,0,0,2,0,1,0,0,182.88,187.96,185.0,29.0,29.0,0,0,0,0,0,0,0,1,0,0,0,0,0,0,0,1,0,0,0,0,1,0,0,0
Blue,False,0.0,0.0,0.5449999999999999,0.29,0.5,0.24,0.5,0.0,1.0,0.5,73.0,42.0,29.5,9.5,119.5,80.5,79.5,36.5,1.5,1.0,10.5,2.5,51.0,24.5,23.0,6.0,13.5,11.0,5.0,2.0,8.5,6.5,1.5,1.5,51.0,24.5,24.0,7.0,8.5,6.5,1.0,1.0,13.5,11.0,4.5,1.5,125.5,517.0,900.0,6,0,1,0,1,1,1,0,0,0,1,0,0,0,177.8,187.96,170.0,0.640625,0.0,0.42234375,0.45984375,0.538125,0.0953125,0.1875,0.015625,0.0625,0.25,99.4375,40.375,104.53125,53.953125,128.765625,66.90625,119.015625,67.40625,4.0,1.96875,1.5625,0.453125,81.34375,29.453125,71.171875,34.75,12.0625,6.59375,13.375,5.46875,6.03125,4.328125,19.984375,13.734375,76.453125,24.671875,97.96875,48.96875,7.9375,5.125,4.875,4.0625,15.046875,10.578125,1.6875,0.921875,160.4375,87.5625,722.28125,17,0,1,0,3,4,3,0,0,0,0,3,1,0,180.34,185.42,170.0,23.0,35.0,0,0,0,0,0,0,0,0,0,1,0,0,0,0,0,1,0,0,0,0,1,0,0,0
Blue,False,0.0,0.0,0.6296875,0.545,0.379375,0.49875,0.25,0.25,0.5,0.0,74.34375,46.25,58.46875,33.09375,144.09375,107.75,134.15625,98.78125,1.375,0.65625,4.4375,2.125,56.5625,30.4375,34.6875,13.875,15.84375,14.21875,16.75,13.8125,1.9375,1.59375,7.03125,5.40625,28.375,9.5,37.5625,16.5625,18.46875,15.34375,15.03125,12.15625,27.5,21.40625,5.875,4.375,321.875,369.4375,857.96875,16,0,0,1,1,3,3,0,0,0,3,0,0,0,170.18,165.1,135.0,0.5,0.0,0.5725,0.665,0.0,0.165,0.5,0.75,1.0,0.0,57.75,33.75,21.5,12.75,81.75,56.5,40.5,28.0,1.5,0.0,2.0,0.5,47.5,25.5,16.25,8.5,9.75,7.75,4.75,3.75,0.5,0.5,0.5,0.5,18.25,8.0,12.25,5.75,5.25,3.25,4.25,3.0,34.25,22.5,5.0,4.0,188.0,116.25,356.0,5,1,3,0,3,3,0,0,0,0,0,2,1,0,180.34,182.88,135.0,37.0,28.0,0,0,0,0,0,0,0,0,0,0,1,0,0,0,0,1,0,0,0,0,1,0,0,0
Blue,False,0.015625,0.0,0.45,0.4275,0.25,0.2,0.148468017578125,0.098388671875,0.0,0.0,66.5,29.6875,64.31230545043945,27.34375,89.75,48.0,85.53125,44.41152191162109,2.0,0.75,2.0546875,0.75,51.1875,18.3359375,49.6123046875,16.280410766601562,7.5,5.07647705078125,7.5,5.0,4.5,3.625,4.984375,3.9375,48.6875,17.0,47.11572265625,16.5,5.75,3.75,5.3125,3.4375,5.0625,3.5,3.875,2.5,99.2119140625,94.125,638.5,0,0,0,0,0,0,0,0,0,0,0,0,0,0,182.88,187.96,145.0,0.0,0.5,0.3946874999999999,0.495625,0.53125,0.406875,0.25,0.1875,0.0,0.0,141.96875,57.1875,101.3125,47.75,167.25,78.625,146.5,87.34375,0.625,0.53125,5.59375,3.0,99.1875,26.3125,91.4375,40.1875,15.8125,11.59375,5.34375,3.8125,26.96875,19.28125,4.53125,3.75,127.5625,47.71875,89.46875,39.65625,5.3125,3.96875,3.0,1.84375,9.09375,5.5,8.84375,6.25,35.53125,267.375,721.25,16,0,0,1,1,2,4,0,0,0,1,0,1,0,177.8,182.88,135.0,31.0,29.0,0,0,1,0,0,0,0,0,0,0,0,0,0,0,0,1,0,0,0,0,1,0,0,0
Red,False,0.59375,0.0,0.45078125,0.38859375,0.6625,0.143125,0.8125,0.296875,0.0,0.25,98.75,42.65625,83.3125,34.703125,116.6875,57.96875,88.140625,38.34375,2.625,1.15625,2.40625,0.75,75.03125,26.515625,63.265625,21.625,13.453125,7.75,10.59375,5.5625,10.265625,8.390625,9.453125,7.515625,73.59375,29.46875,74.71875,27.859375,5.21875,3.0625,7.59375,5.84375,19.9375,10.125,1.0,1.0,125.890625,44.9375,577.84375,16,0,0,1,1,2,5,0,0,0,0,1,1,0,175.26,180.34,155.0,0.53125,0.25,0.45703125,0.36640625,0.4184375,0.2840625,0.0,0.125,0.1875,0.0,124.0,50.203125,91.109375,35.984375,138.328125,63.296875,103.875,46.59375,4.21875,1.734375,2.953125,0.984375,85.65625,19.078125,75.828125,24.984375,21.359375,17.6875,8.1875,4.53125,16.984375,13.4375,7.09375,6.46875,116.046875,44.90625,81.078125,29.859375,6.21875,4.09375,4.234375,3.59375,1.734375,1.203125,5.796875,2.53125,155.09375,76.546875,835.5625,18,0,3,0,3,4,3,0,0,0,2,2,0,0,177.8,185.42,155.0,27.0,26.0,0,0,0,0,0,0,1,0,0,0,0,0,0,0,0,1,0,0,0,0,1,0,0,0
Red,False,0.0,0.0,0.47,0.37,0.5,1.0,0.0,1.0,0.0,0.0,46.0,22.0,27.0,10.0,53.0,28.0,54.0,26.0,2.0,1.0,1.0,1.0,34.0,13.0,12.0,5.0,5.0,4.0,8.0,1.0,7.0,5.0,7.0,4.0,17.0,7.0,23.0,7.0,3.0,2.0,0.0,0.0,26.0,13.0,4.0,3.0,176.0,143.0,505.0,2,0,0,1,0,0,1,0,0,0,0,0,0,0,177.8,180.34,135.0,0.0471682548522949,0.0,0.45,0.4217682266235352,0.25,0.19173828125,0.1875,0.125,0.0,0.0,69.5,30.5,66.984375,27.8466796875,94.0,48.544921875,88.50390625,44.75,2.0,0.8125,2.015625,0.6640625,54.0,19.01513671875,51.483436584472656,16.9437255859375,7.91796875,5.430633544921875,7.75,5.0625,4.780975341796875,3.9373779296875,4.8994140625,3.84375,51.025390625,18.400863647460938,50.515625,17.5,5.75,3.75,5.5,3.5,5.375,3.6875,4.0,2.65625,104.865234375,89.5,655.8441009521484,0,0,0,0,0,0,0,0,0,0,0,0,0,0,172.72,180.34,135.0,25.0,24.0,1,0,0,0,0,0,0,0,0,0,0,0,0,0,0,1,0,0,0,0,1,0,0,0
Blue,False,0.0,0.0,0.33375,0.45,0.67875,0.0825,0.375,0.0,0.125,0.625,187.875,60.375,179.75,81.375,212.25,82.375,189.25,89.875,5.0,2.375,1.25,0.25,151.0,36.625,148.0,57.875,24.125,12.625,26.25,18.75,12.75,11.125,5.5,4.75,176.625,53.125,168.125,73.625,7.125,4.5,10.0,6.5,4.125,2.75,1.625,1.25,223.875,88.375,900.0,12,0,0,1,1,1,3,0,0,1,0,0,0,0,177.8,177.8,145.0,0.25,0.25,0.3625,0.5375,0.165,0.04,0.0,0.0,0.0,0.0,149.0,53.25,98.25,49.5,168.0,70.75,100.25,51.5,4.5,1.5,2.0,0.25,126.5,40.5,80.5,34.25,14.0,8.75,15.75,13.25,8.5,4.0,2.0,2.0,134.25,46.25,90.75,46.5,9.0,4.0,5.5,2.5,5.75,3.0,2.0,0.5,111.0,30.5,560.25,6,1,1,0,1,1,2,0,0,0,0,1,0,0,172.72,180.34,145.0,29.0,25.0,0,0,1,0,0,0,0,0,0,0,0,0,0,0,0,1,0,0,0,0,0,0,1,0
Red,False,0.0,1.0,0.15,0.47,0.0,0.0,0.0,1.0,0.0,0.0,127.0,20.0,123.0,59.0,127.0,20.0,137.0,70.0,0.0,0.0,1.0,0.0,120.0,17.0,113.0,52.0,6.0,2.0,4.0,3.0,1.0,1.0,6.0,4.0,124.0,19.0,72.0,23.0,3.0,1.0,1.0,1.0,0.0,0.0,50.0,35.0,0.0,203.0,589.0,2,0,0,1,0,0,1,0,0,0,0,0,0,0,162.56,170.18,135.0,0.125,0.3125,0.5275000000000001,0.35625,0.3096875,0.5331250000000001,0.125,1.28125,0.03125,0.625,80.25,41.375,89.9375,30.65625,85.875,46.125,97.28125,37.4375,4.875,1.5625,2.6875,1.40625,48.125,15.125,61.65625,12.59375,9.40625,6.59375,10.25,4.8125,22.71875,19.65625,18.03125,13.25,72.90625,36.5625,84.375,27.53125,3.9375,2.75,5.25,3.0,3.40625,2.0625,0.3125,0.125,154.15625,46.0625,659.6875,15,1,0,1,4,4,2,0,0,0,3,0,1,0,172.72,175.26,135.0,23.0,29.0,1,0,0,0,0,0,0,0,0,0,0,0,0,0,0,0,0,1,0,0,0,0,1,0
Red,False,0.0,0.0,0.49125,0.336875,0.03125,0.24125,0.5625,0.25,0.125,0.125,227.375,92.5625,153.1875,57.375,251.6875,114.875,161.0625,64.625,0.125,0.0625,2.625,1.125,177.3125,56.9375,123.4375,36.0625,28.25,20.0625,21.8125,16.4375,21.8125,15.5625,7.9375,4.875,204.875,74.4375,140.9375,48.25,21.125,16.875,10.0625,7.4375,1.375,1.25,2.1875,1.6875,33.1875,83.0625,716.0,13,0,1,0,1,3,2,0,0,1,2,0,0,0,165.1,167.64,125.0,0.0,0.0,0.49203125,0.5276562499999999,0.304140625,0.4894140625000001,0.08203125,0.15625,0.8125,1.03125,55.296875,24.5234375,64.46484375,37.08203125,124.6796875,87.47265625,114.390625,82.546875,7.3046875,2.6875,8.09765625,4.31640625,46.109375,16.80078125,55.8828125,29.7890625,5.8671875,5.09765625,7.6796875,6.51953125,3.3203125,2.625,0.90234375,0.7734375,37.6015625,13.12109375,36.23046875,13.875,10.203125,6.90234375,5.79296875,3.4921875,7.4921875,4.5,22.44140625,19.71484375,213.18359375,363.96875,891.07421875,26,2,1,0,2,5,4,0,0,0,4,0,1,0,154.94,160.02,115.0,26.0,31.0,0,0,0,0,0,0,0,0,0,0,0,0,0,1,0,1,0,0,0,0,1,0,0,0
Blue,False,0.0048828125,0.0,0.46771484375,0.335966796875,0.2509375,0.64375,0.5,0.126953125,0.0009765625,0.0,157.7373046875,78.666015625,238.0048828125,75.4833984375,162.1494140625,83.033203125,247.8837890625,83.138671875,2.3837890625,0.6015625,1.912109375,0.724609375,122.7998046875,50.4609375,193.8984375,51.0830078125,26.8720703125,21.5185546875,26.701171875,12.4248046875,8.0654296875,6.6865234375,17.4052734375,11.9755859375,142.6611328125,65.802734375,221.3310546875,65.345703125,13.6015625,11.4111328125,13.982421875,7.49609375,1.474609375,1.4521484375,2.69140625,2.6416015625,41.02734375,92.994140625,819.068359375,29,0,1,0,1,4,7,0,0,0,4,0,0,0,160.02,162.56,115.0,0.0471682548522949,0.0,0.45,0.4217682266235352,0.25,0.19173828125,0.1875,0.125,0.0,0.0,69.5,30.5,66.984375,27.8466796875,94.0,48.544921875,88.50390625,44.75,2.0,0.8125,2.015625,0.6640625,54.0,19.01513671875,51.483436584472656,16.9437255859375,7.91796875,5.430633544921875,7.75,5.0625,4.780975341796875,3.9373779296875,4.8994140625,3.84375,51.025390625,18.400863647460938,50.515625,17.5,5.75,3.75,5.5,3.5,5.375,3.6875,4.0,2.65625,104.865234375,89.5,655.8441009521484,0,0,0,0,0,0,0,0,0,0,0,0,0,0,157.48000000000002,154.94,115.0,34.0,26.0,0,0,0,0,0,0,0,0,0,0,0,0,0,1,0,1,0,0,0,0,1,0,0,0
Blue,False,0.0,0.0,0.335,0.515,0.1,0.25,2.0,1.0,0.0,0.5,71.5,23.0,124.5,64.5,76.5,26.0,146.5,84.5,5.0,1.0,2.0,1.0,59.5,15.0,100.0,43.5,10.5,7.0,14.5,11.5,1.5,1.0,10.0,9.5,67.0,21.5,80.0,37.5,4.0,1.5,3.0,2.0,0.5,0.0,41.5,25.0,120.5,187.5,589.5,5,0,0,2,0,0,2,0,0,0,0,0,0,0,180.34,180.34,155.0,0.296875,0.5625,0.33265625,0.5078125,0.0,0.19734375,0.0,0.0,0.0,0.0,51.59375,15.578125,55.484375,27.328125,53.03125,17.0,60.65625,31.875,0.5,0.0,0.953125,0.609375,42.84375,9.890625,48.28125,22.796875,5.25,2.5625,4.71875,2.578125,3.5,3.125,2.484375,1.953125,49.3125,14.390625,41.625,16.859375,1.4375,0.5,1.734375,1.53125,0.84375,0.6875,12.125,8.9375,6.125,42.0,199.40625,12,0,3,0,3,4,3,0,0,1,0,3,0,0,180.34,180.34,155.0,28.0,34.0,0,0,1,0,0,0,0,0,0,0,0,0,0,0,0,0,0,0,1,0,1,0,0,0
Red,False,0.015625,0.0,0.45,0.4275,0.25,0.2,0.148468017578125,0.098388671875,0.0,0.0,66.5,29.6875,64.31230545043945,27.34375,89.75,48.0,85.53125,44.41152191162109,2.0,0.75,2.0546875,0.75,51.1875,18.3359375,49.6123046875,16.280410766601562,7.5,5.07647705078125,7.5,5.0,4.5,3.625,4.984375,3.9375,48.6875,17.0,47.11572265625,16.5,5.75,3.75,5.3125,3.4375,5.0625,3.5,3.875,2.5,99.2119140625,94.125,638.5,0,0,0,0,0,0,0,0,0,0,0,0,0,0,165.1,165.1,135.0,0.0,0.03125,0.3371875,0.36875,0.0625,0.085625,0.25,0.0,0.1875,0.0625,207.65625,72.0,185.125,68.3125,225.625,88.90625,210.125,90.3125,0.28125,0.09375,4.53125,0.5625,167.875,50.40625,145.9375,42.71875,22.21875,10.1875,23.65625,12.15625,17.5625,11.40625,15.53125,13.4375,198.90625,65.125,177.625,62.9375,6.78125,5.53125,4.28125,2.6875,1.96875,1.34375,3.21875,2.6875,9.3125,193.28125,876.0,18,0,0,2,3,3,3,0,0,1,1,0,1,0,175.26,172.72,135.0,31.0,31.0,0,0,0,0,0,0,0,0,0,0,1,0,0,0,0,1,0,0,0,0,1,0,0,0
Blue,False,0.0,0.046875,0.47078125,0.44078125,0.0928125,0.13015625,0.609375,0.5,0.375,0.375,33.671875,13.578125,42.140625,20.890625,49.0625,27.875,51.640625,28.796875,5.921875,0.765625,0.171875,0.140625,20.59375,4.390625,36.859375,16.328125,10.546875,6.84375,4.109375,3.625,2.53125,2.34375,1.171875,0.9375,28.140625,9.8125,23.671875,6.3125,4.9375,3.3125,3.328125,3.03125,0.59375,0.453125,15.140625,11.546875,71.53125,200.96875,501.765625,14,0,1,0,1,3,4,0,0,0,0,0,3,0,190.5,193.04,205.0,0.0,1.0,0.5900000000000001,0.64,0.0,0.0,0.0,0.0,0.0,0.0,12.0,6.5,37.5,22.0,12.5,7.0,39.5,24.0,4.5,0.0,0.0,0.0,3.0,0.0,37.0,21.5,5.5,3.5,0.0,0.0,3.5,3.0,0.5,0.5,9.5,5.0,27.0,14.5,2.5,1.5,1.5,1.0,0.0,0.0,9.0,6.5,60.5,19.5,157.0,2,0,0,2,0,0,2,0,0,0,0,0,0,0,193.04,193.04,205.0,31.0,30.0,0,0,0,0,0,1,0,0,0,0,0,0,0,0,0,1,0,0,0,0,1,0,0,0
Red,False,0.0,0.0,0.33,0.5,0.0,1.0,0.0,1.0,0.0,0.0,9.0,3.0,40.0,20.0,11.0,4.0,64.0,39.0,0.0,0.0,1.0,1.0,7.0,2.0,37.0,18.0,0.0,0.0,1.0,0.0,2.0,1.0,2.0,2.0,7.0,1.0,4.0,2.0,0.0,0.0,0.0,0.0,2.0,2.0,36.0,18.0,0.0,215.0,295.0,1,0,0,1,0,0,1,0,0,0,0,0,0,0,185.42,193.04,155.0,0.0,1.0,0.37,0.495,0.22,0.5,0.5,0.0,0.0,0.0,58.5,22.5,125.5,63.0,58.5,22.5,150.0,83.5,6.5,1.5,0.5,0.5,45.0,12.5,99.0,44.0,11.0,7.5,19.0,13.0,2.5,2.5,7.5,6.0,54.0,19.5,94.5,41.0,2.0,1.0,5.0,3.0,2.5,2.0,26.0,19.0,61.0,87.0,579.0,5,1,0,1,1,1,1,0,0,0,0,0,1,0,180.34,182.88,155.0,32.0,23.0,0,0,0,0,0,0,1,0,0,0,0,0,0,0,0,0,0,0,1,0,0,0,1,0
Blue,False,0.0,0.265625,0.3698046874999999,0.4005468749999999,0.0634765625,0.002578125,0.0,0.5078125,0.0078125,0.0,143.0546875,56.03125,171.71875,63.5,151.5390625,63.34375,186.703125,74.97265625,1.734375,0.25390625,0.1796875,0.01171875,103.20703125,29.2421875,149.109375,47.05859375,22.37890625,13.265625,15.015625,10.2265625,17.46875,13.5234375,7.59375,6.21484375,140.02734375,53.91015625,161.30859375,54.95703125,2.51953125,1.86328125,5.16015625,4.29296875,0.5078125,0.2578125,5.25,4.25,46.45703125,38.6796875,776.9375,24,1,3,0,3,4,5,0,0,2,1,1,0,0,165.1,162.56,135.0,0.25,0.0,0.3974999999999999,0.43,0.5125,0.4375,0.0,1.5,0.0,0.0,179.0,71.5,123.75,53.75,194.75,84.25,151.75,78.5,4.5,2.25,3.5,1.75,157.0,53.75,110.25,44.0,17.5,13.5,9.0,6.25,4.5,4.25,4.5,3.5,156.0,56.75,99.75,35.75,11.5,7.5,11.75,8.75,11.5,7.25,12.25,9.25,236.0,250.0,900.0,9,0,2,0,2,2,1,0,0,0,2,0,0,0,162.56,170.18,135.0,36.0,34.0,0,0,0,0,0,0,0,0,0,0,1,0,0,0,0,1,0,0,0,0,1,0,0,0
Red,False,0.015625,0.0,0.45,0.4275,0.25,0.2,0.148468017578125,0.098388671875,0.0,0.0,66.5,29.6875,64.31230545043945,27.34375,89.75,48.0,85.53125,44.41152191162109,2.0,0.75,2.0546875,0.75,51.1875,18.3359375,49.6123046875,16.280410766601562,7.5,5.07647705078125,7.5,5.0,4.5,3.625,4.984375,3.9375,48.6875,17.0,47.11572265625,16.5,5.75,3.75,5.3125,3.4375,5.0625,3.5,3.875,2.5,99.2119140625,94.125,638.5,0,0,0,0,0,0,0,0,0,0,0,0,0,0,170.18,172.72,125.0,0.00390625,0.003173828125,0.35723388671875,0.4237548828124999,0.271005859375,0.4274560546875,0.002685546875,0.504150390625,0.008056640625,0.504150390625,155.5966796875,57.76904296875,169.6923828125,72.0986328125,185.61328125,84.64013671875,204.589111328125,101.320068359375,1.22705078125,0.561279296875,5.715087890625,2.091552734375,139.5126953125,45.19091796875,141.817138671875,49.9052734375,8.32666015625,5.482666015625,19.868408203125,15.437255859375,7.75732421875,7.095458984375,8.0068359375,6.756103515625,151.488037109375,56.071533203125,155.756591796875,65.16357421875,1.42041015625,1.332763671875,1.997802734375,1.1005859375,2.688232421875,0.36474609375,11.93798828125,5.83447265625,13.7158203125,345.424560546875,917.756591796875,40,0,1,0,4,8,5,0,0,1,7,0,0,0,167.64,175.26,125.0,35.0,26.0,0,0,0,1,0,0,0,0,0,0,0,0,0,0,0,1,0,0,0,0,1,0,0,0
Blue,False,0.75,0.0625,0.53625,0.44125,0.0,0.051875,0.0,0.0,0.0,0.0,73.4375,40.25,99.625,46.125,74.75,41.5,101.25,47.4375,0.0625,0.0,0.9375,0.125,52.875,22.4375,79.8125,31.5,4.8125,4.0,13.8125,10.125,15.75,13.8125,6.0,4.5,61.0,31.1875,93.5625,41.125,12.0,8.75,5.6875,4.75,0.4375,0.3125,0.375,0.25,31.75,4.125,302.5625,11,0,1,0,2,3,2,0,0,0,0,3,0,0,180.34,177.8,155.0,0.6750562377274036,0.0126954764127731,0.4094363988796249,0.4796562103554607,0.6334553418820724,0.0625990689452737,0.0633718990720808,0.0009765634313225,0.0625078678131103,2.384185791015625e-07,209.97779244137928,81.96909353649244,177.97084191581234,85.02478606626391,210.90407412918285,82.85565223218873,179.2458440642804,86.23506421968341,1.0455995448864996,0.6690913527272642,1.6963899503462017,0.0629980568774044,172.42540671350434,51.70458289561793,126.70317549584432,49.15652344049886,22.45851951930672,15.53084479086101,34.852137298323214,22.647660696413368,15.093866208568215,14.733665850013494,16.415529121644795,13.220601929351687,199.401441026479,75.34808356547728,172.41228973679245,80.975738926325,4.970764735713601,3.2823052452877164,5.445083812810481,3.9578576954081655,5.605586679186672,3.338704725727439,0.1134683662094175,0.0911894445307552,21.271666472312063,8.327289089560509,817.1069295210764,70,1,4,0,8,23,9,0,0,0,7,10,6,0,185.42,185.42,155.0,30.0,36.0,0,0,0,0,0,0,1,0,0,0,0,0,0,0,0,1,0,0,0,0,1,0,0,0
Red,False,0.5,0.0,0.435,0.375,0.5,0.21,2.0,0.0,1.0,0.5,35.0,15.5,18.0,7.5,55.5,33.0,35.5,24.0,0.5,0.5,4.0,1.5,29.5,11.5,15.0,5.0,1.5,1.0,3.0,2.5,4.0,3.0,0.0,0.0,18.5,5.5,16.0,5.5,0.0,0.0,0.5,0.5,16.5,10.0,1.5,1.5,256.5,129.0,530.0,4,0,2,0,2,2,0,0,0,0,0,1,1,0,187.96,187.96,205.0,0.0,0.5625,0.5231250000000001,0.546640625,0.285546875,0.140625,0.5546875,0.125,0.03125,0.0,14.8125,7.8125,11.5234375,5.734375,29.7890625,22.453125,12.8125,6.84375,0.46875,0.375,0.953125,0.15625,9.7578125,3.8984375,9.2109375,4.2421875,4.2578125,3.125,1.890625,1.2109375,0.796875,0.7890625,0.421875,0.28125,9.8203125,3.984375,5.7421875,1.78125,4.59375,3.4296875,1.265625,0.9375,0.3984375,0.3984375,4.515625,3.015625,15.8828125,32.3984375,104.9765625,11,0,4,0,4,5,3,0,0,0,0,1,4,0,190.5,195.58,205.0,23.0,32.0,0,0,0,0,0,1,0,0,0,0,0,0,0,0,0,1,0,0,0,0,1,0,0,0
Blue,False,0.015625,0.0,0.45,0.4275,0.25,0.2,0.148468017578125,0.098388671875,0.0,0.0,66.5,29.6875,64.31230545043945,27.34375,89.75,48.0,85.53125,44.41152191162109,2.0,0.75,2.0546875,0.75,51.1875,18.3359375,49.6123046875,16.280410766601562,7.5,5.07647705078125,7.5,5.0,4.5,3.625,4.984375,3.9375,48.6875,17.0,47.11572265625,16.5,5.75,3.75,5.3125,3.4375,5.0625,3.5,3.875,2.5,99.2119140625,94.125,638.5,0,0,0,0,0,0,0,0,0,0,0,0,0,0,170.18,167.64,135.0,0.0,1.0,0.43,0.27,0.5,0.0,2.0,2.0,0.0,1.0,88.0,38.0,54.0,15.0,111.0,56.0,62.0,23.0,4.0,2.0,1.0,0.0,41.0,13.0,42.0,11.0,26.0,9.0,8.0,2.0,21.0,16.0,4.0,2.0,72.0,27.0,40.0,9.0,15.0,10.0,11.0,4.0,1.0,1.0,3.0,2.0,482.0,126.0,900.0,3,0,1,0,1,1,0,0,0,0,1,0,0,0,180.34,170.18,135.0,25.0,30.0,1,0,0,0,0,0,0,0,0,0,0,0,0,0,0,1,0,0,0,0,1,0,0,0
Blue,False,0.0,0.0,0.405,0.43,0.5,0.0,0.0,0.0,0.0,0.0,175.0,76.5,176.5,77.0,187.0,88.0,182.5,83.0,1.0,0.5,0.0,0.0,138.5,53.5,123.0,34.0,23.5,14.5,33.5,26.5,13.0,8.5,20.0,16.5,140.0,49.5,164.5,69.0,28.5,21.0,12.0,8.0,6.5,6.0,0.0,0.0,95.0,49.0,871.5,6,0,2,0,2,2,0,0,0,1,0,1,0,0,190.5,195.58,265.0,0.0078125,0.75,0.497578125,0.44890625,0.333515625,0.07546875,0.125,0.015625,0.125,0.0,80.2421875,39.6796875,88.6484375,40.65625,105.6796875,61.6484375,92.9375,44.3203125,2.2109375,1.5234375,2.4375,0.234375,59.390625,22.7109375,73.09375,27.828125,10.171875,7.671875,10.65625,8.3515625,10.6796875,9.296875,4.8984375,4.4765625,62.859375,26.9765625,74.375,30.015625,4.6015625,2.65625,10.0234375,7.671875,12.78125,10.046875,4.25,2.96875,190.953125,50.6484375,713.0703125,24,0,0,1,3,4,4,0,0,0,2,2,0,0,190.5,198.12,249.0,28.0,33.0,0,0,0,0,1,0,0,0,0,0,0,0,0,0,0,1,0,0,0,0,1,0,0,0
Red,False,0.0,0.0,0.49412109375,0.456259765625,0.513681640625,0.56298828125,0.51953125,0.0625,0.515625,0.0,37.3427734375,19.1201171875,44.8740234375,23.8310546875,50.5732421875,31.3857421875,75.0390625,49.7568359375,6.90625,2.701171875,0.6748046875,0.59765625,30.568359375,13.431640625,33.6103515625,16.048828125,2.9931640625,1.947265625,3.447265625,1.6103515625,3.78125,3.7412109375,7.81640625,6.171875,27.955078125,12.2236328125,24.3564453125,8.9453125,2.0517578125,1.7373046875,3.666015625,2.6181640625,7.3359375,5.1591796875,16.8515625,12.267578125,279.865234375,151.83984375,634.732421875,26,1,1,0,5,7,4,0,0,0,2,0,5,0,187.96,200.66,185.0,0.634033203125,0.40625,0.469351806640625,0.5007238769531249,0.005150146484375,0.109652099609375,0.00830078125,0.1329345703125,0.0159912109375,0.0,83.6507568359375,39.0640869140625,124.2593994140625,60.961669921875,85.5362548828125,40.9482421875,133.5821533203125,68.9495849609375,0.2772216796875,0.0068359375,0.53173828125,0.2135009765625,55.5048828125,20.252685546875,83.226318359375,29.9798583984375,11.5758056640625,5.5396728515625,15.324951171875,10.847900390625,16.570068359375,13.271728515625,25.7081298828125,20.1339111328125,80.9210205078125,36.9393310546875,104.20947265625,47.7158203125,1.09130859375,1.0699462890625,15.0245361328125,10.188720703125,1.638427734375,1.0548095703125,5.025390625,3.05712890625,3.4364013671875,95.53955078125,556.4912109375,29,1,0,2,3,7,7,0,0,0,1,4,0,2,182.88,200.66,185.0,29.0,35.0,0,0,0,0,0,0,0,1,0,0,0,0,0,0,0,1,0,0,0,0,1,0,0,0
Red,False,0.0712890625,0.00390625,0.49203125,0.507548828125,0.5625,0.5936328125,1.306640625,0.416015625,0.0390625,0.625,42.19140625,22.712890625,15.7314453125,8.03515625,68.6904296875,47.5302734375,23.4521484375,15.275390625,1.5791015625,0.875,4.927734375,2.134765625,25.83203125,12.583984375,13.3857421875,6.701171875,10.525390625,5.8623046875,2.140625,1.12890625,5.833984375,4.2666015625,0.205078125,0.205078125,31.17578125,14.18359375,9.3447265625,3.7646484375,6.6708984375,5.2607421875,2.0390625,1.4677734375,4.3447265625,3.2685546875,4.34765625,2.802734375,121.83984375,181.947265625,416.6142578125,17,0,0,1,5,7,4,0,0,0,0,3,4,0,190.5,195.58,205.0,0.0040740966796875,0.3203125,0.5095013427734375,0.5888981628417969,0.1675189208984375,0.0569677734375,0.954193115234375,0.0006103515625,0.00048828125,0.0009765625,43.77607727050781,21.71221923828125,98.14094543457033,53.88551330566406,54.31704711914063,30.698028564453125,105.66966247558594,60.95573425292969,5.0283966064453125,0.3958892822265625,2.4939117431640625,0.919189453125,39.30760192871094,17.674835205078125,83.89814758300781,42.67962646484375,4.42156982421875,3.990478515625,13.15118408203125,10.146499633789062,0.046905517578125,0.046905517578125,1.09161376953125,1.05938720703125,30.465560913085938,11.829010009765623,65.69970703125,29.31890869140625,6.0570220947265625,4.760955810546875,17.138259887695312,12.861526489257812,7.253494262695312,5.12225341796875,15.302978515625,11.705078125,76.36549377441406,88.73538208007812,488.11524963378906,38,1,5,0,5,12,5,0,0,0,2,4,5,1,187.96,193.04,205.0,27.0,39.0,0,0,0,0,0,1,0,0,0,0,0,0,0,0,0,1,0,0,0,0,1,0,0,0
Blue,False,0.015625,0.0,0.45,0.4275,0.25,0.2,0.148468017578125,0.098388671875,0.0,0.0,66.5,29.6875,64.31230545043945,27.34375,89.75,48.0,85.53125,44.41152191162109,2.0,0.75,2.0546875,0.75,51.1875,18.3359375,49.6123046875,16.280410766601562,7.5,5.07647705078125,7.5,5.0,4.5,3.625,4.984375,3.9375,48.6875,17.0,47.11572265625,16.5,5.75,3.75,5.3125,3.4375,5.0625,3.5,3.875,2.5,99.2119140625,94.125,638.5,0,0,0,0,0,0,0,0,0,0,0,0,0,0,177.8,172.72,170.0,1.0,0.0,0.54,0.5,0.0,0.0,0.0,0.0,0.0,0.0,11.0,6.0,4.0,2.0,11.0,6.0,4.0,2.0,0.0,0.0,0.0,0.0,9.0,4.0,2.0,0.0,2.0,2.0,0.0,0.0,0.0,0.0,2.0,2.0,10.0,5.0,4.0,2.0,1.0,1.0,0.0,0.0,0.0,0.0,0.0,0.0,2.0,0.0,107.0,1,0,1,0,1,1,0,0,0,0,0,1,0,0,185.42,185.42,170.0,33.0,25.0,0,0,0,0,0,0,0,0,0,1,0,0,0,0,0,1,0,0,0,0,1,0,0,0
Red,False,0.0,0.0,0.2,0.57,0.0,0.0,0.0,0.0,0.0,0.0,75.0,15.0,121.0,69.0,75.0,15.0,123.0,70.0,3.0,0.0,0.0,0.0,56.0,4.0,51.0,15.0,6.0,1.0,29.0,21.0,13.0,10.0,41.0,33.0,74.0,15.0,119.0,69.0,1.0,0.0,2.0,0.0,0.0,0.0,0.0,0.0,47.0,8.0,900.0,3,0,0,1,0,0,1,0,0,0,0,0,0,0,180.34,180.34,135.0,0.0009765625,0.376953125,0.4867578125,0.462001953125,0.136865234375,0.68162109375,0.47900390625,1.8916015625,0.2841796875,0.4580078125,56.609375,24.65625,56.64306640625,26.986328125,62.6669921875,29.51416015625,65.14794921875,34.37744140625,1.75341796875,0.61474609375,2.185546875,1.78857421875,45.83203125,17.95703125,44.517578125,18.70654296875,7.25634765625,4.3037109375,10.74267578125,6.96533203125,3.52099609375,2.3955078125,1.3828125,1.314453125,40.09033203125,14.5517578125,45.74853515625,18.73095703125,1.08447265625,0.791015625,2.1220703125,1.44287109375,15.4345703125,9.3134765625,8.7724609375,6.8125,145.98046875,107.13330078125,414.783203125,29,0,1,0,4,6,6,0,0,0,2,2,2,0,175.26,172.72,135.0,26.0,28.0,1,0,0,0,0,0,0,0,0,0,0,0,0,0,0,0,0,0,1,0,1,0,0,0
Blue,False,0.0,0.0,0.37,0.55,0.0,0.42,0.0,0.0,0.0,0.0,116.0,44.0,114.0,63.0,119.0,46.0,128.0,76.0,0.0,0.0,7.0,3.0,73.0,19.0,86.0,44.0,24.0,8.0,15.0,7.0,19.0,17.0,13.0,12.0,111.0,40.0,92.0,41.0,3.0,2.0,5.0,5.0,2.0,2.0,17.0,17.0,50.0,246.0,900.0,3,0,0,1,0,0,1,0,0,0,0,0,0,0,177.8,180.34,155.0,0.0,0.0,0.33,0.44,0.0,0.0,0.0,0.0,0.0,0.0,153.0,52.0,201.0,90.0,154.0,53.0,201.0,90.0,2.0,0.0,0.0,0.0,113.0,27.0,125.0,32.0,30.0,22.0,39.0,27.0,10.0,3.0,37.0,31.0,151.0,51.0,199.0,89.0,2.0,1.0,0.0,0.0,0.0,0.0,2.0,1.0,0.0,3.0,900.0,3,0,0,1,0,0,1,0,0,0,0,0,0,0,177.8,177.8,170.0,27.0,30.0,0,0,0,0,0,0,1,0,0,0,0,0,0,0,0,1,0,0,0,0,0,0,1,0
Red,False,0.0,0.0,0.52,0.52,0.0,0.42,1.0,0.0,1.0,1.0,107.0,56.0,107.0,56.0,123.0,71.0,144.0,86.0,2.0,0.0,7.0,3.0,100.0,49.0,95.0,46.0,7.0,7.0,8.0,7.0,0.0,0.0,4.0,3.0,65.0,31.0,53.0,20.0,4.0,4.0,4.0,4.0,38.0,21.0,50.0,32.0,240.0,413.0,900.0,3,0,0,1,0,0,1,0,0,0,0,0,0,0,177.8,185.42,145.0,0.0078125,0.265625,0.501953125,0.42771484375,0.3869921875,0.7745703125000001,0.310546875,1.259765625,0.759765625,0.513671875,55.703125,26.310546875,66.87890625,32.203125,69.978515625,38.341796875,77.6640625,41.896484375,3.029296875,1.048828125,1.3671875,1.23046875,50.2734375,22.419921875,54.556640625,22.734375,4.416015625,2.876953125,5.552734375,3.73828125,1.013671875,1.013671875,6.76953125,5.73046875,45.04296875,17.291015625,50.09375,19.498046875,9.705078125,8.568359375,5.498046875,3.3359375,0.955078125,0.451171875,11.287109375,9.369140625,210.8046875,83.697265625,489.943359375,22,0,0,1,4,6,4,0,0,0,1,1,4,0,180.34,182.88,145.0,29.0,34.0,0,0,1,0,0,0,0,0,0,0,0,0,0,0,0,0,0,1,0,0,1,0,0,0
Blue,False,0.015625,0.0,0.45,0.4275,0.25,0.2,0.148468017578125,0.098388671875,0.0,0.0,66.5,29.6875,64.31230545043945,27.34375,89.75,48.0,85.53125,44.41152191162109,2.0,0.75,2.0546875,0.75,51.1875,18.3359375,49.6123046875,16.280410766601562,7.5,5.07647705078125,7.5,5.0,4.5,3.625,4.984375,3.9375,48.6875,17.0,47.11572265625,16.5,5.75,3.75,5.3125,3.4375,5.0625,3.5,3.875,2.5,99.2119140625,94.125,638.5,0,0,0,0,0,0,0,0,0,0,0,0,0,0,172.72,175.26,145.0,0.0,0.0,0.5625,0.4375,0.07,0.44,0.0,0.25,0.0,0.0,95.25,52.75,102.5,48.25,119.25,72.25,192.75,131.75,2.5,0.5,6.25,3.5,65.5,31.0,81.0,33.75,12.25,7.0,14.75,8.5,17.5,14.75,6.75,6.0,74.75,37.75,81.0,31.5,9.5,7.0,4.75,3.0,11.0,8.0,16.75,13.75,146.0,270.25,900.0,9,1,2,0,2,2,1,0,0,0,2,0,0,0,167.64,162.56,135.0,27.0,27.0,1,0,0,0,0,0,0,0,0,0,0,0,0,0,0,1,0,0,0,0,1,0,0,0
Red,False,0.625,0.0,0.44359375,0.3759375,0.15125,0.1934375,0.0625,0.03125,0.0,0.0,70.578125,30.265625,61.9375,23.5625,85.078125,43.5,66.0625,26.640625,3.484375,0.78125,1.03125,0.578125,55.390625,19.1875,50.78125,14.171875,11.59375,7.96875,6.953125,5.296875,3.59375,3.109375,4.203125,4.09375,54.609375,18.875,50.390625,17.421875,10.875,7.515625,7.453125,3.53125,5.09375,3.875,4.09375,2.609375,81.796875,12.90625,599.953125,17,0,0,1,3,5,2,0,0,1,2,2,0,0,190.5,193.04,235.0,0.03125,0.3125,0.5077734375,0.4321093749999999,0.52640625,0.00390625,0.0,0.25,0.0,0.0,38.26953125,22.2109375,16.95703125,8.08984375,77.2421875,56.015625,24.78515625,15.640625,7.828125,4.83984375,0.02734375,0.01171875,28.85546875,14.09765625,14.96484375,6.27734375,3.0,1.9609375,1.296875,1.1796875,6.4140625,6.15234375,0.6953125,0.6328125,17.87890625,6.80078125,13.07421875,4.78125,3.6328125,2.76171875,2.0546875,1.86328125,16.7578125,12.6484375,1.828125,1.4453125,458.51171875,3.34765625,647.828125,21,0,0,1,4,6,3,0,0,0,3,2,0,1,193.04,203.2,265.0,38.0,28.0,0,0,0,0,1,0,0,0,0,0,0,0,0,0,0,1,0,0,0,0,1,0,0,0
Blue,False,0.0,0.25,0.59875,0.5896874999999999,0.3556249999999999,0.1371875,0.84375,0.25,0.03125,1.40625,47.5625,20.34375,79.5,48.0,82.25,48.875,117.1875,83.15625,3.0,1.03125,1.71875,0.6875,44.84375,18.625,69.28125,38.09375,2.125,1.28125,5.875,5.6875,0.59375,0.4375,4.34375,4.21875,30.96875,9.21875,37.15625,19.4375,2.5625,1.34375,1.75,1.5,14.03125,9.78125,40.59375,27.0625,177.34375,287.625,625.4375,15,0,1,0,1,2,4,0,0,0,1,0,1,0,170.18,170.18,135.0,0.0471682548522949,0.0,0.45,0.4217682266235352,0.25,0.19173828125,0.1875,0.125,0.0,0.0,69.5,30.5,66.984375,27.8466796875,94.0,48.544921875,88.50390625,44.75,2.0,0.8125,2.015625,0.6640625,54.0,19.01513671875,51.483436584472656,16.9437255859375,7.91796875,5.430633544921875,7.75,5.0625,4.780975341796875,3.9373779296875,4.8994140625,3.84375,51.025390625,18.400863647460938,50.515625,17.5,5.75,3.75,5.5,3.5,5.375,3.6875,4.0,2.65625,104.865234375,89.5,655.8441009521484,0,0,0,0,0,0,0,0,0,0,0,0,0,0,162.56,157.48,125.0,31.0,24.0,0,0,0,0,0,0,0,0,0,0,1,0,0,0,0,1,0,0,0,0,1,0,0,0
Red,False,0.0,0.0,0.5825,0.3425,0.619375,0.0,0.4375,0.0,0.0,0.0,75.125,38.875,71.375,27.6875,84.0,46.875,73.9375,29.375,4.5,2.1875,0.0,0.0,58.5,27.75,46.5,12.6875,9.5,4.5625,14.125,5.4375,7.125,6.5625,10.75,9.5625,61.8125,26.0625,68.375,25.25,3.3125,3.0625,1.75,1.25,10.0,9.75,1.25,1.1875,180.0625,26.8125,608.0,11,0,0,1,4,4,1,0,0,0,1,0,3,0,167.64,177.8,155.0,0.125,0.015625,0.5875,0.358125,0.573125,0.04,0.328125,0.125,0.0625,0.125,20.484375,12.75,29.46875,9.625,45.765625,35.984375,56.046875,35.71875,5.265625,2.734375,6.125,0.5,15.390625,8.171875,16.03125,2.9375,4.0625,4.046875,9.78125,4.703125,1.03125,0.53125,3.65625,1.984375,10.4375,3.859375,24.25,5.609375,4.28125,4.140625,4.953125,3.8125,5.765625,4.75,0.265625,0.203125,269.34375,63.0625,621.0625,14,0,1,0,5,6,1,0,0,0,3,1,2,0,177.8,177.8,155.0,32.0,27.0,0,0,0,0,0,0,1,0,0,0,0,0,0,0,0,1,0,0,0,0,0,0,1,0
Red,True,0.260986328125,0.008056640625,0.4701224517822265,0.4161579990386963,0.1291168355941772,0.0728621959686279,0.5636739730834961,1.048994064331055,0.0156331062316894,0.125,277.9557418823242,131.73933029174805,278.6376953125,116.25265550613403,287.2981343269348,140.61120986938477,296.32852506637573,133.11525583267212,5.062983989715576,0.8682608604431152,1.0325379371643066,0.1094827651977539,252.2657437324524,111.63701009750366,236.48537635803223,83.5777096748352,17.72296142578125,13.33331060409546,31.48831844329834,24.003207683563232,7.967036724090576,6.769009590148926,10.664000511169434,8.671738147735596,262.96205472946167,119.45566987991332,262.1306571960449,104.64672708511353,12.977731227874756,10.89319133758545,14.212582111358644,9.819392204284668,2.015955924987793,1.3904690742492676,2.2944560050964355,1.7865362167358398,140.10213804244995,57.82213640213013,1082.9489650726318,50,1,4,0,4,17,5,0,1,0,5,8,3,0,175.26,182.88,155.0,0.0029296875,0.0,0.539189453125,0.454423828125,0.403408203125,0.0040625,0.8212890625,0.0625,0.0,0.0,172.703125,89.01953125,93.2724609375,40.9931640625,217.4375,128.484375,118.5556640625,64.98046875,9.744140625,3.9052734375,0.29296875,0.0048828125,159.05859375,78.0556640625,70.8876953125,25.625,11.17578125,8.498046875,18.701171875,12.8251953125,2.46875,2.4658203125,3.68359375,2.54296875,106.06640625,42.03125,84.865234375,32.626953125,2.1171875,0.9423828125,5.3408203125,5.3076171875,64.51953125,46.0458984375,3.06640625,3.05859375,663.193359375,0.650390625,1118.548828125,33,2,11,0,11,11,0,0,0,0,6,2,3,0,177.8,177.8,155.0,30.0,30.0,0,0,0,0,0,0,1,0,0,0,0,0,0,0,0,0,0,1,0,0,1,0,0,0
Blue,False,0.09423828125,0.00048828125,0.4923876953125,0.5074804687500001,0.00244140625,0.2601416015625,0.01171875,0.25,0.0,0.12548828125,102.5791015625,48.7509765625,94.470703125,48.8642578125,113.52001953125,59.61181640625,101.16357421875,55.2939453125,0.28271484375,0.00830078125,1.32421875,0.8056640625,69.5205078125,27.3271484375,61.267578125,21.908203125,11.93798828125,7.41748046875,16.041015625,12.33154296875,21.12060546875,14.00634765625,17.162109375,14.62451171875,87.4326171875,37.99462890625,82.26904296875,41.04052734375,8.75244140625,6.38671875,10.59814453125,6.736328125,6.39404296875,4.36962890625,1.603515625,1.08740234375,91.14404296875,147.52099609375,792.16064453125,30,0,2,0,3,8,4,0,0,1,2,4,1,0,180.34,177.8,155.0,0.2816085815429687,0.5001296997070312,0.4421425247192383,0.5101126861572265,0.0182050323486328,0.0747425079345703,6.103515625e-05,0.0042123794555664,0.0,0.0,97.24794387817384,48.67293834686279,117.51624393463136,56.54057693481445,99.36531734466551,50.70423698425293,143.35235404968262,80.56783866882324,0.4063167572021484,0.0234413146972656,2.364465713500977,0.7510614395141602,67.05536937713623,25.498340606689453,100.40103912353516,45.3554048538208,18.97871780395508,14.508286476135254,10.171307563781738,5.339449882507324,11.21385669708252,8.666311264038086,6.943897247314453,5.845722198486328,92.66927719116212,44.686490058898926,89.2785415649414,36.01681137084961,4.135289192199707,3.625516891479492,8.386307716369629,4.992259979248047,0.4433774948120117,0.360931396484375,19.851394653320312,15.531505584716797,28.149394035339355,175.63029098510742,525.5115947723389,52,0,4,0,4,14,7,0,1,1,5,7,0,0,180.34,190.5,145.0,35.0,33.0,0,0,0,0,0,0,1,0,0,0,0,0,0,0,0,1,0,0,0,0,1,0,0,0
Red,False,0.0,0.0,0.5674999999999999,0.2175,0.315,0.505,0.5,0.75,0.0,0.0,138.5,78.25,128.0,29.5,154.25,92.25,150.5,48.25,3.25,1.25,8.75,3.25,84.25,35.0,107.5,18.25,34.75,27.0,15.25,7.75,19.5,16.25,5.25,3.5,101.5,49.75,117.75,24.25,21.25,17.75,6.75,4.5,15.75,10.75,3.5,0.75,216.75,153.25,900.0,9,0,3,0,3,3,0,0,0,0,3,0,0,0,167.64,175.26,125.0,0.0390625,0.0,0.4909765625,0.4340234375,0.473125,0.420625,0.75,0.16015625,0.3125,0.0,193.87109375,85.1875,162.44921875,61.84375,226.57421875,113.3359375,185.5078125,82.48046875,2.890625,1.828125,1.79296875,0.5625,109.70703125,27.0546875,126.296875,36.41796875,31.33203125,15.78515625,23.5234375,17.3359375,52.83203125,42.34765625,12.62890625,8.08984375,175.71875,72.6796875,152.39453125,54.265625,11.8046875,7.69140625,6.8828125,4.9609375,6.34765625,4.81640625,3.171875,2.6171875,145.3828125,96.22265625,799.8984375,21,0,1,0,2,5,4,0,0,0,3,1,1,0,167.64,165.1,125.0,30.0,33.0,0,0,0,0,0,0,0,0,0,0,0,0,1,0,0,1,0,0,0,0,1,0,0,0
Blue,False,0.1328125,0.0625,0.384140625,0.366171875,0.1328125,0.14921875,0.7734375,0.0,0.0703125,0.0,188.203125,63.890625,97.0390625,31.96875,199.9765625,74.3125,99.125,33.4140625,1.3984375,0.5078125,6.5625,1.625,157.59375,44.5859375,81.8203125,23.4609375,23.2109375,12.4765625,13.5703125,7.15625,7.3984375,6.828125,1.6484375,1.3515625,163.0546875,47.171875,88.6484375,27.4921875,8.7421875,5.8203125,5.9140625,3.640625,16.40625,10.8984375,2.4765625,0.8359375,78.7578125,47.7578125,641.3671875,16,0,2,0,4,6,2,0,0,0,2,3,1,0,175.26,187.96,155.0,0.453125,0.0078125,0.409140625,0.239609375,0.036796875,0.002109375,0.0,0.0,0.0,0.0,55.453125,20.3203125,53.3359375,16.7421875,56.2890625,21.109375,53.6796875,17.0234375,0.1171875,0.1015625,2.5625,0.0234375,37.1640625,10.078125,39.53125,10.0234375,9.7734375,3.34375,7.203125,2.6875,8.515625,6.8984375,6.6015625,4.03125,52.828125,18.8203125,51.78125,16.484375,1.296875,0.671875,1.4375,0.1796875,1.328125,0.828125,0.1171875,0.078125,7.7109375,3.84375,548.953125,16,0,1,0,6,7,1,0,0,0,2,5,0,0,175.26,185.42,155.0,34.0,31.0,0,0,0,0,0,0,1,0,0,0,0,0,0,0,0,1,0,0,0,0,1,0,0,0
Red,False,0.25,0.5,0.7775,0.55,0.0675,0.0,0.5,0.0,0.0,0.5,18.5,10.75,25.0,13.75,20.75,12.25,31.75,20.0,2.75,0.75,0.25,0.0,16.25,8.5,17.0,7.0,2.0,2.0,4.0,3.5,0.25,0.25,4.0,3.25,14.0,8.0,21.0,11.0,0.25,0.0,0.0,0.0,4.25,2.75,4.0,2.75,51.0,103.75,246.0,5,0,0,1,1,1,2,0,0,0,0,0,1,0,185.42,190.5,155.0,0.0471682548522949,0.0,0.45,0.4217682266235352,0.25,0.19173828125,0.1875,0.125,0.0,0.0,69.5,30.5,66.984375,27.8466796875,94.0,48.544921875,88.50390625,44.75,2.0,0.8125,2.015625,0.6640625,54.0,19.01513671875,51.483436584472656,16.9437255859375,7.91796875,5.430633544921875,7.75,5.0625,4.780975341796875,3.9373779296875,4.8994140625,3.84375,51.025390625,18.400863647460938,50.515625,17.5,5.75,3.75,5.5,3.5,5.375,3.6875,4.0,2.65625,104.865234375,89.5,655.8441009521484,0,0,0,0,0,0,0,0,0,0,0,0,0,0,172.72,180.34,155.0,32.0,29.0,0,0,0,0,0,0,1,0,0,0,0,0,0,0,0,1,0,0,0,0,0,0,0,1
Red,False,0.76171875,0.0,0.34748046875,0.48353515625,0.00732421875,0.121435546875,0.666015625,0.00390625,0.0009765625,0.2509765625,107.21484375,37.9189453125,74.3349609375,36.1630859375,117.8994140625,48.0625,83.51171875,43.83203125,2.359375,0.0283203125,1.2685546875,0.4716796875,78.162109375,16.43359375,58.494140625,25.64453125,14.1123046875,9.5693359375,11.298828125,7.4453125,14.9404296875,11.916015625,4.5419921875,3.0732421875,97.541015625,30.857421875,66.580078125,31.6142578125,8.4375,5.8916015625,4.439453125,2.5224609375,1.236328125,1.169921875,3.3154296875,2.0263671875,66.2158203125,64.2548828125,814.7919921875,25,0,2,0,2,8,3,0,0,0,3,1,4,0,182.88,190.5,185.0,0.017578125,0.017578125,0.34458984375,0.4084765625,0.1606640624999999,0.0071484375,0.033203125,0.544921875,0.0,0.15625,140.9609375,48.765625,110.5078125,46.1640625,155.86328125,61.609375,130.09765625,64.611328125,3.154296875,1.068359375,1.41015625,0.0234375,119.732421875,33.712890625,88.181640625,30.845703125,13.263671875,9.1796875,14.28125,9.1171875,7.96484375,5.873046875,8.044921875,6.201171875,123.845703125,36.80078125,96.349609375,36.892578125,12.958984375,9.42578125,12.302734375,8.177734375,4.15625,2.5390625,1.85546875,1.09375,191.302734375,38.638671875,886.560546875,24,0,1,0,2,6,4,0,0,1,3,2,0,0,182.88,185.42,185.0,35.0,31.0,0,0,0,0,0,0,0,1,0,0,0,0,0,0,0,0,0,1,0,0,1,0,0,0
Red,False,1.0,0.0,0.4,0.51,0.0,0.0,0.0,0.0,0.0,0.0,69.0,28.0,90.0,46.0,74.0,33.0,91.0,47.0,0.0,0.0,0.0,0.0,64.0,25.0,46.0,9.0,3.0,2.0,28.0,22.0,2.0,1.0,16.0,15.0,44.0,13.0,70.0,29.0,6.0,2.0,20.0,17.0,19.0,13.0,0.0,0.0,17.0,25.0,378.0,2,0,1,0,1,1,0,0,0,0,0,1,0,0,177.8,185.42,170.0,0.0,0.51953125,0.405859375,0.413359375,0.29171875,0.005,0.125,0.03125,0.0,0.046875,141.8125,56.59765625,131.078125,52.04296875,203.95703125,102.265625,132.91796875,53.87109375,6.0625,1.61328125,0.625,0.03125,119.13671875,41.1796875,102.34765625,29.765625,15.15234375,8.63671875,13.46875,8.10546875,7.5234375,6.78125,15.26171875,14.171875,122.57421875,47.15625,122.65234375,46.7734375,3.9765625,1.42578125,5.6953125,3.87890625,15.26171875,8.015625,2.73046875,1.390625,290.4296875,17.18359375,893.42578125,25,0,0,1,4,6,3,0,0,1,4,1,0,0,180.34,182.88,170.0,29.0,31.0,0,0,0,0,0,0,0,0,0,1,0,0,0,0,0,0,0,1,0,0,1,0,0,0
Red,False,0.015625,0.0,0.45,0.4275,0.25,0.2,0.148468017578125,0.098388671875,0.0,0.0,66.5,29.6875,64.31230545043945,27.34375,89.75,48.0,85.53125,44.41152191162109,2.0,0.75,2.0546875,0.75,51.1875,18.3359375,49.6123046875,16.280410766601562,7.5,5.07647705078125,7.5,5.0,4.5,3.625,4.984375,3.9375,48.6875,17.0,47.11572265625,16.5,5.75,3.75,5.3125,3.4375,5.0625,3.5,3.875,2.5,99.2119140625,94.125,638.5,0,0,0,0,0,0,0,0,0,0,0,0,0,0,185.42,190.5,155.0,2.0,0.0,0.67,0.33,0.0,1.0,1.0,0.0,0.0,0.0,31.0,21.0,15.0,5.0,53.0,42.0,16.0,6.0,0.0,0.0,1.0,1.0,23.0,14.0,14.0,4.0,7.0,6.0,1.0,1.0,1.0,1.0,0.0,0.0,22.0,12.0,13.0,5.0,3.0,3.0,0.0,0.0,6.0,6.0,2.0,0.0,32.0,228.0,314.0,2,0,1,0,1,1,0,0,0,0,0,1,0,0,182.88,182.88,155.0,22.0,28.0,0,0,0,0,0,0,1,0,0,0,0,0,0,0,0,1,0,0,0,0,0,0,1,0
Blue,False,0.5,0.0,0.445,0.3399999999999999,0.0,0.21,0.0,0.5,0.0,0.0,37.5,17.5,34.0,12.5,38.0,18.0,42.5,21.0,1.0,0.0,4.0,1.5,24.0,7.0,25.0,6.0,8.0,5.5,3.5,3.0,5.5,5.0,5.5,3.5,35.5,16.0,27.0,9.5,0.5,0.0,5.5,2.0,1.5,1.5,1.5,1.0,10.0,96.5,527.0,4,0,0,1,1,1,1,0,0,0,0,1,0,0,180.34,177.8,170.0,0.0703125,0.265625,0.504384765625,0.3484277343749999,0.10498046875,0.050322265625,0.0,0.130859375,0.03125,0.0,131.537109375,61.044921875,132.3974609375,46.6845703125,132.62109375,62.0849609375,135.8544921875,49.4091796875,0.34765625,0.212890625,1.5595703125,0.166015625,78.7919921875,20.7158203125,107.9404296875,31.0830078125,26.6318359375,17.4443359375,18.1376953125,13.3408203125,26.11328125,22.884765625,6.3193359375,2.2607421875,129.0029296875,59.533203125,121.515625,40.701171875,0.9423828125,0.4921875,3.3193359375,2.0224609375,1.591796875,1.01953125,7.5625,3.9609375,13.61328125,27.11328125,660.99609375,26,0,3,0,3,7,4,0,0,1,4,2,0,0,185.42,187.96,170.0,35.0,38.0,0,0,0,0,0,0,0,0,0,1,0,0,0,0,0,1,0,0,0,0,1,0,0,0
Red,False,0.015625,0.0,0.45,0.4275,0.25,0.2,0.148468017578125,0.098388671875,0.0,0.0,66.5,29.6875,64.31230545043945,27.34375,89.75,48.0,85.53125,44.41152191162109,2.0,0.75,2.0546875,0.75,51.1875,18.3359375,49.6123046875,16.280410766601562,7.5,5.07647705078125,7.5,5.0,4.5,3.625,4.984375,3.9375,48.6875,17.0,47.11572265625,16.5,5.75,3.75,5.3125,3.4375,5.0625,3.5,3.875,2.5,99.2119140625,94.125,638.5,0,0,0,0,0,0,0,0,0,0,0,0,0,0,190.5,198.12,205.0,0.0471682548522949,0.0,0.45,0.4217682266235352,0.25,0.19173828125,0.1875,0.125,0.0,0.0,69.5,30.5,66.984375,27.8466796875,94.0,48.544921875,88.50390625,44.75,2.0,0.8125,2.015625,0.6640625,54.0,19.01513671875,51.483436584472656,16.9437255859375,7.91796875,5.430633544921875,7.75,5.0625,4.780975341796875,3.9373779296875,4.8994140625,3.84375,51.025390625,18.400863647460938,50.515625,17.5,5.75,3.75,5.5,3.5,5.375,3.6875,4.0,2.65625,104.865234375,89.5,655.8441009521484,0,0,0,0,0,0,0,0,0,0,0,0,0,0,193.04,198.12,205.0,24.0,25.0,0,0,0,0,0,1,0,0,0,0,0,0,0,0,0,1,0,0,0,0,1,0,0,0
Red,False,0.0,0.0,0.38,0.48625,0.0825,0.375,0.125,0.25,0.0,0.25,89.75,32.875,95.75,47.625,118.625,57.75,167.625,108.125,2.125,0.25,2.375,1.125,74.0,20.5,71.5,31.75,5.5,5.0,6.5,3.75,10.25,7.375,17.75,12.125,75.875,23.0,68.5,28.0,7.125,4.625,3.0,1.75,6.75,5.25,24.25,17.875,48.75,308.75,777.625,10,0,0,1,2,2,2,0,0,1,0,0,1,0,167.64,165.1,135.0,0.5,0.5,0.41,0.285,0.14,0.07,0.0,1.5,0.5,0.5,173.0,72.0,128.5,41.5,215.5,108.5,132.5,45.5,3.5,1.0,5.5,0.5,148.5,53.5,103.5,24.5,17.5,13.0,17.5,11.0,7.0,5.5,7.5,6.0,123.0,44.0,121.0,38.0,1.0,0.5,2.5,1.0,49.0,27.5,5.0,2.5,295.0,64.0,900.0,6,0,2,0,2,2,0,0,0,1,1,0,0,0,162.56,175.26,125.0,24.0,26.0,0,0,0,1,0,0,0,0,0,0,0,0,0,0,0,1,0,0,0,0,1,0,0,0
Red,False,0.375,0.125,0.52875,0.154140625,0.52,0.0521875,0.5390625,0.2578125,0.015625,0.0,41.6328125,18.0078125,25.53125,9.2578125,45.1640625,21.2890625,28.8828125,11.9296875,1.2109375,0.546875,1.5703125,0.1796875,31.7421875,11.4296875,21.3828125,6.875,5.15625,3.1796875,2.8125,1.65625,4.734375,3.3984375,1.3359375,0.7265625,30.0625,10.6015625,22.03125,6.9453125,5.2421875,3.7578125,2.7890625,1.7890625,6.328125,3.6484375,0.7109375,0.5234375,81.3046875,55.4609375,311.5859375,19,0,0,1,7,7,1,0,0,1,2,3,1,0,180.34,185.42,170.0,0.583984375,0.76953125,0.41830078125,0.36921875,0.27103515625,0.106318359375,0.0,0.162109375,0.1328125,0.0,192.3408203125,80.248046875,153.515625,57.9521484375,200.0185546875,85.4208984375,159.0205078125,62.9775390625,1.384765625,0.578125,2.62890625,0.3173828125,143.9248046875,45.212890625,131.65234375,41.375,12.6142578125,9.3603515625,13.658203125,9.9228515625,35.8017578125,25.6748046875,8.205078125,6.654296875,179.3779296875,74.041015625,136.7255859375,49.4619140625,7.2119140625,2.369140625,11.181640625,5.421875,5.7509765625,3.837890625,5.6083984375,3.068359375,50.9267578125,56.9248046875,815.427734375,26,0,1,0,4,8,3,0,0,1,2,5,0,0,182.88,180.34,170.0,32.0,31.0,0,0,0,0,0,0,0,0,0,1,0,0,0,0,0,1,0,0,0,0,1,0,0,0
Red,False,0.65625,0.0,0.4834374999999999,0.5665625000000001,0.82125,0.5153125000000001,0.25,0.375,0.0,0.625,83.03125,41.90625,107.84375,62.1875,96.875,55.34375,172.71875,118.9375,2.15625,1.75,2.84375,1.8125,50.34375,13.71875,76.5,36.0625,19.125,16.03125,21.09375,17.625,13.5625,12.15625,10.25,8.5,62.21875,25.5,77.875,35.59375,17.5625,13.65625,12.71875,10.4375,3.25,2.75,17.25,16.15625,118.96875,333.625,866.625,17,0,0,2,1,2,4,0,0,0,1,1,0,0,175.26,177.8,135.0,0.0,0.0,0.6,0.51,0.0,0.4,2.0,1.0,1.0,0.0,30.0,18.0,62.0,32.0,33.0,20.0,76.0,42.0,0.0,0.0,5.0,2.0,29.0,18.0,58.0,30.0,1.0,0.0,4.0,2.0,0.0,0.0,0.0,0.0,12.0,4.0,9.0,1.0,1.0,0.0,2.0,2.0,17.0,14.0,51.0,29.0,26.0,358.0,427.0,2,0,0,1,0,0,1,0,0,0,0,0,0,0,172.72,182.88,125.0,30.0,23.0,1,0,0,0,0,0,0,0,0,0,0,0,0,0,0,1,0,0,0,0,0,0,1,0
Blue,False,0.015625,0.0,0.45,0.4275,0.25,0.2,0.148468017578125,0.098388671875,0.0,0.0,66.5,29.6875,64.31230545043945,27.34375,89.75,48.0,85.53125,44.41152191162109,2.0,0.75,2.0546875,0.75,51.1875,18.3359375,49.6123046875,16.280410766601562,7.5,5.07647705078125,7.5,5.0,4.5,3.625,4.984375,3.9375,48.6875,17.0,47.11572265625,16.5,5.75,3.75,5.3125,3.4375,5.0625,3.5,3.875,2.5,99.2119140625,94.125,638.5,0,0,0,0,0,0,0,0,0,0,0,0,0,0,160.02,165.1,125.0,0.0,0.0,0.4649999999999999,0.485,0.25,0.355,0.5,0.0,0.0,0.0,43.5,20.0,54.0,27.5,59.0,34.5,155.0,114.5,1.5,0.5,4.0,2.5,26.0,7.5,38.5,16.0,9.5,6.5,12.0,9.0,8.0,6.0,3.5,2.5,33.0,12.0,34.0,12.5,10.0,7.5,14.0,10.5,0.5,0.5,6.0,4.5,155.5,261.0,570.0,4,0,0,1,1,1,1,0,0,0,0,0,1,0,172.72,167.64,125.0,25.0,23.0,0,0,0,0,0,0,0,0,0,0,0,0,1,0,0,1,0,0,0,0,1,0,0,0
Blue,True,0.0,0.0,0.51,0.495,0.3325,0.0,0.5,0.25,0.5,0.0,134.0,62.0,64.75,25.75,171.75,95.5,67.0,28.0,5.25,1.5,1.0,0.0,76.75,31.25,47.0,12.5,20.0,8.5,8.5,6.5,37.25,22.25,9.25,6.75,107.0,40.0,57.5,20.25,6.5,4.75,4.75,4.0,20.5,17.25,2.5,1.5,189.5,45.75,730.25,7,0,3,0,3,3,0,0,0,0,2,0,1,0,162.56,160.02,115.0,0.25048828125,0.515625,0.4781610107421875,0.4444342041015625,0.41376953125,0.12710205078125,0.01031494140625,0.62872314453125,0.125,0.0,121.19696044921876,58.72412109375,116.0006103515625,53.4993896484375,138.0411376953125,74.61383056640625,119.9183349609375,56.89373779296875,4.33538818359375,2.620849609375,1.72393798828125,0.25439453125,86.92822265625,30.899658203125,105.13043212890624,44.34466552734375,22.0343017578125,16.32635498046875,6.16278076171875,4.5618896484375,12.23443603515625,11.49810791015625,4.7073974609375,4.59283447265625,95.6141357421875,39.046875,105.28765869140624,46.08905029296875,13.167236328125,9.390380859375,8.26116943359375,5.7696533203125,12.41558837890625,10.286865234375,2.4517822265625,1.64068603515625,116.73675537109376,19.0006103515625,504.5855102539063,35,2,0,1,4,11,4,0,0,1,5,3,2,0,154.94,157.48,115.0,30.0,27.0,0,0,0,0,0,0,0,0,0,0,0,0,0,1,0,0,0,0,1,0,1,0,0,0
Red,False,0.0,1.0,0.33,0.72,0.5,0.0,0.0,0.0,0.0,0.0,18.0,6.0,25.0,18.0,23.0,9.0,25.0,18.0,2.0,1.0,0.0,0.0,16.0,5.0,20.0,14.0,2.0,1.0,2.0,1.0,0.0,0.0,3.0,3.0,17.0,5.0,17.0,10.0,0.0,0.0,1.0,1.0,1.0,1.0,7.0,7.0,96.0,36.0,232.0,1,0,0,1,0,0,1,0,0,0,0,0,0,0,177.8,182.88,170.0,0.5,0.0,0.5625,0.42,0.0,0.25,0.0,0.0,0.0,0.0,97.25,42.0,129.25,59.0,99.25,43.25,130.75,60.5,0.0,0.0,1.5,0.5,70.25,25.5,104.25,41.25,14.5,7.5,13.25,8.75,12.5,9.0,11.75,9.0,87.0,33.75,121.0,54.75,5.5,4.0,8.0,4.0,4.75,4.25,0.25,0.25,4.0,25.75,600.0,6,0,2,0,2,2,1,0,0,0,0,2,0,0,182.88,180.34,170.0,31.0,29.0,0,0,0,0,0,0,0,0,0,1,0,0,0,0,0,1,0,0,0,0,1,0,0,0
Blue,False,0.0,0.0,0.48,0.5,0.0,0.14,0.0,1.0,0.0,0.0,35.0,17.0,32.0,16.0,39.0,21.0,35.0,19.0,0.0,0.0,7.0,1.0,32.0,15.0,24.0,9.0,1.0,0.0,6.0,5.0,2.0,2.0,2.0,2.0,19.0,6.0,23.0,12.0,16.0,11.0,9.0,4.0,0.0,0.0,0.0,0.0,38.0,159.0,367.0,2,0,0,1,0,0,1,0,0,0,0,0,0,0,182.88,190.5,185.0,0.0471682548522949,0.0,0.45,0.4217682266235352,0.25,0.19173828125,0.1875,0.125,0.0,0.0,69.5,30.5,66.984375,27.8466796875,94.0,48.544921875,88.50390625,44.75,2.0,0.8125,2.015625,0.6640625,54.0,19.01513671875,51.483436584472656,16.9437255859375,7.91796875,5.430633544921875,7.75,5.0625,4.780975341796875,3.9373779296875,4.8994140625,3.84375,51.025390625,18.400863647460938,50.515625,17.5,5.75,3.75,5.5,3.5,5.375,3.6875,4.0,2.65625,104.865234375,89.5,655.8441009521484,0,0,0,0,0,0,0,0,0,0,0,0,0,0,177.8,185.42,185.0,25.0,28.0,0,0,0,0,0,0,0,1,0,0,0,0,0,0,0,1,0,0,0,0,1,0,0,0
Red,False,0.0,0.0,0.5700000000000001,0.485,0.33,0.415,2.5,1.0,0.0,0.0,59.0,37.0,91.5,41.5,95.0,67.5,175.0,110.5,4.0,2.0,7.0,3.0,51.5,32.0,63.0,19.0,4.5,2.5,21.0,16.0,3.0,2.5,7.5,6.5,33.0,17.0,54.5,15.5,6.5,4.5,12.5,8.5,19.5,15.5,24.5,17.5,235.5,502.5,900.0,6,0,0,1,1,1,1,0,0,0,1,0,0,0,175.26,177.8,155.0,0.0,0.0,0.515,0.305,0.225,0.0,0.0,0.0,0.0,0.0,102.5,49.0,79.0,24.0,143.5,83.5,85.0,30.0,5.5,2.5,0.0,0.0,61.5,23.5,64.0,15.5,32.0,19.5,8.0,4.0,9.0,6.0,7.0,4.5,91.0,42.0,76.0,21.0,1.5,1.5,3.0,3.0,10.0,5.5,0.0,0.0,293.0,0.0,900.0,6,0,2,0,2,2,0,0,0,0,2,0,0,0,175.26,177.8,155.0,24.0,28.0,0,0,0,0,0,0,1,0,0,0,0,0,0,0,0,1,0,0,0,0,1,0,0,0
Red,False,0.015625,0.0,0.45,0.4275,0.25,0.2,0.148468017578125,0.098388671875,0.0,0.0,66.5,29.6875,64.31230545043945,27.34375,89.75,48.0,85.53125,44.41152191162109,2.0,0.75,2.0546875,0.75,51.1875,18.3359375,49.6123046875,16.280410766601562,7.5,5.07647705078125,7.5,5.0,4.5,3.625,4.984375,3.9375,48.6875,17.0,47.11572265625,16.5,5.75,3.75,5.3125,3.4375,5.0625,3.5,3.875,2.5,99.2119140625,94.125,638.5,0,0,0,0,0,0,0,0,0,0,0,0,0,0,162.56,170.18,125.0,0.0471682548522949,0.0,0.45,0.4217682266235352,0.25,0.19173828125,0.1875,0.125,0.0,0.0,69.5,30.5,66.984375,27.8466796875,94.0,48.544921875,88.50390625,44.75,2.0,0.8125,2.015625,0.6640625,54.0,19.01513671875,51.483436584472656,16.9437255859375,7.91796875,5.430633544921875,7.75,5.0625,4.780975341796875,3.9373779296875,4.8994140625,3.84375,51.025390625,18.400863647460938,50.515625,17.5,5.75,3.75,5.5,3.5,5.375,3.6875,4.0,2.65625,104.865234375,89.5,655.8441009521484,0,0,0,0,0,0,0,0,0,0,0,0,0,0,165.1,170.18,135.0,23.0,24.0,0,0,0,0,0,0,0,0,0,0,1,0,0,0,0,1,0,0,0,0,1,0,0,0
Red,False,0.015625,0.0,0.45,0.4275,0.25,0.2,0.148468017578125,0.098388671875,0.0,0.0,66.5,29.6875,64.31230545043945,27.34375,89.75,48.0,85.53125,44.41152191162109,2.0,0.75,2.0546875,0.75,51.1875,18.3359375,49.6123046875,16.280410766601562,7.5,5.07647705078125,7.5,5.0,4.5,3.625,4.984375,3.9375,48.6875,17.0,47.11572265625,16.5,5.75,3.75,5.3125,3.4375,5.0625,3.5,3.875,2.5,99.2119140625,94.125,638.5,0,0,0,0,0,0,0,0,0,0,0,0,0,0,170.18,177.8,135.0,0.0471682548522949,0.0,0.45,0.4217682266235352,0.25,0.19173828125,0.1875,0.125,0.0,0.0,69.5,30.5,66.984375,27.8466796875,94.0,48.544921875,88.50390625,44.75,2.0,0.8125,2.015625,0.6640625,54.0,19.01513671875,51.483436584472656,16.9437255859375,7.91796875,5.430633544921875,7.75,5.0625,4.780975341796875,3.9373779296875,4.8994140625,3.84375,51.025390625,18.400863647460938,50.515625,17.5,5.75,3.75,5.5,3.5,5.375,3.6875,4.0,2.65625,104.865234375,89.5,655.8441009521484,0,0,0,0,0,0,0,0,0,0,0,0,0,0,165.1,167.64,135.0,30.0,27.0,1,0,0,0,0,0,0,0,0,0,0,0,0,0,0,1,0,0,0,0,1,0,0,0
Blue,False,0.015625,0.0,0.45,0.4275,0.25,0.2,0.148468017578125,0.098388671875,0.0,0.0,66.5,29.6875,64.31230545043945,27.34375,89.75,48.0,85.53125,44.41152191162109,2.0,0.75,2.0546875,0.75,51.1875,18.3359375,49.6123046875,16.280410766601562,7.5,5.07647705078125,7.5,5.0,4.5,3.625,4.984375,3.9375,48.6875,17.0,47.11572265625,16.5,5.75,3.75,5.3125,3.4375,5.0625,3.5,3.875,2.5,99.2119140625,94.125,638.5,0,0,0,0,0,0,0,0,0,0,0,0,0,0,180.34,187.96,155.0,1.0,0.0,0.56,0.3399999999999999,0.0,0.0,0.0,0.0,0.0,0.0,31.0,16.0,8.0,2.5,31.0,16.0,8.0,2.5,0.0,0.0,0.0,0.0,24.5,11.5,4.0,0.5,3.0,1.5,1.0,0.5,3.5,3.0,3.0,1.5,25.5,12.0,8.0,2.5,0.0,0.0,0.0,0.0,5.5,4.0,0.0,0.0,2.5,0.0,139.5,2,0,2,0,2,2,0,0,0,0,0,2,0,0,175.26,193.04,155.0,32.0,26.0,0,0,0,0,0,0,1,0,0,0,0,0,0,0,0,1,0,0,0,0,1,0,0,0
Blue,False,0.0010378360748291,1.5235748291015625,0.4661207962036132,0.5008819031715392,0.3359149956703186,0.225276973247528,0.5424222946166992,2.026557922363281e-05,0.0081939697265625,0.2502534389495849,258.2889680862427,124.4987473487854,226.93431901931763,116.94762682914734,312.87353515625,174.49678874015808,250.6159644126892,138.72946429252625,3.8560266494750977,0.7660410404205322,1.1993107795715332,0.3676867485046386,205.0307605266571,89.13637685775757,166.15846347808838,70.24214506149292,41.29687142372131,28.592918395996094,26.974369049072266,19.009193181991577,11.961336135864258,6.769452095031738,33.80148649215698,27.69628858566284,193.58945322036743,80.08204007148743,203.2846131324768,98.4260070323944,60.89664697647095,42.62992215156555,17.960834741592407,14.863805770874023,3.802867889404297,1.786785125732422,5.688871145248413,3.657814025878906,194.7626848220825,98.26335048675536,1086.5757846832275,57,2,5,0,5,14,9,0,0,1,2,2,9,0,182.88,193.04,170.0,0.75018310546875,0.015625,0.5249563598632813,0.4782827758789062,0.0781451416015625,0.1211239624023437,0.508575439453125,0.0,0.16455078125,6.103515625e-05,66.22735595703125,34.612457275390625,119.89013671875,60.5740966796875,70.03482055664062,38.079010009765625,122.922119140625,63.26611328125,0.169219970703125,0.09393310546875,1.411376953125,0.677490234375,40.45895385742188,15.184112548828123,80.9962158203125,35.470123291015625,12.36785888671875,7.699737548828125,21.009033203125,12.106536865234377,13.400543212890623,11.728607177734377,17.8848876953125,12.9974365234375,60.89987182617188,30.238250732421875,112.25860595703124,55.41375732421875,1.286865234375,0.95184326171875,3.631591796875,2.554412841796875,4.040618896484375,3.42236328125,3.99993896484375,2.605926513671875,41.90234375,54.71246337890625,591.6576538085938,40,4,0,1,5,9,7,0,0,1,1,3,4,0,177.8,182.88,155.0,34.0,32.0,0,0,0,0,0,0,0,0,0,1,0,0,0,0,0,0,0,1,0,0,1,0,0,0
Blue,False,0.0,0.0,0.4775,0.4781249999999999,0.18625,0.249375,0.0,0.5,0.0,0.0625,114.3125,54.3125,137.1875,68.5,134.4375,72.0,159.0625,87.0625,5.4375,0.8125,3.75,1.0,78.4375,25.4375,82.0625,27.1875,15.5,12.75,29.0625,20.4375,20.375,16.125,26.0625,20.875,95.0,39.3125,116.1875,52.0625,15.1875,12.375,14.25,11.1875,4.125,2.625,6.75,5.25,129.375,144.4375,900.0,15,0,2,0,2,4,1,0,0,1,3,0,0,0,175.26,177.8,155.0,0.0,0.0,0.36375,0.3890625,0.38625,0.629375,0.03125,0.4375,0.3125,0.125,95.71875,35.9375,55.84375,22.46875,121.78125,55.65625,78.8125,40.59375,9.28125,4.28125,1.46875,1.03125,78.9375,22.875,43.5,16.4375,12.59375,9.0,9.5625,3.96875,4.1875,4.0625,2.78125,2.0625,73.03125,25.875,42.75,14.65625,7.375,4.4375,6.625,4.09375,15.3125,5.625,6.46875,3.71875,318.59375,119.625,809.28125,13,0,0,1,2,3,3,0,0,0,2,0,1,0,177.8,180.34,155.0,31.0,29.0,0,0,0,0,0,0,1,0,0,0,0,0,0,0,0,1,0,0,0,0,1,0,0,0
Blue,False,0.875,0.0,0.60625,0.47875,0.0,0.05,0.0,0.0,0.0,0.0,94.5,57.875,84.0,40.625,96.125,59.375,84.875,41.5,0.125,0.0,2.25,0.25,62.625,31.0,64.5,26.75,29.625,24.875,11.375,7.0,2.25,2.0,8.125,6.875,81.125,48.125,79.125,36.75,8.5,6.625,4.875,3.875,4.875,3.125,0.0,0.0,6.75,11.75,380.125,7,0,4,0,4,4,0,0,0,0,0,4,0,0,185.42,182.88,185.0,1.361328125,0.0,0.46705078125,0.3746875,0.2346875,0.013369140625,0.0,0.0078125,0.0,0.0,163.953125,76.572265625,227.1572265625,87.0830078125,199.0849609375,106.751953125,232.0595703125,90.8173828125,7.587890625,2.19140625,1.29296875,0.1015625,126.251953125,48.8271484375,158.3740234375,40.685546875,20.8056640625,14.02734375,31.65625,17.85546875,16.8955078125,13.7177734375,37.126953125,28.5419921875,124.0947265625,48.119140625,214.1591796875,80.111328125,25.18359375,16.296875,10.484375,5.716796875,14.6748046875,12.15625,2.513671875,1.2548828125,185.423828125,37.2578125,1203.5283203125,35,2,8,0,8,9,2,0,0,1,1,7,0,0,182.88,185.42,185.0,28.0,42.0,0,0,0,0,0,0,0,1,0,0,0,0,0,0,0,1,0,0,0,0,0,0,1,0
Blue,False,0.375,0.0,0.4325,0.37,0.5,0.75,0.5,0.75,0.125,0.0,183.5,82.5,149.75,60.375,197.5,94.75,151.5,61.5,2.625,1.375,1.5,1.0,146.75,52.25,107.5,34.25,16.25,11.375,33.75,20.625,20.5,18.875,8.5,5.5,160.5,69.125,144.25,58.75,5.25,3.0,4.375,0.75,17.75,10.375,1.125,0.875,73.5,38.125,613.875,8,0,4,0,4,4,0,0,0,1,0,2,1,0,180.34,177.8,135.0,0.125244140625,0.5001220703125,0.273704833984375,0.337421875,0.257115478515625,0.0373046875,0.0029296875,0.5098876953125,0.0,0.0,71.1680908203125,26.0224609375,73.1278076171875,20.148681640625,82.3795166015625,36.720947265625,74.6790771484375,21.6314697265625,0.6728515625,0.5306396484375,0.873779296875,0.16015625,55.9298095703125,16.4276123046875,57.4656982421875,11.2791748046875,4.9549560546875,2.556640625,8.238037109375,4.43603515625,10.2833251953125,7.0382080078125,7.424072265625,4.4334716796875,64.119873046875,21.063720703125,70.3441162109375,18.55029296875,0.9420166015625,0.6383056640625,0.26806640625,0.082763671875,6.106201171875,4.3204345703125,2.515625,1.515625,69.2847900390625,42.745361328125,524.040771484375,36,0,0,1,7,11,3,0,0,3,5,2,1,0,165.1,167.64,135.0,27.0,37.0,1,0,0,0,0,0,0,0,0,0,0,0,0,0,0,0,0,0,1,0,1,0,0,0
Blue,False,0.5,0.0,0.51,0.5,0.0,0.0,0.0,0.0,0.0,0.0,95.5,48.0,63.5,29.5,121.5,71.5,66.0,32.0,1.5,0.0,0.0,0.0,63.0,25.0,37.5,11.0,19.5,14.5,21.5,14.5,13.0,8.5,4.5,4.0,75.5,34.0,54.5,22.5,14.0,9.5,9.0,7.0,6.0,4.5,0.0,0.0,108.0,57.5,517.0,4,0,2,0,2,2,0,0,0,0,1,1,0,0,175.26,180.34,145.0,0.5625,0.03125,0.4376562499999999,0.62609375,0.5,0.14609375,0.15625,0.625,0.125,0.0,86.109375,36.203125,73.46875,18.25,90.859375,40.421875,82.421875,25.078125,0.5,0.5,4.453125,1.515625,71.5625,24.71875,64.0625,11.65625,8.609375,6.359375,5.9375,3.84375,5.9375,5.125,3.46875,2.75,76.46875,30.8125,69.140625,15.9375,0.75,0.328125,3.234375,1.8125,8.890625,5.0625,1.09375,0.5,33.59375,70.1875,410.6875,16,0,2,0,2,5,2,0,0,0,2,1,2,0,172.72,180.34,155.0,26.0,31.0,0,0,1,0,0,0,0,0,0,0,0,0,0,0,0,1,0,0,0,0,0,0,1,0
Red,False,0.5,0.0,0.575,0.4599999999999999,0.5700000000000001,0.405,1.0,0.0,0.0,0.5,81.0,47.0,44.0,20.5,124.0,84.5,55.5,31.5,4.0,1.0,11.0,4.5,61.0,32.0,33.0,13.5,7.5,6.0,5.5,2.0,12.5,9.0,5.5,5.0,45.0,21.5,37.5,16.5,14.0,9.5,5.0,3.0,22.0,16.0,1.5,1.0,186.0,352.0,900.0,6,0,2,0,2,2,0,0,0,0,2,0,0,0,180.34,182.88,185.0,0.09820556640625,0.8828125,0.4325445556640624,0.423896484375,0.223297119140625,0.0,0.0003662109375,0.0,0.0,0.0,58.89404296875,31.7196044921875,95.87371826171876,38.0458984375,67.095947265625,38.86798095703125,108.58575439453124,49.75714111328125,6.44671630859375,2.0328369140625,0.62744140625,0.0,40.4830322265625,19.60736083984375,51.0841064453125,11.9300537109375,9.65496826171875,5.8416748046875,19.8260498046875,14.79345703125,8.75604248046875,6.27056884765625,24.96356201171875,11.3223876953125,51.41180419921875,25.047119140625,83.94677734375,30.8592529296875,4.392822265625,3.656005859375,11.15020751953125,6.808837890625,3.08941650390625,3.0164794921875,0.7767333984375,0.3778076171875,127.24847412109376,8.0611572265625,580.4742431640625,25,0,2,0,5,10,5,0,0,0,3,6,1,0,185.42,195.58,185.0,31.0,35.0,0,0,0,0,0,0,0,1,0,0,0,0,0,0,0,1,0,0,0,0,0,0,1,0
Blue,True,0.17388916015625,0.56640625,0.550006103515625,0.5234924316406251,0.6748272705078124,0.004093017578125,0.0,0.3125,0.0,0.0,63.70037841796875,37.051513671875,53.420166015625,21.19378662109375,105.76373291015624,74.07598876953125,59.854248046875,27.36846923828125,4.20159912109375,2.115478515625,0.2916259765625,0.00494384765625,50.1734619140625,25.2823486328125,45.62060546875,15.85614013671875,6.94659423828125,5.56695556640625,3.73779296875,2.36737060546875,6.580322265625,6.20220947265625,4.061767578125,2.97027587890625,43.73760986328125,22.96258544921875,48.10321044921875,17.479248046875,7.403564453125,4.6923828125,3.29278564453125,1.694580078125,12.5592041015625,9.39654541015625,2.024169921875,2.01995849609375,276.94683837890625,4.2021484375,570.1730346679688,35,5,3,0,6,12,3,0,0,0,4,8,0,0,193.04,203.2,240.0,0.25048828125,0.07421875,0.68109130859375,0.392890625,0.618115234375,0.26453125,0.669921875,0.0,0.0,0.0,43.25537109375,26.402587890625,44.19970703125,20.867431640625,70.86767578125,50.366455078125,46.8427734375,23.499755859375,2.76220703125,2.353271484375,0.60595703125,0.298828125,36.396484375,20.974853515625,30.33154296875,10.86474609375,2.806884765625,2.4208984375,8.631591796875,5.952392578125,4.052001953125,3.0068359375,5.236572265625,4.05029296875,26.961181640625,13.673095703125,38.23046875,17.218505859375,4.369873046875,3.228271484375,4.871337890625,2.680908203125,11.92431640625,9.501220703125,1.097900390625,0.968017578125,192.00390625,28.242919921875,435.68603515625,36,8,4,0,4,11,2,0,0,1,3,3,4,0,180.34,182.88,235.0,36.0,40.0,0,0,0,0,1,0,0,0,0,0,0,0,0,0,0,1,0,0,0,0,1,0,0,0
Red,False,0.0,0.0,0.379375,0.50125,0.0625,0.31375,0.5,0.375,0.0,0.0,96.9375,37.375,101.625,45.5,103.5,43.25,113.0,54.6875,0.25,0.0625,5.1875,3.0,72.375,20.625,86.875,34.375,11.625,6.1875,9.6875,6.625,12.9375,10.5625,5.0625,4.5,92.125,33.4375,89.9375,37.3125,4.625,3.9375,6.0,3.6875,0.1875,0.0,5.6875,4.5,47.0625,153.75,542.5,13,0,0,1,1,2,3,0,0,0,1,0,1,0,177.8,182.88,135.0,0.5,0.5,0.406875,0.37734375,0.74296875,0.208125,0.875,0.265625,0.140625,0.359375,78.453125,33.5,70.828125,26.71875,99.8125,53.21875,77.5,32.40625,1.5,1.0625,1.515625,0.5625,61.8125,22.546875,56.25,19.453125,9.734375,5.3125,7.046875,2.765625,6.90625,5.640625,7.53125,4.5,64.375,24.078125,60.0,20.046875,9.34375,5.796875,6.34375,4.078125,4.734375,3.625,4.484375,2.59375,123.953125,63.359375,491.53125,17,0,0,2,3,4,3,0,0,1,0,0,3,0,175.26,185.42,135.0,29.0,31.0,1,0,0,0,0,0,0,0,0,0,0,0,0,0,0,1,0,0,0,0,1,0,0,0
Red,False,0.0,0.0,0.2925,0.5,0.0,0.125,0.0,0.0,0.0,0.0,235.75,65.0,251.0,122.25,236.0,65.25,257.75,129.0,2.25,0.0,3.5,0.25,188.5,42.75,206.0,86.0,42.5,18.5,38.5,30.0,4.75,3.75,6.5,6.25,224.5,57.5,220.75,96.5,10.25,6.5,28.5,24.0,1.0,1.0,1.75,1.75,51.25,28.5,900.0,9,0,0,3,0,0,3,0,0,0,0,0,0,0,154.94,162.56,115.0,0.5,0.0,0.51,0.57,0.0,0.1,0.0,0.0,0.0,0.0,112.0,54.0,135.5,72.5,135.0,75.5,171.5,101.5,0.0,0.0,2.5,0.5,57.5,15.5,93.5,37.5,36.0,25.0,28.5,22.0,18.5,13.5,13.5,13.0,89.5,35.5,100.0,42.5,18.0,16.0,17.5,16.5,4.5,2.5,18.0,13.5,153.0,106.5,660.5,5,0,0,1,1,1,1,0,0,1,0,0,0,0,154.94,157.48,115.0,33.0,27.0,0,0,0,0,0,0,0,0,0,0,0,0,0,1,0,1,0,0,0,0,1,0,0,0
Blue,False,0.0,0.0,0.61,0.48,0.66,0.7,0.0,0.0,3.0,1.0,52.0,32.0,35.0,17.0,68.0,46.0,40.0,22.0,3.0,2.0,10.0,7.0,27.0,9.0,23.0,8.0,20.0,19.0,11.0,8.0,5.0,4.0,1.0,1.0,23.0,9.0,14.0,2.0,25.0,19.0,19.0,13.0,4.0,4.0,2.0,2.0,384.0,393.0,900.0,3,0,1,0,1,1,0,0,0,0,1,0,0,0,170.18,172.72,140.0,0.25,0.0,0.605,0.5425,0.55,0.25,1.75,0.0,0.5,0.25,13.25,7.25,21.0,9.25,21.5,14.5,26.0,14.0,1.75,0.75,0.25,0.25,11.25,5.25,17.0,5.75,2.0,2.0,0.75,0.25,0.0,0.0,3.25,3.25,7.75,3.0,15.25,5.0,0.5,0.5,3.0,2.5,5.0,3.75,2.75,1.75,80.25,88.75,222.5,4,0,3,0,3,3,0,0,0,0,0,0,3,0,177.8,180.34,145.0,28.0,25.0,0,1,0,0,0,0,0,0,0,0,0,0,0,0,0,0,0,1,0,0,1,0,0,0
Red,False,0.5,0.0,0.3399999999999999,0.355,0.125,0.5,0.0,0.0,0.0,0.0,150.5,51.0,129.0,46.5,155.0,55.0,136.5,52.5,2.0,0.5,1.0,1.0,114.0,26.5,85.5,19.5,26.0,16.0,33.0,18.0,10.5,8.5,10.5,9.0,145.0,46.5,123.5,44.0,5.5,4.5,4.5,2.5,0.0,0.0,1.0,0.0,22.0,88.5,686.5,5,0,1,0,1,1,1,0,0,0,0,1,0,0,167.64,175.26,125.0,0.0,0.0,0.44,0.29,0.0,0.11,0.0,0.0,0.0,0.0,144.0,64.0,190.0,56.0,157.0,73.0,208.0,74.0,0.0,0.0,9.0,1.0,87.0,21.0,150.0,27.0,25.0,19.0,28.0,18.0,32.0,24.0,12.0,11.0,138.0,61.0,174.0,47.0,5.0,2.0,9.0,4.0,1.0,1.0,7.0,5.0,0.0,423.0,900.0,3,0,0,1,0,0,1,0,0,0,0,0,0,0,170.18,177.8,135.0,30.0,22.0,0,0,0,0,0,0,0,0,0,0,0,0,1,0,0,1,0,0,0,0,1,0,0,0
Red,False,0.25,0.25,0.6025,0.515,0.33,0.33,0.25,0.0,0.0,0.0,44.75,16.75,63.5,39.5,45.75,17.25,75.0,50.0,1.5,1.0,3.25,0.75,31.0,7.0,41.0,23.25,7.75,5.25,21.0,15.5,6.0,4.5,1.5,0.75,39.75,13.25,38.25,20.75,4.5,3.0,11.0,8.0,0.5,0.5,14.25,10.75,8.0,185.0,466.25,5,0,1,0,1,1,2,0,0,0,0,1,0,0,180.34,180.34,145.0,0.0471682548522949,0.0,0.45,0.4217682266235352,0.25,0.19173828125,0.1875,0.125,0.0,0.0,69.5,30.5,66.984375,27.8466796875,94.0,48.544921875,88.50390625,44.75,2.0,0.8125,2.015625,0.6640625,54.0,19.01513671875,51.483436584472656,16.9437255859375,7.91796875,5.430633544921875,7.75,5.0625,4.780975341796875,3.9373779296875,4.8994140625,3.84375,51.025390625,18.400863647460938,50.515625,17.5,5.75,3.75,5.5,3.5,5.375,3.6875,4.0,2.65625,104.865234375,89.5,655.8441009521484,0,0,0,0,0,0,0,0,0,0,0,0,0,0,175.26,177.8,145.0,24.0,30.0,0,0,1,0,0,0,0,0,0,0,0,0,0,0,0,0,0,1,0,0,1,0,0,0
Red,False,0.0390625,0.09765625,0.5558984375,0.4594921875,0.379375,0.034765625,0.0,0.25,0.0,0.25,86.453125,48.162109375,105.06640625,41.232421875,92.033203125,53.740234375,107.62109375,43.787109375,1.40625,0.59375,1.08984375,0.109375,66.556640625,31.263671875,81.376953125,24.580078125,9.587890625,7.31640625,13.728515625,7.35546875,10.30859375,9.58203125,9.9609375,9.296875,62.240234375,27.123046875,95.759765625,35.294921875,13.98046875,12.833984375,8.076171875,5.3046875,10.232421875,8.205078125,1.23046875,0.6328125,108.50390625,60.5703125,728.12109375,23,0,2,0,2,6,4,0,0,1,1,4,0,0,177.8,180.34,170.0,0.98046875,0.25,0.664560546875,0.397509765625,0.0059375,0.25458984375,0.53515625,0.0,0.25,0.0009765625,87.5927734375,58.232421875,111.7666015625,51.654296875,88.2412109375,58.8671875,121.654296875,60.150390625,0.119140625,0.0390625,1.5458984375,0.5537109375,73.3701171875,45.2373046875,100.857421875,43.8271484375,6.0712890625,5.3017578125,8.099609375,5.5126953125,8.1513671875,7.693359375,2.8095703125,2.314453125,74.96875,46.732421875,101.61328125,45.2119140625,5.400390625,4.8935546875,5.8310546875,3.9189453125,7.2236328125,6.6064453125,4.322265625,2.5234375,35.2587890625,64.3994140625,418.5869140625,19,0,0,1,5,9,2,0,0,0,0,6,3,0,180.34,190.5,170.0,27.0,27.0,0,0,0,0,0,0,0,0,0,1,0,0,0,0,0,1,0,0,0,0,1,0,0,0
Red,False,0.0,0.0,0.415,0.245,0.25,0.0,0.0,0.0,0.0,0.0,141.0,58.0,115.5,33.0,184.5,98.5,115.5,33.0,1.0,0.5,7.5,0.0,113.5,38.0,84.0,13.0,11.5,8.0,12.5,6.5,16.0,12.0,19.0,13.5,123.0,45.5,114.5,33.0,14.0,9.5,1.0,0.0,4.0,3.0,0.0,0.0,39.0,107.0,900.0,6,0,2,0,2,2,0,0,0,0,2,0,0,0,172.72,177.8,170.0,0.34375,0.2578125,0.525234375,0.3738476562499999,0.447109375,0.030625,0.513671875,0.125,0.0,0.0,92.4580078125,49.3876953125,60.4609375,23.1630859375,122.7861328125,77.2265625,63.896484375,25.9306640625,5.2353515625,2.4755859375,0.1884765625,0.1171875,75.6396484375,35.6318359375,46.5390625,14.5546875,8.7431640625,7.162109375,10.5908203125,5.6240234375,8.0751953125,6.59375,3.3310546875,2.984375,66.6328125,28.421875,57.6845703125,20.673828125,4.666015625,3.884765625,2.0830078125,1.9638671875,21.1591796875,17.0810546875,0.693359375,0.525390625,267.9267578125,18.8779296875,584.7666015625,24,0,3,0,3,8,3,0,0,0,2,2,4,0,177.8,180.34,170.0,35.0,33.0,0,0,0,0,0,0,0,0,0,1,0,0,0,0,0,1,0,0,0,0,1,0,0,0
Red,False,0.3359375,0.0625,0.48376953125,0.3545410156249999,0.111064453125,0.0,0.251953125,0.0,0.0,0.0,62.966796875,29.892578125,77.8203125,27.318359375,66.1630859375,33.0849609375,83.0439453125,31.8544921875,3.318359375,0.59765625,2.09375,0.0,51.3486328125,20.1298828125,57.763671875,15.30859375,5.2724609375,3.7626953125,13.962890625,7.2294921875,6.345703125,6.0,6.09375,4.7802734375,47.1923828125,18.966796875,72.72265625,24.9130859375,9.6259765625,6.125,4.814453125,2.126953125,6.1484375,4.80078125,0.283203125,0.2783203125,93.705078125,12.435546875,676.921875,20,0,0,1,3,7,4,0,0,0,2,3,2,0,177.8,185.42,205.0,0.03125,0.0,0.438125,0.4359375,0.32,0.165,0.0,0.625,0.0,0.0,103.84375,44.96875,104.125,44.53125,118.34375,59.1875,113.21875,53.625,3.78125,0.75,2.25,0.5,82.46875,29.25,75.65625,24.125,8.71875,6.46875,19.78125,12.71875,12.65625,9.25,8.6875,7.6875,85.28125,32.875,95.0,37.9375,10.0625,6.21875,8.0,5.71875,8.5,5.875,1.125,0.875,124.1875,37.28125,750.625,13,1,3,0,3,3,3,0,0,1,0,2,0,0,187.96,190.5,205.0,36.0,29.0,0,0,0,0,0,1,0,0,0,0,0,0,0,0,0,1,0,0,0,0,1,0,0,0
Red,False,0.015625,0.0,0.45,0.4275,0.25,0.2,0.148468017578125,0.098388671875,0.0,0.0,66.5,29.6875,64.31230545043945,27.34375,89.75,48.0,85.53125,44.41152191162109,2.0,0.75,2.0546875,0.75,51.1875,18.3359375,49.6123046875,16.280410766601562,7.5,5.07647705078125,7.5,5.0,4.5,3.625,4.984375,3.9375,48.6875,17.0,47.11572265625,16.5,5.75,3.75,5.3125,3.4375,5.0625,3.5,3.875,2.5,99.2119140625,94.125,638.5,0,0,0,0,0,0,0,0,0,0,0,0,0,0,190.5,198.12,262.0,0.0471682548522949,0.0,0.45,0.4217682266235352,0.25,0.19173828125,0.1875,0.125,0.0,0.0,69.5,30.5,66.984375,27.8466796875,94.0,48.544921875,88.50390625,44.75,2.0,0.8125,2.015625,0.6640625,54.0,19.01513671875,51.483436584472656,16.9437255859375,7.91796875,5.430633544921875,7.75,5.0625,4.780975341796875,3.9373779296875,4.8994140625,3.84375,51.025390625,18.400863647460938,50.515625,17.5,5.75,3.75,5.5,3.5,5.375,3.6875,4.0,2.65625,104.865234375,89.5,655.8441009521484,0,0,0,0,0,0,0,0,0,0,0,0,0,0,193.04,205.74,245.0,30.0,29.0,0,0,0,0,1,0,0,0,0,0,0,0,0,0,0,1,0,0,0,0,1,0,0,0
Red,False,0.0,0.0,0.2799999999999999,0.44,0.81,0.25,1.5,1.0,0.5,1.0,49.0,14.5,52.0,23.5,60.0,23.0,68.5,37.5,4.5,3.0,2.5,0.5,42.0,9.0,42.0,16.5,2.0,1.0,7.5,5.0,5.0,4.5,2.5,2.0,46.0,13.0,42.5,15.5,2.5,1.0,9.5,8.0,0.5,0.5,0.0,0.0,217.5,204.5,681.5,5,0,0,2,0,0,2,0,0,0,0,0,0,0,177.8,185.42,145.0,0.0,0.0,0.4465625,0.27140625,0.2934375,0.00515625,0.3125,0.0,0.0,0.0625,118.65625,52.203125,177.015625,46.515625,145.171875,71.359375,184.015625,51.984375,10.59375,4.0,0.296875,0.015625,89.921875,29.3125,149.171875,29.015625,12.640625,8.546875,21.828125,13.34375,16.09375,14.34375,6.015625,4.15625,101.640625,42.046875,174.0,45.625,5.8125,3.0,2.671875,0.796875,11.203125,7.15625,0.34375,0.09375,203.28125,13.671875,900.0,21,1,1,0,4,5,2,0,0,0,5,0,0,0,170.18,177.8,145.0,29.0,30.0,0,0,1,0,0,0,0,0,0,0,0,0,0,0,0,1,0,0,0,0,1,0,0,0
Red,False,1.0,0.0,0.5575,0.425,0.5825,0.375,1.75,1.0,0.0,0.5,55.25,29.75,71.5,31.75,67.25,39.75,99.0,55.25,1.25,0.75,2.0,1.5,45.5,21.75,63.0,24.75,5.5,4.0,4.25,3.5,4.25,4.0,4.25,3.5,40.5,19.0,41.0,10.75,6.75,4.5,14.0,10.0,8.0,6.25,16.5,11.0,166.25,80.5,551.0,6,0,2,0,2,2,1,0,0,0,1,1,0,0,182.88,193.04,185.0,0.0471682548522949,0.0,0.45,0.4217682266235352,0.25,0.19173828125,0.1875,0.125,0.0,0.0,69.5,30.5,66.984375,27.8466796875,94.0,48.544921875,88.50390625,44.75,2.0,0.8125,2.015625,0.6640625,54.0,19.01513671875,51.483436584472656,16.9437255859375,7.91796875,5.430633544921875,7.75,5.0625,4.780975341796875,3.9373779296875,4.8994140625,3.84375,51.025390625,18.400863647460938,50.515625,17.5,5.75,3.75,5.5,3.5,5.375,3.6875,4.0,2.65625,104.865234375,89.5,655.8441009521484,0,0,0,0,0,0,0,0,0,0,0,0,0,0,182.88,185.42,185.0,29.0,29.0,0,0,0,0,0,0,0,1,0,0,0,0,0,0,0,0,0,1,0,0,1,0,0,0
Red,True,0.0,0.0625,0.5547656249999999,0.340078125,0.87875,0.0659375,1.0078125,1.2890625,0.0,0.625,50.48046875,30.078125,99.08984375,33.56640625,103.140625,81.0546875,136.4140625,66.87890625,3.81640625,3.16015625,1.28125,0.21875,30.390625,14.51171875,71.41796875,13.89453125,9.84765625,7.29296875,11.00390625,6.23046875,10.2421875,8.2734375,16.66796875,13.44140625,36.90625,17.26171875,77.17578125,17.76953125,4.19140625,3.9296875,9.66796875,5.87890625,9.3828125,8.88671875,12.24609375,9.91796875,348.125,142.578125,896.1953125,24,1,0,1,2,5,4,0,0,1,3,1,0,0,167.64,167.64,125.0,0.5,0.0,0.643046875,0.243984375,0.7615625,0.02640625,0.78125,0.015625,0.0078125,0.0,83.7890625,44.859375,86.3671875,28.328125,126.9296875,86.3125,122.796875,63.203125,5.0625,2.6484375,0.734375,0.1796875,60.5859375,28.4296875,45.2578125,4.8984375,11.7421875,7.9140625,23.296875,12.796875,11.4609375,8.515625,17.8125,10.6328125,61.1640625,25.734375,78.171875,22.34375,7.8359375,5.5859375,7.71875,5.703125,14.7890625,13.5390625,0.4765625,0.28125,326.671875,32.09375,757.65625,27,3,1,0,3,6,2,0,0,1,2,1,2,0,165.1,167.64,125.0,35.0,31.0,0,0,0,0,0,0,0,0,0,0,0,0,1,0,0,1,0,0,0,0,0,0,1,0
Blue,False,0.5,0.0,0.5,0.42,0.0,0.2,0.0,0.5,1.0,0.0,172.0,89.0,115.0,49.0,183.0,100.0,133.0,64.5,0.5,0.0,3.0,1.0,111.0,42.0,93.5,33.5,35.5,25.5,21.0,15.0,25.5,21.5,0.5,0.5,132.5,56.0,80.5,24.0,33.5,27.0,28.0,19.0,6.0,6.0,6.5,6.0,119.5,221.5,900.0,6,0,0,1,1,1,1,0,0,0,1,0,0,0,167.64,165.1,115.0,0.001953125,0.0,0.4709765625,0.4155078125,0.166328125,0.29203125,0.03125,0.0,0.0,0.6875,85.73828125,40.57421875,148.751953125,63.36328125,101.0703125,54.765625,193.09765625,104.11328125,3.673828125,0.333984375,5.85546875,2.4375,60.939453125,22.416015625,92.611328125,27.986328125,7.626953125,5.611328125,28.861328125,17.162109375,17.171875,12.546875,27.279296875,18.21484375,74.681640625,33.126953125,117.931640625,39.36328125,6.763671875,4.41796875,17.025390625,11.99609375,4.29296875,3.029296875,13.794921875,12.00390625,135.0,249.498046875,882.90625,29,0,3,0,3,6,4,0,0,0,5,0,1,0,154.94,152.4,115.0,32.0,29.0,0,0,0,0,0,0,0,0,0,0,0,0,0,1,0,1,0,0,0,0,1,0,0,0
Red,False,0.0,0.0,0.36,0.34,0.0,0.28,1.0,0.0,0.0,0.0,184.0,67.0,168.0,58.0,188.0,71.0,170.0,60.0,4.0,0.0,7.0,2.0,140.0,36.0,134.0,33.0,33.0,21.0,24.0,17.0,11.0,10.0,10.0,8.0,170.0,61.0,164.0,55.0,4.0,1.0,2.0,1.0,10.0,5.0,2.0,2.0,100.0,20.0,900.0,3,0,0,1,0,0,1,0,0,0,0,0,0,0,172.72,175.26,125.0,0.0,0.0,0.51,0.59,0.33,0.5,2.0,0.0,1.0,0.0,77.0,40.0,98.0,58.0,89.0,52.0,107.0,66.0,3.0,1.0,8.0,4.0,62.0,27.0,57.0,21.0,12.0,11.0,39.0,35.0,3.0,2.0,2.0,2.0,70.0,33.0,78.0,41.0,6.0,6.0,16.0,14.0,1.0,1.0,4.0,3.0,178.0,136.0,900.0,3,0,1,0,1,1,0,0,0,1,0,0,0,0,165.1,170.18,125.0,23.0,27.0,0,0,0,1,0,0,0,0,0,0,0,0,0,0,0,1,0,0,0,0,1,0,0,0
Blue,False,0.0,0.0,0.5349999999999999,0.375,0.0,0.5,0.0,0.5,0.0,0.0,86.5,47.5,69.0,25.0,91.5,51.0,96.5,49.0,0.5,0.0,2.5,1.0,38.0,12.0,58.0,18.5,16.5,10.5,3.0,0.5,32.0,25.0,8.0,6.0,83.5,46.0,48.0,9.0,1.0,0.0,0.5,0.0,2.0,1.5,20.5,16.0,4.0,185.0,726.0,5,0,0,1,1,1,1,0,0,0,1,0,0,0,175.26,170.18,145.0,0.0,0.0,0.64,0.41,0.66,0.37,0.0,0.0,2.0,0.0,76.0,49.0,51.0,21.0,96.0,68.0,60.0,28.0,9.0,6.0,8.0,3.0,54.0,31.0,36.0,11.0,18.0,14.0,8.0,6.0,4.0,4.0,7.0,4.0,56.0,33.0,39.0,12.0,16.0,13.0,9.0,8.0,4.0,3.0,3.0,1.0,396.0,252.0,900.0,3,0,1,0,1,1,0,0,0,0,1,0,0,0,170.18,182.88,135.0,28.0,27.0,1,0,0,0,0,0,0,0,0,0,0,0,0,0,0,1,0,0,0,0,1,0,0,0
Red,False,0.0,0.5,0.4725,0.47,0.175,0.25,0.75,0.0,0.25,0.0,123.75,53.0,101.0,45.0,170.5,90.25,119.0,60.75,1.75,0.5,0.5,0.25,85.25,23.25,62.25,19.75,26.0,18.0,26.0,17.0,12.5,11.75,12.75,8.25,112.0,42.75,89.5,35.75,6.5,5.75,6.5,6.25,5.25,4.5,5.0,3.0,42.0,250.5,732.5,7,0,1,0,1,1,2,0,0,0,0,0,1,0,165.1,170.18,115.0,0.0,0.0,0.5,0.6174999999999999,0.75,0.5,0.25,1.0,1.0,1.5,49.0,23.25,56.0,34.75,68.0,36.5,80.25,55.25,0.75,0.75,4.5,2.25,40.75,18.0,32.25,17.0,5.5,3.5,15.5,12.75,2.75,1.75,8.25,5.0,33.75,11.75,23.0,8.5,5.75,4.75,15.75,13.75,9.5,6.75,17.25,12.5,108.0,344.75,670.0,8,0,0,3,0,0,3,0,0,0,0,0,0,0,162.56,162.56,125.0,27.0,23.0,0,0,0,0,0,0,0,0,0,0,0,0,1,0,0,1,0,0,0,0,0,0,1,0
Blue,False,0.0,0.0,0.42,0.73,0.33,0.5,0.0,1.0,0.0,0.0,19.0,8.0,19.0,14.0,23.0,10.0,23.0,18.0,3.0,1.0,2.0,1.0,14.0,3.0,14.0,9.0,3.0,3.0,4.0,4.0,2.0,2.0,1.0,1.0,11.0,2.0,6.0,2.0,3.0,3.0,5.0,5.0,5.0,3.0,8.0,7.0,269.0,133.0,490.0,2,0,0,1,0,0,1,0,0,0,0,0,0,0,172.72,185.42,155.0,0.0471682548522949,0.0,0.45,0.4217682266235352,0.25,0.19173828125,0.1875,0.125,0.0,0.0,69.5,30.5,66.984375,27.8466796875,94.0,48.544921875,88.50390625,44.75,2.0,0.8125,2.015625,0.6640625,54.0,19.01513671875,51.483436584472656,16.9437255859375,7.91796875,5.430633544921875,7.75,5.0625,4.780975341796875,3.9373779296875,4.8994140625,3.84375,51.025390625,18.400863647460938,50.515625,17.5,5.75,3.75,5.5,3.5,5.375,3.6875,4.0,2.65625,104.865234375,89.5,655.8441009521484,0,0,0,0,0,0,0,0,0,0,0,0,0,0,172.72,180.34,155.0,23.0,33.0,0,0,0,0,0,0,1,0,0,0,0,0,0,0,0,1,0,0,0,0,0,0,1,0
Blue,False,1.0,0.0,0.445,0.2425,0.25,0.075,0.0,0.25,0.0,0.0,196.25,92.0,219.25,56.25,216.5,110.25,242.25,74.75,1.25,0.25,3.5,0.75,169.25,73.25,195.5,39.25,20.0,13.0,18.5,12.25,7.0,5.75,5.25,4.75,150.5,66.75,216.5,55.0,15.5,10.5,0.75,0.25,30.25,14.75,2.0,1.0,116.25,111.25,900.0,9,0,0,1,2,2,1,0,0,0,2,0,0,0,177.8,182.88,155.0,0.0625,0.0,0.458125,0.4887499999999999,0.5,0.315625,1.125,0.0,0.0,0.0,148.875,67.1875,161.8125,80.0,170.125,86.0625,185.5625,103.0,0.5625,0.5,6.8125,2.4375,114.125,40.8125,132.5,58.375,27.5,19.5625,15.25,10.3125,7.25,6.8125,14.0625,11.3125,134.1875,56.4375,140.875,62.125,11.0,8.4375,12.4375,10.125,3.6875,2.3125,8.5,7.75,35.375,190.0,775.375,13,0,3,0,3,4,1,0,0,2,0,2,0,0,172.72,175.26,155.0,23.0,30.0,0,0,0,0,0,0,1,0,0,0,0,0,0,0,0,0,0,1,0,0,0,0,1,0
Red,False,0.125,0.59375,0.3115624999999999,0.468125,0.083125,0.03125,0.0,0.0625,0.0625,0.125,54.71875,23.375,66.25,28.15625,61.90625,29.96875,71.25,32.84375,0.4375,0.3125,0.25,0.125,40.15625,14.875,48.71875,16.34375,6.5625,2.75,8.8125,5.0,8.0,5.75,8.71875,6.8125,50.53125,20.78125,59.40625,23.21875,1.8125,1.15625,2.65625,1.78125,2.375,1.4375,4.1875,3.15625,43.1875,29.0625,450.84375,14,0,0,2,3,3,3,0,0,1,1,1,0,0,180.34,177.8,155.0,0.328125,0.0,0.5178125,0.518046875,0.279765625,0.311328125,0.0234375,0.65625,0.140625,0.09375,119.6328125,61.5859375,103.140625,55.1171875,163.53125,101.6796875,116.1875,67.2890625,2.359375,1.4140625,11.625,3.1171875,95.359375,43.75,76.453125,32.46875,18.4140625,12.375,16.171875,12.765625,5.859375,5.4609375,10.515625,9.8828125,86.4609375,34.4296875,86.15625,41.28125,9.5859375,8.0390625,14.1875,12.1484375,23.5859375,19.1171875,2.796875,1.6875,207.0859375,236.3515625,879.40625,24,0,1,0,3,5,3,0,0,0,3,1,1,0,175.26,175.26,155.0,30.0,35.0,0,0,0,0,0,0,1,0,0,0,0,0,0,0,0,1,0,0,0,0,1,0,0,0
Blue,False,0.0,0.0,0.55,0.32,0.0,0.06,0.0,2.0,0.0,1.0,72.0,40.0,77.0,25.0,80.0,47.0,83.0,31.0,0.0,0.0,16.0,1.0,64.0,33.0,51.0,6.0,8.0,7.0,20.0,13.0,0.0,0.0,6.0,6.0,36.0,11.0,71.0,21.0,7.0,7.0,6.0,4.0,29.0,22.0,0.0,0.0,264.0,98.0,860.0,3,0,0,1,0,0,1,0,0,0,0,0,0,0,195.58,210.82,205.0,0.0,0.0,0.515,0.3349999999999999,0.165,0.09,0.0,0.0,0.0,0.0,35.5,17.5,55.5,22.0,49.5,29.5,82.5,47.0,1.5,0.5,6.0,1.0,31.0,15.5,44.5,13.5,3.5,1.5,4.5,2.5,1.0,0.5,6.5,6.0,19.0,6.5,48.0,16.0,8.0,5.5,7.0,5.5,8.5,5.5,0.5,0.5,161.0,86.0,546.5,4,0,1,0,1,1,1,0,0,0,0,1,0,0,182.88,193.04,205.0,27.0,27.0,0,0,0,0,0,1,0,0,0,0,0,0,0,0,0,0,0,1,0,0,1,0,0,0
Red,False,0.25,0.0,0.3506249999999999,0.47125,0.0,0.55875,1.125,1.25,0.625,0.0,174.8125,61.625,105.25,50.875,201.25,83.875,126.25,70.3125,0.625,0.0,2.875,1.8125,146.9375,42.9375,75.1875,30.875,10.8125,6.25,14.0625,7.6875,17.0625,12.4375,16.0,12.3125,152.1875,45.25,89.5,39.875,8.1875,5.5625,7.5625,5.6875,14.4375,10.8125,8.1875,5.3125,103.0625,242.125,900.0,15,0,0,1,2,2,3,0,0,0,2,0,0,0,172.72,170.18,125.0,0.0,0.0,0.52,0.3299999999999999,0.5,0.415,0.0,0.0,1.0,1.0,125.0,65.0,103.5,33.0,155.5,87.0,175.0,95.0,1.0,1.0,3.0,2.5,101.0,45.5,93.0,23.5,19.5,15.0,5.0,4.0,4.5,4.5,5.5,5.5,102.0,47.5,88.0,22.0,15.0,12.0,8.0,5.0,8.0,5.5,7.5,6.0,172.0,318.5,900.0,6,0,1,0,1,1,1,0,0,0,1,0,0,0,172.72,170.18,125.0,25.0,34.0,0,0,0,0,0,0,0,0,0,0,0,0,1,0,0,1,0,0,0,0,0,0,1,0
Red,False,0.0495834350585937,0.062530517578125,0.6680719184875488,0.2769977378845215,0.5042338371276855,0.3376126289367676,0.0,0.5083789825439453,0.0024566650390625,0.0,98.3886833190918,49.81015396118164,116.98145866394044,62.01483917236328,115.8093032836914,66.20562744140625,134.78099060058594,77.76231956481934,0.6351642608642578,0.5081920623779297,4.245914459228516,1.1799564361572266,79.36624526977539,34.323184967041016,83.89477729797363,36.63677215576172,18.254568099975582,14.85484504699707,23.309829711914062,17.15666961669922,0.7678699493408203,0.6321239471435547,9.776851654052734,8.221397399902344,63.03189468383789,21.33403205871582,87.41032218933105,40.16974067687988,25.88682556152344,20.130489349365234,26.600181579589844,18.8897762298584,9.469963073730469,8.345632553100586,2.9709548950195312,2.955322265625,88.25288200378418,196.5973129272461,683.4785404205322,58,5,3,0,5,13,7,0,0,3,4,6,0,0,180.34,187.96,170.0,0.015625,0.0,0.35845703125,0.4479101562499999,0.33666015625,0.3125,0.017578125,0.046875,0.0,0.03515625,251.525390625,83.41796875,152.1484375,71.453125,299.853515625,125.705078125,177.228515625,95.849609375,12.44140625,5.544921875,6.75,1.75,202.677734375,50.0078125,120.521484375,44.5546875,21.677734375,9.740234375,23.326171875,18.97265625,27.169921875,23.669921875,8.30078125,7.92578125,232.482421875,72.849609375,132.361328125,52.255859375,15.015625,7.939453125,17.6171875,17.10546875,4.02734375,2.62890625,2.169921875,2.091796875,547.171875,76.38671875,1183.359375,28,1,3,0,6,9,1,0,0,0,5,2,2,0,180.34,182.88,170.0,37.0,31.0,0,0,0,0,0,0,0,0,0,1,0,0,0,0,0,0,0,1,0,0,1,0,0,0
Red,False,0.1582033634185791,0.0323543548583984,0.4024673353135586,0.3578149352967739,0.2863877238333225,0.0021382105350494,0.0083706080913543,0.2732872664928436,6.103515625e-05,2.384185791015625e-07,128.04347698390484,50.06521789729595,106.46528314054012,38.884403854608536,154.41163937747478,73.9078702032566,112.57985891401768,44.40893603861332,2.0798954367637634,0.6955244392156601,0.045133352279663,0.0132051110267639,105.60839504003523,33.095350444316864,96.39402048289776,32.233189553022385,12.494630262255669,8.114403054118156,7.103353589773178,4.7043828666210175,9.940451681613922,8.855464398860931,2.9679090678691864,1.9468314349651337,104.59131717681883,37.07043696939945,99.70894633233549,33.52306932210922,16.205480486154556,8.566941559314728,6.705347612500191,5.31280791759491,7.246679320931435,4.427839368581772,0.0509891957044601,0.0485266149044036,170.16213439404964,3.9240320324897766,589.5094515383244,70,0,1,0,4,15,12,0,0,3,6,2,4,0,170.18,177.8,155.0,1.30385160446167e-07,0.062530517578125,0.5305797390779481,0.3079073778912425,0.6718571497919038,0.2987249423982575,0.6528000854887068,0.2522740536369383,0.0003090058453381,0.0078163174912333,16.28314419137314,8.427192212082446,25.999083726666868,11.38285534316674,19.421686133835465,10.961910193786023,27.85501289088279,13.055523234419525,1.5430650115013125,1.2590787117369473,0.3497023312374949,0.3277798308990896,12.308828345965594,5.003186325542629,20.510274983011183,6.633764009922743,1.366429582238197,1.090694619808346,1.919807141181081,1.6268299110233784,2.607886263169348,2.333311266731471,3.5690016024746,3.122261422220617,13.95974285947159,6.751392763573676,24.05671260459349,10.04093897715211,0.7683611577376723,0.5299564553424716,0.9370589959435164,0.660469037014991,1.555040174163878,1.1458429931662977,1.0053121261298656,0.6814473289996386,38.6580416704528,27.637758643832058,162.49886084115133,72,0,2,0,7,19,13,0,0,2,6,3,8,0,172.72,180.34,155.0,37.0,35.0,0,0,0,0,0,0,1,0,0,0,0,0,0,0,0,1,0,0,0,0,0,0,1,0
Blue,False,0.0625,0.125,0.62265625,0.5959375,0.3753125,0.54375,2.28125,1.5625,1.4375,1.0,26.84375,14.609375,48.84375,29.6875,55.96875,38.140625,84.546875,61.09375,6.78125,3.46875,1.96875,0.96875,21.28125,9.890625,42.0625,23.390625,3.796875,2.953125,3.921875,3.484375,1.765625,1.765625,2.859375,2.8125,13.8125,5.578125,18.296875,8.875,7.609375,4.984375,2.3125,1.03125,5.421875,4.046875,28.234375,19.78125,303.078125,230.359375,636.65625,12,0,2,0,2,4,3,0,0,0,0,1,3,0,185.42,195.58,185.0,0.25,0.5,0.585,0.28,0.25,0.1,0.0,0.5,0.0,0.0,73.5,43.25,74.25,22.75,81.0,50.75,83.75,30.75,1.25,1.25,2.5,0.5,61.75,34.5,53.25,7.75,9.5,6.5,10.75,7.25,2.25,2.25,10.25,7.75,61.5,33.5,69.5,19.0,2.75,2.25,4.0,3.0,9.25,7.5,0.75,0.75,103.25,63.5,725.75,8,0,2,0,2,2,1,0,0,0,0,2,0,0,182.88,187.96,185.0,31.0,26.0,0,0,0,0,0,0,0,1,0,0,0,0,0,0,0,0,0,1,0,0,1,0,0,0
Red,False,0.015625,0.0,0.45,0.4275,0.25,0.2,0.148468017578125,0.098388671875,0.0,0.0,66.5,29.6875,64.31230545043945,27.34375,89.75,48.0,85.53125,44.41152191162109,2.0,0.75,2.0546875,0.75,51.1875,18.3359375,49.6123046875,16.280410766601562,7.5,5.07647705078125,7.5,5.0,4.5,3.625,4.984375,3.9375,48.6875,17.0,47.11572265625,16.5,5.75,3.75,5.3125,3.4375,5.0625,3.5,3.875,2.5,99.2119140625,94.125,638.5,0,0,0,0,0,0,0,0,0,0,0,0,0,0,162.56,154.94,125.0,0.0471682548522949,0.0,0.45,0.4217682266235352,0.25,0.19173828125,0.1875,0.125,0.0,0.0,69.5,30.5,66.984375,27.8466796875,94.0,48.544921875,88.50390625,44.75,2.0,0.8125,2.015625,0.6640625,54.0,19.01513671875,51.483436584472656,16.9437255859375,7.91796875,5.430633544921875,7.75,5.0625,4.780975341796875,3.9373779296875,4.8994140625,3.84375,51.025390625,18.400863647460938,50.515625,17.5,5.75,3.75,5.5,3.5,5.375,3.6875,4.0,2.65625,104.865234375,89.5,655.8441009521484,0,0,0,0,0,0,0,0,0,0,0,0,0,0,170.18,172.72,125.0,27.0,27.0,0,0,0,0,0,0,0,0,0,0,0,0,1,0,0,1,0,0,0,0,1,0,0,0
Blue,False,0.0,0.0625,0.355,0.4575,0.5625,0.210625,1.1875,0.0625,0.0,0.0,87.8125,31.375,79.8125,26.375,92.5,35.75,87.375,33.875,1.0625,0.5625,0.9375,0.375,70.4375,20.3125,65.5,17.625,6.5625,2.8125,4.0,2.5625,10.8125,8.25,10.3125,6.1875,83.8125,29.125,74.5,21.6875,3.9375,2.25,3.25,2.75,0.0625,0.0,2.0625,1.9375,16.375,61.5,467.1875,9,0,0,2,3,3,2,0,0,1,1,0,1,0,172.72,177.8,125.0,0.0,0.0,0.44,0.3,0.33,0.0,0.0,0.0,0.0,0.0,105.0,47.0,81.0,25.0,105.0,47.0,81.0,25.0,3.0,1.0,0.0,0.0,63.0,19.0,69.0,18.0,14.0,10.0,3.0,1.0,28.0,18.0,9.0,6.0,102.0,46.0,79.0,25.0,3.0,1.0,2.0,0.0,0.0,0.0,0.0,0.0,18.0,0.0,900.0,3,0,1,0,1,1,0,0,0,0,1,0,0,0,167.64,175.26,125.0,29.0,29.0,0,0,0,1,0,0,0,0,0,0,0,0,0,0,0,1,0,0,0,0,1,0,0,0
Red,False,0.0,0.0,0.4125,0.245,0.5325,0.5,0.25,1.25,0.0,0.0,95.5,35.0,114.0,35.0,128.0,66.0,126.75,46.25,3.5,1.5,0.75,0.5,75.5,19.0,88.25,17.75,6.0,4.25,17.75,10.5,14.0,11.75,8.0,6.75,84.25,27.25,107.25,29.25,4.75,2.75,6.75,5.75,6.5,5.0,0.0,0.0,227.25,82.5,718.5,7,0,1,0,1,2,1,0,0,1,0,0,1,0,167.64,175.26,125.0,0.0,0.0,0.36625,0.355,0.3087499999999999,0.275,0.0,0.5,0.0,0.0,146.09375,52.875,196.5,68.0,182.34375,85.5,219.34375,87.78125,2.46875,0.75,2.78125,1.21875,125.65625,38.90625,167.875,47.0625,11.34375,7.46875,16.5,10.0,9.09375,6.5,12.125,10.9375,133.84375,41.65625,183.59375,59.09375,6.09375,5.75,4.28125,2.96875,6.15625,5.46875,8.625,5.9375,137.75,177.84375,899.6875,18,0,0,2,1,2,4,0,0,1,0,1,0,0,165.1,170.18,125.0,33.0,36.0,0,0,0,0,0,0,0,0,0,0,0,0,1,0,0,1,0,0,0,0,1,0,0,0
Red,False,0.015625,0.0,0.45,0.4275,0.25,0.2,0.148468017578125,0.098388671875,0.0,0.0,66.5,29.6875,64.31230545043945,27.34375,89.75,48.0,85.53125,44.41152191162109,2.0,0.75,2.0546875,0.75,51.1875,18.3359375,49.6123046875,16.280410766601562,7.5,5.07647705078125,7.5,5.0,4.5,3.625,4.984375,3.9375,48.6875,17.0,47.11572265625,16.5,5.75,3.75,5.3125,3.4375,5.0625,3.5,3.875,2.5,99.2119140625,94.125,638.5,0,0,0,0,0,0,0,0,0,0,0,0,0,0,182.88,185.42,170.0,0.0,0.0,0.4775,0.5449999999999999,0.44875,0.125,2.375,0.0,0.0,1.75,48.0,22.75,42.5,23.75,80.75,50.25,47.75,28.875,6.25,2.5,0.5,0.25,35.0,12.875,37.0,18.625,5.75,4.125,4.5,4.125,7.25,5.75,1.0,1.0,31.125,13.125,26.125,11.375,2.625,1.75,3.25,2.75,14.25,7.875,13.125,9.625,306.75,118.875,671.25,10,0,4,0,4,4,0,0,0,1,1,0,2,0,180.34,180.34,170.0,35.0,36.0,0,0,0,0,0,0,0,0,0,1,0,0,0,0,0,1,0,0,0,0,0,0,1,0
Red,False,0.0,0.5,0.4499999999999999,0.41,0.0,0.14,0.0,0.0,0.0,0.0,76.5,34.5,96.0,39.5,87.5,45.5,112.5,55.0,0.0,0.0,5.5,1.0,45.5,13.0,68.0,23.5,28.5,19.0,12.5,5.5,2.5,2.5,15.5,10.5,64.0,22.5,86.0,32.0,12.5,12.0,9.0,7.0,0.0,0.0,1.0,0.5,28.5,112.5,900.0,6,0,0,2,0,0,2,0,0,0,0,0,0,0,177.8,182.88,170.0,0.09375,0.0625,0.295,0.443125,0.34375,0.625,0.78125,0.0,0.125,0.0,37.25,13.625,53.90625,34.03125,54.625,27.84375,62.0625,40.90625,0.65625,0.40625,2.1875,2.125,34.0625,11.5625,40.6875,23.34375,1.5625,1.0,9.65625,7.125,1.625,1.0625,3.5625,3.5625,24.53125,4.71875,17.96875,4.90625,7.0625,4.5625,6.3125,5.6875,5.65625,4.34375,29.625,23.4375,59.96875,258.9375,436.84375,10,0,3,0,3,4,2,0,0,0,0,0,4,0,187.96,187.96,170.0,29.0,27.0,0,0,0,0,0,0,0,0,0,1,0,0,0,0,0,1,0,0,0,0,0,0,0,1
Red,False,0.0,0.0,0.44,0.64,0.0,0.31,0.0,0.0,0.0,0.0,58.0,26.0,78.0,50.0,136.0,94.0,156.0,121.0,2.0,0.0,16.0,5.0,49.0,19.0,69.0,42.0,5.0,5.0,8.0,7.0,4.0,2.0,1.0,1.0,40.0,10.0,29.0,6.0,12.0,10.0,16.0,15.0,6.0,6.0,33.0,29.0,2.0,699.0,900.0,3,0,0,1,0,0,1,0,0,0,0,0,0,0,182.88,187.96,145.0,0.0,0.5,0.305,0.35,0.5,0.285,0.5,0.5,0.0,0.0,122.5,39.0,162.0,76.0,136.5,51.5,188.5,97.0,2.5,0.5,3.5,2.0,94.5,19.5,131.0,52.5,16.5,8.5,26.0,20.0,11.5,11.0,5.0,3.5,111.5,32.5,76.0,20.0,9.5,5.5,21.0,12.0,1.5,1.0,65.0,44.0,15.0,246.0,900.0,6,0,1,0,1,1,1,0,0,0,1,0,0,0,167.64,167.64,145.0,26.0,33.0,0,0,1,0,0,0,0,0,0,0,0,0,0,0,0,1,0,0,0,0,0,0,1,0
Red,False,0.5234375,0.2890625,0.4246875,0.594765625,0.089453125,0.5725,0.203125,0.046875,0.1875,0.0,48.2421875,21.1640625,42.4921875,24.5859375,57.890625,27.4765625,47.953125,28.546875,0.8828125,0.2578125,1.125,0.6875,35.5703125,13.8046875,36.9296875,19.8515625,6.71875,2.6328125,3.3203125,3.0,5.953125,4.7265625,2.2421875,1.734375,37.1640625,14.4609375,33.9609375,19.0390625,6.015625,2.625,2.5234375,1.5546875,5.0625,4.078125,6.0078125,3.9921875,26.5390625,80.5078125,262.484375,12,0,1,0,2,5,3,0,0,0,0,3,2,0,182.88,193.04,170.0,1.5,0.0,0.44,0.3175,0.0,0.0,0.25,0.0,0.0,0.0,128.25,53.75,123.5,39.5,129.25,54.75,127.0,42.5,0.0,0.0,4.0,0.0,120.5,47.25,97.0,23.25,6.25,5.0,21.75,12.0,1.5,1.5,4.75,4.25,109.0,42.5,116.5,37.0,11.75,7.0,7.0,2.5,7.5,4.25,0.0,0.0,47.25,14.25,587.75,6,0,3,0,3,3,0,0,0,0,1,1,1,0,180.34,190.5,170.0,29.0,28.0,0,0,0,0,0,0,0,0,0,1,0,0,0,0,0,1,0,0,0,0,0,0,1,0
Red,False,0.015625,0.0,0.45,0.4275,0.25,0.2,0.148468017578125,0.098388671875,0.0,0.0,66.5,29.6875,64.31230545043945,27.34375,89.75,48.0,85.53125,44.41152191162109,2.0,0.75,2.0546875,0.75,51.1875,18.3359375,49.6123046875,16.280410766601562,7.5,5.07647705078125,7.5,5.0,4.5,3.625,4.984375,3.9375,48.6875,17.0,47.11572265625,16.5,5.75,3.75,5.3125,3.4375,5.0625,3.5,3.875,2.5,99.2119140625,94.125,638.5,0,0,0,0,0,0,0,0,0,0,0,0,0,0,172.72,177.8,145.0,0.0,0.25,0.6,0.3725,0.0,0.08,0.0,0.25,0.0,0.0,149.25,71.0,72.75,27.25,150.75,72.25,75.25,29.75,0.25,0.0,7.0,1.0,100.25,32.75,57.25,19.5,28.5,19.5,5.0,2.25,20.5,18.75,10.5,5.5,144.5,67.75,66.25,24.5,4.75,3.25,5.25,1.75,0.0,0.0,1.25,1.0,12.5,58.75,684.75,7,0,0,1,2,2,1,0,0,1,1,0,0,0,172.72,185.42,145.0,24.0,28.0,0,0,1,0,0,0,0,0,0,0,0,0,0,0,0,1,0,0,0,0,1,0,0,0
Blue,False,0.140625,0.375,0.49837890625,0.40560546875,0.617080078125,0.0219140625,0.125,0.037109375,0.033203125,0.5009765625,74.2958984375,36.91015625,47.4150390625,20.8388671875,124.6279296875,80.4130859375,56.06640625,28.4111328125,3.240234375,2.2451171875,1.0029296875,0.16015625,62.3642578125,30.708984375,35.5029296875,12.0478515625,8.5419921875,4.0966796875,6.19140625,3.1640625,3.3896484375,2.1044921875,5.720703125,5.626953125,38.265625,10.6953125,36.8984375,14.1533203125,9.9423828125,5.94921875,3.689453125,2.484375,26.087890625,20.265625,6.8271484375,4.201171875,337.080078125,72.6279296875,788.6904296875,29,0,1,0,5,7,4,0,0,1,5,1,0,0,185.42,195.58,185.0,0.0,0.0,0.53,0.48,0.0,0.25,0.0,0.0,0.0,0.0,130.0,69.0,148.0,72.0,137.0,76.0,181.0,102.0,1.0,0.0,8.0,2.0,114.0,55.0,112.0,44.0,14.0,12.0,26.0,21.0,2.0,2.0,10.0,7.0,86.0,35.0,125.0,54.0,39.0,29.0,16.0,12.0,5.0,5.0,7.0,6.0,5.0,378.0,900.0,3,0,0,1,0,0,1,0,0,0,0,0,0,0,185.42,187.96,185.0,29.0,29.0,0,0,0,0,0,0,0,1,0,0,0,0,0,0,0,0,0,1,0,0,1,0,0,0
Red,False,0.0,0.0,0.7,0.5,0.5,0.0,1.0,0.0,0.0,0.0,31.0,22.0,6.0,3.0,34.0,25.0,8.0,5.0,2.0,1.0,0.0,0.0,17.0,13.0,5.0,2.0,5.0,0.0,1.0,1.0,9.0,9.0,0.0,0.0,7.0,1.0,4.0,2.0,9.0,8.0,2.0,1.0,15.0,13.0,0.0,0.0,167.0,2.0,204.0,1,0,1,0,1,1,0,0,0,0,0,0,1,0,167.64,172.72,145.0,0.09375,1.0,0.4278125,0.49,0.28125,0.078125,0.0,0.0,0.0,0.0,60.28125,32.5625,47.9375,15.75,65.5,37.125,52.34375,19.71875,0.875,0.3125,1.28125,0.3125,44.1875,19.3125,40.25,11.5625,11.84375,9.4375,4.5,2.15625,4.25,3.8125,3.1875,2.03125,45.40625,21.625,45.15625,13.96875,7.3125,5.78125,2.4375,1.53125,7.5625,5.15625,0.34375,0.25,24.375,65.03125,325.5625,13,4,5,0,5,5,1,0,0,0,1,4,0,0,172.72,172.72,145.0,28.0,34.0,0,0,0,0,0,0,0,0,0,0,0,1,0,0,0,1,0,0,0,0,1,0,0,0
Blue,False,0.0,0.0,0.3,0.7,0.08,0.44,0.0,0.0,0.0,0.0,43.0,13.0,20.0,14.0,90.0,60.0,53.0,47.0,12.0,1.0,9.0,4.0,25.0,5.0,12.0,7.0,15.0,7.0,6.0,6.0,3.0,1.0,2.0,1.0,34.0,6.0,10.0,4.0,9.0,7.0,8.0,8.0,0.0,0.0,2.0,2.0,107.0,366.0,900.0,3,0,0,1,0,0,1,0,0,0,0,0,0,0,170.18,182.88,155.0,0.126953125,0.53125,0.5038476562499999,0.46720703125,0.12880859375,0.3109765625,0.2998046875,0.06640625,0.03125,0.3359375,64.8203125,29.720703125,100.982421875,51.1142578125,73.42578125,37.880859375,143.5078125,88.904296875,2.18359375,0.837890625,6.0400390625,2.5009765625,55.41015625,22.8984375,82.0107421875,36.9736328125,7.947265625,5.703125,15.580078125,12.388671875,1.462890625,1.119140625,3.3916015625,1.751953125,57.5986328125,23.41015625,64.5419921875,23.1708984375,5.45703125,5.0263671875,9.75,7.619140625,1.7646484375,1.2841796875,26.6904296875,20.32421875,118.3828125,320.525390625,777.7421875,29,1,0,1,4,7,4,0,0,1,1,1,4,0,175.26,177.8,155.0,22.0,30.0,0,0,0,0,0,0,1,0,0,0,0,0,0,0,0,1,0,0,0,0,0,0,1,0
Blue,False,1.0,0.0,0.53,0.33,1.0,0.0,0.0,0.0,0.0,0.0,115.0,61.0,136.0,46.0,120.0,66.0,141.0,51.0,3.0,3.0,3.0,0.0,79.0,34.0,112.0,28.0,14.0,9.0,12.0,8.0,22.0,18.0,12.0,10.0,111.0,57.0,134.0,45.0,0.0,0.0,2.0,1.0,4.0,4.0,0.0,0.0,77.0,12.0,648.0,3,0,1,0,1,1,0,0,0,0,0,1,0,0,162.56,172.72,125.0,0.0,0.0,0.4845507812499999,0.44142578125,0.4259374999999999,0.2013671875,0.427734375,0.03125,0.19140625,0.001953125,130.23046875,61.15625,136.5,56.458984375,179.005859375,99.68359375,166.478515625,83.32421875,1.94140625,0.900390625,1.138671875,0.88671875,75.89453125,17.595703125,119.6953125,41.52734375,25.603515625,18.505859375,11.44140625,10.462890625,28.732421875,25.0546875,5.36328125,4.46875,110.173828125,45.650390625,122.197265625,45.294921875,17.435546875,13.3359375,10.7578125,7.96484375,2.62109375,2.169921875,3.544921875,3.19921875,230.783203125,115.404296875,873.265625,26,1,3,0,3,6,4,0,0,2,3,0,1,0,167.64,172.72,135.0,32.0,34.0,0,0,0,0,0,0,0,0,0,0,0,0,1,0,0,1,0,0,0,0,1,0,0,0
Red,True,0.01593017578125,0.312652587890625,0.4377536511421203,0.3434743928909302,0.0707415688037872,0.0001397061347961,0.1333675384521484,0.1891188621520996,0.062515377998352,0.0,117.11286783218384,51.25104451179504,106.59422194957732,37.51850557327271,123.434605717659,56.50913059711456,110.51722812652588,40.92775237560272,6.032047629356384,0.513953685760498,0.0284427404403686,0.0002621412277221,93.7205204963684,31.98263132572174,93.2819118499756,27.04413628578186,10.654595494270325,7.256071925163269,9.565455675125122,6.987605810165405,12.737751841545103,12.012341260910034,3.746854424476624,3.4867634773254395,99.13730454444884,38.35822594165802,96.33482241630554,30.316611886024475,6.06420636177063,3.570771336555481,7.177045106887817,5.249361991882324,11.911356925964355,9.322047233581545,3.082354426383972,1.9525316953659055,113.78484547138214,2.922923445701599,722.9868816137314,83,8,3,0,5,17,7,0,0,0,10,4,2,1,167.64,172.72,135.0,0.0943737030029296,0.0,0.4623448944091797,0.4427278709411621,0.2900390625,0.1050914573669433,0.537353515625,5.7220458984375e-06,0.0,0.000244140625,419.321195602417,196.57147789001465,299.2884769439697,134.0285682678223,440.3422546386719,217.14342498779297,301.3852634429932,136.0458869934082,0.3213043212890625,0.3212890625,7.141304016113281,1.000814437866211,368.1841163635254,157.08188247680664,269.2692222595215,110.45862770080566,47.41639709472656,36.53985595703125,21.923189163208008,16.1544246673584,3.720682144165039,2.949739456176758,8.096065521240234,7.415515899658203,396.1085987091065,179.8243293762207,287.8678970336914,124.63446426391602,16.300588607788086,11.868515014648438,11.399358749389648,9.37697982788086,6.912008285522461,4.878633499145508,0.0212211608886718,0.0171241760253906,25.290361404418945,148.4546184539795,1266.9709339141846,55,5,0,1,13,16,4,0,0,1,4,8,2,1,180.34,175.26,145.0,37.0,27.0,0,0,1,0,0,0,0,0,0,0,0,0,0,0,0,1,0,0,0,0,1,0,0,0
Blue,False,0.6875,0.0,0.4525,0.478125,0.306875,0.339375,0.9375,0.25,0.0,0.0,47.125,20.375,41.75,20.5,69.1875,40.1875,61.3125,37.9375,2.6875,0.9375,3.8125,1.9375,34.875,12.3125,33.6875,13.9375,10.6875,7.5,5.6875,4.5,1.5625,0.5625,2.375,2.0625,31.875,8.625,27.5625,11.3125,2.5625,2.25,3.0,2.4375,12.6875,9.5,11.1875,6.75,147.0,235.6875,737.5,12,0,4,0,4,4,1,0,0,1,0,3,0,0,165.1,172.72,125.0,0.53125,0.0,0.5978125,0.33125,0.1040625,0.2065625,0.71875,0.0,0.375,0.125,52.5,28.4375,36.0,13.6875,60.5,36.0,42.53125,19.1875,0.4375,0.125,4.0625,1.3125,41.53125,20.9375,30.4375,9.90625,7.1875,4.75,2.375,1.5,3.78125,2.75,3.1875,2.28125,38.3125,17.65625,31.6875,10.96875,2.375,1.625,2.0625,1.0,11.8125,9.15625,2.25,1.71875,68.4375,69.59375,343.84375,14,0,2,0,3,5,1,0,0,1,1,1,2,0,165.1,170.18,125.0,31.0,29.0,0,0,0,1,0,0,0,0,0,0,0,0,0,0,0,1,0,0,0,0,1,0,0,0
Red,False,0.0,0.0,0.35,0.35,0.0,0.4,0.0,3.0,0.0,0.0,90.0,32.0,65.0,23.0,143.0,78.0,118.0,75.0,0.0,0.0,10.0,4.0,72.0,23.0,49.0,14.0,12.0,7.0,10.0,6.0,6.0,2.0,6.0,3.0,80.0,23.0,46.0,15.0,4.0,4.0,3.0,3.0,6.0,5.0,16.0,5.0,276.0,222.0,900.0,3,0,0,1,0,0,1,0,0,0,0,0,0,0,167.64,175.26,125.0,0.0,0.0,0.54625,0.4775,0.52,0.5,0.75,0.25,1.5,1.125,15.5,7.625,34.5,16.625,22.25,13.0,44.375,23.375,3.375,1.625,0.5,0.5,14.625,7.25,32.125,14.875,0.75,0.25,2.125,1.5,0.125,0.125,0.25,0.25,10.5,3.375,23.625,7.25,0.25,0.25,1.5,1.25,4.75,4.0,9.375,8.125,214.125,62.875,396.875,6,0,2,0,2,3,1,0,0,0,0,0,3,0,165.1,160.02,125.0,32.0,24.0,0,0,0,0,0,0,0,0,0,0,0,0,1,0,0,0,0,1,0,0,1,0,0,0
Red,False,0.0,0.0,0.18,0.66,0.0,0.66,0.0,1.0,0.0,0.0,11.0,2.0,9.0,6.0,11.0,2.0,22.0,13.0,0.0,0.0,3.0,2.0,9.0,0.0,8.0,5.0,2.0,2.0,0.0,0.0,0.0,0.0,1.0,1.0,11.0,2.0,7.0,4.0,0.0,0.0,0.0,0.0,0.0,0.0,2.0,2.0,0.0,119.0,145.0,1,0,0,1,0,0,1,0,0,0,0,0,0,0,182.88,193.04,170.0,0.03515625,0.09375,0.36703125,0.5186328125,0.5625,0.1698046875,0.203125,0.03125,0.5,0.5,91.90625,34.75,127.18359375,69.25,96.98046875,39.30078125,173.22265625,107.7734375,1.0,0.75,5.109375,1.05078125,81.45703125,27.46484375,82.953125,34.6328125,6.0546875,4.54296875,31.30078125,23.7109375,4.39453125,2.7421875,12.9296875,10.90625,81.0625,27.125,76.87890625,30.95703125,4.453125,2.90625,22.7890625,19.45703125,6.390625,4.71875,27.515625,18.8359375,103.0625,266.28515625,772.140625,19,0,2,0,2,4,5,0,0,0,1,2,1,0,177.8,180.34,170.0,30.0,30.0,0,0,0,0,0,0,0,0,0,1,0,0,0,0,0,1,0,0,0,0,0,0,1,0
Red,False,0.0,0.0625,0.394375,0.3974999999999999,0.125,0.01125,0.5,0.0,0.375,0.125,231.3125,92.0,233.25,89.625,243.25,102.8125,239.25,94.625,0.5625,0.1875,3.0625,0.125,196.75,68.8125,183.875,56.4375,17.4375,10.375,27.3125,15.3125,17.125,12.8125,22.0625,17.875,220.8125,84.25,225.25,84.875,6.5625,5.0625,5.5625,3.375,3.9375,2.6875,2.4375,1.375,16.625,58.5625,852.0,15,0,0,2,3,3,2,0,0,1,1,0,1,0,175.26,172.72,135.0,0.0,0.0,0.37595703125,0.4094921875,0.2133203125,0.24017578125,0.462890625,0.015625,0.0,0.0625,103.8359375,39.0703125,136.015625,58.86328125,145.08203125,69.142578125,177.228515625,96.412109375,6.6484375,0.603515625,2.083984375,1.009765625,79.830078125,21.47265625,91.47265625,29.802734375,15.306640625,10.697265625,28.853515625,18.658203125,8.69921875,6.900390625,15.689453125,10.40234375,87.220703125,25.3828125,111.3984375,40.685546875,13.73046875,11.47265625,20.611328125,14.92578125,2.884765625,2.21484375,4.005859375,3.251953125,291.6796875,167.419921875,1006.93359375,29,1,1,0,4,6,4,0,0,1,3,0,2,0,170.18,170.18,135.0,31.0,30.0,0,0,0,0,0,0,0,0,0,0,1,0,0,0,0,1,0,0,0,0,1,0,0,0
Blue,False,0.6279296875,0.0625,0.5570507812500001,0.467548828125,0.44140625,0.447197265625,0.2109375,0.0634765625,0.126953125,0.0,84.947265625,45.48828125,55.9072265625,25.791015625,107.5087890625,64.8974609375,79.236328125,46.73828125,3.6875,1.46875,5.1298828125,1.9951171875,57.4638671875,24.765625,32.654296875,9.498046875,17.1083984375,12.64453125,14.13671875,10.7978515625,10.375,8.078125,9.1162109375,5.4951171875,56.548828125,22.6025390625,46.44921875,18.19921875,16.7275390625,14.078125,8.5712890625,6.9482421875,11.6708984375,8.8076171875,0.88671875,0.6435546875,226.1962890625,202.05078125,1047.14453125,33,0,0,1,7,9,2,0,0,1,5,2,1,0,187.96,187.96,170.0,0.000399112701416,1.4901161193847656e-08,0.5506253980100155,0.4119494320452213,0.3696319571137428,0.4146041359007358,1.047243431210518,7.748603820800781e-06,0.7500000149011612,2.9802322387695312e-08,132.06034961342812,72.2281915396452,160.51614163815975,70.52627392113209,152.89503978192806,91.69368433952332,200.85879926383492,106.22166749835014,5.069967612624168,2.5257501006126404,14.797469705343246,6.895342364907265,93.93323537707327,39.44629055261612,129.32264682650566,47.013892605900764,26.24107849597931,21.67295202612877,23.77421572804451,16.51557745039463,11.88603574037552,11.108948960900308,7.419279083609581,6.996803864836693,98.2986958026886,42.49672056734562,120.97365808486938,42.15128557384014,25.32391831278801,22.467526137828827,21.528076097369198,15.486895009875298,8.437735497951508,7.263944834470749,18.014407455921173,12.888093337416649,179.03219547867775,652.5207337290049,1255.6354359835386,78,4,0,2,5,18,9,0,0,0,10,4,4,0,172.72,177.8,155.0,27.0,34.0,0,0,0,0,0,0,0,0,0,1,0,0,0,0,0,0,0,1,0,0,0,0,1,0
Red,False,0.0,0.0,0.3675,0.43,0.3575,0.165,0.75,0.0,0.25,1.25,157.75,53.75,162.5,68.75,183.5,77.75,180.5,84.75,8.0,2.75,2.5,0.5,131.0,32.25,142.0,52.75,16.25,12.25,13.5,10.5,10.5,9.25,7.0,5.5,139.25,41.25,142.25,56.25,14.25,9.0,17.0,10.0,4.25,3.5,3.25,2.5,289.75,176.75,900.0,9,0,0,1,1,1,2,0,0,1,0,0,0,0,177.8,177.8,145.0,0.070556640625,0.1270828247070312,0.3767877197265625,0.2756468200683594,0.0249783325195312,0.3802567863464355,0.0628471374511718,0.6353816986083984,0.0092353820800781,0.0002613067626953,74.770263671875,34.73571586608887,98.3934497833252,33.937849044799805,76.50901794433594,36.22649002075195,108.84546279907228,43.42023277282715,0.3166580200195312,0.0588455200195312,4.070934295654297,1.4192428588867188,61.40248489379883,23.480430603027344,77.94222259521484,22.047334671020508,10.48557472229004,8.810466766357422,8.190086364746094,4.564397811889648,2.882204055786133,2.4448184967041016,12.261140823364258,7.326116561889648,69.26387214660645,32.114850997924805,88.91358757019043,29.067554473876957,4.242984771728516,2.266538619995117,4.862825393676758,2.1865482330322266,1.263406753540039,0.3543262481689453,4.617036819458008,2.683746337890625,23.79495429992676,109.32149314880373,491.1865882873535,52,0,0,2,2,9,11,0,0,3,3,0,2,1,177.8,185.42,145.0,29.0,31.0,0,0,1,0,0,0,0,0,0,0,0,0,0,0,0,1,0,0,0,0,0,0,1,0
Red,False,0.5039749145507812,0.265625,0.3843673706054687,0.3491352844238281,0.3967620849609375,0.4163469696044922,0.31280517578125,0.0630645751953125,0.50048828125,0.0156402587890625,84.57343292236328,33.42710876464844,100.88251495361328,36.87451934814453,89.44073486328125,37.42661285400391,108.23468780517578,43.85325622558594,1.6219329833984375,0.948486328125,2.68585205078125,0.9635696411132812,68.01286315917969,21.084732055664062,77.32878112792969,20.346580505371094,14.365959167480469,10.909881591796877,19.17027282714844,13.060783386230469,2.194610595703125,1.4324951171875,4.383460998535156,3.4671554565429688,73.0557632446289,25.200340270996094,90.65748596191406,29.774200439453125,7.2983856201171875,4.906059265136719,6.753189086914063,4.786094665527344,4.219284057617188,3.320709228515625,3.471839904785156,2.3142242431640625,103.73155975341795,54.70799255371094,691.7206802368164,44,0,1,0,7,13,5,0,0,1,6,3,2,1,175.26,177.8,155.0,0.25,0.5,0.5025,0.4825,0.1,0.5825,0.0,0.25,0.25,0.0,76.0,36.25,91.75,45.75,92.75,50.75,96.75,50.75,3.5,1.0,2.0,1.0,45.75,17.25,74.25,31.5,27.75,17.0,14.5,11.5,2.5,2.0,3.0,2.75,53.0,20.0,70.0,29.25,17.75,12.75,13.5,9.25,5.25,3.5,8.25,7.25,119.0,73.25,497.0,6,0,2,0,2,2,1,0,0,0,1,1,0,0,175.26,182.88,155.0,40.0,26.0,0,0,0,0,0,0,1,0,0,0,0,0,0,0,0,0,0,1,0,0,1,0,0,0
Blue,False,0.658203125,0.5,0.478037109375,0.49919921875,0.0425390625,0.069052734375,0.3203125,0.0654296875,0.017578125,0.0625,125.21484375,53.2158203125,133.3447265625,71.5361328125,141.46484375,69.3271484375,136.0771484375,73.900390625,0.73046875,0.12890625,1.5908203125,0.2021484375,96.68359375,36.673828125,93.33984375,39.595703125,17.03515625,7.947265625,23.6943359375,19.3759765625,11.49609375,8.5947265625,16.310546875,12.564453125,121.0947265625,50.7138671875,127.099609375,66.5205078125,3.1494140625,1.568359375,6.158203125,4.9365234375,0.970703125,0.93359375,0.0869140625,0.0791015625,22.3203125,61.609375,504.58984375,23,0,1,0,4,7,4,0,0,0,0,5,2,0,182.88,190.5,155.0,0.21923828125,0.267578125,0.470791015625,0.4273095703125,0.0703125,0.193603515625,0.04931640625,0.125,0.00146484375,0.0,97.68603515625,45.67431640625,81.69677734375,35.32275390625,102.77197265625,50.76025390625,89.5751953125,43.1884765625,0.28369140625,0.140625,0.6435546875,0.53564453125,62.09423828125,18.50341796875,54.669921875,18.6826171875,20.64208984375,14.98681640625,8.5888671875,5.24951171875,14.94970703125,12.18408203125,18.43798828125,11.390625,90.7255859375,41.853515625,75.32080078125,30.76318359375,5.63134765625,2.86767578125,5.9052734375,4.1552734375,1.3291015625,0.953125,0.470703125,0.404296875,73.3642578125,55.66796875,644.2314453125,25,0,5,0,5,9,3,0,0,0,4,2,3,0,190.5,193.04,155.0,29.0,32.0,0,0,0,0,0,0,1,0,0,0,0,0,0,0,0,0,0,0,1,0,1,0,0,0
Blue,False,0.6513671875,0.00048828125,0.4560400390625,0.3527587890625,0.145,0.032158203125,0.00390625,0.03125,0.0,0.0,51.314453125,20.23583984375,32.40966796875,14.279296875,52.95166015625,21.744140625,33.921875,15.7119140625,0.82080078125,0.3125,0.318359375,0.03662109375,42.54541015625,15.7841796875,20.0078125,5.4599609375,7.9365234375,3.876953125,6.16259765625,3.5576171875,0.83251953125,0.57470703125,6.2392578125,5.26171875,41.0107421875,12.79736328125,31.48291015625,13.91748046875,4.4208984375,2.6142578125,0.89306640625,0.34765625,5.8828125,4.82421875,0.03369140625,0.01416015625,24.693359375,3.67138671875,353.99169921875,21,0,0,3,2,5,7,0,0,0,0,5,0,0,195.58,195.58,250.0,0.03515625,0.59375,0.489140625,0.6266015625,0.0788671875,0.2421875,0.47265625,0.0,0.0078125,0.015625,45.15234375,25.04296875,34.421875,21.19140625,70.42578125,48.52734375,36.98046875,23.703125,1.8203125,0.37890625,0.93359375,0.4296875,29.93359375,11.39453125,28.015625,15.82421875,13.40234375,12.65234375,4.7109375,3.921875,1.81640625,0.99609375,1.6953125,1.4453125,27.2734375,10.578125,19.91015625,7.55859375,17.30859375,13.98046875,7.92578125,7.2109375,0.5703125,0.484375,6.5859375,6.421875,66.578125,50.96875,274.55859375,13,0,2,0,2,6,3,0,0,0,0,1,5,0,187.96,203.2,240.0,36.0,42.0,0,0,0,0,1,0,0,0,0,0,0,0,0,0,0,0,0,1,0,0,1,0,0,0
Red,False,0.05078125,0.0,0.401435546875,0.493681640625,0.000966796875,0.00484375,0.189453125,0.01171875,0.0,0.0029296875,149.7939453125,60.5517578125,162.826171875,81.7431640625,150.84375,61.5634765625,163.6591796875,82.5595703125,0.0341796875,0.0087890625,0.310546875,0.0322265625,125.2880859375,40.7666015625,123.6220703125,44.884765625,9.271484375,5.62890625,36.9541015625,34.6083984375,15.234375,14.15625,2.25,2.25,148.0537109375,58.97265625,159.8271484375,79.8037109375,1.46484375,1.365234375,2.841796875,1.8291015625,0.275390625,0.2138671875,0.1572265625,0.1103515625,4.474609375,6.275390625,919.705078125,26,0,0,1,4,6,5,0,0,0,1,3,2,0,193.04,198.12,265.0,0.0001924186944961,0.067994125187397,0.4219126603007316,0.3322040734440088,0.0972418250143528,0.1521664438024163,4.060566425323486e-06,0.0019607581198215,0.03125,0.0332031287252903,132.40021069347858,57.15374079719186,110.45719776675104,36.757943868637085,140.03055186197162,64.14636465907097,121.6612198241055,47.36061704903841,1.066453941166401,0.3769683875143528,1.889324638992548,0.5188598707318306,93.94483196735382,24.898188274353743,87.87248580902815,22.196074526757,22.93955770879984,19.44189778715372,14.689668703824282,9.026266116648912,15.515821017324924,12.813654735684397,7.895043253898621,5.535603225231171,122.63780638203023,50.03589237853885,93.57641775906086,26.487039115279917,8.769349474459887,6.663955830037594,13.870001446455715,8.05163012817502,0.9930548369884492,0.4538925886154175,3.010778561234474,2.219274625182152,30.634018789976835,111.69884857907893,895.5391918569803,62,5,1,0,7,16,13,0,0,1,4,9,2,0,190.5,195.58,240.0,37.0,40.0,0,0,0,0,1,0,0,0,0,0,0,0,0,0,0,1,0,0,0,0,1,0,0,0
Red,False,0.0,0.0,0.51,0.595,0.5,0.75,0.0,0.0,0.0,0.0,164.5,83.5,69.0,41.0,196.0,114.0,87.5,57.5,1.0,1.0,2.0,1.5,144.5,65.0,58.5,31.0,15.5,14.5,9.5,9.0,4.5,4.0,1.0,1.0,116.5,44.0,52.0,27.0,25.5,21.5,14.0,11.0,22.5,18.0,3.0,3.0,180.0,188.5,779.0,6,0,1,0,1,1,1,0,0,0,0,1,0,0,195.58,203.2,265.0,0.0,0.0,0.455,0.365,0.0,0.165,0.0,0.5,0.0,0.0,47.0,21.5,16.5,6.5,51.5,26.0,18.5,8.5,0.0,0.0,2.5,0.5,42.0,16.5,16.5,6.5,3.5,3.5,0.0,0.0,1.5,1.5,0.0,0.0,32.0,10.5,14.0,4.5,4.5,4.0,1.0,0.5,10.5,7.0,1.5,1.5,50.5,71.0,291.5,3,0,0,1,1,1,1,0,0,0,0,1,0,0,195.58,203.2,265.0,27.0,30.0,0,0,0,0,1,0,0,0,0,0,0,0,0,0,0,1,0,0,0,0,1,0,0,0
Blue,False,0.0,0.0,0.43,0.63,0.0,0.625,0.0,0.0,0.0,0.0,116.0,51.0,100.0,62.5,130.0,62.5,154.5,108.0,0.0,0.0,3.0,2.0,92.0,31.5,55.5,24.0,17.5,13.0,24.5,20.0,6.5,6.5,20.0,18.5,99.5,39.5,74.5,40.5,15.5,10.5,15.0,12.0,1.0,1.0,10.5,10.0,113.5,318.0,900.0,6,0,0,1,1,1,1,0,0,0,1,0,0,0,162.56,162.56,125.0,0.0,0.25,0.344375,0.455,0.61625,0.28125,0.0625,0.125,1.0,1.0625,122.9375,40.75,148.5625,65.875,186.6875,95.0625,174.75,87.25,5.125,3.0,1.5625,1.0,115.0,35.875,130.625,51.0625,5.9375,3.125,13.125,10.125,2.0,1.75,4.8125,4.6875,105.8125,28.375,129.125,51.6875,3.25,2.375,8.4375,7.0625,13.875,10.0,11.0,7.125,367.875,155.3125,889.0,16,1,0,2,1,2,3,0,0,1,0,1,0,0,170.18,175.26,125.0,30.0,36.0,0,0,0,0,0,0,0,0,0,0,0,0,1,0,0,1,0,0,0,0,1,0,0,0
Blue,False,0.0,1.0,0.37,0.44,0.0,0.33,0.0,0.0,0.0,0.0,62.0,23.0,67.0,30.0,73.0,32.0,107.0,66.0,5.0,0.0,3.0,1.0,41.0,10.0,55.0,22.0,15.0,8.0,9.0,6.0,6.0,5.0,3.0,2.0,53.0,16.0,51.0,18.0,9.0,7.0,9.0,6.0,0.0,0.0,7.0,6.0,28.0,348.0,900.0,3,0,0,1,0,0,1,0,0,0,0,0,0,0,182.88,187.96,205.0,0.252044677734375,0.75,0.3194648742675781,0.4552330017089844,0.0625,0.0104006958007812,0.00048828125,0.0,0.0,0.0,48.91154479980469,19.32568359375,51.28585815429688,22.749069213867188,51.24815368652344,21.57513427734375,55.63365173339844,26.30218505859375,0.5703125,0.0625,0.4738616943359375,0.074249267578125,41.20692443847656,12.816726684570312,37.63261413574219,12.418975830078123,1.7158355712890625,1.381744384765625,7.0130767822265625,4.3519439697265625,5.988784790039063,5.127212524414063,6.640167236328125,5.9781494140625,45.68382263183594,17.371658325195312,43.239654541015625,17.987991333007812,2.9818115234375,1.9058837890625,2.79595947265625,1.760955810546875,0.24591064453125,0.0481414794921875,5.250244140625,3.0001220703125,7.231719970703125,19.882476806640625,358.85333251953125,35,0,0,1,4,10,7,0,0,2,2,5,1,0,187.96,190.5,205.0,26.0,33.0,0,0,0,0,0,1,0,0,0,0,0,0,0,0,0,1,0,0,0,0,0,0,1,0
Blue,False,0.0,0.0,0.41,0.64,0.37,0.66,0.0,0.0,0.0,2.0,51.0,21.0,76.0,49.0,60.0,28.0,96.0,68.0,8.0,3.0,9.0,6.0,36.0,11.0,54.0,31.0,8.0,6.0,18.0,14.0,7.0,4.0,4.0,4.0,39.0,12.0,56.0,33.0,9.0,8.0,16.0,13.0,3.0,1.0,4.0,3.0,252.0,396.0,900.0,3,0,0,1,0,0,1,0,0,0,0,0,0,0,172.72,175.26,135.0,0.0471682548522949,0.0,0.45,0.4217682266235352,0.25,0.19173828125,0.1875,0.125,0.0,0.0,69.5,30.5,66.984375,27.8466796875,94.0,48.544921875,88.50390625,44.75,2.0,0.8125,2.015625,0.6640625,54.0,19.01513671875,51.483436584472656,16.9437255859375,7.91796875,5.430633544921875,7.75,5.0625,4.780975341796875,3.9373779296875,4.8994140625,3.84375,51.025390625,18.400863647460938,50.515625,17.5,5.75,3.75,5.5,3.5,5.375,3.6875,4.0,2.65625,104.865234375,89.5,655.8441009521484,0,0,0,0,0,0,0,0,0,0,0,0,0,0,182.88,185.42,135.0,25.0,29.0,1,0,0,0,0,0,0,0,0,0,0,0,0,0,0,1,0,0,0,0,0,0,1,0
Red,False,0.015625,0.0,0.45,0.4275,0.25,0.2,0.148468017578125,0.098388671875,0.0,0.0,66.5,29.6875,64.31230545043945,27.34375,89.75,48.0,85.53125,44.41152191162109,2.0,0.75,2.0546875,0.75,51.1875,18.3359375,49.6123046875,16.280410766601562,7.5,5.07647705078125,7.5,5.0,4.5,3.625,4.984375,3.9375,48.6875,17.0,47.11572265625,16.5,5.75,3.75,5.3125,3.4375,5.0625,3.5,3.875,2.5,99.2119140625,94.125,638.5,0,0,0,0,0,0,0,0,0,0,0,0,0,0,167.64,180.34,135.0,0.0,0.0,0.465625,0.6046484375000001,0.4884374999999999,0.602578125,0.140625,0.5625,0.62890625,1.52734375,40.6640625,18.796875,61.05859375,38.4765625,50.83203125,28.37890625,105.94140625,76.30078125,9.12890625,4.640625,4.1484375,3.1328125,29.15234375,10.5,32.9296875,14.0703125,10.02734375,7.22265625,21.73046875,19.640625,1.484375,1.07421875,6.3984375,4.765625,20.72265625,4.19921875,30.8046875,12.8984375,14.47265625,9.953125,16.98046875,13.453125,5.46875,4.64453125,13.2734375,12.125,324.37109375,503.04296875,1019.80078125,27,1,0,1,3,5,4,0,0,0,3,0,2,0,162.56,160.02,135.0,24.0,25.0,1,0,0,0,0,0,0,0,0,0,0,0,0,0,0,1,0,0,0,0,1,0,0,0
Red,False,0.0,0.0,0.26,0.43,0.14,0.0,0.0,0.0,0.0,1.0,220.0,58.0,232.0,100.0,226.0,63.0,249.0,115.0,7.0,1.0,1.0,0.0,203.0,51.0,216.0,87.0,13.0,4.0,13.0,10.0,4.0,3.0,3.0,3.0,201.0,47.0,195.0,73.0,13.0,7.0,29.0,20.0,6.0,4.0,8.0,7.0,155.0,13.0,900.0,3,0,0,1,0,0,1,0,0,0,0,0,0,0,167.64,175.26,135.0,0.0,1.0,0.3,0.31,1.0,0.5,0.0,2.0,0.0,0.0,30.0,9.0,54.0,17.0,32.0,10.0,55.0,17.0,1.0,1.0,2.0,1.0,22.0,4.0,43.0,9.0,4.0,3.0,3.0,2.0,4.0,2.0,8.0,6.0,29.0,9.0,47.0,13.0,1.0,0.0,0.0,0.0,0.0,0.0,7.0,4.0,54.0,39.0,211.0,1,0,0,1,0,0,1,0,0,0,0,0,0,0,175.26,175.26,135.0,26.0,26.0,1,0,0,0,0,0,0,0,0,0,0,0,0,0,0,1,0,0,0,0,0,0,0,1
Red,False,0.5,0.5,0.4275,0.3974999999999999,0.0,0.14125,0.0,0.625,0.0,0.125,109.875,46.375,141.875,56.625,114.125,50.25,167.0,78.375,0.5,0.0,5.0,1.625,72.0,20.75,98.5,28.375,32.5,21.125,27.25,17.75,5.375,4.5,16.125,10.5,92.125,35.125,118.125,40.375,12.625,9.375,13.625,9.25,5.125,1.875,10.125,7.0,66.375,224.625,896.25,12,0,0,1,2,2,2,0,0,1,1,0,0,0,172.72,182.88,145.0,0.08203125,0.5078125,0.3803369140625,0.5260253906250001,0.2349658203125,0.0452050781249999,0.2509765625,0.01953125,0.017578125,0.251953125,188.82421875,74.91162109375,139.0078125,73.599609375,193.140625,79.18603515625,149.0634765625,83.09814453125,3.00244140625,1.3466796875,2.572265625,0.26904296875,157.19384765625,51.76318359375,98.95703125,41.48974609375,13.31591796875,8.59033203125,19.13134765625,13.23046875,18.314453125,14.55810546875,20.91943359375,18.87939453125,185.48828125,73.30859375,129.28955078125,67.8330078125,2.12646484375,0.8828125,3.0830078125,1.86767578125,1.20947265625,0.72021484375,6.63525390625,3.89892578125,76.26953125,81.28515625,891.919921875,30,0,1,0,2,7,5,0,0,1,4,2,0,0,180.34,187.96,145.0,28.0,29.0,0,0,1,0,0,0,0,0,0,0,0,0,0,0,0,1,0,0,0,0,1,0,0,0
Red,False,0.000244140625,0.64013671875,0.558187255859375,0.56244873046875,0.53727294921875,0.085625,0.4063720703125,1.015625,0.0,0.125,43.917236328125,21.8797607421875,67.487548828125,36.5703125,61.5360107421875,37.9713134765625,96.6693115234375,62.4796142578125,7.3056640625,3.592529296875,4.0025634765625,0.5625,29.1845703125,12.068115234375,51.2174072265625,24.2264404296875,8.15869140625,4.09912109375,7.66845703125,6.725830078125,6.573974609375,5.7125244140625,8.6016845703125,5.6180419921875,36.5048828125,17.120849609375,45.8984375,20.859619140625,4.4005126953125,2.1461181640625,12.351318359375,8.669189453125,3.0118408203125,2.61279296875,9.23779296875,7.04150390625,281.734619140625,60.860595703125,727.2371826171875,31,1,3,0,3,9,5,0,0,2,4,0,3,0,185.42,198.12,185.0,0.0,0.0,0.3675,0.391875,0.3425,0.05,0.625,0.0,0.0,0.0,142.625,50.5625,130.375,49.625,165.0,70.6875,142.3125,60.5625,4.25,1.5,2.0625,0.3125,120.1875,32.1875,99.375,27.8125,7.9375,6.5,12.8125,8.9375,14.5,11.875,18.1875,12.875,133.625,44.8125,127.6875,47.9375,5.1875,3.125,1.9375,1.25,3.8125,2.625,0.75,0.4375,170.9375,58.75,860.625,13,0,1,0,1,2,3,0,0,0,1,0,1,0,182.88,187.96,185.0,34.0,25.0,0,0,0,0,0,0,0,1,0,0,0,0,0,0,0,0,0,1,0,0,0,0,1,0
Red,False,0.28125,0.125,0.3928125,0.4434375,0.378125,0.0,0.125,1.125,0.015625,0.640625,70.0625,28.421875,45.71875,22.671875,130.875,77.09375,70.140625,46.21875,3.890625,1.90625,2.21875,0.0,54.8125,16.96875,28.296875,6.9375,10.75,8.328125,13.84375,12.28125,4.5,3.125,3.578125,3.453125,46.859375,12.734375,31.15625,9.90625,12.5625,7.90625,11.828125,11.15625,10.640625,7.78125,2.734375,1.609375,365.75,38.703125,646.4375,16,0,4,0,4,6,1,0,1,1,1,2,1,0,172.72,177.8,145.0,1.125,0.25,0.31203125,0.2954687499999999,0.0415625,0.02734375,0.015625,0.0,0.0,0.0,80.75,24.421875,100.734375,26.4375,83.0625,26.109375,101.78125,27.28125,1.875,0.1875,0.203125,0.078125,62.109375,10.875,84.375,16.171875,11.390625,6.640625,11.0625,6.8125,7.25,6.90625,5.296875,3.453125,74.9375,21.171875,97.75,24.65625,0.703125,0.546875,0.796875,0.390625,5.109375,2.703125,2.1875,1.390625,20.3125,6.4375,672.375,18,0,2,0,2,5,2,0,0,1,2,2,0,0,167.64,177.8,145.0,28.0,34.0,0,0,1,0,0,0,0,0,0,0,0,0,0,0,0,1,0,0,0,0,1,0,0,0
Red,False,0.0,0.0,0.4,0.32,0.5,0.22,1.0,1.0,1.0,0.0,456.0,186.0,403.0,132.0,524.0,242.0,433.0,154.0,6.0,3.0,9.0,2.0,397.0,138.0,373.0,112.0,23.0,13.0,21.0,12.0,36.0,35.0,9.0,8.0,422.0,161.0,391.0,123.0,18.0,10.0,10.0,7.0,16.0,15.0,2.0,2.0,371.0,185.0,1500.0,5,1,1,0,1,1,0,0,0,0,1,0,0,0,165.1,165.1,135.0,0.0,0.0,0.6481250000000001,0.61625,0.4525,0.84375,0.625,0.625,0.25,0.5,40.5625,25.125,21.625,13.25,119.0,91.9375,49.8125,39.5,4.1875,1.5625,2.25,1.9375,21.9375,9.75,13.8125,6.25,16.25,13.1875,6.4375,5.75,2.375,2.1875,1.375,1.25,8.5,1.875,9.6875,3.5,17.875,14.375,6.4375,5.25,14.1875,8.875,5.5,4.5,335.375,263.5625,655.625,10,1,4,0,4,4,1,0,0,0,2,2,0,0,167.64,175.26,135.0,30.0,29.0,0,0,0,0,0,0,0,0,0,0,1,0,0,0,0,0,0,1,0,0,1,0,0,0
Red,False,1.0,0.25,0.395,0.3075,0.5575,0.3175,0.25,0.0,0.25,0.0,107.5,41.75,169.0,49.25,120.75,53.5,182.5,60.25,9.25,4.25,10.5,2.0,88.5,28.0,144.75,31.75,13.75,8.5,13.75,10.25,5.25,5.25,10.5,7.25,91.75,30.5,158.0,43.25,3.75,3.0,9.5,5.25,12.0,8.25,1.5,0.75,240.75,51.75,900.0,9,0,3,0,3,3,0,0,0,0,2,1,0,0,167.64,175.26,135.0,0.51763916015625,0.12890625,0.4137313842773438,0.3090081787109375,0.2847308349609375,0.5656930541992188,0.52716064453125,0.0009765625,0.00030517578125,0.687530517578125,123.92315673828124,51.593353271484375,123.30166625976562,40.626800537109375,139.27566528320312,63.90817260742188,127.49612426757812,44.22357177734375,7.81768798828125,2.797027587890625,1.973388671875,1.033111572265625,108.8145751953125,41.377227783203125,90.14764404296876,20.3489990234375,9.810760498046877,6.20477294921875,11.71685791015625,5.24163818359375,5.297821044921875,4.0113525390625,21.437164306640625,15.036163330078123,92.63186645507812,26.32110595703125,115.13687133789062,35.846099853515625,7.136016845703125,5.17169189453125,6.343170166015625,3.634185791015625,24.1552734375,20.100555419921875,1.821624755859375,1.146514892578125,203.55435180664065,56.3037109375,980.6163940429688,50,4,1,0,4,10,6,0,0,0,4,0,6,0,167.64,170.18,135.0,26.0,40.0,1,0,0,0,0,0,0,0,0,0,0,0,0,0,0,1,0,0,0,0,1,0,0,0
Red,False,0.0,0.0,0.5525,0.53,0.625,0.2,1.5,0.0,0.0,0.0,95.75,53.5,102.0,51.0,113.5,68.5,107.75,56.25,2.25,1.75,2.75,1.0,84.5,44.0,81.0,32.25,8.75,7.0,17.5,15.75,2.5,2.5,3.5,3.0,50.0,21.25,78.0,33.0,15.25,10.75,21.5,16.0,30.5,21.5,2.5,2.0,287.25,130.25,614.75,6,0,3,0,3,3,0,0,0,0,1,2,0,0,167.64,167.64,135.0,0.125,0.0,0.45,0.346875,0.0,0.0171875,0.0,0.0,0.0,0.0,102.625,46.65625,96.65625,33.8125,148.65625,88.90625,139.3125,64.3125,0.25,0.0,7.25,0.09375,66.96875,18.53125,58.96875,7.625,24.125,18.875,18.96875,11.40625,11.53125,9.25,18.71875,14.78125,79.03125,27.90625,82.25,23.125,23.34375,18.75,12.78125,10.25,0.25,0.0,1.625,0.4375,54.28125,336.34375,915.125,15,1,1,0,4,5,1,0,0,1,2,2,0,0,175.26,180.34,135.0,24.0,35.0,0,0,0,0,0,0,0,0,0,0,1,0,0,0,0,1,0,0,0,0,1,0,0,0
Red,False,0.015625,0.0,0.45,0.4275,0.25,0.2,0.148468017578125,0.098388671875,0.0,0.0,66.5,29.6875,64.31230545043945,27.34375,89.75,48.0,85.53125,44.41152191162109,2.0,0.75,2.0546875,0.75,51.1875,18.3359375,49.6123046875,16.280410766601562,7.5,5.07647705078125,7.5,5.0,4.5,3.625,4.984375,3.9375,48.6875,17.0,47.11572265625,16.5,5.75,3.75,5.3125,3.4375,5.0625,3.5,3.875,2.5,99.2119140625,94.125,638.5,0,0,0,0,0,0,0,0,0,0,0,0,0,0,182.88,182.88,185.0,0.5,0.0,0.69125,0.46375,0.29,0.2475,0.25,0.625,0.0,0.0,36.375,23.125,33.25,9.625,58.125,42.125,44.5,20.0,0.875,0.625,2.0,0.75,31.25,18.875,27.25,6.875,3.75,3.125,1.75,0.875,1.375,1.125,4.25,1.875,17.25,7.25,27.625,5.375,6.125,5.625,1.0,0.75,13.0,10.25,4.625,3.5,106.75,89.75,388.75,6,0,1,0,1,2,2,0,0,0,1,0,1,0,185.42,187.96,185.0,22.0,28.0,0,0,0,0,0,0,0,1,0,0,0,0,0,0,0,1,0,0,0,0,0,0,1,0
Blue,False,0.0,1.0,0.585,0.5549999999999999,0.5,0.75,0.0,1.0,0.5,1.0,99.0,59.0,84.5,48.0,119.0,75.5,98.5,61.0,2.0,1.0,4.5,3.0,61.0,31.5,52.0,18.5,21.0,16.0,26.5,23.5,17.0,11.5,6.0,6.0,52.5,21.0,48.5,21.0,12.0,11.0,30.0,22.5,34.5,27.0,6.0,4.5,372.0,252.5,900.0,6,0,0,1,1,1,1,0,0,0,1,0,0,0,172.72,177.8,135.0,0.5,0.5,0.41,0.51,0.5,0.685,2.0,1.0,0.5,0.0,105.0,43.5,116.5,62.0,130.5,66.0,136.5,78.5,2.5,0.5,4.5,2.0,87.5,31.0,74.5,32.5,13.5,8.5,33.5,22.5,4.0,4.0,8.5,7.0,88.0,32.5,100.5,48.0,7.5,4.5,4.0,4.0,9.5,6.5,12.0,10.0,202.5,255.0,900.0,6,0,2,0,2,2,0,0,0,1,1,0,0,0,167.64,182.88,135.0,25.0,26.0,1,0,0,0,0,0,0,0,0,0,0,0,0,0,0,0,0,1,0,0,1,0,0,0
Red,False,0.0,0.0,0.3299999999999999,0.395,0.0,0.6,0.0,0.0,0.0,0.0,197.5,66.5,127.0,53.5,202.5,71.0,132.0,57.5,0.0,0.0,3.5,1.5,159.0,41.5,100.0,34.5,27.0,17.0,16.0,11.0,11.5,8.0,11.0,8.0,191.0,62.5,123.0,50.5,5.0,3.5,1.5,1.5,1.5,0.5,2.5,1.5,2.5,100.0,900.0,6,0,0,1,1,1,1,0,0,0,1,0,0,0,170.18,177.8,145.0,0.5,0.0,0.495,0.5449999999999999,0.0,0.5,0.5,0.5,0.0,0.0,99.5,42.5,104.0,42.5,102.0,45.0,135.5,61.5,0.0,0.0,1.0,0.5,76.0,29.0,80.0,24.0,15.5,7.5,12.5,9.0,8.0,6.0,11.5,9.5,93.0,38.0,95.0,37.5,6.5,4.5,6.5,3.0,0.0,0.0,2.5,2.0,56.0,137.0,544.5,4,0,1,0,1,1,1,0,0,0,1,0,0,0,177.8,185.42,135.0,28.0,25.0,1,0,0,0,0,0,0,0,0,0,0,0,0,0,0,1,0,0,0,0,0,0,0,1
Blue,False,0.015625,0.0,0.45,0.4275,0.25,0.2,0.148468017578125,0.098388671875,0.0,0.0,66.5,29.6875,64.31230545043945,27.34375,89.75,48.0,85.53125,44.41152191162109,2.0,0.75,2.0546875,0.75,51.1875,18.3359375,49.6123046875,16.280410766601562,7.5,5.07647705078125,7.5,5.0,4.5,3.625,4.984375,3.9375,48.6875,17.0,47.11572265625,16.5,5.75,3.75,5.3125,3.4375,5.0625,3.5,3.875,2.5,99.2119140625,94.125,638.5,0,0,0,0,0,0,0,0,0,0,0,0,0,0,152.4,157.48,115.0,0.0,0.0,0.45,0.395,0.7,0.0,2.0,0.0,0.0,0.0,41.5,16.5,49.5,18.0,68.0,42.5,76.0,41.0,5.5,2.5,0.0,0.0,31.5,10.5,40.5,13.5,5.5,3.5,6.0,3.5,4.5,2.5,3.0,1.0,27.5,10.5,43.5,13.0,4.0,2.5,3.0,2.5,10.0,3.5,3.0,2.5,130.5,138.0,490.5,4,0,2,0,2,2,0,0,0,1,0,0,1,0,160.02,160.02,115.0,25.0,28.0,0,0,0,0,0,0,0,0,0,0,0,0,0,1,0,0,0,1,0,0,1,0,0,0
Blue,False,0.0,0.0,0.4375,0.3,0.0825,0.0,0.75,0.0,0.0,0.0,47.0,20.25,17.25,5.0,90.75,59.5,26.5,11.5,1.25,0.25,0.0,0.0,20.75,7.25,11.75,1.75,16.25,5.5,2.5,1.75,10.0,7.5,3.0,1.5,41.25,16.0,14.0,3.5,1.25,0.5,0.0,0.0,4.5,3.75,3.25,1.5,111.25,167.75,533.0,7,1,3,0,3,3,0,0,0,0,2,0,1,0,177.8,177.8,145.0,0.03131103515625,0.5001220703125,0.3868625259399414,0.5689011955261231,0.3608634948730468,0.3687616729736328,0.2931900024414062,0.7979087829589844,0.03125,0.515869140625,152.5168342590332,60.62800598144531,124.4766902923584,72.53934860229492,180.1946258544922,84.42688369750977,137.2604465484619,84.0409049987793,5.910406112670898,2.226287841796875,6.211677551269531,2.2019081115722656,130.83929824829102,47.48987579345703,94.97890853881836,46.89486885070801,19.988357543945312,11.456764221191406,13.964797973632812,12.210159301757812,1.689178466796875,1.681365966796875,15.532983779907228,13.434320449829102,129.2589111328125,45.535865783691406,98.61256790161131,51.211368560791016,20.231277465820312,12.937347412109377,14.896560668945312,11.208847045898438,3.02664566040039,2.1547927856445312,10.967561721801758,10.119132995605469,145.3645076751709,157.15458488464355,813.9453372955322,51,0,1,0,6,14,6,0,0,2,8,3,1,0,177.8,180.34,145.0,34.0,35.0,0,0,1,0,0,0,0,0,0,0,0,0,0,0,0,0,0,1,0,0,1,0,0,0
Red,False,0.0,0.0,0.0,0.89,0.5,1.0,1.0,0.0,0.0,0.0,1.0,0.0,29.0,26.0,5.0,3.0,33.0,30.0,2.0,1.0,1.0,1.0,1.0,0.0,24.0,21.0,0.0,0.0,5.0,5.0,0.0,0.0,0.0,0.0,1.0,0.0,2.0,1.0,0.0,0.0,9.0,9.0,0.0,0.0,18.0,16.0,119.0,33.0,200.0,1,0,1,0,1,1,0,0,0,0,0,0,1,0,180.34,185.42,170.0,0.64306640625,0.750335693359375,0.459119873046875,0.4769619750976562,0.2708541870117187,0.56260498046875,0.02008056640625,0.00030517578125,0.00048828125,0.125030517578125,93.60595703125,40.48004150390625,74.26055908203125,34.694183349609375,100.50686645507812,46.607025146484375,81.99081420898438,41.037200927734375,1.55419921875,0.5291748046875,2.20782470703125,1.05364990234375,61.80612182617188,19.503692626953125,59.343017578125,24.991851806640625,12.957672119140623,8.981903076171875,11.312103271484377,6.68682861328125,18.8421630859375,11.99444580078125,3.605438232421875,3.0155029296875,81.706298828125,32.62945556640625,68.254150390625,31.355865478515625,6.691680908203125,4.307373046875,2.62066650390625,1.454437255859375,5.207977294921875,3.543212890625,3.3857421875,1.883880615234375,35.45831298828125,98.5859375,639.3697204589844,43,0,2,0,3,10,6,0,0,0,5,4,1,0,180.34,187.96,170.0,34.0,34.0,0,0,0,0,0,0,0,0,0,1,0,0,0,0,0,1,0,0,0,0,1,0,0,0
Red,False,0.015625,0.0,0.45,0.4275,0.25,0.2,0.148468017578125,0.098388671875,0.0,0.0,66.5,29.6875,64.31230545043945,27.34375,89.75,48.0,85.53125,44.41152191162109,2.0,0.75,2.0546875,0.75,51.1875,18.3359375,49.6123046875,16.280410766601562,7.5,5.07647705078125,7.5,5.0,4.5,3.625,4.984375,3.9375,48.6875,17.0,47.11572265625,16.5,5.75,3.75,5.3125,3.4375,5.0625,3.5,3.875,2.5,99.2119140625,94.125,638.5,0,0,0,0,0,0,0,0,0,0,0,0,0,0,177.8,180.34,135.0,0.88671875,0.0,0.6582421875,0.45990234375,0.283828125,0.217958984375,0.54296875,0.0,0.0,0.0029296875,44.95703125,24.4921875,44.8212890625,21.2314453125,51.1123046875,30.0546875,51.8955078125,27.8056640625,1.0244140625,0.6318359375,1.7900390625,0.84765625,28.265625,12.6240234375,28.3193359375,10.2900390625,8.5400390625,5.357421875,10.30078125,6.2236328125,8.1513671875,6.5107421875,6.201171875,4.7177734375,33.0400390625,14.4375,36.6962890625,14.5087890625,6.4541015625,5.578125,4.5126953125,3.3173828125,5.462890625,4.4765625,3.6123046875,3.4052734375,30.859375,74.9853515625,313.9677734375,26,0,0,1,3,7,4,0,0,0,1,3,3,0,172.72,177.8,135.0,25.0,26.0,1,0,0,0,0,0,0,0,0,0,0,0,0,0,0,1,0,0,0,0,0,0,0,1
Red,True,0.1328125,0.0,0.484453125,0.436953125,0.26171875,0.0165625,0.5,0.03125,0.0,0.5,120.9921875,45.76953125,111.0,53.109375,178.984375,98.3515625,132.8515625,73.59765625,4.57421875,2.01171875,0.44921875,0.125,91.99609375,25.6953125,79.0625,29.29296875,15.90234375,11.125,21.6796875,15.93359375,13.09375,8.94921875,10.2578125,7.8828125,100.46484375,29.9921875,98.62109375,43.0078125,7.23828125,5.62890625,12.0,9.84765625,13.2890625,10.1484375,0.37890625,0.25390625,408.21484375,24.94921875,1081.1171875,34,4,3,0,3,5,4,0,0,1,2,2,0,0,172.72,175.26,135.0,1.01171875,0.0,0.5586328125,0.285869140625,0.225849609375,0.047578125,0.0703125,0.005859375,0.0,0.015625,102.6865234375,52.1328125,76.677734375,27.5703125,112.34375,60.1748046875,83.4296875,33.50390625,2.103515625,1.0361328125,2.826171875,0.271484375,66.5029296875,29.1376953125,62.5126953125,17.3544921875,14.81640625,9.8974609375,7.1220703125,4.78125,21.3671875,13.09765625,7.04296875,5.4345703125,91.30078125,43.7021484375,72.1494140625,24.4296875,6.240234375,4.478515625,3.4365234375,2.21875,5.1455078125,3.9521484375,1.091796875,0.921875,92.9140625,35.361328125,578.677734375,23,5,2,0,8,10,1,0,0,1,1,6,2,0,172.72,175.26,145.0,37.0,31.0,0,0,0,0,0,0,0,0,0,0,1,0,0,0,0,0,0,1,0,0,1,0,0,0
Blue,False,0.0009765625,0.0,0.4353515625,0.3522265624999999,0.5585791015625,0.1441015625,0.66162109375,1.1640625,0.001953125,0.5390625,25.65185546875,10.8681640625,27.46630859375,10.6806640625,36.23291015625,18.048828125,38.96826171875,21.9423828125,4.3681640625,2.7080078125,0.498046875,0.20703125,21.36572265625,7.1015625,19.85791015625,5.71435546875,3.47900390625,3.21142578125,4.96728515625,2.7216796875,0.80712890625,0.55517578125,2.64111328125,2.24462890625,15.84326171875,4.7763671875,19.7197265625,5.80419921875,2.3193359375,2.076171875,2.91162109375,1.68994140625,7.4892578125,4.015625,4.8349609375,3.1865234375,187.28955078125,64.27294921875,361.9189453125,24,1,2,0,3,8,4,0,0,0,2,0,6,0,185.42,190.5,170.0,0.0004941225051879,0.5177764892578125,0.5909309021383524,0.413301116079092,0.6913637300580739,0.005413452386856,0.0031893663108348,0.281374953687191,3.8743019104003917e-07,1.914799213409424e-06,70.6943131648004,43.40772661194205,53.39408058673144,21.16799659654498,86.15080280974507,55.987674206495285,75.29629588499665,39.95391994714737,3.4921143278479576,2.77065197378397,0.1002580896019935,0.0173742026090621,53.58456555008888,29.447083450853825,48.3947819583118,17.63188073039055,13.578272547572851,10.456177104264498,2.905848287045956,1.971373982727528,3.531475067138672,3.5044660568237305,2.093450341373682,1.564741883426905,22.53444341570139,6.984479110687971,34.72037069126964,9.560148619115353,6.202804982662201,5.59262016415596,8.688294868916273,6.033623933792114,41.957064766436815,30.83062733709812,9.985415026545525,5.574224043637514,424.160130303353,14.2814573161304,579.1593399681151,75,2,6,0,6,18,11,0,0,3,9,6,0,0,177.8,182.88,170.0,31.0,37.0,0,0,0,0,0,0,0,0,0,1,0,0,0,0,0,0,0,1,0,0,0,0,1,0
Red,True,1.0416030883789062,0.03369140625,0.5314983367919922,0.4607472229003906,0.73478759765625,0.0826019287109375,0.0625,0.1884994506835937,0.140625,0.0,102.49092864990234,55.17827606201172,50.088623046875,23.130332946777344,111.41400146484376,63.940948486328125,54.612548828125,27.324180603027344,1.832313537597656,1.0645751953125,2.4420318603515625,0.7794342041015625,67.7537612915039,29.534744262695312,34.093849182128906,12.169944763183594,14.237266540527344,10.204078674316406,10.518905639648438,7.01153564453125,20.499900817871094,15.439453125,5.475868225097656,3.9488525390625,67.27583312988281,31.26313018798828,39.996856689453125,14.92974090576172,13.952407836914062,11.970962524414062,6.990631103515625,5.5999908447265625,21.26268768310547,11.944183349609377,3.10113525390625,2.6006011962890625,77.98800659179688,88.84156036376953,589.2026672363281,32,0,0,1,4,13,5,0,0,0,2,11,0,0,187.96,193.04,205.0,0.1275653839111328,0.0,0.6597882270812988,0.4292620086669922,0.3047182846069336,0.0046875,0.0343666076660156,0.001953125,0.0,0.0,150.9849739074707,102.11145210266112,91.96923065185548,37.92308235168457,214.0039520263672,161.5233612060547,98.48934936523438,44.22247695922852,6.303823471069336,2.102136611938477,0.7704143524169922,0.0390625,73.78084182739258,38.67862510681152,63.19954490661621,18.24813842773437,34.78434371948242,28.474578857421875,14.959001541137695,8.692926406860352,42.4197883605957,34.958248138427734,13.810684204101562,10.982017517089844,105.15053749084473,60.53290939331055,82.1543197631836,31.351770401000977,23.40228271484375,20.36511611938477,9.745527267456056,6.538061141967773,22.432153701782227,21.21342658996582,0.0693836212158203,0.0332508087158203,449.49183082580566,3.1114273071289062,1208.95512008667,63,13,3,0,13,18,2,0,0,0,8,5,5,0,193.04,213.36,205.0,35.0,31.0,0,0,0,0,0,1,0,0,0,0,0,0,0,0,0,1,0,0,0,0,1,0,0,0
Blue,False,0.5625,0.0,0.33625,0.330625,0.140625,0.1975,0.4375,0.375,0.0,0.125,98.25,33.125,79.6875,25.875,110.9375,43.9375,104.25,45.0,1.25,0.6875,6.75,2.125,81.5,23.625,53.1875,9.9375,12.0,8.125,9.125,4.6875,4.75,1.375,17.375,11.25,88.125,28.875,74.9375,23.1875,2.8125,0.6875,2.125,1.0625,7.3125,3.5625,2.625,1.625,97.4375,178.8125,852.8125,15,0,5,0,5,5,0,0,0,1,2,0,2,0,172.72,177.8,145.0,0.0,2.53125,0.26,0.4040625,0.07,0.28875,0.0,0.125,0.0,0.0625,131.53125,34.90625,181.3125,71.1875,143.84375,45.625,189.28125,78.5,1.9375,0.125,1.9375,0.65625,121.84375,30.46875,136.65625,37.375,6.875,3.15625,17.53125,10.125,2.8125,1.28125,27.125,23.6875,125.1875,31.71875,167.28125,60.90625,4.0625,2.46875,6.15625,4.21875,2.28125,0.71875,7.875,6.0625,19.96875,82.3125,888.3125,19,2,0,1,1,1,5,0,0,0,1,0,0,0,175.26,185.42,145.0,25.0,37.0,0,0,1,0,0,0,0,0,0,0,0,0,0,0,0,0,0,1,0,0,1,0,0,0
Red,False,0.0,0.0,0.458583984375,0.34986328125,0.64962890625,0.04228515625,0.5048828125,0.0244140625,0.1171875,0.2900390625,61.740234375,26.9111328125,64.7197265625,26.416015625,78.8525390625,41.6240234375,72.267578125,33.1796875,3.9609375,1.3916015625,0.2978515625,0.134765625,54.6376953125,21.1025390625,46.515625,12.1318359375,4.2333984375,3.828125,7.435546875,5.1298828125,2.869140625,1.98046875,10.7685546875,9.154296875,41.9375,10.5927734375,55.3984375,20.451171875,9.4599609375,7.318359375,8.0361328125,5.12109375,10.3427734375,9.0,1.28515625,0.84375,253.5439453125,60.2109375,577.109375,29,0,0,1,1,5,6,0,0,1,3,0,1,0,162.56,160.02,115.0,0.015625,0.00390625,0.41625,0.438125,0.3799218749999999,0.2040624999999999,0.60546875,0.0,0.0,0.0,92.8203125,40.04296875,173.484375,81.18359375,128.4609375,72.98828125,249.15625,149.28125,7.7578125,2.390625,1.9609375,1.015625,87.12890625,36.58203125,140.28515625,52.49609375,4.48828125,2.8515625,13.6875,10.41015625,1.203125,0.609375,19.51171875,18.27734375,79.68359375,31.1171875,146.4140625,62.078125,7.2890625,3.97265625,10.38671875,7.3125,5.84765625,4.953125,16.68359375,11.79296875,205.30078125,120.76953125,864.5625,27,1,1,0,2,5,4,0,0,1,3,0,1,0,162.56,160.02,115.0,33.0,30.0,0,0,0,0,0,0,0,0,0,0,0,0,0,1,0,1,0,0,0,0,1,0,0,0
Red,False,0.01953125,0.75390625,0.4874609375,0.467734375,0.1625,0.15625,0.15625,0.0,0.0,0.0,99.4921875,48.1328125,72.96484375,35.08984375,105.5,53.359375,84.21875,46.15625,1.53515625,0.65625,0.9140625,0.4375,73.12109375,28.3671875,50.64453125,18.47265625,13.61328125,9.41796875,13.22265625,9.01953125,12.7578125,10.34765625,9.09765625,7.59765625,78.046875,32.640625,59.859375,25.01953125,3.26171875,1.99609375,12.08203125,9.08203125,18.18359375,13.49609375,1.0234375,0.98828125,83.2578125,58.47265625,607.35546875,17,3,0,1,5,6,3,0,0,0,0,3,3,0,190.5,195.58,205.0,0.203125,0.5,0.44794921875,0.382021484375,0.364921875,0.762890625,0.283203125,0.25,0.0,0.00390625,67.2421875,30.3056640625,81.37109375,35.5947265625,76.8837890625,39.330078125,89.150390625,42.8193359375,1.9033203125,0.689453125,1.271484375,0.8359375,51.158203125,19.89453125,50.50390625,16.0908203125,9.63671875,5.52734375,10.0361328125,4.935546875,6.447265625,4.8837890625,20.8310546875,14.568359375,59.69921875,25.2685546875,65.8447265625,25.857421875,3.240234375,2.0439453125,2.0087890625,1.6279296875,4.302734375,2.9931640625,13.517578125,8.109375,116.0791015625,45.9560546875,645.923828125,29,0,1,0,4,6,5,0,0,0,3,1,2,0,187.96,198.12,205.0,34.0,36.0,0,0,0,0,0,1,0,0,0,0,0,0,0,0,0,0,0,1,0,0,1,0,0,0
Red,False,0.09375,0.53125,0.1996875,0.3846874999999999,0.0,0.336875,0.0,0.125,0.0,0.0,118.71875,27.0625,85.25,33.03125,122.75,30.59375,110.4375,55.25,0.0,0.0,1.03125,0.75,103.96875,17.15625,65.5625,19.46875,9.0625,6.78125,12.40625,7.125,5.6875,3.125,7.28125,6.4375,117.125,26.09375,75.6875,26.71875,1.0625,0.65625,5.53125,3.71875,0.53125,0.3125,4.03125,2.59375,0.53125,136.1875,795.03125,14,0,1,0,1,3,3,0,0,1,1,1,0,0,182.88,185.42,185.0,0.5,0.0,0.6,0.315,0.19,0.165,0.0,0.0,0.0,0.0,29.0,17.5,38.5,17.5,32.0,20.0,45.0,23.5,10.5,4.0,2.0,0.5,22.5,12.5,34.0,14.5,4.0,3.0,3.0,2.0,2.5,2.0,1.5,1.0,15.5,7.0,23.0,6.0,11.0,9.0,8.0,6.0,2.5,1.5,7.5,5.5,299.5,22.0,469.0,4,0,2,0,2,2,0,0,0,1,0,1,0,0,187.96,187.96,185.0,29.0,21.0,0,0,0,0,0,0,0,1,0,0,0,0,0,0,0,1,0,0,0,0,1,0,0,0
Blue,False,0.5,0.0,0.39,0.2674999999999999,0.75,0.0,0.5,0.0,0.0,0.0,118.25,51.25,115.75,39.75,136.75,67.25,121.0,44.5,1.25,1.25,0.75,0.0,94.75,35.5,95.75,28.0,13.0,8.5,11.75,7.0,10.5,7.25,8.25,4.75,105.0,42.25,110.25,36.25,2.25,2.0,4.0,3.0,11.0,7.0,1.5,0.5,176.5,6.5,663.75,6,0,3,0,3,3,0,0,0,0,1,1,1,0,172.72,170.18,145.0,0.0,0.095703125,0.32556640625,0.3805859375,0.2611328125,0.05525390625,0.001953125,0.263671875,0.0,0.001953125,140.712890625,44.3671875,124.291015625,43.82421875,154.34375,56.271484375,126.318359375,45.71875,2.052734375,0.548828125,5.1171875,0.388671875,113.654296875,24.720703125,85.298828125,20.0078125,9.873046875,6.513671875,28.517578125,16.724609375,17.185546875,13.1328125,10.474609375,7.091796875,131.005859375,38.3984375,120.908203125,42.08203125,6.3359375,2.9140625,2.806640625,1.455078125,3.37109375,3.0546875,0.576171875,0.287109375,28.16015625,67.73046875,844.607421875,24,1,1,0,4,7,3,0,0,1,3,3,0,0,167.64,170.18,145.0,21.0,29.0,1,0,0,0,0,0,0,0,0,0,0,0,0,0,0,1,0,0,0,0,1,0,0,0
Blue,False,0.0,0.0,0.395,0.355,0.33,0.375,0.5,0.5,0.0,0.0,66.0,11.0,70.5,36.0,72.5,14.5,80.0,45.0,3.0,1.0,2.0,1.5,55.0,6.5,54.0,22.5,7.0,1.5,6.5,5.0,4.0,3.0,10.0,8.5,65.0,10.0,67.5,33.5,0.0,0.0,0.5,0.0,1.0,1.0,2.5,2.5,59.5,61.5,522.5,4,0,0,1,1,1,1,0,0,0,0,0,1,0,187.96,190.5,170.0,0.0,0.0,0.61,0.42,0.0,0.23,1.0,0.0,2.0,1.0,103.0,63.0,35.0,15.0,157.0,105.0,47.0,25.0,1.0,0.0,13.0,3.0,70.0,36.0,29.0,11.0,16.0,14.0,4.0,2.0,17.0,13.0,2.0,2.0,70.0,36.0,30.0,11.0,7.0,6.0,1.0,1.0,26.0,21.0,4.0,3.0,229.0,359.0,900.0,3,0,1,0,1,1,0,0,0,0,1,0,0,0,177.8,187.96,170.0,32.0,22.0,0,0,0,0,0,0,0,0,0,1,0,0,0,0,0,0,0,1,0,0,1,0,0,0
Red,False,0.0,1.0,0.48,0.48,0.0,0.0,1.0,2.0,0.0,0.0,39.0,19.0,50.0,24.0,50.0,30.0,64.0,37.0,2.0,0.0,6.0,0.0,27.0,10.0,31.0,11.0,12.0,9.0,18.0,12.0,0.0,0.0,1.0,1.0,23.0,8.0,28.0,12.0,16.0,11.0,18.0,10.0,0.0,0.0,4.0,2.0,13.0,331.0,431.0,2,1,0,1,0,0,1,0,0,0,0,0,0,0,170.18,167.64,135.0,0.0471682548522949,0.0,0.45,0.4217682266235352,0.25,0.19173828125,0.1875,0.125,0.0,0.0,69.5,30.5,66.984375,27.8466796875,94.0,48.544921875,88.50390625,44.75,2.0,0.8125,2.015625,0.6640625,54.0,19.01513671875,51.483436584472656,16.9437255859375,7.91796875,5.430633544921875,7.75,5.0625,4.780975341796875,3.9373779296875,4.8994140625,3.84375,51.025390625,18.400863647460938,50.515625,17.5,5.75,3.75,5.5,3.5,5.375,3.6875,4.0,2.65625,104.865234375,89.5,655.8441009521484,0,0,0,0,0,0,0,0,0,0,0,0,0,0,170.18,172.72,135.0,27.0,31.0,0,0,0,0,0,0,0,0,0,0,1,0,0,0,0,1,0,0,0,0,1,0,0,0
Red,False,0.0,1.0,0.52,0.55,0.0,0.0,0.0,0.0,0.0,0.0,21.0,11.0,60.0,33.0,22.0,12.0,62.0,35.0,4.0,0.0,0.0,0.0,6.0,0.0,59.0,32.0,9.0,6.0,0.0,0.0,6.0,5.0,1.0,1.0,16.0,8.0,46.0,24.0,5.0,3.0,0.0,0.0,0.0,0.0,14.0,9.0,80.0,29.0,236.0,1,0,0,1,0,0,1,0,0,0,0,0,0,0,193.04,193.04,205.0,0.390625,2.0,0.35578125,0.496875,0.0990625,0.15625,0.125,0.015625,0.0,0.125,87.0,33.46875,162.109375,80.3125,90.25,36.546875,170.125,87.5625,2.5,0.890625,1.28125,0.28125,76.609375,26.5,98.078125,31.5625,9.953125,6.546875,28.21875,19.65625,0.4375,0.421875,35.8125,29.09375,74.46875,25.65625,135.671875,62.96875,10.171875,6.03125,16.984375,13.3125,2.359375,1.78125,9.453125,4.03125,83.0,67.734375,906.28125,21,0,2,0,2,3,4,0,0,0,1,2,0,0,185.42,190.5,185.0,30.0,32.0,0,0,0,0,0,1,0,0,0,0,0,0,0,0,0,1,0,0,0,0,0,0,1,0
Blue,False,0.501007080078125,0.0634765625,0.4097218322753906,0.4880943298339844,0.4404890441894531,0.45318603515625,0.002105712890625,0.0,1.001953125,0.5,90.99368286132812,34.666473388671875,90.8439483642578,43.76161193847656,108.50775146484376,48.72657775878906,117.68899536132812,67.81938171386719,8.325759887695312,4.0396575927734375,5.426422119140625,1.95159912109375,61.941741943359375,16.881622314453125,65.55441284179688,23.540924072265625,16.179641723632812,9.612380981445312,22.936813354492188,18.59307861328125,12.872299194335938,8.172470092773438,2.35272216796875,1.6276092529296875,79.95571899414062,28.789794921875,70.49752807617188,25.762939453125,3.765182495117188,1.4120941162109375,15.67303466796875,14.337448120117188,7.272781372070312,4.4645843505859375,4.673385620117188,3.661224365234375,263.0129699707031,96.49699401855467,737.3174743652344,43,2,3,0,6,14,3,0,0,1,8,4,1,0,162.56,165.1,125.0,0.12890625,0.0009765625,0.487470703125,0.30783447265625,0.5346240234375,0.005888671875,0.2822265625,0.000244140625,0.0,0.068359375,45.710693359375,22.815185546875,64.49072265625,19.977294921875,85.532958984375,57.80517578125,101.84765625,54.529296875,4.510986328125,2.349609375,1.285888671875,0.017822265625,39.73193359375,17.793701171875,50.08544921875,11.119384765625,4.036376953125,3.1884765625,10.455078125,6.768310546875,1.9423828125,1.8330078125,3.9501953125,2.089599609375,33.966552734375,14.560546875,56.9921875,14.300048828125,2.28369140625,1.46337890625,4.653564453125,4.010498046875,9.46044921875,6.791259765625,2.844970703125,1.666748046875,364.25146484375,25.575439453125,834.876220703125,32,0,0,1,4,9,4,0,0,0,6,0,3,0,165.1,170.18,125.0,34.0,34.0,0,0,0,1,0,0,0,0,0,0,0,0,0,0,0,0,0,1,0,0,1,0,0,0
Blue,False,0.125,0.0,0.3456249999999999,0.4684375,0.128125,0.4109375,0.03125,1.0625,0.0,0.0,71.96875,25.8125,52.65625,23.65625,91.1875,44.125,66.96875,35.34375,2.0625,1.0,4.6875,3.65625,53.96875,12.625,43.8125,16.875,7.09375,5.28125,5.96875,4.25,10.90625,7.90625,2.875,2.53125,60.78125,16.9375,42.96875,17.40625,8.15625,6.78125,4.625,2.4375,3.03125,2.09375,5.0625,3.8125,64.96875,240.125,613.71875,13,0,0,1,4,4,2,0,0,0,3,1,0,0,177.8,182.88,155.0,0.0,0.0,0.535,0.36,0.25,0.5,0.5,0.0,0.0,0.0,60.0,34.5,51.5,20.0,87.0,59.0,86.5,52.5,2.0,1.0,1.0,0.5,50.5,25.5,39.0,10.5,6.0,5.5,7.0,5.0,3.5,3.5,5.5,4.5,46.0,23.0,47.0,16.0,2.5,2.0,3.5,3.0,11.5,9.5,1.0,1.0,278.0,78.5,595.0,4,0,2,0,2,2,0,0,0,0,1,0,1,0,187.96,185.42,155.0,36.0,25.0,0,0,0,0,0,0,1,0,0,0,0,0,0,0,0,1,0,0,0,0,1,0,0,0
Red,False,0.7626914978027344,0.0830078125,0.4899332046508789,0.3215016174316406,0.009918212890625,0.0013696289062499,0.00390625,0.00390625,0.0,0.0,87.63557052612305,42.14168930053711,65.16635513305664,19.762474060058597,90.88383865356444,45.1130256652832,67.1148567199707,20.591835021972656,0.1400146484375,0.01007080078125,0.2422866821289062,0.026519775390625,61.48142623901367,24.144020080566406,54.802879333496094,12.55660629272461,20.6240234375,13.25082778930664,6.669166564941406,4.199348449707031,5.530120849609375,4.746841430664063,3.6943092346191406,3.006519317626953,70.28095626831055,34.6426887512207,59.90583038330078,16.668384552001953,6.032276153564453,3.1891021728515625,3.7439231872558594,2.4368629455566406,11.322338104248049,4.309898376464844,1.5166015625,0.6572265625,18.437061309814453,26.847984313964844,594.5763359069824,51,5,9,0,9,15,4,0,0,0,5,10,0,0,193.04,195.58,238.0,0.298828125,0.0,0.56392578125,0.30357421875,0.0,0.03111328125,0.0703125,0.0,0.0,0.0,23.041015625,9.408203125,16.6328125,7.771484375,24.115234375,10.3671875,26.017578125,15.96484375,0.0625,0.0,2.19921875,0.388671875,21.12109375,8.056640625,10.01171875,3.275390625,1.462890625,0.896484375,3.46875,2.443359375,0.45703125,0.455078125,3.15234375,2.052734375,17.138671875,4.798828125,13.669921875,5.453125,2.740234375,2.236328125,0.6484375,0.568359375,3.162109375,2.373046875,2.314453125,1.75,4.36328125,58.72265625,238.501953125,18,1,6,0,6,8,2,0,0,0,0,6,1,1,193.04,210.82,250.0,35.0,32.0,0,0,0,0,1,0,0,0,0,0,0,0,0,0,0,1,0,0,0,0,1,0,0,0
Red,False,0.0,0.09375,0.4115625,0.5215625,0.185625,0.2603125,1.21875,1.0,0.75,0.75,54.34375,20.15625,62.28125,33.78125,70.125,34.75,80.28125,49.59375,10.84375,1.53125,0.34375,0.28125,35.1875,5.78125,53.71875,26.65625,14.09375,9.6875,7.21875,6.25,5.0625,4.6875,1.34375,0.875,48.28125,15.625,30.34375,9.625,4.875,3.625,5.65625,5.0625,1.1875,0.90625,26.28125,19.09375,131.0625,319.9375,804.53125,13,0,1,0,1,3,3,0,0,0,0,0,3,0,190.5,193.04,205.0,1.0,0.0,0.55,0.52,0.0,0.0,0.0,0.0,0.0,0.0,60.0,33.0,21.0,11.0,62.0,35.0,22.0,12.0,0.0,0.0,4.0,0.0,59.0,32.0,6.0,0.0,0.0,0.0,9.0,6.0,1.0,1.0,6.0,5.0,46.0,24.0,16.0,8.0,0.0,0.0,5.0,3.0,14.0,9.0,0.0,0.0,29.0,80.0,236.0,1,0,1,0,1,1,0,0,0,0,0,1,0,0,182.88,193.04,205.0,31.0,31.0,0,0,0,0,0,1,0,0,0,0,0,0,0,0,0,1,0,0,0,0,1,0,0,0
Red,False,0.59375,0.125,0.3153125,0.425625,0.0,0.3946875,0.0,0.0,0.0,0.0,89.1875,26.15625,83.96875,38.65625,92.0625,29.0,92.3125,46.75,0.0,0.0,1.90625,1.21875,72.6875,15.78125,74.5625,30.59375,10.5,5.125,6.4375,5.15625,6.0,5.25,2.96875,2.90625,84.625,23.78125,61.25,22.71875,2.875,1.0,2.46875,2.0625,1.6875,1.375,20.25,13.875,12.25,79.0,331.8125,11,0,3,0,3,4,2,0,0,1,0,3,0,0,180.34,180.34,155.0,0.109375,0.0,0.485361328125,0.5176806640625,0.252734375,0.3292626953125,0.0009765625,0.787109375,0.0,0.15625,108.94580078125,51.0078125,83.20458984375,42.11669921875,133.8857421875,72.8955078125,92.9384765625,51.306640625,1.44482421875,0.5390625,3.23974609375,1.3955078125,86.40869140625,32.10107421875,63.912109375,26.3359375,14.52978515625,11.7353515625,14.98583984375,12.15234375,8.00732421875,7.17138671875,4.306640625,3.62841796875,89.49267578125,34.6337890625,66.18115234375,29.7919921875,11.43408203125,10.10498046875,8.90625,6.36376953125,8.01904296875,6.26904296875,8.1171875,5.9609375,159.79638671875,186.69677734375,665.185546875,25,0,0,2,3,6,6,0,0,0,3,2,1,0,172.72,177.8,155.0,34.0,30.0,0,0,0,0,0,0,1,0,0,0,0,0,0,0,0,1,0,0,0,0,0,0,1,0
Red,False,0.25,0.0,0.3399365234375,0.2966064453125,0.0126416015625,0.544111328125,0.55419921875,0.2529296875,0.84375,0.2578125,121.25,41.4443359375,80.3134765625,23.9228515625,136.4638671875,56.0869140625,85.41064453125,28.69921875,0.1181640625,0.041015625,2.43115234375,1.7529296875,102.56396484375,27.212890625,65.6328125,13.5380859375,3.4873046875,2.857421875,10.5283203125,7.42626953125,15.19873046875,11.3740234375,4.15234375,2.95849609375,115.388671875,36.86376953125,78.4169921875,22.6923828125,2.275390625,1.90869140625,0.95849609375,0.88623046875,3.5859375,2.671875,0.93798828125,0.34423828125,129.4765625,72.71923828125,812.5927734375,32,0,0,2,4,8,4,0,0,0,4,1,3,0,182.88,185.42,170.0,0.00048828125,0.3125002980232239,0.1872111314162612,0.1619476242363453,0.2819987775385379,0.0041659964621067,1.0392814502120018,6.29723072052002e-05,0.0351562649011611,0.0162363164126873,48.45123233646154,16.26737191528082,104.88167113438249,32.44176786765456,58.36566258594394,25.335269577801228,118.68237340077758,45.04583583027125,9.214133121073246,1.183052133768797,0.0064106173813343,0.0045528449118137,47.27526931464672,15.655878964811563,92.074798963964,23.842420388013124,0.8283696323633194,0.389650646597147,4.950783293694258,2.165149848908186,0.3475933894515037,0.2218423038721084,7.856088876724243,6.434197630733252,46.15693696588278,14.36291092634201,96.51339308544992,27.93362228572369,1.0175939314067364,0.8292999491095543,2.5099407732486725,1.0007732212543488,1.2767014391720295,1.0751610398292542,5.85833727568388,3.507372360676527,127.44665209949017,80.99732647836208,703.7483273856342,79,2,5,0,7,20,9,0,0,1,8,1,10,0,185.42,182.88,170.0,29.0,41.0,0,0,0,0,0,0,0,0,0,1,0,0,0,0,0,1,0,0,0,0,0,0,1,0
Red,False,0.015625,0.0,0.45,0.4275,0.25,0.2,0.148468017578125,0.098388671875,0.0,0.0,66.5,29.6875,64.31230545043945,27.34375,89.75,48.0,85.53125,44.41152191162109,2.0,0.75,2.0546875,0.75,51.1875,18.3359375,49.6123046875,16.280410766601562,7.5,5.07647705078125,7.5,5.0,4.5,3.625,4.984375,3.9375,48.6875,17.0,47.11572265625,16.5,5.75,3.75,5.3125,3.4375,5.0625,3.5,3.875,2.5,99.2119140625,94.125,638.5,0,0,0,0,0,0,0,0,0,0,0,0,0,0,165.1,170.18,135.0,0.25,0.5,0.33375,0.55375,0.2,0.15625,0.375,0.0,0.0,0.125,63.25,25.375,73.5,34.0,67.75,29.25,87.625,46.0,1.25,0.625,1.625,0.5,49.0,17.625,54.875,18.5,7.75,4.125,7.75,6.0,6.5,3.625,10.875,9.5,56.25,20.625,67.5,29.125,2.75,2.0,3.875,3.5,4.25,2.75,2.125,1.375,31.875,73.125,501.25,10,0,3,0,3,3,1,0,0,1,1,1,0,0,175.26,182.88,145.0,30.0,23.0,1,0,0,0,0,0,0,0,0,0,0,0,0,0,0,1,0,0,0,0,1,0,0,0
Blue,False,0.015625,0.0,0.45,0.4275,0.25,0.2,0.148468017578125,0.098388671875,0.0,0.0,66.5,29.6875,64.31230545043945,27.34375,89.75,48.0,85.53125,44.41152191162109,2.0,0.75,2.0546875,0.75,51.1875,18.3359375,49.6123046875,16.280410766601562,7.5,5.07647705078125,7.5,5.0,4.5,3.625,4.984375,3.9375,48.6875,17.0,47.11572265625,16.5,5.75,3.75,5.3125,3.4375,5.0625,3.5,3.875,2.5,99.2119140625,94.125,638.5,0,0,0,0,0,0,0,0,0,0,0,0,0,0,160.02,167.64,125.0,0.0,0.0,0.52,0.3875,0.625,0.25,0.5,0.25,0.25,0.0,52.0,17.0,33.25,14.0,76.5,35.0,42.25,20.75,1.0,0.75,1.0,0.25,45.0,11.0,24.25,7.5,3.25,2.25,5.5,3.25,3.75,3.75,3.5,3.25,46.5,13.0,31.5,13.25,1.5,1.0,1.0,0.25,4.0,3.0,0.75,0.5,107.5,21.75,288.5,5,0,0,1,2,2,1,0,0,0,1,0,1,0,165.1,160.02,115.0,25.0,28.0,0,0,0,0,0,0,0,0,0,0,0,0,0,1,0,1,0,0,0,0,1,0,0,0
Red,False,0.015625,0.0,0.45,0.4275,0.25,0.2,0.148468017578125,0.098388671875,0.0,0.0,66.5,29.6875,64.31230545043945,27.34375,89.75,48.0,85.53125,44.41152191162109,2.0,0.75,2.0546875,0.75,51.1875,18.3359375,49.6123046875,16.280410766601562,7.5,5.07647705078125,7.5,5.0,4.5,3.625,4.984375,3.9375,48.6875,17.0,47.11572265625,16.5,5.75,3.75,5.3125,3.4375,5.0625,3.5,3.875,2.5,99.2119140625,94.125,638.5,0,0,0,0,0,0,0,0,0,0,0,0,0,0,190.5,200.66,205.0,0.0471682548522949,0.0,0.45,0.4217682266235352,0.25,0.19173828125,0.1875,0.125,0.0,0.0,69.5,30.5,66.984375,27.8466796875,94.0,48.544921875,88.50390625,44.75,2.0,0.8125,2.015625,0.6640625,54.0,19.01513671875,51.483436584472656,16.9437255859375,7.91796875,5.430633544921875,7.75,5.0625,4.780975341796875,3.9373779296875,4.8994140625,3.84375,51.025390625,18.400863647460938,50.515625,17.5,5.75,3.75,5.5,3.5,5.375,3.6875,4.0,2.65625,104.865234375,89.5,655.8441009521484,0,0,0,0,0,0,0,0,0,0,0,0,0,0,172.72,193.04,185.0,33.0,31.0,0,0,0,0,0,1,0,0,0,0,0,0,0,0,0,1,0,0,0,0,1,0,0,0
Red,False,0.125,0.5,0.62625,0.6087499999999999,0.415,0.0,0.0,0.25,0.0,0.5,34.875,20.125,48.25,25.875,43.125,28.25,54.625,31.875,3.375,1.25,0.875,0.0,24.625,11.0,37.125,16.375,4.875,3.875,5.5,4.125,5.375,5.25,5.625,5.375,28.75,15.875,39.75,18.125,4.25,3.0,6.0,5.25,1.875,1.25,2.5,2.5,123.75,21.125,337.125,7,0,1,0,1,1,3,0,0,0,0,1,0,0,190.5,187.96,264.0,0.0,0.0,0.515,0.23,0.0,0.25,0.5,0.0,0.0,0.0,88.0,39.5,71.5,33.0,90.5,41.5,77.0,35.5,0.0,0.0,1.5,0.5,62.5,24.0,53.5,21.0,11.0,5.5,7.5,5.5,14.5,10.0,10.5,6.5,77.5,31.0,69.5,31.0,10.5,8.5,2.0,2.0,0.0,0.0,0.0,0.0,9.5,58.5,517.0,4,0,2,0,2,2,0,0,0,1,0,0,1,0,200.66,203.2,258.0,28.0,32.0,0,0,0,0,1,0,0,0,0,0,0,0,0,0,0,1,0,0,0,0,1,0,0,0
Red,False,0.0,0.5,0.405,0.53,0.055,0.8300000000000001,0.0,1.5,0.0,0.0,73.0,31.0,73.5,40.0,77.0,35.0,89.0,54.5,4.5,0.5,2.5,2.0,57.0,19.5,59.0,26.5,9.0,5.0,13.5,12.5,7.0,6.5,1.0,1.0,54.0,17.5,54.0,27.5,15.5,10.5,16.5,11.5,3.5,3.0,3.0,1.0,227.5,145.5,629.5,5,0,0,2,0,0,2,0,0,0,0,0,0,0,182.88,185.42,155.0,0.0,0.25,0.54125,0.4275,0.3025,0.5,0.0,1.125,0.0,0.0,142.625,81.0,133.5,60.75,176.625,111.25,148.25,74.875,5.875,2.25,0.875,0.5,123.875,67.25,101.625,37.25,10.75,6.75,24.75,16.5,8.0,7.0,7.125,7.0,107.875,53.0,119.375,48.0,10.0,8.375,9.125,7.75,24.75,19.625,5.0,5.0,213.0,28.625,592.0,9,0,2,0,2,2,2,0,0,0,1,1,0,0,175.26,172.72,145.0,32.0,30.0,0,0,0,0,0,0,1,0,0,0,0,0,0,0,0,0,0,1,0,0,1,0,0,0
Red,False,0.3125,0.0,0.371875,0.3874999999999999,0.641875,0.069375,0.0,1.1875,0.0,0.0625,85.25,34.5,95.25,32.5,92.9375,41.125,100.5625,36.625,3.8125,2.5,1.9375,0.3125,67.3125,21.8125,74.25,18.0625,12.75,8.6875,14.5625,10.25,5.1875,4.0,6.4375,4.1875,76.25,30.9375,89.8125,28.1875,4.25,2.375,5.3125,4.1875,4.75,1.1875,0.125,0.125,138.5625,24.6875,687.75,12,0,0,1,2,3,2,0,0,2,0,1,0,0,182.88,187.96,185.0,0.0,0.0,0.6125,0.575,0.4575,0.375,1.75,2.25,1.0,1.25,82.0,52.0,83.25,35.0,135.5,99.25,108.75,55.5,2.75,1.75,7.25,3.75,59.5,33.0,62.75,19.75,14.75,11.75,13.5,9.0,7.75,7.25,7.0,6.25,57.5,33.0,46.0,17.75,3.75,3.0,8.75,4.25,20.75,16.0,28.5,13.0,194.0,432.5,886.25,9,0,0,1,2,2,1,0,0,1,0,0,1,0,190.5,205.74,185.0,29.0,26.0,0,0,0,0,0,0,0,1,0,0,0,0,0,0,0,1,0,0,0,0,1,0,0,0
Red,False,0.0,0.25,0.4725,0.4649999999999999,0.0,0.0,0.0,0.0,0.0,0.0,182.25,77.25,253.75,101.0,182.75,77.75,255.75,102.0,0.0,0.0,0.5,0.0,151.75,55.0,215.25,77.5,19.75,12.5,13.75,7.75,10.75,9.75,24.75,15.75,172.75,72.25,245.75,96.75,9.5,5.0,6.25,2.75,0.0,0.0,1.75,1.5,0.0,1.25,683.25,7,0,1,0,1,1,2,0,0,1,0,0,0,0,162.56,167.64,115.0,0.25,0.0,0.37625,0.4775,0.375,0.4549999999999999,1.5,1.375,0.875,0.25,108.5,40.75,114.125,55.25,134.375,64.125,127.125,68.0,2.0,1.0,4.75,1.5,89.875,28.0,80.375,28.375,15.125,9.875,16.0,11.0,3.5,2.875,17.75,15.875,95.125,30.75,95.375,39.875,8.375,6.875,9.25,7.375,5.0,3.125,9.5,8.0,151.0,314.375,900.0,12,0,0,3,1,1,3,0,0,1,0,0,0,0,170.18,175.26,115.0,30.0,31.0,0,0,0,0,0,0,0,0,0,0,0,0,0,1,0,1,0,0,0,0,0,0,1,0
Blue,False,0.25,0.0,0.3825,0.52,0.4425,0.54,0.25,0.75,1.5,0.25,83.0,33.75,69.75,31.5,93.5,43.5,84.75,46.0,4.0,1.0,5.25,2.75,73.5,26.5,49.75,14.5,9.0,6.75,10.25,7.25,0.5,0.5,9.75,9.75,66.5,25.0,60.0,23.5,13.25,6.5,7.25,5.75,3.25,2.25,2.5,2.25,240.75,213.0,728.0,7,0,1,0,1,2,1,0,0,0,1,0,1,0,190.5,190.5,155.0,0.00048828125,0.25201416015625,0.5709710693359376,0.60922119140625,0.0460321044921875,0.18610107421875,0.41162109375,0.0777587890625,0.071533203125,0.0035400390625,79.81640625,47.06231689453125,96.90594482421876,59.9903564453125,103.12188720703124,68.099609375,134.30322265625,93.30584716796876,2.750244140625,0.3153076171875,3.089599609375,0.2974853515625,61.25982666015625,32.40283203125,72.72052001953125,39.40911865234375,10.67340087890625,8.78460693359375,16.6214599609375,14.666748046875,7.8831787109375,5.8748779296875,7.56396484375,5.91448974609375,42.92852783203125,18.3385009765625,44.91680908203125,21.201171875,32.80194091796875,25.96240234375,46.27996826171875,35.16558837890625,4.0859375,2.76141357421875,5.70916748046875,3.62359619140625,199.56787109375,230.570068359375,657.049072265625,33,0,0,1,4,10,5,0,0,0,5,2,3,0,177.8,172.72,155.0,25.0,35.0,0,0,0,0,0,0,1,0,0,0,0,0,0,0,0,0,0,1,0,0,1,0,0,0
Red,False,0.0,0.0,0.48,0.6025,0.33,0.25,2.0,0.25,0.0,0.0,59.0,26.0,31.75,15.0,100.0,63.0,42.5,23.75,3.0,1.0,0.25,0.25,53.75,22.25,22.0,7.75,4.25,2.75,6.75,4.75,1.0,1.0,3.0,2.5,42.0,14.0,28.0,12.25,4.0,1.25,2.5,2.25,13.0,10.75,1.25,0.5,260.75,35.75,473.75,6,0,3,0,3,3,0,0,0,0,0,0,3,0,170.18,172.72,125.0,0.0,0.0,0.565,0.305,0.3,0.6,1.0,0.5,0.0,0.0,151.0,83.5,149.0,45.0,173.5,102.5,165.0,56.5,3.5,1.5,5.5,1.5,84.5,32.0,119.0,27.5,37.5,29.0,21.5,11.5,29.0,22.5,8.5,6.0,115.0,56.5,135.5,37.5,22.5,18.5,7.5,6.0,13.5,8.5,6.0,1.5,284.5,69.5,900.0,6,0,2,0,2,2,0,0,0,0,2,0,0,0,167.64,175.26,125.0,24.0,30.0,0,0,0,0,0,0,0,0,0,0,0,0,1,0,0,1,0,0,0,0,1,0,0,0
Blue,False,0.28125,0.5,0.395625,0.4378125,0.078125,0.10375,0.21875,0.0,0.0,0.125,190.4375,75.125,165.5625,72.46875,202.40625,85.96875,174.28125,80.75,3.0625,0.28125,3.78125,0.625,175.375,65.6875,119.9375,38.3125,9.125,5.8125,21.96875,14.5,5.9375,3.625,23.65625,19.65625,179.125,66.15625,157.625,67.34375,8.9375,7.25,6.8125,4.625,2.375,1.71875,1.125,0.5,55.65625,66.4375,993.625,17,1,3,0,3,4,2,0,0,0,0,2,2,0,170.18,182.88,145.0,0.25,0.0,0.44265625,0.4646875,0.2078125,0.00578125,0.265625,0.0625,0.0,0.0,87.125,41.1875,74.96875,29.90625,89.25,43.28125,75.546875,30.484375,0.8125,0.453125,0.53125,0.046875,66.859375,27.25,58.8125,19.046875,7.375,3.984375,8.5625,5.640625,12.890625,9.953125,7.59375,5.21875,83.1875,38.609375,71.0,26.203125,0.78125,0.6875,3.890625,3.65625,3.15625,1.890625,0.078125,0.046875,26.3125,1.90625,447.09375,17,0,3,0,3,5,2,0,0,2,1,0,2,0,180.34,182.88,155.0,32.0,30.0,0,0,1,0,0,0,0,0,0,0,0,0,0,0,0,1,0,0,0,0,1,0,0,0
Blue,False,0.0625,0.0,0.423125,0.36546875,0.57671875,0.3140625,0.0625,0.578125,0.125,0.75,62.171875,27.15625,47.828125,18.859375,75.203125,37.140625,95.734375,55.0,1.484375,0.859375,2.796875,0.859375,51.1875,20.46875,36.3125,10.0625,5.140625,3.796875,2.71875,1.28125,5.84375,2.890625,8.796875,7.515625,39.03125,12.9375,34.53125,10.6875,6.3125,4.390625,2.78125,0.96875,16.828125,9.828125,10.515625,7.203125,208.171875,181.890625,586.484375,18,0,1,0,2,4,3,0,0,0,2,1,1,0,190.5,198.12,170.0,1.19140625,0.5,0.4984765625,0.6571875,0.0091015625,0.08828125,0.1328125,1.390625,0.0,0.5,208.65625,100.47265625,139.6015625,92.046875,237.91796875,128.38671875,145.58984375,97.70703125,0.53515625,0.01171875,1.375,0.76953125,187.796875,84.859375,118.78125,72.27734375,13.65234375,9.8203125,10.9296875,10.40234375,7.20703125,5.79296875,9.890625,9.3671875,180.70703125,81.3046875,125.16015625,79.0078125,15.81640625,11.515625,10.203125,9.3046875,12.1328125,7.65234375,4.23828125,3.734375,31.9375,106.875,661.765625,22,0,1,0,2,5,4,0,0,0,1,3,1,0,182.88,182.88,170.0,28.0,30.0,0,0,0,0,0,0,0,0,0,1,0,0,0,0,0,1,0,0,0,0,0,0,1,0
Red,False,0.5,0.0,0.37,0.4,0.0,0.0,0.0,0.0,0.0,0.0,205.5,72.0,156.5,63.0,214.5,80.5,158.5,65.0,0.5,0.0,6.0,0.0,166.0,41.5,122.5,39.0,34.5,26.5,17.5,10.0,5.0,4.0,16.5,14.0,187.0,60.0,146.0,56.5,10.5,5.5,10.0,6.5,8.0,6.5,0.5,0.0,63.5,28.5,900.0,6,0,2,0,2,2,0,0,0,0,2,0,0,0,170.18,185.42,155.0,0.5,0.0,0.5725,0.45875,0.73875,0.0,0.5,0.25,0.25,0.25,52.75,26.5,55.5,25.0,63.0,34.625,61.375,30.625,4.0,1.5,0.5,0.0,43.875,20.0,50.625,20.75,5.625,4.0,4.25,3.625,3.25,2.5,0.625,0.625,30.25,11.375,42.875,17.375,2.75,1.5,2.75,2.0,19.75,13.625,9.875,5.625,132.25,65.5,382.25,8,0,0,1,3,3,1,0,0,0,1,1,1,0,170.18,180.34,145.0,30.0,27.0,0,0,1,0,0,0,0,0,0,0,0,0,0,0,0,1,0,0,0,0,1,0,0,0
Red,False,0.0,0.0,0.27,0.45,0.0,0.2,1.0,0.0,0.0,0.0,170.0,46.0,186.0,84.0,174.0,50.0,220.0,111.0,1.0,0.0,5.0,1.0,154.0,32.0,160.0,63.0,8.0,7.0,12.0,9.0,8.0,7.0,14.0,12.0,160.0,39.0,149.0,57.0,6.0,5.0,11.0,10.0,4.0,2.0,26.0,17.0,18.0,280.0,900.0,3,0,0,1,0,0,1,0,0,0,0,0,0,0,165.1,177.8,135.0,0.5,0.5,0.3399999999999999,0.48,0.5,0.63,0.0,1.5,0.0,0.0,90.5,34.0,107.5,52.5,95.0,37.5,179.0,119.0,0.5,0.5,4.0,2.5,73.5,25.5,66.0,27.5,15.5,8.0,21.0,14.0,1.5,0.5,20.5,11.0,87.0,32.5,77.0,27.0,2.5,1.0,3.5,3.0,1.0,0.5,27.0,22.5,14.0,404.5,876.0,6,0,1,0,1,1,1,0,0,1,0,0,0,0,172.72,190.5,135.0,33.0,31.0,1,0,0,0,0,0,0,0,0,0,0,0,0,0,0,1,0,0,0,0,0,0,1,0
Blue,False,1.0,0.0,0.7,0.66,0.0,0.33,0.0,0.0,1.0,0.0,27.0,19.0,27.0,18.0,34.0,26.0,35.0,26.0,0.0,0.0,6.0,2.0,23.0,15.0,16.0,7.0,0.0,0.0,3.0,3.0,4.0,4.0,8.0,8.0,17.0,9.0,22.0,15.0,5.0,5.0,2.0,1.0,5.0,5.0,3.0,2.0,14.0,187.0,354.0,2,0,1,0,1,1,0,0,0,0,0,1,0,0,193.04,198.12,242.0,0.0,0.5,0.395,0.475,0.165,0.0,0.5,0.0,0.0,0.0,34.0,13.5,54.0,25.5,37.5,16.5,58.5,30.0,1.5,0.5,0.0,0.0,29.5,9.0,49.5,21.0,0.5,0.5,3.0,3.0,4.0,4.0,1.5,1.5,28.0,10.5,38.0,15.5,4.5,1.5,12.0,6.0,1.5,1.5,4.0,4.0,71.0,39.0,300.5,3,0,0,1,1,1,1,0,0,0,0,0,0,0,190.5,193.04,245.0,31.0,29.0,0,0,0,0,1,0,0,0,0,0,0,0,0,0,0,1,0,0,0,0,1,0,0,0
Blue,False,0.0,0.0,0.42,0.33,0.09,0.25,1.0,0.5,0.5,0.0,115.0,58.5,142.0,46.0,116.5,60.0,149.0,51.5,5.5,1.0,2.0,1.0,99.5,45.5,127.5,35.0,8.5,6.5,10.5,7.5,7.0,6.5,4.0,3.5,101.0,50.0,128.0,36.5,10.5,6.0,6.0,3.5,3.5,2.5,8.0,6.0,38.0,169.0,662.5,5,0,0,1,1,1,1,0,0,0,1,0,0,0,162.56,157.48,125.0,0.0,0.0,0.34,0.49,1.0,0.33,0.0,2.0,0.0,1.0,154.0,53.0,172.0,85.0,171.0,69.0,213.0,121.0,1.0,1.0,3.0,1.0,115.0,29.0,117.0,47.0,26.0,19.0,32.0,18.0,13.0,5.0,23.0,20.0,140.0,42.0,136.0,57.0,13.0,10.0,19.0,14.0,1.0,1.0,17.0,14.0,198.0,276.0,900.0,3,0,0,1,0,0,1,0,0,0,0,0,0,0,167.64,170.18,125.0,29.0,25.0,0,0,0,0,0,0,0,0,0,0,0,0,1,0,0,1,0,0,0,0,1,0,0,0
Red,False,0.0,0.75,0.3803125,0.4096875,0.14875,0.125,0.34375,0.28125,0.0,0.25,49.21875,14.3125,70.0,27.875,66.9375,29.90625,76.84375,33.46875,3.875,0.46875,0.125,0.125,43.84375,11.71875,62.40625,21.90625,3.34375,0.5625,7.46875,5.84375,2.03125,2.03125,0.125,0.125,44.15625,10.59375,59.0625,21.125,0.9375,0.34375,3.5,2.34375,4.125,3.375,7.4375,4.40625,98.9375,54.53125,398.15625,9,0,0,1,2,2,4,0,0,0,0,0,2,0,185.42,185.42,185.0,0.0471682548522949,0.0,0.45,0.4217682266235352,0.25,0.19173828125,0.1875,0.125,0.0,0.0,69.5,30.5,66.984375,27.8466796875,94.0,48.544921875,88.50390625,44.75,2.0,0.8125,2.015625,0.6640625,54.0,19.01513671875,51.483436584472656,16.9437255859375,7.91796875,5.430633544921875,7.75,5.0625,4.780975341796875,3.9373779296875,4.8994140625,3.84375,51.025390625,18.400863647460938,50.515625,17.5,5.75,3.75,5.5,3.5,5.375,3.6875,4.0,2.65625,104.865234375,89.5,655.8441009521484,0,0,0,0,0,0,0,0,0,0,0,0,0,0,167.64,177.8,185.0,32.0,30.0,0,0,0,0,0,0,0,1,0,0,0,0,0,0,0,1,0,0,0,0,1,0,0,0
Red,False,1.125,0.0,0.5253125000000001,0.3818408203125,0.06962890625,0.01345703125,0.185546875,0.0,0.03125,0.0,84.37841796875,42.26025390625,80.51220703125,31.65478515625,93.62060546875,50.251953125,82.275390625,33.04150390625,1.30419921875,0.1142578125,2.14111328125,0.04052734375,62.76513671875,27.34814453125,69.86962890625,26.27685546875,9.00048828125,5.60009765625,7.4169921875,3.79541015625,12.61279296875,9.31201171875,3.2255859375,1.58251953125,67.45947265625,31.31494140625,77.73681640625,30.1083984375,7.369140625,4.1611328125,2.2587890625,1.03271484375,9.5498046875,6.7841796875,0.5166015625,0.513671875,51.28271484375,15.041015625,382.21533203125,23,0,0,1,4,8,4,0,0,0,2,3,3,0,167.64,165.1,135.0,0.0,0.140625,0.5184960937499999,0.2931494140625,0.136875,0.297900390625,0.51220703125,0.00048828125,0.125,0.015625,134.27880859375,74.23828125,69.87451171875,20.25146484375,163.63916015625,101.9833984375,85.09228515625,34.47802734375,7.05810546875,0.95166015625,1.54296875,0.951171875,78.548828125,30.7724609375,51.7734375,8.4365234375,37.06005859375,27.28955078125,11.54052734375,5.9365234375,18.669921875,16.17626953125,6.560546875,5.87841796875,105.19677734375,51.05029296875,62.02001953125,13.70654296875,20.02099609375,15.94091796875,7.2744140625,6.1376953125,9.06103515625,7.2470703125,0.580078125,0.4072265625,154.45849609375,186.93408203125,752.5703125,32,0,4,0,4,9,3,0,0,0,5,1,3,0,170.18,180.34,135.0,32.0,29.0,1,0,0,0,0,0,0,0,0,0,0,0,0,0,0,1,0,0,0,0,1,0,0,0
Red,False,0.0,0.0,0.4459375,0.40125,0.078125,0.1396875,0.1875,0.0,0.03125,0.03125,187.03125,84.71875,112.71875,47.84375,207.84375,104.3125,136.3125,70.4375,0.28125,0.09375,8.25,1.375,145.75,50.1875,98.96875,38.53125,13.625,8.28125,7.625,4.96875,27.65625,26.25,6.125,4.34375,175.96875,77.65625,99.53125,38.5625,7.46875,4.75,6.53125,4.03125,3.59375,2.3125,6.65625,5.25,50.5625,193.34375,894.9375,18,0,0,2,4,4,2,0,0,0,3,0,1,0,165.1,162.56,115.0,0.0,0.0,0.6575,0.58875,0.795,0.0,0.375,0.375,0.0,0.625,66.875,52.375,10.375,6.25,110.25,91.75,28.625,20.375,7.25,5.875,1.0,0.0,52.125,39.75,6.5,2.875,11.25,9.375,3.75,3.25,3.5,3.25,0.125,0.125,11.5,4.75,4.25,1.0,4.5,3.375,4.875,4.25,50.875,44.25,1.25,1.0,529.625,6.0,617.875,8,1,4,0,4,4,0,0,0,0,1,1,2,0,165.1,167.64,115.0,33.0,28.0,0,0,0,0,0,0,0,0,0,0,0,0,0,1,0,1,0,0,0,0,0,0,1,0
Blue,False,0.0,0.0,0.31,0.43,0.0,0.0,0.0,0.0,0.0,0.0,203.5,61.5,205.5,90.0,204.0,62.0,205.5,90.0,0.0,0.0,0.5,0.0,184.5,45.0,152.5,56.5,17.0,14.5,42.5,23.5,2.0,2.0,10.5,10.0,201.0,59.5,205.0,89.5,2.5,2.0,0.5,0.5,0.0,0.0,0.0,0.0,1.5,0.0,1200.0,8,0,0,1,1,1,1,0,0,0,1,0,0,0,180.34,185.42,250.0,0.375,0.5,0.47125,0.39875,0.0,0.0,0.0,0.0,0.0,0.0,61.875,29.0,67.5,27.375,64.0,29.125,74.875,34.25,0.25,0.0,0.75,0.0,50.0,19.25,54.375,18.5,7.25,6.375,7.0,4.75,4.625,3.375,6.125,4.125,51.0,22.25,49.75,19.5,10.625,6.5,3.5,2.375,0.25,0.25,14.25,5.5,74.625,38.25,501.625,7,0,3,0,3,3,1,0,0,0,1,2,0,0,187.96,190.5,264.0,32.0,26.0,0,0,0,0,1,0,0,0,0,0,0,0,0,0,0,0,0,1,0,0,0,0,1,0
Red,True,0.0,0.0078125,0.3900585937499999,0.3651953125,0.234375,0.0860546875,0.765625,0.21875,0.0,0.0,173.87109375,65.375,158.005859375,55.1171875,183.33984375,73.63671875,167.564453125,63.119140625,2.515625,0.640625,0.724609375,0.24609375,127.759765625,34.4296875,135.896484375,39.625,31.607421875,18.744140625,14.4296875,9.43359375,14.50390625,12.201171875,7.6796875,6.05859375,161.05078125,56.185546875,142.158203125,41.845703125,9.3515625,6.470703125,7.88671875,6.775390625,3.46875,2.71875,7.9609375,6.49609375,95.16015625,62.490234375,898.0078125,29,0,0,2,3,4,6,0,0,2,1,0,0,1,167.64,167.64,125.0,0.0,0.0,0.56609375,0.32796875,0.5231250000000001,0.0528125,0.5625,0.03125,0.015625,0.0,156.578125,81.71875,160.734375,54.65625,213.859375,135.625,193.59375,84.40625,8.125,3.296875,1.46875,0.359375,116.171875,52.859375,83.515625,9.796875,17.484375,11.828125,44.59375,25.59375,22.921875,17.03125,32.625,19.265625,114.328125,46.46875,144.34375,42.6875,13.671875,9.171875,15.4375,11.40625,28.578125,26.078125,0.953125,0.5625,397.34375,62.1875,1189.3125,25,2,1,0,2,5,2,0,0,1,2,0,2,0,165.1,167.64,125.0,32.0,31.0,0,0,0,0,0,0,0,0,0,0,0,0,1,0,0,1,0,0,0,0,0,0,1,0
Blue,False,0.25,0.5,0.54625,0.3525,0.3875,0.1425,0.25,0.0,0.125,0.0,141.0,74.625,91.0,30.625,163.0,94.25,94.25,33.75,3.625,1.75,5.375,1.125,118.0,55.875,71.125,19.125,19.375,15.875,12.75,7.25,3.625,2.875,7.125,4.25,114.75,52.5,83.875,26.0,14.25,12.125,5.875,3.625,12.0,10.0,1.25,1.0,100.875,40.125,738.5,9,0,4,0,4,4,0,0,0,0,2,2,0,0,170.18,170.18,135.0,0.1328125,0.125,0.3140625,0.514375,0.0284375,0.0,0.0,0.0,0.0,0.0,92.25,35.1328125,135.53125,68.0390625,99.734375,42.0390625,150.6015625,82.109375,1.2421875,0.171875,3.9296875,0.0,62.9609375,14.2265625,85.421875,27.1484375,16.3203125,9.203125,31.984375,24.625,12.96875,11.703125,18.125,16.265625,86.359375,30.078125,117.140625,53.1640625,5.5859375,4.796875,17.140625,13.75,0.3046875,0.2578125,1.25,1.125,94.765625,84.0859375,785.2890625,20,0,5,0,5,6,2,0,0,1,4,1,0,0,162.56,172.72,135.0,26.0,29.0,1,0,0,0,0,0,0,0,0,0,0,0,0,0,0,0,0,0,1,0,1,0,0,0
Red,False,1.3501124754548073,0.0253909528255462,0.4588727977592498,0.4393124207109213,0.2669106837641448,0.1251981378905475,0.1267437981441617,0.0019531268626451,0.1250157356262207,4.76837158203125e-07,234.95558488275856,95.93818707298487,155.9416838316247,66.04957213252783,236.8081482583657,97.71130446437746,158.49168812856078,68.47012843936682,1.0911990897729993,0.3381827054545283,3.3927799006924038,0.1259961137548089,192.8508134270087,60.40916579123586,109.40635099168868,33.31304688099772,21.91703903861344,16.06168958172202,32.70427459664643,20.295321392826736,20.18773241713643,19.46733170002699,13.83105824328959,12.441203858703377,214.802882052958,82.69616713095456,146.8245794735849,58.95147785264999,8.941529471427202,6.564610490575433,8.890167625620961,6.915715390816331,11.211173358373344,6.677409451454878,0.2269367324188351,0.1823788890615105,35.543332944624126,16.654578179121017,1034.2138590421528,68,1,4,0,8,23,8,0,0,0,7,10,6,0,185.42,185.42,155.0,0.01666259765625,0.566650390625,0.54546630859375,0.4392230224609375,0.012369384765625,0.15017578125,0.7730712890625,0.001953125,0.017578125,0.0029296875,187.0849609375,102.9732666015625,125.6182861328125,55.83770751953125,189.510986328125,105.281494140625,133.61053466796875,62.7625732421875,0.34234619140625,0.012939453125,2.4822998046875,0.83984375,135.52374267578125,63.63824462890625,101.82977294921876,39.40997314453125,26.7598876953125,17.16253662109375,17.490234375,11.608642578125,24.80133056640625,22.1724853515625,6.29827880859375,4.819091796875,174.5301513671875,94.17156982421876,111.84722900390624,46.47369384765625,4.360595703125,2.7247314453125,2.48980712890625,1.301513671875,8.1942138671875,6.07696533203125,11.28125,8.0625,5.68896484375,123.5255126953125,760.3250732421875,33,2,3,0,11,14,1,0,0,1,3,3,6,1,180.34,193.04,155.0,36.0,35.0,0,0,0,0,0,0,1,0,0,0,0,0,0,0,0,1,0,0,0,0,1,0,0,0
Blue,False,0.0,0.0,0.5825,0.29375,0.0625,0.4825,0.125,0.5,0.25,0.25,85.75,37.125,74.375,24.75,119.375,66.75,88.125,37.25,0.25,0.125,5.25,2.25,65.625,21.875,60.875,17.125,10.5,7.125,10.625,5.875,9.625,8.125,2.875,1.75,70.75,25.875,64.875,17.5,12.25,8.75,5.125,3.875,2.75,2.5,4.375,3.375,59.375,132.125,532.0,10,0,1,0,1,2,2,0,0,1,1,0,0,0,165.1,167.64,125.0,0.0,0.25,0.448125,0.43484375,0.03125,0.2842578125,0.0,0.53125,0.125,0.00390625,132.9765625,60.62890625,139.3046875,60.1875,148.74609375,74.53125,150.6796875,71.3984375,0.51953125,0.0625,2.90625,1.06640625,90.41796875,29.52734375,98.33984375,32.40234375,23.85546875,17.40625,21.97265625,13.83984375,18.703125,13.6953125,18.9921875,13.9453125,113.05859375,43.078125,116.58203125,42.46875,18.08984375,15.76953125,18.94140625,14.4375,1.828125,1.78125,3.78125,3.28125,41.94140625,133.13671875,691.46875,25,1,3,0,3,5,4,0,0,2,3,0,0,0,160.02,162.56,115.0,25.0,33.0,0,0,0,0,0,0,0,0,0,0,0,0,0,1,0,1,0,0,0,0,1,0,0,0
Red,True,1.0,0.0625,0.509375,0.1624999999999999,0.03125,0.03125,0.5625,0.0,0.0,0.0,33.0625,13.1875,22.9375,6.75,34.4375,14.5625,23.6875,7.5,0.25,0.0625,0.3125,0.125,24.9375,8.5,17.75,3.4375,3.8125,1.9375,2.0625,1.3125,4.3125,2.75,3.125,2.0,28.75,10.1875,22.3125,6.5,0.0625,0.0,0.3125,0.1875,4.25,3.0,0.3125,0.0625,43.1875,1.6875,227.625,9,0,0,1,4,4,1,0,0,1,0,2,1,0,167.64,170.18,135.0,0.595703125,0.015625,0.5878125000000001,0.38201171875,0.23205078125,0.125,0.001953125,0.0,0.0,0.0,70.4921875,31.41015625,58.2734375,27.146484375,87.509765625,45.814453125,70.451171875,39.1796875,3.833984375,1.328125,0.716796875,0.25,56.404296875,20.798828125,35.958984375,10.048828125,10.70703125,8.044921875,7.2578125,6.015625,3.380859375,2.56640625,15.056640625,11.08203125,49.5,15.052734375,54.7578125,24.486328125,7.296875,5.439453125,2.73046875,2.28125,13.6953125,10.91796875,0.78515625,0.37890625,148.044921875,13.984375,568.640625,27,3,4,0,4,8,2,0,0,2,4,2,0,0,162.56,162.56,135.0,31.0,32.0,1,0,0,0,0,0,0,0,0,0,0,0,0,0,0,1,0,0,0,0,1,0,0,0
Red,False,0.009765625,0.0,0.4454296875,0.30193359375,0.171875,0.2875,0.0,0.25390625,0.001953125,0.0,171.474609375,86.33203125,227.009765625,56.966796875,173.298828125,88.06640625,231.767578125,61.27734375,1.767578125,0.203125,2.82421875,0.44921875,135.599609375,56.921875,188.796875,38.166015625,27.744140625,22.037109375,31.40234375,13.849609375,8.130859375,7.373046875,6.810546875,4.951171875,158.322265625,75.60546875,213.662109375,47.69140625,12.203125,9.822265625,10.96484375,6.9921875,0.94921875,0.904296875,2.3828125,2.283203125,27.0546875,74.98828125,738.13671875,26,0,1,0,1,4,6,0,0,0,4,0,0,0,160.02,162.56,115.0,0.0,0.0,0.415,0.335,0.0,0.0825,0.0,0.0,0.0,0.0,275.0,116.75,197.0,67.0,278.75,119.25,221.75,88.75,0.5,0.0,1.5,0.5,229.25,88.0,165.25,46.75,10.25,6.25,22.25,11.5,35.5,22.5,9.5,8.75,264.25,109.75,184.0,60.25,9.75,6.5,10.25,5.5,1.0,0.5,2.75,1.25,0.75,115.75,900.0,9,0,3,0,3,3,0,0,0,0,3,0,0,0,165.1,160.02,115.0,34.0,29.0,0,0,0,0,0,0,0,0,0,0,0,0,0,1,0,1,0,0,0,0,1,0,0,0
Red,False,0.078125,0.0,0.561953125,0.498046875,0.19625,0.84125,1.5,0.3203125,0.625,0.0,121.7421875,58.375,103.8984375,41.6875,153.1484375,85.671875,121.015625,56.9609375,1.78125,0.65625,1.5859375,1.125,80.4140625,30.109375,73.59375,22.8359375,22.6640625,12.5703125,20.046875,14.671875,18.6640625,15.6953125,10.2578125,4.1796875,99.4375,41.359375,89.7890625,30.53125,11.609375,8.3828125,8.765625,6.921875,10.6953125,8.6328125,5.34375,4.234375,161.765625,192.4453125,699.796875,18,0,1,0,2,5,3,0,0,0,3,1,1,0,167.64,165.1,125.0,0.03125,0.0,0.3071875,0.385625,0.0,0.191875,0.125,0.0,0.0,0.0,207.5,65.15625,192.03125,75.15625,213.3125,70.09375,197.75,80.3125,0.84375,0.0,2.71875,0.53125,181.5625,46.75,135.59375,35.25,18.09375,11.59375,27.25,15.6875,7.84375,6.8125,29.1875,24.21875,195.96875,55.71875,181.375,67.6875,6.4375,5.375,10.34375,7.1875,5.09375,4.0625,0.3125,0.28125,26.65625,44.0625,900.0,18,0,1,0,3,4,2,0,0,1,3,0,0,0,175.26,172.72,125.0,33.0,30.0,0,0,0,0,0,0,0,0,0,0,0,0,1,0,0,1,0,0,0,0,1,0,0,0
Blue,False,0.375,0.0,0.433125,0.5310937499999999,0.2171875,0.2303125,0.0,0.25,0.0,0.0,68.546875,30.09375,49.328125,25.34375,77.234375,37.9375,59.28125,34.4375,2.015625,0.78125,12.15625,4.140625,60.46875,24.140625,39.5,17.78125,6.1875,4.8125,6.21875,4.21875,1.890625,1.140625,3.609375,3.34375,44.5,12.5,33.5625,14.046875,15.078125,11.359375,14.4375,10.25,8.96875,6.234375,1.328125,1.046875,56.640625,339.671875,661.4375,14,0,0,4,2,2,5,0,0,0,0,2,0,0,182.88,187.96,185.0,0.0,1.0,0.43,0.44,0.0,0.0,0.0,0.0,0.0,0.0,157.0,68.0,88.0,39.0,168.0,77.0,91.0,42.0,0.0,0.0,0.0,0.0,100.0,27.0,48.0,13.0,9.0,4.0,13.0,5.0,48.0,37.0,27.0,21.0,139.0,56.0,88.0,39.0,18.0,12.0,0.0,0.0,0.0,0.0,0.0,0.0,129.0,1.0,692.0,3,0,0,1,0,0,1,0,0,0,0,0,0,0,190.5,200.66,185.0,28.0,28.0,0,0,0,0,0,0,0,1,0,0,0,0,0,0,0,1,0,0,0,0,1,0,0,0
Blue,False,0.625,0.0,0.4337499999999999,0.37375,0.0825,0.25,0.0,0.0,0.0,0.0,103.25,42.25,137.5,59.25,108.125,45.5,138.375,60.0,1.0,0.25,1.25,0.5,95.125,36.25,101.625,34.125,5.0,3.375,15.25,9.25,3.125,2.625,20.625,15.875,93.125,36.875,133.125,57.75,0.875,0.25,4.375,1.5,9.25,5.125,0.0,0.0,8.875,17.0,542.0,10,0,2,0,2,3,1,0,0,0,1,2,0,0,180.34,182.88,145.0,0.00201416015625,0.1328125,0.5449450683593751,0.3438189697265625,0.3980218505859375,0.41119384765625,0.53472900390625,0.09478759765625,0.7843017578125,0.0,89.41015625,50.16363525390625,120.95965576171876,42.93853759765625,103.958984375,64.20343017578125,154.83526611328125,70.5318603515625,3.75054931640625,1.62030029296875,4.149169921875,2.07379150390625,60.99151611328125,25.18511962890625,101.9503173828125,31.0853271484375,14.3839111328125,13.04058837890625,15.65289306640625,9.24066162109375,14.03472900390625,11.93792724609375,3.3564453125,2.612548828125,67.07232666015625,30.49261474609375,101.24822998046876,30.99981689453125,11.8231201171875,10.41436767578125,17.1085205078125,10.4500732421875,10.51470947265625,9.25665283203125,2.6029052734375,1.4886474609375,108.66009521484376,217.957275390625,738.2815551757812,34,1,4,0,4,10,5,0,0,0,3,4,3,0,172.72,180.34,145.0,31.0,37.0,0,0,1,0,0,0,0,0,0,0,0,0,0,0,0,1,0,0,0,0,1,0,0,0
Red,False,0.015625,0.0,0.45,0.4275,0.25,0.2,0.148468017578125,0.098388671875,0.0,0.0,66.5,29.6875,64.31230545043945,27.34375,89.75,48.0,85.53125,44.41152191162109,2.0,0.75,2.0546875,0.75,51.1875,18.3359375,49.6123046875,16.280410766601562,7.5,5.07647705078125,7.5,5.0,4.5,3.625,4.984375,3.9375,48.6875,17.0,47.11572265625,16.5,5.75,3.75,5.3125,3.4375,5.0625,3.5,3.875,2.5,99.2119140625,94.125,638.5,0,0,0,0,0,0,0,0,0,0,0,0,0,0,170.18,172.72,135.0,0.3232421875,0.01953125,0.2377734375,0.3234716796875,0.0011376953125,0.015712890625,0.0,0.0,0.0,0.0,146.6748046875,35.43603515625,152.9560546875,45.61669921875,147.52880859375,36.2900390625,154.46826171875,46.84765625,0.1083984375,0.00146484375,1.93798828125,0.0634765625,117.55126953125,19.994140625,133.58447265625,30.423828125,26.39501953125,12.71875,11.0703125,7.6806640625,2.728515625,2.72314453125,8.30126953125,7.51220703125,143.60693359375,34.05078125,150.90478515625,44.37353515625,1.4306640625,0.7333984375,1.82421875,1.0966796875,1.63720703125,0.65185546875,0.22705078125,0.146484375,5.39990234375,9.11474609375,783.904296875,29,1,0,2,2,5,7,0,0,1,0,4,0,0,170.18,175.26,135.0,35.0,34.0,1,0,0,0,0,0,0,0,0,0,0,0,0,0,0,0,0,0,1,0,1,0,0,0
Blue,False,0.25,0.0625,0.410625,0.354375,0.348125,0.015625,0.15625,0.0,0.0,0.0,61.71875,24.75,69.46875,26.1875,65.65625,28.25,76.15625,31.59375,1.625,0.53125,0.75,0.0625,43.78125,13.125,47.0625,9.28125,11.4375,5.78125,7.90625,5.21875,6.5,5.84375,14.5,11.6875,55.125,19.53125,67.15625,24.625,0.9375,0.6875,1.5,1.09375,5.65625,4.53125,0.8125,0.46875,47.125,40.1875,660.21875,14,1,1,0,4,5,1,0,0,1,1,1,2,0,182.88,190.5,155.0,0.00390625,0.125,0.4365234375,0.5241796875,0.205625,0.1790625,0.3359375,0.078125,0.0,0.0,121.16796875,53.0703125,95.94921875,47.109375,129.5234375,59.9140625,100.90625,51.58984375,1.2265625,0.7890625,1.60546875,0.890625,81.9765625,22.93359375,75.97265625,31.08203125,8.28515625,4.875,11.39453125,8.7109375,30.90625,25.26171875,8.58203125,7.31640625,112.31640625,46.3125,83.65625,39.23046875,4.73828125,3.359375,5.3828125,2.50390625,4.11328125,3.3984375,6.91015625,5.375,48.875,117.86328125,812.22265625,22,0,3,0,3,6,3,0,1,1,2,2,0,0,177.8,177.8,155.0,39.0,29.0,0,0,0,0,0,0,1,0,0,0,0,0,0,0,0,1,0,0,0,0,0,0,1,0
Blue,False,0.0,0.0,0.5293749999999999,0.55,0.25875,0.7475,0.5,0.5,0.0,0.0,80.6875,42.5,105.9375,60.1875,107.1875,64.5,185.3125,129.5625,0.75,0.3125,4.875,3.25,51.125,15.875,62.375,25.75,25.6875,23.4375,29.5,23.625,3.875,3.1875,14.0625,10.8125,52.75,18.0,66.125,29.125,26.9375,23.6875,29.0625,23.3125,1.0,0.8125,10.75,7.75,165.75,392.875,815.9375,13,0,0,1,1,2,3,0,0,0,2,0,0,0,170.18,165.1,135.0,0.0,0.5,0.465,0.595,0.125,0.0,0.0,0.0,0.0,0.0,50.5,20.5,108.0,62.0,54.5,24.5,114.0,67.0,2.5,0.5,0.5,0.0,30.5,7.5,82.5,40.5,12.0,7.5,14.5,11.0,8.0,5.5,11.0,10.5,43.5,15.5,63.5,30.5,7.0,5.0,15.5,9.0,0.0,0.0,29.0,22.5,55.0,76.5,461.0,4,1,0,2,0,0,2,0,0,0,0,0,0,0,170.18,177.8,135.0,37.0,37.0,0,0,0,0,0,0,0,0,0,0,1,0,0,0,0,1,0,0,0,0,1,0,0,0
Blue,False,0.0,0.0,0.3175,0.388125,0.3125,0.25875,0.0625,0.875,0.625,0.25,78.4375,24.875,50.6875,20.9375,102.5625,44.3125,70.625,39.1875,5.5625,2.5625,1.9375,1.0625,67.875,17.75,39.0,12.875,9.1875,6.0,7.125,4.9375,1.375,1.125,4.5625,3.125,55.0625,13.75,40.5,15.3125,4.75,2.875,7.25,3.1875,18.625,8.25,2.9375,2.4375,314.1875,115.25,718.5625,10,0,0,1,1,2,3,0,0,0,1,0,1,0,177.8,180.34,155.0,0.3125,0.0625,0.5218750000000001,0.295,0.33,0.1375,0.125,0.0625,0.0,0.0,100.9375,50.8125,116.4375,29.75,114.25,63.0,130.25,40.5625,1.5625,1.0,2.125,1.375,86.0,37.9375,100.9375,20.0,10.125,8.0625,10.25,4.75,4.8125,4.8125,5.25,5.0,78.0,34.1875,110.5625,26.125,3.125,2.9375,2.0,0.75,19.8125,13.6875,3.875,2.875,78.625,120.8125,600.9375,12,0,0,1,2,3,2,0,0,1,0,2,0,0,175.26,177.8,155.0,29.0,32.0,0,0,0,0,0,0,1,0,0,0,0,0,0,0,0,1,0,0,0,0,1,0,0,0
Red,False,0.0,0.5,0.345,0.505,0.5,0.5,1.0,0.0,0.0,0.0,53.5,17.0,40.5,20.5,57.0,19.5,53.0,30.0,6.0,3.0,0.5,0.5,46.5,13.5,38.0,18.5,2.5,1.0,2.0,2.0,4.5,2.5,0.5,0.0,45.5,13.5,27.5,12.0,5.0,2.5,1.0,0.5,3.0,1.0,12.0,8.0,110.5,41.5,310.5,3,0,0,1,1,1,1,0,0,0,0,0,1,0,172.72,172.72,145.0,0.0625,1.0,0.438125,0.4,0.51625,0.125,0.875,1.0,0.625,0.625,49.1875,22.125,65.4375,24.1875,60.3125,31.125,103.3125,59.5625,6.4375,3.0625,2.0,0.75,46.75,20.5625,44.875,13.375,1.9375,1.0625,11.0625,4.3125,0.5,0.5,9.5,6.5,35.375,13.0,55.8125,18.6875,0.25,0.0,2.875,0.625,13.5625,9.125,6.75,4.875,172.4375,309.625,794.3125,11,0,3,0,3,4,1,0,0,1,1,1,1,0,177.8,182.88,145.0,26.0,30.0,0,0,1,0,0,0,0,0,0,0,0,0,0,0,0,1,0,0,0,0,0,0,1,0
Blue,False,0.21484375,0.0625,0.56271484375,0.588779296875,0.093203125,0.4482128906249999,0.505859375,0.0009765625,0.0087890625,0.03125,70.544921875,38.5546875,128.3798828125,85.873046875,76.34375,44.3056640625,196.65234375,150.2607421875,0.9345703125,0.283203125,4.4677734375,1.8095703125,49.482421875,21.861328125,73.9912109375,36.5439453125,13.078125,8.7294921875,24.0546875,20.9423828125,7.984375,7.9638671875,30.333984375,28.38671875,61.5078125,31.7021484375,81.3388671875,45.3876953125,8.4814453125,6.3544921875,21.6884765625,18.103515625,0.5556640625,0.498046875,25.3525390625,22.3818359375,25.0107421875,476.556640625,1015.2734375,27,1,0,1,3,7,4,0,0,0,1,5,1,0,193.04,193.04,205.0,0.58172607421875,0.03125,0.356097412109375,0.4686059570312499,0.20410888671875,0.1645654296875,0.0008544921875,0.00396728515625,0.0,0.0,131.6630859375,50.9622802734375,117.57366943359376,54.6871337890625,149.2763671875,67.0260009765625,134.64764404296875,70.353271484375,1.9560546875,0.86181640625,4.28948974609375,0.82452392578125,108.36004638671876,37.463134765625,83.84918212890625,32.21356201171875,14.15093994140625,6.903564453125,17.12738037109375,11.2091064453125,9.152099609375,6.5955810546875,16.59710693359375,11.26446533203125,114.82415771484376,38.68408203125,98.49786376953124,39.77410888671875,7.3487548828125,4.5794677734375,11.10107421875,7.8798828125,9.49017333984375,7.69873046875,7.9747314453125,7.03314208984375,130.620361328125,67.98712158203125,911.6400146484376,38,3,1,0,6,10,5,0,0,0,3,5,2,0,195.58,200.66,205.0,30.0,32.0,0,0,0,0,0,1,0,0,0,0,0,0,0,0,0,1,0,0,0,0,1,0,0,0
Red,False,0.015625,0.0,0.45,0.4275,0.25,0.2,0.148468017578125,0.098388671875,0.0,0.0,66.5,29.6875,64.31230545043945,27.34375,89.75,48.0,85.53125,44.41152191162109,2.0,0.75,2.0546875,0.75,51.1875,18.3359375,49.6123046875,16.280410766601562,7.5,5.07647705078125,7.5,5.0,4.5,3.625,4.984375,3.9375,48.6875,17.0,47.11572265625,16.5,5.75,3.75,5.3125,3.4375,5.0625,3.5,3.875,2.5,99.2119140625,94.125,638.5,0,0,0,0,0,0,0,0,0,0,0,0,0,0,182.88,182.88,145.0,0.0,0.25,0.4775,0.435,0.5,0.3325,0.0,1.75,0.0,0.0,74.25,35.0,104.0,46.0,86.0,44.75,130.0,67.75,1.5,0.5,6.0,2.75,51.0,19.25,85.5,33.0,5.25,4.5,15.5,10.25,18.0,11.25,3.0,2.75,58.75,23.75,80.25,29.25,7.75,5.0,7.25,5.5,7.75,6.25,16.5,11.25,99.5,201.75,603.75,8,0,0,3,0,0,3,0,0,0,0,0,0,0,165.1,175.26,145.0,26.0,31.0,0,0,1,0,0,0,0,0,0,0,0,0,0,0,0,1,0,0,0,0,1,0,0,0
Blue,False,0.015625,0.0,0.45,0.4275,0.25,0.2,0.148468017578125,0.098388671875,0.0,0.0,66.5,29.6875,64.31230545043945,27.34375,89.75,48.0,85.53125,44.41152191162109,2.0,0.75,2.0546875,0.75,51.1875,18.3359375,49.6123046875,16.280410766601562,7.5,5.07647705078125,7.5,5.0,4.5,3.625,4.984375,3.9375,48.6875,17.0,47.11572265625,16.5,5.75,3.75,5.3125,3.4375,5.0625,3.5,3.875,2.5,99.2119140625,94.125,638.5,0,0,0,0,0,0,0,0,0,0,0,0,0,0,185.42,187.96,170.0,0.0471682548522949,0.0,0.45,0.4217682266235352,0.25,0.19173828125,0.1875,0.125,0.0,0.0,69.5,30.5,66.984375,27.8466796875,94.0,48.544921875,88.50390625,44.75,2.0,0.8125,2.015625,0.6640625,54.0,19.01513671875,51.483436584472656,16.9437255859375,7.91796875,5.430633544921875,7.75,5.0625,4.780975341796875,3.9373779296875,4.8994140625,3.84375,51.025390625,18.400863647460938,50.515625,17.5,5.75,3.75,5.5,3.5,5.375,3.6875,4.0,2.65625,104.865234375,89.5,655.8441009521484,0,0,0,0,0,0,0,0,0,0,0,0,0,0,177.8,182.88,170.0,27.0,27.0,0,0,0,0,0,0,0,0,0,1,0,0,0,0,0,1,0,0,0,0,0,0,0,1
Blue,False,0.75,0.5,0.595,0.5275,0.1875,0.035,0.0,0.0,0.0,0.0,96.0,53.0,35.75,18.5,147.5,101.0,45.75,28.0,1.5,0.75,4.75,0.5,71.0,33.5,28.75,14.0,10.25,8.75,1.5,0.0,14.75,10.75,5.5,4.5,56.0,22.5,26.25,10.0,7.5,6.0,5.0,4.5,32.5,24.5,4.5,4.0,221.25,49.0,572.5,7,0,3,0,3,3,0,0,0,0,2,1,0,0,193.04,198.12,205.0,0.0947265625,1.26953125,0.52978515625,0.524951171875,0.0009765625,0.243447265625,0.0322265625,0.0,0.0,0.0,52.6064453125,25.0498046875,91.814453125,48.4541015625,54.4990234375,26.8935546875,111.05078125,67.3583984375,1.6201171875,0.0029296875,3.353515625,0.849609375,37.185546875,12.392578125,77.58203125,36.0029296875,12.5361328125,10.8173828125,11.46875,9.720703125,2.884765625,1.83984375,2.763671875,2.73046875,39.08984375,13.443359375,71.8701171875,33.5537109375,11.98046875,10.603515625,18.6904296875,14.431640625,1.5361328125,1.0029296875,1.25390625,0.46875,79.7255859375,94.5400390625,442.271484375,21,0,3,0,3,6,5,0,0,0,1,3,0,2,185.42,200.66,205.0,27.0,39.0,0,0,0,0,0,1,0,0,0,0,0,0,0,0,0,1,0,0,0,0,1,0,0,0
Blue,False,0.53125,0.53125,0.6184375,0.65,0.229375,0.125,0.03125,0.25,0.0,0.0,47.28125,30.03125,52.03125,33.5625,95.09375,72.09375,65.40625,45.71875,4.65625,2.0625,0.8125,0.125,33.875,19.6875,29.75,13.90625,6.8125,4.59375,14.15625,13.125,6.59375,5.75,8.125,6.53125,23.34375,9.75,27.1875,12.90625,13.25,10.875,15.53125,14.375,10.6875,9.40625,9.3125,6.28125,242.34375,78.125,501.40625,13,0,0,1,2,3,3,0,0,0,3,0,0,0,182.88,190.5,205.0,0.0,0.0,0.56,0.25,0.0,0.0,0.0,0.0,0.0,0.0,16.0,9.0,16.0,4.0,17.0,9.0,16.0,4.0,0.0,0.0,1.0,0.0,12.0,8.0,13.0,1.0,2.0,0.0,0.0,0.0,2.0,1.0,3.0,3.0,5.0,1.0,16.0,4.0,0.0,0.0,0.0,0.0,11.0,8.0,0.0,0.0,12.0,0.0,193.0,1,0,1,0,1,1,0,0,0,0,0,1,0,0,182.88,193.04,205.0,29.0,27.0,0,0,0,0,0,1,0,0,0,0,0,0,0,0,0,1,0,0,0,0,1,0,0,0
Red,False,0.015625,0.0,0.45,0.4275,0.25,0.2,0.148468017578125,0.098388671875,0.0,0.0,66.5,29.6875,64.31230545043945,27.34375,89.75,48.0,85.53125,44.41152191162109,2.0,0.75,2.0546875,0.75,51.1875,18.3359375,49.6123046875,16.280410766601562,7.5,5.07647705078125,7.5,5.0,4.5,3.625,4.984375,3.9375,48.6875,17.0,47.11572265625,16.5,5.75,3.75,5.3125,3.4375,5.0625,3.5,3.875,2.5,99.2119140625,94.125,638.5,0,0,0,0,0,0,0,0,0,0,0,0,0,0,182.88,187.96,155.0,0.0,0.0,0.29,0.42,0.0,0.0,0.0,0.0,0.0,0.0,127.0,38.0,150.0,64.0,127.0,38.0,150.0,64.0,0.0,0.0,0.0,0.0,107.0,26.0,85.0,25.0,11.0,5.0,51.0,30.0,9.0,7.0,14.0,9.0,126.0,37.0,150.0,64.0,1.0,1.0,0.0,0.0,0.0,0.0,0.0,0.0,0.0,0.0,900.0,3,0,0,1,0,0,1,0,0,0,0,0,0,0,190.5,195.58,155.0,24.0,25.0,0,0,0,0,0,0,1,0,0,0,0,0,0,0,0,0,0,1,0,0,1,0,0,0
Blue,False,0.0,1.0,0.4325,0.5149999999999999,0.4,0.07,0.0,0.125,0.375,0.0,136.625,62.625,184.875,90.5,163.125,87.0,192.0,97.5,2.5,1.0,3.25,0.5,117.375,47.125,156.125,67.75,17.75,14.0,19.125,14.25,1.5,1.5,9.625,8.5,126.625,56.5,165.875,78.125,8.375,5.75,11.375,7.5,1.625,0.375,7.625,4.875,73.625,35.875,641.5,11,0,0,1,1,1,3,0,0,1,0,0,0,0,177.8,185.42,170.0,0.03125,0.5,0.228125,0.4396875,0.06546875,0.265625,0.0,0.25,0.0625,0.015625,123.90625,29.984375,108.171875,46.953125,129.0,34.6875,112.109375,50.34375,0.828125,0.3125,0.84375,0.3125,110.953125,21.796875,88.71875,32.265625,9.578125,5.71875,12.609375,8.15625,3.375,2.46875,6.84375,6.53125,122.90625,29.515625,105.421875,44.421875,0.96875,0.4375,1.90625,1.703125,0.03125,0.03125,0.84375,0.828125,9.546875,58.15625,738.75,19,0,1,0,3,4,3,0,0,0,4,0,0,0,167.64,167.64,155.0,30.0,35.0,0,0,0,0,0,0,1,0,0,0,0,0,0,0,0,1,0,0,0,0,0,0,1,0
Red,False,0.015625,0.0,0.45,0.4275,0.25,0.2,0.148468017578125,0.098388671875,0.0,0.0,66.5,29.6875,64.31230545043945,27.34375,89.75,48.0,85.53125,44.41152191162109,2.0,0.75,2.0546875,0.75,51.1875,18.3359375,49.6123046875,16.280410766601562,7.5,5.07647705078125,7.5,5.0,4.5,3.625,4.984375,3.9375,48.6875,17.0,47.11572265625,16.5,5.75,3.75,5.3125,3.4375,5.0625,3.5,3.875,2.5,99.2119140625,94.125,638.5,0,0,0,0,0,0,0,0,0,0,0,0,0,0,170.18,185.42,145.0,0.0471682548522949,0.0,0.45,0.4217682266235352,0.25,0.19173828125,0.1875,0.125,0.0,0.0,69.5,30.5,66.984375,27.8466796875,94.0,48.544921875,88.50390625,44.75,2.0,0.8125,2.015625,0.6640625,54.0,19.01513671875,51.483436584472656,16.9437255859375,7.91796875,5.430633544921875,7.75,5.0625,4.780975341796875,3.9373779296875,4.8994140625,3.84375,51.025390625,18.400863647460938,50.515625,17.5,5.75,3.75,5.5,3.5,5.375,3.6875,4.0,2.65625,104.865234375,89.5,655.8441009521484,0,0,0,0,0,0,0,0,0,0,0,0,0,0,175.26,187.96,135.0,23.0,27.0,0,0,0,0,0,0,0,0,0,0,1,0,0,0,0,1,0,0,0,0,1,0,0,0
Red,False,0.015625,0.0,0.45,0.4275,0.25,0.2,0.148468017578125,0.098388671875,0.0,0.0,66.5,29.6875,64.31230545043945,27.34375,89.75,48.0,85.53125,44.41152191162109,2.0,0.75,2.0546875,0.75,51.1875,18.3359375,49.6123046875,16.280410766601562,7.5,5.07647705078125,7.5,5.0,4.5,3.625,4.984375,3.9375,48.6875,17.0,47.11572265625,16.5,5.75,3.75,5.3125,3.4375,5.0625,3.5,3.875,2.5,99.2119140625,94.125,638.5,0,0,0,0,0,0,0,0,0,0,0,0,0,0,177.8,180.34,155.0,0.0,0.0,0.615,0.315,0.81875,0.0,0.875,0.0,0.0,0.0,36.25,14.75,26.75,11.375,40.0,17.75,28.875,12.75,2.0,1.375,0.0,0.0,31.0,11.5,20.0,6.375,4.0,2.125,4.25,2.875,1.25,1.125,2.5,2.125,31.625,11.125,25.75,10.5,1.625,1.125,0.5,0.5,3.0,2.5,0.5,0.375,114.125,3.625,316.0,8,0,0,1,3,3,1,0,0,0,0,0,3,0,167.64,177.8,155.0,27.0,32.0,0,0,0,0,0,0,1,0,0,0,0,0,0,0,0,1,0,0,0,0,1,0,0,0
Red,False,0.015625,0.0,0.45,0.4275,0.25,0.2,0.148468017578125,0.098388671875,0.0,0.0,66.5,29.6875,64.31230545043945,27.34375,89.75,48.0,85.53125,44.41152191162109,2.0,0.75,2.0546875,0.75,51.1875,18.3359375,49.6123046875,16.280410766601562,7.5,5.07647705078125,7.5,5.0,4.5,3.625,4.984375,3.9375,48.6875,17.0,47.11572265625,16.5,5.75,3.75,5.3125,3.4375,5.0625,3.5,3.875,2.5,99.2119140625,94.125,638.5,0,0,0,0,0,0,0,0,0,0,0,0,0,0,177.8,182.88,170.0,0.9609375,0.5,0.60912109375,0.46501953125,0.011875,0.0091796875,1.0703125,0.0,0.5,0.001953125,150.185546875,98.46484375,205.533203125,97.30859375,151.482421875,99.734375,220.30859375,111.30078125,0.23828125,0.078125,1.091796875,0.107421875,126.740234375,76.474609375,185.71484375,82.654296875,10.142578125,9.603515625,14.19921875,10.025390625,13.302734375,12.38671875,5.619140625,4.62890625,132.9375,83.46484375,186.2265625,85.423828125,9.80078125,8.787109375,11.662109375,7.837890625,7.447265625,6.212890625,7.64453125,4.046875,34.517578125,32.798828125,605.173828125,18,0,0,1,4,8,2,0,0,0,0,5,3,0,180.34,190.5,170.0,31.0,27.0,0,0,0,0,0,0,0,0,0,1,0,0,0,0,0,1,0,0,0,0,1,0,0,0
Red,False,0.0,0.0020751953125,0.447447509765625,0.4820288085937499,0.556705322265625,0.00272216796875,0.131591796875,0.297607421875,0.0001220703125,0.0,227.964111328125,96.05615234375,157.060791015625,76.7598876953125,269.3900146484375,132.1676025390625,162.5400390625,82.1861572265625,5.993408203125,3.0943603515625,3.8465576171875,0.0074462890625,209.2811279296875,81.6878662109375,125.829345703125,53.685302734375,14.295166015625,9.98046875,22.7337646484375,15.7181396484375,4.3878173828125,4.3878173828125,8.4976806640625,7.3564453125,180.544189453125,57.1982421875,151.9949951171875,72.826171875,0.9163818359375,0.7789306640625,1.0447998046875,0.9522705078125,46.5035400390625,38.0789794921875,4.02099609375,2.9814453125,450.9237060546875,13.307861328125,1238.25,36,1,0,1,5,10,4,0,0,1,3,1,4,1,175.26,195.58,170.0,0.000798225402832,2.9802322387695312e-08,0.561250796020031,0.4638988640904427,0.1692639142274856,0.4592082718014717,1.0944868624210358,1.5497207641601562e-05,0.5000000298023224,5.960464477539064e-08,153.12069922685623,84.45638307929039,224.0322832763195,106.05254784226418,179.79007956385612,108.38736867904665,299.7175985276699,172.4433349967003,3.139935225248337,1.0515002012252808,13.594939410686491,7.790684729814529,104.86647075414658,42.89258110523224,179.64529365301132,71.02778521180153,31.482156991958615,26.345904052257534,31.54843145608902,23.03115490078926,16.772071480751038,15.217897921800612,12.838558167219162,11.993607729673386,116.5973916053772,51.99344113469124,155.94731616973877,57.30257114768028,30.64783662557602,26.93505227565765,33.05615219473839,23.973790019750595,5.875470995903015,5.527889668941498,35.028814911842346,24.776186674833298,125.0643909573555,783.0414674580097,1384.2708719670773,74,4,0,2,5,17,9,0,0,0,10,4,3,0,172.72,177.8,155.0,26.0,34.0,0,0,0,0,0,0,0,0,0,1,0,0,0,0,0,1,0,0,0,0,0,0,1,0
Red,False,0.5,0.0,0.3349999999999999,0.31,0.625,0.125,0.0,0.0,0.0,0.0,194.0,66.0,122.5,38.5,221.5,88.5,160.5,72.0,4.0,2.5,3.0,0.5,168.0,47.5,109.5,31.0,18.0,11.0,9.0,5.5,8.0,7.5,4.0,2.0,172.0,52.5,117.5,33.5,4.0,3.0,3.5,3.5,18.0,10.5,1.5,1.5,324.0,84.0,900.0,6,0,2,0,2,2,0,0,0,0,2,0,0,0,162.56,170.18,135.0,0.0,0.0,0.555,0.6000000000000001,0.5,0.0,0.0,0.0,0.0,0.0,66.5,38.0,40.0,25.0,84.0,52.0,47.5,32.5,0.5,0.5,0.5,0.0,58.0,31.0,16.0,4.5,8.5,7.0,18.0,15.5,0.0,0.0,6.0,5.0,18.0,4.5,16.0,5.0,10.5,7.5,24.0,20.0,38.0,26.0,0.0,0.0,158.5,112.5,329.5,3,0,2,0,2,2,0,0,0,0,0,2,0,0,167.64,167.64,135.0,34.0,24.0,0,0,0,0,0,0,0,0,0,0,1,0,0,0,0,1,0,0,0,0,1,0,0,0
Red,False,0.015625,0.0,0.45,0.4275,0.25,0.2,0.148468017578125,0.098388671875,0.0,0.0,66.5,29.6875,64.31230545043945,27.34375,89.75,48.0,85.53125,44.41152191162109,2.0,0.75,2.0546875,0.75,51.1875,18.3359375,49.6123046875,16.280410766601562,7.5,5.07647705078125,7.5,5.0,4.5,3.625,4.984375,3.9375,48.6875,17.0,47.11572265625,16.5,5.75,3.75,5.3125,3.4375,5.0625,3.5,3.875,2.5,99.2119140625,94.125,638.5,0,0,0,0,0,0,0,0,0,0,0,0,0,0,175.26,175.26,145.0,0.5,0.0,0.5809375,0.3984375,0.3125,0.0315625,0.0,0.1875,0.0,0.0,71.78125,34.1875,67.0625,20.84375,73.5,35.71875,69.65625,23.4375,2.5,0.75,1.75,0.28125,54.53125,22.96875,45.03125,8.21875,10.84375,6.84375,13.46875,5.0,6.40625,4.375,8.5625,7.625,61.21875,25.28125,64.71875,19.3125,2.96875,1.8125,1.46875,0.71875,7.59375,7.09375,0.875,0.8125,15.96875,17.71875,536.0,16,0,1,0,1,3,3,0,0,1,1,1,0,0,177.8,185.42,155.0,23.0,29.0,0,0,0,0,0,0,1,0,0,0,0,0,0,0,0,0,0,0,1,0,0,0,1,0
Blue,False,0.015625,0.0,0.45,0.4275,0.25,0.2,0.148468017578125,0.098388671875,0.0,0.0,66.5,29.6875,64.31230545043945,27.34375,89.75,48.0,85.53125,44.41152191162109,2.0,0.75,2.0546875,0.75,51.1875,18.3359375,49.6123046875,16.280410766601562,7.5,5.07647705078125,7.5,5.0,4.5,3.625,4.984375,3.9375,48.6875,17.0,47.11572265625,16.5,5.75,3.75,5.3125,3.4375,5.0625,3.5,3.875,2.5,99.2119140625,94.125,638.5,0,0,0,0,0,0,0,0,0,0,0,0,0,0,167.64,172.72,145.0,0.0,0.0,0.385,0.5800000000000001,0.0,0.25,0.0,0.5,0.5,0.0,33.5,14.5,38.5,25.0,45.0,25.5,91.0,73.0,0.0,0.0,4.0,2.0,25.0,8.5,24.0,13.5,8.5,6.0,7.0,6.0,0.0,0.0,7.5,5.5,28.5,11.0,20.5,11.0,5.0,3.5,5.0,4.0,0.0,0.0,13.0,10.0,0.0,321.5,480.5,4,0,0,1,1,1,1,0,0,0,0,1,0,0,182.88,182.88,145.0,28.0,29.0,0,0,0,0,0,0,0,0,0,0,0,1,0,0,0,1,0,0,0,0,1,0,0,0
Blue,False,1.0,0.0,0.57,0.47,0.14,0.45,2.0,0.0,0.0,0.0,95.0,55.0,55.0,26.0,133.0,90.0,68.0,38.0,7.0,1.0,11.0,5.0,74.0,38.0,39.0,17.0,10.0,10.0,9.0,3.0,11.0,7.0,7.0,6.0,59.0,30.0,47.0,22.0,21.0,14.0,8.0,4.0,15.0,11.0,0.0,0.0,90.0,320.0,900.0,3,0,1,0,1,1,0,0,0,0,1,0,0,0,180.34,182.88,185.0,0.0,0.0,0.5382421875000001,0.33251953125,0.66736328125,0.1259765625,1.0390625,0.125,0.03125,0.0,41.685546875,23.240234375,22.748046875,8.662109375,58.146484375,37.771484375,35.078125,20.513671875,2.8125,1.40234375,0.349609375,0.1953125,34.13671875,16.86328125,19.220703125,6.09765625,3.986328125,2.89453125,1.89453125,1.220703125,3.5625,3.482421875,1.6328125,1.34375,27.91015625,13.447265625,17.712890625,4.890625,2.103515625,1.474609375,0.33203125,0.236328125,11.671875,8.318359375,4.703125,3.53515625,175.73046875,21.6796875,369.46484375,23,1,1,0,5,7,3,0,0,0,2,0,5,0,187.96,200.66,185.0,30.0,29.0,0,0,0,0,0,0,0,1,0,0,0,0,0,0,0,1,0,0,0,0,1,0,0,0
Red,False,0.25048828125,0.0039262771606445,0.5839707422256469,0.4621004247665405,0.2485166072845459,0.0689505815505981,0.8790526390075684,0.0738501548767089,0.0625,0.0019841194152832,112.93664455413818,65.78787326812744,99.82506561279295,44.0965633392334,124.54281711578368,76.38674974441528,120.82755279541016,63.02809238433838,11.790987968444824,3.1222591400146484,0.4924120903015136,0.3104119300842285,86.7977991104126,42.14825201034546,80.98333978652954,30.659295082092285,15.033556461334229,13.192374229431152,14.028926372528076,8.97019100189209,11.105288982391356,10.44724702835083,4.812799453735352,4.467077255249023,85.86029958724976,43.33353614807129,89.33922481536865,34.894402503967285,13.738959789276125,11.927319526672363,5.766891956329346,4.618973731994629,13.337385177612305,10.527017593383787,4.718948841094971,4.583187103271484,276.9311451911926,39.625274658203125,733.6952819824219,59,0,1,0,4,14,8,0,0,2,7,3,2,0,172.72,172.72,145.0,0.0004892349243164,0.5000152587890625,0.3578168034553527,0.4616613984107971,0.8603459882736206,0.0080492305755615,1.035327672958374,0.0122175216674804,0.0312519073486328,0.02734375,39.66030955314636,18.933478355407715,40.698577880859375,17.445462942123413,41.92550611495972,21.155945539474487,44.33940768241882,20.57106065750122,1.440483808517456,1.128507137298584,0.0759811401367187,0.0092875957489013,27.195874452590942,12.799015760421751,31.373866081237797,10.953468322753906,8.083597421646118,3.0515778064727783,5.996989727020264,3.790566682815552,4.380837678909302,3.082884788513184,3.3277220726013184,2.701427936553955,32.00317883491516,14.804340839385986,35.62720036506653,14.585466146469116,7.099701642990112,3.7292909622192383,0.5792148113250732,0.3205366134643554,0.5574290752410889,0.3998465538024902,4.492162704467773,2.5394601821899414,38.53069686889648,29.906726837158203,294.33949089050293,42,0,2,0,4,14,9,0,0,0,1,0,13,0,177.8,187.96,155.0,34.0,29.0,0,0,0,0,0,0,1,0,0,0,0,0,0,0,0,1,0,0,0,0,1,0,0,0
Red,False,0.5,0.0,0.69,0.22,0.5,0.2,0.0,0.0,0.0,0.0,83.0,55.5,48.5,11.5,93.0,65.5,60.5,20.5,2.5,2.5,3.0,1.0,74.5,48.0,39.5,5.5,7.0,6.0,5.5,3.5,1.5,1.5,3.5,2.5,62.0,38.0,47.0,10.0,2.5,2.5,0.0,0.0,18.5,15.0,1.5,1.5,183.5,101.0,610.5,5,0,2,0,2,2,0,0,0,0,0,2,0,0,182.88,187.96,185.0,0.5234375,0.0,0.3549609375,0.4870703125,0.0146484375,0.24287109375,0.33203125,0.0078125,0.001953125,0.501953125,114.4296875,41.837890625,84.669921875,41.326171875,128.798828125,55.125,98.0234375,51.6640625,2.71875,0.056640625,2.537109375,0.943359375,89.32421875,22.8671875,67.98828125,30.2890625,12.224609375,8.138671875,10.59765625,7.890625,12.880859375,10.83203125,6.083984375,3.146484375,103.08203125,33.71484375,72.16015625,34.228515625,8.875,5.783203125,5.87890625,3.044921875,2.47265625,2.33984375,6.630859375,4.052734375,106.431640625,105.509765625,788.583984375,22,0,2,0,2,7,3,0,0,0,3,1,3,0,182.88,190.5,185.0,26.0,34.0,0,0,0,0,0,0,0,1,0,0,0,0,0,0,0,1,0,0,0,0,0,0,1,0
Blue,False,0.0,0.0,0.44,0.57,0.54,0.0,1.0,1.0,0.0,0.0,128.0,57.0,85.0,49.0,166.0,86.0,109.0,70.0,11.0,6.0,0.0,0.0,115.0,48.0,67.0,37.0,5.0,2.0,15.0,9.0,8.0,7.0,3.0,3.0,75.0,28.0,62.0,30.0,12.0,5.0,10.0,8.0,41.0,24.0,13.0,11.0,607.0,17.0,900.0,3,0,1,0,1,1,0,0,0,0,1,0,0,0,177.8,182.88,145.0,0.0,0.0,0.55,0.325,0.25,0.135,1.0,0.0,0.5,0.5,85.5,46.5,80.0,26.0,110.0,70.5,102.5,47.5,1.0,0.5,7.5,1.0,47.0,17.0,55.5,7.5,17.0,8.5,16.0,10.0,21.5,21.0,8.5,8.5,76.0,38.5,74.5,23.5,4.5,4.5,4.0,2.0,5.0,3.5,1.5,0.5,236.5,248.5,900.0,6,1,2,0,2,2,0,0,0,2,0,0,0,0,180.34,180.34,155.0,25.0,27.0,0,0,1,0,0,0,0,0,0,0,0,0,0,0,0,0,0,0,1,0,1,0,0,0
Blue,False,0.015625,0.0,0.45,0.4275,0.25,0.2,0.148468017578125,0.098388671875,0.0,0.0,66.5,29.6875,64.31230545043945,27.34375,89.75,48.0,85.53125,44.41152191162109,2.0,0.75,2.0546875,0.75,51.1875,18.3359375,49.6123046875,16.280410766601562,7.5,5.07647705078125,7.5,5.0,4.5,3.625,4.984375,3.9375,48.6875,17.0,47.11572265625,16.5,5.75,3.75,5.3125,3.4375,5.0625,3.5,3.875,2.5,99.2119140625,94.125,638.5,0,0,0,0,0,0,0,0,0,0,0,0,0,0,185.42,185.42,170.0,0.15625,0.0859375,0.50109375,0.537890625,0.0,0.42359375,0.2578125,3.25,1.5,0.25,52.5390625,27.34375,42.921875,21.4765625,61.796875,34.8125,62.21875,38.15625,0.59375,0.0,4.1484375,2.1171875,46.0703125,21.8046875,32.5078125,12.484375,3.5703125,3.125,5.1328125,4.0078125,2.8984375,2.4140625,5.28125,4.984375,27.5078125,8.984375,31.140625,12.4921875,1.9765625,1.625,4.578125,3.8515625,23.0546875,16.734375,7.203125,5.1328125,228.0703125,241.171875,662.609375,17,0,2,0,2,5,3,0,0,1,1,2,1,0,185.42,187.96,170.0,25.0,31.0,0,0,0,0,0,0,0,0,0,1,0,0,0,0,0,1,0,0,0,0,0,0,1,0
Blue,False,0.0627517700195312,0.1563720703125,0.440217809677124,0.4977117824554443,0.3834690093994141,0.2571810913085937,0.7573966979980469,0.2539920806884765,0.2500247955322265,0.2510099411010742,136.20252323150635,55.45811939239502,147.79796600341797,64.66825485229492,146.40877437591553,64.82586574554443,166.12174892425537,81.6010856628418,0.9643669128417968,0.4033393859863281,2.1933984756469727,1.5497055053710938,116.03313827514648,41.8139705657959,129.12872314453125,50.26883506774902,10.944621086120604,5.483944892883301,11.608850479125977,7.704294204711914,9.224763870239258,8.16020393371582,7.060392379760742,6.695125579833984,125.79953479766846,49.595879554748535,130.82534980773926,52.68153476715088,5.314141273498535,3.0538902282714844,4.925027847290039,3.535098075866699,5.088847160339356,2.808349609375,12.047588348388672,8.451622009277344,52.8071985244751,164.0092430114746,770.5953130722046,47,1,0,2,3,10,11,0,0,1,2,3,4,0,185.42,195.58,205.0,0.0,0.09814453125,0.4984472656249999,0.5466943359375,0.0478906249999999,0.7622265625,0.00048828125,1.001953125,0.0,0.0,61.24951171875,26.1025390625,73.52392578125,35.89892578125,70.45263671875,34.57763671875,114.34375,74.490234375,4.0634765625,0.46044921875,3.8994140625,3.564453125,51.96337890625,19.6865234375,62.7216796875,27.91064453125,7.0576171875,4.67236328125,9.8310546875,7.0224609375,2.228515625,1.74365234375,0.97119140625,0.9658203125,47.14013671875,16.0966796875,55.7841796875,22.38232421875,10.7880859375,7.32177734375,12.7939453125,9.33251953125,3.3212890625,2.68408203125,4.94580078125,4.18408203125,109.62841796875,145.22509765625,497.76904296875,26,0,0,1,3,6,6,0,0,1,3,2,0,0,187.96,193.04,205.0,38.0,38.0,0,0,0,0,0,1,0,0,0,0,0,0,0,0,0,1,0,0,0,0,1,0,0,0
Red,False,0.0,0.375,0.5425,0.50875,0.2075,0.30125,0.75,0.5,0.0,0.0,63.25,35.125,90.0,41.625,82.625,52.375,120.125,65.625,0.5,0.375,7.0,3.375,46.75,23.125,78.875,33.5,13.625,9.375,4.0,2.375,2.875,2.625,7.125,5.75,46.625,22.25,57.125,23.25,9.375,7.0,9.125,4.25,7.25,5.875,23.75,14.125,51.375,340.125,615.75,9,0,1,0,1,1,3,0,0,1,0,0,0,0,185.42,187.96,145.0,0.0,1.0,0.2799999999999999,0.3199999999999999,0.1,0.0175,1.25,0.0,0.0,0.0,154.25,46.25,104.75,34.0,176.25,64.75,107.75,36.25,2.75,0.5,3.75,0.25,129.75,32.25,72.75,16.0,22.25,12.5,15.0,7.0,2.25,1.5,17.0,11.0,143.25,39.75,83.25,24.0,8.75,5.0,11.5,6.5,2.25,1.5,10.0,3.5,156.5,91.0,868.75,9,0,2,0,2,2,1,0,0,0,1,0,1,0,170.18,177.8,145.0,29.0,29.0,0,0,1,0,0,0,0,0,0,0,0,0,0,0,0,0,0,1,0,0,0,0,1,0
Red,False,0.0,0.53125,0.329609375,0.47109375,0.126953125,0.00515625,0.0,0.015625,0.015625,0.0,90.109375,31.0625,96.4375,44.0,107.078125,45.6875,125.40625,65.9453125,1.46875,0.5078125,0.359375,0.0234375,65.4140625,15.484375,74.21875,27.1171875,12.7578125,8.53125,13.03125,9.453125,11.9375,7.046875,9.1875,7.4296875,85.0546875,27.8203125,79.6171875,29.9140625,4.0390625,2.7265625,7.3203125,5.5859375,1.015625,0.515625,9.5,8.5,77.9140625,67.359375,749.875,21,1,3,0,3,4,4,0,0,2,1,1,0,0,165.1,162.56,135.0,0.0,0.125,0.45875,0.385,0.25,0.0225,0.0,0.0,0.75,0.25,215.625,101.0,270.5,98.25,238.5,121.625,282.5,108.25,1.125,0.375,4.125,0.25,169.5,70.625,226.75,69.875,17.875,9.75,22.625,12.625,28.25,20.625,21.125,15.75,198.625,88.5,255.5,89.75,10.125,7.125,10.125,5.75,6.875,5.375,4.875,2.75,23.25,102.125,900.0,12,0,0,2,2,2,2,0,0,1,1,0,0,0,175.26,172.72,135.0,35.0,31.0,0,0,0,0,0,0,0,0,0,0,1,0,0,0,0,1,0,0,0,0,1,0,0,0
Red,False,0.0711209774017334,0.0859375,0.468702290058136,0.4860176825523377,0.0002603530883789,0.1937990570068359,0.000737190246582,0.031494140625,4.76837158203125e-07,0.000244140625,76.77843141555786,36.83932161331177,127.33241534233092,59.85095763206482,83.23777341842651,43.18740081787109,167.0435357093811,91.74876832962036,0.0002622604370117,0.0002603530883789,3.032108783721924,0.9011616706848145,54.00549292564392,21.027491092681885,87.80459642410278,31.222062826156616,13.478911876678469,9.23246455192566,15.072223663330078,7.151447057723999,9.294026613235474,6.579365968704224,24.45559525489807,21.477447748184204,68.83227157592773,30.228105068206787,111.9277036190033,50.12672257423401,6.332024812698364,5.147339582443237,9.992941856384276,6.226126194000244,1.6141350269317627,1.4638769626617432,5.411769866943359,3.4981088638305664,0.5543744564056396,145.72457647323608,939.965919971466,58,13,16,0,16,17,6,0,0,0,3,11,3,0,187.96,195.58,185.0,0.5078125,0.3828125,0.405078125,0.378828125,0.0625,0.29453125,0.0,0.03125,0.0,0.0,56.828125,24.8671875,55.796875,19.6484375,63.75,31.3359375,63.6484375,26.203125,0.09375,0.0625,6.1015625,2.1875,50.640625,20.265625,44.921875,12.71875,2.84375,1.6484375,6.0,2.703125,3.34375,2.953125,4.875,4.2265625,39.03125,11.8515625,50.4765625,17.171875,9.328125,6.921875,2.2109375,1.1328125,8.46875,6.09375,3.109375,1.34375,29.1875,106.3671875,416.1015625,17,0,0,1,2,4,4,0,0,0,1,3,0,0,180.34,195.58,185.0,44.0,35.0,0,0,0,0,0,0,0,1,0,0,0,0,0,0,0,0,0,1,0,0,0,0,0,1
Blue,False,0.0,0.0,0.47,0.5,0.0,0.36,1.0,1.0,1.0,0.0,97.0,46.0,59.0,30.0,101.0,50.0,78.0,48.0,0.0,0.0,11.0,4.0,88.0,38.0,51.0,22.0,8.0,8.0,6.0,6.0,1.0,0.0,2.0,2.0,68.0,23.0,35.0,14.0,6.0,5.0,3.0,2.0,23.0,18.0,21.0,14.0,308.0,303.0,900.0,3,0,1,0,1,1,0,0,0,0,1,0,0,0,195.58,200.66,205.0,0.6337890625,0.03125,0.409921875,0.4907714843749999,0.0009765625,0.280361328125,0.0634765625,0.2529296875,0.0029296875,0.001953125,50.3173828125,22.6064453125,83.259765625,44.2431640625,55.45703125,26.5068359375,97.80078125,57.2734375,0.0009765625,0.0009765625,1.9853515625,1.4189453125,44.7001953125,18.6728515625,69.224609375,31.8251953125,4.9296875,3.26171875,4.7900390625,4.095703125,0.6875,0.671875,9.2451171875,8.322265625,41.6982421875,17.330078125,57.349609375,23.357421875,6.0654296875,3.3583984375,2.6220703125,1.2802734375,2.5537109375,1.91796875,23.2880859375,19.60546875,4.7451171875,190.4326171875,503.7265625,24,0,2,0,2,6,5,0,0,1,1,4,0,0,187.96,190.5,205.0,27.0,42.0,0,0,0,0,0,1,0,0,0,0,0,0,0,0,0,1,0,0,0,0,0,0,1,0
Red,False,0.5,0.25,0.4275,0.6025,0.2075,0.25,0.5,1.0,0.0,0.0,105.0,46.25,75.75,41.5,141.5,78.75,102.25,64.25,1.25,0.5,2.0,1.0,86.0,32.25,67.0,34.5,9.0,7.0,7.25,5.5,10.0,7.0,1.5,1.5,91.0,35.25,57.25,30.75,7.75,6.0,10.25,5.75,6.25,5.0,8.25,5.0,90.75,140.5,462.75,7,0,0,3,0,0,3,0,0,0,0,0,0,0,180.34,177.8,155.0,0.0,0.0,0.5,0.64,0.0,0.5,4.0,2.0,0.0,0.0,16.0,8.0,68.0,44.0,30.0,20.0,161.0,113.0,2.0,0.0,8.0,4.0,11.0,5.0,44.0,22.0,5.0,3.0,12.0,11.0,0.0,0.0,12.0,11.0,13.0,6.0,16.0,7.0,2.0,1.0,4.0,3.0,1.0,1.0,48.0,34.0,0.0,812.0,900.0,3,0,0,1,0,0,1,0,0,0,0,0,0,0,175.26,177.8,155.0,32.0,24.0,0,0,0,0,0,0,1,0,0,0,0,0,0,0,0,1,0,0,0,0,1,0,0,0
Blue,False,1.03125,0.5,0.5390625,0.463125,0.1934375,0.493125,0.75,0.0,0.03125,0.03125,126.84375,69.65625,81.65625,38.1875,133.5625,75.4375,85.5625,41.6875,4.5625,1.28125,4.15625,1.84375,98.0,49.5625,66.96875,27.34375,15.3125,10.03125,10.53125,7.3125,13.53125,10.0625,4.15625,3.53125,94.6875,47.75,71.625,31.21875,13.53125,9.15625,9.09375,6.03125,18.625,12.75,0.9375,0.9375,164.59375,45.5625,674.3125,15,0,6,0,6,6,0,0,0,0,3,3,0,0,167.64,180.34,145.0,0.258544921875,0.078125,0.49557861328125,0.4196044921875,0.0056616210937499,0.00187255859375,0.008056640625,0.0,0.0,0.0,77.3095703125,38.294677734375,115.072998046875,48.683837890625,78.005615234375,38.920654296875,118.235107421875,51.349609375,0.146728515625,0.018798828125,0.448974609375,0.01416015625,62.2646484375,27.95654296875,97.6552734375,36.708740234375,9.816650390625,6.631591796875,10.72314453125,7.064453125,5.228271484375,3.70654296875,6.694580078125,4.91064453125,67.449951171875,30.884033203125,103.790283203125,40.904541015625,4.48291015625,4.31494140625,4.839599609375,3.3994140625,5.376708984375,3.095703125,6.443115234375,4.3798828125,11.01953125,15.865966796875,470.42919921875,45,11,7,0,7,10,3,0,0,0,6,4,0,0,170.18,177.8,135.0,30.0,32.0,0,0,1,0,0,0,0,0,0,0,0,0,0,0,0,1,0,0,0,0,1,0,0,0
Blue,False,0.0,0.0,0.35,0.4,0.0,0.0,0.0,0.0,0.0,0.0,275.0,97.0,170.0,69.0,277.0,99.0,173.0,72.0,0.0,0.0,0.0,0.0,235.0,71.0,136.0,45.0,29.0,15.0,12.0,7.0,11.0,11.0,22.0,17.0,270.0,94.0,158.0,63.0,5.0,3.0,12.0,6.0,0.0,0.0,0.0,0.0,0.0,43.0,900.0,3,0,1,0,1,1,0,0,0,0,1,0,0,0,185.42,180.34,170.0,0.1341229677200317,0.7656862735748291,0.4790453118085861,0.5282610750198364,0.1892099523544311,0.4108809840679168,0.0166032314300537,0.033264935016632,0.000244140625,0.5019531846046448,140.74408876895905,67.04245072603226,144.33491802215576,78.46603149175644,147.40769118070602,73.59787720441818,151.9257129430771,85.48272109031677,0.6992955207824707,0.1923985481262207,2.820265054702759,1.4118974804878237,93.87184989452362,31.546105563640594,114.1904395222664,53.9851576089859,17.780732691287994,12.187887609004974,24.28943502902985,20.71476858854294,29.09150618314743,23.30845755338669,5.855043470859528,3.7661052942276,129.8051335811615,57.6600501537323,116.02621346712112,58.04798001050949,9.22553151845932,8.226494312286377,25.929714262485504,19.540194869041443,1.7134236693382263,1.1559062600135803,2.3789902925491333,0.8778566122055054,61.95867758989334,128.19629031419754,847.3105235099792,61,1,0,1,7,15,10,0,0,1,5,7,1,1,175.26,177.8,170.0,26.0,35.0,0,0,0,0,0,0,0,0,0,1,0,0,0,0,0,1,0,0,0,0,1,0,0,0
Red,False,0.00390625,0.2001953125,0.3874267578125,0.3836279296875,0.75759765625,0.00390625,0.50927734375,0.0,0.0,0.509765625,73.1943359375,23.892578125,121.45751953125,44.7841796875,80.845703125,30.90234375,146.1845703125,69.3740234375,2.22412109375,2.0224609375,0.05859375,0.00390625,64.9228515625,17.9169921875,98.74462890625,27.85107421875,7.3076171875,5.08251953125,7.6142578125,5.71533203125,0.9638671875,0.89306640625,15.0986328125,11.2177734375,71.90185546875,23.2060546875,119.22021484375,43.03173828125,0.046875,0.03076171875,1.15771484375,1.15234375,1.24560546875,0.65576171875,1.07958984375,0.60009765625,171.34619140625,77.63330078125,773.373046875,31,1,0,1,4,8,4,0,0,2,2,1,3,0,182.88,182.88,170.0,0.00390625,0.0,0.46421875,0.50703125,0.546640625,0.1215625,0.125,0.0625,0.0,0.0,66.11328125,30.453125,86.83203125,45.56640625,82.7109375,44.64453125,104.99609375,63.0390625,1.7265625,0.77734375,2.95703125,0.328125,42.71484375,16.2109375,66.84765625,32.05859375,15.33203125,8.5234375,16.671875,11.33984375,8.06640625,5.71875,3.3125,2.16796875,51.7890625,18.8984375,69.3984375,32.63671875,12.91796875,11.33203125,16.04296875,12.3515625,1.40625,0.22265625,1.390625,0.578125,118.9609375,124.5859375,582.48046875,22,1,4,0,4,6,3,0,0,0,2,0,3,1,180.34,182.88,170.0,36.0,28.0,0,0,0,0,0,0,0,0,0,1,0,0,0,0,0,1,0,0,0,0,1,0,0,0
Blue,True,0.5009765625,0.03125,0.516322021484375,0.448868408203125,0.3275390625,0.2542041015625,0.0206298828125,0.2574462890625,0.25,0.0,137.3939208984375,70.4482421875,107.001220703125,51.998779296875,169.082275390625,100.2276611328125,114.836669921875,58.7874755859375,4.6707763671875,3.24169921875,1.4478759765625,0.5087890625,105.8564453125,44.79931640625,86.2608642578125,34.6893310546875,27.068603515625,21.6527099609375,11.3255615234375,8.123779296875,4.4688720703125,3.9962158203125,9.414794921875,9.1856689453125,93.228271484375,37.09375,91.5753173828125,42.1781005859375,20.33447265625,13.78076171875,13.5223388671875,8.539306640625,23.8311767578125,19.57373046875,1.903564453125,1.2813720703125,195.4735107421875,9.001220703125,531.1710205078125,33,1,0,1,3,10,4,0,0,1,5,2,2,0,154.94,157.48,115.0,0.375,0.0,0.415234375,0.3578125,0.434140625,0.130546875,0.1953125,0.0078125,0.125,0.0,184.3203125,69.1484375,213.1875,84.234375,189.6328125,73.5859375,228.28125,97.8203125,1.8125,0.953125,0.2421875,0.1640625,164.4453125,56.234375,154.6015625,36.875,14.5859375,9.2265625,22.890625,16.59375,5.2890625,3.6875,35.6953125,30.765625,173.0390625,60.7109375,200.71875,75.25,2.84375,1.8125,11.375,8.234375,8.4375,6.625,1.09375,0.75,96.6328125,19.1328125,966.1796875,23,3,0,1,3,6,2,0,0,0,2,1,3,0,165.1,165.1,115.0,27.0,26.0,0,0,0,0,0,0,0,0,0,0,0,0,0,1,0,1,0,0,0,0,1,0,0,0
Red,False,0.015625,0.0,0.45,0.4275,0.25,0.2,0.148468017578125,0.098388671875,0.0,0.0,66.5,29.6875,64.31230545043945,27.34375,89.75,48.0,85.53125,44.41152191162109,2.0,0.75,2.0546875,0.75,51.1875,18.3359375,49.6123046875,16.280410766601562,7.5,5.07647705078125,7.5,5.0,4.5,3.625,4.984375,3.9375,48.6875,17.0,47.11572265625,16.5,5.75,3.75,5.3125,3.4375,5.0625,3.5,3.875,2.5,99.2119140625,94.125,638.5,0,0,0,0,0,0,0,0,0,0,0,0,0,0,162.56,170.18,135.0,0.5,0.0,0.555,0.475,0.875,0.165,0.5,0.0,0.0,0.0,104.5,58.5,139.0,64.0,139.0,89.0,158.0,81.0,3.0,2.5,2.0,0.5,99.0,54.5,115.5,48.5,3.5,2.5,8.0,4.0,2.0,1.5,15.5,11.5,75.5,35.0,128.0,55.5,4.5,4.0,4.0,3.0,24.5,19.5,7.0,5.5,239.0,19.0,620.5,5,0,2,0,2,2,0,0,0,0,0,1,1,0,170.18,170.18,135.0,22.0,32.0,1,0,0,0,0,0,0,0,0,0,0,0,0,0,0,0,0,1,0,0,1,0,0,0
Blue,False,0.3164067268371582,0.0647087097167968,0.4249346706271171,0.3556298705935478,0.072775447666645,0.0042764210700988,0.0167412161827087,0.5465745329856873,0.0001220703125,4.76837158203125e-07,48.08695396780968,20.130435794591904,35.930566281080246,13.768807709217072,66.82327875494957,34.815740406513214,37.15971782803536,14.81787207722664,2.159790873527527,0.3910488784313202,0.0902667045593261,0.0264102220535278,41.216790080070496,14.190700888633728,28.78804096579552,8.46637910604477,3.989260524511337,3.228806108236313,2.206707179546356,1.408765733242035,2.880903363227844,2.710928797721863,4.935818135738373,3.8936628699302673,32.182634353637695,10.140873938798904,34.417892664670944,13.046138644218445,1.4109609723091123,1.1338831186294556,1.4106952250003817,0.6256158351898193,14.49335864186287,8.855678737163544,0.1019783914089202,0.0970532298088073,98.32426878809927,7.848064064979553,279.0189030766487,67,0,1,0,4,14,12,0,0,3,5,2,4,0,170.18,177.8,155.0,0.2540284097194671,0.125,0.3757615461945534,0.4195632404088973,0.0104524433612823,0.076412433385849,0.0081541538238525,0.5000014305114746,7.62939453125e-06,0.017580509185791,43.876964807510376,19.507738173007965,114.67641085386276,48.30208432674408,55.02993556857109,28.91448822617531,130.0062491297722,61.08407437801361,0.1552790701389312,0.0354561805725097,0.6653897166252136,0.2573541700839996,38.840867429971695,15.637307733297348,82.77101358771324,28.588934928178787,4.003001302480698,3.347101539373398,13.535687148571014,6.652561843395233,1.0330960750579834,0.5233289003372192,18.369710117578503,13.06058755517006,38.30366414785385,16.37905266880989,100.67060592770576,40.8751817047596,1.9508213698863983,1.5512686669826508,4.089288175106049,1.5296477675437927,3.6224792897701263,1.5774168372154236,9.916516751050947,5.897254854440689,85.10974341630936,52.45836755633354,456.8727228939533,74,11,3,0,3,12,14,0,0,0,1,6,4,1,175.26,177.8,155.0,37.0,40.0,0,0,0,0,0,0,1,0,0,0,0,0,0,0,0,1,0,0,0,0,1,0,0,0
Red,False,0.0,0.0,0.24,0.69,0.0,0.59,0.0,2.0,0.0,0.5,123.0,38.5,155.0,101.0,125.5,40.0,227.0,170.0,0.0,0.0,6.5,2.0,109.0,28.0,135.0,84.0,10.5,7.5,12.5,10.5,3.5,3.0,7.5,6.5,117.0,35.0,94.5,50.5,6.0,3.5,10.5,6.0,0.0,0.0,50.0,44.5,33.0,293.0,732.5,5,0,0,2,0,0,2,0,0,0,0,0,0,0,170.18,165.1,135.0,0.0471682548522949,0.0,0.45,0.4217682266235352,0.25,0.19173828125,0.1875,0.125,0.0,0.0,69.5,30.5,66.984375,27.8466796875,94.0,48.544921875,88.50390625,44.75,2.0,0.8125,2.015625,0.6640625,54.0,19.01513671875,51.483436584472656,16.9437255859375,7.91796875,5.430633544921875,7.75,5.0625,4.780975341796875,3.9373779296875,4.8994140625,3.84375,51.025390625,18.400863647460938,50.515625,17.5,5.75,3.75,5.5,3.5,5.375,3.6875,4.0,2.65625,104.865234375,89.5,655.8441009521484,0,0,0,0,0,0,0,0,0,0,0,0,0,0,167.64,175.26,125.0,30.0,25.0,0,0,0,0,0,0,0,0,0,0,0,0,1,0,0,1,0,0,0,0,1,0,0,0
Blue,False,0.015625,0.0,0.45,0.4275,0.25,0.2,0.148468017578125,0.098388671875,0.0,0.0,66.5,29.6875,64.31230545043945,27.34375,89.75,48.0,85.53125,44.41152191162109,2.0,0.75,2.0546875,0.75,51.1875,18.3359375,49.6123046875,16.280410766601562,7.5,5.07647705078125,7.5,5.0,4.5,3.625,4.984375,3.9375,48.6875,17.0,47.11572265625,16.5,5.75,3.75,5.3125,3.4375,5.0625,3.5,3.875,2.5,99.2119140625,94.125,638.5,0,0,0,0,0,0,0,0,0,0,0,0,0,0,162.56,172.72,125.0,0.0,0.0,0.4825,0.4,0.2925,0.375,0.75,1.25,0.75,1.0,94.75,47.0,122.0,50.25,122.75,71.0,183.5,105.5,7.5,2.0,1.5,0.75,75.0,28.5,113.25,44.0,6.75,6.25,7.25,5.25,13.0,12.25,1.5,1.0,83.75,38.0,91.5,30.5,2.5,2.25,7.0,4.75,8.5,6.75,23.5,15.0,397.5,117.5,898.5,9,0,0,2,1,1,2,0,0,0,1,0,0,0,162.56,172.72,135.0,32.0,32.0,0,0,0,0,0,0,0,0,0,0,1,0,0,0,0,1,0,0,0,0,1,0,0,0
Red,False,0.015625,0.0,0.45,0.4275,0.25,0.2,0.148468017578125,0.098388671875,0.0,0.0,66.5,29.6875,64.31230545043945,27.34375,89.75,48.0,85.53125,44.41152191162109,2.0,0.75,2.0546875,0.75,51.1875,18.3359375,49.6123046875,16.280410766601562,7.5,5.07647705078125,7.5,5.0,4.5,3.625,4.984375,3.9375,48.6875,17.0,47.11572265625,16.5,5.75,3.75,5.3125,3.4375,5.0625,3.5,3.875,2.5,99.2119140625,94.125,638.5,0,0,0,0,0,0,0,0,0,0,0,0,0,0,190.5,198.12,260.0,0.302734375,0.0009765625,0.312080078125,0.375517578125,0.29,0.06431640625,0.0078125,0.0625,0.0,0.0,74.62890625,23.4716796875,61.8193359375,27.55859375,77.9033203125,26.48828125,64.84375,30.423828125,1.6416015625,0.625,0.63671875,0.0732421875,58.0908203125,14.568359375,38.015625,10.919921875,14.873046875,7.75390625,12.3251953125,7.115234375,1.6650390625,1.1494140625,11.478515625,9.5234375,64.021484375,16.5947265625,59.9658203125,26.8349609375,4.841796875,2.228515625,1.7861328125,0.6953125,5.765625,4.6484375,0.0673828125,0.0283203125,44.38671875,7.3427734375,657.9833984375,20,0,0,3,2,4,7,0,0,0,0,4,0,0,195.58,195.58,250.0,24.0,35.0,0,0,0,0,1,0,0,0,0,0,0,0,0,0,0,1,0,0,0,0,0,0,1,0
Blue,False,0.7002249509096146,0.0507819056510925,0.5377455955184995,0.4786248414218426,0.5338213675282896,0.250396275781095,0.2534875962883234,0.0039062537252902,0.2500314712524414,9.5367431640625e-07,108.91116976551712,53.87637414596975,88.88336766324937,42.099144265055656,110.61629651673138,55.422608928754926,93.98337625712156,46.94025687873364,2.1823981795459986,0.6763654109090567,1.7855598013848066,0.2519922275096178,83.70162685401738,33.81833158247173,53.81270198337734,17.626093761995435,18.83407807722688,15.123379163444042,27.408549193292856,17.590642785653472,6.3754648342728615,4.934663400053978,7.66211648657918,6.88240771740675,85.60576410591602,36.39233426190913,70.64915894716978,27.902955705299973,14.883058942854404,10.129220981150866,17.780335251241922,13.831430781632662,8.422346716746688,7.354818902909756,0.4538734648376703,0.3647577781230211,49.08666588924825,33.309156358242035,568.4277180843055,63,1,4,0,8,22,8,0,0,0,6,10,6,0,185.42,185.42,155.0,0.322265625,0.0,0.4377587890625,0.3645263671875,0.014951171875,0.4007177734375,0.009765625,0.25830078125,0.0,0.0,169.77880859375,74.0146484375,242.1220703125,92.1435546875,171.51318359375,75.732421875,265.93017578125,111.4423828125,4.4375,0.0390625,6.36474609375,3.00537109375,139.64453125,52.49853515625,221.20068359375,76.32080078125,21.2265625,13.5478515625,14.68505859375,9.75439453125,8.90771484375,7.96826171875,6.236328125,6.068359375,167.439453125,72.55078125,217.23095703125,72.74267578125,0.7919921875,0.54248046875,1.04443359375,0.56591796875,1.54736328125,0.92138671875,23.8466796875,18.8349609375,10.30908203125,323.22509765625,1226.17724609375,33,2,0,1,5,9,3,0,0,1,4,4,0,0,177.8,177.8,155.0,36.0,32.0,0,0,0,0,0,0,1,0,0,0,0,0,0,0,0,1,0,0,0,0,1,0,0,0
Blue,False,0.5,0.125,0.4975,0.4874999999999999,0.18625,0.0,0.0,0.0,0.0,0.125,153.6875,74.9375,150.75,77.5625,199.375,113.0625,174.4375,98.5,6.75,1.625,0.75,0.0,126.4375,55.3125,114.1875,47.4375,19.1875,14.125,30.8125,25.4375,8.0625,5.5,5.75,4.6875,133.75,61.0625,128.9375,60.3125,13.125,7.8125,20.625,16.0625,6.8125,6.0625,1.1875,1.1875,282.8125,18.0625,831.0,15,1,2,0,2,3,2,0,0,0,3,0,0,0,185.42,187.96,185.0,0.0471682548522949,0.0,0.45,0.4217682266235352,0.25,0.19173828125,0.1875,0.125,0.0,0.0,69.5,30.5,66.984375,27.8466796875,94.0,48.544921875,88.50390625,44.75,2.0,0.8125,2.015625,0.6640625,54.0,19.01513671875,51.483436584472656,16.9437255859375,7.91796875,5.430633544921875,7.75,5.0625,4.780975341796875,3.9373779296875,4.8994140625,3.84375,51.025390625,18.400863647460938,50.515625,17.5,5.75,3.75,5.5,3.5,5.375,3.6875,4.0,2.65625,104.865234375,89.5,655.8441009521484,0,0,0,0,0,0,0,0,0,0,0,0,0,0,185.42,187.96,185.0,31.0,29.0,0,0,0,0,0,0,0,1,0,0,0,0,0,0,0,1,0,0,0,0,1,0,0,0
Blue,False,0.0,0.0,0.36,0.45,0.0,1.0,0.0,0.0,0.0,0.0,201.0,74.0,172.0,79.0,211.0,83.0,181.0,86.0,0.0,0.0,2.0,2.0,167.0,52.0,138.0,55.0,22.0,14.0,18.0,13.0,12.0,8.0,16.0,11.0,190.0,67.0,165.0,74.0,8.0,6.0,2.0,2.0,3.0,1.0,5.0,3.0,5.0,162.0,900.0,3,0,0,1,0,0,1,0,0,0,0,0,0,0,170.18,177.8,145.0,0.5,0.5,0.41,0.385,0.0,0.375,0.0,0.0,0.5,0.0,108.5,45.0,142.0,53.0,109.5,46.0,148.0,59.0,0.5,0.0,9.0,2.5,99.0,38.5,106.0,28.5,8.5,5.5,15.0,7.5,1.0,1.0,21.0,17.0,101.0,40.0,136.0,48.5,5.0,3.5,3.0,1.5,2.5,1.5,3.0,3.0,56.0,90.0,809.0,6,0,1,0,1,1,1,0,0,0,1,0,0,0,172.72,172.72,135.0,28.0,31.0,1,0,0,0,0,0,0,0,0,0,0,0,0,0,0,1,0,0,0,0,1,0,0,0
Red,False,0.0,0.5,0.4566796875,0.46080078125,0.0393359375,0.144921875,0.0,0.1875,0.1875,0.0625,183.787109375,84.48828125,109.009765625,51.181640625,210.8046875,110.46875,122.279296875,63.994140625,2.26171875,0.24609375,4.53515625,1.17578125,109.697265625,32.951171875,89.197265625,36.697265625,42.640625,28.982421875,16.763671875,11.677734375,31.44921875,22.5546875,3.048828125,2.806640625,138.45703125,53.78125,80.005859375,32.515625,43.791015625,29.529296875,27.73828125,17.900390625,1.5390625,1.177734375,1.265625,0.765625,112.369140625,98.037109375,897.998046875,28,1,3,0,3,8,2,0,0,1,5,2,0,0,185.42,190.5,185.0,0.1964111328125,1.765625,0.2750891113281249,0.46779296875,0.00659423828125,0.0,0.000732421875,0.0,0.0,0.0,23.7880859375,7.439208984375,21.7474365234375,11.091796875,31.19189453125,12.7359619140625,23.1715087890625,12.5142822265625,3.8934326171875,0.065673828125,0.2548828125,0.0,18.966064453125,5.2147216796875,14.168212890625,7.860107421875,2.3099365234375,0.683349609375,5.652099609375,2.5869140625,2.5120849609375,1.5411376953125,1.9271240234375,0.644775390625,20.8236083984375,5.09423828125,17.8935546875,8.718505859375,1.78564453125,1.31201171875,2.3004150390625,1.61767578125,1.1788330078125,1.032958984375,1.553466796875,0.755615234375,57.4969482421875,6.122314453125,260.948486328125,22,0,2,0,5,9,5,0,0,0,2,6,1,0,185.42,195.58,185.0,30.0,35.0,0,0,0,0,0,0,0,1,0,0,0,0,0,0,0,1,0,0,0,0,0,0,1,0
Red,False,0.0,0.5,0.3875,0.5293749999999999,0.38125,0.274375,0.6875,0.5,0.0625,0.8125,84.125,31.6875,93.0,53.0,126.5,68.75,127.375,84.3125,3.0,1.0625,3.4375,1.375,78.6875,28.25,77.5625,38.1875,4.25,2.5625,6.75,6.375,1.1875,0.875,8.6875,8.4375,60.9375,17.4375,72.3125,37.875,5.125,2.6875,3.5,3.0,18.0625,11.5625,17.1875,12.125,128.6875,378.25,808.875,13,0,1,0,1,2,3,0,0,0,1,0,1,0,170.18,170.18,135.0,1.0,0.0,0.495,0.52,0.0,0.0,1.0,0.5,0.0,0.0,49.5,24.5,32.0,16.5,56.5,31.0,43.0,27.0,3.0,0.0,1.0,0.0,34.0,13.0,21.5,8.0,14.5,10.5,9.5,7.5,1.0,1.0,1.0,1.0,34.5,15.0,23.5,10.5,10.5,6.5,8.5,6.0,4.5,3.0,0.0,0.0,179.0,6.5,270.0,3,1,2,0,2,2,0,0,0,0,0,1,1,0,180.34,182.88,135.0,31.0,27.0,0,0,0,0,0,0,0,0,0,0,1,0,0,0,0,1,0,0,0,0,1,0,0,0
Blue,False,0.5,0.75,0.58375,0.385,0.1875,0.01375,0.5,0.0,0.0,0.0,105.375,52.875,124.9375,47.0,114.75,60.8125,128.375,49.9375,0.1875,0.1875,3.1875,0.125,82.5625,36.1875,105.25,35.1875,14.75,9.75,8.5625,4.1875,8.0625,6.9375,11.125,7.625,97.4375,46.875,118.5625,43.75,4.5,3.5625,3.375,1.5,3.4375,2.4375,3.0,1.75,12.9375,30.75,437.1875,13,0,3,0,3,4,1,0,0,0,2,1,1,0,180.34,190.5,145.0,0.016326904296875,0.5,0.5032684326171875,0.3796835327148437,0.07016845703125,0.2773431396484375,0.015655517578125,0.765655517578125,0.03125,0.01611328125,92.55227661132812,48.13165283203125,92.60934448242188,37.4794921875,97.12655639648438,52.1611328125,98.51422119140624,42.80929565429688,0.372222900390625,0.204193115234375,4.014678955078125,0.7200927734375,63.7777099609375,24.294189453125,75.03762817382812,24.475494384765625,14.16876220703125,10.989715576171877,8.540863037109375,5.3935546875,14.605804443359377,12.847747802734377,9.030853271484377,7.610443115234375,84.97894287109375,42.13449096679688,80.1546630859375,29.63998413085937,5.98443603515625,4.653778076171875,5.8863525390625,4.02685546875,1.588897705078125,1.3433837890625,6.568328857421875,3.812652587890625,18.776153564453125,73.17941284179688,566.5420532226562,46,0,0,1,6,10,6,0,0,0,6,4,0,0,172.72,177.8,145.0,28.0,35.0,0,0,1,0,0,0,0,0,0,0,0,0,0,0,0,1,0,0,0,0,1,0,0,0
Blue,False,0.25,0.0,0.355,0.3325,0.495,0.07,0.0,0.25,0.0,0.25,164.5,58.0,69.25,27.0,268.25,149.0,81.25,37.0,15.25,6.75,2.5,0.5,145.25,44.5,52.5,14.25,11.0,7.0,14.0,10.75,8.25,6.5,2.75,2.0,91.0,23.0,52.0,14.0,16.75,9.0,13.0,9.75,56.75,26.0,4.25,3.25,503.5,46.25,900.0,9,0,0,2,1,1,2,0,0,0,1,0,0,0,167.64,172.72,135.0,0.0,0.0,0.5549999999999999,0.345,0.14,0.33,0.0,0.5,0.0,0.0,134.5,73.5,103.0,41.5,168.5,101.5,111.5,48.5,5.0,1.0,3.5,2.0,90.0,41.0,77.0,24.5,19.5,10.0,19.5,11.0,25.0,22.5,6.5,6.0,113.5,58.5,97.0,39.0,3.0,2.0,4.5,2.0,18.0,13.0,1.5,0.5,256.0,27.5,900.0,6,1,2,0,2,2,0,0,0,0,2,0,0,0,167.64,162.56,135.0,28.0,27.0,1,0,0,0,0,0,0,0,0,0,0,0,0,0,0,1,0,0,0,0,1,0,0,0
Red,False,0.015625,0.0,0.45,0.4275,0.25,0.2,0.148468017578125,0.098388671875,0.0,0.0,66.5,29.6875,64.31230545043945,27.34375,89.75,48.0,85.53125,44.41152191162109,2.0,0.75,2.0546875,0.75,51.1875,18.3359375,49.6123046875,16.280410766601562,7.5,5.07647705078125,7.5,5.0,4.5,3.625,4.984375,3.9375,48.6875,17.0,47.11572265625,16.5,5.75,3.75,5.3125,3.4375,5.0625,3.5,3.875,2.5,99.2119140625,94.125,638.5,0,0,0,0,0,0,0,0,0,0,0,0,0,0,177.8,177.8,170.0,0.140625,0.53125,0.5687695312500001,0.3668554687499999,0.2099609375,0.10064453125,0.0,0.26171875,0.0625,0.0,62.07421875,32.08984375,111.794921875,41.369140625,64.2421875,34.169921875,117.708984375,45.818359375,0.6953125,0.42578125,1.119140625,0.33203125,32.583984375,9.431640625,102.880859375,35.166015625,14.263671875,7.888671875,6.275390625,4.681640625,15.2265625,14.76953125,2.638671875,1.521484375,59.005859375,30.06640625,92.03125,30.40234375,1.884765625,0.984375,4.638671875,3.044921875,1.18359375,1.0390625,15.125,7.921875,24.2265625,54.2265625,421.9921875,23,0,3,0,3,6,4,0,0,1,3,2,0,0,185.42,187.96,170.0,29.0,37.0,0,0,0,0,0,0,0,0,0,1,0,0,0,0,0,0,0,1,0,0,1,0,0,0
Blue,False,0.0,0.0,0.32,0.42,0.0,0.0,0.0,0.0,0.0,0.0,235.0,77.0,172.0,73.0,237.0,79.0,177.0,77.0,3.0,0.0,4.0,0.0,185.0,39.0,113.0,31.0,30.0,23.0,55.0,40.0,20.0,15.0,4.0,2.0,220.0,67.0,161.0,64.0,15.0,10.0,11.0,9.0,0.0,0.0,0.0,0.0,67.0,3.0,900.0,3,0,0,1,0,0,1,0,0,0,0,0,0,0,170.18,172.72,145.0,0.0,0.0,0.4,0.52,0.0,0.5,0.0,1.0,0.0,0.0,50.0,20.0,102.0,54.0,50.0,20.0,112.0,63.0,0.0,0.0,4.0,2.0,37.0,12.0,87.0,42.0,10.0,6.0,11.0,8.0,3.0,2.0,4.0,4.0,48.0,19.0,55.0,27.0,1.0,1.0,1.0,1.0,1.0,0.0,46.0,26.0,14.0,208.0,383.0,2,0,0,1,0,0,1,0,0,0,0,0,0,0,180.34,180.34,155.0,25.0,28.0,0,0,1,0,0,0,0,0,0,0,0,0,0,0,0,1,0,0,0,0,0,0,0,1
Red,False,0.0,0.0,0.59,0.53,1.0,0.5,0.0,0.0,0.0,0.0,144.0,86.0,76.0,41.0,180.0,121.0,81.0,46.0,2.0,2.0,2.0,1.0,131.0,74.0,64.0,30.0,8.0,8.0,11.0,10.0,5.0,4.0,1.0,1.0,85.0,38.0,67.0,36.0,15.0,13.0,7.0,3.0,44.0,35.0,2.0,2.0,276.0,59.0,658.0,3,0,1,0,1,1,0,0,0,0,0,1,0,0,195.58,203.2,265.0,0.25,0.0,0.52,0.435,0.665,0.0,0.0,0.25,0.0,0.0,59.0,31.75,78.75,32.75,109.0,75.0,92.75,46.5,2.0,1.25,0.5,0.0,54.5,28.0,55.75,13.5,2.5,2.25,11.5,8.25,2.0,1.5,11.5,11.0,38.75,17.75,69.25,26.0,11.25,7.5,8.5,6.25,9.0,6.5,1.0,0.5,349.25,14.0,779.75,8,0,1,0,1,2,1,0,0,0,2,0,0,0,185.42,190.5,245.0,27.0,32.0,0,0,0,0,1,0,0,0,0,0,0,0,0,0,0,1,0,0,0,0,1,0,0,0
Blue,False,0.015625,0.0,0.45,0.4275,0.25,0.2,0.148468017578125,0.098388671875,0.0,0.0,66.5,29.6875,64.31230545043945,27.34375,89.75,48.0,85.53125,44.41152191162109,2.0,0.75,2.0546875,0.75,51.1875,18.3359375,49.6123046875,16.280410766601562,7.5,5.07647705078125,7.5,5.0,4.5,3.625,4.984375,3.9375,48.6875,17.0,47.11572265625,16.5,5.75,3.75,5.3125,3.4375,5.0625,3.5,3.875,2.5,99.2119140625,94.125,638.5,0,0,0,0,0,0,0,0,0,0,0,0,0,0,180.34,170.18,135.0,0.515625,0.25,0.53375,0.471875,0.2475,0.54515625,0.484375,0.796875,0.015625,0.5,63.96875,34.90625,68.765625,31.71875,74.890625,45.703125,85.90625,47.765625,4.328125,0.796875,5.015625,3.046875,47.84375,22.0,52.171875,18.34375,11.21875,8.640625,11.6875,9.4375,4.90625,4.265625,4.90625,3.9375,43.4375,18.640625,47.15625,17.265625,9.140625,7.859375,10.5625,8.40625,11.390625,8.40625,11.046875,6.046875,149.515625,344.890625,749.90625,15,0,0,1,4,4,3,0,0,0,1,0,3,0,165.1,165.1,135.0,30.0,34.0,1,0,0,0,0,0,0,0,0,0,0,0,0,0,0,1,0,0,0,0,0,0,1,0
Blue,False,0.0,0.0,0.5,0.44,1.0,0.0,0.0,0.0,0.0,0.0,218.0,111.0,178.0,79.0,233.0,125.0,183.0,84.0,1.0,1.0,0.0,0.0,169.0,81.0,120.0,37.0,35.0,21.0,36.0,24.0,14.0,9.0,22.0,18.0,167.0,69.0,165.0,73.0,38.0,30.0,13.0,6.0,13.0,12.0,0.0,0.0,69.0,72.0,843.0,3,0,1,0,1,1,0,0,0,0,0,1,0,0,190.5,195.58,265.0,0.0003848373889923,0.135988250374794,0.4238253206014633,0.3544081468880176,0.1944836500287056,0.3043328876048327,8.121132850646973e-06,0.003921516239643,0.0625,0.0664062574505806,89.80042138695717,39.30748159438372,88.9143955335021,31.51588773727417,98.06110372394323,46.29272931814194,102.322439648211,43.72123409807682,2.132907882332802,0.7539367750287056,2.778649277985096,1.0377197414636612,61.88966393470764,18.796376548707485,67.7449716180563,18.392149053514004,14.879115417599678,9.883795574307442,17.379337407648563,10.052532233297825,13.031642034649847,10.62730947136879,3.790086507797241,3.0712064504623413,81.2756127640605,35.071784757077694,74.15283551812172,22.974078230559822,6.538698948919773,3.327911660075188,8.740002892911434,4.10326025635004,1.9861096739768984,0.907785177230835,6.021557122468948,4.438549250364304,35.26803757995367,102.39769715815784,891.0783837139606,59,5,1,0,7,16,12,0,0,1,4,9,2,0,190.5,195.58,240.0,27.0,40.0,0,0,0,0,1,0,0,0,0,0,0,0,0,0,0,1,0,0,0,0,1,0,0,0
Red,False,0.25,0.0,0.7081249999999999,0.585,0.10625,0.205625,0.0,0.0625,0.0,0.0,70.125,36.4375,32.0,18.25,71.125,37.3125,38.25,24.0625,1.0,0.75,4.4375,1.5625,56.4375,25.4375,26.6875,13.4375,12.125,9.5625,3.6875,3.1875,1.5625,1.4375,1.625,1.625,38.25,10.625,20.4375,9.4375,26.3125,21.75,7.9375,6.6875,5.5625,4.0625,3.625,2.125,53.0625,130.1875,349.375,11,0,0,1,2,3,2,0,0,0,1,2,0,0,185.42,190.5,205.0,0.008148193359375,0.640625,0.499002685546875,0.6377963256835938,0.335037841796875,0.113935546875,0.90838623046875,0.001220703125,0.0009765625,0.001953125,30.552154541015625,13.4244384765625,61.28189086914063,33.771026611328125,45.63409423828125,26.39605712890625,76.33932495117188,47.911468505859375,3.056793212890625,0.791778564453125,4.987823486328125,1.83837890625,27.615203857421875,11.34967041015625,54.796295166015625,28.3592529296875,2.8431396484375,1.98095703125,5.3023681640625,4.292999267578125,0.09381103515625,0.09381103515625,1.1832275390625,1.1187744140625,22.931121826171875,7.65802001953125,37.3994140625,15.6378173828125,1.114044189453125,0.52191162109375,9.276519775390623,5.723052978515625,6.506988525390625,5.2445068359375,14.60595703125,12.41015625,91.73098754882812,146.47076416015625,459.2304992675781,36,1,5,0,5,11,5,0,0,0,2,4,4,1,187.96,193.04,205.0,25.0,39.0,0,0,0,0,0,1,0,0,0,0,0,0,0,0,0,0,0,1,0,0,1,0,0,0
Red,False,0.0,0.0,0.4549999999999999,0.43,0.0,0.5700000000000001,0.0,0.5,0.0,0.0,22.0,9.5,45.0,19.5,65.0,47.0,115.5,58.0,1.0,0.0,4.0,1.0,15.5,5.0,43.0,17.5,5.0,3.5,2.0,2.0,1.5,1.0,0.0,0.0,16.0,5.5,12.0,3.0,5.5,3.5,4.5,2.0,0.5,0.5,28.5,14.5,0.0,221.5,349.5,3,0,0,2,0,0,2,0,0,0,0,0,0,0,187.96,187.96,253.0,0.0,0.0,0.45,0.4,0.0,0.33,0.0,1.0,0.0,0.0,64.0,29.0,30.0,12.0,70.0,35.0,34.0,16.0,0.0,0.0,3.0,1.0,56.0,21.0,30.0,12.0,5.0,5.0,0.0,0.0,3.0,3.0,0.0,0.0,51.0,17.0,25.0,8.0,7.0,6.0,2.0,1.0,6.0,6.0,3.0,3.0,76.0,142.0,448.0,2,0,0,1,0,0,1,0,0,0,0,0,0,0,195.58,203.2,265.0,36.0,30.0,0,0,0,0,1,0,0,0,0,0,0,0,0,0,0,0,0,0,1,0,1,0,0,0
Blue,False,0.75,0.0,0.435,0.3299999999999999,0.5,1.0,1.0,0.5,0.25,0.0,92.0,45.0,43.5,14.75,112.0,61.5,47.0,17.0,1.25,0.75,1.0,1.0,75.5,32.5,38.0,11.5,9.5,6.75,3.5,2.25,7.0,5.75,2.0,1.0,48.0,19.25,38.5,12.5,8.5,5.0,2.75,0.5,35.5,20.75,2.25,1.75,111.0,62.25,327.75,5,0,3,0,3,3,0,0,0,0,0,2,1,0,180.34,177.8,135.0,1.0740966796875,0.0,0.4253936767578125,0.41534912109375,0.071533203125,0.18546142578125,0.521484375,0.12628173828125,0.00390625,0.0,196.919677734375,83.56378173828125,128.5106201171875,54.02105712890625,209.2943115234375,95.15087890625,150.21710205078125,71.701171875,0.28955078125,0.14501953125,4.22442626953125,1.1370849609375,135.49493408203125,47.49151611328125,97.36407470703124,37.041748046875,50.143798828125,29.19952392578125,19.25579833984375,8.6131591796875,11.28094482421875,6.87274169921875,11.8907470703125,8.36614990234375,175.17529296875,70.1256103515625,115.53289794921876,44.36029052734375,11.36932373046875,6.1806640625,4.88006591796875,3.3487548828125,10.37506103515625,7.25750732421875,8.09765625,6.31201171875,62.5972900390625,76.0599365234375,869.34912109375,38,0,0,1,6,12,3,0,0,1,4,6,1,0,160.02,170.18,135.0,27.0,28.0,1,0,0,0,0,0,0,0,0,0,0,0,0,0,0,0,0,0,1,0,1,0,0,0
Blue,False,0.0,0.0625,0.45140625,0.316015625,0.548125,0.0490625,0.875,0.4453125,0.0,0.25,32.2421875,18.78125,11.8125,4.2578125,38.5078125,24.3828125,13.265625,5.5703125,2.09375,1.1796875,1.65625,0.3828125,26.1015625,14.90625,9.515625,2.5859375,3.2109375,1.4375,1.3046875,0.90625,2.9296875,2.4375,0.9921875,0.765625,12.234375,4.5078125,8.9453125,2.5859375,1.3203125,0.984375,0.984375,0.7265625,18.6875,13.2890625,1.8828125,0.9453125,90.265625,65.015625,220.1484375,13,0,1,0,3,6,2,0,0,0,1,3,2,0,185.42,195.58,185.0,0.62548828125,0.3203125,0.51744140625,0.3634423828124999,0.0753369140625,0.5,0.29052734375,0.0,0.25048828125,0.0009765625,101.6748046875,55.869140625,145.22998046875,52.39599609375,119.30078125,73.30224609375,150.6689453125,57.80615234375,2.755859375,0.38134765625,0.5087890625,0.5,70.34912109375,33.68798828125,129.39111328125,41.029296875,25.0341796875,17.8896484375,13.82568359375,9.49609375,6.29150390625,4.29150390625,2.01318359375,1.87060546875,82.10400390625,40.53076171875,132.75244140625,44.7099609375,13.80859375,9.89306640625,8.2978515625,5.84228515625,5.76220703125,5.4453125,4.1796875,1.84375,67.77099609375,32.81103515625,690.14453125,23,0,5,0,5,9,3,0,0,0,1,4,4,0,185.42,182.88,185.0,30.0,39.0,0,0,0,0,0,0,0,1,0,0,0,0,0,0,0,1,0,0,0,0,1,0,0,0
Red,False,0.015625,0.0,0.45,0.4275,0.25,0.2,0.148468017578125,0.098388671875,0.0,0.0,66.5,29.6875,64.31230545043945,27.34375,89.75,48.0,85.53125,44.41152191162109,2.0,0.75,2.0546875,0.75,51.1875,18.3359375,49.6123046875,16.280410766601562,7.5,5.07647705078125,7.5,5.0,4.5,3.625,4.984375,3.9375,48.6875,17.0,47.11572265625,16.5,5.75,3.75,5.3125,3.4375,5.0625,3.5,3.875,2.5,99.2119140625,94.125,638.5,0,0,0,0,0,0,0,0,0,0,0,0,0,0,185.42,190.5,155.0,0.0,0.0,0.45,0.3,0.0,0.0,1.0,0.0,0.0,0.0,35.0,16.0,33.0,10.0,42.0,23.0,43.0,19.0,0.0,0.0,1.0,0.0,28.0,10.0,25.0,5.0,5.0,4.0,7.0,5.0,2.0,2.0,1.0,0.0,33.0,15.0,31.0,8.0,2.0,1.0,2.0,2.0,0.0,0.0,0.0,0.0,5.0,56.0,290.0,1,0,1,0,1,1,0,0,0,0,0,0,1,0,187.96,185.42,155.0,26.0,25.0,0,0,0,0,0,0,1,0,0,0,0,0,0,0,0,1,0,0,0,0,1,0,0,0
Blue,False,0.015625,0.0,0.45,0.4275,0.25,0.2,0.148468017578125,0.098388671875,0.0,0.0,66.5,29.6875,64.31230545043945,27.34375,89.75,48.0,85.53125,44.41152191162109,2.0,0.75,2.0546875,0.75,51.1875,18.3359375,49.6123046875,16.280410766601562,7.5,5.07647705078125,7.5,5.0,4.5,3.625,4.984375,3.9375,48.6875,17.0,47.11572265625,16.5,5.75,3.75,5.3125,3.4375,5.0625,3.5,3.875,2.5,99.2119140625,94.125,638.5,0,0,0,0,0,0,0,0,0,0,0,0,0,0,177.8,185.42,170.0,0.1250457763671875,0.73052978515625,0.4906460571289062,0.6122491455078125,0.0078277587890625,0.261038818359375,0.002532958984375,0.507904052734375,0.0,0.0078277587890625,24.92549133300781,11.427047729492188,28.69293212890625,16.005859375,39.80302429199219,26.088943481445312,35.5858154296875,22.195541381835938,0.0081329345703125,0.0078277587890625,0.5667572021484375,0.5283966064453125,13.76763916015625,4.100860595703125,22.271499633789062,11.476882934570312,10.532516479492188,6.9196624755859375,3.00927734375,1.972808837890625,0.625335693359375,0.406524658203125,3.4121551513671875,2.5561676025390625,16.045242309570312,5.907806396484375,17.509689331054688,7.089859008789063,7.9795074462890625,5.068695068359375,8.079940795898438,6.246841430664063,0.9007415771484376,0.4505462646484375,3.103302001953125,2.669158935546875,0.9948272705078124,138.2751922607422,270.1424865722656,33,0,3,0,3,9,8,0,0,1,2,3,3,0,187.96,195.58,170.0,28.0,36.0,0,0,0,0,0,0,0,0,0,1,0,0,0,0,0,0,0,1,0,0,1,0,0,0
Blue,False,0.078125,0.1953125,0.521796875,0.568984375,0.75875,0.06953125,0.0,0.5,0.0,0.5,62.90625,31.32421875,73.1328125,34.46484375,64.06640625,32.48046875,76.2421875,37.57421875,1.8125,1.1875,1.1796875,0.21875,43.11328125,14.52734375,52.75390625,19.16015625,11.17578125,8.6328125,11.45703125,7.7109375,8.6171875,8.1640625,8.921875,7.59375,52.48046875,22.24609375,66.51953125,28.58984375,8.9609375,7.66796875,5.15234375,4.609375,1.46484375,1.41015625,1.4609375,1.265625,87.0078125,43.140625,556.2421875,20,0,2,0,2,5,4,0,0,1,0,4,0,0,177.8,180.34,170.0,0.16455078125,0.125,0.654266357421875,0.772208251953125,0.16259033203125,0.398046875,0.1763916015625,0.626220703125,0.5,0.188232421875,41.5252685546875,27.513427734375,19.1661376953125,12.733154296875,54.760009765625,38.5240478515625,28.5537109375,21.82470703125,1.9830322265625,0.6226806640625,2.8106689453125,1.212646484375,33.43212890625,20.4654541015625,15.603515625,9.5455322265625,6.12841796875,5.1151123046875,2.320556640625,2.0125732421875,1.9647216796875,1.932861328125,1.2420654296875,1.175048828125,12.7991943359375,6.7479248046875,10.8387451171875,5.08544921875,6.8382568359375,6.2601318359375,1.89990234375,1.501953125,21.8878173828125,14.50537109375,6.427490234375,6.145751953125,142.5467529296875,178.2965087890625,422.8668212890625,30,0,0,1,3,9,5,0,0,0,2,4,3,0,180.34,193.04,170.0,27.0,31.0,0,0,0,0,0,0,0,0,0,1,0,0,0,0,0,1,0,0,0,0,1,0,0,0
Red,False,0.0,0.0,0.395,0.51,0.0,0.25,0.0,0.0,0.0,0.0,182.5,73.0,266.0,127.5,183.0,73.5,278.5,140.0,1.5,0.0,4.0,0.5,134.0,45.5,217.0,89.0,43.0,22.0,40.0,30.0,5.5,5.5,9.0,8.5,172.0,65.0,222.5,90.0,8.5,6.0,41.0,35.0,2.0,2.0,2.5,2.5,79.5,52.0,900.0,6,0,0,2,0,0,2,0,0,0,0,0,0,0,154.94,162.56,115.0,0.01953125,0.0,0.400859375,0.4138671875,0.34375,0.575,0.0,0.5078125,0.00390625,0.0,106.94921875,55.6640625,165.01953125,56.93359375,109.59765625,58.1328125,174.53515625,65.5546875,0.53515625,0.40625,2.6484375,0.8984375,76.19921875,30.84375,134.59375,36.33203125,18.48828125,14.07421875,20.8046875,12.69921875,12.26171875,10.74609375,9.62109375,7.90234375,97.64453125,48.2109375,150.32421875,45.3828125,8.40625,6.64453125,9.9296875,6.984375,0.8984375,0.80859375,4.765625,4.56640625,49.109375,126.9765625,576.2734375,23,0,1,0,1,3,6,0,0,0,3,0,0,0,160.02,162.56,115.0,32.0,34.0,0,0,0,0,0,0,0,0,0,0,0,0,0,1,0,1,0,0,0,0,1,0,0,0
Red,False,0.015625,0.0,0.45,0.4275,0.25,0.2,0.148468017578125,0.098388671875,0.0,0.0,66.5,29.6875,64.31230545043945,27.34375,89.75,48.0,85.53125,44.41152191162109,2.0,0.75,2.0546875,0.75,51.1875,18.3359375,49.6123046875,16.280410766601562,7.5,5.07647705078125,7.5,5.0,4.5,3.625,4.984375,3.9375,48.6875,17.0,47.11572265625,16.5,5.75,3.75,5.3125,3.4375,5.0625,3.5,3.875,2.5,99.2119140625,94.125,638.5,0,0,0,0,0,0,0,0,0,0,0,0,0,0,160.02,162.56,115.0,0.0,0.0,0.4940624999999999,0.6053124999999999,0.20828125,0.6488281250000001,0.1640625,0.3125,0.625,0.0625,59.59375,24.046875,91.9296875,57.1640625,121.359375,77.9453125,139.78125,101.09375,4.609375,1.375,7.1953125,5.6328125,49.21875,15.6015625,78.765625,46.578125,4.734375,4.1953125,11.359375,9.0390625,5.640625,4.25,1.8046875,1.546875,45.203125,14.2421875,42.4609375,14.75,8.40625,5.8046875,5.5859375,3.984375,5.984375,4.0,43.8828125,38.4296875,99.3671875,499.9375,882.1484375,23,2,1,0,2,4,4,0,0,0,3,0,1,0,154.94,160.02,115.0,30.0,31.0,0,0,0,0,0,0,0,0,0,0,0,0,0,1,0,1,0,0,0,0,1,0,0,0
Red,False,0.015625,0.0,0.45,0.4275,0.25,0.2,0.148468017578125,0.098388671875,0.0,0.0,66.5,29.6875,64.31230545043945,27.34375,89.75,48.0,85.53125,44.41152191162109,2.0,0.75,2.0546875,0.75,51.1875,18.3359375,49.6123046875,16.280410766601562,7.5,5.07647705078125,7.5,5.0,4.5,3.625,4.984375,3.9375,48.6875,17.0,47.11572265625,16.5,5.75,3.75,5.3125,3.4375,5.0625,3.5,3.875,2.5,99.2119140625,94.125,638.5,0,0,0,0,0,0,0,0,0,0,0,0,0,0,182.88,182.88,145.0,0.6875,0.515625,0.49046875,0.4576953124999999,0.3942187499999999,0.06125,0.02734375,0.25,0.0,0.0,97.916015625,49.775390625,76.921875,33.326171875,123.572265625,73.453125,78.79296875,34.861328125,4.470703125,1.951171875,0.376953125,0.234375,80.279296875,35.263671875,64.078125,24.109375,11.486328125,10.32421875,8.181640625,5.248046875,6.150390625,4.1875,4.662109375,3.96875,71.265625,28.84375,73.369140625,30.34765625,4.33203125,3.76953125,2.166015625,1.927734375,22.318359375,17.162109375,1.38671875,1.05078125,208.853515625,37.755859375,614.533203125,22,0,3,0,3,7,3,0,0,0,2,2,3,0,177.8,180.34,170.0,26.0,32.0,0,0,0,0,0,0,1,0,0,0,0,0,0,0,0,1,0,0,0,0,1,0,0,0
Red,False,0.0,0.75,0.3925,0.3349999999999999,0.0,0.5800000000000001,0.25,0.5,0.0,0.0,33.5,14.5,39.75,15.25,37.0,17.0,51.5,24.75,0.0,0.0,3.5,2.25,28.0,10.75,36.5,13.25,4.5,3.0,2.25,1.0,1.0,0.75,1.0,1.0,29.5,11.25,25.75,10.0,3.0,2.75,5.5,1.5,1.0,0.5,8.5,3.75,1.75,216.0,300.25,4,0,0,1,1,1,2,0,0,0,0,0,1,0,187.96,187.96,155.0,2.60770320892334e-07,0.12506103515625,0.5211594781558961,0.215814755782485,0.3437142995838076,0.5974498847965151,0.3056001709774136,0.5045481072738767,0.0006180116906762,0.0156326349824666,21.56628838274628,10.854384424164891,26.998167453333732,12.765710686333476,24.84337226767093,13.92382038757205,30.71002578176558,16.11104646883905,1.0861300230026243,0.5181574234738946,0.6994046624749899,0.6555596617981791,15.617656691931188,6.0063726510852575,21.02054996602237,8.267528019845486,2.7328591644763947,2.181389239616692,3.839614282362163,3.2536598220467567,3.2157725263386965,2.6666225334629416,2.1380032049492,1.244522844441235,16.91948571894318,7.502785527147353,23.11342520918697,10.081877954304218,1.5367223154753449,1.0599129106849432,1.874117991887033,1.320938074029982,3.110080348327756,2.291685986332596,2.0106242522597317,1.3628946579992771,25.316083340905607,55.27551728766412,192.99772168230265,71,0,2,0,7,18,13,0,0,2,6,3,7,0,172.72,180.34,155.0,29.0,35.0,0,0,0,0,0,0,1,0,0,0,0,0,0,0,0,0,0,1,0,0,0,0,1,0
Blue,False,0.625,0.140625,0.38546875,0.60453125,0.01171875,0.1975,0.0625,0.25,0.0,0.125,23.046875,7.515625,21.21875,12.609375,25.953125,9.984375,38.21875,27.40625,0.15625,0.09375,3.625,1.75,19.65625,5.5625,16.75,8.9375,2.3125,1.390625,0.953125,0.28125,1.078125,0.5625,3.515625,3.390625,19.84375,5.0,12.484375,5.5625,0.921875,0.859375,0.5,0.4375,2.28125,1.65625,8.234375,6.609375,11.390625,230.46875,341.140625,12,2,0,1,1,2,5,0,0,0,1,1,0,0,187.96,190.5,170.0,0.5,0.0316162109375,0.430230712890625,0.3944433593749999,0.231466064453125,0.379615478515625,0.07861328125,0.2734375,0.5,0.0,141.203857421875,51.936279296875,120.8565673828125,43.0657958984375,193.98046875,99.26171875,140.7081298828125,60.6019287109375,7.4893798828125,1.4466552734375,2.8748779296875,1.2816162109375,100.6865234375,26.414794921875,107.330810546875,33.54296875,21.812744140625,10.1004638671875,9.7777099609375,6.0460205078125,18.70458984375,15.4210205078125,3.748046875,3.476806640625,118.26318359375,35.40185546875,102.935546875,31.71630859375,6.477294921875,2.53515625,10.4752197265625,6.7320556640625,16.46337890625,13.999267578125,7.44580078125,4.617431640625,287.9783935546875,140.332763671875,879.770751953125,39,1,3,0,3,8,6,0,0,1,5,0,2,0,180.34,190.5,170.0,30.0,34.0,0,0,0,0,0,0,0,0,0,1,0,0,0,0,0,1,0,0,0,0,1,0,0,0
Red,False,0.0,0.0,0.49,0.25,1.0,0.0,0.0,0.0,0.0,0.0,134.0,66.0,128.0,33.0,167.0,87.0,188.0,85.0,2.0,2.0,0.0,0.0,101.0,41.0,113.0,18.0,26.0,18.0,5.0,5.0,7.0,7.0,10.0,10.0,106.0,46.0,116.0,26.0,19.0,14.0,12.0,7.0,9.0,6.0,0.0,0.0,294.0,97.0,900.0,3,0,1,0,1,1,0,0,0,0,1,0,0,0,172.72,170.18,125.0,0.0,0.5,0.27875,0.36,0.4025,0.5625,0.125,0.25,0.0,0.125,166.875,48.5,181.125,67.75,211.375,85.125,205.5,87.5,4.25,1.0,3.125,2.0,157.0,42.75,160.25,52.125,6.875,3.25,13.25,8.25,3.0,2.5,7.625,7.375,151.625,38.75,160.25,54.375,2.5,1.75,5.875,4.125,12.75,8.0,15.0,9.25,195.75,260.625,878.0,13,1,0,2,1,1,3,0,0,0,0,1,0,0,170.18,175.26,125.0,34.0,36.0,0,0,0,0,0,0,0,0,0,0,0,0,1,0,0,0,0,1,0,0,1,0,0,0
Red,False,0.015625,0.0,0.45,0.4275,0.25,0.2,0.148468017578125,0.098388671875,0.0,0.0,66.5,29.6875,64.31230545043945,27.34375,89.75,48.0,85.53125,44.41152191162109,2.0,0.75,2.0546875,0.75,51.1875,18.3359375,49.6123046875,16.280410766601562,7.5,5.07647705078125,7.5,5.0,4.5,3.625,4.984375,3.9375,48.6875,17.0,47.11572265625,16.5,5.75,3.75,5.3125,3.4375,5.0625,3.5,3.875,2.5,99.2119140625,94.125,638.5,0,0,0,0,0,0,0,0,0,0,0,0,0,0,172.72,185.42,155.0,0.1875,0.03125,0.506875,0.4309375,0.415625,0.165,0.0,0.5,0.03125,0.0,35.6875,16.875,70.09375,28.40625,38.0,18.875,112.65625,67.4375,1.90625,0.90625,3.53125,1.4375,22.53125,7.6875,54.4375,16.75,7.25,5.0625,8.6875,5.34375,5.90625,4.125,6.96875,6.3125,31.59375,14.15625,52.90625,15.28125,2.34375,1.6875,4.46875,2.34375,1.75,1.03125,12.71875,10.78125,14.75,282.09375,638.375,15,0,0,2,2,2,4,0,0,0,1,1,0,0,190.5,187.96,155.0,23.0,34.0,0,0,0,0,0,0,1,0,0,0,0,0,0,0,0,1,0,0,0,0,0,0,1,0
Red,False,0.015625,0.0,0.45,0.4275,0.25,0.2,0.148468017578125,0.098388671875,0.0,0.0,66.5,29.6875,64.31230545043945,27.34375,89.75,48.0,85.53125,44.41152191162109,2.0,0.75,2.0546875,0.75,51.1875,18.3359375,49.6123046875,16.280410766601562,7.5,5.07647705078125,7.5,5.0,4.5,3.625,4.984375,3.9375,48.6875,17.0,47.11572265625,16.5,5.75,3.75,5.3125,3.4375,5.0625,3.5,3.875,2.5,99.2119140625,94.125,638.5,0,0,0,0,0,0,0,0,0,0,0,0,0,0,170.18,182.88,155.0,0.25,0.03125,0.475,0.41625,0.70625,0.0,0.65625,0.25,0.125,0.25,20.96875,11.5,15.9375,6.25,38.53125,24.96875,22.09375,11.4375,1.53125,1.46875,0.25,0.0,18.78125,9.34375,7.0625,0.875,2.125,2.09375,4.5625,2.40625,0.0625,0.0625,4.3125,2.96875,10.875,3.71875,14.5,5.21875,0.5625,0.28125,0.90625,0.625,9.53125,7.5,0.53125,0.40625,172.6875,19.125,342.125,11,0,1,0,4,5,1,0,0,0,2,1,2,0,177.8,177.8,155.0,22.0,27.0,0,0,0,0,0,0,1,0,0,0,0,0,0,0,0,1,0,0,0,0,0,0,1,0
Red,False,0.015625,0.0,0.45,0.4275,0.25,0.2,0.148468017578125,0.098388671875,0.0,0.0,66.5,29.6875,64.31230545043945,27.34375,89.75,48.0,85.53125,44.41152191162109,2.0,0.75,2.0546875,0.75,51.1875,18.3359375,49.6123046875,16.280410766601562,7.5,5.07647705078125,7.5,5.0,4.5,3.625,4.984375,3.9375,48.6875,17.0,47.11572265625,16.5,5.75,3.75,5.3125,3.4375,5.0625,3.5,3.875,2.5,99.2119140625,94.125,638.5,0,0,0,0,0,0,0,0,0,0,0,0,0,0,177.8,187.96,185.0,0.28125,0.75,0.3767578125,0.4612109375,0.23416015625,0.043828125,0.25,0.07421875,0.06640625,0.001953125,79.591796875,30.8203125,77.830078125,35.677734375,100.255859375,49.826171875,95.1328125,50.822265625,2.48046875,0.490234375,2.005859375,0.3203125,68.728515625,24.41796875,54.005859375,18.095703125,7.083984375,4.193359375,12.3828125,6.328125,3.779296875,2.208984375,11.44140625,11.25390625,51.53125,13.390625,61.796875,25.306640625,19.884765625,11.8984375,7.37890625,4.96875,8.17578125,5.53125,8.654296875,5.40234375,98.16015625,132.255859375,677.380859375,26,0,1,0,5,6,4,0,0,1,4,1,0,0,185.42,195.58,185.0,31.0,29.0,0,0,0,0,0,0,0,1,0,0,0,0,0,0,0,1,0,0,0,0,0,0,1,0
Red,False,0.0,0.0,0.5725,0.4675,0.25,0.25,0.25,0.0,0.0,0.0,78.75,45.0,80.5,43.25,98.75,63.5,126.75,85.25,0.75,0.25,2.5,0.5,58.0,26.5,65.25,30.75,10.25,8.5,10.25,8.5,10.5,10.0,5.0,4.0,54.75,25.5,49.25,19.0,18.25,14.5,25.75,19.75,5.75,5.0,5.5,4.5,50.5,295.5,707.0,7,0,1,0,1,1,2,0,0,0,0,0,1,0,190.5,190.5,249.0,0.0,0.0,0.4,0.84,0.0,0.5,0.0,0.0,0.0,0.0,32.0,13.0,26.0,22.0,37.0,18.0,31.0,26.0,2.0,0.0,2.0,1.0,25.0,9.0,16.0,13.0,6.0,3.0,9.0,8.0,1.0,1.0,1.0,1.0,22.0,8.0,5.0,3.0,10.0,5.0,7.0,7.0,0.0,0.0,14.0,12.0,12.0,116.0,261.0,1,0,0,1,0,0,1,0,0,0,0,0,0,0,190.5,213.36,257.0,26.0,26.0,0,0,0,0,1,0,0,0,0,0,0,0,0,0,0,1,0,0,0,0,0,0,1,0
Red,False,0.0703125,0.1875,0.32828125,0.383203125,0.157734375,0.484375,0.9453125,0.0,0.015625,0.03125,32.3046875,12.0859375,35.84375,13.3828125,39.8515625,19.0546875,38.9609375,16.40625,3.640625,0.7578125,0.8671875,0.859375,25.8671875,7.7890625,29.03125,8.6484375,2.8046875,2.3046875,3.421875,1.84375,3.6328125,1.9921875,3.390625,2.890625,28.546875,9.15625,31.8203125,10.1171875,2.6171875,1.9609375,2.8515625,2.421875,1.140625,0.96875,1.171875,0.84375,50.15625,29.9375,264.1171875,12,0,2,0,2,6,2,0,0,0,0,1,5,0,187.96,203.2,240.0,0.05914306640625,0.19012451171875,0.674876708984375,0.4797985839843749,0.25836181640625,0.28633056640625,0.515625,0.000244140625,0.0,0.0,21.96112060546875,16.5234375,41.337646484375,21.02020263671875,30.0137939453125,23.50421142578125,56.758544921875,34.3155517578125,1.17449951171875,0.50885009765625,2.2117919921875,1.078369140625,13.5946044921875,8.94256591796875,33.79443359375,15.77911376953125,7.19256591796875,6.45086669921875,5.6649169921875,3.57830810546875,1.1739501953125,1.1300048828125,1.8782958984375,1.66278076171875,9.71856689453125,5.668212890625,24.48663330078125,8.1629638671875,4.57244873046875,4.48284912109375,10.09429931640625,6.5888671875,7.67010498046875,6.37237548828125,6.7567138671875,6.26837158203125,70.7034912109375,140.775390625,427.2252807617188,29,1,1,0,4,9,6,0,1,0,2,6,0,0,193.04,203.2,265.0,41.0,38.0,0,0,0,0,1,0,0,0,0,0,0,0,0,0,0,1,0,0,0,0,1,0,0,0
Red,False,0.015625,0.0,0.45,0.4275,0.25,0.2,0.148468017578125,0.098388671875,0.0,0.0,66.5,29.6875,64.31230545043945,27.34375,89.75,48.0,85.53125,44.41152191162109,2.0,0.75,2.0546875,0.75,51.1875,18.3359375,49.6123046875,16.280410766601562,7.5,5.07647705078125,7.5,5.0,4.5,3.625,4.984375,3.9375,48.6875,17.0,47.11572265625,16.5,5.75,3.75,5.3125,3.4375,5.0625,3.5,3.875,2.5,99.2119140625,94.125,638.5,0,0,0,0,0,0,0,0,0,0,0,0,0,0,182.88,187.96,145.0,0.0471682548522949,0.0,0.45,0.4217682266235352,0.25,0.19173828125,0.1875,0.125,0.0,0.0,69.5,30.5,66.984375,27.8466796875,94.0,48.544921875,88.50390625,44.75,2.0,0.8125,2.015625,0.6640625,54.0,19.01513671875,51.483436584472656,16.9437255859375,7.91796875,5.430633544921875,7.75,5.0625,4.780975341796875,3.9373779296875,4.8994140625,3.84375,51.025390625,18.400863647460938,50.515625,17.5,5.75,3.75,5.5,3.5,5.375,3.6875,4.0,2.65625,104.865234375,89.5,655.8441009521484,0,0,0,0,0,0,0,0,0,0,0,0,0,0,170.18,182.88,145.0,26.0,25.0,0,0,1,0,0,0,0,0,0,0,0,0,0,0,0,1,0,0,0,0,1,0,0,0
Red,False,0.54296875,0.0078125,0.3674609375,0.40869140625,0.290546875,0.10283203125,0.056640625,0.640625,0.017578125,0.265625,89.08984375,33.37890625,101.337890625,40.880859375,101.6953125,44.4453125,109.7734375,49.1875,4.068359375,1.12890625,0.181640625,0.146484375,74.154296875,24.353515625,81.876953125,26.2578125,8.69921875,4.6640625,15.58984375,11.009765625,6.236328125,4.361328125,3.87109375,3.61328125,83.134765625,29.658203125,91.0625,33.291015625,4.849609375,3.05078125,8.498046875,6.23046875,1.10546875,0.669921875,1.77734375,1.359375,66.41015625,42.51953125,889.3203125,29,0,0,3,1,4,6,0,0,2,0,0,2,0,180.34,185.42,170.0,0.0,0.25,0.495,0.4974999999999999,0.33,0.0,0.0,0.25,0.25,0.0,24.0,11.75,46.5,23.5,44.75,30.5,87.25,62.0,2.25,1.0,1.5,0.0,21.0,9.75,21.5,5.75,2.75,1.75,14.75,8.75,0.25,0.25,10.25,9.0,16.25,6.0,33.0,11.75,5.25,3.5,12.75,11.0,2.5,2.25,0.75,0.75,207.0,115.25,565.5,6,0,0,1,1,1,2,0,0,1,0,0,0,0,180.34,187.96,170.0,34.0,34.0,0,0,0,0,0,0,0,0,0,1,0,0,0,0,0,0,0,1,0,0,1,0,0,0
Blue,False,0.25,0.0,0.4771875,0.351875,0.3025,0.386875,0.125,0.0625,0.0,0.0,54.15625,24.53125,53.875,19.125,83.15625,51.0,62.125,25.28125,3.96875,1.5625,2.0625,1.15625,38.78125,14.375,43.5625,11.34375,10.1875,5.9375,6.90625,4.59375,5.1875,4.21875,3.40625,3.1875,35.21875,11.75,35.78125,8.84375,8.75,5.03125,9.90625,5.0625,10.1875,7.75,8.1875,5.21875,163.59375,25.8125,704.90625,15,0,0,1,2,4,2,0,0,1,2,1,0,0,190.5,193.04,235.0,0.015625,0.5,0.59515625,0.4878125,0.66703125,0.1509375,0.25,0.03125,0.25,0.0,90.484375,51.359375,90.296875,45.3125,141.359375,95.296875,98.875,52.640625,4.421875,3.046875,1.875,0.46875,60.78125,28.421875,74.1875,31.65625,13.34375,9.34375,8.3125,6.703125,16.359375,13.59375,7.796875,6.953125,60.71875,27.953125,74.75,34.03125,4.203125,3.3125,7.046875,5.34375,25.5625,20.09375,8.5,5.9375,381.90625,101.296875,931.140625,22,0,0,1,3,4,3,0,0,0,2,2,0,0,190.5,198.12,249.0,37.0,33.0,0,0,0,0,1,0,0,0,0,0,0,0,0,0,0,1,0,0,0,0,1,0,0,0
Blue,False,0.5,0.0,0.605,0.365,0.33,0.0,0.0,0.5,0.0,0.0,76.0,45.0,100.0,30.5,96.5,63.5,109.0,38.0,1.5,1.0,0.0,0.0,53.5,25.0,82.5,21.5,18.5,16.5,12.5,6.0,4.0,3.5,5.0,3.0,69.5,40.0,95.5,26.5,2.0,1.5,4.5,4.0,4.5,3.5,0.0,0.0,1.0,0.0,497.0,4,0,0,1,1,1,1,0,0,0,0,1,0,0,182.88,187.96,205.0,0.0,0.0,0.455,0.595,0.685,0.0,0.5,0.0,0.0,0.25,11.0,6.5,25.25,20.75,15.0,9.75,27.5,23.0,4.5,2.0,0.0,0.0,8.75,4.25,17.75,14.25,1.5,1.5,7.5,6.5,0.75,0.75,0.0,0.0,2.75,0.25,3.75,1.25,5.0,4.5,21.5,19.5,3.25,1.75,0.0,0.0,137.5,19.25,184.5,3,0,2,0,2,2,1,0,0,0,0,0,2,0,180.34,177.8,205.0,24.0,32.0,0,0,0,0,0,1,0,0,0,0,0,0,0,0,0,0,0,1,0,0,1,0,0,0
Red,False,0.015625,0.0,0.45,0.4275,0.25,0.2,0.148468017578125,0.098388671875,0.0,0.0,66.5,29.6875,64.31230545043945,27.34375,89.75,48.0,85.53125,44.41152191162109,2.0,0.75,2.0546875,0.75,51.1875,18.3359375,49.6123046875,16.280410766601562,7.5,5.07647705078125,7.5,5.0,4.5,3.625,4.984375,3.9375,48.6875,17.0,47.11572265625,16.5,5.75,3.75,5.3125,3.4375,5.0625,3.5,3.875,2.5,99.2119140625,94.125,638.5,0,0,0,0,0,0,0,0,0,0,0,0,0,0,172.72,180.34,155.0,0.25,0.0,0.5625,0.6675,0.0,0.55,0.5,1.0,0.0,0.0,34.0,19.0,30.0,19.5,44.0,28.25,62.0,50.0,1.75,0.0,5.25,4.0,24.25,12.0,20.25,11.25,8.75,6.0,7.0,5.75,1.0,1.0,2.75,2.5,22.5,10.75,13.0,6.0,8.75,5.5,8.5,6.0,2.75,2.75,8.5,7.5,53.5,270.5,440.0,5,0,2,0,2,2,1,0,0,0,0,1,0,1,172.72,180.34,155.0,26.0,30.0,0,0,0,0,0,0,1,0,0,0,0,0,0,0,0,0,0,0,1,0,1,0,0,0
Blue,True,0.52197265625,0.01611328125,0.4802449035644531,0.4323159980773926,0.1382336711883545,0.1457243919372558,1.1273479461669922,1.0979881286621094,0.0312662124633789,0.25,174.91148376464844,85.4786605834961,111.275390625,51.50531101226807,191.59626865386963,101.22241973876952,119.65705013275146,58.23051166534424,2.1259679794311523,0.7365217208862305,2.0650758743286133,0.2189655303955078,155.5314874649048,70.27402019500732,78.97075271606445,26.15541934967041,11.4459228515625,8.666621208190918,12.97663688659668,9.006415367126465,7.934073448181152,6.538019180297852,19.328001022338867,16.34347629547119,160.92410945892334,73.91133975982666,99.26131439208984,42.29345417022705,9.955462455749512,8.786382675170898,7.425164222717285,5.638784408569336,4.031911849975586,2.780938148498535,4.588912010192871,3.57307243347168,65.2042760848999,109.64427280426024,665.8979301452637,45,0,4,0,4,16,5,0,1,0,4,8,3,0,175.26,182.88,155.0,0.1887474060058593,0.0,0.5246897888183594,0.4254557418823242,0.580078125,0.0901829147338867,0.07470703125,1.1444091796875e-05,0.0,0.00048828125,392.642391204834,212.1429557800293,217.57695388793945,90.05713653564453,407.68450927734375,226.28684997558597,219.77052688598636,92.0917739868164,0.642608642578125,0.642578125,6.2826080322265625,1.001628875732422,342.3682327270508,173.16376495361328,189.53844451904297,67.91725540161133,44.832794189453125,34.0797119140625,19.846378326416016,14.308849334716797,5.441364288330078,4.899478912353516,8.192131042480469,7.831031799316406,367.2171974182129,192.6486587524414,210.7357940673828,84.26892852783203,11.601177215576172,9.737030029296877,6.798717498779297,5.753959655761719,13.824016571044922,9.757266998291016,0.0424423217773437,0.0342483520507812,44.58072280883789,81.90923690795898,1033.9418678283691,50,4,0,1,13,16,3,0,0,1,4,8,2,1,180.34,175.26,145.0,30.0,27.0,0,0,0,0,0,0,1,0,0,0,0,0,0,0,0,0,0,1,0,0,1,0,0,0
Red,False,0.015625,0.0,0.45,0.4275,0.25,0.2,0.148468017578125,0.098388671875,0.0,0.0,66.5,29.6875,64.31230545043945,27.34375,89.75,48.0,85.53125,44.41152191162109,2.0,0.75,2.0546875,0.75,51.1875,18.3359375,49.6123046875,16.280410766601562,7.5,5.07647705078125,7.5,5.0,4.5,3.625,4.984375,3.9375,48.6875,17.0,47.11572265625,16.5,5.75,3.75,5.3125,3.4375,5.0625,3.5,3.875,2.5,99.2119140625,94.125,638.5,0,0,0,0,0,0,0,0,0,0,0,0,0,0,182.88,193.04,170.0,0.75,0.0,0.5784374999999999,0.515,0.375,0.301875,0.03125,0.0,0.53125,0.0,133.09375,80.8125,117.40625,62.78125,141.875,89.1875,127.84375,72.125,2.6875,1.25,1.84375,0.5625,102.25,56.03125,82.28125,35.28125,26.21875,20.71875,18.5,12.875,4.625,4.0625,16.625,14.625,103.09375,58.21875,103.09375,50.90625,24.5,19.21875,12.21875,10.46875,5.5,3.375,2.09375,1.40625,181.125,79.5625,868.5,16,0,0,1,1,2,4,0,0,0,1,1,0,0,180.34,193.04,170.0,24.0,33.0,0,0,0,0,0,0,0,0,0,1,0,0,0,0,0,1,0,0,0,0,1,0,0,0
Blue,False,0.359375,0.5,0.45015625,0.69140625,0.0,0.1059375,0.125,0.015625,0.0,0.0,34.8125,12.046875,27.1875,17.359375,38.53125,15.28125,34.34375,23.515625,0.0,0.0,0.71875,0.375,30.09375,9.53125,17.828125,9.421875,2.96875,1.640625,5.25,4.40625,1.75,0.875,4.109375,3.53125,29.625,7.6875,23.046875,13.40625,3.203125,2.578125,2.0,1.875,1.984375,1.78125,2.140625,2.078125,4.03125,16.484375,233.046875,11,1,0,2,2,3,4,0,0,0,0,3,0,0,185.42,193.04,205.0,0.78125,0.0,0.4815625,0.49375,0.198125,0.3125,0.25,0.03125,0.0,0.25,105.0,50.9375,167.21875,81.625,108.5,54.09375,178.25,92.125,4.0,1.78125,2.5625,0.5625,91.21875,41.0,107.15625,37.125,12.90625,9.09375,33.4375,24.3125,0.875,0.84375,26.625,20.1875,80.9375,35.3125,126.34375,50.9375,19.34375,12.0625,33.96875,26.625,4.71875,3.5625,6.90625,4.0625,139.0,67.46875,912.5625,18,0,2,0,2,3,3,0,0,0,1,2,0,0,185.42,190.5,185.0,29.0,31.0,0,0,0,0,0,1,0,0,0,0,0,0,0,0,0,0,0,1,0,0,0,0,1,0
Blue,False,0.5,0.0,0.3299999999999999,0.28,0.5,0.18,0.0,0.0,0.0,0.0,68.5,22.5,58.0,15.5,74.0,27.5,63.5,19.5,0.5,0.5,5.5,1.0,59.0,14.5,42.5,6.0,5.5,4.5,12.5,8.0,4.0,3.5,3.0,1.5,60.5,15.5,54.0,12.5,4.5,3.5,3.5,2.5,3.5,3.5,0.5,0.5,12.5,96.5,599.5,4,0,0,1,1,1,1,0,0,0,0,1,0,0,185.42,193.04,170.0,1.1767578125,0.26171875,0.5440625,0.44115234375,0.02890625,0.08740234375,0.0,0.1259765625,0.0,0.0,92.0087890625,50.33203125,59.5927734375,25.1953125,92.8388671875,51.068359375,62.6923828125,27.884765625,0.31640625,0.12890625,0.5302734375,0.205078125,67.5859375,31.5771484375,47.087890625,16.7978515625,10.849609375,7.3662109375,8.39453125,4.900390625,13.5732421875,11.388671875,4.1103515625,3.4970703125,74.6669921875,40.0673828125,49.474609375,19.052734375,14.65625,8.5283203125,7.4072265625,4.53125,2.685546875,1.736328125,2.7109375,1.611328125,17.416015625,32.1923828125,391.0244140625,21,0,1,0,3,7,4,0,0,0,3,4,0,0,182.88,185.42,170.0,34.0,37.0,0,0,0,0,0,0,0,0,0,1,0,0,0,0,0,0,0,0,1,0,0,0,1,0
Blue,False,0.0,2.0,0.3349999999999999,0.43,0.165,0.1,0.5,0.5,0.5,0.0,103.0,37.5,101.5,42.5,103.5,37.5,108.5,49.5,3.0,1.0,2.5,0.5,80.0,24.0,81.0,27.5,15.0,7.0,12.5,8.5,8.0,6.5,8.0,6.5,97.0,33.5,95.0,39.5,6.0,4.0,4.5,1.5,0.0,0.0,2.0,1.5,21.0,10.0,480.0,4,0,0,2,0,0,2,0,0,0,0,0,0,0,175.26,180.34,155.0,0.5,0.5,0.525,0.6950000000000001,0.0,0.0,0.0,0.0,0.0,0.0,37.5,20.0,34.0,22.0,37.5,20.0,34.0,22.0,0.0,0.0,0.5,0.0,32.0,15.5,25.0,13.0,4.5,4.0,1.0,1.0,1.0,0.5,8.0,8.0,35.0,18.0,27.5,17.0,0.5,0.5,2.0,1.0,2.0,1.5,4.5,4.0,6.5,2.0,142.5,2,0,0,1,1,1,1,0,0,0,0,1,0,0,190.5,195.58,155.0,28.0,23.0,0,0,0,0,0,0,1,0,0,0,0,0,0,0,0,1,0,0,0,0,0,0,1,0
Blue,False,0.142578125,0.0078125,0.3740624999999999,0.51509765625,0.625,0.817265625,0.61328125,0.83203125,0.078125,0.25,40.3828125,18.42578125,23.462890625,12.0703125,58.380859375,35.060546875,34.904296875,22.55078125,1.158203125,0.75,1.85546875,1.26953125,24.6640625,10.16796875,20.771484375,10.40234375,10.05078125,4.724609375,2.28125,1.2578125,5.66796875,3.533203125,0.41015625,0.41015625,30.3515625,11.3671875,13.689453125,5.529296875,5.341796875,4.521484375,3.078125,1.935546875,4.689453125,2.537109375,6.6953125,4.60546875,100.6796875,167.89453125,383.228515625,15,0,0,1,5,6,4,0,0,0,0,3,3,0,190.5,195.58,205.0,0.0628662109375,0.87890625,0.4890924835205078,0.6480346679687501,0.065970458984375,0.026546630859375,0.2969207763671875,0.41070556640625,0.00048828125,0.0,47.28577423095703,24.21874237060547,84.6246109008789,55.527862548828125,50.072059631347656,26.988914489746094,92.00140380859376,61.64144134521485,4.828155517578125,0.5246124267578125,2.6930160522460938,0.25909423828125,35.304779052734375,14.913902282714844,51.60797119140625,28.40654754638672,7.814552307128906,5.669822692871094,16.783737182617188,12.546012878417969,4.16644287109375,3.6350173950195312,16.23290252685547,14.575302124023438,44.45674896240234,22.324668884277344,65.7074966430664,39.31292724609375,1.6084213256835938,0.9842071533203124,17.72235107421875,15.157745361328123,1.2206039428710938,0.9098663330078124,1.19476318359375,1.05718994140625,61.58158874511719,93.54190063476562,588.1867828369141,41,1,4,0,4,11,7,0,1,0,1,5,4,0,190.5,203.2,205.0,27.0,36.0,0,0,0,0,0,1,0,0,0,0,0,0,0,0,0,1,0,0,0,0,0,0,1,0
Blue,True,0.8125,0.0,0.525625,0.3425,0.0,0.043125,0.125,0.0,0.0,0.0,111.0,57.4375,73.75,25.5,114.375,60.6875,80.125,30.8125,0.3125,0.0,4.5625,0.4375,70.75,27.5,56.625,14.375,17.1875,9.375,8.625,5.125,23.0625,20.5625,8.5,6.0,103.75,51.9375,68.375,21.3125,5.875,4.5,5.125,3.9375,1.375,1.0,0.25,0.25,15.875,67.25,798.8125,14,0,5,0,5,5,0,0,0,1,2,2,0,0,193.04,203.2,185.0,1.0469970703125,0.000244140625,0.440999755859375,0.453310546875,0.007841796875,0.14043701171875,0.0010986328125,0.75,0.040771484375,0.5006103515625,97.4368896484375,39.5330810546875,82.2431640625,41.9644775390625,100.7720947265625,42.6883544921875,96.06103515625,54.5986328125,0.05029296875,0.021240234375,6.5748291015625,1.533447265625,87.2000732421875,31.3587646484375,61.603271484375,27.36181640625,8.0572509765625,6.0496826171875,18.428955078125,12.5384521484375,2.1795654296875,2.1246337890625,2.2109375,2.064208984375,82.0994873046875,29.43896484375,66.39013671875,28.6064453125,6.2486572265625,5.3880615234375,7.7730712890625,5.5443115234375,9.0887451171875,4.7060546875,8.0799560546875,7.813720703125,29.8883056640625,172.961669921875,659.980224609375,35,1,5,0,5,10,4,0,0,3,2,3,2,0,175.26,180.34,185.0,29.0,27.0,0,0,0,0,0,0,0,1,0,0,0,0,0,0,0,0,0,0,1,0,0,0,1,0
Blue,False,0.0,1.0390625,0.38171875,0.32671875,0.2534375,0.01,0.25,0.0625,0.0,0.09375,176.625,66.1953125,166.15625,56.0859375,190.9140625,78.53125,167.8359375,57.7421875,6.125,1.2265625,1.25,0.0625,142.2734375,43.359375,143.6953125,40.53125,23.3046875,13.2734375,14.9375,9.2109375,11.046875,9.5625,7.5234375,6.34375,167.1484375,61.3125,151.3046875,47.546875,6.953125,2.8515625,9.390625,5.7578125,2.5234375,2.03125,5.4609375,2.78125,84.859375,32.3671875,886.8515625,22,0,0,1,4,5,3,0,0,1,3,1,0,0,180.34,182.88,170.0,0.25,0.0,0.2375,0.5062500000000001,0.125,0.7925,0.0,0.5,0.0,0.0,66.75,32.875,60.375,22.625,67.5,33.625,72.125,33.5,0.125,0.125,2.625,1.5,48.0,21.5,44.75,13.375,8.125,4.125,6.125,2.75,10.625,7.25,9.5,6.5,63.75,30.625,51.875,17.125,2.0,1.625,1.625,0.625,1.0,0.625,6.875,4.875,8.5,146.375,484.625,9,0,3,0,3,3,1,0,0,0,2,1,0,0,187.96,193.04,170.0,30.0,31.0,0,0,0,0,0,0,0,0,0,1,0,0,0,0,0,1,0,0,0,0,1,0,0,0
Blue,False,0.0625,0.0,0.505625,0.5025,0.208125,0.163125,1.4375,0.0,0.75,0.25,72.0,33.875,66.0,26.375,85.0,46.0,78.0625,36.375,0.875,0.25,4.125,1.625,55.0625,22.875,56.875,19.8125,9.375,5.5,3.75,3.0,7.5625,5.5,5.375,3.5625,64.625,28.3125,57.375,20.9375,4.75,3.25,4.125,2.0,2.625,2.3125,4.5,3.4375,122.875,93.1875,509.6875,13,0,2,0,2,4,1,0,0,1,1,0,2,0,165.1,170.18,125.0,0.0,0.13232421875,0.2394287109375,0.4301513671874999,0.36517578125,0.160947265625,0.5810546875,0.3125,0.00439453125,0.57958984375,90.56982421875,22.30859375,102.0244140625,43.64013671875,114.232421875,40.40234375,120.00732421875,60.1162109375,13.59814453125,5.81884765625,0.47412109375,0.3369140625,73.55322265625,12.1416015625,86.419921875,32.2490234375,8.2294921875,2.6201171875,12.33447265625,8.75927734375,8.787109375,7.546875,3.27001953125,2.6318359375,87.7939453125,20.81201171875,90.88232421875,35.74169921875,2.32275390625,1.1630859375,4.8740234375,3.3759765625,0.453125,0.33349609375,6.26806640625,4.5224609375,316.97802734375,40.1787109375,813.7265625,31,1,1,0,3,7,5,0,0,0,5,0,2,0,162.56,165.1,125.0,28.0,34.0,0,0,0,1,0,0,0,0,0,0,0,0,0,0,0,1,0,0,0,0,0,0,1,0
Blue,False,0.0,0.0,0.56,0.65,0.0,0.54,0.0,0.0,2.0,0.0,57.0,32.0,69.0,45.0,91.0,59.0,97.0,67.0,0.0,0.0,11.0,6.0,44.0,24.0,56.0,37.0,6.0,3.0,10.0,5.0,7.0,5.0,3.0,3.0,41.0,21.0,32.0,14.0,11.0,7.0,7.0,5.0,5.0,4.0,30.0,26.0,35.0,605.0,900.0,3,0,0,1,0,0,1,0,0,0,0,0,0,0,165.1,175.26,135.0,0.0471682548522949,0.0,0.45,0.4217682266235352,0.25,0.19173828125,0.1875,0.125,0.0,0.0,69.5,30.5,66.984375,27.8466796875,94.0,48.544921875,88.50390625,44.75,2.0,0.8125,2.015625,0.6640625,54.0,19.01513671875,51.483436584472656,16.9437255859375,7.91796875,5.430633544921875,7.75,5.0625,4.780975341796875,3.9373779296875,4.8994140625,3.84375,51.025390625,18.400863647460938,50.515625,17.5,5.75,3.75,5.5,3.5,5.375,3.6875,4.0,2.65625,104.865234375,89.5,655.8441009521484,0,0,0,0,0,0,0,0,0,0,0,0,0,0,175.26,175.26,135.0,27.0,28.0,1,0,0,0,0,0,0,0,0,0,0,0,0,0,0,1,0,0,0,0,0,0,1,0
Red,False,1.3125,0.0,0.4868749999999999,0.5431250000000001,0.6425,0.280625,0.5,0.75,0.0,0.25,104.0625,53.8125,108.6875,60.375,120.75,69.6875,127.4375,77.875,3.3125,2.5,1.6875,0.625,67.6875,21.4375,75.0,34.125,28.25,25.0625,23.1875,18.25,8.125,7.3125,10.5,8.0,66.4375,25.0,77.75,33.1875,31.125,23.3125,11.4375,9.875,6.5,5.5,19.5,17.3125,232.9375,203.25,833.25,14,0,0,2,1,2,3,0,0,0,1,1,0,0,175.26,177.8,135.0,0.0,0.0,0.53,0.5349999999999999,0.5,0.175,0.5,0.0,0.0,0.0,55.0,26.0,31.5,15.5,67.0,35.5,42.5,25.0,1.0,1.0,10.5,3.5,43.5,16.5,17.0,3.5,9.0,7.5,7.5,5.0,2.5,2.0,7.0,7.0,39.0,15.0,27.0,12.0,12.0,8.5,4.0,3.5,4.0,2.5,0.5,0.0,30.5,171.0,500.0,4,0,0,1,1,1,1,0,0,0,0,0,1,0,177.8,190.5,135.0,30.0,26.0,1,0,0,0,0,0,0,0,0,0,0,0,0,0,0,1,0,0,0,0,0,0,1,0
Red,False,0.015625,0.0,0.45,0.4275,0.25,0.2,0.148468017578125,0.098388671875,0.0,0.0,66.5,29.6875,64.31230545043945,27.34375,89.75,48.0,85.53125,44.41152191162109,2.0,0.75,2.0546875,0.75,51.1875,18.3359375,49.6123046875,16.280410766601562,7.5,5.07647705078125,7.5,5.0,4.5,3.625,4.984375,3.9375,48.6875,17.0,47.11572265625,16.5,5.75,3.75,5.3125,3.4375,5.0625,3.5,3.875,2.5,99.2119140625,94.125,638.5,0,0,0,0,0,0,0,0,0,0,0,0,0,0,175.26,185.42,135.0,0.0,0.0,0.36875,0.5525,0.125,0.6275,0.0,0.75,0.0,0.0,105.875,39.75,102.25,45.0,114.0,46.5,122.0,60.375,0.5,0.125,10.375,6.0,77.75,21.25,84.75,31.75,12.25,6.375,8.375,5.25,15.875,12.125,9.125,8.0,102.25,36.875,81.875,30.625,3.25,2.875,9.0,5.375,0.375,0.0,11.375,9.0,19.125,270.5,713.0,11,0,0,1,1,1,3,0,0,0,1,0,0,0,177.8,182.88,135.0,24.0,28.0,1,0,0,0,0,0,0,0,0,0,0,0,0,0,0,0,0,0,1,0,1,0,0,0
Blue,False,0.25,0.0,0.48,0.545,0.25,0.33,0.0,0.5,0.0,0.0,39.5,22.0,35.75,18.25,68.25,46.5,58.75,40.25,0.25,0.25,5.25,1.0,26.75,13.25,14.5,4.5,8.75,5.5,8.5,6.75,4.0,3.25,12.75,7.0,20.25,7.0,25.75,10.0,17.0,13.0,3.0,2.75,2.25,2.0,7.0,5.5,15.5,208.0,377.25,5,0,2,0,2,2,1,0,0,0,1,1,0,0,172.72,170.18,115.0,0.0,0.0,0.38,0.415,0.5,0.125,0.0,0.5,0.0,0.0,99.5,37.5,121.0,43.0,113.0,48.5,129.5,51.0,1.5,1.0,2.5,0.5,75.0,20.0,90.0,21.0,19.5,13.5,20.0,12.0,5.0,4.0,11.0,10.0,91.0,33.0,115.0,38.5,6.0,4.0,6.0,4.5,2.5,0.5,0.0,0.0,99.0,58.5,570.0,4,0,1,0,1,1,1,0,0,0,1,0,0,0,165.1,170.18,125.0,30.0,27.0,0,0,0,0,0,0,0,0,0,0,0,0,1,0,0,1,0,0,0,0,1,0,0,0
Blue,False,0.5,0.125,0.5025000000000001,0.4825,0.0,0.10375,0.0,0.0,0.0,0.0,111.875,60.5,167.25,79.25,112.5,61.0,170.5,81.875,0.125,0.0,1.875,0.25,77.75,31.875,138.625,57.0,7.625,6.0,22.625,17.25,26.5,22.625,6.0,5.0,100.0,50.375,157.125,71.25,11.0,9.5,9.375,7.5,0.875,0.625,0.75,0.5,19.5,8.25,455.125,10,0,1,0,1,2,2,0,0,0,0,2,0,0,180.34,177.8,155.0,0.5632171630859375,0.0002593994140625,0.4842850494384766,0.4502253723144531,0.0364100646972656,0.1494850158691406,0.0001220703125,0.0084247589111328,0.0,0.0,162.49588775634766,84.34587669372559,200.0324878692627,93.0811538696289,166.73063468933103,88.40847396850586,249.70470809936523,139.13567733764648,0.8126335144042969,0.0468826293945312,4.728931427001953,1.5021228790283203,113.11073875427246,44.996681213378906,172.8020782470703,77.7108097076416,32.95743560791016,26.016572952270508,18.34261512756348,8.678899765014648,16.42771339416504,13.332622528076172,8.887794494628906,6.691444396972656,155.33855438232422,78.37298011779785,156.5570831298828,60.03362274169922,6.270578384399414,5.251033782958984,3.772615432739258,1.9845199584960935,0.8867549896240234,0.72186279296875,39.70278930664063,31.063011169433597,56.29878807067871,307.26058197021484,901.0231895446776,51,0,4,0,4,14,6,0,1,1,5,7,0,0,180.34,190.5,145.0,30.0,33.0,0,0,0,0,0,0,1,0,0,0,0,0,0,0,0,1,0,0,0,0,1,0,0,0
Blue,False,0.0,0.1875,0.503125,0.493125,0.31125,0.520625,0.4375,2.0,0.5,1.5,31.6875,15.3125,52.5625,27.5625,57.25,38.5,80.5625,52.1875,5.6875,2.0625,0.6875,0.5625,19.375,5.5625,43.4375,20.3125,8.1875,6.375,6.4375,5.5,4.125,3.375,2.6875,1.75,25.5625,10.25,24.6875,8.25,3.75,3.25,4.3125,3.125,2.375,1.8125,23.5625,16.1875,164.125,375.875,749.0625,10,0,1,0,1,2,3,0,0,0,0,0,2,0,190.5,193.04,205.0,0.0471682548522949,0.0,0.45,0.4217682266235352,0.25,0.19173828125,0.1875,0.125,0.0,0.0,69.5,30.5,66.984375,27.8466796875,94.0,48.544921875,88.50390625,44.75,2.0,0.8125,2.015625,0.6640625,54.0,19.01513671875,51.483436584472656,16.9437255859375,7.91796875,5.430633544921875,7.75,5.0625,4.780975341796875,3.9373779296875,4.8994140625,3.84375,51.025390625,18.400863647460938,50.515625,17.5,5.75,3.75,5.5,3.5,5.375,3.6875,4.0,2.65625,104.865234375,89.5,655.8441009521484,0,0,0,0,0,0,0,0,0,0,0,0,0,0,195.58,210.82,205.0,31.0,26.0,0,0,0,0,0,1,0,0,0,0,0,0,0,0,0,1,0,0,0,0,0,0,1,0
Blue,False,0.0,0.0,0.381875,0.296875,0.125,0.063125,0.0,0.375,0.0,0.0,111.5625,43.375,110.125,29.6875,115.0,46.4375,115.3125,34.875,3.0,0.5,2.5,0.5625,86.0625,28.9375,84.0625,15.4375,15.6875,7.6875,15.9375,6.0,9.8125,6.75,10.125,8.25,106.4375,40.5625,105.4375,26.625,4.9375,2.625,2.9375,1.4375,0.1875,0.1875,1.75,1.625,23.9375,35.4375,900.0,15,0,1,0,1,2,3,0,0,1,1,0,0,0,177.8,185.42,155.0,0.000701904296875,0.1567432880401611,0.3588945215940475,0.4537670773267745,0.0371898412704467,0.0561004376411437,0.0,0.0009768009185791,1.1920928955078125e-07,1.1920928955078125e-07,180.724304497242,64.2707205414772,221.5770006775856,102.19388073682784,183.25641411542887,66.61528503894806,225.71058589220047,105.56853342056274,1.111690104007721,0.0723568201065063,0.7134202718734741,0.1184377670288086,139.14160978794098,36.38892143964768,178.05007565021515,71.47688788175583,22.09312355518341,12.978999853134155,18.84872031211853,10.09533953666687,19.489571154117584,14.902799248695374,24.678204715251923,20.62165331840515,178.7053872346878,63.2113738656044,209.16168665885925,94.0203137397766,1.974212825298309,1.0440678596496582,11.391109645366669,7.544154465198517,0.0447044372558593,0.0152788162231445,1.0242043733596802,0.6294125318527222,13.28480052947998,20.16505169868469,847.2854319810867,65,1,3,0,3,12,13,0,0,2,5,4,0,1,172.72,175.26,155.0,29.0,34.0,0,0,0,0,0,0,1,0,0,0,0,0,0,0,0,0,0,1,0,0,1,0,0,0
Red,False,1.0,0.0,0.405,0.305,0.0,0.2825,0.0,1.25,0.0,0.25,101.75,38.75,135.75,40.25,106.25,42.5,157.0,57.75,1.0,0.0,7.0,3.25,74.0,20.5,109.0,24.75,25.0,16.25,19.5,10.5,2.75,2.0,7.25,5.0,82.25,28.25,121.25,31.75,9.25,6.75,6.25,3.5,10.25,3.75,8.25,5.0,51.75,290.25,892.5,9,0,0,1,2,2,1,0,0,1,1,0,0,0,172.72,182.88,145.0,0.0,0.0,0.53,0.55,0.0,0.0,0.0,0.0,0.0,0.0,43.0,23.0,9.0,5.0,66.0,44.0,10.0,6.0,0.0,0.0,0.0,0.0,38.0,18.0,5.0,1.0,4.0,4.0,3.0,3.0,1.0,1.0,1.0,1.0,36.0,19.0,7.0,3.0,7.0,4.0,2.0,2.0,0.0,0.0,0.0,0.0,57.0,34.0,134.0,1,0,1,0,1,1,0,0,0,0,0,1,0,0,175.26,180.34,145.0,28.0,25.0,0,0,1,0,0,0,0,0,0,0,0,0,0,0,0,1,0,0,0,0,1,0,0,0
Blue,False,0.0,0.0625,0.6725,0.47875,0.395,0.28125,0.1875,0.84375,0.125,0.0625,96.21875,63.46875,101.25,49.71875,132.8125,98.53125,131.25,74.625,3.5625,1.1875,2.625,0.71875,64.3125,35.90625,67.78125,24.75,22.6875,20.1875,24.03125,17.6875,9.21875,7.375,9.4375,7.28125,53.0,24.78125,68.75,22.75,24.09375,21.34375,25.0625,20.53125,19.125,17.34375,7.4375,6.4375,219.125,266.03125,846.65625,15,0,2,0,2,4,2,0,0,1,1,0,2,0,160.02,157.48,115.0,0.0,0.5,0.41625,0.4496875,0.0625,0.068515625,0.0,0.0625,0.25,0.0078125,147.953125,64.2578125,129.609375,56.375,156.4921875,72.0625,134.359375,60.796875,1.0390625,0.125,1.8125,0.1328125,119.8359375,43.0546875,103.6796875,39.8046875,20.7109375,14.8125,17.9453125,10.6796875,7.40625,6.390625,7.984375,5.890625,123.1171875,44.15625,112.1640625,43.9375,23.1796875,18.5390625,16.8828125,11.875,1.65625,1.5625,0.5625,0.5625,28.8828125,52.2734375,482.9375,22,1,3,0,3,5,3,0,0,2,3,0,0,0,160.02,162.56,115.0,33.0,33.0,0,0,0,0,0,0,0,0,0,0,0,0,0,1,0,1,0,0,0,0,1,0,0,0
Red,False,0.0,0.0,0.6475,0.58875,0.1,0.29,0.0,1.0,0.0,0.0,92.625,52.375,144.25,69.5,104.75,63.75,165.875,88.375,3.0,0.5,2.5,1.0,66.25,28.5,122.125,52.125,17.0,14.625,17.625,13.375,9.375,9.25,4.5,4.0,67.875,32.125,104.25,38.625,20.375,17.375,10.75,7.25,4.375,2.875,29.25,23.625,101.375,126.375,560.5,10,0,0,2,1,1,3,0,0,0,1,0,0,0,160.02,160.02,115.0,0.0,0.0,0.42,0.41,0.0,0.4,0.0,0.0,1.0,0.0,142.0,60.0,116.0,48.0,153.0,71.0,139.0,66.0,0.0,0.0,5.0,2.0,99.0,26.0,111.0,44.0,18.0,13.0,4.0,3.0,25.0,21.0,1.0,1.0,122.0,45.0,86.0,26.0,20.0,15.0,18.0,11.0,0.0,0.0,12.0,11.0,58.0,343.0,900.0,3,0,0,1,0,0,1,0,0,0,0,0,0,0,167.64,165.1,115.0,36.0,31.0,0,0,0,0,0,0,0,0,0,0,0,0,0,1,0,1,0,0,0,0,1,0,0,0
Red,False,0.0167732238769531,3.0517578125e-05,0.4677654266357422,0.3593415451049804,0.5308884429931641,0.166674633026123,0.03125,0.4065971374511719,0.250009536743164,0.0,170.08029747009277,79.17294502258301,150.74599838256836,56.12282752990723,173.27481651306152,81.60534858703613,158.54270553588867,62.85499954223633,1.451702117919922,0.5737400054931641,1.722951889038086,0.6881847381591797,113.08172988891602,38.315561294555664,119.00103950500488,30.5394344329834,40.82741928100586,27.298370361328125,13.659114837646484,9.918497085571287,16.1711483001709,13.55901336669922,18.085844039916992,15.66489601135254,165.06611442565918,76.02261543273926,142.13920783996582,50.72239112854004,2.236505508422852,1.019182205200195,4.595916748046875,2.517267227172852,2.777677536010742,2.1311473846435547,4.010873794555664,2.883169174194336,44.54355049133301,82.25421714782715,805.7220878601074,50,1,0,1,4,11,9,0,0,1,6,4,0,0,177.8,185.42,155.0,1.25,0.5,0.3740625,0.4109374999999999,0.083125,0.0546875,0.03125,0.0,0.0,0.0,74.5,26.84375,73.46875,28.875,79.125,30.21875,75.5625,30.5625,0.75,0.375,0.40625,0.15625,59.21875,14.75,58.75,19.34375,8.78125,6.28125,8.125,4.625,6.5,5.8125,6.59375,4.90625,62.875,20.34375,67.5,25.3125,1.40625,1.09375,1.59375,0.78125,10.21875,5.40625,4.375,2.78125,38.625,12.875,490.75,15,0,2,0,2,4,2,0,0,1,2,1,0,0,167.64,177.8,145.0,32.0,34.0,0,0,1,0,0,0,0,0,0,0,0,0,0,0,0,0,0,1,0,0,1,0,0,0
Blue,False,0.0,0.125,0.6028125,0.47203125,0.59625,0.098125,0.75,0.890625,0.0,0.5,54.484375,34.5625,17.625,7.515625,67.015625,45.765625,20.53125,10.140625,2.1875,1.359375,3.3125,0.765625,46.203125,28.8125,13.03125,4.171875,4.421875,2.875,2.609375,1.8125,3.859375,2.875,1.984375,1.53125,14.46875,6.015625,11.890625,4.171875,2.640625,1.96875,1.96875,1.453125,37.375,26.578125,3.765625,1.890625,170.53125,126.03125,391.296875,12,0,1,0,2,5,2,0,0,0,1,3,1,0,185.42,195.58,185.0,0.25,0.5,0.381953125,0.48578125,0.26984375,0.0890625,0.0,0.09375,0.0,0.0,32.5625,12.5234375,52.140625,25.8125,42.7734375,22.09375,58.140625,31.1875,6.21875,1.8671875,0.8515625,0.3515625,26.0078125,8.109375,43.0,18.2890625,3.8359375,2.296875,4.4609375,3.265625,2.71875,2.1171875,4.6796875,4.2578125,26.046875,8.0234375,30.0,9.640625,3.21875,2.515625,9.265625,6.8984375,3.296875,1.984375,12.875,9.2734375,118.7890625,56.4609375,370.9921875,19,0,0,1,2,4,4,0,0,1,2,1,0,0,185.42,198.12,185.0,30.0,37.0,0,0,0,0,0,0,0,1,0,0,0,0,0,0,0,1,0,0,0,0,1,0,0,0
Blue,False,0.015625,0.0,0.45,0.4275,0.25,0.2,0.148468017578125,0.098388671875,0.0,0.0,66.5,29.6875,64.31230545043945,27.34375,89.75,48.0,85.53125,44.41152191162109,2.0,0.75,2.0546875,0.75,51.1875,18.3359375,49.6123046875,16.280410766601562,7.5,5.07647705078125,7.5,5.0,4.5,3.625,4.984375,3.9375,48.6875,17.0,47.11572265625,16.5,5.75,3.75,5.3125,3.4375,5.0625,3.5,3.875,2.5,99.2119140625,94.125,638.5,0,0,0,0,0,0,0,0,0,0,0,0,0,0,170.18,172.72,140.0,0.0,0.0,0.45125,0.5992968750000001,0.276875,0.54515625,0.28125,1.125,0.2578125,0.0546875,46.328125,20.59375,70.1171875,44.953125,61.6640625,34.7578125,143.8828125,106.6015625,8.2578125,2.28125,5.296875,4.265625,35.3046875,13.0,38.859375,19.140625,9.0546875,6.4453125,23.4609375,20.28125,1.96875,1.1484375,7.796875,5.53125,27.4453125,6.3984375,38.609375,16.796875,9.9453125,6.90625,8.9609375,7.90625,8.9375,7.2890625,22.546875,20.25,255.7421875,622.0859375,1139.6015625,24,1,0,1,3,5,3,0,0,0,3,0,2,0,162.56,160.02,135.0,28.0,25.0,1,0,0,0,0,0,0,0,0,0,0,0,0,0,0,0,0,1,0,0,1,0,0,0
Blue,False,1.0,0.0,0.51,0.39,0.0,0.0,0.0,0.0,0.0,0.0,168.0,86.0,187.0,74.0,186.0,103.0,190.0,77.0,1.0,0.0,4.0,0.0,124.0,47.0,149.0,50.0,38.0,33.0,22.0,11.0,6.0,6.0,16.0,13.0,134.0,62.0,171.0,63.0,18.0,11.0,15.0,11.0,16.0,13.0,1.0,0.0,127.0,27.0,900.0,3,0,1,0,1,1,0,0,0,0,1,0,0,0,170.18,185.42,155.0,0.0,0.0,0.483125,0.3128125,0.586875,0.0103125,0.625,0.0,0.0,0.125,111.3125,52.40625,111.03125,35.03125,163.34375,89.71875,125.03125,45.96875,13.1875,8.0,0.59375,0.03125,83.84375,30.625,90.34375,22.03125,12.28125,8.09375,12.65625,6.6875,15.1875,13.6875,8.03125,6.3125,82.28125,34.09375,108.0,33.25,6.625,4.0,2.34375,1.59375,22.40625,14.3125,0.6875,0.1875,376.5625,27.34375,900.0,18,1,1,0,4,5,1,0,0,0,5,0,0,0,170.18,177.8,145.0,30.0,29.0,0,0,1,0,0,0,0,0,0,0,0,0,0,0,0,1,0,0,0,0,1,0,0,0
Red,False,0.125,0.25,0.4853125,0.5718749999999999,0.210625,0.5875,0.5625,1.125,0.875,0.0,40.6875,19.21875,54.6875,32.375,55.9375,32.28125,71.09375,46.1875,2.5625,0.9375,1.9375,0.9375,36.5625,15.78125,49.125,27.78125,3.59375,2.90625,3.84375,2.96875,0.53125,0.53125,1.71875,1.625,23.625,7.15625,17.59375,7.75,8.21875,5.96875,3.625,2.0625,8.84375,6.09375,33.46875,22.5625,54.15625,208.71875,373.3125,9,0,2,0,2,4,2,0,0,0,0,1,3,0,185.42,195.58,185.0,0.0,0.0,0.605,0.39,0.415,0.21,1.5,0.5,0.0,0.5,121.0,77.0,153.5,60.0,173.0,122.5,161.5,67.0,3.5,2.5,3.5,1.5,84.0,47.0,119.5,35.5,25.5,19.5,23.0,15.0,11.5,10.5,11.0,9.5,96.0,56.0,88.0,31.5,6.5,6.0,10.5,4.5,18.5,15.0,55.0,24.0,136.0,313.0,872.5,6,0,0,1,1,1,1,0,0,0,0,0,1,0,190.5,205.74,185.0,31.0,26.0,0,0,0,0,0,0,0,1,0,0,0,0,0,0,0,0,0,1,0,0,1,0,0,0
Red,False,0.0,0.0,0.46,0.4325,0.165,0.25,0.25,0.5,0.0,0.5,95.5,39.75,81.5,35.25,97.25,41.5,115.25,66.25,4.25,0.5,0.75,0.25,75.0,22.0,69.0,26.5,9.0,8.0,8.0,5.5,11.5,9.75,4.5,3.25,81.75,31.0,73.0,30.0,12.25,7.25,4.0,2.5,1.5,1.5,4.5,2.75,97.5,123.5,655.25,7,0,0,1,2,2,1,0,0,1,0,0,1,0,167.64,165.1,135.0,0.25,0.0,0.46125,0.41625,0.63125,0.25,0.375,0.0,0.0,0.0,71.75,34.625,72.125,30.875,80.625,42.625,79.875,38.625,2.875,1.375,1.5,0.5,56.375,22.75,56.375,20.125,10.25,7.25,11.875,8.375,5.125,4.625,3.875,2.375,58.5,24.625,58.375,20.5,11.25,8.5,2.625,1.75,2.0,1.5,11.125,8.625,81.75,44.625,350.25,7,0,3,0,3,3,1,0,0,0,1,1,1,0,167.64,165.1,125.0,24.0,27.0,1,0,0,0,0,0,0,0,0,0,0,0,0,0,0,1,0,0,0,0,1,0,0,0
Blue,False,0.0,0.03125,0.2628125,0.455625,0.020625,0.57375,0.34375,0.125,0.0,0.0,232.96875,57.90625,151.03125,74.0625,248.15625,70.40625,184.125,104.96875,1.1875,0.0625,4.71875,2.21875,187.75,32.40625,109.8125,43.0,35.25,18.5,22.34375,15.375,9.96875,7.0,18.875,15.6875,221.0625,52.46875,128.25,55.5,9.03125,3.125,15.0,13.21875,2.875,2.3125,7.78125,5.34375,31.96875,181.6875,874.6875,16,0,1,0,2,3,3,0,0,1,1,0,1,0,170.18,170.18,125.0,0.0471682548522949,0.0,0.45,0.4217682266235352,0.25,0.19173828125,0.1875,0.125,0.0,0.0,69.5,30.5,66.984375,27.8466796875,94.0,48.544921875,88.50390625,44.75,2.0,0.8125,2.015625,0.6640625,54.0,19.01513671875,51.483436584472656,16.9437255859375,7.91796875,5.430633544921875,7.75,5.0625,4.780975341796875,3.9373779296875,4.8994140625,3.84375,51.025390625,18.400863647460938,50.515625,17.5,5.75,3.75,5.5,3.5,5.375,3.6875,4.0,2.65625,104.865234375,89.5,655.8441009521484,0,0,0,0,0,0,0,0,0,0,0,0,0,0,170.18,177.8,135.0,27.0,22.0,0,0,0,0,0,0,0,0,0,0,0,0,1,0,0,1,0,0,0,0,1,0,0,0
Red,False,0.0,0.0,0.35,0.5,1.0,0.5,1.0,0.0,0.0,1.0,56.0,20.0,60.0,30.0,57.0,21.0,81.0,47.0,1.0,1.0,2.0,1.0,47.0,13.0,55.0,26.0,2.0,1.0,4.0,3.0,7.0,6.0,1.0,1.0,51.0,18.0,44.0,15.0,4.0,1.0,16.0,15.0,1.0,1.0,0.0,0.0,74.0,218.0,463.0,2,0,0,1,0,0,1,0,0,0,0,0,0,0,177.8,185.42,145.0,0.0,0.0,0.55,0.47,0.3,0.75,1.0,0.0,0.0,2.0,69.0,38.0,107.0,51.0,78.0,45.0,129.0,72.0,10.0,3.0,4.0,3.0,50.0,29.0,88.0,34.0,18.0,9.0,14.0,12.0,1.0,0.0,5.0,5.0,39.0,13.0,62.0,20.0,10.0,7.0,5.0,1.0,20.0,18.0,40.0,30.0,135.0,512.0,900.0,3,0,1,0,1,1,0,0,1,0,0,0,0,0,177.8,177.8,145.0,28.0,24.0,0,0,1,0,0,0,0,0,0,0,0,0,0,0,0,1,0,0,0,0,0,0,1,0
Red,False,1.375,0.0,0.625,0.45625,0.61375,0.07875,1.875,0.5,0.0,0.0,44.25,26.75,32.5,15.0,58.375,39.375,44.625,24.875,3.375,1.875,2.625,0.875,33.75,18.625,24.375,8.875,10.375,8.0,5.375,4.0,0.125,0.125,2.75,2.125,18.75,8.25,20.125,7.625,2.125,1.5,4.0,2.875,23.375,17.0,8.375,4.5,283.0,70.375,575.0,9,0,4,0,4,4,0,0,0,1,0,3,0,0,165.1,172.72,125.0,0.2578125,0.001953125,0.47494140625,0.3356689453125,0.469248046875,0.01177734375,0.564453125,0.00048828125,0.0,0.13671875,40.42138671875,19.63037109375,78.9814453125,25.95458984375,93.06591796875,64.6103515625,123.6953125,68.05859375,4.02197265625,1.69921875,0.57177734375,0.03564453125,36.4638671875,16.58740234375,64.1708984375,16.23876953125,2.07275390625,1.376953125,9.91015625,6.53662109375,1.884765625,1.666015625,4.900390625,3.17919921875,32.93310546875,14.12109375,68.984375,19.60009765625,2.5673828125,0.9267578125,6.30712890625,5.02099609375,4.9208984375,4.58251953125,3.68994140625,1.33349609375,327.5029296875,40.15087890625,769.75244140625,29,0,0,1,3,8,4,0,0,0,5,0,3,0,165.1,170.18,125.0,31.0,33.0,0,0,0,1,0,0,0,0,0,0,0,0,0,0,0,1,0,0,0,0,1,0,0,0
Blue,False,0.5003662109375,0.03125,0.4699127197265625,0.5265655517578125,0.156290283203125,0.2422479248046875,1.01715087890625,0.0,0.3291015625,0.0001220703125,77.4547119140625,37.22491455078125,132.7802734375,74.148193359375,85.06964111328125,44.15802001953125,138.84423828125,79.5322265625,0.33843994140625,0.1878662109375,2.82275390625,1.35498046875,59.91790771484375,25.36822509765625,91.992431640625,42.94024658203125,12.7357177734375,8.39947509765625,22.01806640625,15.21307373046875,4.80108642578125,3.45721435546875,18.769775390625,15.994873046875,68.79974365234375,30.47650146484375,117.5172119140625,63.8275146484375,2.57373046875,1.9036865234375,7.26318359375,5.10882568359375,6.08123779296875,4.8447265625,7.9998779296875,5.21185302734375,82.8046875,109.4249267578125,588.3153076171875,38,4,0,1,5,8,7,0,0,1,1,2,4,0,177.8,182.88,155.0,0.289306640625,0.6953125,0.3157690429687499,0.3281103515625,0.003798828125,0.1250927734375,0.0,0.125244140625,0.000244140625,0.000244140625,140.223388671875,46.181396484375,128.781494140625,42.416015625,144.22265625,49.93212890625,136.20849609375,48.869873046875,0.58984375,0.0107421875,0.948974609375,0.188720703125,105.41162109375,24.52001953125,86.263671875,19.1015625,24.078857421875,14.462646484375,14.90625,7.435791015625,10.73291015625,7.19873046875,27.611572265625,15.878662109375,137.81591796875,44.862060546875,117.178466796875,33.702392578125,1.5849609375,0.982177734375,6.971923828125,4.678466796875,0.822509765625,0.337158203125,4.631103515625,4.03515625,17.419189453125,41.778564453125,1313.573486328125,38,2,1,0,7,9,4,0,0,0,4,5,0,0,182.88,190.5,170.0,32.0,36.0,0,0,0,0,0,0,0,0,0,1,0,0,0,0,0,1,0,0,0,0,1,0,0,0
Red,False,0.625,0.0625,0.509296875,0.4111718749999999,0.22828125,0.18625,0.015625,0.5,0.0390625,0.0,115.859375,59.4921875,109.296875,45.265625,130.6484375,73.5859375,139.515625,71.59375,6.7890625,2.140625,7.515625,3.375,75.921875,29.2109375,89.4609375,29.6640625,25.578125,19.3515625,13.25,9.671875,14.359375,10.9296875,6.5859375,5.9296875,80.6640625,33.8203125,93.0703125,34.2734375,25.3046875,19.609375,15.265625,10.234375,9.890625,6.0625,0.9609375,0.7578125,166.4140625,143.296875,888.375,24,0,3,0,3,5,3,0,0,2,3,0,0,0,167.64,167.64,135.0,0.7734375,0.0,0.566484375,0.5198046875,0.56765625,0.43591796875,1.0859375,0.0,0.0,0.005859375,73.9140625,36.984375,79.642578125,38.462890625,85.224609375,47.109375,93.791015625,51.611328125,2.048828125,1.263671875,3.580078125,1.6953125,47.53125,18.248046875,51.638671875,19.580078125,16.080078125,10.71484375,17.6015625,11.447265625,10.302734375,8.021484375,10.40234375,7.435546875,55.080078125,21.875,63.392578125,25.017578125,12.908203125,11.15625,9.025390625,6.634765625,5.92578125,3.953125,7.224609375,6.810546875,58.71875,149.970703125,542.935546875,25,0,0,1,3,6,4,0,0,0,1,2,3,0,172.72,177.8,135.0,38.0,26.0,1,0,0,0,0,0,0,0,0,0,0,0,0,0,0,1,0,0,0,0,0,0,0,1
Red,False,0.375,0.0,0.5912499999999999,0.3675,0.21875,0.0,0.0,0.0,0.0,0.0,95.625,57.75,83.25,33.125,109.875,71.125,97.125,46.625,1.0,0.625,0.0,0.0,81.75,47.125,55.25,12.625,6.5,4.5,20.5,13.875,7.375,6.125,7.5,6.625,84.75,49.5,76.875,28.125,4.25,2.5,6.125,4.75,6.625,5.75,0.25,0.25,70.75,35.5,806.625,10,0,4,0,4,4,0,0,0,0,3,1,0,0,185.42,198.12,264.0,0.0625,0.625,0.355546875,0.64421875,0.4228125,0.0078125,0.0,0.5,0.0,0.0,43.5390625,22.421875,24.9140625,14.1796875,64.484375,40.03125,33.5703125,22.28125,4.65625,2.6796875,0.0546875,0.0234375,38.7109375,18.1953125,20.9296875,10.5546875,3.0,2.921875,2.59375,2.359375,1.828125,1.3046875,1.390625,1.265625,24.7578125,5.6015625,17.1484375,7.5625,5.265625,4.5234375,4.109375,3.7265625,13.515625,12.296875,3.65625,2.890625,213.0234375,6.6953125,395.65625,18,0,0,1,4,5,3,0,0,0,2,2,0,1,193.04,203.2,265.0,31.0,28.0,0,0,0,0,1,0,0,0,0,0,0,0,0,0,0,0,0,1,0,0,1,0,0,0
Red,False,0.0,0.0,0.42,0.41,1.0,0.0,0.0,0.0,0.0,0.0,142.0,60.0,139.0,58.0,153.0,68.0,157.0,68.0,5.0,5.0,1.0,0.0,103.0,35.0,78.0,18.0,25.0,16.0,28.0,15.0,14.0,9.0,33.0,25.0,106.0,38.0,113.0,50.0,8.0,7.0,14.0,7.0,28.0,15.0,12.0,1.0,267.0,15.0,900.0,3,0,1,0,1,1,0,0,0,0,1,0,0,0,177.8,177.8,155.0,0.2677001953125,0.21875,0.5359332275390625,0.331611328125,0.0,0.04077392578125,0.0,0.0001220703125,0.0,0.0,177.42047119140625,89.34912109375,163.31390380859375,55.828125,185.19464111328125,95.09130859375,165.07489013671875,57.3388671875,0.078125,0.0,2.66717529296875,0.25799560546875,129.7742919921875,58.05572509765625,132.98779296875,36.05133056640625,24.70440673828125,14.2540283203125,12.624755859375,7.0093994140625,22.9417724609375,17.03936767578125,17.70135498046875,12.76739501953125,166.86090087890625,83.2506103515625,161.18548583984375,55.06573486328125,9.92559814453125,5.83868408203125,1.93505859375,0.57098388671875,0.63397216796875,0.25982666015625,0.193359375,0.19140625,7.133056640625,34.92974853515625,788.6976928710938,36,0,2,0,3,9,6,0,0,1,5,3,0,0,172.72,172.72,155.0,22.0,33.0,0,0,0,0,0,0,1,0,0,0,0,0,0,0,0,0,0,1,0,0,1,0,0,0
Red,False,0.0,0.0,0.4275,0.34375,0.05,0.1825,0.0,0.0,0.0,0.0,119.75,49.625,145.25,51.0,139.75,67.875,179.875,81.875,1.75,0.25,3.5,1.0,106.25,40.25,108.25,25.875,9.375,5.875,22.875,13.875,4.125,3.5,14.125,11.25,107.875,39.875,131.625,41.25,10.0,8.25,9.5,6.75,1.875,1.5,4.125,3.0,212.25,84.25,900.0,12,0,0,1,3,3,1,0,0,0,3,0,0,0,165.1,170.18,125.0,0.0,0.0,0.7,0.59,0.2,0.0,0.0,0.0,0.0,0.0,97.0,68.0,69.0,41.0,107.0,78.0,88.0,60.0,5.0,1.0,0.0,0.0,73.0,46.0,32.0,10.0,18.0,16.0,24.0,19.0,6.0,6.0,13.0,12.0,38.0,20.0,41.0,17.0,27.0,25.0,28.0,24.0,32.0,23.0,0.0,0.0,213.0,28.0,421.0,2,0,1,0,1,1,0,0,0,0,0,1,0,0,165.1,165.1,125.0,26.0,20.0,0,0,0,0,0,0,0,0,0,0,0,0,1,0,0,0,0,1,0,0,0,0,0,1
Red,False,0.0,0.0,0.3349999999999999,0.4,0.215,0.0,0.5,0.0,0.5,0.5,230.5,73.5,213.0,85.5,258.0,98.5,234.0,103.5,8.0,1.5,2.0,0.0,199.0,49.5,182.0,62.5,20.5,15.5,17.0,12.0,11.0,8.5,14.0,11.0,203.5,55.5,201.5,76.5,18.5,11.0,10.0,8.0,8.5,7.0,1.5,1.0,270.5,65.5,900.0,6,0,0,1,1,1,1,0,0,1,0,0,0,0,177.8,177.8,145.0,0.5,0.0,0.305,0.64,0.555,0.5800000000000001,0.5,0.5,1.0,0.5,54.0,15.5,54.5,29.0,60.0,21.0,60.5,35.0,5.0,1.0,2.5,1.5,45.0,10.0,36.5,14.0,8.0,4.5,8.5,5.5,1.0,1.0,9.5,9.5,50.0,14.0,45.0,20.0,2.5,1.0,4.5,4.5,1.5,0.5,5.0,4.5,193.5,117.0,556.0,4,0,1,0,1,1,1,0,0,0,0,0,1,0,190.5,190.5,155.0,28.0,25.0,0,0,1,0,0,0,0,0,0,0,0,0,0,0,0,1,0,0,0,0,0,0,1,0
Red,False,0.0390625,0.0,0.52171875,0.327734375,0.6875,0.15,0.0,0.015625,0.0078125,0.0,206.8984375,109.328125,304.0390625,100.8671875,212.1953125,114.265625,316.0703125,111.109375,1.0703125,0.8125,4.296875,0.796875,146.3984375,60.6875,248.1875,63.6640625,35.9765625,27.1484375,37.609375,21.3984375,24.5234375,21.4921875,18.2421875,15.8046875,190.2890625,94.421875,287.6484375,90.765625,14.8125,13.2890625,14.859375,8.96875,1.796875,1.6171875,1.53125,1.1328125,56.21875,81.953125,888.546875,22,0,1,0,1,3,5,0,0,0,3,0,0,0,160.02,162.56,115.0,0.0,0.0,0.4171679687499999,0.4197265624999999,0.2992578125,0.0845703125,0.009765625,0.048828125,0.234375,0.580078125,97.48046875,40.822265625,122.439453125,50.83203125,124.705078125,63.248046875,137.53515625,64.359375,6.921875,1.783203125,0.595703125,0.26953125,88.275390625,33.205078125,87.03125,23.263671875,4.466796875,3.65625,13.87109375,9.259765625,4.73828125,3.9609375,21.537109375,18.30859375,70.875,21.185546875,105.796875,38.90234375,13.919921875,9.63671875,14.072265625,10.2421875,12.685546875,10.0,2.5703125,1.6875,335.087890625,78.421875,890.21875,28,0,0,1,1,4,6,0,0,1,3,0,0,0,162.56,160.02,115.0,34.0,33.0,0,0,0,0,0,0,0,0,0,0,0,0,0,1,0,1,0,0,0,0,1,0,0,0
Blue,False,0.015625,0.0,0.45,0.4275,0.25,0.2,0.148468017578125,0.098388671875,0.0,0.0,66.5,29.6875,64.31230545043945,27.34375,89.75,48.0,85.53125,44.41152191162109,2.0,0.75,2.0546875,0.75,51.1875,18.3359375,49.6123046875,16.280410766601562,7.5,5.07647705078125,7.5,5.0,4.5,3.625,4.984375,3.9375,48.6875,17.0,47.11572265625,16.5,5.75,3.75,5.3125,3.4375,5.0625,3.5,3.875,2.5,99.2119140625,94.125,638.5,0,0,0,0,0,0,0,0,0,0,0,0,0,0,167.64,175.26,125.0,0.0,0.0,0.368125,0.32625,0.490625,0.759375,0.0625,2.4375,0.5,0.0,81.5,32.9375,68.9375,23.875,122.5,70.3125,85.875,39.4375,7.25,4.4375,3.6875,2.25,70.5625,23.4375,56.75,13.875,6.8125,6.0,7.1875,5.5625,4.125,3.5,5.0,4.4375,64.9375,19.25,58.875,17.5,1.8125,0.8125,3.5625,1.0625,14.75,12.875,6.5,5.3125,283.375,167.375,900.0,15,0,0,2,1,2,3,0,0,1,1,0,0,0,167.64,172.72,125.0,29.0,28.0,0,0,0,1,0,0,0,0,0,0,0,0,0,0,0,1,0,0,0,0,1,0,0,0
Blue,False,0.0,0.0,0.4,0.67,0.0,0.75,0.0,0.0,0.0,0.0,104.0,42.0,78.0,53.0,118.0,55.0,135.0,109.0,0.0,0.0,4.0,3.0,72.0,19.0,57.0,32.0,23.0,14.0,12.0,12.0,9.0,9.0,9.0,9.0,86.0,30.0,55.0,31.0,16.0,10.0,3.0,3.0,2.0,2.0,20.0,19.0,149.0,321.0,900.0,3,0,0,1,0,0,1,0,0,0,0,0,0,0,162.56,162.56,125.0,0.0,0.0,0.3791015625,0.4228515625,0.351875,0.402734375,0.85546875,0.0625,0.3828125,0.00390625,138.4609375,50.3125,145.0,52.91796875,184.01171875,92.3671875,190.95703125,96.6484375,1.8828125,0.80078125,2.27734375,1.7734375,97.7890625,19.19140625,127.390625,39.0546875,14.20703125,9.01171875,10.8828125,8.92578125,26.46484375,22.109375,6.7265625,4.9375,126.34765625,41.30078125,131.39453125,41.58984375,7.87109375,5.671875,6.515625,4.9296875,4.2421875,3.33984375,7.08984375,6.3984375,146.56640625,152.80859375,846.53125,23,1,3,0,3,6,3,0,0,2,3,0,1,0,167.64,172.72,135.0,30.0,34.0,0,0,0,0,0,0,0,0,0,0,0,0,1,0,0,1,0,0,0,0,1,0,0,0
Blue,False,0.0,0.0,0.5,0.55,0.0,1.0,0.0,1.0,0.0,0.0,52.0,26.0,63.0,35.0,60.0,32.0,118.0,83.0,1.0,0.0,2.0,2.0,25.0,9.0,60.0,33.0,4.0,0.0,0.0,0.0,23.0,17.0,3.0,2.0,48.0,23.0,22.0,3.0,0.0,0.0,0.0,0.0,4.0,3.0,41.0,32.0,0.0,323.0,552.0,2,0,0,1,0,0,1,0,0,0,0,0,0,0,175.26,170.18,145.0,0.0471682548522949,0.0,0.45,0.4217682266235352,0.25,0.19173828125,0.1875,0.125,0.0,0.0,69.5,30.5,66.984375,27.8466796875,94.0,48.544921875,88.50390625,44.75,2.0,0.8125,2.015625,0.6640625,54.0,19.01513671875,51.483436584472656,16.9437255859375,7.91796875,5.430633544921875,7.75,5.0625,4.780975341796875,3.9373779296875,4.8994140625,3.84375,51.025390625,18.400863647460938,50.515625,17.5,5.75,3.75,5.5,3.5,5.375,3.6875,4.0,2.65625,104.865234375,89.5,655.8441009521484,0,0,0,0,0,0,0,0,0,0,0,0,0,0,180.34,180.34,135.0,27.0,26.0,1,0,0,0,0,0,0,0,0,0,0,0,0,0,0,1,0,0,0,0,0,0,0,1
Blue,False,0.875,0.0,0.5974999999999999,0.45875,0.125,0.08625,0.125,0.0,0.0,0.0,89.5,55.625,41.875,21.125,95.5,60.75,43.625,22.625,1.375,0.125,5.125,0.625,56.5,28.625,31.625,13.125,17.25,12.25,6.25,4.5,15.75,14.75,4.0,3.5,69.625,39.5,40.375,20.375,16.25,13.75,1.375,0.625,3.625,2.375,0.125,0.125,59.625,54.0,524.75,6,0,4,0,4,4,0,0,0,0,1,2,1,0,193.04,195.58,205.0,0.0625,0.0,0.52625,0.5118750000000001,0.5,0.33,0.0,1.25,0.0,0.0,108.6875,54.9375,87.25,45.0625,124.6875,70.375,102.4375,60.25,0.5625,0.5,2.5,1.0,83.9375,34.5,70.3125,32.25,11.4375,8.9375,13.5625,9.4375,13.3125,11.5,3.375,3.375,79.5625,35.75,73.0,34.875,13.125,7.4375,12.0,8.4375,16.0,11.75,2.25,1.75,155.375,74.5625,601.25,10,1,3,0,3,3,2,0,0,1,0,2,0,0,187.96,190.5,205.0,29.0,29.0,0,0,0,0,0,1,0,0,0,0,0,0,0,0,0,0,0,1,0,0,1,0,0,0
Red,False,0.0,0.0,0.165,0.7150000000000001,0.0,0.915,0.0,1.5,0.5,0.0,77.5,25.5,100.5,67.0,79.0,27.0,138.5,99.0,0.0,0.0,3.5,3.0,54.5,10.5,70.5,42.5,14.5,8.0,21.0,16.5,8.5,7.0,9.0,8.0,66.5,21.5,77.0,47.5,8.0,3.5,6.0,5.5,3.0,0.5,17.5,14.0,24.5,217.5,541.5,4,0,0,2,0,0,2,0,0,0,0,0,0,0,180.34,190.5,185.0,0.1875,0.0625,0.199375,0.4393749999999999,0.0,0.6737500000000001,0.0,0.25,0.0,0.0,88.4375,23.125,75.5,34.0625,96.5,30.1875,121.875,75.5,0.0,0.0,2.0625,1.5,72.9375,15.3125,61.125,23.9375,7.125,3.5625,9.8125,6.25,8.375,4.25,4.5625,3.875,85.25,21.1875,61.375,24.4375,2.125,1.3125,6.0625,4.4375,1.0625,0.625,8.0625,5.1875,1.0625,236.375,690.0625,11,0,1,0,1,2,3,0,0,0,1,1,0,0,182.88,185.42,185.0,33.0,29.0,0,0,0,0,0,0,0,1,0,0,0,0,0,0,0,0,0,1,0,0,1,0,0,0
Red,False,0.25,0.625,0.495,0.3425,0.369375,0.40625,0.25,0.5625,0.0625,0.25,100.5,48.75,98.875,31.3125,110.75,57.25,103.5625,35.875,5.75,2.125,2.375,0.8125,68.25,23.25,70.3125,11.1875,12.8125,8.1875,11.5,5.625,19.4375,17.3125,17.0625,14.5,86.8125,40.125,92.75,28.0625,6.875,4.5,5.5,3.0,6.8125,4.125,0.625,0.25,200.3125,20.125,853.375,13,1,0,1,4,4,1,0,0,0,3,0,1,0,172.72,175.26,135.0,0.5,0.0,0.435,0.3349999999999999,0.33,0.0,1.0,0.0,0.0,0.0,105.5,47.0,73.0,26.0,165.5,102.0,75.0,27.5,1.5,1.0,0.5,0.0,72.0,26.0,57.5,18.5,12.0,9.5,11.5,4.0,21.5,11.5,4.0,3.5,84.5,30.5,70.0,24.0,2.5,2.0,3.0,2.0,18.5,14.5,0.0,0.0,278.0,1.5,645.0,5,0,2,0,2,2,0,0,0,0,0,0,2,0,167.64,175.26,140.0,28.0,25.0,1,0,0,0,0,0,0,0,0,0,0,0,0,0,0,0,0,1,0,0,1,0,0,0
Red,False,0.15625,0.5,0.3581249999999999,0.3462499999999999,0.5,0.075625,0.21875,0.0,0.25,0.0,82.53125,28.65625,94.5,33.03125,87.28125,33.15625,98.25,36.21875,1.0,1.0,3.5,0.75,65.28125,16.9375,74.65625,22.3125,11.125,6.34375,13.375,7.21875,6.125,5.375,6.46875,3.5,77.5625,25.1875,83.34375,25.0,2.15625,1.3125,4.90625,4.09375,2.8125,2.15625,6.25,3.9375,82.40625,52.84375,593.0,11,0,2,0,2,4,2,0,0,0,1,1,2,0,177.8,185.42,155.0,0.0625,0.5,0.3240625,0.4828125,0.086875,0.238125,0.0,0.25,0.375,0.0,142.0,37.40625,122.21875,56.96875,151.65625,46.59375,136.75,69.1875,4.4375,0.46875,2.90625,0.96875,115.3125,19.15625,101.65625,41.96875,17.71875,13.375,10.375,6.0625,8.96875,4.875,10.1875,8.9375,138.09375,34.8125,104.15625,45.71875,3.4375,2.1875,7.46875,6.1875,0.46875,0.40625,10.59375,5.0625,43.1875,118.09375,771.125,15,0,3,0,3,3,3,0,0,0,1,2,0,0,177.8,185.42,155.0,31.0,25.0,0,0,0,0,0,0,1,0,0,0,0,0,0,0,0,1,0,0,0,0,1,0,0,0
Red,False,0.0,0.0,0.45875,0.38125,0.41,0.25,1.25,0.125,0.5,0.0,32.75,14.75,45.625,19.125,80.125,57.0,75.875,48.875,2.875,1.75,0.875,0.625,24.75,9.375,39.125,14.125,3.75,1.5,4.5,3.0,4.25,3.875,2.0,2.0,21.25,9.0,31.5,8.625,0.375,0.125,3.625,2.25,11.125,5.625,10.5,8.25,384.375,92.25,649.125,8,0,0,1,1,2,2,0,0,0,1,0,1,0,177.8,182.88,145.0,0.125,0.0,0.3425,0.38125,0.28125,0.395,0.875,0.75,0.0,0.25,85.5,29.25,55.375,21.75,104.875,46.875,103.5,60.0,2.5,1.375,10.5,4.25,73.0,22.25,45.375,14.875,11.0,6.25,5.25,3.375,1.5,0.75,4.75,3.5,74.25,22.75,46.875,16.375,4.625,1.375,3.25,2.125,6.625,5.125,5.25,3.25,135.875,357.625,805.625,12,0,4,0,4,4,0,0,0,1,1,0,2,0,172.72,177.8,145.0,31.0,25.0,0,0,1,0,0,0,0,0,0,0,0,0,0,0,0,1,0,0,0,0,0,0,1,0
Blue,False,0.0,0.0,0.4549999999999999,0.52,0.2975,0.25,0.75,0.0,0.0,0.5,58.0,26.5,40.0,21.5,105.5,65.5,47.5,28.75,7.5,2.0,1.0,0.5,42.0,15.75,31.0,13.25,8.5,6.25,7.0,6.25,7.5,4.5,2.0,2.0,36.25,15.25,34.25,16.75,4.25,2.5,4.5,3.5,17.5,8.75,1.25,1.25,240.5,46.75,585.5,7,0,3,0,3,3,0,0,0,1,1,0,1,0,180.34,180.34,170.0,0.3125,0.171875,0.4321875,0.57578125,0.0,0.2471875,0.515625,2.5,0.0,0.5,60.078125,28.6875,47.84375,23.953125,75.59375,40.625,68.4375,41.3125,1.1875,0.0,3.296875,1.234375,49.140625,19.609375,37.015625,14.96875,5.140625,4.25,7.265625,6.015625,5.796875,4.828125,3.5625,2.96875,37.015625,11.96875,36.28125,13.984375,1.953125,1.25,8.15625,6.703125,21.109375,15.46875,3.40625,3.265625,265.140625,109.34375,568.21875,14,0,2,0,2,5,2,0,0,1,1,2,1,0,185.42,187.96,170.0,36.0,31.0,0,0,0,0,0,0,0,0,0,1,0,0,0,0,0,0,0,1,0,0,0,0,1,0
Blue,False,0.2861328125,0.50067138671875,0.43823974609375,0.4739239501953125,0.0417083740234375,0.1252099609375,0.0401611328125,0.0006103515625,0.0009765625,0.25006103515625,115.2119140625,45.9600830078125,105.5211181640625,48.38836669921875,122.01373291015624,52.21405029296875,119.98162841796876,60.07440185546875,1.1083984375,0.058349609375,3.4156494140625,1.1072998046875,72.61224365234375,21.00738525390625,79.68603515625,32.98370361328125,13.91534423828125,7.96380615234375,19.62420654296875,10.3736572265625,28.684326171875,16.9888916015625,6.21087646484375,5.031005859375,98.41259765625,34.2589111328125,97.50830078125,42.71173095703125,7.38336181640625,5.61474609375,3.2413330078125,1.90887451171875,9.41595458984375,6.08642578125,4.771484375,3.76776123046875,23.9166259765625,142.171875,793.7394409179688,41,0,2,0,3,9,6,0,0,0,5,3,1,0,180.34,187.96,170.0,0.421875,0.5,0.1954687499999999,0.52859375,0.083125,0.0703125,0.0,0.53125,0.0,0.0,50.984375,17.6875,89.765625,42.40625,52.40625,18.828125,102.25,54.203125,0.234375,0.125,2.953125,0.15625,39.875,11.515625,69.96875,28.515625,3.53125,1.65625,11.15625,7.78125,7.578125,4.515625,8.640625,6.109375,45.578125,14.09375,57.0625,15.296875,2.984375,1.765625,4.984375,4.03125,2.421875,1.828125,27.71875,23.078125,27.890625,175.515625,791.640625,19,1,1,0,4,5,2,0,0,0,3,2,0,0,182.88,187.96,185.0,34.0,26.0,0,0,0,0,0,0,0,0,0,1,0,0,0,0,0,1,0,0,0,0,0,0,1,0
Red,False,0.015625,0.2578125,0.80935546875,0.649345703125,0.36552734375,0.015625,0.7109375,0.03125,0.0625,0.53125,13.556640625,10.2646484375,39.1279296875,26.34375,20.5771484375,17.0908203125,54.978515625,39.3291015625,2.9482421875,1.2978515625,1.26171875,0.0703125,12.0400390625,9.0009765625,30.619140625,18.6533203125,1.2255859375,0.98828125,5.3779296875,4.6083984375,0.291015625,0.275390625,3.130859375,3.08203125,6.76171875,3.6015625,13.4521484375,7.2421875,0.7548828125,0.669921875,5.2060546875,5.0458984375,6.0400390625,5.9931640625,20.4697265625,14.0556640625,186.517578125,114.8203125,419.673828125,23,0,4,0,4,8,3,0,0,0,1,0,7,0,180.34,182.88,170.0,0.255859375,0.125,0.4841015625,0.4350976562499999,0.2228125,0.14439453125,0.421875,0.126953125,0.25390625,0.0,120.89453125,59.9765625,93.814453125,42.58203125,146.017578125,82.794921875,120.47265625,66.4765625,4.375,0.9375,6.259765625,0.990234375,84.927734375,32.53125,55.30859375,15.99609375,17.216796875,12.2890625,23.2734375,17.595703125,18.75,15.15625,15.232421875,8.990234375,97.09765625,41.205078125,80.8984375,32.3984375,14.455078125,12.15625,11.142578125,8.896484375,9.341796875,6.615234375,1.7734375,1.287109375,243.392578125,141.1015625,1194.2890625,30,0,0,1,6,8,2,0,0,0,5,2,1,0,187.96,187.96,170.0,30.0,27.0,0,0,0,0,0,0,0,0,0,1,0,0,0,0,0,0,0,0,1,0,0,0,1,0
Blue,False,0.0,0.0,0.565,0.3475,0.4775,0.0,0.0,0.5,0.5,0.5,88.5,43.0,104.0,46.0,109.0,59.25,115.75,57.25,7.0,2.0,1.0,0.0,73.75,33.0,96.25,39.5,8.25,5.0,7.5,6.25,6.5,5.0,0.25,0.25,52.5,18.75,78.75,30.75,5.5,3.0,5.5,4.0,30.5,21.25,19.75,11.25,233.5,131.0,687.5,7,0,0,1,2,2,1,0,0,0,1,1,0,0,170.18,180.34,145.0,1.0,0.0,0.465,0.765,0.165,0.0,1.5,0.0,0.0,0.0,89.5,47.5,66.0,36.0,124.0,77.5,71.0,40.5,1.5,0.5,1.0,0.0,71.5,35.5,50.0,22.5,15.0,9.0,4.0,4.0,3.0,3.0,12.0,9.5,61.0,25.5,52.5,26.5,4.0,3.0,9.0,6.0,24.5,19.0,4.5,3.5,183.0,75.0,469.5,4,0,2,0,2,2,0,0,0,0,1,0,1,0,182.88,185.42,145.0,27.0,30.0,0,0,1,0,0,0,0,0,0,0,0,0,0,0,0,1,0,0,0,0,1,0,0,0
Red,False,0.0,0.0,0.16,0.84,0.0,1.0,0.0,2.0,0.0,0.0,12.0,2.0,113.0,95.0,13.0,3.0,254.0,230.0,0.0,0.0,2.0,2.0,12.0,2.0,103.0,87.0,0.0,0.0,9.0,8.0,0.0,0.0,1.0,0.0,12.0,2.0,20.0,11.0,0.0,0.0,0.0,0.0,0.0,0.0,93.0,84.0,0.0,512.0,565.0,2,0,0,1,0,0,1,0,0,0,0,0,0,0,170.18,165.1,135.0,0.0,0.0,0.3,0.34,0.0,0.5,0.0,1.0,0.0,0.0,33.0,10.0,50.0,17.0,33.0,10.0,60.0,26.0,0.0,0.0,4.0,2.0,32.0,10.0,49.0,16.0,1.0,0.0,0.0,0.0,0.0,0.0,1.0,1.0,33.0,10.0,34.0,5.0,0.0,0.0,0.0,0.0,0.0,0.0,16.0,12.0,2.0,272.0,425.0,2,0,0,1,0,0,1,0,0,0,0,0,0,0,162.56,157.48,125.0,30.0,28.0,0,0,0,0,0,0,0,0,0,0,0,0,1,0,0,1,0,0,0,0,1,0,0,0
Blue,False,0.0,0.5,0.32,0.535,0.2,0.0,0.0,0.5,0.0,0.0,76.5,22.5,65.5,36.0,77.5,23.5,74.5,45.0,3.5,1.0,0.5,0.0,70.0,18.0,55.0,27.5,5.5,3.5,3.5,2.0,1.0,1.0,7.0,6.5,70.0,19.5,49.5,25.0,5.0,2.5,8.0,6.0,1.5,0.5,8.0,5.0,45.5,12.0,354.0,3,0,0,2,0,0,2,0,0,0,0,0,0,0,185.42,198.12,185.0,0.0471682548522949,0.0,0.45,0.4217682266235352,0.25,0.19173828125,0.1875,0.125,0.0,0.0,69.5,30.5,66.984375,27.8466796875,94.0,48.544921875,88.50390625,44.75,2.0,0.8125,2.015625,0.6640625,54.0,19.01513671875,51.483436584472656,16.9437255859375,7.91796875,5.430633544921875,7.75,5.0625,4.780975341796875,3.9373779296875,4.8994140625,3.84375,51.025390625,18.400863647460938,50.515625,17.5,5.75,3.75,5.5,3.5,5.375,3.6875,4.0,2.65625,104.865234375,89.5,655.8441009521484,0,0,0,0,0,0,0,0,0,0,0,0,0,0,182.88,198.12,205.0,32.0,24.0,0,0,0,0,0,1,0,0,0,0,0,0,0,0,0,1,0,0,0,0,1,0,0,0
Red,False,0.0,0.0,0.55,0.415,0.37,0.0,0.0,0.5,0.0,1.0,127.5,64.5,113.5,39.0,158.5,89.0,132.5,54.5,8.0,3.5,0.5,0.0,108.0,50.0,99.0,28.0,11.0,7.0,7.0,5.0,8.5,7.5,7.5,6.0,90.5,35.5,100.5,30.0,9.0,7.5,8.5,6.0,28.0,21.5,4.5,3.0,442.5,26.5,900.0,6,0,2,0,2,2,0,0,0,0,2,0,0,0,172.72,177.8,145.0,0.0471682548522949,0.0,0.45,0.4217682266235352,0.25,0.19173828125,0.1875,0.125,0.0,0.0,69.5,30.5,66.984375,27.8466796875,94.0,48.544921875,88.50390625,44.75,2.0,0.8125,2.015625,0.6640625,54.0,19.01513671875,51.483436584472656,16.9437255859375,7.91796875,5.430633544921875,7.75,5.0625,4.780975341796875,3.9373779296875,4.8994140625,3.84375,51.025390625,18.400863647460938,50.515625,17.5,5.75,3.75,5.5,3.5,5.375,3.6875,4.0,2.65625,104.865234375,89.5,655.8441009521484,0,0,0,0,0,0,0,0,0,0,0,0,0,0,170.18,182.88,145.0,31.0,32.0,0,0,1,0,0,0,0,0,0,0,0,0,0,0,0,1,0,0,0,0,1,0,0,0
Red,False,0.1015625,0.0,0.38287109375,0.58736328125,0.00193359375,0.0096875,0.37890625,0.0234375,0.0,0.005859375,136.587890625,51.103515625,147.65234375,91.486328125,138.6875,53.126953125,148.318359375,92.119140625,0.068359375,0.017578125,0.62109375,0.064453125,115.576171875,34.533203125,91.244140625,39.76953125,8.54296875,5.2578125,54.908203125,50.216796875,12.46875,11.3125,1.5,1.5,134.107421875,48.9453125,144.654296875,89.607421875,1.9296875,1.73046875,2.68359375,1.658203125,0.55078125,0.427734375,0.314453125,0.220703125,8.94921875,12.55078125,939.41015625,23,0,0,1,4,6,4,0,0,0,1,3,2,0,193.04,198.12,265.0,0.0,0.0,0.22,0.44,0.0,0.0,0.0,0.0,0.0,0.0,229.0,51.0,248.0,110.0,229.0,51.0,248.0,110.0,0.0,0.0,1.0,0.0,213.0,40.0,170.0,66.0,15.0,10.0,75.0,41.0,1.0,1.0,3.0,3.0,227.0,49.0,248.0,110.0,2.0,2.0,0.0,0.0,0.0,0.0,0.0,0.0,3.0,0.0,1500.0,5,0,0,1,0,0,1,0,0,0,0,0,0,0,180.34,185.42,250.0,37.0,32.0,0,0,0,0,1,0,0,0,0,0,0,0,0,0,0,1,0,0,0,0,0,0,1,0
Red,False,0.5,0.0,0.475,0.3525,0.25,0.585,0.0,0.0,0.0,0.0,132.5,65.75,111.75,39.25,134.0,67.25,131.25,57.0,0.25,0.25,4.25,2.0,95.0,43.0,83.5,22.75,16.25,8.25,11.25,4.5,21.25,14.5,17.0,12.0,126.5,61.25,99.75,31.25,4.0,3.25,3.25,1.25,2.0,1.25,8.75,6.75,17.0,164.75,814.25,8,0,3,0,3,3,0,0,0,0,2,1,0,0,187.96,193.04,170.0,0.75,0.25,0.3974999999999999,0.30828125,0.04,0.104375,0.078125,0.515625,0.03125,0.0,74.265625,30.015625,50.0625,18.515625,77.328125,32.578125,56.765625,23.859375,1.421875,0.09375,3.140625,0.359375,57.484375,18.859375,41.765625,13.75,9.3125,5.359375,5.625,3.3125,7.46875,5.796875,2.671875,1.453125,56.125,18.203125,43.0625,13.890625,10.484375,7.515625,5.578125,3.578125,7.65625,4.296875,1.421875,1.046875,34.609375,110.921875,468.171875,18,0,0,1,6,6,1,0,0,1,2,3,0,0,180.34,185.42,170.0,31.0,32.0,0,0,0,0,0,0,0,0,0,1,0,0,0,0,0,1,0,0,0,0,1,0,0,0
Blue,False,0.5253829956054688,0.166015625,0.4598664093017578,0.3630032348632812,0.01983642578125,0.0027392578124999,0.0078125,0.0078125,0.0,0.0,120.2711410522461,55.28337860107422,105.33271026611328,32.52494812011719,126.7676773071289,61.226051330566406,109.2297134399414,34.18367004394531,0.280029296875,0.0201416015625,0.4845733642578125,0.05303955078125,85.96285247802734,33.28804016113281,92.6057586669922,23.11321258544922,31.248046875,19.50165557861328,7.3383331298828125,5.398696899414063,3.06024169921875,2.493682861328125,5.388618469238281,4.013038635253906,105.5619125366211,49.285377502441406,95.81166076660156,26.336769104003903,1.0645523071289062,0.378204345703125,7.487846374511719,4.873725891113281,13.644676208496094,5.619796752929688,2.033203125,1.314453125,25.874122619628903,51.69596862792969,771.1526718139648,49,5,9,0,9,14,4,0,0,0,5,9,0,0,193.04,195.58,238.0,0.392578125,0.000244140625,0.4023333740234375,0.6528173828125,0.0348504638671875,0.6625283813476562,0.0,0.5704345703125,0.2501220703125,0.062530517578125,40.129791259765625,18.85308837890625,69.53857421875,45.764068603515625,41.11639404296875,19.83700561523437,90.9229736328125,63.93179321289063,0.994964599609375,0.07135009765625,2.786102294921875,2.376373291015625,31.150177001953125,12.6181640625,51.71343994140625,30.784393310546875,6.36614990234375,4.02777099609375,11.848114013671877,9.730194091796877,2.61346435546875,2.2071533203125,5.977020263671875,5.249481201171875,31.10873413085937,11.970062255859377,46.51446533203125,27.690093994140625,1.611114501953125,0.871826171875,8.744964599609375,6.333343505859375,7.409942626953125,6.011199951171875,14.279144287109377,11.740631103515623,21.95947265625,215.13052368164065,656.2510681152344,36,1,2,0,6,12,4,0,0,1,1,10,0,0,190.5,200.66,260.0,35.0,34.0,0,0,0,0,1,0,0,0,0,0,0,0,0,0,0,1,0,0,0,0,1,0,0,0
Red,False,0.21875,0.0,0.44072265625,0.475361328125,0.50546875,0.258525390625,0.001953125,0.57421875,0.0,0.3125,159.8916015625,71.015625,101.4091796875,47.2333984375,201.771484375,107.791015625,116.876953125,61.61328125,2.8896484375,1.078125,1.4794921875,0.791015625,128.8173828125,47.2021484375,80.82421875,30.671875,20.0595703125,14.470703125,15.9716796875,12.3046875,11.0146484375,9.3427734375,4.61328125,4.2568359375,135.9853515625,52.267578125,93.3623046875,42.583984375,7.8681640625,6.2099609375,3.8125,2.7275390625,16.0380859375,12.5380859375,4.234375,1.921875,258.5927734375,56.3935546875,749.37109375,23,0,0,2,3,6,5,0,0,0,3,2,1,0,172.72,177.8,155.0,0.1563720703125,0.312744140625,0.533055419921875,0.489315185546875,0.2543115234375,0.03721435546875,1.0042724609375,2.0216064453125,0.0,0.001953125,70.1888427734375,39.513427734375,35.0908203125,14.2723388671875,118.61376953125,75.8958740234375,48.31884765625,25.5858154296875,4.3836669921875,2.0146484375,1.959716796875,0.1644287109375,50.2156982421875,22.425537109375,28.4149169921875,9.6024169921875,10.528564453125,8.500732421875,6.25390625,4.2706298828125,9.444580078125,8.587158203125,0.4219970703125,0.3992919921875,35.7822265625,15.059326171875,31.5955810546875,11.6981201171875,6.0721435546875,4.256103515625,2.3675537109375,1.5093994140625,28.33447265625,20.197998046875,1.127685546875,1.0648193359375,439.3187255859375,30.930908203125,646.6124267578125,30,0,1,0,5,9,5,0,0,1,4,1,3,0,177.8,182.88,155.0,30.0,29.0,0,0,0,0,0,0,1,0,0,0,0,0,0,0,0,0,0,1,0,0,0,0,1,0
Blue,False,0.0,0.0,0.545,0.625,0.435,0.5,0.5,0.5,0.0,0.0,61.0,38.5,65.0,38.0,116.0,88.0,81.5,51.5,6.0,3.0,0.5,0.5,29.0,14.0,46.0,20.0,20.5,15.5,18.0,17.0,11.5,9.0,1.0,1.0,38.5,18.0,39.5,16.0,17.0,15.5,14.0,14.0,5.5,5.0,11.5,8.0,367.0,19.5,552.5,4,1,0,1,1,1,1,0,0,0,1,0,0,0,167.64,172.72,135.0,0.0,0.00390625,0.4323046875,0.4098437499999999,0.046875,0.515,0.92578125,0.125,0.125,0.0,61.32421875,27.44921875,64.38671875,26.21875,92.6171875,54.79296875,120.99609375,77.72265625,0.046875,0.046875,7.55078125,4.0859375,54.5,22.12109375,44.90234375,11.7734375,5.08984375,3.87890625,10.87109375,7.6328125,1.734375,1.44921875,8.61328125,6.8125,42.3828125,13.62890625,44.65234375,13.91796875,6.984375,5.8828125,6.25,5.23828125,11.95703125,7.9375,13.484375,7.0625,89.140625,411.609375,797.5234375,24,0,2,0,2,5,4,0,0,0,1,2,2,0,167.64,172.72,135.0,29.0,41.0,0,0,0,0,0,0,0,0,0,0,1,0,0,0,0,1,0,0,0,0,1,0,0,0
Blue,False,0.03515625,0.03515625,0.3091796875,0.396953125,0.3213281249999999,0.014296875,0.06640625,1.08984375,0.0,0.3125,146.921875,45.53125,124.015625,51.328125,170.7265625,65.21875,139.1953125,65.22265625,4.30859375,2.13671875,0.8203125,0.046875,129.46484375,35.42578125,110.36328125,41.69140625,9.52734375,5.359375,8.5625,6.234375,7.9296875,4.74609375,5.08984375,3.40234375,134.69140625,38.6015625,107.69921875,41.78515625,3.91796875,1.8515625,12.60546875,7.35546875,8.3125,5.078125,3.7109375,2.1875,188.60546875,75.27734375,873.12109375,21,0,1,0,2,5,4,0,0,1,2,2,0,0,182.88,185.42,185.0,0.0704655647277832,0.0234375,0.4843261361122131,0.4715022492408752,0.0317666673660278,0.3148086833953857,0.0022640228271484,0.6352624893188477,0.0002517700195312,0.0,32.04667091369629,17.171979427337646,41.69444179534912,20.727169036865234,37.70231318473816,22.77970623970032,45.66578698158264,24.131667613983154,0.0762298107147216,0.0650618076324462,1.4227378368377686,0.6317636966705322,21.64280104637146,8.835149765014648,33.64111638069153,13.672952890396118,6.749293804168701,4.9487144947052,3.790611267089844,3.1163973808288574,3.654576063156128,3.388115167617798,4.262714147567749,3.937818765640259,26.80767607688904,13.120898008346558,32.94409418106079,14.409903287887571,3.804995536804199,2.842127561569214,2.482490301132202,1.563126564025879,1.4339993000030518,1.208953857421875,6.267857313156128,4.754139184951782,11.635332584381104,59.85571599006653,287.7313220500946,48,0,1,0,4,12,11,0,0,2,3,7,0,0,182.88,187.96,185.0,31.0,38.0,0,0,0,0,0,0,0,1,0,0,0,0,0,0,0,1,0,0,0,0,1,0,0,0
Red,False,0.0078125,0.400390625,0.5548535156250001,0.447255859375,0.5151953125,0.0078125,1.0185546875,0.0,0.0,0.01953125,63.388671875,28.78515625,90.9150390625,39.568359375,73.69140625,37.8046875,120.369140625,68.748046875,1.4482421875,1.044921875,0.1171875,0.0078125,54.845703125,22.833984375,74.4892578125,26.7021484375,7.615234375,5.1650390625,10.228515625,7.4306640625,0.927734375,0.7861328125,6.197265625,5.435546875,61.8037109375,27.412109375,88.4404296875,38.0634765625,0.09375,0.0615234375,0.3154296875,0.3046875,1.4912109375,1.3115234375,2.1591796875,1.2001953125,255.6923828125,23.2666015625,646.74609375,28,1,0,1,4,8,3,0,0,2,2,1,3,0,182.88,182.88,170.0,0.5,0.0,0.359873046875,0.373212890625,0.025283203125,0.08822265625,1.1083984375,0.505859375,0.6875,0.515625,90.5,32.888671875,77.626953125,28.845703125,100.927734375,42.173828125,82.8212890625,33.3984375,0.236328125,0.08203125,1.8623046875,0.505859375,82.1279296875,25.42578125,56.265625,14.076171875,1.974609375,1.71484375,14.056640625,9.8525390625,6.3974609375,5.748046875,7.3046875,4.9169921875,80.77734375,25.7275390625,74.833984375,26.384765625,2.55078125,1.8173828125,1.9169921875,1.7724609375,7.171875,5.34375,0.8759765625,0.6884765625,126.953125,58.4384765625,725.185546875,29,0,0,2,3,7,4,0,0,0,3,1,3,0,182.88,185.42,170.0,36.0,29.0,0,0,0,0,0,0,0,0,0,1,0,0,0,0,0,1,0,0,0,0,1,0,0,0
Blue,False,0.046875,0.578125,0.379375,0.54953125,0.17890625,0.145,0.40625,0.09375,0.375,0.0,29.484375,10.328125,36.984375,18.171875,42.78125,18.953125,41.90625,22.09375,1.765625,0.515625,1.25,0.375,23.140625,6.609375,29.859375,12.703125,4.4375,2.265625,3.640625,3.0,1.90625,1.453125,3.484375,2.46875,22.328125,5.921875,28.921875,14.078125,3.03125,1.25,3.046875,2.109375,4.125,3.15625,5.015625,1.984375,51.078125,50.015625,234.96875,11,0,1,0,2,4,3,0,0,0,0,2,2,0,182.88,193.04,170.0,0.2558746337890625,0.015625,0.5257144927978515,0.4558927154541016,0.5167999267578125,0.0595753479003906,0.00103759765625,0.033203125,4.57763671875e-05,7.62939453125e-06,126.83302307128906,58.485801696777344,93.10113525390624,38.66480255126953,134.52760314941406,65.77996826171875,94.57943725585938,39.71079254150391,1.1789703369140625,1.01812744140625,1.6307907104492188,0.358184814453125,104.29022979736328,40.30889892578125,82.6416244506836,31.670181274414062,15.527755737304688,11.538101196289062,8.873313903808594,5.458297729492188,7.015037536621094,6.638801574707031,1.5861968994140625,1.5363235473632812,115.22351837158205,49.42259979248047,92.24728393554688,38.19129180908203,1.069580078125,0.8440017700195312,0.559234619140625,0.3441009521484375,10.539924621582031,8.219200134277344,0.29461669921875,0.1294097900390625,42.19853210449219,15.711097717285156,457.2197113037109,41,0,2,0,4,10,8,0,0,1,3,5,1,0,187.96,190.5,170.0,29.0,35.0,0,0,0,0,0,0,0,0,0,1,0,0,0,0,0,1,0,0,0,0,1,0,0,0
Red,False,0.0,0.75,0.515,0.5775,0.415,0.0625,0.5,0.0,0.0,0.0,41.5,21.25,52.0,26.25,56.25,34.75,74.25,45.25,1.0,0.75,3.0,0.75,26.5,9.25,42.75,19.0,12.25,9.75,3.0,2.75,2.75,2.25,6.25,4.5,31.25,14.5,39.25,18.5,8.75,6.0,6.25,3.5,1.5,0.75,6.5,4.25,85.75,73.25,331.5,6,0,1,0,1,1,2,0,0,1,0,0,0,0,185.42,187.96,145.0,0.0471682548522949,0.0,0.45,0.4217682266235352,0.25,0.19173828125,0.1875,0.125,0.0,0.0,69.5,30.5,66.984375,27.8466796875,94.0,48.544921875,88.50390625,44.75,2.0,0.8125,2.015625,0.6640625,54.0,19.01513671875,51.483436584472656,16.9437255859375,7.91796875,5.430633544921875,7.75,5.0625,4.780975341796875,3.9373779296875,4.8994140625,3.84375,51.025390625,18.400863647460938,50.515625,17.5,5.75,3.75,5.5,3.5,5.375,3.6875,4.0,2.65625,104.865234375,89.5,655.8441009521484,0,0,0,0,0,0,0,0,0,0,0,0,0,0,177.8,182.88,145.0,29.0,25.0,0,0,1,0,0,0,0,0,0,0,0,0,0,0,0,0,0,1,0,0,0,0,0,1
Red,False,0.015625,0.0,0.45,0.4275,0.25,0.2,0.148468017578125,0.098388671875,0.0,0.0,66.5,29.6875,64.31230545043945,27.34375,89.75,48.0,85.53125,44.41152191162109,2.0,0.75,2.0546875,0.75,51.1875,18.3359375,49.6123046875,16.280410766601562,7.5,5.07647705078125,7.5,5.0,4.5,3.625,4.984375,3.9375,48.6875,17.0,47.11572265625,16.5,5.75,3.75,5.3125,3.4375,5.0625,3.5,3.875,2.5,99.2119140625,94.125,638.5,0,0,0,0,0,0,0,0,0,0,0,0,0,0,187.96,195.58,250.0,0.0,0.0,0.6,0.0,0.0,0.5,1.0,0.0,0.0,0.0,15.0,9.0,0.0,0.0,18.0,11.0,10.0,4.0,0.0,0.0,2.0,1.0,11.0,6.0,0.0,0.0,2.0,1.0,0.0,0.0,2.0,2.0,0.0,0.0,10.0,4.0,0.0,0.0,5.0,5.0,0.0,0.0,0.0,0.0,0.0,0.0,0.0,72.0,134.0,1,0,1,0,1,1,0,0,0,0,0,0,1,0,200.66,203.2,258.0,30.0,32.0,0,0,0,0,1,0,0,0,0,0,0,0,0,0,0,1,0,0,0,0,1,0,0,0
Red,False,0.0,1.0,0.34,0.47,0.0,1.0,0.0,0.0,0.0,0.0,58.0,20.0,65.0,31.0,58.0,20.0,74.0,39.0,0.0,0.0,2.0,2.0,43.0,10.0,55.0,22.0,9.0,4.0,9.0,8.0,6.0,6.0,1.0,1.0,57.0,19.0,57.0,28.0,1.0,1.0,2.0,1.0,0.0,0.0,6.0,2.0,0.0,84.0,359.0,2,0,0,1,0,0,1,0,0,0,0,0,0,0,182.88,185.42,155.0,0.3828125,0.0234375,0.39546875,0.53015625,0.26828125,0.5975,0.015625,1.03125,0.078125,0.25,64.4140625,28.140625,49.2890625,23.1484375,79.7734375,41.171875,62.9453125,34.3984375,0.515625,0.359375,4.2109375,1.421875,53.0859375,19.953125,37.6484375,16.4765625,10.0,7.390625,5.8515625,3.6171875,1.328125,0.796875,5.7890625,3.0546875,47.5859375,16.2109375,34.765625,12.8125,11.078125,7.9609375,3.265625,2.109375,5.75,3.96875,11.2578125,8.2265625,21.0234375,220.28125,446.3125,19,0,1,0,1,3,5,0,0,0,1,2,0,0,182.88,180.34,155.0,32.0,30.0,0,0,0,0,0,0,1,0,0,0,0,0,0,0,0,0,0,1,0,0,0,0,1,0
Red,False,0.375,0.3125,0.2871875,0.3907812499999999,0.163125,0.7715624999999999,0.265625,0.25,0.03125,0.03125,53.71875,14.421875,61.734375,22.6875,70.21875,27.90625,72.03125,32.171875,4.140625,0.8125,1.015625,0.84375,40.953125,7.71875,50.03125,14.046875,9.5625,4.546875,7.671875,5.671875,3.203125,2.15625,4.03125,2.96875,45.328125,9.84375,51.375,14.203125,2.140625,1.34375,6.4375,5.421875,6.25,3.234375,3.921875,3.0625,173.078125,52.1875,659.8125,16,0,1,0,1,4,3,0,0,3,0,1,0,0,180.34,182.88,170.0,0.15625,0.03125,0.3914062499999999,0.3671875,0.0,0.25515625,0.390625,0.0,0.0,0.25,141.765625,61.0625,99.734375,38.546875,153.796875,72.296875,104.5,42.765625,1.046875,0.0,1.203125,0.890625,119.9375,45.828125,71.09375,21.90625,12.90625,8.46875,17.140625,9.0,8.921875,6.765625,11.5,7.640625,130.125,55.484375,90.375,32.171875,8.78125,4.421875,6.0625,4.15625,2.859375,1.15625,3.296875,2.21875,51.75,144.078125,794.625,18,0,2,0,2,4,3,0,0,1,2,0,1,0,180.34,182.88,170.0,32.0,28.0,0,0,0,0,0,0,0,0,0,1,0,0,0,0,0,1,0,0,0,0,1,0,0,0
Blue,False,0.0,0.125,0.36,0.375,0.125,0.42125,0.375,0.125,0.0,0.0,135.625,48.75,135.625,39.75,143.0,55.5,149.75,53.75,1.125,0.125,1.875,0.75,105.875,29.625,114.0,26.25,9.125,3.625,6.0,4.125,20.625,15.5,15.625,9.375,128.625,45.25,126.0,31.375,6.875,3.5,6.5,5.5,0.125,0.0,3.125,2.875,4.75,45.0,736.375,8,0,0,2,2,2,2,0,0,1,1,0,0,0,172.72,177.8,125.0,0.001953125,0.75390625,0.433515625,0.57400390625,0.27373046875,0.3632421875,0.9580078125,1.783203125,0.568359375,0.916015625,89.21875,36.3125,73.2861328125,39.97265625,100.333984375,45.0283203125,88.2958984375,52.7548828125,3.5068359375,1.2294921875,3.37109375,2.5771484375,74.6640625,26.9140625,54.03515625,26.4130859375,12.5126953125,7.607421875,17.4853515625,11.9306640625,2.0419921875,1.791015625,1.765625,1.62890625,57.1806640625,17.103515625,52.4970703125,24.4619140625,2.1689453125,1.58203125,3.244140625,1.8857421875,29.869140625,17.626953125,17.544921875,13.625,213.9609375,186.2666015625,631.56640625,28,0,1,0,4,6,5,0,0,0,2,2,2,0,175.26,172.72,135.0,29.0,27.0,1,0,0,0,0,0,0,0,0,0,0,0,0,0,0,1,0,0,0,0,1,0,0,0
Blue,False,0.015625,0.0,0.45,0.4275,0.25,0.2,0.148468017578125,0.098388671875,0.0,0.0,66.5,29.6875,64.31230545043945,27.34375,89.75,48.0,85.53125,44.41152191162109,2.0,0.75,2.0546875,0.75,51.1875,18.3359375,49.6123046875,16.280410766601562,7.5,5.07647705078125,7.5,5.0,4.5,3.625,4.984375,3.9375,48.6875,17.0,47.11572265625,16.5,5.75,3.75,5.3125,3.4375,5.0625,3.5,3.875,2.5,99.2119140625,94.125,638.5,0,0,0,0,0,0,0,0,0,0,0,0,0,0,180.34,185.42,170.0,0.0991668701171875,0.12506103515625,0.4461438369750976,0.553995475769043,0.008467674255371,0.1752252578735351,0.0,0.0167579650878906,0.004913330078125,0.0,167.7773666381836,73.62030792236328,232.9629173278809,124.02967834472656,198.6186065673828,102.4112548828125,264.5619812011719,152.52463912963867,0.2703285217285156,0.0163841247558593,6.491828918457031,1.3599128723144531,134.73249053955078,47.64636993408203,166.7895545959473,73.27354431152344,31.50913619995117,24.70969009399414,46.619659423828125,34.31333923339844,1.5357398986816406,1.2642478942871094,19.55370330810547,16.442794799804688,124.06378936767578,41.66806411743164,173.8206443786621,80.33948135375977,42.77365112304688,31.26097869873047,53.20036315917969,37.7795524597168,0.9399261474609376,0.6912651062011719,5.941909790039063,5.91064453125,143.50576400756836,274.1946258544922,1166.9570808410645,57,5,3,0,5,13,6,0,0,3,4,6,0,0,180.34,187.96,170.0,34.0,36.0,0,0,0,0,0,0,0,0,0,1,0,0,0,0,0,1,0,0,0,0,0,0,1,0
Blue,False,0.0,0.0,0.5800000000000001,0.51,0.415,0.0,1.0,0.5,0.0,0.0,126.0,61.0,67.5,21.5,139.5,73.0,69.0,23.0,2.5,1.0,1.0,0.0,77.5,33.5,53.0,11.0,19.0,11.0,10.0,8.0,29.5,16.5,4.5,2.5,97.0,37.0,61.0,15.5,5.0,3.5,6.5,6.0,24.0,20.5,0.0,0.0,99.0,23.5,560.5,4,0,2,0,2,2,0,0,0,0,1,0,1,0,162.56,160.02,115.0,0.00390625,0.0,0.4619531249999999,0.391015625,0.33265625,0.3340625,0.0625,0.0,0.0,0.375,109.4765625,51.1484375,155.50390625,63.7265625,137.140625,76.53125,182.1953125,90.2265625,6.34765625,0.66796875,3.7109375,2.875,80.87890625,30.83203125,109.22265625,26.97265625,8.25390625,6.22265625,36.72265625,28.32421875,20.34375,14.09375,9.55859375,8.4296875,95.36328125,41.25390625,118.86328125,35.7265625,10.52734375,6.8359375,26.05078125,17.9921875,3.5859375,3.05859375,10.58984375,10.0078125,202.0,218.99609375,865.8125,26,0,3,0,3,6,3,0,0,0,5,0,1,0,154.94,152.4,115.0,29.0,29.0,0,0,0,0,0,0,0,0,0,0,0,0,0,1,0,0,0,0,1,0,1,0,0,0
Blue,False,1.25,0.0,0.520625,0.413681640625,0.1392578125,0.0269140625,0.37109375,0.0,0.0625,0.0,121.7568359375,59.5205078125,101.0244140625,42.3095703125,136.2412109375,72.50390625,104.55078125,45.0830078125,1.6083984375,0.228515625,4.2822265625,0.0810546875,89.5302734375,38.6962890625,89.7392578125,33.5537109375,15.0009765625,8.2001953125,8.833984375,6.5908203125,17.2255859375,12.6240234375,2.451171875,2.1650390625,96.9189453125,44.6298828125,96.4736328125,40.216796875,12.73828125,7.322265625,4.517578125,2.0654296875,12.099609375,7.568359375,0.033203125,0.02734375,81.5654296875,26.08203125,472.4306640625,22,0,0,1,4,7,4,0,0,0,2,2,3,0,167.64,165.1,135.0,0.6328125,1.5,0.3709375,0.4569531249999999,0.037734375,0.0,0.0,0.0,0.0,0.0,65.234375,23.9609375,96.421875,39.84375,65.9921875,24.71875,101.484375,44.65625,1.5703125,0.15625,1.125,0.0,56.3359375,18.9609375,76.4453125,29.65625,6.0390625,2.9609375,8.1171875,4.046875,2.859375,2.0390625,11.859375,6.140625,60.8515625,21.4375,77.5703125,23.8046875,2.609375,1.8359375,8.0859375,7.5390625,1.7734375,0.6875,10.765625,8.5,7.09375,16.5078125,454.171875,17,3,6,0,6,6,2,0,0,0,2,4,0,0,172.72,165.1,135.0,32.0,27.0,1,0,0,0,0,0,0,0,0,0,0,0,0,0,0,1,0,0,0,0,1,0,0,0
Red,True,0.4296875,0.125,0.5854296875,0.43755859375,0.18640625,0.52642578125,1.01171875,0.001953125,0.017578125,0.0625,75.08984375,41.109375,89.759765625,46.74609375,77.6875,43.611328125,106.3046875,62.521484375,1.869140625,0.56640625,0.935546875,0.619140625,58.96484375,28.72265625,67.982421875,28.087890625,12.15625,8.458984375,8.109375,6.884765625,3.96875,3.927734375,13.66796875,11.7734375,64.015625,32.404296875,60.677734375,26.775390625,9.962890625,7.708984375,9.376953125,5.20703125,1.111328125,0.99609375,19.705078125,14.763671875,50.021484375,174.11328125,530.546875,22,0,0,1,3,7,3,0,0,0,1,5,1,0,193.04,193.04,205.0,0.2551307678222656,0.0,0.5795764541625976,0.3185240173339844,0.2394365692138672,0.009375,0.0687332153320312,0.00390625,0.0,0.0,134.9699478149414,79.22290420532227,117.93846130371094,39.84616470336914,141.00790405273438,85.04672241210938,121.97869873046876,43.44495391845703,4.607646942138672,1.2042732238769531,1.5408287048339844,0.078125,67.56168365478516,32.35725021362305,86.39908981323242,21.49627685546875,29.568687438964844,21.94915771484375,15.91800308227539,8.385852813720703,37.839576721191406,24.91649627685547,15.621368408203123,9.964035034179688,108.30107498168944,57.06581878662109,105.3086395263672,31.703540802001957,12.8045654296875,9.730232238769531,12.49105453491211,8.076122283935547,13.864307403564451,12.42685317993164,0.1387672424316406,0.0665016174316406,119.98366165161131,6.2228546142578125,917.9102401733398,58,12,3,0,13,17,2,0,0,0,7,5,5,0,193.04,213.36,205.0,30.0,31.0,0,0,0,0,0,1,0,0,0,0,0,0,0,0,0,1,0,0,0,0,1,0,0,0
Blue,False,0.0,0.0,0.61125,0.37625,0.6699999999999999,0.035,0.875,0.0,0.375,0.0,97.625,53.125,87.5,29.5,115.0,68.25,90.875,32.375,8.5,5.75,1.375,0.25,80.625,39.5,62.875,14.125,7.5,5.875,13.625,7.5,9.5,7.75,11.0,7.875,80.0,39.625,83.0,25.875,5.375,3.75,4.375,3.5,12.25,9.75,0.125,0.125,281.5,29.125,667.0,10,0,4,0,4,4,0,0,0,0,1,0,3,0,185.42,185.42,145.0,0.7071571722626686,0.7500309944152832,0.3575826402381062,0.4582604374736547,0.0004088802635669,0.0241908413916826,0.015701338648796,0.0352222695946693,7.763504981994629e-06,0.0156250856816768,87.08364631608129,31.17119962349534,66.08401964604855,29.845194902271032,88.270518258214,32.34816844761372,67.58902960270643,31.29868434369564,0.0947843939065933,0.0016342252492904,0.4701266586780548,0.1641282029449939,73.90114475414157,21.503514051437374,53.85773227363825,19.586814124137163,5.937165431678295,3.8383858874440193,4.656542062759399,3.518318347632885,7.245336130261421,5.829299684613943,7.569745309650898,6.740062430500984,78.13924564793706,25.66104140877724,51.84450378268957,21.34713641554117,5.447132512927055,3.087134152650833,1.2911386787891388,1.040961816906929,3.4972681552171707,2.4230240620672703,12.948377184569836,7.457096669822931,10.850310858339071,29.41328615322709,397.3901172727346,76,0,0,1,3,15,14,0,0,1,6,7,0,1,175.26,180.34,145.0,28.0,32.0,0,0,1,0,0,0,0,0,0,0,0,0,0,0,0,1,0,0,0,0,1,0,0,0
Blue,True,0.34375,0.0,0.5148046875,0.457890625,0.4071484375,0.0,0.01953125,1.265625,0.0,0.5,183.625,93.23828125,92.5546875,43.72265625,259.453125,160.24609375,115.5546875,63.41015625,11.80859375,7.1640625,4.25,0.0,150.828125,66.6640625,70.71484375,24.1640625,23.1015625,17.91015625,12.2578125,11.0546875,9.6953125,8.6640625,9.58203125,8.50390625,112.58203125,42.07421875,74.98828125,27.96875,24.23046875,18.0546875,12.93359375,11.87109375,46.8125,33.109375,4.6328125,3.8828125,745.08203125,41.15625,1302.21484375,28,1,9,0,9,9,0,0,0,0,7,1,1,0,182.88,193.04,170.0,0.98095703125,0.0,0.5697021484375,0.1640625,0.126953125,0.001953125,0.625,0.001953125,0.0,0.0,104.736328125,54.27294921875,56.80419921875,17.18359375,119.68115234375,68.2607421875,61.03076171875,21.2001953125,2.326171875,0.193359375,5.3291015625,0.00390625,86.20068359375,40.212890625,48.255859375,11.45703125,14.560546875,10.32177734375,6.203125,3.69970703125,3.97509765625,3.73828125,2.34521484375,2.02685546875,66.884765625,23.2568359375,55.31298828125,16.34228515625,6.11962890625,4.3623046875,0.9755859375,0.77099609375,31.73193359375,26.65380859375,0.515625,0.0703125,201.4833984375,32.1923828125,959.478515625,32,5,1,0,3,9,3,0,1,1,1,5,1,0,175.26,187.96,170.0,31.0,36.0,0,0,0,0,0,0,0,0,0,1,0,0,0,0,0,0,0,0,1,0,1,0,0,0
Blue,False,1.0,0.0,0.885,0.22,0.0,0.0,0.0,0.0,0.0,0.0,9.5,8.5,6.5,2.0,9.5,8.5,7.0,2.5,0.0,0.0,0.0,0.0,7.5,6.5,5.5,1.5,0.5,0.5,0.0,0.0,1.5,1.5,1.0,0.5,5.0,4.5,4.5,0.5,1.5,1.5,2.0,1.5,3.0,2.5,0.0,0.0,4.0,2.5,66.0,2,0,2,0,2,2,0,0,0,0,0,2,0,0,198.12,208.28,205.0,0.0,0.125,0.54625,0.59328125,0.57109375,0.28125,1.109375,0.25,0.0625,0.0,27.625,14.625,15.046875,7.46875,57.578125,43.90625,17.625,9.6875,0.9375,0.75,1.90625,0.3125,18.515625,7.796875,10.421875,4.484375,8.515625,6.25,3.78125,2.421875,0.59375,0.578125,0.84375,0.5625,17.640625,6.96875,9.484375,2.5625,9.1875,6.859375,2.53125,1.875,0.796875,0.796875,3.03125,3.03125,31.765625,60.796875,173.953125,10,0,4,0,4,5,2,0,0,0,0,1,4,0,190.5,195.58,205.0,26.0,32.0,0,0,0,0,0,1,0,0,0,0,0,0,0,0,0,1,0,0,0,0,1,0,0,0
Red,False,0.0,0.19140625,0.3211328125,0.371171875,0.022265625,0.1105078125,0.00390625,0.52734375,0.0,0.00390625,160.42578125,47.734375,127.58203125,39.6484375,175.6875,61.54296875,130.63671875,42.4375,2.10546875,0.09765625,2.234375,0.77734375,140.30859375,32.44140625,93.59765625,19.015625,6.74609375,5.02734375,27.03515625,14.44921875,13.37109375,10.265625,6.94921875,6.18359375,154.01171875,43.796875,124.81640625,38.1640625,4.671875,2.828125,1.61328125,0.91015625,1.7421875,1.109375,1.15234375,0.57421875,27.3203125,53.4609375,789.21484375,21,1,1,0,4,7,2,0,0,1,3,3,0,0,167.64,170.18,145.0,0.0,0.0,0.39875,0.3974999999999999,0.6825,0.245,0.0,1.0,0.0,0.0,104.0,49.75,110.25,42.875,119.375,64.375,151.75,79.75,3.875,3.0,10.5,1.375,80.125,31.125,93.0,31.875,15.75,12.375,11.875,7.0,8.125,6.25,5.375,4.0,79.625,32.5,90.875,29.5,17.5,12.125,9.125,4.375,6.875,5.125,10.25,9.0,150.375,165.375,711.0,11,0,3,0,3,3,1,0,0,2,1,0,0,0,167.64,162.56,145.0,29.0,29.0,1,0,0,0,0,0,0,0,0,0,0,0,0,0,0,1,0,0,0,0,1,0,0,0
Red,False,0.1875,0.125,0.24,0.24625,0.6875,0.25,1.5625,0.0,0.25,0.0,9.5,4.25,20.8125,12.0625,29.25,20.6875,32.125,20.8125,1.3125,0.8125,0.375,0.25,9.125,4.125,18.375,9.6875,0.125,0.0,1.3125,1.25,0.25,0.125,1.125,1.125,5.0625,1.4375,7.9375,2.8125,0.125,0.125,1.625,1.375,4.3125,2.6875,11.25,7.875,100.9375,160.875,320.6875,8,0,3,0,3,4,1,0,0,0,0,0,4,0,187.96,187.96,170.0,0.0009882450103759,1.035552978515625,0.5418618042767047,0.4766022321581841,0.382727460116148,0.0108269047737121,0.0063787326216697,0.562749907374382,7.748603820800781e-07,3.829598426818848e-06,54.38862632960081,30.815453223884106,41.78816117346287,19.33599319308996,80.30160561949015,50.97534841299057,70.5925917699933,44.90783989429474,2.9842286556959152,1.5413039475679398,0.2005161792039871,0.0347484052181243,44.169131100177765,21.89416690170765,37.78956391662359,16.263761460781097,9.156545095145702,7.9123542085289955,2.8116965740919118,1.9427479654550552,1.0629501342773438,1.008932113647461,1.186900682747364,1.1294837668538094,17.06888683140278,6.968958221375942,25.440741382539272,11.120297238230703,1.405609965324402,1.1852403283119202,3.3765897378325462,3.0672478675842285,35.91412953287363,22.661254674196243,12.97083005309105,5.148448087275028,491.3202606067061,9.5629146322608,605.3186799362302,73,2,6,0,6,17,11,0,0,3,9,5,0,0,177.8,182.88,170.0,27.0,37.0,0,0,0,0,0,0,0,0,0,1,0,0,0,0,0,0,0,0,1,0,0,0,1,0
Blue,False,1.0,0.0,0.48,0.48,0.0,0.0,2.0,1.0,0.0,0.0,50.0,24.0,39.0,19.0,64.0,37.0,50.0,30.0,6.0,0.0,2.0,0.0,31.0,11.0,27.0,10.0,18.0,12.0,12.0,9.0,1.0,1.0,0.0,0.0,28.0,12.0,23.0,8.0,18.0,10.0,16.0,11.0,4.0,2.0,0.0,0.0,331.0,13.0,431.0,2,1,1,0,1,1,0,0,0,0,0,0,1,0,180.34,182.88,135.0,0.0,0.0,0.355,0.4975,0.6775,0.875,0.0,0.25,0.0,0.0,61.25,28.5,53.75,27.25,153.25,106.5,84.0,52.5,2.75,2.25,1.5,1.25,37.5,10.75,32.75,9.75,16.0,11.75,18.0,16.25,7.75,6.0,3.0,1.25,40.0,15.25,30.75,9.5,19.0,11.25,20.5,16.5,2.25,2.0,2.5,1.25,213.5,300.5,693.5,7,0,0,1,1,1,2,0,0,0,1,0,0,0,167.64,172.72,125.0,27.0,30.0,0,0,0,0,0,0,0,0,0,0,1,0,0,0,0,1,0,0,0,0,0,0,1,0
Red,False,0.0,0.5,0.69,0.18,0.5,0.0,0.5,0.0,0.0,0.0,38.5,24.5,33.0,12.0,63.0,46.5,35.5,14.5,2.0,0.5,0.0,0.0,34.5,21.5,29.5,8.5,2.0,1.5,3.0,3.0,2.0,1.5,0.5,0.5,22.5,12.5,24.0,5.0,9.5,6.5,9.0,7.0,6.5,5.5,0.0,0.0,167.0,31.0,337.5,3,0,1,0,1,1,1,0,0,0,0,0,1,0,177.8,185.42,185.0,0.0,0.0,0.59,0.47,0.38,0.33,0.0,0.0,0.0,0.0,37.0,22.0,71.0,34.0,43.0,27.0,84.0,46.0,21.0,8.0,3.0,1.0,25.0,12.0,63.0,29.0,8.0,6.0,6.0,4.0,4.0,4.0,2.0,1.0,21.0,10.0,40.0,11.0,15.0,11.0,16.0,12.0,1.0,1.0,15.0,11.0,597.0,41.0,900.0,3,0,1,0,1,1,0,0,0,1,0,0,0,0,187.96,187.96,185.0,35.0,21.0,0,0,0,0,0,0,0,1,0,0,0,0,0,0,0,1,0,0,0,0,1,0,0,0
Blue,False,0.0,0.0,0.59,0.7,0.0,0.2,0.0,0.0,0.0,0.0,69.0,41.0,97.0,68.0,88.0,60.0,107.0,78.0,0.0,0.0,5.0,1.0,32.0,10.0,73.0,46.0,24.0,19.0,18.0,16.0,13.0,12.0,6.0,6.0,41.0,17.0,38.0,20.0,28.0,24.0,27.0,25.0,0.0,0.0,32.0,23.0,28.0,213.0,421.0,2,0,0,1,0,0,1,0,0,0,0,0,0,0,154.94,157.48,115.0,0.0,0.0,0.505,0.51,0.35,0.5,1.5,0.0,0.5,0.0,73.5,29.0,47.0,23.0,105.0,55.5,56.0,30.5,3.5,1.0,1.0,0.5,56.5,17.5,41.5,18.5,13.0,8.0,4.0,3.0,4.0,3.5,1.5,1.5,62.0,20.5,41.0,17.5,5.0,3.5,5.0,4.5,6.5,5.0,1.0,1.0,84.0,223.0,565.0,4,0,1,0,1,1,1,0,0,0,0,0,1,0,165.1,170.18,115.0,26.0,26.0,0,0,0,0,0,0,0,0,0,0,0,0,0,1,0,1,0,0,0,0,1,0,0,0
Blue,False,0.0,1.0,0.26,0.5,0.5,0.0,0.0,0.0,0.0,0.0,75.0,20.0,48.0,24.0,75.0,20.0,56.0,29.0,2.0,1.0,0.0,0.0,62.0,14.0,47.0,23.0,4.0,1.0,1.0,1.0,9.0,5.0,0.0,0.0,70.0,19.0,35.0,17.0,5.0,1.0,0.0,0.0,0.0,0.0,13.0,7.0,34.0,5.0,251.0,1,0,0,1,0,0,1,0,0,0,0,0,0,0,172.72,172.72,145.0,0.0,0.5,0.445,0.44,0.0,0.165,0.0,1.5,0.0,0.0,115.5,53.0,176.0,78.0,122.0,58.5,221.0,116.5,2.0,0.0,2.0,0.5,73.0,24.5,140.0,53.0,7.5,6.0,30.0,19.5,35.0,22.5,6.0,5.5,97.5,40.5,139.5,50.5,13.5,9.0,9.5,7.0,4.5,3.5,27.0,20.5,121.0,216.5,837.5,6,0,0,2,0,0,2,0,0,0,0,0,0,0,165.1,175.26,145.0,26.0,31.0,0,0,1,0,0,0,0,0,0,0,0,0,0,0,0,1,0,0,0,0,1,0,0,0
Red,False,0.0,0.5,0.435,0.5349999999999999,0.375,0.0,0.0,0.0,0.0,0.0,91.5,34.5,82.5,32.5,92.5,35.0,86.5,36.5,2.0,1.5,0.0,0.0,69.5,19.5,56.5,19.5,18.0,11.5,20.0,8.0,4.0,3.5,6.0,5.0,90.0,33.5,78.0,28.5,0.0,0.0,1.0,1.0,1.5,1.0,3.5,3.0,43.0,3.0,469.5,4,0,1,0,1,1,1,0,0,1,0,0,0,0,180.34,190.5,170.0,0.0,0.0,0.29,0.19,1.0,0.16,0.0,0.0,0.0,0.0,84.0,25.0,71.0,14.0,93.0,33.0,82.0,22.0,1.0,1.0,6.0,1.0,71.0,15.0,53.0,5.0,9.0,7.0,14.0,7.0,4.0,3.0,4.0,2.0,77.0,19.0,67.0,11.0,6.0,5.0,3.0,2.0,1.0,1.0,1.0,1.0,20.0,174.0,900.0,3,0,0,1,0,0,1,0,0,0,0,0,0,0,185.42,193.04,170.0,25.0,34.0,0,0,0,0,0,0,0,0,0,1,0,0,0,0,0,0,0,1,0,0,0,0,0,1
Blue,False,0.0,0.0,0.58,0.28,0.66,0.0,0.0,1.0,0.0,0.0,130.0,76.0,180.0,52.0,171.0,113.0,198.0,67.0,3.0,2.0,0.0,0.0,89.0,40.0,153.0,37.0,33.0,29.0,21.0,12.0,8.0,7.0,6.0,3.0,120.0,67.0,171.0,44.0,4.0,3.0,9.0,8.0,6.0,6.0,0.0,0.0,0.0,0.0,900.0,3,0,0,1,0,0,1,0,0,0,0,0,0,0,182.88,187.96,205.0,0.0196533203125,0.31494140625,0.37014892578125,0.421165771484375,0.00213623046875,0.028203125,0.0,0.0009765625,0.0,0.0,187.60302734375,69.8511962890625,177.9267578125,73.897216796875,188.788330078125,70.9560546875,180.421630859375,76.3583984375,0.5450439453125,0.0028076171875,1.4144287109375,0.1484375,164.7513427734375,53.27783203125,149.1141357421875,53.6011962890625,14.51025390625,8.769287109375,13.9644775390625,7.36279296875,8.3414306640625,7.8040771484375,14.84814453125,12.9332275390625,186.0306396484375,69.1673583984375,171.3916015625,71.5142822265625,0.9429931640625,0.211669921875,5.23779296875,2.3592529296875,0.62939453125,0.47216796875,1.29736328125,0.023681640625,4.3232421875,17.2421875,881.7283935546875,37,0,0,1,2,7,7,0,0,3,0,4,0,0,190.5,193.04,230.0,24.0,33.0,0,0,0,0,0,1,0,0,0,0,0,0,0,0,0,0,0,1,0,0,1,0,0,0
Red,False,0.015625,0.0,0.45,0.4275,0.25,0.2,0.148468017578125,0.098388671875,0.0,0.0,66.5,29.6875,64.31230545043945,27.34375,89.75,48.0,85.53125,44.41152191162109,2.0,0.75,2.0546875,0.75,51.1875,18.3359375,49.6123046875,16.280410766601562,7.5,5.07647705078125,7.5,5.0,4.5,3.625,4.984375,3.9375,48.6875,17.0,47.11572265625,16.5,5.75,3.75,5.3125,3.4375,5.0625,3.5,3.875,2.5,99.2119140625,94.125,638.5,0,0,0,0,0,0,0,0,0,0,0,0,0,0,182.88,187.96,205.0,0.5,0.0,0.525,0.245,0.0,0.14,0.0,0.5,1.0,0.0,61.5,35.5,36.0,10.5,78.0,50.5,46.0,18.5,0.0,0.0,3.5,1.0,47.5,23.0,22.5,1.5,11.0,10.0,8.5,5.0,3.0,2.5,5.0,4.0,32.5,14.0,31.5,7.5,7.5,5.0,3.5,3.0,21.5,16.5,1.0,0.0,202.0,53.5,544.0,4,0,0,1,1,1,1,0,0,0,0,1,0,0,190.5,190.5,205.0,26.0,26.0,0,0,0,0,0,1,0,0,0,0,0,0,0,0,0,1,0,0,0,0,1,0,0,0
Red,False,0.5,0.0,0.39125,0.4625,0.0,0.1175,0.25,0.5,0.25,0.0,244.625,90.25,181.5,87.75,269.5,110.75,196.5,100.625,0.25,0.0,2.75,0.625,216.875,72.875,138.375,58.75,15.625,9.5,20.125,11.375,12.125,7.875,23.0,17.625,223.375,75.5,155.0,70.75,12.375,9.125,13.125,9.375,8.875,5.625,13.375,7.625,128.125,126.25,900.0,12,0,0,1,2,2,2,0,0,0,2,0,0,0,172.72,170.18,125.0,0.0,0.125,0.62953125,0.37015625,0.7575000000000001,0.131875,0.015625,0.578125,0.0,0.25,71.9609375,46.15625,93.1796875,34.1328125,150.28125,122.109375,139.828125,76.7578125,4.6328125,3.3203125,1.5625,0.4375,48.78125,26.0234375,65.8359375,14.7890625,11.6953125,10.5859375,16.0078125,9.4609375,11.484375,9.546875,11.3359375,9.8828125,49.8125,25.5234375,73.3515625,20.5390625,6.3828125,5.859375,15.3359375,9.7578125,15.765625,14.7734375,4.4921875,3.8359375,338.25,207.15625,892.390625,21,1,0,1,2,4,4,0,0,1,2,1,0,0,167.64,167.64,125.0,24.0,35.0,0,0,0,0,0,0,0,0,0,0,0,0,1,0,0,1,0,0,0,0,1,0,0,0
Blue,False,1.0832061767578125,0.0673828125,0.5629966735839844,0.5514944458007813,0.4695751953125,0.165203857421875,0.125,0.3769989013671875,0.28125,0.0,100.98185729980467,58.35655212402344,47.17724609375,26.260665893554688,118.8280029296875,75.88189697265625,56.22509765625,34.64836120605469,2.6646270751953125,1.129150390625,3.884063720703125,1.558868408203125,77.50752258300781,38.06948852539063,37.18769836425781,17.339889526367188,18.474533081054688,15.408157348632812,9.037811279296877,8.0230712890625,4.999801635742188,4.87890625,0.9517364501953124,0.897705078125,52.551666259765625,24.52626037597656,28.99371337890625,10.859481811523438,26.904815673828125,22.941925048828125,11.98126220703125,10.199981689453123,21.525375366210938,10.88836669921875,6.2022705078125,5.201202392578125,147.97601318359375,172.68312072753906,539.4053344726562,29,0,0,1,4,12,5,0,0,0,2,10,0,0,187.96,193.04,205.0,0.40625,0.0,0.5258984375,0.26404296875,0.72984375,0.52578125,0.56640625,0.5,0.0,0.0078125,81.484375,40.611328125,58.7421875,19.189453125,100.767578125,58.66015625,74.30078125,33.638671875,2.806640625,1.37890625,1.54296875,0.671875,71.31640625,32.7890625,43.0078125,11.181640625,7.2734375,5.0546875,10.072265625,4.87109375,2.89453125,2.767578125,5.662109375,3.13671875,68.3984375,31.537109375,49.689453125,13.71484375,4.48046875,3.087890625,3.017578125,2.255859375,8.60546875,5.986328125,6.03515625,3.21875,227.158203125,83.912109375,652.84765625,26,0,1,0,4,6,4,0,0,0,3,1,2,0,187.96,198.12,205.0,35.0,35.0,0,0,0,0,0,1,0,0,0,0,0,0,0,0,0,1,0,0,0,0,1,0,0,0
Blue,False,0.5,0.0,0.5825,0.3349999999999999,0.375,0.035,0.5,0.0,0.25,0.0,127.0,69.25,101.0,31.25,146.0,86.5,102.5,32.5,2.25,1.5,2.75,0.25,105.0,50.75,77.25,20.25,18.75,15.75,14.5,6.5,3.25,2.75,9.25,4.5,95.5,44.0,94.75,27.0,11.5,9.25,4.75,3.25,20.0,16.0,1.5,1.0,112.75,43.25,577.0,6,0,3,0,3,3,0,0,0,0,1,2,0,0,170.18,170.18,135.0,0.1456298828125,0.0,0.392130126953125,0.4278125,0.06979248046875,0.3150048828125,0.0,0.125,0.0,0.0,131.9698486328125,51.9820556640625,142.56298828125,59.0565185546875,132.9632568359375,52.9442138671875,144.778076171875,61.2081298828125,1.291015625,0.268310546875,2.1820068359375,0.40869140625,106.0384521484375,28.9189453125,96.6998291015625,27.791015625,20.0968017578125,17.3140869140625,26.938720703125,16.892822265625,5.8345947265625,5.7490234375,18.9244384765625,14.3726806640625,126.03125,47.5997314453125,137.635009765625,55.9906005859375,5.741943359375,4.213134765625,4.425537109375,2.564453125,0.1966552734375,0.169189453125,0.50244140625,0.50146484375,6.8773193359375,28.168701171875,908.85302734375,40,3,3,0,3,9,5,0,0,1,3,4,0,1,160.02,167.64,135.0,26.0,34.0,1,0,0,0,0,0,0,0,0,0,0,0,0,0,0,0,0,0,1,0,1,0,0,0
Red,False,0.046875,0.0,0.4499218749999999,0.274765625,0.3,0.4375,0.0625,0.328125,0.0625,0.0,45.9296875,21.0546875,32.3125,9.75,75.0546875,44.453125,48.375,24.25,2.5,1.5,1.578125,0.8125,30.3515625,11.515625,24.578125,5.90625,6.2578125,2.59375,4.71875,2.203125,9.3203125,6.9453125,3.015625,1.640625,32.40625,13.4921875,28.53125,7.2578125,3.2265625,2.21875,0.953125,0.4296875,10.296875,5.34375,2.828125,2.0625,260.5390625,100.40625,592.3203125,11,0,2,0,2,5,3,0,0,0,1,3,1,0,185.42,190.5,253.0,0.0315093994140625,0.1270275115966797,0.4047186279296875,0.5406213760375976,0.0471248626708984,0.6028137969970703,0.0652360916137695,7.82012939453125e-05,0.2520475387573242,0.2519569396972656,82.12046337127686,31.462909698486328,91.37389373779295,50.68604278564453,85.0084171295166,33.56564426422119,129.666090965271,83.34429168701172,1.0158758163452148,0.1408748626708984,6.29600715637207,3.8272571563720703,60.41581439971924,16.843363761901855,53.70453643798828,22.95450496673584,11.244255065917969,5.2888593673706055,17.54270839691162,11.563568115234377,10.460393905639648,9.330686569213867,20.126648902893063,16.167969703674316,77.44373893737793,28.28251361846924,71.39541721343994,35.65936279296875,1.7493677139282229,1.656540870666504,2.4974327087402344,1.1379890441894531,2.927356719970703,1.523855209350586,17.481043815612793,13.888690948486328,33.16876029968262,320.8572196960449,826.0420980453491,41,0,0,1,4,12,9,0,1,0,1,5,5,0,210.82,213.36,265.0,33.0,31.0,0,0,0,0,1,0,0,0,0,0,0,0,0,0,0,1,0,0,0,0,1,0,0,0
Red,False,1.1875,0.25,0.410625,0.32125,0.0,0.129375,0.0,0.0,0.0,0.0,71.375,28.3125,58.9375,19.3125,75.125,32.0,63.625,23.5,0.0,0.0,0.8125,0.4375,57.375,18.5625,51.125,13.1875,9.0,6.25,5.875,4.3125,5.0,3.5,1.9375,1.8125,64.25,23.5625,53.5,15.4375,3.75,2.0,2.9375,2.125,3.375,2.75,2.5,1.75,24.5,19.0,240.625,9,0,3,0,3,4,1,0,0,1,0,3,0,0,180.34,180.34,155.0,0.625,0.125,0.51375,0.37,0.0,0.275,0.25,0.125,0.0,0.0,92.875,43.625,125.875,35.5,107.5,56.0,151.5,55.125,0.125,0.0,4.25,2.75,74.0,27.875,113.875,27.0,13.25,10.125,8.5,5.5,5.625,5.625,3.5,3.0,87.0,38.375,116.125,28.25,4.25,3.875,2.0,1.5,1.625,1.375,7.75,5.75,18.25,241.625,778.875,10,0,0,1,1,2,2,0,0,1,0,1,0,0,175.26,177.8,155.0,34.0,32.0,0,0,0,0,0,0,1,0,0,0,0,0,0,0,0,1,0,0,0,0,1,0,0,0
Blue,False,0.0,0.0,0.4725,0.395,0.54,0.0,0.5,0.5,0.0,0.25,23.0,10.25,28.0,10.25,30.5,16.0,29.75,11.75,2.75,1.25,0.0,0.0,22.25,9.5,26.25,8.75,0.5,0.5,1.25,1.0,0.25,0.25,0.5,0.5,14.0,2.75,22.25,6.5,0.5,0.5,1.0,0.5,8.5,7.0,4.75,3.25,161.25,15.75,286.75,4,0,2,0,2,2,1,0,0,0,0,0,2,0,165.1,160.02,125.0,0.0,0.0,0.44,0.615,0.5,0.5,0.5,1.0,0.0,0.0,57.0,23.5,104.0,64.5,77.0,38.0,146.5,100.5,0.5,0.5,5.0,2.5,43.5,15.0,57.5,29.0,8.0,5.0,30.0,25.5,5.5,3.5,16.5,10.0,42.5,15.5,39.0,13.0,9.5,7.5,31.5,27.5,5.0,0.5,33.5,24.0,106.0,422.5,833.0,6,0,0,2,0,0,2,0,0,0,0,0,0,0,162.56,162.56,125.0,23.0,23.0,0,0,0,0,0,0,0,0,0,0,0,0,1,0,0,1,0,0,0,0,0,0,1,0
Blue,False,0.015625,0.0,0.45,0.4275,0.25,0.2,0.148468017578125,0.098388671875,0.0,0.0,66.5,29.6875,64.31230545043945,27.34375,89.75,48.0,85.53125,44.41152191162109,2.0,0.75,2.0546875,0.75,51.1875,18.3359375,49.6123046875,16.280410766601562,7.5,5.07647705078125,7.5,5.0,4.5,3.625,4.984375,3.9375,48.6875,17.0,47.11572265625,16.5,5.75,3.75,5.3125,3.4375,5.0625,3.5,3.875,2.5,99.2119140625,94.125,638.5,0,0,0,0,0,0,0,0,0,0,0,0,0,0,177.8,187.96,170.0,0.5009765625,0.0,0.6196826171875001,0.305302734375,0.7071533203125,0.068701171875,0.9765625,0.005859375,0.0078125,0.0078125,47.302734375,24.99755859375,38.21826171875,13.45703125,58.60205078125,35.4267578125,50.0390625,24.62646484375,4.53369140625,2.087890625,0.85595703125,0.39990234375,38.80224609375,19.66162109375,26.36767578125,5.04931640625,4.70556640625,2.67822265625,7.95751953125,5.2099609375,3.794921875,2.65771484375,3.89306640625,3.19775390625,32.4638671875,13.16552734375,31.25732421875,8.28759765625,3.908203125,2.18359375,6.8876953125,5.11865234375,10.9306640625,9.6484375,0.0732421875,0.05078125,134.5732421875,57.34765625,442.6875,32,0,0,1,8,10,2,0,0,3,4,0,3,0,167.64,170.18,170.0,22.0,37.0,0,0,0,0,0,0,0,0,0,1,0,0,0,0,0,1,0,0,0,0,1,0,0,0
Red,False,0.015625,0.0,0.45,0.4275,0.25,0.2,0.148468017578125,0.098388671875,0.0,0.0,66.5,29.6875,64.31230545043945,27.34375,89.75,48.0,85.53125,44.41152191162109,2.0,0.75,2.0546875,0.75,51.1875,18.3359375,49.6123046875,16.280410766601562,7.5,5.07647705078125,7.5,5.0,4.5,3.625,4.984375,3.9375,48.6875,17.0,47.11572265625,16.5,5.75,3.75,5.3125,3.4375,5.0625,3.5,3.875,2.5,99.2119140625,94.125,638.5,0,0,0,0,0,0,0,0,0,0,0,0,0,0,190.5,195.58,155.0,0.0,0.0,0.61,0.32,0.45,0.0,0.0,0.0,0.0,0.0,55.0,34.0,31.0,10.0,137.0,103.0,43.0,22.0,11.0,5.0,0.0,0.0,38.0,22.0,21.0,5.0,13.0,9.0,5.0,3.0,4.0,3.0,5.0,2.0,32.0,20.0,26.0,5.0,3.0,3.0,5.0,5.0,20.0,11.0,0.0,0.0,586.0,0.0,900.0,3,0,1,0,1,1,0,0,0,0,1,0,0,0,175.26,177.8,155.0,24.0,28.0,0,0,0,0,0,0,1,0,0,0,0,0,0,0,0,1,0,0,0,0,1,0,0,0
Blue,False,0.265625,0.125,0.47828125,0.44234375,0.265625,0.0484375,0.546875,0.0,0.140625,0.0,92.40625,44.78125,47.078125,20.9375,106.953125,57.625,49.25,22.828125,2.796875,1.015625,1.125,0.25,78.1875,34.171875,37.640625,14.921875,10.421875,6.953125,7.140625,4.3125,3.796875,3.65625,2.296875,1.703125,62.109375,25.34375,43.296875,18.984375,2.484375,1.640625,1.828125,1.28125,27.8125,17.796875,1.953125,0.671875,144.515625,33.515625,382.734375,13,0,2,0,3,5,2,0,0,0,1,3,1,0,175.26,187.96,155.0,0.001953125,0.03515625,0.298134765625,0.35564453125,0.399970703125,0.13828125,0.001953125,0.0078125,0.03125,0.03515625,84.640625,26.1171875,107.1484375,39.2578125,104.1708984375,44.2529296875,121.1259765625,51.6201171875,8.51953125,3.189453125,0.96875,0.294921875,73.1513671875,20.25,73.8759765625,14.4892578125,7.224609375,2.9912109375,11.580078125,6.6728515625,4.2646484375,2.8759765625,21.6923828125,18.095703125,71.9306640625,19.0791015625,99.98828125,35.89453125,5.267578125,1.892578125,6.91796875,3.318359375,7.4423828125,5.1455078125,0.2421875,0.044921875,217.1416015625,14.330078125,898.8193359375,30,0,3,0,6,9,2,0,0,1,6,1,0,1,172.72,185.42,155.0,34.0,32.0,0,0,0,0,0,0,1,0,0,0,0,0,0,0,0,1,0,0,0,0,1,0,0,0
Blue,False,0.0,0.28125,0.4669921875,0.306298828125,0.27375,0.59580078125,1.0244140625,0.0009765625,0.25,0.03125,92.5576171875,47.4765625,55.7490234375,16.5029296875,121.2783203125,74.966796875,73.1845703125,32.9560546875,7.1162109375,1.9033203125,3.0859375,1.90234375,61.09765625,25.544921875,44.546875,8.873046875,23.1201171875,15.5791015625,7.0810546875,4.873046875,8.33984375,6.3525390625,4.12109375,2.7568359375,64.3935546875,25.1005859375,47.0400390625,10.4130859375,11.0419921875,8.8818359375,7.548828125,5.275390625,17.1220703125,13.494140625,1.16015625,0.814453125,143.9169921875,203.8681640625,605.140625,29,0,4,0,4,8,3,0,0,0,4,1,3,0,170.18,180.34,135.0,0.265625,0.25,0.348125,0.45875,0.056875,0.0,0.0,0.0,0.0,0.0,100.5,46.265625,95.0625,35.078125,102.46875,48.078125,95.203125,35.21875,2.484375,0.34375,0.859375,0.0,66.921875,20.453125,74.84375,18.296875,16.640625,11.40625,12.96875,10.25,16.9375,14.40625,7.25,6.53125,95.71875,43.15625,88.28125,29.328125,4.171875,2.59375,5.28125,4.5,0.609375,0.515625,1.5,1.25,19.53125,3.171875,670.578125,17,0,5,0,5,6,1,0,0,1,4,1,0,0,162.56,172.72,135.0,29.0,29.0,1,0,0,0,0,0,0,0,0,0,0,0,0,0,0,1,0,0,0,0,1,0,0,0
Blue,False,0.015625,0.0,0.45,0.4275,0.25,0.2,0.148468017578125,0.098388671875,0.0,0.0,66.5,29.6875,64.31230545043945,27.34375,89.75,48.0,85.53125,44.41152191162109,2.0,0.75,2.0546875,0.75,51.1875,18.3359375,49.6123046875,16.280410766601562,7.5,5.07647705078125,7.5,5.0,4.5,3.625,4.984375,3.9375,48.6875,17.0,47.11572265625,16.5,5.75,3.75,5.3125,3.4375,5.0625,3.5,3.875,2.5,99.2119140625,94.125,638.5,0,0,0,0,0,0,0,0,0,0,0,0,0,0,175.26,177.8,145.0,0.14111328125,0.2541656494140625,0.473575439453125,0.3512936401367187,0.0499566650390625,0.2605135726928711,0.1256942749023437,0.2707633972167969,0.0184707641601562,0.0005226135253906,135.54052734375,65.47143173217773,186.7868995666504,65.87569808959961,139.01803588867188,68.4529800415039,206.69092559814453,83.8404655456543,0.6333160400390625,0.1176910400390625,6.141868591308594,1.8384857177734373,109.80496978759766,43.96086120605469,149.8844451904297,43.094669342041016,20.97114944458008,17.620933532714844,16.380172729492188,9.128795623779297,4.764408111572266,3.889636993408203,20.52228164672852,13.652233123779297,124.52774429321288,60.22970199584961,167.82717514038086,56.13510894775391,8.485969543457031,4.533077239990234,9.725650787353516,4.373096466064453,2.526813507080078,0.7086524963378906,9.234073638916016,5.36749267578125,47.58990859985352,144.64298629760742,856.373176574707,51,0,0,2,2,9,10,0,0,3,3,0,2,1,177.8,185.42,145.0,30.0,30.0,0,0,1,0,0,0,0,0,0,0,0,0,0,0,0,0,0,1,0,0,0,0,1,0
Red,False,0.017578125,0.5,0.37380859375,0.40267578125,0.30720703125,0.0966796875,0.001953125,0.140625,0.255859375,0.041015625,37.689453125,17.708984375,39.13671875,13.80078125,43.55078125,22.6962890625,45.33203125,18.7734375,1.166015625,0.7021484375,1.0966796875,0.0966796875,26.703125,12.0654296875,28.103515625,9.8251953125,6.9921875,4.17578125,6.0517578125,1.4580078125,3.994140625,1.4677734375,4.9814453125,2.517578125,27.5380859375,10.13671875,25.9208984375,4.9736328125,2.025390625,1.775390625,1.3759765625,0.5595703125,8.1259765625,5.796875,11.83984375,8.267578125,107.76171875,53.212890625,390.7451171875,22,0,6,0,6,8,3,0,0,1,3,3,1,0,177.8,185.42,145.0,0.1640625,0.015625,0.330673828125,0.52205078125,0.469931640625,0.0904101562499999,0.501953125,0.0390625,0.03515625,0.50390625,151.6484375,51.8232421875,135.015625,71.19921875,160.28125,60.3720703125,150.126953125,85.1962890625,6.0048828125,2.693359375,5.14453125,0.5380859375,135.3876953125,38.5263671875,87.9140625,35.9794921875,10.6318359375,8.1806640625,27.2626953125,16.4609375,5.62890625,5.1162109375,19.8388671875,18.7587890625,144.9765625,48.6171875,124.5791015625,63.666015625,4.2529296875,1.765625,6.166015625,3.7353515625,2.4189453125,1.4404296875,4.2705078125,3.7978515625,152.5390625,112.5703125,883.83984375,27,0,1,0,2,6,5,0,0,1,3,2,0,0,180.34,187.96,145.0,30.0,28.0,0,0,1,0,0,0,0,0,0,0,0,0,0,0,0,1,0,0,0,0,1,0,0,0
Blue,False,0.0,0.0,0.456875,0.315,0.5875,0.09625,1.125,0.3125,0.0,0.375,74.5625,31.1875,75.25,25.625,88.1875,44.5,82.0625,32.1875,3.0,1.625,2.5,0.625,50.0625,16.6875,55.125,11.75,14.25,10.625,8.1875,3.6875,10.25,3.875,11.9375,10.1875,61.1875,20.0625,69.25,22.9375,2.6875,2.5625,3.875,1.125,10.6875,8.5625,2.125,1.5625,155.9375,12.1875,545.5,11,0,3,0,3,4,1,0,0,0,1,0,3,0,162.56,162.56,125.0,0.0,0.00390625,0.3561328125,0.543359375,0.0878125,0.8498046875,0.765625,0.03125,0.140625,0.015625,242.15234375,84.00390625,175.4609375,90.60546875,259.703125,99.609375,186.55859375,100.5625,3.296875,0.515625,2.2890625,1.83984375,209.73828125,59.46875,125.52734375,48.96875,17.80078125,11.4375,27.5234375,22.4375,14.61328125,13.09765625,22.41015625,19.19921875,225.8203125,70.86328125,159.796875,77.4375,10.48828125,8.55859375,8.58984375,7.58203125,5.84375,4.58203125,7.07421875,5.5859375,84.37890625,155.1640625,884.40625,23,0,0,2,2,4,5,0,0,1,1,1,1,0,170.18,170.18,125.0,31.0,31.0,0,0,0,0,0,0,0,0,0,0,0,0,0,1,0,1,0,0,0,0,1,0,0,0
Blue,False,0.1884765625,0.0009765625,0.524775390625,0.5149609375,0.0048828125,0.520283203125,0.0234375,0.5,0.0,0.2509765625,86.158203125,42.501953125,67.94140625,36.728515625,93.0400390625,49.2236328125,73.3271484375,41.587890625,0.5654296875,0.0166015625,2.6484375,1.611328125,60.041015625,23.654296875,47.53515625,19.81640625,15.8759765625,10.8349609375,11.08203125,8.6630859375,10.2412109375,8.0126953125,9.32421875,8.2490234375,65.865234375,27.9892578125,52.5380859375,25.0810546875,7.5048828125,5.7734375,12.1962890625,9.47265625,12.7880859375,8.7392578125,3.20703125,2.1748046875,109.2880859375,161.0419921875,684.3212890625,27,0,2,0,3,7,4,0,0,1,1,4,1,0,180.34,177.8,155.0,0.4384765625,0.53515625,0.44158203125,0.394619140625,0.140625,0.38720703125,0.0986328125,0.25,0.0029296875,0.0,74.3720703125,30.3486328125,44.3935546875,15.6455078125,76.5439453125,32.5205078125,45.150390625,16.376953125,0.5673828125,0.28125,1.287109375,1.0712890625,49.1884765625,13.0068359375,30.33984375,6.365234375,20.2841796875,13.9736328125,9.177734375,6.4990234375,4.8994140625,3.3681640625,4.8759765625,2.78125,69.451171875,26.70703125,41.6416015625,13.5263671875,2.2626953125,1.7353515625,1.810546875,1.310546875,2.658203125,1.90625,0.94140625,0.80859375,12.728515625,38.3359375,388.462890625,22,0,5,0,5,9,2,0,0,0,4,2,3,0,190.5,193.04,155.0,34.0,31.0,0,0,0,0,0,0,1,0,0,0,0,0,0,0,0,1,0,0,0,0,1,0,0,0
Red,False,0.7288818359375,0.0078125,0.593253173828125,0.342484130859375,0.41314208984375,0.0839501953125,0.1259765625,0.375244140625,0.0,0.0,117.0279541015625,67.73046875,77.0159912109375,34.72802734375,174.10888671875,117.6143798828125,81.2147216796875,38.410400390625,5.5733642578125,2.1219482421875,0.9195556640625,0.25439453125,93.4725341796875,47.256103515625,67.3658447265625,27.90234375,6.929443359375,5.735107421875,8.3828125,5.55859375,16.6259765625,14.7392578125,1.267333984375,1.26708984375,73.8448486328125,37.3663330078125,65.3052978515625,27.236572265625,26.634765625,17.813720703125,11.528076171875,7.333251953125,16.54833984375,12.5504150390625,0.1826171875,0.158203125,284.6812744140625,10.10791015625,563.3759765625,28,6,7,0,7,12,2,0,0,0,2,10,0,0,185.42,195.58,240.0,0.59765625,0.0,0.5278515625,0.2771484375,0.0,0.0622265625,0.140625,0.0,0.0,0.0,36.08203125,12.81640625,30.265625,14.54296875,38.23046875,14.734375,49.03515625,30.9296875,0.125,0.0,3.3984375,0.77734375,32.2421875,10.11328125,19.0234375,6.55078125,2.92578125,1.79296875,5.9375,3.88671875,0.9140625,0.91015625,5.3046875,4.10546875,28.27734375,6.59765625,24.33984375,9.90625,4.48046875,3.47265625,1.296875,1.13671875,3.32421875,2.74609375,4.62890625,3.5,8.7265625,115.4453125,451.00390625,17,1,6,0,6,7,2,0,0,0,0,5,1,1,193.04,210.82,250.0,36.0,32.0,0,0,0,0,1,0,0,0,0,0,0,0,0,0,0,1,0,0,0,0,1,0,0,0
Red,False,1.3828125,0.0,0.526953125,0.6443749999999999,0.018203125,0.1765625,0.265625,0.78125,0.0,0.0,62.3125,31.9453125,38.203125,21.09375,93.8359375,61.7734375,49.1796875,31.4140625,0.0703125,0.0234375,2.75,1.5390625,51.59375,23.71875,28.5625,12.5546875,4.3046875,3.640625,4.859375,3.8046875,6.4140625,4.5859375,4.78125,4.734375,42.4140625,15.609375,34.3203125,18.015625,10.6328125,9.03125,3.40625,2.609375,9.265625,7.3046875,0.4765625,0.46875,32.875,172.75,429.53125,19,0,1,0,2,5,3,0,0,0,1,3,1,0,182.88,182.88,170.0,0.921875,0.0,0.5482421875,0.4600390625,0.02375,0.018359375,0.140625,0.0,0.0,0.00390625,59.37109375,33.9296875,56.06640625,25.6171875,60.96484375,35.46875,58.6171875,27.6015625,0.4765625,0.15625,1.18359375,0.21484375,44.48046875,20.94921875,47.4296875,19.30859375,3.28515625,2.20703125,5.3984375,4.05078125,11.60546875,10.7734375,3.23828125,2.2578125,49.875,26.9296875,53.453125,23.84765625,2.6015625,1.57421875,2.32421875,1.67578125,6.89453125,5.42578125,0.2890625,0.09375,28.03515625,34.59765625,316.34765625,15,0,0,1,4,7,2,0,0,0,0,4,3,0,180.34,190.5,170.0,29.0,27.0,0,0,0,0,0,0,0,0,0,1,0,0,0,0,0,0,0,1,0,0,1,0,0,0
Blue,False,0.5,0.0,0.51,0.505,0.1,0.5,2.5,0.0,1.0,0.5,16.5,7.5,30.0,11.5,24.0,15.0,36.0,17.0,2.5,0.5,0.5,0.5,16.5,7.5,26.0,8.5,0.0,0.0,1.5,0.5,0.0,0.0,2.5,2.5,11.5,4.0,24.5,8.0,0.0,0.0,0.0,0.0,5.0,3.5,5.5,3.5,68.5,118.5,256.0,3,0,2,0,2,2,0,0,0,0,0,0,2,0,177.8,180.34,145.0,1.0,0.0,0.41,0.39,0.0,0.0,1.0,0.0,0.0,0.0,187.0,78.0,198.0,78.0,188.0,79.0,252.0,109.0,0.0,0.0,1.0,0.0,144.0,55.0,154.0,45.0,31.0,15.0,21.0,14.0,12.0,8.0,23.0,19.0,180.0,74.0,186.0,73.0,7.0,4.0,12.0,5.0,0.0,0.0,0.0,0.0,53.0,182.0,900.0,3,0,1,0,1,1,0,0,0,0,1,0,0,0,177.8,185.42,135.0,24.0,24.0,1,0,0,0,0,0,0,0,0,0,0,0,0,0,0,1,0,0,0,0,0,0,0,1
Blue,False,0.0,0.0,0.6,0.32,0.6,1.0,2.0,1.0,0.0,0.0,93.0,56.0,73.0,24.0,131.0,87.0,100.0,42.0,5.0,3.0,1.0,1.0,37.0,17.0,60.0,17.0,29.0,24.0,7.0,3.0,27.0,15.0,6.0,4.0,40.0,15.0,57.0,19.0,28.0,26.0,6.0,4.0,25.0,15.0,10.0,1.0,484.0,103.0,900.0,3,0,1,0,1,1,0,0,0,0,1,0,0,0,167.64,175.26,125.0,0.0,0.0,0.3696875,0.4496875,0.18125,0.071875,0.0,0.3125,0.0,0.0,205.71875,73.875,135.625,56.875,217.65625,83.9375,140.71875,61.21875,3.0625,0.6875,0.96875,0.1875,166.125,46.75,107.21875,32.15625,25.125,15.25,11.71875,9.25,14.46875,11.875,16.6875,15.46875,183.0625,59.09375,126.8125,50.25,19.09375,11.90625,7.59375,5.75,3.5625,2.875,1.21875,0.875,70.625,46.75,690.59375,14,0,0,1,2,3,3,0,0,1,1,1,0,0,172.72,170.18,135.0,30.0,31.0,0,0,0,0,0,0,0,0,0,0,0,0,1,0,0,1,0,0,0,0,1,0,0,0
Blue,False,0.0,0.0,0.44,0.375,0.25,0.5,0.0,0.5,0.5,0.0,99.0,31.0,61.5,26.0,142.0,62.0,78.5,39.5,1.0,0.5,2.0,0.5,86.0,20.0,43.5,13.0,6.5,4.5,11.0,6.5,6.5,6.5,7.0,6.5,88.0,23.0,58.0,24.5,3.0,2.0,2.0,0.5,8.0,6.0,1.5,1.0,164.0,43.5,516.0,4,0,0,1,1,1,1,0,0,0,1,0,0,0,165.1,160.02,115.0,0.0,0.0,0.56,0.625,0.31,0.225,0.5,0.0,0.0,0.5,121.5,62.0,101.0,59.0,147.5,81.0,143.5,97.5,4.5,2.5,5.5,1.0,101.0,47.0,72.0,33.0,17.5,12.0,15.5,13.0,3.0,3.0,13.5,13.0,93.0,38.0,68.0,33.0,19.5,16.5,23.0,19.5,9.0,7.5,10.0,6.5,130.0,264.5,707.0,5,0,2,0,2,2,0,0,0,0,1,0,1,0,157.48000000000002,160.02,115.0,27.0,28.0,0,0,0,0,0,0,0,0,0,0,0,0,0,1,0,1,0,0,0,0,1,0,0,0
Blue,False,0.5009765625,0.007852554321289,0.5879414844512939,0.484200849533081,0.2370332145690918,0.1379011631011963,0.7581052780151367,0.1477003097534179,0.125,0.0039682388305664,103.87328910827635,60.57574653625488,77.65013122558594,34.1931266784668,119.08563423156738,73.77349948883057,84.65510559082031,40.05618476867676,4.581975936889648,1.2445182800292969,0.9848241806030272,0.620823860168457,85.5955982208252,45.29650402069092,62.96667957305908,22.31859016418457,12.067112922668455,10.384748458862305,7.057852745056152,4.94038200378418,6.210577964782715,4.89449405670166,7.625598907470703,6.934154510498047,66.72059917449951,31.667072296142575,71.6784496307373,29.78880500793457,10.477919578552246,7.854639053344727,3.5337839126586914,2.237947463989258,26.67477035522461,21.054035186767575,2.4378976821899414,2.1663742065429688,146.86229038238525,62.25054931640625,567.3905639648438,56,0,1,0,4,13,8,0,0,2,6,3,2,0,172.72,172.72,145.0,0.65625,0.0,0.5956250000000001,0.45609375,0.55953125,0.36265625,0.046875,0.3125,0.28125,0.1875,117.265625,69.171875,84.28125,39.234375,170.0625,117.359375,102.375,55.578125,4.71875,2.828125,4.25,1.234375,91.71875,48.5,64.90625,25.9375,15.828125,11.75,14.34375,9.53125,9.71875,8.921875,5.03125,3.765625,65.921875,28.859375,67.3125,27.5625,11.171875,9.078125,11.375,8.296875,40.171875,31.234375,5.59375,3.375,397.171875,65.703125,858.8125,21,0,1,0,3,5,2,0,0,0,3,1,1,0,175.26,175.26,155.0,34.0,35.0,0,0,0,0,0,0,1,0,0,0,0,0,0,0,0,1,0,0,0,0,1,0,0,0
Blue,False,0.3125,0.125,0.475,0.481875,0.03125,0.14375,0.0625,1.125,0.0,0.0,56.75,26.125,44.5,22.1875,62.4375,31.1875,47.1875,24.625,0.25,0.0625,2.4375,0.375,50.4375,21.3125,26.75,7.125,5.25,4.0625,7.0625,5.375,1.0625,0.75,10.6875,9.6875,44.5,17.0625,38.875,18.6875,6.0625,3.75,4.25,2.4375,6.1875,5.3125,1.375,1.0625,58.75,17.9375,360.6875,9,0,1,0,1,2,3,0,0,0,1,0,1,0,167.64,170.18,135.0,0.01080322265625,0.5078125,0.4145611572265625,0.4469573974609375,0.4560284423828125,0.6875,1.00836181640625,0.0078125,0.0,0.0,137.12353515625,60.51507568359375,146.18243408203125,65.92437744140625,160.5179443359375,82.666259765625,170.2784423828125,88.3094482421875,3.95947265625,2.0179443359375,1.80755615234375,0.875,93.85186767578124,35.76690673828125,121.3323974609375,48.86444091796875,27.7010498046875,15.095458984375,18.18853759765625,11.98016357421875,15.57061767578125,9.6527099609375,6.6614990234375,5.07977294921875,118.20794677734376,44.06561279296875,136.3309326171875,57.89019775390625,8.76409912109375,7.43975830078125,4.78057861328125,3.88128662109375,10.1514892578125,9.00970458984375,5.0709228515625,4.15289306640625,226.29034423828125,135.4757080078125,900.1121215820312,46,6,7,0,7,9,6,0,0,0,4,2,3,0,167.64,177.8,145.0,33.0,32.0,1,0,0,0,0,0,0,0,0,0,0,0,0,0,0,0,0,1,0,0,1,0,0,0
Blue,False,0.0,0.5,0.4,0.365,0.315,0.635,0.5,0.0,0.5,0.0,78.0,29.5,152.0,51.5,91.5,41.0,170.0,68.5,13.5,4.5,12.0,4.0,61.0,16.0,130.5,34.5,11.5,8.0,13.5,10.5,5.5,5.5,8.0,6.5,69.5,23.0,130.0,39.5,7.5,6.0,19.0,10.5,1.0,0.5,3.0,1.5,251.5,103.5,900.0,6,0,2,0,2,2,0,0,0,0,1,1,0,0,167.64,175.26,135.0,0.0,0.0,0.6046575927734374,0.3746630859375,0.2663494873046875,0.3369482421874999,1.8251953125,0.15625,0.28277587890625,0.0869140625,25.39691162109375,11.52252197265625,13.13348388671875,5.9730224609375,60.9781494140625,36.7557373046875,28.46075439453125,17.428955078125,3.246826171875,1.00054931640625,0.4595947265625,0.3638916015625,16.9921875,4.1632080078125,11.3106689453125,4.61309814453125,5.50897216796875,4.99981689453125,1.39697265625,0.99737548828125,2.895751953125,2.3594970703125,0.42584228515625,0.362548828125,20.52154541015625,7.08673095703125,10.73956298828125,4.31219482421875,0.669677734375,0.32769775390625,0.29180908203125,0.19775390625,4.2056884765625,4.10809326171875,2.10211181640625,1.46307373046875,191.507568359375,51.00274658203125,356.8572998046875,36,0,1,0,4,11,4,0,0,1,4,0,6,0,167.64,170.18,135.0,26.0,34.0,1,0,0,0,0,0,0,0,0,0,0,0,0,0,0,1,0,0,0,0,1,0,0,0
Red,False,0.0,0.25,0.485,0.42,0.33,0.5800000000000001,0.0,0.0,0.0,0.25,97.5,50.75,121.75,53.75,110.25,62.0,132.25,62.5,4.25,0.75,2.0,1.25,74.25,34.25,82.5,24.75,22.25,16.0,20.0,12.75,1.0,0.5,19.25,16.25,73.75,33.25,100.25,40.75,12.75,8.5,15.5,9.25,11.0,9.0,6.0,3.75,196.0,47.75,807.0,8,0,0,2,1,1,2,0,0,0,1,0,0,0,182.88,182.88,145.0,0.0,0.0,0.35,0.48,0.6,0.175,0.0,0.0,0.0,0.0,148.0,61.0,133.0,62.5,156.5,68.0,140.5,68.5,3.0,1.0,7.0,2.5,125.0,42.5,104.5,38.5,16.0,12.5,15.5,12.0,7.0,6.0,13.0,12.0,133.0,52.0,105.5,44.5,15.0,9.0,18.5,11.0,0.0,0.0,9.0,7.0,60.0,251.0,740.0,5,0,0,1,1,1,1,0,0,0,0,1,0,0,172.72,182.88,145.0,27.0,25.0,0,0,1,0,0,0,0,0,0,0,0,0,0,0,0,1,0,0,0,0,1,0,0,0
Red,False,0.0,0.0,0.49,0.64,0.0,0.57,6.0,0.0,2.0,0.0,105.0,52.0,70.0,45.0,204.0,134.0,108.0,79.0,1.0,0.0,7.0,4.0,65.0,25.0,47.0,28.0,27.0,17.0,11.0,10.0,13.0,10.0,12.0,7.0,83.0,36.0,51.0,29.0,14.0,11.0,5.0,2.0,8.0,5.0,14.0,14.0,88.0,463.0,900.0,3,0,1,0,1,1,0,0,0,0,1,0,0,0,165.1,167.64,125.0,0.0,0.0,0.36,0.495,0.0,0.5,1.0,0.5,0.0,0.0,83.0,31.0,56.5,25.0,99.0,47.0,65.0,32.5,3.0,0.0,0.5,0.5,73.5,24.5,41.0,14.5,7.5,4.5,12.5,8.5,2.0,2.0,3.0,2.0,65.0,21.0,52.0,21.5,8.0,2.5,4.0,3.5,10.0,7.5,0.5,0.0,139.5,21.5,490.5,4,0,2,0,2,2,0,0,0,0,0,0,2,0,170.18,172.72,125.0,23.0,23.0,0,0,0,0,0,0,0,0,0,0,0,0,1,0,0,0,0,1,0,0,1,0,0,0
Red,False,0.50408935546875,0.5,0.4289297485351562,0.4804660034179687,0.125,0.0208013916015625,0.0009765625,0.0,0.0,0.0,83.82308959960938,35.6513671875,70.57171630859375,31.49813842773437,88.49630737304688,40.1502685546875,75.26730346679688,35.6043701171875,0.140625,0.125,0.947723388671875,0.14849853515625,68.41384887695312,22.633453369140625,52.265228271484375,17.83795166015625,3.431671142578125,2.76348876953125,11.026153564453123,6.703887939453125,11.977569580078123,10.254425048828123,7.28033447265625,6.956298828125,77.36764526367188,31.743316650390625,63.47930908203125,26.975982666015625,5.963623046875,3.811767578125,5.5919189453125,3.52191162109375,0.4918212890625,0.096282958984375,1.50048828125,1.000244140625,14.46343994140625,31.76495361328125,548.7066650390625,34,0,0,1,4,10,6,0,0,2,2,5,1,0,187.96,190.5,205.0,0.0,0.0,0.44,0.54,1.0,0.42,4.0,0.0,2.0,1.0,38.0,17.0,22.0,12.0,75.0,49.0,57.0,45.0,1.0,1.0,7.0,3.0,36.0,16.0,16.0,7.0,0.0,0.0,6.0,5.0,2.0,1.0,0.0,0.0,14.0,2.0,18.0,8.0,0.0,0.0,1.0,1.0,24.0,15.0,3.0,3.0,505.0,258.0,891.0,3,0,1,0,1,1,0,0,0,0,0,0,1,0,187.96,187.96,205.0,32.0,22.0,0,0,0,0,0,1,0,0,0,0,0,0,0,0,0,0,0,1,0,0,1,0,0,0
Red,False,0.015625,0.0,0.45,0.4275,0.25,0.2,0.148468017578125,0.098388671875,0.0,0.0,66.5,29.6875,64.31230545043945,27.34375,89.75,48.0,85.53125,44.41152191162109,2.0,0.75,2.0546875,0.75,51.1875,18.3359375,49.6123046875,16.280410766601562,7.5,5.07647705078125,7.5,5.0,4.5,3.625,4.984375,3.9375,48.6875,17.0,47.11572265625,16.5,5.75,3.75,5.3125,3.4375,5.0625,3.5,3.875,2.5,99.2119140625,94.125,638.5,0,0,0,0,0,0,0,0,0,0,0,0,0,0,185.42,193.04,155.0,1.1875,0.0,0.4015625,0.4471875,0.325,0.28625,0.625,0.59375,0.0,0.5,157.5,65.3125,157.625,66.40625,169.375,76.9375,165.28125,72.6875,4.25,1.3125,4.8125,1.5,113.0625,35.03125,119.53125,41.25,25.90625,15.5,21.1875,11.125,18.53125,14.78125,16.90625,14.03125,143.1875,56.9375,142.4375,54.71875,10.4375,6.125,15.1875,11.6875,3.875,2.25,0.0,0.0,36.78125,89.875,860.6875,15,0,0,1,1,1,5,0,0,0,0,1,0,0,175.26,180.34,155.0,32.0,26.0,0,0,0,0,0,0,1,0,0,0,0,0,0,0,0,0,0,0,1,0,1,0,0,0
Red,False,0.25,0.1875,0.5131249999999999,0.49625,0.16625,0.0625,0.0,0.125,0.125,0.25,100.4375,45.75,89.5,37.3125,114.8125,58.9375,99.5,46.6875,0.875,0.625,0.5,0.25,76.3125,29.75,63.4375,18.6875,12.125,5.5,13.625,9.0,12.0,10.5,12.4375,9.625,92.0625,40.5625,80.8125,31.4375,3.625,2.3125,5.3125,3.5625,4.75,2.875,3.375,2.3125,86.375,56.125,668.6875,13,0,0,2,3,3,2,0,0,1,1,1,0,0,180.34,177.8,155.0,1.0,0.0,0.68,0.57,0.0,0.0,0.0,0.0,0.0,0.0,19.0,13.0,7.0,4.0,19.0,13.0,7.0,4.0,0.0,0.0,0.0,0.0,15.0,9.0,4.0,1.0,2.0,2.0,1.0,1.0,2.0,2.0,2.0,2.0,13.0,9.0,7.0,4.0,0.0,0.0,0.0,0.0,6.0,4.0,0.0,0.0,3.0,0.0,46.0,1,0,1,0,1,1,0,0,0,0,0,1,0,0,175.26,193.04,155.0,30.0,25.0,0,0,0,0,0,0,1,0,0,0,0,0,0,0,0,1,0,0,0,0,1,0,0,0
Red,False,0.1422419548034668,0.171875,0.507404580116272,0.4820353651046753,0.0005207061767578,0.3875981140136718,0.001474380493164,0.06298828125,9.5367431640625e-07,0.00048828125,81.55686283111572,42.678643226623535,122.66483068466188,54.70191526412964,91.47554683685304,52.37480163574219,202.0870714187622,118.49753665924072,0.0005245208740234,0.0005207061767578,6.064217567443848,1.802323341369629,59.01098585128784,26.05498218536377,96.60919284820557,35.44412565231323,14.957823753356934,10.464929103851318,8.144447326660156,5.302894115447998,7.588053226470947,6.158731937408447,17.911190509796143,13.954895496368408,70.66454315185547,34.456210136413574,94.8554072380066,37.25344514846802,7.664049625396728,5.294679164886475,16.985883712768555,10.452252388000488,3.2282700538635254,2.9277539253234863,10.82353973388672,6.996217727661133,1.1087489128112793,291.44915294647217,979.931839942932,55,13,16,0,16,17,5,0,0,0,3,11,3,0,187.96,195.58,185.0,1.625,0.0,0.56125,0.255,0.0,0.08625,0.25,0.0,0.0,0.0,90.0,49.875,75.5,20.0,96.75,56.375,85.25,27.625,0.625,0.0,9.125,0.875,62.5,28.0,64.25,12.75,12.375,9.75,5.25,2.25,15.125,12.125,6.0,5.0,78.5,40.875,69.75,16.625,8.75,7.0,5.25,2.875,2.75,2.0,0.5,0.5,31.75,134.5,697.625,11,0,4,0,4,4,0,0,0,1,1,2,0,0,193.04,203.2,185.0,43.0,29.0,0,0,0,0,0,0,0,1,0,0,0,0,0,0,0,0,0,1,0,0,0,0,0,1
Red,False,0.015625,0.0,0.45,0.4275,0.25,0.2,0.148468017578125,0.098388671875,0.0,0.0,66.5,29.6875,64.31230545043945,27.34375,89.75,48.0,85.53125,44.41152191162109,2.0,0.75,2.0546875,0.75,51.1875,18.3359375,49.6123046875,16.280410766601562,7.5,5.07647705078125,7.5,5.0,4.5,3.625,4.984375,3.9375,48.6875,17.0,47.11572265625,16.5,5.75,3.75,5.3125,3.4375,5.0625,3.5,3.875,2.5,99.2119140625,94.125,638.5,0,0,0,0,0,0,0,0,0,0,0,0,0,0,172.72,175.26,125.0,1.0,1.0,0.48,0.21,0.0,0.14,0.0,2.0,1.0,1.0,178.0,86.0,73.0,16.0,261.0,157.0,77.0,20.0,0.0,0.0,7.0,1.0,163.0,74.0,67.0,13.0,11.0,9.0,2.0,1.0,4.0,3.0,4.0,2.0,82.0,33.0,72.0,15.0,0.0,0.0,1.0,1.0,96.0,53.0,0.0,0.0,570.0,28.0,900.0,3,0,1,0,1,1,0,0,0,0,1,0,0,0,162.56,175.26,125.0,23.0,25.0,0,0,0,1,0,0,0,0,0,0,0,0,0,0,0,1,0,0,0,0,1,0,0,0
Blue,False,0.0,1.0,0.53,0.64,0.0,0.0,0.0,0.0,0.0,0.0,58.0,31.0,64.0,41.0,58.0,31.0,64.0,41.0,0.0,0.0,0.0,0.0,50.0,25.0,48.0,25.0,6.0,5.0,2.0,2.0,2.0,1.0,14.0,14.0,58.0,31.0,51.0,31.0,0.0,0.0,4.0,2.0,0.0,0.0,9.0,8.0,0.0,4.0,232.0,1,0,0,1,0,0,1,0,0,0,0,0,0,0,190.5,195.58,155.0,0.0471682548522949,0.0,0.45,0.4217682266235352,0.25,0.19173828125,0.1875,0.125,0.0,0.0,69.5,30.5,66.984375,27.8466796875,94.0,48.544921875,88.50390625,44.75,2.0,0.8125,2.015625,0.6640625,54.0,19.01513671875,51.483436584472656,16.9437255859375,7.91796875,5.430633544921875,7.75,5.0625,4.780975341796875,3.9373779296875,4.8994140625,3.84375,51.025390625,18.400863647460938,50.515625,17.5,5.75,3.75,5.5,3.5,5.375,3.6875,4.0,2.65625,104.865234375,89.5,655.8441009521484,0,0,0,0,0,0,0,0,0,0,0,0,0,0,182.88,182.88,170.0,23.0,34.0,0,0,0,0,0,0,1,0,0,0,0,0,0,0,0,0,0,1,0,0,1,0,0,0
Blue,False,0.0,2.0,0.63,0.57,0.5,1.0,0.0,1.0,0.0,0.0,111.0,71.0,138.0,79.0,128.0,88.0,157.0,98.0,2.0,1.0,3.0,3.0,67.0,36.0,85.0,29.0,33.0,27.0,45.0,42.0,11.0,8.0,8.0,8.0,59.0,24.0,73.0,30.0,19.0,18.0,60.0,45.0,33.0,29.0,5.0,4.0,300.0,267.0,900.0,3,0,0,1,0,0,1,0,0,0,0,0,0,0,172.72,177.8,135.0,0.0,1.0,0.39,0.39,0.43,0.125,0.0,0.0,0.0,0.5,60.5,24.0,92.5,35.5,80.5,43.0,105.5,47.0,7.5,3.0,2.5,0.5,41.5,13.5,64.5,17.5,12.5,6.0,16.0,9.0,6.5,4.5,12.0,9.0,52.0,16.5,76.5,23.0,5.5,4.5,7.5,6.5,3.0,3.0,8.5,6.0,195.0,90.5,746.5,5,0,0,2,0,0,2,0,0,0,0,0,0,0,175.26,175.26,135.0,24.0,29.0,1,0,0,0,0,0,0,0,0,0,0,0,0,0,0,0,0,1,0,0,1,0,0,0
Blue,False,0.0,0.0,0.37375,0.3946874999999999,0.4859375,0.41625,0.75,0.53125,0.28125,0.71875,98.90625,41.0,94.65625,36.4375,137.625,76.4375,107.0,46.8125,2.0,1.125,3.03125,1.125,77.625,26.09375,76.5,26.90625,7.46875,3.625,9.09375,4.53125,13.8125,11.28125,9.0625,5.0,88.75,33.15625,85.0,29.09375,0.6875,0.59375,2.6875,2.15625,9.46875,7.25,6.96875,5.1875,173.90625,114.71875,744.0625,16,0,0,2,3,3,3,0,0,1,0,0,2,0,175.26,185.42,135.0,0.4453125,1.0,0.385625,0.571796875,0.10375,0.1746875,0.0,0.125,0.0,0.0,61.1328125,23.1015625,63.6796875,35.0,66.046875,27.609375,69.8515625,40.546875,2.8984375,0.5,2.515625,1.2421875,42.359375,9.5546875,44.5,19.1328125,7.9296875,4.1171875,9.828125,7.8515625,10.84375,9.4296875,9.3515625,8.015625,52.8046875,17.46875,52.9765625,27.0703125,3.4140625,2.515625,4.96875,4.3046875,4.9140625,3.1171875,5.734375,3.625,62.515625,104.6953125,537.890625,19,0,0,1,2,3,5,0,0,0,1,2,0,0,170.18,175.26,135.0,31.0,27.0,1,0,0,0,0,0,0,0,0,0,0,0,0,0,0,1,0,0,0,0,0,0,1,0
Red,False,0.75,0.0,0.5549999999999999,0.4025,0.25,0.035,0.0,0.0,0.0,0.0,78.75,39.5,90.5,31.75,86.75,46.75,91.75,33.0,0.25,0.25,1.75,0.25,66.5,29.5,70.25,18.0,8.0,6.5,14.75,8.75,4.25,3.5,5.5,5.0,61.75,25.0,78.25,23.0,12.0,10.5,12.25,8.75,5.0,4.0,0.0,0.0,18.25,25.25,400.25,6,0,1,0,1,2,1,0,0,0,0,2,0,0,182.88,187.96,170.0,0.0009765625,0.6250005960464478,0.3744222628325224,0.3238952484726906,0.0639975550770759,0.0083319929242134,0.0785629004240036,0.0001259446144104,0.0703125298023223,0.0324726328253746,95.90246467292307,32.53474383056164,207.76334226876497,64.88353573530912,107.73132517188787,42.670539155602455,235.3647468015552,90.09167166054247,14.428266242146492,0.3661042675375938,0.0128212347626686,0.0091056898236274,93.55053862929344,31.311757929623127,182.149597927928,47.68484077602625,1.6567392647266388,0.779301293194294,9.901566587388515,4.330299697816372,0.6951867789030075,0.4436846077442169,15.712177753448486,12.868395261466503,91.31387393176556,28.72582185268402,191.02678617089987,55.86724457144737,2.0351878628134727,1.6585998982191086,5.019881546497345,2.001546442508697,2.553402878344059,2.1503220796585083,11.71667455136776,7.014744721353054,123.89330419898032,161.99465295672417,1249.4966547712684,78,2,5,0,7,19,9,0,0,1,8,1,9,0,185.42,182.88,170.0,33.0,41.0,0,0,0,0,0,0,0,0,0,1,0,0,0,0,0,1,0,0,0,0,0,0,1,0
Red,False,0.125,0.0,0.389375,0.415,0.18,0.195,0.0,0.0,0.0,0.0,159.4375,61.75,118.5,51.0625,169.5,69.8125,124.6875,56.75,1.75,0.5625,4.625,0.625,111.75,26.8125,87.625,25.875,22.6875,12.625,21.5,18.0625,25.0,22.3125,9.375,7.125,154.3125,58.125,113.4375,48.0625,4.5625,3.125,4.75,2.6875,0.5625,0.5,0.3125,0.3125,23.4375,29.5,835.6875,13,0,5,0,5,5,0,0,0,0,3,2,0,0,175.26,185.42,155.0,0.0009784698486328,3.0517578125e-05,0.2356336069107055,0.4333227968215942,0.7206919765472413,0.016098461151123,1.070655345916748,0.0244350433349609,0.0625038146972656,0.0546875,21.320619106292725,9.86695671081543,28.39715576171875,8.890925884246826,22.851012229919437,11.311891078948976,29.678815364837646,10.14212131500244,1.880967617034912,1.257014274597168,0.1519622802734375,0.0185751914978027,12.391748905181885,4.598031520843506,22.747732162475582,5.9069366455078125,4.167194843292236,2.1031556129455566,3.9939794540405273,1.5811333656311035,4.761675357818604,3.165769577026367,1.6554441452026367,1.4028558731079102,19.00635766983032,8.608681678771973,24.254400730133057,6.170932292938232,1.1994032859802246,0.4585819244384765,1.1584296226501465,0.6410732269287109,1.1148581504821775,0.7996931076049805,2.984325408935547,2.078920364379883,64.06139373779297,24.813453674316406,233.67898178100583,40,0,2,0,4,13,9,0,0,0,1,0,12,0,177.8,187.96,155.0,29.0,29.0,0,0,0,0,0,0,1,0,0,0,0,0,0,0,0,0,0,1,0,0,1,0,0,0
Blue,False,1.0,0.125,0.58875,0.1649999999999999,0.0625,0.0625,0.125,0.0,0.0,0.0,43.125,16.375,33.875,11.5,43.875,17.125,34.375,12.0,0.5,0.125,0.625,0.25,32.875,9.0,25.5,5.875,5.625,3.875,4.125,2.625,4.625,3.5,4.25,3.0,39.5,13.375,32.625,11.0,0.125,0.0,0.625,0.375,3.5,3.0,0.625,0.125,11.375,3.375,258.25,8,0,0,1,3,3,1,0,0,1,0,2,0,0,167.64,170.18,135.0,0.25048828125,0.000244140625,0.38740966796875,0.2448437499999999,0.51423095703125,0.074609375,0.005859375,0.019775390625,0.0,0.0,130.336181640625,50.044921875,123.255615234375,30.29736328125,151.759033203125,70.44189453125,124.358154296875,31.262939453125,1.345703125,1.061279296875,1.74755859375,0.3203125,101.859619140625,31.855224609375,97.931396484375,14.558349609375,9.909912109375,5.11328125,14.47607421875,8.8720703125,18.566650390625,13.076416015625,10.84814453125,6.866943359375,116.23974609375,40.12744140625,122.688232421875,30.1005859375,1.884033203125,1.276611328125,0.5361328125,0.16552734375,12.21240234375,8.640869140625,0.03125,0.03125,138.569580078125,10.49072265625,851.08154296875,35,0,0,1,7,11,2,0,0,3,5,2,1,0,165.1,167.64,135.0,30.0,36.0,1,0,0,0,0,0,0,0,0,0,0,0,0,0,0,1,0,0,0,0,1,0,0,0
Red,False,0.0,0.5,0.395,0.5700000000000001,0.125,0.375,0.125,0.0,0.0,0.0,74.625,29.5,115.125,69.25,83.5,38.25,202.0,149.125,0.625,0.125,2.125,1.5,72.875,29.0,91.75,54.5,0.75,0.5,10.375,5.625,1.0,0.0,13.0,9.125,74.0,29.0,63.375,28.875,0.5,0.375,2.75,1.375,0.125,0.125,49.0,39.0,9.375,371.25,804.5,10,0,3,0,3,3,1,0,0,1,1,0,1,0,193.04,203.2,205.0,1.0,0.0,0.9,0.44,0.0,0.0,0.0,0.0,0.0,0.0,11.0,10.0,9.0,4.0,11.0,10.0,10.0,5.0,0.0,0.0,0.0,0.0,8.0,7.0,7.0,3.0,1.0,1.0,0.0,0.0,2.0,2.0,2.0,1.0,6.0,5.0,5.0,1.0,3.0,3.0,4.0,3.0,2.0,2.0,0.0,0.0,4.0,5.0,117.0,1,0,1,0,1,1,0,0,0,0,0,1,0,0,198.12,208.28,205.0,30.0,26.0,0,0,0,0,0,1,0,0,0,0,0,0,0,0,0,1,0,0,0,0,1,0,0,0
Red,False,0.015625,0.0,0.45,0.4275,0.25,0.2,0.148468017578125,0.098388671875,0.0,0.0,66.5,29.6875,64.31230545043945,27.34375,89.75,48.0,85.53125,44.41152191162109,2.0,0.75,2.0546875,0.75,51.1875,18.3359375,49.6123046875,16.280410766601562,7.5,5.07647705078125,7.5,5.0,4.5,3.625,4.984375,3.9375,48.6875,17.0,47.11572265625,16.5,5.75,3.75,5.3125,3.4375,5.0625,3.5,3.875,2.5,99.2119140625,94.125,638.5,0,0,0,0,0,0,0,0,0,0,0,0,0,0,167.64,172.72,125.0,0.0,0.0,0.485,0.13,0.665,0.0,0.5,0.5,0.0,0.0,108.0,41.0,128.0,34.0,116.0,48.0,130.5,35.5,2.0,1.0,0.5,0.0,87.0,24.0,107.5,18.5,3.0,1.5,15.5,11.0,18.0,15.5,5.0,4.5,106.5,39.5,125.5,31.5,0.5,0.5,2.5,2.5,1.0,1.0,0.0,0.0,98.5,0.0,537.0,4,0,1,0,1,1,1,0,0,0,0,0,1,0,167.64,175.26,125.0,25.0,32.0,0,0,0,0,0,0,0,0,0,0,0,0,1,0,0,1,0,0,0,0,1,0,0,0
Red,False,0.5,0.0,0.4353125,0.409375,0.415625,0.0115625,0.53125,0.125,0.0,0.0,121.25,58.375,99.9375,33.8125,125.5,62.5625,101.09375,34.96875,1.625,0.90625,1.0625,0.09375,93.71875,37.5,81.625,20.09375,10.75,6.96875,8.125,5.28125,16.78125,13.90625,10.1875,8.4375,113.375,53.21875,99.0,33.40625,1.5625,1.375,0.78125,0.3125,6.3125,3.78125,0.15625,0.09375,52.625,3.8125,550.1875,15,0,3,0,3,5,1,0,0,2,1,0,2,0,180.34,182.88,155.0,0.51708984375,0.15625,0.4711572265625,0.389208984375,0.0113232421874999,0.0037451171875,0.01611328125,0.0,0.0,0.0,104.619140625,50.58935546875,177.14599609375,73.36767578125,106.01123046875,51.84130859375,183.47021484375,78.69921875,0.29345703125,0.03759765625,0.89794921875,0.0283203125,88.529296875,37.9130859375,155.310546875,56.41748046875,10.63330078125,7.26318359375,17.4462890625,13.12890625,5.45654296875,5.4130859375,4.38916015625,3.8212890625,91.89990234375,42.76806640625,154.58056640625,57.80908203125,1.9658203125,1.6298828125,9.67919921875,6.798828125,10.75341796875,6.19140625,12.88623046875,8.759765625,22.0390625,31.73193359375,596.8583984375,43,11,7,0,7,9,3,0,0,0,6,3,0,0,170.18,177.8,135.0,29.0,32.0,0,0,1,0,0,0,0,0,0,0,0,0,0,0,0,1,0,0,0,0,1,0,0,0
Red,False,0.015625,0.0,0.45,0.4275,0.25,0.2,0.148468017578125,0.098388671875,0.0,0.0,66.5,29.6875,64.31230545043945,27.34375,89.75,48.0,85.53125,44.41152191162109,2.0,0.75,2.0546875,0.75,51.1875,18.3359375,49.6123046875,16.280410766601562,7.5,5.07647705078125,7.5,5.0,4.5,3.625,4.984375,3.9375,48.6875,17.0,47.11572265625,16.5,5.75,3.75,5.3125,3.4375,5.0625,3.5,3.875,2.5,99.2119140625,94.125,638.5,0,0,0,0,0,0,0,0,0,0,0,0,0,0,182.88,190.5,185.0,0.0,0.0,0.595,0.49,0.35,0.125,0.75,0.0,0.0,0.0,77.0,35.5,116.25,57.0,90.5,47.0,152.25,86.5,2.0,0.75,4.25,0.5,50.0,14.75,89.5,37.75,23.5,18.25,19.75,15.0,3.5,2.5,7.0,4.25,61.75,24.25,87.0,39.25,12.75,9.5,17.75,10.25,2.5,1.75,11.5,7.5,65.0,302.75,742.0,7,0,0,1,1,1,2,0,0,0,0,0,1,0,185.42,185.42,185.0,25.0,30.0,0,0,0,0,0,0,0,1,0,0,0,0,0,0,0,1,0,0,0,0,1,0,0,0
Red,False,0.015625,0.0,0.45,0.4275,0.25,0.2,0.148468017578125,0.098388671875,0.0,0.0,66.5,29.6875,64.31230545043945,27.34375,89.75,48.0,85.53125,44.41152191162109,2.0,0.75,2.0546875,0.75,51.1875,18.3359375,49.6123046875,16.280410766601562,7.5,5.07647705078125,7.5,5.0,4.5,3.625,4.984375,3.9375,48.6875,17.0,47.11572265625,16.5,5.75,3.75,5.3125,3.4375,5.0625,3.5,3.875,2.5,99.2119140625,94.125,638.5,0,0,0,0,0,0,0,0,0,0,0,0,0,0,167.64,175.26,125.0,0.0,0.0,0.55,0.44,1.0,0.0,1.0,0.0,0.0,0.0,18.0,10.0,9.0,4.0,18.0,10.0,9.0,4.0,1.0,1.0,0.0,0.0,14.0,7.0,9.0,4.0,1.0,1.0,0.0,0.0,3.0,2.0,0.0,0.0,9.0,6.0,7.0,3.0,5.0,2.0,2.0,1.0,4.0,2.0,0.0,0.0,39.0,0.0,81.0,1,0,1,0,1,1,0,0,0,0,0,0,1,0,160.02,160.02,115.0,31.0,27.0,0,0,0,0,0,0,0,0,0,0,0,0,0,1,0,0,0,1,0,0,1,0,0,0
Blue,False,0.015625,0.0,0.45,0.4275,0.25,0.2,0.148468017578125,0.098388671875,0.0,0.0,66.5,29.6875,64.31230545043945,27.34375,89.75,48.0,85.53125,44.41152191162109,2.0,0.75,2.0546875,0.75,51.1875,18.3359375,49.6123046875,16.280410766601562,7.5,5.07647705078125,7.5,5.0,4.5,3.625,4.984375,3.9375,48.6875,17.0,47.11572265625,16.5,5.75,3.75,5.3125,3.4375,5.0625,3.5,3.875,2.5,99.2119140625,94.125,638.5,0,0,0,0,0,0,0,0,0,0,0,0,0,0,193.04,198.12,242.0,0.25,0.0,0.5925,0.5175,0.5,0.0,0.0,0.5,0.0,0.0,42.75,22.25,69.5,32.75,51.25,30.5,75.25,37.75,0.75,0.5,1.75,0.0,33.25,15.0,51.25,17.75,6.75,4.75,11.0,8.25,2.75,2.5,7.25,6.75,35.5,16.75,62.5,27.25,6.5,5.0,7.0,5.5,0.75,0.5,0.0,0.0,60.5,28.25,320.25,5,0,1,0,1,1,2,0,0,0,0,1,0,0,190.5,187.96,264.0,30.0,27.0,0,0,0,0,1,0,0,0,0,0,0,0,0,0,0,1,0,0,0,0,1,0,0,0
Red,False,0.5,0.0,0.436875,0.42,0.25,0.60375,0.0625,0.0,0.0625,0.0,112.1875,49.625,99.8125,42.5625,124.75,61.375,112.6875,53.25,1.375,0.5,2.6875,1.125,89.5,35.0625,74.5625,25.5625,13.4375,6.4375,16.0,9.75,9.25,8.125,9.25,7.25,98.1875,40.4375,86.1875,33.8125,5.0,2.4375,9.4375,5.9375,9.0,6.75,4.1875,2.8125,144.25,86.125,837.0,13,0,0,1,1,2,3,0,0,0,1,1,0,0,180.34,193.04,170.0,0.2682459354400635,0.5313725471496582,0.3480906236171722,0.3365221500396729,0.3784199047088623,0.3217619681358337,0.0332064628601074,0.0665298700332641,0.00048828125,0.0039063692092895,146.4881775379181,51.084901452064514,134.66983604431152,44.93206298351288,151.81538236141205,56.195754408836365,144.85142588615415,53.965442180633545,0.3985910415649414,0.3847970962524414,1.6405301094055176,0.823794960975647,97.74369978904724,18.09221112728119,113.38087904453278,30.9703152179718,14.561465382575989,8.375775218009949,9.578870058059692,6.4295371770858765,34.18301236629486,24.616915106773376,11.710086941719055,7.5322105884552,139.610267162323,47.3201003074646,124.05242693424223,40.09596002101898,3.45106303691864,1.452988624572754,7.859428524971008,3.0803897380828857,3.4268473386764526,2.3118125200271606,2.7579805850982666,1.7557132244110107,50.91735517978668,38.39258062839508,794.6210470199585,58,1,0,1,7,14,10,0,0,0,5,7,1,1,175.26,177.8,170.0,33.0,35.0,0,0,0,0,0,0,0,0,0,1,0,0,0,0,0,1,0,0,0,0,1,0,0,0
Blue,False,0.0,0.0,0.57,0.36,0.09,0.0,0.0,0.0,0.0,0.0,113.0,65.0,87.0,32.0,134.0,86.0,87.0,32.0,11.0,1.0,1.0,0.0,83.0,40.0,62.0,18.0,16.0,13.0,14.0,4.0,14.0,12.0,11.0,10.0,91.0,45.0,83.0,29.0,15.0,14.0,2.0,2.0,7.0,6.0,2.0,1.0,120.0,0.0,900.0,3,0,1,0,1,1,0,0,0,1,0,0,0,0,172.72,177.8,135.0,0.5,0.0,0.4175,0.4075,0.4,0.3125,0.75,0.0,0.0,0.25,118.5,48.75,123.0,51.0,127.5,56.5,151.25,75.0,2.5,1.25,3.25,1.0,93.0,34.25,96.75,31.0,13.5,7.25,9.5,6.0,12.0,7.25,16.75,14.0,104.5,39.25,116.0,46.25,5.5,4.0,2.75,2.0,8.5,5.5,4.25,2.75,63.75,141.25,854.5,9,0,3,0,3,3,0,0,0,1,1,1,0,0,175.26,182.88,145.0,26.0,23.0,1,0,0,0,0,0,0,0,0,0,0,0,0,0,0,1,0,0,0,0,1,0,0,0
Red,False,0.015625,0.0,0.45,0.4275,0.25,0.2,0.148468017578125,0.098388671875,0.0,0.0,66.5,29.6875,64.31230545043945,27.34375,89.75,48.0,85.53125,44.41152191162109,2.0,0.75,2.0546875,0.75,51.1875,18.3359375,49.6123046875,16.280410766601562,7.5,5.07647705078125,7.5,5.0,4.5,3.625,4.984375,3.9375,48.6875,17.0,47.11572265625,16.5,5.75,3.75,5.3125,3.4375,5.0625,3.5,3.875,2.5,99.2119140625,94.125,638.5,0,0,0,0,0,0,0,0,0,0,0,0,0,0,172.72,175.26,135.0,0.0471682548522949,0.0,0.45,0.4217682266235352,0.25,0.19173828125,0.1875,0.125,0.0,0.0,69.5,30.5,66.984375,27.8466796875,94.0,48.544921875,88.50390625,44.75,2.0,0.8125,2.015625,0.6640625,54.0,19.01513671875,51.483436584472656,16.9437255859375,7.91796875,5.430633544921875,7.75,5.0625,4.780975341796875,3.9373779296875,4.8994140625,3.84375,51.025390625,18.400863647460938,50.515625,17.5,5.75,3.75,5.5,3.5,5.375,3.6875,4.0,2.65625,104.865234375,89.5,655.8441009521484,0,0,0,0,0,0,0,0,0,0,0,0,0,0,170.18,182.88,135.0,24.0,27.0,0,0,1,0,0,0,0,0,0,0,0,0,0,0,0,1,0,0,0,0,1,0,0,0
Blue,False,0.015625,0.0,0.45,0.4275,0.25,0.2,0.148468017578125,0.098388671875,0.0,0.0,66.5,29.6875,64.31230545043945,27.34375,89.75,48.0,85.53125,44.41152191162109,2.0,0.75,2.0546875,0.75,51.1875,18.3359375,49.6123046875,16.280410766601562,7.5,5.07647705078125,7.5,5.0,4.5,3.625,4.984375,3.9375,48.6875,17.0,47.11572265625,16.5,5.75,3.75,5.3125,3.4375,5.0625,3.5,3.875,2.5,99.2119140625,94.125,638.5,0,0,0,0,0,0,0,0,0,0,0,0,0,0,165.1,170.18,125.0,0.0,0.5,0.47,0.4449999999999999,0.14,0.0,0.0,0.0,0.0,0.0,62.5,28.0,22.5,9.0,87.5,49.5,35.0,19.5,3.5,1.0,0.5,0.0,47.5,19.0,17.0,5.0,11.0,6.0,3.0,1.5,4.0,3.0,2.5,2.5,33.5,10.0,20.5,7.0,3.5,2.0,0.0,0.0,25.5,16.0,2.0,2.0,232.0,14.5,499.0,4,0,1,0,1,1,1,0,0,0,1,0,0,0,165.1,165.1,125.0,26.0,30.0,0,0,0,1,0,0,0,0,0,0,0,0,0,0,0,1,0,0,0,0,1,0,0,0
Red,True,1.516357421875,0.25006103515625,0.4864837646484375,0.373553466796875,0.126854248046875,0.07375,0.13616943359375,0.00103759765625,0.0,0.0,104.72625732421876,47.61602783203125,69.96380615234375,26.1468505859375,127.49371337890624,66.8038330078125,72.94439697265625,28.61126708984375,1.69244384765625,0.74163818359375,1.845947265625,0.25,82.0113525390625,34.935791015625,56.567626953125,18.9603271484375,10.46942138671875,5.901123046875,10.58135986328125,5.27056884765625,12.2454833984375,6.77911376953125,2.8148193359375,1.91595458984375,76.81689453125,24.85211181640625,64.6077880859375,23.201904296875,9.36083984375,8.294921875,3.7919921875,2.068603515625,18.54852294921875,14.468994140625,1.56402587890625,0.8763427734375,81.049560546875,4.56561279296875,489.1357421875,42,7,0,1,4,12,3,0,0,0,4,7,1,0,167.64,170.18,125.0,0.19140625,0.03125,0.395625,0.4340234375,0.4641015625,0.25,0.00390625,0.0,0.0,0.0,117.984375,44.8203125,113.546875,53.29296875,152.01953125,73.62890625,137.90234375,77.359375,7.66796875,2.65625,1.43359375,0.5,90.80859375,24.59765625,70.91796875,20.09765625,20.4140625,15.08984375,14.515625,12.03125,6.76171875,5.1328125,28.11328125,21.1640625,93.0,27.10546875,106.515625,47.97265625,14.59375,10.87890625,5.4609375,4.5625,10.390625,6.8359375,1.5703125,0.7578125,296.08984375,18.96875,1105.28125,26,2,4,0,4,7,2,0,0,2,4,1,0,0,162.56,162.56,135.0,32.0,31.0,0,0,0,1,0,0,0,0,0,0,0,0,0,0,0,1,0,0,0,0,1,0,0,0
Blue,False,0.4004499018192291,0.101563811302185,0.5854911910369992,0.4972496828436852,0.0676427350565791,0.50079255156219,0.5069751925766468,0.0078125074505805,0.5000629425048828,1.9073486328125e-06,55.82233953103423,27.752748291939497,72.76673532649875,35.19828853011131,58.23259303346276,29.84521785750985,77.96675251424313,39.88051375746727,3.364796359091997,0.3527308218181133,1.5711196027696133,0.5039844550192356,31.403253708034757,9.636663164943457,48.62540396675468,15.25218752399087,15.668156154453754,12.246758326888084,12.817098386585712,10.181285571306944,8.750929668545723,5.869326800107956,11.32423297315836,9.7648154348135,47.21152821183205,20.78466852381825,59.29831789433956,23.805911410599947,7.766117885708809,6.258441962301731,12.560670502483845,10.662861563265324,0.8446934334933758,0.7096378058195114,0.9077469296753408,0.7295155562460423,69.1733317784965,44.61831271648407,613.855436168611,61,1,4,0,8,21,8,0,0,0,6,9,6,0,185.42,185.42,155.0,0.5,0.0,0.5449999999999999,0.475,0.2,0.165,0.0,0.5,0.5,0.0,47.0,23.5,21.5,11.5,75.5,47.5,30.5,20.5,5.0,2.0,3.0,1.0,32.5,14.5,12.5,5.0,13.5,9.0,7.0,5.0,1.0,0.0,2.0,1.5,24.0,8.0,16.0,6.5,12.5,8.5,5.0,4.5,10.5,7.0,0.5,0.5,216.0,117.5,471.0,4,0,2,0,2,2,0,0,0,0,1,1,0,0,175.26,182.88,155.0,35.0,26.0,0,0,0,0,0,0,1,0,0,0,0,0,0,0,0,1,0,0,0,0,1,0,0,0
Red,False,0.015625,0.0,0.45,0.4275,0.25,0.2,0.148468017578125,0.098388671875,0.0,0.0,66.5,29.6875,64.31230545043945,27.34375,89.75,48.0,85.53125,44.41152191162109,2.0,0.75,2.0546875,0.75,51.1875,18.3359375,49.6123046875,16.280410766601562,7.5,5.07647705078125,7.5,5.0,4.5,3.625,4.984375,3.9375,48.6875,17.0,47.11572265625,16.5,5.75,3.75,5.3125,3.4375,5.0625,3.5,3.875,2.5,99.2119140625,94.125,638.5,0,0,0,0,0,0,0,0,0,0,0,0,0,0,167.64,170.18,125.0,0.15625,0.0,0.63390625,0.65609375,0.0625,0.6825,1.0,0.640625,0.25,0.0,71.484375,31.75,53.796875,30.375,93.296875,50.34375,71.03125,44.921875,0.5625,0.3125,2.171875,1.25,43.828125,13.21875,32.1875,16.671875,13.328125,7.140625,14.09375,10.34375,14.328125,11.390625,7.515625,3.359375,62.875,25.71875,39.578125,19.0625,4.21875,2.765625,4.53125,3.84375,4.390625,3.265625,9.6875,7.46875,47.53125,186.890625,499.59375,15,0,1,0,2,4,3,0,0,0,2,1,1,0,167.64,165.1,125.0,24.0,33.0,0,0,0,0,0,0,0,0,0,0,0,0,1,0,0,1,0,0,0,0,1,0,0,0
Red,False,0.80126953125,2.015625,0.36025390625,0.5012841796875,0.25,0.119775390625,0.0703125,0.0087890625,0.28125,0.0,102.37890625,39.50537109375,90.44580078125,47.69921875,104.798828125,41.51904296875,92.248046875,49.39990234375,0.296875,0.25,2.02734375,0.57080078125,87.966796875,28.39697265625,66.45068359375,28.88916015625,11.66650390625,8.79052734375,20.32958984375,15.5361328125,2.74560546875,2.31787109375,3.66552734375,3.27392578125,90.64208984375,30.8154296875,77.71435546875,38.34423828125,7.1181640625,5.0517578125,9.5830078125,7.26904296875,4.61865234375,3.63818359375,3.1484375,2.0859375,31.765625,63.65185546875,449.59912109375,21,0,0,3,3,6,6,0,0,1,0,2,3,0,177.8,190.5,155.0,0.1875,0.0,0.515625,0.38,0.60875,0.0,1.125,0.0,0.0,0.0,40.125,20.5625,27.3125,10.9375,60.4375,37.125,44.625,27.3125,6.9375,4.5625,0.0,0.0,37.25,18.25,25.125,9.1875,1.4375,0.875,1.4375,1.0,1.4375,1.4375,0.75,0.75,19.875,6.9375,21.8125,6.4375,3.8125,1.5625,5.1875,4.3125,16.4375,12.0625,0.3125,0.1875,376.3125,0.1875,455.9375,9,0,5,0,5,5,0,0,0,0,1,2,2,0,170.18,180.34,155.0,31.0,32.0,0,0,0,0,0,0,1,0,0,0,0,0,0,0,0,1,0,0,0,0,1,0,0,0
Red,False,0.0,0.0,0.5825,0.3874999999999999,0.5800000000000001,0.165,0.5,0.25,0.0,0.0,42.75,22.25,55.5,13.25,81.25,55.25,63.0,20.0,1.75,1.25,1.0,0.5,34.5,15.75,43.5,7.75,5.5,4.25,3.5,1.75,2.75,2.25,8.5,3.75,31.5,13.5,52.25,10.75,6.25,5.25,2.0,1.5,5.0,3.5,1.25,1.0,171.5,73.5,576.5,5,0,1,0,1,2,1,0,0,0,1,0,1,0,185.42,187.96,185.0,0.01629638671875,0.28125,0.45800537109375,0.4755926513671875,0.34007568359375,0.22787109375,0.8167724609375,0.00244140625,0.001953125,0.00390625,50.10430908203125,20.848876953125,92.56378173828124,43.54205322265625,65.2681884765625,32.7921142578125,117.67864990234376,66.82293701171875,3.11358642578125,0.58355712890625,9.97564697265625,3.6767578125,44.23040771484375,16.6993408203125,81.59259033203125,34.718505859375,5.686279296875,3.9619140625,8.604736328125,6.58599853515625,0.1876220703125,0.1876220703125,2.366455078125,2.237548828125,42.86224365234375,15.3160400390625,71.798828125,30.275634765625,2.22808837890625,1.0438232421875,12.55303955078125,5.44610595703125,5.01397705078125,4.489013671875,8.2119140625,7.8203125,77.46197509765625,250.9415283203125,717.4609985351562,35,1,5,0,5,10,5,0,0,0,2,4,3,1,187.96,193.04,205.0,28.0,39.0,0,0,0,0,0,1,0,0,0,0,0,0,0,0,0,0,0,1,0,0,1,0,0,0
Red,False,0.625,0.0625,0.3451171875,0.3748095703125,0.18730712890625,0.27298095703125,0.00390625,0.692138671875,0.65869140625,0.59423828125,51.504638671875,17.13134765625,29.051025390625,11.31591796875,74.3818359375,36.676025390625,39.0361328125,20.8701171875,4.065673828125,2.15673828125,0.80859375,0.47265625,40.72314453125,10.11572265625,21.348876953125,5.947265625,4.895263671875,2.891845703125,4.841552734375,2.874755859375,5.88623046875,4.123779296875,2.860595703125,2.493896484375,39.961669921875,9.6689453125,25.817138671875,8.925537109375,3.408935546875,2.31884765625,1.505615234375,1.06494140625,8.134033203125,5.1435546875,1.728271484375,1.325439453125,114.27392578125,132.421875,431.248779296875,34,0,1,0,3,8,5,0,0,3,1,4,0,0,165.1,165.1,125.0,0.00201416015625,0.126953125,0.3994436645507812,0.4161886596679687,0.3009780883789062,0.5363720703125,0.00421142578125,0.0,0.00390625,0.0,131.98736572265625,48.33294677734375,94.68789672851562,38.523223876953125,145.0155029296875,60.453155517578125,99.37799072265624,42.638763427734375,4.651519775390625,1.079315185546875,2.85284423828125,0.9031982421875,93.88348388671876,26.76324462890625,77.10882568359375,26.08184814453125,24.359283447265625,13.224761962890623,13.873626708984377,9.1861572265625,13.744598388671877,8.344940185546875,3.7054443359375,3.255218505859375,115.91143798828124,37.57958984375,85.99505615234375,31.52587890625,5.530364990234375,2.824188232421875,8.3460693359375,6.674896240234375,10.545562744140623,7.929168701171875,0.346771240234375,0.32244873046875,116.02593994140624,9.993988037109377,574.6349487304688,40,2,3,0,6,13,3,0,0,1,7,4,1,0,162.56,165.1,125.0,30.0,34.0,0,0,0,1,0,0,0,0,0,0,0,0,0,0,0,1,0,0,0,0,0,0,1,0
Blue,False,0.0,1.0,0.39,0.5,0.0,0.0,0.0,0.0,0.0,0.0,38.0,15.0,44.0,22.0,41.0,17.0,47.0,25.0,0.0,0.0,0.0,0.0,29.0,6.0,43.0,21.0,1.0,1.0,1.0,1.0,8.0,8.0,0.0,0.0,31.0,13.0,25.0,14.0,7.0,2.0,17.0,6.0,0.0,0.0,2.0,2.0,0.0,2.0,153.0,1,0,0,1,0,0,1,0,0,0,0,0,0,0,190.5,193.04,245.0,0.0471682548522949,0.0,0.45,0.4217682266235352,0.25,0.19173828125,0.1875,0.125,0.0,0.0,69.5,30.5,66.984375,27.8466796875,94.0,48.544921875,88.50390625,44.75,2.0,0.8125,2.015625,0.6640625,54.0,19.01513671875,51.483436584472656,16.9437255859375,7.91796875,5.430633544921875,7.75,5.0625,4.780975341796875,3.9373779296875,4.8994140625,3.84375,51.025390625,18.400863647460938,50.515625,17.5,5.75,3.75,5.5,3.5,5.375,3.6875,4.0,2.65625,104.865234375,89.5,655.8441009521484,0,0,0,0,0,0,0,0,0,0,0,0,0,0,195.58,203.2,265.0,29.0,30.0,0,0,0,0,1,0,0,0,0,0,0,0,0,0,0,1,0,0,0,0,1,0,0,0
Red,False,0.0,0.0,0.32,0.285,0.5,0.0,1.0,0.5,0.0,0.0,54.5,21.5,79.5,29.0,60.5,26.5,94.5,44.0,0.5,0.5,4.0,0.0,39.5,12.0,72.0,24.0,11.5,7.5,6.0,3.5,3.5,2.0,1.5,1.5,52.5,19.5,65.0,20.5,2.0,2.0,4.5,1.0,0.0,0.0,10.0,7.5,19.0,138.0,480.5,4,0,1,0,1,1,1,0,0,0,0,0,1,0,160.02,157.48,125.0,0.125,0.0,0.42625,0.5796875,0.0271875,0.645625,0.078125,1.296875,0.546875,0.515625,80.1875,36.28125,68.84375,38.5,114.46875,67.8125,88.0625,56.21875,1.765625,0.171875,2.640625,1.828125,50.609375,19.34375,50.046875,25.1875,20.953125,11.53125,13.5,8.78125,8.625,5.40625,5.296875,4.53125,63.375,24.203125,46.140625,22.03125,6.28125,3.984375,10.390625,7.0,10.53125,8.09375,12.3125,9.46875,110.609375,264.703125,670.75,20,0,3,0,3,4,3,0,0,0,1,2,1,0,162.56,165.1,115.0,27.0,24.0,0,0,0,0,0,0,0,0,0,0,0,0,1,0,0,1,0,0,0,0,1,0,0,0
Red,False,0.015625,0.0,0.45,0.4275,0.25,0.2,0.148468017578125,0.098388671875,0.0,0.0,66.5,29.6875,64.31230545043945,27.34375,89.75,48.0,85.53125,44.41152191162109,2.0,0.75,2.0546875,0.75,51.1875,18.3359375,49.6123046875,16.280410766601562,7.5,5.07647705078125,7.5,5.0,4.5,3.625,4.984375,3.9375,48.6875,17.0,47.11572265625,16.5,5.75,3.75,5.3125,3.4375,5.0625,3.5,3.875,2.5,99.2119140625,94.125,638.5,0,0,0,0,0,0,0,0,0,0,0,0,0,0,193.04,193.04,205.0,0.0471682548522949,0.0,0.45,0.4217682266235352,0.25,0.19173828125,0.1875,0.125,0.0,0.0,69.5,30.5,66.984375,27.8466796875,94.0,48.544921875,88.50390625,44.75,2.0,0.8125,2.015625,0.6640625,54.0,19.01513671875,51.483436584472656,16.9437255859375,7.91796875,5.430633544921875,7.75,5.0625,4.780975341796875,3.9373779296875,4.8994140625,3.84375,51.025390625,18.400863647460938,50.515625,17.5,5.75,3.75,5.5,3.5,5.375,3.6875,4.0,2.65625,104.865234375,89.5,655.8441009521484,0,0,0,0,0,0,0,0,0,0,0,0,0,0,182.88,193.04,205.0,29.0,31.0,0,0,0,0,0,1,0,0,0,0,0,0,0,0,0,1,0,0,0,0,1,0,0,0
Red,False,0.015625,0.0,0.45,0.4275,0.25,0.2,0.148468017578125,0.098388671875,0.0,0.0,66.5,29.6875,64.31230545043945,27.34375,89.75,48.0,85.53125,44.41152191162109,2.0,0.75,2.0546875,0.75,51.1875,18.3359375,49.6123046875,16.280410766601562,7.5,5.07647705078125,7.5,5.0,4.5,3.625,4.984375,3.9375,48.6875,17.0,47.11572265625,16.5,5.75,3.75,5.3125,3.4375,5.0625,3.5,3.875,2.5,99.2119140625,94.125,638.5,0,0,0,0,0,0,0,0,0,0,0,0,0,0,175.26,175.26,135.0,0.5,0.0,0.56,0.36,0.5,1.0,0.0,1.0,0.5,0.0,130.0,73.0,57.0,20.5,169.0,106.0,62.0,24.0,0.5,0.5,1.0,1.0,108.0,56.0,54.0,19.0,16.0,11.5,3.0,1.5,6.0,5.5,0.0,0.0,49.0,25.5,48.0,16.0,17.0,10.0,4.5,1.0,64.0,37.5,4.5,3.5,183.0,70.5,444.5,4,0,2,0,2,2,0,0,0,0,0,2,0,0,180.34,177.8,135.0,25.0,26.0,1,0,0,0,0,0,0,0,0,0,0,0,0,0,0,0,0,0,1,0,0,0,0,1
Red,False,0.0,2.0,0.33,0.67,1.0,0.0,0.0,1.0,0.0,0.0,15.0,5.0,31.0,21.0,16.0,6.0,53.0,42.0,1.0,1.0,0.0,0.0,14.0,4.0,23.0,14.0,1.0,1.0,7.0,6.0,0.0,0.0,1.0,1.0,13.0,5.0,22.0,12.0,0.0,0.0,3.0,3.0,2.0,0.0,6.0,6.0,228.0,32.0,314.0,2,0,0,1,0,0,1,0,0,0,0,0,0,0,172.72,182.88,155.0,0.003082275390625,0.082244873046875,0.4334228515625,0.3677883911132812,0.28330078125,0.122227783203125,0.020904541015625,0.755401611328125,0.03179931640625,0.01953125,133.58511352539062,59.58514404296875,149.868896484375,54.76202392578125,157.22332763671875,80.53775024414062,165.15606689453125,67.7803955078125,11.16583251953125,3.615570068359375,4.449249267578125,1.390777587890625,99.39208984375,34.095550537109375,127.42233276367188,40.352386474609375,19.975341796875,12.425048828125,16.68096923828125,11.0408935546875,14.217681884765623,13.064544677734377,5.765594482421875,3.368743896484375,111.97097778320312,45.17034912109375,135.57553100585938,45.145904541015625,12.64459228515625,8.896484375,10.621795654296877,6.453216552734375,8.96954345703125,5.518310546875,3.67156982421875,3.16290283203125,218.49923706054688,69.66720581054688,847.2240295410156,39,1,0,1,7,9,7,0,0,2,4,1,2,0,167.64,167.64,155.0,28.0,32.0,0,0,0,0,0,0,1,0,0,0,0,0,0,0,0,1,0,0,0,0,1,0,0,0
Blue,False,0.0,0.0,0.13,0.53,0.0,0.75,0.0,1.0,0.0,0.0,123.0,16.0,130.0,70.0,123.0,16.0,149.0,88.0,3.0,0.0,4.0,3.0,102.0,8.0,99.0,45.0,14.0,3.0,11.0,8.0,7.0,5.0,20.0,17.0,123.0,16.0,124.0,65.0,0.0,0.0,1.0,0.0,0.0,0.0,5.0,5.0,0.0,123.0,900.0,3,0,0,1,0,0,1,0,0,0,0,0,0,0,187.96,190.5,170.0,0.0471682548522949,0.0,0.45,0.4217682266235352,0.25,0.19173828125,0.1875,0.125,0.0,0.0,69.5,30.5,66.984375,27.8466796875,94.0,48.544921875,88.50390625,44.75,2.0,0.8125,2.015625,0.6640625,54.0,19.01513671875,51.483436584472656,16.9437255859375,7.91796875,5.430633544921875,7.75,5.0625,4.780975341796875,3.9373779296875,4.8994140625,3.84375,51.025390625,18.400863647460938,50.515625,17.5,5.75,3.75,5.5,3.5,5.375,3.6875,4.0,2.65625,104.865234375,89.5,655.8441009521484,0,0,0,0,0,0,0,0,0,0,0,0,0,0,182.88,193.04,170.0,32.0,29.0,0,0,0,0,0,0,0,0,0,1,0,0,0,0,0,0,0,1,0,0,1,0,0,0
Blue,False,1.0,0.0,0.51,0.3349999999999999,0.0,0.0,0.5,0.0,0.0,0.0,66.5,36.5,43.0,16.0,68.5,38.5,49.0,21.0,0.0,0.0,1.0,0.0,63.0,33.5,31.0,7.5,2.5,2.0,9.5,6.0,1.0,1.0,2.5,2.5,56.0,30.0,40.0,15.0,5.5,3.0,3.0,1.0,5.0,3.5,0.0,0.0,37.5,5.5,275.5,3,0,2,0,2,2,0,0,0,0,0,1,1,0,180.34,190.5,170.0,0.0,0.078125,0.4634375,0.2834375,0.506875,0.02,0.5,0.125,0.0,0.1875,149.25,69.390625,142.3125,41.171875,176.828125,93.0625,145.671875,44.484375,5.25,2.453125,2.5,0.125,121.546875,47.71875,109.390625,20.0625,12.609375,8.546875,19.875,10.421875,15.09375,13.125,13.046875,10.6875,141.296875,63.625,140.609375,40.09375,2.90625,1.703125,0.78125,0.515625,5.046875,4.0625,0.921875,0.5625,146.71875,7.734375,873.703125,19,0,0,1,4,5,2,0,0,1,3,1,0,0,180.34,182.88,170.0,28.0,30.0,0,0,0,0,0,0,0,0,0,1,0,0,0,0,0,0,0,1,0,0,1,0,0,0
Blue,False,1.0,0.0,0.525,0.31,0.0,0.07,0.0,0.0,0.5,0.0,136.0,62.5,125.0,34.5,147.0,72.0,128.0,37.0,0.5,0.0,4.5,0.5,124.0,52.5,110.5,27.5,10.5,8.5,9.0,3.0,1.5,1.5,5.5,4.0,113.0,46.0,114.5,28.0,15.0,10.5,7.5,4.5,8.0,6.0,3.0,2.0,8.5,86.5,554.0,4,0,2,0,2,2,0,0,0,0,1,1,0,0,170.18,170.18,135.0,0.1875,0.0,0.3712499999999999,0.398125,0.54,0.15625,0.0,0.75,0.0625,0.0,173.25,68.625,164.0,65.9375,175.875,71.0,169.1875,70.3125,2.1875,1.125,1.8125,0.6875,134.8125,40.4375,124.125,33.625,20.75,14.0625,25.5625,19.1875,17.6875,14.125,14.3125,13.125,166.9375,65.0,155.1875,60.375,4.9375,2.8125,6.625,4.4375,1.375,0.8125,2.1875,1.125,26.0625,36.6875,800.625,14,0,0,1,2,3,2,0,0,0,2,1,0,0,170.18,172.72,145.0,25.0,33.0,1,0,0,0,0,0,0,0,0,0,0,0,0,0,0,0,0,0,1,0,1,0,0,0
Blue,False,1.0625,0.0,0.648125,0.38625,0.386875,0.23625,1.5,0.0,0.0625,0.0625,129.6875,85.3125,112.3125,48.375,143.125,96.875,120.125,55.375,9.125,2.5625,4.3125,0.6875,105.0,63.125,96.9375,38.6875,11.625,10.0625,14.0625,8.625,13.0625,12.125,1.3125,1.0625,76.375,49.5,97.25,38.4375,19.0625,13.3125,13.1875,8.0625,34.25,22.5,1.875,1.875,321.1875,46.125,794.625,13,0,5,0,5,5,0,0,0,0,3,2,0,0,167.64,180.34,145.0,0.6396484375,0.40673828125,0.54366455078125,0.3290087890625,0.0909667968749999,0.0,0.0234375,0.00048828125,0.0,0.0,33.568603515625,18.598876953125,38.117431640625,14.971435546875,34.93994140625,19.937744140625,43.37255859375,20.224609375,1.327392578125,0.666259765625,0.32958984375,0.0,28.70458984375,15.422119140625,27.83544921875,9.270263671875,0.73583984375,0.461181640625,6.268310546875,3.546630859375,4.128173828125,2.715576171875,4.013671875,2.154541015625,17.623291015625,7.33203125,36.043212890625,13.1796875,1.09619140625,0.56494140625,0.19775390625,0.071533203125,14.84912109375,10.701904296875,1.87646484375,1.72021484375,65.807861328125,2.9853515625,274.90283203125,26,3,2,0,5,9,4,0,0,0,3,6,0,0,167.64,167.64,145.0,30.0,33.0,0,0,1,0,0,0,0,0,0,0,0,0,0,0,0,1,0,0,0,0,1,0,0,0
Red,True,1.1634521484375,0.0625,0.45219482421875,0.3672119140625,0.4082177734375,0.129130859375,0.001708984375,0.0079345703125,0.0,0.0,180.326171875,79.924560546875,133.1473388671875,50.374267578125,213.552734375,110.052001953125,163.2952880859375,77.70654296875,3.912109375,1.7236328125,3.5789794921875,0.6490478515625,154.7200927734375,62.92626953125,115.6983642578125,38.4271240234375,17.3018798828125,9.80712890625,12.2547607421875,7.418212890625,8.30419921875,7.191162109375,5.1942138671875,4.5289306640625,149.6483154296875,58.3681640625,115.9957275390625,39.5482177734375,11.697509765625,6.158935546875,14.2021484375,8.759765625,18.9803466796875,15.3974609375,2.949462890625,2.0662841796875,261.24072265625,46.9742431640625,1101.280029296875,35,2,1,0,6,10,4,0,0,0,3,5,2,0,195.58,200.66,205.0,0.5102615356445312,0.0,0.5891529083251953,0.3770480346679687,0.2788731384277343,0.01875,0.1374664306640625,0.0078125,0.0,0.0,167.9398956298828,99.44580841064452,152.87692260742188,57.69232940673828,176.01580810546875,107.09344482421876,158.9573974609375,62.88990783691406,4.215293884277344,1.4085464477539062,3.0816574096679688,0.15625,83.12336730957031,38.714500427246094,110.79817962646484,30.9925537109375,37.13737487792969,28.8983154296875,20.83600616455078,12.771705627441406,47.67915344238281,31.832992553710938,21.24273681640625,13.928070068359377,135.6021499633789,74.13163757324219,130.61727905273438,44.40708160400391,17.609130859375,12.460464477539062,21.98210906982422,13.152244567871094,14.728614807128906,12.85370635986328,0.2775344848632812,0.1330032348632812,150.96732330322266,12.445709228515623,1113.8204803466797,55,11,3,0,13,16,2,0,0,0,7,4,5,0,193.04,213.36,205.0,31.0,31.0,0,0,0,0,0,1,0,0,0,0,0,0,0,0,0,1,0,0,0,0,1,0,0,0
Blue,True,0.0234375,0.0,0.507265625,0.3717382812499999,0.45169921875,0.09515625,0.140625,0.01171875,0.0,0.03125,184.373046875,91.265625,138.35546875,52.140625,203.6875,107.349609375,151.859375,64.0078125,4.20703125,2.072265625,4.65234375,0.54296875,113.005859375,46.275390625,113.025390625,33.708984375,29.6328125,19.794921875,11.244140625,7.5625,41.734375,25.1953125,14.0859375,10.869140625,163.6015625,75.404296875,130.298828125,45.859375,10.48046875,7.95703125,5.873046875,4.4375,10.291015625,7.904296875,2.18359375,1.84375,184.828125,70.72265625,1106.35546875,22,4,2,0,7,9,1,0,0,1,1,5,2,0,172.72,175.26,145.0,0.1875,0.0,0.655625,0.37,0.5625,0.15625,0.0,0.0,0.0,0.0,105.5625,62.125,74.875,18.5,116.0,71.25,83.6875,26.4375,0.75,0.625,2.5625,0.625,76.375,37.625,60.5,11.125,20.6875,16.875,9.0,4.3125,8.5,7.625,5.375,3.0625,76.8125,40.25,71.3125,15.9375,13.625,11.5625,2.875,2.0625,15.125,10.3125,0.6875,0.5,48.75,129.0625,600.125,12,3,5,0,5,5,0,0,0,0,1,4,0,0,172.72,172.72,145.0,30.0,33.0,0,0,0,0,0,0,0,0,0,0,0,1,0,0,0,1,0,0,0,0,1,0,0,0
Blue,False,0.001953125,0.0,0.420703125,0.504453125,0.317158203125,0.288203125,0.3232421875,1.328125,0.00390625,0.078125,29.3037109375,11.736328125,30.9326171875,16.361328125,39.4658203125,20.09765625,38.9365234375,23.884765625,3.736328125,1.416015625,0.99609375,0.4140625,22.7314453125,6.203125,21.7158203125,9.4287109375,4.9580078125,4.4228515625,4.9345703125,3.443359375,1.6142578125,1.1103515625,4.2822265625,3.4892578125,23.6865234375,7.552734375,21.439453125,9.6083984375,2.638671875,2.15234375,1.8232421875,1.3798828125,2.978515625,2.03125,7.669921875,5.373046875,122.5791015625,110.5458984375,367.837890625,22,1,2,0,3,7,4,0,0,0,2,0,5,0,185.42,190.5,170.0,0.041748046875,0.0782470703125,0.479132080078125,0.4508197021484375,0.5207012939453125,0.8145367431640625,0.5321044921875,0.65679931640625,0.510498046875,0.00042724609375,77.480712890625,30.1077880859375,55.35888671875,20.297607421875,102.8935546875,54.42926025390625,72.7333984375,36.13226318359375,0.6099853515625,0.562744140625,4.11822509765625,3.2816162109375,53.98748779296875,14.03118896484375,45.3681640625,13.73846435546875,12.28204345703125,7.1192626953125,6.595458984375,4.55377197265625,11.211181640625,8.95733642578125,3.395263671875,2.00537109375,67.1539306640625,23.09478759765625,42.64794921875,12.83734130859375,5.79388427734375,3.2529296875,3.8707275390625,2.5689697265625,4.53289794921875,3.76007080078125,8.8402099609375,4.89129638671875,102.8309326171875,211.1094970703125,622.2967529296875,43,3,0,1,5,7,8,0,0,1,1,4,0,1,187.96,190.5,170.0,31.0,34.0,0,0,0,0,0,0,0,0,0,1,0,0,0,0,0,0,0,1,0,0,1,0,0,0
Blue,False,0.0,0.0,0.44,0.66,0.0,0.5,0.0,1.0,1.0,0.0,58.0,26.0,71.0,47.0,81.0,48.0,176.0,143.0,0.0,0.0,8.0,4.0,42.0,15.0,47.0,27.0,16.0,11.0,14.0,12.0,0.0,0.0,10.0,8.0,48.0,19.0,35.0,19.0,10.0,7.0,10.0,8.0,0.0,0.0,26.0,20.0,0.0,643.0,900.0,3,0,0,1,0,0,1,0,0,0,0,0,0,0,182.88,182.88,145.0,0.0,0.0,0.5278125,0.4240624999999999,0.45625,0.36125,0.125,0.53125,0.3125,0.1875,61.125,34.96875,42.34375,20.15625,105.5625,75.375,88.6875,60.4375,6.125,3.5,1.15625,0.875,38.21875,17.6875,36.4375,15.25,13.84375,10.21875,4.59375,3.59375,9.0625,7.0625,1.3125,1.3125,31.15625,14.65625,29.125,8.90625,11.40625,9.46875,6.84375,5.59375,18.5625,10.84375,6.375,5.65625,362.875,242.1875,833.875,16,1,2,0,2,3,3,0,0,0,1,2,0,0,167.64,172.72,145.0,28.0,36.0,0,0,0,0,0,0,0,0,0,0,0,1,0,0,0,1,0,0,0,0,0,0,1,0
Blue,False,0.0,0.21875,0.506328125,0.404482421875,0.5052783203125,0.009765625,0.0,0.50244140625,0.0,0.0,93.283203125,48.01708984375,58.22412109375,22.4970703125,133.224609375,82.68994140625,67.23974609375,30.7158203125,14.57763671875,7.26220703125,2.26025390625,0.009765625,82.51611328125,39.31591796875,49.36572265625,16.84912109375,8.56787109375,6.63720703125,7.48046875,4.587890625,2.19921875,2.06396484375,1.3779296875,1.06005859375,64.48583984375,28.47607421875,49.60205078125,16.49609375,15.8671875,8.14892578125,6.9638671875,4.5146484375,12.93017578125,11.39208984375,1.658203125,1.486328125,420.80615234375,28.177734375,814.11181640625,31,1,2,0,3,8,4,0,0,0,6,2,0,0,190.5,200.66,205.0,0.671875,0.125,0.5475390625000001,0.3790820312499999,0.22212890625,0.0,0.50390625,0.0,0.0,0.0,47.93359375,26.78515625,34.640625,14.63671875,53.326171875,32.169921875,39.087890625,18.708984375,2.63671875,1.1953125,0.1875,0.0,36.697265625,17.259765625,22.52734375,6.6171875,5.544921875,4.525390625,5.92578125,3.458984375,5.69140625,5.0,6.1875,4.560546875,32.384765625,14.93359375,31.4453125,11.826171875,3.251953125,2.25,2.62890625,2.25390625,12.296875,9.6015625,0.56640625,0.556640625,141.41015625,1.87109375,453.84375,17,0,0,1,3,7,3,0,0,0,2,3,2,0,177.8,185.42,205.0,29.0,35.0,0,0,0,0,0,1,0,0,0,0,0,0,0,0,0,1,0,0,0,0,1,0,0,0
Red,False,1.0,0.0,0.43,0.43,1.0,0.6,0.0,2.0,0.0,0.0,123.0,53.0,101.0,44.0,128.0,57.0,124.0,67.0,1.0,1.0,5.0,3.0,104.0,41.0,61.0,23.0,16.0,11.0,25.0,12.0,3.0,1.0,15.0,9.0,120.0,52.0,82.0,26.0,1.0,0.0,2.0,2.0,2.0,1.0,17.0,16.0,28.0,294.0,900.0,3,0,1,0,1,1,0,0,0,1,0,0,0,0,172.72,190.5,135.0,0.0,0.0,0.34,0.42,0.0,0.0,1.0,0.0,0.0,0.0,97.0,33.0,88.0,37.0,97.0,33.0,88.0,37.0,0.0,0.0,1.0,0.0,73.0,20.0,72.0,27.0,7.0,3.0,8.0,3.0,17.0,10.0,8.0,7.0,97.0,33.0,86.0,35.0,0.0,0.0,2.0,2.0,0.0,0.0,0.0,0.0,41.0,3.0,438.0,2,0,1,0,1,1,0,0,0,0,0,0,1,0,167.64,175.26,140.0,30.0,25.0,1,0,0,0,0,0,0,0,0,0,0,0,0,0,0,0,0,1,0,0,1,0,0,0
Red,False,0.015625,0.0,0.45,0.4275,0.25,0.2,0.148468017578125,0.098388671875,0.0,0.0,66.5,29.6875,64.31230545043945,27.34375,89.75,48.0,85.53125,44.41152191162109,2.0,0.75,2.0546875,0.75,51.1875,18.3359375,49.6123046875,16.280410766601562,7.5,5.07647705078125,7.5,5.0,4.5,3.625,4.984375,3.9375,48.6875,17.0,47.11572265625,16.5,5.75,3.75,5.3125,3.4375,5.0625,3.5,3.875,2.5,99.2119140625,94.125,638.5,0,0,0,0,0,0,0,0,0,0,0,0,0,0,190.5,200.66,185.0,0.26806640625,0.8125,0.4987036132812499,0.5714477539062499,0.01030029296875,0.21930419921875,0.0166015625,0.265869140625,0.031982421875,0.0,79.301513671875,39.128173828125,91.518798828125,53.92333984375,80.072509765625,39.896484375,99.164306640625,60.899169921875,0.554443359375,0.013671875,1.0634765625,0.427001953125,63.009765625,27.50537109375,66.45263671875,32.959716796875,10.151611328125,6.079345703125,21.64990234375,17.69580078125,6.14013671875,5.54345703125,3.416259765625,3.267822265625,73.842041015625,34.878662109375,69.4189453125,39.431640625,2.1826171875,2.139892578125,12.049072265625,8.37744140625,3.27685546875,2.109619140625,10.05078125,6.1142578125,5.872802734375,62.0791015625,420.982421875,26,1,0,2,3,6,7,0,0,0,1,3,0,2,182.88,200.66,185.0,27.0,34.0,0,0,0,0,0,0,0,1,0,0,0,0,0,0,0,1,0,0,0,0,1,0,0,0
Blue,False,0.0,0.0,0.475,0.23,0.165,0.0,0.5,0.0,0.0,0.0,79.0,34.5,26.5,7.0,162.5,111.0,38.0,15.0,2.5,0.5,0.0,0.0,34.5,14.5,18.5,2.5,30.5,10.0,4.0,2.5,14.0,10.0,4.0,2.0,68.5,26.0,23.0,5.0,1.5,1.0,0.0,0.0,9.0,7.5,3.5,2.0,222.5,241.5,900.0,6,1,2,0,2,2,0,0,0,0,2,0,0,0,177.8,177.8,145.0,0.5080568194389343,0.25,0.3815230923891067,0.4391264808177947,0.0209048867225647,0.152824866771698,0.016308307647705,2.86102294921875e-06,1.52587890625e-05,0.035161018371582,79.75392961502075,36.01547634601593,214.35282170772552,90.60416865348816,95.05987113714218,49.82897645235062,241.0124982595444,114.16814875602722,0.3105581402778625,0.0709123611450195,1.3307794332504272,0.5147083401679993,72.68173485994339,30.274615466594696,158.54202717542648,57.17786985635757,7.006002604961395,5.694203078746796,25.07137429714203,12.305123686790466,0.0661921501159668,0.0466578006744384,30.739420235157013,21.12117511034012,71.6073282957077,30.75810533761978,187.34121185541156,75.7503634095192,3.9016427397727966,3.102537333965301,7.178576350212097,3.059295535087585,4.244958579540253,2.154833674430847,19.833033502101895,11.794509708881378,76.21948683261871,104.91673511266708,747.7454457879066,73,11,3,0,3,12,13,0,0,0,1,6,4,1,175.26,177.8,155.0,33.0,40.0,0,0,0,0,0,0,1,0,0,0,0,0,0,0,0,0,0,1,0,0,1,0,0,0
Red,False,1.28125,0.0,0.5146875,0.3896874999999999,0.65625,0.190625,0.375,0.03125,0.125,0.5,77.875,40.75,44.0625,18.90625,108.53125,68.8125,71.03125,43.8125,1.0,0.9375,3.125,0.90625,64.6875,28.90625,30.34375,10.5,10.125,9.1875,6.75,2.9375,3.0625,2.65625,6.96875,5.46875,48.90625,20.34375,35.9375,13.9375,10.875,8.25,4.75,3.125,18.09375,12.15625,3.375,1.84375,126.875,158.125,544.5625,14,0,1,0,3,4,2,0,0,0,0,3,1,0,180.34,185.42,170.0,1.0,0.0,0.42,0.375,0.5,0.75,0.0,0.0,0.0,0.0,100.0,42.5,102.5,38.5,101.0,43.5,113.5,49.0,0.5,0.5,1.5,1.0,78.0,27.0,69.0,15.5,12.5,8.5,8.5,5.0,9.5,7.0,25.0,18.0,93.0,38.5,95.5,33.5,3.0,1.5,1.5,0.5,4.0,2.5,5.5,4.5,17.0,135.5,728.5,5,0,2,0,2,2,0,0,0,0,1,1,0,0,187.96,193.04,170.0,34.0,31.0,0,0,0,0,0,0,0,0,0,1,0,0,0,0,0,1,0,0,0,0,1,0,0,0
Blue,False,0.0,0.0,0.44,0.47,1.0,0.35,0.0,0.0,0.0,0.0,94.0,42.0,53.0,25.0,107.0,55.0,75.0,44.0,2.0,2.0,20.0,7.0,76.0,27.0,31.0,7.0,15.0,13.0,14.0,10.0,3.0,2.0,8.0,8.0,66.0,23.0,44.0,18.0,23.0,16.0,8.0,7.0,5.0,3.0,1.0,0.0,45.0,337.0,900.0,3,0,0,1,0,0,1,0,0,0,0,0,0,0,177.8,190.5,135.0,0.125,1.0,0.40875,0.4343749999999999,0.288125,0.075,0.1875,0.625,0.125,0.0,139.5625,59.125,190.1875,86.4375,164.0625,80.875,200.75,96.6875,4.3125,0.9375,1.8125,0.1875,115.4375,46.0625,141.0,55.875,16.5625,7.4375,37.9375,23.625,7.5625,5.625,11.25,6.9375,130.0,51.0625,172.875,74.375,5.8125,4.6875,12.3125,9.0625,3.75,3.375,5.0,3.0,126.125,80.75,754.25,11,0,1,0,2,3,2,0,0,0,1,1,1,0,167.64,167.64,145.0,26.0,32.0,1,0,0,0,0,0,0,0,0,0,0,0,0,0,0,0,0,1,0,0,0,0,0,1
Red,False,0.015625,0.0,0.45,0.4275,0.25,0.2,0.148468017578125,0.098388671875,0.0,0.0,66.5,29.6875,64.31230545043945,27.34375,89.75,48.0,85.53125,44.41152191162109,2.0,0.75,2.0546875,0.75,51.1875,18.3359375,49.6123046875,16.280410766601562,7.5,5.07647705078125,7.5,5.0,4.5,3.625,4.984375,3.9375,48.6875,17.0,47.11572265625,16.5,5.75,3.75,5.3125,3.4375,5.0625,3.5,3.875,2.5,99.2119140625,94.125,638.5,0,0,0,0,0,0,0,0,0,0,0,0,0,0,185.42,193.04,170.0,0.75,0.625,0.384375,0.4915625,0.16625,0.543125,0.53125,0.5,0.0625,0.0625,36.4375,14.84375,39.46875,20.375,58.4375,33.8125,51.0625,31.34375,2.28125,0.625,1.03125,0.6875,28.90625,10.4375,29.0625,13.09375,5.125,2.09375,6.34375,4.34375,2.40625,2.3125,4.0625,2.9375,23.65625,8.6875,25.75,9.40625,1.28125,0.6875,6.875,5.84375,11.5,5.46875,6.84375,5.125,172.15625,84.375,419.625,13,0,1,0,1,3,3,0,0,2,0,1,0,0,180.34,182.88,170.0,34.0,31.0,0,0,0,0,0,0,0,0,0,1,0,0,0,0,0,0,0,0,1,0,1,0,0,0
Blue,False,0.0019569396972656,6.103515625e-05,0.4712672138214111,0.3666455936431885,0.4413839530944824,0.032196922302246,1.141310691833496,0.0488700866699218,0.1250076293945312,0.109375,41.64123821258545,19.73391342163086,54.7943115234375,16.781851768493652,43.70202445983887,21.62378215789795,57.35763072967529,19.284242630004883,2.761935234069824,1.514028549194336,0.303924560546875,0.0371503829956054,24.78349781036377,9.196063041687012,44.49546432495117,11.813873291015623,8.334389686584473,4.206311225891113,7.987958908081055,3.162266731262207,8.523350715637207,6.331539154052734,2.310888290405273,1.8057117462158203,37.012715339660645,17.217363357543945,46.50880146026611,11.341864585876465,2.398806571960449,0.9171638488769532,2.316859245300293,1.282146453857422,2.2297163009643555,1.599386215209961,5.968650817871094,4.157840728759766,81.12278747558594,49.62690734863281,392.3579635620117,39,0,2,0,4,12,9,0,0,0,1,0,11,0,177.8,187.96,155.0,5.21540641784668e-07,0.2501220703125,0.5423189563117922,0.43162951156497,0.6874285991676152,0.1948997695930302,0.6112003419548273,0.0090962145477533,0.0012360233813524,0.0312652699649333,41.13257676549256,20.708768848329782,52.99633490666747,25.531421372666955,47.68674453534186,26.8476407751441,59.42005156353116,31.2220929376781,2.172260046005249,1.0363148469477892,0.3988093249499798,0.3111193235963583,30.235313383862376,12.012745302170517,42.04109993204474,16.53505603969097,5.465718328952789,4.362778479233384,7.679228564724326,6.5073196440935135,5.431545052677393,4.333245066925883,3.2760064098984003,2.48904568888247,31.83897143788636,14.005571054294704,45.22685041837394,20.16375590860844,3.0734446309506893,2.1198258213698864,3.748235983774066,2.641876148059964,6.220160696655512,4.583371972665191,4.021248504519463,2.7257893159985542,50.63216668181121,63.55103457532823,310.9954433646053,70,0,2,0,7,18,12,0,0,2,6,3,7,0,172.72,180.34,155.0,29.0,35.0,0,0,0,0,0,0,1,0,0,0,0,0,0,0,0,1,0,0,0,0,0,0,1,0
Blue,False,0.64453125,0.0,0.395517578125,0.389052734375,0.02990234375,0.201435546875,0.01953125,0.5166015625,0.0,0.0,111.5576171875,37.029296875,188.244140625,82.287109375,113.0263671875,38.46484375,212.8603515625,101.884765625,1.875,0.078125,7.7294921875,3.0107421875,90.2890625,22.9970703125,175.4013671875,72.6416015625,14.453125,8.095703125,8.3701171875,5.5087890625,6.8154296875,5.9365234375,4.47265625,4.13671875,108.87890625,35.1015625,161.4619140625,64.4853515625,1.583984375,1.0849609375,1.0888671875,0.1318359375,1.0947265625,0.8427734375,25.693359375,17.669921875,6.6181640625,321.4501953125,952.3544921875,28,2,0,1,5,8,3,0,0,1,3,4,0,0,177.8,177.8,155.0,0.0,0.004150390625,0.55489501953125,0.4840576171874999,0.51341064453125,0.0054443359375,0.26318359375,0.59521484375,0.000244140625,0.0,159.92822265625,90.1123046875,86.12158203125,42.519775390625,219.780029296875,143.335205078125,95.080078125,51.372314453125,6.98681640625,3.188720703125,0.693115234375,0.014892578125,151.562255859375,83.375732421875,62.65869140625,25.37060546875,7.59033203125,5.9609375,17.467529296875,12.436279296875,0.775634765625,0.775634765625,5.995361328125,4.712890625,88.08837890625,33.396484375,77.989990234375,35.65234375,0.832763671875,0.557861328125,2.089599609375,1.904541015625,71.007080078125,56.157958984375,6.0419921875,4.962890625,576.847412109375,12.61572265625,976.5,31,1,0,1,5,10,3,0,0,1,3,1,4,1,175.26,195.58,170.0,31.0,26.0,0,0,0,0,0,0,1,0,0,0,0,0,0,0,0,1,0,0,0,0,1,0,0,0
Blue,False,0.0,0.0,0.515,0.3662499999999999,0.3725,0.24875,0.0,0.0,0.0,0.125,97.625,50.625,120.375,45.0,125.875,75.0,142.125,64.125,4.875,1.625,3.5,1.0,67.875,24.875,73.125,15.375,15.0,13.5,27.125,13.875,14.75,12.25,20.125,15.75,76.0,33.625,106.375,35.125,19.375,15.75,13.5,9.375,2.25,1.25,0.5,0.5,203.75,67.875,900.0,12,0,2,0,2,3,1,0,0,1,2,0,0,0,175.26,177.8,155.0,0.00390625,0.375,0.5002734375,0.4044921875,0.1903125,0.7030078125,0.00390625,0.25,0.5078125,0.5,182.75,92.0234375,167.00390625,68.5859375,203.671875,110.68359375,172.8671875,74.33984375,4.14453125,0.77734375,2.0703125,1.53125,122.65234375,44.87109375,136.578125,48.15625,39.23046875,29.56640625,19.51171875,12.31640625,20.8671875,17.5859375,10.9140625,8.11328125,141.3203125,57.55078125,149.11328125,57.6171875,29.26953125,25.34765625,7.37109375,4.08984375,12.16015625,9.125,10.51953125,6.87890625,152.61328125,79.30859375,851.80859375,23,0,4,0,4,5,4,0,0,1,2,1,1,0,177.8,180.34,155.0,30.0,32.0,0,0,0,0,0,0,1,0,0,0,0,0,0,0,0,1,0,0,0,0,1,0,0,0
Red,False,1.31640625,0.0,0.5660742187500001,0.4483984375,0.085078125,0.13810546875,0.640625,0.130859375,0.03515625,0.125,46.4296875,25.431640625,40.689453125,17.072265625,48.9296875,27.654296875,45.154296875,20.80078125,0.4609375,0.2578125,2.181640625,0.404296875,32.3671875,14.34765625,26.6796875,8.19140625,5.0703125,3.89453125,4.388671875,2.751953125,8.9921875,7.189453125,9.62109375,6.12890625,44.189453125,23.427734375,39.19921875,16.041015625,0.298828125,0.13671875,1.31640625,0.873046875,1.94140625,1.8671875,0.173828125,0.158203125,39.640625,20.21875,270.1796875,20,0,1,0,4,7,3,0,0,0,0,5,2,0,182.88,190.5,155.0,0.126434326171875,0.000518798828125,0.4185700988769531,0.5104507446289062,0.0728201293945312,0.2989700317382812,0.000244140625,0.0168495178222656,0.0,0.0,98.99177551269533,42.69175338745117,196.0649757385254,105.1623077392578,106.46126937866212,49.81694793701172,265.40941619873047,167.27135467529297,0.6252670288085938,0.0937652587890625,8.457862854003906,3.0042457580566406,66.22147750854492,18.99336242675781,184.60415649414065,96.4216194152832,22.914871215820312,16.033145904541016,7.685230255126953,5.357799530029297,9.855426788330078,7.665245056152344,3.775588989257813,3.3828887939453125,95.67710876464844,39.7459602355957,115.11416625976562,42.06724548339844,1.541156768798828,1.5020675659179688,1.5452308654785156,0.9690399169921876,1.7735099792480469,1.4437255859375,79.40557861328125,62.12602233886719,9.597576141357422,609.5211639404297,1063.0463790893557,48,0,4,0,4,13,6,0,1,1,5,6,0,0,180.34,190.5,145.0,28.0,32.0,0,0,0,0,0,0,1,0,0,0,0,0,0,0,0,0,0,0,1,0,1,0,0,0
Red,False,0.0078125,0.00634765625,0.3344677734375,0.4075097656249999,0.0420117187499999,0.354912109375,0.00537109375,0.00830078125,0.01611328125,0.00830078125,126.193359375,44.5380859375,92.384765625,33.197265625,165.2265625,81.2802734375,154.17822265625,84.64013671875,0.4541015625,0.12255859375,7.43017578125,2.18310546875,114.025390625,37.3818359375,71.63427734375,20.810546875,7.6533203125,3.96533203125,11.73681640625,5.87451171875,4.5146484375,3.19091796875,9.013671875,6.51220703125,119.97607421875,41.14306640625,84.51318359375,28.3271484375,2.8408203125,2.66552734375,2.99560546875,1.201171875,3.37646484375,0.7294921875,4.8759765625,3.6689453125,11.431640625,399.84912109375,935.51318359375,37,0,1,0,4,8,4,0,0,1,7,0,0,0,167.64,175.26,125.0,0.546875,0.0,0.280078125,0.38359375,0.1465624999999999,0.578125,0.21875,0.125,0.0,0.125,115.3515625,30.3125,99.046875,39.1328125,117.984375,32.84375,121.0,59.4921875,1.2421875,0.4140625,1.2890625,1.1484375,99.5859375,22.078125,77.15625,26.5859375,10.75,6.0078125,7.3515625,3.375,5.015625,2.2265625,14.5390625,9.171875,108.421875,24.984375,85.5078125,29.640625,4.75,3.6640625,1.1171875,0.6484375,2.1796875,1.6640625,12.421875,8.84375,28.8125,140.6328125,653.9375,15,0,2,0,2,5,3,0,0,0,0,4,1,0,172.72,180.34,135.0,25.0,31.0,1,0,0,0,0,0,0,0,0,0,0,0,0,0,0,1,0,0,0,0,1,0,0,0
Blue,False,0.0,0.25,0.515625,0.4440625,0.6925,0.19625,0.5,1.78125,0.0,0.0,49.96875,28.125,33.25,14.03125,61.03125,38.53125,39.0625,19.28125,2.375,1.71875,4.625,1.53125,38.40625,20.625,25.0625,8.34375,4.84375,2.75,4.21875,2.625,6.71875,4.75,3.96875,3.0625,27.9375,11.03125,22.78125,8.34375,2.28125,1.9375,2.9375,1.90625,19.75,15.15625,7.53125,3.78125,103.0625,237.0625,517.59375,11,0,1,0,2,4,2,0,0,0,1,3,0,0,185.42,195.58,185.0,0.25,0.5,0.4706249999999999,0.45375,0.42125,0.675,1.125,1.25,0.75,0.0,79.375,37.4375,50.375,23.75,109.875,63.5625,69.1875,39.375,3.125,1.875,1.875,0.875,72.125,31.5625,44.25,18.5625,6.1875,4.8125,3.6875,2.9375,1.0625,1.0625,2.4375,2.25,46.25,14.3125,34.1875,14.5,15.4375,10.9375,4.25,2.125,17.6875,12.1875,11.9375,7.125,93.3125,179.4375,481.625,8,0,2,0,2,4,1,0,0,0,0,1,3,0,185.42,195.58,185.0,30.0,30.0,0,0,0,0,0,0,0,1,0,0,0,0,0,0,0,1,0,0,0,0,0,0,1,0
Blue,False,0.125,0.0,0.42625,0.3874999999999999,0.0,0.26125,0.25,0.0,0.0,0.0,106.75,39.375,129.625,44.0,122.25,51.125,143.125,57.0,0.125,0.0,5.625,1.875,90.25,27.625,99.0,22.75,13.0,9.125,15.5,10.625,3.5,2.625,15.125,10.625,96.375,34.875,118.75,36.25,5.0,1.875,9.875,7.25,5.375,2.625,1.0,0.5,31.75,115.0,791.75,10,0,3,0,3,3,1,0,0,2,0,1,0,0,172.72,175.26,155.0,0.0,0.5,0.4925,0.365,0.235,0.0,0.0,0.25,0.0,0.0,91.25,46.0,76.0,26.5,125.25,73.5,78.5,28.75,3.75,1.5,0.75,0.0,81.75,40.5,65.25,20.5,6.5,3.5,7.5,3.0,3.0,2.0,3.25,3.0,52.75,18.0,66.75,18.0,5.0,3.75,1.25,0.5,33.5,24.25,8.0,8.0,161.0,18.25,425.0,6,0,2,0,2,2,1,0,0,0,1,1,0,0,175.26,172.72,145.0,29.0,30.0,0,0,0,0,0,0,1,0,0,0,0,0,0,0,0,0,0,1,0,0,1,0,0,0
Blue,False,0.046875,0.0,0.309921875,0.454140625,0.029296875,0.4857421875,0.6640625,0.015625,0.00390625,0.00390625,89.859375,27.67578125,66.33984375,28.65234375,110.59765625,47.25,68.046875,30.328125,0.4375,0.11328125,5.07421875,1.88671875,70.6484375,15.734375,50.9765625,18.578125,13.44921875,7.27734375,7.1953125,4.78125,5.76171875,4.6640625,8.16796875,5.29296875,78.1640625,19.4296875,63.3203125,27.45703125,10.75,7.56640625,2.7578125,1.08984375,0.9453125,0.6796875,0.26171875,0.10546875,87.86328125,85.01953125,677.16796875,19,0,2,0,2,6,3,0,0,0,2,1,3,0,182.88,190.5,185.0,0.3125,0.01953125,0.5401171875,0.519296875,0.3328125,0.066796875,0.14453125,0.345703125,0.015625,0.0,80.83984375,42.74609375,103.796875,52.533203125,126.55078125,84.544921875,145.40234375,92.365234375,8.033203125,2.80078125,0.14453125,0.076171875,52.615234375,18.94921875,70.79296875,28.078125,20.62890625,17.333984375,27.912109375,19.98828125,7.595703125,6.462890625,5.091796875,4.466796875,41.630859375,14.0078125,54.591796875,20.201171875,22.994140625,17.3203125,46.525390625,30.46484375,16.21484375,11.41796875,2.6796875,1.8671875,411.5625,130.349609375,883.08203125,26,0,0,1,2,5,5,0,0,1,4,0,0,0,190.5,190.5,185.0,34.0,37.0,0,0,0,0,0,0,0,1,0,0,0,0,0,0,0,0,0,1,0,0,1,0,0,0
Red,False,0.015625,0.0,0.45,0.4275,0.25,0.2,0.148468017578125,0.098388671875,0.0,0.0,66.5,29.6875,64.31230545043945,27.34375,89.75,48.0,85.53125,44.41152191162109,2.0,0.75,2.0546875,0.75,51.1875,18.3359375,49.6123046875,16.280410766601562,7.5,5.07647705078125,7.5,5.0,4.5,3.625,4.984375,3.9375,48.6875,17.0,47.11572265625,16.5,5.75,3.75,5.3125,3.4375,5.0625,3.5,3.875,2.5,99.2119140625,94.125,638.5,0,0,0,0,0,0,0,0,0,0,0,0,0,0,177.8,185.42,145.0,0.0,0.0,0.61,0.175,0.535,0.0,0.0,0.0,0.0,0.0,70.0,30.0,101.0,36.0,74.0,32.5,108.5,43.5,7.0,1.0,0.0,0.0,52.5,20.0,92.5,30.0,8.5,3.0,8.0,5.5,9.0,7.0,0.5,0.5,52.0,17.5,92.5,30.5,7.0,2.0,7.0,4.0,11.0,10.5,1.5,1.5,54.0,22.0,475.0,4,0,0,1,1,1,1,0,0,0,0,1,0,0,170.18,180.34,145.0,28.0,27.0,0,0,1,0,0,0,0,0,0,0,0,0,0,0,0,0,0,1,0,0,1,0,0,0
Blue,False,0.0,0.0,0.6,0.78,0.0,0.63,0.0,0.0,0.0,0.0,66.0,40.0,64.0,50.0,95.0,66.0,200.0,167.0,0.0,0.0,11.0,7.0,39.0,17.0,38.0,30.0,23.0,21.0,16.0,12.0,4.0,2.0,10.0,8.0,35.0,11.0,24.0,17.0,29.0,27.0,24.0,19.0,2.0,2.0,16.0,14.0,38.0,685.0,900.0,3,0,0,1,0,0,1,0,0,0,0,0,0,0,193.04,208.28,205.0,0.0,0.0,0.59,0.56,0.0,0.29,0.0,0.0,0.0,0.0,95.75,43.75,85.75,45.5,103.5,51.0,169.0,116.75,0.0,0.0,9.75,3.0,87.5,36.75,69.0,30.75,5.5,4.25,7.5,6.0,2.75,2.75,9.25,8.75,81.75,34.0,74.5,37.0,13.0,8.75,4.5,2.75,1.0,1.0,6.75,5.75,5.0,337.25,675.0,7,0,1,0,1,1,2,0,0,0,0,1,0,0,190.5,193.04,205.0,30.0,31.0,0,0,0,0,0,1,0,0,0,0,0,0,0,0,0,0,0,1,0,0,1,0,0,0
Blue,False,0.015625,0.0,0.45,0.4275,0.25,0.2,0.148468017578125,0.098388671875,0.0,0.0,66.5,29.6875,64.31230545043945,27.34375,89.75,48.0,85.53125,44.41152191162109,2.0,0.75,2.0546875,0.75,51.1875,18.3359375,49.6123046875,16.280410766601562,7.5,5.07647705078125,7.5,5.0,4.5,3.625,4.984375,3.9375,48.6875,17.0,47.11572265625,16.5,5.75,3.75,5.3125,3.4375,5.0625,3.5,3.875,2.5,99.2119140625,94.125,638.5,0,0,0,0,0,0,0,0,0,0,0,0,0,0,195.58,203.2,265.0,0.0,0.25,0.3675,0.5725,0.375,0.0,1.0,0.0,0.0,0.0,67.0,30.0,62.5,33.25,93.0,50.5,63.75,34.0,3.75,1.5,0.5,0.0,60.75,24.5,57.5,29.5,4.25,3.75,4.5,3.25,2.0,1.75,0.5,0.5,48.75,15.5,50.0,24.75,7.25,5.5,11.5,7.75,11.0,9.0,1.0,0.75,205.0,5.5,413.75,5,0,0,2,1,1,2,0,0,0,0,1,0,0,190.5,203.2,250.0,26.0,39.0,0,0,0,0,1,0,0,0,0,0,0,0,0,0,0,1,0,0,0,0,1,0,0,0
Blue,False,0.03125,0.515625,0.6187109375,0.5686914062499999,0.3310546875,0.03125,0.421875,0.0625,0.125,0.0625,16.11328125,9.529296875,29.255859375,16.6875,21.154296875,14.181640625,40.95703125,26.658203125,0.896484375,0.595703125,0.5234375,0.140625,14.080078125,8.001953125,21.23828125,10.306640625,1.451171875,0.9765625,4.755859375,3.216796875,0.58203125,0.55078125,3.26171875,3.1640625,12.5234375,6.203125,22.904296875,11.484375,0.509765625,0.33984375,1.412109375,1.091796875,3.080078125,2.986328125,4.939453125,4.111328125,91.03515625,43.640625,282.34765625,21,0,4,0,4,7,3,0,0,0,1,0,6,0,180.34,182.88,170.0,0.3291015625,0.25,0.57853271484375,0.5444165039062501,0.3251806640625,0.39609375,0.352783203125,0.25244140625,0.0,0.37646484375,34.050537109375,19.02685546875,27.332275390625,14.46630859375,40.52001953125,25.048095703125,37.107421875,23.6494140625,1.966064453125,1.245361328125,0.621337890625,0.42529296875,26.8642578125,13.930908203125,21.20703125,9.091064453125,6.2568359375,4.230224609375,3.64111328125,3.025146484375,0.929443359375,0.86572265625,2.484130859375,2.35009765625,21.598388671875,10.495849609375,20.677490234375,9.1708984375,4.676513671875,3.520263671875,2.7998046875,2.00390625,7.775634765625,5.0107421875,3.85498046875,3.29150390625,99.093505859375,74.593017578125,288.733642578125,28,0,0,1,3,9,4,0,0,0,2,4,3,0,180.34,193.04,170.0,30.0,30.0,0,0,0,0,0,0,0,0,0,1,0,0,0,0,0,0,0,0,1,0,1,0,0,0
Blue,False,0.0,0.0,0.441875,0.3725,0.15625,0.079375,0.375,0.0,0.0625,0.0625,163.0625,73.4375,113.4375,46.6875,177.6875,85.625,123.625,55.875,0.5625,0.1875,6.5,0.75,118.5,38.375,91.9375,32.0625,18.25,11.5625,11.25,6.9375,26.3125,23.5,10.25,7.6875,146.9375,64.3125,102.0625,39.125,8.9375,4.5,5.0625,4.0625,7.1875,4.625,6.3125,3.5,101.125,186.6875,889.875,15,0,0,2,3,3,2,0,0,0,2,0,1,0,165.1,162.56,115.0,0.03125,0.0078125,0.4025,0.42625,0.55984375,0.4081249999999999,1.2109375,0.0,0.0,0.0,73.640625,31.0859375,135.96875,66.3671875,107.921875,60.9765625,260.3125,175.5625,5.515625,2.78125,3.921875,2.03125,68.2578125,28.1640625,107.5703125,42.9921875,4.9765625,2.703125,18.375,15.8203125,0.40625,0.21875,10.0234375,7.5546875,62.3671875,24.234375,87.828125,33.15625,6.578125,3.9453125,14.7734375,9.625,4.6953125,2.90625,33.3671875,23.5859375,210.6015625,241.5390625,829.125,24,1,1,0,2,5,3,0,0,1,3,0,1,0,162.56,160.02,115.0,33.0,30.0,0,0,0,0,0,0,0,0,0,0,0,0,0,1,0,1,0,0,0,0,1,0,0,0
Blue,False,0.375,1.03125,0.4509375,0.505390625,0.3684375,0.1225,0.0546875,0.5,0.0,0.0,52.83203125,23.55078125,57.84375,26.65234375,57.14453125,26.90625,59.5859375,27.72265625,1.94140625,0.90234375,0.75390625,0.46875,39.55859375,13.52734375,40.15625,13.21875,5.97265625,4.6484375,8.36328125,5.49609375,7.30078125,5.375,9.32421875,7.9375,47.53125,20.6875,53.73828125,23.6953125,2.6640625,1.5390625,1.33203125,0.85546875,2.63671875,1.32421875,2.7734375,2.1015625,40.70703125,24.51171875,329.06640625,19,0,3,0,3,6,3,0,0,0,1,2,3,0,177.8,180.34,170.0,0.25390625,0.0625,0.5976953125,0.4044140625,0.2576171875,0.201953125,0.599609375,0.1328125,0.0625,0.671875,33.640625,19.44140625,58.96484375,26.228515625,48.8515625,33.76171875,97.015625,57.80859375,4.3671875,1.67578125,5.080078125,2.001953125,22.8203125,10.796875,43.021484375,16.947265625,7.89453125,6.40625,14.16015625,8.77734375,2.92578125,2.23828125,1.783203125,0.50390625,22.197265625,9.8203125,34.083984375,9.341796875,7.9140625,7.052734375,13.5,9.23828125,3.529296875,2.568359375,11.380859375,7.6484375,185.765625,264.05078125,655.484375,26,1,0,1,4,7,3,0,0,1,1,1,4,0,175.26,177.8,155.0,32.0,29.0,0,0,0,0,0,0,1,0,0,0,0,0,0,0,0,1,0,0,0,0,0,0,1,0
Red,True,0.0009765625,0.140625,0.368837890625,0.391728515625,0.0390625,0.1443359375,0.0,0.0009765625,0.0,0.0,220.3896484375,92.427734375,144.3818359375,53.3134765625,235.12109375,106.80078125,158.5654296875,66.8251953125,0.0625,0.046875,6.50390625,0.455078125,151.81640625,37.99609375,114.2548828125,34.34765625,36.251953125,25.8876953125,10.37109375,6.306640625,32.3212890625,28.5439453125,19.755859375,12.6591796875,194.888671875,74.732421875,136.66015625,48.05078125,25.41796875,17.6279296875,6.2197265625,4.169921875,0.0830078125,0.0673828125,1.501953125,1.0927734375,78.45703125,189.435546875,1029.869140625,40,8,8,0,8,9,2,0,0,1,6,2,0,0,167.64,165.1,115.0,0.0,0.0,0.6721874999999999,0.3459375,0.69625,0.105625,1.125,0.0625,0.03125,0.0,122.15625,74.4375,71.46875,31.3125,204.71875,153.25,87.1875,44.8125,2.25,1.59375,2.9375,0.71875,97.34375,55.71875,34.03125,7.59375,9.96875,7.65625,11.1875,7.1875,14.84375,11.0625,26.25,16.53125,69.65625,27.9375,64.6875,26.375,3.34375,2.34375,4.875,3.8125,49.15625,44.15625,1.90625,1.125,300.6875,107.375,878.625,20,1,1,0,2,4,2,0,0,1,1,0,2,0,165.1,167.64,125.0,31.0,30.0,0,0,0,0,0,0,0,0,0,0,0,0,1,0,0,1,0,0,0,0,0,0,1,0
Blue,False,0.0,0.015625,0.3601171875,0.410390625,0.46875,0.172109375,1.53125,0.4375,0.0,0.0,157.7421875,49.75,115.01171875,45.234375,174.6796875,64.2734375,128.12890625,56.23828125,2.03125,1.28125,1.44921875,0.4921875,128.51953125,29.859375,91.79296875,28.25,21.21484375,13.48828125,13.859375,9.8671875,8.0078125,6.40234375,9.359375,7.1171875,148.1015625,42.37109375,102.31640625,34.69140625,2.703125,1.94140625,6.7734375,5.55078125,6.9375,5.4375,5.921875,4.9921875,170.3203125,74.98046875,896.015625,26,0,0,2,2,3,6,0,0,1,1,0,0,1,167.64,167.64,125.0,0.0625,0.0,0.294375,0.35125,0.0,0.38375,0.25,0.0,0.0,0.0,214.0,65.3125,194.0625,69.3125,219.625,70.1875,203.5,77.625,1.6875,0.0,2.4375,1.0625,183.125,42.5,144.1875,31.5,21.1875,14.1875,12.5,7.375,9.6875,8.625,37.375,30.4375,209.9375,62.4375,188.75,65.375,3.875,2.75,4.6875,3.375,0.1875,0.125,0.625,0.5625,3.3125,68.125,900.0,15,0,1,0,3,4,1,0,0,1,3,0,0,0,175.26,172.72,125.0,32.0,29.0,0,0,0,0,0,0,0,0,0,0,0,0,1,0,0,1,0,0,0,0,1,0,0,0
Blue,False,0.166412353515625,0.134765625,0.5659933471679688,0.4629888916015625,0.609150390625,0.33040771484375,0.25,0.753997802734375,0.5625,0.0,127.96371459960938,74.71310424804688,52.3544921875,25.52133178710937,140.656005859375,86.7637939453125,67.4501953125,39.296722412109375,2.329254150390625,1.25830078125,5.76812744140625,3.11773681640625,97.01504516601562,49.13897705078125,44.375396728515625,19.67977905273437,22.94906616210937,17.816314697265625,6.07562255859375,4.046142578125,7.999603271484375,7.7578125,1.903472900390625,1.79541015625,60.10333251953125,29.052520751953125,37.9874267578125,13.718963623046877,25.80963134765625,23.88385009765625,4.9625244140625,3.39996337890625,42.05075073242188,21.7767333984375,9.404541015625,8.40240478515625,215.9520263671875,200.36624145507807,737.8106689453125,27,0,0,1,4,11,5,0,0,0,2,9,0,0,187.96,193.04,205.0,0.189453125,0.5390625,0.4195703125,0.4899023437499999,0.001953125,0.15689453125,0.064453125,0.0,0.0,0.0,63.212890625,23.099609375,109.62890625,54.908203125,63.998046875,23.787109375,125.1015625,69.716796875,1.240234375,0.005859375,3.70703125,0.69921875,44.37109375,9.78515625,97.1640625,45.005859375,13.072265625,9.634765625,8.9375,6.44140625,5.76953125,3.6796875,3.52734375,3.4609375,58.1796875,18.88671875,98.740234375,47.107421875,4.9609375,4.20703125,9.380859375,6.86328125,0.072265625,0.005859375,1.5078125,0.9375,14.451171875,109.080078125,543.54296875,19,0,3,0,3,6,4,0,0,0,1,3,0,2,185.42,200.66,205.0,34.0,38.0,0,0,0,0,0,1,0,0,0,0,0,0,0,0,0,1,0,0,0,0,1,0,0,0
Red,False,0.0625,0.0,0.2881249999999999,0.40125,0.083125,0.560625,0.0,0.0,0.0,0.0,138.125,38.4375,173.0625,72.3125,142.0,42.0,191.8125,88.5625,5.25,0.875,8.5625,3.875,122.625,29.125,145.1875,51.3125,11.8125,6.5,13.625,9.875,3.6875,2.8125,14.25,11.125,132.625,35.5,159.25,63.25,4.875,2.6875,4.9375,2.9375,0.625,0.25,8.875,6.125,81.9375,208.1875,900.0,15,0,0,1,1,2,3,0,0,1,1,0,0,0,170.18,177.8,145.0,0.0,0.5,0.72,0.365,0.0,0.0,0.0,0.5,0.0,0.0,86.5,39.0,36.5,12.5,89.5,41.5,36.5,12.5,0.5,0.0,2.0,0.0,54.5,14.5,35.5,12.0,9.0,4.0,1.0,0.5,23.0,20.5,0.0,0.0,81.0,36.5,35.5,12.0,5.5,2.5,0.5,0.5,0.0,0.0,0.5,0.0,23.0,6.5,469.5,4,0,0,1,1,1,1,0,0,0,1,0,0,0,172.72,185.42,145.0,31.0,27.0,0,0,1,0,0,0,0,0,0,0,0,0,0,0,0,1,0,0,0,0,1,0,0,0
Red,False,0.5625,0.0,0.4831249999999999,0.5575,0.39625,0.625,0.5,0.0625,0.0,0.5,77.0,36.875,123.4375,71.25,83.0,42.1875,135.5,82.25,7.0,3.5625,2.125,1.125,66.4375,28.0,87.3125,43.25,9.8125,8.1875,24.875,17.625,0.75,0.6875,11.25,10.375,56.875,22.625,81.6875,37.875,10.6875,7.125,27.9375,25.25,9.4375,7.125,13.8125,8.125,255.0,98.9375,925.125,15,0,2,0,2,3,2,0,0,0,1,2,0,0,185.42,190.5,185.0,0.0,0.0,0.483359375,0.4416015625,0.078671875,0.28984375,0.0,0.375,0.375,0.125,156.57421875,76.9765625,85.01953125,37.36328125,200.609375,118.9375,110.55859375,61.98828125,1.5234375,0.4921875,8.0703125,2.3515625,92.39453125,34.90234375,62.39453125,19.39453125,43.28125,26.96484375,17.52734375,13.35546875,20.8984375,15.109375,5.09765625,4.61328125,105.9140625,43.5625,55.01171875,17.03125,47.58203125,31.05859375,27.4765625,18.80078125,3.078125,2.35546875,2.53125,1.53125,188.73828125,173.07421875,895.99609375,25,1,3,0,3,7,2,0,0,0,5,2,0,0,185.42,190.5,185.0,31.0,30.0,0,0,0,0,0,0,0,1,0,0,0,0,0,0,0,0,0,1,0,0,1,0,0,0
Red,False,0.0,0.3125,0.54875,0.430625,0.511875,0.046875,1.1875,0.1875,0.125,0.0,53.875,27.625,100.0625,39.9375,64.125,37.3125,126.8125,63.9375,5.0625,2.25,1.125,0.25,42.5,18.0625,79.4375,24.0,9.0,7.25,8.0,6.25,2.375,2.3125,12.625,9.6875,45.125,20.25,92.75,34.875,0.75,0.6875,4.8125,3.25,8.0,6.6875,2.5,1.8125,152.375,50.6875,570.5625,12,0,0,1,2,2,3,0,0,0,1,1,0,0,170.18,175.26,135.0,0.0,0.0,0.63,0.21,0.28,0.0,0.0,0.0,0.0,0.0,111.0,71.0,64.0,14.0,167.0,117.0,68.0,18.0,7.0,2.0,1.0,0.0,74.0,42.0,55.0,8.0,13.0,8.0,8.0,5.0,24.0,21.0,1.0,1.0,81.0,50.0,60.0,13.0,0.0,0.0,3.0,1.0,30.0,21.0,1.0,0.0,499.0,0.0,900.0,3,1,1,0,1,1,0,0,0,0,1,0,0,0,167.64,162.56,135.0,31.0,26.0,1,0,0,0,0,0,0,0,0,0,0,0,0,0,0,0,0,1,0,0,1,0,0,0
Red,False,0.015625,0.0,0.45,0.4275,0.25,0.2,0.148468017578125,0.098388671875,0.0,0.0,66.5,29.6875,64.31230545043945,27.34375,89.75,48.0,85.53125,44.41152191162109,2.0,0.75,2.0546875,0.75,51.1875,18.3359375,49.6123046875,16.280410766601562,7.5,5.07647705078125,7.5,5.0,4.5,3.625,4.984375,3.9375,48.6875,17.0,47.11572265625,16.5,5.75,3.75,5.3125,3.4375,5.0625,3.5,3.875,2.5,99.2119140625,94.125,638.5,0,0,0,0,0,0,0,0,0,0,0,0,0,0,180.34,180.34,155.0,0.53125,0.25,0.4365624999999999,0.4846875,0.03125,0.096875,0.09375,0.0,0.28125,0.0,82.8125,35.5625,44.15625,21.875,101.90625,52.25,48.5,25.65625,1.59375,0.03125,2.25,0.5,69.375,26.34375,38.28125,17.84375,9.84375,5.90625,4.28125,2.625,3.59375,3.3125,1.59375,1.40625,69.21875,23.6875,38.59375,18.96875,3.96875,2.28125,2.65625,1.5625,9.625,9.59375,2.90625,1.34375,81.03125,53.03125,382.46875,11,0,2,0,2,4,2,0,0,0,1,2,1,0,175.26,187.96,155.0,27.0,33.0,0,0,0,0,0,0,1,0,0,0,0,0,0,0,0,0,0,0,1,0,1,0,0,0
Red,True,0.578125,0.0625,0.3234375,0.43203125,0.00515625,0.1540625,0.734375,0.0,0.015625,0.0,99.921875,32.09375,111.265625,48.453125,100.828125,32.484375,114.171875,50.5625,0.578125,0.015625,1.40625,0.40625,89.609375,24.0625,86.84375,27.765625,8.609375,6.453125,15.34375,12.1875,1.703125,1.578125,9.078125,8.5,92.796875,26.5,108.671875,46.828125,5.71875,4.3125,2.046875,1.28125,1.40625,1.28125,0.546875,0.34375,13.921875,16.515625,456.484375,16,0,0,1,6,6,1,0,0,0,0,3,3,0,172.72,175.26,145.0,0.3774948120117187,0.0,0.4593795776367187,0.4809114837646484,0.16015625,0.0003658294677734,0.1494140625,2.288818359375e-05,0.0,0.0009765625,295.284782409668,134.2859115600586,143.1539077758789,70.11427307128906,308.3690185546875,145.57369995117188,145.54105377197266,72.18354797363281,0.28521728515625,0.28515625,1.565216064453125,0.0032577514648437,254.7364654541016,102.32752990722656,112.07688903808594,48.834510803222656,34.66558837890625,27.159423828125,21.69275665283203,12.617698669433594,5.882728576660156,4.798957824707031,9.384262084960938,8.662063598632812,255.43439483642575,104.2973175048828,139.47158813476562,67.53785705566406,13.202354431152344,11.47406005859375,3.5974349975585938,2.507919311523437,26.648033142089844,18.51453399658203,0.0848846435546875,0.0684967041015625,73.16144561767578,18.81847381591797,867.8837356567383,46,3,0,1,12,15,3,0,0,1,4,8,2,0,180.34,175.26,145.0,27.0,27.0,0,0,1,0,0,0,0,0,0,0,0,0,0,0,0,0,0,0,1,0,1,0,0,0
Blue,False,0.5,0.0,0.51,0.445,0.375,0.07,0.0,0.0,0.0,0.0,147.0,75.0,40.5,18.0,248.0,169.0,55.5,32.0,2.0,1.5,7.5,1.0,118.0,55.0,31.5,13.0,10.5,7.5,2.0,0.0,18.5,12.5,7.0,5.0,93.0,34.0,39.5,17.0,5.0,2.0,0.0,0.0,49.0,39.0,1.0,1.0,376.5,48.0,900.0,6,0,2,0,2,2,0,0,0,0,2,0,0,0,193.04,198.12,205.0,0.0625,0.0625,0.6268750000000001,0.62,0.45875,0.25,0.0625,0.5,0.0,0.0,63.5625,41.0625,59.0625,36.125,154.1875,120.1875,83.8125,58.4375,7.3125,4.125,0.625,0.25,41.75,24.375,35.5,15.8125,12.625,9.1875,18.3125,16.25,9.1875,7.5,5.25,4.0625,33.6875,16.5,35.375,14.8125,16.5,12.75,21.0625,18.75,13.375,11.8125,2.625,2.5625,434.6875,90.25,757.8125,12,0,0,1,2,3,2,0,0,0,3,0,0,0,182.88,190.5,205.0,26.0,28.0,0,0,0,0,0,1,0,0,0,0,0,0,0,0,0,1,0,0,0,0,1,0,0,0
Blue,False,0.25,0.28125,0.5709375,0.7090625,0.0234375,0.395,0.125,0.5,0.0,0.25,21.09375,10.03125,26.4375,17.21875,26.90625,14.96875,60.4375,46.8125,0.3125,0.1875,7.25,3.5,16.3125,7.125,24.5,15.875,3.625,1.78125,0.90625,0.5625,1.15625,1.125,1.03125,0.78125,14.6875,5.0,8.96875,3.125,1.84375,1.71875,1.0,0.875,4.5625,3.3125,16.46875,13.21875,20.78125,460.9375,585.28125,11,2,0,1,1,1,5,0,0,0,1,0,0,0,187.96,190.5,170.0,0.25,0.765625,0.455546875,0.3953125,0.3772265625,0.0034375,0.0,0.0,0.0,0.0078125,58.11328125,25.6953125,55.5546875,19.2421875,66.01953125,32.33984375,55.8203125,19.4453125,0.91015625,0.390625,0.09375,0.015625,45.83984375,15.359375,45.90625,12.8125,7.35546875,6.171875,3.9609375,2.19921875,4.91796875,4.1640625,5.6875,4.23046875,44.6484375,16.6640625,47.703125,14.33203125,3.2734375,2.83984375,0.78515625,0.73828125,10.19140625,6.19140625,7.06640625,4.171875,68.83203125,1.3046875,327.109375,19,1,3,0,3,6,3,0,0,1,2,3,0,0,177.8,180.34,170.0,29.0,32.0,0,0,0,0,0,0,0,0,0,1,0,0,0,0,0,1,0,0,0,0,1,0,0,0
Blue,False,0.75,0.0,0.6124999999999999,0.425,0.4375,0.0,0.0,0.0,0.0,0.0,88.25,56.5,106.5,47.25,116.75,83.25,134.25,74.25,2.0,1.25,0.0,0.0,79.5,49.25,73.5,22.25,7.0,6.0,23.0,16.75,1.75,1.25,10.0,8.25,66.5,40.0,93.75,37.25,8.5,5.0,12.25,9.5,13.25,11.5,0.5,0.5,141.5,71.0,713.25,7,0,3,0,3,3,0,0,0,0,2,1,0,0,185.42,198.12,264.0,0.2770538330078125,0.0654296875,0.3287760925292968,0.3124365234375,0.002239990234375,0.2964631652832031,3.0517578125e-05,0.500152587890625,0.0001220703125,0.0001220703125,42.40846252441406,16.057586669921875,64.60066223144531,27.563522338867188,49.40446472167969,22.827072143554688,88.90386962890625,49.1551513671875,0.0047760009765625,0.0031280517578125,6.780059814453125,3.1497344970703125,33.46534729003906,10.364501953125,53.2974853515625,19.430389404296875,4.47003173828125,1.881622314453125,6.2266998291015625,5.2550201416015625,4.47308349609375,3.81146240234375,5.07647705078125,2.87811279296875,39.9625244140625,13.759246826171877,47.56053161621094,13.091323852539062,2.1070556640625,1.9605255126953125,2.5530548095703125,1.8831329345703125,0.3388824462890625,0.3378143310546875,14.487075805664062,12.589065551757812,2.251708984375,197.29600524902344,583.8067016601562,43,1,0,1,4,8,9,0,0,0,1,7,0,0,177.8,182.88,265.0,31.0,44.0,0,0,0,0,1,0,0,0,0,0,0,0,0,0,0,0,0,1,0,0,1,0,0,0
Red,False,0.1875,0.5,0.380625,0.421875,0.25,0.3165624999999999,0.375,0.9375,0.125,0.1875,69.0625,25.8125,47.65625,22.125,80.53125,36.46875,63.625,37.53125,0.40625,0.25,3.625,1.34375,53.625,15.0625,42.96875,19.125,11.3125,7.4375,3.1875,2.0,4.125,3.3125,1.5,1.0,58.28125,16.46875,29.875,9.4375,9.5625,8.375,3.1875,0.59375,1.21875,0.96875,14.59375,12.09375,47.34375,155.75,526.75,11,0,2,0,2,4,2,0,0,0,1,1,2,0,165.1,165.1,125.0,0.0,0.2646484375,0.208857421875,0.510302734375,0.3203515625,0.32189453125,0.162109375,0.625,0.0087890625,1.1591796875,66.1396484375,12.6171875,93.048828125,48.2802734375,102.46484375,39.8046875,114.0146484375,67.232421875,10.1962890625,4.6376953125,0.9482421875,0.673828125,56.1064453125,6.283203125,75.83984375,33.498046875,4.458984375,1.240234375,12.6689453125,10.5185546875,5.57421875,5.09375,4.5400390625,4.263671875,64.587890625,11.6240234375,73.7646484375,34.4833984375,0.6455078125,0.326171875,6.748046875,4.751953125,0.90625,0.6669921875,12.5361328125,9.044921875,276.9560546875,55.357421875,727.453125,28,1,1,0,3,6,5,0,0,0,4,0,2,0,162.56,165.1,125.0,30.0,33.0,0,0,0,1,0,0,0,0,0,0,0,0,0,0,0,0,0,0,1,0,0,0,1,0
Blue,False,0.015625,0.0,0.45,0.4275,0.25,0.2,0.148468017578125,0.098388671875,0.0,0.0,66.5,29.6875,64.31230545043945,27.34375,89.75,48.0,85.53125,44.41152191162109,2.0,0.75,2.0546875,0.75,51.1875,18.3359375,49.6123046875,16.280410766601562,7.5,5.07647705078125,7.5,5.0,4.5,3.625,4.984375,3.9375,48.6875,17.0,47.11572265625,16.5,5.75,3.75,5.3125,3.4375,5.0625,3.5,3.875,2.5,99.2119140625,94.125,638.5,0,0,0,0,0,0,0,0,0,0,0,0,0,0,175.26,180.34,145.0,0.0471682548522949,0.0,0.45,0.4217682266235352,0.25,0.19173828125,0.1875,0.125,0.0,0.0,69.5,30.5,66.984375,27.8466796875,94.0,48.544921875,88.50390625,44.75,2.0,0.8125,2.015625,0.6640625,54.0,19.01513671875,51.483436584472656,16.9437255859375,7.91796875,5.430633544921875,7.75,5.0625,4.780975341796875,3.9373779296875,4.8994140625,3.84375,51.025390625,18.400863647460938,50.515625,17.5,5.75,3.75,5.5,3.5,5.375,3.6875,4.0,2.65625,104.865234375,89.5,655.8441009521484,0,0,0,0,0,0,0,0,0,0,0,0,0,0,172.72,182.88,145.0,25.0,26.0,0,0,1,0,0,0,0,0,0,0,0,0,0,0,0,1,0,0,0,0,1,0,0,0
Blue,False,0.0,0.0,0.28,0.32,0.5,0.0,0.0,0.0,0.0,0.0,153.0,44.0,175.0,56.0,166.0,56.0,175.0,56.0,2.0,1.0,0.0,0.0,133.0,32.0,116.0,19.0,8.0,5.0,22.0,11.0,12.0,7.0,37.0,26.0,141.0,40.0,173.0,56.0,12.0,4.0,2.0,0.0,0.0,0.0,0.0,0.0,0.0,48.0,900.0,3,0,1,0,1,1,0,0,0,0,1,0,0,0,172.72,177.8,170.0,0.0015869140625,0.1416015625,0.4526191711425781,0.3493766403198242,0.2867070007324219,0.0016877746582031,0.2503376007080078,0.3398456573486328,0.0,9.5367431640625e-06,19.96213722229004,11.366945266723633,26.213197708129883,12.816808700561523,48.65557861328125,36.73124694824219,35.44396209716797,21.156835556030277,7.35075569152832,3.276470184326172,0.3473186492919922,0.0078887939453125,18.106603622436523,9.763822555541992,20.05719947814941,8.723608016967773,0.9250049591064452,0.7976398468017578,4.581937789916992,2.6268444061279297,0.9305286407470704,0.8054828643798828,1.5740604400634766,1.4663562774658203,9.60002899169922,3.2152633666992188,18.54584312438965,7.132024765014648,0.6484222412109375,0.6082592010498047,5.175128936767578,3.278022766113281,9.713685989379885,7.543422698974609,2.492225646972656,2.4067611694335938,414.7365550994873,53.08875846862793,600.3717155456543,52,1,4,0,4,14,6,0,0,2,7,4,0,1,187.96,190.5,170.0,34.0,37.0,0,0,0,0,0,0,0,0,0,1,0,0,0,0,0,1,0,0,0,0,0,0,1,0
Blue,False,1.0,0.0,0.42974609375,0.42642578125,0.05056640625,0.1764453125,1.216796875,0.01171875,0.375,0.03125,95.0,40.77734375,80.25390625,33.69140625,107.85546875,51.34765625,87.642578125,39.796875,0.47265625,0.1640625,2.724609375,1.01171875,89.255859375,35.8515625,52.53125,13.15234375,2.94921875,2.4296875,19.11328125,13.705078125,2.794921875,2.49609375,8.609375,6.833984375,77.5546875,28.455078125,75.66796875,29.76953125,4.1015625,2.634765625,2.833984375,2.544921875,13.34375,9.6875,1.751953125,1.376953125,183.90625,78.876953125,771.37109375,26,0,0,2,3,6,4,0,0,0,3,1,2,0,182.88,185.42,170.0,0.5,0.0078125,0.5562304687499999,0.31044921875,0.7387109375,0.205625,0.78515625,0.318359375,0.125,0.501953125,52.7265625,27.01171875,53.072265625,19.173828125,68.5546875,41.345703125,78.341796875,38.427734375,3.181640625,1.708984375,1.162109375,0.296875,47.89453125,23.8046875,45.3828125,13.322265625,3.302734375,2.232421875,3.365234375,2.771484375,1.529296875,0.974609375,4.32421875,3.080078125,34.259765625,15.162109375,42.302734375,12.498046875,5.943359375,3.26171875,5.02734375,3.67578125,12.5234375,8.587890625,5.7421875,3.0,160.302734375,100.267578125,505.45703125,22,0,2,0,3,7,3,0,0,1,1,0,4,1,180.34,185.42,170.0,28.0,24.0,0,0,0,0,0,0,0,0,0,1,0,0,0,0,0,1,0,0,0,0,1,0,0,0
Red,False,0.0,0.375,0.46625,0.54625,0.2025,0.04125,0.875,0.0,0.0,1.0,41.375,18.625,67.125,38.125,57.5,32.0,86.125,55.375,4.375,1.125,0.375,0.125,22.75,4.125,50.875,24.625,10.375,7.75,12.875,11.0,8.25,6.75,3.375,2.5,33.125,12.5,35.375,14.5,6.5,5.5,8.625,6.25,1.75,0.625,23.125,17.375,70.25,246.75,607.125,7,0,1,0,1,2,2,0,0,0,0,0,2,0,190.5,193.04,205.0,0.0471682548522949,0.0,0.45,0.4217682266235352,0.25,0.19173828125,0.1875,0.125,0.0,0.0,69.5,30.5,66.984375,27.8466796875,94.0,48.544921875,88.50390625,44.75,2.0,0.8125,2.015625,0.6640625,54.0,19.01513671875,51.483436584472656,16.9437255859375,7.91796875,5.430633544921875,7.75,5.0625,4.780975341796875,3.9373779296875,4.8994140625,3.84375,51.025390625,18.400863647460938,50.515625,17.5,5.75,3.75,5.5,3.5,5.375,3.6875,4.0,2.65625,104.865234375,89.5,655.8441009521484,0,0,0,0,0,0,0,0,0,0,0,0,0,0,187.96,187.96,205.0,31.0,22.0,0,0,0,0,0,1,0,0,0,0,0,0,0,0,0,1,0,0,0,0,1,0,0,0
Red,False,0.75,0.0,0.5625,0.3975,0.0,0.0,0.0,0.0,0.0,0.0,81.75,42.0,70.0,28.75,82.0,42.25,72.75,31.5,0.5,0.0,1.5,0.0,67.0,29.5,53.75,17.0,10.5,8.75,7.0,5.5,4.25,3.75,9.25,6.25,70.0,34.5,62.5,24.0,11.25,7.0,6.0,4.75,0.5,0.5,1.5,0.0,74.25,28.5,553.25,5,0,3,0,3,3,0,0,0,0,1,2,0,0,187.96,190.5,264.0,0.0507659912109375,0.33203125,0.5197328186035156,0.3460064697265625,0.0396728515625,0.0054785156249999,0.015625,0.015625,0.0,0.0,175.5422821044922,84.56675720214844,168.66542053222656,49.049896240234375,176.5353546142578,85.45210266113281,172.4594268798828,52.36734008789063,0.56005859375,0.040283203125,0.969146728515625,0.1060791015625,116.92570495605467,46.576080322265625,152.21151733398438,37.22642517089844,55.49609375,35.00331115722656,10.676666259765623,6.797393798828125,3.1204833984375,2.98736572265625,5.7772369384765625,5.0260772705078125,174.1238250732422,83.57075500488281,159.62332153320312,42.67353820800781,1.1291046142578125,0.75640869140625,4.9756927490234375,3.7474517822265625,0.2893524169921875,0.239593505859375,4.06640625,2.62890625,3.748245239257813,28.39193725585937,1092.3053436279297,47,5,9,0,9,13,4,0,0,0,5,8,0,0,193.04,195.58,238.0,25.0,34.0,0,0,0,0,1,0,0,0,0,0,0,0,0,0,0,0,0,1,0,0,1,0,0,0
Red,False,0.5625,0.0625,0.6525,0.50625,0.0625,0.2,0.8125,0.5,0.0,0.0,21.125,13.0625,23.3125,11.9375,26.1875,17.8125,30.5625,18.8125,2.375,0.125,2.5625,1.0,12.125,6.625,19.875,9.0625,4.3125,3.25,2.875,2.3125,4.6875,3.1875,0.5625,0.5625,14.875,8.625,13.625,5.0625,5.3125,3.5,2.75,1.75,0.9375,0.9375,6.9375,5.125,61.875,92.375,289.0625,7,0,2,0,2,3,2,0,0,0,0,1,2,0,190.5,200.66,205.0,0.790374755859375,0.5474853515625,0.4287535095214844,0.561768798828125,0.1992647552490234,0.0668769073486328,0.0024566650390625,0.0718002319335937,0.0,0.0009918212890625,70.09223175048828,35.89820098876953,82.87262725830078,36.98648834228516,75.27594757080078,40.61969757080078,91.36856842041016,44.48697662353516,1.11553955078125,0.6489715576171875,1.3208999633789062,0.5215682983398438,54.05894470214844,22.78081512451172,76.31651306152344,31.25526428222656,7.54302978515625,6.167984008789063,3.314788818359375,2.5154800415039062,8.490257263183594,6.94940185546875,3.2413253784179688,3.2157440185546875,65.94329833984375,33.78813934326172,77.18724822998047,33.702110290527344,2.1558074951171875,0.991302490234375,4.661834716796875,2.5677261352539062,1.993125915527344,1.1187591552734375,1.0235443115234375,0.7166519165039062,23.3563232421875,48.02747344970703,395.28137969970703,45,3,0,1,3,9,9,0,0,1,1,7,0,0,185.42,193.04,205.0,27.0,37.0,0,0,0,0,0,1,0,0,0,0,0,0,0,0,0,1,0,0,0,0,1,0,0,0
Blue,False,0.015625,0.0,0.45,0.4275,0.25,0.2,0.148468017578125,0.098388671875,0.0,0.0,66.5,29.6875,64.31230545043945,27.34375,89.75,48.0,85.53125,44.41152191162109,2.0,0.75,2.0546875,0.75,51.1875,18.3359375,49.6123046875,16.280410766601562,7.5,5.07647705078125,7.5,5.0,4.5,3.625,4.984375,3.9375,48.6875,17.0,47.11572265625,16.5,5.75,3.75,5.3125,3.4375,5.0625,3.5,3.875,2.5,99.2119140625,94.125,638.5,0,0,0,0,0,0,0,0,0,0,0,0,0,0,175.26,177.8,155.0,0.0471682548522949,0.0,0.45,0.4217682266235352,0.25,0.19173828125,0.1875,0.125,0.0,0.0,69.5,30.5,66.984375,27.8466796875,94.0,48.544921875,88.50390625,44.75,2.0,0.8125,2.015625,0.6640625,54.0,19.01513671875,51.483436584472656,16.9437255859375,7.91796875,5.430633544921875,7.75,5.0625,4.780975341796875,3.9373779296875,4.8994140625,3.84375,51.025390625,18.400863647460938,50.515625,17.5,5.75,3.75,5.5,3.5,5.375,3.6875,4.0,2.65625,104.865234375,89.5,655.8441009521484,0,0,0,0,0,0,0,0,0,0,0,0,0,0,187.96,187.96,155.0,27.0,23.0,0,0,0,0,0,0,1,0,0,0,0,0,0,0,0,1,0,0,0,0,0,0,0,1
Red,False,0.0,0.0,0.47,0.4,0.0,0.28,0.0,0.0,0.0,0.0,74.0,35.0,95.0,38.0,88.0,49.0,113.0,55.0,0.0,0.0,7.0,2.0,39.0,12.0,54.0,15.0,33.0,21.0,19.0,9.0,2.0,2.0,22.0,14.0,59.0,20.0,83.0,28.0,15.0,15.0,10.0,9.0,0.0,0.0,2.0,1.0,17.0,225.0,900.0,3,0,0,1,0,0,1,0,0,0,0,0,0,0,177.8,182.88,170.0,0.0859375,0.015625,0.314921875,0.3873828124999999,0.58109375,0.2056640625,0.11328125,1.28125,0.03515625,0.53125,81.1796875,25.7578125,123.67578125,47.76171875,91.390625,33.890625,132.546875,56.375,4.13671875,2.2578125,0.36328125,0.29296875,66.30859375,16.70703125,111.75390625,38.515625,11.3984375,7.328125,7.1796875,5.01953125,3.47265625,1.72265625,4.7421875,4.2265625,77.26953125,23.31640625,113.125,41.58203125,1.69921875,1.1015625,6.99609375,3.4609375,2.2109375,1.33984375,3.5546875,2.71875,132.8203125,45.0390625,878.640625,26,0,0,3,1,3,6,0,0,1,0,0,2,0,180.34,185.42,170.0,29.0,34.0,0,0,0,0,0,0,0,0,0,1,0,0,0,0,0,1,0,0,0,0,0,0,1,0
Blue,False,0.015625,0.0,0.45,0.4275,0.25,0.2,0.148468017578125,0.098388671875,0.0,0.0,66.5,29.6875,64.31230545043945,27.34375,89.75,48.0,85.53125,44.41152191162109,2.0,0.75,2.0546875,0.75,51.1875,18.3359375,49.6123046875,16.280410766601562,7.5,5.07647705078125,7.5,5.0,4.5,3.625,4.984375,3.9375,48.6875,17.0,47.11572265625,16.5,5.75,3.75,5.3125,3.4375,5.0625,3.5,3.875,2.5,99.2119140625,94.125,638.5,0,0,0,0,0,0,0,0,0,0,0,0,0,0,162.56,175.26,125.0,0.0,0.0,0.35,0.56,0.0,0.66,0.0,1.0,0.0,0.0,54.0,19.0,44.0,25.0,76.0,41.0,45.0,26.0,0.0,0.0,3.0,2.0,36.0,6.0,36.0,20.0,6.0,3.0,6.0,4.0,12.0,10.0,2.0,1.0,52.0,17.0,34.0,17.0,2.0,2.0,5.0,3.0,0.0,0.0,5.0,5.0,0.0,133.0,420.0,2,0,0,1,0,0,1,0,0,0,0,0,0,0,165.1,170.18,125.0,25.0,26.0,0,0,0,1,0,0,0,0,0,0,0,0,0,0,0,1,0,0,0,0,0,0,1,0
Blue,False,0.0,0.0,0.295,0.43625,0.125,0.5175,0.125,0.75,0.25,0.5,66.875,18.75,46.375,22.875,74.125,25.625,55.25,31.375,1.125,0.125,3.875,2.125,55.75,13.5,28.0,10.75,9.375,4.0,10.25,5.875,1.75,1.25,8.125,6.25,57.125,13.5,40.0,18.625,5.5,2.75,4.5,2.375,4.25,2.5,1.875,1.875,66.375,164.5,537.125,7,0,0,1,1,1,3,0,0,0,0,0,1,0,177.8,180.34,155.0,0.0,0.375,0.3628125,0.419375,0.1625,0.1640625,0.0,0.03125,0.0,0.125,176.09375,64.3125,146.71875,61.65625,197.9375,82.875,151.84375,66.75,3.0,0.90625,2.40625,1.21875,150.125,45.03125,109.9375,36.4375,9.5625,4.15625,21.375,12.1875,16.40625,15.125,15.40625,13.03125,163.71875,56.5625,132.6875,50.0625,5.21875,3.5,6.875,5.375,7.15625,4.25,7.15625,6.21875,100.96875,108.09375,900.0,18,0,0,3,1,1,5,0,0,0,1,0,0,0,170.18,170.18,155.0,28.0,37.0,0,0,0,0,0,0,1,0,0,0,0,0,0,0,0,1,0,0,0,0,1,0,0,0
Red,False,0.5,0.0,0.4925,0.3525,0.2625,0.0,0.75,0.0,0.0,0.0,111.5,55.25,72.25,26.75,129.25,71.25,80.75,35.25,4.75,1.75,1.0,0.0,91.75,40.5,64.75,20.25,11.5,7.5,6.75,5.75,8.25,7.25,0.75,0.75,90.0,40.25,66.75,22.0,17.5,12.0,3.25,2.5,4.0,3.0,2.25,2.25,160.5,14.25,441.5,6,0,3,0,3,3,0,0,0,0,1,1,1,0,167.64,165.1,125.0,0.0040283203125,0.25390625,0.3188873291015625,0.4023773193359374,0.1019561767578125,0.072744140625,0.0084228515625,0.0,0.0078125,0.0,191.9747314453125,61.6658935546875,157.37579345703125,63.04644775390625,211.031005859375,78.90631103515625,166.7559814453125,71.27752685546875,7.30303955078125,1.15863037109375,4.7056884765625,0.806396484375,139.7669677734375,33.5264892578125,133.2176513671875,47.1636962890625,31.71856689453125,15.44952392578125,18.74725341796875,11.372314453125,20.48919677734375,12.68988037109375,5.410888671875,4.51043701171875,181.8228759765625,56.1591796875,144.9901123046875,54.0517578125,9.06072998046875,4.64837646484375,11.692138671875,8.34979248046875,1.09112548828125,0.85833740234375,0.69354248046875,0.6448974609375,157.0518798828125,16.98797607421875,890.2698974609375,39,2,3,0,6,12,3,0,0,1,7,3,1,0,162.56,165.1,125.0,26.0,34.0,0,0,0,1,0,0,0,0,0,0,0,0,0,0,0,1,0,0,0,0,0,0,1,0
Blue,False,0.015625,0.0,0.45,0.4275,0.25,0.2,0.148468017578125,0.098388671875,0.0,0.0,66.5,29.6875,64.31230545043945,27.34375,89.75,48.0,85.53125,44.41152191162109,2.0,0.75,2.0546875,0.75,51.1875,18.3359375,49.6123046875,16.280410766601562,7.5,5.07647705078125,7.5,5.0,4.5,3.625,4.984375,3.9375,48.6875,17.0,47.11572265625,16.5,5.75,3.75,5.3125,3.4375,5.0625,3.5,3.875,2.5,99.2119140625,94.125,638.5,0,0,0,0,0,0,0,0,0,0,0,0,0,0,187.96,187.96,185.0,0.75,0.0,0.39625,0.4721875,0.104375,0.080625,0.0,0.5,0.0,0.0,66.09375,26.1875,61.65625,28.6875,70.46875,29.875,75.5625,41.875,1.03125,0.5625,3.3125,0.28125,57.9375,19.28125,54.0,23.5625,6.375,5.625,4.4375,2.4375,1.78125,1.28125,3.21875,2.6875,49.0,14.0,46.125,18.09375,14.15625,10.71875,13.875,9.5,2.9375,1.46875,1.65625,1.09375,72.28125,82.34375,422.875,11,0,0,4,2,2,4,0,0,0,0,2,0,0,182.88,187.96,185.0,21.0,27.0,0,0,0,0,0,0,0,1,0,0,0,0,0,0,0,1,0,0,0,0,1,0,0,0
Red,True,0.015625,0.0,0.45,0.4275,0.25,0.2,0.148468017578125,0.098388671875,0.0,0.0,66.5,29.6875,64.31230545043945,27.34375,89.75,48.0,85.53125,44.41152191162109,2.0,0.75,2.0546875,0.75,51.1875,18.3359375,49.6123046875,16.280410766601562,7.5,5.07647705078125,7.5,5.0,4.5,3.625,4.984375,3.9375,48.6875,17.0,47.11572265625,16.5,5.75,3.75,5.3125,3.4375,5.0625,3.5,3.875,2.5,99.2119140625,94.125,638.5,0,0,0,0,0,0,0,0,0,0,0,0,0,0,182.88,190.5,265.0,0.0471682548522949,0.0,0.45,0.4217682266235352,0.25,0.19173828125,0.1875,0.125,0.0,0.0,69.5,30.5,66.984375,27.8466796875,94.0,48.544921875,88.50390625,44.75,2.0,0.8125,2.015625,0.6640625,54.0,19.01513671875,51.483436584472656,16.9437255859375,7.91796875,5.430633544921875,7.75,5.0625,4.780975341796875,3.9373779296875,4.8994140625,3.84375,51.025390625,18.400863647460938,50.515625,17.5,5.75,3.75,5.5,3.5,5.375,3.6875,4.0,2.65625,104.865234375,89.5,655.8441009521484,0,0,0,0,0,0,0,0,0,0,0,0,0,0,190.5,203.2,250.0,29.0,38.0,0,0,0,0,1,0,0,0,0,0,0,0,0,0,0,0,0,1,0,0,1,0,0,0
Blue,False,0.015625,0.0,0.45,0.4275,0.25,0.2,0.148468017578125,0.098388671875,0.0,0.0,66.5,29.6875,64.31230545043945,27.34375,89.75,48.0,85.53125,44.41152191162109,2.0,0.75,2.0546875,0.75,51.1875,18.3359375,49.6123046875,16.280410766601562,7.5,5.07647705078125,7.5,5.0,4.5,3.625,4.984375,3.9375,48.6875,17.0,47.11572265625,16.5,5.75,3.75,5.3125,3.4375,5.0625,3.5,3.875,2.5,99.2119140625,94.125,638.5,0,0,0,0,0,0,0,0,0,0,0,0,0,0,170.18,185.42,155.0,0.125,0.0,0.3399999999999999,0.4,0.07125,0.395625,0.625,0.25,0.0,0.25,135.8125,52.125,111.8125,46.25,154.875,67.4375,135.0625,65.6875,2.75,0.5,8.9375,3.6875,103.5,33.375,87.9375,31.8125,24.25,14.375,19.875,11.8125,8.0625,4.375,4.0,2.625,104.875,31.75,92.375,32.6875,10.75,6.125,8.75,7.1875,20.1875,14.25,10.6875,6.375,124.0,228.5625,900.0,15,0,0,1,2,3,2,0,0,2,1,0,0,0,182.88,177.8,145.0,30.0,29.0,0,0,1,0,0,0,0,0,0,0,0,0,0,0,0,1,0,0,0,0,0,0,1,0
Blue,False,0.015625,0.0,0.45,0.4275,0.25,0.2,0.148468017578125,0.098388671875,0.0,0.0,66.5,29.6875,64.31230545043945,27.34375,89.75,48.0,85.53125,44.41152191162109,2.0,0.75,2.0546875,0.75,51.1875,18.3359375,49.6123046875,16.280410766601562,7.5,5.07647705078125,7.5,5.0,4.5,3.625,4.984375,3.9375,48.6875,17.0,47.11572265625,16.5,5.75,3.75,5.3125,3.4375,5.0625,3.5,3.875,2.5,99.2119140625,94.125,638.5,0,0,0,0,0,0,0,0,0,0,0,0,0,0,172.72,170.18,125.0,0.0,0.0,0.3199999999999999,0.4,0.0,0.0,0.0,0.5,0.0,0.0,214.75,68.5,179.5,73.25,226.5,79.75,189.0,80.75,0.25,0.0,0.5,0.0,187.5,48.5,133.0,40.75,20.75,14.5,20.25,12.5,6.5,5.5,26.25,20.0,196.0,55.75,165.5,67.25,17.75,12.75,14.0,6.0,1.0,0.0,0.0,0.0,91.75,77.75,900.0,9,0,0,1,2,2,1,0,0,2,0,0,0,0,170.18,182.88,125.0,34.0,29.0,0,0,0,0,0,0,0,0,0,0,0,0,1,0,0,0,0,1,0,0,1,0,0,0
Blue,False,0.6875,0.0,0.449609375,0.36578125,0.154296875,0.0,0.0390625,0.53125,0.0,0.0,144.25,56.4765625,73.109375,25.4453125,184.90625,93.4921875,93.109375,42.8203125,5.6171875,2.328125,7.5,0.0,118.65625,38.328125,67.4296875,21.328125,12.203125,6.8203125,4.515625,3.109375,13.390625,11.328125,1.1640625,1.0078125,114.1640625,36.1484375,66.9765625,20.9375,5.4609375,3.109375,1.8671875,1.7421875,24.625,17.21875,4.265625,2.765625,383.1640625,61.3125,1104.4296875,23,1,8,0,8,8,0,0,0,0,6,1,1,0,182.88,193.04,170.0,0.001596450805664,5.960464477539064e-08,0.572501592040062,0.3477977281808853,0.3385278284549713,0.2584165436029434,0.1889737248420715,3.0994415283203125e-05,5.960464477539064e-08,1.1920928955078125e-07,194.2413984537125,106.91276615858078,225.064566552639,82.10509568452835,221.58015912771225,132.77473735809326,265.4351970553398,117.88666999340056,5.279870450496674,2.103000402450561,9.189878821372986,3.581369459629059,135.73294150829315,58.78516221046448,176.29058730602264,47.05557042360306,42.96431398391724,33.69180810451508,29.09686291217804,17.06230980157852,15.544142961502075,14.435795843601229,19.677116334438324,17.98721545934677,150.1947832107544,68.98688226938248,200.89463233947757,66.60514229536057,37.29567325115204,31.870104551315308,23.112304389476776,14.94758003950119,6.75094199180603,6.055779337882996,1.0576298236846924,0.5523733496665955,229.128781914711,459.0829349160194,1268.5417439341545,69,4,0,2,5,17,8,0,0,0,10,4,3,0,172.72,177.8,155.0,31.0,34.0,0,0,0,0,0,0,0,0,0,1,0,0,0,0,0,0,0,0,1,0,0,0,1,0
Red,False,0.0,0.0,0.3244140625,0.5004296875,0.1892578124999999,0.11953125,0.09375,0.50390625,0.03125,0.05078125,127.359375,43.125,134.5546875,68.48046875,182.83203125,90.59375,153.66015625,86.7421875,15.375,1.5234375,1.859375,0.41015625,117.0703125,36.07421875,103.91015625,44.08203125,6.27734375,3.43359375,21.1953125,16.29296875,4.01171875,3.6171875,9.44921875,8.10546875,113.2109375,36.90625,108.69140625,49.07421875,13.59375,5.6796875,24.4296875,18.55859375,0.5546875,0.5390625,1.43359375,0.84765625,276.65625,64.99609375,882.22265625,25,0,2,0,2,6,3,0,0,1,1,0,4,0,172.72,172.72,135.0,1.5,0.0,0.44125,0.41736328125,0.278515625,0.053828125,0.7421875,0.0,0.125,0.0,185.513671875,84.041015625,154.048828125,64.619140625,210.482421875,107.0078125,160.1015625,69.166015625,3.216796875,0.45703125,3.564453125,0.162109375,134.060546875,53.392578125,133.478515625,49.107421875,28.001953125,14.400390625,16.66796875,12.181640625,23.451171875,16.248046875,3.90234375,3.330078125,146.837890625,62.259765625,147.947265625,60.43359375,18.4765625,10.64453125,6.03515625,4.130859375,20.19921875,11.13671875,0.06640625,0.0546875,161.130859375,35.1640625,785.861328125,21,0,0,1,4,6,4,0,0,0,2,1,3,0,167.64,165.1,135.0,34.0,32.0,1,0,0,0,0,0,0,0,0,0,0,0,0,0,0,1,0,0,0,0,1,0,0,0
Blue,True,0.015625,0.0,0.45,0.4275,0.25,0.2,0.148468017578125,0.098388671875,0.0,0.0,66.5,29.6875,64.31230545043945,27.34375,89.75,48.0,85.53125,44.41152191162109,2.0,0.75,2.0546875,0.75,51.1875,18.3359375,49.6123046875,16.280410766601562,7.5,5.07647705078125,7.5,5.0,4.5,3.625,4.984375,3.9375,48.6875,17.0,47.11572265625,16.5,5.75,3.75,5.3125,3.4375,5.0625,3.5,3.875,2.5,99.2119140625,94.125,638.5,0,0,0,0,0,0,0,0,0,0,0,0,0,0,180.34,182.88,135.0,0.0471682548522949,0.0,0.45,0.4217682266235352,0.25,0.19173828125,0.1875,0.125,0.0,0.0,69.5,30.5,66.984375,27.8466796875,94.0,48.544921875,88.50390625,44.75,2.0,0.8125,2.015625,0.6640625,54.0,19.01513671875,51.483436584472656,16.9437255859375,7.91796875,5.430633544921875,7.75,5.0625,4.780975341796875,3.9373779296875,4.8994140625,3.84375,51.025390625,18.400863647460938,50.515625,17.5,5.75,3.75,5.5,3.5,5.375,3.6875,4.0,2.65625,104.865234375,89.5,655.8441009521484,0,0,0,0,0,0,0,0,0,0,0,0,0,0,170.18,167.64,135.0,27.0,26.0,0,0,0,0,0,0,0,0,0,0,0,1,0,0,0,1,0,0,0,0,1,0,0,0
Red,False,0.0,0.0,0.4599999999999999,0.6074999999999999,0.5,0.48,0.5,0.5,0.25,0.25,57.25,28.75,87.0,54.0,78.5,48.5,175.0,137.5,0.5,0.5,7.0,4.0,50.25,22.75,66.25,36.0,4.25,3.25,12.75,12.0,2.75,2.75,8.0,6.0,33.25,11.0,36.25,13.5,13.0,9.5,9.0,7.75,11.0,8.25,41.75,32.75,158.0,406.0,804.5,8,0,0,1,1,1,2,0,0,1,0,0,0,0,177.8,177.8,155.0,0.0471682548522949,0.0,0.45,0.4217682266235352,0.25,0.19173828125,0.1875,0.125,0.0,0.0,69.5,30.5,66.984375,27.8466796875,94.0,48.544921875,88.50390625,44.75,2.0,0.8125,2.015625,0.6640625,54.0,19.01513671875,51.483436584472656,16.9437255859375,7.91796875,5.430633544921875,7.75,5.0625,4.780975341796875,3.9373779296875,4.8994140625,3.84375,51.025390625,18.400863647460938,50.515625,17.5,5.75,3.75,5.5,3.5,5.375,3.6875,4.0,2.65625,104.865234375,89.5,655.8441009521484,0,0,0,0,0,0,0,0,0,0,0,0,0,0,187.96,185.42,155.0,31.0,24.0,0,0,0,0,0,0,1,0,0,0,0,0,0,0,0,0,0,1,0,0,1,0,0,0
Blue,False,0.015625,0.0,0.45,0.4275,0.25,0.2,0.148468017578125,0.098388671875,0.0,0.0,66.5,29.6875,64.31230545043945,27.34375,89.75,48.0,85.53125,44.41152191162109,2.0,0.75,2.0546875,0.75,51.1875,18.3359375,49.6123046875,16.280410766601562,7.5,5.07647705078125,7.5,5.0,4.5,3.625,4.984375,3.9375,48.6875,17.0,47.11572265625,16.5,5.75,3.75,5.3125,3.4375,5.0625,3.5,3.875,2.5,99.2119140625,94.125,638.5,0,0,0,0,0,0,0,0,0,0,0,0,0,0,170.18,180.34,145.0,0.0471682548522949,0.0,0.45,0.4217682266235352,0.25,0.19173828125,0.1875,0.125,0.0,0.0,69.5,30.5,66.984375,27.8466796875,94.0,48.544921875,88.50390625,44.75,2.0,0.8125,2.015625,0.6640625,54.0,19.01513671875,51.483436584472656,16.9437255859375,7.91796875,5.430633544921875,7.75,5.0625,4.780975341796875,3.9373779296875,4.8994140625,3.84375,51.025390625,18.400863647460938,50.515625,17.5,5.75,3.75,5.5,3.5,5.375,3.6875,4.0,2.65625,104.865234375,89.5,655.8441009521484,0,0,0,0,0,0,0,0,0,0,0,0,0,0,170.18,167.64,135.0,26.0,25.0,0,0,0,0,0,0,0,0,0,0,0,1,0,0,0,1,0,0,0,0,1,0,0,0
Red,False,0.0,1.0,0.43,0.52,0.0,0.0,0.0,0.0,0.0,0.0,44.0,19.0,48.0,25.0,46.0,21.0,49.0,26.0,1.0,0.0,2.0,0.0,26.0,6.0,32.0,10.0,7.0,6.0,8.0,8.0,11.0,7.0,8.0,7.0,34.0,15.0,44.0,22.0,10.0,4.0,1.0,0.0,0.0,0.0,3.0,3.0,5.0,20.0,552.0,2,0,0,1,0,0,1,0,0,0,0,0,0,0,185.42,195.58,170.0,0.511749267578125,0.03125,0.4614289855957031,0.4117854309082031,0.033599853515625,0.1191506958007812,0.0020751953125,0.06640625,9.1552734375e-05,1.52587890625e-05,221.66604614257807,97.97160339355467,174.2022705078125,71.32960510253906,230.05520629882807,105.5599365234375,177.15887451171875,73.42158508300781,0.357940673828125,0.0362548828125,3.261581420898437,0.71636962890625,178.58045959472656,63.6177978515625,154.2832489013672,57.340362548828125,30.05551147460937,22.076202392578125,16.746627807617188,10.916595458984377,13.030075073242188,12.277603149414062,3.172393798828125,3.0726470947265625,216.4470367431641,93.84519958496094,172.49456787109375,70.38258361816406,2.13916015625,1.6880035400390625,1.11846923828125,0.688201904296875,3.0798492431640625,2.4384002685546875,0.5892333984375,0.258819580078125,51.397064208984375,31.422195434570312,836.4394226074219,40,0,2,0,4,9,8,0,0,1,3,4,1,0,187.96,190.5,170.0,35.0,34.0,0,0,0,0,0,0,0,0,0,1,0,0,0,0,0,0,0,0,1,0,1,0,0,0
Red,False,0.015625,0.0,0.45,0.4275,0.25,0.2,0.148468017578125,0.098388671875,0.0,0.0,66.5,29.6875,64.31230545043945,27.34375,89.75,48.0,85.53125,44.41152191162109,2.0,0.75,2.0546875,0.75,51.1875,18.3359375,49.6123046875,16.280410766601562,7.5,5.07647705078125,7.5,5.0,4.5,3.625,4.984375,3.9375,48.6875,17.0,47.11572265625,16.5,5.75,3.75,5.3125,3.4375,5.0625,3.5,3.875,2.5,99.2119140625,94.125,638.5,0,0,0,0,0,0,0,0,0,0,0,0,0,0,190.5,190.5,260.0,0.0471682548522949,0.0,0.45,0.4217682266235352,0.25,0.19173828125,0.1875,0.125,0.0,0.0,69.5,30.5,66.984375,27.8466796875,94.0,48.544921875,88.50390625,44.75,2.0,0.8125,2.015625,0.6640625,54.0,19.01513671875,51.483436584472656,16.9437255859375,7.91796875,5.430633544921875,7.75,5.0625,4.780975341796875,3.9373779296875,4.8994140625,3.84375,51.025390625,18.400863647460938,50.515625,17.5,5.75,3.75,5.5,3.5,5.375,3.6875,4.0,2.65625,104.865234375,89.5,655.8441009521484,0,0,0,0,0,0,0,0,0,0,0,0,0,0,200.66,203.2,258.0,34.0,32.0,0,0,0,0,1,0,0,0,0,0,0,0,0,0,0,1,0,0,0,0,1,0,0,0
Red,False,0.015625,0.0,0.45,0.4275,0.25,0.2,0.148468017578125,0.098388671875,0.0,0.0,66.5,29.6875,64.31230545043945,27.34375,89.75,48.0,85.53125,44.41152191162109,2.0,0.75,2.0546875,0.75,51.1875,18.3359375,49.6123046875,16.280410766601562,7.5,5.07647705078125,7.5,5.0,4.5,3.625,4.984375,3.9375,48.6875,17.0,47.11572265625,16.5,5.75,3.75,5.3125,3.4375,5.0625,3.5,3.875,2.5,99.2119140625,94.125,638.5,0,0,0,0,0,0,0,0,0,0,0,0,0,0,175.26,170.18,145.0,1.0,0.0,0.56,0.45,0.75,0.33,0.0,0.0,0.0,0.0,146.0,82.0,226.0,102.0,160.0,95.0,256.0,130.0,4.0,3.0,3.0,1.0,138.0,76.0,206.0,88.0,7.0,5.0,12.0,8.0,1.0,1.0,8.0,6.0,129.0,67.0,208.0,88.0,9.0,8.0,8.0,6.0,8.0,7.0,10.0,8.0,155.0,38.0,689.0,3,0,1,0,1,1,0,0,0,0,0,1,0,0,170.18,170.18,135.0,27.0,31.0,1,0,0,0,0,0,0,0,0,0,0,0,0,0,0,1,0,0,0,0,1,0,0,0
Red,False,0.0,0.0,0.545,0.4075,0.2,0.25,0.0,0.0,0.0,0.0,173.25,95.75,230.5,94.0,195.5,116.5,252.75,113.75,5.0,1.0,2.0,1.0,130.5,57.0,196.25,68.25,25.0,21.25,27.25,19.75,17.75,17.5,7.0,6.0,133.75,64.25,199.5,74.25,30.75,25.75,18.5,11.5,8.75,5.75,12.5,8.25,155.75,102.75,900.0,9,0,0,2,1,1,2,0,0,0,1,0,0,0,160.02,160.02,115.0,0.0,0.0,0.39,0.27,0.5,0.0,0.0,1.0,0.0,0.0,194.0,77.0,123.0,34.0,200.0,83.0,124.0,35.0,2.0,1.0,1.0,0.0,107.0,31.0,104.0,22.0,30.0,15.0,11.0,8.0,57.0,31.0,8.0,4.0,185.0,71.0,120.0,31.0,7.0,4.0,3.0,3.0,2.0,2.0,0.0,0.0,48.0,0.0,900.0,3,0,1,0,1,1,0,0,0,0,1,0,0,0,162.56,160.02,115.0,36.0,29.0,0,0,0,0,0,0,0,0,0,0,0,0,0,1,0,1,0,0,0,0,0,0,0,1
Blue,False,0.3125,0.0625,0.3228124999999999,0.334375,0.0,0.5103125,0.78125,0.0,0.0,0.5,71.53125,24.125,47.46875,16.09375,93.59375,44.59375,56.0,23.53125,0.09375,0.0,2.40625,1.78125,61.875,17.65625,34.1875,7.8125,4.8125,2.9375,8.28125,5.0,4.84375,3.53125,5.0,3.28125,64.25,20.96875,39.75,11.34375,1.5625,0.84375,1.125,0.3125,5.71875,2.3125,6.59375,4.4375,57.5,285.15625,689.25,15,0,2,0,2,3,3,0,0,1,1,0,1,0,180.34,182.88,170.0,1.0,0.0,0.725,0.38,0.0,0.5,0.0,0.0,0.0,0.0,42.5,23.0,46.5,20.0,45.5,24.5,47.5,21.0,0.0,0.0,1.0,1.0,32.5,15.0,30.5,8.5,3.0,2.0,5.5,3.5,7.0,6.0,10.5,8.0,33.0,14.5,46.0,19.5,0.0,0.0,0.0,0.0,9.5,8.5,0.5,0.5,5.0,5.5,300.0,3,0,2,0,2,2,0,0,0,0,0,2,0,0,182.88,180.34,170.0,28.0,28.0,0,0,0,0,0,0,0,0,0,1,0,0,0,0,0,1,0,0,0,0,1,0,0,0
Red,False,0.015625,0.0,0.45,0.4275,0.25,0.2,0.148468017578125,0.098388671875,0.0,0.0,66.5,29.6875,64.31230545043945,27.34375,89.75,48.0,85.53125,44.41152191162109,2.0,0.75,2.0546875,0.75,51.1875,18.3359375,49.6123046875,16.280410766601562,7.5,5.07647705078125,7.5,5.0,4.5,3.625,4.984375,3.9375,48.6875,17.0,47.11572265625,16.5,5.75,3.75,5.3125,3.4375,5.0625,3.5,3.875,2.5,99.2119140625,94.125,638.5,0,0,0,0,0,0,0,0,0,0,0,0,0,0,190.5,213.36,257.0,0.1182861328125,0.3802490234375,0.50975341796875,0.5595971679687499,0.0167236328125,0.5726611328125,1.03125,0.00048828125,0.0,0.0,17.9222412109375,11.046875,50.67529296875,29.0404052734375,29.027587890625,21.0084228515625,76.51708984375,50.631103515625,0.3489990234375,0.0177001953125,2.423583984375,2.15673828125,11.189208984375,4.8851318359375,42.5888671875,22.5582275390625,5.3851318359375,4.9017333984375,5.329833984375,4.1566162109375,1.347900390625,1.260009765625,2.756591796875,2.3255615234375,14.4371337890625,8.33642578125,26.9732666015625,8.325927734375,2.1448974609375,1.9656982421875,10.1885986328125,8.177734375,1.3402099609375,0.7447509765625,13.513427734375,12.5367431640625,25.406982421875,269.55078125,593.4505615234375,28,1,1,0,4,8,6,0,1,0,2,5,0,0,193.04,203.2,265.0,26.0,38.0,0,0,0,0,1,0,0,0,0,0,0,0,0,0,0,0,0,1,0,0,1,0,0,0
Red,False,0.0,0.0,0.37,0.33,1.0,0.25,0.0,0.0,0.0,0.0,156.0,58.0,206.0,68.0,171.0,70.0,213.0,74.0,2.0,2.0,4.0,1.0,119.0,31.0,158.0,34.0,29.0,20.0,36.0,23.0,8.0,7.0,12.0,11.0,147.0,54.0,198.0,62.0,7.0,4.0,8.0,6.0,2.0,0.0,0.0,0.0,168.0,44.0,900.0,3,0,1,0,1,1,0,0,0,0,1,0,0,0,165.1,170.18,125.0,0.0,0.0,0.43,0.58,0.5,0.71,0.0,0.0,0.0,0.0,51.0,22.0,65.0,38.0,72.0,41.0,255.0,202.0,2.0,1.0,7.0,5.0,30.0,7.0,46.0,23.0,15.0,12.0,14.0,11.0,6.0,3.0,5.0,4.0,34.0,9.0,33.0,13.0,16.0,12.0,23.0,17.0,1.0,1.0,9.0,8.0,238.0,492.0,900.0,3,0,0,1,0,0,1,0,0,0,0,0,0,0,172.72,167.64,125.0,27.0,22.0,0,0,0,0,0,0,0,0,0,0,0,0,1,0,0,1,0,0,0,0,1,0,0,0
Blue,False,0.0,0.5,0.4975,0.5125,0.0,0.375,0.0,1.0,0.0,0.0,54.0,26.5,106.25,51.25,56.75,28.75,132.25,71.75,1.0,0.0,2.5,1.5,48.5,21.5,91.75,38.75,5.0,4.5,5.5,5.0,0.5,0.5,9.0,7.5,41.25,17.5,76.75,29.25,12.25,9.0,11.5,8.0,0.5,0.0,18.0,14.0,10.0,193.0,464.25,5,0,0,3,0,0,3,0,0,0,0,0,0,0,180.34,193.04,205.0,0.0,0.0,0.44,0.57,0.0,1.0,1.0,1.0,0.0,0.0,18.0,8.0,35.0,20.0,22.0,11.0,119.0,91.0,0.0,0.0,4.0,4.0,15.0,6.0,33.0,19.0,0.0,0.0,2.0,1.0,3.0,2.0,0.0,0.0,14.0,5.0,17.0,3.0,2.0,1.0,2.0,1.0,2.0,2.0,16.0,16.0,14.0,370.0,453.0,2,0,0,1,0,0,1,0,0,0,0,0,0,0,190.5,182.88,205.0,36.0,23.0,0,0,0,0,0,1,0,0,0,0,0,0,0,0,0,1,0,0,0,0,1,0,0,0
Red,False,0.015625,0.0,0.45,0.4275,0.25,0.2,0.148468017578125,0.098388671875,0.0,0.0,66.5,29.6875,64.31230545043945,27.34375,89.75,48.0,85.53125,44.41152191162109,2.0,0.75,2.0546875,0.75,51.1875,18.3359375,49.6123046875,16.280410766601562,7.5,5.07647705078125,7.5,5.0,4.5,3.625,4.984375,3.9375,48.6875,17.0,47.11572265625,16.5,5.75,3.75,5.3125,3.4375,5.0625,3.5,3.875,2.5,99.2119140625,94.125,638.5,0,0,0,0,0,0,0,0,0,0,0,0,0,0,170.18,177.8,145.0,1.0,0.0,0.33,0.175,0.5,0.0,1.0,0.0,0.0,0.0,64.5,23.5,30.5,5.5,92.5,48.5,31.0,6.0,0.5,0.5,1.5,0.0,51.5,16.0,24.5,4.0,8.0,4.0,1.5,0.0,5.0,3.5,4.5,1.5,45.0,10.5,30.5,5.5,2.5,2.0,0.0,0.0,17.0,11.0,0.0,0.0,191.0,8.0,427.5,3,0,2,0,2,2,0,0,0,0,0,1,1,0,172.72,170.18,145.0,28.0,20.0,1,0,0,0,0,0,0,0,0,0,0,0,0,0,0,1,0,0,0,0,1,0,0,0
Red,False,0.0,0.0,0.51,0.51,0.4,0.0,5.0,1.0,1.0,0.0,64.0,33.0,87.0,45.0,99.0,63.0,117.0,68.0,5.0,2.0,2.0,0.0,51.0,21.0,73.0,32.0,11.0,10.0,6.0,6.0,2.0,2.0,8.0,7.0,48.0,18.0,45.0,14.0,11.0,10.0,1.0,1.0,5.0,5.0,41.0,30.0,162.0,526.0,900.0,3,0,0,1,0,0,1,0,0,0,0,0,0,0,182.88,190.5,170.0,0.16796875,0.5390625,0.4366015625,0.3484374999999999,0.0420703125,0.21263671875,0.0,0.32421875,0.265625,0.0,162.681640625,71.49609375,123.03125,42.904296875,166.037109375,73.841796875,133.041015625,51.955078125,0.76953125,0.15625,1.2578125,0.634765625,104.849609375,31.42578125,104.3046875,30.75,14.228515625,8.720703125,4.31640625,0.845703125,43.603515625,31.349609375,14.41015625,11.30859375,154.755859375,67.08203125,111.451171875,35.923828125,2.423828125,1.73828125,2.36328125,0.84375,5.501953125,2.67578125,9.216796875,6.13671875,25.853515625,64.849609375,783.85546875,23,0,1,0,4,7,3,0,0,1,2,4,0,0,182.88,180.34,170.0,28.0,30.0,0,0,0,0,0,0,0,0,0,1,0,0,0,0,0,1,0,0,0,0,1,0,0,0
Blue,False,0.1953125,0.0,0.2957031249999999,0.434296875,0.0,0.124453125,0.28125,0.0,0.0,0.0,55.1640625,12.6328125,52.53125,28.0859375,59.4609375,16.46875,90.0703125,60.859375,0.25,0.0,4.796875,1.5546875,49.484375,9.2265625,31.046875,12.1015625,4.8515625,2.5859375,11.875,7.7734375,0.828125,0.8203125,9.609375,8.2109375,50.5546875,10.1953125,40.6796875,18.8125,3.9609375,1.9453125,2.59375,2.2734375,0.6484375,0.4921875,9.2578125,7.0,9.453125,230.890625,857.0078125,16,1,6,0,6,6,2,0,0,0,0,4,1,1,193.04,210.82,250.0,0.125,0.25,0.59109375,0.5284374999999999,0.845625,0.015625,0.0,1.0,0.0,0.0,79.078125,43.84375,32.828125,15.359375,120.96875,79.0625,50.140625,31.5625,7.3125,5.359375,0.109375,0.046875,70.421875,35.390625,26.859375,10.109375,6.0,5.84375,4.1875,3.71875,2.65625,2.609375,1.78125,1.53125,41.515625,10.203125,28.296875,12.125,10.53125,9.046875,3.21875,2.453125,27.03125,24.59375,1.3125,0.78125,426.046875,5.390625,746.3125,17,0,0,1,4,5,2,0,0,0,2,2,0,1,193.04,203.2,265.0,32.0,27.0,0,0,0,0,1,0,0,0,0,0,0,0,0,0,0,1,0,0,0,0,1,0,0,0
Red,False,0.0,0.0,0.0,0.78,0.0,1.0,0.0,1.0,0.0,0.0,1.0,0.0,14.0,11.0,2.0,1.0,41.0,34.0,0.0,0.0,1.0,1.0,1.0,0.0,14.0,11.0,0.0,0.0,0.0,0.0,0.0,0.0,0.0,0.0,1.0,0.0,1.0,0.0,0.0,0.0,0.0,0.0,0.0,0.0,13.0,11.0,0.0,233.0,238.0,1,0,0,1,0,0,1,0,0,0,0,0,0,0,180.34,190.5,185.0,0.0,0.0,0.56,0.45,0.0,0.42,1.0,1.0,0.0,0.0,55.0,31.0,153.0,69.0,110.0,81.0,167.0,81.0,1.0,0.0,7.0,3.0,41.0,20.0,131.0,50.0,9.0,6.0,17.0,14.0,5.0,5.0,5.0,5.0,39.0,17.0,44.0,20.0,1.0,1.0,5.0,2.0,15.0,13.0,104.0,47.0,70.0,577.0,900.0,3,0,0,1,0,0,1,0,0,0,0,0,0,0,190.5,205.74,185.0,33.0,26.0,0,0,0,0,0,0,0,1,0,0,0,0,0,0,0,0,0,1,0,0,1,0,0,0
Red,False,0.0,0.5,0.565,0.48,0.0,0.0,0.0,0.0,0.0,0.0,143.5,68.5,176.5,52.0,144.5,69.5,178.5,54.0,0.0,0.0,0.0,0.0,122.5,50.0,154.5,40.0,14.5,13.0,14.5,6.5,6.5,5.5,7.5,5.5,135.5,62.5,167.5,47.5,8.0,6.0,5.5,1.5,0.0,0.0,3.5,3.0,0.0,2.5,466.5,4,0,1,0,1,1,1,0,0,1,0,0,0,0,162.56,167.64,115.0,0.0,0.0,0.38,0.29,0.0,0.165,0.0,0.0,0.0,0.0,219.0,83.5,173.0,48.0,224.5,88.5,222.5,91.5,0.0,0.0,3.0,1.0,182.5,61.0,149.5,33.5,7.5,3.5,19.5,11.0,29.0,19.0,4.0,3.5,204.5,73.5,158.0,38.5,12.5,9.0,9.5,7.0,2.0,1.0,5.5,2.5,1.5,231.5,900.0,6,0,2,0,2,2,0,0,0,0,2,0,0,0,165.1,160.02,115.0,29.0,29.0,0,0,0,0,0,0,0,0,0,0,0,0,0,1,0,1,0,0,0,0,1,0,0,0
Blue,False,0.00390625,1.5078125,0.35703125,0.5480078125,0.1474609375,0.726484375,0.916015625,1.56640625,1.13671875,0.83203125,116.4375,40.625,116.572265625,61.9453125,124.66796875,48.056640625,143.591796875,85.509765625,2.013671875,0.458984375,6.7421875,5.154296875,91.328125,23.828125,79.0703125,34.826171875,21.025390625,13.21484375,33.970703125,23.861328125,4.083984375,3.58203125,3.53125,3.2578125,105.361328125,33.20703125,92.994140625,44.923828125,2.337890625,1.1640625,5.48828125,3.771484375,8.73828125,6.25390625,18.08984375,13.25,69.921875,346.533203125,836.1328125,26,0,1,0,4,5,5,0,0,0,2,2,1,0,175.26,172.72,135.0,0.0471682548522949,0.0,0.45,0.4217682266235352,0.25,0.19173828125,0.1875,0.125,0.0,0.0,69.5,30.5,66.984375,27.8466796875,94.0,48.544921875,88.50390625,44.75,2.0,0.8125,2.015625,0.6640625,54.0,19.01513671875,51.483436584472656,16.9437255859375,7.91796875,5.430633544921875,7.75,5.0625,4.780975341796875,3.9373779296875,4.8994140625,3.84375,51.025390625,18.400863647460938,50.515625,17.5,5.75,3.75,5.5,3.5,5.375,3.6875,4.0,2.65625,104.865234375,89.5,655.8441009521484,0,0,0,0,0,0,0,0,0,0,0,0,0,0,172.72,182.88,125.0,27.0,22.0,1,0,0,0,0,0,0,0,0,0,0,0,0,0,0,1,0,0,0,0,0,0,1,0
Red,False,0.015625,0.0,0.45,0.4275,0.25,0.2,0.148468017578125,0.098388671875,0.0,0.0,66.5,29.6875,64.31230545043945,27.34375,89.75,48.0,85.53125,44.41152191162109,2.0,0.75,2.0546875,0.75,51.1875,18.3359375,49.6123046875,16.280410766601562,7.5,5.07647705078125,7.5,5.0,4.5,3.625,4.984375,3.9375,48.6875,17.0,47.11572265625,16.5,5.75,3.75,5.3125,3.4375,5.0625,3.5,3.875,2.5,99.2119140625,94.125,638.5,0,0,0,0,0,0,0,0,0,0,0,0,0,0,177.8,185.42,145.0,0.0,0.0,0.41,0.48,1.0,0.37,2.0,0.0,1.0,0.0,77.0,32.0,49.0,24.0,106.0,59.0,55.0,30.0,1.0,1.0,8.0,3.0,64.0,21.0,29.0,11.0,10.0,8.0,11.0,7.0,3.0,3.0,9.0,6.0,58.0,18.0,37.0,14.0,7.0,5.0,4.0,4.0,12.0,9.0,8.0,6.0,120.0,377.0,900.0,3,0,1,0,1,1,0,0,0,0,1,0,0,0,167.64,182.88,135.0,30.0,25.0,1,0,0,0,0,0,0,0,0,0,0,0,0,0,0,1,0,0,0,0,1,0,0,0
Red,False,0.0,0.0,0.7125,0.4125,0.69,0.0,0.0,1.75,0.0,0.0,47.0,34.0,44.0,16.25,108.0,87.25,80.0,51.25,10.0,7.0,1.0,0.0,35.0,22.75,38.5,12.75,8.75,8.0,3.5,1.5,3.25,3.25,2.0,2.0,16.0,9.5,34.0,8.0,12.75,11.25,7.5,6.0,18.25,13.25,2.5,2.25,759.25,52.0,900.0,9,0,3,0,3,3,0,0,0,0,3,0,0,0,182.88,190.5,170.0,0.001953125,0.0,0.459365234375,0.41060546875,0.414306640625,0.13740234375,0.953125,0.01171875,0.015625,0.015625,71.60546875,31.9951171875,71.4365234375,25.9140625,85.2041015625,44.853515625,95.078125,48.2529296875,8.0673828125,3.17578125,1.7119140625,0.7998046875,54.6044921875,21.3232421875,48.7353515625,10.0986328125,9.4111328125,5.3564453125,15.9150390625,10.419921875,7.58984375,5.3154296875,6.7861328125,5.3955078125,59.927734375,23.3310546875,57.5146484375,15.5751953125,5.81640625,3.3671875,13.775390625,10.2373046875,5.861328125,5.296875,0.146484375,0.1015625,223.146484375,114.6953125,823.375,31,0,0,1,7,9,2,0,0,3,4,0,2,0,167.64,170.18,170.0,32.0,37.0,0,0,0,0,0,0,0,0,0,1,0,0,0,0,0,1,0,0,0,0,1,0,0,0
Blue,False,0.546875,0.0,0.45296875,0.469609375,0.1353125,0.3718359375,0.171875,0.0,0.0,0.01171875,112.828125,49.96875,117.28515625,52.92578125,122.44921875,58.21875,131.58203125,66.22265625,2.09765625,0.52734375,3.16015625,1.390625,77.0625,23.49609375,78.27734375,28.16015625,18.16015625,11.4296875,25.203125,14.89453125,17.60546875,15.04296875,13.8046875,9.87109375,100.16015625,40.75,103.78515625,42.03515625,6.81640625,5.3125,7.05078125,5.26953125,5.8515625,3.90625,6.44921875,5.62109375,36.4375,133.94140625,694.87109375,23,0,0,1,3,5,4,0,0,0,1,2,2,0,172.72,177.8,135.0,0.0,0.125,0.4912499999999999,0.4075,0.4237499999999999,0.3325,0.5,0.875,0.5,0.0,51.75,25.625,38.375,17.375,65.625,37.875,53.25,31.75,3.125,1.375,4.875,1.375,34.125,12.5,22.75,9.25,12.25,8.0,11.875,5.25,5.375,5.125,3.75,2.875,32.875,11.75,24.875,6.5,11.625,7.875,9.5,8.25,7.25,6.0,4.0,2.625,239.5,150.375,686.25,9,0,0,1,1,2,2,0,0,0,2,0,0,0,167.64,172.72,135.0,25.0,38.0,1,0,0,0,0,0,0,0,0,0,0,0,0,0,0,0,0,0,1,0,0,0,1,0
Blue,False,0.015625,0.0,0.45,0.4275,0.25,0.2,0.148468017578125,0.098388671875,0.0,0.0,66.5,29.6875,64.31230545043945,27.34375,89.75,48.0,85.53125,44.41152191162109,2.0,0.75,2.0546875,0.75,51.1875,18.3359375,49.6123046875,16.280410766601562,7.5,5.07647705078125,7.5,5.0,4.5,3.625,4.984375,3.9375,48.6875,17.0,47.11572265625,16.5,5.75,3.75,5.3125,3.4375,5.0625,3.5,3.875,2.5,99.2119140625,94.125,638.5,0,0,0,0,0,0,0,0,0,0,0,0,0,0,198.12,208.28,205.0,0.71875,0.0,0.4603125,0.4828125,0.0,0.211875,0.25,0.03125,0.0,0.0,60.625,20.09375,43.375,24.71875,67.0625,25.5625,57.6875,37.03125,0.0,0.0,1.4375,0.75,53.1875,16.0625,27.65625,11.84375,5.9375,3.28125,9.5,7.8125,1.5,0.75,6.21875,5.0625,54.25,14.375,40.09375,21.8125,2.40625,2.15625,1.0,0.75,3.96875,3.5625,2.28125,2.15625,3.0625,28.96875,349.09375,10,1,0,2,2,3,3,0,0,0,0,3,0,0,185.42,193.04,205.0,26.0,28.0,0,0,0,0,0,1,0,0,0,0,0,0,0,0,0,1,0,0,0,0,0,0,1,0
Red,False,0.5,0.0,0.6599999999999999,0.56,0.5,0.0,0.0,0.0,0.0,0.0,59.0,38.0,30.5,14.5,112.5,83.0,63.5,45.5,0.5,0.5,7.5,0.0,42.5,25.5,14.0,2.0,13.5,10.0,3.0,2.5,3.0,2.5,13.5,10.0,24.5,9.0,26.5,11.0,31.0,26.0,4.0,3.5,3.5,3.0,0.0,0.0,31.0,305.0,466.5,4,0,2,0,2,2,0,0,0,0,1,1,0,0,172.72,170.18,115.0,0.0,0.0,0.38375,0.33,0.515,0.1925,1.25,0.625,0.0,0.75,108.125,40.375,130.5,45.25,122.375,54.0,140.125,54.375,3.0,1.25,5.0,1.25,85.125,26.375,99.25,22.5,14.5,10.25,12.375,6.375,8.5,3.75,18.875,16.375,97.375,31.125,122.5,40.875,3.375,3.125,4.75,2.25,7.375,6.125,3.25,2.125,200.875,24.375,803.0,10,0,3,0,3,3,1,0,0,0,1,0,2,0,162.56,162.56,125.0,29.0,31.0,0,0,0,0,0,0,0,0,0,0,0,0,0,1,0,1,0,0,0,0,1,0,0,0
Blue,False,0.015625,0.0,0.45,0.4275,0.25,0.2,0.148468017578125,0.098388671875,0.0,0.0,66.5,29.6875,64.31230545043945,27.34375,89.75,48.0,85.53125,44.41152191162109,2.0,0.75,2.0546875,0.75,51.1875,18.3359375,49.6123046875,16.280410766601562,7.5,5.07647705078125,7.5,5.0,4.5,3.625,4.984375,3.9375,48.6875,17.0,47.11572265625,16.5,5.75,3.75,5.3125,3.4375,5.0625,3.5,3.875,2.5,99.2119140625,94.125,638.5,0,0,0,0,0,0,0,0,0,0,0,0,0,0,180.34,182.88,185.0,0.00048828125,0.2802734375,0.64637451171875,0.5548974609375,0.6245458984375001,0.03125,0.812744140625,0.03125,0.0,0.25,32.83447265625,17.759521484375,39.97509765625,18.140625,55.072021484375,37.942626953125,60.338623046875,34.959228515625,3.611328125,2.18505859375,1.005126953125,0.125,19.369140625,7.13623046875,28.434814453125,10.452880859375,7.3173828125,5.1982421875,5.3369140625,3.45166015625,6.14794921875,5.425048828125,6.203369140625,4.236083984375,26.009765625,12.24169921875,32.796875,11.71923828125,0.801025390625,0.292236328125,3.70263671875,3.33837890625,6.023681640625,5.2255859375,3.4755859375,3.0830078125,243.46923828125,31.72119140625,554.474365234375,28,1,3,0,3,9,4,0,0,2,4,0,3,0,185.42,198.12,185.0,30.0,33.0,0,0,0,0,0,0,0,1,0,0,0,0,0,0,0,1,0,0,0,0,0,0,1,0
Red,False,0.0,0.140625,0.45234375,0.47640625,0.45640625,0.35890625,0.671875,0.6328125,0.25,0.0078125,49.2578125,21.8203125,27.7578125,13.59375,63.515625,34.6328125,38.171875,22.484375,4.3671875,2.8984375,1.1015625,0.765625,37.03125,13.7109375,21.703125,8.8671875,8.890625,6.2421875,3.4296875,2.421875,3.3359375,1.8671875,2.625,2.3046875,27.171875,10.6640625,21.5546875,8.7890625,3.8046875,2.96875,1.0390625,0.6328125,18.28125,8.1875,5.1640625,4.171875,220.9921875,120.09375,484.9296875,15,0,1,0,1,4,4,0,0,0,0,0,4,0,177.8,180.34,125.0,0.125,0.0,0.44125,0.375,0.41625,0.32625,0.875,0.0,0.5,0.5,137.0,63.75,121.0,45.75,160.0,85.0,144.125,64.75,0.75,0.5,8.25,3.25,105.125,42.75,103.75,33.625,17.75,10.0,6.5,5.0,14.125,11.0,10.75,7.125,122.25,52.625,108.75,38.875,9.5,6.5,8.25,4.0,5.25,4.625,4.0,2.875,207.75,102.375,881.375,12,0,2,0,2,3,1,0,0,1,1,0,1,0,165.1,170.18,125.0,29.0,28.0,0,0,0,1,0,0,0,0,0,0,0,0,0,0,0,0,0,1,0,0,1,0,0,0
Blue,False,0.92578125,0.009765625,0.4371875,0.45009765625,0.5012890625,0.5310546875,0.0,0.0,0.0,0.00390625,137.365234375,53.458984375,99.8046875,37.083984375,140.59765625,56.68359375,101.181640625,38.400390625,1.53515625,1.50390625,1.00390625,0.611328125,122.646484375,40.083984375,78.68359375,22.771484375,5.697265625,4.939453125,13.21875,7.8203125,9.021484375,8.435546875,7.90234375,6.4921875,128.4453125,46.095703125,98.912109375,36.83984375,1.09375,0.857421875,0.68359375,0.091796875,7.826171875,6.505859375,0.208984375,0.15234375,75.5546875,17.125,660.59375,21,0,0,1,6,8,2,0,0,0,4,4,0,0,182.88,185.42,170.0,0.50006103515625,0.078125,0.4670832824707031,0.4295769119262695,0.2414347839355468,0.0685466384887695,0.15673828125,0.1271095275878906,0.0009803771972656,0.00799560546875,54.94503402709961,23.604042053222656,44.87227249145508,17.52611541748047,81.08288192749023,47.44548797607422,61.21466827392578,31.073532104492188,3.652645111083984,1.6451873779296875,1.5309600830078125,0.422943115234375,40.84172821044922,15.050788879394531,28.744659423828125,6.598800659179688,10.21210479736328,6.210193634033203,6.798358917236328,3.9772262573242183,3.891201019287109,2.343059539794922,9.329254150390623,6.9500885009765625,38.050384521484375,10.2694091796875,35.764305114746094,12.522232055664062,4.341243743896484,3.513740539550781,5.630279541015625,2.2821083068847656,12.55340576171875,9.820892333984377,3.47768783569336,2.7217750549316406,142.07790756225586,139.24680709838867,480.2082405090332,48,0,1,0,7,14,5,0,0,1,7,5,1,0,190.5,203.2,170.0,32.0,31.0,0,0,0,0,0,0,0,0,0,1,0,0,0,0,0,1,0,0,0,0,1,0,0,0
Red,False,0.0626220703125,1.000244140625,0.4237250518798828,0.5778023910522461,0.2217269897460937,0.1375233459472656,0.5863800048828125,1.5958175659179688,0.0625,0.03173828125,131.0336685180664,59.25601196289063,125.9533805847168,75.07869720458984,164.38925170898438,87.85376739501953,140.52089309692383,88.0818099975586,5.820812225341797,1.45257568359375,7.4233551025390625,1.4038162231445312,110.67859649658205,44.97975158691406,101.95781707763672,54.789737701416016,18.976715087890625,12.913528442382812,12.929595947265623,10.420318603515623,1.37835693359375,1.36273193359375,11.065967559814451,9.868640899658203,107.517822265625,43.07173156738281,104.22513580322266,59.42273712158203,19.462554931640625,12.87469482421875,17.793121337890625,12.417694091796877,4.053291320800781,3.3095855712890625,3.935123443603516,3.238265991210937,131.7290153503418,162.3091697692871,778.8906745910645,48,0,1,0,6,14,5,0,0,2,8,3,1,0,177.8,180.34,145.0,0.0040283203125,0.265625,0.5298901367187501,0.337637939453125,0.196043701171875,0.3223876953125,1.0694580078125,0.1895751953125,0.568603515625,0.0,55.8203125,30.3272705078125,67.9193115234375,23.8770751953125,73.91796875,48.4068603515625,113.6705322265625,60.063720703125,2.5010986328125,0.2406005859375,2.29833984375,1.1475830078125,33.9830322265625,11.3702392578125,52.900634765625,12.170654296875,13.767822265625,12.0811767578125,10.3057861328125,8.4813232421875,8.0694580078125,6.8758544921875,4.712890625,3.22509765625,41.1446533203125,17.9852294921875,51.4964599609375,13.9996337890625,11.646240234375,10.8287353515625,13.217041015625,7.900146484375,3.0294189453125,1.5133056640625,3.205810546875,1.977294921875,65.3201904296875,276.91455078125,627.5631103515625,31,1,4,0,4,9,5,0,0,0,3,3,3,0,172.72,180.34,145.0,34.0,36.0,0,0,1,0,0,0,0,0,0,0,0,0,0,0,0,1,0,0,0,0,1,0,0,0
Blue,False,0.015625,0.0,0.45,0.4275,0.25,0.2,0.148468017578125,0.098388671875,0.0,0.0,66.5,29.6875,64.31230545043945,27.34375,89.75,48.0,85.53125,44.41152191162109,2.0,0.75,2.0546875,0.75,51.1875,18.3359375,49.6123046875,16.280410766601562,7.5,5.07647705078125,7.5,5.0,4.5,3.625,4.984375,3.9375,48.6875,17.0,47.11572265625,16.5,5.75,3.75,5.3125,3.4375,5.0625,3.5,3.875,2.5,99.2119140625,94.125,638.5,0,0,0,0,0,0,0,0,0,0,0,0,0,0,177.8,177.8,155.0,0.5,0.0,0.4325,0.4225,0.0,0.25,0.5,0.5,0.25,0.25,52.75,22.25,58.0,29.75,72.75,41.25,76.75,46.0,1.25,0.0,0.5,0.5,31.75,7.0,43.0,16.5,8.75,6.25,11.5,10.5,12.25,9.0,3.5,2.75,43.75,15.5,39.5,15.25,4.75,2.75,11.25,9.25,4.25,4.0,7.25,5.25,35.75,234.5,506.0,7,0,0,2,1,1,2,0,0,0,0,1,0,0,182.88,185.42,155.0,22.0,30.0,0,0,0,0,0,0,1,0,0,0,0,0,0,0,0,0,0,1,0,0,1,0,0,0
Blue,False,0.0,0.5,0.3399999999999999,0.49,0.5,0.5,0.0,0.0,0.0,0.5,79.0,27.5,158.5,77.5,81.5,29.0,177.5,94.0,2.5,0.5,1.0,0.5,75.5,25.5,106.0,37.5,3.5,2.0,25.0,15.5,0.0,0.0,27.5,24.5,75.5,26.5,124.5,57.5,3.5,1.0,22.0,12.5,0.0,0.0,12.0,7.5,34.0,80.5,714.0,5,0,0,2,0,0,2,0,0,0,0,0,0,0,182.88,182.88,145.0,0.5,0.5,0.855,0.4,0.0,0.5,0.5,0.0,0.0,0.0,4.5,3.5,11.0,5.0,4.5,3.5,11.0,5.0,0.0,0.0,0.5,0.5,3.0,2.0,9.0,3.5,0.5,0.5,1.0,1.0,1.0,1.0,1.0,0.5,3.5,2.5,4.5,1.5,0.0,0.0,0.0,0.0,1.0,1.0,6.5,3.5,1.0,12.0,32.5,2,0,1,0,1,1,1,0,0,0,0,1,0,0,180.34,180.34,145.0,27.0,24.0,0,0,1,0,0,0,0,0,0,0,0,0,0,0,0,1,0,0,0,0,0,0,1,0
Red,False,0.015625,0.0,0.45,0.4275,0.25,0.2,0.148468017578125,0.098388671875,0.0,0.0,66.5,29.6875,64.31230545043945,27.34375,89.75,48.0,85.53125,44.41152191162109,2.0,0.75,2.0546875,0.75,51.1875,18.3359375,49.6123046875,16.280410766601562,7.5,5.07647705078125,7.5,5.0,4.5,3.625,4.984375,3.9375,48.6875,17.0,47.11572265625,16.5,5.75,3.75,5.3125,3.4375,5.0625,3.5,3.875,2.5,99.2119140625,94.125,638.5,0,0,0,0,0,0,0,0,0,0,0,0,0,0,165.1,177.8,135.0,0.0,0.0,0.65,0.56,0.54,0.0,0.0,0.0,0.0,2.0,69.0,45.0,57.0,32.0,97.0,67.0,91.0,59.0,11.0,6.0,0.0,0.0,56.0,37.0,44.0,24.0,10.0,5.0,6.0,3.0,3.0,3.0,7.0,5.0,32.0,14.0,41.0,21.0,7.0,5.0,11.0,7.0,30.0,26.0,5.0,4.0,605.0,35.0,900.0,3,0,1,0,1,1,0,0,0,0,1,0,0,0,172.72,177.8,145.0,33.0,31.0,0,0,1,0,0,0,0,0,0,0,0,0,0,0,0,1,0,0,0,0,1,0,0,0
Red,False,0.0,1.0,0.43,0.45,1.0,0.0,0.0,0.0,0.0,0.0,90.0,39.0,71.0,32.0,92.0,41.0,76.0,34.0,2.0,2.0,0.0,0.0,59.0,17.0,52.0,17.0,10.0,6.0,5.0,3.0,21.0,16.0,14.0,12.0,89.0,38.0,64.0,27.0,0.0,0.0,0.0,0.0,1.0,1.0,7.0,5.0,11.0,4.0,585.0,2,0,0,1,0,0,1,0,0,0,0,0,0,0,180.34,182.88,170.0,0.0471682548522949,0.0,0.45,0.4217682266235352,0.25,0.19173828125,0.1875,0.125,0.0,0.0,69.5,30.5,66.984375,27.8466796875,94.0,48.544921875,88.50390625,44.75,2.0,0.8125,2.015625,0.6640625,54.0,19.01513671875,51.483436584472656,16.9437255859375,7.91796875,5.430633544921875,7.75,5.0625,4.780975341796875,3.9373779296875,4.8994140625,3.84375,51.025390625,18.400863647460938,50.515625,17.5,5.75,3.75,5.5,3.5,5.375,3.6875,4.0,2.65625,104.865234375,89.5,655.8441009521484,0,0,0,0,0,0,0,0,0,0,0,0,0,0,185.42,180.34,170.0,30.0,25.0,0,0,0,0,0,0,0,0,0,1,0,0,0,0,0,1,0,0,0,0,1,0,0,0
Red,False,0.015625,0.0,0.45,0.4275,0.25,0.2,0.148468017578125,0.098388671875,0.0,0.0,66.5,29.6875,64.31230545043945,27.34375,89.75,48.0,85.53125,44.41152191162109,2.0,0.75,2.0546875,0.75,51.1875,18.3359375,49.6123046875,16.280410766601562,7.5,5.07647705078125,7.5,5.0,4.5,3.625,4.984375,3.9375,48.6875,17.0,47.11572265625,16.5,5.75,3.75,5.3125,3.4375,5.0625,3.5,3.875,2.5,99.2119140625,94.125,638.5,0,0,0,0,0,0,0,0,0,0,0,0,0,0,154.94,157.48,115.0,0.0471682548522949,0.0,0.45,0.4217682266235352,0.25,0.19173828125,0.1875,0.125,0.0,0.0,69.5,30.5,66.984375,27.8466796875,94.0,48.544921875,88.50390625,44.75,2.0,0.8125,2.015625,0.6640625,54.0,19.01513671875,51.483436584472656,16.9437255859375,7.91796875,5.430633544921875,7.75,5.0625,4.780975341796875,3.9373779296875,4.8994140625,3.84375,51.025390625,18.400863647460938,50.515625,17.5,5.75,3.75,5.5,3.5,5.375,3.6875,4.0,2.65625,104.865234375,89.5,655.8441009521484,0,0,0,0,0,0,0,0,0,0,0,0,0,0,165.1,165.1,125.0,26.0,20.0,0,0,0,0,0,0,0,0,0,0,0,0,0,1,0,1,0,0,0,0,0,0,0,1
Red,False,0.015625,0.0,0.45,0.4275,0.25,0.2,0.148468017578125,0.098388671875,0.0,0.0,66.5,29.6875,64.31230545043945,27.34375,89.75,48.0,85.53125,44.41152191162109,2.0,0.75,2.0546875,0.75,51.1875,18.3359375,49.6123046875,16.280410766601562,7.5,5.07647705078125,7.5,5.0,4.5,3.625,4.984375,3.9375,48.6875,17.0,47.11572265625,16.5,5.75,3.75,5.3125,3.4375,5.0625,3.5,3.875,2.5,99.2119140625,94.125,638.5,0,0,0,0,0,0,0,0,0,0,0,0,0,0,175.26,177.8,155.0,0.312744140625,0.62548828125,0.42611083984375,0.47863037109375,0.008623046875,0.0744287109375,0.008544921875,0.043212890625,0.0,0.00390625,72.377685546875,35.02685546875,54.181640625,20.544677734375,76.2275390625,38.791748046875,66.6376953125,31.171630859375,0.767333984375,0.029296875,1.91943359375,0.328857421875,56.431396484375,22.85107421875,45.829833984375,14.204833984375,9.05712890625,6.00146484375,7.5078125,5.541259765625,6.88916015625,6.17431640625,0.843994140625,0.798583984375,55.564453125,23.11865234375,50.191162109375,17.396240234375,8.144287109375,5.51220703125,2.735107421875,2.018798828125,8.6689453125,6.39599609375,1.25537109375,1.129638671875,66.637451171875,61.86181640625,393.224853515625,27,0,1,0,5,8,5,0,0,1,3,1,3,0,177.8,182.88,155.0,23.0,29.0,0,0,0,0,0,0,1,0,0,0,0,0,0,0,0,1,0,0,0,0,0,0,1,0
Red,False,1.0,0.0,0.34,0.77,1.0,0.66,1.0,0.0,1.0,0.0,23.0,8.0,9.0,7.0,23.0,8.0,17.0,15.0,1.0,1.0,3.0,2.0,22.0,8.0,5.0,3.0,1.0,0.0,1.0,1.0,0.0,0.0,3.0,3.0,20.0,8.0,5.0,3.0,1.0,0.0,0.0,0.0,2.0,0.0,4.0,4.0,61.0,100.0,212.0,1,0,1,0,1,1,0,0,0,0,0,0,1,0,190.5,190.5,155.0,0.0,0.0,0.59,0.38,0.0,0.16,1.0,0.0,0.0,0.0,71.0,42.0,75.0,29.0,116.0,86.0,108.0,61.0,0.0,0.0,6.0,1.0,26.0,9.0,43.0,3.0,18.0,7.0,17.0,11.0,27.0,26.0,15.0,15.0,67.0,40.0,69.0,27.0,0.0,0.0,4.0,2.0,4.0,2.0,2.0,0.0,339.0,171.0,900.0,3,1,1,0,1,1,0,0,0,1,0,0,0,0,180.34,180.34,155.0,25.0,26.0,0,0,0,0,0,0,1,0,0,0,0,0,0,0,0,0,0,1,0,0,1,0,0,0
Blue,False,0.25,0.0,0.51,0.4137499999999999,0.0,0.034375,0.0,0.0,0.0,0.0,98.25,51.3125,109.3125,43.625,138.3125,86.8125,148.625,76.625,0.5,0.0,6.5,0.1875,60.9375,20.0625,62.9375,11.25,24.25,20.75,20.9375,11.8125,13.0625,10.5,25.4375,20.5625,74.0625,30.8125,93.5,33.25,23.6875,20.5,12.5625,9.5,0.5,0.0,3.25,0.875,42.5625,307.6875,930.25,12,1,1,0,3,4,1,0,0,1,1,2,0,0,175.26,180.34,135.0,0.0,0.0,0.4719140625,0.428984375,0.426640625,0.4803515625,0.92578125,0.03125,0.0,0.125,123.671875,54.140625,165.03125,75.7265625,160.1640625,86.28515625,195.45703125,101.82421875,5.296875,1.20703125,4.16796875,2.01953125,104.66015625,38.9453125,109.9453125,42.60546875,13.61328125,10.39453125,33.70703125,20.31640625,5.3984375,4.80078125,21.37890625,12.8046875,103.44140625,37.765625,138.796875,56.37109375,14.4609375,11.9453125,18.22265625,12.8515625,5.76953125,4.4296875,8.01171875,6.50390625,218.359375,268.83984375,1113.8671875,26,1,1,0,4,6,3,0,0,1,3,0,2,0,170.18,170.18,135.0,34.0,30.0,0,0,0,0,0,0,0,0,0,0,1,0,0,0,0,1,0,0,0,0,1,0,0,0
Blue,False,0.3125,0.0,0.41625,0.4728124999999999,0.15265625,0.33703125,0.609375,0.0,0.03125,0.0,100.421875,41.34375,88.265625,47.15625,111.484375,50.6875,107.765625,63.5625,0.765625,0.359375,2.078125,0.796875,80.25,25.484375,80.90625,41.734375,10.09375,7.5625,5.109375,4.234375,10.078125,8.296875,2.25,1.1875,72.578125,26.5,41.8125,10.96875,5.375,3.328125,1.6875,1.0,22.46875,11.515625,44.765625,35.1875,28.4375,292.984375,651.9375,20,1,6,0,6,6,1,0,0,2,2,2,0,0,180.34,180.34,145.0,0.5625,0.0,0.39125,0.445625,0.15625,0.2075,0.4375,0.0,0.0,0.25,72.875,24.25,60.125,25.9375,92.8125,41.9375,67.5625,32.5,1.125,0.5625,3.5625,1.25,65.75,20.375,49.875,17.625,4.25,2.625,5.9375,5.0,2.875,1.25,4.3125,3.3125,65.25,18.3125,53.25,21.6875,2.875,2.5,4.625,3.25,4.75,3.4375,2.25,1.0,51.3125,113.875,488.25,12,1,3,0,3,4,1,0,0,0,0,2,2,0,170.18,182.88,145.0,26.0,31.0,0,0,1,0,0,0,0,0,0,0,0,0,0,0,0,1,0,0,0,0,1,0,0,0
Red,False,0.0,0.5625,0.356875,0.47,0.12375,0.1875,0.4375,0.9375,0.0625,0.0,42.0,18.25,36.25,17.0625,75.875,43.4375,41.0,21.0625,1.0625,0.375,0.5625,0.3125,39.125,15.5625,28.9375,11.5,2.25,2.0625,4.9375,3.625,0.625,0.625,2.375,1.9375,30.5625,8.4375,29.3125,11.5625,0.9375,0.6875,0.5,0.4375,10.5,9.125,6.4375,5.0625,133.0625,37.375,312.0625,8,1,0,1,1,2,3,0,0,0,1,1,0,0,160.02,162.56,115.0,0.5,0.0,0.3325,0.475,0.25,0.58,0.0,0.75,0.75,0.5,127.0,43.5,123.25,59.5,155.75,69.25,133.25,69.0,2.0,1.0,3.5,1.0,95.75,24.0,85.75,28.75,24.25,13.75,18.0,13.0,7.0,5.75,19.5,17.75,113.25,33.5,102.75,41.75,11.75,8.75,14.5,12.75,2.0,1.25,6.0,5.0,101.0,299.75,900.0,9,0,0,3,0,0,3,0,0,0,0,0,0,0,170.18,175.26,115.0,27.0,31.0,0,0,0,0,0,0,0,0,0,0,0,0,0,1,0,0,0,0,1,0,0,0,1,0
Red,False,0.15625,0.390625,0.49359375,0.44796875,0.5175000000000001,0.1390625,0.0,0.0,0.0,0.0,105.8125,51.6484375,133.265625,59.9296875,108.1328125,53.9609375,138.484375,65.1484375,2.625,1.375,1.359375,0.4375,77.2265625,29.0546875,100.5078125,36.3203125,16.3515625,11.265625,17.9140625,11.421875,12.234375,11.328125,14.84375,12.1875,91.9609375,40.4921875,125.0390625,53.1796875,11.921875,9.3359375,5.3046875,4.21875,1.9296875,1.8203125,2.921875,2.53125,116.015625,46.28125,826.484375,19,0,2,0,2,5,3,0,0,1,0,4,0,0,177.8,180.34,170.0,0.8008998036384583,0.2031276226043701,0.4809823820739984,0.4444993656873703,0.1352854701131582,0.0015851031243801,0.0139503851532936,0.0156250149011611,0.0001258850097656,3.814697265625e-06,98.64467906206846,46.505496583878994,125.5334706529975,59.39657706022263,102.46518606692553,49.6904357150197,135.93350502848625,68.76102751493454,5.729592718183994,0.7054616436362267,2.1422392055392265,0.0079689100384712,57.80650741606951,17.273326329886913,88.25080793350935,30.50437504798174,26.33631230890751,20.49351665377617,19.634196773171425,14.362571142613888,14.501859337091446,8.738653600215912,17.64846594631672,14.529630869627,86.4230564236641,37.56933704763651,105.59663578867912,43.61182282119989,10.532235771417618,7.516883924603462,19.12134100496769,15.325723126530647,1.6893868669867516,1.4192756116390228,0.8154938593506813,0.4590311124920845,98.346663556993,31.23662543296814,941.710872337222,60,1,4,0,8,20,8,0,0,0,6,9,5,0,185.42,185.42,155.0,27.0,35.0,0,0,0,0,0,0,0,0,0,1,0,0,0,0,0,1,0,0,0,0,1,0,0,0
Red,False,0.0,0.5,0.46,0.475,0.8300000000000001,0.125,1.0,0.0,0.0,0.0,76.0,38.5,85.0,39.5,105.5,65.5,129.5,77.5,2.0,1.5,6.0,1.5,49.0,17.5,70.5,29.0,23.5,18.5,4.0,3.5,3.5,2.5,10.5,7.0,55.5,25.0,65.5,28.0,17.5,12.0,12.5,7.0,3.0,1.5,7.0,4.5,171.5,143.5,617.0,5,0,1,0,1,1,1,0,0,1,0,0,0,0,185.42,187.96,145.0,0.0471682548522949,0.0,0.45,0.4217682266235352,0.25,0.19173828125,0.1875,0.125,0.0,0.0,69.5,30.5,66.984375,27.8466796875,94.0,48.544921875,88.50390625,44.75,2.0,0.8125,2.015625,0.6640625,54.0,19.01513671875,51.483436584472656,16.9437255859375,7.91796875,5.430633544921875,7.75,5.0625,4.780975341796875,3.9373779296875,4.8994140625,3.84375,51.025390625,18.400863647460938,50.515625,17.5,5.75,3.75,5.5,3.5,5.375,3.6875,4.0,2.65625,104.865234375,89.5,655.8441009521484,0,0,0,0,0,0,0,0,0,0,0,0,0,0,175.26,193.04,155.0,29.0,25.0,0,0,0,0,0,0,1,0,0,0,0,0,0,0,0,0,0,1,0,0,1,0,0,0
Blue,False,0.0,0.0,0.45625,0.3025,0.28125,0.51875,0.125,0.875,0.0,0.0,106.0,49.875,70.875,23.75,155.0,95.625,100.75,50.875,4.5,1.875,6.375,3.5,95.125,39.875,57.5,13.75,8.625,8.0,5.375,3.125,2.25,2.0,8.0,6.875,76.875,25.5,62.75,19.0,1.625,0.625,3.125,1.125,27.5,23.75,5.0,3.625,160.75,282.75,900.0,12,0,0,2,1,1,3,0,0,0,1,0,0,0,167.64,172.72,125.0,0.5,0.5,0.41,0.415,0.0,1.0,0.5,0.5,0.0,0.0,27.0,10.5,34.0,16.5,30.5,13.0,47.5,28.0,0.5,0.0,1.5,1.5,23.0,8.5,28.0,13.5,2.0,1.0,6.0,3.0,2.0,1.0,0.0,0.0,12.0,4.0,15.0,6.0,1.5,0.5,0.0,0.0,13.5,6.0,19.0,10.5,30.5,252.5,405.0,3,0,1,0,1,1,1,0,0,0,0,0,1,0,167.64,175.26,125.0,27.0,24.0,0,0,0,1,0,0,0,0,0,0,0,0,0,0,0,1,0,0,0,0,0,0,0,1
Red,False,0.0,0.0,0.38,0.52,0.42,0.0,0.0,1.0,0.0,0.0,71.0,27.0,112.0,59.0,152.0,94.0,147.0,93.0,19.0,8.0,0.0,0.0,61.0,22.0,78.0,33.0,6.0,2.0,24.0,18.0,4.0,3.0,10.0,8.0,62.0,20.0,96.0,44.0,7.0,5.0,15.0,14.0,2.0,2.0,1.0,1.0,668.0,0.0,900.0,3,0,1,0,1,1,0,0,1,0,0,0,0,0,175.26,182.88,155.0,0.0,0.0,0.43,0.3,0.6375,0.0,0.75,0.0,0.0,0.0,67.5,25.5,50.5,21.75,75.0,31.5,53.75,24.5,3.0,1.75,0.0,0.0,58.0,20.0,38.0,12.75,7.0,3.25,8.5,5.75,2.5,2.25,4.0,3.25,62.25,22.25,48.5,20.0,3.25,2.25,1.0,1.0,2.0,1.0,1.0,0.75,123.25,7.25,515.0,7,0,0,1,2,2,1,0,0,0,0,0,2,0,167.64,177.8,155.0,32.0,32.0,0,0,0,0,0,0,1,0,0,0,0,0,0,0,0,1,0,0,0,0,1,0,0,0
Red,False,0.25,0.25,0.25,0.4925,0.125,0.8300000000000001,0.125,0.625,0.125,0.0,78.125,24.0,60.25,20.625,83.5,29.125,70.875,28.0,0.5,0.25,3.625,2.875,66.875,16.25,54.0,16.125,10.5,7.375,3.375,1.75,0.75,0.375,2.875,2.75,71.625,20.125,55.125,17.5,3.25,1.875,3.625,1.625,3.25,2.0,1.5,1.5,20.375,96.875,422.0,9,0,0,1,1,1,3,0,0,1,0,0,0,0,167.64,172.72,135.0,0.0,0.0,0.53,0.425,0.33,0.5,0.5,1.0,0.0,1.0,24.0,13.5,39.0,15.5,25.5,15.0,75.5,47.5,1.5,1.0,0.5,0.5,19.0,10.0,27.0,8.0,4.0,3.0,4.0,2.0,1.0,0.5,8.0,5.5,18.5,9.0,29.0,9.0,2.5,1.5,1.0,1.0,3.0,3.0,9.0,5.5,82.0,167.0,410.5,4,0,0,1,1,1,1,0,0,0,0,0,1,0,167.64,165.1,135.0,27.0,24.0,1,0,0,0,0,0,0,0,0,0,0,0,0,0,0,1,0,0,0,0,1,0,0,0
Blue,False,0.0,0.0,0.4175,0.4825,0.07,0.5,0.5,0.25,0.0,0.0,25.5,9.5,49.25,26.25,32.25,16.0,58.75,35.75,1.75,0.5,1.75,1.25,20.5,6.75,45.25,23.25,2.5,1.0,3.0,2.0,2.5,1.75,1.0,1.0,24.5,9.0,27.0,9.25,0.75,0.25,2.25,1.5,0.25,0.25,20.0,15.5,63.75,172.5,398.25,5,0,0,1,1,1,2,0,0,0,0,0,1,0,177.8,182.88,145.0,1.0625,0.0,0.291328125,0.468125,0.11421875,0.443984375,0.8828125,0.0,0.625,0.078125,108.3828125,30.890625,95.140625,43.9296875,129.515625,51.3359375,101.3515625,49.328125,3.34375,0.5078125,3.140625,1.765625,82.59375,16.25,84.546875,35.3671875,13.9765625,6.3046875,6.34375,4.703125,11.8125,8.3359375,4.25,3.859375,101.7421875,27.3984375,83.2421875,36.0546875,3.9921875,1.421875,1.2265625,0.9375,2.6484375,2.0703125,10.671875,6.9375,240.875,71.4609375,794.84375,21,0,0,1,4,4,4,0,0,1,1,1,1,0,177.8,180.34,145.0,31.0,26.0,0,0,1,0,0,0,0,0,0,0,0,0,0,0,0,1,0,0,0,0,1,0,0,0
Red,False,0.375,0.125,0.18875,0.40875,0.0,0.6875,0.0,0.5,0.0,0.0,78.875,25.25,80.0,34.125,85.0,30.375,108.75,61.0,0.0,0.0,1.125,1.0,65.875,18.625,64.25,23.875,9.25,4.125,11.625,6.5,3.75,2.5,4.125,3.75,75.5,23.375,65.75,24.875,1.25,0.625,5.125,3.875,2.125,1.25,9.125,5.375,2.125,166.75,480.125,8,0,1,0,1,2,2,0,0,0,1,1,0,0,182.88,185.42,185.0,0.0,0.0,0.6950000000000001,0.565,0.5,0.33,1.0,0.5,0.0,0.0,14.5,10.5,13.0,5.5,27.5,20.5,18.0,10.0,0.5,0.5,2.0,1.0,11.0,7.5,7.0,3.5,3.0,2.5,2.0,0.5,0.5,0.5,4.0,1.5,6.0,3.0,9.5,2.5,5.5,5.5,1.0,1.0,3.0,2.0,2.5,2.0,37.0,147.0,253.0,2,0,1,0,1,1,1,0,0,0,0,0,1,0,185.42,187.96,185.0,28.0,28.0,0,0,0,0,0,0,0,1,0,0,0,0,0,0,0,1,0,0,0,0,0,0,1,0
Blue,False,0.015625,0.765625,0.35015625,0.35765625,0.125,0.2890625,0.0,0.0625,0.0,0.0,57.65625,23.734375,86.59375,29.296875,66.5,31.671875,99.296875,39.40625,0.1875,0.125,2.203125,1.375,49.28125,18.53125,68.84375,17.4375,3.6875,1.296875,11.0,5.40625,4.6875,3.90625,6.75,6.453125,50.0625,18.703125,79.953125,26.34375,4.65625,2.84375,3.421875,1.265625,2.9375,2.1875,3.21875,1.6875,16.375,93.734375,493.203125,15,0,0,1,2,3,4,0,0,0,1,2,0,0,180.34,195.58,185.0,0.5,0.0,0.36390625,0.5115625,0.2396875,0.178125,0.0,0.1875,0.0,0.0,40.125,15.046875,48.28125,25.625,57.546875,31.1875,55.28125,31.375,2.4375,0.734375,1.703125,0.703125,31.015625,8.21875,34.0,14.578125,6.671875,4.59375,6.921875,4.53125,2.4375,2.234375,7.359375,6.515625,31.09375,8.046875,32.0,14.28125,5.4375,4.03125,4.53125,2.796875,3.59375,2.96875,11.75,8.546875,118.578125,70.921875,402.984375,17,0,0,1,2,4,3,0,0,1,2,1,0,0,185.42,198.12,185.0,34.0,37.0,0,0,0,0,0,0,0,1,0,0,0,0,0,0,0,0,0,0,1,0,1,0,0,0
Red,True,0.78515625,0.00048828125,0.5046667480468751,0.545634765625,0.069700927734375,0.3250567626953125,0.0,0.140869140625,0.500244140625,0.12506103515625,67.25958251953125,33.7061767578125,114.0771484375,72.52813720703125,68.2327880859375,34.67401123046875,127.845947265625,85.86358642578125,1.98992919921875,0.1427001953125,1.57220458984375,0.75274658203125,53.30035400390625,23.236328125,81.4268798828125,45.56878662109375,9.7322998046875,7.0555419921875,21.69622802734375,17.46038818359375,4.2269287109375,3.414306640625,10.95404052734375,9.49896240234375,49.21746826171875,19.94012451171875,87.0289306640625,51.38018798828125,3.22222900390625,1.74365234375,16.48992919921875,11.66668701171875,14.81988525390625,12.02239990234375,10.55828857421875,9.48126220703125,43.9189453125,120.26104736328124,878.5021362304688,34,0,2,0,6,12,3,0,0,1,1,10,0,0,190.5,200.66,260.0,0.5009765625,0.1484375,0.6021826171875,0.48578125,0.23623046875,0.5290625,0.33984375,0.0,0.0,0.0,61.5107421875,33.80517578125,75.3994140625,37.73486328125,87.7353515625,58.73291015625,79.685546875,41.99951171875,1.5244140625,0.70654296875,1.2119140625,0.59765625,50.79296875,25.94970703125,51.6630859375,19.7294921875,3.61376953125,2.841796875,14.26318359375,10.90478515625,7.10400390625,5.013671875,9.47314453125,7.1005859375,47.92236328125,23.34619140625,63.4609375,30.43701171875,7.73974609375,5.45654296875,9.74267578125,5.36181640625,5.8486328125,5.00244140625,2.19580078125,1.93603515625,74.0078125,56.48583984375,437.3720703125,34,7,4,0,4,10,2,0,0,1,3,3,3,0,180.34,182.88,235.0,33.0,39.0,0,0,0,0,1,0,0,0,0,0,0,0,0,0,0,1,0,0,0,0,1,0,0,0
Blue,False,0.25,0.0,0.5625,0.3,0.0,0.1725,0.5,0.0,0.0,0.0,157.0,86.75,137.0,37.0,168.5,97.75,147.5,46.25,1.25,0.0,11.25,1.75,109.0,47.0,117.5,23.5,20.75,16.5,8.5,4.5,27.25,23.25,11.0,9.0,138.0,70.75,126.5,31.25,14.5,12.0,9.5,4.75,4.5,4.0,1.0,1.0,53.5,174.0,1104.25,10,0,3,0,3,3,0,0,0,1,1,1,0,0,193.04,203.2,185.0,0.392822265625,0.53125,0.34017822265625,0.3755859375,0.0131884765625,0.0,0.00146484375,0.0,0.0,0.0,33.576171875,11.87841796875,20.494873046875,9.18359375,39.3837890625,16.471923828125,21.343017578125,10.028564453125,0.786865234375,0.13134765625,0.509765625,0.0,26.93212890625,8.429443359375,12.33642578125,6.72021484375,2.619873046875,1.36669921875,7.30419921875,2.173828125,4.024169921875,2.082275390625,0.854248046875,0.28955078125,28.647216796875,8.1884765625,16.787109375,6.43701171875,2.5712890625,1.6240234375,1.600830078125,1.2353515625,2.357666015625,2.06591796875,2.10693359375,1.51123046875,19.993896484375,2.24462890625,230.89697265625,21,0,2,0,5,9,4,0,0,0,2,6,1,0,185.42,195.58,185.0,29.0,34.0,0,0,0,0,0,0,0,1,0,0,0,0,0,0,0,0,0,0,1,0,0,0,1,0
Blue,False,0.0,0.0,0.5,0.4,0.0,0.365,0.0,0.5,0.0,0.5,101.5,45.5,152.5,55.5,107.5,50.0,169.0,69.5,2.0,0.0,9.0,5.5,65.0,19.0,121.0,33.5,32.0,23.5,18.0,12.0,4.5,3.0,13.5,10.0,95.5,40.5,128.5,40.5,5.5,4.5,7.5,5.0,0.5,0.5,16.5,10.0,5.5,329.5,885.0,6,0,0,1,1,1,1,0,0,0,1,0,0,0,172.72,182.88,145.0,0.0,0.0,0.35,0.3299999999999999,0.0,0.035,0.5,0.0,0.0,0.0,189.5,67.5,107.5,36.0,207.5,83.5,110.5,37.5,0.5,0.0,7.5,0.5,162.5,48.5,62.5,10.0,23.5,16.0,12.0,5.0,3.5,3.0,33.0,21.0,172.5,56.5,97.5,32.0,12.5,8.0,10.0,4.0,4.5,3.0,0.0,0.0,62.0,84.0,837.5,6,0,2,0,2,2,0,0,0,0,1,0,1,0,170.18,177.8,145.0,28.0,29.0,0,0,1,0,0,0,0,0,0,0,0,0,0,0,0,1,0,0,0,0,0,0,1,0
Red,False,0.0,0.0,0.3275,0.4,0.555,0.375,0.25,0.5,0.0,0.25,213.75,69.0,187.25,78.5,248.75,97.25,206.0,94.0,4.5,1.0,2.25,1.0,196.0,58.5,163.5,60.25,12.75,6.5,12.5,7.5,5.0,4.0,11.25,10.75,183.25,49.5,169.5,64.75,5.0,3.5,7.75,5.25,25.5,16.0,10.0,8.5,233.5,163.25,856.0,10,1,0,2,1,1,2,0,0,0,0,1,0,0,170.18,175.26,125.0,0.0,0.0,0.35,0.39,0.5,0.0,0.0,0.0,0.0,0.0,213.0,75.0,125.0,49.0,238.0,96.0,147.0,71.0,4.0,2.0,2.0,0.0,179.0,51.0,101.0,35.0,22.0,13.0,17.0,11.0,12.0,11.0,7.0,3.0,193.0,61.0,115.0,39.0,4.0,3.0,7.0,7.0,16.0,11.0,3.0,3.0,290.0,10.0,900.0,3,0,1,0,1,1,0,0,0,0,1,0,0,0,162.56,170.18,135.0,36.0,33.0,0,0,0,0,0,0,0,0,0,0,0,0,1,0,0,1,0,0,0,0,1,0,0,0
Blue,False,0.2509765625,0.640625,0.4748828125,0.3768847656249999,0.150673828125,0.0,0.5810546875,0.0,0.5009765625,0.001953125,71.349609375,37.73828125,97.4599609375,36.7919921875,80.6015625,46.6044921875,100.337890625,39.6123046875,5.51171875,0.7626953125,0.017578125,0.0,51.6982421875,25.3759765625,87.7822265625,30.05859375,19.068359375,11.779296875,7.6513671875,4.9921875,0.5830078125,0.5830078125,2.0263671875,1.7412109375,55.2080078125,24.0615234375,83.5048828125,28.419921875,6.6171875,4.7861328125,5.595703125,4.6845703125,9.5244140625,8.890625,8.359375,3.6875,128.5419921875,22.6220703125,614.2890625,20,0,5,0,5,8,3,0,0,0,1,3,4,0,185.42,182.88,185.0,0.013671875,0.625,0.44970458984375,0.5328100585937501,0.5103955078125,0.11375,1.270263671875,0.0625,0.0,0.000244140625,61.51318359375,28.54736328125,67.272705078125,37.01953125,89.528076171875,51.400390625,74.523681640625,43.167724609375,9.672607421875,4.943359375,0.8818359375,0.375,46.618408203125,19.0302734375,56.631591796875,27.7724609375,10.297119140625,5.764404296875,5.85205078125,5.00537109375,4.59765625,3.752685546875,4.7890625,4.24169921875,49.599365234375,20.2412109375,45.954833984375,20.09912109375,5.300048828125,3.6015625,8.098388671875,5.841796875,6.61376953125,4.70458984375,13.219482421875,11.07861328125,307.10302734375,48.172607421875,717.265625,32,5,9,0,9,10,3,0,0,0,3,4,3,0,187.96,198.12,185.0,38.0,34.0,0,0,0,0,0,0,0,1,0,0,0,0,0,0,0,1,0,0,0,0,1,0,0,0
Red,False,0.250091552734375,0.4610595703125,0.4612921142578124,0.5944982910156251,0.015655517578125,0.52207763671875,0.00506591796875,1.01580810546875,0.0,0.015655517578125,26.850982666015625,10.854095458984377,35.3858642578125,18.01171875,56.606048583984375,40.17788696289063,46.171630859375,27.391082763671875,0.016265869140625,0.015655517578125,1.133514404296875,1.056793212890625,19.5352783203125,6.20172119140625,28.542999267578125,12.953765869140623,6.065032958984375,3.839324951171875,3.0185546875,1.94561767578125,1.25067138671875,0.81304931640625,3.824310302734375,3.112335205078125,20.090484619140625,6.81561279296875,26.01937866210937,12.179718017578123,4.959014892578125,3.13739013671875,6.159881591796875,3.493682861328125,1.801483154296875,0.901092529296875,3.20660400390625,2.33831787109375,1.989654541015625,271.5503845214844,448.2849731445313,32,0,3,0,3,9,7,0,0,1,2,3,3,0,187.96,195.58,170.0,0.5,0.0,0.48,0.285,0.5,0.07,0.0,0.0,0.0,0.0,135.5,65.0,158.0,51.5,148.5,76.5,160.5,54.0,0.5,0.5,3.5,0.5,117.0,49.0,132.5,34.0,13.0,11.0,14.5,7.5,5.5,5.0,11.0,10.0,114.5,48.0,144.5,41.0,14.0,12.0,13.5,10.5,7.0,5.0,0.0,0.0,31.5,50.5,708.5,5,0,1,0,1,1,1,0,0,0,0,1,0,0,182.88,187.96,170.0,35.0,33.0,0,0,0,0,0,0,0,0,0,1,0,0,0,0,0,1,0,0,0,0,1,0,0,0
Red,False,0.0,0.5,0.445,0.505,0.415,0.5,1.0,1.0,0.0,0.0,159.0,71.5,127.5,66.0,226.0,131.5,180.5,111.5,2.5,1.0,4.0,2.0,132.0,50.5,115.0,56.0,16.0,13.0,11.5,9.0,11.0,8.0,1.0,1.0,134.0,51.5,90.5,44.5,13.5,11.0,20.5,11.5,11.5,9.0,16.5,10.0,168.5,281.0,794.5,6,0,0,2,0,0,2,0,0,0,0,0,0,0,180.34,177.8,155.0,1.0,0.5,0.4675,0.36,0.375,0.0275,0.0,0.0,0.0,0.0,186.75,88.75,198.875,73.0,205.5,104.625,199.75,73.875,0.375,0.375,6.375,0.25,146.125,59.375,170.5,56.375,26.5,17.5,15.125,7.375,14.125,11.875,13.25,9.25,170.875,76.75,189.125,68.5,9.0,7.125,4.75,2.0,6.875,4.875,5.0,2.5,25.875,48.5,743.375,12,0,3,0,3,3,1,0,0,0,2,1,0,0,180.34,190.5,145.0,32.0,27.0,0,0,1,0,0,0,0,0,0,0,0,0,0,0,0,1,0,0,0,0,1,0,0,0
Blue,False,0.09375,0.0,0.4298437499999999,0.36953125,0.0,0.375,0.125,0.65625,0.125,0.0,32.859375,14.109375,26.625,12.5,38.109375,18.90625,31.75,17.5,0.0,0.0,1.15625,0.625,13.703125,5.03125,21.15625,8.8125,8.515625,3.1875,3.4375,2.40625,10.640625,5.890625,2.03125,1.28125,28.8125,10.984375,20.0625,7.515625,0.453125,0.4375,0.90625,0.859375,3.59375,2.6875,5.65625,4.125,20.078125,65.8125,284.640625,8,0,2,0,2,4,3,0,0,0,0,3,1,0,185.42,190.5,253.0,0.0,0.0,0.4599999999999999,0.53,0.0,0.44,0.5,0.0,0.0,0.0,61.0,27.5,37.5,20.5,78.5,43.5,67.5,43.0,0.5,0.0,6.0,2.0,44.0,12.5,23.0,7.5,11.0,9.5,11.0,10.5,6.0,5.5,3.5,2.5,49.5,18.0,23.5,8.0,6.0,6.0,3.5,3.5,5.5,3.5,10.5,9.0,65.5,368.5,659.5,5,0,2,0,2,2,0,0,0,0,1,0,1,0,195.58,205.74,250.0,33.0,26.0,0,0,0,0,1,0,0,0,0,0,0,0,0,0,0,1,0,0,0,0,1,0,0,0
Red,False,0.0,0.1962890625,0.3968945312499999,0.483388671875,0.0957812499999999,0.524453125,0.0009765625,0.00390625,0.0,0.0,117.4990234375,49.205078125,129.0478515625,60.7978515625,132.9052734375,63.1552734375,156.6875,83.98046875,5.126953125,0.9208984375,6.798828125,6.12890625,102.9267578125,39.373046875,119.443359375,53.8212890625,10.115234375,6.3447265625,7.662109375,5.044921875,4.45703125,3.4873046875,1.9423828125,1.931640625,93.2802734375,32.193359375,106.568359375,43.7646484375,17.576171875,11.6435546875,13.587890625,9.6650390625,6.642578125,5.3681640625,8.8916015625,7.3681640625,133.2568359375,251.4501953125,835.5380859375,25,0,0,1,3,6,5,0,0,1,3,2,0,0,187.96,193.04,205.0,0.0,0.25,0.4825,0.5865625,0.1421875,0.5625,0.21875,0.5,0.125,0.0,37.25,18.25,25.09375,11.9375,43.15625,22.8125,27.25,13.375,0.875,0.5,0.8125,0.625,31.03125,13.59375,19.84375,8.96875,5.03125,3.5,3.5625,1.84375,1.1875,1.15625,1.6875,1.125,30.28125,12.9375,17.96875,5.125,6.375,4.71875,1.0625,0.75,0.59375,0.59375,6.0625,6.0625,24.53125,35.59375,187.90625,9,0,4,0,4,4,2,0,0,0,0,1,3,0,190.5,195.58,205.0,37.0,31.0,0,0,0,0,0,1,0,0,0,0,0,0,0,0,0,1,0,0,0,0,1,0,0,0
Red,False,0.1255035400390625,0.312744140625,0.5104356193542481,0.6254235649108887,0.7669380187988282,0.5143621826171875,1.5147933959960938,0.5079841613769531,0.5000495910644531,0.5020198822021484,49.405046463012695,26.91623878479004,78.59593200683594,48.33650970458984,68.81754875183105,44.65173149108887,115.24349784851074,82.2021713256836,0.9287338256835938,0.8066787719726562,3.3867969512939453,3.0994110107421875,42.06627655029297,20.6279411315918,57.2574462890625,31.537670135498047,4.889242172241211,3.9678897857666016,11.217700958251951,7.408588409423828,2.449527740478516,2.3204078674316406,10.120784759521484,9.390251159667969,33.599069595336914,16.19175910949707,45.65069961547852,24.36306953430176,7.62828254699707,5.107780456542969,8.850055694580078,7.070196151733398,8.177694320678711,5.61669921875,24.095176696777344,16.903244018554688,99.6143970489502,324.0184860229492,641.1906261444092,44,1,0,2,3,10,10,0,0,1,2,3,4,0,185.42,195.58,205.0,0.039306640625,0.6298828125,0.3702978515625,0.47233154296875,0.0042724609375,0.05640625,0.0,0.001953125,0.0,0.0,158.2060546875,58.702392578125,132.853515625,63.79443359375,160.57666015625,60.912109375,136.84326171875,67.716796875,0.090087890625,0.005615234375,1.828857421875,0.296875,128.502685546875,37.5556640625,108.228271484375,44.202392578125,17.0205078125,9.53857421875,10.928955078125,7.7255859375,12.682861328125,11.608154296875,13.6962890625,11.866455078125,156.061279296875,57.334716796875,124.783203125,60.028564453125,0.885986328125,0.42333984375,7.4755859375,3.718505859375,1.2587890625,0.9443359375,0.5947265625,0.04736328125,4.646484375,28.484375,863.456787109375,34,0,0,1,2,6,7,0,0,2,0,4,0,0,190.5,193.04,230.0,38.0,33.0,0,0,0,0,0,1,0,0,0,0,0,0,0,0,0,1,0,0,0,0,1,0,0,0
Blue,False,0.046875,0.625,0.346328125,0.2952734375,0.2883984375,0.050859375,0.28515625,0.0,0.0,0.0,117.4296875,38.78125,130.34765625,40.03125,128.18359375,48.34765625,149.75390625,56.140625,1.03515625,0.8515625,4.734375,0.35546875,112.28125,35.6171875,91.359375,18.6328125,3.25,1.43359375,21.57421875,9.546875,1.8984375,1.73046875,17.4140625,11.8515625,108.765625,33.0625,113.796875,30.23046875,2.65234375,1.6328125,2.56640625,1.66796875,6.01171875,4.0859375,13.984375,8.1328125,53.640625,97.1875,556.45703125,23,0,2,0,3,6,3,0,0,2,2,1,1,0,185.42,193.04,185.0,0.28125,0.0625,0.6375390625,0.3737109375,0.419921875,0.2012890625,0.0,0.5234375,0.125,0.0,29.1484375,16.1796875,46.58984375,17.73828125,32.484375,19.33984375,55.41796875,23.63671875,1.390625,0.8515625,2.23828125,0.6640625,18.16796875,7.86328125,33.76171875,10.33203125,5.52734375,3.77734375,8.55078125,5.36328125,5.453125,4.5390625,4.27734375,2.04296875,24.01171875,12.1328125,32.0625,9.8046875,2.76953125,1.96875,4.27734375,3.08984375,2.3671875,2.078125,10.25,4.84375,48.453125,71.453125,353.984375,21,0,3,0,3,6,3,0,0,1,3,2,0,0,185.42,187.96,170.0,27.0,37.0,0,0,0,0,0,0,0,0,0,1,0,0,0,0,0,1,0,0,0,0,1,0,0,0
Blue,False,0.0,0.063232421875,0.29046142578125,0.33888671875,0.13293212890625,0.50923095703125,0.1572265625,0.546875,0.0,0.0,194.40771484375,52.87255859375,181.713134765625,59.131591796875,233.9609375,87.5234375,208.416259765625,82.203857421875,8.978759765625,0.893310546875,1.749755859375,1.563232421875,136.373046875,20.82958984375,164.66162109375,50.0859375,30.62548828125,11.200927734375,15.555419921875,8.092041015625,27.4091796875,20.842041015625,1.49609375,0.95361328125,183.5263671875,46.8037109375,164.87109375,49.4326171875,6.95458984375,4.0703125,7.950439453125,3.464111328125,3.9267578125,1.99853515625,8.8916015625,6.23486328125,178.956787109375,94.66552734375,859.54150390625,36,1,3,0,3,7,6,0,0,1,4,0,2,0,180.34,190.5,170.0,0.0703125,0.03125,0.2380078125,0.4246484375,0.52609375,0.09953125,0.25,0.0,0.0078125,0.50390625,58.265625,13.28125,62.12890625,26.26953125,69.95703125,23.58203125,77.45703125,41.37109375,6.39453125,3.5390625,3.11328125,0.5546875,52.30859375,9.8046875,42.0390625,10.12109375,5.2890625,2.83984375,16.76953125,12.88671875,0.66796875,0.63671875,3.3203125,3.26171875,51.85546875,10.0546875,55.65625,21.7578125,4.3671875,1.82421875,3.70703125,2.02734375,2.04296875,1.40234375,2.765625,2.484375,195.34765625,141.44921875,753.18359375,22,0,2,0,2,5,4,0,0,1,1,2,1,0,175.26,182.88,170.0,33.0,31.0,0,0,0,0,0,0,0,0,0,1,0,0,0,0,0,1,0,0,0,0,1,0,0,0
Red,False,0.0,0.625,0.4490625,0.4615625,0.1875,0.6034375,0.0,0.03125,0.0,0.0,158.03125,72.59375,176.03125,91.53125,175.625,88.09375,207.1875,120.03125,3.1875,0.625,4.625,3.125,106.75,35.375,127.0,50.28125,24.03125,13.59375,23.78125,17.0,27.25,23.625,25.25,24.25,151.03125,69.21875,156.25,77.5,6.09375,2.59375,11.8125,8.0,0.90625,0.78125,7.96875,6.03125,62.25,195.78125,1050.0,20,1,0,2,2,2,4,0,0,0,2,0,0,0,175.26,165.1,145.0,0.0335464477539062,6.103515625e-05,0.4855308532714844,0.3686830902099609,0.0617768859863281,0.3333492660522461,0.0625,0.8131942749023438,0.5000190734863281,0.0,121.16059494018556,59.345890045166016,112.49199676513672,45.24565505981445,124.54963302612305,62.210697174072266,128.08541107177734,58.709999084472656,1.903404235839844,0.1474800109863281,3.445903778076172,1.3763694763183594,79.16345977783203,30.631122589111328,97.00207901000977,32.0788688659668,30.65483856201172,19.59674072265625,9.318229675292969,7.836994171142578,11.342296600341797,9.118026733398438,6.171688079833984,5.329792022705078,114.13222885131836,54.04523086547852,98.27841567993164,35.44478225708008,3.473011016845703,2.03836441040039,6.19183349609375,4.034534454345703,3.5553550720214844,3.2622947692871094,8.021747589111328,5.766338348388672,50.087100982666016,164.5084342956543,711.4441757202148,47,1,0,1,4,10,9,0,0,1,5,4,0,0,177.8,185.42,155.0,32.0,32.0,0,0,1,0,0,0,0,0,0,0,0,0,0,0,0,0,0,1,0,0,0,0,1,0
Blue,False,0.859375,0.25,0.640859375,0.3551171875,0.0428125,0.0528515625,0.0234375,0.00390625,0.03515625,0.125,33.1796875,19.21875,31.51953125,16.4921875,34.375,20.22265625,37.609375,22.04296875,0.73828125,0.1328125,0.87109375,0.23828125,29.9296875,16.4453125,21.96484375,8.17578125,1.3125,0.91796875,4.21875,3.76953125,1.9375,1.85546875,5.3359375,4.546875,30.03125,16.80859375,20.35546875,8.55078125,1.92578125,1.41796875,2.75390625,1.4140625,1.22265625,0.9921875,8.41015625,6.52734375,11.04296875,52.2265625,195.09375,19,0,0,1,3,6,3,0,0,0,1,5,0,0,193.04,193.04,205.0,0.125,0.0,0.5325,0.49375,0.0,0.33,0.0,0.5,0.0,0.0,69.375,32.875,57.5,27.125,74.375,37.75,83.875,53.5,0.125,0.0,2.0,1.0,53.875,21.0,52.625,23.5,10.875,7.875,4.125,2.875,4.625,4.0,0.75,0.75,58.125,26.5,48.0,21.75,10.25,5.875,6.0,2.875,1.0,0.5,3.5,2.5,14.75,60.125,336.5,7,1,3,0,3,3,1,0,0,1,0,2,0,0,187.96,190.5,205.0,30.0,29.0,0,0,0,0,0,1,0,0,0,0,0,0,0,0,0,1,0,0,0,0,1,0,0,0
Blue,False,1.0,0.0,0.41,0.215,0.5,0.15,0.0,0.5,0.0,0.0,136.5,60.0,154.5,34.5,151.0,72.5,178.5,54.5,1.5,0.5,7.0,1.5,121.5,48.5,139.0,22.5,9.0,6.0,14.0,10.5,6.0,5.5,1.5,1.5,120.0,49.5,149.0,32.0,7.0,6.0,1.5,0.5,9.5,4.5,4.0,2.0,57.5,222.5,900.0,6,0,0,1,1,1,1,0,0,0,1,0,0,0,177.8,182.88,155.0,0.25,0.3125,0.385,0.46375,0.4,0.078125,0.5,0.125,0.0625,0.0,60.875,26.5625,91.375,42.25,64.625,30.1875,127.125,75.75,2.5,2.0,6.5,0.6875,49.4375,21.5,68.75,24.0,4.8125,1.9375,13.5,9.875,6.625,3.125,9.125,8.375,50.0625,19.875,74.375,28.0,6.5625,3.5,7.0625,5.5625,4.25,3.1875,9.9375,8.6875,194.6875,89.25,577.25,9,0,0,3,1,1,4,0,0,0,0,1,0,0,177.8,182.88,155.0,23.0,31.0,0,0,0,0,0,0,1,0,0,0,0,0,0,0,0,0,0,1,0,0,1,0,0,0
Red,False,0.015625,0.0,0.45,0.4275,0.25,0.2,0.148468017578125,0.098388671875,0.0,0.0,66.5,29.6875,64.31230545043945,27.34375,89.75,48.0,85.53125,44.41152191162109,2.0,0.75,2.0546875,0.75,51.1875,18.3359375,49.6123046875,16.280410766601562,7.5,5.07647705078125,7.5,5.0,4.5,3.625,4.984375,3.9375,48.6875,17.0,47.11572265625,16.5,5.75,3.75,5.3125,3.4375,5.0625,3.5,3.875,2.5,99.2119140625,94.125,638.5,0,0,0,0,0,0,0,0,0,0,0,0,0,0,172.72,177.8,135.0,0.625,0.0,0.40375,0.45625,0.285,0.06125,0.0,1.5,0.0,0.5,70.125,28.625,106.375,49.75,84.5,41.375,126.875,67.75,3.625,2.0,1.375,0.25,50.375,13.875,83.0,32.25,11.5,8.125,13.375,9.5,8.25,6.625,10.0,8.0,59.875,20.0,96.5,42.375,2.25,1.625,3.875,1.75,8.0,7.0,6.0,5.625,198.875,106.5,766.5,11,0,0,2,1,1,3,0,0,0,0,1,0,0,175.26,177.8,135.0,24.0,30.0,1,0,0,0,0,0,0,0,0,0,0,0,0,0,0,0,0,1,0,0,1,0,0,0
Red,False,0.015625,0.0,0.45,0.4275,0.25,0.2,0.148468017578125,0.098388671875,0.0,0.0,66.5,29.6875,64.31230545043945,27.34375,89.75,48.0,85.53125,44.41152191162109,2.0,0.75,2.0546875,0.75,51.1875,18.3359375,49.6123046875,16.280410766601562,7.5,5.07647705078125,7.5,5.0,4.5,3.625,4.984375,3.9375,48.6875,17.0,47.11572265625,16.5,5.75,3.75,5.3125,3.4375,5.0625,3.5,3.875,2.5,99.2119140625,94.125,638.5,0,0,0,0,0,0,0,0,0,0,0,0,0,0,172.72,172.72,145.0,0.25,0.0,0.3675,0.4875,0.165,0.0,0.0,0.0,0.0,0.0,158.5,60.5,200.0,98.5,160.25,62.0,201.75,100.0,2.0,0.5,0.5,0.0,143.25,49.5,141.25,54.25,9.0,5.75,26.5,17.5,6.25,5.25,32.25,26.75,151.25,56.75,196.25,96.5,1.75,0.5,3.75,2.0,5.5,3.25,0.0,0.0,12.75,0.0,833.0,9,0,2,0,2,2,1,0,0,0,1,1,0,0,180.34,182.88,145.0,26.0,30.0,0,0,1,0,0,0,0,0,0,0,0,0,0,0,0,1,0,0,0,0,1,0,0,0
Blue,False,0.0,0.0,0.385,0.42,0.255,0.25,0.5,2.5,0.5,2.0,87.5,34.0,149.0,63.5,115.5,56.0,225.0,133.0,9.0,2.0,1.0,0.5,72.0,21.0,134.5,52.0,4.5,3.5,11.5,9.5,11.0,9.5,3.0,2.0,77.5,27.0,104.0,35.0,2.0,1.5,8.0,6.5,8.0,5.5,37.0,22.0,371.0,147.0,897.0,6,0,0,2,0,0,2,0,0,0,0,0,0,0,162.56,172.72,135.0,0.0,1.0,0.395,0.47875,0.2625,0.21875,1.375,0.0,0.125,0.625,73.25,26.375,84.0,46.0,111.0,59.5,124.75,82.625,4.0,1.125,0.875,0.75,65.375,20.5,77.125,40.375,5.5,4.125,4.5,3.75,2.375,1.75,2.375,1.875,42.875,8.875,54.625,26.75,4.25,2.375,4.0,3.0,26.125,15.125,25.375,16.25,169.375,332.5,717.75,10,0,1,0,1,2,2,0,0,0,1,0,1,0,170.18,170.18,135.0,31.0,30.0,0,0,0,0,0,0,0,0,0,0,1,0,0,0,0,1,0,0,0,0,1,0,0,0
Blue,False,0.015625,0.0,0.45,0.4275,0.25,0.2,0.148468017578125,0.098388671875,0.0,0.0,66.5,29.6875,64.31230545043945,27.34375,89.75,48.0,85.53125,44.41152191162109,2.0,0.75,2.0546875,0.75,51.1875,18.3359375,49.6123046875,16.280410766601562,7.5,5.07647705078125,7.5,5.0,4.5,3.625,4.984375,3.9375,48.6875,17.0,47.11572265625,16.5,5.75,3.75,5.3125,3.4375,5.0625,3.5,3.875,2.5,99.2119140625,94.125,638.5,0,0,0,0,0,0,0,0,0,0,0,0,0,0,182.88,182.88,155.0,0.0471682548522949,0.0,0.45,0.4217682266235352,0.25,0.19173828125,0.1875,0.125,0.0,0.0,69.5,30.5,66.984375,27.8466796875,94.0,48.544921875,88.50390625,44.75,2.0,0.8125,2.015625,0.6640625,54.0,19.01513671875,51.483436584472656,16.9437255859375,7.91796875,5.430633544921875,7.75,5.0625,4.780975341796875,3.9373779296875,4.8994140625,3.84375,51.025390625,18.400863647460938,50.515625,17.5,5.75,3.75,5.5,3.5,5.375,3.6875,4.0,2.65625,104.865234375,89.5,655.8441009521484,0,0,0,0,0,0,0,0,0,0,0,0,0,0,172.72,182.88,155.0,27.0,28.0,0,0,0,0,0,0,1,0,0,0,0,0,0,0,0,0,0,1,0,0,1,0,0,0
Red,False,0.0,1.0,0.325,0.39,0.0,0.33,0.5,0.0,0.0,0.0,142.0,49.0,102.0,39.0,150.5,56.5,107.0,43.0,4.0,0.0,1.5,1.0,120.0,34.5,89.0,29.0,12.5,6.5,5.0,3.5,9.5,8.0,8.0,6.5,128.0,39.0,91.5,31.5,11.5,8.0,1.5,1.0,2.5,2.0,9.0,6.5,28.5,105.0,900.0,6,0,1,0,1,1,1,0,0,1,0,0,0,0,182.88,185.42,155.0,0.0078125,0.25,0.443046875,0.598359375,0.41125,0.358125,0.671875,0.15625,0.0,0.0,68.3359375,31.140625,53.8984375,31.21875,85.046875,44.828125,62.8125,39.1796875,2.453125,1.578125,3.2109375,1.78125,56.953125,22.8671875,30.9453125,13.1640625,5.5703125,3.75,13.7890625,10.421875,5.8125,4.5234375,9.1640625,7.6328125,53.6328125,20.625,36.3125,18.4609375,6.4765625,3.71875,3.765625,2.0078125,8.2265625,6.796875,13.8203125,10.75,97.75,229.7265625,724.4453125,19,0,3,0,3,5,3,0,1,1,1,2,0,0,177.8,177.8,155.0,26.0,28.0,0,0,0,0,0,0,1,0,0,0,0,0,0,0,0,1,0,0,0,0,0,0,1,0
Red,False,0.0,0.0,0.655,0.385,0.5,0.0,0.5,0.0,0.0,0.0,70.5,47.0,77.0,39.5,94.5,68.0,113.5,71.5,0.5,0.5,3.0,0.0,59.0,36.0,54.5,21.5,7.5,7.0,16.5,13.0,4.0,4.0,6.0,5.0,32.5,17.0,43.5,12.0,26.5,20.0,33.5,27.5,11.5,10.0,0.0,0.0,73.0,174.0,514.0,4,0,1,0,1,1,1,0,0,0,0,0,1,0,190.5,190.5,249.0,0.5,0.0,0.49,0.38,0.8300000000000001,0.0,0.0,0.5,0.0,0.0,34.0,16.5,70.5,22.5,78.0,51.0,82.5,34.0,2.0,1.5,0.0,0.0,33.0,16.0,54.5,10.0,1.0,0.5,10.0,6.5,0.0,0.0,6.0,6.0,22.5,9.5,61.5,18.0,4.5,3.0,7.0,3.5,7.0,4.0,2.0,1.0,281.5,0.0,659.5,5,0,1,0,1,1,1,0,0,0,1,0,0,0,185.42,190.5,245.0,26.0,32.0,0,0,0,0,1,0,0,0,0,0,0,0,0,0,0,1,0,0,0,0,1,0,0,0
Blue,False,0.515625,0.00390625,0.4698828125,0.371337890625,0.5384960937500001,0.0235546875,1.12890625,0.0009765625,0.0,0.2734375,43.8427734375,21.2607421875,60.962890625,21.9091796875,63.1318359375,39.220703125,86.390625,45.1171875,3.0439453125,1.3984375,1.1435546875,0.0712890625,36.927734375,16.1748046875,42.341796875,9.4775390625,4.1455078125,2.75390625,14.8203125,10.0732421875,2.76953125,2.33203125,3.80078125,2.3583984375,31.8662109375,12.2421875,44.96875,9.2001953125,4.134765625,1.853515625,12.6142578125,10.0419921875,7.841796875,7.1650390625,3.3798828125,2.6669921875,209.005859375,80.3017578125,639.5048828125,26,0,0,1,3,7,4,0,0,0,4,0,3,0,165.1,170.18,125.0,0.015625,0.0126953125,0.3689355468749999,0.33501953125,0.0840234374999999,0.30982421875,0.0107421875,0.0166015625,0.0322265625,0.0166015625,155.38671875,59.076171875,147.76953125,48.39453125,169.453125,71.560546875,185.3564453125,79.2802734375,0.908203125,0.2451171875,9.8603515625,2.3662109375,142.05078125,51.763671875,107.2685546875,24.62109375,10.306640625,4.9306640625,23.4736328125,11.7490234375,3.029296875,2.3818359375,17.02734375,12.0244140625,146.9521484375,52.2861328125,135.0263671875,40.654296875,5.681640625,5.3310546875,4.9912109375,2.40234375,2.7529296875,1.458984375,7.751953125,5.337890625,22.86328125,353.6982421875,971.0263671875,34,0,1,0,4,8,3,0,0,1,7,0,0,0,167.64,175.26,125.0,33.0,25.0,0,0,0,1,0,0,0,0,0,0,0,0,0,0,0,1,0,0,0,0,1,0,0,0
Red,False,0.015625,0.0,0.45,0.4275,0.25,0.2,0.148468017578125,0.098388671875,0.0,0.0,66.5,29.6875,64.31230545043945,27.34375,89.75,48.0,85.53125,44.41152191162109,2.0,0.75,2.0546875,0.75,51.1875,18.3359375,49.6123046875,16.280410766601562,7.5,5.07647705078125,7.5,5.0,4.5,3.625,4.984375,3.9375,48.6875,17.0,47.11572265625,16.5,5.75,3.75,5.3125,3.4375,5.0625,3.5,3.875,2.5,99.2119140625,94.125,638.5,0,0,0,0,0,0,0,0,0,0,0,0,0,0,190.5,195.58,155.0,0.84375,0.0,0.456484375,0.390078125,0.0475,0.03671875,0.28125,0.0,0.0,0.0078125,54.7421875,26.859375,54.1328125,20.234375,57.9296875,29.9375,59.234375,24.203125,0.953125,0.3125,2.3671875,0.4296875,40.9609375,16.8984375,44.859375,13.6171875,4.5703125,2.4140625,4.796875,3.1015625,9.2109375,7.546875,4.4765625,3.515625,48.75,22.859375,48.90625,16.6953125,1.203125,1.1484375,4.6484375,3.3515625,4.7890625,2.8515625,0.578125,0.1875,52.0703125,69.1953125,400.6953125,14,0,0,1,4,6,2,0,0,0,0,3,3,0,180.34,190.5,170.0,23.0,26.0,0,0,0,0,0,0,0,0,0,1,0,0,0,0,0,0,0,1,0,0,1,0,0,0
Red,False,0.000732421875,0.0625,0.489825439453125,0.473131103515625,0.31258056640625,0.484495849609375,2.0343017578125,0.0,0.658203125,0.000244140625,55.909423828125,29.4498291015625,71.560546875,34.29638671875,66.1392822265625,39.3160400390625,82.6884765625,44.064453125,0.6768798828125,0.375732421875,5.6455078125,2.7099609375,39.8358154296875,18.7364501953125,52.98486328125,19.8804931640625,12.471435546875,7.7989501953125,12.0361328125,9.4261474609375,3.6021728515625,2.9144287109375,6.53955078125,4.98974609375,47.5994873046875,22.9530029296875,54.034423828125,21.655029296875,2.1474609375,1.807373046875,7.5263671875,6.2176513671875,6.1624755859375,4.689453125,9.999755859375,6.4237060546875,94.609375,214.849853515625,576.630615234375,36,4,0,1,5,8,6,0,0,1,1,2,4,0,177.8,182.88,155.0,0.0333251953125,0.13330078125,0.5109326171875,0.428446044921875,0.02473876953125,0.3003515625,1.546142578125,0.00390625,0.03515625,0.005859375,180.169921875,91.946533203125,152.236572265625,66.6754150390625,184.02197265625,95.56298828125,163.2210693359375,76.525146484375,0.6846923828125,0.02587890625,4.964599609375,1.6796875,140.0474853515625,61.2764892578125,123.6595458984375,46.8199462890625,21.519775390625,13.3250732421875,21.98046875,14.21728515625,18.6026611328125,17.344970703125,6.5965576171875,5.63818359375,168.060302734375,82.3431396484375,133.6944580078125,54.9473876953125,1.72119140625,1.449462890625,1.9796142578125,0.60302734375,10.388427734375,8.1539306640625,16.5625,11.125,7.3779296875,176.051025390625,920.650146484375,31,2,3,0,10,13,1,0,0,1,3,2,6,1,180.34,193.04,155.0,31.0,34.0,0,0,0,0,0,0,1,0,0,0,0,0,0,0,0,1,0,0,0,0,1,0,0,0
Blue,False,0.75,0.0,0.5349999999999999,0.3875,0.25,0.0625,0.25,0.0,0.0,0.0,37.0,17.25,12.75,4.25,41.0,20.5,15.25,6.25,0.75,0.25,1.25,0.25,26.0,9.25,11.25,3.25,6.5,3.5,0.5,0.0,4.5,4.5,1.0,1.0,28.25,12.0,11.75,3.75,1.5,0.5,0.75,0.25,7.25,4.75,0.25,0.25,33.25,15.0,149.5,3,0,3,0,3,3,0,0,0,0,0,2,1,0,193.04,195.58,205.0,0.125732421875,0.7578125,0.4481849670410156,0.6360693359375,0.02194091796875,0.05309326171875,0.593841552734375,0.8214111328125,0.0009765625,0.0,23.571548461914062,10.437484741210938,27.24922180175781,17.05572509765625,28.144119262695312,14.977828979492188,34.0028076171875,22.282882690429688,0.65631103515625,0.049224853515625,3.3860321044921875,0.5181884765625,18.60955810546875,6.827804565429688,16.2159423828125,8.813095092773438,3.629104614257813,2.3396453857421875,5.567474365234375,4.0920257568359375,1.3328857421875,1.2700347900390625,5.4658050537109375,4.150604248046875,19.913497924804688,7.649337768554687,20.41499328613281,11.6258544921875,1.2168426513671875,0.968414306640625,4.4447021484375,3.31549072265625,2.4412078857421875,1.819732666015625,2.3895263671875,2.1143798828125,30.16317749023437,101.08380126953124,276.3735656738281,38,1,4,0,4,11,6,0,1,0,1,5,4,0,190.5,203.2,205.0,28.0,35.0,0,0,0,0,0,1,0,0,0,0,0,0,0,0,0,0,0,1,0,0,0,0,1,0
Red,False,0.0,0.0,0.3765625,0.4728124999999999,0.253125,0.0165625,0.21875,0.078125,0.046875,0.921875,202.390625,72.59375,206.171875,97.015625,222.546875,91.40625,217.953125,108.1875,3.984375,0.671875,1.875,0.0625,168.921875,50.46875,165.796875,65.0625,20.796875,14.8125,24.9375,18.328125,12.671875,7.3125,15.4375,13.625,177.90625,56.546875,173.984375,71.171875,20.25,12.96875,28.5625,22.859375,4.234375,3.078125,3.625,2.984375,158.125,63.578125,869.109375,18,0,1,0,4,5,2,0,0,1,2,0,2,0,162.56,165.1,115.0,0.0,0.125,0.635,0.4475,0.79,0.3125,0.375,1.6875,0.25,0.125,85.4375,50.9375,102.5,48.4375,102.625,66.0625,136.5,79.25,3.125,2.375,1.25,0.4375,55.625,24.8125,84.5625,34.5,16.375,14.375,12.0625,9.375,13.4375,11.75,5.875,4.5625,65.0,33.5625,77.5,26.5,10.1875,8.6875,13.125,11.0625,10.25,8.6875,11.875,10.875,269.25,174.0625,793.3125,12,0,2,0,2,3,2,0,0,1,0,0,2,0,160.02,157.48,115.0,34.0,32.0,0,0,0,0,0,0,0,0,0,0,0,0,0,1,0,1,0,0,0,0,1,0,0,0
Red,False,0.0,1.0,0.37,0.51,0.25,0.0,0.0,0.0,0.0,0.0,85.0,32.0,143.0,74.0,87.0,34.0,144.0,75.0,4.0,1.0,1.0,0.0,54.0,13.0,99.0,38.0,17.0,9.0,22.0,15.0,14.0,10.0,22.0,21.0,78.0,28.0,115.0,58.0,7.0,4.0,22.0,11.0,0.0,0.0,6.0,5.0,48.0,40.0,716.0,3,1,0,1,0,0,1,0,0,0,0,0,0,0,170.18,177.8,135.0,0.0,0.0,0.43,0.64,1.0,0.0,0.0,0.0,0.0,0.0,60.0,26.0,64.0,41.0,84.0,45.0,73.0,50.0,1.0,1.0,0.0,0.0,50.0,19.0,25.0,7.0,10.0,7.0,29.0,25.0,0.0,0.0,10.0,9.0,24.0,6.0,23.0,7.0,12.0,8.0,41.0,34.0,24.0,12.0,0.0,0.0,204.0,163.0,453.0,2,0,1,0,1,1,0,0,0,0,0,1,0,0,167.64,167.64,135.0,37.0,23.0,0,0,0,0,0,0,0,0,0,0,1,0,0,0,0,1,0,0,0,0,1,0,0,0
Red,False,0.75,0.125,0.5475000000000001,0.44875,0.8125,0.195,0.0,0.0,0.0,1.0,141.5,78.625,104.5,43.625,178.75,111.0,129.375,64.5,1.75,1.625,6.5,1.75,107.375,53.5,81.125,28.25,18.0,13.25,15.75,9.75,16.125,11.875,7.625,5.625,117.125,61.5,74.875,26.0,10.375,6.125,3.125,2.25,14.0,11.0,26.5,15.375,98.5,267.625,926.5,13,0,4,0,4,4,0,0,0,1,1,2,0,0,200.66,203.2,250.0,0.5703125,0.0009765625,0.45933349609375,0.3912695312499999,0.13940185546875,0.150113525390625,0.0,0.28173828125,0.00048828125,0.2501220703125,64.5191650390625,28.412353515625,57.154296875,24.0562744140625,65.465576171875,29.3480224609375,72.69189453125,38.7271728515625,1.9798583984375,0.285400390625,1.1444091796875,0.5054931640625,45.6007080078125,15.47265625,40.853759765625,13.1375732421875,12.464599609375,8.111083984375,10.3924560546875,5.9207763671875,6.453857421875,4.82861328125,5.9080810546875,4.9979248046875,51.4349365234375,18.8802490234375,45.057861328125,14.7603759765625,3.4444580078125,2.4873046875,3.9798583984375,3.3333740234375,9.6397705078125,7.0447998046875,8.1165771484375,5.9625244140625,44.837890625,134.5220947265625,868.0042724609375,31,0,2,0,6,11,3,0,0,1,1,9,0,0,190.5,200.66,260.0,29.0,33.0,0,0,0,0,1,0,0,0,0,0,0,0,0,0,0,1,0,0,0,0,1,0,0,0
Red,True,2.373046875,0.0,0.4676953125,0.33947265625,0.00546875,0.1778125,0.0,0.25390625,0.125,0.0,136.89453125,67.66015625,129.05859375,57.337890625,152.025390625,81.537109375,156.880859375,82.03125,0.388671875,0.01171875,3.6484375,0.5,107.513671875,44.5859375,96.884765625,37.091796875,15.4609375,11.560546875,24.640625,16.740234375,13.919921875,11.513671875,7.533203125,3.505859375,118.3828125,55.58203125,96.845703125,35.3828125,11.22265625,8.78515625,29.708984375,20.580078125,7.2890625,3.29296875,2.50390625,1.375,56.126953125,134.7890625,715.611328125,20,3,7,0,7,9,1,0,1,0,1,7,0,0,175.26,187.96,155.0,0.005859375,0.0,0.49837890625,0.28884765625,0.38681640625,0.008125,0.642578125,0.125,0.0,0.0,226.40625,108.0390625,105.544921875,30.986328125,277.875,152.96875,109.111328125,33.9609375,12.48828125,4.810546875,0.5859375,0.009765625,213.1171875,98.111328125,81.775390625,17.25,9.3515625,5.99609375,18.40234375,9.650390625,3.9375,3.931640625,5.3671875,4.0859375,159.1328125,60.0625,104.73046875,30.25390625,1.234375,0.884765625,0.681640625,0.615234375,66.0390625,47.091796875,0.1328125,0.1171875,591.38671875,1.30078125,1154.09765625,29,1,10,0,10,10,0,0,0,0,6,2,2,0,177.8,177.8,155.0,30.0,30.0,0,0,0,0,0,0,1,0,0,0,0,0,0,0,0,0,0,1,0,0,1,0,0,0
Red,False,0.03125,0.0625,0.5856250000000001,0.5856250000000001,0.565,0.04125,0.375,0.875,0.0,0.0,38.03125,21.6875,25.46875,15.9375,109.5625,78.09375,72.8125,57.90625,11.21875,6.46875,0.40625,0.125,30.28125,16.0625,14.125,6.59375,5.5,3.4375,10.6875,8.84375,2.25,2.1875,0.65625,0.5,18.75,7.8125,13.46875,6.34375,2.75,1.96875,7.1875,6.09375,16.53125,11.90625,4.8125,3.5,654.84375,52.625,847.3125,15,0,2,0,3,5,1,0,0,0,4,1,0,0,180.34,187.96,155.0,0.3125,0.0,0.54125,0.5121875,0.6190625000000001,0.7253125,0.09375,0.625,0.5625,0.375,123.53125,65.34375,106.5625,53.46875,202.125,138.71875,139.75,84.15625,7.4375,4.65625,4.5,2.46875,92.4375,42.0,84.8125,35.875,21.65625,15.5,14.6875,11.0625,9.4375,7.84375,7.0625,6.53125,75.84375,30.71875,76.625,33.125,16.34375,12.15625,19.75,13.59375,31.34375,22.46875,10.1875,6.75,458.34375,118.40625,895.625,18,0,1,0,2,4,2,0,0,0,3,0,1,0,175.26,175.26,155.0,35.0,35.0,0,0,0,0,0,0,1,0,0,0,0,0,0,0,0,0,0,1,0,0,1,0,0,0
Blue,False,0.0,0.0,0.45,0.76,0.25,1.0,0.0,0.0,0.0,0.0,11.0,5.0,43.0,33.0,24.0,17.0,54.0,42.0,4.0,1.0,1.0,1.0,4.0,2.0,31.0,22.0,5.0,1.0,12.0,11.0,2.0,2.0,0.0,0.0,9.0,3.0,13.0,10.0,1.0,1.0,8.0,8.0,1.0,1.0,22.0,15.0,141.0,21.0,205.0,1,1,0,1,0,0,1,0,0,0,0,0,0,0,167.64,172.72,135.0,0.0,0.0,0.56875,0.4599999999999999,0.5175,0.875,0.0,0.0,0.0,0.0,74.375,42.0,100.875,48.375,105.375,68.0,162.625,100.125,1.5,0.625,1.75,1.5,41.25,13.75,70.75,25.5,27.375,23.875,23.0,17.25,5.75,4.375,7.125,5.625,39.5,14.0,64.25,25.25,33.875,27.375,25.125,16.625,1.0,0.625,11.5,6.5,313.5,192.75,731.875,10,0,0,1,1,2,2,0,0,0,2,0,0,0,170.18,165.1,135.0,28.0,36.0,0,0,0,0,0,0,0,0,0,0,1,0,0,0,0,1,0,0,0,0,1,0,0,0
Blue,False,0.0,0.0,0.3994921875,0.3428515625,0.1011328125,0.352890625,1.43359375,0.0234375,0.75,0.0625,113.0,45.5546875,92.5078125,32.3828125,136.7109375,64.6953125,103.28515625,41.59375,0.9453125,0.328125,4.44921875,2.0234375,104.51171875,38.703125,72.0625,18.3046875,4.8984375,3.859375,11.2265625,7.41015625,3.58984375,2.9921875,9.21875,6.66796875,103.109375,38.91015625,87.3359375,28.5390625,6.203125,3.26953125,2.66796875,2.08984375,3.6875,3.375,2.50390625,1.75390625,152.8125,136.75390625,882.7421875,23,0,0,2,3,5,4,0,0,0,3,0,2,0,182.88,185.42,170.0,0.12890625,0.26953125,0.4219921875,0.294296875,0.1294921875,0.380859375,0.01171875,0.328125,0.52734375,0.0,57.671875,23.6875,51.30859375,14.7265625,75.671875,41.15625,60.69140625,22.59765625,4.359375,0.76171875,4.9609375,2.70703125,37.6796875,8.1875,43.1875,8.96875,17.60546875,13.3984375,5.61328125,3.3125,2.38671875,2.1015625,2.5078125,2.4453125,46.8125,16.484375,42.7109375,9.546875,5.57421875,3.1171875,5.95703125,3.12890625,5.28515625,4.0859375,2.640625,2.05078125,253.0,175.84765625,796.25,28,0,4,0,4,7,2,0,0,0,7,0,0,0,185.42,187.96,170.0,28.0,35.0,0,0,0,0,0,0,0,0,0,1,0,0,0,0,0,1,0,0,0,0,0,0,1,0
Blue,False,0.001953125,0.0157051086425781,0.4358829689025879,0.4884016990661621,0.0740664291381835,0.2758023262023926,0.5162105560302734,0.2954006195068359,0.25,0.0079364776611328,106.74657821655272,46.151493072509766,128.30026245117188,55.3862533569336,117.17126846313477,55.54699897766113,142.31021118164062,67.11236953735352,4.163951873779297,0.4890365600585937,1.969648361206055,1.241647720336914,78.19119644165039,23.59300804138184,100.93335914611816,33.63718032836914,19.134225845336918,15.76949691772461,12.115705490112305,7.880764007568359,9.42115592956543,6.78898811340332,15.251197814941406,13.868309020996094,99.44119834899902,40.33414459228516,120.3568992614746,48.57761001586914,4.955839157104492,3.709278106689453,3.067567825317383,2.475894927978516,2.3495407104492188,2.108070373535156,4.875795364379883,4.3327484130859375,79.72458076477051,116.5010986328125,755.7811279296875,54,0,1,0,4,12,8,0,0,2,6,2,2,0,172.72,172.72,145.0,0.0048942565917968,0.119140625,0.4965864562988281,0.497946891784668,0.5839140319824219,0.0602743530273437,1.1300926208496094,0.1270179748535156,0.1250190734863281,3.814697265625e-05,38.231719970703125,17.07735824584961,57.79891586303711,23.387523651123047,53.799835205078125,31.10747528076172,66.41835403442383,31.309181213378903,7.654136657714844,6.088142395019531,1.7483863830566406,0.3779563903808594,27.104114532470703,8.965034484863281,33.11496353149414,11.108951568603516,8.697856903076172,6.689167022705078,19.423439025878903,8.8431396484375,2.42974853515625,1.42315673828125,5.260513305664063,3.4354324340820312,21.74225234985352,6.276660919189453,49.66876602172852,18.27336883544922,5.023105621337891,2.9937400817871094,6.4858245849609375,3.698436737060547,11.46636199951172,7.806957244873047,1.6443252563476562,1.4157180786132812,498.7397270202637,33.08595275878906,869.9671173095703,54,2,0,1,8,11,8,0,0,3,7,1,0,0,175.26,177.8,155.0,34.0,39.0,0,0,0,0,0,0,1,0,0,0,0,0,0,0,0,1,0,0,0,0,1,0,0,0
Red,False,0.0,1.0,0.37,0.37,0.75,0.0,0.0,0.0,0.0,0.0,179.0,67.0,155.0,58.0,181.0,68.0,160.0,63.0,4.0,3.0,0.0,0.0,137.0,39.0,104.0,32.0,35.0,22.0,39.0,16.0,7.0,6.0,12.0,10.0,176.0,65.0,152.0,55.0,0.0,0.0,2.0,2.0,3.0,2.0,1.0,1.0,86.0,1.0,900.0,3,0,1,0,1,1,0,0,0,1,0,0,0,0,180.34,190.5,170.0,0.658203125,0.5,0.4570654296875,0.5888330078125,0.650361328125,0.7921875,0.70556640625,0.5048828125,0.0,0.7529296875,58.10107421875,31.0537109375,50.66455078125,26.9326171875,68.0400390625,40.09619140625,70.21484375,45.298828125,3.93212890625,2.49072265625,1.24267578125,0.8505859375,44.728515625,20.86181640625,40.4140625,18.18212890625,11.513671875,8.46044921875,6.2822265625,5.05029296875,1.85888671875,1.7314453125,3.96826171875,3.7001953125,39.19677734375,18.99169921875,37.35498046875,16.341796875,9.35302734375,7.04052734375,5.599609375,4.0078125,9.55126953125,5.021484375,7.7099609375,6.5830078125,193.18701171875,149.18603515625,538.46728515625,27,0,0,1,3,8,4,0,0,0,2,3,3,0,180.34,193.04,170.0,25.0,30.0,0,0,0,0,0,0,0,0,0,1,0,0,0,0,0,0,0,1,0,0,1,0,0,0
Blue,False,0.015625,0.0,0.45,0.4275,0.25,0.2,0.148468017578125,0.098388671875,0.0,0.0,66.5,29.6875,64.31230545043945,27.34375,89.75,48.0,85.53125,44.41152191162109,2.0,0.75,2.0546875,0.75,51.1875,18.3359375,49.6123046875,16.280410766601562,7.5,5.07647705078125,7.5,5.0,4.5,3.625,4.984375,3.9375,48.6875,17.0,47.11572265625,16.5,5.75,3.75,5.3125,3.4375,5.0625,3.5,3.875,2.5,99.2119140625,94.125,638.5,0,0,0,0,0,0,0,0,0,0,0,0,0,0,195.58,200.66,205.0,0.0,0.5625,0.41375,0.5137499999999999,0.21125,0.625,0.5625,0.0,0.0,0.0,73.0625,24.9375,48.1875,27.3125,110.1875,55.75,106.6875,76.625,4.3125,1.625,1.0625,0.75,60.6875,15.3125,43.75,23.5625,8.875,6.375,4.0,3.4375,3.5,3.25,0.4375,0.3125,56.375,14.8125,28.125,11.25,11.5625,6.75,10.4375,8.4375,5.125,3.375,9.625,7.625,235.625,165.8125,811.1875,13,0,0,1,2,2,3,0,0,0,0,0,2,0,187.96,187.96,243.0,27.0,25.0,0,0,0,0,0,1,0,0,0,0,0,0,0,0,0,1,0,0,0,0,1,0,0,0
Red,False,0.0,0.0,0.37,0.4125,0.25,0.5349999999999999,0.25,0.5,0.5,1.0,53.75,19.5,32.75,17.75,66.25,31.25,50.5,34.75,2.25,0.25,3.75,2.25,46.5,14.0,21.0,8.5,6.75,5.0,6.5,4.75,0.5,0.5,5.25,4.5,38.25,11.0,25.0,12.25,8.0,4.5,6.0,3.75,7.5,4.0,1.75,1.75,125.75,248.0,572.25,5,0,0,1,1,1,2,0,0,0,0,0,1,0,177.8,180.34,155.0,0.0039138793945312,0.0001220703125,0.4825344276428222,0.513291187286377,0.3827679061889648,0.0643938446044921,1.2826213836669922,0.0977401733398437,0.2500152587890625,0.21875,23.2824764251709,11.46782684326172,29.588623046875,15.563703536987305,27.40404891967773,15.247564315795898,32.715261459350586,18.56848526000977,1.5238704681396484,1.028057098388672,0.60784912109375,0.0743007659912109,14.56699562072754,5.392126083374023,23.990928649902344,10.62774658203125,2.6687793731689453,1.4126224517822266,3.975917816162109,3.324533462524414,6.046701431274414,4.663078308105469,1.6217765808105469,1.6114234924316406,19.02543067932129,9.43472671508789,17.017602920532227,6.68372917175293,1.7976131439208984,0.8343276977539062,1.633718490600586,1.5642929077148438,2.459432601928711,1.198772430419922,10.937301635742188,7.315681457519531,81.24557495117188,92.25381469726562,282.71592712402344,37,0,2,0,4,11,9,0,0,0,1,0,10,0,177.8,187.96,155.0,28.0,28.0,0,0,0,0,0,0,1,0,0,0,0,0,0,0,0,1,0,0,0,0,1,0,0,0
Blue,False,0.267578125,0.0625,0.31984375,0.57154296875,0.001953125,0.5607226562500001,0.126953125,0.505859375,0.005859375,0.00390625,48.634765625,19.212890625,84.51953125,54.486328125,57.9140625,27.013671875,113.6015625,80.546875,0.001953125,0.001953125,3.970703125,2.837890625,45.400390625,17.345703125,71.44921875,43.650390625,2.859375,1.5234375,7.580078125,6.19140625,0.375,0.34375,5.490234375,4.64453125,41.396484375,14.66015625,35.69921875,14.71484375,5.130859375,2.716796875,2.244140625,0.560546875,2.107421875,1.8359375,46.576171875,39.2109375,6.490234375,380.865234375,647.453125,22,0,2,0,2,5,5,0,0,1,1,3,0,0,187.96,190.5,205.0,1.0081787109375,0.0,0.4478594970703125,0.4609320068359375,0.25,0.041602783203125,0.001953125,0.0,0.0,0.0,85.64617919921875,37.302734375,89.1434326171875,36.99627685546875,94.99261474609376,46.300537109375,97.53460693359376,45.208740234375,0.28125,0.25,1.89544677734375,0.2969970703125,69.82769775390625,25.26690673828125,60.53045654296875,15.6759033203125,4.86334228515625,3.5269775390625,15.05230712890625,8.40777587890625,10.95513916015625,8.50885009765625,13.5606689453125,12.91259765625,75.73529052734375,31.48663330078125,84.9586181640625,33.95196533203125,8.92724609375,5.62353515625,4.183837890625,3.0438232421875,0.983642578125,0.19256591796875,0.0009765625,0.00048828125,28.9268798828125,60.5299072265625,737.413330078125,32,0,0,1,4,10,5,0,0,2,2,5,1,0,187.96,190.5,205.0,42.0,32.0,0,0,0,0,0,1,0,0,0,0,0,0,0,0,0,0,0,1,0,0,0,0,1,0
Red,False,7.62939453125e-06,0.7618484497070312,0.3373587799072265,0.5871112442016602,0.1178345489501953,0.0022418212890625,0.2818565368652344,0.0049209594726562,0.00390625,0.0039443969726562,97.1971435546875,40.62778854370117,79.19289779663086,38.3243408203125,116.17486953735352,56.59349060058594,83.97289657592773,42.85053634643555,3.5507850646972656,0.8673210144042969,0.5876846313476562,0.0065155029296875,90.09450912475586,35.45685958862305,66.9509048461914,28.33906936645508,6.1397705078125,4.2423858642578125,7.838630676269531,5.857307434082031,0.9628639221191406,0.9285430908203124,4.403362274169922,4.127964019775391,86.49889755249023,32.978233337402344,57.79542541503906,22.81690216064453,7.669914245605469,5.564704895019531,10.65462875366211,8.159427642822266,3.028331756591797,2.084850311279297,10.742843627929688,7.348011016845703,130.3118133544922,49.5672492980957,469.3510398864746,47,0,4,0,4,11,8,0,0,3,5,1,1,1,177.8,177.8,155.0,0.0079498291015625,0.53125,0.3687347412109375,0.4082705688476562,0.793524169921875,0.3326939392089844,0.6256103515625,0.126129150390625,0.0009765625,0.031280517578125,100.14686584472656,38.85421752929688,116.76502990722656,48.74903869628906,109.8814697265625,46.85322570800781,128.46937561035156,59.70651245117188,2.243865966796875,1.89697265625,3.3717041015625,0.9271392822265624,79.02572631835938,22.169464111328125,77.65756225585938,19.693161010742188,17.731918334960938,14.81976318359375,31.340545654296875,23.121566772460938,3.38922119140625,1.864990234375,7.766921997070312,5.9343109130859375,86.11152648925781,28.400680541992188,106.31497192382812,41.54840087890625,7.596771240234375,5.8121185302734375,5.506378173828125,3.5721893310546875,6.438568115234375,4.64141845703125,4.9436798095703125,3.628448486328125,149.46311950683594,77.41598510742188,833.4413604736328,42,0,1,0,7,12,5,0,0,1,6,2,2,1,175.26,177.8,155.0,36.0,40.0,0,0,0,0,0,0,1,0,0,0,0,0,0,0,0,0,0,1,0,0,0,0,1,0
Red,False,1.125,0.0,0.4962499999999999,0.465,0.1925,0.25,0.0,0.125,0.0,0.0,87.0,41.75,94.875,42.5,97.0,50.375,104.0,49.5,4.0,1.125,3.25,1.25,73.875,30.0,65.625,21.5,12.625,11.375,16.75,10.25,0.5,0.375,12.5,10.75,65.75,28.25,81.375,34.75,12.375,8.25,7.875,4.5,8.875,5.25,5.625,3.25,157.0,85.875,950.25,12,0,2,0,2,3,1,0,0,0,1,2,0,0,185.42,190.5,185.0,0.33282470703125,0.26953125,0.4819866943359374,0.455977783203125,0.21830078125,0.0608154296875,0.5,0.50799560546875,0.125,0.0,103.92742919921876,49.42620849609375,37.708984375,19.04266357421875,114.31201171875,58.527587890625,65.900390625,44.59344482421875,3.65850830078125,1.5166015625,1.5362548828125,0.2354736328125,85.03009033203125,33.2779541015625,29.75079345703125,13.35955810546875,12.89813232421875,10.63262939453125,5.1512451171875,3.09228515625,5.99920654296875,5.515625,2.80694580078125,2.5908203125,38.2066650390625,17.10504150390625,27.974853515625,10.43792724609375,3.6192626953125,1.7677001953125,0.925048828125,0.7999267578125,62.10150146484375,30.553466796875,8.80908203125,7.8048095703125,319.904052734375,47.73248291015625,575.621337890625,24,0,0,1,4,10,5,0,0,0,2,8,0,0,187.96,193.04,205.0,31.0,34.0,0,0,0,0,0,1,0,0,0,0,0,0,0,0,0,0,0,1,0,0,1,0,0,0
Blue,False,0.015625,0.0,0.45,0.4275,0.25,0.2,0.148468017578125,0.098388671875,0.0,0.0,66.5,29.6875,64.31230545043945,27.34375,89.75,48.0,85.53125,44.41152191162109,2.0,0.75,2.0546875,0.75,51.1875,18.3359375,49.6123046875,16.280410766601562,7.5,5.07647705078125,7.5,5.0,4.5,3.625,4.984375,3.9375,48.6875,17.0,47.11572265625,16.5,5.75,3.75,5.3125,3.4375,5.0625,3.5,3.875,2.5,99.2119140625,94.125,638.5,0,0,0,0,0,0,0,0,0,0,0,0,0,0,172.72,190.5,135.0,0.0216064453125,0.015625,0.3991223144531249,0.463914794921875,0.312056884765625,0.375,0.0167236328125,0.015625,0.0,0.0,173.2470703125,77.0301513671875,169.3648681640625,78.8487548828125,197.035888671875,98.33251953125,212.556884765625,119.618896484375,2.9189453125,1.035888671875,2.6151123046875,0.75,126.7037353515625,48.5338134765625,138.664794921875,56.7288818359375,30.402099609375,18.19091796875,20.3770751953125,12.9603271484375,16.1412353515625,10.305419921875,10.322998046875,9.1595458984375,154.4158935546875,62.1312255859375,152.661865234375,63.7803955078125,15.5281982421875,12.8795166015625,8.5611572265625,7.7625732421875,3.302978515625,2.0194091796875,8.141845703125,7.3057861328125,158.5806884765625,242.951416015625,900.2242431640625,43,6,7,0,7,9,5,0,0,0,4,2,3,0,167.64,177.8,145.0,30.0,31.0,1,0,0,0,0,0,0,0,0,0,0,0,0,0,0,0,0,1,0,0,1,0,0,0
Red,False,0.50018310546875,0.922119140625,0.422584228515625,0.5289965820312501,0.03131103515625,0.0441552734375,0.0101318359375,0.0316162109375,0.0,0.03131103515625,51.70196533203125,20.70819091796875,67.771728515625,34.0234375,57.21209716796875,25.35577392578125,72.34326171875,37.78216552734375,0.03253173828125,0.03131103515625,0.26702880859375,0.11358642578125,38.070556640625,12.4034423828125,54.08599853515625,23.90753173828125,11.13006591796875,6.67864990234375,6.037109375,3.8912353515625,2.5013427734375,1.6260986328125,7.64862060546875,6.22467041015625,39.18096923828125,12.6312255859375,51.03875732421875,24.35943603515625,9.91802978515625,6.2747802734375,12.31976318359375,6.98736572265625,2.60296630859375,1.80218505859375,4.4132080078125,2.6766357421875,3.97930908203125,58.10076904296875,314.5699462890625,30,0,3,0,3,9,6,0,0,1,2,3,3,0,187.96,195.58,170.0,0.015625,0.80078125,0.44970703125,0.39451171875,0.030390625,0.015625,0.037109375,0.0,0.0,0.0390625,123.77734375,55.5703125,179.830078125,78.13671875,127.3828125,58.609375,184.73828125,82.49609375,0.896484375,0.08984375,0.234375,0.015625,106.69140625,43.66796875,147.978515625,53.404296875,15.23046875,10.330078125,19.45703125,13.861328125,1.85546875,1.572265625,12.39453125,10.87109375,122.607421875,54.82421875,175.880859375,75.126953125,0.1875,0.123046875,0.630859375,0.609375,0.982421875,0.623046875,3.318359375,2.400390625,26.384765625,46.533203125,711.4921875,26,1,0,1,4,7,3,0,0,2,2,1,2,0,182.88,182.88,170.0,35.0,36.0,0,0,0,0,0,0,0,0,0,1,0,0,0,0,0,1,0,0,0,0,1,0,0,0
Red,False,0.0,0.0,0.335,0.4499999999999999,0.75,0.0,1.0,0.0,0.0,0.5,28.0,9.5,24.0,9.5,34.0,15.0,26.5,11.5,2.5,1.5,0.0,0.0,27.5,9.0,22.5,8.5,0.0,0.0,0.5,0.0,0.5,0.5,1.0,1.0,20.0,3.5,22.5,8.0,0.0,0.0,1.0,1.0,8.0,6.0,0.5,0.5,160.5,17.5,278.5,3,0,2,0,2,2,0,0,0,0,0,0,2,0,165.1,160.02,125.0,0.0471682548522949,0.0,0.45,0.4217682266235352,0.25,0.19173828125,0.1875,0.125,0.0,0.0,69.5,30.5,66.984375,27.8466796875,94.0,48.544921875,88.50390625,44.75,2.0,0.8125,2.015625,0.6640625,54.0,19.01513671875,51.483436584472656,16.9437255859375,7.91796875,5.430633544921875,7.75,5.0625,4.780975341796875,3.9373779296875,4.8994140625,3.84375,51.025390625,18.400863647460938,50.515625,17.5,5.75,3.75,5.5,3.5,5.375,3.6875,4.0,2.65625,104.865234375,89.5,655.8441009521484,0,0,0,0,0,0,0,0,0,0,0,0,0,0,167.64,167.64,135.0,23.0,27.0,0,0,0,0,0,0,0,0,0,0,0,0,1,0,0,1,0,0,0,0,1,0,0,0
Red,False,0.0625,0.78125,0.453125,0.595625,0.0,0.25,0.0,0.0,0.0,0.0,121.84375,58.53125,95.15625,54.78125,143.75,80.4375,117.46875,75.96875,0.0,0.0,1.65625,0.5,85.8125,30.8125,85.125,46.46875,21.40625,15.8125,7.53125,6.5625,14.625,11.90625,2.5,1.75,108.59375,47.0,78.84375,41.40625,11.125,9.90625,6.25,4.8125,2.125,1.625,10.0625,8.5625,66.125,90.4375,658.28125,14,0,0,2,2,2,4,0,0,0,1,1,0,0,193.04,198.12,250.0,0.0471682548522949,0.0,0.45,0.4217682266235352,0.25,0.19173828125,0.1875,0.125,0.0,0.0,69.5,30.5,66.984375,27.8466796875,94.0,48.544921875,88.50390625,44.75,2.0,0.8125,2.015625,0.6640625,54.0,19.01513671875,51.483436584472656,16.9437255859375,7.91796875,5.430633544921875,7.75,5.0625,4.780975341796875,3.9373779296875,4.8994140625,3.84375,51.025390625,18.400863647460938,50.515625,17.5,5.75,3.75,5.5,3.5,5.375,3.6875,4.0,2.65625,104.865234375,89.5,655.8441009521484,0,0,0,0,0,0,0,0,0,0,0,0,0,0,190.5,195.58,265.0,28.0,27.0,0,0,0,0,1,0,0,0,0,0,0,0,0,0,0,1,0,0,0,0,1,0,0,0
Red,False,0.015625,0.0,0.45,0.4275,0.25,0.2,0.148468017578125,0.098388671875,0.0,0.0,66.5,29.6875,64.31230545043945,27.34375,89.75,48.0,85.53125,44.41152191162109,2.0,0.75,2.0546875,0.75,51.1875,18.3359375,49.6123046875,16.280410766601562,7.5,5.07647705078125,7.5,5.0,4.5,3.625,4.984375,3.9375,48.6875,17.0,47.11572265625,16.5,5.75,3.75,5.3125,3.4375,5.0625,3.5,3.875,2.5,99.2119140625,94.125,638.5,0,0,0,0,0,0,0,0,0,0,0,0,0,0,172.72,185.42,170.0,0.5,0.5,0.3349999999999999,0.3865625,0.08,0.20875,0.15625,0.03125,0.0625,0.0,116.53125,45.03125,83.125,33.03125,122.65625,50.15625,92.53125,40.71875,2.84375,0.1875,1.28125,0.71875,90.96875,29.71875,72.53125,26.5,15.625,8.71875,8.25,4.625,9.9375,6.59375,2.34375,1.90625,88.25,27.40625,69.125,23.78125,16.96875,12.03125,11.15625,7.15625,11.3125,5.59375,2.84375,2.09375,61.21875,60.84375,556.34375,16,0,0,1,5,5,1,0,0,1,2,2,0,0,180.34,185.42,170.0,22.0,31.0,0,0,0,0,0,0,0,0,0,1,0,0,0,0,0,1,0,0,0,0,1,0,0,0
Red,False,0.630859375,0.3125,0.520908203125,0.519052734375,0.24392578125,0.016796875,0.125,0.0703125,0.0,0.0,70.7392578125,34.90234375,66.2275390625,27.896484375,74.8154296875,38.9208984375,72.134765625,33.5009765625,1.939453125,0.728515625,0.4169921875,0.037109375,48.486328125,17.2314453125,52.2197265625,17.8779296875,6.3564453125,4.0146484375,10.09375,6.94921875,15.896484375,13.65625,3.9140625,3.0693359375,59.7822265625,28.1806640625,55.8720703125,19.810546875,7.390625,4.32421875,5.46875,4.328125,3.56640625,2.3974609375,4.88671875,3.7578125,62.22265625,5.7353515625,519.490234375,26,0,0,1,2,3,8,0,0,0,1,2,0,0,175.26,180.34,185.0,0.0029468536376953,0.2539081573486328,0.5221829223632812,0.536302547454834,0.2083526039123535,0.5312608337402344,1.6023826599121094,0.5000114440917969,0.0,0.0626220703125,55.5271053314209,24.15198135375977,84.0353012084961,43.57812881469727,63.66147422790527,31.173526763916016,101.1463222503662,59.57071113586426,8.17459487915039,1.8587722778320312,1.6270599365234375,1.5625762939453125,42.64788246154785,13.307306289672852,67.85032844543457,30.01688575744629,2.869668960571289,1.5812835693359375,6.186279296875,4.144458770751953,10.009553909301758,9.263391494750977,9.998693466186523,9.416784286499023,48.62973976135254,20.316085815429688,63.26715278625488,27.25321388244629,2.3114147186279297,1.1338233947753906,4.388904571533203,3.669612884521485,4.58595085144043,2.7020721435546875,16.379243850708008,12.655302047729492,321.8127040863037,121.51883697509766,812.4462280273438,54,1,0,1,5,12,8,0,0,1,4,2,5,0,185.42,198.12,185.0,40.0,37.0,0,0,0,0,0,0,0,1,0,0,0,0,0,0,0,0,0,1,0,0,1,0,0,0
Red,False,0.0,0.0,0.6275,0.51375,0.4599999999999999,0.2299999999999999,0.5,3.375,0.0,1.0,62.25,37.0,112.0,56.375,93.0,64.125,202.375,130.125,5.25,2.375,3.0,1.125,41.25,22.625,72.875,29.625,10.25,7.75,27.625,18.5,10.75,6.625,11.5,8.25,43.875,23.5,73.375,30.125,11.125,6.375,29.875,19.75,7.25,7.125,8.75,6.5,255.0,210.625,751.25,10,0,0,1,1,1,3,0,0,0,0,0,1,0,160.02,160.02,115.0,0.0471682548522949,0.0,0.45,0.4217682266235352,0.25,0.19173828125,0.1875,0.125,0.0,0.0,69.5,30.5,66.984375,27.8466796875,94.0,48.544921875,88.50390625,44.75,2.0,0.8125,2.015625,0.6640625,54.0,19.01513671875,51.483436584472656,16.9437255859375,7.91796875,5.430633544921875,7.75,5.0625,4.780975341796875,3.9373779296875,4.8994140625,3.84375,51.025390625,18.400863647460938,50.515625,17.5,5.75,3.75,5.5,3.5,5.375,3.6875,4.0,2.65625,104.865234375,89.5,655.8441009521484,0,0,0,0,0,0,0,0,0,0,0,0,0,0,160.02,160.02,115.0,39.0,27.0,0,0,0,0,0,0,0,0,0,0,0,0,0,1,0,0,0,1,0,0,1,0,0,0
Red,False,0.1875,0.0625,0.464375,0.3953125,0.1471875,0.7106250000000001,0.03125,0.875,0.03125,0.0625,40.8125,20.09375,36.625,14.5,42.15625,21.3125,48.375,24.90625,1.625,0.71875,2.09375,1.34375,21.65625,6.75,30.78125,10.625,10.125,6.84375,2.125,1.0625,9.03125,6.5,3.71875,2.8125,34.0,15.0625,27.90625,8.625,0.84375,0.53125,0.875,0.4375,5.96875,4.5,7.84375,5.4375,83.125,88.0625,554.53125,16,0,0,1,4,4,2,0,0,1,2,1,0,0,180.34,190.5,155.0,0.00390625,0.0703125,0.35626953125,0.3612890625,0.42994140625,0.2765625,0.00390625,0.015625,0.0625,0.0703125,99.28125,35.234375,91.296875,34.515625,120.341796875,54.505859375,105.251953125,46.240234375,9.0390625,3.37890625,1.9375,0.58984375,82.302734375,24.5,62.751953125,13.978515625,8.44921875,4.982421875,13.16015625,7.345703125,8.529296875,5.751953125,15.384765625,13.19140625,84.861328125,27.158203125,81.9765625,29.7890625,5.53515625,1.78515625,8.8359375,4.63671875,8.884765625,6.291015625,0.484375,0.08984375,184.283203125,28.66015625,897.638671875,27,0,3,0,5,8,2,0,0,0,6,1,0,1,172.72,185.42,155.0,34.0,31.0,0,0,0,0,0,0,1,0,0,0,0,0,0,0,0,1,0,0,0,0,1,0,0,0
Blue,False,0.5,0.0,0.504375,0.39375,0.105,0.11375,0.25,0.125,0.0,0.0,38.3125,17.0625,49.75,20.25,58.3125,35.0,53.25,23.5625,3.9375,1.125,1.125,0.3125,27.5625,9.75,42.125,14.6875,4.375,2.875,4.8125,3.1875,6.375,4.4375,2.8125,2.375,29.4375,11.5,32.5625,8.6875,6.5,4.0625,6.8125,4.125,2.375,1.5,10.375,7.4375,121.1875,33.625,509.8125,12,0,0,1,2,3,2,0,0,1,1,1,0,0,190.5,193.04,235.0,0.0015393495559692,0.543953001499176,0.4453012824058533,0.4676325875520706,0.1179346001148223,0.0573315504193306,3.248453140258789e-05,0.0156860649585723,0.25,0.2656250298023224,115.20168554782867,51.22992637753487,99.6575821340084,46.06355094909668,127.24441489577292,62.17091727256775,111.289758592844,55.88493639230728,3.5316315293312077,1.0157471001148224,1.114597111940384,0.1508789658546447,82.55865573883057,27.18550619482994,76.97988647222519,28.56859621405601,16.516461670398712,11.535182297229769,13.517349630594254,9.2101289331913,16.126568138599396,12.50923788547516,9.160346031188965,8.284825801849365,106.102451056242,45.287139028310776,85.61134207248688,37.8963129222393,7.154795795679092,5.311646640300751,7.960011571645737,4.413041025400162,1.9444386959075928,0.6311407089233398,6.0862284898757935,3.7541970014572144,105.07215031981468,135.5907886326313,864.3135348558426,53,5,1,0,7,16,10,0,0,1,4,9,2,0,190.5,195.58,240.0,37.0,39.0,0,0,0,0,1,0,0,0,0,0,0,0,0,0,0,1,0,0,0,0,1,0,0,0
Red,False,0.536491870880127,1.0627450942993164,0.3761812472343445,0.3930443000793457,0.7568398094177247,0.1435239362716674,0.0664129257202148,0.1330597400665283,0.0009765625,0.0078127384185791,117.97635507583618,46.16980290412903,116.33967208862305,45.86412596702576,128.6307647228241,56.39150881767273,123.70285177230836,51.93088436126709,0.7971820831298828,0.7695941925048828,1.2810602188110352,0.647589921951294,79.48739957809448,17.184422254562378,93.76175808906557,29.940630435943604,7.1229307651519775,5.7515504360198975,11.157740116119385,7.859074354171753,31.36602473258972,23.233830213546756,11.42017388343811,8.0644211769104,106.220534324646,38.6402006149292,107.1048538684845,40.19192004203797,4.90212607383728,2.905977249145508,3.7188570499420166,2.1607794761657715,6.853694677352905,4.623625040054321,5.515961170196533,3.511426448822021,53.83471035957336,76.78516125679016,689.242094039917,55,1,0,1,7,14,9,0,0,0,5,7,1,1,175.26,177.8,170.0,0.0471682548522949,0.0,0.45,0.4217682266235352,0.25,0.19173828125,0.1875,0.125,0.0,0.0,69.5,30.5,66.984375,27.8466796875,94.0,48.544921875,88.50390625,44.75,2.0,0.8125,2.015625,0.6640625,54.0,19.01513671875,51.483436584472656,16.9437255859375,7.91796875,5.430633544921875,7.75,5.0625,4.780975341796875,3.9373779296875,4.8994140625,3.84375,51.025390625,18.400863647460938,50.515625,17.5,5.75,3.75,5.5,3.5,5.375,3.6875,4.0,2.65625,104.865234375,89.5,655.8441009521484,0,0,0,0,0,0,0,0,0,0,0,0,0,0,172.72,177.8,170.0,34.0,34.0,0,0,0,0,0,0,0,0,0,1,0,0,0,0,0,1,0,0,0,0,1,0,0,0
Red,False,0.28515625,0.015625,0.568125,0.4801953125,0.25,0.63453125,0.2265625,0.6640625,0.15625,0.5,58.765625,32.8515625,28.92578125,14.140625,76.76171875,49.12109375,36.80859375,21.1015625,1.31640625,0.5,2.7109375,1.5390625,35.328125,17.3359375,24.54296875,10.8046875,15.1015625,9.44921875,3.5625,2.515625,8.3359375,6.06640625,0.8203125,0.8203125,44.703125,20.734375,22.37890625,10.05859375,10.68359375,9.04296875,6.15625,3.87109375,3.37890625,3.07421875,0.390625,0.2109375,101.359375,42.7890625,305.45703125,13,0,0,1,5,6,3,0,0,0,0,3,3,0,190.5,195.58,205.0,0.8125,0.0,0.501796875,0.3480859375,0.4596875,0.0515625,0.1328125,0.0,0.0,0.015625,144.96875,71.22265625,95.484375,34.37890625,168.53515625,93.3203125,108.6015625,46.27734375,4.61328125,1.7578125,2.0859375,0.34375,125.6328125,55.578125,72.015625,19.36328125,13.546875,10.109375,15.14453125,9.7421875,5.7890625,5.53515625,8.32421875,5.2734375,131.796875,62.07421875,83.37890625,25.4296875,8.9609375,6.17578125,6.03515625,4.51171875,4.2109375,2.97265625,6.0703125,4.4375,161.31640625,67.82421875,844.6953125,24,0,1,0,3,5,4,0,0,0,3,1,1,0,187.96,198.12,205.0,26.0,35.0,0,0,0,0,0,1,0,0,0,0,0,0,0,0,0,1,0,0,0,0,1,0,0,0
Red,False,0.0859375,0.6584548950195312,0.6199485778808593,0.5583521270751952,0.2805125427246093,0.2539685440063476,0.2518386840820312,0.7795791625976562,0.2681312561035156,0.250091552734375,42.32138442993164,25.97833251953125,45.33301544189453,23.315933227539062,58.717994689941406,40.87752532958984,52.80958557128906,29.960777282714844,2.2417144775390625,1.6936149597167969,0.3284721374511719,0.2656898498535156,29.05004119873047,15.565895080566406,33.11616897583008,14.056060791015623,8.853851318359375,6.229991912841797,4.6869964599609375,3.047161102294922,4.417491912841797,4.182445526123047,7.529850006103516,6.212711334228516,26.56940460205078,14.504074096679688,39.487300872802734,19.1209716796875,3.3166160583496094,2.903972625732422,1.1505584716796875,1.044353485107422,12.43536376953125,8.57028579711914,4.695156097412109,3.1506080627441406,155.5250244140625,45.23508834838867,495.07559967041016,37,1,0,1,3,11,8,0,0,1,5,2,2,0,187.96,193.04,185.0,0.0471682548522949,0.0,0.45,0.4217682266235352,0.25,0.19173828125,0.1875,0.125,0.0,0.0,69.5,30.5,66.984375,27.8466796875,94.0,48.544921875,88.50390625,44.75,2.0,0.8125,2.015625,0.6640625,54.0,19.01513671875,51.483436584472656,16.9437255859375,7.91796875,5.430633544921875,7.75,5.0625,4.780975341796875,3.9373779296875,4.8994140625,3.84375,51.025390625,18.400863647460938,50.515625,17.5,5.75,3.75,5.5,3.5,5.375,3.6875,4.0,2.65625,104.865234375,89.5,655.8441009521484,0,0,0,0,0,0,0,0,0,0,0,0,0,0,182.88,193.04,185.0,35.0,25.0,0,0,0,0,0,0,0,1,0,0,0,0,0,0,0,1,0,0,0,0,1,0,0,0
Blue,False,0.140625,0.375,0.5465625000000001,0.54640625,0.11546875,0.96875,0.890625,0.0,0.03125,0.0625,38.609375,21.171875,44.6875,20.765625,53.703125,35.109375,50.921875,26.8125,2.28125,0.515625,1.734375,1.71875,29.734375,13.578125,38.0625,15.296875,5.609375,4.609375,4.84375,3.6875,3.265625,2.984375,1.78125,1.78125,31.09375,15.3125,36.640625,14.234375,5.234375,3.921875,5.703125,4.84375,2.28125,1.9375,2.34375,1.6875,58.3125,59.875,262.234375,11,0,2,0,2,5,2,0,0,0,0,1,4,0,187.96,203.2,240.0,0.554107666015625,0.130859375,0.4375521850585937,0.514873046875,0.00447998046875,0.3929263305664062,6.103515625e-05,0.00030517578125,0.000244140625,0.000244140625,57.816925048828125,26.11517333984375,103.20132446289062,52.127044677734375,71.80892944335938,39.654144287109375,151.8077392578125,95.310302734375,0.009552001953125,0.006256103515625,8.56011962890625,5.299468994140625,46.930694580078125,18.72900390625,84.594970703125,36.86077880859375,6.9400634765625,3.76324462890625,12.453399658203123,10.510040283203123,3.9461669921875,3.6229248046875,6.1529541015625,4.7562255859375,52.925048828125,21.51849365234375,69.12106323242188,23.182647705078125,4.214111328125,3.921051025390625,5.106109619140625,3.766265869140625,0.677764892578125,0.675628662109375,28.974151611328125,25.178131103515625,4.50341796875,352.5920104980469,901.6134033203124,42,1,0,1,4,8,8,0,0,0,1,7,0,0,177.8,182.88,265.0,41.0,44.0,0,0,0,0,1,0,0,0,0,0,0,0,0,0,0,1,0,0,0,0,1,0,0,0
Red,False,0.015625,0.0,0.45,0.4275,0.25,0.2,0.148468017578125,0.098388671875,0.0,0.0,66.5,29.6875,64.31230545043945,27.34375,89.75,48.0,85.53125,44.41152191162109,2.0,0.75,2.0546875,0.75,51.1875,18.3359375,49.6123046875,16.280410766601562,7.5,5.07647705078125,7.5,5.0,4.5,3.625,4.984375,3.9375,48.6875,17.0,47.11572265625,16.5,5.75,3.75,5.3125,3.4375,5.0625,3.5,3.875,2.5,99.2119140625,94.125,638.5,0,0,0,0,0,0,0,0,0,0,0,0,0,0,167.64,175.26,135.0,2.0,0.0,0.62,0.36,0.0,0.0,0.0,0.0,0.0,0.0,40.0,25.0,30.0,11.0,45.0,29.0,30.0,11.0,0.0,0.0,2.0,0.0,32.0,18.0,18.0,4.0,8.0,7.0,5.0,2.0,0.0,0.0,7.0,5.0,31.0,19.0,28.0,9.0,1.0,1.0,2.0,2.0,8.0,5.0,0.0,0.0,4.0,18.0,208.0,1,0,1,0,1,1,0,0,0,0,0,1,0,0,170.18,170.18,135.0,25.0,25.0,1,0,0,0,0,0,0,0,0,0,0,0,0,0,0,1,0,0,0,0,0,0,0,1
Red,False,0.0,0.0,0.44375,0.27375,0.25,0.12625,0.0,0.75,0.0,0.0,140.125,59.75,138.25,32.375,147.0,65.875,147.625,41.75,2.0,1.0,5.0,1.125,113.125,41.875,116.125,19.875,19.375,11.375,15.875,7.0,7.625,6.5,6.25,5.5,131.875,54.125,130.875,27.25,7.875,5.25,3.875,1.875,0.375,0.375,3.5,3.25,47.875,66.875,900.0,12,0,1,0,1,2,2,0,0,1,1,0,0,0,177.8,185.42,155.0,0.90625,0.015625,0.49828125,0.15921875,0.07359375,0.00421875,0.0,0.0,0.0,0.0,28.90625,13.640625,23.671875,6.484375,29.578125,14.21875,24.359375,7.046875,0.234375,0.203125,1.125,0.046875,22.328125,9.15625,20.0625,4.046875,3.546875,1.6875,2.40625,1.375,3.03125,2.796875,1.203125,1.0625,25.65625,11.640625,22.5625,5.96875,0.59375,0.34375,0.875,0.359375,2.65625,1.65625,0.234375,0.15625,11.421875,7.6875,197.90625,13,0,1,0,5,6,1,0,0,0,1,5,0,0,175.26,185.42,155.0,28.0,30.0,0,0,0,0,0,0,1,0,0,0,0,0,0,0,0,0,0,1,0,0,1,0,0,0
Red,False,0.0,2.0,0.62,0.52,0.0,1.0,0.0,0.0,0.0,0.0,24.0,15.0,19.0,10.0,45.0,36.0,23.0,14.0,0.0,0.0,1.0,1.0,10.0,3.0,12.0,3.0,6.0,4.0,1.0,1.0,8.0,8.0,6.0,6.0,20.0,12.0,17.0,9.0,4.0,3.0,1.0,1.0,0.0,0.0,1.0,0.0,14.0,101.0,263.0,1,0,0,1,0,0,1,0,0,0,0,0,0,0,190.5,187.96,205.0,0.0,0.0,0.61,0.36,0.0,0.28,0.0,1.0,2.0,0.0,96.0,59.0,50.0,18.0,129.0,89.0,70.0,34.0,0.0,0.0,7.0,2.0,70.0,36.0,30.0,2.0,21.0,19.0,14.0,10.0,5.0,4.0,6.0,6.0,44.0,20.0,41.0,12.0,11.0,8.0,7.0,6.0,41.0,31.0,2.0,0.0,402.0,107.0,899.0,3,0,0,1,0,0,1,0,0,0,0,0,0,0,190.5,190.5,205.0,30.0,26.0,0,0,0,0,0,1,0,0,0,0,0,0,0,0,0,1,0,0,0,0,1,0,0,0
Blue,False,0.0,0.0,0.495,0.47,0.3725,0.0,0.5,0.0,0.0,0.0,104.5,49.75,103.0,47.75,196.25,126.25,113.75,58.0,8.25,2.5,0.75,0.0,92.75,40.75,85.75,32.75,6.5,4.75,10.0,8.5,5.25,4.25,7.25,6.5,93.5,43.0,89.75,39.0,4.5,2.0,12.25,8.0,6.5,4.75,1.0,0.75,389.25,5.0,900.0,9,0,3,0,3,3,0,0,0,1,2,0,0,0,187.96,200.66,205.0,0.0471682548522949,0.0,0.45,0.4217682266235352,0.25,0.19173828125,0.1875,0.125,0.0,0.0,69.5,30.5,66.984375,27.8466796875,94.0,48.544921875,88.50390625,44.75,2.0,0.8125,2.015625,0.6640625,54.0,19.01513671875,51.483436584472656,16.9437255859375,7.91796875,5.430633544921875,7.75,5.0625,4.780975341796875,3.9373779296875,4.8994140625,3.84375,51.025390625,18.400863647460938,50.515625,17.5,5.75,3.75,5.5,3.5,5.375,3.6875,4.0,2.65625,104.865234375,89.5,655.8441009521484,0,0,0,0,0,0,0,0,0,0,0,0,0,0,175.26,187.96,185.0,29.0,30.0,0,0,0,0,0,0,0,1,0,0,0,0,0,0,0,1,0,0,0,0,1,0,0,0
Red,False,0.015625,0.0,0.45,0.4275,0.25,0.2,0.148468017578125,0.098388671875,0.0,0.0,66.5,29.6875,64.31230545043945,27.34375,89.75,48.0,85.53125,44.41152191162109,2.0,0.75,2.0546875,0.75,51.1875,18.3359375,49.6123046875,16.280410766601562,7.5,5.07647705078125,7.5,5.0,4.5,3.625,4.984375,3.9375,48.6875,17.0,47.11572265625,16.5,5.75,3.75,5.3125,3.4375,5.0625,3.5,3.875,2.5,99.2119140625,94.125,638.5,0,0,0,0,0,0,0,0,0,0,0,0,0,0,182.88,190.5,170.0,0.0,0.0,0.495,0.275,0.305,0.1,0.0,0.0,0.0,0.0,77.5,38.5,76.0,20.5,92.0,52.5,93.0,36.0,7.5,2.0,2.5,0.5,63.5,28.0,55.0,8.5,10.0,6.5,9.5,5.0,4.0,4.0,11.5,7.0,53.0,23.0,65.5,12.5,15.5,10.0,9.5,7.5,9.0,5.5,1.0,0.5,279.0,3.5,900.0,6,0,2,0,2,2,0,0,0,0,2,0,0,0,177.8,193.04,170.0,26.0,31.0,0,0,0,0,0,0,0,0,0,1,0,0,0,0,0,0,0,1,0,0,0,0,1,0
Red,False,0.0,0.0,0.3275,0.4974999999999999,0.165,0.29,0.0,0.0,0.0,0.0,243.5,79.5,179.5,92.25,265.75,97.5,190.25,101.5,3.75,1.0,6.0,2.75,209.0,55.0,141.75,62.25,21.25,14.75,20.0,12.5,13.25,9.75,17.75,17.5,225.5,69.5,158.0,78.0,12.5,5.5,8.0,4.25,5.5,4.5,13.5,10.0,65.25,111.75,900.0,9,0,0,3,0,0,3,0,0,0,0,0,0,0,172.72,180.34,135.0,0.5,0.0,0.3399999999999999,0.435,0.37,0.14,0.0,0.5,0.0,0.5,164.0,54.0,104.5,46.0,206.5,93.0,111.5,52.0,22.5,8.5,5.0,1.0,141.5,38.0,77.0,23.5,14.0,9.0,23.0,18.5,8.5,7.0,4.5,4.0,139.0,40.0,77.0,25.0,23.5,13.0,26.0,19.5,1.5,1.0,1.5,1.5,314.0,92.5,900.0,6,0,0,2,0,0,2,0,0,0,0,0,0,0,167.64,172.72,135.0,32.0,27.0,1,0,0,0,0,0,0,0,0,0,0,0,0,0,0,1,0,0,0,0,1,0,0,0
Red,False,0.291259765625,0.0,0.43426025390625,0.365625,0.1395849609375,0.630009765625,0.0,0.25,0.0,0.0,146.939697265625,62.964111328125,160.1259765625,56.113037109375,148.926513671875,64.888427734375,163.55615234375,59.416259765625,1.58203125,0.53662109375,1.364013671875,0.8173828125,117.076904296875,36.837890625,114.399658203125,30.58203125,23.193603515625,19.628173828125,32.87744140625,17.78564453125,6.669189453125,6.498046875,12.848876953125,7.745361328125,143.0625,61.199462890625,154.27001953125,51.981201171875,3.48388671875,1.42626953125,4.85107421875,3.12890625,0.393310546875,0.33837890625,1.0048828125,1.0029296875,11.754638671875,52.33740234375,917.7060546875,37,3,3,0,3,9,4,0,0,1,3,4,0,1,160.02,167.64,135.0,0.53125,0.5,0.20625,0.5675,0.11375,0.0,0.0,0.0,0.0,0.0,76.0,30.53125,73.125,29.15625,78.9375,33.15625,73.40625,29.4375,1.96875,0.6875,0.71875,0.0,54.84375,15.90625,54.6875,15.59375,12.28125,6.8125,8.9375,5.5,8.875,7.8125,9.5,8.0625,70.4375,26.3125,67.5625,24.65625,4.34375,3.1875,2.5625,2.0,1.21875,1.03125,3.0,2.5,35.0625,4.34375,441.15625,14,0,5,0,5,5,1,0,0,1,3,1,0,0,162.56,172.72,135.0,33.0,29.0,1,0,0,0,0,0,0,0,0,0,0,0,0,0,0,1,0,0,0,0,1,0,0,0
Red,False,0.0,0.0,0.4125,0.379375,0.125,0.13703125,0.0,0.125,0.5,0.015625,239.90625,104.515625,186.21875,74.75,254.984375,119.125,194.71875,82.59375,2.078125,0.25,3.625,0.265625,193.671875,71.109375,141.359375,47.609375,35.421875,24.625,30.890625,17.359375,10.8125,8.78125,13.96875,9.78125,197.234375,70.3125,159.328125,56.875,39.359375,31.078125,25.765625,16.75,3.3125,3.125,1.125,1.125,57.765625,103.546875,847.875,21,1,3,0,3,5,2,0,0,2,3,0,0,0,160.02,162.56,115.0,0.001953125,0.0625,0.51264404296875,0.47773681640625,0.655078125,0.508408203125,0.041259765625,0.514892578125,0.5,0.0,201.787841796875,102.896484375,158.00244140625,79.99755859375,264.16455078125,161.455322265625,171.67333984375,92.574951171875,9.341552734375,6.4833984375,2.895751953125,1.017578125,145.712890625,57.5986328125,126.521728515625,54.378662109375,49.13720703125,39.305419921875,16.651123046875,11.24755859375,6.937744140625,5.992431640625,14.82958984375,14.371337890625,121.45654296875,43.1875,134.150634765625,66.356201171875,32.6689453125,20.5615234375,20.044677734375,11.07861328125,47.662353515625,39.1474609375,3.80712890625,2.562744140625,389.947021484375,18.00244140625,944.342041015625,32,1,0,1,3,9,4,0,0,1,5,1,2,0,154.94,157.48,115.0,32.0,26.0,0,0,0,0,0,0,0,0,0,0,0,0,0,1,0,1,0,0,0,0,1,0,0,0
Red,False,0.0,0.0,0.3475,0.395,0.25,0.405,0.0,0.5,0.0,0.0,142.75,52.5,151.5,52.0,157.0,64.0,182.0,73.75,1.0,0.25,13.75,6.0,118.5,34.5,129.5,37.5,9.5,5.75,12.75,6.5,14.75,12.25,9.25,8.0,138.5,49.75,126.75,36.25,3.5,2.75,11.0,5.75,0.75,0.0,13.75,10.0,38.25,301.0,900.0,9,0,0,1,1,1,2,0,0,0,1,0,0,0,177.8,182.88,135.0,0.0,0.0,0.5125,0.3625,0.49,0.07,0.75,0.0,0.75,0.0,142.25,68.25,106.0,32.0,168.0,89.5,110.75,35.75,10.0,5.5,2.75,0.5,121.25,53.0,88.75,20.25,11.0,7.75,12.25,8.0,10.0,7.5,5.0,3.75,123.0,54.25,100.0,27.75,3.75,2.5,5.75,4.0,15.5,11.5,0.25,0.25,323.0,58.25,808.0,8,0,3,0,3,3,0,0,0,0,1,0,2,0,185.42,185.42,145.0,28.0,27.0,0,0,1,0,0,0,0,0,0,0,0,0,0,0,0,1,0,0,0,0,1,0,0,0
Red,False,0.0,0.0,0.5275,0.355,0.365,0.27,0.0,0.0,0.0,0.0,165.0,87.5,146.5,52.75,187.75,108.75,198.5,96.5,4.75,3.0,12.0,0.75,129.25,60.25,130.0,40.75,24.5,18.75,10.75,7.0,11.25,8.5,5.75,5.0,124.25,58.0,130.75,46.0,27.0,19.25,14.25,5.75,13.75,10.25,1.5,1.0,144.75,157.75,900.0,9,0,3,0,3,3,0,0,0,2,1,0,0,0,167.64,162.56,145.0,0.0,0.5625,0.493984375,0.34259765625,0.3275,0.1916015625,0.048828125,0.001953125,0.5,0.0625,111.115234375,61.953125,68.498046875,21.005859375,137.556640625,86.93359375,95.369140625,45.912109375,5.232421875,1.806640625,3.171875,0.8046875,66.1953125,28.08984375,58.09375,15.74609375,33.240234375,24.158203125,7.162109375,3.74609375,11.6796875,9.705078125,3.2421875,1.513671875,77.787109375,37.201171875,59.080078125,13.826171875,18.083984375,14.763671875,7.09765625,5.55078125,15.244140625,9.98828125,2.3203125,1.62890625,114.833984375,251.736328125,688.28125,27,0,4,0,4,7,3,0,0,0,4,1,2,0,170.18,180.34,135.0,28.0,29.0,1,0,0,0,0,0,0,0,0,0,0,0,0,0,0,1,0,0,0,0,1,0,0,0
Red,False,0.09375,0.15625,0.35875,0.3890625,0.3578125,0.29,0.8125,0.1875,0.75,0.0,48.96875,16.65625,52.96875,21.34375,75.5625,33.90625,62.8125,29.1875,2.53125,1.03125,2.5,0.75,40.28125,11.21875,42.71875,14.40625,4.875,2.53125,4.28125,3.0,3.8125,2.90625,5.96875,3.9375,34.65625,7.84375,37.84375,14.15625,6.0625,2.5,5.09375,3.21875,8.25,6.3125,10.03125,3.96875,102.15625,98.03125,426.9375,10,0,1,0,2,4,2,0,0,0,0,2,2,0,182.88,193.04,170.0,1.125,0.0,0.42625,0.38125,0.0825,0.3325,0.0,0.0,0.125,0.0,46.875,20.125,48.375,20.5,54.0,25.5,57.0,27.375,0.75,0.25,2.625,1.25,42.0,17.125,39.25,12.75,1.625,0.875,7.625,6.25,3.25,2.125,1.5,1.5,39.375,15.5,35.625,10.875,7.0,4.25,8.75,6.875,0.5,0.375,4.0,2.75,36.25,77.25,297.875,6,0,1,0,2,3,1,0,0,0,0,3,0,0,177.8,185.42,170.0,28.0,33.0,0,0,0,0,0,0,0,0,0,1,0,0,0,0,0,1,0,0,0,0,1,0,0,0
Blue,False,0.0,0.0,0.485,0.5775,0.78,0.0,0.75,0.75,0.0,0.25,35.75,22.75,10.75,6.5,65.5,47.5,39.25,28.75,3.5,2.75,0.0,0.0,27.25,15.5,8.0,4.75,4.5,3.75,2.5,1.5,4.0,3.5,0.25,0.25,12.0,3.5,5.5,2.0,1.0,0.75,2.75,2.5,22.75,18.5,2.5,2.0,282.25,8.0,362.75,5,1,3,0,3,3,0,0,0,0,1,0,2,0,165.1,167.64,115.0,0.0,0.0,0.3881249999999999,0.380625,0.4165625,0.48765625,0.328125,0.625,0.25,0.125,109.1875,42.09375,85.859375,32.328125,224.71875,143.890625,124.5625,66.1875,7.21875,2.75,3.390625,2.265625,93.4375,30.203125,80.53125,29.15625,4.46875,3.390625,4.71875,3.078125,11.28125,8.5,0.609375,0.09375,87.40625,28.484375,73.921875,23.5,9.8125,5.609375,3.171875,1.96875,11.96875,8.0,8.765625,6.859375,194.734375,222.875,891.296875,20,2,1,0,2,4,3,0,0,0,3,0,1,0,154.94,160.02,115.0,27.0,30.0,0,0,0,0,0,0,0,0,0,0,0,0,0,1,0,0,0,1,0,0,1,0,0,0
Red,False,0.0,0.0,0.435,0.4599999999999999,0.8,0.14,0.0,0.25,0.75,0.0,216.25,100.25,267.75,122.0,260.25,141.0,279.0,133.0,3.0,2.0,6.5,1.0,194.75,82.25,214.25,79.5,21.5,18.0,34.25,25.5,0.0,0.0,19.25,17.0,201.25,90.0,250.75,110.25,11.75,9.5,11.75,9.0,3.25,0.75,5.25,2.75,136.25,63.75,900.0,9,0,0,1,1,1,2,0,0,1,0,0,0,0,177.8,185.42,170.0,0.0,0.0,0.45,0.24,0.0,0.0,1.0,0.0,0.0,0.0,31.0,14.0,29.0,7.0,32.0,15.0,32.0,9.0,0.0,0.0,0.0,0.0,28.0,11.0,22.0,3.0,1.0,1.0,5.0,2.0,2.0,2.0,2.0,2.0,31.0,14.0,28.0,7.0,0.0,0.0,1.0,0.0,0.0,0.0,0.0,0.0,67.0,0.0,168.0,1,0,1,0,1,1,0,0,0,0,0,0,1,0,180.34,190.5,170.0,29.0,28.0,0,0,0,0,0,0,0,0,0,1,0,0,0,0,0,1,0,0,0,0,0,0,1,0
Red,True,0.84375,0.0,0.3909374999999999,0.3371875,0.16625,0.140625,0.0,0.0625,0.0,0.0,95.96875,35.375,100.53125,27.8125,97.8125,36.65625,107.5,34.40625,0.46875,0.25,1.90625,0.3125,73.75,23.03125,72.9375,10.03125,7.0625,3.3125,13.3125,8.5625,15.15625,9.03125,14.28125,9.21875,85.15625,28.1875,95.125,23.59375,5.96875,3.53125,3.96875,3.0625,4.84375,3.65625,1.4375,1.15625,43.78125,21.03125,1024.28125,17,0,1,0,4,5,1,0,0,0,3,2,0,0,182.88,187.96,185.0,0.9619140625,0.0,0.4194042968749999,0.328125,0.25390625,0.00390625,0.25,0.00390625,0.0,0.0,130.47265625,51.5458984375,107.6083984375,34.3671875,142.3623046875,62.521484375,115.0615234375,41.400390625,0.65234375,0.38671875,10.658203125,0.0078125,105.4013671875,33.42578125,90.51171875,22.9140625,20.12109375,13.6435546875,12.40625,7.3994140625,4.9501953125,4.4765625,4.6904296875,4.0537109375,114.76953125,39.513671875,104.6259765625,32.6845703125,6.2392578125,3.724609375,1.951171875,1.5419921875,9.4638671875,8.3076171875,1.03125,0.140625,72.966796875,52.384765625,1359.95703125,30,4,1,0,3,8,3,0,1,1,1,5,0,0,175.26,187.96,170.0,25.0,36.0,0,0,0,0,0,0,0,0,0,1,0,0,0,0,0,0,0,1,0,0,1,0,0,0
Blue,False,0.5,0.0,0.4325,0.344375,0.20875,0.16125,0.0,1.0,0.0,0.0,67.1875,28.375,60.3125,19.375,71.9375,31.75,66.125,24.75,2.0625,1.125,3.625,0.5625,57.875,21.5625,53.0,15.125,6.75,5.25,4.875,1.875,2.5625,1.5625,2.4375,2.375,51.0,18.0,48.25,11.1875,10.3125,7.4375,8.75,6.0,5.875,2.9375,3.3125,2.1875,82.5625,63.6875,408.75,9,0,0,4,1,1,4,0,0,0,0,1,0,0,182.88,187.96,185.0,0.0,0.0,0.78,0.0,1.0,0.0,1.0,0.0,0.0,0.0,14.0,11.0,1.0,0.0,41.0,34.0,2.0,1.0,1.0,1.0,0.0,0.0,14.0,11.0,1.0,0.0,0.0,0.0,0.0,0.0,0.0,0.0,0.0,0.0,1.0,0.0,1.0,0.0,0.0,0.0,0.0,0.0,13.0,11.0,0.0,0.0,233.0,0.0,238.0,1,0,1,0,1,1,0,0,0,0,0,0,1,0,177.8,185.42,185.0,27.0,34.0,0,0,0,0,0,0,0,1,0,0,0,0,0,0,0,1,0,0,0,0,1,0,0,0
Red,False,0.765625,0.046875,0.4409375,0.4403125,0.5365625,0.195,0.03125,1.0625,0.15625,0.5,114.828125,51.28125,74.578125,31.296875,145.546875,77.34375,99.890625,51.796875,1.03125,0.71875,7.421875,1.84375,95.171875,36.90625,56.296875,21.953125,17.0,12.78125,9.703125,5.234375,2.65625,1.59375,8.578125,4.109375,83.171875,28.421875,54.53125,17.625,20.15625,14.921875,6.53125,4.21875,11.5,7.9375,13.515625,9.453125,42.046875,421.5625,803.625,18,0,1,0,1,3,4,0,0,0,1,2,0,0,182.88,180.34,155.0,1.043081283569336e-06,0.500244140625,0.4646379126235843,0.5132590231299401,0.3748571983352303,0.3897995391860604,0.2224006839096546,0.0181924290955066,0.0024720467627048,0.0625305399298667,58.26515353098512,26.417537696659565,91.99266981333494,46.06284274533391,69.37348907068372,36.6952815502882,104.84010312706232,57.4441858753562,3.344520092010498,1.0726296938955784,0.7976186498999596,0.6222386471927166,41.47062676772475,13.02549060434103,73.08219986408949,30.070112079381943,8.931436657905579,6.725556958466768,12.358457129448652,11.014639288187029,7.863090105354786,6.666490133851767,6.552012819796801,4.97809137776494,48.67794287577272,20.01114210858941,78.45370083674788,36.32751181721687,6.146889261901379,4.239651642739773,5.496471967548132,4.283752296119928,3.440321393311024,2.1667439453303814,8.042497009038925,5.4515786319971085,82.26433336362243,127.10206915065646,532.9908867292106,69,0,2,0,7,17,12,0,0,2,6,3,6,0,172.72,180.34,155.0,29.0,35.0,0,0,0,0,0,0,1,0,0,0,0,0,0,0,0,0,0,1,0,0,0,0,1,0
Red,False,1.0,0.0,0.4725,0.405,0.0,0.235,0.5,1.0,0.5,0.0,160.25,75.5,137.0,56.5,203.0,111.5,165.0,80.25,0.5,0.0,4.5,1.25,144.75,64.75,112.75,37.5,11.25,8.0,17.25,12.75,4.25,2.75,7.0,6.25,127.75,52.0,94.0,30.5,14.75,12.25,16.25,10.75,17.75,11.25,26.75,15.25,239.25,250.5,900.0,9,0,0,1,2,2,1,0,0,0,2,0,0,0,172.72,170.18,125.0,0.0,0.25,0.3975,0.46,0.5,0.045,0.0,0.0,1.5,0.5,205.25,83.0,212.0,91.5,249.0,122.25,229.0,106.5,1.25,0.75,8.25,0.5,175.0,61.25,164.5,58.75,12.75,9.5,25.25,14.25,17.5,12.25,22.25,18.5,181.25,66.0,192.0,80.5,10.25,6.25,10.25,5.5,13.75,10.75,9.75,5.5,44.5,187.25,900.0,9,0,0,2,1,1,2,0,0,0,1,0,0,0,175.26,172.72,135.0,24.0,30.0,0,0,0,0,0,0,0,0,0,0,1,0,0,0,0,1,0,0,0,0,1,0,0,0
Red,False,0.0,1.0,0.35,0.62,0.0,0.0,0.0,0.0,0.0,0.0,17.0,6.0,29.0,18.0,28.0,13.0,53.0,40.0,2.0,0.0,2.0,0.0,10.0,1.0,22.0,14.0,2.0,2.0,6.0,3.0,5.0,3.0,1.0,1.0,12.0,5.0,9.0,2.0,5.0,1.0,3.0,3.0,0.0,0.0,17.0,13.0,109.0,117.0,272.0,1,0,0,1,0,0,1,0,0,0,0,0,0,0,187.96,193.04,170.0,0.0019764900207519,1.07110595703125,0.4937236085534096,0.5332044643163681,0.0154549202322959,0.0216538095474243,0.0127574652433395,0.125499814748764,1.5497207641601562e-06,7.659196853637695e-06,31.777252659201626,15.630906447768211,41.576322346925735,20.671986386179924,36.60321123898029,19.95069682598114,47.18518353998661,25.81567978858948,1.9684573113918304,0.0826078951358795,0.4010323584079742,0.0694968104362487,23.33826220035553,9.788333803415298,36.57912783324719,16.527522921562195,6.313090190291405,3.824708417057991,2.623393148183822,1.8854959309101105,2.1259002685546875,2.017864227294922,2.373801365494728,2.2589675337076187,26.13777366280556,10.937916442751884,33.881482765078545,14.24059447646141,1.811219930648804,1.3704806566238403,5.7531794756650925,5.134495735168457,3.828259065747261,3.3225093483924866,1.9416601061820984,1.2968961745500565,122.64052121341228,11.1258292645216,310.6373598724604,70,2,6,0,6,16,11,0,0,3,8,5,0,0,177.8,182.88,170.0,28.0,36.0,0,0,0,0,0,0,0,0,0,1,0,0,0,0,0,1,0,0,0,0,0,0,1,0
Blue,False,0.0,0.0,0.4449999999999999,0.36,0.5125,0.3525,0.25,1.5,0.0,0.5,67.5,29.75,64.75,23.5,89.75,49.5,76.25,34.25,7.25,4.0,3.0,1.0,54.5,18.75,53.0,15.75,11.5,9.75,10.25,6.25,1.5,1.25,1.5,1.5,49.75,14.0,52.75,13.75,5.75,4.75,6.0,4.5,12.0,11.0,6.0,5.25,263.25,46.75,687.5,8,0,1,0,1,1,2,0,0,1,0,0,0,0,160.02,157.48,125.0,0.0,0.5,0.495,0.37,1.0,0.0,0.5,0.5,0.0,0.0,4.5,2.0,13.5,6.5,11.0,7.0,17.5,10.0,2.0,2.0,0.0,0.0,3.5,1.5,13.5,6.5,0.5,0.0,0.0,0.0,0.5,0.5,0.0,0.0,3.0,1.5,4.5,1.0,0.0,0.0,1.0,0.5,1.5,0.5,8.0,5.0,116.0,30.5,173.0,2,0,0,1,1,1,1,0,0,0,0,0,1,0,167.64,167.64,125.0,25.0,32.0,0,0,0,1,0,0,0,0,0,0,0,0,0,0,0,0,0,0,1,0,1,0,0,0
Red,False,0.078125,0.0,0.5034375,0.32546875,0.375,0.14,0.0,0.03125,0.015625,0.0,191.796875,97.65625,275.078125,90.734375,200.390625,105.53125,291.140625,105.21875,1.140625,0.625,2.59375,0.59375,136.796875,56.375,206.375,47.328125,30.953125,20.296875,47.21875,25.796875,24.046875,20.984375,21.484375,17.609375,169.578125,78.84375,254.296875,81.53125,19.625,16.578125,19.71875,8.9375,2.59375,2.234375,1.0625,0.265625,89.4375,62.90625,877.09375,19,0,1,0,1,3,4,0,0,0,3,0,0,0,160.02,162.56,115.0,0.0,0.0078125,0.382265625,0.5467187499999999,0.015625,0.699609375,1.53125,0.0625,0.28125,0.03125,151.3046875,57.0078125,128.921875,60.2109375,178.40625,82.21875,149.1171875,78.125,0.59375,0.03125,3.578125,2.6796875,129.4765625,38.9375,95.0546875,32.9375,7.6015625,5.875,14.046875,10.875,14.2265625,12.1953125,19.8203125,16.3984375,130.640625,41.7265625,108.59375,44.875,10.9765625,8.1171875,7.1796875,5.1640625,9.6875,7.1640625,13.1484375,10.171875,67.7578125,287.328125,868.8125,20,0,0,2,2,3,5,0,0,0,1,1,1,0,170.18,170.18,125.0,33.0,31.0,0,0,0,0,0,0,0,0,0,0,0,0,0,1,0,1,0,0,0,0,1,0,0,0
Red,False,0.53271484375,0.0,0.4808680725097656,0.4409785461425781,0.1598223876953124,0.0441694641113281,0.1253662109375,0.125,0.00048828125,0.006378173828125,51.99690246582031,23.01123046875,38.12596130371094,16.791976928710938,52.92892456054688,23.7965087890625,42.9229736328125,20.93634033203125,1.02532958984375,0.200592041015625,1.59124755859375,0.1432342529296875,38.18971252441406,11.916534423828123,29.15296936035156,10.854583740234377,8.905380249023438,6.609222412109375,2.410247802734375,1.7925262451171875,4.9018096923828125,4.4854736328125,6.562744140625,4.144866943359375,43.72438049316406,17.194320678710938,30.0240478515625,9.877548217773438,1.8446807861328125,1.0116729736328125,2.5841827392578125,1.99188232421875,6.4278411865234375,4.80523681640625,5.517730712890625,4.92254638671875,9.107162475585938,35.3515625,333.16339111328125,38,0,2,0,3,10,7,0,0,1,4,3,2,0,175.26,180.34,135.0,1.0,0.0,0.54,0.35,1.0,1.0,0.0,0.0,1.0,0.0,147.0,80.0,90.0,32.0,179.0,108.0,95.0,35.0,1.0,1.0,1.0,1.0,104.0,47.0,84.0,29.0,32.0,23.0,6.0,3.0,11.0,10.0,0.0,0.0,90.0,45.0,84.0,31.0,33.0,20.0,6.0,1.0,24.0,15.0,0.0,0.0,115.0,68.0,528.0,2,0,1,0,1,1,0,0,0,0,0,1,0,0,180.34,177.8,135.0,38.0,26.0,1,0,0,0,0,0,0,0,0,0,0,0,0,0,0,0,0,1,0,0,0,0,0,1
Blue,False,0.75,0.0,0.51,0.3825,0.7275,0.1575,2.75,0.0,0.0,0.0,49.5,24.5,39.0,16.0,58.75,32.75,56.25,30.75,2.75,1.75,3.25,1.75,37.5,17.25,31.75,11.75,11.75,7.0,3.75,2.0,0.25,0.25,3.5,2.25,26.5,10.5,21.25,7.25,2.25,2.0,3.0,1.75,20.75,12.0,14.75,7.0,270.0,140.75,662.0,7,0,3,0,3,3,0,0,0,1,0,2,0,0,165.1,172.72,125.0,0.250244140625,0.009765625,0.5135156249999999,0.33447265625,0.139794921875,0.3707275390625,1.020751953125,0.00927734375,1.0078125,0.0,73.135986328125,36.228515625,51.118896484375,14.371337890625,89.568115234375,51.064697265625,86.558349609375,40.785400390625,0.9619140625,0.3212890625,8.656005859375,4.334228515625,58.571044921875,24.207275390625,41.615966796875,7.67431640625,10.17041015625,7.836669921875,4.441162109375,2.045654296875,4.39453125,4.1845703125,5.061767578125,4.6513671875,57.73974609375,24.002197265625,49.4541015625,13.107666015625,5.22119140625,4.07666015625,0.645751953125,0.3544921875,10.175048828125,8.149658203125,1.01904296875,0.9091796875,94.169677734375,265.752685546875,696.366943359375,35,1,2,0,3,8,5,0,0,1,2,2,3,0,167.64,167.64,125.0,30.0,34.0,0,0,0,1,0,0,0,0,0,0,0,0,0,0,0,1,0,0,0,0,1,0,0,0
Red,False,0.0,1.0,0.44,0.77,0.0,0.0,0.0,0.0,0.0,0.0,18.0,8.0,22.0,17.0,18.0,8.0,22.0,17.0,0.0,0.0,0.0,0.0,12.0,4.0,18.0,13.0,0.0,0.0,2.0,2.0,6.0,4.0,2.0,2.0,18.0,8.0,14.0,10.0,0.0,0.0,0.0,0.0,0.0,0.0,8.0,7.0,0.0,4.0,114.0,1,0,0,1,0,0,1,0,0,0,0,0,0,0,187.96,193.04,185.0,0.25,0.0,0.5425,0.55,0.385,0.1,0.0,0.25,0.0,0.0,81.0,41.5,76.75,42.0,97.0,54.75,82.0,47.0,7.0,2.25,1.5,0.5,67.75,30.0,42.25,14.0,12.25,10.75,20.5,15.5,1.0,0.75,14.0,12.5,47.5,18.5,61.75,31.5,17.75,12.5,7.75,6.0,15.75,10.5,7.25,4.5,243.0,80.75,1018.5,9,0,2,0,2,2,1,0,0,0,1,1,0,0,185.42,190.5,185.0,32.0,31.0,0,0,0,0,0,0,0,1,0,0,0,0,0,0,0,1,0,0,0,0,0,0,1,0
Red,False,0.0078125,0.0,0.4984375,0.4640624999999999,0.09328125,0.243125,0.25,0.125,0.0,0.0,68.2265625,32.90625,67.6640625,32.1328125,87.421875,50.2890625,83.9921875,47.078125,2.453125,0.5546875,1.9140625,0.65625,38.4296875,12.421875,50.6953125,21.1171875,17.6640625,11.046875,14.34375,8.6796875,12.1328125,9.4375,2.625,2.3359375,52.578125,19.796875,53.796875,22.2734375,14.8359375,12.6640625,11.0859375,8.703125,0.8125,0.4453125,2.78125,1.15625,174.921875,124.171875,716.9609375,20,1,4,0,4,6,2,0,0,0,2,0,3,1,180.34,182.88,170.0,0.0,0.01953125,0.5194921875,0.4049609375,0.216953125,0.62953125,1.31640625,0.0,0.51171875,0.015625,105.4921875,54.7578125,142.53125,56.08984375,123.96875,68.53125,171.2578125,80.88671875,7.7109375,1.81640625,3.203125,1.046875,96.46875,48.1015625,113.1796875,34.00390625,5.78125,4.22265625,21.9921875,15.77734375,3.2421875,2.43359375,7.359375,6.30859375,91.81640625,45.40625,119.61328125,39.015625,2.609375,1.32421875,10.31640625,7.8828125,11.06640625,8.02734375,12.6015625,9.19140625,356.4609375,71.3359375,841.83203125,21,0,1,0,4,6,3,0,0,0,3,1,2,0,187.96,185.42,170.0,27.0,32.0,0,0,0,0,0,0,0,0,0,1,0,0,0,0,0,1,0,0,0,0,1,0,0,0
Blue,False,0.765625,0.0,0.51390625,0.43875,0.03640625,0.353125,0.53125,1.5625,0.0,0.0,89.625,44.890625,62.40625,30.1875,140.671875,92.546875,84.359375,50.828125,0.140625,0.046875,5.5,3.078125,70.1875,30.4375,49.125,19.109375,7.609375,6.28125,7.71875,5.609375,11.828125,8.171875,5.5625,5.46875,63.828125,24.21875,57.640625,26.03125,19.265625,16.0625,3.8125,3.21875,6.53125,4.609375,0.953125,0.9375,65.75,324.5,713.0625,18,0,1,0,2,4,3,0,0,0,1,2,1,0,182.88,182.88,170.0,0.1413478851318359,1.0333251953125,0.479252872467041,0.4907625579833984,0.0681807899475097,0.0083603286743164,0.0078182220458984,0.0039291381835937,5.7220458984375e-06,0.0058708190917968,24.87850952148437,10.703954696655272,38.753665924072266,19.750301361083984,28.26414680480957,13.48222541809082,41.12541198730469,21.941469192504883,1.279876708984375,0.2594661712646484,0.1989917755126953,0.0273456573486328,21.44977569580078,8.271209716796875,26.924177169799805,11.010501861572266,2.7149314880371094,1.986612319946289,6.827861785888672,4.243423461914063,0.7138023376464844,0.4461326599121094,5.001626968383789,4.496376037597656,17.487821578979492,6.15471076965332,27.3948974609375,11.854446411132812,6.190723419189453,3.666393280029297,8.508703231811523,5.993217468261719,1.1999645233154297,0.8828506469726562,2.850065231323242,1.902637481689453,32.033843994140625,12.974872589111328,227.161865234375,40,0,0,1,6,10,10,0,0,1,2,5,1,1,175.26,180.34,170.0,29.0,33.0,0,0,0,0,0,0,0,0,0,1,0,0,0,0,0,0,0,1,0,0,1,0,0,0
Red,False,0.876953125,0.0703125,0.3831640625,0.32923828125,0.28125,0.7744140625,0.197265625,0.5,0.005859375,0.0,128.744140625,50.697265625,73.787109375,24.291015625,132.087890625,54.041015625,75.30078125,25.75390625,1.134765625,0.5625,2.57421875,2.142578125,89.376953125,23.013671875,52.6796875,9.73046875,32.568359375,22.947265625,15.35546875,10.998046875,6.798828125,4.736328125,5.751953125,3.5625,118.90234375,43.4140625,69.283203125,21.052734375,4.525390625,3.470703125,3.62109375,2.62109375,5.31640625,3.8125,0.8828125,0.6171875,25.45703125,72.671875,689.92578125,21,0,5,0,5,9,1,0,0,0,4,2,3,0,190.5,193.04,155.0,0.0,0.25,0.545,0.4649999999999999,0.0,0.2075,0.0,0.0,0.0,0.0,208.75,114.0,314.5,148.5,210.0,115.0,320.0,152.75,0.25,0.0,3.75,0.5,147.5,60.75,268.25,111.0,12.25,10.0,37.25,29.5,49.0,43.25,9.0,8.0,186.0,94.75,294.25,132.5,22.0,19.0,18.75,15.0,0.75,0.25,1.5,1.0,35.0,16.5,823.25,9,0,1,0,1,1,2,0,0,0,0,1,0,0,180.34,177.8,155.0,31.0,29.0,0,0,0,0,0,0,1,0,0,0,0,0,0,0,0,1,0,0,0,0,1,0,0,0
Red,False,0.328125,0.03125,0.35134765625,0.4841015625,0.4398632812499999,0.1808203124999999,0.00390625,0.078125,0.0703125,0.0078125,186.296875,66.646484375,154.03125,77.3984375,200.5625,80.744140625,178.25390625,100.392578125,8.009765625,3.38671875,7.2890625,1.076171875,166.775390625,52.052734375,108.828125,40.958984375,9.263671875,5.361328125,18.525390625,10.921875,10.2578125,9.232421875,26.677734375,25.517578125,174.953125,61.234375,140.158203125,69.33203125,6.505859375,2.53125,11.33203125,6.470703125,4.837890625,2.880859375,2.541015625,1.595703125,104.078125,135.140625,867.6796875,24,0,1,0,2,6,4,0,0,1,3,2,0,0,180.34,187.96,145.0,0.0670928955078125,0.0001220703125,0.4110617065429688,0.4273661804199219,0.1235537719726562,0.1666985321044922,0.125,0.6263885498046875,3.814697265625e-05,0.0,126.3211898803711,53.69178009033203,107.98399353027344,53.491310119628906,127.0992660522461,54.42139434814453,136.1708221435547,77.41999816894531,0.8068084716796875,0.2949600219726562,2.891807556152344,0.7527389526367188,91.32691955566406,30.262245178222656,90.00415802001953,39.1577377319336,25.30967712402344,17.1934814453125,6.6364593505859375,4.673988342285156,9.684593200683594,6.236053466796875,11.343376159667969,9.659584045410156,119.26445770263672,50.09046173095703,81.55683135986328,34.88956451416016,5.946022033691406,3.076728820800781,10.3836669921875,7.069068908691406,1.1107101440429688,0.5245895385742188,16.043495178222656,11.532676696777344,10.174201965332031,128.0168685913086,522.8883514404297,44,1,0,1,4,9,9,0,0,0,5,4,0,0,177.8,185.42,155.0,28.0,32.0,0,0,1,0,0,0,0,0,0,0,0,0,0,0,0,1,0,0,0,0,0,0,1,0
Red,False,0.0,0.0,0.27,0.5549999999999999,0.25,0.875,0.5,3.5,0.0,0.0,37.0,19.0,27.0,14.0,47.5,26.0,52.0,34.5,1.0,0.5,2.5,2.0,30.5,14.0,23.0,11.0,4.0,3.0,2.0,1.0,2.5,2.0,2.0,2.0,26.0,9.0,19.0,8.0,4.0,3.5,1.5,1.5,7.0,6.5,6.5,4.5,31.5,273.0,537.0,4,0,0,2,0,0,2,0,0,0,0,0,0,0,170.18,170.18,125.0,0.3125,0.0,0.4378125,0.5521875,0.125,0.365,0.0,1.28125,0.5,0.0,136.96875,58.5,90.59375,47.75,157.59375,76.6875,108.0625,62.84375,1.125,0.625,3.34375,1.5,82.65625,22.4375,51.375,23.34375,26.65625,14.28125,24.1875,17.6875,27.65625,21.78125,15.03125,6.71875,123.75,50.4375,75.15625,36.125,8.4375,5.53125,8.0625,6.6875,4.78125,2.53125,7.375,4.9375,95.0625,89.78125,702.1875,14,0,1,0,2,3,3,0,0,0,2,1,0,0,167.64,165.1,125.0,32.0,32.0,0,0,0,0,0,0,0,0,0,0,0,0,1,0,0,0,0,0,1,0,1,0,0,0
Red,False,0.0,0.0,0.75,0.53,0.7,0.25,1.5,0.0,0.0,0.0,32.0,17.0,73.5,41.0,44.0,27.0,89.5,54.0,3.0,1.5,2.5,1.0,21.0,7.5,60.0,31.5,9.0,7.5,12.5,9.0,2.0,2.0,1.0,0.5,19.5,7.5,30.0,13.5,7.5,6.0,20.5,12.5,5.0,3.5,23.0,15.0,123.0,265.5,584.0,4,0,0,1,1,1,1,0,0,0,0,0,1,0,185.42,185.42,185.0,1.0,0.25,0.545,0.5349999999999999,0.3725,0.0,0.0,0.0,0.0,0.25,148.375,76.875,179.5,101.125,183.75,107.125,211.875,130.0,7.5,3.25,0.5,0.0,133.875,66.625,149.375,72.875,11.375,7.25,23.625,21.875,3.125,3.0,6.5,6.375,123.5,57.125,153.875,79.625,11.25,7.625,23.25,19.125,13.625,12.125,2.375,2.375,225.625,29.125,762.0,12,1,2,0,2,2,2,0,0,0,2,0,0,0,185.42,187.96,185.0,30.0,30.0,0,0,0,0,0,0,0,1,0,0,0,0,0,0,0,1,0,0,0,0,1,0,0,0
Red,False,0.625,0.25,0.4499999999999999,0.46375,0.0625,0.2875,0.125,0.25,0.0,0.0,109.5,50.25,81.0,40.375,120.875,60.375,86.375,45.25,0.5,0.125,2.875,0.75,96.875,40.625,49.5,13.25,10.5,8.125,13.125,9.75,2.125,1.5,18.375,17.375,86.0,32.125,69.75,33.375,12.125,7.5,8.5,4.875,11.375,10.625,2.75,2.125,95.5,31.875,630.375,8,0,1,0,1,2,2,0,0,0,1,0,1,0,167.64,170.18,135.0,0.0,0.0,0.709315185546875,0.249326171875,0.532698974609375,0.6738964843749999,1.650390625,0.3125,0.5655517578125,0.173828125,42.7938232421875,19.0450439453125,22.2669677734375,9.946044921875,113.956298828125,69.511474609375,52.9215087890625,32.85791015625,4.49365234375,2.0010986328125,0.919189453125,0.727783203125,29.984375,7.326416015625,18.621337890625,7.2261962890625,10.0179443359375,8.9996337890625,2.7939453125,1.9947509765625,2.79150390625,2.718994140625,0.8516845703125,0.72509765625,33.0430908203125,10.1734619140625,18.4791259765625,6.6243896484375,1.33935546875,0.6553955078125,0.5836181640625,0.3955078125,8.411376953125,8.2161865234375,3.2042236328125,2.9261474609375,379.01513671875,80.0054931640625,622.714599609375,35,0,1,0,4,10,4,0,0,1,4,0,5,0,167.64,170.18,135.0,32.0,33.0,1,0,0,0,0,0,0,0,0,0,0,0,0,0,0,0,0,1,0,0,1,0,0,0
Red,False,0.0,0.3125,0.44375,0.5425,0.2249999999999999,0.661875,0.375,1.59375,0.125,0.5,65.75,26.4375,46.65625,22.21875,89.96875,47.3125,61.0625,32.09375,4.0625,0.84375,4.09375,2.375,50.125,14.96875,33.21875,11.875,8.4375,6.125,8.84375,5.96875,7.1875,5.34375,4.59375,4.375,45.09375,12.8125,31.9375,12.28125,5.59375,4.625,8.96875,5.125,15.0625,9.0,5.75,4.8125,177.84375,148.5,546.28125,14,0,2,0,2,3,3,0,0,0,2,1,0,0,182.88,185.42,170.0,0.375,0.25,0.48,0.4925,0.375,0.5,2.125,0.0,0.5,0.0,17.0,8.5,41.625,24.125,52.5,39.375,59.25,36.625,1.625,0.625,0.75,0.5,16.25,8.25,36.75,19.375,0.25,0.0,2.625,2.5,0.5,0.25,2.25,2.25,8.125,2.875,15.875,5.625,0.25,0.25,3.25,2.75,8.625,5.375,22.5,15.75,201.875,279.75,572.375,7,0,3,0,3,3,1,0,0,0,0,0,3,0,187.96,187.96,170.0,37.0,26.0,0,0,0,0,0,0,0,0,0,1,0,0,0,0,0,1,0,0,0,0,0,0,0,1
Red,False,0.3125,0.0,0.46328125,0.161328125,0.009375,0.091875,0.640625,0.25,0.0078125,0.0,58.515625,23.1484375,64.8515625,20.0234375,69.9765625,34.03125,68.671875,23.453125,0.4609375,0.046875,0.8984375,0.2109375,47.1328125,14.3671875,50.515625,12.5546875,6.40625,4.7265625,9.140625,3.5,4.9765625,4.0546875,5.1953125,3.96875,48.5703125,17.2578125,60.3828125,17.328125,3.5703125,1.921875,3.015625,1.7265625,6.375,3.96875,1.453125,0.96875,89.8671875,19.5,442.421875,20,0,1,0,1,4,4,0,0,0,1,1,2,0,180.34,185.42,155.0,0.4375,0.0,0.4414453125,0.51072265625,0.0109375,0.51705078125,0.00390625,0.1484375,0.0,0.625,183.783203125,82.03125,127.818359375,61.466796875,195.54296875,93.58203125,152.75390625,84.2265625,3.779296875,0.15625,1.958984375,1.58203125,146.634765625,52.404296875,108.6484375,45.34375,27.119140625,19.94140625,16.943359375,14.609375,10.029296875,9.685546875,2.2265625,1.513671875,163.970703125,68.53515625,118.724609375,56.16796875,12.736328125,9.419921875,5.625,4.455078125,7.076171875,4.076171875,3.46875,0.84375,50.185546875,112.787109375,598.7421875,20,0,0,2,2,5,5,0,0,0,2,2,1,0,172.72,177.8,155.0,33.0,29.0,0,0,0,0,0,0,1,0,0,0,0,0,0,0,0,1,0,0,0,0,0,0,1,0
Red,False,0.015625,0.0,0.45,0.4275,0.25,0.2,0.148468017578125,0.098388671875,0.0,0.0,66.5,29.6875,64.31230545043945,27.34375,89.75,48.0,85.53125,44.41152191162109,2.0,0.75,2.0546875,0.75,51.1875,18.3359375,49.6123046875,16.280410766601562,7.5,5.07647705078125,7.5,5.0,4.5,3.625,4.984375,3.9375,48.6875,17.0,47.11572265625,16.5,5.75,3.75,5.3125,3.4375,5.0625,3.5,3.875,2.5,99.2119140625,94.125,638.5,0,0,0,0,0,0,0,0,0,0,0,0,0,0,190.5,205.74,185.0,0.6656494140625,0.5390625,0.5139733886718749,0.35195556640625,0.0166015625,0.121630859375,0.0,0.0159912109375,0.25,0.0,54.8548583984375,29.8524169921875,20.41796875,7.0853271484375,61.6240234375,36.05517578125,21.80078125,8.1868896484375,0.3170166015625,0.033203125,2.072509765625,0.470947265625,39.0601806640625,16.555908203125,18.5015869140625,6.7191162109375,8.7962646484375,7.2652587890625,1.302490234375,0.1845703125,6.9984130859375,6.03125,0.6138916015625,0.181640625,32.413330078125,14.2100830078125,16.94970703125,3.8758544921875,2.238525390625,1.535400390625,0.85009765625,0.599853515625,20.2030029296875,14.10693359375,2.6181640625,2.609619140625,62.80810546875,25.4649658203125,251.24267578125,21,0,0,1,4,9,5,0,0,0,1,8,0,0,187.96,193.04,205.0,25.0,34.0,0,0,0,0,0,0,0,1,0,0,0,0,0,0,0,1,0,0,0,0,1,0,0,0
Red,True,1.265625,1.0,0.351875,0.29390625,0.07546875,0.0,0.0,0.0,0.0,0.0,87.46875,30.921875,120.84375,34.6875,88.984375,32.4375,124.96875,38.3125,1.140625,0.3125,2.25,0.0,75.671875,23.921875,92.890625,22.3125,7.078125,3.921875,10.234375,3.09375,4.71875,3.078125,17.71875,9.28125,82.703125,28.875,117.140625,31.609375,1.21875,0.671875,0.171875,0.078125,3.546875,1.375,3.53125,3.0,14.1875,4.015625,658.34375,16,2,6,0,6,6,1,0,0,0,2,4,0,0,172.72,165.1,135.0,1.03271484375,0.5001220703125,0.352967529296875,0.35710693359375,0.25370849609375,0.1475,0.2723388671875,0.0020751953125,0.0,0.0,137.4525146484375,50.2320556640625,96.9276123046875,35.293701171875,176.9874267578125,82.607666015625,102.8887939453125,40.2225341796875,3.3848876953125,1.4832763671875,1.69189453125,0.5,104.022705078125,32.87158203125,76.13525390625,23.920654296875,14.9388427734375,6.80224609375,16.1627197265625,8.5411376953125,18.490966796875,10.5582275390625,4.629638671875,2.8319091796875,115.6337890625,33.7042236328125,90.215576171875,32.40380859375,2.7216796875,1.58984375,3.583984375,1.13720703125,19.0970458984375,14.93798828125,3.1280517578125,1.752685546875,133.09912109375,9.1312255859375,728.271484375,41,6,0,1,4,11,3,0,0,0,4,6,1,0,167.64,170.18,125.0,27.0,32.0,1,0,0,0,0,0,0,0,0,0,0,0,0,0,0,1,0,0,0,0,1,0,0,0
Red,False,0.0,0.0,0.3375,0.429375,0.471875,0.3325,1.5,0.0625,0.5625,1.4375,40.8125,17.0,43.3125,18.875,77.25,51.875,57.0,30.625,2.0,1.25,4.0625,1.25,35.25,14.1875,36.0,13.8125,2.9375,1.25,5.1875,3.0625,2.625,1.5625,2.125,2.0,26.5,6.3125,30.0,8.1875,1.375,1.1875,3.375,3.3125,12.9375,9.5,9.9375,7.375,220.8125,171.4375,588.125,13,0,0,2,3,3,2,0,0,1,0,0,2,0,175.26,185.42,135.0,1.0,0.0,0.475,0.405,0.3,0.125,0.5,0.0,0.0,0.5,91.0,43.5,89.0,37.0,98.0,50.0,104.5,49.0,3.0,1.5,4.5,1.0,69.0,28.5,73.5,24.0,14.0,8.5,7.0,6.0,8.0,6.5,8.5,7.0,69.0,28.5,81.0,32.5,9.0,7.0,5.5,4.0,13.0,8.0,2.5,0.5,69.5,155.5,809.0,6,0,2,0,2,2,0,0,0,0,1,1,0,0,175.26,182.88,145.0,30.0,23.0,1,0,0,0,0,0,0,0,0,0,0,0,0,0,0,1,0,0,0,0,1,0,0,0
Blue,False,0.0,0.0,0.375,0.3375,0.1,0.165,0.0,0.0,0.0,0.0,156.5,59.25,161.5,56.0,183.5,85.75,184.75,77.75,2.5,0.5,2.0,1.0,135.5,44.5,119.5,27.75,13.75,8.75,21.75,12.75,7.25,6.0,20.25,15.5,142.75,48.75,147.25,45.5,12.0,9.5,11.0,7.5,1.75,1.0,3.25,3.0,67.5,106.5,900.0,9,0,0,1,2,2,1,0,0,0,2,0,0,0,165.1,170.18,125.0,0.0,0.0,0.66,0.54,0.5,1.0,3.0,0.0,1.0,0.0,18.0,12.0,11.0,6.0,35.0,25.0,16.0,11.0,2.0,1.0,1.0,1.0,16.0,11.0,6.0,1.0,2.0,1.0,3.0,3.0,0.0,0.0,2.0,2.0,8.0,4.0,9.0,4.0,2.0,1.0,2.0,2.0,8.0,7.0,0.0,0.0,106.0,89.0,230.0,1,0,1,0,1,1,0,0,0,0,0,0,1,0,165.1,170.18,115.0,25.0,26.0,0,0,0,0,0,0,0,0,0,0,0,0,0,1,0,0,0,1,0,0,1,0,0,0
Red,False,0.015625,0.0,0.45,0.4275,0.25,0.2,0.148468017578125,0.098388671875,0.0,0.0,66.5,29.6875,64.31230545043945,27.34375,89.75,48.0,85.53125,44.41152191162109,2.0,0.75,2.0546875,0.75,51.1875,18.3359375,49.6123046875,16.280410766601562,7.5,5.07647705078125,7.5,5.0,4.5,3.625,4.984375,3.9375,48.6875,17.0,47.11572265625,16.5,5.75,3.75,5.3125,3.4375,5.0625,3.5,3.875,2.5,99.2119140625,94.125,638.5,0,0,0,0,0,0,0,0,0,0,0,0,0,0,177.8,190.5,135.0,0.0,1.0,0.33,0.29,0.28,0.27,1.0,0.0,1.0,0.0,103.0,34.0,210.0,61.0,108.0,38.0,233.0,82.0,7.0,2.0,22.0,6.0,91.0,25.0,185.0,42.0,9.0,6.0,12.0,8.0,3.0,3.0,13.0,11.0,95.0,28.0,194.0,56.0,7.0,5.0,15.0,5.0,1.0,1.0,1.0,0.0,166.0,162.0,900.0,3,0,1,0,1,1,0,0,0,0,0,1,0,0,167.64,175.26,135.0,26.0,25.0,1,0,0,0,0,0,0,0,0,0,0,0,0,0,0,0,0,1,0,0,1,0,0,0
Blue,False,0.0,0.0,0.510625,0.2987499999999999,0.33125,0.023125,0.0625,0.25,0.0,0.0,195.5,99.75,161.875,47.625,198.0,102.125,164.1875,49.9375,1.25,0.8125,2.125,0.1875,145.4375,61.0,144.25,35.1875,18.5,11.9375,11.25,7.5625,31.5625,26.8125,6.375,4.875,193.75,98.4375,160.0,46.8125,1.125,0.75,1.5625,0.625,0.625,0.5625,0.3125,0.1875,24.25,7.625,845.375,14,0,3,0,3,4,1,0,0,2,1,0,1,0,180.34,182.88,155.0,0.03265380859375,0.0,0.4865368652343749,0.3993670654296875,0.1403369140625,0.054686279296875,0.03131103515625,0.53131103515625,0.0625,0.0322265625,147.10455322265625,76.2633056640625,138.21868896484375,57.958984375,156.25311279296875,84.322265625,144.0284423828125,62.61859130859375,0.74444580078125,0.40838623046875,6.02935791015625,0.440185546875,108.555419921875,43.58837890625,108.07525634765624,34.95098876953125,23.3375244140625,18.97943115234375,14.08172607421875,8.787109375,15.21160888671875,13.69549560546875,16.06170654296875,14.22088623046875,131.9578857421875,64.26898193359375,127.309326171875,51.27996826171875,11.9688720703125,9.30755615234375,9.772705078125,6.0537109375,3.17779541015625,2.686767578125,1.13665771484375,0.62530517578125,37.55230712890625,65.35882568359375,878.0841064453125,45,0,0,1,6,10,5,0,0,0,6,4,0,0,172.72,177.8,145.0,29.0,34.0,0,0,1,0,0,0,0,0,0,0,0,0,0,0,0,1,0,0,0,0,1,0,0,0
Red,False,0.0,0.0,0.32,0.3712499999999999,0.26625,0.165,0.375,0.0,0.0,0.5,69.75,26.875,106.375,54.625,112.0,65.625,126.875,73.75,5.0,2.25,4.75,1.5,63.25,23.875,70.25,26.875,5.125,2.625,27.875,20.125,1.375,0.375,8.25,7.625,53.625,14.5,79.625,34.875,6.625,5.0,17.5,14.125,9.5,7.375,9.25,5.625,356.625,42.125,682.5,10,0,3,0,3,3,1,0,0,0,2,0,1,0,170.18,180.34,135.0,0.0,0.0,0.4125,0.4047265624999999,0.55703125,0.10765625,0.484375,0.0,0.25,0.0,126.02734375,51.08203125,140.09765625,56.23828125,128.96484375,54.015625,140.203125,56.33203125,2.43359375,0.9140625,1.12890625,0.32421875,86.12109375,28.78515625,113.95703125,37.21484375,25.00390625,12.80078125,21.3359375,14.36328125,14.90234375,9.49609375,4.8046875,4.66015625,119.67578125,46.51953125,137.89453125,55.8671875,4.953125,3.2890625,2.0703125,0.26171875,1.3984375,1.2734375,0.1328125,0.109375,51.26171875,4.328125,671.72265625,18,0,0,1,4,5,4,0,0,0,1,1,3,0,167.64,165.1,135.0,26.0,31.0,1,0,0,0,0,0,0,0,0,0,0,0,0,0,0,1,0,0,0,0,1,0,0,0
Blue,True,0.3828125,0.0625,0.45125,0.268046875,0.658203125,0.0,0.0078125,0.0,0.0,0.0,88.96875,38.640625,93.09375,25.5859375,126.0390625,67.2578125,101.8046875,33.71875,4.3359375,2.3125,0.8671875,0.0,65.6171875,20.1953125,79.8359375,17.1953125,15.828125,12.1796875,8.03125,5.0625,7.5234375,6.265625,5.2265625,3.328125,66.0,23.2109375,88.03125,22.9453125,7.1875,4.7578125,2.921875,2.125,15.78125,10.671875,2.140625,0.515625,314.1796875,1.9375,710.5625,21,1,4,0,4,6,2,0,0,1,4,1,0,0,162.56,162.56,135.0,0.0645751953125,0.00048828125,0.6731321716308594,0.336982421875,0.7421017456054687,0.35193359375,1.6591796875,0.2505645751953125,0.1250762939453125,3.0517578125e-05,105.03630065917967,68.50239562988281,71.37213134765625,16.449920654296875,190.4588623046875,141.3815155029297,91.4691925048828,34.57080078125,6.173583984375,5.242446899414063,7.300125122070312,2.11932373046875,67.13555908203125,37.35453796386719,54.10740661621094,7.2990570068359375,27.20030212402344,23.57870483398437,10.837295532226562,4.8270263671875,10.700439453125,7.56915283203125,6.42742919921875,4.3238372802734375,60.11376953125,31.222198486328125,63.58268737792969,10.991378784179688,13.5718994140625,9.8585205078125,7.0274658203125,4.82598876953125,31.350631713867188,27.421676635742188,0.7619781494140625,0.6325531005859375,720.7957763671875,102.24484252929688,1200.452880859375,64,13,2,0,13,15,2,0,0,1,7,2,5,0,160.02,167.64,125.0,31.0,31.0,0,0,0,1,0,0,0,0,0,0,0,0,0,0,0,1,0,0,0,0,1,0,0,0
Blue,False,0.0,0.0,0.58,0.48,0.0,0.73,0.0,1.0,0.0,1.0,31.0,18.0,70.0,34.0,38.0,23.0,101.0,60.0,0.0,0.0,15.0,11.0,17.0,7.0,57.0,28.0,9.0,7.0,6.0,1.0,5.0,4.0,7.0,5.0,30.0,17.0,37.0,14.0,0.0,0.0,0.0,0.0,1.0,1.0,33.0,20.0,8.0,592.0,870.0,3,0,0,1,0,0,1,0,0,0,0,0,0,0,172.72,182.88,145.0,0.0471682548522949,0.0,0.45,0.4217682266235352,0.25,0.19173828125,0.1875,0.125,0.0,0.0,69.5,30.5,66.984375,27.8466796875,94.0,48.544921875,88.50390625,44.75,2.0,0.8125,2.015625,0.6640625,54.0,19.01513671875,51.483436584472656,16.9437255859375,7.91796875,5.430633544921875,7.75,5.0625,4.780975341796875,3.9373779296875,4.8994140625,3.84375,51.025390625,18.400863647460938,50.515625,17.5,5.75,3.75,5.5,3.5,5.375,3.6875,4.0,2.65625,104.865234375,89.5,655.8441009521484,0,0,0,0,0,0,0,0,0,0,0,0,0,0,170.18,172.72,145.0,27.0,24.0,0,0,1,0,0,0,0,0,0,0,0,0,0,0,0,1,0,0,0,0,1,0,0,0
Red,False,0.0,1.0,0.28,0.26,0.36,0.0,0.0,0.0,0.0,1.0,60.0,17.0,99.0,26.0,81.0,37.0,109.0,35.0,11.0,4.0,1.0,0.0,51.0,11.0,71.0,11.0,6.0,3.0,19.0,10.0,3.0,3.0,9.0,5.0,56.0,14.0,86.0,16.0,4.0,3.0,6.0,5.0,0.0,0.0,7.0,5.0,203.0,119.0,900.0,3,0,0,1,0,0,1,0,0,0,0,0,0,0,175.26,175.26,135.0,0.09375,0.0,0.3859375,0.43921875,0.020625,0.243671875,0.34375,0.0,0.0,0.0234375,139.65625,54.9375,173.5703125,74.8515625,142.8984375,57.4375,183.1640625,83.4453125,0.1953125,0.0546875,2.3203125,0.78125,96.125,22.9921875,124.5546875,40.3203125,23.3203125,14.859375,31.40625,20.7890625,20.2109375,17.0859375,17.609375,13.7421875,133.3203125,51.5,159.5703125,65.0703125,4.6328125,2.625,7.1015625,4.5390625,1.703125,0.8125,6.8984375,5.2421875,10.875,80.8828125,796.7421875,21,0,0,1,3,4,4,0,0,0,1,1,2,0,172.72,177.8,135.0,29.0,25.0,1,0,0,0,0,0,0,0,0,0,0,0,0,0,0,1,0,0,0,0,0,0,0,1
Red,False,0.0,0.0,0.35,0.44,0.33,0.4,0.0,0.0,1.0,0.0,62.0,22.0,69.0,31.0,65.0,25.0,80.0,42.0,3.0,1.0,5.0,2.0,51.0,14.0,53.0,17.0,8.0,5.0,16.0,14.0,3.0,3.0,0.0,0.0,49.0,12.0,53.0,15.0,7.0,5.0,5.0,5.0,6.0,5.0,11.0,11.0,42.0,193.0,475.0,2,0,1,0,1,1,0,0,0,0,0,1,0,0,162.56,165.1,125.0,0.0,0.0,0.475,0.325,0.525,0.0,1.5,0.0,0.0,0.0,61.0,26.5,68.5,24.5,92.5,54.5,84.5,40.5,6.5,3.5,2.0,0.0,44.5,14.0,62.5,18.5,7.0,4.0,4.5,4.5,9.5,8.5,1.5,1.5,47.0,16.5,62.5,19.0,6.0,4.0,1.5,1.0,8.0,6.0,4.5,4.5,318.0,28.5,657.0,5,0,2,0,2,2,0,0,0,0,1,0,1,0,167.64,165.1,125.0,26.0,26.0,0,0,0,1,0,0,0,0,0,0,0,0,0,0,0,1,0,0,0,0,1,0,0,0
Blue,False,0.015625,0.0,0.45,0.4275,0.25,0.2,0.148468017578125,0.098388671875,0.0,0.0,66.5,29.6875,64.31230545043945,27.34375,89.75,48.0,85.53125,44.41152191162109,2.0,0.75,2.0546875,0.75,51.1875,18.3359375,49.6123046875,16.280410766601562,7.5,5.07647705078125,7.5,5.0,4.5,3.625,4.984375,3.9375,48.6875,17.0,47.11572265625,16.5,5.75,3.75,5.3125,3.4375,5.0625,3.5,3.875,2.5,99.2119140625,94.125,638.5,0,0,0,0,0,0,0,0,0,0,0,0,0,0,162.56,160.02,115.0,0.0,0.0,0.28875,0.32,0.125,0.225,0.0,0.0,0.0,0.0,145.0,44.75,163.75,50.25,160.0,58.75,171.625,57.375,0.875,0.125,3.125,0.75,118.0,26.75,143.875,37.375,13.375,7.375,17.0,11.125,13.625,10.625,2.875,1.75,139.25,42.0,155.0,43.75,5.25,2.25,8.25,6.5,0.5,0.5,0.5,0.0,0.125,64.25,900.0,12,0,0,1,2,2,2,0,0,1,1,0,0,0,152.4,152.4,115.0,28.0,28.0,0,0,0,0,0,0,0,0,0,0,0,0,0,1,0,0,0,0,1,0,1,0,0,0
Blue,False,0.5,0.0625,0.5700000000000001,0.4225,0.4125,0.0,0.3125,0.5,0.25,0.5,23.9375,16.0,14.875,5.5,51.0625,35.9375,27.1875,15.875,2.0625,1.9375,0.5,0.0,20.5625,12.6875,8.125,1.75,3.25,3.1875,4.125,1.8125,0.125,0.125,2.625,1.9375,12.75,6.4375,12.0,3.4375,1.125,0.5625,1.8125,1.25,10.0625,9.0,1.0625,0.8125,257.375,38.25,401.25,10,0,1,0,3,4,1,0,0,0,2,1,1,0,177.8,177.8,155.0,0.375,0.125,0.51875,0.410625,0.294375,0.42125,0.0625,0.75,0.0625,0.125,64.625,33.1875,55.25,22.0,67.3125,35.625,70.75,35.8125,3.25,1.4375,3.1875,1.6875,37.3125,13.5,44.5625,15.25,15.25,10.6875,3.25,1.125,12.0625,9.0,7.4375,5.625,51.0,23.125,46.8125,16.25,1.6875,1.0625,1.75,0.875,11.9375,9.0,6.6875,4.875,166.25,88.125,826.0625,15,0,0,1,4,4,1,0,0,1,2,1,0,0,180.34,190.5,155.0,26.0,34.0,0,0,0,0,0,0,1,0,0,0,0,0,0,0,0,0,0,1,0,0,1,0,0,0
Red,False,0.0078125,0.0,0.50390625,0.41203125,0.6653125,0.6681250000000001,0.125,0.0,0.0,0.75,140.953125,69.296875,145.0078125,65.453125,174.28125,99.0625,179.390625,99.453125,2.6953125,1.3359375,7.421875,5.75,117.7578125,50.6640625,105.4453125,32.9453125,14.5078125,10.4453125,35.4453125,29.6484375,8.6875,8.1875,4.1171875,2.859375,117.7265625,53.5078125,103.7265625,31.453125,16.0546875,9.671875,20.1015625,13.984375,7.171875,6.1171875,21.1796875,20.015625,121.0,302.9921875,831.625,23,0,3,0,3,6,2,0,0,0,5,0,1,0,154.94,152.4,115.0,0.001953125,0.28125,0.36767578125,0.36345703125,0.078125,0.288671875,0.0,0.001953125,0.0,0.0,274.779296875,122.85546875,210.763671875,73.626953125,285.2421875,132.6015625,217.130859375,79.650390625,0.125,0.09375,3.0078125,0.91015625,190.6328125,54.9921875,184.509765625,57.6953125,34.50390625,24.775390625,18.7421875,10.61328125,49.642578125,43.087890625,7.51171875,5.318359375,255.77734375,109.46484375,200.3203125,67.1015625,18.8359375,13.255859375,7.439453125,4.33984375,0.166015625,0.134765625,3.00390625,2.185546875,21.9140625,95.87109375,1159.73828125,37,8,8,0,8,8,2,0,0,1,5,2,0,0,167.64,165.1,115.0,28.0,30.0,0,0,0,0,0,0,0,0,0,0,0,0,0,1,0,1,0,0,0,0,1,0,0,0
Red,False,0.5078125,0.125,0.605390625,0.328828125,0.1852343749999999,0.00390625,0.19921875,0.265625,0.125,0.34375,35.28125,19.8828125,36.9296875,13.45703125,47.703125,30.5234375,57.03125,29.6171875,2.734375,1.3515625,0.16015625,0.00390625,27.640625,13.59375,31.04296875,9.89453125,4.7890625,3.8125,4.3203125,2.5546875,2.8515625,2.4765625,1.56640625,1.0078125,23.39453125,10.640625,31.16796875,8.68359375,5.828125,5.10546875,2.0,1.4765625,6.05859375,4.13671875,3.76171875,3.296875,136.53125,97.1015625,410.96875,23,1,0,1,4,7,2,0,0,1,1,1,4,0,175.26,177.8,155.0,1.0,0.0,0.61,0.36,0.0,0.0,0.0,0.0,0.0,0.0,13.0,8.0,11.0,4.0,14.0,9.0,11.0,4.0,0.0,0.0,0.0,0.0,10.0,5.0,7.0,2.0,3.0,3.0,3.0,1.0,0.0,0.0,1.0,1.0,11.0,6.0,11.0,4.0,0.0,0.0,0.0,0.0,2.0,2.0,0.0,0.0,1.0,0.0,42.0,1,0,1,0,1,1,0,0,0,0,0,1,0,0,175.26,182.88,155.0,29.0,25.0,0,0,0,0,0,0,1,0,0,0,0,0,0,0,0,0,0,1,0,0,1,0,0,0
Blue,False,0.5,0.0,0.5562499999999999,0.51,0.2125,0.04125,0.0,0.125,0.0,0.0,94.25,32.875,46.0,24.5,96.25,34.625,54.5,32.125,2.0,1.5,0.875,0.125,81.875,23.875,39.375,18.875,9.25,6.125,4.375,3.375,3.125,2.875,2.25,2.25,72.5,19.25,38.875,18.875,10.625,5.5,5.875,4.375,11.125,8.125,1.25,1.25,78.125,59.375,433.75,10,0,0,1,1,2,2,0,0,0,1,1,0,0,185.42,190.5,205.0,0.0,0.0,0.25,0.33,1.0,0.0,1.0,0.0,0.0,0.5,4.0,1.0,4.5,1.5,8.0,3.5,9.0,6.0,1.0,1.0,0.0,0.0,3.5,0.5,4.5,1.5,0.0,0.0,0.0,0.0,0.5,0.5,0.0,0.0,3.5,0.5,3.5,0.5,0.0,0.0,1.0,1.0,0.5,0.5,0.0,0.0,74.0,10.5,104.0,2,0,2,0,2,2,0,0,0,0,0,0,2,0,180.34,177.8,205.0,24.0,31.0,0,0,0,0,0,1,0,0,0,0,0,0,0,0,0,0,0,1,0,0,1,0,0,0
Blue,False,0.0439453125,0.0322265625,0.5004898071289062,0.5246319961547852,0.276467342376709,0.2914487838745117,0.2546958923339844,1.1959762573242188,0.0625324249267578,0.5,234.82296752929688,116.9573211669922,146.55078125,77.01062202453613,245.1925373077393,126.44483947753906,151.31410026550293,81.46102333068848,4.251935958862305,1.473043441772461,1.1301517486572266,0.4379310607910156,210.0629749298096,96.54804039001463,104.9415054321289,42.31083869934082,16.891845703125,13.333242416381836,10.95327377319336,8.01283073425293,7.868146896362305,7.076038360595703,30.65600204467773,26.686952590942383,213.84821891784668,100.82267951965332,131.5226287841797,63.5869083404541,12.910924911499023,10.572765350341797,11.85032844543457,10.277568817138672,8.063823699951172,5.56187629699707,3.177824020385742,3.14614486694336,125.4085521697998,71.28854560852051,786.7958602905273,43,0,4,0,4,15,5,0,1,0,4,7,3,0,175.26,182.88,155.0,0.5,0.390625,0.3890625,0.47421875,0.34984375,0.0,0.0,0.5,0.0,0.0,225.71875,94.984375,175.578125,87.703125,233.65625,100.546875,182.578125,93.9375,3.28125,1.046875,0.609375,0.0,189.1875,68.3125,139.203125,55.390625,30.59375,22.65625,14.078125,11.65625,5.9375,4.015625,22.296875,20.65625,203.734375,77.484375,158.515625,75.015625,19.421875,14.96875,13.890625,11.46875,2.5625,2.53125,3.171875,1.21875,55.8125,12.828125,686.0625,17,2,0,1,3,4,3,0,0,2,0,2,0,0,175.26,175.26,155.0,29.0,34.0,0,0,0,0,0,0,1,0,0,0,0,0,0,0,0,0,0,1,0,0,1,0,0,0
Red,False,1.4143143445253372,0.5000619888305664,0.3851652804762124,0.4565208749473095,0.0008177605271339,0.0483816827833652,0.0314026772975921,0.0704445391893386,1.5527009963989258e-05,0.0312501713633537,114.16729263216256,42.34239924699068,69.16803929209709,30.690389804542065,116.541036516428,44.69633689522743,72.17805920541286,33.59736868739128,0.1895687878131866,0.0032684504985809,0.9402533173561096,0.3282564058899879,92.80228950828314,27.00702810287476,52.7154645472765,18.173628248274326,8.87433086335659,5.676771774888039,6.313084125518799,4.03663669526577,12.490672260522842,9.658599369227886,10.139490619301796,8.480124861001968,104.27849129587412,35.322082817554474,62.68900756537914,26.694272831082344,2.8942650258541107,2.1742683053016663,1.5822773575782776,1.081923633813858,6.994536310434341,4.846048124134541,4.896754369139671,2.9141933396458626,21.700621716678143,34.82657230645418,535.7802345454693,75,0,0,1,3,15,13,0,0,1,6,7,0,1,175.26,180.34,145.0,0.0341796875,0.3125,0.482314453125,0.44841796875,0.0226464843749999,0.007490234375,0.0322265625,0.0,0.0,0.0,146.23828125,72.1787109375,294.2919921875,126.7353515625,149.0224609375,74.6826171875,306.9404296875,137.3984375,0.5869140625,0.0751953125,1.7958984375,0.056640625,122.05859375,54.826171875,255.62109375,96.8349609375,18.2666015625,11.5263671875,31.892578125,24.2578125,5.9130859375,5.826171875,6.7783203125,5.642578125,142.7998046875,69.5361328125,257.1611328125,99.6181640625,2.931640625,2.259765625,11.3583984375,9.59765625,0.5068359375,0.3828125,25.7724609375,17.51953125,20.078125,63.4638671875,934.716796875,42,11,7,0,7,8,3,0,0,0,6,2,0,0,170.18,177.8,135.0,32.0,31.0,0,0,1,0,0,0,0,0,0,0,0,0,0,0,0,1,0,0,0,0,1,0,0,0
Red,False,0.0,1.0,0.35,0.54,1.0,1.0,0.0,0.0,0.0,1.0,90.0,32.0,147.0,80.0,95.0,35.0,179.0,108.0,1.0,1.0,1.0,1.0,84.0,29.0,104.0,47.0,6.0,3.0,32.0,23.0,0.0,0.0,11.0,10.0,84.0,31.0,90.0,45.0,6.0,1.0,33.0,20.0,0.0,0.0,24.0,15.0,68.0,115.0,528.0,2,0,0,1,0,0,1,0,0,0,0,0,0,0,182.88,182.88,145.0,0.0,1.0,1.0,0.4,0.0,0.0,0.0,1.0,0.0,0.0,3.0,3.0,5.0,2.0,3.0,3.0,5.0,2.0,0.0,0.0,0.0,0.0,1.0,1.0,4.0,2.0,0.0,0.0,1.0,0.0,2.0,2.0,0.0,0.0,3.0,3.0,4.0,2.0,0.0,0.0,0.0,0.0,0.0,0.0,1.0,0.0,0.0,13.0,39.0,1,0,0,1,0,0,1,0,0,0,0,0,0,0,172.72,185.42,145.0,26.0,27.0,0,0,1,0,0,0,0,0,0,0,0,0,0,0,0,1,0,0,0,0,1,0,0,0
Red,False,0.625,0.125,0.3556249999999999,0.3087499999999999,0.0,0.270625,0.5625,0.0,0.0,0.0,76.0625,28.25,56.9375,18.1875,79.1875,31.1875,59.0,20.0625,0.1875,0.0,0.8125,0.5625,64.75,20.3125,36.375,6.625,4.625,2.875,13.5625,7.0,6.6875,5.0625,7.0,4.5625,71.5,25.9375,53.5,16.6875,3.125,1.6875,2.25,0.625,1.4375,0.625,1.1875,0.875,9.0,27.3125,478.5,12,0,2,0,2,3,2,0,0,1,1,0,1,0,180.34,182.88,170.0,0.046875,0.0625,0.476484375,0.3190625,0.505625,0.1528125,0.75,0.15625,0.25,0.0,95.0234375,42.5078125,75.0234375,26.2265625,126.6875,69.140625,104.8125,51.375,4.1875,2.1875,4.84375,1.1328125,77.53125,28.6328125,58.2265625,14.3359375,6.59375,4.2265625,11.578125,7.7890625,10.8984375,9.6484375,5.21875,4.1015625,60.5390625,26.2421875,62.9453125,17.71875,7.375,4.3125,6.4453125,4.03125,27.109375,11.953125,5.6328125,4.4765625,261.0703125,188.40625,830.015625,18,0,1,0,2,4,4,0,0,1,1,2,0,0,182.88,185.42,170.0,27.0,28.0,0,0,0,0,0,0,0,0,0,1,0,0,0,0,0,1,0,0,0,0,1,0,0,0
Red,False,2.0,0.25,0.5175,0.3025,0.5625,0.0,1.75,0.0,0.0,0.0,126.5,65.25,127.5,39.0,152.5,87.0,136.0,47.0,3.25,2.25,1.0,0.0,83.25,34.5,98.0,18.75,35.75,24.0,22.0,13.75,7.5,6.75,7.5,6.5,110.25,54.5,123.25,36.5,0.25,0.25,0.5,0.25,16.0,10.5,3.75,2.25,239.5,0.5,876.75,9,0,3,0,3,3,0,0,0,1,1,0,1,0,167.64,167.64,125.0,0.25,0.125,0.510234375,0.319619140625,0.3746142578125,0.5459619140625,0.0078125,1.38427734375,1.3173828125,1.1884765625,60.00927734375,26.2626953125,42.10205078125,15.6318359375,105.763671875,65.35205078125,62.072265625,34.740234375,8.13134765625,4.3134765625,1.6171875,0.9453125,44.4462890625,14.2314453125,34.69775390625,9.89453125,7.79052734375,5.78369140625,4.68310546875,3.74951171875,7.7724609375,6.24755859375,2.72119140625,1.98779296875,43.92333984375,14.337890625,35.63427734375,10.85107421875,6.81787109375,4.6376953125,3.01123046875,2.1298828125,9.26806640625,7.287109375,3.45654296875,2.65087890625,224.5478515625,264.84375,633.49755859375,33,0,1,0,2,7,5,0,0,3,1,3,0,0,165.1,165.1,125.0,25.0,29.0,0,0,0,1,0,0,0,0,0,0,0,0,0,0,0,1,0,0,0,0,1,0,0,0
Blue,False,0.0,0.0,0.47375,0.435,0.3125,0.06875,0.75,0.0,0.125,0.125,208.125,97.875,154.875,70.375,228.375,115.25,168.25,81.75,1.125,0.375,2.0,0.5,153.0,56.75,115.875,44.125,26.5,17.125,20.5,11.875,28.625,24.0,18.5,14.375,186.875,84.625,143.125,61.25,13.875,8.0,10.125,8.125,7.375,5.25,1.625,1.0,169.25,76.375,879.75,12,0,0,2,2,2,2,0,0,0,1,0,1,0,165.1,162.56,115.0,0.0,0.0,0.5386718749999999,0.42890625,0.30703125,0.33828125,0.0390625,0.1953125,0.9375,0.3203125,85.921875,44.2890625,87.7578125,34.328125,141.8203125,90.9921875,117.140625,59.4375,6.6875,2.1328125,2.3828125,1.078125,63.1015625,24.8203125,66.125,21.0546875,7.8671875,6.625,9.484375,5.0390625,14.953125,12.84375,12.1484375,8.234375,50.5,15.7421875,72.1875,21.609375,19.6796875,16.546875,12.2890625,9.96875,15.7421875,12.0,3.28125,2.75,357.3515625,164.6875,860.875,22,0,0,1,1,4,4,0,0,1,3,0,0,0,162.56,160.02,115.0,32.0,32.0,0,0,0,0,0,0,0,0,0,0,0,0,0,1,0,1,0,0,0,0,1,0,0,0
Blue,False,0.125,0.0,0.28875,0.3625,0.0,0.2675,0.5,0.0,0.0,0.0,226.0,68.625,187.125,68.625,237.25,78.375,199.0,78.25,3.375,0.0,2.875,1.125,178.25,35.0,147.375,39.0,31.375,19.375,8.0,4.75,16.375,14.25,31.75,24.875,218.875,63.875,181.5,64.75,6.75,4.5,4.375,2.75,0.375,0.25,1.25,1.125,6.625,117.25,900.0,12,0,1,0,2,3,1,0,0,1,2,0,0,0,175.26,172.72,125.0,0.0,0.0,0.4182031249999999,0.545703125,0.20375,0.80546875,1.7109375,0.125,0.765625,0.0078125,75.921875,30.625,88.0,43.8359375,160.0234375,107.734375,179.9140625,131.296875,1.765625,0.6015625,4.5546875,3.546875,54.578125,14.3828125,66.78125,28.109375,11.4140625,8.0234375,10.765625,8.8515625,9.9296875,8.21875,10.453125,6.875,56.6953125,16.6015625,61.7890625,22.1796875,10.7421875,7.34375,12.03125,8.859375,8.484375,6.6796875,14.1796875,12.796875,274.1328125,305.6171875,793.0625,20,1,3,0,3,6,2,0,0,2,3,0,1,0,167.64,172.72,135.0,29.0,33.0,0,0,0,0,0,0,0,0,0,0,0,0,1,0,0,1,0,0,0,0,1,0,0,0
Red,False,0.25,0.0,0.365,0.4275,0.0,0.2,0.5,0.75,0.0,0.0,12.25,5.0,21.5,9.75,12.5,5.25,30.25,16.75,0.0,0.0,1.25,1.0,11.0,4.0,12.75,5.0,1.0,0.75,3.25,0.75,0.25,0.25,5.5,4.0,11.25,4.0,15.75,6.75,0.75,0.75,0.75,0.5,0.25,0.25,5.0,2.5,0.25,94.5,201.0,4,0,1,0,1,1,2,0,0,0,0,1,0,0,182.88,187.96,155.0,0.0,0.0,0.405,0.5449999999999999,0.0,0.5,1.0,1.0,0.5,0.5,79.5,32.5,93.0,52.5,119.5,70.5,130.5,85.0,1.5,0.0,1.0,1.0,49.5,11.0,67.0,30.0,10.5,7.5,19.0,17.0,19.5,14.0,7.0,5.5,63.5,21.0,57.0,24.5,9.5,5.5,22.5,18.5,6.5,6.0,13.5,9.5,60.5,459.0,900.0,6,0,0,2,0,0,2,0,0,0,0,0,0,0,182.88,185.42,155.0,28.0,30.0,0,0,0,0,0,0,1,0,0,0,0,0,0,0,0,1,0,0,0,0,1,0,0,0
Red,False,0.00140380859375,0.3134865760803222,0.3677890431880951,0.4075341546535491,0.0743796825408935,0.1122008752822875,0.0,0.0019536018371582,2.384185791015625e-07,2.384185791015625e-07,137.44860899448395,49.54144108295441,182.1540013551712,73.3877614736557,140.51282823085785,52.23057007789612,186.4211717844009,77.13706684112549,0.2233802080154419,0.1447136402130127,1.4268405437469482,0.2368755340576172,96.28321957588196,21.77784287929535,145.1001513004303,43.95377576351166,29.18624711036682,16.95799970626831,12.69744062423706,7.19067907333374,11.979142308235168,10.805598497390749,24.356409430503845,22.243306636810303,134.4107744693756,47.4227477312088,174.3233733177185,68.04062747955322,2.9484256505966187,2.0881357192993164,5.782219290733337,4.088308930397034,0.0894088745117187,0.030557632446289,2.0484087467193604,1.2588250637054443,8.569601058959961,40.330103397369385,794.5708639621735,62,1,3,0,3,12,12,0,0,2,5,4,0,1,172.72,175.26,155.0,0.535400390625,0.4375,0.571866455078125,0.31322265625,0.0,0.0815478515625,0.0,0.000244140625,0.0,0.0,93.8409423828125,47.6982421875,102.6278076171875,32.65625,105.3892822265625,56.1826171875,104.1497802734375,33.677734375,0.15625,0.0,3.3343505859375,0.5159912109375,48.548583984375,17.1114501953125,83.9755859375,21.1026611328125,24.4088134765625,15.508056640625,10.24951171875,5.018798828125,20.883544921875,15.0787353515625,8.4027099609375,6.5347900390625,89.7218017578125,46.501220703125,99.3709716796875,31.1314697265625,2.8511962890625,0.6773681640625,2.8701171875,1.1419677734375,1.2679443359375,0.5196533203125,0.38671875,0.3828125,14.26611328125,51.8594970703125,677.3953857421875,33,0,2,0,3,8,6,0,0,1,4,3,0,0,172.72,172.72,155.0,33.0,33.0,0,0,0,0,0,0,1,0,0,0,0,0,0,0,0,1,0,0,0,0,1,0,0,0
Blue,False,0.71875,0.5,0.54171875,0.380234375,0.085625,0.105703125,0.046875,0.0078125,0.0703125,0.25,35.359375,15.4375,51.0390625,28.984375,37.75,17.4453125,63.21875,40.0859375,1.4765625,0.265625,1.7421875,0.4765625,30.859375,11.890625,36.9296875,16.3515625,2.625,1.8359375,7.4375,6.5390625,1.875,1.7109375,6.671875,6.09375,29.0625,10.6171875,28.7109375,13.1015625,3.8515625,2.8359375,5.5078125,2.828125,2.4453125,1.984375,16.8203125,13.0546875,21.0859375,104.453125,301.1875,18,0,0,1,3,5,3,0,0,0,1,4,0,0,193.04,193.04,205.0,1.58074951171875,0.094970703125,0.5275070190429687,0.38353759765625,0.3985295104980468,0.1337538146972656,0.004913330078125,0.1436004638671875,0.0,0.001983642578125,128.18446350097656,67.79640197753906,134.74525451660156,50.97297668457031,138.55189514160156,77.23939514160156,151.7371368408203,65.97395324707031,2.2310791015625,1.297943115234375,2.6417999267578125,1.0431365966796875,101.11788940429688,45.56163024902344,123.63302612304688,41.510528564453125,14.0860595703125,11.335968017578123,6.62957763671875,5.0309600830078125,12.980514526367188,10.8988037109375,4.4826507568359375,4.431488037109375,119.8865966796875,63.57627868652344,123.37449645996094,44.40422058105469,4.311614990234375,1.98260498046875,9.32366943359375,5.1354522705078125,3.986251831054688,2.237518310546875,2.047088623046875,1.4333038330078125,46.712646484375,95.05494689941406,701.5627593994141,44,3,0,1,3,9,8,0,0,1,1,7,0,0,185.42,193.04,205.0,29.0,36.0,0,0,0,0,0,1,0,0,0,0,0,0,0,0,0,1,0,0,0,0,1,0,0,0
Blue,False,0.0,0.4375,0.52265625,0.37896484375,0.6505566406250001,0.01953125,0.0,0.0048828125,0.0,0.0,89.56640625,48.0341796875,70.4482421875,24.994140625,126.44921875,77.3798828125,80.4794921875,34.431640625,10.1552734375,7.5244140625,0.5205078125,0.01953125,78.0322265625,39.6318359375,59.7314453125,18.6982421875,8.1357421875,5.2744140625,7.9609375,4.17578125,3.3984375,3.1279296875,2.755859375,2.1201171875,59.9716796875,25.9521484375,57.2041015625,15.9921875,15.734375,11.2978515625,11.927734375,8.029296875,13.8603515625,10.7841796875,1.31640625,0.97265625,393.6123046875,16.35546875,728.2236328125,28,1,2,0,3,7,4,0,0,0,5,2,0,0,190.5,200.66,205.0,0.0325927734375,0.5625,0.4860107421875,0.4611853027343749,0.6801513671875,0.0957421875,0.633544921875,0.0048828125,0.00390625,0.0078125,54.2086181640625,21.69775390625,88.1275634765625,39.0841064453125,76.536376953125,38.584228515625,95.3572998046875,45.6458740234375,2.2271728515625,1.1671142578125,0.9512939453125,0.353515625,49.4608154296875,18.398681640625,76.1851806640625,30.43701171875,4.37255859375,2.923828125,8.20947265625,5.1719970703125,0.375244140625,0.375244140625,3.73291015625,3.47509765625,43.7244873046875,13.632080078125,74.59765625,29.55126953125,2.4561767578125,1.087646484375,9.1060791015625,5.8922119140625,8.0279541015625,6.97802734375,4.423828125,3.640625,114.9239501953125,53.883056640625,534.9219970703125,32,1,5,0,5,10,4,0,0,0,2,4,3,1,187.96,193.04,205.0,28.0,38.0,0,0,0,0,0,1,0,0,0,0,0,0,0,0,0,1,0,0,0,0,1,0,0,0
Blue,False,0.0,0.0,0.7050000000000001,0.505,0.72,0.0,0.0,2.5,0.0,0.0,46.0,33.0,23.0,11.5,125.0,102.5,45.0,33.5,11.0,8.0,2.0,0.0,30.0,17.5,17.0,5.5,12.5,12.0,2.0,2.0,3.5,3.5,4.0,4.0,13.0,7.0,12.0,2.0,21.5,19.5,10.0,9.0,11.5,6.5,1.0,0.5,734.5,91.0,900.0,6,0,2,0,2,2,0,0,0,0,2,0,0,0,182.88,190.5,170.0,0.0,0.0,0.405,0.65,0.25,0.51,1.5,0.0,0.0,0.0,100.0,40.0,63.5,42.0,160.5,91.0,97.0,73.5,1.0,0.5,12.0,5.5,76.5,22.5,43.5,25.5,16.0,12.0,10.0,7.5,7.5,5.5,10.0,9.0,73.5,22.0,35.0,19.5,6.0,2.5,6.5,5.0,20.5,15.5,22.0,17.5,253.0,434.5,900.0,6,0,1,0,1,1,1,0,0,0,1,0,0,0,180.34,187.96,170.0,32.0,29.0,0,0,0,0,0,0,0,0,0,1,0,0,0,0,0,1,0,0,0,0,0,0,0,1
Blue,False,0.015625,0.0,0.45,0.4275,0.25,0.2,0.148468017578125,0.098388671875,0.0,0.0,66.5,29.6875,64.31230545043945,27.34375,89.75,48.0,85.53125,44.41152191162109,2.0,0.75,2.0546875,0.75,51.1875,18.3359375,49.6123046875,16.280410766601562,7.5,5.07647705078125,7.5,5.0,4.5,3.625,4.984375,3.9375,48.6875,17.0,47.11572265625,16.5,5.75,3.75,5.3125,3.4375,5.0625,3.5,3.875,2.5,99.2119140625,94.125,638.5,0,0,0,0,0,0,0,0,0,0,0,0,0,0,175.26,193.04,185.0,0.0,0.0,0.389375,0.4390625,0.1875,0.5440625,0.0,0.0625,0.0,0.0,119.1875,42.65625,114.65625,50.125,145.0625,66.625,136.59375,66.34375,1.09375,0.3125,4.96875,2.15625,71.96875,17.0625,96.46875,35.40625,20.5,8.5625,6.71875,4.40625,26.71875,17.03125,11.46875,10.3125,107.625,32.40625,107.46875,44.625,6.6875,6.5,3.34375,2.84375,4.875,3.75,3.84375,2.65625,26.84375,259.34375,787.21875,14,1,0,1,3,3,3,0,0,0,0,3,0,0,185.42,195.58,185.0,32.0,39.0,0,0,0,0,0,0,0,1,0,0,0,0,0,0,0,1,0,0,0,0,1,0,0,0
Red,False,0.015625,0.0,0.45,0.4275,0.25,0.2,0.148468017578125,0.098388671875,0.0,0.0,66.5,29.6875,64.31230545043945,27.34375,89.75,48.0,85.53125,44.41152191162109,2.0,0.75,2.0546875,0.75,51.1875,18.3359375,49.6123046875,16.280410766601562,7.5,5.07647705078125,7.5,5.0,4.5,3.625,4.984375,3.9375,48.6875,17.0,47.11572265625,16.5,5.75,3.75,5.3125,3.4375,5.0625,3.5,3.875,2.5,99.2119140625,94.125,638.5,0,0,0,0,0,0,0,0,0,0,0,0,0,0,182.88,190.5,170.0,0.625,0.34375,0.354375,0.6415625,0.0,0.094375,0.03125,0.0,0.0,0.0,33.15625,12.375,31.6875,14.90625,34.1875,13.25,37.875,19.625,0.375,0.0,1.59375,0.46875,25.28125,7.21875,23.03125,8.9375,4.28125,2.5,3.53125,2.03125,3.59375,2.65625,5.125,3.9375,29.03125,9.9375,24.5625,9.96875,2.90625,1.5,5.3125,3.40625,1.21875,0.9375,1.8125,1.53125,4.28125,56.6875,236.4375,11,0,2,0,2,4,2,0,0,0,1,2,1,0,185.42,187.96,170.0,27.0,31.0,0,0,0,0,0,0,0,0,0,1,0,0,0,0,0,1,0,0,0,0,0,0,1,0
Red,False,0.125,0.0,0.428125,0.505625,0.17375,0.47625,0.0,0.5,0.75,0.0,64.0,24.8125,46.4375,20.9375,83.3125,43.1875,65.5,36.375,4.875,0.9375,3.8125,1.9375,36.625,10.3125,23.3125,4.9375,11.4375,6.75,9.75,5.125,15.9375,7.75,13.375,10.875,58.1875,20.625,38.3125,16.4375,4.875,3.375,3.9375,2.375,0.9375,0.8125,4.1875,2.125,86.375,202.1875,642.25,12,0,3,0,3,3,2,0,0,0,1,2,0,0,177.8,185.42,155.0,1.0,0.0,0.36,0.21,1.0,0.3,0.0,1.0,0.0,0.0,75.0,27.0,89.0,19.0,94.0,43.0,137.0,59.0,1.0,1.0,10.0,3.0,63.0,18.0,84.0,17.0,7.0,5.0,4.0,1.0,5.0,4.0,1.0,1.0,70.0,24.0,80.0,15.0,3.0,2.0,1.0,0.0,2.0,1.0,8.0,4.0,81.0,445.0,900.0,3,0,0,1,0,0,1,0,0,0,0,0,0,0,177.8,182.88,155.0,25.0,22.0,0,0,0,0,0,0,1,0,0,0,0,0,0,0,0,1,0,0,0,0,0,0,1,0
Blue,False,0.25,0.25,0.5775,0.53,0.0,0.55,0.5,0.25,0.0,0.0,30.75,16.25,53.75,28.0,60.0,41.0,105.0,67.25,0.25,0.0,8.5,5.5,21.0,7.75,45.75,22.0,9.5,8.25,5.0,3.0,0.25,0.25,3.0,3.0,22.0,8.75,34.25,13.5,6.5,5.75,4.0,3.0,2.25,1.75,15.5,11.5,29.5,483.25,657.75,7,0,0,1,1,1,2,0,0,0,0,1,0,0,175.26,177.8,155.0,0.0625,0.0,0.24625,0.429375,0.1309375,0.53125,0.0,0.5,0.125,0.03125,49.8125,16.96875,61.34375,22.90625,60.0,26.375,69.21875,29.6875,1.65625,0.625,1.6875,0.625,39.90625,11.59375,50.4375,16.53125,7.15625,3.4375,8.21875,4.3125,2.75,1.9375,2.6875,2.0625,47.8125,16.03125,58.84375,20.84375,1.9375,0.875,1.8125,1.40625,0.0625,0.0625,0.6875,0.65625,19.09375,109.3125,577.5,16,0,1,0,3,4,2,0,0,0,4,0,0,0,167.64,167.64,155.0,31.0,34.0,0,0,0,0,0,0,1,0,0,0,0,0,0,0,0,1,0,0,0,0,0,0,1,0
Red,False,0.063018798828125,0.2540550231933594,0.4194372558593749,0.4812427520751953,0.0942497253417968,0.4956275939941406,0.130472183227539,0.0001564025878906,0.5040950775146484,0.5039138793945312,86.24092674255371,31.925819396972656,114.74778747558594,60.37208557128906,89.0168342590332,34.13128852844238,136.332181930542,79.68858337402344,2.0317516326904297,0.2817497253417969,5.592014312744141,2.6545143127441406,56.83162879943848,13.686727523803713,70.40907287597656,28.90900993347168,17.488510131835938,7.577718734741211,21.08541679382324,13.12713623046875,11.920787811279297,10.661373138427734,23.253297805786133,18.335939407348636,81.88747787475586,29.56502723693848,100.79083442687988,52.3187255859375,0.4987354278564453,0.3130817413330078,4.994865417480469,2.2759780883789062,3.8547134399414062,2.047710418701172,8.962087631225586,5.777381896972656,61.337520599365234,178.71443939208984,752.0841960906982,38,0,0,1,4,12,8,0,1,0,1,5,5,0,210.82,213.36,265.0,0.03125,1.0,0.5903125,0.5856250000000001,0.6240625,0.301875,0.5,0.0625,0.5,0.0,112.96875,61.71875,102.59375,59.625,159.71875,103.59375,116.75,72.28125,1.84375,1.09375,3.75,0.9375,84.5625,39.84375,84.375,43.3125,12.6875,8.6875,11.625,10.40625,15.71875,13.1875,6.59375,5.90625,79.4375,36.90625,76.5,41.0625,8.40625,6.625,11.09375,7.6875,25.125,18.1875,15.0,10.875,300.8125,197.59375,962.28125,19,0,0,1,3,3,3,0,0,0,1,2,0,0,190.5,198.12,249.0,30.0,32.0,0,0,0,0,1,0,0,0,0,0,0,0,0,0,0,1,0,0,0,0,1,0,0,0
Blue,False,0.0,0.0,0.42,0.35,0.2,1.0,3.0,0.0,2.0,1.0,28.0,12.0,54.0,19.0,43.0,27.0,66.0,30.0,5.0,1.0,1.0,1.0,28.0,12.0,50.0,16.0,0.0,0.0,2.0,1.0,0.0,0.0,2.0,2.0,19.0,6.0,43.0,12.0,0.0,0.0,0.0,0.0,9.0,6.0,11.0,7.0,116.0,220.0,453.0,2,0,1,0,1,1,0,0,0,0,0,0,1,0,177.8,180.34,145.0,0.0,0.0,0.475,0.285,0.55,0.385,0.0,0.75,0.25,0.5,80.25,40.5,48.5,14.5,96.25,54.75,61.0,26.25,3.0,1.25,6.5,2.5,57.75,24.0,34.25,7.5,16.0,11.75,13.0,5.75,6.5,4.75,1.25,1.25,51.0,21.5,38.0,9.0,19.0,11.75,7.0,4.0,10.25,7.25,3.5,1.5,178.5,206.0,720.5,8,1,0,1,1,1,2,0,0,0,1,0,0,0,172.72,175.26,135.0,24.0,32.0,1,0,0,0,0,0,0,0,0,0,0,0,0,0,0,1,0,0,0,0,1,0,0,0
Blue,False,0.015625,0.0,0.45,0.4275,0.25,0.2,0.148468017578125,0.098388671875,0.0,0.0,66.5,29.6875,64.31230545043945,27.34375,89.75,48.0,85.53125,44.41152191162109,2.0,0.75,2.0546875,0.75,51.1875,18.3359375,49.6123046875,16.280410766601562,7.5,5.07647705078125,7.5,5.0,4.5,3.625,4.984375,3.9375,48.6875,17.0,47.11572265625,16.5,5.75,3.75,5.3125,3.4375,5.0625,3.5,3.875,2.5,99.2119140625,94.125,638.5,0,0,0,0,0,0,0,0,0,0,0,0,0,0,172.72,177.8,145.0,0.0471682548522949,0.0,0.45,0.4217682266235352,0.25,0.19173828125,0.1875,0.125,0.0,0.0,69.5,30.5,66.984375,27.8466796875,94.0,48.544921875,88.50390625,44.75,2.0,0.8125,2.015625,0.6640625,54.0,19.01513671875,51.483436584472656,16.9437255859375,7.91796875,5.430633544921875,7.75,5.0625,4.780975341796875,3.9373779296875,4.8994140625,3.84375,51.025390625,18.400863647460938,50.515625,17.5,5.75,3.75,5.5,3.5,5.375,3.6875,4.0,2.65625,104.865234375,89.5,655.8441009521484,0,0,0,0,0,0,0,0,0,0,0,0,0,0,165.1,175.26,135.0,31.0,26.0,0,0,1,0,0,0,0,0,0,0,0,0,0,0,0,1,0,0,0,0,1,0,0,0
Blue,False,0.0,0.0,0.3,0.43,0.0,0.14,0.0,0.0,0.0,0.0,150.0,46.0,55.0,24.0,179.0,75.0,69.0,36.0,0.0,0.0,14.0,2.0,114.0,22.0,39.0,14.0,16.0,10.0,4.0,0.0,20.0,14.0,12.0,10.0,144.0,44.0,53.0,22.0,6.0,2.0,0.0,0.0,0.0,0.0,2.0,2.0,13.0,96.0,900.0,3,0,1,0,1,1,0,0,0,0,1,0,0,0,193.04,198.12,205.0,0.0,0.0,0.33,0.42,0.25,0.0,0.25,0.0,0.0,0.0,123.25,47.0,86.25,34.5,125.0,48.5,87.0,35.25,0.25,0.25,0.25,0.0,121.75,46.0,61.5,21.0,1.5,1.0,15.75,6.25,0.0,0.0,9.0,7.25,122.0,46.0,84.75,33.75,1.0,0.75,1.5,0.75,0.25,0.25,0.0,0.0,18.75,2.5,709.0,7,0,3,0,3,3,0,0,0,1,1,0,1,0,193.04,203.2,205.0,26.0,29.0,0,0,0,0,0,1,0,0,0,0,0,0,0,0,0,1,0,0,0,0,1,0,0,0
Blue,False,0.015625,0.0,0.45,0.4275,0.25,0.2,0.148468017578125,0.098388671875,0.0,0.0,66.5,29.6875,64.31230545043945,27.34375,89.75,48.0,85.53125,44.41152191162109,2.0,0.75,2.0546875,0.75,51.1875,18.3359375,49.6123046875,16.280410766601562,7.5,5.07647705078125,7.5,5.0,4.5,3.625,4.984375,3.9375,48.6875,17.0,47.11572265625,16.5,5.75,3.75,5.3125,3.4375,5.0625,3.5,3.875,2.5,99.2119140625,94.125,638.5,0,0,0,0,0,0,0,0,0,0,0,0,0,0,182.88,193.04,205.0,0.25,0.0,0.5725,0.4875,0.125,0.5,0.0,0.5,0.0,0.0,13.5,7.5,23.25,12.0,14.5,8.5,30.5,17.75,2.0,0.5,0.75,0.5,11.75,6.0,18.75,8.25,0.5,0.5,2.25,1.75,1.25,1.0,2.25,2.0,8.5,4.25,10.0,4.25,1.25,0.75,0.0,0.0,3.75,2.5,13.25,7.75,36.5,70.25,166.5,3,0,0,1,1,1,2,0,0,0,0,1,0,0,182.88,182.88,205.0,26.0,27.0,0,0,0,0,0,1,0,0,0,0,0,0,0,0,0,1,0,0,0,0,0,0,0,1
Blue,False,0.015625,0.0,0.45,0.4275,0.25,0.2,0.148468017578125,0.098388671875,0.0,0.0,66.5,29.6875,64.31230545043945,27.34375,89.75,48.0,85.53125,44.41152191162109,2.0,0.75,2.0546875,0.75,51.1875,18.3359375,49.6123046875,16.280410766601562,7.5,5.07647705078125,7.5,5.0,4.5,3.625,4.984375,3.9375,48.6875,17.0,47.11572265625,16.5,5.75,3.75,5.3125,3.4375,5.0625,3.5,3.875,2.5,99.2119140625,94.125,638.5,0,0,0,0,0,0,0,0,0,0,0,0,0,0,167.64,182.88,135.0,0.0,0.5,0.3725,0.4675,0.28125,0.7625,0.25,0.9375,0.1875,0.5625,100.25,34.75,123.4375,61.3125,102.5,36.9375,153.5,86.0,7.875,1.6875,3.375,1.625,79.875,23.1875,94.9375,40.375,15.125,6.3125,13.3125,7.6875,5.25,5.25,15.1875,13.25,98.0,33.3125,95.125,40.3125,1.6875,0.9375,13.3125,8.1875,0.5625,0.5,15.0,12.8125,104.1875,223.9375,796.25,13,0,0,1,2,2,3,0,0,0,0,0,2,0,165.1,177.8,135.0,25.0,28.0,1,0,0,0,0,0,0,0,0,0,0,0,0,0,0,1,0,0,0,0,1,0,0,0
Blue,False,0.279296875,0.8134765625,0.4673291015624999,0.408017578125,0.1819335937499999,0.0,0.046875,0.0009765625,0.0,0.0,40.13720703125,20.19775390625,64.23486328125,26.94287109375,42.8798828125,22.87548828125,74.7451171875,37.44921875,2.65478515625,1.33251953125,0.6591796875,0.0,33.4091796875,14.84423828125,49.6708984375,18.54052734375,1.4716796875,0.92236328125,11.53662109375,6.09326171875,5.25634765625,4.43115234375,3.02734375,2.30908203125,30.24658203125,12.6640625,60.08642578125,23.359375,2.1923828125,1.1298828125,0.3955078125,0.14306640625,7.6982421875,6.40380859375,3.7529296875,3.4404296875,105.61572265625,5.970703125,377.8056640625,25,3,2,0,5,8,4,0,0,0,3,5,0,0,167.64,167.64,145.0,0.03515625,0.0,0.4976171874999999,0.1853515625,0.6144140625000001,0.193359375,0.00390625,0.28125,0.51171875,0.08203125,63.37890625,32.41796875,51.2734375,10.6015625,75.1015625,42.392578125,63.6640625,20.546875,2.33203125,1.404296875,2.193359375,0.193359375,47.40625,24.130859375,32.20703125,3.650390625,12.984375,7.3515625,12.103515625,2.916015625,2.98828125,0.935546875,6.962890625,4.03515625,43.076171875,17.2734375,46.841796875,7.947265625,4.05078125,3.55078125,2.751953125,1.119140625,16.251953125,11.59375,1.6796875,1.53515625,215.5234375,80.42578125,609.490234375,21,0,6,0,6,8,2,0,0,1,3,3,1,0,177.8,185.42,145.0,33.0,29.0,0,0,1,0,0,0,0,0,0,0,0,0,0,0,0,1,0,0,0,0,1,0,0,0
Blue,False,0.125,0.0,0.60625,0.3025,0.61375,0.3125,0.0,0.0,0.125,0.125,115.375,70.625,52.625,14.75,139.25,90.75,56.25,17.75,6.25,3.125,2.625,0.375,92.0,50.25,46.875,11.375,10.25,9.125,4.125,2.25,13.125,11.25,1.625,1.125,34.75,18.0,46.5,9.875,13.125,8.625,2.375,1.125,67.5,44.0,3.75,3.75,435.375,33.25,689.25,10,0,4,0,4,4,0,0,0,0,2,2,0,0,167.64,180.34,145.0,0.125244140625,0.00048828125,0.3774501037597656,0.4656047821044922,0.2834539794921875,0.1150466918945312,1.172760009765625,0.1916351318359375,0.125,0.0634765625,90.06733703613281,36.51202392578125,107.9067611694336,50.15739440917969,144.77850341796875,82.70753479003906,134.04178619384766,73.16361999511719,5.641624450683594,1.9051513671875,2.846710205078125,0.8076324462890625,74.35719299316406,23.959503173828125,85.91563415527344,33.57947540283203,13.95343017578125,10.827056884765623,12.85919189453125,9.84063720703125,1.7567138671875,1.7254638671875,9.131935119628906,6.737281799316406,67.03564453125,19.143463134765625,90.45027160644533,37.84547424316406,14.92510986328125,10.7493896484375,10.58624267578125,6.83538818359375,8.106582641601562,6.619171142578125,6.870246887207031,5.476531982421875,204.4580307006836,117.61833953857422,657.7813491821289,45,0,1,0,6,14,4,0,0,2,8,3,1,0,177.8,180.34,145.0,29.0,34.0,0,0,1,0,0,0,0,0,0,0,0,0,0,0,0,1,0,0,0,0,1,0,0,0
Blue,False,0.1875,0.3125,0.4175,0.428125,0.215625,0.08,1.625,0.375,0.5,0.0,58.9375,21.3125,68.9375,29.6875,70.125,27.8125,82.625,40.375,3.0625,1.0625,3.0,0.5,47.5625,13.4375,56.4375,19.8125,6.75,4.0625,4.5625,3.0,4.625,3.8125,7.9375,6.875,46.3125,13.6875,53.6875,21.3125,8.125,4.0,3.1875,2.4375,4.5,3.625,12.0625,5.9375,100.3125,97.0625,484.875,8,0,1,0,1,3,2,0,0,0,0,1,2,0,182.88,193.04,170.0,0.125,0.0,0.4962499999999999,0.4309375,0.6534375,0.128125,0.125,1.15625,0.25,0.5,87.34375,41.3125,56.65625,25.71875,107.40625,56.28125,110.46875,70.0,0.96875,0.71875,3.59375,0.71875,73.375,31.9375,39.625,11.125,6.28125,4.59375,2.4375,1.5625,7.6875,4.78125,14.59375,13.03125,56.0625,18.875,46.0625,19.375,5.625,4.78125,1.5625,0.9375,25.65625,17.65625,9.03125,5.40625,317.34375,259.78125,803.96875,16,0,1,0,2,4,2,0,0,0,2,1,1,0,190.5,198.12,170.0,28.0,28.0,0,0,0,0,0,0,0,0,0,1,0,0,0,0,0,1,0,0,0,0,1,0,0,0
Red,False,0.015625,0.0,0.45,0.4275,0.25,0.2,0.148468017578125,0.098388671875,0.0,0.0,66.5,29.6875,64.31230545043945,27.34375,89.75,48.0,85.53125,44.41152191162109,2.0,0.75,2.0546875,0.75,51.1875,18.3359375,49.6123046875,16.280410766601562,7.5,5.07647705078125,7.5,5.0,4.5,3.625,4.984375,3.9375,48.6875,17.0,47.11572265625,16.5,5.75,3.75,5.3125,3.4375,5.0625,3.5,3.875,2.5,99.2119140625,94.125,638.5,0,0,0,0,0,0,0,0,0,0,0,0,0,0,180.34,185.42,250.0,0.101531982421875,0.6640625,0.5994656372070313,0.472012939453125,0.079345703125,0.0109570312499999,0.03125,0.03125,0.0,0.0,103.08456420898438,59.13351440429688,108.33084106445312,47.09979248046875,105.07070922851562,60.904205322265625,115.91885375976562,53.73468017578125,0.1201171875,0.08056640625,1.93829345703125,0.212158203125,63.851409912109375,27.15216064453125,91.42303466796876,34.452850341796875,35.9921875,29.006622314453125,6.35333251953125,3.59478759765625,3.240966796875,2.9747314453125,10.554473876953123,9.052154541015623,100.24765014648438,57.141510009765625,92.24664306640624,36.347076416015625,2.258209228515625,1.5128173828125,7.951385498046875,5.494903564453125,0.578704833984375,0.47918701171875,8.1328125,5.2578125,7.496490478515625,53.78387451171875,684.6106872558594,42,5,9,0,9,12,4,0,0,0,4,8,0,0,193.04,195.58,238.0,31.0,34.0,0,0,0,0,1,0,0,0,0,0,0,0,0,0,0,0,0,1,0,0,1,0,0,0
Red,False,0.5,0.25,0.39875,0.343125,0.0825,0.08625,0.0625,0.0,0.125,0.125,56.875,23.6875,41.9375,16.75,69.875,34.625,52.125,25.6875,0.5625,0.25,1.0625,0.375,43.8125,15.875,30.125,8.1875,8.25,3.1875,4.6875,2.6875,4.8125,4.625,7.125,5.875,45.3125,16.375,36.5,12.8125,0.5625,0.375,0.75,0.6875,11.0,6.9375,4.6875,3.25,28.3125,75.75,346.25,11,0,1,0,1,3,2,0,0,2,0,1,0,0,180.34,182.88,170.0,0.125,0.125,0.4929687499999999,0.41671875,0.2425,0.596875,0.078125,1.03125,0.0625,0.0,118.28125,56.453125,79.421875,30.78125,158.5,93.84375,85.921875,36.734375,6.203125,1.328125,3.4375,2.5625,86.625,30.984375,55.515625,16.296875,17.046875,12.640625,7.59375,3.40625,14.609375,12.828125,16.3125,11.078125,102.078125,41.953125,75.65625,27.875,7.328125,6.46875,0.5,0.3125,8.875,8.03125,3.265625,2.59375,96.0625,248.359375,802.65625,16,0,2,0,2,5,2,0,0,0,3,1,1,0,182.88,180.34,170.0,31.0,22.0,0,0,0,0,0,0,0,0,0,1,0,0,0,0,0,1,0,0,0,0,1,0,0,0
Red,False,0.0,0.0078125,0.514609375,0.2496875,0.09375,0.43,1.8515625,0.25,0.25,0.0,83.6484375,40.8984375,71.7734375,19.4375,123.234375,74.5859375,118.9921875,61.4453125,0.09375,0.09375,5.1015625,2.171875,75.0,34.2421875,57.8046875,9.546875,6.1796875,4.7578125,8.7421875,5.265625,2.46875,1.8984375,5.2265625,4.625,51.765625,19.2578125,66.3046875,15.8359375,7.96875,5.765625,3.5,2.4765625,23.9140625,15.875,1.96875,1.125,102.28125,289.21875,695.046875,21,0,2,0,2,5,3,0,0,0,1,2,2,0,167.64,172.72,135.0,0.0,0.0,0.485625,0.4981249999999999,0.3125,0.7225,0.25,1.0625,0.625,0.375,65.25,36.9375,45.6875,26.3125,88.125,56.75,115.375,85.875,2.25,1.0,2.3125,1.75,44.4375,21.375,38.875,20.5,14.6875,10.4375,5.1875,4.1875,6.125,5.125,1.625,1.625,39.3125,17.3125,25.25,9.8125,13.8125,10.9375,7.6875,5.1875,12.125,8.6875,12.75,11.3125,191.75,408.375,767.75,13,1,2,0,2,2,3,0,0,0,0,2,0,0,167.64,172.72,145.0,41.0,36.0,0,0,0,0,0,0,0,0,0,0,1,0,0,0,0,1,0,0,0,0,0,0,1,0
Blue,False,0.25,0.0,0.33,0.44,0.1425,0.37125,0.25,0.5,0.0,0.5,134.625,56.25,109.625,50.5,158.75,75.875,138.125,75.375,5.5,1.0,3.875,1.375,97.0,34.75,88.875,38.625,28.5,15.75,17.75,10.625,9.125,5.75,3.0,1.25,83.75,22.5,89.75,36.375,16.5,10.25,12.5,9.375,34.375,23.5,7.375,4.75,214.0,199.125,900.0,12,0,0,1,2,2,2,0,0,1,1,0,0,0,182.88,177.8,145.0,0.00616455078125,0.16448974609375,0.506845703125,0.3855767822265625,0.1466015625,0.24445556640625,0.04180908203125,0.51080322265625,0.0635986328125,0.0390625,153.17022705078125,77.1702880859375,162.73779296875,61.5240478515625,182.4466552734375,105.07550048828124,179.3121337890625,76.560791015625,8.3316650390625,1.23114013671875,8.89849853515625,2.78155517578125,111.7841796875,43.19110107421875,144.84466552734375,48.70477294921875,17.95068359375,11.85009765625,13.3619384765625,9.081787109375,23.43536376953125,22.12908935546875,4.53118896484375,3.73748779296875,128.94195556640625,61.3406982421875,145.15106201171875,49.29180908203125,20.2891845703125,12.79296875,16.24359130859375,10.90643310546875,3.9390869140625,3.03662109375,1.3431396484375,1.3258056640625,178.99847412109375,105.33441162109376,794.4480590820312,36,1,0,1,7,9,6,0,0,2,4,1,2,0,167.64,167.64,155.0,29.0,31.0,0,0,1,0,0,0,0,0,0,0,0,0,0,0,0,0,0,1,0,0,1,0,0,0
Blue,False,0.0,0.3828125,0.4022656249999999,0.48234375,0.04453125,0.221015625,0.0078125,1.0546875,0.0,0.0078125,106.8515625,42.46875,72.1640625,31.296875,137.375,70.0859375,78.2734375,36.875,2.2109375,0.1953125,4.46875,1.5546875,83.6171875,24.8828125,52.1953125,15.03125,6.4921875,6.0546875,11.0703125,8.8984375,16.7421875,11.53125,8.8984375,7.3671875,96.0234375,35.59375,68.6328125,29.328125,7.34375,4.65625,2.2265625,0.8203125,3.484375,2.21875,1.3046875,1.1484375,51.640625,99.921875,678.4296875,18,1,1,0,3,6,2,0,0,1,2,3,0,0,167.64,170.18,145.0,0.646484375,0.0390625,0.215546875,0.406943359375,0.002275390625,0.03142578125,0.0,0.0,0.0,0.0,110.349609375,22.8720703125,91.912109375,38.2333984375,112.0576171875,24.580078125,94.9365234375,40.6953125,0.216796875,0.0029296875,1.8759765625,0.126953125,100.1025390625,16.98828125,70.1689453125,20.84765625,9.7900390625,5.4375,15.140625,11.361328125,0.45703125,0.4462890625,6.6025390625,6.0244140625,106.2138671875,21.1015625,89.8095703125,36.7470703125,1.861328125,0.466796875,1.6484375,1.193359375,2.2744140625,1.3037109375,0.4541015625,0.29296875,3.7998046875,15.2294921875,667.80859375,26,1,0,2,2,5,6,0,0,1,0,4,0,0,170.18,175.26,135.0,28.0,34.0,1,0,0,0,0,0,0,0,0,0,0,0,0,0,0,1,0,0,0,0,1,0,0,0
Blue,False,0.015625,0.0,0.45,0.4275,0.25,0.2,0.148468017578125,0.098388671875,0.0,0.0,66.5,29.6875,64.31230545043945,27.34375,89.75,48.0,85.53125,44.41152191162109,2.0,0.75,2.0546875,0.75,51.1875,18.3359375,49.6123046875,16.280410766601562,7.5,5.07647705078125,7.5,5.0,4.5,3.625,4.984375,3.9375,48.6875,17.0,47.11572265625,16.5,5.75,3.75,5.3125,3.4375,5.0625,3.5,3.875,2.5,99.2119140625,94.125,638.5,0,0,0,0,0,0,0,0,0,0,0,0,0,0,170.18,170.18,135.0,0.0,0.0,0.44,0.45,0.5,0.25,2.0,2.0,0.0,0.0,92.0,41.0,109.0,50.0,196.0,133.0,201.0,128.0,2.0,1.0,4.0,1.0,58.0,13.0,92.0,36.0,20.0,18.0,16.0,13.0,14.0,10.0,1.0,1.0,60.0,15.0,52.0,22.0,19.0,16.0,32.0,15.0,13.0,10.0,25.0,13.0,299.0,407.0,900.0,3,0,0,1,0,0,1,0,0,0,0,0,0,0,180.34,177.8,155.0,31.0,31.0,0,0,1,0,0,0,0,0,0,0,0,0,0,0,0,1,0,0,0,0,1,0,0,0
Red,False,0.015625,0.0,0.45,0.4275,0.25,0.2,0.148468017578125,0.098388671875,0.0,0.0,66.5,29.6875,64.31230545043945,27.34375,89.75,48.0,85.53125,44.41152191162109,2.0,0.75,2.0546875,0.75,51.1875,18.3359375,49.6123046875,16.280410766601562,7.5,5.07647705078125,7.5,5.0,4.5,3.625,4.984375,3.9375,48.6875,17.0,47.11572265625,16.5,5.75,3.75,5.3125,3.4375,5.0625,3.5,3.875,2.5,99.2119140625,94.125,638.5,0,0,0,0,0,0,0,0,0,0,0,0,0,0,165.1,170.18,125.0,0.0,0.0,0.5,0.5,0.0,1.0,0.0,2.0,0.0,2.0,4.0,2.0,24.0,12.0,6.0,4.0,75.0,54.0,0.0,0.0,1.0,1.0,2.0,0.0,18.0,10.0,2.0,2.0,2.0,1.0,0.0,0.0,4.0,1.0,3.0,1.0,6.0,1.0,0.0,0.0,0.0,0.0,1.0,1.0,18.0,11.0,31.0,334.0,401.0,2,0,0,1,0,0,1,0,0,0,0,0,0,0,167.64,165.1,135.0,25.0,23.0,0,0,0,1,0,0,0,0,0,0,0,0,0,0,0,0,0,1,0,0,1,0,0,0
Blue,False,0.015625,0.0,0.45,0.4275,0.25,0.2,0.148468017578125,0.098388671875,0.0,0.0,66.5,29.6875,64.31230545043945,27.34375,89.75,48.0,85.53125,44.41152191162109,2.0,0.75,2.0546875,0.75,51.1875,18.3359375,49.6123046875,16.280410766601562,7.5,5.07647705078125,7.5,5.0,4.5,3.625,4.984375,3.9375,48.6875,17.0,47.11572265625,16.5,5.75,3.75,5.3125,3.4375,5.0625,3.5,3.875,2.5,99.2119140625,94.125,638.5,0,0,0,0,0,0,0,0,0,0,0,0,0,0,172.72,177.8,135.0,0.5,0.0,0.5352343749999999,0.445078125,0.66453125,0.358125,0.046875,0.8515625,0.0,0.53125,81.734375,42.09375,53.1875,22.96875,107.4375,64.6640625,62.578125,31.9609375,2.4453125,1.546875,4.046875,1.21875,61.8515625,28.8125,34.6328125,11.828125,14.046875,8.1171875,8.109375,4.5625,5.8359375,5.1640625,10.4453125,6.578125,61.9765625,26.3046875,44.875,18.4375,3.84375,2.9921875,4.875,2.828125,15.9140625,12.796875,3.4375,1.703125,242.3984375,56.234375,556.1484375,19,0,2,0,2,4,4,0,0,0,3,1,0,0,170.18,167.64,125.0,26.0,26.0,0,0,0,1,0,0,0,0,0,0,0,0,0,0,0,1,0,0,0,0,0,0,1,0
Red,False,0.0,0.0,0.37,0.38,0.0,0.5,0.0,0.0,0.0,0.0,175.0,65.0,333.0,127.0,176.0,66.0,348.0,142.0,1.0,0.0,2.0,1.0,116.0,37.0,284.0,95.0,48.0,17.0,44.0,28.0,11.0,11.0,5.0,4.0,166.0,57.0,294.0,95.0,5.0,4.0,34.0,27.0,4.0,4.0,5.0,5.0,72.0,10.0,900.0,3,0,0,1,0,0,1,0,0,0,0,0,0,0,154.94,162.56,115.0,0.0,0.0,0.45,0.395,0.4,0.5,0.0,0.0,0.0,0.0,147.5,63.5,271.0,107.0,182.0,95.0,315.5,146.5,4.0,2.0,2.0,2.0,111.0,31.0,240.5,82.5,14.0,10.5,16.5,12.5,22.5,22.0,14.0,12.0,116.5,43.5,221.0,75.5,13.5,8.5,25.0,15.0,17.5,11.5,25.0,16.5,217.5,118.5,900.0,6,0,0,2,0,0,2,0,0,0,0,0,0,0,160.02,160.02,115.0,32.0,36.0,0,0,0,0,0,0,0,0,0,0,0,0,0,1,0,1,0,0,0,0,1,0,0,0
Red,False,0.015625,0.0,0.45,0.4275,0.25,0.2,0.148468017578125,0.098388671875,0.0,0.0,66.5,29.6875,64.31230545043945,27.34375,89.75,48.0,85.53125,44.41152191162109,2.0,0.75,2.0546875,0.75,51.1875,18.3359375,49.6123046875,16.280410766601562,7.5,5.07647705078125,7.5,5.0,4.5,3.625,4.984375,3.9375,48.6875,17.0,47.11572265625,16.5,5.75,3.75,5.3125,3.4375,5.0625,3.5,3.875,2.5,99.2119140625,94.125,638.5,0,0,0,0,0,0,0,0,0,0,0,0,0,0,162.56,162.56,125.0,0.0,0.25,0.5890624999999999,0.3403125,0.765,0.26375,0.03125,1.15625,0.0,0.5,65.921875,39.3125,82.359375,26.265625,165.5625,135.21875,161.65625,98.515625,5.265625,3.640625,3.125,0.875,40.5625,20.046875,59.671875,10.578125,11.390625,9.171875,9.015625,4.921875,13.96875,10.09375,13.671875,10.765625,44.625,20.046875,60.703125,11.078125,9.765625,8.71875,14.671875,9.515625,11.53125,10.546875,6.984375,5.671875,355.5,265.3125,884.78125,18,1,0,1,2,3,4,0,0,1,1,1,0,0,167.64,167.64,125.0,29.0,34.0,0,0,0,0,0,0,0,0,0,0,0,0,1,0,0,1,0,0,0,0,1,0,0,0
Blue,True,0.001953125,0.296875,0.534365234375,0.5015625,0.4724609375,0.058125,0.6796875,0.0,0.0,0.0,86.021484375,42.6103515625,99.798828125,51.4697265625,132.470703125,86.4658203125,103.37109375,54.9990234375,3.048828125,1.4130859375,1.423828125,0.1953125,71.5859375,31.8994140625,62.326171875,24.458984375,6.2275390625,4.68359375,21.5263671875,15.8095703125,8.2080078125,6.02734375,15.9462890625,11.201171875,64.8447265625,27.6923828125,84.921875,41.8740234375,13.4794921875,8.9130859375,10.4853515625,5.7236328125,7.697265625,6.0048828125,4.3916015625,3.8720703125,142.015625,32.9716796875,601.744140625,33,6,4,0,4,9,2,0,0,1,3,2,3,0,180.34,182.88,235.0,0.3477783203125,0.1328125,0.6300122070312499,0.37698486328125,0.349654541015625,0.00818603515625,0.0,0.625,0.0,0.0,76.4007568359375,50.10302734375,69.84033203125,17.3875732421875,155.5274658203125,119.1519775390625,76.70849609375,23.7369384765625,7.4031982421875,3.23095703125,0.583251953125,0.0098876953125,59.346923828125,35.564697265625,61.2412109375,11.7122802734375,6.8931884765625,5.1339111328125,6.4755859375,3.7347412109375,10.16064453125,9.4044189453125,2.12353515625,1.9405517578125,45.4752197265625,26.9251708984375,65.2064208984375,15.95849609375,5.80712890625,4.384765625,4.5855712890625,1.38916015625,25.118408203125,18.7930908203125,0.04833984375,0.0399169921875,473.8936767578125,2.404296875,867.3460693359375,34,4,3,0,6,12,2,0,0,0,4,8,0,0,193.04,203.2,240.0,39.0,35.0,0,0,0,0,1,0,0,0,0,0,0,0,0,0,0,1,0,0,0,0,1,0,0,0
Red,False,1.09375,0.0,0.40015625,0.3171875,0.2931249999999999,0.15625,0.4375,0.25,0.0,0.25,108.703125,40.625,78.09375,24.265625,113.96875,45.6875,81.0,25.984375,2.484375,0.828125,0.578125,0.296875,94.171875,32.15625,56.3125,12.171875,11.5,6.015625,7.703125,2.75,3.03125,2.453125,14.078125,9.34375,94.84375,29.96875,76.015625,23.28125,9.5,7.328125,1.234375,0.296875,4.359375,3.328125,0.84375,0.6875,57.625,9.265625,407.875,12,0,2,0,2,5,2,0,0,0,0,4,1,0,172.72,180.34,135.0,0.5009765625,0.00048828125,0.3248193359375,0.3296874999999999,0.0284619140625,0.14921875,0.01171875,0.03955078125,0.0,0.0,140.67236328125,46.08984375,124.51123046875,40.5947265625,142.51806640625,47.8837890625,126.71630859375,42.52587890625,0.69140625,0.12255859375,3.4951171875,0.640625,105.71923828125,22.71044921875,90.86279296875,17.11669921875,12.81982421875,6.2265625,18.9521484375,11.744140625,22.13330078125,17.15283203125,14.6962890625,11.73388671875,137.4794921875,44.2548828125,123.37646484375,40.201171875,2.76806640625,1.55322265625,1.072265625,0.3310546875,0.4248046875,0.28173828125,0.0625,0.0625,5.13916015625,20.9814453125,802.1630859375,32,0,0,1,7,10,2,0,0,3,4,2,1,0,165.1,167.64,135.0,31.0,35.0,1,0,0,0,0,0,0,0,0,0,0,0,0,0,0,1,0,0,0,0,1,0,0,0
Blue,False,0.0,0.0,0.47,0.3625,0.495,0.2475,0.0,0.0,0.0,0.25,97.25,46.25,107.75,40.0,133.75,77.0,134.25,62.25,5.75,2.25,3.0,1.0,67.75,20.75,66.25,12.75,20.0,18.0,24.25,12.75,9.5,7.5,17.25,14.5,75.0,31.25,98.75,33.25,17.75,12.5,8.0,5.75,4.5,2.5,1.0,1.0,209.5,73.75,900.0,9,0,2,0,2,2,1,0,0,1,1,0,0,0,175.26,177.8,155.0,0.75,0.0,0.43625,0.48875,0.65,0.235,0.5,0.375,0.0,0.0,169.0,77.25,180.5,78.625,173.5,81.75,189.125,85.75,3.0,2.25,3.25,1.0,124.25,46.125,142.125,50.0,25.625,15.0,22.75,15.5,19.125,16.125,15.625,13.125,150.75,66.75,162.75,64.875,8.75,5.5,17.75,13.75,9.5,5.0,0.0,0.0,45.125,77.5,742.75,9,0,0,1,1,1,3,0,0,0,0,1,0,0,175.26,180.34,155.0,30.0,26.0,0,0,0,0,0,0,1,0,0,0,0,0,0,0,0,1,0,0,0,0,1,0,0,0
Blue,False,0.4375,0.0,0.400625,0.515625,0.0,0.42375,0.5,0.0625,0.0,0.0,104.25,31.1875,75.75,44.4375,117.125,42.125,104.375,69.0625,0.0,0.0,2.875,1.5,89.375,23.125,48.3125,21.6875,11.875,6.5625,18.0,15.625,3.0,1.5,9.4375,7.125,97.5,25.75,69.1875,38.625,4.8125,4.3125,2.0,1.5,1.9375,1.125,4.5625,4.3125,1.125,57.9375,602.1875,9,1,0,2,2,2,3,0,0,0,0,2,0,0,185.42,193.04,205.0,2.0,0.0,0.6,0.44,0.0,0.0,0.0,0.0,0.0,0.0,66.0,40.0,45.0,20.0,66.0,40.0,46.0,21.0,0.0,0.0,1.0,0.0,60.0,35.0,40.0,16.0,3.0,2.0,5.0,4.0,3.0,3.0,0.0,0.0,65.0,39.0,37.0,12.0,1.0,1.0,8.0,8.0,0.0,0.0,0.0,0.0,9.0,32.0,285.0,1,0,1,0,1,1,0,0,0,0,0,1,0,0,182.88,185.42,205.0,28.0,34.0,0,0,0,0,0,1,0,0,0,0,0,0,0,0,0,0,0,1,0,0,1,0,0,0
Blue,False,0.75,0.0,0.5725,0.4875,0.0,0.1,0.0,0.0,0.0,0.0,73.0,40.75,46.0,23.25,75.25,42.75,47.75,25.0,0.25,0.0,3.5,0.5,52.25,23.0,27.0,8.5,19.25,16.75,7.75,6.0,1.5,1.0,11.25,8.75,57.25,30.25,40.25,19.5,8.0,5.25,5.75,3.75,7.75,5.25,0.0,0.0,5.5,20.5,302.25,5,0,3,0,3,3,0,0,0,0,0,3,0,0,185.42,182.88,185.0,0.5361328125,0.625,0.5274072265624999,0.5028955078124999,0.0206005859375,0.4386083984375,0.033203125,0.53173828125,0.06396484375,0.0,36.60302734375,20.25634765625,67.03759765625,32.8466796875,38.14501953125,21.79296875,81.32861328125,45.79833984375,0.10888671875,0.02734375,2.126953125,0.85400390625,24.01953125,10.0107421875,59.9052734375,26.91943359375,5.30322265625,4.15869140625,3.2998046875,2.3916015625,7.2802734375,6.0869140625,3.83251953125,3.53564453125,29.68408203125,15.75732421875,33.837890625,12.86328125,0.365234375,0.27978515625,15.09814453125,8.7548828125,6.5537109375,4.21923828125,18.1015625,11.228515625,8.74560546875,116.158203125,383.96484375,24,1,0,2,3,6,6,0,0,0,1,3,0,2,182.88,200.66,185.0,27.0,33.0,0,0,0,0,0,0,0,1,0,0,0,0,0,0,0,1,0,0,0,0,1,0,0,0
Blue,False,1.140625,0.001953125,0.5486669921875,0.5525390625,0.2788037109375,0.30022705078125,0.0,0.5634765625,0.0009765625,0.500244140625,75.038330078125,36.82470703125,68.30859375,37.112548828125,76.93115234375,38.696044921875,99.3837890625,66.454345703125,1.959716796875,0.57080078125,2.288818359375,1.010986328125,65.201416015625,29.9453125,42.70751953125,19.275146484375,6.92919921875,5.22216796875,14.784912109375,8.841552734375,2.90771484375,1.6572265625,10.816162109375,8.995849609375,50.869873046875,19.760498046875,47.11572265625,20.520751953125,4.888916015625,2.974609375,4.959716796875,4.666748046875,19.279541015625,14.089599609375,16.233154296875,11.925048828125,88.67578125,269.044189453125,836.008544921875,28,0,2,0,6,10,3,0,0,1,0,9,0,0,190.5,200.66,260.0,0.390625,0.0,0.3614062499999999,0.49859375,0.0,0.24890625,0.5625,0.0,0.0,0.0,64.328125,14.265625,51.0625,36.171875,72.921875,21.9375,126.140625,101.71875,0.5,0.0,7.59375,3.109375,59.96875,11.453125,36.09375,23.203125,3.703125,2.171875,5.75,4.546875,0.65625,0.640625,9.21875,8.421875,58.109375,11.390625,29.359375,19.625,4.921875,1.890625,3.1875,2.546875,1.296875,0.984375,18.515625,14.0,18.90625,460.78125,814.015625,13,1,6,0,6,6,1,0,0,0,0,4,1,1,193.04,210.82,250.0,33.0,31.0,0,0,0,0,1,0,0,0,0,0,0,0,0,0,0,1,0,0,0,0,1,0,0,0
Blue,False,0.3125,0.78125,0.4271875,0.4359375,0.375,0.278125,0.0,0.0,0.0,0.0,101.625,41.296875,146.53125,63.859375,102.265625,41.921875,148.96875,66.296875,2.25,0.75,1.71875,0.875,76.453125,24.109375,122.015625,45.640625,14.703125,7.53125,11.828125,6.84375,10.46875,9.65625,12.6875,11.375,97.921875,38.984375,140.078125,58.359375,2.84375,1.671875,1.609375,1.4375,0.859375,0.640625,4.84375,4.0625,50.03125,47.5625,752.96875,16,0,2,0,2,4,3,0,0,0,0,4,0,0,177.8,180.34,170.0,0.376953125,0.001953125,0.58955078125,0.469921875,0.009765625,0.38056640625,0.046875,1.0,0.0,0.501953125,52.31640625,29.00390625,25.8828125,11.45703125,58.080078125,34.447265625,32.654296875,17.17578125,0.130859375,0.033203125,2.296875,1.22265625,41.08203125,20.30859375,17.0703125,5.6328125,7.751953125,5.669921875,4.1640625,2.326171875,3.482421875,3.025390625,4.6484375,3.498046875,21.73046875,7.978515625,19.076171875,8.162109375,6.009765625,4.546875,3.392578125,1.9453125,24.576171875,16.478515625,3.4140625,1.349609375,173.576171875,140.083984375,468.642578125,24,0,2,0,3,7,3,0,0,1,1,4,1,0,180.34,177.8,155.0,26.0,34.0,0,0,0,0,0,0,0,0,0,1,0,0,0,0,0,1,0,0,0,0,1,0,0,0
Blue,False,0.00146484375,0.125,0.57965087890625,0.48626220703125,0.6251611328125,0.63899169921875,2.068603515625,0.0,1.31640625,0.00048828125,89.81884765625,49.899658203125,117.12109375,56.5927734375,106.278564453125,65.632080078125,130.376953125,69.12890625,1.353759765625,0.75146484375,5.291015625,3.419921875,66.671630859375,34.472900390625,88.9697265625,35.760986328125,18.94287109375,11.597900390625,17.072265625,11.852294921875,4.204345703125,3.828857421875,11.0791015625,8.9794921875,76.198974609375,38.906005859375,87.06884765625,35.31005859375,3.294921875,2.61474609375,12.052734375,9.435302734375,10.324951171875,8.37890625,17.99951171875,11.847412109375,125.21875,271.69970703125,801.26123046875,34,4,0,1,5,7,6,0,0,1,1,2,3,0,177.8,182.88,155.0,0.00390625,0.0,0.38140625,0.60890625,0.30431640625,0.57640625,0.646484375,0.65625,0.0078125,0.15625,32.607421875,11.47265625,39.865234375,23.72265625,43.931640625,21.1953125,51.873046875,34.76953125,1.47265625,0.83203125,1.9921875,0.828125,28.462890625,8.40625,30.431640625,15.857421875,2.916015625,1.845703125,3.869140625,2.88671875,1.228515625,1.220703125,5.564453125,4.978515625,26.373046875,7.10546875,23.87890625,12.216796875,2.27734375,1.3046875,2.646484375,1.759765625,3.95703125,3.0625,13.33984375,9.74609375,87.158203125,157.091796875,383.67578125,20,1,2,0,3,7,3,0,0,0,2,0,5,0,185.42,190.5,170.0,31.0,30.0,0,0,0,0,0,0,1,0,0,0,0,0,0,0,0,1,0,0,0,0,0,0,1,0
Red,False,0.75,0.0625,0.441875,0.37078125,0.736875,0.245,0.109375,0.0,0.0,0.0,77.6640625,34.1015625,81.6875,31.3046875,85.2890625,40.8125,85.171875,33.4453125,2.8828125,1.8046875,1.5078125,0.9375,63.1171875,22.0546875,57.3125,14.4375,9.9453125,8.296875,12.7265625,6.9921875,4.6015625,3.75,11.6484375,9.875,67.0625,28.375,76.4765625,28.390625,5.328125,3.078125,2.6640625,1.7109375,5.2734375,2.6484375,2.546875,1.203125,81.4140625,34.0234375,510.1328125,18,0,3,0,3,6,2,0,0,0,1,2,3,0,177.8,180.34,170.0,0.6328125,0.0,0.4921484375,0.436796875,0.17015625,0.2762109375,0.28125,0.26171875,0.0703125,0.25,58.859375,28.86328125,53.37890625,21.14453125,63.859375,33.30859375,61.30859375,28.6015625,0.921875,0.515625,3.36328125,0.80859375,41.734375,16.6953125,37.359375,11.3828125,6.140625,3.7890625,6.77734375,4.50390625,10.984375,8.37890625,9.2421875,5.2578125,57.37890625,27.85546875,50.3984375,19.08203125,0.59765625,0.2734375,2.6328125,1.74609375,0.8828125,0.734375,0.34765625,0.31640625,64.28125,40.4375,392.359375,19,0,1,0,3,6,3,0,0,0,0,4,2,0,182.88,190.5,155.0,31.0,28.0,0,0,0,0,0,0,1,0,0,0,0,0,0,0,0,1,0,0,0,0,0,0,0,1
Red,False,1.0,0.0,0.4337499999999999,0.44,0.0,0.2075,0.125,0.0,0.125,0.0,125.375,55.25,105.625,47.125,132.5,61.75,129.375,66.5,0.75,0.0,4.375,1.25,104.0,42.125,78.125,28.125,12.875,5.875,17.0,9.5,8.5,7.25,10.5,9.5,111.375,46.875,86.375,34.625,7.0,3.875,12.875,8.875,7.0,4.5,6.375,3.625,31.5,153.25,774.0,10,0,0,1,1,2,2,0,0,0,1,1,0,0,180.34,193.04,170.0,2.0,0.0,0.44,0.31,0.0,1.0,0.0,0.0,0.0,0.0,106.0,47.0,106.0,33.0,106.0,47.0,110.0,37.0,0.0,0.0,1.0,1.0,85.0,31.0,63.0,3.0,10.0,7.0,3.0,3.0,11.0,9.0,40.0,27.0,100.0,44.0,106.0,33.0,0.0,0.0,0.0,0.0,6.0,3.0,0.0,0.0,15.0,14.0,557.0,2,0,1,0,1,1,0,0,0,0,0,1,0,0,187.96,193.04,170.0,32.0,30.0,0,0,0,0,0,0,0,0,0,1,0,0,0,0,0,1,0,0,0,0,1,0,0,0
Blue,False,0.0,0.0,0.6,0.33,0.0,1.0,0.0,1.0,1.0,0.0,15.0,9.0,6.0,2.0,20.0,13.0,8.0,4.0,0.0,0.0,1.0,1.0,13.0,7.0,6.0,2.0,0.0,0.0,0.0,0.0,2.0,2.0,0.0,0.0,12.0,6.0,6.0,2.0,2.0,2.0,0.0,0.0,1.0,1.0,0.0,0.0,33.0,49.0,132.0,1,0,0,1,0,0,1,0,0,0,0,0,0,0,165.1,160.02,115.0,0.0,0.0,0.5549999999999999,0.365,0.15,0.0,0.0,0.5,0.0,0.0,138.5,76.5,171.0,63.5,168.0,99.5,205.0,95.0,5.5,1.5,0.0,0.0,90.5,36.5,147.5,48.0,31.5,25.0,19.0,11.5,16.5,15.0,4.5,4.0,110.0,55.0,150.5,51.0,20.5,16.0,14.5,9.5,8.0,5.5,6.0,3.0,47.5,276.0,900.0,6,0,1,0,1,1,1,0,0,0,1,0,0,0,154.94,165.1,115.0,27.0,29.0,0,0,0,0,0,0,0,0,0,0,0,0,0,1,0,1,0,0,0,0,1,0,0,0
Blue,True,0.015625,0.0,0.45,0.4275,0.25,0.2,0.148468017578125,0.098388671875,0.0,0.0,66.5,29.6875,64.31230545043945,27.34375,89.75,48.0,85.53125,44.41152191162109,2.0,0.75,2.0546875,0.75,51.1875,18.3359375,49.6123046875,16.280410766601562,7.5,5.07647705078125,7.5,5.0,4.5,3.625,4.984375,3.9375,48.6875,17.0,47.11572265625,16.5,5.75,3.75,5.3125,3.4375,5.0625,3.5,3.875,2.5,99.2119140625,94.125,638.5,0,0,0,0,0,0,0,0,0,0,0,0,0,0,167.64,162.56,135.0,0.0471682548522949,0.0,0.45,0.4217682266235352,0.25,0.19173828125,0.1875,0.125,0.0,0.0,69.5,30.5,66.984375,27.8466796875,94.0,48.544921875,88.50390625,44.75,2.0,0.8125,2.015625,0.6640625,54.0,19.01513671875,51.483436584472656,16.9437255859375,7.91796875,5.430633544921875,7.75,5.0625,4.780975341796875,3.9373779296875,4.8994140625,3.84375,51.025390625,18.400863647460938,50.515625,17.5,5.75,3.75,5.5,3.5,5.375,3.6875,4.0,2.65625,104.865234375,89.5,655.8441009521484,0,0,0,0,0,0,0,0,0,0,0,0,0,0,170.18,170.18,155.0,26.0,31.0,0,0,1,0,0,0,0,0,0,0,0,0,0,0,0,1,0,0,0,0,1,0,0,0
Red,True,0.015625,0.0,0.45,0.4275,0.25,0.2,0.148468017578125,0.098388671875,0.0,0.0,66.5,29.6875,64.31230545043945,27.34375,89.75,48.0,85.53125,44.41152191162109,2.0,0.75,2.0546875,0.75,51.1875,18.3359375,49.6123046875,16.280410766601562,7.5,5.07647705078125,7.5,5.0,4.5,3.625,4.984375,3.9375,48.6875,17.0,47.11572265625,16.5,5.75,3.75,5.3125,3.4375,5.0625,3.5,3.875,2.5,99.2119140625,94.125,638.5,0,0,0,0,0,0,0,0,0,0,0,0,0,0,182.88,187.96,155.0,0.0471682548522949,0.0,0.45,0.4217682266235352,0.25,0.19173828125,0.1875,0.125,0.0,0.0,69.5,30.5,66.984375,27.8466796875,94.0,48.544921875,88.50390625,44.75,2.0,0.8125,2.015625,0.6640625,54.0,19.01513671875,51.483436584472656,16.9437255859375,7.91796875,5.430633544921875,7.75,5.0625,4.780975341796875,3.9373779296875,4.8994140625,3.84375,51.025390625,18.400863647460938,50.515625,17.5,5.75,3.75,5.5,3.5,5.375,3.6875,4.0,2.65625,104.865234375,89.5,655.8441009521484,0,0,0,0,0,0,0,0,0,0,0,0,0,0,180.34,180.34,155.0,23.0,26.0,0,0,0,0,0,0,1,0,0,0,0,0,0,0,0,0,0,1,0,0,1,0,0,0
Blue,False,0.5,0.0,0.575,0.38,0.0,0.265,0.0,0.0,0.0,0.0,99.0,54.5,100.0,34.0,114.0,68.5,114.0,46.5,0.5,0.0,10.5,2.5,74.0,33.0,72.0,13.0,12.5,12.0,9.0,6.0,12.5,9.5,19.0,15.0,84.0,42.5,89.0,25.5,15.0,12.0,11.0,8.5,0.0,0.0,0.0,0.0,0.0,222.0,708.5,5,0,2,0,2,2,0,0,0,1,0,1,0,0,193.04,203.2,185.0,0.750030517578125,0.046905517578125,0.4663330078125,0.3533813476562499,0.057515869140625,0.0659368896484375,0.0,0.062744140625,0.125030517578125,0.001953125,100.39962768554688,48.56414794921875,87.5626220703125,30.533660888671875,113.8709716796875,60.509185791015625,102.032470703125,44.527435302734375,0.932525634765625,0.146148681640625,4.7630615234375,0.474365234375,72.3074951171875,26.56866455078125,70.20748901367188,20.4727783203125,11.4490966796875,5.78009033203125,8.252044677734375,3.289703369140625,16.643035888671875,16.21539306640625,9.10308837890625,6.77117919921875,82.70187377929688,36.5201416015625,73.44204711914062,22.592041015625,10.880096435546877,7.726837158203125,13.6025390625,7.684478759765625,6.817657470703125,4.317169189453125,0.518035888671875,0.25714111328125,123.62905883789062,112.60586547851562,788.08984375,43,0,2,0,5,12,4,0,0,2,8,2,0,0,185.42,187.96,185.0,28.0,30.0,0,0,0,0,0,0,0,1,0,0,0,0,0,0,0,0,0,0,1,0,1,0,0,0
Red,False,0.015625,0.0,0.45,0.4275,0.25,0.2,0.148468017578125,0.098388671875,0.0,0.0,66.5,29.6875,64.31230545043945,27.34375,89.75,48.0,85.53125,44.41152191162109,2.0,0.75,2.0546875,0.75,51.1875,18.3359375,49.6123046875,16.280410766601562,7.5,5.07647705078125,7.5,5.0,4.5,3.625,4.984375,3.9375,48.6875,17.0,47.11572265625,16.5,5.75,3.75,5.3125,3.4375,5.0625,3.5,3.875,2.5,99.2119140625,94.125,638.5,0,0,0,0,0,0,0,0,0,0,0,0,0,0,175.26,172.72,155.0,0.0471682548522949,0.0,0.45,0.4217682266235352,0.25,0.19173828125,0.1875,0.125,0.0,0.0,69.5,30.5,66.984375,27.8466796875,94.0,48.544921875,88.50390625,44.75,2.0,0.8125,2.015625,0.6640625,54.0,19.01513671875,51.483436584472656,16.9437255859375,7.91796875,5.430633544921875,7.75,5.0625,4.780975341796875,3.9373779296875,4.8994140625,3.84375,51.025390625,18.400863647460938,50.515625,17.5,5.75,3.75,5.5,3.5,5.375,3.6875,4.0,2.65625,104.865234375,89.5,655.8441009521484,0,0,0,0,0,0,0,0,0,0,0,0,0,0,190.5,190.5,155.0,26.0,25.0,0,0,0,0,0,0,1,0,0,0,0,0,0,0,0,1,0,0,0,0,0,0,1,0
Red,False,0.0,0.0,0.5,0.56,0.0,0.66,3.0,0.0,0.0,0.0,64.0,32.0,58.0,33.0,69.0,37.0,66.0,37.0,3.0,0.0,6.0,4.0,60.0,29.0,53.0,28.0,4.0,3.0,3.0,3.0,0.0,0.0,2.0,2.0,30.0,8.0,34.0,16.0,24.0,17.0,23.0,17.0,10.0,7.0,1.0,0.0,52.0,205.0,462.0,2,0,1,0,1,1,0,0,0,0,0,0,1,0,187.96,182.88,185.0,0.625,0.0,0.31375,0.4649999999999999,0.62375,0.13875,0.0,0.375,0.0,0.125,54.5,19.0,43.5,18.0,63.875,27.25,52.125,24.25,1.625,1.0,2.875,0.625,44.625,13.625,28.5,8.125,6.5,3.375,8.125,4.5,3.375,2.0,6.875,5.375,45.5,13.875,38.625,14.375,6.5,3.75,4.625,3.375,2.5,1.375,0.25,0.25,39.125,46.375,475.5,9,0,0,1,1,2,2,0,0,1,0,1,0,0,182.88,187.96,185.0,28.0,28.0,0,0,0,0,0,0,0,1,0,0,0,0,0,0,0,1,0,0,0,0,1,0,0,0
Red,False,0.0,0.0,0.23,0.2,1.0,0.0,1.0,0.0,0.0,0.0,13.0,3.0,10.0,2.0,15.0,5.0,10.0,2.0,1.0,1.0,2.0,0.0,10.0,1.0,10.0,2.0,0.0,0.0,0.0,0.0,3.0,2.0,0.0,0.0,13.0,3.0,10.0,2.0,0.0,0.0,0.0,0.0,0.0,0.0,0.0,0.0,36.0,22.0,100.0,1,0,1,0,1,1,0,0,0,0,0,0,1,0,160.02,157.48,125.0,0.0,0.0,0.35,0.58,0.0,1.0,1.0,0.0,0.0,0.0,17.0,6.0,17.0,10.0,19.0,8.0,24.0,17.0,0.0,0.0,1.0,1.0,13.0,3.0,13.0,6.0,3.0,2.0,2.0,2.0,1.0,1.0,2.0,2.0,10.0,3.0,12.0,7.0,7.0,3.0,4.0,3.0,0.0,0.0,1.0,0.0,25.0,41.0,120.0,1,0,1,0,1,1,0,0,0,0,0,0,1,0,170.18,172.72,125.0,27.0,23.0,0,0,0,0,0,0,0,0,0,0,0,0,1,0,0,1,0,0,0,0,1,0,0,0
Red,False,0.0,0.0,0.3,0.29,0.0,1.0,2.0,0.0,0.0,0.0,236.0,71.0,197.0,59.0,241.0,75.0,222.0,77.0,0.0,0.0,2.0,2.0,216.0,55.0,184.0,49.0,5.0,3.0,4.0,2.0,15.0,13.0,9.0,8.0,236.0,71.0,197.0,59.0,0.0,0.0,0.0,0.0,0.0,0.0,0.0,0.0,21.0,208.0,900.0,3,0,0,1,0,0,1,0,0,0,0,0,0,0,162.56,165.1,125.0,0.0,0.0,0.265,0.5,0.11,0.75,0.5,1.0,0.0,0.5,298.5,87.0,294.5,133.0,325.5,108.5,332.0,164.0,8.0,1.0,3.5,2.0,264.0,67.0,251.0,97.5,24.5,12.0,21.0,14.0,10.0,8.0,22.5,21.5,287.5,79.0,259.0,105.5,10.0,7.0,15.5,10.5,1.0,1.0,20.0,17.0,143.0,326.5,1200.0,8,1,0,2,0,0,2,0,0,0,0,0,0,0,170.18,175.26,125.0,38.0,35.0,0,0,0,0,0,0,0,0,0,0,0,0,1,0,0,1,0,0,0,0,1,0,0,0
Red,False,0.5,0.5,0.395,0.565,0.0,0.08,0.0,0.0,0.0,0.0,62.0,28.5,37.5,17.0,66.0,32.5,37.5,17.0,0.0,0.0,3.0,0.5,49.0,20.0,27.0,8.5,11.0,7.5,8.5,6.5,2.0,1.0,2.0,2.0,58.5,26.5,34.5,15.0,2.0,1.0,2.0,1.0,1.5,1.0,1.0,1.0,1.0,18.0,220.5,3,1,1,0,1,1,1,0,0,0,0,1,0,0,172.72,180.34,145.0,0.2822265625,0.508331298828125,0.43715087890625,0.3725872802734374,0.099913330078125,0.1910271453857422,0.2513885498046875,0.5415267944335938,0.0369415283203125,0.0010452270507812,112.0810546875,48.94286346435547,137.57379913330078,53.75139617919922,115.03607177734376,50.90596008300781,143.38185119628906,58.680931091308594,0.266632080078125,0.235382080078125,3.2837371826171875,0.676971435546875,85.60993957519531,27.92172241210937,95.76889038085938,25.18933868408203,18.94229888916016,15.241867065429688,15.760345458984377,8.257591247558594,7.528816223144531,5.779273986816406,26.04456329345703,20.304466247558597,102.05548858642578,42.45940399169922,125.65435028076172,46.27021789550781,7.9719390869140625,5.066154479980469,3.4513015747070312,1.7461929321289062,2.053627014160156,1.4173049926757812,8.468147277832031,5.7349853515625,52.17981719970703,68.28597259521484,812.7463531494141,48,0,0,2,2,8,10,0,0,2,3,0,2,1,177.8,185.42,145.0,24.0,30.0,0,0,1,0,0,0,0,0,0,0,0,0,0,0,0,0,0,1,0,0,0,0,1,0
Red,False,0.015625,0.0,0.45,0.4275,0.25,0.2,0.148468017578125,0.098388671875,0.0,0.0,66.5,29.6875,64.31230545043945,27.34375,89.75,48.0,85.53125,44.41152191162109,2.0,0.75,2.0546875,0.75,51.1875,18.3359375,49.6123046875,16.280410766601562,7.5,5.07647705078125,7.5,5.0,4.5,3.625,4.984375,3.9375,48.6875,17.0,47.11572265625,16.5,5.75,3.75,5.3125,3.4375,5.0625,3.5,3.875,2.5,99.2119140625,94.125,638.5,0,0,0,0,0,0,0,0,0,0,0,0,0,0,170.18,177.8,155.0,0.0471682548522949,0.0,0.45,0.4217682266235352,0.25,0.19173828125,0.1875,0.125,0.0,0.0,69.5,30.5,66.984375,27.8466796875,94.0,48.544921875,88.50390625,44.75,2.0,0.8125,2.015625,0.6640625,54.0,19.01513671875,51.483436584472656,16.9437255859375,7.91796875,5.430633544921875,7.75,5.0625,4.780975341796875,3.9373779296875,4.8994140625,3.84375,51.025390625,18.400863647460938,50.515625,17.5,5.75,3.75,5.5,3.5,5.375,3.6875,4.0,2.65625,104.865234375,89.5,655.8441009521484,0,0,0,0,0,0,0,0,0,0,0,0,0,0,175.26,182.88,155.0,26.0,32.0,0,0,0,0,0,0,1,0,0,0,0,0,0,0,0,1,0,0,0,0,1,0,0,0
Blue,False,0.0,0.0,0.25,0.4,0.1,0.0,0.0,0.0,0.0,0.0,286.0,73.0,285.0,114.0,296.0,82.0,291.0,119.0,10.0,1.0,1.0,0.0,257.0,55.0,243.0,83.0,18.0,12.0,19.0,12.0,11.0,6.0,23.0,19.0,271.0,65.0,278.0,108.0,12.0,6.0,6.0,6.0,3.0,2.0,1.0,0.0,108.0,39.0,900.0,3,0,0,1,0,0,1,0,0,0,0,0,0,0,177.8,177.8,145.0,0.0,0.0,0.29,0.45,0.0,0.5,0.0,0.0,0.0,0.0,146.0,43.0,122.0,55.0,158.0,55.0,143.0,73.0,0.0,0.0,10.0,5.0,113.0,27.0,83.0,25.0,31.0,15.0,17.0,13.0,2.0,1.0,22.0,17.0,143.0,41.0,98.0,43.0,3.0,2.0,0.0,0.0,0.0,0.0,24.0,12.0,0.0,274.0,900.0,3,0,0,1,0,0,1,0,0,0,0,0,0,0,177.8,177.8,145.0,28.0,33.0,0,0,1,0,0,0,0,0,0,0,0,0,0,0,0,1,0,0,0,0,1,0,0,0
Blue,False,0.015625,0.0,0.45,0.4275,0.25,0.2,0.148468017578125,0.098388671875,0.0,0.0,66.5,29.6875,64.31230545043945,27.34375,89.75,48.0,85.53125,44.41152191162109,2.0,0.75,2.0546875,0.75,51.1875,18.3359375,49.6123046875,16.280410766601562,7.5,5.07647705078125,7.5,5.0,4.5,3.625,4.984375,3.9375,48.6875,17.0,47.11572265625,16.5,5.75,3.75,5.3125,3.4375,5.0625,3.5,3.875,2.5,99.2119140625,94.125,638.5,0,0,0,0,0,0,0,0,0,0,0,0,0,0,177.8,177.8,145.0,0.0471682548522949,0.0,0.45,0.4217682266235352,0.25,0.19173828125,0.1875,0.125,0.0,0.0,69.5,30.5,66.984375,27.8466796875,94.0,48.544921875,88.50390625,44.75,2.0,0.8125,2.015625,0.6640625,54.0,19.01513671875,51.483436584472656,16.9437255859375,7.91796875,5.430633544921875,7.75,5.0625,4.780975341796875,3.9373779296875,4.8994140625,3.84375,51.025390625,18.400863647460938,50.515625,17.5,5.75,3.75,5.5,3.5,5.375,3.6875,4.0,2.65625,104.865234375,89.5,655.8441009521484,0,0,0,0,0,0,0,0,0,0,0,0,0,0,170.18,175.26,145.0,23.0,27.0,0,0,1,0,0,0,0,0,0,0,0,0,0,0,0,0,0,1,0,0,1,0,0,0
Red,False,1.0,0.0,0.685,0.36,0.165,0.0,1.5,0.0,0.0,0.0,57.5,36.5,39.0,12.5,71.5,48.5,39.0,12.5,1.5,0.5,0.0,0.0,45.0,26.5,31.0,6.5,7.0,5.0,1.5,1.0,5.5,5.0,6.5,5.0,39.0,20.0,39.0,12.5,6.5,6.0,0.0,0.0,12.0,10.5,0.0,0.0,131.5,11.0,507.0,4,0,2,0,2,2,0,0,0,0,1,1,0,0,182.88,193.04,185.0,0.5,0.0,0.45125,0.4775,0.0925,0.35,0.25,0.5,0.5,0.0,54.75,23.875,47.75,24.5,60.75,29.125,75.375,47.75,2.25,0.75,2.75,0.75,49.25,20.125,42.5,20.125,5.375,3.625,3.375,2.875,0.125,0.125,1.875,1.5,49.5,19.625,26.375,11.0,2.875,1.875,1.5,1.25,2.375,2.375,19.875,12.25,36.625,157.875,368.25,6,0,2,0,2,3,1,0,0,0,0,1,2,0,185.42,195.58,185.0,28.0,30.0,0,0,0,0,0,0,0,1,0,0,0,0,0,0,0,0,0,1,0,0,0,0,1,0
Red,False,0.015625,0.0,0.45,0.4275,0.25,0.2,0.148468017578125,0.098388671875,0.0,0.0,66.5,29.6875,64.31230545043945,27.34375,89.75,48.0,85.53125,44.41152191162109,2.0,0.75,2.0546875,0.75,51.1875,18.3359375,49.6123046875,16.280410766601562,7.5,5.07647705078125,7.5,5.0,4.5,3.625,4.984375,3.9375,48.6875,17.0,47.11572265625,16.5,5.75,3.75,5.3125,3.4375,5.0625,3.5,3.875,2.5,99.2119140625,94.125,638.5,0,0,0,0,0,0,0,0,0,0,0,0,0,0,180.34,182.88,170.0,1.0,0.0,1.0,0.33,0.0,0.0,0.0,0.0,0.0,0.0,14.0,14.0,3.0,1.0,15.0,15.0,3.0,1.0,0.0,0.0,0.0,0.0,13.0,13.0,2.0,0.0,1.0,1.0,1.0,1.0,0.0,0.0,0.0,0.0,2.0,2.0,3.0,1.0,0.0,0.0,0.0,0.0,12.0,12.0,0.0,0.0,6.0,0.0,15.0,1,0,1,0,1,1,0,0,0,0,0,1,0,0,182.88,180.34,170.0,29.0,28.0,0,0,0,0,0,0,0,0,0,1,0,0,0,0,0,1,0,0,0,0,1,0,0,0
Red,False,0.125,0.125,0.5549999999999999,0.4325,0.125,0.4,0.625,0.0,0.0,0.0,30.25,17.125,34.625,16.875,39.375,25.625,43.125,24.625,0.75,0.25,4.125,2.0,18.25,8.25,30.75,13.125,4.625,3.5,2.75,2.625,7.375,5.375,1.125,1.125,21.75,11.25,19.25,6.125,6.625,4.0,5.5,3.5,1.875,1.875,9.875,7.25,44.75,150.75,404.125,6,0,2,0,2,3,1,0,0,0,0,1,2,0,190.5,200.66,205.0,0.25146484375,0.515625,0.3163699340820313,0.522138671875,0.0438818359375,0.1061865234375,0.18768310546875,0.642822265625,0.001953125,0.0,35.143096923828125,13.874969482421877,42.498443603515625,25.1114501953125,38.28823852539063,16.955657958984375,55.005615234375,34.565765380859375,0.3126220703125,0.09844970703125,2.772064208984375,1.036376953125,28.2191162109375,8.655609130859375,26.431884765625,12.626190185546877,4.258209228515625,2.679290771484375,7.13494873046875,5.184051513671875,2.665771484375,2.540069580078125,8.931610107421875,7.30120849609375,31.82699584960937,11.298675537109377,32.829986572265625,17.251708984375,2.433685302734375,1.93682861328125,4.889404296875,3.6309814453125,0.882415771484375,0.63946533203125,4.779052734375,4.228759765625,26.32635498046875,123.1676025390625,378.74713134765625,37,1,4,0,4,10,6,0,1,0,1,5,3,0,190.5,203.2,205.0,26.0,35.0,0,0,0,0,0,1,0,0,0,0,0,0,0,0,0,1,0,0,0,0,0,0,1,0
Red,False,0.5,0.0,0.35,0.4,0.5,0.5,0.0,0.0,0.0,0.0,177.0,63.0,131.5,53.0,180.5,65.0,132.0,53.5,1.0,0.5,0.5,0.5,140.5,39.0,100.5,30.5,10.5,5.5,13.0,7.5,26.0,18.5,18.0,15.0,158.5,50.5,125.5,50.5,9.5,5.5,3.5,1.0,9.0,7.0,2.5,1.5,11.0,6.5,900.0,6,0,1,0,1,1,1,0,0,0,1,0,0,0,180.34,180.34,170.0,0.3359375,1.078125,0.413203125,0.406875,0.084140625,0.4252734375,0.0,0.6484375,0.53125,0.0,119.36328125,46.9921875,92.0625,40.80859375,126.07421875,51.68359375,112.08203125,58.91015625,1.5390625,0.3125,2.515625,1.26953125,98.69921875,30.8515625,85.609375,37.5,5.45703125,4.44140625,2.6328125,0.69140625,15.20703125,11.69921875,3.8203125,2.6171875,104.51171875,39.1640625,69.90234375,26.84765625,3.84765625,2.4765625,3.7265625,1.6875,11.00390625,5.3515625,18.43359375,12.2734375,51.70703125,129.69921875,667.7109375,20,0,1,0,4,6,3,0,0,1,1,4,0,0,182.88,180.34,170.0,26.0,30.0,0,0,0,0,0,0,0,0,0,1,0,0,0,0,0,1,0,0,0,0,1,0,0,0
Blue,False,0.015625,0.0,0.45,0.4275,0.25,0.2,0.148468017578125,0.098388671875,0.0,0.0,66.5,29.6875,64.31230545043945,27.34375,89.75,48.0,85.53125,44.41152191162109,2.0,0.75,2.0546875,0.75,51.1875,18.3359375,49.6123046875,16.280410766601562,7.5,5.07647705078125,7.5,5.0,4.5,3.625,4.984375,3.9375,48.6875,17.0,47.11572265625,16.5,5.75,3.75,5.3125,3.4375,5.0625,3.5,3.875,2.5,99.2119140625,94.125,638.5,0,0,0,0,0,0,0,0,0,0,0,0,0,0,170.18,170.18,135.0,0.890625,0.0,0.41125,0.5235937500000001,0.2075,0.349375,0.0,0.25,0.0,0.0,92.265625,35.203125,87.359375,45.0,102.09375,44.21875,94.703125,52.09375,3.796875,1.0,5.03125,2.484375,66.71875,15.109375,57.0,20.265625,10.859375,6.234375,11.65625,8.703125,14.6875,13.859375,18.703125,16.03125,77.609375,25.9375,74.953125,35.140625,4.828125,3.03125,8.9375,7.609375,9.828125,6.234375,3.46875,2.25,107.03125,205.390625,867.78125,18,0,0,1,2,3,4,0,0,0,1,2,0,0,170.18,175.26,135.0,25.0,26.0,1,0,0,0,0,0,0,0,0,0,0,0,0,0,0,0,0,0,1,0,0,0,1,0
Blue,False,0.51171875,0.25,0.468203125,0.4201953125,0.445625,0.1787890625,0.84375,0.25390625,0.5078125,0.0,75.7890625,35.953125,56.62890625,25.1640625,107.03515625,64.58984375,104.9453125,68.953125,4.75,1.875,3.51953125,0.98046875,64.85546875,28.0625,43.6171875,14.9921875,7.43359375,5.578125,6.546875,5.19140625,3.5,2.3125,6.46484375,4.98046875,54.1953125,20.41015625,46.796875,16.796875,2.91015625,2.3125,7.28515625,6.79296875,18.68359375,13.23046875,2.546875,1.57421875,438.78515625,119.203125,888.578125,25,0,0,1,5,7,2,0,0,0,4,2,1,0,187.96,187.96,170.0,1.6017996072769165,0.4062552452087402,0.5119647641479969,0.3889987313747406,0.1605709402263164,0.0031702062487602,0.0279007703065872,0.0312500298023223,0.0002517700195312,7.62939453125e-06,66.28935812413692,33.01099316775799,85.06694130599499,34.79315412044525,68.93037213385105,35.380871430039406,86.8670100569725,36.52205502986908,2.4591854363679886,0.4109232872724533,0.284478411078453,0.0159378200769424,48.613014832139015,17.546652659773827,71.5016158670187,24.00875009596348,12.672624617815018,10.987033307552338,12.26839354634285,9.725142285227776,5.003718674182892,4.477307200431824,1.296931892633438,1.0592617392539978,57.846112847328186,27.138674095273014,71.19327157735825,25.223645642399788,6.064471542835236,4.033767849206924,12.24268200993538,8.651446253061295,2.378773733973503,1.8385512232780457,1.6309877187013626,0.918062224984169,33.693327113986015,14.47325086593628,383.4217446744442,55,1,4,0,8,20,7,0,0,0,6,9,5,0,185.42,185.42,155.0,26.0,35.0,0,0,0,0,0,0,0,0,0,1,0,0,0,0,0,0,0,1,0,0,1,0,0,0
Blue,False,0.0,0.03125,0.430234375,0.46078125,0.4375,0.34421875,3.0625,0.875,0.0,0.0,90.484375,32.5,91.0234375,39.46875,117.359375,54.546875,117.2578125,61.4765625,2.0625,1.5625,2.8984375,0.984375,75.0390625,21.71875,72.5859375,26.5,7.4296875,3.9765625,9.71875,6.734375,8.015625,6.8046875,8.71875,6.234375,79.203125,24.7421875,72.6328125,23.3828125,5.40625,3.8828125,8.546875,7.1015625,5.875,3.875,9.84375,8.984375,215.640625,147.9609375,892.03125,23,0,0,2,1,2,6,0,0,1,0,0,0,1,167.64,167.64,125.0,0.0,0.0,0.5700000000000001,0.445,0.66,0.33,1.0,0.5,1.0,0.5,136.0,78.0,131.5,59.5,151.5,93.0,162.0,88.5,3.0,2.0,2.5,1.0,98.5,48.5,102.5,43.5,20.5,14.0,23.0,12.5,17.0,15.5,6.0,3.5,112.5,59.0,119.5,49.5,10.0,7.5,3.0,2.5,13.5,11.5,9.0,7.5,328.0,147.5,900.0,6,0,2,0,2,2,0,0,0,1,1,0,0,0,165.1,162.56,125.0,31.0,30.0,0,0,0,0,0,0,0,0,0,0,0,0,1,0,0,1,0,0,0,0,1,0,0,0
Blue,False,1.0,0.0,0.27,0.1,0.0,0.0,1.0,0.0,0.0,0.0,29.0,8.0,30.0,3.0,30.0,9.0,30.0,3.0,0.0,0.0,1.0,0.0,23.0,6.0,22.0,1.0,3.0,1.0,0.0,0.0,3.0,1.0,8.0,2.0,27.0,7.0,30.0,3.0,0.0,0.0,0.0,0.0,2.0,1.0,0.0,0.0,8.0,0.0,256.0,1,0,1,0,1,1,0,0,0,0,0,0,1,0,172.72,170.18,145.0,0.015625,2.0,0.39666015625,0.3783398437499999,0.030546875,0.53451171875,0.7421875,0.03125,0.3837890625,0.44140625,90.0283203125,32.673828125,137.7158203125,46.1005859375,94.5361328125,36.587890625,175.97265625,74.025390625,0.80859375,0.13671875,3.1162109375,1.71484375,75.9599609375,22.19921875,116.6064453125,29.0419921875,7.4697265625,4.263671875,14.93359375,11.0830078125,6.5986328125,6.2109375,6.17578125,5.9755859375,85.9091796875,30.4033203125,101.416015625,26.8349609375,1.5869140625,0.5673828125,1.2333984375,0.6181640625,2.5322265625,1.703125,35.06640625,18.6474609375,50.587890625,256.603515625,794.75,28,0,0,1,2,5,6,0,0,0,2,1,2,0,172.72,185.42,135.0,20.0,30.0,1,0,0,0,0,0,0,0,0,0,0,0,0,0,0,1,0,0,0,0,1,0,0,0
Blue,False,0.0,0.0,0.22,0.59,1.0,0.35,0.0,0.0,0.0,0.0,81.0,18.0,114.0,68.0,83.0,20.0,128.0,79.0,1.0,1.0,14.0,5.0,67.0,11.0,78.0,36.0,10.0,5.0,13.0,11.0,4.0,2.0,23.0,21.0,75.0,15.0,71.0,40.0,6.0,3.0,25.0,14.0,0.0,0.0,18.0,14.0,16.0,502.0,900.0,3,0,0,1,0,0,1,0,0,0,0,0,0,0,172.72,182.88,145.0,0.5,0.5,0.345,0.4025,0.0625,0.2625,0.0,0.25,0.5,0.0,87.0,30.0,77.75,33.75,93.25,35.75,97.0,51.75,1.5,0.25,7.0,2.5,61.75,15.25,63.5,23.0,17.75,10.0,8.5,5.5,7.5,4.75,5.75,5.25,75.0,21.0,61.75,23.75,7.5,6.0,5.25,3.25,4.5,3.0,10.75,6.75,81.0,217.5,825.0,8,0,0,2,1,1,2,0,0,0,1,0,0,0,172.72,175.26,145.0,24.0,27.0,0,0,1,0,0,0,0,0,0,0,0,0,0,0,0,1,0,0,0,0,1,0,0,0
Blue,False,1.0,0.015625,0.4824609374999999,0.4208984375,0.477421875,0.41125,0.5703125,0.63671875,0.25,1.00390625,86.453125,42.0234375,101.14453125,37.34765625,112.109375,64.69140625,143.68359375,70.85546875,5.36328125,2.41796875,1.32421875,0.59375,79.7890625,38.609375,86.765625,26.64453125,3.60546875,1.46484375,5.73046875,4.54296875,3.05859375,1.94921875,8.6484375,6.16015625,60.51953125,25.32421875,80.60546875,24.99609375,3.88671875,1.5234375,9.0546875,6.3515625,22.046875,15.17578125,11.484375,6.0,260.60546875,144.53515625,846.9140625,21,0,2,0,2,6,3,0,0,1,1,0,3,1,180.34,185.42,170.0,0.0,0.25,0.5900000000000001,0.5275,0.3349999999999999,0.0,0.0,0.25,0.0,0.25,68.0,39.0,75.5,40.0,108.0,71.0,85.5,49.25,9.0,1.25,0.75,0.0,50.0,27.5,60.0,27.5,12.25,8.75,9.0,6.0,5.75,2.75,6.5,6.5,43.25,20.25,49.0,18.0,22.5,18.0,22.75,18.75,2.25,0.75,3.75,3.25,225.5,76.5,676.0,7,0,0,1,2,2,1,0,0,0,1,0,0,1,170.18,177.8,170.0,23.0,32.0,0,0,0,0,0,0,0,0,0,1,0,0,0,0,0,1,0,0,0,0,1,0,0,0
Blue,False,0.0,0.0,0.45,0.38,0.0,0.33,0.0,0.0,0.0,0.0,211.0,96.0,134.0,52.0,222.0,106.0,233.0,139.0,0.0,0.0,6.0,2.0,191.0,80.0,110.0,33.0,7.0,5.0,16.0,12.0,13.0,11.0,8.0,7.0,183.0,76.0,106.0,34.0,24.0,18.0,17.0,13.0,4.0,2.0,11.0,5.0,3.0,463.0,900.0,3,0,1,0,1,1,0,0,0,0,1,0,0,0,165.1,160.02,115.0,0.0,0.0,0.4375,0.5325,0.25,0.65,0.5,0.0,0.0,0.0,87.75,32.75,130.25,67.25,140.5,70.25,182.5,110.5,0.25,0.25,3.0,2.25,73.0,24.5,96.5,39.0,11.0,5.0,21.25,17.75,3.75,3.25,12.5,10.5,76.75,26.25,81.5,29.25,5.5,3.5,9.0,6.5,5.5,3.0,39.75,31.5,87.25,403.25,900.0,9,0,2,0,2,2,1,0,0,1,1,0,0,0,154.94,160.02,115.0,29.0,24.0,0,0,0,0,0,0,0,0,0,0,0,0,0,1,0,1,0,0,0,0,1,0,0,0
Blue,False,0.0,0.28125,0.4646875,0.4528125,0.2028125,0.7178125,0.34375,1.265625,0.5,0.015625,42.515625,18.640625,41.515625,20.1875,61.03125,35.265625,60.34375,35.96875,1.734375,0.796875,2.203125,1.53125,28.0625,9.421875,33.40625,13.734375,9.78125,6.484375,3.859375,2.84375,4.671875,2.734375,4.25,3.609375,37.34375,15.328125,31.109375,12.578125,2.609375,1.9375,2.078125,1.265625,2.5625,1.375,8.328125,6.34375,30.984375,228.1875,425.859375,13,0,1,0,1,3,4,0,0,0,0,0,3,0,177.8,180.34,125.0,0.5,0.0,0.2875,0.5375,0.5,0.4649999999999999,1.25,0.0,0.0,0.0,50.0,19.0,117.75,63.0,68.5,35.25,185.75,123.75,1.25,0.75,6.75,3.25,46.0,17.0,97.5,48.25,2.75,1.25,12.0,9.0,1.25,0.75,8.25,5.75,44.25,16.0,58.25,17.0,0.5,0.0,2.0,1.25,5.25,3.0,57.5,44.75,55.0,411.5,900.0,9,0,1,0,1,1,2,0,0,0,1,0,0,0,165.1,172.72,125.0,28.0,29.0,0,0,0,1,0,0,0,0,0,0,0,0,0,0,0,0,0,1,0,0,1,0,0,0
Red,False,0.0,0.0,0.53,0.4,0.0,0.5,5.0,0.0,1.0,1.0,116.0,62.0,74.0,30.0,228.0,151.0,102.0,53.0,2.0,0.0,4.0,2.0,95.0,47.0,53.0,19.0,3.0,2.0,3.0,1.0,18.0,13.0,18.0,10.0,75.0,35.0,59.0,21.0,8.0,7.0,10.0,7.0,33.0,20.0,5.0,2.0,516.0,77.0,900.0,3,0,1,0,1,1,0,0,0,0,1,0,0,0,175.26,180.34,125.0,0.0,0.25,0.34,0.51,0.25,0.8425,0.75,0.25,0.0,0.0,88.25,26.5,75.25,31.5,94.0,32.0,87.5,43.5,1.25,0.25,2.75,1.5,70.75,16.25,56.0,17.5,6.25,2.25,8.0,6.25,11.25,8.0,11.25,7.75,80.25,22.5,62.0,20.75,7.75,4.0,7.0,5.0,0.25,0.0,6.25,5.75,9.5,53.0,572.75,5,0,0,2,1,1,2,0,0,0,1,0,0,0,172.72,177.8,125.0,21.0,28.0,0,0,0,1,0,0,0,0,0,0,0,0,0,0,0,1,0,0,0,0,1,0,0,0
Red,False,1.0,0.0,0.41,0.58,0.0,0.0,0.0,1.0,0.0,0.0,117.0,49.0,81.0,47.0,175.0,102.0,117.0,82.0,0.0,0.0,11.0,0.0,98.0,34.0,54.0,25.0,16.0,12.0,21.0,16.0,3.0,3.0,6.0,6.0,91.0,32.0,57.0,27.0,24.0,17.0,23.0,19.0,2.0,0.0,1.0,1.0,24.0,590.0,900.0,3,0,0,1,0,0,1,0,0,0,0,0,0,0,167.64,167.64,125.0,0.0,0.0,0.3399999999999999,0.39,0.0,0.0,0.0,1.0,0.0,0.0,188.5,64.0,186.0,74.5,192.0,66.5,198.0,82.5,0.5,0.0,0.0,0.0,170.0,51.0,139.0,42.5,12.5,7.0,22.5,14.0,6.0,6.0,24.5,18.0,177.0,59.5,177.0,68.5,9.5,4.5,9.0,6.0,2.0,0.0,0.0,0.0,37.5,153.5,900.0,6,0,0,1,1,1,1,0,0,1,0,0,0,0,170.18,182.88,125.0,30.0,28.0,0,0,0,0,0,0,0,0,0,0,0,0,1,0,0,1,0,0,0,0,1,0,0,0
Red,False,0.0,0.0,0.3662499999999999,0.3612499999999999,0.333125,0.1753125,0.65625,0.25,0.5,0.25,115.375,41.1875,107.71875,38.65625,161.4375,82.78125,125.125,54.375,10.4375,3.5,1.78125,0.53125,97.875,27.40625,102.0625,35.3125,5.9375,3.78125,4.4375,3.15625,11.5625,10.0,1.21875,0.1875,95.8125,28.96875,90.84375,25.0,7.625,4.21875,4.34375,2.9375,11.9375,8.0,12.53125,10.71875,174.46875,143.75,882.59375,17,2,1,0,2,4,2,0,0,0,3,0,1,0,154.94,160.02,115.0,0.0625,0.015625,0.405,0.4425,0.3196875,0.31625,1.421875,0.0,0.0,0.0,83.28125,36.171875,168.9375,89.734375,91.84375,43.953125,232.625,146.125,6.03125,1.5625,3.84375,2.0625,77.515625,33.328125,126.140625,52.984375,4.953125,2.40625,33.75,28.640625,0.8125,0.4375,9.046875,8.109375,67.734375,26.46875,96.65625,38.3125,11.15625,6.890625,17.546875,12.25,4.390625,2.8125,54.734375,39.171875,119.203125,268.078125,758.25,21,1,1,0,2,4,3,0,0,0,3,0,1,0,162.56,160.02,115.0,30.0,29.0,0,0,0,0,0,0,0,0,0,0,0,0,0,1,0,1,0,0,0,0,1,0,0,0
Blue,False,0.5,0.0,0.675,0.395,0.0,0.0,0.0,0.0,0.0,0.0,43.5,30.0,15.0,6.5,44.0,30.5,19.5,11.0,1.0,0.0,1.0,0.0,36.0,23.0,10.5,2.0,6.0,5.5,4.0,4.0,1.5,1.5,0.5,0.5,31.0,20.0,9.0,2.0,11.5,9.0,5.0,4.5,1.0,1.0,1.0,0.0,49.5,19.0,206.5,2,0,2,0,2,2,0,0,0,0,0,2,0,0,187.96,190.5,264.0,0.0030786991119384,0.087906002998352,0.4906025648117065,0.4852651751041412,0.2358692002296447,0.1146631008386612,6.496906280517578e-05,0.0313721299171447,0.5,0.5312500596046448,105.40337109565736,51.45985275506973,79.31516426801682,38.12710189819336,128.48882979154587,72.3418345451355,102.57951718568802,57.76987278461456,5.063263058662415,2.0314942002296448,2.229194223880768,0.3017579317092895,68.11731147766113,22.37101238965988,55.95977294445038,21.13719242811203,23.032923340797424,16.070364594459534,12.034699261188509,6.420257866382599,14.253136277198792,13.018475770950316,11.32069206237793,10.56965160369873,96.20490211248398,44.57427805662155,62.22268414497376,26.792625844478607,7.309591591358185,5.6232932806015015,4.920023143291473,3.826082050800324,1.888877391815185,1.2622814178466797,12.172456979751589,7.508394002914429,172.14430063962936,172.1815772652626,828.6270697116852,50,5,1,0,7,16,9,0,0,1,4,9,2,0,190.5,195.58,240.0,25.0,39.0,0,0,0,0,1,0,0,0,0,0,0,0,0,0,0,0,0,1,0,0,1,0,0,0
Blue,False,0.5625,0.25,0.445625,0.346875,0.25625,0.0,0.25,0.25,0.03125,0.28125,51.125,25.84375,29.4375,11.34375,87.75,57.1875,43.28125,23.4375,3.78125,1.8125,0.4375,0.0,44.625,21.9375,22.59375,5.875,3.5,1.65625,4.6875,3.5625,3.0,2.25,2.15625,1.90625,31.71875,10.46875,22.3125,4.8125,2.125,1.8125,3.65625,3.3125,17.28125,13.5625,3.46875,3.21875,216.5,23.40625,392.875,13,0,4,0,4,5,1,0,1,0,1,2,1,0,172.72,177.8,145.0,0.008056640625,0.53125,0.5197802734375,0.33527587890625,0.39208740234375,0.144775390625,0.138916015625,0.379150390625,0.13720703125,0.0,49.640625,26.654541015625,46.838623046875,16.754150390625,50.8359375,27.813720703125,53.341064453125,23.12744140625,1.002197265625,0.481201171875,0.5966796875,0.295166015625,33.966064453125,14.740478515625,40.80126953125,12.34130859375,4.53564453125,3.162353515625,2.611572265625,1.962646484375,11.138916015625,8.751708984375,3.42578125,2.4501953125,42.289306640625,20.970458984375,40.992919921875,12.999267578125,3.29248046875,2.657470703125,3.43408203125,1.80029296875,4.058837890625,3.026611328125,2.41162109375,1.95458984375,76.640380859375,38.8291015625,355.126220703125,28,1,4,0,4,9,4,0,0,0,3,3,3,0,172.72,180.34,145.0,27.0,36.0,0,0,1,0,0,0,0,0,0,0,0,0,0,0,0,1,0,0,0,0,1,0,0,0
Blue,True,0.03125,0.0,0.3869140625,0.3658203124999999,0.2933203125,0.125,0.03515625,0.09375,0.0,0.0703125,207.05078125,67.8359375,106.296875,37.90625,253.70703125,109.41015625,131.45703125,61.69921875,6.8828125,4.08984375,7.5,0.5,176.35546875,46.015625,102.04296875,35.109375,10.35546875,5.48046875,1.65234375,0.9453125,20.33984375,16.33984375,2.6015625,1.8515625,186.96484375,55.69921875,101.72265625,34.51171875,14.03125,7.87890625,3.234375,2.2109375,6.0546875,4.2578125,1.33984375,1.18359375,337.34375,18.7734375,866.71875,23,0,3,0,5,8,1,0,0,0,4,2,2,0,180.34,182.88,170.0,0.0031929016113281,1.1920928955078125e-07,0.6150031840801239,0.3655954563617706,0.1770556569099426,0.1368330872058868,0.377947449684143,6.198883056640625e-05,1.1920928955078125e-07,2.384185791015625e-07,190.48279690742493,108.82553231716156,154.12913310527802,65.2101913690567,220.1603182554245,135.54947471618652,184.87039411067963,93.77333998680116,4.559740900993347,1.206000804901123,0.3797576427459717,0.1627389192581176,132.4658830165863,63.57032442092896,123.58117461204527,40.11114084720612,40.92862796783447,30.38361620903015,25.19372582435608,20.124619603157043,17.08828592300415,14.871591687202454,5.354232668876648,4.974430918693543,137.3895664215088,67.97376453876495,123.78926467895508,43.21028459072113,42.59134650230408,31.74020910263061,30.224608778953552,21.89516007900238,10.50188398361206,9.111558675765991,0.1152596473693847,0.1047466993331909,324.257563829422,161.16586983203888,1037.083487868309,64,3,0,2,5,17,7,0,0,0,10,4,3,0,172.72,177.8,155.0,30.0,33.0,0,0,0,0,0,0,0,0,0,1,0,0,0,0,0,1,0,0,0,0,0,0,1,0
Blue,False,0.25,0.5,0.4921875,0.4768749999999999,0.6912499999999999,0.03125,0.0,0.0,0.0,0.0,105.15625,50.6875,53.65625,23.71875,156.9375,96.125,69.28125,39.125,10.625,6.71875,0.21875,0.09375,92.84375,38.78125,45.71875,17.21875,7.0,6.6875,4.375,3.4375,5.3125,5.21875,3.5625,3.0625,67.03125,17.40625,46.59375,18.25,7.0625,6.09375,6.4375,4.90625,31.0625,27.1875,0.625,0.5625,387.09375,10.78125,716.625,14,0,0,1,3,4,2,0,0,0,2,1,0,1,193.04,203.2,265.0,0.236572265625,0.760498046875,0.4395068359375,0.4291943359375,0.033447265625,0.145322265625,0.0625,0.0009765625,0.0,0.0,23.844482421875,15.09375,48.3505859375,21.080810546875,27.05517578125,18.016845703125,68.0341796875,39.26220703125,0.697998046875,0.035400390625,0.84716796875,0.3134765625,14.37841796875,6.770263671875,37.177734375,13.116455078125,6.770263671875,5.803466796875,5.65966796875,3.313232421875,2.69580078125,2.52001953125,5.51318359375,4.651123046875,18.874267578125,10.6728515625,37.946533203125,13.65185546875,4.289794921875,3.931396484375,6.377197265625,4.35546875,0.680419921875,0.489501953125,4.02685546875,3.073486328125,50.81396484375,74.1015625,410.901123046875,25,1,1,0,4,8,5,0,1,0,2,5,0,0,193.04,203.2,265.0,27.0,38.0,0,0,0,0,1,0,0,0,0,0,0,0,0,0,0,1,0,0,0,0,1,0,0,0
Red,False,0.72265625,0.0,0.4741015625,0.359375,0.169375,0.02673828125,0.0,0.015625,0.0,0.0,87.90625,42.14453125,128.314453125,46.166015625,111.169921875,64.50390625,136.119140625,52.634765625,5.17578125,1.3828125,1.5859375,0.203125,58.50390625,21.654296875,91.748046875,24.37109375,14.611328125,9.0546875,24.3125,12.7109375,14.791015625,11.435546875,12.25390625,9.083984375,71.189453125,30.23828125,120.318359375,41.22265625,10.3671875,7.59375,3.96875,2.43359375,6.349609375,4.3125,4.02734375,2.509765625,109.84765625,37.515625,907.056640625,30,2,8,0,8,9,1,0,0,1,1,7,0,0,182.88,185.42,185.0,0.40771484375,0.00244140625,0.4230224609375,0.3922265625,0.02392578125,0.19271484375,0.0,0.00048828125,0.0,0.0390625,162.95849609375,63.478515625,80.98828125,34.54296875,176.876953125,75.84619140625,117.2734375,69.81494140625,0.08251953125,0.04345703125,10.45068359375,2.25146484375,125.96826171875,43.63720703125,55.98828125,16.91064453125,30.40576171875,14.39794921875,11.94970703125,7.529296875,6.58447265625,5.443359375,13.05029296875,10.10302734375,139.32861328125,49.2861328125,73.8740234375,28.71875,9.123046875,5.1689453125,4.99609375,3.7548828125,14.5068359375,9.0234375,2.1181640625,2.0693359375,64.806640625,180.9892578125,1002.13720703125,30,2,2,0,8,10,2,0,0,0,5,5,0,0,182.88,185.42,185.0,41.0,27.0,0,0,0,0,0,0,0,1,0,0,0,0,0,0,0,0,0,1,0,0,1,0,0,0
Red,False,0.015625,0.0,0.45,0.4275,0.25,0.2,0.148468017578125,0.098388671875,0.0,0.0,66.5,29.6875,64.31230545043945,27.34375,89.75,48.0,85.53125,44.41152191162109,2.0,0.75,2.0546875,0.75,51.1875,18.3359375,49.6123046875,16.280410766601562,7.5,5.07647705078125,7.5,5.0,4.5,3.625,4.984375,3.9375,48.6875,17.0,47.11572265625,16.5,5.75,3.75,5.3125,3.4375,5.0625,3.5,3.875,2.5,99.2119140625,94.125,638.5,0,0,0,0,0,0,0,0,0,0,0,0,0,0,182.88,182.88,145.0,0.265625,0.0,0.30890625,0.43390625,0.0234375,0.033125,0.0,0.0625,0.0,0.0,170.984375,44.5390625,164.0,80.21875,181.96875,53.703125,184.703125,99.1953125,1.1484375,0.0234375,0.8984375,0.25,136.9921875,24.390625,116.125,43.5859375,17.8046875,10.25,27.359375,20.8671875,16.1875,9.8984375,20.515625,15.765625,165.9296875,40.984375,149.2421875,67.015625,4.4765625,3.2578125,14.0,12.6953125,0.578125,0.296875,0.7578125,0.5078125,173.4296875,49.8984375,1262.234375,31,4,3,0,3,4,4,0,0,1,1,2,0,0,172.72,175.26,135.0,28.0,36.0,0,0,0,0,0,0,0,0,0,0,0,1,0,0,0,1,0,0,0,0,0,0,1,0
Blue,False,0.0,0.5,0.235,0.625,0.0,0.0,0.0,0.0,0.0,0.0,55.0,20.0,68.0,36.5,57.0,22.0,69.5,38.0,3.5,0.0,0.0,0.0,46.5,13.0,63.0,33.0,5.5,4.5,4.0,2.5,3.0,2.5,1.0,1.0,51.5,17.0,59.0,30.5,3.5,3.0,7.0,4.5,0.0,0.0,2.0,1.5,90.0,10.0,294.5,3,0,0,2,0,0,2,0,0,0,0,0,0,0,190.5,203.2,250.0,0.0,1.0,0.475,0.525,0.0,0.0,0.0,0.0,0.0,0.0,51.0,23.0,133.5,62.5,55.5,27.5,135.5,64.5,1.0,0.0,1.0,0.0,45.0,17.0,108.5,41.5,5.0,5.0,8.0,7.0,1.0,1.0,17.0,14.0,41.5,16.0,107.5,44.5,8.5,7.0,12.0,8.0,1.0,0.0,14.0,10.0,19.0,66.0,395.5,3,0,0,2,0,0,2,0,0,0,0,0,0,0,180.34,193.04,205.0,39.0,36.0,0,0,0,0,1,0,0,0,0,0,0,0,0,0,0,1,0,0,0,0,1,0,0,0
Blue,False,0.4375,1.0,0.4234375,0.60046875,0.17125,0.21140625,0.09375,0.015625,0.140625,0.5,61.71875,24.875,96.078125,56.96875,66.5,28.890625,119.4375,78.171875,1.953125,0.53125,2.484375,0.953125,54.71875,19.78125,67.859375,31.703125,5.25,3.671875,14.875,13.078125,1.75,1.421875,13.34375,12.1875,54.125,19.234375,54.421875,26.203125,4.703125,3.671875,8.015625,4.65625,2.890625,1.96875,33.640625,26.109375,38.171875,193.90625,549.375,17,0,0,1,3,4,3,0,0,0,1,3,0,0,193.04,193.04,205.0,3.528594970703125e-05,0.1258544921875,0.3901568746566772,0.4063907623291015,0.2074442529678344,0.0133795261383056,0.0,0.0009932518005371,0.001953125,0.0,69.60960102081299,25.95910882949829,106.54332542419434,44.06942558288574,80.41776752471924,34.90449666976929,119.02782869338988,55.03877830505371,5.448647975921631,1.299510478973389,2.433481216430664,0.0713510513305664,58.65801095962525,18.135834217071533,92.22443151474,32.41513633728027,8.67836618423462,5.582094192504883,12.391904830932615,9.929235935211182,2.273223876953125,2.241180419921875,1.9269890785217283,1.725053310394287,63.611878395080566,21.710750579833984,86.41446161270142,28.976125240325928,5.142771720886231,3.6556496620178223,19.72734403610229,14.946545600891112,0.8549509048461914,0.5927085876464844,0.401519775390625,0.1467547416687011,151.7565598487854,11.192423820495604,783.6718635559082,61,4,5,0,5,14,8,0,1,4,3,6,0,0,182.88,190.5,205.0,29.0,38.0,0,0,0,0,0,1,0,0,0,0,0,0,0,0,0,1,0,0,0,0,1,0,0,0
Blue,False,0.0,0.0,0.3,0.35,0.07,0.0,0.0,0.0,0.0,0.0,113.0,35.0,201.0,72.0,116.0,36.0,216.0,87.0,13.0,1.0,0.0,0.0,78.0,15.0,184.0,60.0,17.0,6.0,16.0,11.0,18.0,14.0,1.0,1.0,102.0,33.0,184.0,61.0,11.0,2.0,14.0,8.0,0.0,0.0,3.0,3.0,76.0,44.0,900.0,3,0,0,1,0,0,1,0,0,0,0,0,0,0,170.18,180.34,145.0,0.0,0.0,0.495,0.635,0.64,0.375,1.0,1.5,0.5,1.5,73.0,37.5,49.5,32.5,102.0,63.5,133.0,90.0,5.0,2.5,5.0,2.0,48.0,20.0,43.0,27.0,14.0,9.0,5.0,4.0,11.0,8.5,1.5,1.5,37.5,11.5,28.0,15.0,24.5,18.0,6.0,4.5,11.0,8.0,15.5,13.0,208.0,398.5,731.0,5,0,0,2,0,0,2,0,0,0,0,0,0,0,177.8,175.26,145.0,26.0,28.0,0,0,1,0,0,0,0,0,0,0,0,0,0,0,0,1,0,0,0,0,1,0,0,0
Blue,False,0.0078277587890625,0.000244140625,0.4850688552856445,0.6665823745727539,0.7655358123779297,0.1287876892089843,1.5652427673339844,0.1954803466796875,0.500030517578125,0.4375,17.564952850341797,8.935653686523438,34.17724609375,22.12740707397461,25.80809783935547,16.495128631591797,40.43052291870117,28.13697052001953,3.047740936279297,2.056114196777344,0.2156982421875,0.1486015319824218,11.133991241455078,4.784252166748047,27.981857299804688,17.2554931640625,3.33755874633789,1.825244903564453,4.951835632324219,3.649066925048828,3.093402862548828,2.326156616210937,1.2435531616210938,1.2228469848632812,10.050861358642578,4.869453430175781,10.035205841064451,5.367458343505859,2.595226287841797,1.6686553955078125,2.267436981201172,2.1285858154296875,4.918865203857422,2.397544860839844,21.87460327148437,14.631362915039062,160.49114990234375,184.50762939453125,427.4318542480469,36,0,2,0,4,10,9,0,0,0,1,0,9,0,177.8,187.96,155.0,0.6328134536743164,0.1294174194335937,0.4898693412542343,0.2312597411870956,0.1455508953332901,0.0085528421401977,0.0334824323654174,0.0931490659713745,0.000244140625,9.5367431640625e-07,71.17390793561935,31.260871589183807,42.86113256216049,13.537615418434145,108.64655750989914,60.63148081302643,45.31943565607071,15.635744154453278,3.3195817470550537,0.7820977568626404,0.1805334091186523,0.0528204441070556,62.43358016014099,24.381401777267456,39.57608193159104,10.93275821208954,4.978521049022675,3.4576122164726257,2.4134143590927124,1.8175314664840696,3.761806726455689,3.4218575954437256,0.8716362714767456,0.7873257398605347,40.36526870727539,12.281747877597809,40.83578532934189,12.09227728843689,1.821921944618225,1.2677662372589111,1.821390450000763,1.251231670379639,28.98671728372574,17.711357474327087,0.2039567828178405,0.1941064596176147,196.64853757619855,13.696128129959106,420.0378061532974,66,0,1,0,4,14,11,0,0,3,5,2,4,0,170.18,177.8,155.0,28.0,36.0,0,0,0,0,0,0,1,0,0,0,0,0,0,0,0,1,0,0,0,0,1,0,0,0
Blue,False,0.03125,0.025390625,0.29787109375,0.3600390625,0.1680468749999999,0.4796484374999999,0.021484375,0.033203125,0.064453125,0.033203125,142.7734375,44.15234375,109.5390625,37.7890625,155.90625,56.12109375,154.712890625,72.560546875,1.81640625,0.490234375,5.720703125,2.732421875,129.1015625,34.52734375,86.537109375,21.2421875,7.61328125,4.861328125,13.947265625,9.498046875,6.05859375,4.763671875,9.0546875,7.048828125,135.904296875,40.572265625,90.052734375,24.30859375,2.36328125,1.662109375,3.982421875,2.8046875,4.505859375,1.91796875,15.50390625,10.67578125,45.7265625,443.396484375,1042.052734375,31,0,1,0,4,7,3,0,0,0,7,0,0,0,167.64,175.26,125.0,0.008056640625,0.5078125,0.327774658203125,0.3647546386718749,0.063912353515625,0.14548828125,0.016845703125,0.0,0.015625,0.0,197.949462890625,64.331787109375,146.7515869140625,52.0928955078125,206.06201171875,71.8126220703125,150.511962890625,55.5550537109375,0.6060791015625,0.3172607421875,9.411376953125,1.61279296875,151.533935546875,39.052978515625,111.435302734375,25.327392578125,30.4371337890625,16.8990478515625,24.4945068359375,17.74462890625,15.9783935546875,8.3797607421875,10.82177734375,9.0208740234375,183.645751953125,55.318359375,131.980224609375,44.103515625,12.1214599609375,7.2967529296875,14.38427734375,7.6995849609375,2.1822509765625,1.7166748046875,0.3870849609375,0.289794921875,50.103759765625,33.9759521484375,880.539794921875,36,2,3,0,6,12,2,0,0,1,7,3,1,0,162.56,165.1,125.0,24.0,33.0,0,0,0,1,0,0,0,0,0,0,0,0,0,0,0,1,0,0,0,0,0,0,1,0
Blue,False,0.0003662109375,1.84423828125,0.37516845703125,0.5079931640625001,0.0626220703125,0.088310546875,0.020263671875,0.063232421875,0.0,0.0626220703125,82.4039306640625,31.4163818359375,126.54345703125,63.046875,92.4241943359375,39.7115478515625,132.6865234375,68.5643310546875,0.0650634765625,0.0626220703125,0.5340576171875,0.2271728515625,59.14111328125,17.806884765625,100.1719970703125,43.8150634765625,18.2601318359375,10.3572998046875,11.07421875,6.782470703125,5.002685546875,3.252197265625,15.2972412109375,12.4493408203125,70.3619384765625,24.262451171875,100.0775146484375,47.7188720703125,9.8360595703125,5.549560546875,17.6395263671875,9.9747314453125,2.2059326171875,1.6043701171875,8.826416015625,5.353271484375,7.9586181640625,76.2015380859375,513.139892578125,29,0,3,0,3,8,6,0,0,1,2,2,3,0,187.96,195.58,170.0,0.2826957702636719,1.066650390625,0.408505744934082,0.5115251159667968,0.1363615798950195,0.0167206573486328,0.0156364440917968,0.0078582763671875,1.1444091796875e-05,0.0117416381835937,40.75701904296875,16.407909393310547,56.50733184814453,29.50060272216797,44.52829360961914,19.96445083618164,60.250823974609375,32.882938385009766,2.55975341796875,0.5189323425292969,0.3979835510253906,0.0546913146972656,34.89955139160156,12.54241943359375,36.84835433959961,15.021003723144531,4.429862976074219,2.973224639892578,9.655723571777344,5.486846923828125,1.4276046752929688,0.8922653198242188,10.003253936767578,8.992752075195312,32.975643157958984,11.30942153930664,46.789794921875,22.708892822265625,5.381446838378906,3.3327865600585938,7.017406463623047,4.9864349365234375,2.39992904663086,1.7657012939453125,2.7001304626464844,1.8052749633789065,24.06768798828125,25.949745178222656,338.32373046875,39,0,0,1,6,10,9,0,0,1,2,5,1,1,175.26,180.34,170.0,35.0,33.0,0,0,0,0,0,0,0,0,0,1,0,0,0,0,0,1,0,0,0,0,1,0,0,0
Blue,False,1.0,0.25,0.4075,0.3299999999999999,0.125,0.125,0.25,0.0,0.0,0.0,77.25,25.75,64.75,23.0,78.75,27.25,65.75,24.0,1.0,0.25,1.25,0.5,57.75,12.0,48.0,11.75,11.25,7.75,8.25,5.25,8.25,6.0,8.5,6.0,76.0,24.75,62.25,22.0,0.25,0.0,1.25,0.75,1.0,1.0,1.25,0.25,22.75,6.75,483.5,7,0,0,1,2,2,1,0,0,1,0,1,0,0,167.64,170.18,135.0,1.0625,0.0,0.4125,0.365,0.2275,0.0,0.0,0.0,0.0,0.0,149.0,61.0625,137.25,51.3125,154.875,66.3125,137.8125,51.875,3.9375,1.375,1.4375,0.0,106.6875,31.8125,101.375,25.1875,24.5625,13.625,17.875,11.0,17.75,15.625,18.0,15.125,137.875,52.625,132.125,47.3125,8.6875,6.375,5.125,4.0,2.4375,2.0625,0.0,0.0,70.125,8.6875,849.3125,13,0,5,0,5,5,0,0,0,1,3,1,0,0,162.56,172.72,135.0,30.0,28.0,1,0,0,0,0,0,0,0,0,0,0,0,0,0,0,1,0,0,0,0,1,0,0,0
Blue,False,0.25,0.0,0.42875,0.41,0.36,0.39,0.0,0.0,0.0,0.0,131.875,56.5,93.0,41.125,147.0,67.625,103.375,50.5,3.5,1.125,4.25,1.25,82.5,22.625,68.25,20.75,25.375,13.25,15.0,12.125,24.0,20.625,9.75,8.25,121.625,49.25,82.875,35.125,9.125,6.25,9.5,5.375,1.125,1.0,0.625,0.625,40.875,15.0,771.375,10,0,4,0,4,4,0,0,0,0,2,2,0,0,175.26,185.42,155.0,0.00390625,0.0314102172851562,0.4517659378051757,0.6268033981323242,0.1481328582763671,0.5516046524047852,1.0324211120605469,0.5908012390136719,0.5,0.0158729553222656,69.49315643310547,31.30298614501953,69.60052490234375,43.77250671386719,88.34253692626953,48.093997955322266,92.62042236328124,62.22473907470703,3.3279037475585938,0.9780731201171876,3.939296722412109,2.483295440673828,49.38239288330078,16.186016082763672,60.86671829223633,36.27436065673828,10.268451690673828,7.538993835449219,4.231410980224609,3.761528015136719,9.84231185913086,7.577976226806641,4.5023956298828125,3.736618041992188,54.88239669799805,19.668289184570312,53.71379852294922,30.15522003173828,9.911678314208984,7.418556213378906,6.135135650634766,4.951789855957031,4.6990814208984375,4.2161407470703125,9.751590728759766,8.665496826171875,115.44916152954102,227.002197265625,611.562255859375,51,0,1,0,4,12,7,0,0,2,6,2,2,0,172.72,172.72,145.0,29.0,33.0,0,0,0,0,0,0,1,0,0,0,0,0,0,0,0,0,0,1,0,0,1,0,0,0
Red,False,0.0,0.0,0.3425,0.36,0.6174999999999999,0.05,0.0,1.0,0.0,0.0,167.1875,56.75,180.0,61.0,217.6875,100.0,200.6875,79.5625,2.9375,1.5,1.5625,0.4375,150.3125,42.8125,156.75,43.125,5.6875,3.9375,11.0,7.0,11.1875,10.0,12.25,10.875,152.6875,44.3125,174.1875,57.1875,5.1875,4.5,4.5625,2.9375,9.3125,7.9375,1.25,0.875,265.5,65.6875,899.375,15,0,0,2,1,2,3,0,0,1,0,1,0,0,165.1,170.18,125.0,0.0471682548522949,0.0,0.45,0.4217682266235352,0.25,0.19173828125,0.1875,0.125,0.0,0.0,69.5,30.5,66.984375,27.8466796875,94.0,48.544921875,88.50390625,44.75,2.0,0.8125,2.015625,0.6640625,54.0,19.01513671875,51.483436584472656,16.9437255859375,7.91796875,5.430633544921875,7.75,5.0625,4.780975341796875,3.9373779296875,4.8994140625,3.84375,51.025390625,18.400863647460938,50.515625,17.5,5.75,3.75,5.5,3.5,5.375,3.6875,4.0,2.65625,104.865234375,89.5,655.8441009521484,0,0,0,0,0,0,0,0,0,0,0,0,0,0,162.56,170.18,135.0,34.0,33.0,0,0,0,0,0,0,0,0,0,0,0,0,1,0,0,1,0,0,0,0,1,0,0,0
Blue,False,1.016357421875,0.0,0.465718994140625,0.551864013671875,0.5,0.08320556640625,0.00390625,0.0,0.0,0.0,49.2923583984375,21.60546875,45.286865234375,23.9925537109375,61.9852294921875,33.60107421875,62.0692138671875,40.41748046875,0.5625,0.5,3.7908935546875,0.593994140625,35.6553955078125,10.5338134765625,30.0609130859375,11.351806640625,5.7266845703125,5.053955078125,7.1046142578125,4.8155517578125,7.9102783203125,6.0177001953125,8.121337890625,7.8251953125,39.4705810546875,13.9732666015625,36.917236328125,17.9039306640625,8.8544921875,7.2470703125,8.36767578125,6.087646484375,0.96728515625,0.3851318359375,0.001953125,0.0009765625,57.853759765625,115.059814453125,574.82666015625,29,0,0,1,4,9,5,0,0,1,2,5,1,0,187.96,190.5,205.0,0.07861328125,0.259765625,0.370595703125,0.5146630859375,0.008544921875,0.1128125,0.0,0.00390625,0.0,0.0,183.412109375,67.40478515625,143.70703125,74.5888671875,188.1533203125,71.82421875,145.6865234375,76.43359375,0.18017578125,0.01123046875,3.65771484375,0.59375,166.00537109375,55.111328125,112.45654296875,48.40478515625,11.041015625,7.0771484375,17.85791015625,13.451171875,6.36572265625,5.21630859375,13.392578125,12.73291015625,179.12255859375,64.66943359375,137.56640625,71.05712890625,1.77197265625,0.8466796875,5.951171875,3.43701171875,2.517578125,1.888671875,0.189453125,0.0947265625,3.29296875,56.96875,826.91357421875,31,0,0,1,2,6,6,0,0,2,0,4,0,0,190.5,193.04,230.0,32.0,32.0,0,0,0,0,0,1,0,0,0,0,0,0,0,0,0,0,0,1,0,0,1,0,0,0
Red,False,0.0,0.0,0.6,0.275,0.75,0.0,0.0,0.0,0.0,0.0,71.0,28.0,84.0,46.0,83.0,39.5,88.5,50.0,1.5,1.0,0.0,0.0,59.0,19.0,56.0,25.0,8.5,6.5,20.0,14.5,3.5,2.5,8.0,6.5,62.5,22.0,71.5,37.0,6.5,4.0,12.5,9.0,2.0,2.0,0.0,0.0,33.0,36.5,462.0,4,0,0,1,1,1,1,0,0,0,0,1,0,0,200.66,208.28,245.0,0.2109375,0.00390625,0.3883203125,0.1620703125,0.5,0.257265625,0.03125,0.25,0.0,0.0,33.515625,16.88671875,19.27734375,5.234375,41.61328125,23.953125,23.375,8.6953125,0.56640625,0.5,0.546875,0.29296875,27.36328125,13.2734375,15.0625,2.6796875,5.4921875,3.015625,2.30078125,1.4609375,0.66015625,0.59765625,1.9140625,1.09375,20.0859375,6.37890625,17.86328125,4.33984375,1.3671875,0.9140625,1.14453125,0.78125,12.0625,9.59375,0.26953125,0.11328125,99.546875,11.37109375,232.93359375,15,0,0,3,2,3,6,0,0,0,0,3,0,0,195.58,195.58,250.0,27.0,34.0,0,0,0,0,1,0,0,0,0,0,0,0,0,0,0,1,0,0,0,0,0,0,1,0
Red,False,0.0,1.0,0.53,0.53,0.0,0.33,0.0,2.0,0.0,0.0,129.0,69.0,174.0,93.0,139.0,78.0,243.0,153.0,2.0,0.0,3.0,1.0,99.0,44.0,139.0,69.0,8.0,8.0,29.0,18.0,22.0,17.0,6.0,6.0,102.0,50.0,118.0,49.0,18.0,12.0,8.0,6.0,9.0,7.0,48.0,38.0,150.0,353.0,900.0,3,0,0,1,0,0,1,0,0,0,0,0,0,0,165.1,175.26,145.0,0.0,0.0,0.35,0.3,0.0,0.07,0.0,0.0,0.0,0.0,201.0,72.0,113.0,35.0,216.0,87.0,116.0,36.0,0.0,0.0,13.0,1.0,184.0,60.0,78.0,15.0,16.0,11.0,17.0,6.0,1.0,1.0,18.0,14.0,184.0,61.0,102.0,33.0,14.0,8.0,11.0,2.0,3.0,3.0,0.0,0.0,44.0,76.0,900.0,3,0,1,0,1,1,0,0,0,0,1,0,0,0,170.18,177.8,145.0,30.0,28.0,0,0,1,0,0,0,0,0,0,0,0,0,0,0,0,1,0,0,0,0,0,0,1,0
Red,False,0.25,0.0,0.38125,0.436875,0.25625,0.051875,0.0625,0.125,0.0,0.0,121.9375,44.625,79.3125,34.3125,131.375,53.25,85.9375,40.6875,4.125,2.0,0.375,0.3125,86.9375,19.25,63.625,22.75,14.1875,10.5625,10.9375,7.5,20.8125,14.8125,4.75,4.0625,104.5625,30.875,72.9375,29.8125,11.3125,9.5625,4.25,2.875,6.0625,4.1875,2.125,1.625,129.9375,9.25,681.4375,11,0,0,1,4,4,1,0,0,0,3,1,0,0,177.8,182.88,155.0,0.375,0.0,0.53125,0.4499999999999999,0.4475,0.0,0.25,0.0,0.0,0.0,54.25,28.125,32.625,14.875,72.875,44.25,38.25,19.625,4.875,2.125,0.0,0.0,50.5,25.5,29.25,12.375,1.875,0.75,2.875,2.0,1.875,1.875,0.5,0.5,26.75,8.875,26.625,9.875,2.625,1.125,5.375,4.625,24.875,18.125,0.625,0.375,281.625,0.375,365.875,7,0,4,0,4,4,0,0,0,0,1,2,1,0,170.18,180.34,155.0,35.0,31.0,0,0,0,0,0,0,1,0,0,0,0,0,0,0,0,1,0,0,0,0,1,0,0,0
Blue,False,0.015625,0.0,0.45,0.4275,0.25,0.2,0.148468017578125,0.098388671875,0.0,0.0,66.5,29.6875,64.31230545043945,27.34375,89.75,48.0,85.53125,44.41152191162109,2.0,0.75,2.0546875,0.75,51.1875,18.3359375,49.6123046875,16.280410766601562,7.5,5.07647705078125,7.5,5.0,4.5,3.625,4.984375,3.9375,48.6875,17.0,47.11572265625,16.5,5.75,3.75,5.3125,3.4375,5.0625,3.5,3.875,2.5,99.2119140625,94.125,638.5,0,0,0,0,0,0,0,0,0,0,0,0,0,0,162.56,165.1,125.0,0.0,0.0,0.4499999999999999,0.37,0.625,0.375,0.5,3.0,0.0,0.0,66.0,28.5,67.5,25.0,99.5,57.0,87.5,43.5,9.5,6.0,3.0,1.0,56.0,20.5,55.0,17.5,7.0,5.5,12.5,7.5,3.0,2.5,0.0,0.0,46.5,13.0,56.5,15.5,6.5,4.5,5.0,4.0,13.0,11.0,6.0,5.5,333.5,51.5,900.0,6,0,1,0,1,1,1,0,0,1,0,0,0,0,160.02,157.48,125.0,25.0,25.0,0,0,0,1,0,0,0,0,0,0,0,0,0,0,0,1,0,0,0,0,0,0,0,1
Red,False,6.866455078125e-05,0.5083010196685791,0.4550498513877392,0.3295880143344402,0.2137441544234752,0.1262945306301117,0.2540395855903625,0.2549138218164444,2.9802322387695312e-08,1.4901161193847656e-08,18.53281942009926,6.3068579733371735,23.42972357571125,8.488034904003143,20.733518093824387,8.266138479113579,27.420633360743523,12.247205182909966,1.7408118396997452,0.8607258945703506,0.8239532560110092,0.1289389431476593,15.293674319982529,4.327156290411949,16.089826852083206,4.050634562969208,1.6969850212335589,0.6406818777322769,4.947626248002052,2.9671870470047,1.542160078883171,1.3390198051929474,2.392270475625992,1.4702132940292358,15.894107282161713,4.159161269664764,18.138007774949077,5.578819438815117,1.5920764207839966,1.2084788084030151,3.1678570806980133,1.9543119817972183,1.0466357171535492,0.939217895269394,2.123858720064163,0.954903483390808,46.40677872300148,16.813132718205452,182.00586514174935,64,0,0,1,3,16,11,0,0,5,6,1,4,0,177.8,180.34,155.0,0.0,0.0,0.4875,0.3975,0.5,0.2525,0.0,1.5,0.0,0.0,89.25,42.5,98.5,36.75,103.0,54.75,116.25,54.5,4.0,2.0,7.0,2.25,66.25,22.75,73.25,19.75,11.75,9.75,14.75,8.0,11.25,10.0,10.5,9.0,76.75,33.25,85.75,26.5,11.75,8.5,5.75,3.75,0.75,0.75,7.0,6.5,95.75,133.75,900.0,9,0,1,0,1,1,2,0,0,1,0,0,0,0,177.8,185.42,155.0,34.0,28.0,0,0,0,0,0,0,1,0,0,0,0,0,0,0,0,0,0,1,0,0,0,0,1,0
Red,False,0.015625,0.0,0.45,0.4275,0.25,0.2,0.148468017578125,0.098388671875,0.0,0.0,66.5,29.6875,64.31230545043945,27.34375,89.75,48.0,85.53125,44.41152191162109,2.0,0.75,2.0546875,0.75,51.1875,18.3359375,49.6123046875,16.280410766601562,7.5,5.07647705078125,7.5,5.0,4.5,3.625,4.984375,3.9375,48.6875,17.0,47.11572265625,16.5,5.75,3.75,5.3125,3.4375,5.0625,3.5,3.875,2.5,99.2119140625,94.125,638.5,0,0,0,0,0,0,0,0,0,0,0,0,0,0,187.96,190.5,170.0,0.0,0.15625,0.396875,0.436875,0.26375,0.04,0.0,0.25,0.0,0.375,168.5,68.78125,161.625,66.34375,204.65625,98.125,168.34375,72.96875,6.5,1.90625,2.0,0.25,144.09375,50.4375,116.78125,32.125,14.21875,9.09375,25.75,17.84375,10.1875,9.25,19.09375,16.375,158.59375,62.25,158.21875,64.1875,4.8125,3.40625,1.5625,1.03125,5.09375,3.125,1.84375,1.125,170.4375,15.46875,847.40625,16,0,0,1,3,4,2,0,0,1,2,1,0,0,180.34,182.88,170.0,31.0,29.0,0,0,0,0,0,0,0,0,0,1,0,0,0,0,0,0,0,1,0,0,1,0,0,0
Blue,False,0.015625,0.0,0.45,0.4275,0.25,0.2,0.148468017578125,0.098388671875,0.0,0.0,66.5,29.6875,64.31230545043945,27.34375,89.75,48.0,85.53125,44.41152191162109,2.0,0.75,2.0546875,0.75,51.1875,18.3359375,49.6123046875,16.280410766601562,7.5,5.07647705078125,7.5,5.0,4.5,3.625,4.984375,3.9375,48.6875,17.0,47.11572265625,16.5,5.75,3.75,5.3125,3.4375,5.0625,3.5,3.875,2.5,99.2119140625,94.125,638.5,0,0,0,0,0,0,0,0,0,0,0,0,0,0,167.64,175.26,140.0,0.3125,0.0,0.4596875,0.5625,0.0,0.6365625,0.53125,0.125,0.0,0.0,40.21875,18.15625,53.53125,30.125,41.1875,19.09375,66.96875,43.125,0.1875,0.0,1.8125,0.84375,28.78125,10.4375,47.875,26.59375,1.90625,0.40625,3.21875,1.9375,9.53125,7.3125,2.4375,1.59375,37.03125,15.46875,26.78125,7.53125,0.1875,0.1875,1.25,1.25,3.0,2.5,25.5,21.34375,8.125,73.34375,318.3125,12,0,0,1,2,3,3,0,0,0,1,2,0,0,170.18,180.34,135.0,25.0,39.0,1,0,0,0,0,0,0,0,0,0,0,0,0,0,0,1,0,0,0,0,1,0,0,0
Red,False,0.015625,0.0,0.45,0.4275,0.25,0.2,0.148468017578125,0.098388671875,0.0,0.0,66.5,29.6875,64.31230545043945,27.34375,89.75,48.0,85.53125,44.41152191162109,2.0,0.75,2.0546875,0.75,51.1875,18.3359375,49.6123046875,16.280410766601562,7.5,5.07647705078125,7.5,5.0,4.5,3.625,4.984375,3.9375,48.6875,17.0,47.11572265625,16.5,5.75,3.75,5.3125,3.4375,5.0625,3.5,3.875,2.5,99.2119140625,94.125,638.5,0,0,0,0,0,0,0,0,0,0,0,0,0,0,187.96,193.04,170.0,0.0001220703125,0.15625,0.3141665649414062,0.509153823852539,0.4828695678710937,0.137093276977539,0.3134765625,0.2542190551757812,0.0019607543945312,0.0159912109375,80.89006805419922,29.208084106445312,72.74454498291016,29.052230834960938,109.16576385498048,54.89097595214844,94.42933654785156,49.147064208984375,5.305290222167969,3.290374755859375,1.061920166015625,0.84588623046875,59.68345642089844,16.101577758789062,47.48931884765625,12.197601318359377,14.424209594726562,9.420387268066406,11.596717834472656,5.9544525146484375,6.782402038574219,3.686119079589844,13.65850830078125,10.900177001953123,67.10076904296875,18.538818359375,59.52861022949219,20.044464111328125,5.682487487792969,4.0274810791015625,6.26055908203125,3.5642166137695312,8.1068115234375,6.64178466796875,6.955375671386719,5.443550109863281,167.15581512451172,169.49361419677734,688.4164810180664,47,0,1,0,7,13,5,0,0,1,7,4,1,0,190.5,203.2,170.0,27.0,30.0,0,0,0,0,0,0,0,0,0,1,0,0,0,0,0,1,0,0,0,0,1,0,0,0
Blue,False,0.125,0.0,0.44625,0.48,0.4325,0.25,1.75,1.0,1.25,0.25,36.375,17.25,42.875,19.375,52.625,30.25,82.625,55.125,7.875,3.125,3.0,1.5,33.5,16.125,37.75,16.75,2.875,1.125,4.125,2.625,0.0,0.0,1.0,0.0,22.75,8.0,25.625,8.375,0.5,0.0,3.75,1.25,13.125,9.25,13.5,9.75,330.875,205.25,688.625,8,0,3,0,3,3,1,0,0,0,1,1,1,0,177.8,182.88,145.0,0.125,0.0,0.26265625,0.50625,0.2284375,0.28796875,0.765625,0.0,0.25,0.15625,128.765625,32.78125,128.28125,60.859375,135.03125,38.671875,134.703125,66.65625,5.6875,1.015625,1.28125,0.53125,113.1875,22.5,109.09375,45.734375,9.953125,6.609375,11.6875,8.40625,5.625,3.671875,7.5,6.71875,117.484375,25.796875,118.484375,54.109375,5.984375,2.84375,2.453125,1.875,5.296875,4.140625,7.34375,4.875,67.75,128.921875,689.6875,18,0,0,1,4,4,3,0,0,1,1,1,1,0,177.8,180.34,145.0,29.0,25.0,0,0,1,0,0,0,0,0,0,0,0,0,0,0,0,0,0,1,0,0,1,0,0,0
Red,False,0.0,0.0,0.29,0.4649999999999999,0.355,0.75,0.0,0.5,0.0,0.0,33.5,19.0,32.5,14.5,128.5,101.0,43.0,24.0,3.5,2.5,2.0,1.5,24.0,11.5,21.5,6.5,7.0,5.5,8.0,6.5,2.5,2.0,3.0,1.5,17.0,6.5,19.5,6.0,12.0,8.5,8.0,6.0,4.5,4.0,5.0,2.5,246.0,150.0,487.0,4,0,0,1,1,1,1,0,0,0,1,0,0,0,167.64,172.72,125.0,0.0,0.0,0.6074999999999999,0.5,0.035,0.75,0.0,0.0,0.0,0.0,73.75,44.0,112.75,58.75,85.75,55.0,147.25,88.25,2.0,0.25,1.5,1.0,38.5,14.5,90.5,41.0,26.75,21.75,21.0,16.5,8.5,7.75,1.25,1.25,37.0,15.0,65.5,26.5,34.75,27.75,24.25,19.25,2.0,1.25,23.0,13.0,176.0,204.5,563.75,7,0,0,1,1,1,2,0,0,0,1,0,0,0,170.18,165.1,135.0,29.0,36.0,0,0,0,0,0,0,0,0,0,0,1,0,0,0,0,0,0,1,0,0,1,0,0,0
Blue,False,0.0,0.0,0.495,0.48875,0.4175,0.3225,0.0,2.0,0.0,0.0,44.375,22.75,45.625,23.75,53.875,29.5,53.25,30.5,4.125,2.25,3.25,1.125,35.75,17.125,40.0,19.25,3.5,2.5,4.75,3.75,5.125,3.125,0.875,0.75,28.0,11.0,22.5,7.375,14.625,10.875,16.5,12.0,1.75,0.875,6.625,4.375,150.125,64.375,410.5,7,0,0,4,0,0,4,0,0,0,0,0,0,0,182.88,187.96,185.0,0.0,0.5,0.560625,0.4493749999999999,0.2975,0.25,0.6875,0.5625,0.0,0.5,23.4375,13.625,50.0,21.75,54.875,40.8125,63.6875,32.9375,3.75,0.9375,0.25,0.25,21.6875,12.4375,44.8125,17.8125,1.6875,1.125,4.9375,3.6875,0.0625,0.0625,0.25,0.25,14.3125,6.1875,44.125,17.25,0.875,0.6875,1.0,0.6875,8.25,6.75,4.875,3.8125,134.875,94.0625,389.3125,7,0,0,1,2,2,3,0,0,0,0,0,2,0,185.42,185.42,185.0,27.0,31.0,0,0,0,0,0,0,0,1,0,0,0,0,0,0,0,1,0,0,0,0,1,0,0,0
Blue,False,0.6875,0.0,0.4818749999999999,0.4443749999999999,0.3325,0.28125,0.0,0.125,0.0,0.0,65.9375,32.75,75.0625,25.625,66.625,33.3125,88.0,37.8125,0.9375,0.5,2.8125,0.625,60.5,28.0625,53.875,12.0625,2.125,1.625,7.625,4.125,3.3125,3.0625,13.5625,9.4375,49.3125,22.375,65.25,18.1875,6.9375,3.0625,6.9375,5.125,9.6875,7.3125,2.875,2.3125,73.5625,42.0625,548.5625,12,0,1,0,3,4,1,0,0,0,2,2,0,0,182.88,187.96,185.0,0.57861328125,0.390625,0.4015380859374999,0.356220703125,0.00759765625,0.250185546875,0.0,0.25048828125,0.00048828125,0.00048828125,154.44677734375,62.36279296875,131.56298828125,46.83203125,161.4453125,68.8642578125,143.4169921875,57.73974609375,0.1796875,0.021484375,1.89794921875,0.37744140625,118.8232421875,41.0400390625,85.52734375,20.203125,29.15771484375,15.92529296875,17.8125,9.87158203125,6.4658203125,5.3974609375,28.22314453125,16.75732421875,150.6318359375,60.72412109375,113.35693359375,33.40478515625,2.169921875,0.96435546875,8.94384765625,5.35693359375,1.64501953125,0.67431640625,9.26220703125,8.0703125,34.83837890625,69.55712890625,1127.14697265625,33,2,1,0,7,9,3,0,0,0,4,5,0,0,182.88,190.5,170.0,25.0,35.0,0,0,0,0,0,0,0,0,0,1,0,0,0,0,0,0,0,1,0,0,1,0,0,0
Red,False,0.0,0.0,0.4549999999999999,0.5900000000000001,0.21,0.8300000000000001,0.5,1.5,0.5,0.5,32.0,15.0,63.5,38.5,100.5,61.0,98.0,69.0,3.5,1.5,4.5,3.5,27.5,12.0,47.0,27.5,4.0,2.5,12.0,8.0,0.5,0.5,4.5,3.0,21.0,6.5,30.0,12.0,2.0,1.5,16.5,13.0,9.0,7.0,17.0,13.5,286.5,401.0,793.0,6,0,0,1,1,1,1,0,0,0,1,0,0,0,172.72,175.26,145.0,0.25,0.0,0.365,0.4125,0.5625,0.29,0.75,1.5,0.0,0.5,81.0,29.5,54.75,23.5,108.75,55.75,87.0,50.0,5.0,2.75,9.0,2.5,70.0,23.5,44.75,16.75,8.0,4.5,6.5,3.75,3.0,1.5,3.5,3.0,60.5,16.5,45.75,16.75,7.25,2.75,5.5,3.25,13.25,10.25,3.5,3.5,262.75,251.25,850.25,9,0,3,0,3,3,0,0,0,1,1,0,1,0,172.72,177.8,145.0,24.0,24.0,0,0,1,0,0,0,0,0,0,0,0,0,0,0,0,1,0,0,0,0,0,0,1,0
Red,False,0.5625,0.125,0.7750781250000001,0.287421875,0.33984375,0.072578125,0.0,0.046875,0.25,0.0,46.296875,26.359375,54.1796875,17.4765625,52.96875,32.6796875,59.8359375,22.2734375,0.78125,0.703125,1.4765625,0.328125,30.3359375,14.7265625,40.5234375,9.6640625,7.0546875,4.5546875,8.1015625,4.7265625,8.90625,7.078125,5.5546875,3.0859375,39.0234375,20.265625,48.125,13.609375,2.5390625,1.9375,4.5546875,3.1796875,4.734375,4.15625,1.5,0.6875,85.90625,34.90625,436.96875,20,0,3,0,3,6,2,0,0,1,3,2,0,0,185.42,187.96,170.0,0.0,0.0,0.4499999999999999,0.54,0.265,0.0,0.5,0.0,0.0,1.0,77.0,35.0,68.0,37.0,160.0,106.0,83.0,51.5,12.0,3.0,0.0,0.0,57.0,20.5,56.0,25.5,8.0,6.5,10.0,9.5,12.0,8.0,2.0,2.0,56.5,24.5,59.5,29.5,4.5,2.0,6.0,5.0,16.0,8.5,2.5,2.5,373.0,82.5,900.0,6,0,2,0,2,2,0,0,0,1,1,0,0,0,180.34,180.34,170.0,36.0,35.0,0,0,0,0,0,0,0,0,0,1,0,0,0,0,0,1,0,0,0,0,0,0,1,0
Blue,False,0.25,0.0,0.4925,0.3525,0.0,0.125,0.25,0.25,0.25,0.25,100.875,45.125,115.875,41.25,116.5,59.25,122.25,47.0,1.75,0.0,2.875,0.75,73.875,26.875,98.0,27.625,22.5,14.75,11.125,8.375,4.5,3.5,6.75,5.25,90.5,38.0,107.25,35.625,4.75,3.75,5.625,3.625,5.625,3.375,3.0,2.0,109.625,78.0,746.875,8,0,3,0,3,3,1,0,0,0,1,2,0,0,190.5,185.42,185.0,0.0,0.2578125,0.335234375,0.46015625,0.210390625,0.0391015625,0.50390625,0.0,0.0,0.5,97.1328125,35.4296875,160.046875,73.70703125,111.47265625,47.9609375,168.79296875,81.25,4.9921875,1.33203125,0.8046875,0.19140625,90.48046875,30.875,103.0546875,36.17578125,4.87109375,2.8046875,29.5703125,18.65625,1.78125,1.75,27.421875,18.875,75.8203125,23.046875,149.03515625,64.4140625,18.99609375,10.89453125,9.76171875,8.08984375,2.31640625,1.48828125,1.25,1.203125,65.49609375,37.7578125,678.50390625,21,0,2,0,4,6,3,0,0,1,3,1,1,0,182.88,177.8,185.0,26.0,40.0,0,0,0,0,0,0,0,1,0,0,0,0,0,0,0,0,0,1,0,0,0,0,1,0
Blue,False,0.015625,0.0,0.45,0.4275,0.25,0.2,0.148468017578125,0.098388671875,0.0,0.0,66.5,29.6875,64.31230545043945,27.34375,89.75,48.0,85.53125,44.41152191162109,2.0,0.75,2.0546875,0.75,51.1875,18.3359375,49.6123046875,16.280410766601562,7.5,5.07647705078125,7.5,5.0,4.5,3.625,4.984375,3.9375,48.6875,17.0,47.11572265625,16.5,5.75,3.75,5.3125,3.4375,5.0625,3.5,3.875,2.5,99.2119140625,94.125,638.5,0,0,0,0,0,0,0,0,0,0,0,0,0,0,180.34,190.5,170.0,0.25,0.140625,0.2199999999999999,0.56375,0.01875,0.68640625,0.59375,0.0625,0.0625,0.0,69.4375,28.609375,106.078125,51.96875,73.703125,32.546875,116.53125,62.078125,0.5,0.078125,2.40625,1.171875,51.421875,17.796875,85.546875,37.46875,9.65625,4.984375,11.71875,7.21875,8.359375,5.828125,8.8125,7.28125,64.453125,24.84375,76.609375,30.96875,3.890625,2.734375,4.234375,3.09375,1.09375,1.03125,25.234375,17.90625,61.0625,98.8125,535.828125,16,1,0,1,1,3,4,0,0,1,0,0,2,0,185.42,193.04,170.0,24.0,28.0,0,0,0,0,0,0,0,0,0,1,0,0,0,0,0,0,0,1,0,0,1,0,0,0
Red,False,0.015625,0.0,0.45,0.4275,0.25,0.2,0.148468017578125,0.098388671875,0.0,0.0,66.5,29.6875,64.31230545043945,27.34375,89.75,48.0,85.53125,44.41152191162109,2.0,0.75,2.0546875,0.75,51.1875,18.3359375,49.6123046875,16.280410766601562,7.5,5.07647705078125,7.5,5.0,4.5,3.625,4.984375,3.9375,48.6875,17.0,47.11572265625,16.5,5.75,3.75,5.3125,3.4375,5.0625,3.5,3.875,2.5,99.2119140625,94.125,638.5,0,0,0,0,0,0,0,0,0,0,0,0,0,0,162.56,157.48,125.0,0.0,0.0,0.33,0.6,1.0,0.0,1.0,0.0,0.0,1.0,6.0,2.0,15.0,9.0,8.0,4.0,20.0,13.0,1.0,1.0,0.0,0.0,6.0,2.0,13.0,7.0,0.0,0.0,0.0,0.0,0.0,0.0,2.0,2.0,6.0,2.0,12.0,6.0,0.0,0.0,2.0,2.0,0.0,0.0,1.0,1.0,49.0,33.0,132.0,1,0,1,0,1,1,0,0,0,0,0,0,1,0,165.1,160.02,125.0,28.0,23.0,0,0,0,0,0,0,0,0,0,0,0,0,1,0,0,1,0,0,0,0,1,0,0,0
Red,False,0.625,0.0390625,0.5802343750000001,0.48859375,0.395625,0.13359375,0.2890625,0.69140625,0.03125,0.0,80.6796875,44.4921875,69.59375,28.06640625,130.1015625,87.08984375,87.8046875,44.73046875,5.06640625,2.6015625,0.2890625,0.15234375,57.23046875,23.8984375,58.5859375,19.15625,14.2578125,13.66796875,8.82421875,6.9765625,9.19140625,6.92578125,2.18359375,1.93359375,39.26171875,14.015625,56.18359375,17.40234375,13.98828125,10.640625,12.05078125,9.9296875,27.4296875,19.8359375,1.359375,0.734375,561.125,19.69921875,866.1640625,23,0,0,1,2,5,4,0,0,1,4,0,0,0,190.5,190.5,185.0,0.0,0.0,0.4167187499999999,0.383203125,0.15734375,0.3096875,0.0,0.75,0.75,0.25,175.1484375,76.953125,89.0390625,33.7265625,198.21875,97.875,98.1171875,41.9765625,3.046875,0.984375,5.140625,1.703125,101.7890625,32.8046875,76.7890625,24.7890625,39.5625,20.9296875,8.0546875,5.7109375,33.796875,23.21875,4.1953125,3.2265625,158.828125,64.125,66.0234375,20.0625,14.1640625,11.1171875,22.953125,13.6015625,2.15625,1.7109375,0.0625,0.0625,136.4765625,84.1484375,891.9921875,22,1,3,0,3,6,2,0,0,0,4,2,0,0,185.42,190.5,185.0,37.0,29.0,0,0,0,0,0,0,0,1,0,0,0,0,0,0,0,1,0,0,0,0,1,0,0,0
Blue,False,0.5,0.0,0.69,0.495,0.5,0.125,0.5,0.0,0.0,0.0,22.0,14.5,4.5,2.5,29.0,20.0,4.5,2.5,0.5,0.5,2.5,0.5,19.0,11.5,4.5,2.5,2.0,2.0,0.0,0.0,1.0,1.0,0.0,0.0,7.5,5.0,3.5,1.5,0.0,0.0,0.5,0.5,14.5,9.5,0.5,0.5,66.5,30.0,124.0,2,0,2,0,2,2,0,0,0,0,0,1,1,0,193.04,195.58,205.0,0.03125,0.53125,0.4203125,0.3353125,0.25,0.578125,0.0,0.125,0.0,0.0,94.3125,41.46875,121.1875,38.59375,107.0,53.34375,145.59375,57.8125,0.375,0.25,3.40625,2.75,80.5625,33.0625,104.6875,27.875,6.375,2.59375,11.0,5.8125,7.375,5.8125,5.5,4.90625,80.125,31.40625,110.90625,33.6875,8.3125,5.6875,3.84375,1.53125,5.875,4.375,6.4375,3.375,32.75,187.46875,811.40625,14,0,0,1,2,3,3,0,0,0,1,2,0,0,180.34,195.58,185.0,28.0,34.0,0,0,0,0,0,1,0,0,0,0,0,0,0,0,0,0,0,1,0,0,0,0,0,1
Blue,False,0.0,0.0,0.75,0.405,0.9,0.0,0.5,1.5,0.0,0.5,62.5,43.5,13.5,7.0,120.0,91.0,55.5,36.5,4.0,3.5,0.0,0.0,47.5,30.0,11.0,5.5,8.0,7.5,2.0,1.0,7.0,6.0,0.5,0.5,16.0,6.0,9.0,4.0,2.0,1.5,1.5,1.0,44.5,36.0,3.0,2.0,463.5,16.0,561.5,4,1,2,0,2,2,0,0,0,0,1,0,1,0,165.1,167.64,115.0,0.0,0.0,0.415,0.3675,0.125,0.305,0.25,0.0,0.5,0.5,163.5,68.25,139.75,47.5,215.75,112.5,165.25,70.5,0.5,0.25,7.5,2.5,126.25,39.75,114.75,33.25,18.0,12.25,20.25,11.75,19.25,16.25,4.75,2.5,139.5,51.75,121.75,34.0,20.5,13.5,10.25,7.75,3.5,3.0,7.75,5.75,118.75,163.25,900.0,9,0,1,0,1,2,1,0,0,1,1,0,0,0,165.1,167.64,125.0,27.0,24.0,0,0,0,0,0,0,0,0,0,0,0,0,0,1,0,0,0,1,0,0,1,0,0,0
Blue,False,0.0,0.25,0.5125,0.345,0.5175,0.265,0.0,0.75,0.0,0.0,50.5,26.25,30.75,12.75,56.25,31.75,56.5,37.5,3.25,1.75,4.75,0.75,33.25,13.0,22.5,8.5,13.5,10.0,6.75,3.5,3.75,3.25,1.5,0.75,33.75,13.5,18.75,5.0,11.25,8.75,5.0,3.5,5.5,4.0,7.0,4.25,123.0,117.75,472.5,6,0,0,1,1,1,2,0,0,0,1,0,0,0,167.64,172.72,135.0,0.25,0.0,0.405,0.4825,0.915,0.4575,1.0,0.75,1.25,0.5,50.25,18.5,71.0,35.5,61.25,27.75,93.0,53.75,1.5,1.25,3.75,1.25,36.0,9.25,51.5,19.75,7.0,3.5,11.75,8.0,7.25,5.75,7.75,7.75,45.0,14.75,57.5,27.25,1.25,1.0,3.0,1.25,4.0,2.75,10.5,7.0,114.0,196.25,755.75,8,0,2,0,2,2,1,0,0,0,1,1,0,0,172.72,175.26,145.0,38.0,26.0,1,0,0,0,0,0,0,0,0,0,0,0,0,0,0,0,0,1,0,0,1,0,0,0
Blue,False,0.00390625,0.0,0.5287304687500001,0.5212109375,0.49861328125,0.2748046875,1.90625,0.0234375,0.03125,0.03125,67.2109375,33.990234375,50.873046875,23.828125,92.408203125,57.70703125,62.15625,34.505859375,7.134765625,3.3515625,3.423828125,1.599609375,50.208984375,22.646484375,33.470703125,8.197265625,11.822265625,6.712890625,10.830078125,9.83984375,5.1796875,4.630859375,6.572265625,5.791015625,47.85546875,17.662109375,41.029296875,16.150390625,7.6328125,5.734375,9.55078125,7.474609375,11.72265625,10.59375,0.29296875,0.203125,282.29296875,96.390625,746.75,28,0,0,1,6,8,2,0,0,2,4,0,2,0,167.64,170.18,170.0,0.09375,0.0,0.31984375,0.51828125,0.05859375,0.641484375,1.328125,0.03125,0.0078125,0.0078125,87.71875,27.3515625,56.6796875,27.3046875,93.1953125,32.5,58.09375,28.65625,0.875,0.2265625,1.1484375,0.7734375,77.296875,19.46875,42.953125,17.15625,5.8984375,3.5546875,7.390625,5.5625,4.5234375,4.328125,6.3359375,4.5859375,82.328125,23.859375,54.640625,25.9140625,3.5,2.1328125,1.515625,1.1796875,1.890625,1.359375,0.5234375,0.2109375,42.7265625,6.0390625,454.3359375,16,0,2,0,2,6,2,0,0,0,2,1,3,0,182.88,190.5,185.0,36.0,33.0,0,0,0,0,0,0,0,0,0,1,0,0,0,0,0,1,0,0,0,0,0,0,1,0
Blue,False,0.015625,0.0,0.45,0.4275,0.25,0.2,0.148468017578125,0.098388671875,0.0,0.0,66.5,29.6875,64.31230545043945,27.34375,89.75,48.0,85.53125,44.41152191162109,2.0,0.75,2.0546875,0.75,51.1875,18.3359375,49.6123046875,16.280410766601562,7.5,5.07647705078125,7.5,5.0,4.5,3.625,4.984375,3.9375,48.6875,17.0,47.11572265625,16.5,5.75,3.75,5.3125,3.4375,5.0625,3.5,3.875,2.5,99.2119140625,94.125,638.5,0,0,0,0,0,0,0,0,0,0,0,0,0,0,167.64,175.26,125.0,0.0,0.0,0.56,0.63,0.0,0.4,0.0,0.0,0.0,0.0,41.0,23.0,115.0,73.0,54.0,34.0,162.0,114.0,0.0,0.0,5.0,2.0,27.0,13.0,78.0,41.0,9.0,7.0,31.0,27.0,5.0,3.0,6.0,5.0,28.0,12.0,38.0,11.0,13.0,11.0,35.0,29.0,0.0,0.0,42.0,33.0,109.0,361.0,766.0,3,0,0,1,0,0,1,0,0,0,0,0,0,0,162.56,162.56,125.0,29.0,22.0,0,0,0,0,0,0,0,0,0,0,0,0,1,0,0,1,0,0,0,0,0,0,1,0
Blue,False,0.375,0.0,0.58921875,0.4215625,0.30859375,0.0,0.078125,1.0625,0.0,0.0,79.5,46.953125,59.21875,23.890625,125.8125,89.984375,92.21875,52.640625,11.234375,4.65625,0.0,0.0,56.3125,27.65625,49.859375,16.65625,12.40625,9.640625,7.03125,5.21875,10.78125,9.65625,2.328125,2.015625,41.328125,17.296875,48.953125,16.875,5.921875,5.21875,2.734375,2.484375,32.25,24.4375,7.53125,4.53125,507.328125,1.625,708.859375,18,1,7,0,7,7,0,0,0,0,5,1,1,0,182.88,193.04,170.0,0.001953125,0.2500011920928955,0.4388445256650448,0.3377904969453811,0.1279951101541519,0.0166639858484268,0.1571258008480072,0.0002518892288208,0.1406250596046447,0.0649452656507492,104.80492934584618,38.06948766112328,206.52668453752997,63.76707147061825,121.46265034377576,52.34107831120491,226.7294936031103,83.18334332108498,13.856532484292984,0.7322085350751877,0.0256424695253372,0.0182113796472549,102.10107725858688,36.623515859246254,183.29919585585597,46.3696815520525,1.3134785294532776,0.558602586388588,7.803133174777031,4.660599395632744,1.390373557806015,0.8873692154884338,15.424355506896973,12.736790522933006,97.62774786353113,32.45164370536804,195.0535723417997,56.734489142894745,3.070375725626945,2.317199796438217,5.03976309299469,3.003092885017395,4.106805756688118,3.3006441593170166,6.433349102735519,4.029489442706108,126.78660839796066,64.98930591344833,998.9933095425368,73,2,5,0,7,19,8,0,0,1,8,1,9,0,185.42,182.88,170.0,31.0,40.0,0,0,0,0,0,0,0,0,0,1,0,0,0,0,0,0,0,0,1,0,0,0,1,0
Red,False,0.5,0.53125,0.47109375,0.390625,0.754453125,0.006875,0.0,0.0,0.0,0.015625,87.2265625,38.390625,76.109375,24.484375,102.0390625,50.6796875,76.640625,24.890625,0.8203125,0.78125,0.1875,0.03125,70.6796875,24.71875,65.8125,16.625,11.7109375,9.34375,4.921875,3.3984375,4.8359375,4.328125,5.375,4.4609375,64.296875,24.328125,65.40625,18.6640625,2.546875,1.6796875,0.5703125,0.4765625,20.3828125,12.3828125,10.1328125,5.34375,86.6640625,2.609375,398.21875,18,1,3,0,3,6,2,0,0,1,2,3,0,0,177.8,180.34,170.0,0.6875,0.0,0.51296875,0.34015625,0.095,0.0734375,0.5625,0.0,0.0,0.015625,74.484375,39.71875,79.265625,27.46875,80.859375,45.875,88.46875,34.40625,1.90625,0.625,3.734375,0.859375,55.921875,24.796875,68.71875,21.234375,6.140625,3.828125,6.59375,3.203125,12.421875,11.09375,3.953125,3.03125,67.5,35.71875,72.8125,24.390625,1.40625,1.296875,5.296875,2.703125,5.578125,2.703125,1.15625,0.375,104.140625,87.390625,545.390625,13,0,0,1,4,5,2,0,0,0,0,2,3,0,180.34,190.5,170.0,31.0,26.0,0,0,0,0,0,0,0,0,0,1,0,0,0,0,0,1,0,0,0,0,1,0,0,0
Blue,False,0.25,0.0,0.4125,0.42,0.8325,0.3725,1.75,0.0,1.0,1.0,106.0,48.5,109.0,46.5,133.0,74.0,148.25,79.5,1.5,1.0,9.5,4.5,77.25,27.5,94.5,35.25,18.5,13.0,8.0,6.0,10.25,8.0,6.5,5.25,90.5,36.25,91.5,34.75,13.0,10.0,9.5,6.0,2.5,2.25,8.0,5.75,343.5,188.75,862.75,9,0,2,0,2,2,1,0,0,1,0,0,1,0,165.1,170.18,125.0,0.25,0.125,0.35125,0.32125,0.4225,0.225,0.75,0.0,0.25,0.25,118.0,36.25,145.75,45.75,141.875,55.875,155.75,55.0,5.75,2.75,3.25,1.125,96.25,21.75,123.25,31.625,12.625,8.125,11.125,6.375,9.125,6.375,11.375,7.75,102.875,27.625,139.125,41.25,5.5,2.875,3.75,2.25,9.625,5.75,2.875,2.25,307.875,82.375,1016.875,11,0,3,0,3,3,1,0,0,1,0,0,2,0,170.18,177.8,125.0,28.0,24.0,0,0,0,1,0,0,0,0,0,0,0,0,0,0,0,1,0,0,0,0,1,0,0,0
Red,False,0.0,0.0,0.47,0.27,0.0,0.0,0.0,0.0,0.0,0.0,284.0,135.0,340.0,95.0,286.0,137.0,344.0,99.0,0.0,0.0,0.0,0.0,244.0,100.0,299.0,73.0,29.0,26.0,27.0,12.0,11.0,9.0,14.0,10.0,268.0,123.0,329.0,92.0,16.0,12.0,11.0,3.0,0.0,0.0,0.0,0.0,0.0,0.0,900.0,3,0,1,0,1,1,0,0,0,1,0,0,0,0,162.56,167.64,115.0,0.0,0.0,0.63,0.46,1.0,0.0,0.0,0.0,0.0,0.0,105.0,67.0,58.0,27.0,212.0,157.0,124.0,89.0,1.0,1.0,15.0,0.0,75.0,44.0,27.0,4.0,25.0,19.0,6.0,5.0,5.0,4.0,25.0,18.0,43.0,15.0,50.0,20.0,62.0,52.0,8.0,7.0,0.0,0.0,0.0,0.0,57.0,610.0,900.0,3,0,1,0,1,1,0,0,0,0,1,0,0,0,172.72,170.18,115.0,29.0,29.0,0,0,0,0,0,0,0,0,0,0,0,0,0,1,0,1,0,0,0,0,1,0,0,0
Red,False,1.0,0.0,0.71,0.33,0.0,0.0,0.0,0.0,0.0,0.0,7.0,5.0,3.0,1.0,7.0,5.0,3.0,1.0,0.0,0.0,0.0,0.0,5.0,3.0,1.0,0.0,1.0,1.0,1.0,1.0,1.0,1.0,1.0,0.0,5.0,3.0,3.0,1.0,0.0,0.0,0.0,0.0,2.0,2.0,0.0,0.0,2.0,0.0,26.0,1,0,1,0,1,1,0,0,0,0,0,1,0,0,180.34,180.34,145.0,0.125,0.0625,0.4053124999999999,0.2521875,0.0,0.2921875,0.3125,0.25,0.25,0.0,153.21875,63.40625,144.9375,34.5,162.71875,71.84375,162.84375,48.15625,0.0,0.0,8.90625,3.03125,126.125,42.4375,127.125,22.3125,16.21875,11.71875,11.875,7.6875,10.875,9.25,5.9375,4.5,146.9375,59.625,136.28125,29.875,1.5,0.65625,6.46875,3.625,4.78125,3.125,2.1875,1.0,43.1875,140.375,782.375,15,0,2,0,2,4,2,0,0,0,2,0,2,0,172.72,180.34,155.0,23.0,29.0,0,0,1,0,0,0,0,0,0,0,0,0,0,0,0,0,0,1,0,0,0,0,1,0
Red,False,0.0,0.0,0.365,0.25,0.5,0.15,0.0,0.0,0.0,0.0,198.5,76.0,209.0,53.0,212.0,89.0,215.0,58.5,1.0,0.5,12.5,2.0,165.0,51.0,187.0,42.0,15.0,9.5,16.5,8.0,18.5,15.5,5.5,3.0,192.0,71.5,194.5,45.5,6.0,4.5,13.0,6.5,0.5,0.0,1.5,1.0,23.5,169.0,900.0,6,0,0,1,1,1,1,0,0,0,1,0,0,0,177.8,182.88,135.0,0.0,0.0,0.42625,0.295625,0.5137499999999999,0.020625,0.25,0.0,0.0,0.25,128.625,53.8125,135.0625,41.0625,177.6875,90.4375,148.0625,52.9375,11.375,6.0,0.1875,0.0625,95.6875,28.25,108.6875,26.0625,15.5625,11.1875,21.3125,11.375,17.375,14.375,5.0625,3.625,105.5625,41.1875,131.0,38.5,4.25,3.0,3.6875,2.1875,18.8125,9.625,0.375,0.375,320.125,1.6875,900.0,15,1,1,0,3,4,1,0,0,0,4,0,0,0,170.18,177.8,145.0,28.0,29.0,0,0,1,0,0,0,0,0,0,0,0,0,0,0,0,1,0,0,0,0,1,0,0,0
Red,False,0.5,0.5,0.22,0.595,0.0,0.0,0.0,0.0,0.0,0.0,16.0,5.5,8.5,5.5,17.0,6.5,9.0,6.0,0.0,0.0,0.0,0.0,12.5,3.0,3.0,1.0,3.0,2.0,1.5,0.5,0.5,0.5,4.0,4.0,10.0,3.0,8.0,5.0,2.5,1.5,0.5,0.5,3.5,1.0,0.0,0.0,2.0,0.5,78.5,2,0,1,0,1,1,1,0,0,0,0,1,0,0,182.88,195.58,155.0,0.0,1.0,0.42,0.46,0.16,0.0,0.0,0.0,0.0,0.0,68.0,29.0,121.0,56.0,68.0,29.0,129.0,64.0,6.0,1.0,0.0,0.0,49.0,14.0,97.0,40.0,16.0,12.0,21.0,14.0,3.0,3.0,3.0,2.0,64.0,27.0,114.0,52.0,4.0,2.0,4.0,2.0,0.0,0.0,3.0,2.0,34.0,2.0,415.0,2,1,0,1,0,0,1,0,0,0,0,0,0,0,180.34,182.88,155.0,34.0,22.0,0,0,0,0,0,0,1,0,0,0,0,0,0,0,0,1,0,0,0,0,0,0,1,0
Blue,False,0.25,0.125,0.46859375,0.40234375,0.0565625,0.3725,0.03125,0.0,0.078125,0.0,111.71875,52.984375,114.59375,46.53125,123.296875,63.171875,156.03125,85.1875,3.578125,0.28125,15.03125,6.75,70.84375,22.421875,96.921875,34.328125,29.15625,20.703125,13.5,9.34375,11.71875,9.859375,4.171875,2.859375,77.328125,27.640625,88.140625,28.546875,31.609375,23.21875,24.53125,16.46875,2.78125,2.125,1.921875,1.515625,82.828125,278.59375,876.75,21,0,3,0,3,4,3,0,0,2,2,0,0,0,167.64,167.64,135.0,0.125,0.375,0.21875,0.59625,0.0,0.625,0.125,1.0,0.0,0.0,57.125,25.125,70.375,31.875,65.875,33.0,76.5,38.0,0.25,0.0,2.25,1.25,40.25,13.375,59.75,23.75,14.75,10.5,6.5,4.375,2.125,1.25,4.125,3.75,51.25,21.625,63.75,27.5,4.125,2.5,3.875,2.625,1.75,1.0,2.75,1.75,4.625,68.75,411.75,9,0,1,0,1,1,3,0,0,0,0,0,1,0,172.72,175.26,135.0,37.0,37.0,1,0,0,0,0,0,0,0,0,0,0,0,0,0,0,1,0,0,0,0,1,0,0,0
Red,False,0.125,0.0,0.3325,0.35875,0.261875,0.0625,0.0,0.0,0.25,0.0625,93.625,32.9375,110.6875,39.8125,114.0,51.75,117.4375,46.375,3.3125,1.25,2.375,0.25,73.8125,22.1875,91.875,28.0625,14.3125,6.875,13.4375,7.625,5.5,3.875,5.375,4.125,89.625,31.0625,106.6875,36.6875,3.875,1.75,3.625,2.8125,0.125,0.125,0.375,0.3125,31.1875,88.625,900.0,15,0,1,0,3,4,1,0,0,0,4,0,0,0,167.64,167.64,155.0,0.0,0.0,0.36,0.4399999999999999,0.275,0.0,0.5,0.0,0.0,0.0,123.0,45.0,95.0,42.5,129.0,50.0,101.5,48.0,5.0,2.5,0.0,0.0,107.0,35.0,70.0,24.5,11.0,5.5,17.0,11.5,5.0,4.5,8.0,6.5,113.5,39.5,91.0,39.0,6.5,4.5,2.0,2.0,3.0,1.0,2.0,1.5,116.5,7.5,775.0,6,0,0,1,1,1,1,0,0,0,0,0,1,0,167.64,177.8,155.0,34.0,31.0,0,0,0,0,0,0,1,0,0,0,0,0,0,0,0,0,0,1,0,0,1,0,0,0
Blue,False,1.093994140625,0.00048828125,0.52199951171875,0.3566210937499999,0.01568359375,0.1708740234375,0.002197265625,0.5,0.08154296875,0.001220703125,49.873779296875,26.066162109375,49.486328125,19.928955078125,52.544189453125,28.376708984375,63.1220703125,31.197265625,0.1005859375,0.04248046875,4.149658203125,2.06689453125,41.400146484375,18.717529296875,39.20654296875,12.7236328125,6.114501953125,5.099365234375,6.85791015625,4.076904296875,2.359130859375,2.249267578125,3.421875,3.12841796875,39.198974609375,17.8779296875,42.7802734375,15.212890625,2.497314453125,1.776123046875,4.546142578125,3.088623046875,8.177490234375,6.412109375,2.159912109375,1.62744140625,24.776611328125,137.92333984375,419.96044921875,32,1,5,0,5,9,4,0,0,2,2,3,2,0,175.26,180.34,185.0,0.501953125,0.28125,0.399765625,0.3937695312499999,0.19134765625,0.0,0.162109375,0.0,0.001953125,0.00390625,27.69921875,11.4765625,49.919921875,20.583984375,32.203125,15.208984375,51.67578125,22.224609375,2.0234375,0.525390625,0.03515625,0.0,19.396484375,8.751953125,42.564453125,16.1171875,8.13671875,2.55859375,5.302734375,2.984375,0.166015625,0.166015625,2.052734375,1.482421875,20.416015625,6.123046875,42.009765625,15.83984375,2.234375,1.572265625,1.19140625,0.369140625,5.048828125,3.78125,6.71875,4.375,49.083984375,10.244140625,328.578125,17,0,5,0,5,8,2,0,0,0,1,3,4,0,185.42,182.88,185.0,26.0,38.0,0,0,0,0,0,0,0,1,0,0,0,0,0,0,0,0,0,1,0,0,1,0,0,0
Red,True,0.0,0.0,0.573828125,0.3779687499999999,0.73328125,0.210703125,1.8515625,0.0625,0.0,0.25,78.34375,44.28125,76.0625,27.453125,134.328125,93.5703125,102.9140625,51.6484375,2.59375,1.4140625,4.3359375,1.0390625,61.3203125,28.890625,48.890625,13.2109375,12.2265625,10.7890625,21.4140625,9.6328125,4.796875,4.6015625,5.7578125,4.609375,46.8828125,19.53125,58.59375,16.7421875,20.921875,16.890625,17.4453125,10.703125,10.5390625,7.859375,0.0234375,0.0078125,303.71875,268.6796875,871.734375,21,0,1,0,4,6,2,0,0,1,3,0,2,0,170.18,170.18,135.0,0.046875,0.0,0.53453125,0.3734765625,0.1533984375,0.0703125,0.28125,0.0234375,0.0,0.0625,114.74609375,58.53125,107.7109375,40.28125,119.375,62.69921875,117.71875,49.015625,4.4140625,1.14453125,1.3046875,0.0859375,55.01171875,20.55078125,78.05078125,18.41796875,13.265625,8.58984375,7.48828125,5.125,46.46875,29.390625,22.171875,16.73828125,108.203125,54.80859375,100.59765625,35.71875,1.9609375,0.9140625,3.74609375,1.875,4.58203125,2.80859375,3.3671875,2.6875,100.65625,8.4453125,856.7109375,17,3,2,0,6,8,1,0,0,1,1,4,2,0,172.72,175.26,145.0,29.0,29.0,0,0,0,0,0,0,0,0,0,0,1,0,0,0,0,1,0,0,0,0,1,0,0,0
Red,False,0.0,0.0,0.73,0.3,1.0,0.0,2.0,0.0,0.0,0.0,23.0,17.0,20.0,6.0,29.0,21.0,20.0,6.0,1.0,1.0,1.0,0.0,17.0,12.0,9.0,3.0,6.0,5.0,3.0,0.0,0.0,0.0,8.0,3.0,9.0,5.0,18.0,4.0,9.0,9.0,2.0,2.0,5.0,3.0,0.0,0.0,74.0,34.0,221.0,1,0,1,0,1,1,0,0,0,0,0,0,1,0,185.42,187.96,185.0,0.0009765625,0.560546875,0.4627490234375,0.449794921875,0.589091796875,0.0625,0.62548828125,0.0625,0.0,0.5,59.6689453125,30.51904296875,73.9501953125,32.28125,94.14404296875,61.88525390625,94.67724609375,49.91845703125,4.22265625,2.3701171875,2.01025390625,0.25,33.73828125,10.2724609375,51.86962890625,17.90576171875,13.634765625,9.396484375,10.673828125,6.9033203125,12.2958984375,10.85009765625,11.40673828125,7.47216796875,51.01953125,23.4833984375,62.59375,22.4384765625,1.60205078125,0.58447265625,5.4052734375,4.6767578125,7.04736328125,6.451171875,5.951171875,5.166015625,226.9384765625,63.4423828125,823.94873046875,27,1,3,0,3,8,4,0,0,2,4,0,2,0,185.42,198.12,185.0,27.0,33.0,0,0,0,0,0,0,0,1,0,0,0,0,0,0,0,0,0,1,0,0,0,0,1,0
Red,False,0.0,0.125,0.47375,0.48,0.2475,0.375,0.875,0.875,0.125,0.0,59.0,30.5,40.5,19.125,126.75,80.875,49.0,26.125,2.125,0.75,1.125,0.625,54.25,26.125,27.875,9.0,4.5,4.125,7.875,6.25,0.25,0.25,4.75,3.875,36.125,10.875,34.625,14.125,1.875,1.375,1.0,0.875,21.0,18.25,4.875,4.125,266.125,65.75,477.125,7,1,0,1,1,2,2,0,0,0,1,1,0,0,160.02,162.56,115.0,0.0,1.0,0.48,0.36,0.16,0.0,1.0,0.0,0.0,0.0,143.0,70.0,142.0,52.0,149.0,76.0,165.0,73.0,6.0,1.0,0.0,0.0,111.0,39.0,109.0,27.0,15.0,14.0,23.0,17.0,17.0,17.0,10.0,8.0,113.0,43.0,125.0,37.0,21.0,19.0,17.0,15.0,9.0,8.0,0.0,0.0,350.0,42.0,900.0,3,0,1,0,1,1,0,0,0,1,0,0,0,0,162.56,160.02,115.0,26.0,25.0,0,0,0,0,0,0,0,0,0,0,0,0,0,1,0,0,0,0,1,0,1,0,0,0
Red,False,0.25,0.0,0.4575,0.43875,0.41625,0.15,0.375,0.25,0.25,0.0,142.125,68.25,147.375,70.875,181.125,103.75,157.5,80.375,2.625,0.875,3.625,0.375,118.875,51.125,109.0,46.75,14.125,8.875,26.875,16.25,9.125,8.25,11.5,7.875,128.0,56.125,134.75,59.75,7.625,6.375,12.625,11.125,6.5,5.75,0.0,0.0,209.25,94.5,685.5,8,0,1,0,2,3,1,0,0,0,1,1,1,0,167.64,167.64,145.0,0.148193359375,0.0,0.420787353515625,0.4706982421875,0.14306640625,0.2109228515624999,0.04296875,0.2525634765625,0.0078125,0.0,160.83935546875,65.1275634765625,120.021240234375,58.0421142578125,174.588623046875,77.3017578125,153.4342041015625,85.40234375,0.5791015625,0.2900390625,2.4488525390625,1.274169921875,97.9898681640625,29.9830322265625,82.7281494140625,33.08349609375,51.28759765625,27.3990478515625,19.5115966796875,11.226318359375,11.5618896484375,7.7454833984375,17.781494140625,13.7322998046875,139.3505859375,51.251220703125,99.0657958984375,42.7205810546875,10.7386474609375,5.361328125,5.7601318359375,3.697509765625,10.7501220703125,8.5150146484375,15.1953125,11.6240234375,58.194580078125,109.119873046875,915.6982421875,35,0,0,1,6,11,3,0,0,1,4,5,1,0,160.02,170.18,135.0,31.0,27.0,1,0,0,0,0,0,0,0,0,0,0,0,0,0,0,0,0,0,1,0,1,0,0,0
Blue,False,0.0358004570007324,0.250274658203125,0.4720298266410828,0.4242423152923583,0.0049384498596191,0.2668341016769409,6.651878356933594e-05,0.1252498626708984,1.1920928955078125e-06,0.0078125,71.98912572860718,38.05468201637268,59.94407725334168,26.55761170387268,74.5153431892395,40.56523323059082,70.63789963722229,35.48561239242554,0.0171208381652832,0.0089225769042968,6.062561988830566,1.7708160877227783,37.552642822265625,11.790356636047363,44.68561792373657,14.774583101272585,19.20070171356201,13.481698513031006,9.758522987365724,8.038702011108398,15.23578119277954,12.782626867294312,5.49993634223938,3.744326591491699,62.14779496192932,31.10144114494324,47.51205778121948,16.879901885986328,3.890733480453491,3.1746044158935547,7.954294681549072,6.345738649368286,5.950597286224365,3.7786364555358887,4.47772479057312,3.3319711685180664,75.79300880432129,132.1739423274994,943.8770294189452,61,5,8,0,8,15,8,0,0,2,6,6,1,0,185.42,187.96,185.0,0.0532275438308715,0.5011005401611328,0.4443855863809585,0.5370374643802642,2.026557922363281e-06,0.3108049869537354,0.0015273094177246,0.0009768009185791,3.0517578125e-05,4.76837158203125e-07,50.78070431947708,22.910202026367188,87.93502658605576,45.501934349536896,52.064365446567535,23.64497208595276,95.85293167829514,53.04062563180924,8.940696716308594e-06,6.794929504394531e-06,1.7299503087997437,0.7052309513092041,43.96641117334366,17.62038779258728,65.48197066783905,25.048116445541385,6.304353952407837,4.780365228652954,10.053618490695952,8.568110525608063,0.5099391937255859,0.5094490051269531,12.399437427520752,11.885707378387451,39.482777416706085,15.997817635536194,69.60566920042038,33.16159629821777,10.233446419239044,6.023117482662201,6.505244493484497,4.375648319721222,1.064480483531952,0.8892669081687927,11.82411289215088,7.9646897315979,0.5499725341796875,67.47544479370117,593.0531115531921,38,5,3,0,3,15,10,0,0,0,1,11,2,1,182.88,187.96,185.0,39.0,41.0,0,0,0,0,0,0,0,1,0,0,0,0,0,0,0,0,0,1,0,0,0,0,1,0
Red,False,0.5,0.0,0.525,0.455,0.0,0.0,0.0,0.0,0.0,0.0,70.5,34.5,122.0,55.5,87.5,51.0,133.5,65.5,0.5,0.0,0.5,0.0,55.5,23.0,90.5,29.5,10.5,7.5,19.0,14.5,4.5,4.0,12.5,11.5,58.0,24.5,108.0,44.5,11.0,9.0,14.0,11.0,1.5,1.0,0.0,0.0,109.0,41.5,535.5,4,0,1,0,1,1,1,0,0,0,0,1,0,0,190.5,187.96,264.0,0.28125,0.75,0.513125,0.4328125,0.2309375,0.9375,0.78125,0.0,0.0625,0.125,60.21875,32.34375,74.375,31.53125,90.40625,60.21875,86.84375,43.625,1.5625,1.03125,2.46875,2.4375,47.46875,21.15625,65.125,23.59375,8.21875,7.21875,6.6875,5.375,4.53125,3.96875,2.5625,2.5625,45.1875,20.625,60.28125,19.46875,10.46875,7.84375,9.40625,8.6875,4.5625,3.875,4.6875,3.375,101.625,107.75,419.46875,10,0,2,0,2,4,2,0,0,0,0,1,3,0,187.96,203.2,240.0,27.0,40.0,0,0,0,0,1,0,0,0,0,0,0,0,0,0,0,1,0,0,0,0,1,0,0,0
Red,False,0.09375,0.25,0.3126562499999999,0.340546875,0.576796875,0.10171875,0.5703125,0.0,0.0,0.0,198.859375,63.5625,202.6953125,65.0625,220.3671875,82.6953125,236.5078125,94.28125,2.0703125,1.703125,8.46875,0.7109375,189.5625,58.234375,141.71875,28.265625,6.5,2.8671875,35.1484375,17.09375,2.796875,2.4609375,25.828125,19.703125,182.53125,53.125,182.59375,51.4609375,4.3046875,2.265625,5.1328125,3.3359375,12.0234375,8.171875,14.96875,10.265625,107.28125,188.375,892.9140625,22,0,2,0,3,6,2,0,0,2,2,1,1,0,185.42,193.04,185.0,0.0,1.0,0.42,0.393125,0.16,0.4175,0.3125,0.0625,0.125,0.0,175.0625,75.0625,130.25,52.0625,182.3125,82.3125,149.0625,67.4375,4.6875,0.375,2.5625,1.4375,140.9375,50.4375,110.0625,40.0,23.25,15.4375,16.5,9.25,10.875,9.1875,3.6875,2.8125,131.5,45.8125,103.25,34.5625,33.9375,24.0625,21.3125,13.3125,9.625,5.1875,5.6875,4.1875,116.4375,121.6875,892.6875,15,0,0,1,4,4,1,0,0,1,2,1,0,0,180.34,185.42,170.0,27.0,31.0,0,0,0,0,0,0,0,0,0,1,0,0,0,0,0,1,0,0,0,0,1,0,0,0
Blue,False,0.0,0.0,0.53,0.41,0.11,0.0,0.0,0.0,0.0,0.0,71.0,38.0,70.0,29.0,84.0,51.0,99.0,56.0,9.0,1.0,0.0,0.0,60.0,28.0,45.0,12.0,6.0,5.0,8.0,7.0,5.0,5.0,17.0,10.0,49.0,22.0,52.0,14.0,22.0,16.0,17.0,14.0,0.0,0.0,1.0,1.0,252.0,2.0,900.0,3,0,1,0,1,1,0,0,0,0,1,0,0,0,177.8,193.04,170.0,1.0,0.0,0.4425,0.3825,0.5325,0.25,0.0,0.5,0.25,0.0,74.25,33.75,53.0,28.25,89.0,44.0,63.25,35.75,5.25,1.5,0.5,0.25,62.5,25.0,43.0,20.5,4.5,2.75,1.25,1.0,7.25,6.0,8.75,6.75,55.5,23.0,46.75,24.0,6.0,3.25,3.25,1.5,12.75,7.5,3.0,2.75,106.25,33.0,477.75,6,0,3,0,3,3,0,0,0,1,0,2,0,0,182.88,195.58,170.0,30.0,36.0,0,0,0,0,0,0,0,0,0,1,0,0,0,0,0,0,0,1,0,0,1,0,0,0
Blue,False,0.0,0.5,0.41125,0.2481249999999999,0.385,0.0625,0.0,0.5625,0.0,0.0,43.9375,21.25,49.5,17.0625,51.0625,28.0625,51.125,18.5625,1.75,0.4375,0.25,0.0625,33.8125,16.25,39.125,11.6875,3.6875,1.5,7.4375,4.25,6.4375,3.5,2.9375,1.125,25.875,8.0625,36.5625,10.6875,2.5625,1.875,4.875,2.8125,15.5,11.3125,8.0625,3.5625,80.125,13.125,305.1875,8,0,1,0,2,3,2,0,0,0,1,2,0,0,185.42,195.58,185.0,0.0058937072753906,0.5078163146972656,0.4043658447265625,0.452605094909668,0.086705207824707,0.0625216674804687,0.2047653198242187,2.288818359375e-05,0.0,0.125244140625,94.0542106628418,37.30396270751953,112.0706024169922,52.15625762939453,100.32294845581056,42.34705352783203,131.29264450073242,70.14142227172852,7.349189758300781,0.7175445556640625,0.254119873046875,0.125152587890625,74.2957649230957,21.614612579345703,92.70065689086914,35.03377151489258,4.739337921142578,2.162567138671875,6.37255859375,4.288917541503906,15.019107818603516,13.526782989501951,12.997386932373049,12.833568572998049,88.25947952270508,34.632171630859375,96.53430557250977,40.50642776489258,3.6228294372558594,1.2676467895507812,6.777809143066406,5.339225769042969,2.17190170288086,1.404144287109375,8.758487701416016,6.310604095458984,182.62540817260745,117.03767395019533,894.8924560546875,51,1,0,1,5,12,7,0,0,1,4,2,5,0,185.42,198.12,185.0,29.0,36.0,0,0,0,0,0,0,0,1,0,0,0,0,0,0,0,1,0,0,0,0,1,0,0,0
Red,False,0.0,0.5,0.57,0.415,0.33,0.0,0.0,0.5,0.5,0.0,20.0,11.5,43.0,18.0,59.5,47.0,96.5,70.0,1.5,1.0,2.0,0.0,18.0,9.5,23.0,4.5,1.5,1.5,10.5,5.5,0.5,0.5,9.5,8.0,11.5,5.0,38.0,13.5,3.5,2.0,3.5,3.0,5.0,4.5,1.5,1.5,287.0,26.5,531.0,4,0,0,1,1,1,1,0,0,1,0,0,0,0,180.34,187.96,170.0,0.015625,0.0,0.416875,0.5081249999999999,0.1865625,0.15625,0.5,0.25,0.0,0.0,86.453125,36.8125,107.328125,52.265625,96.84375,46.578125,137.984375,80.15625,3.90625,1.109375,0.828125,0.3125,56.859375,17.84375,77.390625,32.234375,16.328125,10.09375,24.6875,15.359375,13.265625,8.875,5.25,4.671875,77.15625,29.59375,86.59375,37.546875,7.671875,6.328125,15.171875,12.40625,1.625,0.890625,5.5625,2.3125,145.84375,121.34375,833.921875,18,1,4,0,4,5,2,0,0,0,2,0,3,0,180.34,182.88,170.0,33.0,27.0,0,0,0,0,0,0,0,0,0,1,0,0,0,0,0,1,0,0,0,0,1,0,0,0
Red,False,0.0,0.0,0.2,0.77,0.0,1.0,0.0,0.0,0.0,0.0,24.0,5.0,53.0,41.0,35.0,15.0,66.0,54.0,1.0,0.0,5.0,5.0,19.0,1.0,45.0,34.0,3.0,2.0,7.0,6.0,2.0,2.0,1.0,1.0,23.0,4.0,13.0,8.0,0.0,0.0,3.0,3.0,1.0,1.0,37.0,30.0,8.0,343.0,474.0,2,0,0,1,0,0,1,0,0,0,0,0,0,0,193.04,205.74,205.0,0.0,0.0,0.5,0.56,0.4,0.5,1.0,0.0,0.0,0.0,60.0,30.0,141.0,79.0,72.0,41.0,171.0,104.0,5.0,2.0,4.0,2.0,39.0,12.0,117.0,62.0,17.0,14.0,22.0,16.0,4.0,4.0,2.0,1.0,39.0,15.0,57.0,26.0,14.0,11.0,39.0,24.0,7.0,4.0,45.0,29.0,49.0,472.0,900.0,3,0,0,1,0,0,1,0,0,0,0,0,0,0,185.42,185.42,185.0,29.0,29.0,0,0,0,0,0,0,0,1,0,0,0,0,0,0,0,1,0,0,0,0,1,0,0,0
Blue,False,0.015625,0.0,0.45,0.4275,0.25,0.2,0.148468017578125,0.098388671875,0.0,0.0,66.5,29.6875,64.31230545043945,27.34375,89.75,48.0,85.53125,44.41152191162109,2.0,0.75,2.0546875,0.75,51.1875,18.3359375,49.6123046875,16.280410766601562,7.5,5.07647705078125,7.5,5.0,4.5,3.625,4.984375,3.9375,48.6875,17.0,47.11572265625,16.5,5.75,3.75,5.3125,3.4375,5.0625,3.5,3.875,2.5,99.2119140625,94.125,638.5,0,0,0,0,0,0,0,0,0,0,0,0,0,0,167.64,175.26,135.0,0.0,0.0,0.39,0.54,0.47,0.0,0.0,0.0,0.0,0.0,118.0,47.0,106.0,58.0,180.0,104.0,115.0,66.0,23.0,11.0,3.0,0.0,98.0,34.0,63.0,22.0,16.0,10.0,37.0,31.0,4.0,3.0,6.0,5.0,84.0,24.0,59.0,22.0,32.0,21.0,45.0,34.0,2.0,2.0,2.0,2.0,466.0,19.0,900.0,3,0,0,1,0,0,1,0,0,0,0,0,0,0,167.64,172.72,135.0,25.0,27.0,1,0,0,0,0,0,0,0,0,0,0,0,0,0,0,1,0,0,0,0,1,0,0,0
Red,False,0.125,0.5625,0.40625,0.50125,0.0,0.0,0.0,0.0,0.0,0.0,106.6875,48.0625,81.3125,33.5625,107.5,48.875,81.9375,33.9375,0.0,0.0,1.3125,0.0,81.625,27.625,69.25,24.9375,9.8125,7.625,7.0625,5.125,15.25,12.8125,5.0,3.5,97.1875,41.0,75.6875,29.8125,6.25,4.8125,5.5,3.625,3.25,2.25,0.125,0.125,10.25,0.875,416.5625,11,0,0,2,2,2,3,0,0,0,1,1,0,0,193.04,198.12,250.0,0.5,0.0,0.5349999999999999,0.35,0.375,0.0,0.0,0.0,0.0,0.0,67.5,37.0,76.0,25.5,80.5,48.5,88.5,36.5,2.0,1.5,0.0,0.0,58.0,30.5,57.0,10.5,6.0,4.0,13.0,9.5,3.5,2.5,6.0,5.5,51.0,27.0,67.5,21.5,10.0,4.0,8.5,4.0,6.5,6.0,0.0,0.0,103.0,20.0,526.5,4,0,2,0,2,2,0,0,0,0,1,1,0,0,185.42,198.12,264.0,28.0,30.0,0,0,0,0,1,0,0,0,0,0,0,0,0,0,0,1,0,0,0,0,0,0,1,0
Red,False,0.0653076171875,0.0,0.6130737304687499,0.378734130859375,0.280673828125,0.10937255859375,0.0626220703125,1.0626220703125,0.125,0.064453125,164.2091064453125,104.526611328125,140.4373779296875,57.91796875,180.5062255859375,118.64453125,149.056884765625,65.2371826171875,1.4888916015625,0.8167724609375,4.0587158203125,0.88037109375,107.11083984375,55.1767578125,110.1505126953125,36.9019775390625,31.675048828125,26.9588623046875,18.1634521484375,11.57421875,25.4232177734375,22.3909912109375,12.1234130859375,9.4417724609375,141.915771484375,86.5379638671875,128.61865234375,50.5599365234375,15.937744140625,12.6151123046875,9.54541015625,6.107421875,6.3555908203125,5.37353515625,2.2733154296875,1.2506103515625,75.1046142578125,79.7176513671875,856.168212890625,42,0,0,1,6,10,4,0,0,0,6,4,0,0,172.72,177.8,145.0,0.0318603515625,0.62530517578125,0.4555073022842407,0.3269487857818604,0.1414831376075744,0.0002794122695922,0.2667350769042969,0.3782377243041992,0.1250307559967041,0.0,98.22573566436768,44.50208902359009,83.18844389915466,27.03701114654541,107.869211435318,53.018261194229126,89.03445625305176,31.855504751205444,4.0640952587127686,1.027907371520996,0.0568854808807373,0.0005242824554443,81.44104099273682,30.96526265144348,76.56382369995117,22.08827257156372,11.30919098854065,8.512143850326538,4.130911350250244,2.9752116203308105,5.47550368309021,5.024682521820068,2.493708848953247,1.973526954650879,72.2746090888977,24.71645188331604,70.66964483261108,18.63322377204895,2.12841272354126,1.141542673110962,6.354090213775635,4.498723983764648,23.82271385192871,18.64409446716309,6.164708852767944,3.905063390731812,176.56969094276428,5.845846891403198,545.9737632274628,80,8,3,0,5,16,7,0,0,0,9,4,2,1,167.64,172.72,135.0,34.0,36.0,0,0,1,0,0,0,0,0,0,0,0,0,0,0,0,1,0,0,0,0,1,0,0,0
Red,False,1.331298828125,0.078125,0.54794677734375,0.3739111328125,0.033203125,0.24326171875,0.0,0.031982421875,0.5,0.0,80.709716796875,45.704833984375,25.8359375,9.170654296875,94.248046875,58.1103515625,28.6015625,11.373779296875,0.634033203125,0.06640625,3.14501953125,0.94189453125,61.120361328125,29.11181640625,23.003173828125,8.438232421875,14.592529296875,12.530517578125,1.60498046875,0.369140625,4.996826171875,4.0625,1.227783203125,0.36328125,35.82666015625,14.420166015625,22.8994140625,6.751708984375,4.47705078125,3.07080078125,1.7001953125,1.19970703125,40.406005859375,28.2138671875,1.236328125,1.21923828125,125.6162109375,48.929931640625,352.4853515625,20,0,0,1,4,9,4,0,0,0,1,8,0,0,187.96,193.04,205.0,0.0,0.0,0.3978125,0.5431250000000001,0.479375,0.35625,0.0,0.375,0.0,0.0,65.25,25.09375,67.5625,37.25,100.09375,57.375,81.5625,48.75,3.875,1.46875,3.40625,1.40625,48.03125,11.4375,51.0,25.15625,12.34375,9.1875,10.84375,7.0625,4.875,4.46875,5.71875,5.03125,51.1875,15.09375,35.0,14.5625,10.875,8.0625,9.0625,5.59375,3.1875,1.9375,23.5,17.09375,235.15625,141.84375,655.96875,16,0,0,1,2,3,3,0,0,1,2,0,0,0,185.42,198.12,185.0,34.0,36.0,0,0,0,0,0,0,0,1,0,0,0,0,0,0,0,1,0,0,0,0,1,0,0,0
Red,False,0.140625,0.0625,0.276015625,0.349296875,0.3421875,0.0390625,0.5,0.0,0.015625,0.0078125,62.53125,15.5625,76.2578125,28.5390625,73.9140625,26.1640625,83.9140625,35.7421875,5.7890625,2.078125,0.2265625,0.109375,58.6171875,13.609375,57.078125,15.2421875,3.578125,1.6796875,14.5390625,8.7734375,0.3359375,0.2734375,4.640625,4.5234375,57.7109375,13.109375,73.3125,26.515625,1.734375,0.6484375,1.4140625,1.0546875,3.0859375,1.8046875,1.53125,0.96875,144.6953125,14.8984375,606.3671875,19,0,2,0,2,5,3,0,0,1,1,2,1,0,175.26,182.88,170.0,0.2578125,0.5390625,0.343984375,0.38859375,0.098984375,0.05171875,0.0234375,0.65625,0.0546875,0.0,67.34375,23.375,48.6171875,18.453125,80.34375,35.3125,55.3828125,24.1953125,2.71875,0.5234375,2.921875,0.4140625,48.359375,11.375,40.375,11.9375,16.2109375,9.796875,4.2265625,2.625,2.7734375,2.203125,4.015625,3.890625,55.625,15.96875,39.421875,12.09375,5.1484375,3.234375,4.9140625,3.2578125,6.5703125,4.171875,4.28125,3.1015625,238.0,105.6953125,692.5,25,0,4,0,4,6,2,0,0,0,6,0,0,0,185.42,187.96,170.0,30.0,34.0,0,0,0,0,0,0,0,0,0,1,0,0,0,0,0,1,0,0,0,0,0,0,1,0
Blue,False,0.0,0.00830078125,0.5297900390625,0.488115234375,0.5868212890625,0.010888671875,0.5263671875,1.1904296875,0.00048828125,0.0,78.8564453125,38.224609375,66.2431640625,34.03955078125,95.56005859375,53.67041015625,71.16015625,38.74462890625,4.9736328125,2.37744140625,0.38623046875,0.02978515625,67.12451171875,28.75146484375,52.3173828125,24.7412109375,11.1806640625,8.921875,8.93505859375,4.87255859375,0.55126953125,0.55126953125,4.99072265625,4.42578125,54.1767578125,20.79296875,53.97998046875,24.3046875,1.66552734375,1.11572265625,2.17919921875,1.80908203125,23.01416015625,16.31591796875,10.083984375,7.92578125,252.69482421875,15.2314453125,615.0,26,1,0,1,5,9,3,0,0,1,3,1,4,0,175.26,195.58,170.0,0.25286865234375,0.00103759765625,0.3571401977539062,0.4409014892578125,0.1456402587890625,0.1579400634765625,0.00048828125,0.0336990356445312,0.0,0.0,91.98355102539062,34.383506774902344,151.12995147705078,68.32461547851562,93.92253875732422,35.63389587402344,186.8188323974609,101.54270935058594,0.2505340576171875,0.187530517578125,7.915725708007812,2.008491516113281,59.44295501708984,11.986724853515623,133.20831298828125,54.843238830566406,19.829742431640625,12.066291809082031,11.370460510253906,7.715599060058594,12.710853576660156,10.330490112304688,6.551177978515625,5.765777587890625,89.35421752929688,32.491920471191406,108.22833251953124,38.13449096679688,1.0823135375976562,1.0041351318359375,3.0904617309570312,1.938079833984375,1.5470199584960938,0.887451171875,39.8111572265625,28.25204467773437,9.195152282714844,318.0423278808594,788.0927581787109,43,0,4,0,4,13,5,0,1,1,5,6,0,0,180.34,190.5,145.0,25.0,32.0,0,0,0,0,0,0,1,0,0,0,0,0,0,0,0,1,0,0,0,0,1,0,0,0
Blue,False,0.265625,0.0,0.444296875,0.37359375,0.3403125,0.052421875,0.5625,0.5234375,0.140625,0.5,73.71875,33.7265625,86.7578125,32.2890625,83.71875,42.6171875,99.6171875,44.203125,1.84375,1.03125,4.7265625,0.6171875,50.46875,18.390625,58.71875,16.765625,8.28125,3.578125,11.5546875,7.0078125,14.96875,11.7578125,16.484375,8.515625,71.7578125,32.7109375,83.796875,30.1640625,1.1953125,0.546875,2.265625,1.4921875,0.765625,0.46875,0.6953125,0.6328125,115.5625,53.875,604.71875,18,0,1,0,2,5,3,0,0,0,0,3,2,0,182.88,190.5,155.0,2.086162567138672e-06,0.00048828125,0.4292758252471685,0.48651804625988,0.2497143966704607,0.7795990783721208,0.4448013678193092,0.0363848581910133,0.0049440935254096,0.1250610798597335,96.53030706197023,42.83507539331913,139.98533962666988,68.12568549066782,115.74697814136744,60.3905631005764,165.68020625412464,90.8883717507124,4.689040184020996,1.1452593877911568,1.5952372997999191,1.2444772943854332,66.9412535354495,20.05098120868206,113.16439972817898,45.140224158763885,15.862873315811155,11.451113916933537,20.716914258897305,18.02927857637405,13.726180210709572,11.332980267703531,6.104025639593601,4.9561827555298805,80.35588575154543,32.02228421717882,113.90740167349576,49.65502363443375,9.293778523802755,6.479303285479546,10.992943935096264,8.567504592239857,6.880642786622047,4.333487890660763,15.08499401807785,9.903157263994215,137.52866672724485,241.20413830131287,885.9817734584212,68,0,2,0,7,17,11,0,0,2,6,3,6,0,172.72,180.34,155.0,28.0,34.0,0,0,0,0,0,0,1,0,0,0,0,0,0,0,0,0,0,0,1,0,0,0,1,0
Red,False,0.0,0.0,0.34,0.1624999999999999,0.3325,0.0,0.75,0.0,0.0,0.0,50.5,26.75,60.75,20.25,105.0,75.25,72.75,30.5,5.0,3.5,0.5,0.0,47.5,24.75,52.5,13.75,2.25,1.25,4.75,3.25,0.75,0.75,3.5,3.25,31.25,12.0,56.25,16.75,0.25,0.0,3.0,2.25,19.0,14.75,1.5,1.25,322.25,2.25,465.0,7,0,3,0,3,3,0,0,0,0,2,0,1,0,170.18,180.34,135.0,0.0,1.125,0.40796875,0.3851953125,0.325,0.183203125,0.09765625,0.00390625,0.0,0.125,70.23046875,34.90625,47.99609375,15.01171875,94.11328125,56.8671875,71.73828125,35.82421875,1.46484375,0.61328125,1.34375,0.609375,44.390625,16.1796875,37.1875,8.4921875,15.48046875,11.31640625,6.32421875,3.4921875,10.359375,7.41015625,4.484375,3.02734375,52.57421875,21.40234375,42.16015625,10.65234375,4.16796875,3.52734375,1.1953125,1.1015625,13.48828125,9.9765625,4.640625,3.2578125,147.66796875,112.47265625,476.5625,24,0,4,0,4,6,3,0,0,0,3,1,2,0,170.18,180.34,135.0,26.0,28.0,1,0,0,0,0,0,0,0,0,0,0,0,0,0,0,1,0,0,0,0,1,0,0,0
Red,False,1.25,0.25,0.5,0.345,0.0625,0.0,0.5,0.75,0.25,0.25,132.5,69.25,122.5,36.75,137.0,73.0,132.75,46.0,2.25,0.25,2.0,0.0,104.25,48.5,108.5,27.5,12.25,6.5,11.5,6.75,16.0,14.25,2.5,2.5,121.5,62.0,110.0,29.25,3.75,3.0,2.25,1.75,7.25,4.25,10.25,5.75,72.75,118.75,728.25,8,0,0,2,1,1,2,0,0,0,0,0,1,0,182.88,190.5,170.0,1.5625,0.0,0.519375,0.489375,0.3125,0.38125,0.75,0.0625,0.25,0.0,91.75,48.5,51.125,26.8125,123.0625,76.625,84.0625,56.625,1.0,0.875,5.25,1.8125,78.375,37.8125,34.6875,14.0,11.25,9.375,7.5,4.875,2.125,1.3125,8.9375,7.9375,45.8125,16.6875,37.875,18.875,18.75,14.5,8.5,5.25,27.1875,17.3125,4.75,2.6875,153.75,162.25,629.125,12,0,1,0,2,3,2,0,0,0,0,2,1,0,180.34,185.42,170.0,24.0,34.0,0,0,0,0,0,0,0,0,0,1,0,0,0,0,0,1,0,0,0,0,1,0,0,0
Red,False,0.0,0.392578125,0.4837890625,0.43677734375,0.1915624999999999,0.12890625,0.001953125,0.0078125,0.0,0.0,135.998046875,67.41015625,139.095703125,57.595703125,152.810546875,82.310546875,151.375,68.9609375,9.25390625,1.841796875,0.59765625,0.2578125,120.853515625,54.74609375,131.88671875,51.642578125,8.23046875,6.689453125,5.32421875,4.08984375,6.9140625,5.974609375,1.884765625,1.86328125,107.560546875,46.38671875,128.13671875,49.529296875,16.15234375,11.287109375,5.17578125,3.330078125,12.28515625,9.736328125,5.783203125,4.736328125,236.513671875,20.900390625,771.076171875,22,0,0,1,3,6,4,0,0,1,3,2,0,0,187.96,193.04,205.0,0.0,0.875,0.5153125000000001,0.4479296875,0.38111328125,0.0390625,0.0,0.009765625,0.0,0.0,60.1328125,32.068359375,41.896484375,18.98828125,90.8984375,55.759765625,47.958984375,24.86328125,7.310546875,3.048828125,0.041015625,0.0390625,49.064453125,23.263671875,34.462890625,13.396484375,6.271484375,4.548828125,3.921875,2.3515625,4.796875,4.255859375,3.51171875,3.240234375,34.943359375,13.904296875,35.408203125,13.984375,9.46875,6.595703125,4.85546875,4.05859375,15.720703125,11.568359375,1.6328125,0.9453125,305.224609375,2.7109375,556.447265625,25,1,2,0,3,6,4,0,0,0,4,2,0,0,190.5,200.66,205.0,37.0,28.0,0,0,0,0,0,1,0,0,0,0,0,0,0,0,0,1,0,0,0,0,1,0,0,0
Red,False,0.171875,0.03125,0.34984375,0.354765625,0.7621875,0.411328125,0.2265625,0.5625,0.0703125,0.0625,79.359375,27.515625,114.3515625,39.5234375,97.78125,41.78125,123.09375,47.75,3.2734375,2.515625,0.7265625,0.5859375,62.6171875,17.4140625,99.5078125,29.03125,13.796875,8.65625,8.359375,5.0390625,2.9453125,1.4453125,6.484375,5.453125,72.5390625,23.6328125,105.25,34.1640625,2.3984375,1.203125,4.9921875,2.921875,4.421875,2.6796875,4.109375,2.4375,167.640625,58.078125,857.28125,23,0,0,3,1,3,5,0,0,1,0,0,2,0,180.34,185.42,170.0,0.0,0.0,0.378984375,0.405703125,0.202265625,0.30578125,0.8671875,0.046875,0.5,0.125,93.0,35.109375,102.015625,40.765625,131.421875,64.390625,121.5703125,57.1875,1.890625,0.65625,3.8984375,2.046875,85.0234375,29.40625,74.125,20.609375,3.796875,2.71875,13.453125,8.8203125,4.1796875,2.984375,14.4375,11.3359375,85.21875,28.8203125,92.671875,34.078125,3.40625,2.5390625,4.3359375,3.1796875,4.375,3.75,5.0078125,3.5078125,273.625,175.5078125,865.484375,20,0,0,2,3,4,4,0,0,0,2,0,2,0,182.88,185.42,170.0,33.0,28.0,0,0,0,0,0,0,0,0,0,1,0,0,0,0,0,0,0,1,0,0,1,0,0,0
Red,False,0.0,0.015625,0.39453125,0.3734375,0.03125,0.64921875,0.0625,0.125,0.5625,0.0625,206.609375,78.015625,173.84375,59.421875,230.8125,100.4375,195.234375,79.25,0.1875,0.0625,3.15625,2.359375,179.953125,55.875,141.109375,35.875,7.203125,4.75,13.09375,8.75,19.453125,17.390625,19.640625,14.796875,179.28125,61.453125,156.1875,48.75,12.953125,7.234375,7.359375,4.328125,14.375,9.328125,10.296875,6.34375,33.515625,211.65625,837.625,17,0,0,2,2,3,4,0,0,0,1,1,1,0,170.18,170.18,125.0,0.0,0.25,0.55,0.525,0.8300000000000001,0.625,0.75,0.375,0.5,0.25,86.875,40.875,109.0,60.875,102.25,55.125,147.0,94.5,2.25,1.75,1.5,0.875,62.25,19.625,90.125,47.0,17.75,15.75,16.125,11.75,6.875,5.5,2.75,2.125,69.0,26.125,73.0,31.0,13.375,11.375,17.25,13.125,4.5,3.375,18.75,16.75,175.5,246.125,686.625,9,0,2,0,2,2,2,0,0,0,0,0,2,0,160.02,157.48,115.0,30.0,32.0,0,0,0,0,0,0,0,0,0,0,0,0,0,1,0,1,0,0,0,0,1,0,0,0
Red,False,0.0,0.5,0.55,0.44,0.0,0.415,0.0,0.0,0.0,0.0,205.5,113.0,278.0,123.0,207.0,114.0,283.0,126.5,0.5,0.0,2.5,1.0,152.0,65.5,222.5,80.0,12.5,11.0,48.5,38.0,41.0,36.5,7.0,5.0,178.0,91.5,250.5,103.0,26.0,21.0,24.5,18.0,1.5,0.5,3.0,2.0,6.0,27.0,713.5,5,0,1,0,1,1,1,0,0,0,0,1,0,0,180.34,177.8,155.0,0.087890625,0.064453125,0.5109796142578125,0.5092639923095703,0.552934684753418,0.5828975677490235,0.5093917846679688,2.391952514648437,0.1250648498535156,1.0,118.64593505859376,59.914642333984375,81.1015625,39.021244049072266,133.38507461547852,73.88967895507812,89.62820053100586,46.92204666137695,3.5038719177246094,2.946086883544922,2.260303497314453,0.8758621215820312,106.12594985961914,51.0960807800293,66.88301086425781,28.62167739868164,7.78369140625,5.666484832763672,9.90654754638672,7.025661468505859,4.736293792724609,3.1520767211914062,4.312004089355469,3.3739051818847656,89.69643783569336,39.64535903930664,69.04525756835938,29.173816680908203,12.821849822998049,9.145530700683594,5.700656890869141,3.555137634277344,16.127647399902344,11.12375259399414,6.355648040771484,6.292289733886719,244.8171043395996,78.57709121704102,640.5917205810547,39,0,4,0,4,14,5,0,1,0,4,6,3,0,175.26,182.88,155.0,29.0,29.0,0,0,0,0,0,0,1,0,0,0,0,0,0,0,0,1,0,0,0,0,0,0,1,0
Blue,False,0.50048828125,0.01953125,0.52703125,0.4789453125,0.27958984375,0.241455078125,1.04150390625,0.0185546875,0.015625,0.0,55.27197265625,26.45703125,41.23779296875,16.74267578125,63.13623046875,33.12939453125,46.11669921875,20.57080078125,1.923828125,0.642578125,1.31201171875,0.66845703125,44.14208984375,18.41455078125,31.23193359375,9.3486328125,6.3408203125,3.67333984375,4.88232421875,3.09130859375,4.7890625,4.369140625,5.12353515625,4.302734375,39.4794921875,14.00439453125,37.908203125,14.21533203125,3.4423828125,2.1533203125,1.29150390625,0.708984375,12.35009765625,10.29931640625,2.0380859375,1.818359375,146.33935546875,68.50537109375,492.73388671875,32,1,2,0,2,7,5,0,0,1,1,2,3,0,167.64,167.64,125.0,0.0,0.529296875,0.22771484375,0.5206054687499999,0.140703125,0.6437890625,0.32421875,0.25,0.017578125,0.318359375,71.279296875,13.234375,95.09765625,50.560546875,77.9296875,18.609375,112.029296875,65.46484375,4.392578125,1.275390625,1.896484375,1.34765625,60.212890625,6.56640625,78.6796875,36.99609375,4.91796875,1.48046875,11.337890625,9.037109375,6.1484375,5.1875,5.080078125,4.52734375,68.17578125,11.248046875,71.529296875,34.966796875,1.291015625,0.65234375,6.49609375,3.50390625,1.8125,1.333984375,17.072265625,12.08984375,90.912109375,68.71484375,554.90625,25,1,1,0,3,6,4,0,0,0,4,0,2,0,162.56,165.1,125.0,34.0,33.0,0,0,0,1,0,0,0,0,0,0,0,0,0,0,0,1,0,0,0,0,0,0,1,0
Red,False,0.0,0.0,0.445,0.32375,0.355,0.1,1.25,0.0,0.0,0.0,131.25,55.125,137.75,42.25,161.0,81.375,150.625,54.125,2.5,1.0,3.125,0.625,118.375,44.375,106.75,24.625,7.875,6.0,13.625,6.875,5.0,4.75,17.375,10.75,115.25,45.625,132.375,38.875,8.375,4.25,3.875,2.5,7.625,5.25,1.5,0.875,143.875,117.5,821.25,10,0,1,0,1,2,2,0,0,0,1,0,1,0,182.88,187.96,185.0,1.0,0.0,0.69,0.47,0.0,0.2,0.0,0.0,0.0,0.0,75.0,52.0,46.0,22.0,94.0,70.0,59.0,33.0,0.0,0.0,15.0,3.0,56.0,35.0,22.0,6.0,13.0,13.0,10.0,5.0,6.0,4.0,14.0,11.0,45.0,28.0,26.0,7.0,30.0,24.0,20.0,15.0,0.0,0.0,0.0,0.0,0.0,246.0,517.0,2,0,1,0,1,1,0,0,0,0,0,1,0,0,193.04,203.2,185.0,24.0,28.0,0,0,0,0,0,0,0,1,0,0,0,0,0,0,0,0,0,1,0,0,0,0,0,1
Blue,False,0.50006103515625,0.09381103515625,0.462666015625,0.3867626953124999,0.11503173828125,0.131873779296875,0.0,0.12548828125,0.25006103515625,0.00390625,104.79925537109376,51.1282958984375,101.125244140625,37.06732177734375,112.741943359375,59.01837158203125,114.06494140625,49.05487060546875,0.86505126953125,0.29229736328125,6.526123046875,0.94873046875,80.614990234375,30.1373291015625,78.41497802734375,22.945556640625,7.898193359375,5.5601806640625,10.50408935546875,3.57940673828125,16.28607177734375,15.4307861328125,12.2061767578125,10.5423583984375,89.40374755859375,40.040283203125,91.88409423828124,32.18408203125,11.76019287109375,8.45367431640625,8.205078125,4.36895751953125,3.63531494140625,2.63433837890625,1.03607177734375,0.5142822265625,95.25811767578124,180.21173095703125,840.1796875,40,0,2,0,5,11,4,0,0,2,8,1,0,0,185.42,187.96,185.0,0.5625,0.5,0.433515625,0.452421875,0.4683203125,0.08765625,0.5,0.1484375,0.1328125,0.00390625,85.18359375,37.640625,59.66015625,25.35546875,110.51171875,59.65234375,75.265625,39.64453125,1.9609375,0.98046875,3.01171875,0.640625,75.45703125,30.8359375,44.01171875,13.19140625,8.16796875,5.38671875,9.765625,6.65625,1.55859375,1.41796875,5.8828125,5.5078125,48.0625,13.78125,47.59375,17.61328125,20.76953125,12.796875,4.7578125,2.9375,16.3515625,11.0625,7.30859375,4.8046875,151.3203125,112.51171875,618.76171875,23,0,1,0,5,6,3,0,0,1,4,1,0,0,185.42,195.58,185.0,30.0,28.0,0,0,0,0,0,0,0,1,0,0,0,0,0,0,0,1,0,0,0,0,0,0,1,0
Blue,False,1.31640625,1.0,0.524130859375,0.517666015625,0.30072265625,0.584375,0.4111328125,0.009765625,0.0,0.505859375,93.2021484375,53.107421875,83.3291015625,41.865234375,99.080078125,58.1923828125,91.4296875,48.59765625,4.8642578125,1.9814453125,1.4853515625,0.701171875,67.45703125,33.7236328125,68.828125,30.3642578125,22.02734375,15.9208984375,10.564453125,8.1005859375,3.7177734375,3.462890625,3.9365234375,3.400390625,70.3935546875,36.9833984375,63.7099609375,26.68359375,18.7060546875,14.0810546875,11.19921875,8.015625,4.1025390625,2.04296875,8.419921875,7.166015625,162.3740234375,127.3720703125,579.9345703125,25,0,0,1,3,7,4,0,0,0,2,3,2,0,180.34,193.04,170.0,0.08349609375,0.156494140625,0.29826416015625,0.511639404296875,0.041402587890625,0.6290734863281251,0.064208984375,0.3135986328125,0.02099609375,0.0008544921875,136.96142578125,48.215576171875,87.7177734375,31.59521484375,156.787109375,66.8585205078125,108.466796875,50.2645263671875,0.219970703125,0.12548828125,5.2364501953125,3.563232421875,95.9749755859375,22.0623779296875,68.736328125,19.4769287109375,22.5640869140625,12.238525390625,12.19091796875,8.1075439453125,18.42236328125,13.9146728515625,6.79052734375,4.0107421875,123.307861328125,40.1895751953125,77.2958984375,24.6746826171875,11.5877685546875,6.505859375,7.741455078125,5.137939453125,2.0657958984375,1.5201416015625,2.680419921875,1.7825927734375,34.661865234375,198.218994140625,747.593505859375,41,3,0,1,5,7,7,0,0,1,1,4,0,1,187.96,190.5,170.0,30.0,33.0,0,0,0,0,0,0,0,0,0,1,0,0,0,0,0,1,0,0,0,0,1,0,0,0
Red,False,0.015625,0.0,0.45,0.4275,0.25,0.2,0.148468017578125,0.098388671875,0.0,0.0,66.5,29.6875,64.31230545043945,27.34375,89.75,48.0,85.53125,44.41152191162109,2.0,0.75,2.0546875,0.75,51.1875,18.3359375,49.6123046875,16.280410766601562,7.5,5.07647705078125,7.5,5.0,4.5,3.625,4.984375,3.9375,48.6875,17.0,47.11572265625,16.5,5.75,3.75,5.3125,3.4375,5.0625,3.5,3.875,2.5,99.2119140625,94.125,638.5,0,0,0,0,0,0,0,0,0,0,0,0,0,0,185.42,195.58,170.0,0.0,0.0,0.37,0.25,0.0,0.42,0.0,1.0,0.0,0.0,27.0,10.0,24.0,6.0,27.0,10.0,39.0,21.0,0.0,0.0,7.0,3.0,16.0,4.0,24.0,6.0,8.0,3.0,0.0,0.0,3.0,3.0,0.0,0.0,27.0,10.0,20.0,4.0,0.0,0.0,1.0,0.0,0.0,0.0,3.0,2.0,0.0,188.0,502.0,2,0,0,1,0,0,1,0,0,0,0,0,0,0,180.34,177.8,170.0,34.0,33.0,0,0,0,0,0,0,0,0,0,1,0,0,0,0,0,0,0,0,1,0,1,0,0,0
Blue,False,0.0,0.0,0.436484375,0.2850390625,0.8347265625,0.251953125,1.078125,0.25,0.0625,0.0,35.37109375,15.48046875,27.49609375,10.32421875,64.29296875,40.54296875,46.15625,28.02734375,3.625,1.8046875,0.69921875,0.390625,28.2734375,10.7265625,24.44140625,8.1953125,3.97265625,1.7890625,1.7890625,1.44140625,3.125,2.96484375,1.265625,0.6875,21.8203125,6.89453125,17.42578125,2.78125,2.20703125,0.94921875,0.6640625,0.47265625,11.34375,7.63671875,9.40625,7.0703125,261.4609375,38.359375,470.9296875,22,1,1,0,4,6,3,0,0,0,2,0,4,0,187.96,200.66,185.0,0.1409311294555664,0.046875,0.5886522722244263,0.3030044984817505,0.0635333347320556,0.1296173667907715,0.0045280456542968,0.2705249786376953,0.0005035400390625,0.0,46.09334182739258,27.343958854675293,35.38888359069824,10.454338073730469,51.40462636947632,32.559412479400635,39.33157396316528,13.263335227966309,0.1524596214294433,0.1301236152648925,0.8454756736755371,0.2635273933410644,29.28560209274292,13.670299530029297,27.282232761383057,4.345905780792236,11.498587608337402,8.8974289894104,3.5812225341796875,2.232794761657715,5.309152126312256,4.776230335235596,4.525428295135498,3.8756375312805176,35.61535215377808,19.241796016693115,31.888188362121586,8.819806575775146,7.609991073608398,5.684255123138428,2.9649806022644043,1.1262531280517578,2.8679986000061035,2.41790771484375,0.5357146263122559,0.5082783699035645,18.270665168762207,29.711431980133057,307.4626441001892,47,0,1,0,4,12,10,0,0,2,3,7,0,0,182.88,187.96,185.0,28.0,37.0,0,0,0,0,0,0,0,1,0,0,0,0,0,0,0,1,0,0,0,0,1,0,0,0
Red,False,0.015625,0.0,0.45,0.4275,0.25,0.2,0.148468017578125,0.098388671875,0.0,0.0,66.5,29.6875,64.31230545043945,27.34375,89.75,48.0,85.53125,44.41152191162109,2.0,0.75,2.0546875,0.75,51.1875,18.3359375,49.6123046875,16.280410766601562,7.5,5.07647705078125,7.5,5.0,4.5,3.625,4.984375,3.9375,48.6875,17.0,47.11572265625,16.5,5.75,3.75,5.3125,3.4375,5.0625,3.5,3.875,2.5,99.2119140625,94.125,638.5,0,0,0,0,0,0,0,0,0,0,0,0,0,0,182.88,185.42,155.0,0.5,0.125,0.41375,0.4015625,0.47375,0.49,0.21875,0.0,0.0,0.0,90.328125,37.203125,105.375,42.609375,96.578125,42.625,112.34375,46.890625,3.765625,1.609375,3.015625,1.875,71.234375,22.109375,71.625,18.875,10.890625,8.59375,16.453125,9.984375,8.203125,6.5,17.296875,13.75,77.125,28.75,95.953125,37.78125,8.65625,5.15625,4.328125,2.421875,4.546875,3.296875,5.09375,2.40625,78.828125,68.046875,661.265625,16,0,3,0,3,5,2,0,0,0,1,1,3,0,177.8,180.34,170.0,31.0,31.0,0,0,0,0,0,0,1,0,0,0,0,0,0,0,0,0,0,1,0,0,1,0,0,0
Blue,False,0.015625,0.0,0.45,0.4275,0.25,0.2,0.148468017578125,0.098388671875,0.0,0.0,66.5,29.6875,64.31230545043945,27.34375,89.75,48.0,85.53125,44.41152191162109,2.0,0.75,2.0546875,0.75,51.1875,18.3359375,49.6123046875,16.280410766601562,7.5,5.07647705078125,7.5,5.0,4.5,3.625,4.984375,3.9375,48.6875,17.0,47.11572265625,16.5,5.75,3.75,5.3125,3.4375,5.0625,3.5,3.875,2.5,99.2119140625,94.125,638.5,0,0,0,0,0,0,0,0,0,0,0,0,0,0,165.1,170.18,125.0,1.0,0.0,0.35,0.34,0.0,0.0,0.0,0.0,0.0,0.0,95.0,34.0,102.0,35.0,97.0,36.0,102.0,35.0,0.0,0.0,0.0,0.0,70.0,19.0,52.0,8.0,16.0,9.0,37.0,16.0,9.0,6.0,13.0,11.0,92.0,31.0,100.0,34.0,3.0,3.0,2.0,1.0,0.0,0.0,0.0,0.0,0.0,9.0,473.0,2,0,1,0,1,1,0,0,0,0,0,1,0,0,167.64,175.26,125.0,26.0,29.0,0,0,0,0,0,0,0,0,0,0,0,0,1,0,0,1,0,0,0,0,1,0,0,0
Blue,False,0.0,0.765625,0.36453125,0.3546875,0.0890625,0.02203125,0.015625,0.109375,0.0,0.015625,113.703125,40.9375,108.328125,40.59375,132.75,59.171875,109.546875,41.75,3.421875,0.390625,1.9375,0.109375,88.234375,22.765625,76.390625,16.0625,4.984375,4.109375,15.140625,10.796875,20.484375,14.0625,16.796875,13.734375,100.046875,32.1875,104.265625,39.65625,6.6875,4.3125,3.453125,0.640625,6.96875,4.4375,0.609375,0.296875,75.28125,13.84375,834.859375,16,1,1,0,2,5,2,0,0,1,2,2,0,0,167.64,170.18,145.0,0.0,0.625,0.4875,0.42125,0.60375,0.09375,0.375,0.375,0.25,0.0,71.75,33.25,100.125,35.875,81.25,42.625,111.625,46.875,3.125,1.5,1.25,0.5,57.0,22.125,79.875,21.0,11.0,7.5,8.0,4.5,3.75,3.625,12.25,10.375,57.25,21.5,93.5,30.75,0.5,0.375,1.625,1.5,14.0,11.375,5.0,3.625,118.75,73.375,619.125,10,0,0,1,2,2,2,0,0,0,1,1,0,0,170.18,175.26,135.0,28.0,31.0,1,0,0,0,0,0,0,0,0,0,0,0,0,0,0,1,0,0,0,0,0,0,1,0
Blue,False,0.003173828125,0.283203125,0.1252383422851562,0.2487532806396484,0.1134140014648437,0.0033755493164062,0.5006752014160156,0.6796913146972656,0.0,1.9073486328125e-05,20.92427444458008,7.733890533447266,28.42639541625977,14.633617401123049,31.3111572265625,16.462493896484375,39.88792419433594,25.313671112060547,1.7015113830566406,0.5529403686523438,0.6946372985839844,0.015777587890625,18.213207244873047,5.527645111083984,24.114398956298828,11.447216033935549,1.8500099182128904,1.5952796936035156,3.1638755798339844,2.25368881225586,0.8610572814941406,0.6109657287597656,1.1481208801269531,0.9327125549316406,16.200057983398438,4.4305267333984375,18.091686248779297,8.264049530029297,1.296844482421875,1.2165184020996094,7.350257873535156,3.5560455322265625,3.4273719787597656,2.0868453979492188,2.9844512939453125,2.8135223388671875,79.47311019897461,101.17751693725586,300.7434310913086,49,1,4,0,4,13,6,0,0,2,6,4,0,1,187.96,190.5,170.0,0.5,0.5625,0.691875,0.638125,0.046875,0.33,0.25,1.0,0.0,0.5,18.1875,9.0625,33.875,19.4375,22.8125,12.9375,54.875,36.625,0.625,0.375,1.5,1.0,16.625,8.25,31.0,17.75,1.25,0.5625,1.8125,1.125,0.3125,0.25,1.0625,0.5625,10.375,4.0,14.9375,4.25,0.6875,0.4375,2.0,1.75,7.125,4.625,16.9375,13.4375,36.5625,171.875,270.5625,8,2,0,1,1,1,4,0,0,0,1,0,0,0,187.96,190.5,170.0,36.0,29.0,0,0,0,0,0,0,0,0,0,1,0,0,0,0,0,0,0,1,0,0,1,0,0,0
Red,False,0.25,1.25,0.475,0.4599999999999999,0.415,0.0,0.25,0.0,0.0,0.0,46.25,22.5,37.0,22.75,50.25,25.25,37.25,22.75,2.75,1.5,0.25,0.0,32.5,12.0,25.5,12.0,8.5,6.0,8.25,7.5,5.25,4.5,3.25,3.25,31.75,13.75,20.75,11.0,13.5,8.25,14.75,11.25,1.0,0.5,1.5,0.5,28.5,8.5,272.5,5,0,0,1,1,1,2,0,0,0,0,0,1,0,172.72,185.42,135.0,0.25,0.5,0.48,0.3775,0.125,0.375,0.25,0.5,0.0,0.0,79.0,41.5,53.0,19.75,98.75,58.75,55.75,22.5,1.0,0.25,0.75,0.5,72.75,37.25,43.0,11.5,5.0,3.25,6.25,4.5,1.25,1.0,3.75,3.75,53.0,20.25,45.5,13.75,5.25,2.0,2.0,1.75,20.75,19.25,5.5,4.25,112.0,8.75,360.75,5,0,1,0,1,1,2,0,0,0,0,0,1,0,167.64,170.18,135.0,36.0,32.0,1,0,0,0,0,0,0,0,0,0,0,0,0,0,0,1,0,0,0,0,0,0,1,0
Blue,False,0.0,0.0,0.44,0.56,0.0,0.22,0.0,0.0,0.0,0.0,95.0,42.0,57.0,32.0,129.0,73.0,75.0,44.0,1.0,0.0,9.0,2.0,74.0,23.0,28.0,6.0,16.0,15.0,22.0,21.0,5.0,4.0,7.0,5.0,77.0,26.0,36.0,11.0,11.0,11.0,6.0,6.0,7.0,5.0,15.0,15.0,131.0,419.0,900.0,3,0,1,0,1,1,0,0,0,0,1,0,0,0,195.58,205.74,250.0,1.0,0.0,0.48,0.28,1.0,0.0,0.0,0.0,0.0,0.0,50.0,24.0,114.0,32.0,96.0,60.0,137.0,54.0,1.0,1.0,0.0,0.0,48.0,23.0,95.0,18.0,2.0,1.0,14.0,9.0,0.0,0.0,5.0,5.0,34.0,14.0,101.0,26.0,8.0,5.0,13.0,6.0,8.0,5.0,0.0,0.0,245.0,0.0,900.0,3,0,1,0,1,1,0,0,0,0,1,0,0,0,185.42,190.5,245.0,26.0,31.0,0,0,0,0,1,0,0,0,0,0,0,0,0,0,0,1,0,0,0,0,1,0,0,0
Red,False,0.125,0.0,0.31625,0.3625,0.16625,0.67125,0.0,0.0,0.0,0.0,113.25,33.875,129.125,47.625,120.0,40.0,146.625,63.125,8.5,1.75,6.125,2.75,96.25,24.25,102.375,27.625,10.625,4.0,13.25,8.75,6.375,5.625,13.5,11.25,103.25,29.0,111.5,37.5,8.75,4.375,7.875,4.875,1.25,0.5,9.75,5.25,123.875,188.375,900.0,12,0,0,1,1,2,2,0,0,1,1,0,0,0,170.18,177.8,145.0,0.0,0.0,0.585,0.4649999999999999,0.53,0.14,1.5,0.0,1.5,0.0,67.5,39.5,49.0,21.0,99.0,65.0,57.5,27.5,9.0,6.0,3.5,1.0,54.5,31.0,28.5,6.5,8.0,4.5,11.5,7.0,5.0,4.0,9.0,7.5,39.0,19.5,38.0,13.5,5.5,4.0,10.5,7.0,23.0,16.0,0.5,0.5,418.0,76.5,716.0,5,0,2,0,2,2,0,0,0,0,0,0,2,0,185.42,185.42,145.0,31.0,27.0,0,0,1,0,0,0,0,0,0,0,0,0,0,0,0,1,0,0,0,0,1,0,0,0
Red,False,0.0,0.0,0.363125,0.445625,0.50625,0.033125,0.4375,0.15625,0.09375,0.84375,188.78125,59.1875,164.34375,68.03125,217.09375,85.8125,173.90625,76.375,2.96875,1.34375,0.75,0.125,156.84375,38.9375,140.59375,48.125,16.59375,10.625,7.875,5.65625,15.34375,9.625,15.875,14.25,177.8125,51.09375,155.96875,62.34375,2.5,1.9375,4.125,2.71875,8.46875,6.15625,4.25,2.96875,211.25,56.15625,838.21875,15,0,1,0,4,5,1,0,0,1,2,0,2,0,162.56,165.1,115.0,0.0,0.0,0.325,0.36875,0.25,0.2740625,0.0,0.25,0.0,0.03125,231.8125,83.03125,156.4375,63.5,247.96875,98.25,161.4375,68.1875,1.15625,0.5,2.25,0.53125,196.34375,60.21875,101.71875,33.21875,28.84375,18.25,36.78125,15.71875,6.625,4.5625,17.9375,14.5625,202.46875,60.625,140.65625,51.75,25.71875,19.15625,13.53125,9.5,3.625,3.25,2.25,2.25,44.53125,102.09375,795.75,18,1,3,0,3,4,2,0,0,1,3,0,0,0,160.02,162.56,115.0,33.0,32.0,0,0,0,0,0,0,0,0,0,0,0,0,0,1,0,1,0,0,0,0,1,0,0,0
Red,False,0.5,0.0,0.445,0.415,0.33,0.0,0.0,0.0,0.0,0.0,177.0,80.0,194.0,81.0,180.5,83.0,196.5,83.0,2.0,1.0,1.0,0.0,155.5,64.0,149.5,48.5,10.0,6.5,26.0,17.0,11.5,9.5,18.5,15.5,162.5,72.5,187.5,78.0,3.5,1.0,6.5,3.0,11.0,6.5,0.0,0.0,24.5,0.0,766.0,6,0,2,0,2,2,0,0,0,0,1,1,0,0,180.34,182.88,145.0,0.0,0.0,0.46125,0.3075,0.6625,0.04625,0.125,0.5,0.0,0.0,185.0,83.5,183.75,54.25,189.0,87.25,188.375,58.875,2.5,1.625,2.25,0.375,157.875,62.0,157.5,35.375,10.0,5.875,14.5,10.125,17.125,15.625,11.75,8.75,182.5,81.875,180.0,52.625,1.25,0.5,3.125,1.25,1.25,1.125,0.625,0.375,48.5,14.25,790.75,11,0,3,0,3,3,1,0,0,2,0,0,1,0,180.34,182.88,155.0,30.0,28.0,0,0,1,0,0,0,0,0,0,0,0,0,0,0,0,1,0,0,0,0,1,0,0,0
Blue,False,0.0,0.0,0.5375,0.4425,0.0,0.49,0.0,0.75,0.0,0.0,104.75,55.75,122.25,56.25,130.0,78.5,131.5,64.5,0.0,0.0,7.75,3.5,69.5,26.75,106.75,43.25,16.0,11.75,13.0,10.5,19.25,17.25,2.5,2.5,89.0,43.5,103.0,44.75,10.25,8.0,15.25,10.0,5.5,4.25,4.0,1.5,15.0,229.25,655.25,8,0,1,0,1,1,2,0,0,0,1,0,0,0,172.72,172.72,155.0,0.0312653183937072,0.50506591796875,0.3184746879339218,0.5349643898010255,0.2962642735242843,0.1327301836013794,0.4403667449951172,0.2506256103515625,0.0034266114234924,0.0002452135086059,42.33899998664856,19.570580661296844,95.17343270778656,49.7813503742218,53.59327232837677,30.07373285293579,112.6530351638794,63.3927766084671,2.328049004077912,1.5774110555648804,0.8816776275634766,0.6479735374450684,39.87082213163376,17.592759490013123,84.73162889480591,41.15356057882309,2.2439306378364563,1.8790624737739563,7.882678866386414,6.327771484851837,0.2242472171783447,0.0987586975097656,2.5591249465942383,2.300018310546875,29.437441885471344,9.589466154575348,61.49077939987183,28.076500713825222,4.323324024677277,2.785095512866974,11.27682888507843,6.439006924629211,8.578234076499939,7.196018993854523,22.405824422836304,15.265842735767365,160.23099464178085,89.33120161294937,449.7281704545021,50,0,3,0,3,14,11,0,0,1,1,4,7,1,177.8,180.34,155.0,31.0,33.0,0,0,0,0,0,0,1,0,0,0,0,0,0,0,0,1,0,0,0,0,1,0,0,0
Red,True,0.00390625,0.5625,0.3353515625,0.3869140625,0.15625,0.07734375,0.0,0.00390625,0.0,0.0,193.55859375,100.7109375,120.52734375,42.25390625,198.484375,105.203125,130.26171875,51.30078125,0.25,0.1875,4.015625,0.8203125,124.265625,45.984375,99.01953125,30.390625,32.0078125,22.55078125,13.484375,6.2265625,37.28515625,32.17578125,8.0234375,5.63671875,169.5546875,83.9296875,99.640625,29.203125,23.671875,16.51171875,14.87890625,8.6796875,0.33203125,0.26953125,6.0078125,4.37109375,43.828125,135.7421875,819.4765625,32,7,8,0,8,8,1,0,0,1,5,2,0,0,167.64,165.1,115.0,0.75,0.0,0.49046875,0.315625,0.36828125,0.26109375,0.390625,0.015625,0.25,0.0,67.640625,33.296875,70.375,23.46875,75.265625,39.171875,84.5625,35.640625,1.625,0.90625,0.484375,0.328125,58.890625,27.46875,52.203125,9.75,5.171875,3.453125,8.78125,6.1875,3.578125,2.375,9.390625,7.53125,45.078125,16.421875,59.4375,15.5,5.6875,3.625,8.75,6.46875,16.875,13.25,2.1875,1.5,137.265625,38.265625,432.359375,18,2,0,1,3,5,2,0,0,0,1,1,3,0,165.1,165.1,115.0,30.0,25.0,0,0,0,0,0,0,0,0,0,0,0,0,0,1,0,1,0,0,0,0,1,0,0,0
Red,True,1.2890625,0.0,0.50103515625,0.33810546875,0.0598046875,0.00287109375,0.0390625,0.033203125,0.0,0.0,82.115234375,33.05859375,72.48828125,30.57421875,83.052734375,33.9296875,73.720703125,31.76953125,2.75,0.15625,0.458984375,0.021484375,63.578125,18.994140625,63.802734375,23.283203125,8.90625,5.19140625,4.740234375,4.017578125,9.630859375,8.873046875,3.9453125,3.2734375,76.7578125,29.203125,67.923828125,28.970703125,3.16796875,2.169921875,2.177734375,0.263671875,2.189453125,1.685546875,2.38671875,1.33984375,13.236328125,9.900390625,404.708984375,23,1,0,1,5,8,2,0,0,1,3,4,0,0,177.8,177.8,155.0,0.01171875,0.0,0.5567578125,0.2876953125,0.3736328125,0.01625,0.28515625,0.25,0.0,0.0,148.8125,82.078125,70.08984375,20.97265625,203.75,133.9375,75.22265625,24.921875,9.9765625,3.62109375,0.171875,0.01953125,139.234375,74.22265625,46.55078125,7.5,6.703125,4.9921875,16.8046875,8.30078125,2.875,2.86328125,6.734375,5.171875,63.265625,20.125,68.4609375,19.5078125,2.46875,1.76953125,1.36328125,1.23046875,83.078125,60.18359375,0.265625,0.234375,549.7734375,2.6015625,808.1953125,24,0,9,0,9,9,0,0,0,0,5,2,2,0,177.8,177.8,155.0,30.0,29.0,0,0,0,0,0,0,1,0,0,0,0,0,0,0,0,1,0,0,0,0,1,0,0,0
Blue,False,0.0,0.0,0.389375,0.449375,0.1125,0.14375,0.0,0.625,0.0,0.0,80.4375,31.75,76.25,25.75,98.3125,46.875,85.4375,33.4375,2.125,0.375,1.9375,0.375,56.25,12.5,67.4375,18.3125,14.25,10.5,5.4375,4.5,9.9375,8.75,3.375,2.9375,61.125,17.1875,65.625,18.5,13.1875,9.8125,8.1875,5.5,6.125,4.75,2.4375,1.75,134.25,84.5,481.1875,11,0,0,1,2,2,3,0,0,1,0,1,0,0,172.72,170.18,135.0,0.0,0.125,0.391875,0.4971875,0.475625,0.4715625,0.53125,0.59375,0.0,0.5625,133.0,52.0,161.1875,81.59375,146.75,63.96875,178.6875,95.71875,2.25,1.3125,2.375,1.3125,114.25,41.875,118.875,48.53125,16.90625,9.0625,20.1875,14.1875,1.84375,1.0625,22.125,18.875,122.25,44.28125,147.59375,70.65625,7.875,5.21875,7.34375,5.8125,2.875,2.5,6.25,5.125,123.6875,245.1875,806.78125,15,0,0,1,2,2,4,0,0,0,1,0,1,0,167.64,162.56,125.0,30.0,29.0,0,0,0,0,0,0,0,0,0,0,0,0,1,0,0,1,0,0,0,0,1,0,0,0
Blue,False,0.015625,0.25,0.4907812499999999,0.3776562499999999,0.3704687499999999,0.0078125,0.3984375,0.53125,0.25,0.6875,52.5625,26.765625,59.859375,22.9140625,77.40625,48.046875,100.0625,55.234375,5.46875,2.703125,0.3203125,0.0078125,41.28125,18.1875,48.0859375,15.7890625,5.578125,3.625,8.640625,5.109375,5.703125,4.953125,3.1328125,2.015625,41.7890625,18.28125,49.3359375,14.3671875,2.65625,2.2109375,3.0,1.953125,8.1171875,6.2734375,7.5234375,6.59375,266.0625,194.203125,768.9375,22,1,0,1,3,6,2,0,0,1,1,0,4,0,175.26,177.8,155.0,1.52587890625e-05,0.5236968994140625,0.3947175598144531,0.4542224884033203,0.2356690979003906,0.004483642578125,0.5637130737304688,0.0098419189453125,0.0078125,0.0078887939453125,180.394287109375,77.25557708740234,140.38579559326172,63.648681640625,218.34973907470703,109.18698120117188,149.94579315185547,72.7010726928711,7.101570129394531,1.7346420288085938,1.1753692626953125,0.013031005859375,166.18901824951172,66.9137191772461,119.9018096923828,47.67813873291016,12.279541015625,8.484771728515625,11.677261352539062,7.7146148681640625,1.9257278442382808,1.857086181640625,8.806724548339844,8.255928039550781,159.99779510498047,62.95646667480469,110.59085083007812,42.63380432128906,14.339828491210938,10.129409790039062,12.30925750732422,8.318855285644531,6.056663513183594,4.169700622558594,17.485687255859375,12.696022033691406,260.6236267089844,92.1344985961914,885.7020797729492,46,0,4,0,4,11,7,0,0,3,5,1,1,1,177.8,177.8,155.0,29.0,36.0,0,0,0,0,0,0,1,0,0,0,0,0,0,0,0,0,0,1,0,0,0,0,1,0
Red,False,0.015625,0.0,0.45,0.4275,0.25,0.2,0.148468017578125,0.098388671875,0.0,0.0,66.5,29.6875,64.31230545043945,27.34375,89.75,48.0,85.53125,44.41152191162109,2.0,0.75,2.0546875,0.75,51.1875,18.3359375,49.6123046875,16.280410766601562,7.5,5.07647705078125,7.5,5.0,4.5,3.625,4.984375,3.9375,48.6875,17.0,47.11572265625,16.5,5.75,3.75,5.3125,3.4375,5.0625,3.5,3.875,2.5,99.2119140625,94.125,638.5,0,0,0,0,0,0,0,0,0,0,0,0,0,0,193.04,208.28,205.0,0.125,0.125,0.47375,0.64,0.2875,0.5,0.125,1.0,0.0,0.0,63.125,32.125,52.125,32.25,108.375,73.375,72.625,50.875,3.625,1.25,1.25,0.5,45.5,18.75,32.0,14.625,9.25,6.375,13.625,11.5,8.375,7.0,6.5,6.125,43.375,16.0,35.75,18.625,9.0,6.5,13.125,10.5,10.75,9.625,3.25,3.125,184.375,142.5,615.625,9,0,0,1,2,2,2,0,0,0,2,0,0,0,182.88,190.5,205.0,29.0,27.0,0,0,0,0,0,1,0,0,0,0,0,0,0,0,0,0,0,1,0,0,1,0,0,0
Red,False,0.0,0.0,0.33,0.64,0.2,1.0,0.0,0.0,0.0,1.0,101.0,34.0,88.0,57.0,114.0,44.0,103.0,71.0,5.0,1.0,2.0,2.0,68.0,15.0,63.0,38.0,24.0,14.0,11.0,9.0,9.0,5.0,14.0,10.0,84.0,22.0,67.0,39.0,17.0,12.0,8.0,6.0,0.0,0.0,13.0,12.0,47.0,272.0,900.0,3,0,0,1,0,0,1,0,0,0,0,0,0,0,182.88,195.58,170.0,0.25,0.6875,0.3087499999999999,0.703125,0.0,0.18875,0.0625,0.0,0.0,0.0,56.3125,20.75,51.375,22.8125,58.375,22.5,61.75,31.25,0.75,0.0,2.1875,0.9375,42.5625,12.4375,42.0625,16.875,7.5625,4.0,6.0625,3.0625,6.1875,4.3125,3.25,2.875,50.0625,16.875,39.125,14.9375,4.8125,3.0,8.625,4.8125,1.4375,0.875,3.625,3.0625,6.5625,89.375,340.875,10,0,2,0,2,3,2,0,0,0,1,1,1,0,185.42,187.96,170.0,26.0,30.0,0,0,0,0,0,0,0,0,0,1,0,0,0,0,0,0,0,0,1,0,0,0,1,0
Blue,False,0.015625,0.0,0.45,0.4275,0.25,0.2,0.148468017578125,0.098388671875,0.0,0.0,66.5,29.6875,64.31230545043945,27.34375,89.75,48.0,85.53125,44.41152191162109,2.0,0.75,2.0546875,0.75,51.1875,18.3359375,49.6123046875,16.280410766601562,7.5,5.07647705078125,7.5,5.0,4.5,3.625,4.984375,3.9375,48.6875,17.0,47.11572265625,16.5,5.75,3.75,5.3125,3.4375,5.0625,3.5,3.875,2.5,99.2119140625,94.125,638.5,0,0,0,0,0,0,0,0,0,0,0,0,0,0,177.8,185.42,185.0,0.0471682548522949,0.0,0.45,0.4217682266235352,0.25,0.19173828125,0.1875,0.125,0.0,0.0,69.5,30.5,66.984375,27.8466796875,94.0,48.544921875,88.50390625,44.75,2.0,0.8125,2.015625,0.6640625,54.0,19.01513671875,51.483436584472656,16.9437255859375,7.91796875,5.430633544921875,7.75,5.0625,4.780975341796875,3.9373779296875,4.8994140625,3.84375,51.025390625,18.400863647460938,50.515625,17.5,5.75,3.75,5.5,3.5,5.375,3.6875,4.0,2.65625,104.865234375,89.5,655.8441009521484,0,0,0,0,0,0,0,0,0,0,0,0,0,0,180.34,190.5,185.0,34.0,32.0,0,0,0,0,0,0,0,1,0,0,0,0,0,0,0,1,0,0,0,0,0,0,1,0
Red,False,0.0,0.0,0.345,0.565,0.0,0.5800000000000001,0.0,0.0,0.0,0.0,220.0,74.0,206.0,117.5,236.5,87.0,224.5,133.0,1.5,0.0,9.0,5.5,184.0,50.0,179.5,96.5,21.5,14.5,22.0,17.0,14.5,9.5,4.5,4.0,203.0,68.0,166.0,90.0,15.0,5.0,13.0,7.5,2.0,1.0,27.0,20.0,42.5,218.5,900.0,6,0,0,2,0,0,2,0,0,0,0,0,0,0,172.72,180.34,135.0,1.0,0.0,0.53,0.445,0.5,0.65,0.0,0.0,0.0,0.0,73.5,34.5,120.5,51.5,97.0,56.0,132.5,61.5,0.5,0.5,4.5,3.0,54.5,19.0,85.5,26.5,14.0,11.0,21.0,15.0,5.0,4.5,14.0,10.0,60.0,24.5,99.0,37.0,12.0,9.5,18.5,11.5,1.5,0.5,3.0,3.0,15.5,103.5,614.0,5,0,1,0,1,1,1,0,0,0,0,1,0,0,170.18,172.72,135.0,31.0,24.0,1,0,0,0,0,0,0,0,0,0,0,0,0,0,0,1,0,0,0,0,1,0,0,0
Red,False,0.015625,0.0,0.45,0.4275,0.25,0.2,0.148468017578125,0.098388671875,0.0,0.0,66.5,29.6875,64.31230545043945,27.34375,89.75,48.0,85.53125,44.41152191162109,2.0,0.75,2.0546875,0.75,51.1875,18.3359375,49.6123046875,16.280410766601562,7.5,5.07647705078125,7.5,5.0,4.5,3.625,4.984375,3.9375,48.6875,17.0,47.11572265625,16.5,5.75,3.75,5.3125,3.4375,5.0625,3.5,3.875,2.5,99.2119140625,94.125,638.5,0,0,0,0,0,0,0,0,0,0,0,0,0,0,190.5,190.5,205.0,0.0,0.75,0.5725,0.4825,0.125,0.0825,0.75,0.0,0.0,0.0,32.75,19.25,38.25,17.25,45.0,30.0,43.25,21.75,1.75,0.25,0.75,0.25,15.5,6.25,31.75,13.25,6.75,5.5,4.75,3.0,10.5,7.5,1.75,1.0,25.25,13.0,26.75,9.0,6.0,5.0,6.25,4.5,1.5,1.25,5.25,3.75,33.5,91.5,315.25,4,0,1,0,1,1,2,0,0,0,0,0,1,0,190.5,193.04,205.0,25.0,30.0,0,0,0,0,0,1,0,0,0,0,0,0,0,0,0,1,0,0,0,0,1,0,0,0
Red,False,1.75,0.125,0.4540625,0.30359375,0.2346875,0.0015625,0.328125,0.0078125,0.0078125,0.015625,74.9375,35.3828125,60.4375,18.78125,93.0234375,51.2734375,74.5625,31.6171875,1.7109375,0.9921875,0.3515625,0.0078125,66.828125,28.4296875,41.25,8.9921875,3.5859375,2.46875,11.609375,5.125,4.5234375,4.484375,7.578125,4.6640625,57.3828125,25.734375,52.2890625,13.09375,1.2890625,0.640625,2.2109375,1.0703125,16.265625,9.0078125,5.9375,4.6171875,216.7421875,13.2265625,531.9375,19,0,0,3,2,4,4,0,0,0,2,1,1,0,182.88,190.5,170.0,0.0234375,0.5,0.45640625,0.470390625,0.39125,0.107578125,1.6875,0.5078125,0.015625,0.0,65.578125,29.90625,70.2578125,34.328125,97.0703125,58.1796875,119.890625,80.90625,7.5,2.75,3.0390625,0.9609375,51.7109375,19.125,53.234375,21.984375,8.8671875,6.15625,9.09375,7.3828125,5.0,4.625,7.9296875,4.9609375,58.390625,24.8203125,51.59375,18.59375,4.8203125,3.625,13.5703125,12.5859375,2.3671875,1.4609375,5.09375,3.1484375,376.5703125,174.40625,878.15625,22,0,0,1,4,6,2,0,0,0,4,1,1,0,187.96,187.96,170.0,31.0,26.0,0,0,0,0,0,0,0,0,0,1,0,0,0,0,0,0,0,1,0,0,0,0,1,0
Blue,False,0.625,0.0,0.5035937500000001,0.366171875,0.759375,0.103125,0.265625,0.0,0.0,0.03125,98.9375,45.4453125,80.96875,31.7578125,118.0703125,62.640625,107.203125,55.5546875,3.2265625,2.515625,2.171875,0.6875,80.265625,30.15625,65.03125,22.7265625,12.09375,9.21875,7.2890625,2.484375,6.578125,6.0703125,8.6484375,6.546875,85.59375,36.1484375,62.7578125,18.859375,5.921875,4.3515625,6.0703125,4.0234375,7.421875,4.9453125,12.140625,8.875,150.6328125,133.6484375,789.390625,21,0,1,0,2,4,4,0,0,0,2,1,1,0,187.96,198.12,205.0,0.37890625,0.078125,0.509140625,0.4798046875,0.00390625,0.1537890625,0.12890625,0.0,0.0,0.0,16.42578125,9.19921875,28.2578125,12.81640625,17.99609375,10.57421875,31.203125,15.43359375,0.48046875,0.01171875,1.4140625,0.3984375,9.7421875,3.5703125,23.328125,9.01171875,3.14453125,2.26953125,2.875,1.8828125,3.5390625,3.359375,2.0546875,1.921875,12.359375,5.7734375,19.48046875,6.21484375,3.921875,3.4140625,6.76171875,5.7265625,0.14453125,0.01171875,2.015625,0.875,26.90234375,46.16015625,187.0859375,16,0,3,0,3,6,3,0,0,0,1,3,0,2,185.42,200.66,205.0,35.0,38.0,0,0,0,0,0,1,0,0,0,0,0,0,0,0,0,1,0,0,0,0,1,0,0,0
Blue,False,0.5,0.25,0.5650000000000001,0.3575,0.625,0.06,0.0,0.0,0.0,0.0,193.0,109.25,121.0,39.25,213.5,126.0,128.75,46.0,1.5,1.25,4.0,0.5,139.75,70.0,96.25,26.5,25.0,18.5,17.5,7.5,28.25,20.75,7.25,5.25,163.25,91.0,108.75,30.0,15.75,9.25,4.25,3.5,14.0,9.0,8.0,5.75,91.0,136.25,855.0,9,0,3,0,3,3,0,0,0,1,1,1,0,0,200.66,203.2,250.0,0.1962890625,0.03936767578125,0.411651611328125,0.3624261474609375,0.36873291015625,0.5203582763671875,0.330078125,0.00048828125,0.0,0.0,161.01605224609375,91.62518310546876,146.8272705078125,70.79937744140625,183.088134765625,112.712890625,154.59320068359375,77.498291015625,4.442626953125,0.900634765625,0.592041015625,0.57049560546875,124.84710693359376,59.9478759765625,116.22515869140624,46.4676513671875,22.25506591796875,19.07666015625,11.5628662109375,7.5718994140625,13.91387939453125,12.60064697265625,19.03924560546875,16.75982666015625,143.621826171875,79.6019287109375,137.9903564453125,65.20770263671875,13.94549560546875,9.05902099609375,8.1275634765625,4.94500732421875,3.44873046875,2.9642333984375,0.7093505859375,0.64666748046875,155.73956298828125,27.071533203125,962.6517333984376,36,3,0,1,6,11,4,0,0,0,4,4,3,0,193.04,195.58,231.0,29.0,40.0,0,0,0,0,1,0,0,0,0,0,0,0,0,0,0,1,0,0,0,0,1,0,0,0
Red,False,0.015625,0.0,0.45,0.4275,0.25,0.2,0.148468017578125,0.098388671875,0.0,0.0,66.5,29.6875,64.31230545043945,27.34375,89.75,48.0,85.53125,44.41152191162109,2.0,0.75,2.0546875,0.75,51.1875,18.3359375,49.6123046875,16.280410766601562,7.5,5.07647705078125,7.5,5.0,4.5,3.625,4.984375,3.9375,48.6875,17.0,47.11572265625,16.5,5.75,3.75,5.3125,3.4375,5.0625,3.5,3.875,2.5,99.2119140625,94.125,638.5,0,0,0,0,0,0,0,0,0,0,0,0,0,0,172.72,185.42,145.0,1.0,0.0,0.53,0.53,0.33,0.0,2.0,0.0,0.0,0.0,174.0,93.0,129.0,69.0,243.0,153.0,139.0,78.0,3.0,1.0,2.0,0.0,139.0,69.0,99.0,44.0,29.0,18.0,8.0,8.0,6.0,6.0,22.0,17.0,118.0,49.0,102.0,50.0,8.0,6.0,18.0,12.0,48.0,38.0,9.0,7.0,353.0,150.0,900.0,3,0,1,0,1,1,0,0,0,0,1,0,0,0,182.88,185.42,145.0,26.0,29.0,0,0,1,0,0,0,0,0,0,0,0,0,0,0,0,1,0,0,0,0,1,0,0,0
Blue,False,0.75,0.25,0.4275,0.44125,0.08875,0.0925,0.125,0.5,0.125,0.25,75.25,33.375,48.5,20.0,76.625,34.25,63.5,34.625,2.5,0.875,2.375,0.375,52.625,20.0,37.125,12.5,14.5,8.375,3.5,1.25,8.125,5.0,7.875,6.25,60.0,22.25,42.625,16.5,2.375,2.125,1.5,0.75,12.875,9.0,4.375,2.75,78.5,76.25,752.125,12,0,0,1,3,3,1,0,0,0,2,1,0,0,180.34,190.5,155.0,0.015625,0.5,0.50609375,0.58671875,0.0725,0.21625,0.34375,0.3125,0.0,0.0,74.671875,38.28125,53.796875,29.4375,92.09375,52.65625,67.625,41.359375,0.90625,0.15625,2.421875,1.5625,61.90625,27.734375,39.890625,19.328125,8.140625,6.5,11.578125,7.84375,4.625,4.046875,2.328125,2.265625,56.265625,25.25,30.625,12.921875,10.953125,6.4375,6.53125,4.015625,7.453125,6.59375,16.640625,12.5,95.5,205.453125,548.890625,16,0,3,0,3,5,2,0,1,1,1,2,0,0,177.8,177.8,155.0,33.0,27.0,0,0,0,0,0,0,1,0,0,0,0,0,0,0,0,1,0,0,0,0,0,0,1,0
Blue,False,0.015625,0.0,0.45,0.4275,0.25,0.2,0.148468017578125,0.098388671875,0.0,0.0,66.5,29.6875,64.31230545043945,27.34375,89.75,48.0,85.53125,44.41152191162109,2.0,0.75,2.0546875,0.75,51.1875,18.3359375,49.6123046875,16.280410766601562,7.5,5.07647705078125,7.5,5.0,4.5,3.625,4.984375,3.9375,48.6875,17.0,47.11572265625,16.5,5.75,3.75,5.3125,3.4375,5.0625,3.5,3.875,2.5,99.2119140625,94.125,638.5,0,0,0,0,0,0,0,0,0,0,0,0,0,0,190.5,195.58,240.0,0.0,0.0,0.35,0.435,0.0,0.875,0.0,0.25,0.0,0.0,52.0,25.75,55.75,24.0,58.25,31.25,70.75,37.5,0.25,0.0,1.25,1.0,35.75,14.0,46.5,17.5,10.75,7.75,7.5,5.25,5.5,4.0,1.75,1.25,45.25,20.75,42.75,13.75,6.75,5.0,3.75,2.5,0.0,0.0,9.25,7.75,20.75,130.25,393.5,5,0,0,1,2,2,1,0,0,0,1,0,0,0,193.04,195.58,240.0,28.0,34.0,0,0,0,0,1,0,0,0,0,0,0,0,0,0,0,1,0,0,0,0,1,0,0,0
Blue,False,0.0061573982238769,0.1758120059967041,0.4612051296234131,0.5205303502082825,0.0317384004592895,0.2293262016773224,0.0001299381256103,0.0627442598342895,0.0,0.0625001192092895,122.8067421913147,56.919705510139465,84.63032853603363,42.25420379638672,135.97765958309174,68.683669090271,127.15903437137604,78.53974556922913,1.126526117324829,0.0629884004592895,1.4583884477615356,0.6035158634185791,94.23462295532228,32.74202477931976,71.91954588890076,33.27438485622406,20.06584668159485,16.140729188919067,8.069398522377014,4.840515732765198,8.506272554397583,8.036951541900635,4.641384124755859,4.139303207397461,110.40980422496796,47.1485561132431,55.44536828994751,21.58525168895721,11.61918318271637,9.246586561203005,9.840046286582949,7.652164101600647,0.7777547836303711,0.5245628356933594,19.34491395950317,13.016788005828856,73.28860127925873,267.3631545305252,757.2541394233704,47,5,1,0,7,15,9,0,0,1,3,9,2,0,190.5,195.58,240.0,0.12603759765625,0.5081100463867188,0.38887451171875,0.4424855041503907,0.1884994506835937,0.5512551879882812,0.2609443664550781,0.0003128051757812,0.0081901550292968,0.0078277587890625,98.48185348510742,29.851638793945312,141.49557495117188,74.74417114257812,100.0336685180664,31.26257705688477,151.66436386108398,83.37716674804688,1.0635032653808594,0.5634994506835938,2.184028625488281,1.3090286254882812,73.66325759887695,18.373455047607425,98.81814575195312,45.81801986694336,18.977020263671875,7.155437469482422,16.170833587646484,10.2542724609375,5.841575622558594,4.322746276855469,26.506595611572266,18.671878814697266,94.77495574951172,27.130054473876957,119.58166885375977,62.637451171875,0.9974708557128906,0.6261634826660156,6.9897308349609375,2.5519561767578125,2.7094268798828125,2.095420837402344,14.924175262451172,9.554763793945312,45.67504119873047,86.42887878417969,604.1683921813965,35,0,0,1,4,12,7,0,1,0,1,5,5,0,210.82,213.36,265.0,39.0,30.0,0,0,0,0,1,0,0,0,0,0,0,0,0,0,0,1,0,0,0,0,1,0,0,0
Blue,False,0.015625,0.0,0.45,0.4275,0.25,0.2,0.148468017578125,0.098388671875,0.0,0.0,66.5,29.6875,64.31230545043945,27.34375,89.75,48.0,85.53125,44.41152191162109,2.0,0.75,2.0546875,0.75,51.1875,18.3359375,49.6123046875,16.280410766601562,7.5,5.07647705078125,7.5,5.0,4.5,3.625,4.984375,3.9375,48.6875,17.0,47.11572265625,16.5,5.75,3.75,5.3125,3.4375,5.0625,3.5,3.875,2.5,99.2119140625,94.125,638.5,0,0,0,0,0,0,0,0,0,0,0,0,0,0,162.56,160.02,115.0,0.0,0.0,0.305,0.47,0.5,1.0,0.0,0.5,1.5,1.0,112.0,35.0,103.5,49.0,146.5,65.5,117.5,62.0,4.0,2.0,1.0,1.0,82.5,21.0,60.5,18.5,25.5,10.5,21.0,12.0,4.0,3.5,22.0,18.5,101.5,30.0,92.5,40.5,6.5,2.5,8.0,6.5,4.0,2.5,3.0,2.0,160.0,249.5,900.0,6,0,0,2,0,0,2,0,0,0,0,0,0,0,170.18,175.26,115.0,24.0,30.0,0,0,0,0,0,0,0,0,0,0,0,0,0,1,0,1,0,0,0,0,0,0,1,0
Blue,False,0.15625,0.125,0.326875,0.5140625,0.0103125,0.308125,1.46875,0.0,0.03125,0.0,123.84375,39.1875,145.53125,69.90625,124.65625,39.96875,151.34375,74.125,1.15625,0.03125,1.8125,0.8125,108.21875,27.125,114.6875,43.53125,13.21875,9.90625,17.6875,14.375,2.40625,2.15625,13.15625,12.0,119.59375,36.0,141.34375,66.65625,3.4375,2.625,3.09375,2.5625,0.8125,0.5625,1.09375,0.6875,25.84375,33.03125,628.96875,15,0,0,1,5,5,1,0,0,0,0,2,3,0,172.72,175.26,145.0,0.063720703125,0.2506103515625,0.5610146045684814,0.3338975715637207,0.2829662752151489,0.0005588245391845,0.5334701538085938,0.7564754486083984,0.2500615119934082,0.0,119.45147132873537,62.004178047180176,90.37688779830933,29.07402229309082,138.738422870636,79.03652238845825,101.06891250610352,38.71100950241089,7.128190517425537,2.055814743041992,0.1137709617614746,0.0010485649108886,103.88208198547365,49.93052530288696,82.12764739990234,23.17654514312744,9.6183819770813,7.024287700653076,4.261822700500488,2.950423240661621,5.95100736618042,5.049365043640137,3.987417697906494,2.947053909301758,68.54921817779541,22.43290376663208,75.33928966522217,20.2664475440979,3.2568254470825195,2.283085346221924,4.7081804275512695,2.997447967529297,47.64542770385742,37.28818893432617,10.329417705535889,5.810126781463623,353.13938188552856,9.691693782806396,807.9475264549255,79,8,3,0,5,16,6,0,0,0,9,4,2,1,167.64,172.72,135.0,27.0,36.0,0,0,1,0,0,0,0,0,0,0,0,0,0,0,0,0,0,0,1,0,1,0,0,0
Red,True,0.015625,0.0,0.45,0.4275,0.25,0.2,0.148468017578125,0.098388671875,0.0,0.0,66.5,29.6875,64.31230545043945,27.34375,89.75,48.0,85.53125,44.41152191162109,2.0,0.75,2.0546875,0.75,51.1875,18.3359375,49.6123046875,16.280410766601562,7.5,5.07647705078125,7.5,5.0,4.5,3.625,4.984375,3.9375,48.6875,17.0,47.11572265625,16.5,5.75,3.75,5.3125,3.4375,5.0625,3.5,3.875,2.5,99.2119140625,94.125,638.5,0,0,0,0,0,0,0,0,0,0,0,0,0,0,167.64,172.72,135.0,0.375,0.0,0.55125,0.29,0.125,0.0625,0.0,0.0,0.0,0.0,168.125,91.25,138.75,32.0,178.0,100.5,143.375,35.875,0.5,0.25,1.125,0.25,121.75,53.25,117.0,20.25,29.375,22.75,13.0,7.625,17.0,15.25,8.75,4.125,140.625,70.5,133.625,28.875,19.25,15.125,4.75,3.125,8.25,5.625,0.375,0.0,76.5,117.125,995.25,11,2,4,0,4,4,0,0,0,0,1,3,0,0,172.72,172.72,145.0,28.0,32.0,0,0,0,0,0,0,0,0,0,0,0,1,0,0,0,1,0,0,0,0,1,0,0,0
Blue,False,0.015625,0.0,0.45,0.4275,0.25,0.2,0.148468017578125,0.098388671875,0.0,0.0,66.5,29.6875,64.31230545043945,27.34375,89.75,48.0,85.53125,44.41152191162109,2.0,0.75,2.0546875,0.75,51.1875,18.3359375,49.6123046875,16.280410766601562,7.5,5.07647705078125,7.5,5.0,4.5,3.625,4.984375,3.9375,48.6875,17.0,47.11572265625,16.5,5.75,3.75,5.3125,3.4375,5.0625,3.5,3.875,2.5,99.2119140625,94.125,638.5,0,0,0,0,0,0,0,0,0,0,0,0,0,0,175.26,182.88,155.0,0.62548828125,0.2509765625,0.4922216796875,0.3472607421875,0.01724609375,0.148857421875,0.01708984375,0.08642578125,0.0,0.0078125,133.75537109375,66.0537109375,95.36328125,33.08935546875,141.455078125,73.58349609375,119.275390625,53.34326171875,1.53466796875,0.05859375,3.8388671875,0.65771484375,105.86279296875,43.7021484375,81.65966796875,23.40966796875,15.1142578125,11.0029296875,12.015625,8.08251953125,12.7783203125,11.3486328125,1.68798828125,1.59716796875,100.12890625,42.2373046875,89.38232421875,28.79248046875,16.28857421875,11.0244140625,5.47021484375,4.03759765625,17.337890625,12.7919921875,0.5107421875,0.25927734375,133.27490234375,122.7236328125,744.44970703125,26,0,1,0,5,8,4,0,0,1,3,1,3,0,177.8,182.88,155.0,25.0,28.0,0,0,0,0,0,0,1,0,0,0,0,0,0,0,0,1,0,0,0,0,0,0,1,0
Blue,False,0.0,0.0,0.53,0.4425,0.7150000000000001,0.1,1.0,0.0,0.0,0.0,83.5,29.5,102.25,42.5,116.5,56.5,135.0,71.25,3.25,1.75,4.0,0.5,78.25,24.75,78.75,24.0,3.75,3.25,12.25,8.75,1.5,1.5,11.25,9.75,68.75,17.25,66.25,21.0,12.25,10.25,15.25,11.25,2.5,2.0,20.75,10.25,240.0,178.5,728.0,8,0,3,0,3,3,0,0,0,1,1,0,1,0,172.72,172.72,135.0,0.0,0.0,0.42125,0.4262499999999999,0.625,0.445,0.5,1.125,1.25,0.75,24.5,14.875,20.375,11.625,48.25,36.5,91.75,75.75,2.5,2.0,2.625,1.5,18.875,9.75,17.75,9.0,4.375,3.875,2.375,2.375,1.25,1.25,0.25,0.25,9.625,3.625,7.5,2.625,3.625,2.875,2.375,1.375,11.25,8.375,10.5,7.625,369.5,207.75,635.5,10,1,2,0,2,2,2,0,0,0,0,2,0,0,167.64,172.72,145.0,26.0,35.0,0,0,0,0,0,0,0,0,0,0,1,0,0,0,0,1,0,0,0,0,0,0,1,0
Red,False,0.0,0.0,0.425,0.3994531249999999,0.1140625,0.2153125,0.96875,0.0,0.5,0.0,80.0546875,33.1640625,96.1953125,36.4765625,81.9296875,35.03125,96.40625,36.6640625,3.8671875,0.828125,2.2578125,0.6484375,54.2421875,18.5703125,76.9140625,27.4296875,11.0078125,4.6015625,16.671875,6.7265625,14.8046875,9.9921875,2.609375,2.3203125,74.3515625,30.0390625,94.7890625,35.734375,4.90625,2.578125,1.140625,0.5234375,0.796875,0.546875,0.265625,0.21875,40.5234375,8.65625,443.4453125,15,0,0,1,4,5,3,0,0,0,1,1,3,0,167.64,165.1,135.0,0.58251953125,0.0,0.4585205078125,0.33125,0.279169921875,0.26001953125,0.0,0.5,0.0,0.0,109.87939453125,49.92822265625,148.251953125,43.22607421875,113.85302734375,53.77685546875,151.1123046875,45.83251953125,3.1640625,1.0732421875,1.72802734375,0.634765625,83.15380859375,26.67578125,110.79931640625,22.1640625,20.38720703125,17.25634765625,26.7548828125,14.5712890625,6.33837890625,5.99609375,10.69775390625,6.49072265625,105.125,46.39892578125,143.5400390625,40.96240234375,3.9677734375,2.8525390625,4.7021484375,2.2578125,0.78662109375,0.6767578125,0.009765625,0.005859375,23.50927734375,42.6748046875,935.412109375,34,3,3,0,3,8,4,0,0,0,3,4,0,1,160.02,167.64,135.0,31.0,33.0,1,0,0,0,0,0,0,0,0,0,0,0,0,0,0,1,0,0,0,0,1,0,0,0
Red,False,1.25,0.0,0.3975,0.3525,0.0,0.1225,0.0,0.0,0.0,0.0,80.25,32.25,101.75,36.5,90.0,40.75,132.75,62.5,0.25,0.0,2.75,0.5,63.75,20.75,83.0,23.5,11.0,7.25,5.75,4.0,5.5,4.25,13.0,9.0,69.75,24.0,93.0,31.75,3.5,2.25,5.75,2.5,7.0,6.0,3.0,2.25,36.75,158.0,633.0,8,0,0,2,1,1,2,0,0,0,0,1,0,0,175.26,177.8,135.0,0.0,0.0,0.55,0.3,0.5,0.0,0.0,0.0,0.0,0.0,252.0,141.0,288.0,88.0,255.0,142.0,296.0,96.0,6.0,3.0,2.0,0.0,224.0,119.0,241.0,59.0,26.0,20.0,27.0,17.0,2.0,2.0,20.0,12.0,241.0,131.0,271.0,83.0,7.0,6.0,17.0,5.0,4.0,4.0,0.0,0.0,27.0,69.0,900.0,3,0,1,0,1,1,0,0,0,0,1,0,0,0,180.34,182.88,135.0,29.0,23.0,1,0,0,0,0,0,0,0,0,0,0,0,0,0,0,1,0,0,0,0,0,0,0,1
Blue,False,0.0,0.5,0.3575,0.48625,0.165,0.1725,0.125,0.0,0.25,0.25,63.75,25.375,63.875,29.5,83.75,43.25,84.25,47.375,1.125,0.5,2.125,0.75,47.625,13.75,45.25,15.375,8.5,4.375,4.375,2.375,7.625,7.25,14.25,11.75,61.625,23.75,53.0,21.625,1.125,0.75,1.5,1.375,1.0,0.875,9.375,6.5,36.625,151.5,538.5,10,0,1,0,1,2,2,0,0,2,0,0,0,0,180.34,182.88,170.0,0.003448486328125,0.9179840087890624,0.2507661437988281,0.4291490173339843,0.0480396270751953,0.5142039489746093,0.39874267578125,0.0161285400390625,0.191436767578125,0.0,40.986061096191406,14.491539001464844,56.98809051513672,20.14130401611328,44.78065490722656,18.04888153076172,68.8741683959961,30.550537109375,0.628326416015625,0.1894073486328125,2.218223571777344,1.1369171142578125,34.82081604003906,9.564689636230469,51.393890380859375,16.762611389160156,2.9048614501953125,2.0732345581054688,3.843536376953125,2.1564712524414062,3.2603836059570312,2.8536148071289062,1.7506637573242188,1.2222213745117188,35.33753204345703,11.068580627441406,47.87541961669922,14.906608581542969,4.570777893066406,2.3844985961914062,1.3313064575195312,1.0883026123046875,1.0777511596679688,1.0384597778320312,7.781364440917969,4.146392822265625,20.28720092773437,139.98489379882812,385.6036148071289,36,0,0,1,4,10,8,0,0,1,2,5,2,0,182.88,187.96,170.0,31.0,42.0,0,0,0,0,0,0,0,0,0,1,0,0,0,0,0,1,0,0,0,0,1,0,0,0
Red,False,0.26171875,0.625,0.47181640625,0.35810546875,0.4878515625,0.03359375,0.25,0.140625,0.0,0.0,108.478515625,50.8046875,113.455078125,42.79296875,116.630859375,58.841796875,125.26953125,54.001953125,3.87890625,1.45703125,0.833984375,0.07421875,78.97265625,26.462890625,97.439453125,31.755859375,8.712890625,6.029296875,9.1875,5.8984375,20.79296875,18.3125,6.828125,5.138671875,87.564453125,38.361328125,93.744140625,27.62109375,13.78125,7.6484375,9.9375,7.65625,7.1328125,4.794921875,9.7734375,7.515625,124.4453125,11.470703125,738.98046875,25,0,0,1,2,3,7,0,0,0,1,2,0,0,175.26,180.34,185.0,0.171875,0.3169097900390625,0.5598971557617187,0.5467042541503906,0.5610250854492187,0.5079370880126953,0.5036773681640625,1.5591583251953125,0.5362625122070312,0.50018310546875,65.64276885986328,38.9566650390625,57.66603088378906,27.631866455078125,98.4359893798828,68.75505065917969,72.61917114257812,40.92155456542969,4.483428955078125,3.3872299194335938,0.6569442749023438,0.5313796997070312,51.10008239746094,27.13179016113281,48.23233795166016,20.11212158203125,6.70770263671875,4.459983825683594,5.373992919921875,4.094322204589844,7.834983825683594,7.364891052246094,4.059700012207031,3.4254226684570312,35.13880920410156,17.008148193359375,46.97460174560547,20.241943359375,5.633232116699219,4.807945251464844,1.301116943359375,1.0887069702148438,24.8707275390625,17.14057159423828,9.39031219482422,6.301216125488281,311.050048828125,90.47017669677734,690.1511993408203,36,1,0,1,3,10,8,0,0,1,5,2,2,0,187.96,193.04,185.0,40.0,34.0,0,0,0,0,0,0,0,1,0,0,0,0,0,0,0,0,0,1,0,0,1,0,0,0
Blue,False,0.0,0.0,0.485,0.36,0.73,0.5,0.0,0.0,0.0,0.0,164.0,80.0,125.0,46.5,189.5,102.5,161.0,77.0,8.5,6.0,1.0,0.5,126.5,53.5,104.0,31.5,23.0,16.5,14.5,10.0,14.5,10.0,6.5,5.0,120.5,51.0,114.5,42.0,16.0,8.5,8.5,3.5,27.5,20.5,2.0,1.0,289.5,16.5,900.0,6,0,2,0,2,2,0,0,0,1,1,0,0,0,167.64,162.56,145.0,0.0,0.0,0.298828125,0.430859375,0.338515625,0.2390625,0.1875,1.0078125,0.0625,0.1015625,86.71875,27.25,103.109375,41.9609375,129.6640625,65.1875,121.3203125,58.484375,7.75,2.046875,2.71875,0.8203125,78.140625,22.1484375,75.8203125,21.1640625,5.5546875,2.8671875,16.390625,11.5859375,3.0234375,2.234375,10.8984375,9.2109375,79.421875,23.8125,89.3828125,33.1484375,7.1875,3.359375,10.859375,7.1171875,0.109375,0.078125,2.8671875,1.6953125,254.3125,129.9921875,864.4453125,22,0,2,0,2,6,2,0,0,1,1,0,4,0,172.72,172.72,135.0,28.0,33.0,1,0,0,0,0,0,0,0,0,0,0,0,0,0,0,1,0,0,0,0,1,0,0,0
Red,False,0.0,0.0,0.75,0.5700000000000001,0.0,0.4,0.0,0.0,0.0,0.0,58.5,29.5,65.5,32.0,62.0,32.0,99.0,57.5,0.0,0.0,8.5,4.0,54.0,26.5,50.0,17.5,4.0,2.5,6.0,5.0,0.5,0.5,9.5,9.5,50.5,24.0,48.0,17.0,7.0,4.5,4.0,3.5,1.0,1.0,13.5,11.5,10.0,241.5,450.0,4,0,1,0,1,1,1,0,0,0,0,1,0,0,190.5,193.04,205.0,0.0,0.0,0.4399999999999999,0.51,0.5650000000000001,0.0,1.0,0.0,0.0,0.0,103.0,40.5,73.0,37.5,153.5,76.5,82.5,46.0,5.5,3.0,1.5,0.0,97.5,37.5,50.5,18.5,4.0,2.5,13.0,11.0,1.5,0.5,9.5,8.0,86.0,29.0,66.5,34.0,4.0,2.0,5.5,3.0,13.0,9.5,1.0,0.5,345.5,10.0,900.0,6,0,2,0,2,2,0,0,0,0,2,0,0,0,187.96,200.66,205.0,30.0,29.0,0,0,0,0,0,1,0,0,0,0,0,0,0,0,0,1,0,0,0,0,1,0,0,0
Red,False,0.015625,0.0,0.5478125,0.3140625,0.330625,0.5062500000000001,0.25,0.0,0.0,0.5,131.90625,69.59375,112.015625,38.90625,177.5625,110.125,121.78125,47.90625,3.390625,0.671875,2.84375,1.5,103.515625,47.328125,86.890625,19.890625,20.015625,14.890625,20.890625,16.296875,8.375,7.375,4.234375,2.71875,102.453125,46.015625,94.453125,25.90625,19.109375,14.34375,14.203125,10.96875,10.34375,9.234375,3.359375,2.03125,219.0,170.984375,763.25,20,0,3,0,3,6,1,0,0,0,5,0,1,0,154.94,152.4,115.0,0.00390625,0.125,0.5152880859375,0.4954736328125,0.4801562499999999,0.01681640625,0.08251953125,1.02978515625,0.0,0.0,225.57568359375,113.79296875,166.0048828125,90.9951171875,291.3291015625,171.91064453125,172.3466796875,97.14990234375,6.68310546875,2.966796875,3.79150390625,0.03515625,167.42578125,69.197265625,121.04345703125,54.75732421875,48.2744140625,35.61083984375,24.30224609375,16.4951171875,9.87548828125,8.98486328125,20.6591796875,19.74267578125,129.9130859375,49.375,135.30126953125,71.71240234375,39.337890625,24.123046875,27.08935546875,17.1572265625,56.32470703125,40.294921875,3.6142578125,2.12548828125,344.89404296875,13.0048828125,988.68408203125,29,1,0,1,3,8,4,0,0,1,4,1,2,0,154.94,157.48,115.0,28.0,26.0,0,0,0,0,0,0,0,0,0,0,0,0,0,1,0,1,0,0,0,0,1,0,0,0
Blue,False,1.8286286890506744,0.0001239776611328,0.350330560952425,0.463041749894619,0.0016355210542678,0.0967633655667305,0.0628053545951843,0.1408890783786773,3.105401992797852e-05,0.0625003427267074,171.33458526432514,60.68479849398136,98.33607858419418,43.38077960908413,176.082073032856,65.39267379045486,101.35611841082572,46.19473737478256,0.3791375756263733,0.0065369009971618,1.8805066347122192,0.6565128117799759,139.60457901656628,36.01405620574951,75.430929094553,27.347256496548653,9.74866172671318,7.353543549776077,6.626168251037598,3.07327339053154,21.981344521045685,17.317198738455772,16.278981238603592,12.960249722003937,159.55698259174824,51.64416563510895,93.37801513075829,40.38854566216469,5.788530051708221,4.3485366106033325,3.164554715156555,2.163847267627716,5.989072620868683,4.692096248269081,1.7935087382793429,0.8283866792917252,34.401243433356285,48.65314461290836,676.5604690909386,73,0,0,1,3,14,13,0,0,1,6,6,0,1,175.26,180.34,145.0,1.5,0.0,0.298125,0.401875,0.16625,0.109375,0.0625,0.0,0.0,0.0,109.0,35.6875,89.9375,33.75,115.25,39.4375,94.125,37.125,1.5,0.75,0.8125,0.3125,88.4375,20.5,71.5,20.6875,11.5625,7.5625,8.25,5.25,9.0,7.625,10.1875,7.8125,93.75,27.6875,86.0,31.625,2.8125,2.1875,3.1875,1.5625,12.4375,5.8125,0.75,0.5625,56.25,16.75,586.5,13,0,2,0,2,4,1,0,0,1,2,1,0,0,167.64,177.8,145.0,31.0,32.0,0,0,1,0,0,0,0,0,0,0,0,0,0,0,0,1,0,0,0,0,1,0,0,0
Blue,False,0.5,0.0,0.455,0.3775,0.5825,0.3,0.75,0.5,0.5,0.0,81.25,42.5,66.75,25.75,106.25,62.5,68.0,26.75,1.25,0.75,5.25,0.75,62.75,28.25,51.0,15.5,7.25,4.75,10.75,5.5,11.25,9.5,5.0,4.75,61.0,26.25,65.5,24.5,7.25,4.75,1.25,1.25,13.0,11.5,0.0,0.0,152.5,56.0,471.0,5,0,1,0,1,2,1,0,0,0,0,1,1,0,167.64,167.64,145.0,0.043212890625,0.03125,0.29824462890625,0.46782958984375,0.62411376953125,0.5,0.033447265625,0.03125,0.0,0.0,118.494140625,38.060302734375,135.729736328125,63.697509765625,147.07177734375,62.6650390625,169.11376953125,94.23779296875,3.837890625,2.07177734375,1.230224609375,0.5,86.407470703125,19.067626953125,102.32958984375,39.457763671875,17.80419921875,9.3818359375,19.754150390625,12.920654296875,14.282470703125,9.61083984375,13.64599609375,11.319091796875,104.831787109375,29.262451171875,110.32373046875,41.560791015625,7.056396484375,4.759033203125,9.122314453125,7.525146484375,6.60595703125,4.038818359375,16.28369140625,14.611572265625,184.161376953125,219.90283203125,900.448486328125,40,6,7,0,7,9,4,0,0,0,4,2,3,0,167.64,177.8,145.0,31.0,31.0,1,0,0,0,0,0,0,0,0,0,0,0,0,0,0,0,0,0,1,0,1,0,0,0
Blue,False,0.0,0.015625,0.44921875,0.319375,0.1875,0.4599999999999999,2.703125,0.5,0.5,0.0,128.296875,58.796875,94.546875,29.875,191.46875,112.171875,117.984375,46.890625,0.1875,0.1875,5.203125,2.34375,112.0,45.484375,73.609375,14.09375,11.359375,9.515625,12.484375,8.53125,4.9375,3.796875,8.453125,7.25,79.53125,27.515625,87.609375,25.671875,13.9375,10.53125,3.0,1.953125,34.828125,20.75,3.9375,2.25,197.5625,267.4375,870.09375,19,0,2,0,2,4,3,0,0,0,1,2,1,0,167.64,172.72,135.0,0.015625,0.03515625,0.4677734375,0.5521875,0.516015625,0.5,0.4375,1.1875,0.0,0.015625,43.06640625,20.34765625,19.06640625,13.41015625,52.0234375,28.0234375,38.8671875,29.5078125,3.734375,1.4375,0.5,0.5,37.75,16.53515625,17.328125,11.80859375,3.38671875,2.4453125,1.046875,0.91015625,1.9296875,1.3671875,0.69140625,0.69140625,13.3046875,2.98828125,7.78125,2.64453125,6.5546875,5.35546875,7.47265625,7.140625,23.20703125,12.00390625,3.8125,3.625,222.04296875,105.95703125,439.46875,17,1,1,0,3,5,4,0,0,1,1,1,2,0,167.64,167.64,135.0,40.0,37.0,0,0,0,0,0,0,0,0,0,0,1,0,0,0,0,1,0,0,0,0,1,0,0,0
Blue,False,0.34375,0.25,0.495078125,0.4681640625,0.4442578125,0.0,0.0078125,0.0,0.0,0.0,54.8671875,28.5703125,45.28125,22.2734375,63.65234375,37.33984375,54.17578125,30.41796875,5.2734375,2.390625,0.375,0.0,48.39453125,23.51953125,27.0546875,11.234375,5.08984375,4.05078125,8.8515625,4.91796875,1.3828125,1.0,9.375,6.12109375,30.76953125,10.8671875,38.890625,16.65234375,5.50390625,3.5,5.2578125,4.5078125,18.59375,14.203125,1.1328125,1.11328125,262.8203125,3.7421875,679.6875,16,0,0,1,3,6,3,0,0,0,2,3,1,0,177.8,185.42,205.0,0.5029296875,0.03125,0.3427398681640625,0.44427734375,0.087763671875,0.212373046875,0.3753662109375,0.28564453125,0.00390625,0.0,46.28619384765625,20.74993896484375,43.99688720703125,25.222900390625,52.57647705078125,26.91131591796875,67.01123046875,42.13153076171875,0.625244140625,0.1968994140625,5.54412841796875,2.07275390625,38.438232421875,15.31121826171875,27.86376953125,14.25238037109375,5.51641845703125,3.35858154296875,8.2698974609375,5.36810302734375,2.33154296875,2.08013916015625,7.86322021484375,5.6024169921875,39.65399169921875,15.59735107421875,31.65997314453125,15.50341796875,4.86737060546875,3.8736572265625,8.77880859375,6.261962890625,1.76483154296875,1.2789306640625,3.55810546875,3.45751953125,52.6527099609375,226.335205078125,529.4942626953125,36,1,4,0,4,10,5,0,1,0,1,5,3,0,190.5,203.2,205.0,34.0,34.0,0,0,0,0,0,1,0,0,0,0,0,0,0,0,0,1,0,0,0,0,0,0,1,0
Blue,False,1.0,0.0,0.4075,0.48,0.0,0.165,0.25,0.0,0.25,0.0,82.75,32.5,101.25,49.25,94.0,42.5,148.75,88.0,0.5,0.0,4.75,1.5,70.0,26.25,79.25,33.25,10.75,4.75,16.0,11.0,2.0,1.5,6.0,5.0,59.75,19.75,64.75,25.25,13.0,6.75,23.75,16.75,10.0,6.0,12.75,7.25,39.0,228.5,648.0,7,0,0,1,1,1,2,0,0,0,0,1,0,0,180.34,193.04,170.0,0.625,0.5625,0.454375,0.411875,0.5,0.55625,0.0,0.0,0.0,0.0,93.25,37.59375,125.0625,49.71875,94.53125,38.84375,126.9375,51.59375,0.5,0.5,2.4375,1.75,75.90625,25.21875,106.03125,33.28125,11.40625,7.0625,8.65625,6.6875,5.9375,5.3125,10.375,9.75,87.84375,33.96875,117.15625,42.71875,3.6875,2.34375,2.21875,1.875,1.71875,1.28125,5.6875,5.125,22.0625,71.125,605.9375,13,0,2,0,2,4,2,0,0,0,0,4,0,0,177.8,180.34,170.0,32.0,26.0,0,0,0,0,0,0,0,0,0,1,0,0,0,0,0,1,0,0,0,0,1,0,0,0
Blue,False,0.353515625,0.5234375,0.538125,0.4723046875,0.0578125,0.1748046875,0.0,0.251953125,0.0,0.0,43.017578125,22.6640625,40.185546875,17.390625,44.677734375,24.13671875,45.384765625,21.76953125,0.6328125,0.2578125,1.060546875,0.41015625,26.171875,10.154296875,34.17578125,12.595703125,8.69921875,4.732421875,2.7890625,1.80078125,8.146484375,7.77734375,3.220703125,2.994140625,39.333984375,20.134765625,33.94921875,13.10546875,1.3125,1.056640625,1.814453125,1.0625,2.37109375,1.47265625,4.421875,3.22265625,16.83203125,61.384765625,324.048828125,19,0,1,0,3,6,4,0,0,0,3,3,0,0,182.88,185.42,170.0,0.000732421875,1.6884765625,0.3403369140625,0.465986328125,0.125244140625,0.17662109375,0.04052734375,0.12646484375,0.0,0.125244140625,85.807861328125,29.832763671875,112.0869140625,48.09375,104.848388671875,45.423095703125,124.373046875,59.128662109375,0.130126953125,0.125244140625,1.068115234375,0.454345703125,58.2822265625,14.61376953125,91.343994140625,34.630126953125,22.520263671875,12.714599609375,9.1484375,3.56494140625,5.00537109375,2.50439453125,11.594482421875,9.898681640625,75.723876953125,23.52490234375,90.155029296875,35.437744140625,6.672119140625,3.09912109375,7.279052734375,3.949462890625,3.411865234375,3.208740234375,14.65283203125,8.70654296875,12.917236328125,134.403076171875,568.27978515625,27,0,3,0,3,8,5,0,0,1,2,2,3,0,187.96,195.58,170.0,36.0,34.0,0,0,0,0,0,0,0,0,0,1,0,0,0,0,0,0,0,1,0,0,1,0,0,0
Blue,False,0.15625,0.0,0.466875,0.3909375,0.25,0.28,0.0,0.0625,0.03125,0.0,174.59375,81.3125,229.15625,97.46875,184.78125,90.0625,243.28125,110.4375,0.28125,0.25,3.1875,1.1875,129.59375,49.75,171.75,55.65625,24.90625,14.59375,32.4375,19.59375,20.09375,16.96875,24.96875,22.21875,157.15625,68.6875,204.59375,85.0625,15.25,11.15625,23.4375,11.875,2.1875,1.46875,1.125,0.53125,57.875,94.8125,854.1875,16,0,1,0,1,2,4,0,0,0,2,0,0,0,160.02,162.56,115.0,0.0,0.0625,0.265625,0.3712499999999999,0.04125,0.6475,0.6875,0.25,0.0,0.0,144.9375,31.8125,93.0625,34.125,157.3125,40.8125,152.25,88.9375,0.375,0.125,7.4375,3.4375,134.5,25.8125,75.625,23.0,8.5,5.0,7.6875,4.75,1.9375,1.0,9.75,6.375,138.125,26.9375,74.5,22.0,2.0625,0.25,6.0,4.4375,4.75,4.625,12.5625,7.6875,32.9375,242.375,849.375,13,0,1,0,2,3,2,0,0,1,1,0,1,0,170.18,170.18,125.0,33.0,26.0,0,0,0,0,0,0,0,0,0,0,0,0,0,1,0,1,0,0,0,0,1,0,0,0
Blue,False,0.015625,0.0,0.45,0.4275,0.25,0.2,0.148468017578125,0.098388671875,0.0,0.0,66.5,29.6875,64.31230545043945,27.34375,89.75,48.0,85.53125,44.41152191162109,2.0,0.75,2.0546875,0.75,51.1875,18.3359375,49.6123046875,16.280410766601562,7.5,5.07647705078125,7.5,5.0,4.5,3.625,4.984375,3.9375,48.6875,17.0,47.11572265625,16.5,5.75,3.75,5.3125,3.4375,5.0625,3.5,3.875,2.5,99.2119140625,94.125,638.5,0,0,0,0,0,0,0,0,0,0,0,0,0,0,177.8,180.34,145.0,0.0,0.5625,0.34375,0.440625,0.0725,0.170625,0.0,0.75,0.0,0.0,163.375,59.0625,149.375,65.125,206.0,86.3125,186.125,98.5,1.0625,0.1875,1.5625,0.8125,131.0625,34.75,119.625,48.1875,12.1875,8.3125,20.25,10.25,20.125,16.0,9.5,6.6875,153.625,53.9375,130.5,51.8125,7.3125,3.0625,4.5,2.5,2.4375,2.0625,14.375,10.8125,129.25,221.0,868.5625,14,0,0,2,1,1,4,0,0,1,0,0,0,0,175.26,182.88,135.0,23.0,26.0,1,0,0,0,0,0,0,0,0,0,0,0,0,0,0,1,0,0,0,0,1,0,0,0
Red,False,0.015625,0.0,0.45,0.4275,0.25,0.2,0.148468017578125,0.098388671875,0.0,0.0,66.5,29.6875,64.31230545043945,27.34375,89.75,48.0,85.53125,44.41152191162109,2.0,0.75,2.0546875,0.75,51.1875,18.3359375,49.6123046875,16.280410766601562,7.5,5.07647705078125,7.5,5.0,4.5,3.625,4.984375,3.9375,48.6875,17.0,47.11572265625,16.5,5.75,3.75,5.3125,3.4375,5.0625,3.5,3.875,2.5,99.2119140625,94.125,638.5,0,0,0,0,0,0,0,0,0,0,0,0,0,0,190.5,187.96,205.0,0.03271484375,0.0,0.41143798828125,0.48372802734375,0.0,0.1664111328125,0.0078125,0.0,0.0,0.0,79.584716796875,33.2109375,66.57373046875,32.985107421875,100.970458984375,53.2021484375,79.138427734375,44.8349609375,0.125,0.0,7.581787109375,1.18798828125,59.310791015625,18.067626953125,50.121826171875,19.70361328125,10.453369140625,9.10791015625,8.209228515625,5.631103515625,9.820556640625,6.035400390625,8.24267578125,7.650390625,61.941162109375,18.946533203125,53.83447265625,23.807861328125,16.708984375,13.494140625,12.7353515625,9.17529296875,0.9345703125,0.770263671875,0.00390625,0.001953125,14.70751953125,216.11962890625,886.6533203125,28,0,0,1,4,8,5,0,0,1,2,4,1,0,187.96,190.5,205.0,29.0,31.0,0,0,0,0,0,1,0,0,0,0,0,0,0,0,0,1,0,0,0,0,0,0,1,0
Red,False,0.5625,0.0,0.38859375,0.44390625,0.05203125,0.785,0.203125,0.828125,0.171875,0.0625,37.25,14.546875,22.640625,10.21875,43.03125,19.3125,30.3125,17.328125,0.640625,0.296875,3.0625,1.9375,29.296875,10.484375,15.921875,5.796875,4.53125,1.640625,2.765625,1.734375,3.421875,2.421875,3.953125,2.6875,29.3125,9.796875,20.84375,9.21875,1.796875,1.515625,0.65625,0.421875,6.140625,3.234375,1.140625,0.578125,50.5625,89.828125,313.796875,14,0,2,0,2,3,4,0,0,1,0,1,1,0,170.18,177.8,135.0,0.0,0.0,0.56863037109375,0.24865234375,0.40539794921875,0.34779296875,1.30078125,0.625,0.131103515625,0.34765625,65.587646484375,21.090087890625,36.533935546875,17.89208984375,78.91259765625,34.02294921875,75.843017578125,50.7158203125,5.9873046875,2.002197265625,0.83837890625,0.45556640625,55.96875,13.65283203125,32.24267578125,14.452392578125,6.035888671875,3.999267578125,2.587890625,1.989501953125,3.5830078125,3.43798828125,1.703369140625,1.4501953125,61.086181640625,18.346923828125,28.958251953125,11.248779296875,2.6787109375,1.310791015625,1.167236328125,0.791015625,1.82275390625,1.432373046875,6.408447265625,5.852294921875,159.0302734375,138.010986328125,493.42919921875,32,0,1,0,4,9,4,0,0,1,4,0,4,0,167.64,170.18,135.0,31.0,33.0,1,0,0,0,0,0,0,0,0,0,0,0,0,0,0,1,0,0,0,0,1,0,0,0
Blue,False,0.0,0.0,0.6,0.28,0.5,0.0,3.0,0.0,0.0,0.0,40.0,24.0,28.0,8.0,62.0,42.0,29.0,9.0,4.0,2.0,2.0,0.0,25.0,13.0,27.0,7.0,8.0,5.0,0.0,0.0,7.0,6.0,1.0,1.0,21.0,9.0,27.0,7.0,8.0,7.0,1.0,1.0,11.0,8.0,0.0,0.0,218.0,55.0,414.0,2,0,1,0,1,1,0,0,0,0,0,0,1,0,167.64,165.1,125.0,0.0,0.0,0.5425,0.255,0.5625,0.4875,0.25,1.75,0.0,0.0,103.0,58.75,59.75,18.5,170.0,119.25,78.5,34.75,7.0,3.75,3.75,2.0,92.25,49.75,51.0,12.5,8.25,7.0,4.75,3.25,2.5,2.0,4.0,2.75,55.75,20.0,52.5,14.0,1.25,0.25,2.25,1.25,46.0,38.5,5.0,3.25,319.5,147.5,900.0,9,0,0,2,1,1,2,0,0,0,1,0,0,0,167.64,172.72,125.0,25.0,27.0,0,0,0,1,0,0,0,0,0,0,0,0,0,0,0,1,0,0,0,0,1,0,0,0
Red,False,0.0,1.0,0.28,0.4649999999999999,0.0,1.0,0.5,0.0,0.0,0.0,108.5,29.0,130.5,59.0,110.0,30.5,135.5,64.0,1.5,0.0,1.0,1.0,92.0,16.0,97.5,30.5,5.5,4.5,24.0,19.5,11.0,8.5,9.0,9.0,106.5,28.5,107.5,40.5,1.5,0.0,8.5,8.0,0.5,0.5,14.5,10.5,15.0,134.0,536.0,5,0,0,2,0,0,2,0,0,0,0,0,0,0,187.96,198.12,170.0,0.0471682548522949,0.0,0.45,0.4217682266235352,0.25,0.19173828125,0.1875,0.125,0.0,0.0,69.5,30.5,66.984375,27.8466796875,94.0,48.544921875,88.50390625,44.75,2.0,0.8125,2.015625,0.6640625,54.0,19.01513671875,51.483436584472656,16.9437255859375,7.91796875,5.430633544921875,7.75,5.0625,4.780975341796875,3.9373779296875,4.8994140625,3.84375,51.025390625,18.400863647460938,50.515625,17.5,5.75,3.75,5.5,3.5,5.375,3.6875,4.0,2.65625,104.865234375,89.5,655.8441009521484,0,0,0,0,0,0,0,0,0,0,0,0,0,0,180.34,190.5,170.0,26.0,27.0,0,0,0,0,0,0,0,0,0,1,0,0,0,0,0,1,0,0,0,0,0,0,1,0
Blue,False,0.0,0.0,0.33,0.25,1.0,0.2,0.0,0.0,0.0,0.0,112.0,38.0,132.0,33.0,133.0,59.0,134.0,35.0,1.0,1.0,15.0,3.0,87.0,19.0,117.0,29.0,11.0,7.0,15.0,4.0,14.0,12.0,0.0,0.0,106.0,35.0,118.0,26.0,6.0,3.0,14.0,7.0,0.0,0.0,0.0,0.0,8.0,230.0,900.0,3,0,0,1,0,0,1,0,0,0,0,0,0,0,177.8,182.88,135.0,0.0471682548522949,0.0,0.45,0.4217682266235352,0.25,0.19173828125,0.1875,0.125,0.0,0.0,69.5,30.5,66.984375,27.8466796875,94.0,48.544921875,88.50390625,44.75,2.0,0.8125,2.015625,0.6640625,54.0,19.01513671875,51.483436584472656,16.9437255859375,7.91796875,5.430633544921875,7.75,5.0625,4.780975341796875,3.9373779296875,4.8994140625,3.84375,51.025390625,18.400863647460938,50.515625,17.5,5.75,3.75,5.5,3.5,5.375,3.6875,4.0,2.65625,104.865234375,89.5,655.8441009521484,0,0,0,0,0,0,0,0,0,0,0,0,0,0,177.8,177.8,145.0,27.0,27.0,0,0,1,0,0,0,0,0,0,0,0,0,0,0,0,1,0,0,0,0,1,0,0,0
Red,False,0.0625,0.0,0.520625,0.51125,0.748125,0.10375,0.0,0.125,0.0,0.0,169.9375,86.4375,160.1875,89.25,215.4375,124.1875,186.5,112.5625,1.6875,1.1875,5.5,0.875,137.125,60.6875,126.75,59.625,14.375,9.375,21.25,18.8125,18.4375,16.375,12.1875,10.8125,138.875,64.8125,140.0,75.125,11.8125,8.25,18.1875,12.375,19.25,13.375,2.0,1.75,168.625,259.1875,1156.5625,16,0,0,1,3,3,2,0,0,0,1,2,0,0,190.5,198.12,249.0,0.28125,0.00390625,0.437333984375,0.445078125,0.057607421875,0.1004541015625,0.0,0.126953125,0.001953125,0.00048828125,105.07666015625,43.6494140625,80.6171875,37.22509765625,106.8623046875,45.39208984375,94.767578125,49.90869140625,1.91943359375,0.1416015625,2.57763671875,1.02197265625,88.40283203125,32.890625,53.4150390625,19.55029296875,11.8583984375,8.4443359375,18.56982421875,9.68310546875,4.8154296875,2.314453125,8.63232421875,7.99169921875,88.73974609375,32.52099609375,74.2314453125,32.04150390625,5.77783203125,2.94921875,4.91943359375,4.33349609375,10.55908203125,8.17919921875,1.46630859375,0.85009765625,41.3515625,105.08837890625,904.01708984375,25,0,2,0,6,9,3,0,0,1,0,8,0,0,190.5,200.66,260.0,32.0,33.0,0,0,0,0,1,0,0,0,0,0,0,0,0,0,0,1,0,0,0,0,1,0,0,0
Blue,False,0.015625,0.0,0.45,0.4275,0.25,0.2,0.148468017578125,0.098388671875,0.0,0.0,66.5,29.6875,64.31230545043945,27.34375,89.75,48.0,85.53125,44.41152191162109,2.0,0.75,2.0546875,0.75,51.1875,18.3359375,49.6123046875,16.280410766601562,7.5,5.07647705078125,7.5,5.0,4.5,3.625,4.984375,3.9375,48.6875,17.0,47.11572265625,16.5,5.75,3.75,5.3125,3.4375,5.0625,3.5,3.875,2.5,99.2119140625,94.125,638.5,0,0,0,0,0,0,0,0,0,0,0,0,0,0,187.96,193.04,170.0,1.072983741760254,0.1254901885986328,0.4423624944686889,0.3460886001586914,0.5136796188354492,0.2870478725433349,0.1328258514404297,0.2661194801330566,0.001953125,0.0156254768371582,129.95271015167236,59.33960580825806,126.6793441772461,44.72825193405152,147.2615294456482,75.78301763534546,141.4057035446167,56.86176872253418,0.5943641662597656,0.5391883850097656,2.5621204376220703,1.295179843902588,95.97479915618896,31.36884450912476,102.5235161781311,28.881260871887207,11.245861530303957,8.503100872039795,12.31548023223877,8.718148708343506,22.732049465179443,19.467660427093502,11.84034776687622,7.128842353820801,106.441068649292,44.2804012298584,114.209707736969,36.38384008407593,9.80425214767456,5.811954498291016,7.437714099884033,4.321558952331543,13.70738935470581,9.247250080108644,5.031922340393066,4.022852897644043,93.66942071914671,138.57032251358032,821.484188079834,53,1,0,1,7,14,8,0,0,0,5,7,1,1,175.26,177.8,170.0,30.0,34.0,0,0,0,0,0,0,0,0,0,1,0,0,0,0,0,1,0,0,0,0,1,0,0,0
Blue,False,0.0625,0.5,0.3931249999999999,0.499375,0.0625,0.19375,0.1875,0.0,0.5625,0.0,105.625,42.125,71.3125,35.75,143.8125,75.5,80.0,43.3125,3.1875,0.0625,3.5,1.0,84.75,28.6875,59.5625,27.6875,15.6875,8.8125,8.5625,5.25,5.1875,4.625,3.1875,2.8125,94.4375,34.375,60.1875,29.9375,7.9375,4.5625,5.3125,3.125,3.25,3.1875,5.8125,2.6875,144.0625,106.0625,646.9375,10,0,2,0,2,3,2,0,0,0,1,1,1,0,175.26,187.96,155.0,0.0,0.0,0.515,0.25,0.47,0.0,0.0,0.5,0.0,0.0,165.5,84.0,92.0,24.0,233.5,139.0,97.0,28.5,6.5,3.0,1.5,0.0,146.5,73.0,76.5,17.0,13.0,7.0,11.0,3.0,6.0,4.0,4.5,4.0,88.5,28.0,89.5,23.0,10.0,7.5,2.5,1.0,67.0,48.5,0.0,0.0,322.0,18.5,732.0,5,0,2,0,2,2,0,0,0,0,1,1,0,0,175.26,172.72,145.0,33.0,29.0,0,0,0,0,0,0,1,0,0,0,0,0,0,0,0,1,0,0,0,0,1,0,0,0
Red,False,0.5,0.625,0.35,0.4775,0.0,0.04625,0.0,0.25,0.125,0.0,55.75,25.125,44.75,21.5,61.25,30.375,50.25,26.5,0.0,0.0,4.0,0.375,49.875,22.0,35.5,16.0,3.625,1.875,7.0,3.75,2.25,1.25,2.25,1.75,37.125,14.75,34.75,15.0,13.125,7.0,4.125,2.125,5.5,3.375,5.875,4.375,18.375,65.5,254.5,6,0,0,3,1,1,3,0,0,0,0,1,0,0,177.8,182.88,155.0,0.25,0.25,0.5359375,0.4134375,0.375,0.39375,0.15625,1.0625,0.125,0.0,98.5625,49.90625,92.84375,33.5625,113.0,62.6875,103.84375,43.46875,3.40625,1.65625,1.875,1.125,71.25,29.96875,62.03125,11.59375,14.09375,9.28125,9.1875,4.8125,13.21875,10.65625,21.625,17.15625,90.15625,42.90625,88.3125,30.75,4.65625,3.9375,1.0,0.625,3.75,3.0625,3.53125,2.1875,79.125,125.71875,705.3125,13,0,2,0,2,4,2,0,0,0,2,1,1,0,182.88,180.34,170.0,30.0,21.0,0,0,0,0,0,0,1,0,0,0,0,0,0,0,0,1,0,0,0,0,1,0,0,0
Red,False,0.015899658203125,0.0625,0.457469482421875,0.3865411376953125,0.58704833984375,0.1653878784179687,0.251220703125,0.25225830078125,0.001953125,0.06256103515625,110.29373168945312,51.70843505859375,75.53005981445312,29.498077392578125,128.762939453125,66.70645141601562,94.93875122070312,47.41302490234375,1.48773193359375,0.7939453125,4.743408203125,0.854278564453125,91.05145263671876,34.33892822265625,55.31512451171875,15.386322021484377,15.463836669921877,13.6395263671875,12.68109130859375,8.243133544921875,3.7784423828125,3.72998046875,7.533843994140625,5.868621826171875,86.22305297851562,33.801361083984375,65.62994384765625,23.0968017578125,11.19354248046875,8.624237060546875,5.01275634765625,3.144378662109375,12.87713623046875,9.2828369140625,4.887359619140625,3.25689697265625,202.92623901367188,127.83197021484376,766.8827209472656,39,0,1,0,7,12,4,0,0,1,6,2,2,1,175.26,177.8,155.0,0.75390625,0.140625,0.336328125,0.3784765625,0.0625,0.548828125,0.39453125,0.0,0.01171875,0.0,99.48828125,33.39453125,57.57421875,22.58203125,102.17578125,36.08203125,59.6015625,24.5078125,0.26953125,0.125,2.1484375,1.28515625,78.75390625,22.02734375,38.359375,9.4609375,15.13671875,7.89453125,10.7109375,5.99609375,5.59765625,3.47265625,8.50390625,7.125,90.8046875,26.828125,52.56640625,19.10546875,3.05078125,2.94140625,3.2421875,2.2421875,5.6328125,3.625,1.765625,1.234375,23.9140625,49.34375,479.8515625,18,0,5,0,5,8,1,0,0,0,3,2,3,0,190.5,193.04,155.0,39.0,30.0,0,0,0,0,0,0,1,0,0,0,0,0,0,0,0,0,0,1,0,0,1,0,0,0
Red,False,1.6025390625,1.03125,0.4105078125,0.512568359375,0.5,0.23955078125,0.140625,0.017578125,0.5625,0.0,125.7578125,54.0107421875,123.8916015625,67.3984375,129.59765625,57.0380859375,127.49609375,70.7998046875,0.59375,0.5,3.0546875,1.1416015625,105.93359375,39.7939453125,87.9013671875,41.7783203125,14.3330078125,9.5810546875,29.6591796875,20.072265625,5.4912109375,4.6357421875,6.3310546875,5.5478515625,105.2841796875,39.630859375,103.4287109375,52.6884765625,11.236328125,7.103515625,18.166015625,13.5380859375,9.2373046875,7.2763671875,2.296875,1.171875,46.53125,106.3037109375,601.1982421875,20,0,0,3,3,6,5,0,0,1,0,2,3,0,177.8,190.5,155.0,0.203599214553833,0.8125104904174805,0.5339295282959937,0.4679974627494812,0.3211418804526329,0.0063404124975204,0.0558015406131744,0.0625000596046447,0.0005035400390625,1.52587890625e-05,75.57871624827385,38.021986335515976,91.13388261198996,44.5863082408905,80.8607442677021,42.76174286007881,93.734020113945,47.04411005973816,3.918370872735977,0.8218465745449066,0.5689568221569061,0.0318756401538848,52.22602966427803,19.093305319547653,73.0032317340374,31.01750019192696,14.345249235630035,10.974066615104675,15.5367870926857,11.450284570455551,9.007437348365784,7.954614400863647,2.593863785266876,2.118523478507996,63.69222569465637,30.27734819054604,66.38654315471649,28.447291284799576,11.128943085670471,7.067535698413849,21.48536401987076,14.302892506122587,0.7575474679470062,0.6771024465560913,3.261975437402725,1.836124449968338,46.38665422797203,11.94650173187256,468.8434893488884,54,1,4,0,8,19,7,0,0,0,6,8,5,0,185.42,185.42,155.0,30.0,34.0,0,0,0,0,0,0,0,0,0,1,0,0,0,0,0,1,0,0,0,0,1,0,0,0
Red,False,0.015625,0.0,0.45,0.4275,0.25,0.2,0.148468017578125,0.098388671875,0.0,0.0,66.5,29.6875,64.31230545043945,27.34375,89.75,48.0,85.53125,44.41152191162109,2.0,0.75,2.0546875,0.75,51.1875,18.3359375,49.6123046875,16.280410766601562,7.5,5.07647705078125,7.5,5.0,4.5,3.625,4.984375,3.9375,48.6875,17.0,47.11572265625,16.5,5.75,3.75,5.3125,3.4375,5.0625,3.5,3.875,2.5,99.2119140625,94.125,638.5,0,0,0,0,0,0,0,0,0,0,0,0,0,0,187.96,193.04,185.0,1.0,0.0,0.6,0.28,0.33,0.0,3.0,0.0,0.0,0.0,93.0,56.0,60.0,17.0,121.0,80.0,60.0,17.0,3.0,1.0,0.0,0.0,72.0,40.0,50.0,9.0,12.0,8.0,3.0,2.0,9.0,8.0,7.0,6.0,64.0,30.0,60.0,17.0,13.0,12.0,0.0,0.0,16.0,14.0,0.0,0.0,259.0,22.0,900.0,3,0,1,0,1,1,0,0,0,0,1,0,0,0,182.88,193.04,185.0,31.0,28.0,0,0,0,0,0,0,0,1,0,0,0,0,0,0,0,1,0,0,0,0,0,0,1,0
Red,False,0.5,0.5,0.3,0.325,0.25,0.66,0.25,0.25,0.25,0.0,151.25,47.0,117.5,39.25,158.0,53.25,138.75,54.0,1.0,0.5,4.25,2.75,128.75,31.5,106.0,31.25,21.0,14.75,6.75,3.5,1.5,0.75,4.75,4.5,138.25,39.25,107.25,33.0,6.5,3.75,7.25,3.25,6.5,4.0,3.0,3.0,40.75,103.75,734.0,8,0,0,1,1,1,2,0,0,1,0,0,0,0,167.64,172.72,135.0,0.0,1.0,0.33,0.54,1.0,0.0,0.0,1.0,0.0,0.0,6.0,2.0,22.0,12.0,19.0,12.0,26.0,15.0,1.0,1.0,0.0,0.0,5.0,2.0,22.0,12.0,1.0,0.0,0.0,0.0,0.0,0.0,0.0,0.0,3.0,1.0,4.0,1.0,0.0,0.0,2.0,1.0,3.0,1.0,16.0,10.0,142.0,61.0,236.0,1,0,0,1,0,0,1,0,0,0,0,0,0,0,167.64,167.64,125.0,26.0,31.0,0,0,0,1,0,0,0,0,0,0,0,0,0,0,0,1,0,0,0,0,1,0,0,0
Blue,False,0.25,0.25,0.3512499999999999,0.3175,0.0,0.54125,0.125,0.0,0.0,0.0,133.125,49.5,100.875,32.375,139.375,55.375,105.0,36.125,0.375,0.0,1.625,1.125,117.5,38.625,67.75,13.25,9.25,5.75,24.125,14.0,6.375,5.125,9.0,5.125,124.0,44.875,94.0,29.375,6.25,3.375,4.5,1.25,2.875,1.25,2.375,1.75,17.0,48.625,825.0,11,0,2,0,2,2,2,0,0,1,1,0,0,0,180.34,182.88,170.0,0.000274658203125,0.5156402587890625,0.6573867034912109,0.5455626678466796,0.0899659729003906,0.1697633361816406,0.0005111694335937,0.3878631591796875,6.103515625e-05,0.001251220703125,37.059661865234375,17.09539031982422,52.21650695800781,26.78748321533203,37.80207061767578,17.795257568359375,62.41909790039063,36.44268035888672,1.9997787475585935,0.4328231811523437,1.783416748046875,0.5189361572265625,20.13001251220703,5.666030883789063,37.87164306640625,15.363044738769531,6.78363037109375,3.998504638671875,7.245780944824219,4.9710540771484375,10.146018981933594,7.430854797363281,7.099082946777344,6.453384399414063,33.40337371826172,13.906402587890623,39.17828369140625,16.962913513183594,3.4594268798828125,3.058441162109375,9.809768676757812,6.72998046875,0.1968612670898437,0.1305465698242187,3.22845458984375,3.094589233398437,30.53379821777344,64.05998992919922,337.52723693847656,44,0,2,0,2,6,12,0,0,1,3,1,1,0,177.8,182.88,170.0,27.0,37.0,0,0,0,0,0,0,0,0,0,1,0,0,0,0,0,1,0,0,0,0,1,0,0,0
Blue,False,0.0,0.0,0.395,0.46,0.0,0.07,1.0,0.0,0.0,0.0,186.5,76.0,153.0,70.0,235.0,116.0,165.0,80.5,1.0,0.0,4.0,0.5,161.5,59.5,117.5,42.0,19.5,13.0,24.5,17.5,5.5,3.5,11.0,10.5,162.5,56.0,121.0,49.0,23.5,19.5,27.5,18.5,0.5,0.5,4.5,2.5,186.5,214.0,900.0,6,0,0,1,1,1,1,0,0,0,1,0,0,0,172.72,170.18,125.0,0.0,0.0,0.44,0.4075,0.125,0.4375,0.75,0.0,0.25,0.25,25.5,9.75,34.0,17.0,57.0,39.0,78.5,58.25,3.0,0.25,1.75,1.5,22.75,8.0,26.25,10.75,1.0,0.25,6.0,4.5,1.75,1.5,1.75,1.75,18.75,5.75,16.25,5.5,3.5,1.75,2.0,1.0,3.25,2.25,15.75,10.5,51.75,373.0,535.5,7,0,1,0,1,2,1,0,0,0,1,0,1,0,170.18,170.18,135.0,23.0,29.0,0,0,0,0,0,0,0,0,0,0,1,0,0,0,0,1,0,0,0,0,1,0,0,0
Red,False,0.0,0.25,0.4649999999999999,0.4499999999999999,0.5925,0.0,0.0,0.0,0.0,0.0,83.25,38.75,51.0,23.0,118.25,66.5,96.5,66.0,12.75,7.25,0.75,0.0,71.5,30.0,35.25,11.75,7.75,5.25,9.75,6.25,4.0,3.5,6.0,5.0,42.0,13.5,41.25,17.0,12.25,6.75,5.5,3.75,29.0,18.5,4.25,2.25,615.25,80.25,900.0,9,0,3,0,3,3,0,0,0,0,3,0,0,0,180.34,180.34,145.0,0.25,0.0,0.6125,0.285,0.5674999999999999,0.625,0.0,0.0,0.25,0.25,110.75,68.25,80.25,21.5,120.5,76.5,83.5,24.5,9.5,4.25,2.25,0.75,81.0,43.5,69.75,15.75,10.5,8.25,7.25,3.5,19.25,16.5,3.25,2.25,60.5,32.0,75.0,18.75,18.25,12.25,4.75,2.25,32.0,24.0,0.5,0.5,395.75,38.5,781.5,8,0,3,0,3,3,0,0,0,0,2,1,0,0,167.64,180.34,145.0,25.0,29.0,0,0,1,0,0,0,0,0,0,0,0,0,0,0,0,1,0,0,0,0,1,0,0,0
Blue,False,0.015625,0.0,0.45,0.4275,0.25,0.2,0.148468017578125,0.098388671875,0.0,0.0,66.5,29.6875,64.31230545043945,27.34375,89.75,48.0,85.53125,44.41152191162109,2.0,0.75,2.0546875,0.75,51.1875,18.3359375,49.6123046875,16.280410766601562,7.5,5.07647705078125,7.5,5.0,4.5,3.625,4.984375,3.9375,48.6875,17.0,47.11572265625,16.5,5.75,3.75,5.3125,3.4375,5.0625,3.5,3.875,2.5,99.2119140625,94.125,638.5,0,0,0,0,0,0,0,0,0,0,0,0,0,0,193.04,203.2,185.0,0.0,3.0,0.52,0.53,0.4,0.0,0.0,1.0,0.0,0.0,46.0,24.0,81.0,43.0,58.0,34.0,82.0,44.0,5.0,2.0,0.0,0.0,30.0,11.0,74.0,36.0,6.0,4.0,7.0,7.0,10.0,9.0,0.0,0.0,43.0,22.0,43.0,18.0,3.0,2.0,16.0,14.0,0.0,0.0,22.0,11.0,138.0,29.0,490.0,2,0,0,1,0,0,1,0,0,0,0,0,0,0,190.5,203.2,185.0,28.0,25.0,0,0,0,0,0,0,0,1,0,0,0,0,0,0,0,0,0,0,1,0,1,0,0,0
Blue,False,0.5,0.0,0.454375,0.5237499999999999,0.6725,0.0625,0.0,0.0,0.0,0.0,105.3125,45.375,75.3125,33.4375,129.875,66.25,85.5625,43.25,7.25,3.4375,0.4375,0.1875,90.6875,31.5625,60.4375,21.4375,8.0,7.375,8.75,6.875,6.625,6.4375,6.125,5.125,80.0625,23.8125,64.1875,25.5,13.125,11.1875,10.875,7.8125,12.125,10.375,0.25,0.125,199.1875,14.5625,533.25,11,0,0,1,2,3,2,0,0,0,1,1,0,1,193.04,203.2,265.0,0.10821533203125,0.26171875,0.4451043701171875,0.49974609375,0.0089599609375,0.0758526611328125,0.0001220703125,0.0006103515625,0.00048828125,0.00048828125,83.63385009765625,38.2303466796875,101.40264892578124,48.25408935546875,90.61785888671876,44.30828857421875,119.615478515625,64.62060546875,0.01910400390625,0.01251220703125,3.1202392578125,0.59893798828125,62.86138916015625,24.4580078125,74.18994140625,27.7215576171875,13.880126953125,7.5264892578125,18.90679931640625,15.02008056640625,6.892333984375,6.245849609375,8.305908203125,5.512451171875,76.85009765625,32.0369873046875,84.24212646484375,35.36529541015625,6.42822265625,5.84210205078125,9.21221923828125,6.53253173828125,0.35552978515625,0.35125732421875,7.94830322265625,6.35626220703125,2.0068359375,130.18402099609375,903.226806640625,39,1,0,1,4,8,7,0,0,0,1,7,0,0,177.8,182.88,265.0,26.0,43.0,0,0,0,0,1,0,0,0,0,0,0,0,0,0,0,1,0,0,0,0,1,0,0,0
Red,False,0.0,1.0,0.28,0.55,0.0,0.0,0.0,0.0,0.0,0.0,131.0,37.0,108.0,60.0,131.0,37.0,121.0,73.0,2.0,0.0,0.0,0.0,120.0,30.0,93.0,49.0,10.0,6.0,5.0,2.0,1.0,1.0,10.0,9.0,126.0,35.0,81.0,40.0,4.0,2.0,11.0,10.0,1.0,0.0,16.0,10.0,12.0,23.0,474.0,2,0,0,1,0,0,1,0,0,0,0,0,0,0,185.42,198.12,185.0,0.25,0.25,0.59,0.505,0.25,0.4,0.25,0.0,0.0,0.0,37.5,22.25,47.25,25.75,50.75,34.25,62.25,39.25,0.5,0.5,3.25,2.0,19.5,10.5,41.5,20.25,7.25,5.0,4.5,4.25,10.75,6.75,1.25,1.25,25.5,12.5,24.5,8.25,8.25,6.0,5.0,4.0,3.75,3.75,17.75,13.5,88.5,222.5,574.25,5,0,2,0,2,2,1,0,0,0,0,1,1,0,190.5,200.66,205.0,31.0,26.0,0,0,0,0,0,1,0,0,0,0,0,0,0,0,0,1,0,0,0,0,1,0,0,0
Blue,False,0.5,0.375,0.59625,0.6225,0.3325,0.125,0.0,0.25,0.25,0.5,47.875,24.5,56.0,28.625,75.625,49.875,76.0,47.375,1.75,1.25,1.0,0.5,38.625,16.5,45.875,21.375,5.25,4.0,8.25,6.0,4.0,4.0,1.875,1.25,31.125,14.125,38.625,16.875,7.25,4.625,10.625,7.125,9.5,5.75,6.75,4.625,172.75,112.25,437.375,10,0,0,2,2,2,2,0,0,0,1,1,0,0,180.34,177.8,155.0,0.125,0.375,0.4,0.51375,0.160625,0.144375,0.6875,0.125,0.0,0.5,159.9375,63.8125,174.0,89.25,169.375,72.5,215.625,128.25,3.8125,1.0625,3.0625,0.8125,135.9375,44.8125,157.5625,76.875,15.0,10.3125,13.8125,10.75,9.0,8.6875,2.625,1.625,152.625,58.75,154.0625,73.3125,4.875,3.3125,14.75,12.5625,2.4375,1.75,5.1875,3.375,71.4375,144.375,682.1875,11,0,0,1,2,2,3,0,0,1,0,1,0,0,177.8,172.72,155.0,29.0,33.0,0,0,0,0,0,0,1,0,0,0,0,0,0,0,0,1,0,0,0,0,1,0,0,0
Red,False,0.0,0.375,0.41125,0.50875,0.625,0.0,0.5,0.5,0.0,0.0,31.75,14.5,24.75,13.25,79.125,52.5,30.375,18.125,2.5,2.125,0.125,0.0,29.5,13.375,19.625,9.375,2.25,1.125,2.75,2.0,0.0,0.0,2.375,1.875,17.875,3.75,16.25,7.0,1.125,0.625,1.5,1.0,12.75,10.125,7.0,5.25,200.25,13.75,293.125,5,0,0,1,1,2,2,0,0,0,0,1,1,0,182.88,187.96,247.0,1.0,0.0,0.61,0.52,0.0,0.0,0.0,0.0,0.0,0.0,36.0,22.0,19.0,10.0,36.0,22.0,28.0,19.0,2.0,0.0,2.0,0.0,29.0,16.0,11.0,2.0,4.0,3.0,7.0,7.0,3.0,3.0,1.0,1.0,25.0,14.0,10.0,3.0,9.0,6.0,7.0,7.0,2.0,2.0,2.0,0.0,74.0,38.0,275.0,1,0,1,0,1,1,0,0,0,0,0,1,0,0,187.96,190.5,264.0,32.0,24.0,0,0,0,0,1,0,0,0,0,0,0,0,0,0,0,1,0,0,0,0,0,0,1,0
Red,True,0.0390625,0.5078125,0.604921875,0.45546875,0.325,0.3125,0.3125,0.0,0.0,0.0,79.984375,51.265625,53.9296875,25.1796875,92.0,61.71875,69.4375,40.3125,3.0703125,1.3125,1.828125,0.875,59.2421875,34.734375,41.2890625,13.9453125,12.2265625,8.8359375,9.4453125,8.0390625,8.515625,7.6953125,3.1953125,3.1953125,38.09375,21.28125,46.71875,19.0390625,5.5234375,2.9921875,6.1640625,5.1640625,36.3671875,26.9921875,1.046875,0.9765625,166.515625,108.9453125,506.7109375,14,2,0,1,5,6,2,0,0,0,0,3,3,0,190.5,195.58,205.0,0.4453125,0.0,0.468203125,0.34875,0.33875,0.0534765625,0.0,0.03125,0.0,0.0,83.8125,39.2890625,137.62890625,47.33203125,123.33984375,77.0078125,153.23828125,60.26953125,10.3515625,2.765625,3.171875,0.40625,57.0078125,20.30859375,96.49609375,26.7421875,12.22265625,8.109375,33.625,15.421875,14.58203125,10.87109375,7.5078125,5.16796875,69.37890625,29.4765625,122.63671875,38.4453125,2.734375,2.1875,6.9375,3.8671875,11.69921875,7.625,8.0546875,5.01953125,211.6953125,75.03125,1106.11328125,27,1,8,0,8,8,1,0,0,1,1,6,0,0,182.88,185.42,185.0,33.0,40.0,0,0,0,0,0,0,0,1,0,0,0,0,0,0,0,0,0,1,0,0,0,0,1,0
Red,False,0.671875,0.15625,0.50640625,0.32375,0.16828125,0.350546875,0.0,0.296875,0.0625,0.0,86.7265625,44.984375,57.125,18.6171875,89.1484375,47.3671875,68.1640625,28.8203125,2.078125,0.625,1.03125,0.5390625,63.3984375,26.703125,50.21875,14.0,6.9140625,4.8828125,3.265625,1.3828125,16.4140625,13.3984375,3.640625,3.234375,77.0234375,38.328125,52.8046875,15.6953125,1.6953125,0.953125,3.453125,2.375,8.0078125,5.703125,0.8671875,0.546875,32.4140625,53.3984375,435.421875,17,0,1,0,4,6,2,0,0,1,1,4,0,0,182.88,180.34,170.0,0.0,0.03125,0.474921875,0.521796875,0.45484375,0.8225,0.140625,1.2734375,0.5,1.0078125,45.90625,21.046875,50.2890625,25.6953125,68.21875,40.3828125,124.3671875,85.7109375,6.7265625,2.8359375,1.6484375,1.1875,38.578125,16.21875,39.53125,18.2890625,5.2109375,2.9296875,7.4609375,5.0859375,2.1171875,1.8984375,3.296875,2.3203125,34.0390625,12.6484375,29.2109375,9.9921875,3.7734375,2.046875,12.109375,8.703125,8.09375,6.3515625,8.96875,7.0,315.2109375,218.0703125,793.828125,18,0,2,0,2,5,3,0,0,1,0,0,3,1,180.34,185.42,170.0,29.0,23.0,0,0,0,0,0,0,0,0,0,1,0,0,0,0,0,1,0,0,0,0,1,0,0,0
Red,False,1.0,0.0,0.34,0.32,1.0,0.0,0.0,0.0,0.0,0.0,183.0,63.0,133.0,43.0,185.0,65.0,133.0,43.0,1.0,1.0,0.0,0.0,137.0,35.0,108.0,26.0,7.0,4.0,6.0,4.0,39.0,24.0,19.0,13.0,172.0,54.0,133.0,43.0,5.0,3.0,0.0,0.0,6.0,6.0,0.0,0.0,5.0,0.0,900.0,3,0,1,0,1,1,0,0,0,0,1,0,0,0,180.34,180.34,170.0,0.0,0.0,0.495,0.53,0.0,0.0849999999999999,0.0,0.0,0.0,0.0,89.0,44.5,89.0,47.5,101.0,56.0,127.5,80.0,0.0,0.0,11.5,1.0,68.0,28.0,62.0,30.5,11.5,8.0,20.5,14.0,9.5,8.5,6.5,3.0,64.0,25.0,56.5,22.5,25.0,19.5,25.5,20.0,0.0,0.0,7.0,5.0,110.5,279.5,900.0,6,0,1,0,1,1,1,0,0,0,1,0,0,0,180.34,182.88,170.0,26.0,29.0,0,0,0,0,0,0,0,0,0,1,0,0,0,0,0,1,0,0,0,0,1,0,0,0
Red,False,0.0,0.75,0.365625,0.51875,0.325,0.328125,0.0,0.0625,0.0,0.25,139.1875,51.625,117.4375,65.3125,182.875,88.75,126.6875,74.5,5.0,1.8125,4.8125,2.4375,124.25,41.0625,85.875,41.875,9.125,5.3125,12.75,8.375,5.8125,5.25,18.8125,15.0625,119.4375,40.125,91.375,43.125,5.4375,3.0,11.75,9.75,14.3125,8.5,14.3125,12.4375,195.9375,216.1875,900.0,15,0,0,3,1,1,4,0,0,0,1,0,0,0,170.18,170.18,155.0,0.0028076171875,0.6269731521606445,0.4155780863761902,0.4550683093070983,0.1487593650817871,0.2244017505645751,0.0,0.0039072036743164,4.76837158203125e-07,4.76837158203125e-07,98.8972179889679,41.08288216590881,151.3080027103424,69.7755229473114,104.0256564617157,45.46114015579224,159.84234356880188,77.27413368225098,0.4467604160308838,0.2894272804260254,1.8536810874938965,0.4737510681152344,58.56643915176392,12.555685758590698,114.2003026008606,38.90755152702332,28.372494220733643,17.91599941253662,15.39488124847412,11.38135814666748,11.958284616470335,10.611196994781494,21.71281886100769,19.486613273620605,94.82154893875122,37.8454954624176,140.646746635437,63.081254959106445,3.896851301193237,3.176271438598633,6.564438581466675,4.176617860794067,0.1788177490234375,0.0611152648925781,4.096817493438721,2.5176501274108887,17.139202117919922,74.66020679473877,689.1417279243469,59,1,3,0,3,11,12,0,0,2,4,4,0,1,172.72,175.26,155.0,36.0,33.0,0,0,0,0,0,0,1,0,0,0,0,0,0,0,0,1,0,0,0,0,1,0,0,0
Blue,False,0.5,0.25,0.49,0.385,0.45875,0.5625,0.5,1.125,0.125,0.5,103.0,48.5,88.75,29.625,118.5,60.5,96.125,36.75,4.5,2.25,0.75,0.625,77.5,30.5,63.625,14.375,17.625,10.375,11.0,5.25,7.875,7.625,14.125,10.0,84.625,38.25,83.5,27.125,4.75,2.0,4.0,2.0,13.625,8.25,1.25,0.5,199.625,15.25,806.75,10,1,0,1,3,3,1,0,0,0,2,0,1,0,172.72,175.26,135.0,0.78125,0.0,0.5225,0.5471875,0.165,0.41875,0.0,0.5,0.0,0.0,75.53125,37.40625,76.71875,41.0,93.1875,53.4375,86.40625,50.1875,3.59375,1.0,3.0625,2.96875,56.4375,22.21875,55.0,24.53125,9.71875,6.46875,15.3125,11.40625,9.375,8.71875,6.40625,5.0625,53.21875,22.875,60.90625,28.28125,2.65625,2.0625,8.875,8.21875,19.65625,12.46875,6.9375,4.5,189.0625,209.78125,835.5625,15,0,0,1,2,3,3,0,0,0,1,2,0,0,170.18,175.26,135.0,27.0,26.0,1,0,0,0,0,0,0,0,0,0,0,0,0,0,0,0,0,1,0,0,0,0,1,0
Red,False,0.375,0.0,0.44125,0.29375,0.5,0.133125,0.75,0.875,0.25,0.375,73.125,30.625,46.3125,17.25,79.0625,35.9375,55.25,25.0625,0.8125,0.5,3.25,0.6875,61.25,22.125,41.9375,14.25,7.625,4.875,2.375,2.0,4.25,3.625,2.0,1.0,67.5625,25.9375,30.75,6.875,4.125,3.75,1.375,0.1875,1.4375,0.9375,14.1875,10.1875,39.6875,68.5,350.5,8,0,2,0,2,4,1,0,0,0,1,1,2,0,165.1,165.1,125.0,0.03125,0.0078125,0.389765625,0.42267578125,0.5769921875,0.047109375,1.2578125,0.001953125,0.0,0.546875,38.685546875,15.521484375,56.92578125,22.818359375,54.263671875,28.44140625,90.78125,53.234375,2.087890625,0.796875,2.287109375,0.142578125,29.85546875,8.349609375,38.68359375,10.955078125,4.291015625,3.5078125,14.640625,10.146484375,4.5390625,3.6640625,3.6015625,1.716796875,34.732421875,12.484375,40.9375,11.400390625,3.26953125,2.70703125,10.228515625,7.083984375,0.68359375,0.330078125,5.759765625,4.333984375,175.01171875,105.603515625,576.009765625,23,0,0,1,3,6,4,0,0,0,4,0,2,0,165.1,170.18,125.0,29.0,32.0,0,0,0,1,0,0,0,0,0,0,0,0,0,0,0,0,0,0,1,0,1,0,0,0
Red,False,0.0,0.0,0.64,0.25,1.0,0.0,1.0,0.0,0.0,0.0,54.0,35.0,8.0,2.0,70.0,47.0,10.0,4.0,1.0,1.0,0.0,0.0,51.0,32.0,7.0,1.0,1.0,1.0,1.0,1.0,2.0,2.0,0.0,0.0,14.0,7.0,7.0,1.0,17.0,8.0,1.0,1.0,23.0,20.0,0.0,0.0,82.0,0.0,128.0,1,0,1,0,1,1,0,0,0,0,0,0,1,0,190.5,190.5,249.0,0.125,0.5,0.46,0.5690625,0.1040625,0.095625,0.0,0.03125,0.0,0.0,69.6875,32.1875,59.40625,33.5,98.25,54.65625,83.65625,55.5625,2.4375,0.5,1.125,0.25,50.625,18.4375,42.0625,18.65625,5.84375,3.21875,13.5625,11.34375,13.21875,10.53125,3.78125,3.5,43.90625,13.34375,44.9375,21.34375,19.625,14.4375,12.6875,10.90625,6.15625,4.40625,1.78125,1.25,237.28125,47.6875,516.65625,14,0,1,0,1,3,3,0,0,1,1,1,0,0,190.5,195.58,265.0,25.0,32.0,0,0,0,0,1,0,0,0,0,0,0,0,0,0,0,1,0,0,0,0,0,0,1,0
Red,False,0.0,0.0,0.435,0.295,0.5,0.135,0.0,0.0,0.0,0.0,117.5,52.0,125.0,37.5,127.0,59.5,126.5,39.0,2.0,1.0,6.0,1.5,96.5,36.5,94.5,17.5,8.5,4.5,15.5,8.0,12.5,11.0,15.0,12.0,108.5,46.5,120.5,36.0,7.5,4.0,4.5,1.5,1.5,1.5,0.0,0.0,26.5,32.5,900.0,6,0,1,0,1,1,1,0,0,1,0,0,0,0,177.8,185.42,155.0,0.0078125,0.0,0.5574609375,0.502421875,0.6272265625,0.049609375,0.8125,0.046875,0.0625,0.0625,62.421875,31.98046875,40.74609375,14.65625,78.81640625,45.4140625,45.3125,19.01171875,6.26953125,3.703125,0.84765625,0.19921875,48.41796875,23.29296875,30.94140625,7.39453125,9.64453125,5.42578125,6.66015625,4.6796875,4.359375,3.26171875,3.14453125,2.58203125,44.7109375,18.32421875,37.05859375,12.30078125,8.265625,5.46875,3.1015625,1.94921875,9.4453125,8.1875,0.5859375,0.40625,329.5859375,27.78125,593.5,25,0,0,1,5,7,2,0,0,2,3,0,2,0,167.64,170.18,170.0,28.0,36.0,0,0,0,0,0,0,1,0,0,0,0,0,0,0,0,0,0,1,0,0,1,0,0,0
Red,False,0.875,0.0,0.396875,0.5009375,0.0125,0.4228125,0.1875,0.03125,0.28125,0.0,101.4375,39.75,110.15625,55.9375,107.0,44.78125,132.875,76.34375,0.90625,0.0625,3.96875,1.90625,87.4375,29.5625,79.71875,30.40625,10.5,7.34375,8.75,6.15625,3.5,2.84375,21.6875,19.375,88.25,30.46875,84.84375,39.40625,8.40625,6.34375,12.03125,6.3125,4.78125,2.9375,13.28125,10.21875,26.34375,188.8125,735.75,15,0,0,1,3,4,2,0,0,0,1,3,0,0,193.04,193.04,205.0,0.66259765625,0.15625,0.3958935546875,0.297822265625,0.06640625,0.1565234375,0.0,0.06396484375,0.0,0.0,79.41943359375,33.40966796875,29.671875,8.34130859375,82.49609375,36.220703125,31.203125,9.74755859375,0.26806640625,0.1328125,3.2900390625,0.8837890625,66.24072265625,25.2236328125,24.00634765625,6.87646484375,8.18505859375,5.06103515625,3.2099609375,0.73828125,4.99365234375,3.125,2.45556640625,0.7265625,47.6533203125,15.84033203125,25.798828125,5.50341796875,4.9541015625,3.1416015625,2.400390625,1.3994140625,26.81201171875,14.427734375,1.47265625,1.4384765625,52.232421875,47.85986328125,341.970703125,18,0,0,1,4,8,4,0,0,0,1,7,0,0,187.96,193.04,205.0,29.0,34.0,0,0,0,0,0,0,0,1,0,0,0,0,0,0,0,1,0,0,0,0,1,0,0,0
Red,False,0.015625,0.0,0.45,0.4275,0.25,0.2,0.148468017578125,0.098388671875,0.0,0.0,66.5,29.6875,64.31230545043945,27.34375,89.75,48.0,85.53125,44.41152191162109,2.0,0.75,2.0546875,0.75,51.1875,18.3359375,49.6123046875,16.280410766601562,7.5,5.07647705078125,7.5,5.0,4.5,3.625,4.984375,3.9375,48.6875,17.0,47.11572265625,16.5,5.75,3.75,5.3125,3.4375,5.0625,3.5,3.875,2.5,99.2119140625,94.125,638.5,0,0,0,0,0,0,0,0,0,0,0,0,0,0,170.18,165.1,135.0,0.0,0.0,0.504375,0.531875,0.3924999999999999,0.21125,0.25,0.125,0.0625,0.0,131.3125,53.875,130.9375,60.625,155.4375,76.5,161.375,86.625,2.5,1.1875,5.875,1.4375,91.6875,24.4375,56.0625,13.1875,10.9375,7.3125,22.375,14.375,28.6875,22.125,52.5,33.0625,119.3125,44.875,117.375,50.75,6.6875,4.6875,9.75,7.625,5.3125,4.3125,3.8125,2.25,89.375,214.75,1192.25,18,1,1,0,2,3,2,0,0,1,1,0,1,0,165.1,167.64,125.0,29.0,29.0,0,0,0,0,0,0,0,0,0,0,0,0,1,0,0,1,0,0,0,0,0,0,1,0
Red,False,0.02349853515625,0.0625,0.4528579711914062,0.3735708618164062,0.06719970703125,0.2383013916015625,0.004150390625,0.1328125,0.00018310546875,3.0517578125e-05,169.33209228515625,66.94320678710938,156.404541015625,55.659210205078125,178.11041259765625,75.119873046875,159.3177490234375,57.843170166015625,0.71588134765625,0.072509765625,5.523162841796875,1.4327392578125,128.16091918945312,36.235595703125,140.56649780273438,44.68072509765625,32.11102294921875,22.15240478515625,11.493255615234377,6.83319091796875,9.060150146484377,8.555206298828125,4.34478759765625,4.145294189453125,164.89407348632812,63.69039916992188,152.9891357421875,53.765167236328125,3.2783203125,2.376007080078125,2.2369384765625,1.37640380859375,1.159698486328125,0.876800537109375,1.178466796875,0.51763916015625,20.79412841796875,62.84439086914063,772.8788452148438,37,0,2,0,4,9,7,0,0,1,3,4,1,0,187.96,190.5,170.0,0.03125,0.6015625,0.4494140625,0.3190234375,0.06078125,0.03125,0.07421875,0.0,0.0,0.078125,55.5546875,24.140625,85.66015625,27.2734375,59.765625,28.21875,87.4765625,28.9921875,0.79296875,0.1796875,0.46875,0.03125,45.3828125,17.3359375,66.95703125,15.80859375,8.4609375,5.66015625,10.9140625,5.72265625,1.7109375,1.14453125,7.7890625,5.7421875,53.21484375,22.6484375,83.76171875,26.25390625,0.375,0.24609375,0.26171875,0.21875,1.96484375,1.24609375,1.63671875,0.80078125,52.76953125,11.06640625,522.984375,23,1,0,1,4,6,3,0,0,1,2,1,2,0,182.88,182.88,170.0,33.0,35.0,0,0,0,0,0,0,0,0,0,1,0,0,0,0,0,1,0,0,0,0,1,0,0,0
Red,False,0.1875,0.0,0.401875,0.4684375,0.04125,0.15734375,0.6875,0.0,0.0,0.046875,88.3125,37.875,115.140625,52.703125,90.796875,39.875,132.328125,67.890625,0.390625,0.109375,1.640625,0.5625,54.25,17.984375,69.109375,25.640625,17.640625,7.71875,31.8125,18.578125,16.421875,12.171875,14.21875,8.484375,79.640625,32.0,95.140625,38.140625,6.265625,4.25,8.203125,5.078125,2.40625,1.625,11.796875,9.484375,20.75,126.765625,693.484375,18,0,0,1,3,4,3,0,0,0,1,1,2,0,172.72,177.8,135.0,0.375,0.0,0.3325,0.42625,0.75,0.3125,0.0,1.5,0.125,0.0,114.5,40.25,137.0,59.875,117.75,43.0,143.375,65.625,1.375,1.25,3.625,1.375,89.625,25.875,110.25,39.25,10.5,5.125,22.125,16.375,14.375,9.25,4.625,4.25,109.875,38.0,123.375,49.75,3.875,1.625,10.25,7.875,0.75,0.625,3.375,2.25,17.125,72.375,701.25,11,0,0,1,2,2,2,0,0,0,1,1,0,0,170.18,172.72,145.0,25.0,32.0,1,0,0,0,0,0,0,0,0,0,0,0,0,0,0,0,0,0,1,0,1,0,0,0
Red,False,0.5,0.5,0.355,0.44,0.0,0.5,0.0,0.5,0.0,0.0,36.5,12.5,62.5,28.0,39.0,15.0,81.0,43.5,0.5,0.0,2.0,2.0,34.0,10.5,56.5,24.0,2.0,1.5,3.0,1.0,0.5,0.5,3.0,3.0,35.0,11.5,50.5,19.0,1.0,0.5,4.0,3.0,0.5,0.5,8.0,6.0,11.0,220.5,415.5,4,0,0,1,1,1,1,0,0,0,0,1,0,0,175.26,177.8,155.0,0.0625,0.125,0.55125,0.3712499999999999,0.53,0.0825,0.75,0.75,0.0,0.0,31.0625,15.375,25.9375,11.875,90.125,65.1875,64.625,48.8125,7.4375,3.9375,0.8125,0.25,25.5625,12.125,20.25,8.1875,4.0,1.875,4.375,2.6875,1.5,1.375,1.3125,1.0,19.5,7.625,17.9375,6.6875,1.5,0.9375,2.375,1.1875,10.0625,6.8125,5.625,4.0,563.6875,57.25,794.625,12,0,2,0,2,4,1,0,0,0,3,1,0,0,180.34,187.96,155.0,31.0,34.0,0,0,0,0,0,0,1,0,0,0,0,0,0,0,0,1,0,0,0,0,0,0,1,0
Red,False,0.5,0.0,0.675,0.55,0.5,0.2,0.0,0.5,0.0,0.0,85.0,51.0,41.5,22.0,100.0,63.5,48.0,28.0,3.0,1.5,3.0,1.0,72.5,42.0,27.5,10.0,11.5,8.5,10.0,8.0,1.0,0.5,4.0,4.0,35.0,18.0,29.5,14.0,20.5,13.0,8.5,6.0,29.5,20.0,3.5,2.0,259.0,24.5,537.0,4,0,2,0,2,2,0,0,0,0,1,1,0,0,185.42,190.5,185.0,0.0716009140014648,0.50054931640625,0.3940596532821655,0.4384846305847167,0.0098768997192382,0.2636682033538818,0.0001330375671386,0.2504997253417969,2.384185791015625e-06,0.015625,31.978251457214355,14.10936403274536,42.88815450668335,21.11522340774536,33.030686378479004,15.13046646118164,47.27579927444458,24.971224784851078,0.0342416763305664,0.0178451538085937,1.1251239776611328,0.5416321754455566,18.10528564453125,5.580713272094727,26.371235847473145,11.549166202545166,7.401403427124023,3.963397026062012,6.517045974731445,3.077404022216797,6.471562385559082,4.565253734588623,9.99987268447876,6.488653182983398,30.295589923858643,13.202882289886476,35.024115562438965,14.759803771972656,0.7814669609069824,0.3492088317871094,0.9085893630981444,0.6914772987365723,0.9011945724487304,0.5572729110717773,6.95544958114624,5.663942337036133,14.586017608642578,37.34788465499878,387.7540588378906,56,5,8,0,8,14,8,0,0,1,6,6,1,0,185.42,187.96,185.0,30.0,39.0,0,0,0,0,0,0,0,1,0,0,0,0,0,0,0,0,0,1,0,0,0,0,1,0
Blue,False,0.015625,0.0,0.45,0.4275,0.25,0.2,0.148468017578125,0.098388671875,0.0,0.0,66.5,29.6875,64.31230545043945,27.34375,89.75,48.0,85.53125,44.41152191162109,2.0,0.75,2.0546875,0.75,51.1875,18.3359375,49.6123046875,16.280410766601562,7.5,5.07647705078125,7.5,5.0,4.5,3.625,4.984375,3.9375,48.6875,17.0,47.11572265625,16.5,5.75,3.75,5.3125,3.4375,5.0625,3.5,3.875,2.5,99.2119140625,94.125,638.5,0,0,0,0,0,0,0,0,0,0,0,0,0,0,165.1,170.18,115.0,0.0471682548522949,0.0,0.45,0.4217682266235352,0.25,0.19173828125,0.1875,0.125,0.0,0.0,69.5,30.5,66.984375,27.8466796875,94.0,48.544921875,88.50390625,44.75,2.0,0.8125,2.015625,0.6640625,54.0,19.01513671875,51.483436584472656,16.9437255859375,7.91796875,5.430633544921875,7.75,5.0625,4.780975341796875,3.9373779296875,4.8994140625,3.84375,51.025390625,18.400863647460938,50.515625,17.5,5.75,3.75,5.5,3.5,5.375,3.6875,4.0,2.65625,104.865234375,89.5,655.8441009521484,0,0,0,0,0,0,0,0,0,0,0,0,0,0,162.56,157.48,115.0,25.0,35.0,0,0,0,0,0,0,0,0,0,0,0,0,0,1,0,1,0,0,0,0,1,0,0,0
Red,False,0.0,0.046875,0.29,0.2121875,0.3940625,0.0484375,0.875,0.5,0.0,0.0,43.6875,19.890625,85.953125,24.765625,61.359375,32.75,88.21875,26.84375,1.484375,0.46875,2.984375,0.375,39.671875,17.09375,77.25,18.5,2.0,1.40625,6.78125,4.5625,2.015625,1.390625,1.921875,1.703125,38.15625,14.953125,82.5625,23.046875,1.09375,0.75,2.703125,1.234375,4.4375,4.1875,0.6875,0.484375,81.6875,26.375,353.890625,17,1,0,3,3,3,4,0,0,0,1,0,2,0,167.64,165.1,135.0,0.0654296875,0.0,0.4017361450195312,0.3819570922851562,0.3196447753906249,0.0883389282226562,0.250732421875,0.25,0.0009765625,0.01275634765625,73.99380493164062,29.0224609375,74.25192260742188,32.583953857421875,75.85784912109375,30.593017578125,83.845947265625,40.8726806640625,2.0506591796875,0.40118408203125,2.1824951171875,0.286468505859375,50.379425048828125,10.83306884765625,57.305938720703125,20.70916748046875,14.810760498046877,10.21844482421875,4.82049560546875,3.585052490234375,8.803619384765625,7.970947265625,12.12548828125,8.28973388671875,70.44876098632812,26.388641357421875,58.048095703125,18.755096435546875,1.689361572265625,1.023345947265625,5.168365478515625,3.9837646484375,1.855682373046875,1.6104736328125,11.03546142578125,9.8450927734375,12.214324951171877,70.703125,600.3267822265625,37,0,2,0,3,9,7,0,0,1,4,2,2,0,175.26,180.34,135.0,30.0,37.0,1,0,0,0,0,0,0,0,0,0,0,0,0,0,0,1,0,0,0,0,0,0,1,0
Red,False,1.0,0.0,0.54,0.33,0.0,1.0,1.0,0.0,0.0,0.0,22.0,12.0,6.0,2.0,26.0,15.0,19.0,12.0,0.0,0.0,1.0,1.0,22.0,12.0,5.0,2.0,0.0,0.0,1.0,0.0,0.0,0.0,0.0,0.0,4.0,1.0,3.0,1.0,2.0,1.0,0.0,0.0,16.0,10.0,3.0,1.0,61.0,142.0,236.0,1,0,1,0,1,1,0,0,0,0,0,0,1,0,167.64,175.26,125.0,0.5,0.0,0.52,0.485,0.455,0.315,4.5,0.0,0.0,0.0,37.0,18.0,46.0,23.0,41.5,21.5,77.5,50.5,3.5,1.5,5.5,3.5,24.0,9.5,39.5,18.5,12.5,8.0,3.5,2.0,0.5,0.5,3.0,2.5,26.0,10.0,22.5,7.5,4.5,4.0,5.0,3.5,6.5,4.0,18.5,12.0,177.0,281.5,750.0,5,0,2,0,2,2,0,0,0,1,0,1,0,0,165.1,172.72,125.0,23.0,30.0,0,0,0,1,0,0,0,0,0,0,0,0,0,0,0,0,0,0,1,0,1,0,0,0
Blue,False,0.75,0.0,0.4525,0.47,0.395,0.0,0.5,0.0,0.0,0.0,53.5,22.25,49.25,22.75,82.75,46.5,60.5,32.25,7.75,3.25,0.0,0.0,50.0,20.0,44.5,19.75,1.75,0.5,4.75,3.0,1.75,1.75,0.0,0.0,34.5,12.75,37.25,12.75,4.25,1.25,10.75,9.25,14.75,8.25,1.25,0.75,340.25,0.75,445.75,6,0,3,0,3,3,0,0,0,0,1,1,1,0,170.18,180.34,155.0,0.0,0.0,0.405,0.355,0.14,0.5,1.0,0.5,0.0,0.0,35.0,12.0,43.5,18.5,48.5,25.0,54.5,29.5,3.5,1.0,1.5,1.5,27.0,8.5,39.5,15.5,4.0,1.0,4.0,3.0,4.0,2.5,0.0,0.0,33.0,11.0,35.0,13.5,1.5,0.5,3.5,2.0,0.5,0.5,5.0,3.0,127.5,122.0,510.5,4,0,0,1,1,1,1,0,0,0,0,0,1,0,177.8,182.88,145.0,31.0,30.0,0,0,0,0,0,0,1,0,0,0,0,0,0,0,0,1,0,0,0,0,1,0,0,0
Red,False,0.78564453125,0.0625,0.4503564453124999,0.331171875,0.026376953125,0.0,0.0029296875,0.0,0.0,0.0,33.15234375,15.7568359375,19.98974609375,9.3671875,44.767578125,24.94384765625,21.68603515625,11.05712890625,1.57373046875,0.2626953125,0.01953125,0.0,25.8642578125,11.85888671875,14.6728515625,6.4404296875,1.23974609375,0.7333984375,3.6083984375,2.34765625,6.04833984375,3.16455078125,1.70849609375,0.5791015625,23.29443359375,8.376953125,16.57421875,6.8740234375,5.142578125,3.248046875,2.20166015625,1.470703125,4.71533203125,4.1318359375,1.2138671875,1.0224609375,39.98779296875,0.4892578125,231.7939453125,20,0,2,0,5,9,3,0,0,0,2,6,1,0,185.42,195.58,185.0,0.00390625,0.5625,0.37953125,0.5575390625,0.3826953125,0.0,0.32421875,0.0,0.00390625,0.0078125,34.3984375,13.953125,65.83984375,33.16796875,43.40625,21.41796875,69.3515625,36.44921875,3.046875,1.05078125,0.0703125,0.0,28.79296875,10.50390625,57.12890625,27.234375,5.2734375,3.1171875,6.60546875,3.96875,0.33203125,0.33203125,2.10546875,1.96484375,23.83203125,6.24609375,50.01953125,23.6796875,3.46875,2.14453125,2.3828125,0.73828125,7.09765625,5.5625,13.4375,8.75,94.16796875,20.48828125,427.15625,16,0,5,0,5,7,2,0,0,0,1,2,4,0,185.42,182.88,185.0,34.0,38.0,0,0,0,0,0,0,0,1,0,0,0,0,0,0,0,0,0,1,0,0,1,0,0,0
Red,False,0.015625,1.5,0.39642578125,0.45685546875,0.126953125,0.62880859375,0.876953125,0.0,0.162109375,0.0078125,104.634765625,34.5625,111.65625,57.373046875,114.3671875,42.26953125,163.09765625,103.2265625,7.658203125,0.25390625,1.3671875,1.173828125,94.396484375,28.16796875,101.833984375,49.431640625,9.08984375,5.287109375,6.69140625,4.84375,1.1484375,1.107421875,3.130859375,3.09765625,96.783203125,28.8125,89.533203125,40.654296875,4.732421875,3.931640625,8.263671875,6.666015625,3.119140625,1.818359375,13.859375,10.052734375,78.130859375,131.291015625,636.40625,18,1,0,1,3,5,5,0,0,1,0,1,3,0,170.18,185.42,145.0,0.125,0.5,0.53125,0.40375,0.5125,0.0,0.5,0.5,0.0625,0.5625,69.25,39.6875,41.875,17.6875,141.5,102.375,69.5625,41.875,7.5625,3.625,0.875,0.0,65.25,36.875,33.1875,9.75,3.0,2.3125,5.375,5.125,1.0,0.5,3.3125,2.8125,34.4375,11.9375,28.625,5.625,4.25,3.625,6.3125,5.625,30.5625,24.125,6.9375,6.4375,429.0,46.8125,618.75,12,0,4,0,4,4,1,0,1,0,1,1,1,0,172.72,177.8,145.0,30.0,26.0,0,0,1,0,0,0,0,0,0,0,0,0,0,0,0,1,0,0,0,0,1,0,0,0
Blue,False,0.65625,0.0625,0.3626953125,0.448203125,0.5497265625,0.2716406249999999,0.0078125,0.15625,0.140625,0.015625,143.59375,53.29296875,112.0625,51.796875,159.125,68.48828125,129.5078125,67.78515625,4.01953125,2.7734375,3.578125,1.15234375,119.55078125,34.10546875,79.65625,25.91796875,9.52734375,5.72265625,16.05078125,9.84375,14.515625,13.46484375,16.35546875,16.03515625,129.90625,46.46875,104.31640625,47.6640625,4.01171875,1.0625,2.6640625,0.94140625,9.67578125,5.76171875,5.08203125,3.19140625,158.15625,79.28125,835.359375,21,0,1,0,1,5,4,0,0,0,3,2,0,0,180.34,187.96,145.0,0.0123291015625,0.3289794921875,0.4936914062499999,0.431153564453125,0.2032031249999999,0.1589111328125,0.0836181640625,1.0216064453125,0.127197265625,0.078125,110.3404541015625,51.340576171875,96.4755859375,43.048095703125,137.893310546875,77.1510009765625,116.624267578125,60.12158203125,5.663330078125,1.4622802734375,5.7969970703125,1.5631103515625,85.568359375,30.3822021484375,75.6893310546875,27.4095458984375,14.9013671875,11.7001953125,17.723876953125,13.16357421875,9.8707275390625,9.2581787109375,3.0623779296875,2.4749755859375,81.8839111328125,31.681396484375,70.3021240234375,22.5836181640625,20.578369140625,13.5859375,23.4871826171875,17.8128662109375,7.878173828125,6.0732421875,2.686279296875,2.651611328125,166.9969482421875,160.6688232421875,688.8961181640625,33,1,0,1,7,9,5,0,0,2,4,1,2,0,167.64,167.64,155.0,27.0,31.0,0,0,1,0,0,0,0,0,0,0,0,0,0,0,0,1,0,0,0,0,1,0,0,0
Red,False,0.0,0.0,0.6,0.0,1.0,0.0,1.0,0.0,0.0,0.0,5.0,3.0,4.0,0.0,18.0,16.0,4.0,0.0,1.0,1.0,0.0,0.0,4.0,2.0,3.0,0.0,0.0,0.0,0.0,0.0,1.0,1.0,1.0,0.0,3.0,1.0,4.0,0.0,0.0,0.0,0.0,0.0,2.0,2.0,0.0,0.0,162.0,0.0,174.0,1,0,1,0,1,1,0,0,0,0,0,0,1,0,167.64,175.26,125.0,0.25,0.0,0.3175,0.355,0.0,0.205,0.0,0.0,0.0,0.0,200.0,69.25,163.25,58.25,217.5,85.75,184.0,76.5,5.75,0.0,2.75,1.25,144.5,33.0,124.75,32.0,31.75,16.75,10.0,6.5,23.75,19.5,28.5,19.75,190.75,64.75,153.0,51.5,8.5,4.0,7.75,4.5,0.75,0.5,2.5,2.25,13.25,199.5,900.0,9,0,1,0,1,2,1,0,0,1,1,0,0,0,175.26,172.72,125.0,31.0,29.0,0,0,0,0,0,0,0,0,0,0,0,0,1,0,0,1,0,0,0,0,1,0,0,0
Red,False,0.0,0.0,0.4,0.47,0.6,0.28,0.0,0.5,0.5,0.0,209.5,94.5,213.5,99.0,251.5,134.0,220.0,105.0,3.0,1.0,7.0,2.0,195.5,84.5,166.5,63.0,14.0,10.0,23.5,17.0,0.0,0.0,23.5,19.0,193.5,81.0,208.5,95.5,15.5,13.0,4.5,3.0,0.5,0.5,0.5,0.5,88.5,102.5,900.0,6,0,0,1,1,1,1,0,0,1,0,0,0,0,177.8,185.42,170.0,0.875,0.0,0.432890625,0.5514453125000001,0.021875,0.0341015625,0.0078125,0.296875,0.0,0.25,45.56640625,19.0625,32.63671875,16.93359375,53.0859375,26.1640625,36.5078125,20.453125,1.55859375,0.3125,0.91796875,0.1640625,31.26953125,8.80859375,23.296875,10.6875,9.23828125,5.8828125,4.88671875,3.21875,5.05859375,4.37109375,4.453125,3.02734375,34.94140625,12.0703125,28.44921875,13.3359375,6.47265625,3.83984375,3.25,2.91015625,4.15234375,3.15234375,0.9375,0.6875,75.37109375,41.57421875,297.484375,17,0,0,2,2,4,5,0,0,0,1,2,1,0,172.72,177.8,155.0,28.0,29.0,0,0,0,0,0,0,0,0,0,1,0,0,0,0,0,1,0,0,0,0,0,0,1,0
Red,False,0.0,0.0,0.341875,0.5493750000000001,0.4024999999999999,0.08875,0.0,0.5625,0.28125,0.0,59.96875,24.03125,45.90625,21.71875,85.3125,47.15625,89.71875,62.375,4.125,1.75,4.53125,0.625,41.65625,10.1875,30.40625,9.25,9.5625,7.5,11.6875,9.3125,8.75,6.34375,3.8125,3.15625,41.5625,10.34375,29.09375,8.84375,10.96875,9.03125,11.09375,8.59375,7.4375,4.65625,5.71875,4.28125,208.3125,184.34375,626.5,17,0,0,1,2,3,3,0,0,0,3,0,0,0,165.1,165.1,115.0,0.0,0.0,0.37734375,0.3778125,0.3340625,0.1765625,0.078125,0.390625,0.875,0.640625,106.84375,42.578125,138.515625,50.65625,134.640625,67.984375,178.28125,84.875,6.375,2.265625,2.765625,1.15625,101.203125,38.640625,121.25,37.109375,4.734375,3.25,7.96875,5.078125,0.90625,0.6875,9.296875,8.46875,87.0,27.484375,121.375,37.21875,6.359375,4.09375,10.578125,7.9375,13.484375,11.0,6.5625,5.5,162.703125,139.375,821.75,19,0,0,1,1,3,4,0,0,1,2,0,0,0,162.56,160.02,115.0,35.0,32.0,0,0,0,0,0,0,0,0,0,0,0,0,0,1,0,1,0,0,0,0,1,0,0,0
Blue,False,0.0078125,0.75,0.440546875,0.428984375,0.180625,0.406015625,0.0078125,0.5,0.015625,0.0,171.5,74.046875,188.0078125,81.171875,187.34375,87.3671875,195.734375,88.6796875,3.2890625,0.5546875,3.140625,2.0625,129.3046875,41.7421875,144.15625,51.3125,22.4609375,16.1328125,29.0234375,17.6328125,19.734375,16.171875,14.828125,12.2265625,154.640625,60.1015625,169.2265625,70.234375,16.5390625,13.6953125,8.7421875,5.1796875,0.3203125,0.25,10.0390625,5.7578125,108.2265625,42.6171875,803.6171875,20,0,4,0,4,4,4,0,0,1,1,1,1,0,177.8,180.34,155.0,0.0703125,0.1875,0.3540625,0.477265625,0.125,0.139609375,0.40625,0.0625,0.0,0.0,37.8125,13.5,60.3671875,28.5,43.9609375,18.6015625,126.4453125,81.546875,1.0,0.5,5.21875,1.1015625,33.9140625,9.9296875,49.90625,21.265625,2.109375,2.0859375,6.6015625,4.421875,1.7890625,1.484375,3.859375,2.8125,33.125,9.25,25.7578125,6.9140625,2.90625,2.8125,3.578125,1.9140625,1.78125,1.4375,31.03125,19.671875,90.125,335.5703125,644.28125,16,0,2,0,2,4,4,0,0,0,1,2,1,0,177.8,180.34,170.0,31.0,29.0,0,0,0,0,0,0,1,0,0,0,0,0,0,0,0,1,0,0,0,0,0,0,1,0
Red,False,0.0,0.625,0.5475,0.575,0.29,0.92375,0.75,0.1875,0.25,0.0,70.5,31.875,46.3125,20.4375,91.9375,52.625,55.125,29.1875,2.125,0.6875,3.1875,2.75,47.25,14.9375,32.4375,10.75,12.875,9.25,8.6875,4.9375,10.375,7.6875,5.1875,4.75,53.1875,18.625,36.875,13.5625,6.1875,5.25,4.9375,3.25,11.125,8.0,4.5,3.625,171.6875,119.0,531.5625,12,0,2,0,2,3,2,0,0,0,2,1,0,0,182.88,185.42,170.0,0.375,0.625,0.325,0.51625,0.03125,0.0,0.25,0.75,0.0,0.0,70.875,18.625,76.875,38.375,73.25,20.625,77.25,38.75,1.125,0.125,0.0,0.0,61.125,13.875,59.875,24.625,4.5,1.125,5.125,3.0,5.25,3.625,11.875,10.75,65.625,16.375,70.375,35.625,3.25,1.0,1.375,0.875,2.0,1.25,5.125,1.875,22.625,10.125,408.75,6,0,1,0,1,2,2,0,0,0,0,1,1,0,182.88,193.04,170.0,36.0,28.0,0,0,0,0,0,0,0,0,0,1,0,0,0,0,0,1,0,0,0,0,1,0,0,0
Red,False,0.25,0.0,0.4025,0.4549999999999999,0.0,0.2725,0.5,0.0,0.0,0.0,113.5,33.75,73.25,28.0,135.5,48.25,98.25,52.0,0.25,0.0,7.25,2.75,101.5,25.25,63.0,21.5,11.0,8.25,10.0,6.25,1.0,0.25,0.25,0.25,95.75,25.75,63.5,22.5,7.0,2.75,7.75,4.5,10.75,5.25,2.0,1.0,63.5,181.0,683.5,7,0,3,0,3,3,0,0,0,2,0,1,0,0,172.72,175.26,155.0,0.5,0.0,0.4425,0.42375,0.2625,0.10375,0.125,0.25,0.0,0.0,57.875,29.25,58.625,23.625,74.75,44.5,62.875,27.375,4.25,3.0,0.75,0.625,38.875,14.5,48.25,15.5,7.375,6.125,6.875,5.0,11.625,8.625,3.5,3.125,35.125,11.75,48.875,15.625,10.625,9.125,5.5,4.75,12.125,8.375,4.25,3.25,210.875,18.5,462.875,8,0,0,1,3,3,1,0,0,0,2,1,0,0,177.8,182.88,155.0,28.0,35.0,0,0,0,0,0,0,1,0,0,0,0,0,0,0,0,0,0,1,0,0,1,0,0,0
Blue,False,0.0,0.0,0.37,0.31,0.0,0.0,0.0,2.0,0.0,0.0,162.0,60.0,169.0,53.0,168.0,65.0,193.0,69.0,1.0,0.0,0.0,0.0,139.0,42.0,146.0,42.0,14.0,9.0,14.0,6.0,9.0,9.0,9.0,5.0,144.0,53.0,157.0,44.0,14.0,7.0,12.0,9.0,4.0,0.0,0.0,0.0,75.0,307.0,900.0,3,0,0,1,0,0,1,0,0,0,0,0,0,0,170.18,182.88,125.0,0.0,0.0,0.525,0.4725,0.325,0.45,0.25,0.5,1.0,1.0,96.5,50.75,119.0,57.5,110.0,62.5,178.5,111.5,3.75,1.0,3.5,1.5,65.5,29.5,93.25,40.25,18.0,11.75,19.5,11.5,13.0,9.5,6.25,5.75,78.5,36.5,93.5,39.75,12.0,9.25,9.0,5.25,6.0,5.0,16.5,12.5,176.0,352.0,900.0,9,0,2,0,2,2,1,0,0,0,2,0,0,0,165.1,162.56,125.0,28.0,29.0,0,0,0,0,0,0,0,0,0,0,0,0,1,0,0,1,0,0,0,0,1,0,0,0
Blue,False,0.015625,0.0,0.45,0.4275,0.25,0.2,0.148468017578125,0.098388671875,0.0,0.0,66.5,29.6875,64.31230545043945,27.34375,89.75,48.0,85.53125,44.41152191162109,2.0,0.75,2.0546875,0.75,51.1875,18.3359375,49.6123046875,16.280410766601562,7.5,5.07647705078125,7.5,5.0,4.5,3.625,4.984375,3.9375,48.6875,17.0,47.11572265625,16.5,5.75,3.75,5.3125,3.4375,5.0625,3.5,3.875,2.5,99.2119140625,94.125,638.5,0,0,0,0,0,0,0,0,0,0,0,0,0,0,180.34,177.8,135.0,0.0471682548522949,0.0,0.45,0.4217682266235352,0.25,0.19173828125,0.1875,0.125,0.0,0.0,69.5,30.5,66.984375,27.8466796875,94.0,48.544921875,88.50390625,44.75,2.0,0.8125,2.015625,0.6640625,54.0,19.01513671875,51.483436584472656,16.9437255859375,7.91796875,5.430633544921875,7.75,5.0625,4.780975341796875,3.9373779296875,4.8994140625,3.84375,51.025390625,18.400863647460938,50.515625,17.5,5.75,3.75,5.5,3.5,5.375,3.6875,4.0,2.65625,104.865234375,89.5,655.8441009521484,0,0,0,0,0,0,0,0,0,0,0,0,0,0,182.88,182.88,145.0,25.0,26.0,0,0,1,0,0,0,0,0,0,0,0,0,0,0,0,0,0,0,1,0,1,0,0,0
Red,False,0.0,0.0,0.3996875,0.408203125,0.241640625,0.1134375,0.0,0.0625,0.0,0.0625,50.859375,23.3984375,105.859375,37.4765625,67.0859375,37.6171875,135.1171875,64.8125,11.0703125,2.9453125,1.6953125,0.3828125,36.3828125,12.9453125,77.890625,18.234375,5.265625,2.65625,12.6875,8.671875,9.2109375,7.796875,15.28125,10.5703125,42.5546875,18.03125,91.7734375,28.1328125,6.1484375,3.8984375,10.7421875,6.8359375,2.15625,1.46875,3.34375,2.5078125,109.3984375,95.265625,773.6875,21,0,1,0,2,4,4,0,0,0,4,0,0,0,185.42,190.5,205.0,0.1572265625,0.51953125,0.39119140625,0.459326171875,0.01708984375,0.225625,0.0,0.0078125,0.0,0.0,157.82421875,60.8095703125,159.4140625,75.177734375,167.306640625,69.6484375,163.373046875,78.8671875,0.3603515625,0.0224609375,7.3154296875,1.1875,148.0107421875,53.22265625,138.9130859375,58.8095703125,5.08203125,3.154296875,11.7158203125,8.90234375,4.7314453125,4.4326171875,8.78515625,7.4658203125,150.2451171875,55.3388671875,148.1328125,68.1142578125,2.5439453125,1.693359375,10.90234375,6.8740234375,5.03515625,3.77734375,0.37890625,0.189453125,6.5859375,113.9375,753.8271484375,28,0,0,1,2,5,6,0,0,1,0,4,0,0,190.5,193.04,230.0,37.0,32.0,0,0,0,0,0,1,0,0,0,0,0,0,0,0,0,1,0,0,0,0,1,0,0,0
Red,False,2.0,0.0,0.465,0.29,0.75,0.055,0.0,0.0,0.0,0.0,187.5,88.5,203.75,61.0,223.0,118.25,204.5,61.75,0.75,0.75,11.75,0.5,166.25,72.75,167.0,39.75,15.0,10.0,20.25,9.75,6.25,5.75,16.5,11.5,159.75,67.5,196.25,58.0,14.0,11.25,7.5,3.0,13.75,9.75,0.0,0.0,51.75,84.0,854.75,9,0,3,0,3,3,0,0,0,0,2,1,0,0,180.34,190.5,145.0,0.0,0.0,0.46,0.36,0.66,0.0,0.0,0.0,0.0,0.0,160.0,75.0,202.0,73.0,166.0,80.0,205.0,75.0,3.0,2.0,2.0,0.0,137.0,55.0,173.0,51.0,10.0,8.0,14.0,9.0,13.0,12.0,15.0,13.0,143.0,66.0,193.0,70.0,5.0,1.0,9.0,3.0,12.0,8.0,0.0,0.0,36.0,0.0,900.0,3,0,1,0,1,1,0,0,0,0,1,0,0,0,180.34,182.88,145.0,26.0,29.0,0,0,1,0,0,0,0,0,0,0,0,0,0,0,0,1,0,0,0,0,1,0,0,0
Red,True,0.78125,0.0,0.5428124999999999,0.2671875,0.0,0.0778125,0.125,0.0,0.0,0.0,15.65625,7.53125,7.125,2.34375,19.84375,10.875,8.28125,3.4375,0.0,0.0,1.1875,0.21875,13.9375,5.90625,5.1875,1.40625,0.40625,0.34375,0.5,0.09375,1.3125,1.28125,1.4375,0.84375,11.21875,3.78125,6.71875,2.25,1.84375,1.78125,0.375,0.09375,2.59375,1.96875,0.03125,0.0,35.8125,16.5625,128.03125,8,0,6,0,6,6,0,0,0,0,0,4,1,1,193.04,210.82,250.0,0.695556640625,0.265625,0.5300244140625,0.5739697265625,0.27930908203125,0.0163720703125,0.0,0.25,0.0,0.0,57.801513671875,30.2060546875,26.6806640625,13.775146484375,67.054931640625,38.303955078125,27.4169921875,14.473876953125,0.806396484375,0.4619140625,0.16650390625,0.019775390625,51.69384765625,26.12939453125,16.482421875,6.424560546875,2.786376953125,1.267822265625,5.951171875,3.469482421875,3.3212890625,2.808837890625,4.2470703125,3.881103515625,38.950439453125,16.850341796875,25.412841796875,12.9169921875,5.6142578125,3.76953125,1.171142578125,0.7783203125,13.23681640625,9.586181640625,0.0966796875,0.079833984375,42.787353515625,2.80859375,234.692138671875,29,3,3,0,5,11,2,0,0,0,3,8,0,0,193.04,203.2,240.0,31.0,35.0,0,0,0,0,1,0,0,0,0,0,0,0,0,0,0,1,0,0,0,0,1,0,0,0
Red,False,0.5,0.0,0.445,0.39,0.665,0.165,1.5,0.0,0.0,0.0,163.0,78.0,138.0,57.0,187.0,99.0,149.5,67.0,2.0,1.0,7.0,2.0,113.5,42.0,130.0,51.5,32.0,22.0,6.0,4.0,17.5,14.0,2.0,1.5,137.0,57.5,123.0,48.5,24.0,19.0,11.0,6.0,2.0,1.5,4.0,2.5,249.0,87.5,825.5,6,0,2,0,2,2,0,0,0,1,0,0,1,0,165.1,170.18,125.0,0.5,0.25,0.5704687500000001,0.25923828125,0.169228515625,0.091923828125,0.015625,0.7685546875,0.634765625,0.376953125,40.0185546875,16.525390625,35.2041015625,12.263671875,64.52734375,38.7041015625,45.14453125,20.48046875,4.2626953125,1.626953125,2.234375,0.890625,29.892578125,9.462890625,28.3955078125,6.7890625,5.5810546875,3.5673828125,4.3662109375,3.4990234375,4.544921875,3.4951171875,2.4423828125,1.9755859375,27.8466796875,7.67578125,27.2685546875,6.7021484375,5.6357421875,3.275390625,4.0224609375,3.259765625,6.5361328125,5.57421875,3.9130859375,2.3017578125,159.095703125,91.6875,366.9951171875,30,0,1,0,2,6,5,0,0,3,0,3,0,0,165.1,165.1,125.0,27.0,29.0,0,0,0,1,0,0,0,0,0,0,0,0,0,0,0,1,0,0,0,0,1,0,0,0
Red,True,0.25,0.0,0.605,0.4675,0.0,0.0,0.0,0.0,0.0,0.0,56.75,27.75,54.0,22.25,62.75,33.5,54.75,23.0,0.25,0.0,1.0,0.0,44.75,19.0,46.25,17.0,6.75,4.75,7.25,4.75,5.25,4.0,0.5,0.5,46.25,20.0,50.0,19.5,8.5,6.75,4.0,2.75,2.0,1.0,0.0,0.0,22.5,17.25,253.0,5,0,3,0,3,3,0,0,0,1,0,2,0,0,187.96,190.5,205.0,0.00390625,0.59375,0.54873046875,0.543125,0.284921875,0.11625,0.359375,0.0,0.0,0.0,111.04296875,53.220703125,117.59765625,64.939453125,151.94140625,88.931640625,120.7421875,67.998046875,3.09765625,0.826171875,2.84765625,0.390625,84.171875,33.798828125,61.65234375,25.91796875,11.455078125,8.3671875,28.052734375,20.619140625,15.416015625,11.0546875,27.892578125,18.40234375,83.689453125,31.384765625,99.84375,50.748046875,18.958984375,14.826171875,8.970703125,6.447265625,8.39453125,7.009765625,8.783203125,7.744140625,181.03125,58.943359375,783.48828125,31,5,4,0,4,8,2,0,0,1,3,1,3,0,180.34,182.88,235.0,28.0,38.0,0,0,0,0,0,1,0,0,0,0,0,0,0,0,0,1,0,0,0,0,1,0,0,0
Blue,False,0.1875,0.0,0.4903125,0.374375,0.25625,0.3125,0.875,0.5,0.0,0.5,85.40625,40.25,66.1875,24.53125,88.9375,43.375,70.0,27.96875,1.96875,0.65625,1.15625,0.59375,68.34375,29.3125,46.625,13.34375,14.0,8.03125,7.40625,3.5,3.0625,2.90625,12.15625,7.6875,78.6875,33.9375,63.03125,22.5625,4.0,3.65625,1.46875,0.59375,2.71875,2.65625,1.6875,1.375,53.25,14.53125,371.75,10,0,2,0,2,4,2,0,0,0,0,3,1,0,172.72,180.34,135.0,0.34375,1.15625,0.4509375,0.3690624999999999,0.0,0.3084375,0.0,0.0,0.0,0.0,115.78125,52.109375,115.734375,45.796875,116.203125,52.53125,118.453125,48.484375,0.0,0.0,4.03125,1.296875,87.09375,29.859375,88.046875,27.203125,12.875,8.625,16.078125,9.359375,15.8125,13.625,11.609375,9.234375,111.140625,48.8125,107.921875,39.28125,4.640625,3.296875,5.625,4.359375,0.0,0.0,2.1875,2.15625,9.890625,66.9375,615.75,13,0,4,0,4,5,2,0,0,0,1,4,0,0,170.18,177.8,145.0,30.0,26.0,1,0,0,0,0,0,0,0,0,0,0,0,0,0,0,1,0,0,0,0,0,0,1,0
Red,False,0.015625,0.0,0.45,0.4275,0.25,0.2,0.148468017578125,0.098388671875,0.0,0.0,66.5,29.6875,64.31230545043945,27.34375,89.75,48.0,85.53125,44.41152191162109,2.0,0.75,2.0546875,0.75,51.1875,18.3359375,49.6123046875,16.280410766601562,7.5,5.07647705078125,7.5,5.0,4.5,3.625,4.984375,3.9375,48.6875,17.0,47.11572265625,16.5,5.75,3.75,5.3125,3.4375,5.0625,3.5,3.875,2.5,99.2119140625,94.125,638.5,0,0,0,0,0,0,0,0,0,0,0,0,0,0,177.8,182.88,135.0,0.25,0.0,0.3824999999999999,0.395,0.1325,0.3424999999999999,0.0,0.0,0.0,0.0,94.5,34.75,146.25,57.25,106.0,45.0,160.25,67.25,2.0,0.5,11.25,4.5,75.5,19.5,117.75,36.25,6.25,4.0,15.5,10.5,12.75,11.25,13.0,10.5,88.5,32.0,117.0,40.0,3.5,1.75,9.75,6.75,2.5,1.0,19.5,10.5,17.75,368.75,900.0,9,0,0,1,1,1,2,0,0,1,0,0,0,0,170.18,177.8,145.0,27.0,30.0,0,0,1,0,0,0,0,0,0,0,0,0,0,0,0,1,0,0,0,0,1,0,0,0
Blue,False,1.25,0.0,0.4625,0.4425,0.165,0.165,0.0,0.0,0.25,0.0,60.75,27.25,71.75,33.0,66.0,31.0,88.0,45.75,1.5,0.5,3.25,1.5,55.0,23.25,59.5,22.5,2.25,1.75,9.25,7.5,3.5,2.25,3.0,3.0,50.75,20.0,51.25,17.75,9.0,6.5,12.5,9.75,1.0,0.75,8.0,5.5,70.5,90.5,368.75,5,0,1,0,1,2,1,0,0,0,0,2,0,0,177.8,185.42,170.0,0.0,0.5,0.53,0.52,0.5,0.165,0.0,0.0,0.0,0.0,70.0,36.0,89.5,49.0,75.0,39.5,100.0,58.0,2.0,1.0,1.5,0.5,56.0,24.0,78.0,39.5,9.5,8.0,8.5,7.0,4.5,4.0,3.0,2.5,53.0,22.0,70.0,36.0,14.0,11.5,19.5,13.0,3.0,2.5,0.0,0.0,36.0,72.5,368.5,3,0,0,2,0,0,2,0,0,0,0,0,0,0,182.88,182.88,170.0,32.0,29.0,0,0,0,0,0,0,0,0,0,1,0,0,0,0,0,1,0,0,0,0,1,0,0,0
Blue,False,0.0,0.0,0.4025,0.30125,0.5275,0.04125,0.5,0.0,0.0,0.5,135.25,52.625,124.125,39.125,212.375,107.875,138.125,50.875,12.75,7.0,0.375,0.125,108.375,31.5,104.375,25.125,14.125,9.375,11.625,7.75,12.75,11.75,8.125,6.25,113.125,39.375,119.0,36.0,8.5,6.0,4.375,2.375,13.625,7.25,0.75,0.75,366.25,3.375,900.0,12,1,1,0,2,3,1,0,0,0,3,0,0,0,170.18,177.8,145.0,0.0471682548522949,0.0,0.45,0.4217682266235352,0.25,0.19173828125,0.1875,0.125,0.0,0.0,69.5,30.5,66.984375,27.8466796875,94.0,48.544921875,88.50390625,44.75,2.0,0.8125,2.015625,0.6640625,54.0,19.01513671875,51.483436584472656,16.9437255859375,7.91796875,5.430633544921875,7.75,5.0625,4.780975341796875,3.9373779296875,4.8994140625,3.84375,51.025390625,18.400863647460938,50.515625,17.5,5.75,3.75,5.5,3.5,5.375,3.6875,4.0,2.65625,104.865234375,89.5,655.8441009521484,0,0,0,0,0,0,0,0,0,0,0,0,0,0,177.8,177.8,145.0,28.0,33.0,0,0,1,0,0,0,0,0,0,0,0,0,0,0,0,1,0,0,0,0,1,0,0,0
Blue,False,0.015625,0.0,0.45,0.4275,0.25,0.2,0.148468017578125,0.098388671875,0.0,0.0,66.5,29.6875,64.31230545043945,27.34375,89.75,48.0,85.53125,44.41152191162109,2.0,0.75,2.0546875,0.75,51.1875,18.3359375,49.6123046875,16.280410766601562,7.5,5.07647705078125,7.5,5.0,4.5,3.625,4.984375,3.9375,48.6875,17.0,47.11572265625,16.5,5.75,3.75,5.3125,3.4375,5.0625,3.5,3.875,2.5,99.2119140625,94.125,638.5,0,0,0,0,0,0,0,0,0,0,0,0,0,0,170.18,177.8,145.0,0.0471682548522949,0.0,0.45,0.4217682266235352,0.25,0.19173828125,0.1875,0.125,0.0,0.0,69.5,30.5,66.984375,27.8466796875,94.0,48.544921875,88.50390625,44.75,2.0,0.8125,2.015625,0.6640625,54.0,19.01513671875,51.483436584472656,16.9437255859375,7.91796875,5.430633544921875,7.75,5.0625,4.780975341796875,3.9373779296875,4.8994140625,3.84375,51.025390625,18.400863647460938,50.515625,17.5,5.75,3.75,5.5,3.5,5.375,3.6875,4.0,2.65625,104.865234375,89.5,655.8441009521484,0,0,0,0,0,0,0,0,0,0,0,0,0,0,170.18,180.34,145.0,28.0,26.0,0,0,1,0,0,0,0,0,0,0,0,0,0,0,0,0,0,1,0,0,1,0,0,0
Red,False,0.0001373291015625,0.0166020393371582,0.4100997027754783,0.1591760286688804,0.4274883088469505,0.2525890612602234,0.5080791711807251,0.5098276436328888,5.960464477539064e-08,2.9802322387695312e-08,33.06563884019852,10.613715946674349,40.8594471514225,13.976069808006288,37.46703618764877,14.532276958227158,48.841266721487045,21.49441036581993,3.4816236793994904,1.7214517891407013,1.6479065120220184,0.2578778862953186,28.587348639965057,7.654312580823898,27.17965370416641,6.101269125938416,2.3939700424671173,1.2813637554645538,8.895252496004105,4.934374094009399,2.084320157766342,1.6780396103858948,4.784540951251984,2.940426588058472,27.788214564323425,6.318322539329529,32.27601554989815,9.157638877630234,3.184152841567993,2.4169576168060303,6.335714161396027,3.9086239635944366,2.0932714343070984,1.878435790538788,2.2477174401283264,0.9098069667816162,92.81355744600296,32.626265436410904,307.0117302834988,63,0,0,1,3,16,10,0,0,5,6,1,4,0,177.8,180.34,155.0,0.0,0.125,0.64,0.345,0.825,0.0,0.625,1.0,0.5,1.0,41.875,29.0,25.75,9.0,96.125,68.875,50.375,29.75,4.125,3.875,1.0,0.0,36.125,23.375,14.25,2.5,5.5,5.375,7.25,3.625,0.25,0.25,4.25,2.875,21.5,10.875,20.0,4.875,2.25,1.125,3.625,2.5,18.125,17.0,2.125,1.625,513.75,76.5,745.5,9,0,1,0,2,3,1,0,0,0,2,0,1,0,177.8,177.8,155.0,34.0,26.0,0,0,0,0,0,0,1,0,0,0,0,0,0,0,0,0,0,1,0,0,0,0,1,0
Blue,False,0.375,0.5,0.36125,0.3425,0.0,0.25875,0.0,0.0,0.0,0.0,103.75,38.625,87.875,29.625,110.25,45.0,97.25,38.0,0.0,0.0,1.625,0.875,76.75,20.125,76.25,21.375,17.0,11.5,7.75,4.625,10.0,7.0,3.875,3.625,92.5,30.125,78.0,22.875,5.5,4.0,4.875,3.25,5.75,4.5,5.0,3.5,49.0,38.0,421.25,8,0,3,0,3,3,1,0,0,1,0,2,0,0,180.34,180.34,155.0,0.0471682548522949,0.0,0.45,0.4217682266235352,0.25,0.19173828125,0.1875,0.125,0.0,0.0,69.5,30.5,66.984375,27.8466796875,94.0,48.544921875,88.50390625,44.75,2.0,0.8125,2.015625,0.6640625,54.0,19.01513671875,51.483436584472656,16.9437255859375,7.91796875,5.430633544921875,7.75,5.0625,4.780975341796875,3.9373779296875,4.8994140625,3.84375,51.025390625,18.400863647460938,50.515625,17.5,5.75,3.75,5.5,3.5,5.375,3.6875,4.0,2.65625,104.865234375,89.5,655.8441009521484,0,0,0,0,0,0,0,0,0,0,0,0,0,0,175.26,180.34,155.0,33.0,27.0,0,0,0,0,0,0,1,0,0,0,0,0,0,0,0,1,0,0,0,0,1,0,0,0
Red,False,0.0,0.5,0.5449999999999999,0.42,0.5349999999999999,0.03,0.0,0.5,0.0,0.0,62.0,33.5,50.5,22.5,70.5,41.5,77.0,47.0,4.5,2.5,7.5,0.5,37.5,14.0,36.0,14.0,20.0,16.0,11.5,7.0,4.5,3.5,3.0,1.5,38.5,18.0,29.5,9.0,17.5,12.5,9.0,6.0,6.0,3.0,12.0,7.5,159.0,197.5,652.0,5,0,0,1,1,1,1,0,0,0,1,0,0,0,167.64,172.72,135.0,0.0,0.0,0.405,0.37875,0.44375,0.165,2.0,0.125,1.125,2.875,70.625,31.0,47.625,18.75,118.5,75.75,72.0,39.25,2.0,1.5,6.125,1.5,61.5,25.375,43.0,15.625,3.875,2.5,3.375,2.125,5.25,3.125,1.25,1.0,45.0,11.625,31.0,7.375,1.75,1.375,1.75,1.625,23.875,18.0,14.875,9.75,403.625,255.875,883.25,12,0,0,2,2,2,2,0,0,1,0,0,1,0,175.26,185.42,135.0,38.0,30.0,1,0,0,0,0,0,0,0,0,0,0,0,0,0,0,0,0,1,0,0,1,0,0,0
Red,False,1.53125,0.09375,0.441875,0.360625,0.073125,0.12,0.0625,0.125,0.3125,0.0,102.65625,46.5625,82.15625,27.59375,116.09375,57.6875,106.78125,47.59375,1.0625,0.4375,3.84375,0.6875,81.34375,31.8125,52.59375,13.90625,17.0,11.5625,15.40625,7.46875,4.3125,3.1875,14.15625,6.21875,75.34375,27.84375,66.0625,17.25,25.3125,17.84375,11.0625,7.4375,2.0,0.875,5.03125,2.90625,31.09375,234.125,707.25,15,0,1,0,1,3,3,0,0,0,1,2,0,0,182.88,180.34,155.0,0.0,0.0390625,0.518984375,0.369921875,0.16390625,0.2590625,0.6328125,0.0,0.0234375,0.03125,143.984375,74.515625,158.0625,56.1796875,154.9375,81.0625,167.515625,64.7734375,4.421875,0.6328125,5.40625,1.09375,132.9375,66.203125,117.359375,26.0078125,7.5625,5.4453125,26.984375,17.5546875,3.484375,2.8671875,13.71875,12.6171875,140.6328125,72.8125,148.2265625,49.03125,3.21875,1.6484375,5.6328125,3.765625,0.1328125,0.0546875,4.203125,3.3828125,103.921875,89.671875,783.6640625,18,0,1,0,3,5,3,0,0,0,2,1,2,0,187.96,185.42,170.0,29.0,31.0,0,0,0,0,0,0,1,0,0,0,0,0,0,0,0,0,0,1,0,0,1,0,0,0
Red,False,0.134185791015625,0.000244140625,0.3721234130859375,0.5747323608398438,0.2471075439453125,0.0833970642089843,0.25,0.252777099609375,7.62939453125e-05,0.0,154.6423797607422,62.38356018066406,151.96798706054688,88.98262023925781,155.1985321044922,62.84278869628906,164.34164428710938,100.83999633789062,1.613616943359375,0.5899200439453125,1.7836151123046875,0.5054779052734375,108.65383911132812,31.524490356445312,123.00831604003906,65.31547546386719,37.61935424804688,25.386962890625,6.272918701171875,4.3479766845703125,8.369186401367188,5.47210693359375,22.686752319335938,19.319168090820312,141.52891540527344,55.18092346191406,103.11366271972656,52.77912902832031,10.892044067382812,6.1534576416015625,18.767333984375,14.138137817382812,2.221420288085937,1.0491790771484375,30.086990356445312,22.065353393554688,20.348403930664062,135.0337371826172,603.7767028808594,42,1,0,1,4,9,8,0,0,0,5,4,0,0,177.8,185.42,155.0,0.25048828125,0.0009765625,0.4749002075195312,0.4812095642089843,0.3169079589843749,0.2300933837890625,1.34552001953125,0.383270263671875,0.25,0.126953125,116.13467407226562,55.0240478515625,117.8135223388672,55.314788818359375,181.5570068359375,111.41506958007812,169.0835723876953,100.32723999023438,7.2832489013671875,2.810302734375,5.69342041015625,1.615264892578125,91.71438598632812,34.91900634765625,97.83126831054688,38.15895080566406,20.9068603515625,16.65411376953125,12.7183837890625,10.6812744140625,3.513427734375,3.450927734375,7.263870239257812,6.4745635986328125,74.0712890625,21.28692626953125,83.90054321289062,30.690948486328125,27.8502197265625,21.498779296875,20.1724853515625,13.6707763671875,14.213165283203123,12.23834228515625,13.740493774414062,10.95306396484375,287.9160614013672,235.23667907714844,873.5626983642578,43,0,1,0,5,13,4,0,0,2,8,3,0,0,177.8,180.34,145.0,31.0,33.0,0,0,1,0,0,0,0,0,0,0,0,0,0,0,0,0,0,1,0,0,1,0,0,0
Red,False,0.0,0.0,0.37,0.55,0.5,0.6,1.0,0.0,0.0,0.0,133.0,50.0,61.0,34.0,190.0,96.0,62.0,35.0,2.0,1.0,5.0,3.0,99.0,25.0,43.0,22.0,22.0,17.0,10.0,6.0,12.0,8.0,8.0,6.0,99.0,27.0,55.0,31.0,8.0,1.0,5.0,2.0,26.0,22.0,1.0,1.0,504.0,98.0,900.0,3,0,1,0,1,1,0,0,0,0,1,0,0,0,180.34,187.96,170.0,0.75,0.0,0.4284375,0.403125,0.1971875,0.0,0.15625,0.125,0.0,0.0,93.0,43.90625,51.4375,17.78125,119.625,67.96875,53.4375,19.28125,3.46875,1.3125,0.0,0.0,68.625,26.3125,45.71875,13.3125,14.8125,10.28125,4.0625,3.4375,9.5625,7.3125,1.65625,1.03125,67.65625,26.59375,49.90625,16.75,3.84375,2.4375,1.46875,0.96875,21.5,14.875,0.0625,0.0625,243.65625,1.25,517.71875,15,1,6,0,6,6,0,0,0,0,4,1,1,0,182.88,193.04,170.0,29.0,30.0,0,0,0,0,0,0,0,0,0,1,0,0,0,0,0,0,0,0,1,0,0,0,0,1
Red,False,0.5,0.0,0.55125,0.4125,0.1,0.45,0.0,0.0,0.0,0.5,86.875,43.0,109.125,57.0,92.875,48.5,120.125,65.25,2.5,0.5,3.125,1.5,76.75,34.875,80.375,38.25,9.625,8.125,20.625,14.75,0.5,0.0,8.125,4.0,70.25,29.75,91.125,42.0,13.625,10.625,13.5,11.5,3.0,2.625,4.5,3.5,32.375,104.5,504.375,6,0,3,0,3,3,1,0,0,0,0,3,0,0,177.8,177.8,145.0,2.657257378101349,0.0002479553222656,0.34066112190485,0.3760834997892379,0.0032710421085357,0.193526731133461,0.1256107091903686,0.2817781567573547,6.210803985595703e-05,0.1250006854534149,209.66917052865028,72.36959698796272,117.67215716838837,42.76155921816826,219.164146065712,81.78534758090973,122.71223682165146,47.389474749565125,0.7582751512527466,0.0130738019943237,3.7610132694244394,1.3130256235599518,168.20915803313255,40.02811241149902,99.861858189106,30.694512993097305,13.49732345342636,8.707087099552155,6.252336502075195,3.14654678106308,27.96268904209137,23.634397476911545,11.557962477207184,8.920499444007874,195.11396518349648,61.288331270217896,110.75603026151656,38.777091324329376,8.577060103416443,5.697073221206665,3.3291094303131104,2.327694535255432,5.978145241737366,5.384192496538162,3.5870174765586853,1.6567733585834503,57.80248686671257,93.30628922581673,897.1209381818771,71,0,0,1,3,13,13,0,0,1,6,5,0,1,175.26,180.34,145.0,26.0,31.0,0,0,1,0,0,0,0,0,0,0,0,0,0,0,0,1,0,0,0,0,1,0,0,0
Blue,False,0.0,0.0,0.58,0.44,0.66,0.66,1.0,1.0,1.0,0.0,174.0,101.0,145.0,65.0,181.0,108.0,162.0,81.0,3.0,2.0,3.0,2.0,126.0,61.0,130.0,58.0,22.0,16.0,14.0,7.0,26.0,24.0,1.0,0.0,158.0,86.0,139.0,59.0,9.0,8.0,3.0,3.0,7.0,7.0,3.0,3.0,319.0,142.0,900.0,3,0,1,0,1,1,0,0,0,1,0,0,0,0,165.1,162.56,125.0,0.25,0.0,0.4024999999999999,0.599375,0.054375,0.63125,0.15625,1.59375,0.09375,0.03125,42.375,18.5625,39.6875,22.0,66.9375,39.625,54.125,34.4375,1.53125,0.34375,2.28125,1.65625,26.21875,9.6875,29.09375,14.375,9.90625,5.0625,8.0,5.5625,6.25,3.8125,2.59375,2.0625,26.75,8.40625,25.28125,12.0625,9.5625,5.96875,9.78125,7.0,6.0625,4.1875,4.625,2.9375,68.21875,192.40625,441.5,17,0,3,0,3,4,2,0,0,0,1,2,1,0,162.56,165.1,115.0,30.0,23.0,0,0,0,0,0,0,0,0,0,0,0,0,1,0,0,1,0,0,0,0,1,0,0,0
Blue,False,0.0,0.5,0.395,0.4,0.5,0.0,0.0,0.0,0.0,0.0,239.5,96.0,337.0,137.0,240.0,96.5,339.0,139.0,0.5,0.5,5.5,0.0,197.0,65.5,260.0,86.5,12.5,9.0,46.5,25.5,30.0,21.5,30.5,25.0,222.5,86.0,312.0,125.0,15.5,9.5,17.5,9.0,1.5,0.5,7.5,3.0,3.0,17.5,900.0,6,0,0,2,0,0,2,0,0,0,0,0,0,0,175.26,172.72,135.0,0.0,0.0,0.25,0.44,0.42,0.0,1.0,5.0,0.0,1.0,88.0,22.0,127.0,57.0,112.0,38.0,192.0,118.0,7.0,3.0,0.0,0.0,75.0,11.0,116.0,47.0,5.0,4.0,10.0,9.0,8.0,7.0,1.0,1.0,83.0,18.0,68.0,24.0,1.0,1.0,11.0,10.0,4.0,3.0,48.0,23.0,385.0,208.0,894.0,3,0,0,1,0,0,1,0,0,0,0,0,0,0,162.56,172.72,135.0,29.0,30.0,0,0,0,0,0,0,0,0,0,0,1,0,0,0,0,1,0,0,0,0,1,0,0,0
Red,False,0.0,0.0,0.35,0.69,0.28,0.33,0.0,2.0,0.0,2.0,67.0,24.0,65.0,45.0,77.0,32.0,97.0,70.0,7.0,2.0,3.0,1.0,40.0,6.0,52.0,34.0,14.0,7.0,10.0,8.0,13.0,11.0,3.0,3.0,46.0,10.0,41.0,25.0,21.0,14.0,11.0,8.0,0.0,0.0,13.0,12.0,145.0,244.0,562.0,2,0,0,1,0,0,1,0,0,0,0,0,0,0,177.8,175.26,145.0,0.0,0.0,0.33,0.54,0.0,0.66,0.0,1.0,0.0,0.0,30.0,10.0,48.0,26.0,32.0,12.0,69.0,43.0,0.0,0.0,6.0,4.0,21.0,4.0,38.0,21.0,8.0,5.0,10.0,5.0,1.0,1.0,0.0,0.0,27.0,8.0,31.0,11.0,3.0,2.0,5.0,4.0,0.0,0.0,12.0,11.0,20.0,531.0,686.0,3,0,0,1,0,0,1,0,0,0,0,0,0,0,172.72,175.26,145.0,28.0,23.0,0,0,1,0,0,0,0,0,0,0,0,0,0,0,0,1,0,0,0,0,1,0,0,0
Blue,False,0.0,0.0,0.39,0.405,0.0,0.33,0.0,0.0,0.0,0.0,163.0,64.5,187.0,74.0,203.0,104.5,206.5,91.5,0.0,0.0,3.0,2.0,134.0,42.0,132.0,34.5,17.5,12.5,26.5,17.5,11.5,10.0,28.5,22.0,143.5,49.5,165.5,56.0,17.0,13.0,16.0,13.0,2.5,2.0,5.5,5.0,23.0,213.0,900.0,6,0,0,1,1,1,1,0,0,0,1,0,0,0,165.1,170.18,125.0,0.0,0.0,0.3075,0.28,0.25,0.25,0.0,0.0,0.0,0.0,154.0,51.5,177.5,46.5,157.0,53.5,179.25,47.75,0.75,0.25,1.25,0.5,129.0,32.5,150.75,27.75,9.75,6.75,24.0,17.25,15.25,12.25,2.75,1.5,149.5,49.0,168.0,39.5,4.5,2.5,9.5,7.0,0.0,0.0,0.0,0.0,0.25,16.5,900.0,9,0,0,1,2,2,1,0,0,1,1,0,0,0,152.4,152.4,115.0,25.0,28.0,0,0,0,0,0,0,0,0,0,0,0,0,0,1,0,0,0,1,0,0,1,0,0,0
Blue,False,0.0,0.0625,0.35046875,0.3815625,0.125,0.1884375,0.125,0.75,0.0,0.0,131.96875,40.0,112.046875,40.9375,148.71875,56.09375,143.515625,70.953125,0.125,0.125,3.796875,0.96875,108.078125,23.4375,87.171875,25.0,10.859375,5.953125,11.4375,7.46875,13.03125,10.609375,13.4375,8.46875,123.40625,34.484375,97.265625,28.765625,7.8125,4.765625,9.09375,7.203125,0.75,0.75,5.6875,4.96875,47.28125,232.921875,884.0625,20,0,0,2,1,1,6,0,0,0,0,0,0,1,167.64,167.64,125.0,0.0,0.0,0.0,0.6,0.0,1.0,0.0,1.0,0.0,0.0,4.0,0.0,5.0,3.0,4.0,0.0,18.0,16.0,0.0,0.0,1.0,1.0,3.0,0.0,4.0,2.0,0.0,0.0,0.0,0.0,1.0,0.0,1.0,1.0,4.0,0.0,3.0,1.0,0.0,0.0,0.0,0.0,0.0,0.0,2.0,2.0,0.0,162.0,174.0,1,0,0,1,0,0,1,0,0,0,0,0,0,0,170.18,170.18,125.0,31.0,31.0,0,0,0,0,0,0,0,0,0,0,0,0,1,0,0,1,0,0,0,0,0,0,0,1
Red,False,0.5057373046875,0.0020751953125,0.3942803955078124,0.3818029785156249,0.291280517578125,0.015880126953125,0.0009765625,0.0673980712890625,0.0,0.0,107.96710205078124,43.76701354980469,125.25990295410156,47.64923095703125,110.84507751464844,46.26779174804688,127.63766479492188,49.08541870117188,0.501068115234375,0.37506103515625,2.831451416015625,0.0169830322265625,71.88591003417969,17.97344970703125,104.4166259765625,32.68647766113281,20.65948486328125,13.132583618164062,11.740921020507812,7.4311981201171875,15.421707153320312,12.660980224609377,9.10235595703125,7.53155517578125,104.70843505859376,41.98384094238281,120.4566650390625,44.26898193359375,0.1646270751953125,0.008270263671875,3.1809234619140625,1.87615966796875,3.0940399169921875,1.77490234375,1.622314453125,1.50408935546875,18.390304565429688,4.08465576171875,676.1855163574219,40,0,4,0,4,13,4,0,1,1,5,6,0,0,180.34,190.5,145.0,0.0234375,0.0,0.613515625,0.255390625,0.447265625,0.0325,0.5703125,0.5,0.0,0.0,120.625,75.15625,64.1796875,16.9453125,161.5,113.875,73.4453125,24.84375,6.953125,3.2421875,0.34375,0.0390625,116.46875,71.4453125,46.1015625,9.0,2.40625,1.984375,14.609375,5.6015625,1.75,1.7265625,3.46875,2.34375,30.53125,8.25,62.921875,16.015625,1.9375,1.5390625,0.7265625,0.4609375,88.15625,65.3671875,0.53125,0.46875,467.546875,5.203125,716.390625,21,0,8,0,8,8,0,0,0,0,4,2,2,0,177.8,177.8,155.0,31.0,29.0,0,0,0,0,0,0,1,0,0,0,0,0,0,0,0,1,0,0,0,0,1,0,0,0
Red,True,0.53125,0.0,0.4278125,0.3478125,0.046875,0.06625,0.0,0.125,0.0,0.0,114.96875,45.078125,105.0,42.4375,131.9375,59.40625,132.40625,67.390625,2.296875,0.046875,1.796875,0.5,70.984375,15.78125,68.25,17.171875,21.609375,12.5,17.71875,12.734375,22.375,16.796875,19.03125,12.53125,106.859375,38.96875,93.484375,33.03125,6.953125,5.515625,10.0,8.390625,1.15625,0.59375,1.515625,1.015625,142.859375,55.796875,1024.46875,26,3,3,0,3,4,3,0,0,1,1,2,0,0,172.72,175.26,135.0,0.75,0.0,0.5825,0.39,0.25,0.125,0.0,0.0,0.0,0.0,113.25,64.5,50.5,20.0,119.0,70.0,54.75,23.75,1.0,0.5,2.25,0.5,79.5,36.5,31.0,7.5,21.75,16.5,12.0,7.25,12.0,11.5,7.5,5.25,76.25,40.0,42.25,14.75,20.5,13.25,7.5,5.25,16.5,11.25,0.75,0.0,109.0,30.25,490.5,6,1,3,0,3,3,0,0,0,0,0,3,0,0,172.72,172.72,145.0,36.0,32.0,0,0,0,0,0,0,0,0,0,0,0,1,0,0,0,0,0,1,0,0,1,0,0,0
Red,False,0.25,0.0,0.51625,0.59125,0.3475,0.2925,0.0,0.0,0.5,0.0,59.0,25.625,52.875,24.875,79.625,45.375,83.0,48.75,4.75,1.875,4.625,1.875,39.25,11.625,30.625,6.875,13.875,9.5,9.5,7.25,5.875,4.5,12.75,10.75,48.375,18.25,36.625,15.875,8.75,5.75,7.875,4.75,1.875,1.625,8.375,4.25,149.75,212.375,642.5,9,0,3,0,3,3,1,0,0,0,1,2,0,0,177.8,185.42,155.0,0.53125,0.0,0.46859375,0.4071875,0.020625,0.10484375,0.125,1.046875,0.28125,0.0,107.4375,50.453125,104.515625,40.578125,119.4375,61.234375,112.234375,47.40625,0.6875,0.0625,4.453125,1.234375,84.9375,33.78125,83.4375,24.53125,6.5625,4.15625,14.109375,10.015625,15.9375,12.515625,6.96875,6.03125,103.515625,48.421875,99.59375,37.328125,2.390625,1.09375,3.53125,1.984375,1.53125,0.9375,1.390625,1.265625,39.125,84.75,567.4375,15,0,1,0,1,4,3,0,0,0,0,3,1,0,182.88,190.5,155.0,24.0,27.0,0,0,0,0,0,0,1,0,0,0,0,0,0,0,0,1,0,0,0,0,0,0,0,1
Blue,False,0.0,0.0,0.3924999999999999,0.3924999999999999,0.44625,0.020625,0.3125,0.5,0.0,0.5,92.75,34.375,103.4375,39.3125,169.875,103.5625,119.25,51.75,11.875,5.0,0.5625,0.0625,81.75,27.8125,98.125,35.625,6.875,4.5625,4.875,3.3125,4.125,2.0,0.4375,0.375,66.625,16.9375,86.6875,27.0,8.25,5.4375,4.6875,1.875,17.875,12.0,12.0625,10.4375,327.9375,24.5,865.1875,14,2,1,0,1,3,2,0,0,0,2,0,1,0,154.94,160.02,115.0,0.0,0.0,0.4375,0.32,0.7,0.165,2.5,0.25,0.0,0.5,104.25,42.75,123.0,42.5,113.75,51.0,127.25,46.75,3.0,1.5,1.0,0.5,64.25,17.75,84.5,18.0,25.0,17.5,19.75,9.75,15.0,7.5,18.75,14.75,99.75,39.25,120.0,40.75,2.75,2.25,2.5,1.5,1.75,1.25,0.5,0.25,138.75,27.75,706.0,7,0,3,0,3,3,0,0,0,0,1,0,2,0,162.56,162.56,125.0,30.0,30.0,0,0,0,0,0,0,0,0,0,0,0,0,0,1,0,1,0,0,0,0,1,0,0,0
Red,False,0.5,0.0,0.5,0.39,0.285,0.0825,0.5,1.0,0.0,0.0,186.25,98.5,136.25,60.0,215.5,122.75,176.25,94.75,7.0,2.0,4.75,0.75,141.0,63.5,121.75,50.25,36.0,27.5,11.5,7.25,9.25,7.5,3.0,2.5,91.5,35.0,112.5,43.75,28.0,18.5,17.0,11.75,66.75,45.0,6.75,4.5,301.0,113.25,900.0,9,0,0,1,2,2,1,0,0,1,1,0,0,0,182.88,177.8,145.0,0.0703125,0.0,0.5052343749999999,0.210703125,0.568828125,0.38671875,0.0078125,0.5625,0.0234375,0.1640625,43.7578125,23.8359375,19.546875,7.203125,50.203125,28.78515625,25.328125,12.09375,1.6640625,0.80859375,0.38671875,0.38671875,38.8125,21.26171875,11.4140625,1.30078125,1.96875,0.703125,3.20703125,1.83203125,2.9765625,1.87109375,4.92578125,4.0703125,19.15234375,5.546875,17.68359375,5.89453125,0.1015625,0.1015625,0.50390625,0.23828125,24.50390625,18.1875,1.359375,1.0703125,146.046875,33.8515625,318.98046875,18,0,6,0,6,7,2,0,0,1,2,3,1,0,177.8,185.42,145.0,28.0,29.0,0,0,1,0,0,0,0,0,0,0,0,0,0,0,0,0,0,1,0,0,1,0,0,0
Blue,False,0.000244140625,0.3125,0.3483331298828125,0.6883076477050781,0.3057391357421875,0.2741865539550781,0.626953125,0.5084381103515625,0.0039215087890625,0.031982421875,47.78013610839844,26.416168212890625,33.48908996582031,21.104461669921875,68.33152770996094,45.78195190429688,48.858673095703125,34.29412841796875,1.6105804443359375,0.58074951171875,2.12384033203125,1.6917724609375,36.36691284179688,18.203155517578125,25.9786376953125,14.39520263671875,7.848419189453125,5.8407745361328125,2.1934356689453125,1.908905029296875,3.564804077148437,2.3722381591796875,5.3170166015625,4.80035400390625,32.2015380859375,13.07763671875,16.057220458984375,8.08892822265625,2.364974975585937,2.054962158203125,3.5211181640625,2.1284332275390625,13.213623046875,11.2835693359375,13.910751342773438,10.887100219726562,25.31163024902344,294.9872283935547,476.8329620361328,44,0,1,0,7,12,5,0,0,1,6,4,1,0,190.5,203.2,170.0,0.1669921875,0.31298828125,0.2665283203125,0.7432788085937501,0.08280517578125,0.59814697265625,0.12841796875,0.627197265625,0.0419921875,0.001708984375,161.9228515625,59.43115234375,61.435546875,31.1904296875,173.57421875,69.717041015625,66.93359375,36.529052734375,0.43994140625,0.2509765625,1.472900390625,1.12646484375,122.949951171875,34.124755859375,54.47265625,24.953857421875,24.128173828125,14.47705078125,3.3818359375,3.215087890625,14.8447265625,10.829345703125,3.5810546875,3.021484375,143.61572265625,48.379150390625,52.591796875,25.349365234375,14.175537109375,8.01171875,6.48291015625,4.27587890625,4.131591796875,3.040283203125,2.36083984375,1.565185546875,25.32373046875,87.43798828125,595.18701171875,38,3,0,1,5,7,6,0,0,1,1,4,0,1,187.96,190.5,170.0,30.0,33.0,0,0,0,0,0,0,0,0,0,1,0,0,0,0,0,1,0,0,0,0,1,0,0,0
Blue,False,1.0,0.5,0.5349999999999999,0.305,0.375,0.0,1.5,0.0,0.0,0.0,81.0,43.5,96.0,29.0,109.0,67.0,109.0,41.0,2.5,1.5,1.0,0.0,52.5,22.0,80.0,17.5,15.5,10.0,8.0,4.5,13.0,11.5,8.0,7.0,70.5,37.0,87.5,24.0,0.5,0.5,1.0,0.5,10.0,6.0,7.5,4.5,220.0,0.0,853.5,6,0,2,0,2,2,0,0,0,1,0,0,1,0,167.64,167.64,125.0,0.0078125,0.015625,0.4140625,0.5960156249999999,0.294921875,0.7029687499999999,1.83203125,1.1328125,2.2734375,1.6640625,73.875,32.25,61.14453125,36.890625,86.3359375,43.11328125,91.18359375,64.01953125,3.02734375,0.91796875,9.484375,7.30859375,66.65625,27.65625,44.140625,22.65234375,6.05078125,3.4296875,11.94140625,9.72265625,1.16796875,1.1640625,5.0625,4.515625,51.72265625,17.4140625,35.98828125,17.84765625,4.67578125,2.328125,10.9765625,7.54296875,17.4765625,12.5078125,14.1796875,11.5,138.84375,434.06640625,772.265625,23,0,1,0,4,5,4,0,0,0,2,2,1,0,175.26,172.72,135.0,24.0,26.0,0,0,0,1,0,0,0,0,0,0,0,0,0,0,0,1,0,0,0,0,1,0,0,0
Red,False,0.015625,0.0,0.45,0.4275,0.25,0.2,0.148468017578125,0.098388671875,0.0,0.0,66.5,29.6875,64.31230545043945,27.34375,89.75,48.0,85.53125,44.41152191162109,2.0,0.75,2.0546875,0.75,51.1875,18.3359375,49.6123046875,16.280410766601562,7.5,5.07647705078125,7.5,5.0,4.5,3.625,4.984375,3.9375,48.6875,17.0,47.11572265625,16.5,5.75,3.75,5.3125,3.4375,5.0625,3.5,3.875,2.5,99.2119140625,94.125,638.5,0,0,0,0,0,0,0,0,0,0,0,0,0,0,167.64,165.1,135.0,0.00390625,0.0,0.3951171875,0.4364453124999999,0.417578125,0.690859375,0.546875,1.40625,0.75,1.22265625,43.7109375,23.04296875,42.0234375,18.1875,76.99609375,53.3828125,56.87109375,32.24609375,5.40234375,3.76171875,3.14453125,1.7734375,30.59765625,14.0078125,36.46484375,14.1953125,8.36328125,5.6953125,3.08984375,2.0546875,4.75,3.33984375,2.46875,1.9375,29.05078125,12.4296875,32.10546875,11.6015625,7.69921875,5.265625,3.8046875,2.0625,6.9609375,5.34765625,6.11328125,4.5234375,162.0546875,221.53515625,529.125,25,1,0,1,2,3,6,0,0,0,3,0,0,0,170.18,167.64,125.0,23.0,31.0,1,0,0,0,0,0,0,0,0,0,0,0,0,0,0,1,0,0,0,0,0,0,1,0
Red,False,0.0,0.0,0.4299999999999999,0.4775,0.175,0.645,0.0,1.0,0.0,0.0,30.75,12.5,27.25,15.5,41.75,22.0,37.5,24.0,2.25,0.5,3.5,2.25,18.5,6.25,20.0,9.5,4.0,2.0,5.5,4.5,8.25,4.25,1.75,1.5,22.0,6.0,15.0,6.75,6.25,4.75,9.0,7.0,2.5,1.75,3.25,1.75,95.25,76.75,359.0,5,0,0,3,0,0,3,0,0,0,0,0,0,0,182.88,187.96,185.0,0.0471682548522949,0.0,0.45,0.4217682266235352,0.25,0.19173828125,0.1875,0.125,0.0,0.0,69.5,30.5,66.984375,27.8466796875,94.0,48.544921875,88.50390625,44.75,2.0,0.8125,2.015625,0.6640625,54.0,19.01513671875,51.483436584472656,16.9437255859375,7.91796875,5.430633544921875,7.75,5.0625,4.780975341796875,3.9373779296875,4.8994140625,3.84375,51.025390625,18.400863647460938,50.515625,17.5,5.75,3.75,5.5,3.5,5.375,3.6875,4.0,2.65625,104.865234375,89.5,655.8441009521484,0,0,0,0,0,0,0,0,0,0,0,0,0,0,187.96,182.88,185.0,26.0,27.0,0,0,0,0,0,0,0,1,0,0,0,0,0,0,0,1,0,0,0,0,1,0,0,0
Blue,False,2.0,0.0,0.33625,0.35375,0.3325,0.21875,0.125,0.0,0.0,0.0,180.0,61.375,142.875,50.5,192.5,68.875,151.25,57.25,3.0,1.5,1.625,0.625,144.875,35.0,125.0,38.375,21.125,14.125,11.5,6.5,14.0,12.25,6.375,5.625,149.5,45.375,135.0,46.25,5.625,4.375,6.375,3.125,24.875,11.625,1.5,1.125,112.5,33.5,900.0,12,0,2,0,2,3,1,0,0,1,2,0,0,0,167.64,177.8,145.0,0.01611328125,0.0625,0.589560546875,0.4105517578125,0.7841748046875,0.28955078125,0.27783203125,0.75830078125,0.2744140625,0.0,62.28125,36.30908203125,55.67724609375,23.50830078125,64.671875,38.62744140625,68.68212890625,36.2548828125,2.00439453125,0.96240234375,1.193359375,0.59033203125,49.93212890625,26.48095703125,49.6025390625,18.6826171875,4.0712890625,2.32470703125,3.22314453125,2.92529296875,8.27783203125,7.50341796875,2.8515625,1.900390625,47.57861328125,24.94091796875,43.98583984375,15.99853515625,6.5849609375,5.31494140625,6.8681640625,3.6005859375,8.11767578125,6.05322265625,4.8232421875,3.9091796875,153.28076171875,77.658203125,437.25244140625,27,1,4,0,4,9,3,0,0,0,3,3,3,0,172.72,180.34,145.0,32.0,35.0,0,0,1,0,0,0,0,0,0,0,0,0,0,0,0,1,0,0,0,0,1,0,0,0
Red,False,0.0,0.5,0.485,0.563125,0.284375,0.125,0.4375,0.0,0.25,0.0,31.5,15.5,29.1875,10.875,40.3125,22.625,32.5,13.75,1.75,1.0,0.625,0.25,26.0625,12.1875,20.6875,5.9375,5.0625,3.0,5.125,2.6875,0.375,0.3125,3.375,2.25,26.5625,11.875,25.9375,8.25,3.75,2.4375,2.125,1.5,1.1875,1.1875,1.125,1.125,38.0625,27.1875,210.8125,8,0,4,0,4,4,1,0,0,0,0,1,3,0,190.5,195.58,205.0,0.065185546875,1.125,0.362021484375,0.4423706054687499,0.360302734375,0.191484375,0.26708984375,0.009765625,0.0078125,0.015625,87.417236328125,30.3955078125,133.255126953125,57.168212890625,131.07275390625,64.16845703125,144.714599609375,68.291748046875,3.454345703125,1.334228515625,1.902587890625,0.70703125,79.921630859375,24.79736328125,116.370361328125,45.8740234375,6.7451171875,4.84765625,11.4189453125,6.343994140625,0.75048828125,0.75048828125,5.4658203125,4.9501953125,77.448974609375,25.26416015625,115.1953125,45.1025390625,4.912353515625,2.17529296875,9.212158203125,4.784423828125,5.055908203125,2.9560546875,8.84765625,7.28125,185.847900390625,96.76611328125,904.843994140625,31,1,5,0,5,9,4,0,0,0,2,3,3,1,187.96,193.04,205.0,30.0,38.0,0,0,0,0,0,1,0,0,0,0,0,0,0,0,0,1,0,0,0,0,1,0,0,0
Red,False,0.0,0.0,0.4,0.25,1.0,0.0,0.0,0.0,0.0,0.0,25.0,10.0,12.0,3.0,25.0,10.0,13.0,4.0,1.0,1.0,1.0,0.0,18.0,6.0,9.0,2.0,4.0,2.0,2.0,1.0,3.0,2.0,1.0,0.0,21.0,8.0,9.0,3.0,0.0,0.0,3.0,0.0,4.0,2.0,0.0,0.0,3.0,8.0,130.0,1,0,1,0,1,1,0,0,0,0,0,1,0,0,180.34,182.88,170.0,1.0,0.0625,0.4321874999999999,0.28125,0.50890625,0.01375,0.0,0.0,0.0,0.03125,135.453125,56.78125,126.21875,35.96875,138.078125,59.359375,127.28125,36.78125,0.640625,0.5625,0.375,0.0625,103.359375,29.4375,105.625,20.25,23.421875,18.6875,9.84375,6.796875,8.671875,8.65625,10.75,8.921875,123.59375,48.65625,123.8125,34.328125,5.09375,3.359375,1.140625,0.953125,6.765625,4.765625,1.265625,0.6875,31.328125,5.21875,546.4375,17,1,3,0,3,5,2,0,0,1,2,2,0,0,177.8,180.34,170.0,35.0,31.0,0,0,0,0,0,0,0,0,0,1,0,0,0,0,0,0,0,0,1,0,1,0,0,0
Blue,False,0.0063858032226562,2.384185791015625e-07,0.6400063681602478,0.3311909127235413,0.0741113138198852,0.2736661744117736,0.7558948993682861,0.0001239776611328,2.384185791015625e-07,4.76837158203125e-07,89.96559381484985,45.65106463432312,96.25826621055604,44.4203827381134,97.320636510849,52.09894943237305,102.74078822135924,50.546679973602295,2.1194818019866943,0.4120016098022461,0.7595152854919434,0.3254778385162353,65.93176603317261,27.14064884185791,76.16234922409058,27.22228169441223,17.857255935668945,12.767232418060305,10.387451648712158,8.249239206314087,6.176571846008301,5.743183374404907,9.708465337753296,8.948861837387085,71.77913284301758,31.947529077529907,88.57852935791016,38.42056918144226,7.182693004608154,5.480418205261231,7.449217557907104,5.790320158004761,11.00376796722412,8.223117351531982,0.2305192947387695,0.2094933986663818,175.515127658844,58.33173966407776,574.166975736618,59,3,0,2,5,16,7,0,0,0,9,4,3,0,172.72,177.8,155.0,0.198333740234375,0.2501220703125,0.4922876739501953,0.5179909515380859,0.0169353485107421,0.0704505157470703,0.0,0.0335159301757812,0.00982666015625,0.0,123.5547332763672,61.24061584472656,174.92583465576172,76.05935668945312,130.23721313476562,67.822509765625,186.12396240234372,86.04927825927734,0.5406570434570312,0.0327682495117187,5.983657836914063,0.7198257446289062,98.46498107910156,42.29273986816406,134.57910919189453,46.54708862304688,23.018272399902344,17.41938018798828,29.23931884765625,20.626678466796875,2.071479797363281,1.5284957885742188,11.107406616210938,8.885589599609375,89.12757873535156,35.33612823486328,144.64128875732422,56.67896270751953,32.54730224609375,24.521957397460938,28.40072631835937,17.559104919433594,1.879852294921875,1.3825302124023438,1.883819580078125,1.8212890625,23.01152801513672,75.38925170898438,833.9141616821289,52,5,3,0,5,13,5,0,0,3,4,6,0,0,180.34,187.96,170.0,33.0,35.0,0,0,0,0,0,0,0,0,0,1,0,0,0,0,0,0,0,1,0,0,0,0,1,0
Red,False,0.5,0.375,0.3675,0.40625,0.0,0.3775,0.125,0.0,0.0,0.0,108.625,40.5,97.75,40.625,112.75,44.0,118.5,57.5,1.5,0.0,4.375,1.875,84.125,24.875,81.125,30.75,15.125,8.0,11.125,5.125,9.375,7.625,5.5,4.75,96.125,32.75,74.25,25.875,9.625,6.0,17.25,9.625,2.875,1.75,6.25,5.125,13.125,178.75,622.75,9,0,2,0,2,3,1,0,0,0,1,1,1,0,185.42,187.96,170.0,0.125,0.25,0.55015625,0.32484375,0.6796875,0.14515625,0.0,0.09375,0.5,0.0,87.59375,47.71875,104.359375,33.953125,100.9375,60.359375,115.671875,43.546875,1.5625,1.40625,2.953125,0.65625,57.671875,26.453125,80.046875,19.328125,13.109375,8.109375,16.203125,9.453125,16.8125,13.15625,8.109375,5.171875,74.046875,36.53125,92.25,26.21875,5.078125,3.875,9.109375,6.359375,8.46875,7.3125,3.0,1.375,171.8125,69.8125,814.9375,19,0,3,0,3,5,2,0,0,1,3,1,0,0,185.42,187.96,170.0,30.0,36.0,0,0,0,0,0,0,0,0,0,1,0,0,0,0,0,0,0,1,0,0,1,0,0,0
Blue,False,0.25,0.0,0.6171875,0.44234375,0.71875,0.20625,0.53125,0.0,0.0,0.0625,70.875,40.890625,74.9375,37.515625,93.140625,60.28125,111.40625,70.109375,1.453125,1.03125,4.34375,1.375,52.53125,25.3125,62.0625,28.453125,15.1875,12.4375,6.578125,3.96875,3.15625,3.140625,6.296875,5.09375,51.1875,25.296875,46.515625,14.71875,10.84375,8.703125,10.140625,8.046875,8.84375,6.890625,18.28125,14.75,131.265625,245.296875,678.78125,18,0,1,0,1,3,4,0,0,0,1,1,1,0,187.96,198.12,205.0,0.0625,0.0625,0.550625,0.280625,0.5,0.35625,0.0,0.25,0.0,0.0,101.625,56.9375,115.375,27.1875,111.0,65.6875,148.1875,50.625,0.75,0.5,1.8125,1.5,93.125,49.125,101.375,20.75,4.75,4.1875,13.0,5.625,3.75,3.625,1.0,0.8125,81.25,39.8125,101.8125,20.375,14.625,11.375,6.6875,3.0625,5.75,5.75,6.875,3.75,43.5,204.9375,722.8125,11,0,0,1,2,3,2,0,0,0,1,2,0,0,180.34,195.58,185.0,34.0,33.0,0,0,0,0,0,1,0,0,0,0,0,0,0,0,0,1,0,0,0,0,0,0,0,1
Red,False,1.25,0.125,0.53875,0.4337499999999999,0.0,0.1125,0.0,0.0,0.0,0.0,50.5,24.1875,50.125,21.4375,53.0625,26.6875,50.875,22.1875,0.0,0.0,1.875,0.5,39.8125,16.4375,35.0625,10.5625,4.8125,2.125,9.3125,5.375,5.875,5.625,5.75,5.5,40.6875,16.9375,46.3125,18.4375,6.375,4.6875,3.4375,2.75,3.4375,2.5625,0.375,0.25,15.125,24.25,311.875,10,0,2,0,2,4,1,0,0,0,0,4,0,0,177.8,180.34,170.0,0.8515625,0.01953125,0.484375,0.5301953125,0.002578125,0.062109375,0.0,0.0,0.0,0.0078125,74.73046875,28.91796875,63.609375,23.16796875,78.1953125,32.3671875,66.36328125,25.80078125,0.0703125,0.0078125,1.0078125,0.22265625,68.29296875,24.16796875,45.3671875,11.54296875,3.39453125,1.87890625,8.4375,3.640625,3.04296875,2.87109375,9.8046875,7.984375,68.890625,25.19140625,62.82421875,22.6796875,1.1875,0.71484375,0.3671875,0.18359375,4.65234375,3.01171875,0.41796875,0.3046875,33.109375,5.25,421.1875,18,0,0,1,5,7,2,0,0,0,3,4,0,0,182.88,185.42,170.0,26.0,31.0,0,0,0,0,0,0,0,0,0,1,0,0,0,0,0,1,0,0,0,0,1,0,0,0
Red,False,0.375,0.0,0.485,0.45125,0.2,0.275,0.0,0.0,0.0,0.0,47.75,23.375,56.75,29.375,67.375,40.375,72.125,43.0,2.5,1.0,1.875,0.875,29.875,10.125,42.5,18.625,13.125,9.0,12.0,9.25,4.75,4.25,2.25,1.5,35.0,13.75,24.625,9.5,8.0,7.0,12.0,7.5,4.75,2.625,20.125,12.375,55.125,122.25,434.5,7,0,0,1,1,1,3,0,0,0,0,1,0,0,180.34,198.12,185.0,0.25,0.0,0.4675,0.35,0.2475,0.2775,0.0,0.75,0.0,0.25,72.0,32.0,70.0,26.0,90.75,48.5,85.25,38.5,2.25,1.0,4.75,1.25,59.25,23.25,46.0,11.25,9.0,5.75,14.25,8.0,3.75,3.0,9.75,6.75,59.0,24.75,61.25,19.75,8.0,4.5,8.25,5.75,5.0,2.75,0.5,0.5,76.25,92.75,517.0,7,0,0,1,1,1,2,0,0,1,0,0,0,0,182.88,187.96,185.0,30.0,28.0,0,0,0,0,0,0,0,1,0,0,0,0,0,0,0,0,0,0,1,0,1,0,0,0
Red,False,0.048828125,0.0,0.3358593749999999,0.37419921875,0.376796875,0.52251953125,0.12890625,1.875,0.0,0.0,42.669921875,16.1640625,53.8046875,19.30078125,50.3203125,23.80078125,63.693359375,28.654296875,3.7578125,1.359375,3.193359375,1.341796875,38.462890625,13.15234375,42.951171875,11.904296875,3.650390625,2.455078125,7.521484375,4.7265625,0.556640625,0.556640625,3.33203125,2.669921875,36.568359375,12.919921875,49.783203125,16.142578125,3.126953125,1.42578125,2.92578125,2.11328125,2.974609375,1.818359375,1.095703125,1.044921875,136.65625,144.162109375,613.56640625,21,0,1,0,3,6,4,0,0,0,1,3,1,0,172.72,177.8,155.0,0.07080078125,0.875,0.6937329101562499,0.3164453124999999,0.0,0.003095703125,0.0,0.00048828125,0.0,0.0,83.681884765625,48.396484375,114.255615234375,36.3125,91.778564453125,55.365234375,115.299560546875,37.35546875,0.3125,0.0,0.668701171875,0.031982421875,44.09716796875,17.222900390625,85.951171875,19.205322265625,24.817626953125,18.01611328125,14.4990234375,7.03759765625,14.76708984375,13.157470703125,13.805419921875,10.069580078125,77.443603515625,46.00244140625,110.741943359375,34.262939453125,3.702392578125,1.354736328125,2.740234375,1.283935546875,2.535888671875,1.039306640625,0.7734375,0.765625,28.5322265625,6.718994140625,454.790771484375,30,0,2,0,3,7,6,0,0,1,3,3,0,0,172.72,172.72,155.0,34.0,32.0,0,0,0,0,0,0,1,0,0,0,0,0,0,0,0,1,0,0,0,0,1,0,0,0
Red,False,0.2579345703125,1.126953125,0.48368896484375,0.3947888183593749,0.062822265625,0.2236572265625,0.55712890625,0.0322265625,0.25,0.00048828125,66.3509521484375,32.23974609375,88.8216552734375,35.390869140625,69.4111328125,34.7138671875,96.2025146484375,41.171875,0.94677734375,0.2041015625,1.84326171875,0.669189453125,46.159423828125,17.6090087890625,74.4617919921875,25.671142578125,13.1685791015625,8.3284912109375,9.285888671875,5.647705078125,7.02294921875,6.30224609375,5.073974609375,4.072021484375,55.94873046875,26.521484375,74.4642333984375,27.11083984375,1.550537109375,1.213134765625,4.11767578125,2.017822265625,8.8516845703125,4.505126953125,10.23974609375,6.26220703125,62.3631591796875,63.9794921875,542.0155029296875,25,0,1,0,2,7,7,0,0,0,0,2,5,0,182.88,187.96,170.0,0.09375,0.125,0.55296875,0.368125,0.26125,0.305625,0.5,0.3125,0.5,0.0,63.046875,34.015625,102.046875,39.453125,70.375,41.28125,158.625,86.75,4.375,1.375,6.6875,2.265625,39.0625,13.265625,78.453125,23.671875,7.1875,5.453125,17.15625,11.578125,16.796875,15.296875,6.4375,4.203125,59.078125,31.484375,78.890625,23.4375,2.75,1.625,11.890625,7.0625,1.21875,0.90625,11.265625,8.953125,50.140625,336.8125,760.03125,15,0,1,0,2,3,4,0,0,1,0,2,0,0,182.88,185.42,170.0,33.0,28.0,0,0,0,0,0,0,0,0,0,1,0,0,0,0,0,1,0,0,0,0,1,0,0,0
Blue,False,1.5,0.0,0.395,0.365,0.0,0.245,0.0,0.0,0.0,0.0,111.5,44.5,136.5,50.0,128.0,58.5,183.5,88.0,0.5,0.0,4.5,1.0,83.5,25.5,105.0,28.0,18.0,11.5,5.5,4.0,10.0,7.5,26.0,18.0,102.5,38.0,125.0,42.5,4.0,1.5,5.5,3.0,5.0,5.0,6.0,4.5,73.5,207.0,900.0,6,0,0,2,0,0,2,0,0,0,0,0,0,0,175.26,177.8,135.0,0.5,0.0,0.62,0.355,0.25,0.75,0.5,1.0,0.0,0.0,91.0,60.0,57.0,19.5,115.5,80.5,59.5,22.0,1.0,0.5,1.5,1.0,84.5,55.5,42.0,7.0,4.0,2.5,8.5,6.0,2.5,2.0,6.5,6.5,45.0,19.5,54.0,17.5,4.5,2.0,1.0,0.5,41.5,38.5,2.0,1.5,115.0,17.5,355.5,3,0,1,0,1,1,1,0,0,0,0,0,1,0,167.64,170.18,135.0,29.0,31.0,1,0,0,0,0,0,0,0,0,0,0,0,0,0,0,1,0,0,0,0,0,0,1,0
Red,False,0.015625,0.0,0.45,0.4275,0.25,0.2,0.148468017578125,0.098388671875,0.0,0.0,66.5,29.6875,64.31230545043945,27.34375,89.75,48.0,85.53125,44.41152191162109,2.0,0.75,2.0546875,0.75,51.1875,18.3359375,49.6123046875,16.280410766601562,7.5,5.07647705078125,7.5,5.0,4.5,3.625,4.984375,3.9375,48.6875,17.0,47.11572265625,16.5,5.75,3.75,5.3125,3.4375,5.0625,3.5,3.875,2.5,99.2119140625,94.125,638.5,0,0,0,0,0,0,0,0,0,0,0,0,0,0,185.42,185.42,185.0,1.0,0.0,0.79,0.6,0.5,0.0,0.0,0.0,0.0,0.0,29.0,23.0,23.0,14.0,29.0,23.0,24.0,15.0,2.0,1.0,1.0,0.0,28.0,22.0,16.0,8.0,1.0,1.0,3.0,2.0,0.0,0.0,4.0,4.0,13.0,10.0,20.0,13.0,2.0,2.0,3.0,1.0,14.0,11.0,0.0,0.0,46.0,0.0,174.0,1,0,1,0,1,1,0,0,0,0,0,1,0,0,185.42,190.5,185.0,29.0,30.0,0,0,0,0,0,0,0,1,0,0,0,0,0,0,0,1,0,0,0,0,0,0,1,0
Blue,False,0.25,0.125,0.370625,0.3143749999999999,0.0,0.474375,0.625,0.5,0.5,0.0,114.4375,41.8125,108.875,33.0,126.4375,52.6875,143.6875,59.3125,0.0,0.0,8.8125,5.0625,89.25,23.875,94.25,22.625,14.4375,9.4375,8.75,5.375,10.75,8.5,5.875,5.0,108.875,38.25,97.5625,26.75,3.0,1.3125,6.9375,4.25,2.5625,2.25,4.375,2.0,9.375,216.75,664.75,12,0,2,0,2,3,2,0,0,0,1,0,2,0,172.72,180.34,155.0,0.25,0.0,0.3353125,0.5725,0.346875,0.5759375,1.53125,0.0,0.5,0.3125,76.53125,29.5625,64.5625,36.71875,88.0625,40.34375,70.40625,42.3125,2.375,1.03125,2.5625,1.0625,66.375,23.0,55.1875,30.46875,4.90625,3.21875,5.375,2.8125,5.25,3.34375,4.0,3.4375,59.96875,18.59375,51.96875,27.21875,5.96875,2.6875,4.90625,3.75,10.59375,8.28125,7.6875,5.75,71.5,180.84375,479.375,15,0,0,1,4,4,2,0,0,1,1,1,1,0,177.8,180.34,145.0,29.0,25.0,0,0,1,0,0,0,0,0,0,0,0,0,0,0,0,0,0,1,0,0,1,0,0,0
Blue,False,0.015625,0.0,0.45,0.4275,0.25,0.2,0.148468017578125,0.098388671875,0.0,0.0,66.5,29.6875,64.31230545043945,27.34375,89.75,48.0,85.53125,44.41152191162109,2.0,0.75,2.0546875,0.75,51.1875,18.3359375,49.6123046875,16.280410766601562,7.5,5.07647705078125,7.5,5.0,4.5,3.625,4.984375,3.9375,48.6875,17.0,47.11572265625,16.5,5.75,3.75,5.3125,3.4375,5.0625,3.5,3.875,2.5,99.2119140625,94.125,638.5,0,0,0,0,0,0,0,0,0,0,0,0,0,0,177.8,185.42,135.0,0.0,0.125,0.2975,0.47125,0.145,0.34125,0.0,0.5,0.0,0.0,128.75,40.125,111.75,52.25,160.0,63.625,184.25,118.0,1.125,0.375,3.125,1.625,108.125,24.5,95.25,41.375,3.375,2.625,9.5,5.5,17.25,13.0,7.0,5.375,121.25,34.875,81.0,29.625,2.625,1.125,2.0,1.0,4.875,4.125,28.75,21.625,76.5,389.0,837.125,11,0,0,2,1,1,3,0,0,1,0,0,0,0,175.26,182.88,135.0,23.0,26.0,1,0,0,0,0,0,0,0,0,0,0,0,0,0,0,0,0,0,1,0,1,0,0,0
Red,False,0.0,0.0,0.35,0.625,0.0,0.33,1.0,1.0,0.5,0.5,51.5,21.5,92.0,59.0,70.0,37.0,138.0,102.0,0.0,0.0,3.0,1.0,46.5,17.5,72.5,44.0,2.5,1.5,4.5,4.0,2.5,2.5,15.0,11.0,34.5,9.0,35.5,15.0,5.0,4.0,3.0,2.5,12.0,8.5,53.5,41.5,216.0,223.0,709.0,5,0,0,1,1,1,1,0,0,1,0,0,0,0,177.8,177.8,155.0,0.625,0.0,0.4925,0.454375,0.608125,0.450625,0.1875,1.25,1.125,0.75,165.0625,81.6875,150.125,70.9375,192.25,104.4375,192.5,108.3125,3.875,2.3125,8.0,3.9375,124.875,56.0,115.625,43.75,22.3125,11.0,23.375,17.125,17.875,14.6875,11.125,10.0625,114.6875,49.4375,121.25,53.25,17.6875,11.3125,18.5,12.1875,32.6875,20.9375,10.375,5.5,327.6875,136.8125,891.25,15,0,1,0,1,3,2,0,0,0,2,0,1,0,175.26,175.26,155.0,30.0,34.0,0,0,0,0,0,0,1,0,0,0,0,0,0,0,0,0,0,1,0,0,1,0,0,0
Red,False,0.0,0.25,0.5159374999999999,0.270390625,0.65,0.36640625,0.1953125,0.0078125,0.0,0.25,130.4609375,66.8125,81.9921875,23.0234375,178.2265625,110.734375,126.4765625,61.6484375,2.9296875,1.2265625,2.6875,1.21875,81.78125,31.359375,61.375,10.984375,29.9609375,21.6328125,11.6484375,5.984375,18.71875,13.8203125,8.96875,6.0546875,97.1484375,39.8046875,72.3203125,16.3046875,8.3359375,7.0546875,2.390625,2.203125,24.9765625,19.953125,7.28125,4.515625,295.3359375,211.9453125,886.125,23,0,4,0,4,6,2,0,0,0,3,1,2,0,170.18,180.34,135.0,0.0,0.5,0.315,0.36,0.25,0.25,0.5,0.0,0.0,0.0,140.5,44.5,119.5,43.0,140.5,44.5,121.5,45.0,2.0,0.5,2.5,1.0,102.5,18.0,89.0,22.5,21.5,14.5,15.5,9.5,16.5,12.0,15.0,11.0,140.0,44.5,116.5,41.0,0.5,0.0,2.5,1.5,0.0,0.0,0.5,0.5,32.5,13.5,900.0,6,0,0,1,1,1,1,0,0,1,0,0,0,0,167.64,170.18,135.0,28.0,29.0,1,0,0,0,0,0,0,0,0,0,0,0,0,0,0,1,0,0,0,0,1,0,0,0
Blue,False,0.3125,0.25,0.31375,0.4181249999999999,0.020625,0.61625,0.9375,0.0,0.0625,0.0,177.6875,54.375,194.0625,79.8125,179.3125,55.9375,205.6875,88.25,1.3125,0.0625,3.625,1.625,160.4375,42.25,172.375,63.0625,15.4375,10.8125,13.375,8.75,1.8125,1.3125,8.3125,8.0,173.1875,52.0,190.6875,77.3125,2.875,1.25,1.1875,1.125,1.625,1.125,2.1875,1.375,21.6875,52.0625,755.9375,13,0,0,1,4,4,1,0,0,0,0,2,2,0,172.72,175.26,145.0,0.130615234375,0.0,0.6161474609375,0.4174682617187499,0.56134765625,0.2187451171875,0.125244140625,0.125244140625,0.25,0.12890625,231.418212890625,149.05322265625,210.874755859375,91.8359375,264.012451171875,177.2890625,228.11376953125,106.474365234375,2.977783203125,1.633544921875,7.117431640625,1.7607421875,157.2216796875,86.353515625,164.301025390625,61.803955078125,41.35009765625,33.917724609375,25.326904296875,14.1484375,32.846435546875,28.781982421875,21.246826171875,15.883544921875,191.83154296875,117.075927734375,191.2373046875,81.119873046875,26.87548828125,21.230224609375,15.0908203125,8.21484375,12.711181640625,10.7470703125,4.546630859375,2.501220703125,136.209228515625,129.435302734375,1210.33642578125,40,0,0,1,6,10,3,0,0,0,6,4,0,0,172.72,177.8,145.0,26.0,34.0,0,0,1,0,0,0,0,0,0,0,0,0,0,0,0,0,0,0,1,0,1,0,0,0
Red,False,0.0,0.5,0.4881249999999999,0.320625,0.53,0.1975,0.0625,0.3125,0.0,0.0,60.84375,29.625,101.71875,29.53125,116.125,79.4375,141.3125,65.03125,6.53125,3.28125,3.25,0.75,35.125,11.09375,75.34375,11.15625,7.78125,5.34375,8.03125,3.84375,17.9375,13.1875,18.34375,14.53125,49.25,20.09375,82.40625,15.15625,6.53125,5.4375,14.34375,10.03125,5.0625,4.09375,4.96875,4.34375,318.0,180.625,869.5625,15,1,0,1,2,3,3,0,0,1,1,1,0,0,167.64,167.64,125.0,0.0,0.0,0.4764062499999999,0.40140625,0.0775,0.6109375,1.421875,0.25,0.53125,0.015625,88.84375,38.25,105.0,38.671875,138.046875,83.46875,144.828125,71.59375,0.53125,0.203125,5.109375,3.09375,65.15625,18.765625,87.5625,27.21875,12.828125,10.046875,6.53125,4.703125,10.859375,9.4375,10.90625,6.75,74.390625,26.203125,83.578125,24.359375,6.484375,5.6875,11.0625,5.71875,7.96875,6.359375,10.359375,8.59375,198.265625,218.234375,686.125,17,1,3,0,3,5,2,0,0,1,3,0,1,0,167.64,172.72,135.0,33.0,33.0,0,0,0,0,0,0,0,0,0,0,0,0,1,0,0,1,0,0,0,0,1,0,0,0
Red,False,0.015625,0.0,0.45,0.4275,0.25,0.2,0.148468017578125,0.098388671875,0.0,0.0,66.5,29.6875,64.31230545043945,27.34375,89.75,48.0,85.53125,44.41152191162109,2.0,0.75,2.0546875,0.75,51.1875,18.3359375,49.6123046875,16.280410766601562,7.5,5.07647705078125,7.5,5.0,4.5,3.625,4.984375,3.9375,48.6875,17.0,47.11572265625,16.5,5.75,3.75,5.3125,3.4375,5.0625,3.5,3.875,2.5,99.2119140625,94.125,638.5,0,0,0,0,0,0,0,0,0,0,0,0,0,0,167.64,172.72,135.0,0.5,0.25,0.3971875,0.4146875,0.113125,0.275,0.0625,0.0,0.15625,0.0,117.4375,47.96875,111.1875,46.0625,131.59375,60.34375,132.0625,66.375,4.15625,0.5625,7.0625,2.5,78.6875,22.84375,95.84375,34.65625,21.3125,10.40625,11.0,8.6875,17.4375,14.71875,4.34375,2.71875,95.65625,33.28125,92.28125,33.09375,18.21875,12.4375,17.0625,11.9375,3.5625,2.25,1.84375,1.03125,146.65625,91.1875,853.5,18,0,3,0,3,3,3,0,0,1,2,0,0,0,167.64,167.64,135.0,26.0,37.0,1,0,0,0,0,0,0,0,0,0,0,0,0,0,0,1,0,0,0,0,1,0,0,0
Blue,False,0.0,0.0,0.28,0.41,0.0,0.0,0.0,0.0,0.0,0.0,122.0,35.0,93.0,39.0,122.0,35.0,93.0,39.0,1.0,0.0,0.0,0.0,97.0,21.0,71.0,24.0,17.0,7.0,20.0,13.0,8.0,7.0,2.0,2.0,122.0,35.0,93.0,39.0,0.0,0.0,0.0,0.0,0.0,0.0,0.0,0.0,0.0,0.0,900.0,3,0,0,1,0,0,1,0,0,0,0,0,0,0,167.64,177.8,155.0,0.0,0.0,0.605,0.445,0.0,0.43,0.0,0.5,0.0,0.0,112.5,65.5,120.5,57.5,150.0,100.0,127.0,64.0,0.0,0.0,6.5,2.0,70.0,28.5,96.5,37.5,18.0,13.5,21.0,17.0,24.5,23.5,3.0,3.0,89.0,48.0,101.0,45.5,16.5,12.0,17.5,11.0,7.0,5.5,2.0,1.0,15.0,225.5,660.5,5,0,1,0,1,1,1,0,0,0,1,0,0,0,172.72,172.72,155.0,31.0,31.0,0,0,0,0,0,0,1,0,0,0,0,0,0,0,0,1,0,0,0,0,1,0,0,0
Red,False,0.130859375,0.0,0.4234722900390625,0.4039141845703125,0.6392895507812499,0.1766778564453125,0.50146484375,0.5,0.001953125,0.0255126953125,48.98760986328125,20.044921875,51.50384521484375,30.16790771484375,51.7156982421875,22.18603515625,67.69189453125,43.745361328125,1.101318359375,0.8023681640625,1.364990234375,0.57293701171875,37.75885009765625,12.6661376953125,42.61187744140625,25.4183349609375,8.62152099609375,5.4368896484375,5.6409912109375,3.17010498046875,2.60723876953125,1.94189453125,3.2509765625,1.5794677734375,42.89752197265625,14.77728271484375,26.09619140625,8.51019287109375,2.37872314453125,2.04669189453125,3.33673095703125,1.967529296875,3.71136474609375,3.220947265625,22.0709228515625,19.690185546875,15.42864990234375,86.40625,300.653564453125,34,0,2,0,3,9,6,0,0,1,4,2,2,0,175.26,180.34,135.0,0.0,1.53125,0.3690624999999999,0.329375,0.178125,0.0440625,0.03125,0.21875,0.0,0.03125,130.40625,46.875,117.65625,43.1875,165.5,80.34375,119.09375,44.5,3.84375,0.78125,0.875,0.21875,104.46875,29.53125,89.78125,23.125,5.96875,4.21875,9.28125,6.59375,19.96875,13.125,18.59375,13.46875,110.09375,35.375,110.53125,41.3125,6.375,2.625,5.90625,1.28125,13.9375,8.875,1.21875,0.59375,95.5625,18.6875,769.71875,13,1,1,0,2,4,2,0,0,1,1,2,0,0,167.64,170.18,145.0,37.0,28.0,1,0,0,0,0,0,0,0,0,0,0,0,0,0,0,0,0,1,0,0,1,0,0,0
Blue,False,0.015625,0.0,0.45,0.4275,0.25,0.2,0.148468017578125,0.098388671875,0.0,0.0,66.5,29.6875,64.31230545043945,27.34375,89.75,48.0,85.53125,44.41152191162109,2.0,0.75,2.0546875,0.75,51.1875,18.3359375,49.6123046875,16.280410766601562,7.5,5.07647705078125,7.5,5.0,4.5,3.625,4.984375,3.9375,48.6875,17.0,47.11572265625,16.5,5.75,3.75,5.3125,3.4375,5.0625,3.5,3.875,2.5,99.2119140625,94.125,638.5,0,0,0,0,0,0,0,0,0,0,0,0,0,0,167.64,165.1,125.0,0.0,0.0,0.4,0.53,0.5,0.0,0.0,5.0,1.0,1.0,74.0,30.0,116.0,62.0,102.0,53.0,228.0,151.0,4.0,2.0,2.0,0.0,53.0,19.0,95.0,47.0,3.0,1.0,3.0,2.0,18.0,10.0,18.0,13.0,59.0,21.0,75.0,35.0,10.0,7.0,8.0,7.0,5.0,2.0,33.0,20.0,77.0,516.0,900.0,3,0,0,1,0,0,1,0,0,0,0,0,0,0,165.1,180.34,125.0,25.0,21.0,1,0,0,0,0,0,0,0,0,0,0,0,0,0,0,1,0,0,0,0,0,0,1,0
Blue,False,0.0,0.0,0.77,0.2,1.0,0.0,0.0,0.0,0.0,0.0,53.0,41.0,24.0,5.0,66.0,54.0,35.0,15.0,5.0,5.0,1.0,0.0,45.0,34.0,19.0,1.0,7.0,6.0,3.0,2.0,1.0,1.0,2.0,2.0,13.0,8.0,23.0,4.0,3.0,3.0,0.0,0.0,37.0,30.0,1.0,1.0,343.0,8.0,474.0,2,0,1,0,1,1,0,0,0,0,0,1,0,0,182.88,187.96,185.0,0.0,0.0,0.45,0.385,0.35,0.5,0.5,0.0,0.5,1.0,23.5,11.0,48.5,22.5,55.0,39.5,53.5,27.5,5.5,2.0,0.5,0.5,22.0,10.0,37.5,14.5,1.0,0.5,9.0,7.0,0.5,0.5,2.0,1.0,16.5,4.5,43.5,19.5,1.5,1.5,1.5,1.0,5.5,5.0,3.5,2.0,249.5,75.5,506.0,4,0,1,0,1,1,1,0,0,0,0,0,1,0,190.5,195.58,185.0,25.0,30.0,0,0,0,0,0,0,0,1,0,0,0,0,0,0,0,1,0,0,0,0,1,0,0,0
Red,False,0.0625,0.05078125,0.3457421874999999,0.290078125,0.3360937499999999,0.359296875,0.04296875,0.06640625,0.12890625,0.06640625,187.546875,63.3046875,136.078125,39.578125,199.8125,74.2421875,161.42578125,60.12109375,2.6328125,0.98046875,6.44140625,2.46484375,167.203125,50.0546875,112.07421875,24.484375,11.2265625,6.72265625,14.89453125,8.99609375,9.1171875,6.52734375,9.109375,6.09765625,178.80859375,58.14453125,124.10546875,32.6171875,3.7265625,2.32421875,4.96484375,2.609375,5.01171875,2.8359375,7.0078125,4.3515625,91.453125,311.79296875,1184.10546875,28,0,1,0,4,7,2,0,0,0,7,0,0,0,167.64,175.26,125.0,0.765625,0.125,0.4725,0.28609375,0.71640625,0.0,0.015625,0.0,0.0,0.0,94.9375,41.28125,88.1875,26.171875,104.078125,49.515625,91.609375,29.4375,3.671875,1.625,0.734375,0.0,70.234375,22.390625,68.671875,15.390625,18.65625,14.359375,12.0625,7.125,6.046875,4.53125,7.453125,3.65625,76.0,30.421875,83.0625,22.890625,11.375,6.515625,4.84375,3.25,7.5625,4.34375,0.28125,0.03125,53.359375,3.875,521.125,18,1,4,0,4,5,2,0,0,1,3,1,0,0,162.56,162.56,135.0,24.0,30.0,0,0,0,1,0,0,0,0,0,0,0,0,0,0,0,1,0,0,0,0,1,0,0,0
Red,False,0.0,0.0,0.55,0.355,0.71,0.165,0.0,0.0,0.0,0.5,94.5,53.5,78.5,28.0,149.5,99.0,104.5,53.5,4.5,2.5,3.0,1.0,53.5,19.5,51.5,9.5,25.0,21.0,17.5,11.5,16.0,13.0,9.5,7.0,62.0,30.5,65.5,19.5,24.5,19.0,12.0,7.5,8.0,4.0,1.0,1.0,403.0,98.5,900.0,6,0,2,0,2,2,0,0,0,1,1,0,0,0,175.26,177.8,155.0,0.5,0.0,0.4875,0.43,0.39,0.5,0.0,0.0,0.0,0.0,126.75,61.0,86.0,43.25,130.0,64.25,88.75,46.0,4.0,1.25,1.5,0.5,84.0,29.25,54.5,19.5,19.75,12.5,15.0,9.25,23.0,19.25,16.5,14.5,111.25,51.5,77.75,38.25,14.25,8.5,8.0,4.75,1.25,1.0,0.25,0.25,32.75,14.0,642.75,7,0,3,0,3,3,0,0,0,0,1,2,0,0,175.26,185.42,155.0,29.0,28.0,0,0,0,0,0,0,1,0,0,0,0,0,0,0,0,1,0,0,0,0,0,0,1,0
Blue,False,0.5625,0.0,0.6656249999999999,0.284375,0.0,0.155625,0.25,0.0,0.0,0.0,17.3125,9.0625,10.25,3.6875,19.6875,10.75,12.5625,5.875,0.0,0.0,1.375,0.4375,15.875,7.8125,6.375,1.8125,0.8125,0.6875,1.0,0.1875,0.625,0.5625,2.875,1.6875,12.4375,5.5625,9.4375,3.5,0.6875,0.5625,0.75,0.1875,4.1875,2.9375,0.0625,0.0,8.625,33.125,154.0625,7,0,5,0,5,5,0,0,0,0,0,3,1,1,193.04,210.82,250.0,0.47314453125,0.52099609375,0.629013671875,0.4383886718749999,0.06689453125,0.29064453125,0.125,0.001953125,0.0,0.0,43.68896484375,29.1875,82.701171875,36.16162109375,50.1103515625,35.03369140625,116.068359375,67.5244140625,0.39599609375,0.07080078125,1.6943359375,0.626953125,24.7568359375,12.54052734375,62.35546875,22.23291015625,13.54052734375,11.60693359375,11.3193359375,6.62646484375,5.3916015625,5.0400390625,9.0263671875,7.30224609375,33.74853515625,20.345703125,65.89306640625,25.3037109375,8.57958984375,7.86279296875,9.75439453125,5.7109375,1.36083984375,0.97900390625,7.0537109375,5.14697265625,101.6279296875,85.203125,719.80224609375,24,1,1,0,4,8,4,0,1,0,2,5,0,0,193.04,203.2,265.0,31.0,37.0,0,0,0,0,1,0,0,0,0,0,0,0,0,0,0,1,0,0,0,0,1,0,0,0
Red,False,0.0,0.5,0.7,0.51,1.0,0.75,1.5,0.75,0.0,0.5,35.75,25.75,45.0,26.75,56.5,44.25,56.0,35.0,1.5,1.5,1.0,0.75,18.5,10.25,37.25,22.0,7.5,6.5,4.25,2.5,9.75,9.0,3.5,2.25,27.0,18.25,22.0,7.0,3.75,3.75,3.5,3.25,5.0,3.75,19.5,16.5,81.0,255.25,473.25,6,0,2,0,2,2,1,0,0,0,0,0,2,0,160.02,157.48,115.0,0.03125,0.0,0.555625,0.228125,0.16125,0.3525,0.5,0.0,0.0,0.0,90.8125,44.1875,86.03125,21.8125,117.125,66.25,95.5625,29.8125,4.78125,0.34375,2.6875,1.0,64.03125,22.65625,67.78125,10.78125,12.03125,8.78125,13.78125,7.59375,14.75,12.75,4.46875,3.4375,80.90625,37.03125,77.90625,17.8125,7.21875,5.6875,5.40625,2.9375,2.6875,1.46875,2.71875,1.0625,201.0,71.96875,626.5,17,0,3,0,3,5,1,0,0,0,4,0,1,0,154.94,152.4,115.0,31.0,28.0,0,0,0,0,0,0,0,0,0,0,0,0,0,1,0,1,0,0,0,0,1,0,0,0
Red,True,0.068359375,0.625,0.43462890625,0.4668359375,0.0452929687499999,0.01498046875,0.064453125,0.0,0.0,0.0,129.4765625,57.357421875,191.583984375,79.470703125,133.044921875,60.365234375,207.880859375,93.796875,0.173828125,0.150390625,3.591796875,0.11328125,111.1171875,44.65234375,162.2421875,58.669921875,15.533203125,10.052734375,18.78515625,12.515625,2.826171875,2.65234375,10.556640625,8.28515625,126.599609375,55.072265625,158.322265625,55.236328125,1.86328125,1.51953125,4.716796875,3.1953125,1.013671875,0.765625,28.544921875,21.0390625,38.15625,79.927734375,978.43359375,39,10,7,0,7,8,2,0,0,0,6,2,0,0,170.18,177.8,135.0,0.7549896240234375,0.0,0.4887591552734375,0.4318229675292969,0.3203125,0.0007316589355468,0.298828125,4.57763671875e-05,0.0,0.001953125,193.56956481933597,94.5718231201172,123.3078155517578,53.228546142578125,210.738037109375,110.14739990234376,126.08210754394533,55.367095947265625,0.5704345703125,0.5703125,2.13043212890625,0.0065155029296875,160.47293090820312,69.65505981445312,91.15377807617188,32.66902160644531,24.3311767578125,18.31884765625,22.385513305664062,12.235397338867188,8.765457153320312,6.597915649414063,9.768524169921877,8.324127197265625,154.86878967285156,64.59463500976562,119.94317626953124,51.075714111328125,8.404708862304688,6.9481201171875,3.1948699951171875,2.015838623046875,30.296066284179688,23.029067993164062,0.169769287109375,0.136993408203125,99.32289123535156,35.63694763183594,844.7674713134766,43,2,0,1,11,14,3,0,0,1,4,7,2,0,180.34,175.26,145.0,31.0,25.0,0,0,1,0,0,0,0,0,0,0,0,0,0,0,0,1,0,0,0,0,1,0,0,0
Blue,False,0.75390625,0.00390625,0.5091015624999999,0.47984375,0.01953125,0.1011328125,0.09375,0.0,0.0,0.00390625,58.6328125,27.0078125,38.765625,16.9140625,64.16015625,31.89453125,45.30859375,22.3515625,0.26171875,0.06640625,1.59375,0.4453125,42.1640625,14.6171875,26.140625,8.265625,10.50390625,7.33984375,7.328125,4.65234375,5.96484375,5.05078125,5.296875,3.99609375,39.4609375,14.95703125,33.15234375,13.32421875,8.01953125,5.09375,4.78515625,2.890625,11.15234375,6.95703125,0.828125,0.69921875,56.15234375,108.16796875,391.28515625,22,0,2,0,2,6,3,0,0,1,1,3,1,0,180.34,177.8,155.0,0.015655517578125,0.00048828125,0.510137710571289,0.6631647491455078,0.8710716247558594,0.2575753784179687,1.1304855346679688,0.390960693359375,6.103515625e-05,0.875,22.129905700683597,11.871307373046877,22.3544921875,13.25481414794922,31.616195678710938,20.990257263183597,28.861045837402344,19.273941040039062,3.0954818725585938,2.1122283935546875,0.431396484375,0.2972030639648437,14.267982482910156,6.568504333496094,15.963714599609377,8.510986328125,5.675117492675781,3.650489807128906,4.9036712646484375,3.298133850097656,2.186805725097656,1.652313232421875,1.4871063232421875,1.4456939697265625,15.101722717285156,6.7389068603515625,16.070411682128906,9.73491668701172,3.1904525756835938,2.337310791015625,0.5348739624023438,0.257171630859375,3.837730407714844,2.7950897216796875,5.74920654296875,3.262725830078125,148.9822998046875,78.0152587890625,308.8637084960937,34,0,2,0,4,10,8,0,0,0,1,0,9,0,177.8,187.96,155.0,33.0,28.0,0,0,0,0,0,0,1,0,0,0,0,0,0,0,0,1,0,0,0,0,1,0,0,0
Blue,False,1.205078125,0.0625,0.331015625,0.45513671875,0.0,0.0791015625,0.28125,0.03515625,0.125,0.0,100.515625,33.021484375,86.783203125,41.796875,104.1953125,36.076171875,90.9921875,45.599609375,0.1875,0.0,1.109375,0.283203125,84.8671875,23.587890625,58.802734375,22.556640625,11.666015625,6.162109375,18.318359375,11.14453125,3.982421875,3.271484375,9.662109375,8.095703125,91.568359375,28.26171875,79.857421875,36.376953125,3.47265625,1.20703125,5.33203125,4.076171875,5.474609375,3.552734375,1.59375,1.34375,26.0625,27.607421875,480.396484375,17,0,0,3,2,5,5,0,0,1,0,1,3,0,177.8,190.5,155.0,0.6328125,0.0,0.47826171875,0.5453320312500001,0.2014453125,0.16875,0.822265625,0.01953125,0.0,0.01171875,25.404296875,13.21484375,15.658203125,8.73046875,34.16015625,20.384765625,27.859375,19.1953125,4.728515625,1.962890625,1.970703125,0.40234375,17.9140625,6.447265625,10.65625,4.728515625,3.0546875,2.841796875,4.12890625,3.201171875,4.435546875,3.92578125,0.873046875,0.80078125,13.787109375,4.966796875,8.419921875,2.3671875,6.412109375,5.162109375,3.3984375,3.03125,5.205078125,3.0859375,3.83984375,3.33203125,139.748046875,187.744140625,437.869140625,22,0,0,1,3,7,3,0,0,0,2,3,2,0,180.34,193.04,170.0,30.0,29.0,0,0,0,0,0,0,0,0,0,1,0,0,0,0,0,1,0,0,0,0,1,0,0,0
Red,False,0.0,0.0,0.59,0.45,0.0,0.33,0.0,0.0,0.0,0.0,174.0,104.0,200.0,91.0,174.0,104.0,200.0,91.0,0.0,0.0,3.0,1.0,124.0,62.0,146.0,47.0,8.0,6.0,48.0,40.0,42.0,36.0,6.0,4.0,138.0,77.0,176.0,78.0,36.0,27.0,21.0,12.0,0.0,0.0,3.0,1.0,6.0,34.0,588.0,2,0,1,0,1,1,0,0,0,0,0,1,0,0,180.34,177.8,155.0,0.0,0.78125,0.348125,0.4384375,0.1996875,0.0,0.0,1.0,0.0,0.0,95.4375,34.96875,114.15625,53.40625,101.3125,39.09375,125.15625,63.875,4.5625,1.09375,0.21875,0.0,79.375,23.625,98.40625,41.78125,12.1875,9.3125,11.15625,7.3125,3.875,2.03125,4.59375,4.3125,82.46875,26.96875,99.03125,44.03125,10.84375,5.9375,11.78125,7.9375,2.125,2.0625,3.34375,1.4375,91.625,19.65625,533.125,14,2,0,1,3,3,3,0,0,2,0,1,0,0,175.26,175.26,155.0,29.0,33.0,0,0,0,0,0,0,1,0,0,0,0,0,0,0,0,1,0,0,0,0,1,0,0,0
Blue,False,1.5,0.0,0.485,0.235,0.0,0.33,0.0,0.0,0.5,0.0,60.5,27.5,83.5,27.0,62.0,28.0,114.0,50.5,0.0,0.0,4.5,3.0,55.0,24.5,77.0,22.0,2.5,1.5,4.5,3.0,3.0,1.5,2.0,2.0,53.5,22.0,69.5,19.5,5.0,4.0,3.0,1.5,2.0,1.5,11.0,6.0,4.0,170.0,476.5,4,0,1,0,1,1,1,0,0,0,0,1,0,0,177.8,185.42,170.0,0.0,0.0,0.41,0.6,1.0,0.0,0.0,0.0,0.0,0.0,80.0,33.0,118.0,71.0,88.0,38.0,130.0,82.0,2.0,2.0,0.0,0.0,70.0,25.0,101.0,57.0,5.0,4.0,15.0,12.0,5.0,4.0,2.0,2.0,73.0,28.0,92.0,54.0,6.0,5.0,26.0,17.0,1.0,0.0,0.0,0.0,61.0,8.0,476.0,2,0,0,1,0,0,1,0,0,0,0,0,0,0,182.88,182.88,170.0,32.0,29.0,0,0,0,0,0,0,0,0,0,1,0,0,0,0,0,1,0,0,0,0,1,0,0,0
Blue,False,1.0,0.0,0.81,0.33,0.0,0.0,0.0,0.0,0.0,0.0,16.0,13.0,3.0,1.0,16.0,13.0,3.0,1.0,0.0,0.0,1.0,0.0,13.0,10.0,3.0,1.0,2.0,2.0,0.0,0.0,1.0,1.0,0.0,0.0,10.0,7.0,3.0,1.0,0.0,0.0,0.0,0.0,6.0,6.0,0.0,0.0,6.0,0.0,29.0,1,0,1,0,1,1,0,0,0,0,0,1,0,0,193.04,195.58,205.0,0.5,0.0,0.485,0.405,0.0,0.0,0.0,0.0,0.0,0.0,21.0,11.0,18.5,8.0,23.0,13.0,19.0,8.5,0.0,0.0,0.5,0.0,17.5,8.0,12.5,3.5,1.0,1.0,2.5,1.5,2.5,2.0,3.5,3.0,13.0,6.5,15.0,5.5,1.5,0.5,0.0,0.0,6.5,4.0,3.5,2.5,13.0,13.5,114.0,2,0,0,1,1,1,1,0,0,0,0,1,0,0,182.88,182.88,205.0,27.0,26.0,0,0,0,0,0,1,0,0,0,0,0,0,0,0,0,0,0,1,0,0,0,0,0,1
Red,False,0.015625,0.0,0.45,0.4275,0.25,0.2,0.148468017578125,0.098388671875,0.0,0.0,66.5,29.6875,64.31230545043945,27.34375,89.75,48.0,85.53125,44.41152191162109,2.0,0.75,2.0546875,0.75,51.1875,18.3359375,49.6123046875,16.280410766601562,7.5,5.07647705078125,7.5,5.0,4.5,3.625,4.984375,3.9375,48.6875,17.0,47.11572265625,16.5,5.75,3.75,5.3125,3.4375,5.0625,3.5,3.875,2.5,99.2119140625,94.125,638.5,0,0,0,0,0,0,0,0,0,0,0,0,0,0,190.5,193.04,245.0,0.0,0.0,0.57,0.31,0.75,0.0,0.0,0.0,0.0,0.0,91.0,52.0,114.0,36.0,114.0,72.0,136.0,56.0,4.0,3.0,0.0,0.0,73.0,40.0,85.0,15.0,11.0,7.0,25.0,18.0,7.0,5.0,4.0,3.0,77.0,40.0,104.0,30.0,3.0,2.0,10.0,6.0,11.0,10.0,0.0,0.0,204.0,40.0,900.0,3,0,1,0,1,1,0,0,0,0,1,0,0,0,185.42,198.12,264.0,28.0,30.0,0,0,0,0,1,0,0,0,0,0,0,0,0,0,0,1,0,0,0,0,0,0,1,0
Red,False,0.0,0.5,0.29,0.63,0.5,1.0,0.5,2.0,0.0,0.0,84.5,22.5,128.0,71.5,91.0,28.5,160.0,100.0,1.5,0.5,2.0,2.0,57.0,5.0,87.0,41.0,14.0,6.5,31.0,22.0,13.5,11.0,10.0,8.5,80.0,19.0,109.5,57.0,4.5,3.5,9.5,8.0,0.0,0.0,9.0,6.5,239.5,77.5,829.0,6,0,0,2,0,0,2,0,0,0,0,0,0,0,154.94,165.1,115.0,0.0,0.25,0.2875,0.58,0.165,0.75,0.75,1.75,0.25,0.0,58.0,21.0,50.0,26.25,69.5,30.75,60.0,35.25,1.25,0.5,1.25,1.25,54.5,18.25,36.75,15.0,3.0,2.25,7.75,6.5,0.5,0.5,5.5,4.75,53.25,17.75,40.25,18.25,0.75,0.75,1.0,0.75,4.0,2.5,8.75,7.25,52.25,131.5,380.25,5,1,0,1,1,1,2,0,0,0,1,0,0,0,160.02,162.56,115.0,34.0,26.0,0,0,0,0,0,0,0,0,0,0,0,0,0,1,0,1,0,0,0,0,0,0,0,1
Red,False,0.0,0.03125,0.3990625,0.456875,0.0625,0.7984375,0.125,0.25,0.125,0.125,180.21875,65.03125,85.6875,42.84375,227.625,108.875,122.46875,76.5,0.375,0.125,4.3125,3.71875,151.90625,43.75,63.21875,24.75,10.40625,6.5,10.1875,6.5,17.90625,14.78125,12.28125,11.59375,129.5625,32.90625,52.375,22.5,22.90625,13.46875,13.71875,7.65625,27.75,18.65625,19.59375,12.6875,60.03125,328.3125,775.25,14,0,0,2,2,3,3,0,0,0,1,1,1,0,170.18,170.18,125.0,0.0,0.0,0.43625,0.50125,0.5125,0.06625,0.875,0.3125,0.1875,0.6875,115.5625,42.375,95.6875,45.0625,166.1875,89.625,113.8125,60.75,3.9375,1.6875,1.5,0.25,94.6875,30.875,73.1875,28.25,17.1875,10.25,11.75,8.3125,3.6875,1.25,10.75,8.5,95.625,27.1875,82.9375,34.6875,4.0,2.875,5.25,4.4375,15.9375,12.3125,7.5,5.9375,327.5,105.3125,776.4375,12,0,1,0,3,4,1,0,0,0,2,0,2,0,162.56,165.1,115.0,30.0,33.0,0,0,0,0,0,0,0,0,0,0,0,0,0,1,0,1,0,0,0,0,1,0,0,0
Blue,False,0.0,0.0,0.4825,0.415,0.185,0.5,0.5,0.0,0.0,0.0,24.5,11.75,64.5,32.0,26.5,13.25,69.75,36.5,4.5,1.5,0.5,0.5,21.5,10.25,57.0,25.25,2.75,1.25,3.75,3.75,0.25,0.25,3.75,3.0,17.0,6.25,28.75,11.0,4.75,2.75,2.0,1.5,2.75,2.75,33.75,19.5,51.25,95.75,298.5,4,0,2,0,2,2,1,0,0,0,0,0,2,0,185.42,195.58,185.0,0.0,0.0,0.58125,0.47875,0.395,0.5,0.375,1.125,0.0,0.0,15.875,10.25,15.0,7.5,28.75,22.625,32.375,20.875,2.5,0.875,0.5,0.5,15.375,9.875,12.625,5.625,0.375,0.25,1.875,1.375,0.125,0.125,0.5,0.5,4.625,1.375,6.25,1.5,0.75,0.375,1.0,0.375,10.5,8.5,7.75,5.625,49.75,166.125,340.625,5,0,0,1,2,2,2,0,0,0,0,0,2,0,185.42,185.42,185.0,29.0,31.0,0,0,0,0,0,0,0,1,0,0,0,0,0,0,0,0,0,1,0,0,1,0,0,0
Blue,False,0.0,0.0,0.395,0.42,0.235,0.1,0.0,0.0,0.0,0.0,137.375,54.5,124.0,51.0,213.375,123.0,160.375,84.125,3.875,1.0,3.125,0.875,116.625,36.625,97.5,31.25,7.375,5.875,17.0,11.0,13.375,12.0,9.5,8.75,108.375,29.625,112.375,43.375,10.375,9.0,9.125,5.875,18.625,15.875,2.5,1.75,323.0,110.375,898.75,12,0,0,2,1,1,3,0,0,0,0,1,0,0,165.1,170.18,125.0,0.0471682548522949,0.0,0.45,0.4217682266235352,0.25,0.19173828125,0.1875,0.125,0.0,0.0,69.5,30.5,66.984375,27.8466796875,94.0,48.544921875,88.50390625,44.75,2.0,0.8125,2.015625,0.6640625,54.0,19.01513671875,51.483436584472656,16.9437255859375,7.91796875,5.430633544921875,7.75,5.0625,4.780975341796875,3.9373779296875,4.8994140625,3.84375,51.025390625,18.400863647460938,50.515625,17.5,5.75,3.75,5.5,3.5,5.375,3.6875,4.0,2.65625,104.865234375,89.5,655.8441009521484,0,0,0,0,0,0,0,0,0,0,0,0,0,0,162.56,165.1,125.0,34.0,38.0,0,0,0,0,0,0,0,0,0,0,0,0,1,0,0,1,0,0,0,0,1,0,0,0
Blue,False,0.015625,0.0,0.45,0.4275,0.25,0.2,0.148468017578125,0.098388671875,0.0,0.0,66.5,29.6875,64.31230545043945,27.34375,89.75,48.0,85.53125,44.41152191162109,2.0,0.75,2.0546875,0.75,51.1875,18.3359375,49.6123046875,16.280410766601562,7.5,5.07647705078125,7.5,5.0,4.5,3.625,4.984375,3.9375,48.6875,17.0,47.11572265625,16.5,5.75,3.75,5.3125,3.4375,5.0625,3.5,3.875,2.5,99.2119140625,94.125,638.5,0,0,0,0,0,0,0,0,0,0,0,0,0,0,170.18,172.72,125.0,0.0471682548522949,0.0,0.45,0.4217682266235352,0.25,0.19173828125,0.1875,0.125,0.0,0.0,69.5,30.5,66.984375,27.8466796875,94.0,48.544921875,88.50390625,44.75,2.0,0.8125,2.015625,0.6640625,54.0,19.01513671875,51.483436584472656,16.9437255859375,7.91796875,5.430633544921875,7.75,5.0625,4.780975341796875,3.9373779296875,4.8994140625,3.84375,51.025390625,18.400863647460938,50.515625,17.5,5.75,3.75,5.5,3.5,5.375,3.6875,4.0,2.65625,104.865234375,89.5,655.8441009521484,0,0,0,0,0,0,0,0,0,0,0,0,0,0,170.18,175.26,125.0,22.0,32.0,0,0,0,0,0,0,0,0,0,0,0,0,1,0,0,1,0,0,0,0,1,0,0,0
Blue,False,0.0,0.0,0.4024999999999999,0.385,0.25,0.1,0.0,0.25,0.25,0.0,150.0,62.75,152.0,53.5,176.75,86.75,158.5,59.75,0.25,0.25,1.25,0.5,123.0,43.5,124.25,37.75,21.25,14.25,17.75,7.0,5.75,5.0,10.0,8.75,137.75,53.5,148.5,51.5,11.0,8.75,2.75,1.75,1.25,0.5,0.75,0.25,116.0,13.0,698.5,7,0,1,0,1,1,2,0,0,0,1,0,0,0,190.5,193.04,185.0,0.0,0.5,0.5700000000000001,0.48,0.325,0.0,0.0,0.0,0.0,0.5,113.75,57.75,92.0,43.25,167.5,101.25,111.75,60.0,8.0,3.5,1.0,0.0,94.75,43.25,72.75,24.75,12.75,8.5,12.25,11.75,6.25,6.0,7.0,6.75,87.0,34.25,75.75,28.25,8.5,6.25,11.5,10.25,18.25,17.25,4.75,4.75,324.25,44.25,866.0,9,1,2,0,2,2,1,0,0,0,2,0,0,0,185.42,187.96,185.0,36.0,29.0,0,0,0,0,0,0,0,1,0,0,0,0,0,0,0,1,0,0,0,0,1,0,0,0
Red,True,0.0,0.0,0.21,0.6,0.0,1.0,0.0,1.0,0.0,0.0,194.0,42.0,133.0,80.0,218.0,63.0,140.0,86.0,7.0,0.0,1.0,1.0,155.0,22.0,105.0,57.0,28.0,12.0,19.0,15.0,11.0,8.0,9.0,8.0,184.0,35.0,96.0,50.0,10.0,7.0,13.0,11.0,0.0,0.0,24.0,19.0,101.0,282.0,900.0,3,0,0,1,0,0,1,0,0,0,0,0,0,0,170.18,175.26,125.0,0.0471682548522949,0.0,0.45,0.4217682266235352,0.25,0.19173828125,0.1875,0.125,0.0,0.0,69.5,30.5,66.984375,27.8466796875,94.0,48.544921875,88.50390625,44.75,2.0,0.8125,2.015625,0.6640625,54.0,19.01513671875,51.483436584472656,16.9437255859375,7.91796875,5.430633544921875,7.75,5.0625,4.780975341796875,3.9373779296875,4.8994140625,3.84375,51.025390625,18.400863647460938,50.515625,17.5,5.75,3.75,5.5,3.5,5.375,3.6875,4.0,2.65625,104.865234375,89.5,655.8441009521484,0,0,0,0,0,0,0,0,0,0,0,0,0,0,165.1,165.1,135.0,35.0,28.0,0,0,0,0,0,0,0,0,0,0,0,0,1,0,0,1,0,0,0,0,0,0,1,0
Red,False,0.0,0.0,0.39,0.58,0.0,0.66,0.0,0.0,0.0,0.0,152.0,60.0,160.0,94.0,177.0,78.0,194.0,124.0,1.0,0.0,12.0,8.0,127.0,41.0,135.0,74.0,16.0,12.0,18.0,14.0,9.0,7.0,7.0,6.0,135.0,53.0,91.0,49.0,13.0,5.0,19.0,9.0,4.0,2.0,50.0,36.0,16.0,410.0,900.0,3,0,0,1,0,0,1,0,0,0,0,0,0,0,172.72,180.34,135.0,0.0471682548522949,0.0,0.45,0.4217682266235352,0.25,0.19173828125,0.1875,0.125,0.0,0.0,69.5,30.5,66.984375,27.8466796875,94.0,48.544921875,88.50390625,44.75,2.0,0.8125,2.015625,0.6640625,54.0,19.01513671875,51.483436584472656,16.9437255859375,7.91796875,5.430633544921875,7.75,5.0625,4.780975341796875,3.9373779296875,4.8994140625,3.84375,51.025390625,18.400863647460938,50.515625,17.5,5.75,3.75,5.5,3.5,5.375,3.6875,4.0,2.65625,104.865234375,89.5,655.8441009521484,0,0,0,0,0,0,0,0,0,0,0,0,0,0,180.34,182.88,135.0,31.0,23.0,1,0,0,0,0,0,0,0,0,0,0,0,0,0,0,1,0,0,0,0,0,0,0,1
Blue,False,0.0,0.0,0.5700000000000001,0.3249999999999999,0.665,0.0,0.5,0.0,0.0,0.0,92.0,52.5,121.5,40.5,201.0,149.5,145.5,61.0,10.0,7.0,0.0,0.0,86.0,48.5,105.0,27.5,4.5,2.5,9.5,6.5,1.5,1.5,7.0,6.5,53.5,23.0,112.5,33.5,0.5,0.0,6.0,4.5,38.0,29.5,3.0,2.5,644.5,4.5,900.0,6,0,2,0,2,2,0,0,0,0,2,0,0,0,170.18,180.34,135.0,0.0,0.09375,0.58,0.314375,0.788125,0.096875,1.75,0.0,0.0,0.0,87.375,39.78125,162.90625,48.53125,122.71875,65.5,167.4375,52.6875,1.96875,0.9375,5.96875,0.75,79.34375,34.1875,145.5,36.0,4.0,2.8125,13.5625,9.125,4.03125,2.78125,3.84375,3.40625,76.3125,29.90625,156.125,45.09375,2.1875,1.5,5.40625,2.46875,8.875,8.375,1.375,0.96875,163.375,52.75,677.78125,16,1,0,3,3,3,3,0,0,0,1,0,2,0,167.64,165.1,135.0,25.0,30.0,1,0,0,0,0,0,0,0,0,0,0,0,0,0,0,1,0,0,0,0,1,0,0,0
Blue,False,0.015625,0.0,0.45,0.4275,0.25,0.2,0.148468017578125,0.098388671875,0.0,0.0,66.5,29.6875,64.31230545043945,27.34375,89.75,48.0,85.53125,44.41152191162109,2.0,0.75,2.0546875,0.75,51.1875,18.3359375,49.6123046875,16.280410766601562,7.5,5.07647705078125,7.5,5.0,4.5,3.625,4.984375,3.9375,48.6875,17.0,47.11572265625,16.5,5.75,3.75,5.3125,3.4375,5.0625,3.5,3.875,2.5,99.2119140625,94.125,638.5,0,0,0,0,0,0,0,0,0,0,0,0,0,0,167.64,175.26,125.0,0.0471682548522949,0.0,0.45,0.4217682266235352,0.25,0.19173828125,0.1875,0.125,0.0,0.0,69.5,30.5,66.984375,27.8466796875,94.0,48.544921875,88.50390625,44.75,2.0,0.8125,2.015625,0.6640625,54.0,19.01513671875,51.483436584472656,16.9437255859375,7.91796875,5.430633544921875,7.75,5.0625,4.780975341796875,3.9373779296875,4.8994140625,3.84375,51.025390625,18.400863647460938,50.515625,17.5,5.75,3.75,5.5,3.5,5.375,3.6875,4.0,2.65625,104.865234375,89.5,655.8441009521484,0,0,0,0,0,0,0,0,0,0,0,0,0,0,167.64,167.64,125.0,28.0,27.0,0,0,0,0,0,0,0,0,0,0,0,0,1,0,0,1,0,0,0,0,0,0,1,0
Blue,False,0.015625,0.0,0.45,0.4275,0.25,0.2,0.148468017578125,0.098388671875,0.0,0.0,66.5,29.6875,64.31230545043945,27.34375,89.75,48.0,85.53125,44.41152191162109,2.0,0.75,2.0546875,0.75,51.1875,18.3359375,49.6123046875,16.280410766601562,7.5,5.07647705078125,7.5,5.0,4.5,3.625,4.984375,3.9375,48.6875,17.0,47.11572265625,16.5,5.75,3.75,5.3125,3.4375,5.0625,3.5,3.875,2.5,99.2119140625,94.125,638.5,0,0,0,0,0,0,0,0,0,0,0,0,0,0,160.02,157.48,125.0,0.0471682548522949,0.0,0.45,0.4217682266235352,0.25,0.19173828125,0.1875,0.125,0.0,0.0,69.5,30.5,66.984375,27.8466796875,94.0,48.544921875,88.50390625,44.75,2.0,0.8125,2.015625,0.6640625,54.0,19.01513671875,51.483436584472656,16.9437255859375,7.91796875,5.430633544921875,7.75,5.0625,4.780975341796875,3.9373779296875,4.8994140625,3.84375,51.025390625,18.400863647460938,50.515625,17.5,5.75,3.75,5.5,3.5,5.375,3.6875,4.0,2.65625,104.865234375,89.5,655.8441009521484,0,0,0,0,0,0,0,0,0,0,0,0,0,0,162.56,160.02,125.0,26.0,28.0,0,0,0,0,0,0,0,0,0,0,0,0,1,0,0,1,0,0,0,0,1,0,0,0
Red,False,0.015625,0.0,0.45,0.4275,0.25,0.2,0.148468017578125,0.098388671875,0.0,0.0,66.5,29.6875,64.31230545043945,27.34375,89.75,48.0,85.53125,44.41152191162109,2.0,0.75,2.0546875,0.75,51.1875,18.3359375,49.6123046875,16.280410766601562,7.5,5.07647705078125,7.5,5.0,4.5,3.625,4.984375,3.9375,48.6875,17.0,47.11572265625,16.5,5.75,3.75,5.3125,3.4375,5.0625,3.5,3.875,2.5,99.2119140625,94.125,638.5,0,0,0,0,0,0,0,0,0,0,0,0,0,0,165.1,160.02,115.0,0.0471682548522949,0.0,0.45,0.4217682266235352,0.25,0.19173828125,0.1875,0.125,0.0,0.0,69.5,30.5,66.984375,27.8466796875,94.0,48.544921875,88.50390625,44.75,2.0,0.8125,2.015625,0.6640625,54.0,19.01513671875,51.483436584472656,16.9437255859375,7.91796875,5.430633544921875,7.75,5.0625,4.780975341796875,3.9373779296875,4.8994140625,3.84375,51.025390625,18.400863647460938,50.515625,17.5,5.75,3.75,5.5,3.5,5.375,3.6875,4.0,2.65625,104.865234375,89.5,655.8441009521484,0,0,0,0,0,0,0,0,0,0,0,0,0,0,165.1,160.02,125.0,26.0,22.0,0,0,0,0,0,0,0,0,0,0,0,0,1,0,0,1,0,0,0,0,1,0,0,0
Blue,False,0.28125,0.125,0.30203125,0.32859375,0.264375,0.078125,0.0,0.0,0.03125,0.015625,101.0625,25.125,125.515625,47.078125,108.828125,31.328125,140.828125,61.484375,4.578125,1.15625,0.453125,0.21875,93.234375,21.21875,98.15625,26.484375,7.15625,3.359375,21.078125,14.546875,0.671875,0.546875,6.28125,6.046875,95.421875,22.21875,119.625,43.03125,2.46875,1.296875,2.828125,2.109375,3.171875,1.609375,3.0625,1.9375,101.390625,29.796875,710.734375,17,0,2,0,2,4,3,0,0,1,1,2,0,0,175.26,182.88,170.0,0.0471682548522949,0.0,0.45,0.4217682266235352,0.25,0.19173828125,0.1875,0.125,0.0,0.0,69.5,30.5,66.984375,27.8466796875,94.0,48.544921875,88.50390625,44.75,2.0,0.8125,2.015625,0.6640625,54.0,19.01513671875,51.483436584472656,16.9437255859375,7.91796875,5.430633544921875,7.75,5.0625,4.780975341796875,3.9373779296875,4.8994140625,3.84375,51.025390625,18.400863647460938,50.515625,17.5,5.75,3.75,5.5,3.5,5.375,3.6875,4.0,2.65625,104.865234375,89.5,655.8441009521484,0,0,0,0,0,0,0,0,0,0,0,0,0,0,180.34,177.8,170.0,30.0,33.0,0,0,0,0,0,0,0,0,0,1,0,0,0,0,0,1,0,0,0,0,1,0,0,0
Blue,False,1.18798828125,0.0009765625,0.5339990234375,0.4232421875,0.0313671875,0.341748046875,0.00439453125,1.0,0.1630859375,0.00244140625,72.74755859375,38.13232421875,74.97265625,32.85791015625,78.08837890625,42.75341796875,102.244140625,55.39453125,0.201171875,0.0849609375,8.29931640625,4.1337890625,63.80029296875,30.43505859375,56.4130859375,20.447265625,6.22900390625,5.19873046875,12.7158203125,7.15380859375,2.71826171875,2.49853515625,5.84375,5.2568359375,58.39794921875,26.755859375,61.560546875,23.42578125,3.99462890625,2.55224609375,9.09228515625,6.17724609375,10.35498046875,8.82421875,4.31982421875,3.2548828125,42.55322265625,275.8466796875,689.9208984375,31,1,5,0,5,8,4,0,0,2,2,2,2,0,175.26,180.34,185.0,0.3164369016885757,1.086432471871376,0.3093235257267952,0.4501297409832477,0.0001292985677719,0.4501788492500782,1.9371509552001957e-06,0.5078164786100388,2.2351741790771484e-08,0.0002441480755805,176.71161460876465,58.08044731616974,136.86164125800133,60.2291047796607,191.46260871738195,72.26532735675573,144.83908619731665,66.35698498785496,0.0825168490409851,0.0012160986661911,3.275993883609772,1.8228275403380396,152.07260593026876,41.53164690732956,108.47411935031414,37.985176011919975,9.490070819854736,4.46020445227623,10.875006154179571,6.447976268827915,15.148937858641148,12.08859595656395,17.512515753507614,15.795952498912811,171.4904200285673,54.85621477663517,115.3157157972455,46.85457440465689,1.9551481902599332,0.8234727159142494,2.990246221423149,1.6024591401219368,3.266046389937401,2.40075982362032,18.55567923933268,11.772071234881878,5.051117897033691,128.6721784323454,999.1021843105556,78,4,4,0,5,20,8,0,0,2,8,10,0,0,185.42,190.5,185.0,26.0,38.0,0,0,0,0,0,0,0,1,0,0,0,0,0,0,0,0,0,1,0,0,1,0,0,0
Red,False,0.015625,0.0,0.45,0.4275,0.25,0.2,0.148468017578125,0.098388671875,0.0,0.0,66.5,29.6875,64.31230545043945,27.34375,89.75,48.0,85.53125,44.41152191162109,2.0,0.75,2.0546875,0.75,51.1875,18.3359375,49.6123046875,16.280410766601562,7.5,5.07647705078125,7.5,5.0,4.5,3.625,4.984375,3.9375,48.6875,17.0,47.11572265625,16.5,5.75,3.75,5.3125,3.4375,5.0625,3.5,3.875,2.5,99.2119140625,94.125,638.5,0,0,0,0,0,0,0,0,0,0,0,0,0,0,170.18,182.88,135.0,0.0471682548522949,0.0,0.45,0.4217682266235352,0.25,0.19173828125,0.1875,0.125,0.0,0.0,69.5,30.5,66.984375,27.8466796875,94.0,48.544921875,88.50390625,44.75,2.0,0.8125,2.015625,0.6640625,54.0,19.01513671875,51.483436584472656,16.9437255859375,7.91796875,5.430633544921875,7.75,5.0625,4.780975341796875,3.9373779296875,4.8994140625,3.84375,51.025390625,18.400863647460938,50.515625,17.5,5.75,3.75,5.5,3.5,5.375,3.6875,4.0,2.65625,104.865234375,89.5,655.8441009521484,0,0,0,0,0,0,0,0,0,0,0,0,0,0,172.72,170.18,145.0,30.0,19.0,0,0,1,0,0,0,0,0,0,0,0,0,0,0,0,1,0,0,0,0,1,0,0,0
Red,False,0.015625,0.0,0.45,0.4275,0.25,0.2,0.148468017578125,0.098388671875,0.0,0.0,66.5,29.6875,64.31230545043945,27.34375,89.75,48.0,85.53125,44.41152191162109,2.0,0.75,2.0546875,0.75,51.1875,18.3359375,49.6123046875,16.280410766601562,7.5,5.07647705078125,7.5,5.0,4.5,3.625,4.984375,3.9375,48.6875,17.0,47.11572265625,16.5,5.75,3.75,5.3125,3.4375,5.0625,3.5,3.875,2.5,99.2119140625,94.125,638.5,0,0,0,0,0,0,0,0,0,0,0,0,0,0,172.72,182.88,145.0,0.0,0.0,0.69,0.35,0.33,0.28,2.0,0.0,2.0,0.0,65.0,45.0,67.0,24.0,97.0,70.0,77.0,32.0,3.0,1.0,7.0,2.0,52.0,34.0,40.0,6.0,10.0,8.0,14.0,7.0,3.0,3.0,13.0,11.0,41.0,25.0,46.0,10.0,11.0,8.0,21.0,14.0,13.0,12.0,0.0,0.0,244.0,145.0,562.0,2,0,1,0,1,1,0,0,0,0,0,0,1,0,185.42,185.42,145.0,27.0,26.0,0,0,1,0,0,0,0,0,0,0,0,0,0,0,0,1,0,0,0,0,1,0,0,0
Blue,False,0.015625,0.0,0.45,0.4275,0.25,0.2,0.148468017578125,0.098388671875,0.0,0.0,66.5,29.6875,64.31230545043945,27.34375,89.75,48.0,85.53125,44.41152191162109,2.0,0.75,2.0546875,0.75,51.1875,18.3359375,49.6123046875,16.280410766601562,7.5,5.07647705078125,7.5,5.0,4.5,3.625,4.984375,3.9375,48.6875,17.0,47.11572265625,16.5,5.75,3.75,5.3125,3.4375,5.0625,3.5,3.875,2.5,99.2119140625,94.125,638.5,0,0,0,0,0,0,0,0,0,0,0,0,0,0,165.1,160.02,115.0,0.0,0.0,0.4509375,0.4756249999999999,0.274375,0.5449999999999999,0.375,0.28125,0.5,0.03125,124.65625,60.09375,136.28125,65.53125,176.9375,107.40625,176.5625,94.8125,1.84375,0.78125,7.53125,3.59375,101.09375,41.5,106.09375,43.21875,17.75,13.46875,23.96875,16.9375,5.8125,5.125,6.21875,5.375,96.09375,41.125,101.34375,39.09375,16.875,11.1875,21.625,16.09375,11.6875,7.78125,13.3125,10.34375,300.0625,137.9375,773.46875,15,0,0,2,1,1,5,0,0,0,0,0,1,0,162.56,165.1,115.0,28.0,26.0,0,0,0,0,0,0,0,0,0,0,0,0,0,1,0,1,0,0,0,0,1,0,0,0
Red,False,0.5,1.0,0.375,0.425,0.325,0.0,1.0,0.0,0.0,0.0,84.5,32.0,70.0,30.5,109.0,52.5,76.0,36.0,4.5,1.5,1.0,0.0,67.0,20.0,52.5,18.0,7.5,4.0,8.0,4.5,10.0,8.0,9.5,8.0,69.0,22.0,60.5,25.0,13.5,9.0,7.0,4.0,2.0,1.0,2.5,1.5,201.0,10.0,562.0,4,0,0,2,0,0,2,0,0,0,0,0,0,0,182.88,187.96,170.0,0.0471682548522949,0.0,0.45,0.4217682266235352,0.25,0.19173828125,0.1875,0.125,0.0,0.0,69.5,30.5,66.984375,27.8466796875,94.0,48.544921875,88.50390625,44.75,2.0,0.8125,2.015625,0.6640625,54.0,19.01513671875,51.483436584472656,16.9437255859375,7.91796875,5.430633544921875,7.75,5.0625,4.780975341796875,3.9373779296875,4.8994140625,3.84375,51.025390625,18.400863647460938,50.515625,17.5,5.75,3.75,5.5,3.5,5.375,3.6875,4.0,2.65625,104.865234375,89.5,655.8441009521484,0,0,0,0,0,0,0,0,0,0,0,0,0,0,182.88,180.34,170.0,27.0,27.0,0,0,0,0,0,0,0,0,0,1,0,0,0,0,0,1,0,0,0,0,1,0,0,0
Red,False,0.0,0.0,0.425,0.4525,0.33,0.345,0.25,0.0,0.5,0.5,110.5,45.75,77.75,33.0,150.5,81.5,117.5,67.75,2.25,1.0,4.25,1.5,83.25,25.5,52.5,15.75,15.0,8.75,7.75,3.75,12.25,11.5,17.5,13.5,106.25,42.5,69.0,26.25,2.25,1.5,3.0,2.75,2.0,1.75,5.75,4.0,73.25,290.0,900.0,9,0,1,0,1,2,1,0,0,2,0,0,0,0,180.34,182.88,170.0,0.34375,0.3125,0.4928125,0.3575,0.3365625,0.70109375,0.0,0.59375,0.125,0.0,123.453125,63.96875,97.25,32.234375,127.296875,67.734375,119.328125,52.640625,4.15625,1.25,2.0625,1.078125,88.796875,38.40625,88.4375,26.0,12.828125,8.765625,4.53125,2.765625,21.828125,16.796875,4.28125,3.46875,117.046875,59.65625,88.609375,26.390625,3.390625,1.90625,6.90625,4.75,3.015625,2.40625,1.734375,1.09375,51.828125,106.796875,693.84375,16,0,1,0,3,5,2,0,0,1,1,3,0,0,182.88,180.34,170.0,30.0,29.0,0,0,0,0,0,0,0,0,0,1,0,0,0,0,0,1,0,0,0,0,1,0,0,0
Red,False,0.564453125,0.01666259765625,0.4843017578125,0.315174560546875,0.19982666015625,0.3820542907714844,0.502777099609375,1.0830535888671875,0.073883056640625,0.0020904541015625,101.162109375,48.88572692871094,111.14759826660156,36.50279235839844,106.0721435546875,52.811920166015625,117.76370239257812,42.36186218261719,0.53326416015625,0.47076416015625,3.567474365234375,1.35394287109375,80.21987915039062,33.84344482421875,85.53778076171875,20.378677368164062,13.884597778320312,9.483734130859377,11.52069091796875,5.515182495117188,7.057632446289063,5.5585479736328125,14.089126586914062,10.608932495117188,89.11097717285156,41.91880798339844,102.30870056152344,31.540435791015625,7.943878173828125,4.1323089599609375,3.9026031494140634,1.4923858642578125,4.1072540283203125,2.8346099853515625,4.936294555664063,3.469970703125,82.35963439941406,112.57194519042967,725.4927062988281,45,0,0,2,2,8,9,0,0,2,3,0,2,1,177.8,185.42,145.0,0.0471682548522949,0.0,0.45,0.4217682266235352,0.25,0.19173828125,0.1875,0.125,0.0,0.0,69.5,30.5,66.984375,27.8466796875,94.0,48.544921875,88.50390625,44.75,2.0,0.8125,2.015625,0.6640625,54.0,19.01513671875,51.483436584472656,16.9437255859375,7.91796875,5.430633544921875,7.75,5.0625,4.780975341796875,3.9373779296875,4.8994140625,3.84375,51.025390625,18.400863647460938,50.515625,17.5,5.75,3.75,5.5,3.5,5.375,3.6875,4.0,2.65625,104.865234375,89.5,655.8441009521484,0,0,0,0,0,0,0,0,0,0,0,0,0,0,175.26,180.34,145.0,29.0,31.0,0,0,1,0,0,0,0,0,0,0,0,0,0,0,0,0,0,1,0,0,1,0,0,0
Blue,False,0.0,0.0,0.0,0.5,0.0,1.0,0.0,1.0,0.0,0.0,2.0,0.0,14.0,7.0,2.0,0.0,14.0,7.0,0.0,0.0,2.0,2.0,2.0,0.0,13.0,6.0,0.0,0.0,1.0,1.0,0.0,0.0,0.0,0.0,1.0,0.0,5.0,3.0,1.0,0.0,0.0,0.0,0.0,0.0,9.0,4.0,0.0,62.0,74.0,1,0,0,1,0,0,1,0,0,0,0,0,0,0,167.64,172.72,125.0,0.0471682548522949,0.0,0.45,0.4217682266235352,0.25,0.19173828125,0.1875,0.125,0.0,0.0,69.5,30.5,66.984375,27.8466796875,94.0,48.544921875,88.50390625,44.75,2.0,0.8125,2.015625,0.6640625,54.0,19.01513671875,51.483436584472656,16.9437255859375,7.91796875,5.430633544921875,7.75,5.0625,4.780975341796875,3.9373779296875,4.8994140625,3.84375,51.025390625,18.400863647460938,50.515625,17.5,5.75,3.75,5.5,3.5,5.375,3.6875,4.0,2.65625,104.865234375,89.5,655.8441009521484,0,0,0,0,0,0,0,0,0,0,0,0,0,0,172.72,167.64,125.0,29.0,21.0,0,0,0,0,0,0,0,0,0,0,1,0,0,0,0,0,0,1,0,0,1,0,0,0
Red,False,0.015625,0.0,0.45,0.4275,0.25,0.2,0.148468017578125,0.098388671875,0.0,0.0,66.5,29.6875,64.31230545043945,27.34375,89.75,48.0,85.53125,44.41152191162109,2.0,0.75,2.0546875,0.75,51.1875,18.3359375,49.6123046875,16.280410766601562,7.5,5.07647705078125,7.5,5.0,4.5,3.625,4.984375,3.9375,48.6875,17.0,47.11572265625,16.5,5.75,3.75,5.3125,3.4375,5.0625,3.5,3.875,2.5,99.2119140625,94.125,638.5,0,0,0,0,0,0,0,0,0,0,0,0,0,0,190.5,182.88,205.0,0.0,0.75,0.2525,0.5775,0.25,0.0,0.0,0.0,0.0,0.0,28.5,9.0,31.5,18.5,39.25,14.0,38.75,25.25,1.0,0.25,0.25,0.0,26.0,7.75,24.25,12.75,2.5,1.25,5.5,4.0,0.0,0.0,1.75,1.75,18.75,4.5,18.5,9.0,0.25,0.25,1.0,1.0,9.5,4.25,12.0,8.5,30.5,13.5,133.25,3,0,0,1,1,1,2,0,0,0,0,1,0,0,182.88,187.96,247.0,22.0,31.0,0,0,0,0,1,0,0,0,0,0,0,0,0,0,0,1,0,0,0,0,1,0,0,0
Blue,False,0.0,0.0,0.40875,0.4075,0.21,0.2275,0.5,0.25,0.0,0.0,66.625,28.125,86.5,35.5,106.625,64.0,93.5,42.125,7.875,2.25,2.25,0.625,47.125,14.5,72.25,25.375,6.75,4.75,9.625,6.375,12.75,8.875,4.625,3.75,48.875,17.0,52.125,12.375,13.0,8.125,13.625,8.25,4.75,3.0,20.75,14.875,241.375,67.25,935.625,11,0,0,1,2,2,2,0,0,1,1,0,0,0,190.5,193.04,235.0,0.25,0.125,0.4325,0.4024999999999999,0.0,0.0,0.0,0.0,0.0,0.0,200.375,91.125,152.625,61.125,202.0,92.75,153.875,61.875,0.0,0.0,2.625,0.0,151.25,51.25,130.5,44.875,19.625,15.25,12.125,9.25,29.5,24.625,10.0,7.0,181.375,77.0,141.375,53.625,12.5,9.625,11.0,7.25,6.5,4.5,0.25,0.25,20.5,0.75,749.125,10,0,0,2,2,2,2,0,0,0,1,1,0,0,193.04,198.12,250.0,36.0,28.0,0,0,0,0,1,0,0,0,0,0,0,0,0,0,0,1,0,0,0,0,1,0,0,0
Blue,False,0.0,1.0,0.43,0.525,0.125,0.165,0.0,0.5,0.0,0.0,75.0,34.0,95.5,50.5,77.5,36.5,113.0,66.5,2.0,0.5,3.0,1.0,52.5,19.5,76.0,35.0,16.5,10.0,11.0,8.0,6.0,4.5,8.5,7.5,64.0,26.0,67.5,33.5,9.0,7.0,6.5,3.5,2.0,1.0,21.5,13.5,43.0,232.0,750.0,5,0,0,2,0,0,2,0,0,0,0,0,0,0,172.72,175.26,145.0,0.0471682548522949,0.0,0.45,0.4217682266235352,0.25,0.19173828125,0.1875,0.125,0.0,0.0,69.5,30.5,66.984375,27.8466796875,94.0,48.544921875,88.50390625,44.75,2.0,0.8125,2.015625,0.6640625,54.0,19.01513671875,51.483436584472656,16.9437255859375,7.91796875,5.430633544921875,7.75,5.0625,4.780975341796875,3.9373779296875,4.8994140625,3.84375,51.025390625,18.400863647460938,50.515625,17.5,5.75,3.75,5.5,3.5,5.375,3.6875,4.0,2.65625,104.865234375,89.5,655.8441009521484,0,0,0,0,0,0,0,0,0,0,0,0,0,0,175.26,175.26,135.0,27.0,28.0,0,0,1,0,0,0,0,0,0,0,0,0,0,0,0,1,0,0,0,0,1,0,0,0
Red,False,0.0,0.515625,0.3204687499999999,0.4503125,0.14078125,0.078203125,0.0078125,0.0,0.0,0.0,74.265625,28.859375,70.09375,29.4140625,89.9453125,41.921875,76.5859375,34.5,2.984375,0.6640625,1.609375,0.3828125,68.9609375,24.75,62.109375,23.3515625,2.7421875,1.609375,5.140625,4.3125,2.5625,2.5,2.84375,1.75,62.640625,21.09375,63.0703125,23.828125,6.9921875,4.7890625,4.5234375,3.1796875,4.6328125,2.9765625,2.5,2.40625,72.9921875,21.515625,457.0078125,18,0,2,0,4,6,2,0,0,1,3,1,1,0,182.88,177.8,185.0,0.0,0.0,0.3634374999999999,0.41640625,0.3146875,0.339375,0.0,0.5,0.5,0.5,100.296875,35.90625,58.078125,25.453125,135.4375,67.75,63.234375,29.953125,6.09375,1.96875,3.28125,1.40625,59.578125,16.609375,41.578125,12.578125,25.125,8.859375,9.109375,7.421875,15.59375,10.4375,7.390625,5.453125,82.65625,23.25,43.046875,15.125,13.328125,9.234375,14.90625,10.203125,4.3125,3.421875,0.125,0.125,218.953125,110.296875,883.984375,19,1,3,0,3,5,2,0,0,0,3,2,0,0,185.42,190.5,185.0,40.0,29.0,0,0,0,0,0,0,0,1,0,0,0,0,0,0,0,0,0,1,0,0,1,0,0,0
Blue,False,0.015625,0.0,0.45,0.4275,0.25,0.2,0.148468017578125,0.098388671875,0.0,0.0,66.5,29.6875,64.31230545043945,27.34375,89.75,48.0,85.53125,44.41152191162109,2.0,0.75,2.0546875,0.75,51.1875,18.3359375,49.6123046875,16.280410766601562,7.5,5.07647705078125,7.5,5.0,4.5,3.625,4.984375,3.9375,48.6875,17.0,47.11572265625,16.5,5.75,3.75,5.3125,3.4375,5.0625,3.5,3.875,2.5,99.2119140625,94.125,638.5,0,0,0,0,0,0,0,0,0,0,0,0,0,0,165.1,162.56,125.0,0.0,0.25,0.34375,0.414375,0.29125,0.283125,0.0625,0.1875,0.0,0.125,121.0,39.0,148.375,62.1875,131.5,46.9375,176.375,83.4375,1.5,0.625,1.75,0.625,98.5,25.75,111.75,36.0625,19.8125,11.125,18.375,12.375,2.6875,2.125,18.25,13.75,105.5,29.5625,137.1875,55.3125,12.75,7.4375,5.6875,3.625,2.75,2.0,5.5,3.25,105.375,171.375,713.5625,12,0,0,1,2,2,3,0,0,0,1,0,1,0,167.64,162.56,125.0,29.0,28.0,0,0,0,0,0,0,0,0,0,0,0,0,1,0,0,1,0,0,0,0,1,0,0,0
Red,False,0.25,0.0,0.3125,0.47625,0.10625,0.7050000000000001,0.1875,0.0,0.0625,0.125,121.375,36.875,100.5,43.25,171.1875,84.25,118.4375,59.5625,3.0625,0.375,2.6875,1.3125,90.625,18.5625,91.4375,35.75,7.8125,3.6875,3.5625,2.9375,22.9375,14.625,5.5,4.5625,117.5,34.25,86.3125,31.375,2.5,1.25,2.0,1.6875,1.375,1.375,12.1875,10.1875,19.3125,229.9375,894.25,15,0,1,0,1,2,3,0,0,0,1,1,0,0,182.88,193.04,170.0,0.0,0.0625,0.36984375,0.5435937500000001,0.5496875,0.645,0.28125,1.546875,0.0,0.015625,57.8125,22.09375,52.578125,27.390625,67.4375,30.765625,85.734375,58.421875,2.453125,1.671875,2.296875,1.375,46.15625,14.4375,38.0625,16.578125,8.421875,4.859375,10.921875,8.171875,3.234375,2.796875,3.59375,2.640625,43.078125,14.296875,30.421875,10.984375,6.546875,3.09375,11.21875,8.40625,8.1875,4.703125,10.9375,8.0,203.421875,158.140625,687.65625,15,0,2,0,2,4,3,0,0,0,0,0,3,1,180.34,185.42,170.0,28.0,23.0,0,0,0,0,0,0,0,0,0,1,0,0,0,0,0,0,0,1,0,0,1,0,0,0
Blue,False,0.0,0.3125,0.40375,0.4937499999999999,0.3275,0.08,0.0,0.5,0.0,0.75,116.0,49.5625,89.25,41.6875,185.3125,106.25,100.6875,52.9375,8.0,2.8125,3.0,0.5,89.1875,28.875,55.5625,15.25,12.4375,8.1875,9.5,6.6875,14.375,12.5,24.1875,19.75,96.1875,36.5,84.4375,38.375,9.625,6.8125,1.125,1.0625,10.1875,6.25,3.6875,2.25,319.875,30.9375,794.8125,13,0,0,1,2,3,2,0,0,0,2,1,0,0,180.34,182.88,170.0,0.0469970703125,0.125,0.5257159423828125,0.3571417236328125,0.1343994140625,0.276602783203125,0.00830078125,0.265625,0.0003662109375,6.103515625e-05,104.6641845703125,42.88641357421875,91.80908203125,23.31842041015625,120.2208251953125,57.23974609375,94.635498046875,25.68634033203125,0.4317626953125,0.14501953125,6.04632568359375,1.865478515625,78.32183837890625,23.47119140625,82.13299560546875,17.3614501953125,22.2220458984375,15.3048095703125,6.98651123046875,3.6663818359375,4.12030029296875,4.11041259765625,2.6895751953125,2.29058837890625,97.78814697265624,37.38079833984375,84.978271484375,19.53033447265625,4.556640625,3.75201416015625,4.473876953125,2.7528076171875,2.31939697265625,1.75360107421875,2.35693359375,1.0352783203125,41.5882568359375,104.68878173828124,645.7576904296875,34,0,2,0,4,9,6,0,0,1,3,4,1,0,187.96,190.5,170.0,29.0,33.0,0,0,0,0,0,0,0,0,0,1,0,0,0,0,0,1,0,0,0,0,1,0,0,0
Red,False,0.015625,0.0,0.45,0.4275,0.25,0.2,0.148468017578125,0.098388671875,0.0,0.0,66.5,29.6875,64.31230545043945,27.34375,89.75,48.0,85.53125,44.41152191162109,2.0,0.75,2.0546875,0.75,51.1875,18.3359375,49.6123046875,16.280410766601562,7.5,5.07647705078125,7.5,5.0,4.5,3.625,4.984375,3.9375,48.6875,17.0,47.11572265625,16.5,5.75,3.75,5.3125,3.4375,5.0625,3.5,3.875,2.5,99.2119140625,94.125,638.5,0,0,0,0,0,0,0,0,0,0,0,0,0,0,172.72,182.88,145.0,0.5,0.0,0.635,0.35,0.7849999999999999,0.25,0.0,0.0,0.5,0.5,107.5,68.5,79.5,25.0,113.0,74.0,84.0,29.0,5.0,3.5,3.5,0.5,84.0,51.0,72.5,20.5,8.0,5.5,4.5,2.0,15.5,12.0,2.5,2.5,50.0,24.0,75.0,22.5,11.5,10.5,3.5,1.5,46.0,34.0,1.0,1.0,289.5,61.0,663.0,5,0,2,0,2,2,0,0,0,0,1,1,0,0,167.64,180.34,145.0,24.0,29.0,0,1,0,0,0,0,0,0,0,0,0,0,0,0,0,1,0,0,0,0,1,0,0,0
Red,False,0.0,0.0,0.52,0.64,0.33,1.0,0.0,4.0,0.0,0.0,23.0,12.0,87.0,56.0,29.0,15.0,107.0,73.0,3.0,1.0,2.0,2.0,11.0,2.0,73.0,46.0,2.0,2.0,11.0,7.0,10.0,8.0,3.0,3.0,21.0,10.0,34.0,15.0,0.0,0.0,9.0,5.0,2.0,2.0,44.0,36.0,129.0,467.0,900.0,3,0,0,1,0,0,1,0,0,0,0,0,0,0,167.64,170.18,125.0,0.8125,0.0,0.309375,0.4024999999999999,0.0625,0.360625,0.0625,0.5625,0.125,0.0625,71.3125,22.25,99.0,38.0625,77.25,27.1875,130.625,65.5,0.9375,0.0625,10.3125,3.9375,59.0,16.875,83.1875,25.3125,7.75,3.25,8.3125,5.9375,4.5625,2.125,7.5,6.8125,61.4375,17.5,84.5,29.5625,6.125,3.0625,9.1875,4.6875,3.75,1.6875,5.3125,3.8125,39.4375,258.75,754.6875,11,0,0,1,1,2,3,0,0,1,0,1,0,0,165.1,172.72,125.0,32.0,28.0,0,0,0,1,0,0,0,0,0,0,0,0,0,0,0,0,0,1,0,0,1,0,0,0
Red,False,0.125,0.0,0.55125,0.4425,0.49625,0.0675,0.0,0.25,0.0,0.0,82.875,45.875,55.375,23.5,161.875,111.375,83.0,46.125,2.375,1.375,4.0,0.75,72.25,38.375,44.5,15.25,8.75,5.75,7.5,5.625,1.875,1.75,3.375,2.625,35.75,11.625,41.0,13.25,9.625,8.5,13.375,9.75,37.5,25.75,1.0,0.5,313.25,277.375,813.125,11,0,0,1,3,3,1,0,0,0,1,2,0,0,190.5,198.12,249.0,0.392578125,0.0787353515625,0.2433032226562499,0.234852294921875,0.5974658203125001,0.040716552734375,0.66015625,0.0009765625,0.0,0.0,57.0321044921875,28.2503662109375,36.654541015625,14.5987548828125,76.17626953125,46.42578125,40.1864013671875,17.99658203125,1.88525390625,0.80126953125,0.18408203125,0.1409912109375,40.6942138671875,15.895751953125,30.4503173828125,9.935302734375,9.5101318359375,6.1533203125,3.125732421875,2.143798828125,6.8277587890625,6.2012939453125,3.0784912109375,2.5196533203125,48.24365234375,22.203857421875,33.980712890625,12.4154052734375,4.8909912109375,3.1180419921875,2.255126953125,1.8900146484375,3.8974609375,2.928466796875,0.418701171875,0.2933349609375,70.4791259765625,30.14306640625,425.303466796875,31,3,0,1,6,10,4,0,0,0,3,4,3,0,193.04,195.58,231.0,32.0,40.0,0,0,0,0,1,0,0,0,0,0,0,0,0,0,0,1,0,0,0,0,1,0,0,0
Red,False,0.0,0.0,0.7675000000000001,0.5275,0.165,0.6,0.0,0.75,0.0,0.0,44.25,26.0,47.0,27.0,61.25,40.25,64.0,40.5,3.5,1.25,4.0,2.0,26.25,10.0,24.0,9.0,13.0,11.25,13.75,10.5,5.0,4.75,9.25,7.5,30.25,14.0,27.25,10.25,12.0,10.25,15.5,13.25,2.0,1.75,4.25,3.5,124.5,205.5,502.5,7,0,1,0,1,1,2,0,0,0,1,0,0,0,177.8,182.88,155.0,0.0078125,0.0628204345703125,0.4935318756103515,0.6336067962646484,0.2962657165527343,0.6032093048095704,1.0648422241210938,0.1816024780273437,0.0,0.0317459106445312,56.98631286621094,28.605972290039062,61.2010498046875,38.545013427734375,88.68507385253906,56.18799591064453,107.2408447265625,75.44947814941406,4.655807495117188,1.956146240234375,3.8785934448242183,2.966590881347656,40.76478576660156,17.372032165527344,51.733436584472656,30.54872131347656,11.536903381347656,8.077987670898438,6.462821960449219,5.5230560302734375,4.684623718261719,3.155952453613281,3.004791259765625,2.473236083984375,38.764793395996094,14.336578369140623,37.42759704589844,18.31044006347656,8.823356628417969,5.8371124267578125,4.270271301269531,2.9035797119140625,9.398162841796877,8.432281494140625,19.50318145751953,17.33099365234375,184.89832305908203,409.00439453125,798.12451171875,49,0,1,0,4,11,7,0,0,2,6,2,1,0,172.72,172.72,145.0,31.0,33.0,0,0,0,0,0,0,1,0,0,0,0,0,0,0,0,1,0,0,0,0,1,0,0,0
Blue,False,0.015625,0.0,0.45,0.4275,0.25,0.2,0.148468017578125,0.098388671875,0.0,0.0,66.5,29.6875,64.31230545043945,27.34375,89.75,48.0,85.53125,44.41152191162109,2.0,0.75,2.0546875,0.75,51.1875,18.3359375,49.6123046875,16.280410766601562,7.5,5.07647705078125,7.5,5.0,4.5,3.625,4.984375,3.9375,48.6875,17.0,47.11572265625,16.5,5.75,3.75,5.3125,3.4375,5.0625,3.5,3.875,2.5,99.2119140625,94.125,638.5,0,0,0,0,0,0,0,0,0,0,0,0,0,0,187.96,190.5,264.0,0.0,1.0,0.43,0.44,0.0,0.0,0.0,0.0,0.0,0.0,83.0,36.0,231.0,103.0,83.0,36.0,235.0,107.0,0.0,0.0,0.0,0.0,79.0,32.0,188.0,67.0,3.0,3.0,12.0,11.0,1.0,1.0,31.0,25.0,73.0,29.0,190.0,75.0,10.0,7.0,15.0,10.0,0.0,0.0,26.0,18.0,0.0,58.0,516.0,2,0,0,1,0,0,1,0,0,0,0,0,0,0,180.34,193.04,205.0,24.0,35.0,0,0,0,0,1,0,0,0,0,0,0,0,0,0,0,0,0,1,0,0,1,0,0,0
Blue,False,0.0,0.0,0.29,0.53,1.0,0.28,0.0,0.0,0.0,0.0,120.0,35.0,176.0,94.0,143.0,56.0,177.0,95.0,1.0,1.0,7.0,2.0,114.0,32.0,120.0,54.0,6.0,3.0,22.0,15.0,0.0,0.0,34.0,25.0,116.0,32.0,173.0,92.0,4.0,3.0,3.0,2.0,0.0,0.0,0.0,0.0,39.0,73.0,900.0,3,0,0,1,0,0,1,0,0,0,0,0,0,0,177.8,185.42,170.0,0.25,0.75,0.39,0.5175000000000001,0.04125,0.08875,0.375,0.25,0.0,0.0,68.875,23.625,49.0,24.5,75.75,30.0,71.25,44.5,0.625,0.125,1.125,0.625,58.875,17.625,38.125,16.75,5.0,1.625,5.625,4.5,5.0,4.375,5.25,3.25,61.25,18.5,37.125,16.625,3.75,2.625,2.5,2.125,3.875,2.5,9.375,5.75,10.875,150.75,464.375,8,0,0,1,2,2,2,0,0,1,0,1,0,0,177.8,172.72,155.0,28.0,32.0,0,0,0,0,0,0,1,0,0,0,0,0,0,0,0,1,0,0,0,0,1,0,0,0
Blue,False,0.0,0.0,0.345,0.35,0.415,0.475,0.5,1.5,0.0,0.0,90.0,31.5,89.5,32.0,115.0,54.5,111.0,49.5,7.0,2.5,5.5,3.0,84.5,28.5,74.0,21.0,5.5,3.0,9.5,6.5,0.0,0.0,6.0,4.5,79.5,24.0,82.0,26.0,2.5,0.5,3.5,2.5,8.0,7.0,4.0,3.5,104.0,224.0,900.0,6,0,0,2,0,0,2,0,0,0,0,0,0,0,167.64,172.72,125.0,1.0,0.0,0.415,0.335,0.5,0.22,0.5,0.0,0.0,0.0,70.0,33.0,119.5,40.0,91.0,50.5,146.5,63.5,0.5,0.5,6.5,1.5,64.0,30.0,95.0,25.5,5.5,2.5,13.0,7.0,0.5,0.5,11.5,7.5,65.5,30.0,84.5,18.0,0.0,0.0,4.0,2.5,4.5,3.0,31.0,19.5,39.0,288.0,900.0,6,0,1,0,1,1,1,0,0,0,1,0,0,0,165.1,172.72,125.0,26.0,29.0,0,0,0,1,0,0,0,0,0,0,0,0,0,0,0,1,0,0,0,0,1,0,0,0
Blue,False,0.015625,0.0,0.45,0.4275,0.25,0.2,0.148468017578125,0.098388671875,0.0,0.0,66.5,29.6875,64.31230545043945,27.34375,89.75,48.0,85.53125,44.41152191162109,2.0,0.75,2.0546875,0.75,51.1875,18.3359375,49.6123046875,16.280410766601562,7.5,5.07647705078125,7.5,5.0,4.5,3.625,4.984375,3.9375,48.6875,17.0,47.11572265625,16.5,5.75,3.75,5.3125,3.4375,5.0625,3.5,3.875,2.5,99.2119140625,94.125,638.5,0,0,0,0,0,0,0,0,0,0,0,0,0,0,195.58,205.74,250.0,0.0625,0.2578125,0.1642578125,0.7237109374999999,0.0774609375,0.5061328125,0.0,0.12890625,0.0,0.0,15.4453125,6.8828125,15.07421875,9.078125,17.67578125,8.8125,17.32421875,11.25390625,0.46484375,0.19140625,0.63671875,0.51953125,10.2421875,3.08984375,12.20703125,7.20703125,4.8203125,3.5703125,1.8359375,1.22265625,0.3828125,0.22265625,1.03125,0.6484375,9.9921875,3.03515625,10.01953125,4.43359375,4.60546875,3.0859375,2.8828125,2.47265625,0.84765625,0.76171875,2.171875,2.171875,25.43359375,3.71484375,120.16015625,14,0,0,1,1,3,6,0,0,0,1,2,0,0,195.58,193.04,260.0,25.0,37.0,0,0,0,0,1,0,0,0,0,0,0,0,0,0,0,1,0,0,0,0,1,0,0,0
Blue,False,0.015625,0.0,0.45,0.4275,0.25,0.2,0.148468017578125,0.098388671875,0.0,0.0,66.5,29.6875,64.31230545043945,27.34375,89.75,48.0,85.53125,44.41152191162109,2.0,0.75,2.0546875,0.75,51.1875,18.3359375,49.6123046875,16.280410766601562,7.5,5.07647705078125,7.5,5.0,4.5,3.625,4.984375,3.9375,48.6875,17.0,47.11572265625,16.5,5.75,3.75,5.3125,3.4375,5.0625,3.5,3.875,2.5,99.2119140625,94.125,638.5,0,0,0,0,0,0,0,0,0,0,0,0,0,0,165.1,167.64,125.0,0.0,0.0,0.615,0.5375000000000001,0.35,0.4599999999999999,1.0,0.75,0.0,0.0,54.5,29.0,119.0,60.75,78.0,49.25,200.75,126.25,3.5,0.75,5.0,2.25,35.5,17.25,80.75,34.25,9.5,5.5,28.25,20.0,9.5,6.25,10.0,6.5,36.75,18.0,63.75,24.25,17.25,10.75,45.75,28.5,0.5,0.25,9.5,8.0,47.0,333.25,602.5,7,0,0,1,1,1,2,0,0,0,0,0,1,0,160.02,160.02,115.0,22.0,39.0,0,0,0,0,0,0,0,0,0,0,0,0,0,1,0,0,0,1,0,0,0,0,1,0
Blue,False,0.0,0.0,0.29,0.32,0.0,0.0,0.0,0.0,0.0,0.0,150.0,44.0,134.0,43.0,150.0,44.0,134.0,43.0,2.0,0.0,1.0,0.0,113.0,15.0,95.0,21.0,20.0,14.0,13.0,4.0,17.0,15.0,26.0,18.0,149.0,44.0,132.0,42.0,1.0,0.0,2.0,1.0,0.0,0.0,0.0,0.0,0.0,0.0,900.0,3,0,0,1,0,0,1,0,0,0,0,0,0,0,167.64,170.18,135.0,0.1650390625,0.0,0.517041015625,0.3225,0.05833984375,0.0200390625,0.0,0.0,0.0,0.0,114.7587890625,56.8564453125,165.50390625,41.4521484375,118.7060546875,60.5537109375,171.224609375,46.6650390625,2.328125,0.146484375,1.4560546875,0.26953125,83.3076171875,29.3515625,129.5986328125,23.328125,22.7744140625,19.5126953125,30.509765625,14.142578125,8.6767578125,7.9921875,5.3955078125,3.9814453125,109.25,52.7978515625,156.080078125,36.9248046875,4.935546875,3.705078125,9.404296875,4.515625,0.5732421875,0.353515625,0.01953125,0.01171875,20.0185546875,20.349609375,970.82421875,31,3,3,0,3,8,3,0,0,0,3,4,0,1,160.02,167.64,135.0,29.0,33.0,1,0,0,0,0,0,0,0,0,0,0,0,0,0,0,1,0,0,0,0,1,0,0,0
Red,False,0.0,0.25,0.615,0.5525,0.9575,0.1875,0.75,0.75,0.5,0.0,50.5,32.5,46.25,25.75,67.5,49.25,67.25,45.75,2.25,2.0,2.5,1.0,46.0,28.25,36.75,18.0,3.0,3.0,4.0,3.0,1.5,1.25,5.5,4.75,21.5,9.0,34.0,16.5,1.0,0.75,2.25,2.0,28.0,22.75,10.0,7.25,208.5,145.75,528.25,7,0,0,1,2,2,1,0,0,0,1,1,0,0,170.18,175.26,135.0,0.001953125,0.0009765625,0.359638671875,0.2993749999999999,0.056923828125,0.0484375,0.0234375,0.0791015625,0.0,0.0,127.3447265625,46.1796875,156.0224609375,47.189453125,129.0361328125,47.767578125,158.4326171875,49.0517578125,1.3828125,0.2451171875,2.990234375,0.28125,88.4384765625,21.4208984375,113.7255859375,18.2333984375,13.6396484375,6.453125,18.904296875,11.48828125,25.2666015625,18.3056640625,23.392578125,17.4677734375,121.958984375,43.509765625,153.7529296875,46.40234375,4.5361328125,2.1064453125,2.14453125,0.662109375,0.849609375,0.5634765625,0.125,0.125,9.2783203125,12.962890625,894.326171875,29,0,0,1,7,9,2,0,0,3,4,1,1,0,165.1,167.64,135.0,30.0,35.0,1,0,0,0,0,0,0,0,0,0,0,0,0,0,0,0,0,1,0,0,1,0,0,0
Blue,False,0.001953125,0.12109375,0.345498046875,0.34958984375,0.67818359375,0.125,1.2509765625,0.125,0.0,1.0,38.337890625,14.0380859375,82.900390625,28.5625,53.2880859375,27.7705078125,107.3544921875,48.8369140625,4.4453125,2.740234375,2.0205078125,0.5,26.4765625,6.544921875,54.7392578125,13.8115234375,6.26953125,3.79296875,12.34765625,5.806640625,5.591796875,3.7001953125,15.8134765625,8.9443359375,34.0390625,11.966796875,74.1875,21.876953125,1.2041015625,0.1689453125,2.810546875,2.353515625,3.0947265625,1.90234375,5.90234375,4.33203125,169.876953125,85.884765625,747.8974609375,24,1,3,0,3,7,4,0,0,1,4,0,2,0,185.42,198.12,185.0,0.1602134704589843,0.1279345750808715,0.4987789046764374,0.4393119645118713,0.5045886373519898,0.0158756363391876,0.0046567916870117,0.0011234283447265,6.139278411865234e-05,1.9073486328125e-06,80.75532865524292,40.07181012630463,72.26809430122375,32.350738644599915,95.99002480506896,54.76132678985596,78.05723714828491,36.90336310863495,1.8463789224624636,1.0100663900375366,0.3298510313034057,0.0250275135040283,51.86034715175629,15.63705551624298,59.81401538848877,22.95662009716034,14.425576210021973,11.3103666305542,7.551251769065857,5.507469534873962,14.46940529346466,13.124387979507446,4.902827143669128,3.886649012565613,74.0926855802536,35.1880806684494,58.89914870262146,24.343052744865417,6.029581904411316,4.294190406799316,12.16899275779724,6.857191443443298,0.6330611705780029,0.5895390510559082,1.1999528408050537,1.1504944562911987,99.14306354522704,36.761396408081055,790.5588040351868,51,1,4,0,4,13,11,0,0,0,4,6,3,0,182.88,187.96,185.0,32.0,38.0,0,0,0,0,0,0,0,1,0,0,0,0,0,0,0,0,0,1,0,0,1,0,0,0
Red,False,0.0039529800415039,1.1422119140625,0.3874472171068192,0.5464089286327363,0.0309098404645919,0.0433076190948486,0.025514930486679,0.2509996294975281,3.0994415283203125e-06,1.531839370727539e-05,43.55450531840325,19.261812895536423,49.15264469385147,23.343972772359848,52.20642247796059,26.90139365196228,58.37036707997322,31.631359577178955,0.9369146227836608,0.165215790271759,0.8020647168159485,0.1389936208724975,34.67652440071106,12.576667606830595,43.15825566649437,19.05504584312439,7.6261803805828094,5.649416834115982,3.2467862963676453,1.770991861820221,1.251800537109375,1.0357284545898438,2.747602730989456,2.517935067415237,34.275547325611115,11.875832885503767,39.76296553015709,16.48118895292282,1.6224398612976074,0.7409613132476807,5.506358951330185,4.268991470336914,7.656518131494522,6.645018696784973,3.8833202123641968,2.593792349100113,155.28104242682457,21.2516585290432,397.27471974492073,69,2,6,0,6,16,10,0,0,3,8,5,0,0,177.8,182.88,170.0,0.5050163269042969,1.509765625,0.4974425578117371,0.5216202592849731,0.0754319620132446,0.0813911867141723,0.5980226993560791,0.2579443454742431,0.1253204345703125,0.0002937316894531,80.39527559280396,42.66888189315796,92.8715524673462,42.53182506561279,85.9017288684845,47.59218215942383,109.42011404037476,56.55069637298584,1.4847135543823242,0.135308027267456,3.247346878051758,0.68827223777771,59.11296606063843,26.612632513046265,80.38645362854004,32.47669339179993,20.10300588607788,15.677303791046144,7.006306171417236,4.60846471786499,1.1793036460876465,0.3789455890655517,5.478792667388916,5.446666955947876,71.48460555076599,35.37636423110962,82.38649797439575,35.73007392883301,7.103983402252197,5.830888271331787,2.5765082836151123,0.7957479953765869,1.8066866397857664,1.4616293907165527,7.908546209335327,6.006003141403198,19.822872638702396,145.98959064483645,529.2568049430847,53,0,1,0,7,13,10,0,0,0,2,9,2,0,182.88,190.5,170.0,35.0,36.0,0,0,0,0,0,0,0,0,0,1,0,0,0,0,0,0,0,1,0,0,1,0,0,0
Red,False,0.0,0.0,0.315,0.405,0.5,0.5,0.0,0.0,0.0,0.0,152.5,52.5,154.5,63.5,177.0,71.5,168.0,77.0,0.5,0.5,1.0,0.5,128.0,39.0,116.0,33.0,18.0,8.0,27.5,21.5,6.5,5.5,11.0,9.0,139.5,45.5,133.0,47.5,8.0,5.0,14.0,10.0,5.0,2.0,7.5,6.0,168.5,57.5,900.0,6,0,2,0,2,2,0,0,0,1,1,0,0,0,154.94,160.02,115.0,0.0,0.0,0.84,0.25,1.0,0.0,1.0,2.0,0.0,1.0,19.0,16.0,4.0,1.0,43.0,38.0,7.0,4.0,3.0,3.0,0.0,0.0,18.0,15.0,4.0,1.0,1.0,1.0,0.0,0.0,0.0,0.0,0.0,0.0,2.0,1.0,4.0,1.0,0.0,0.0,0.0,0.0,17.0,15.0,0.0,0.0,178.0,26.0,223.0,1,1,1,0,1,1,0,0,0,0,0,0,1,0,165.1,167.64,115.0,24.0,26.0,0,0,0,0,0,0,0,0,0,0,0,0,0,1,0,1,0,0,0,0,0,0,1,0
Red,False,0.0029296875,0.25,0.5393017578125,0.4425244140625,0.250322265625,0.4479833984375,0.13720703125,0.0,0.6328125,0.0009765625,125.6376953125,65.79931640625,134.2421875,60.185546875,146.55712890625,85.26416015625,141.75390625,67.2578125,1.70751953125,0.5029296875,4.58203125,1.83984375,88.34326171875,39.94580078125,85.939453125,24.52197265625,30.8857421875,20.19580078125,28.14453125,18.70458984375,6.40869140625,5.65771484375,20.158203125,16.958984375,109.39794921875,54.81201171875,112.1376953125,45.6201171875,5.58984375,4.2294921875,14.10546875,10.87060546875,10.64990234375,6.7578125,7.9990234375,3.69482421875,154.4375,132.3994140625,874.5224609375,31,4,0,1,5,7,5,0,0,1,1,2,3,0,177.8,182.88,155.0,0.17578125,0.12890625,0.491959228515625,0.3985279846191406,0.2758693695068359,0.1657951354980468,1.0187835693359375,0.783905029296875,0.2501296997070312,0.0,137.2918701171875,66.82928466796875,108.203125,44.04248809814453,147.77014923095703,76.77935791015625,113.25640106201172,47.84409332275391,1.0077438354492188,0.8921737670898438,3.5206069946289062,0.7517242431640625,120.25189971923828,55.192161560058594,88.76602172851562,28.24335479736328,9.5673828125,6.332969665527344,12.813095092773438,11.05132293701172,7.472587585449219,5.3041534423828125,6.6240081787109375,4.747810363769531,117.39287567138672,54.29071807861328,95.09051513671876,35.347633361816406,15.643699645996094,10.291061401367188,10.40131378173828,6.110275268554688,4.255294799804688,2.247505187988281,2.7112960815429688,2.584579467773437,78.63420867919922,61.15418243408203,553.1834411621094,36,0,4,0,4,13,5,0,1,0,4,5,3,0,175.26,182.88,155.0,30.0,28.0,0,0,0,0,0,0,1,0,0,0,0,0,0,0,0,1,0,0,0,0,0,0,1,0
Blue,False,0.2656269073486328,0.2588348388671875,0.3797386825084686,0.3225194823741912,0.2911017906665802,0.0171056842803955,0.0669648647308349,0.186298131942749,0.00048828125,1.9073486328125e-06,102.34781587123872,38.521743178367615,78.72226512432098,26.07523083686829,169.29311501979828,90.26296162605286,83.63887131214142,30.271488308906555,6.639163494110107,1.5641955137252808,0.3610668182373047,0.1056408882141113,88.86716032028198,28.762803554534912,72.15216386318207,20.86551642417908,8.95704209804535,5.915224432945252,4.826828718185425,3.63506293296814,4.523613452911377,3.843715190887451,1.7432725429534912,1.5746514797210691,70.73053741455078,18.563495755195618,74.67157065868378,23.18455457687378,3.64384388923645,2.5355324745178223,3.642780900001526,2.5024633407592773,27.97343456745148,17.422714948654175,0.4079135656356811,0.3882129192352295,360.2970751523972,27.392256259918213,773.0756123065948,65,0,1,0,4,13,11,0,0,3,5,1,4,0,170.18,177.8,155.0,0.0625306367874145,0.0101318359375,0.4969493758678436,0.4699287796020508,0.5925285470485687,0.2654603672027588,0.8807334899902344,0.501251220703125,0.0068532228469848,0.0004904270172119,77.67799997329712,38.14116132259369,150.34686541557312,75.5627007484436,100.18654465675354,59.14746570587158,177.3060703277588,95.7855532169342,4.656098008155823,3.1548221111297607,1.7633552551269531,1.2959470748901367,72.74164426326752,34.185518980026245,133.46325778961182,62.30712115764618,4.487861275672913,3.7581249475479126,14.765357732772827,11.655542969703674,0.4484944343566894,0.1975173950195312,2.118249893188477,1.60003662109375,51.87488377094269,18.178932309150696,112.98155879974364,50.15300142765045,8.646648049354553,5.570191025733948,22.55365777015686,12.878013849258425,17.156468152999878,14.392037987709044,14.811648845672607,12.531685471534727,320.4619892835617,145.66240322589874,832.4563409090042,49,0,3,0,3,14,10,0,0,1,1,4,7,1,177.8,180.34,155.0,35.0,33.0,0,0,0,0,0,0,1,0,0,0,0,0,0,0,0,1,0,0,0,0,1,0,0,0
Blue,False,0.0123147964477539,0.3516240119934082,0.4724102592468261,0.591060700416565,0.0634768009185791,0.4586524033546448,0.0002598762512207,0.1254885196685791,0.0,0.1250002384185791,42.6134843826294,21.83941102027893,63.26065707206726,36.50840759277344,54.95531916618347,31.367338180541992,121.31806874275208,83.07949113845825,1.2530522346496582,0.1259768009185791,1.9167768955230715,1.2070317268371582,31.46924591064453,13.484049558639526,55.83909177780152,31.54876971244812,7.131693363189697,5.281458377838135,6.138797044754028,3.681031465530396,4.012545108795166,3.073903083801269,1.2827682495117188,1.278606414794922,30.819608449935917,13.297112226486206,18.89073657989502,6.170503377914429,10.23836636543274,7.493173122406006,5.6800925731658936,4.304328203201294,1.5555095672607422,1.0491256713867188,38.68982791900635,26.033576011657715,144.57720255851746,317.7263090610504,614.5082788467407,44,5,1,0,7,14,9,0,0,1,2,9,2,0,190.5,195.58,240.0,1.0,0.0,0.6,0.46,0.0,0.0,0.0,0.0,0.0,0.0,35.0,21.0,41.0,19.0,42.0,28.0,50.0,25.0,0.0,0.0,0.0,0.0,23.0,11.0,24.0,7.0,11.0,9.0,5.0,2.0,1.0,1.0,12.0,10.0,24.0,12.0,26.0,8.0,8.0,7.0,15.0,11.0,3.0,2.0,0.0,0.0,1.0,81.0,171.0,1,0,1,0,1,1,0,0,0,0,0,1,0,0,190.5,187.96,264.0,38.0,26.0,0,0,0,0,1,0,0,0,0,0,0,0,0,0,0,1,0,0,0,0,1,0,0,0
Blue,False,0.015625,0.0,0.45,0.4275,0.25,0.2,0.148468017578125,0.098388671875,0.0,0.0,66.5,29.6875,64.31230545043945,27.34375,89.75,48.0,85.53125,44.41152191162109,2.0,0.75,2.0546875,0.75,51.1875,18.3359375,49.6123046875,16.280410766601562,7.5,5.07647705078125,7.5,5.0,4.5,3.625,4.984375,3.9375,48.6875,17.0,47.11572265625,16.5,5.75,3.75,5.3125,3.4375,5.0625,3.5,3.875,2.5,99.2119140625,94.125,638.5,0,0,0,0,0,0,0,0,0,0,0,0,0,0,185.42,187.96,185.0,0.0,0.0,0.5599999999999999,0.225,0.35,0.29,0.0,0.0,0.0,0.0,41.5,19.0,31.5,14.0,63.5,38.0,46.0,27.0,3.5,1.0,6.0,3.5,28.0,9.5,23.0,7.0,5.0,4.0,5.0,4.0,8.5,5.5,3.5,3.0,26.0,8.0,21.0,8.5,10.5,7.5,9.0,5.0,5.0,3.5,1.5,0.5,156.5,79.5,497.0,4,0,0,2,0,0,2,0,0,0,0,0,0,0,182.88,187.96,185.0,27.0,26.0,0,0,0,0,0,0,0,1,0,0,0,0,0,0,0,0,0,1,0,0,1,0,0,0
Blue,False,0.0,0.0,0.4875,0.41,0.625,0.1375,1.5,0.0,0.25,0.25,107.25,52.75,79.75,33.75,144.75,84.5,103.5,55.5,1.25,0.75,4.0,1.0,76.0,32.5,58.75,20.25,18.0,11.25,10.0,5.75,13.25,9.0,11.0,7.75,80.75,34.25,64.25,23.5,13.75,9.0,12.25,8.25,12.75,9.5,3.25,2.0,336.5,144.75,859.5,9,0,0,2,1,1,2,0,0,0,0,0,1,0,165.1,162.56,115.0,0.3125,0.0,0.47375,0.321875,0.5,0.56,0.0,0.125,0.0625,0.0,119.1875,55.625,149.3125,51.9375,136.5625,72.125,174.5625,74.875,0.5625,0.5,5.375,2.375,86.1875,31.5,113.5,30.3125,18.8125,11.1875,29.875,16.1875,14.1875,12.9375,5.9375,5.4375,92.3125,38.375,116.1875,35.125,22.5,14.3125,32.875,16.75,4.375,2.9375,0.25,0.0625,107.75,187.625,808.375,13,0,1,0,1,2,3,0,0,0,2,0,0,0,160.02,162.56,115.0,31.0,32.0,0,0,0,0,0,0,0,0,0,0,0,0,0,1,0,1,0,0,0,0,1,0,0,0
Red,False,0.0,0.0,0.2,0.55,0.0,0.66,0.0,0.0,0.0,0.0,78.0,16.0,121.0,67.0,79.0,16.0,182.0,115.0,0.0,0.0,6.0,4.0,55.0,6.0,102.0,54.0,16.0,4.0,7.0,5.0,7.0,6.0,12.0,8.0,76.0,15.0,65.0,27.0,2.0,1.0,5.0,4.0,0.0,0.0,51.0,36.0,0.0,279.0,564.0,2,0,0,1,0,0,1,0,0,0,0,0,0,0,177.8,185.42,155.0,0.5,0.5,0.581875,0.486875,0.15,0.7875,0.3125,2.125,0.25,0.0,36.125,20.8125,24.6875,12.125,60.0,43.375,46.6875,31.9375,1.8125,0.3125,3.75,2.25,29.5,14.9375,21.0625,10.1875,4.1875,3.5625,1.375,0.625,2.4375,2.3125,2.25,1.3125,21.3125,8.8125,15.625,6.5,7.3125,5.875,2.0,1.25,7.5,6.125,7.0625,4.375,115.25,251.4375,510.625,10,0,2,0,2,3,2,0,0,0,1,1,1,0,182.88,180.34,170.0,32.0,21.0,0,0,0,0,0,0,1,0,0,0,0,0,0,0,0,1,0,0,0,0,1,0,0,0
Blue,False,0.1875,0.5,0.3253125,0.45109375,0.15359375,0.2034375,0.140625,0.0,0.0,0.0,143.71875,49.125,145.390625,68.125,152.734375,56.390625,164.015625,84.5625,1.140625,0.40625,5.9375,1.421875,132.125,39.46875,103.4375,37.53125,6.0,4.734375,28.296875,19.1875,5.59375,4.921875,13.65625,11.40625,131.0625,41.25,110.1875,43.921875,5.609375,3.53125,6.265625,3.671875,7.046875,4.34375,28.9375,20.53125,51.5625,275.75,885.828125,19,0,2,0,3,5,2,0,0,2,1,1,1,0,185.42,193.04,185.0,0.0,0.12646484375,0.3509228515625,0.3777734375,0.2658642578125,0.0184619140624999,0.314453125,0.09375,0.0,0.0,128.8154296875,43.7451171875,109.42626953125,40.26318359375,158.921875,71.046875,128.83251953125,55.40771484375,6.95751953125,1.78662109375,0.49951171875,0.12646484375,92.74609375,22.6591796875,82.3232421875,23.171875,19.2509765625,7.40185546875,24.11083984375,15.18408203125,16.818359375,13.68408203125,2.9921875,1.9072265625,112.052734375,34.607421875,95.7421875,33.865234375,9.9091796875,5.140625,12.90087890625,5.92822265625,6.853515625,3.9970703125,0.783203125,0.4697265625,256.91357421875,26.3310546875,819.0830078125,33,1,3,0,3,7,5,0,0,1,4,0,2,0,180.34,190.5,170.0,26.0,32.0,0,0,0,0,0,0,0,0,0,1,0,0,0,0,0,1,0,0,0,0,1,0,0,0
Red,False,0.5,0.0,0.505,0.3349999999999999,0.0,0.165,0.0,0.0,0.0,0.0,66.5,34.0,88.0,28.0,72.0,39.5,93.5,32.5,1.5,0.0,3.0,1.0,49.5,19.5,78.0,22.5,10.0,8.5,9.0,5.5,7.0,6.0,1.0,0.0,63.0,31.0,77.0,22.0,3.5,3.0,6.0,3.0,0.0,0.0,5.0,3.0,0.5,67.5,545.0,4,0,1,0,1,1,1,0,0,0,0,1,0,0,185.42,187.96,205.0,0.375,0.0,0.486875,0.604375,0.09125,0.45625,0.5625,0.0,0.0,0.25,70.0,32.625,75.25,45.1875,84.0,44.75,135.5,98.75,2.5625,0.375,5.1875,2.5625,49.8125,17.6875,56.5,29.625,13.625,9.5,12.125,10.4375,6.5625,5.4375,6.625,5.125,46.5625,17.625,40.25,15.75,20.4375,13.25,12.25,9.1875,3.0,1.75,22.75,20.25,130.75,279.5625,667.6875,11,0,0,1,1,2,3,0,0,1,0,1,0,0,190.5,198.12,230.0,32.0,29.0,0,0,0,0,0,1,0,0,0,0,0,0,0,0,0,1,0,0,0,0,1,0,0,0
Blue,True,0.5,0.0,0.5409375000000001,0.52125,0.7365625,0.5221875,0.78125,0.03125,0.5,0.0,101.28125,51.59375,98.75,41.9375,113.53125,60.34375,127.125,66.28125,3.25,1.8125,0.96875,0.65625,85.78125,40.9375,67.40625,17.5,10.34375,6.90625,15.5625,11.375,5.15625,3.75,15.78125,13.0625,67.15625,24.84375,76.875,26.0,10.375,7.25,17.5,12.9375,23.75,19.5,4.375,3.0,248.53125,76.53125,681.71875,17,1,0,1,3,4,2,0,0,0,1,0,3,0,165.1,165.1,115.0,0.0078125,0.125,0.560703125,0.333828125,0.3125,0.1546875,0.0,0.0078125,0.0,0.0,345.1171875,196.421875,207.0546875,69.5078125,354.96875,205.40625,223.5234375,84.6015625,0.5,0.375,8.03125,1.640625,211.53125,89.96875,166.0390625,46.78125,62.015625,44.1015625,26.96875,12.453125,71.5703125,62.3515625,14.046875,10.2734375,297.109375,162.859375,176.28125,50.40625,47.34375,33.0234375,28.7578125,17.359375,0.6640625,0.5390625,2.015625,1.7421875,87.65625,245.484375,1455.953125,31,6,8,0,8,8,0,0,0,1,5,2,0,0,167.64,165.1,115.0,25.0,30.0,0,0,0,0,0,0,0,0,0,0,0,0,0,1,0,1,0,0,0,0,1,0,0,0
Red,False,0.0,0.75,0.370625,0.435859375,0.3622265625,0.078125,0.0,0.01953125,0.0,0.0,75.265625,34.13671875,34.79296875,14.9765625,94.796875,51.51953125,39.91796875,19.7265625,4.62109375,2.09765625,0.08203125,0.078125,67.12890625,27.52734375,27.92578125,9.79296875,4.54296875,3.09765625,2.84375,1.703125,3.59375,3.51171875,4.0234375,3.48046875,44.88671875,13.80859375,28.81640625,10.96875,4.9375,3.19140625,2.7109375,2.1171875,25.44140625,17.13671875,3.265625,1.890625,182.44921875,3.421875,427.89453125,22,1,2,0,3,6,3,0,0,0,4,2,0,0,190.5,200.66,205.0,0.005859375,0.0625,0.225479736328125,0.2285546875,0.17552734375,0.02474609375,0.750732421875,0.5712890625,0.0078125,0.0,43.5723876953125,18.4998779296875,42.9937744140625,20.44580078125,49.1529541015625,23.8226318359375,47.0224609375,24.2630615234375,1.25048828125,0.393798828125,1.0882568359375,0.1455078125,35.87646484375,13.6224365234375,24.7275390625,9.5047607421875,6.0328369140625,3.7171630859375,8.539794921875,4.7362060546875,1.6630859375,1.1602783203125,9.7264404296875,6.204833984375,37.3079833984375,14.1947021484375,38.3199462890625,17.0068359375,2.7347412109375,1.747314453125,3.5576171875,2.52392578125,3.5296630859375,2.557861328125,1.1162109375,0.9150390625,103.305419921875,24.67041015625,373.988525390625,33,1,4,0,4,9,5,0,1,0,1,4,3,0,190.5,203.2,205.0,28.0,34.0,0,0,0,0,0,1,0,0,0,0,0,0,0,0,0,1,0,0,0,0,0,0,1,0
Blue,False,0.0,0.0,0.5,0.32,0.0,0.75,0.0,0.5,0.0,0.0,89.0,48.5,73.5,27.0,94.5,53.5,88.5,41.0,0.5,0.0,1.5,1.0,58.5,26.0,62.0,18.0,20.5,14.5,8.0,6.5,10.0,8.0,3.5,2.5,76.5,39.5,66.5,22.5,12.5,9.0,6.5,4.0,0.0,0.0,0.5,0.5,41.5,69.5,518.0,4,0,0,1,1,1,1,0,0,0,1,0,0,0,193.04,195.58,240.0,0.421875,0.0078125,0.226640625,0.124140625,0.0,0.51453125,0.0625,0.5,0.0,0.0,29.03125,12.7734375,23.5546875,7.46875,30.2265625,13.90625,24.75,8.390625,0.1328125,0.0,1.09375,0.5859375,23.7265625,9.546875,17.125,3.359375,3.984375,2.03125,3.6015625,1.921875,1.3203125,1.1953125,2.828125,2.1875,21.171875,7.7578125,21.7265625,6.6796875,1.734375,0.828125,1.2890625,0.5625,6.125,4.1875,0.5390625,0.2265625,8.09375,22.7421875,196.8671875,14,0,0,3,2,3,5,0,0,0,0,3,0,0,195.58,195.58,250.0,33.0,34.0,0,0,0,0,1,0,0,0,0,0,0,0,0,0,0,1,0,0,0,0,0,0,1,0
Blue,False,0.5,0.0,0.605,0.475,0.0,0.2,0.0,0.0,0.0,0.0,56.0,32.5,38.0,19.5,60.5,36.5,41.5,23.0,0.5,0.0,3.0,1.0,42.5,21.0,22.0,7.0,12.5,10.5,13.5,10.0,1.0,1.0,2.5,2.5,30.5,15.5,28.5,12.0,12.0,7.5,9.5,7.5,13.5,9.5,0.0,0.0,10.0,41.0,221.5,3,0,2,0,2,2,0,0,0,0,0,2,0,0,185.42,182.88,185.0,0.0006580352783203,0.03125,0.3212483787536621,0.5165614128112793,0.1377193069458007,0.1811241149902343,0.0078353881835937,0.2519683837890625,0.0,0.0,76.18193817138672,26.855472564697266,92.35991859436037,46.60144805908203,88.8189697265625,38.27996635437012,101.8464469909668,55.80997848510742,1.602680206298828,1.0163097381591797,2.450103759765625,0.6312122344970703,61.97909355163574,15.05219841003418,65.68915367126465,25.949064254760746,4.309431076049805,3.349254608154297,18.90958404541016,13.919544219970703,9.893413543701172,8.454019546508789,7.761180877685547,6.732839584350586,67.60686111450195,21.115447998046875,79.30987167358398,36.22665023803711,6.755826950073242,4.476469039916992,9.477094650268556,7.317714691162109,1.8192501068115237,1.2635555267333984,3.5729522705078125,3.0570831298828125,101.35236358642578,33.676063537597656,609.1159839630127,54,3,4,0,6,13,7,0,1,2,5,5,0,0,175.26,175.26,185.0,26.0,34.0,0,0,0,0,0,0,0,1,0,0,0,0,0,0,0,1,0,0,0,0,0,0,1,0
Blue,True,0.0654296875,0.000244140625,0.46593505859375,0.3842138671874999,0.5074169921875,0.295,0.544677734375,0.004150390625,0.0,0.0,193.905029296875,80.464111328125,140.855224609375,52.58740234375,268.974853515625,142.21533203125,151.777587890625,61.445068359375,5.769775390625,2.966552734375,3.3837890625,1.0,159.04541015625,53.7431640625,105.2705078125,31.84130859375,17.877685546875,12.6044921875,27.325439453125,15.082275390625,16.98193359375,14.116455078125,8.25927734375,5.663818359375,157.267578125,53.408447265625,130.43115234375,47.8076171875,5.443359375,3.1796875,7.16796875,2.2744140625,31.194091796875,23.8759765625,3.256103515625,2.50537109375,259.1982421875,14.262451171875,995.54296875,39,5,0,1,4,10,3,0,0,0,4,5,1,0,167.64,170.18,125.0,1.53125,0.0,0.37375,0.3478124999999999,0.1509375,0.0,0.0,0.0,0.0,0.0,121.9375,43.84375,160.6875,49.375,123.96875,45.875,164.9375,53.625,2.28125,0.625,3.5,0.0,104.34375,31.84375,136.78125,32.625,9.15625,5.84375,8.46875,5.1875,8.4375,6.15625,15.4375,11.5625,115.40625,40.75,160.28125,49.21875,2.4375,1.34375,0.34375,0.15625,4.09375,1.75,0.0625,0.0,24.375,1.03125,855.6875,14,1,6,0,6,6,0,0,0,0,2,4,0,0,172.72,165.1,135.0,31.0,26.0,1,0,0,0,0,0,0,0,0,0,0,0,0,0,0,1,0,0,0,0,1,0,0,0
Red,False,0.3125,0.0,0.3462499999999999,0.3924999999999999,0.0,0.15125,0.4375,0.0,0.5,0.0,99.0625,32.3125,52.0,24.0625,107.5625,40.3125,58.5,29.4375,0.0,0.0,7.0,1.5,88.5625,24.875,42.3125,17.625,8.25,5.6875,5.75,4.4375,2.25,1.75,3.9375,2.0,91.125,26.375,40.6875,16.0,2.3125,1.625,5.8125,4.1875,5.625,4.3125,5.5,3.875,134.8125,101.6875,587.0,9,0,2,0,2,4,1,0,0,0,1,1,2,0,177.8,185.42,155.0,0.5078125,0.28125,0.37265625,0.386953125,0.125,0.09765625,0.7890625,0.0,0.0234375,0.0,61.9765625,24.7890625,49.1484375,20.1640625,66.3515625,29.1640625,52.203125,23.015625,0.5390625,0.25,2.296875,0.5703125,50.5078125,17.0546875,34.71875,9.921875,9.2734375,5.7890625,7.421875,4.9921875,2.1953125,1.9453125,7.0078125,5.25,55.609375,19.65625,41.1328125,14.2109375,2.1015625,1.8828125,4.484375,3.484375,4.265625,3.25,3.53125,2.46875,43.828125,68.6875,360.703125,16,0,5,0,5,7,1,0,0,0,3,1,3,0,190.5,193.04,155.0,29.0,30.0,0,0,0,0,0,0,1,0,0,0,0,0,0,0,0,1,0,0,0,0,1,0,0,0
Red,False,0.572265625,0.0013427734375,0.5864794921875001,0.507847900390625,0.083416748046875,0.250419921875,0.080322265625,0.001220703125,0.001953125,0.5001220703125,88.423828125,49.920166015625,55.042236328125,26.7767333984375,102.0274658203125,62.4281005859375,83.9632568359375,50.1488037109375,0.216796875,0.11669921875,6.831298828125,2.214599609375,66.2244873046875,33.0147705078125,42.3720703125,16.9674072265625,14.8306884765625,10.9276123046875,5.2484130859375,3.747314453125,7.36865234375,5.977783203125,7.4217529296875,6.06201171875,59.8251953125,29.517822265625,40.0166015625,15.4234619140625,9.7667236328125,8.2294921875,5.482666015625,3.8177490234375,18.8319091796875,12.1728515625,9.54296875,7.5355224609375,44.833251953125,280.34375,687.4788818359375,38,0,2,0,3,9,5,0,0,0,5,3,1,0,180.34,187.96,170.0,0.1572265625,0.78125,0.3630761718749999,0.42244140625,0.0151953125,0.50037109375,0.0,0.5009765625,0.0009765625,0.0009765625,152.8935546875,54.7255859375,121.1259765625,51.6640625,166.890625,67.728515625,144.833984375,73.4794921875,0.359375,0.04296875,1.7958984375,0.7548828125,120.646484375,33.080078125,92.0546875,31.40625,24.3154296875,14.8505859375,22.625,14.7431640625,7.931640625,6.794921875,6.4462890625,5.5146484375,146.263671875,51.4482421875,89.7138671875,27.8095703125,3.33984375,1.9287109375,12.8876953125,7.7138671875,3.2900390625,1.3486328125,18.5244140625,16.140625,65.6767578125,136.1142578125,1354.2939453125,30,2,1,0,7,8,3,0,0,0,3,5,0,0,182.88,190.5,170.0,32.0,34.0,0,0,0,0,0,0,0,0,0,1,0,0,0,0,0,1,0,0,0,0,1,0,0,0
Blue,True,0.0137958526611328,0.125244140625,0.501161870956421,0.3415966892242431,0.5812144756317139,0.2579051971435547,0.606231689453125,0.2500381469726562,0.0175838470458984,0.1250057220458984,195.4107313156128,96.44368934631348,180.8846969604492,63.06755638122559,255.38915920257568,152.1945219039917,244.9408416748047,123.36468887329102,8.786566734313965,5.160419464111328,2.518374443054199,1.0315322875976562,131.76951789855957,53.9170446395874,144.5259828567505,39.86180877685547,38.18274784088135,22.21329116821289,16.45046615600586,9.13568878173828,25.458465576171875,20.313353538513184,19.90824794769287,14.070058822631836,159.19722652435303,69.8524341583252,151.3657112121582,40.31422233581543,13.63136386871338,11.173442840576172,24.86011409759521,18.98293209075928,22.582140922546387,15.41781234741211,4.658871650695801,3.770401954650879,447.1171741485596,186.11669635772705,1497.0695571899414,68,14,2,0,12,19,2,0,0,2,10,5,2,0,180.34,193.04,185.0,0.6328738033771515,1.172864943742752,0.3686470514535904,0.4102594819664955,0.0002585971355438,0.1503576985001564,3.874301910400391e-06,0.0156329572200775,4.4703483581542975e-08,0.0004882961511611,247.4232292175293,89.16089463233948,154.72328251600266,61.4582095593214,254.9252174347639,95.53065471351148,158.6781723946333,64.71396997570992,0.1650336980819702,0.0024321973323822,2.5519877672195435,0.6456550806760788,212.14521186053756,63.06329381465912,124.94823870062828,34.97035202383995,12.980141639709473,7.92040890455246,9.750012308359146,7.89595253765583,22.29787571728229,18.1771919131279,20.02503150701523,18.591904997825623,238.98084005713463,84.71242955327034,138.631431594491,54.709148809313774,3.910296380519867,1.6469454318284988,4.980492442846298,2.2049182802438736,4.532092779874802,2.8015196472406387,11.111358478665352,4.544142469763756,10.102235794067385,61.34435686469078,1135.204368621111,75,3,4,0,5,20,7,0,0,2,8,10,0,0,185.42,190.5,185.0,36.0,38.0,0,0,0,0,0,0,0,1,0,0,0,0,0,0,0,1,0,0,0,0,1,0,0,0
Blue,False,0.0,0.0,0.5287499999999999,0.5475,0.345,0.125,0.0,0.0,0.0,0.0,109.625,51.75,82.625,32.875,147.75,82.5,96.125,45.5,10.5,2.875,0.875,0.375,86.375,30.125,67.875,20.875,14.0,12.75,10.5,8.75,9.25,8.875,4.25,3.25,75.125,23.625,71.375,24.0,15.25,11.375,10.75,8.625,19.25,16.75,0.5,0.25,285.375,14.125,667.5,9,0,0,1,1,2,2,0,0,0,1,1,0,0,193.04,203.2,265.0,0.5625,0.5,0.52625,0.485625,0.461875,0.875,1.5625,0.0,0.125,0.25,52.4375,30.6875,47.75,24.0625,105.8125,79.4375,61.6875,37.25,3.125,2.0625,0.9375,0.875,41.9375,20.3125,35.25,14.1875,9.4375,9.4375,11.375,8.75,1.0625,0.9375,1.125,1.125,33.375,14.25,35.5625,14.9375,9.9375,8.6875,7.8125,6.375,9.125,7.75,4.375,2.75,188.25,102.5,439.9375,8,0,2,0,2,4,1,0,0,0,0,1,3,0,187.96,203.2,240.0,26.0,40.0,0,0,0,0,1,0,0,0,0,0,0,0,0,0,0,1,0,0,0,0,1,0,0,0
Red,False,0.75,0.5,0.53,0.405,0.75,0.0,2.25,0.0,0.0,0.0,18.0,10.0,13.25,7.25,31.0,21.75,19.5,13.25,1.25,1.25,0.5,0.0,16.5,9.5,9.5,3.75,0.5,0.0,2.25,2.0,1.0,0.5,1.5,1.5,5.25,2.75,9.75,4.25,0.5,0.5,1.5,1.5,12.25,6.75,2.0,1.5,138.75,31.5,244.75,4,0,3,0,3,3,0,0,0,0,0,0,3,0,187.96,187.96,170.0,0.25,0.0,0.4125,0.431875,0.306875,0.25625,0.25,0.3125,0.5,0.0,104.6875,41.625,97.3125,44.4375,115.8125,52.5625,146.9375,83.0,0.9375,0.4375,5.1875,1.4375,82.75,28.875,63.25,15.25,9.5625,6.1875,4.875,3.125,12.375,6.5625,29.1875,26.0625,90.125,30.75,81.125,35.75,6.25,5.5625,3.125,1.875,8.3125,5.3125,13.0625,6.8125,106.6875,254.5625,707.9375,13,0,1,0,2,3,2,0,0,0,1,1,1,0,190.5,198.12,170.0,25.0,27.0,0,0,0,0,0,0,0,0,0,1,0,0,0,0,0,0,0,0,1,0,1,0,0,0
Blue,False,1.0,0.0,0.51,0.38,0.0,0.25,1.0,0.0,0.0,0.0,88.0,45.0,73.0,28.0,99.0,55.0,103.0,51.0,1.0,0.0,8.0,2.0,64.0,27.0,52.0,10.0,20.0,14.0,4.0,4.0,4.0,4.0,17.0,14.0,49.0,19.0,66.0,26.0,17.0,14.0,2.0,1.0,22.0,12.0,5.0,1.0,102.0,211.0,900.0,3,0,1,0,1,1,0,0,0,0,1,0,0,0,175.26,182.88,145.0,1.0,0.0,0.39,0.33,0.0,0.15,0.0,0.0,0.0,0.0,112.0,44.0,190.0,64.0,113.0,45.0,199.0,73.0,0.0,0.0,13.0,2.0,103.0,39.0,138.0,27.0,7.0,3.0,22.0,12.0,2.0,2.0,30.0,25.0,106.0,41.0,183.0,59.0,1.0,0.0,5.0,3.0,5.0,3.0,2.0,2.0,12.0,143.0,900.0,3,0,1,0,1,1,0,0,0,0,1,0,0,0,172.72,172.72,135.0,22.0,29.0,1,0,0,0,0,0,0,0,0,0,0,0,0,0,0,1,0,0,0,0,1,0,0,0
Red,False,0.0,0.0,0.6525,0.14625,0.77,0.125,0.0,1.125,0.0,0.0,59.875,37.5,20.0,6.125,74.125,51.125,22.25,8.125,1.5,0.875,0.5,0.125,46.625,28.5,12.25,1.375,4.375,3.0,5.875,3.5,8.875,6.0,1.875,1.25,23.75,11.125,17.125,4.375,5.125,3.75,2.75,1.625,31.0,22.625,0.125,0.125,125.25,23.25,311.375,7,0,1,0,2,3,1,0,0,0,1,2,0,0,185.42,195.58,185.0,0.3251953125,0.3125,0.441787109375,0.42564453125,0.1328125,0.313046875,0.0,0.1279296875,0.0,0.0,79.8388671875,38.8193359375,31.34375,11.6826171875,84.9921875,43.44140625,34.40625,14.4951171875,0.5361328125,0.265625,4.580078125,1.767578125,66.4814453125,28.447265625,27.0126953125,9.7529296875,7.3701171875,5.1220703125,3.419921875,1.4765625,5.9873046875,5.25,0.9111328125,0.453125,39.306640625,14.6806640625,23.59765625,6.0068359375,2.908203125,2.283203125,4.80078125,2.798828125,37.6240234375,21.85546875,2.9453125,2.876953125,101.46484375,60.7197265625,384.94140625,17,0,0,1,4,7,4,0,0,0,1,6,0,0,187.96,193.04,205.0,29.0,33.0,0,0,0,0,0,0,0,1,0,0,0,0,0,0,0,1,0,0,0,0,1,0,0,0
Red,False,4.172325134277344e-06,0.0009765625,0.4385516504943371,0.5230360925197601,0.2994287933409214,0.5591981567442417,0.8896027356386185,0.0727697163820266,0.0098881870508193,0.2501221597194671,113.06061412394048,51.67015078663826,139.97067925333977,73.25137098133564,122.49395628273489,59.7811262011528,166.36041250824928,97.7767435014248,4.378080368041992,1.2905187755823135,2.1904745995998383,1.4889545887708664,76.88250707089901,22.10196241736412,110.32879945635796,50.28044831752777,19.725746631622314,14.902227833867071,22.43382851779461,18.058557152748108,16.452360421419144,14.665960535407066,7.208051279187202,4.912365511059761,91.71177150309086,38.04456843435764,117.81480334699154,58.31004726886749,13.587557047605516,9.958606570959091,10.985887870192528,8.135009184479713,7.761285573244095,3.6669757813215256,11.1699880361557,6.806314527988434,129.0573334544897,202.40827660262585,871.9635469168425,65,0,2,0,7,17,10,0,0,2,6,3,6,0,172.72,180.34,155.0,0.03179931640625,0.125,0.4649389648437499,0.353082275390625,0.1740966796875,0.1307757568359375,0.50244140625,0.5045166015625,0.00390625,0.1251220703125,80.58746337890625,40.4168701171875,71.06011962890625,24.99615478515625,92.52587890625,49.41290283203125,80.87750244140625,33.8260498046875,1.9754638671875,0.587890625,4.48681640625,0.70855712890625,66.1029052734375,28.6778564453125,53.6302490234375,12.77264404296875,11.92767333984375,9.279052734375,13.3621826171875,8.48626708984375,2.556884765625,2.4599609375,4.06768798828125,3.73724365234375,62.44610595703125,26.60272216796875,62.2598876953125,20.193603515625,11.3870849609375,8.24847412109375,5.0255126953125,3.28875732421875,6.7542724609375,5.565673828125,3.77471923828125,1.5137939453125,125.85247802734376,109.6639404296875,633.7654418945312,36,0,1,0,7,11,4,0,0,1,5,2,2,1,175.26,177.8,155.0,34.0,39.0,0,0,0,0,0,0,1,0,0,0,0,0,0,0,0,0,0,1,0,0,0,0,1,0
Red,False,0.75,0.25,0.3175,0.4175,0.0,0.375,0.0,0.0,0.0,0.0,142.75,49.5,133.0,57.25,152.0,56.75,166.5,87.0,0.0,0.0,1.25,1.0,118.75,37.25,105.5,38.75,17.5,7.25,21.25,13.0,6.5,5.0,6.25,5.5,136.0,45.75,115.5,44.75,2.5,1.25,9.25,7.75,4.25,2.5,8.25,4.75,4.25,144.5,690.25,7,0,1,0,1,2,1,0,0,0,1,1,0,0,182.88,185.42,185.0,0.0,0.0,0.47296875,0.5100781249999999,0.669453125,0.50390625,1.15625,0.5,0.125,0.0,43.7421875,19.9609375,39.9921875,19.6484375,77.5859375,46.0859375,74.3125,52.0546875,6.25,2.609375,1.3984375,0.78125,33.546875,12.453125,35.8828125,16.390625,5.9453125,3.578125,2.578125,1.8828125,4.25,3.9296875,1.53125,1.375,27.640625,8.7890625,19.8515625,4.5625,3.4140625,1.8984375,1.328125,0.9453125,12.6875,9.2734375,18.8125,14.140625,333.921875,76.71875,671.859375,21,1,1,0,3,5,3,0,0,0,2,0,3,0,187.96,200.66,185.0,27.0,27.0,0,0,0,0,0,0,0,1,0,0,0,0,0,0,0,1,0,0,0,0,1,0,0,0
Red,False,0.75,0.25,0.4,0.5025,0.0625,0.0,0.5,0.5,0.0,0.0,42.75,12.25,40.75,15.75,46.5,15.25,41.5,16.5,1.25,0.25,0.0,0.0,32.25,6.75,33.75,10.25,5.0,2.25,4.25,3.0,5.5,3.25,2.75,2.5,36.25,8.75,36.75,14.25,2.5,1.0,1.75,0.75,4.0,2.5,2.25,0.75,45.25,2.25,269.5,4,0,1,0,1,2,1,0,0,0,0,1,1,0,182.88,193.04,170.0,0.375,0.0,0.4959375,0.4303125,0.19,0.146875,0.125,0.0,0.0,0.03125,35.96875,18.4375,59.53125,29.9375,48.71875,30.75,76.9375,42.8125,3.8125,1.25,6.46875,1.71875,25.84375,10.59375,47.4375,21.46875,6.28125,4.65625,9.1875,6.40625,3.84375,3.1875,2.90625,2.0625,31.0,14.4375,50.625,24.78125,1.8125,1.59375,6.59375,4.40625,3.15625,2.40625,2.3125,0.75,190.28125,174.78125,542.78125,11,0,0,1,4,4,2,0,0,0,0,2,2,0,180.34,190.5,170.0,28.0,25.0,0,0,0,0,0,0,0,0,0,1,0,0,0,0,0,1,0,0,0,0,1,0,0,0
Red,False,0.1432018280029297,0.0010986328125,0.488119306564331,0.4669692611694336,0.0197537994384765,0.5273364067077637,0.0002660751342773,0.5009994506835938,4.76837158203125e-06,0.03125,53.95650291442871,25.218728065490723,61.7763090133667,32.23044681549072,56.06137275695801,27.26093292236328,70.55159854888916,39.94244956970215,0.0684833526611328,0.0356903076171875,2.2502479553222656,1.0832643508911133,30.2105712890625,9.161426544189451,35.74247169494629,15.098332405090332,12.802806854248049,6.926794052124023,12.03409194946289,6.154808044433594,10.943124771118164,9.130507469177246,13.99974536895752,10.977306365966797,50.591179847717285,23.40576457977295,51.04823112487793,24.519607543945312,1.5629339218139648,0.6984176635742188,1.817178726196289,1.3829545974731443,1.802389144897461,1.114545822143555,8.91089916229248,6.327884674072266,29.17203521728516,71.69576930999756,625.5081176757812,55,5,8,0,8,14,7,0,0,1,6,6,1,0,185.42,187.96,185.0,0.5712890625,0.125,0.490712890625,0.36234375,0.05275390625,0.0,0.005859375,0.0,0.0,0.0,42.3046875,21.513671875,29.9794921875,15.734375,65.53515625,39.8876953125,33.3720703125,19.1142578125,3.1474609375,0.525390625,0.0390625,0.0,34.728515625,15.7177734375,23.345703125,10.880859375,1.4794921875,1.466796875,5.216796875,3.6953125,6.0966796875,4.3291015625,1.4169921875,1.158203125,27.5888671875,11.75390625,23.1484375,10.748046875,10.28515625,6.49609375,4.4033203125,2.94140625,4.4306640625,3.263671875,2.427734375,2.044921875,76.9755859375,0.978515625,313.587890625,19,0,2,0,5,8,3,0,0,0,2,5,1,0,185.42,195.58,185.0,39.0,33.0,0,0,0,0,0,0,0,1,0,0,0,0,0,0,0,0,0,1,0,0,0,0,1,0
Red,False,0.375,0.0,0.540625,0.33875,0.5125,0.625,1.75,0.0,0.0,0.0,102.8125,50.5,84.375,29.0625,109.875,56.75,92.0,35.9375,2.9375,1.3125,1.3125,1.1875,84.6875,35.625,61.25,15.6875,13.0,10.0625,10.8125,6.0,5.125,4.8125,12.3125,7.375,89.375,37.875,78.0625,25.125,8.0,7.3125,2.9375,1.1875,5.4375,5.3125,3.375,2.75,101.5,27.0625,500.5,9,0,2,0,2,4,1,0,0,0,0,3,1,0,172.72,180.34,135.0,0.0,0.0,0.44,0.35890625,0.228125,0.430625,0.9375,0.0,0.0,0.0,112.109375,46.328125,124.390625,42.953125,115.859375,50.0625,124.8125,43.328125,6.734375,1.65625,3.515625,1.296875,76.484375,26.140625,101.828125,31.859375,18.015625,8.203125,18.34375,7.453125,17.609375,11.984375,4.21875,3.640625,100.703125,40.078125,121.578125,41.46875,9.8125,5.15625,2.28125,1.046875,1.59375,1.09375,0.53125,0.4375,79.046875,12.3125,643.890625,14,0,0,1,3,4,3,0,0,0,1,1,2,0,167.64,165.1,135.0,30.0,31.0,1,0,0,0,0,0,0,0,0,0,0,0,0,0,0,1,0,0,0,0,1,0,0,0
Blue,False,0.0625,0.0,0.503828125,0.3816406249999999,0.586640625,0.25,0.0703125,0.1875,0.0,0.140625,97.1015625,47.671875,61.59375,22.8125,156.4140625,97.8203125,105.9140625,64.3984375,13.765625,8.1796875,2.0,1.0,66.7109375,27.03125,55.0859375,17.21875,16.7109375,9.9609375,2.3046875,1.890625,13.6796875,10.6796875,4.203125,3.703125,69.9296875,30.3984375,55.4453125,18.0234375,20.0625,11.7578125,3.46875,2.421875,7.109375,5.515625,2.6796875,2.3671875,570.6875,35.546875,833.4375,20,0,3,0,4,7,1,0,0,0,3,2,2,0,180.34,182.88,170.0,0.00390625,0.500002384185791,0.5276890513300896,0.4055809938907623,0.2559902203083038,0.0333279716968536,0.3142516016960144,0.0005037784576416,0.2812501192092895,0.1298905313014984,58.60985869169235,23.13897532224655,96.05336907505988,39.534142941236496,85.9253006875515,45.68215662240982,102.45898720622064,45.36668664216995,14.713064968585968,1.4644170701503754,0.0512849390506744,0.0364227592945098,55.20215451717377,20.247031718492508,80.59839171171188,27.739363104105,1.6269570589065552,1.117205172777176,11.606266349554062,8.321198791265488,1.78074711561203,1.7747384309768677,3.848711013793945,3.473581045866013,47.25549572706223,13.903287410736084,86.10714468359947,32.46897828578949,3.140751451253891,2.6343995928764343,2.07952618598938,2.00618577003479,8.213611513376236,6.601288318634033,7.866698205471039,5.058978885412216,251.57321679592133,25.978611826896667,1097.9866190850737,70,2,5,0,7,19,7,0,0,1,8,1,9,0,185.42,182.88,170.0,29.0,39.0,0,0,0,0,0,0,0,0,0,1,0,0,0,0,0,1,0,0,0,0,0,0,1,0
Red,False,0.375,0.0,0.39375,0.486875,0.0825,0.3146875,1.375,0.0,0.0,0.09375,59.625,26.75,59.28125,28.40625,63.59375,29.75,76.65625,42.78125,0.78125,0.21875,3.28125,1.125,40.5,14.96875,42.21875,18.28125,11.28125,5.4375,5.625,4.15625,7.84375,6.34375,11.4375,5.96875,51.28125,21.0,46.28125,18.28125,3.53125,2.5,4.40625,3.15625,4.8125,3.25,8.59375,6.96875,41.5,158.53125,486.96875,15,0,0,1,3,4,2,0,0,0,1,1,2,0,172.72,177.8,135.0,0.29638671875,0.0,0.3915747070312499,0.531396484375,0.2861328125,0.4218457031249999,0.0859375,0.505126953125,0.015625,0.0,150.6787109375,53.255126953125,123.04248046875,67.084228515625,161.17724609375,61.603515625,188.868408203125,120.8046875,1.158203125,0.580078125,4.897705078125,2.54833984375,99.979736328125,26.966064453125,97.456298828125,45.1669921875,44.5751953125,21.798095703125,15.023193359375,12.45263671875,6.123779296875,4.490966796875,10.56298828125,9.464599609375,134.701171875,44.50244140625,90.131591796875,42.441162109375,9.477294921875,3.72265625,2.520263671875,1.39501953125,6.500244140625,5.030029296875,30.390625,23.248046875,21.38916015625,218.23974609375,931.396484375,32,0,0,1,6,10,3,0,0,1,3,5,1,0,160.02,170.18,135.0,24.0,27.0,1,0,0,0,0,0,0,0,0,0,0,0,0,0,0,0,0,0,1,0,1,0,0,0
Blue,False,0.0,0.0,0.55,0.2,0.66,0.0,0.0,0.0,0.0,0.0,121.0,67.0,78.0,16.0,182.0,115.0,79.0,16.0,6.0,4.0,0.0,0.0,102.0,54.0,55.0,6.0,7.0,5.0,16.0,4.0,12.0,8.0,7.0,6.0,65.0,27.0,76.0,15.0,5.0,4.0,2.0,1.0,51.0,36.0,0.0,0.0,279.0,0.0,564.0,2,0,1,0,1,1,0,0,0,0,0,1,0,0,175.26,172.72,145.0,0.0,1.015625,0.40859375,0.4375,0.26484375,0.30046875,0.640625,0.109375,0.0,0.53125,78.96875,32.140625,118.390625,52.171875,98.421875,49.65625,142.859375,75.890625,8.734375,2.84375,3.0,0.9375,64.296875,22.28125,90.359375,30.5625,7.578125,3.609375,12.90625,9.28125,7.09375,6.25,15.125,12.328125,71.671875,28.140625,82.609375,30.375,2.34375,1.265625,5.6875,3.3125,4.953125,2.734375,30.09375,18.484375,239.890625,185.765625,900.0,21,0,1,0,2,3,4,0,0,1,2,0,0,0,172.72,175.26,155.0,29.0,33.0,0,0,0,0,0,0,1,0,0,0,0,0,0,0,0,1,0,0,0,0,1,0,0,0
Red,False,0.0,0.0,0.33,0.35,0.62,0.5,1.0,1.0,0.0,0.0,80.0,27.0,87.0,31.0,87.0,32.0,123.0,65.0,8.0,5.0,2.0,1.0,66.0,15.0,79.0,26.0,9.0,7.0,8.0,5.0,5.0,5.0,0.0,0.0,72.0,20.0,73.0,19.0,3.0,2.0,2.0,1.0,5.0,5.0,12.0,11.0,218.0,37.0,900.0,3,0,1,0,1,1,0,0,0,1,0,0,0,0,160.02,157.48,125.0,1.0,0.0,0.65,0.4,0.66,0.0,4.0,0.0,0.0,0.0,26.0,17.0,40.0,16.0,31.0,21.0,43.0,19.0,3.0,2.0,0.0,0.0,17.0,10.0,33.0,11.0,8.0,6.0,2.0,0.0,1.0,1.0,5.0,5.0,12.0,8.0,24.0,9.0,1.0,1.0,0.0,0.0,13.0,8.0,16.0,7.0,288.0,114.0,600.0,2,0,1,0,1,1,0,0,0,0,0,1,0,0,165.1,172.72,125.0,24.0,29.0,0,0,0,1,0,0,0,0,0,0,0,0,0,0,0,0,0,0,1,0,1,0,0,0
Red,False,0.0,0.0,0.435,0.49,0.0,0.33,0.5,0.0,0.5,0.0,32.5,14.0,26.5,14.5,44.0,24.0,111.5,82.0,0.0,0.0,4.5,3.0,30.0,11.5,21.5,10.5,1.5,1.5,4.0,3.0,1.0,1.0,1.0,1.0,19.5,7.5,17.5,8.5,1.0,0.5,0.5,0.5,12.0,6.0,8.5,5.5,10.0,305.0,396.0,4,0,0,1,1,1,1,0,0,0,0,1,0,0,180.34,193.04,170.0,0.0,0.0,0.37,0.40625,0.32,0.835,0.625,0.125,0.25,0.0,174.125,66.125,127.5,53.125,178.625,70.625,154.125,73.875,4.375,0.75,4.125,2.875,144.875,44.875,110.125,39.0,18.5,11.875,13.0,10.5,10.75,9.375,4.375,3.625,151.0,49.625,106.5,37.125,20.875,15.125,17.625,13.625,2.25,1.375,3.375,2.375,80.875,175.375,885.375,12,0,0,1,3,3,1,0,0,1,1,1,0,0,180.34,185.42,170.0,31.0,30.0,0,0,0,0,0,0,0,0,0,1,0,0,0,0,0,1,0,0,0,0,1,0,0,0
Red,False,0.0,0.0,0.3399999999999999,0.56,0.0,0.6,0.0,1.0,0.0,0.0,86.5,39.5,75.0,41.5,122.5,74.0,106.5,64.5,0.5,0.0,5.5,3.5,69.0,25.0,65.5,34.5,13.0,10.0,8.5,6.0,4.5,4.5,1.0,1.0,56.5,19.5,45.0,20.5,28.5,19.0,11.5,7.5,1.5,1.0,18.5,13.5,57.0,386.0,816.0,6,0,0,2,0,0,2,0,0,0,0,0,0,0,195.58,195.58,265.0,0.0471682548522949,0.0,0.45,0.4217682266235352,0.25,0.19173828125,0.1875,0.125,0.0,0.0,69.5,30.5,66.984375,27.8466796875,94.0,48.544921875,88.50390625,44.75,2.0,0.8125,2.015625,0.6640625,54.0,19.01513671875,51.483436584472656,16.9437255859375,7.91796875,5.430633544921875,7.75,5.0625,4.780975341796875,3.9373779296875,4.8994140625,3.84375,51.025390625,18.400863647460938,50.515625,17.5,5.75,3.75,5.5,3.5,5.375,3.6875,4.0,2.65625,104.865234375,89.5,655.8441009521484,0,0,0,0,0,0,0,0,0,0,0,0,0,0,190.5,190.5,249.0,37.0,25.0,0,0,0,0,1,0,0,0,0,0,0,0,0,0,0,1,0,0,0,0,1,0,0,0
Red,False,0.25,0.25,0.6074999999999999,0.53,0.575,0.0,0.25,1.0,0.0,0.0,83.25,49.25,60.25,31.5,156.75,115.75,82.25,51.75,5.25,2.5,1.5,0.0,63.0,31.5,41.0,15.25,13.5,11.75,11.25,9.0,6.75,6.0,8.0,7.25,49.75,22.0,39.5,16.25,12.0,8.0,19.25,14.0,21.5,19.25,1.5,1.25,343.75,124.0,749.25,7,0,0,1,2,2,1,0,0,0,2,0,0,0,182.88,190.5,205.0,0.5,0.0,0.484375,0.5446875,0.4375,0.4125,0.0625,0.0,0.0,0.125,97.75,48.78125,106.875,60.03125,123.28125,70.5625,162.8125,109.21875,1.90625,1.0625,6.6875,2.75,82.0625,36.625,96.125,50.90625,14.375,10.875,8.15625,6.9375,1.3125,1.28125,2.59375,2.1875,70.375,29.59375,56.03125,19.4375,14.6875,10.40625,14.28125,11.09375,12.6875,8.78125,36.5625,29.5,101.53125,465.59375,875.5625,16,0,1,0,1,2,4,0,0,0,1,1,0,0,187.96,198.12,205.0,27.0,34.0,0,0,0,0,0,1,0,0,0,0,0,0,0,0,0,1,0,0,0,0,1,0,0,0
Blue,False,0.3125,0.125,0.3553906249999999,0.42640625,0.269453125,0.5432812499999999,0.015625,0.3125,0.28125,0.03125,142.1875,51.5859375,108.125,48.59375,152.25,60.9765625,119.015625,58.5703125,2.0390625,0.546875,5.15625,2.3046875,121.1015625,36.2109375,91.3125,34.8359375,10.0546875,6.4453125,8.1015625,5.6875,11.03125,8.9296875,8.7109375,8.0703125,125.8125,43.9375,94.6328125,41.328125,6.0234375,2.125,3.328125,0.8828125,10.3515625,5.5234375,10.1640625,6.3828125,48.3125,136.5625,770.71875,18,0,1,0,1,4,4,0,0,0,2,2,0,0,180.34,187.96,145.0,0.0,0.25,0.428125,0.553125,0.375,0.376875,0.0,0.0625,0.0,0.0,200.0625,90.1875,207.0625,128.0625,211.25,99.1875,248.375,164.0625,4.375,1.25,3.25,1.25,145.5,53.75,136.0,68.5625,24.0625,13.1875,38.5625,29.0,30.5,23.25,32.5,30.5,188.0625,84.4375,178.5,106.0,10.1875,4.1875,21.625,16.0,1.8125,1.5625,6.9375,6.0625,102.5,123.5625,1200.0,17,1,0,2,2,2,3,0,0,0,2,0,0,0,175.26,165.1,145.0,27.0,31.0,0,0,1,0,0,0,0,0,0,0,0,0,0,0,0,1,0,0,0,0,0,0,1,0
Red,False,0.015625,0.0,0.45,0.4275,0.25,0.2,0.148468017578125,0.098388671875,0.0,0.0,66.5,29.6875,64.31230545043945,27.34375,89.75,48.0,85.53125,44.41152191162109,2.0,0.75,2.0546875,0.75,51.1875,18.3359375,49.6123046875,16.280410766601562,7.5,5.07647705078125,7.5,5.0,4.5,3.625,4.984375,3.9375,48.6875,17.0,47.11572265625,16.5,5.75,3.75,5.3125,3.4375,5.0625,3.5,3.875,2.5,99.2119140625,94.125,638.5,0,0,0,0,0,0,0,0,0,0,0,0,0,0,154.94,162.56,115.0,0.0,0.0,0.27,0.3675,0.0,0.548125,0.0,0.5,0.0,0.0625,130.625,39.0625,137.875,62.0,147.9375,54.5,146.875,70.375,0.3125,0.0,3.5,1.0625,108.6875,25.4375,87.4375,29.4375,13.6875,8.5,25.5625,14.4375,8.25,5.125,24.875,18.125,110.9375,26.25,115.3125,46.5,17.4375,11.3125,22.0625,15.0,2.25,1.5,0.5,0.5,79.0625,132.1875,691.5,15,1,3,0,3,3,2,0,0,1,2,0,0,0,160.02,162.56,115.0,31.0,32.0,0,0,0,0,0,0,0,0,0,0,0,0,0,1,0,1,0,0,0,0,1,0,0,0
Blue,False,0.375,0.0,0.53375,0.30875,0.665,0.0625,0.0,0.25,0.0,0.0,76.875,41.5,126.125,37.25,78.25,42.625,152.0,61.625,1.875,1.0,3.625,0.25,67.0,33.125,99.75,22.125,4.25,3.25,7.25,3.25,5.625,5.125,19.125,11.875,58.625,26.75,107.5,23.375,2.875,2.125,12.875,9.25,15.375,12.625,5.75,4.625,143.125,55.125,837.125,11,0,1,0,2,3,1,0,0,0,2,1,0,0,182.88,187.96,185.0,0.407198429107666,0.6250209808349609,0.4878590565919876,0.5059949254989624,0.1422837609052658,0.0126808249950408,0.1116030812263488,0.1250001192092895,0.001007080078125,3.0517578125e-05,127.1574324965477,62.04397267103195,127.26776522397996,65.172616481781,137.7214885354042,71.52348572015762,132.46804022789,70.08822011947632,5.836741745471954,0.6436931490898132,1.1379136443138125,0.0637512803077697,96.45205932855606,36.186610639095306,92.0064634680748,39.03500038385391,20.69049847126007,16.94813323020935,31.0735741853714,22.900569140911102,10.014874696731567,8.909228801727295,4.187727570533752,3.237046957015991,104.38445138931274,47.55469638109207,92.77308630943298,38.89458256959915,21.257886171340942,13.135071396827698,31.97072803974152,24.605785012245175,1.5150949358940125,1.3542048931121826,2.5239508748054504,1.672248899936676,63.77330845594406,19.89300346374512,677.6869786977768,53,1,4,0,8,19,6,0,0,0,6,8,5,0,185.42,185.42,155.0,24.0,34.0,0,0,0,0,0,0,0,0,0,1,0,0,0,0,0,0,0,1,0,0,1,0,0,0
Blue,False,0.015625,0.0,0.45,0.4275,0.25,0.2,0.148468017578125,0.098388671875,0.0,0.0,66.5,29.6875,64.31230545043945,27.34375,89.75,48.0,85.53125,44.41152191162109,2.0,0.75,2.0546875,0.75,51.1875,18.3359375,49.6123046875,16.280410766601562,7.5,5.07647705078125,7.5,5.0,4.5,3.625,4.984375,3.9375,48.6875,17.0,47.11572265625,16.5,5.75,3.75,5.3125,3.4375,5.0625,3.5,3.875,2.5,99.2119140625,94.125,638.5,0,0,0,0,0,0,0,0,0,0,0,0,0,0,177.8,193.04,170.0,0.0654296875,0.0,0.4128759765624999,0.4374560546875,0.0,0.222822265625,0.015625,0.0,0.0,0.0,89.16943359375,37.421875,62.1474609375,27.97021484375,102.94091796875,50.404296875,74.27685546875,38.669921875,0.25,0.0,6.16357421875,1.3759765625,73.62158203125,24.13525390625,40.24365234375,11.4072265625,12.90673828125,11.2158203125,10.41845703125,6.26220703125,2.64111328125,2.07080078125,11.4853515625,10.30078125,71.88232421875,23.89306640625,58.6689453125,25.61572265625,16.41796875,12.98828125,3.470703125,2.3505859375,0.869140625,0.54052734375,0.0078125,0.00390625,27.4150390625,180.2392578125,873.306640625,25,0,0,1,4,8,4,0,0,1,2,4,1,0,187.96,190.5,205.0,30.0,31.0,0,0,0,0,0,0,0,1,0,0,0,0,0,0,0,0,0,1,0,0,0,0,1,0
Red,False,0.5,0.0,0.485,0.3025,0.25,0.0,0.0,0.0,0.0,0.25,65.25,32.5,176.5,64.75,67.5,34.75,182.5,70.5,0.25,0.25,0.75,0.0,57.0,24.75,149.0,43.25,6.75,6.25,21.25,15.25,1.5,1.5,6.25,6.25,56.75,27.0,136.25,40.25,6.25,3.5,31.5,16.75,2.25,2.0,8.75,7.75,35.75,26.75,600.25,6,0,1,0,1,1,2,0,0,0,0,1,0,0,187.96,190.5,205.0,0.0471682548522949,0.0,0.45,0.4217682266235352,0.25,0.19173828125,0.1875,0.125,0.0,0.0,69.5,30.5,66.984375,27.8466796875,94.0,48.544921875,88.50390625,44.75,2.0,0.8125,2.015625,0.6640625,54.0,19.01513671875,51.483436584472656,16.9437255859375,7.91796875,5.430633544921875,7.75,5.0625,4.780975341796875,3.9373779296875,4.8994140625,3.84375,51.025390625,18.400863647460938,50.515625,17.5,5.75,3.75,5.5,3.5,5.375,3.6875,4.0,2.65625,104.865234375,89.5,655.8441009521484,0,0,0,0,0,0,0,0,0,0,0,0,0,0,182.88,193.04,185.0,30.0,27.0,0,0,0,0,0,0,0,1,0,0,0,0,0,0,0,0,0,1,0,0,0,0,1,0
Blue,False,0.0,0.0,0.38,0.375,0.165,0.5,0.5,1.0,0.0,0.0,15.5,6.0,21.5,8.5,18.5,9.0,22.0,8.5,1.5,0.5,0.5,0.5,7.5,1.5,16.0,5.0,3.5,2.5,4.5,3.0,4.5,2.0,1.0,0.5,13.0,4.5,20.0,7.0,2.5,1.5,1.5,1.5,0.0,0.0,0.0,0.0,32.0,7.0,123.0,2,0,1,0,1,1,1,0,0,0,0,0,1,0,167.64,167.64,145.0,0.0,0.0,0.365,0.405,0.4625,0.525,0.5,0.875,0.375,0.125,88.5,26.5,99.875,43.625,91.0,28.875,113.0,56.0,5.75,2.375,5.75,2.25,73.75,20.375,71.875,25.75,13.25,4.625,15.625,8.375,1.5,1.5,12.375,9.5,85.0,24.625,81.25,32.625,2.375,0.875,14.625,8.375,1.125,1.0,4.0,2.625,103.375,174.875,773.5,10,0,0,1,2,2,2,0,0,0,0,0,2,0,165.1,177.8,135.0,31.0,27.0,1,0,0,0,0,0,0,0,0,0,0,0,0,0,0,0,0,0,1,0,1,0,0,0
Red,False,0.015625,0.0,0.45,0.4275,0.25,0.2,0.148468017578125,0.098388671875,0.0,0.0,66.5,29.6875,64.31230545043945,27.34375,89.75,48.0,85.53125,44.41152191162109,2.0,0.75,2.0546875,0.75,51.1875,18.3359375,49.6123046875,16.280410766601562,7.5,5.07647705078125,7.5,5.0,4.5,3.625,4.984375,3.9375,48.6875,17.0,47.11572265625,16.5,5.75,3.75,5.3125,3.4375,5.0625,3.5,3.875,2.5,99.2119140625,94.125,638.5,0,0,0,0,0,0,0,0,0,0,0,0,0,0,177.8,182.88,155.0,0.0,0.5,0.3924999999999999,0.45,0.75,0.125,0.75,0.25,0.0,0.0,73.0,28.75,50.75,23.5,102.0,53.25,66.0,37.75,3.75,3.25,1.25,0.25,70.0,27.5,44.0,18.0,2.25,1.0,6.0,4.75,0.75,0.25,0.75,0.75,55.0,17.25,38.5,13.25,7.25,4.5,4.25,3.5,10.75,7.0,8.0,6.75,347.25,174.0,753.5,9,0,0,3,0,0,3,0,0,0,0,0,0,0,175.26,180.34,155.0,22.0,25.0,0,0,0,0,0,0,1,0,0,0,0,0,0,0,0,0,0,1,0,0,1,0,0,0
Blue,False,0.03125,0.0,0.4337499999999999,0.54625,0.093125,0.3125,1.0,0.5,0.0,0.0,77.90625,35.625,140.65625,69.53125,80.6875,38.15625,187.96875,111.3125,0.8125,0.21875,1.65625,0.625,59.71875,20.6875,115.78125,52.46875,13.65625,11.1875,16.375,9.71875,4.53125,3.75,8.5,7.34375,71.3125,31.1875,114.1875,55.09375,5.34375,3.65625,15.34375,9.8125,1.25,0.78125,11.125,4.625,66.6875,225.6875,767.84375,15,1,4,0,4,4,2,0,0,0,1,0,3,0,180.34,182.88,170.0,0.0471682548522949,0.0,0.45,0.4217682266235352,0.25,0.19173828125,0.1875,0.125,0.0,0.0,69.5,30.5,66.984375,27.8466796875,94.0,48.544921875,88.50390625,44.75,2.0,0.8125,2.015625,0.6640625,54.0,19.01513671875,51.483436584472656,16.9437255859375,7.91796875,5.430633544921875,7.75,5.0625,4.780975341796875,3.9373779296875,4.8994140625,3.84375,51.025390625,18.400863647460938,50.515625,17.5,5.75,3.75,5.5,3.5,5.375,3.6875,4.0,2.65625,104.865234375,89.5,655.8441009521484,0,0,0,0,0,0,0,0,0,0,0,0,0,0,177.8,182.88,170.0,26.0,28.0,0,0,0,0,0,0,0,0,0,1,0,0,0,0,0,1,0,0,0,0,1,0,0,0
Blue,False,0.0,0.0,0.3625,0.3874999999999999,0.165,0.4375,0.25,0.0,0.0,0.0,149.0,55.75,151.75,58.0,154.0,59.75,166.5,70.5,4.0,2.0,2.25,1.25,107.75,27.0,131.0,44.75,23.25,14.25,14.0,8.0,18.0,14.5,6.75,5.25,136.0,45.75,137.0,49.5,11.25,8.75,11.75,6.25,1.75,1.25,3.0,2.25,60.0,67.0,900.0,9,0,2,0,2,2,1,0,0,1,1,0,0,0,167.64,177.8,145.0,0.03125,0.0,0.4733203125,0.4466796875,0.06109375,0.5690234375000001,1.484375,0.0625,0.767578125,0.8828125,46.056640625,22.34765625,64.431640625,25.201171875,53.072265625,29.17578125,120.9453125,70.05078125,0.6171875,0.2734375,4.232421875,2.4296875,32.919921875,12.3984375,51.212890625,15.083984375,5.939453125,3.52734375,10.8671875,8.166015625,7.197265625,6.421875,2.3515625,1.951171875,38.818359375,17.806640625,39.83203125,8.669921875,2.173828125,1.134765625,2.466796875,1.236328125,5.064453125,3.40625,22.1328125,15.294921875,101.17578125,348.20703125,689.5,25,0,0,1,2,5,5,0,0,0,2,1,2,0,172.72,185.42,135.0,32.0,29.0,0,0,1,0,0,0,0,0,0,0,0,0,0,0,0,1,0,0,0,0,1,0,0,0
Blue,False,0.015625,0.0,0.45,0.4275,0.25,0.2,0.148468017578125,0.098388671875,0.0,0.0,66.5,29.6875,64.31230545043945,27.34375,89.75,48.0,85.53125,44.41152191162109,2.0,0.75,2.0546875,0.75,51.1875,18.3359375,49.6123046875,16.280410766601562,7.5,5.07647705078125,7.5,5.0,4.5,3.625,4.984375,3.9375,48.6875,17.0,47.11572265625,16.5,5.75,3.75,5.3125,3.4375,5.0625,3.5,3.875,2.5,99.2119140625,94.125,638.5,0,0,0,0,0,0,0,0,0,0,0,0,0,0,167.64,167.64,135.0,0.0,0.0,0.575,0.5700000000000001,0.07,0.5,0.0,0.0,0.0,0.0,83.5,47.0,165.5,91.5,98.5,60.0,210.5,131.5,4.0,0.5,2.0,1.0,52.0,22.0,131.0,63.0,24.5,18.5,32.0,26.0,7.0,6.5,2.5,2.5,51.0,23.0,107.0,47.0,28.5,21.5,36.5,30.5,4.0,2.5,22.0,14.0,189.0,205.0,674.5,5,0,0,1,1,1,1,0,0,0,1,0,0,0,170.18,165.1,135.0,22.0,35.0,0,0,0,0,0,0,0,0,0,0,1,0,0,0,0,1,0,0,0,0,1,0,0,0
Red,False,0.015625,0.0,0.45,0.4275,0.25,0.2,0.148468017578125,0.098388671875,0.0,0.0,66.5,29.6875,64.31230545043945,27.34375,89.75,48.0,85.53125,44.41152191162109,2.0,0.75,2.0546875,0.75,51.1875,18.3359375,49.6123046875,16.280410766601562,7.5,5.07647705078125,7.5,5.0,4.5,3.625,4.984375,3.9375,48.6875,17.0,47.11572265625,16.5,5.75,3.75,5.3125,3.4375,5.0625,3.5,3.875,2.5,99.2119140625,94.125,638.5,0,0,0,0,0,0,0,0,0,0,0,0,0,0,170.18,170.18,125.0,0.0471682548522949,0.0,0.45,0.4217682266235352,0.25,0.19173828125,0.1875,0.125,0.0,0.0,69.5,30.5,66.984375,27.8466796875,94.0,48.544921875,88.50390625,44.75,2.0,0.8125,2.015625,0.6640625,54.0,19.01513671875,51.483436584472656,16.9437255859375,7.91796875,5.430633544921875,7.75,5.0625,4.780975341796875,3.9373779296875,4.8994140625,3.84375,51.025390625,18.400863647460938,50.515625,17.5,5.75,3.75,5.5,3.5,5.375,3.6875,4.0,2.65625,104.865234375,89.5,655.8441009521484,0,0,0,0,0,0,0,0,0,0,0,0,0,0,167.64,175.26,125.0,31.0,31.0,0,0,0,0,0,0,0,0,0,0,0,0,1,0,0,0,0,0,1,0,1,0,0,0
Blue,False,0.0,0.0,0.58,0.39,0.66,0.0,0.0,0.0,0.0,0.0,160.0,94.0,152.0,60.0,194.0,124.0,177.0,78.0,12.0,8.0,1.0,0.0,135.0,74.0,127.0,41.0,18.0,14.0,16.0,12.0,7.0,6.0,9.0,7.0,91.0,49.0,135.0,53.0,19.0,9.0,13.0,5.0,50.0,36.0,4.0,2.0,410.0,16.0,900.0,3,0,1,0,1,1,0,0,0,0,1,0,0,0,167.64,162.56,145.0,2.0,0.0,0.73,0.5,0.0,0.5,0.0,0.0,0.0,0.0,49.0,36.0,73.0,37.0,49.0,36.0,80.0,42.0,0.0,0.0,4.0,2.0,28.0,16.0,53.0,20.0,15.0,14.0,14.0,11.0,6.0,6.0,6.0,6.0,26.0,18.0,48.0,21.0,20.0,17.0,24.0,15.0,3.0,1.0,1.0,1.0,14.0,38.0,328.0,2,0,1,0,1,1,0,0,0,0,0,1,0,0,170.18,172.72,135.0,27.0,24.0,1,0,0,0,0,0,0,0,0,0,0,0,0,0,0,1,0,0,0,0,1,0,0,0
Red,False,0.84375,0.015625,0.45328125,0.24828125,0.0,0.0290624999999999,0.125,0.0,0.0,0.0,58.0625,25.546875,46.109375,14.9375,60.453125,27.8125,48.5,16.78125,0.265625,0.0,1.1875,0.171875,47.453125,19.09375,33.25,6.71875,7.96875,4.0625,7.203125,3.84375,2.640625,2.390625,5.65625,4.375,42.34375,15.515625,42.453125,13.359375,3.46875,1.65625,2.578125,1.125,12.25,8.375,1.078125,0.453125,16.1875,14.484375,328.734375,13,0,0,3,2,3,4,0,0,0,0,3,0,0,195.58,195.58,250.0,0.78515625,0.157470703125,0.4866064453124999,0.46970458984375,0.194931640625,0.08143310546875,0.3203125,0.001953125,0.0,0.0,113.064208984375,56.500732421875,73.30908203125,29.197509765625,151.3525390625,92.8515625,80.372802734375,35.9931640625,2.7705078125,0.6025390625,0.3681640625,0.281982421875,80.388427734375,31.79150390625,60.900634765625,19.87060546875,19.020263671875,12.306640625,6.25146484375,4.28759765625,13.655517578125,12.402587890625,6.156982421875,5.039306640625,95.4873046875,44.40771484375,67.96142578125,24.830810546875,9.781982421875,6.236083984375,4.51025390625,3.780029296875,7.794921875,5.85693359375,0.83740234375,0.586669921875,109.958251953125,60.2861328125,785.60693359375,30,3,0,1,6,9,4,0,0,0,3,4,2,0,193.04,195.58,231.0,34.0,40.0,0,0,0,0,1,0,0,0,0,0,0,0,0,0,0,0,0,1,0,0,1,0,0,0
Red,True,0.0,0.0,0.4625,0.40859375,0.25375,0.0903125,0.5625,0.25,0.515625,0.109375,63.65625,28.1875,59.234375,25.90625,84.328125,47.515625,75.765625,41.203125,6.515625,1.5625,2.59375,0.53125,49.609375,18.0,43.71875,14.28125,12.109375,8.890625,9.921875,6.5625,1.9375,1.296875,5.59375,5.0625,33.890625,5.796875,49.21875,17.59375,12.890625,8.8125,6.921875,5.8125,16.875,13.578125,3.09375,2.5,383.484375,175.171875,884.203125,19,0,0,1,3,5,2,0,0,0,3,0,2,0,162.56,160.02,135.0,0.129150390625,0.0009765625,0.5562643432617187,0.2339648437499999,0.4842034912109375,0.4038671875,1.318359375,0.501129150390625,0.250152587890625,6.103515625e-05,129.07260131835938,73.00479125976562,113.7442626953125,19.89984130859375,168.917724609375,110.76303100585938,143.93838500976562,47.1416015625,4.34716796875,2.484893798828125,4.600250244140625,1.2386474609375,100.2711181640625,50.709075927734375,87.21481323242188,6.598114013671875,17.400604248046875,13.15740966796875,15.674591064453123,5.654052734375,11.40087890625,9.1383056640625,10.8548583984375,7.647674560546875,92.2275390625,46.44439697265625,106.16537475585938,14.982757568359377,16.143798828125,9.717041015625,7.054931640625,4.6519775390625,20.70126342773437,16.843353271484375,0.523956298828125,0.265106201171875,372.591552734375,76.48968505859375,1005.90576171875,59,12,2,0,12,14,2,0,0,1,7,2,4,0,160.02,167.64,125.0,24.0,31.0,0,0,0,1,0,0,0,0,0,0,0,0,0,0,0,1,0,0,0,0,1,0,0,0
Blue,False,0.015625,0.0,0.45,0.4275,0.25,0.2,0.148468017578125,0.098388671875,0.0,0.0,66.5,29.6875,64.31230545043945,27.34375,89.75,48.0,85.53125,44.41152191162109,2.0,0.75,2.0546875,0.75,51.1875,18.3359375,49.6123046875,16.280410766601562,7.5,5.07647705078125,7.5,5.0,4.5,3.625,4.984375,3.9375,48.6875,17.0,47.11572265625,16.5,5.75,3.75,5.3125,3.4375,5.0625,3.5,3.875,2.5,99.2119140625,94.125,638.5,0,0,0,0,0,0,0,0,0,0,0,0,0,0,172.72,170.18,115.0,0.0,0.0,0.33,0.29,0.66,1.0,1.0,3.0,0.0,0.0,112.0,37.0,169.0,50.0,118.0,43.0,188.0,65.0,3.0,2.0,1.0,1.0,101.0,28.0,140.0,26.0,4.0,2.0,21.0,16.0,7.0,7.0,8.0,8.0,109.0,34.0,167.0,48.0,2.0,2.0,1.0,1.0,1.0,1.0,1.0,1.0,77.0,322.0,825.0,3,0,0,1,0,0,1,0,0,0,0,0,0,0,162.56,162.56,115.0,28.0,31.0,0,0,0,0,0,0,0,0,0,0,0,0,0,1,0,1,0,0,0,0,1,0,0,0
Red,True,0.0,0.0166015625,0.599580078125,0.4562304687499999,0.673642578125,0.02177734375,1.052734375,0.380859375,0.0009765625,0.0,38.712890625,21.44921875,29.486328125,14.0791015625,54.1201171875,36.3408203125,36.3203125,20.4892578125,3.947265625,1.7548828125,0.7724609375,0.0595703125,33.2490234375,16.5029296875,23.634765625,9.482421875,4.361328125,3.84375,4.8701171875,3.7451171875,1.1025390625,1.1025390625,0.9814453125,0.8515625,18.353515625,6.5859375,22.9599609375,8.609375,2.3310546875,2.2314453125,3.3583984375,2.6181640625,18.0283203125,12.6318359375,3.16796875,2.8515625,216.3896484375,28.462890625,388.0,23,0,0,1,5,9,2,0,0,1,3,1,4,0,175.26,195.58,170.0,0.066650390625,0.2666015625,0.5018652343750001,0.39689208984375,0.0494775390625,0.100703125,1.09228515625,0.0078125,0.0703125,0.01171875,257.33984375,129.89306640625,185.47314453125,78.350830078125,262.0439453125,134.1259765625,189.442138671875,82.05029296875,1.369384765625,0.0517578125,3.92919921875,0.359375,199.094970703125,82.552978515625,146.319091796875,52.639892578125,30.03955078125,20.650146484375,25.9609375,14.4345703125,28.205322265625,26.68994140625,13.193115234375,11.2763671875,251.12060546875,124.686279296875,177.388916015625,74.894775390625,2.4423828125,1.89892578125,2.959228515625,1.2060546875,3.77685546875,3.307861328125,5.125,2.25,12.755859375,63.10205078125,999.30029296875,28,1,3,0,9,12,1,0,0,1,3,2,5,1,180.34,193.04,155.0,25.0,33.0,0,0,0,0,0,0,1,0,0,0,0,0,0,0,0,1,0,0,0,0,1,0,0,0
Red,False,0.0,0.0,0.44,0.32,0.28,0.0,0.0,0.0,0.0,0.0,115.0,51.0,31.0,10.0,165.0,94.0,56.0,31.0,7.0,2.0,0.0,0.0,89.0,36.0,26.0,7.0,19.0,10.0,4.0,2.0,7.0,5.0,1.0,1.0,58.0,16.0,28.0,7.0,7.0,4.0,0.0,0.0,50.0,31.0,3.0,3.0,461.0,27.0,900.0,3,0,1,0,1,1,0,0,0,0,1,0,0,0,165.1,165.1,125.0,0.0009765625,0.0390625,0.4840625,0.457890625,0.5591796875,0.48291015625,2.0830078125,0.037109375,0.03125,0.0,96.5439453125,44.9140625,72.4755859375,28.4853515625,112.2724609375,58.2587890625,82.2333984375,36.1416015625,2.84765625,1.28515625,2.6240234375,1.3369140625,80.2841796875,33.8291015625,56.4638671875,16.697265625,10.681640625,6.3466796875,6.7646484375,4.1826171875,5.578125,4.73828125,9.2470703125,7.60546875,65.958984375,21.0087890625,66.81640625,24.4306640625,6.884765625,4.306640625,2.5830078125,1.41796875,23.7001953125,19.5986328125,3.076171875,2.63671875,290.6787109375,134.0107421875,887.4677734375,31,1,2,0,2,6,5,0,0,1,1,1,3,0,167.64,167.64,125.0,29.0,33.0,0,0,0,1,0,0,0,0,0,0,0,0,0,0,0,1,0,0,0,0,1,0,0,0
Red,False,0.125,0.5,0.395625,0.669375,0.078125,0.7362500000000001,0.125,2.375,0.0625,0.0,37.5,15.0625,27.8125,14.5,44.5,21.25,35.8125,21.4375,0.3125,0.125,2.4375,1.6875,29.9375,9.8125,19.4375,8.1875,3.875,2.0,6.375,4.625,3.6875,3.25,2.0,1.6875,23.8125,7.625,16.625,7.0625,3.25,2.4375,1.9375,1.75,10.4375,5.0,9.25,5.6875,81.875,213.0625,497.25,11,0,3,0,3,3,2,0,0,1,1,0,1,0,172.72,175.26,125.0,0.0,0.5,0.41,0.71,0.5,0.685,0.5,0.5,0.0,0.0,36.5,15.0,41.5,29.0,48.0,26.0,55.0,42.0,0.5,0.5,4.5,2.0,28.5,8.5,32.0,21.0,3.5,2.5,6.0,5.5,4.5,4.0,3.5,2.5,28.5,10.0,16.0,8.5,7.5,5.0,13.0,9.0,0.5,0.0,12.5,11.5,3.0,94.0,245.5,2,0,0,2,0,0,2,0,0,0,0,0,0,0,172.72,177.8,125.0,31.0,27.0,0,0,0,1,0,0,0,0,0,0,0,0,0,0,0,1,0,0,0,0,1,0,0,0
Blue,False,0.0001220703125,0.1876220703125,0.4153320312499999,0.4335253906249999,0.2300634765625,0.26374755859375,0.0,0.2509765625,0.5001220703125,0.0078125,73.5985107421875,32.256591796875,70.25048828125,28.1346435546875,79.48388671875,38.0367431640625,91.1298828125,48.1097412109375,1.7301025390625,0.5845947265625,6.05224609375,1.8974609375,54.22998046875,17.274658203125,44.8299560546875,14.89111328125,9.79638671875,7.120361328125,16.0081787109375,6.1588134765625,9.5721435546875,7.861572265625,9.412353515625,7.084716796875,55.8074951171875,20.08056640625,55.7681884765625,18.3681640625,17.5203857421875,11.9073486328125,13.41015625,8.7379150390625,0.2706298828125,0.2686767578125,1.0721435546875,1.028564453125,106.5162353515625,183.4234619140625,780.359375,37,0,2,0,5,10,4,0,0,2,7,1,0,0,185.42,187.96,185.0,0.0117874145507812,0.0156326293945312,0.468731689453125,0.395210189819336,0.173410415649414,0.1250433349609375,0.4095306396484375,4.57763671875e-05,0.0,0.25048828125,56.1084213256836,28.607925415039062,88.14120483398438,34.31251525878906,63.64589691162109,34.69410705566406,116.58528900146484,60.28284454345703,7.698379516601562,1.435089111328125,0.50823974609375,0.25030517578125,36.591529846191406,12.229225158691406,78.40131378173828,27.06754302978516,4.478675842285156,3.32513427734375,6.7451171875,4.5778350830078125,15.038215637207031,13.053565979003906,2.9947738647460938,2.6671371459960938,48.51895904541016,23.26434326171875,70.06861114501953,21.01285552978516,4.245658874511719,2.5352935791015625,7.5556182861328125,5.6784515380859375,3.3438034057617188,2.80828857421875,10.516975402832031,7.621208190917969,188.25081634521484,150.07534790039062,889.784912109375,48,1,0,1,5,12,6,0,0,1,4,2,5,0,185.42,198.12,185.0,29.0,36.0,0,0,0,0,0,0,0,1,0,0,0,0,0,0,0,1,0,0,0,0,1,0,0,0
Blue,False,0.0,0.75,0.5425,0.585,0.665,0.25,0.0,0.5,0.5,1.0,75.75,36.0,109.0,55.25,131.25,86.75,149.0,92.75,3.5,2.5,2.0,1.0,62.25,25.0,89.75,41.75,8.5,6.0,15.5,11.0,5.0,5.0,3.75,2.5,53.25,20.25,74.25,31.75,14.5,9.25,21.25,14.25,8.0,6.5,13.5,9.25,338.5,224.5,784.75,9,0,0,2,1,1,2,0,0,0,1,0,0,0,180.34,177.8,155.0,0.00830078125,0.068359375,0.1312109375,0.467626953125,0.00390625,0.40154296875,0.0,0.53564453125,0.03125,0.0,19.01220703125,7.15869140625,28.2451171875,13.0927734375,20.19970703125,8.33056640625,35.0185546875,19.16650390625,0.01806640625,0.0078125,0.642578125,0.46044921875,14.416015625,4.14453125,24.69873046875,10.2646484375,3.77783203125,2.34619140625,2.59326171875,1.9853515625,0.818359375,0.66796875,0.953125,0.8427734375,18.482421875,6.65869140625,18.291015625,7.13818359375,0.48583984375,0.4619140625,1.42431640625,0.82568359375,0.0439453125,0.0380859375,8.52978515625,5.12890625,9.546875,54.74072265625,148.2998046875,22,0,0,1,2,4,8,0,0,1,1,2,0,0,170.18,177.8,155.0,29.0,39.0,0,0,0,0,0,0,1,0,0,0,0,0,0,0,0,1,0,0,0,0,0,0,1,0
Red,False,0.0,1.0,0.3,0.54,0.25,0.0,0.0,1.0,0.0,0.0,65.0,20.0,93.0,51.0,66.0,21.0,99.0,56.0,4.0,1.0,0.0,0.0,44.0,9.0,75.0,38.0,12.0,5.0,14.0,10.0,9.0,6.0,4.0,3.0,60.0,19.0,76.0,42.0,5.0,1.0,11.0,5.0,0.0,0.0,6.0,4.0,85.0,108.0,600.0,2,0,0,1,0,0,1,0,0,0,0,0,0,0,172.72,175.26,145.0,0.5625,0.0,0.535,0.534375,0.0,0.8375,0.0,1.0,0.0,0.0,53.0625,24.8125,68.4375,34.0,59.375,29.875,83.8125,48.375,1.1875,0.0,6.125,5.9375,35.875,12.4375,49.0,19.0625,11.4375,6.9375,9.625,7.8125,5.75,5.4375,9.8125,7.125,47.4375,20.75,53.8125,23.5625,3.3125,2.125,4.75,3.4375,2.3125,1.9375,9.875,7.0,22.125,418.5625,771.125,12,0,0,1,2,2,3,0,0,0,0,2,0,0,170.18,175.26,135.0,27.0,26.0,0,0,1,0,0,0,0,0,0,0,0,0,0,0,0,1,0,0,0,0,0,0,1,0
Red,False,0.0,0.5625,0.429375,0.505625,0.405625,0.435625,0.6875,0.53125,1.0,0.03125,53.03125,21.28125,61.03125,31.375,68.0625,34.53125,93.6875,59.9375,3.46875,1.59375,3.40625,2.0625,40.125,12.84375,48.8125,21.46875,6.5625,3.96875,6.71875,4.6875,6.34375,4.46875,5.5,5.21875,44.6875,16.65625,40.21875,16.15625,3.21875,1.875,4.15625,2.53125,5.125,2.75,16.65625,12.6875,61.96875,363.375,581.71875,12,0,1,0,1,3,3,0,0,0,0,0,3,0,177.8,180.34,125.0,0.0625,0.015625,0.37953125,0.3453515625,0.153984375,0.09421875,0.515625,0.00390625,0.0,1.09375,55.37109375,22.04296875,81.8515625,29.63671875,81.52734375,44.8828125,127.5625,70.46875,3.17578125,0.59375,4.57421875,0.28515625,41.7109375,10.69921875,61.3671875,15.91015625,7.58203125,6.015625,16.28125,11.29296875,6.078125,5.328125,4.203125,2.43359375,47.46484375,15.96875,51.875,8.80078125,6.5390625,5.4140625,18.45703125,12.16796875,1.3671875,0.66015625,11.51953125,8.66796875,257.0234375,211.20703125,882.01953125,22,0,0,1,3,5,4,0,0,0,4,0,1,0,165.1,170.18,125.0,27.0,32.0,0,0,0,1,0,0,0,0,0,0,0,0,0,0,0,0,0,1,0,0,1,0,0,0
Red,False,0.0,0.0,0.36,0.4,0.0,0.0,0.0,0.0,0.0,0.0,250.0,92.0,245.0,98.0,252.0,93.0,245.0,98.0,0.0,0.0,0.0,0.0,183.0,47.0,209.0,71.0,30.0,15.0,13.0,7.0,37.0,30.0,23.0,20.0,244.0,88.0,236.0,91.0,4.0,2.0,9.0,7.0,2.0,2.0,0.0,0.0,2.0,0.0,900.0,3,0,0,1,0,0,1,0,0,0,0,0,0,0,165.1,165.1,115.0,0.0471682548522949,0.0,0.45,0.4217682266235352,0.25,0.19173828125,0.1875,0.125,0.0,0.0,69.5,30.5,66.984375,27.8466796875,94.0,48.544921875,88.50390625,44.75,2.0,0.8125,2.015625,0.6640625,54.0,19.01513671875,51.483436584472656,16.9437255859375,7.91796875,5.430633544921875,7.75,5.0625,4.780975341796875,3.9373779296875,4.8994140625,3.84375,51.025390625,18.400863647460938,50.515625,17.5,5.75,3.75,5.5,3.5,5.375,3.6875,4.0,2.65625,104.865234375,89.5,655.8441009521484,0,0,0,0,0,0,0,0,0,0,0,0,0,0,162.56,167.64,115.0,20.0,28.0,0,0,0,0,0,0,0,0,0,0,0,0,0,1,0,1,0,0,0,0,1,0,0,0
Blue,False,0.0078125,0.25,0.450576171875,0.530947265625,0.3903124999999999,0.0336328125,0.1650390625,0.0595703125,0.0,0.0,210.1513671875,86.5859375,241.009765625,139.990234375,227.658203125,101.8212890625,248.693359375,147.2998046875,6.3662109375,1.93359375,0.5830078125,0.0703125,159.8515625,55.39453125,155.0869140625,68.5146484375,38.548828125,21.2216796875,44.6044921875,31.990234375,11.7509765625,9.9697265625,41.318359375,39.4853515625,152.826171875,53.75,199.6025390625,113.4248046875,53.67578125,30.24609375,39.1787109375,25.314453125,3.6494140625,2.58984375,2.228515625,1.2509765625,174.7880859375,18.009765625,1077.3681640625,26,1,0,1,3,7,4,0,0,1,3,1,2,0,154.94,157.48,115.0,0.125,0.03125,0.35,0.305,0.639375,0.0625,0.84375,0.0,0.0,0.0,75.5625,30.34375,96.875,38.46875,87.6875,40.90625,110.25,50.25,5.0625,3.125,0.6875,0.125,68.03125,25.65625,77.28125,22.96875,5.90625,3.8125,9.5,7.28125,1.625,0.875,10.09375,8.21875,64.46875,22.9375,86.3125,31.625,7.3125,4.78125,10.09375,6.5,3.78125,2.625,0.46875,0.34375,230.40625,21.15625,616.5,18,1,1,0,2,4,2,0,0,0,3,0,1,0,162.56,160.02,115.0,25.0,28.0,0,0,0,0,0,0,0,0,0,0,0,0,0,1,0,1,0,0,0,0,1,0,0,0
Red,False,0.5,0.5,0.4024999999999999,0.3249999999999999,0.0,0.0825,0.25,0.0,0.0,0.0,143.25,61.0,115.75,37.75,154.75,71.75,122.0,43.25,0.75,0.0,1.25,0.25,122.0,45.25,75.5,15.5,12.5,8.5,26.25,14.0,8.75,7.25,14.0,8.25,126.0,52.75,103.0,31.75,11.5,5.75,8.0,2.5,5.75,2.5,4.75,3.5,34.0,52.25,750.0,8,0,2,0,2,2,1,0,0,1,1,0,0,0,180.34,182.88,170.0,0.34375,0.0625,0.3896874999999999,0.40953125,0.524375,0.82265625,0.453125,1.125,0.140625,0.125,72.71875,28.03125,105.703125,41.046875,107.5625,54.5625,122.1875,56.5,4.546875,3.03125,1.453125,1.171875,65.234375,23.828125,86.015625,26.0625,5.59375,3.3125,10.71875,7.078125,1.890625,0.890625,8.96875,7.90625,60.078125,20.265625,88.5,31.328125,3.796875,2.40625,8.984375,4.84375,8.84375,5.359375,8.21875,4.875,290.28125,116.15625,814.5625,20,0,0,3,1,2,5,0,0,0,0,0,2,0,180.34,185.42,170.0,27.0,33.0,0,0,0,0,0,0,0,0,0,1,0,0,0,0,0,1,0,0,0,0,0,0,1,0
Red,False,0.0,0.625,0.5325,0.70625,0.04125,0.325,0.0625,0.875,0.125,0.0,28.0,15.8125,45.6875,28.375,33.25,20.25,76.3125,51.5625,0.375,0.125,1.5625,1.1875,18.4375,8.125,41.875,25.0625,6.6875,5.625,3.1875,2.6875,2.875,2.0625,0.625,0.625,17.9375,8.625,28.4375,14.0625,6.9375,4.8125,4.9375,3.8125,3.125,2.375,12.3125,10.5,46.625,181.375,359.25,10,0,2,0,2,2,3,0,0,0,0,1,1,0,190.5,193.04,205.0,0.0471682548522949,0.0,0.45,0.4217682266235352,0.25,0.19173828125,0.1875,0.125,0.0,0.0,69.5,30.5,66.984375,27.8466796875,94.0,48.544921875,88.50390625,44.75,2.0,0.8125,2.015625,0.6640625,54.0,19.01513671875,51.483436584472656,16.9437255859375,7.91796875,5.430633544921875,7.75,5.0625,4.780975341796875,3.9373779296875,4.8994140625,3.84375,51.025390625,18.400863647460938,50.515625,17.5,5.75,3.75,5.5,3.5,5.375,3.6875,4.0,2.65625,104.865234375,89.5,655.8441009521484,0,0,0,0,0,0,0,0,0,0,0,0,0,0,182.88,185.42,205.0,28.0,33.0,0,0,0,0,0,1,0,0,0,0,0,0,0,0,0,1,0,0,0,0,1,0,0,0
Red,False,0.00634765625,0.56640625,0.2504766845703124,0.4975065612792968,0.2268280029296875,0.0067510986328125,0.0013504028320312,0.3593826293945312,0.0,3.814697265625e-05,41.84854888916016,15.467781066894531,56.85279083251953,29.267234802246094,62.622314453125,32.92498779296875,76.77584838867188,47.62734222412109,2.403022766113281,1.1058807373046875,1.3892745971679688,0.03155517578125,36.426414489746094,11.055290222167969,48.228797912597656,22.894432067871094,3.700019836425781,3.1905593872070312,6.327751159667969,4.507377624511719,1.7221145629882812,1.2219314575195312,2.2962417602539062,1.8654251098632808,32.400115966796875,8.861053466796875,36.183372497558594,16.528099060058594,2.59368896484375,2.4330368041992188,14.700515747070312,7.112091064453125,6.854743957519531,4.1736907958984375,5.968902587890625,5.627044677734375,158.94622039794922,99.35503387451172,491.4868621826172,48,1,4,0,4,13,5,0,0,2,6,4,0,1,187.96,190.5,170.0,0.01171875,0.125,0.45095947265625,0.457109375,0.3510546875,0.0494921875,0.50146484375,0.142578125,0.015625,0.0,87.144775390625,36.999755859375,85.987548828125,40.8916015625,95.305908203125,44.645263671875,94.044921875,48.526123046875,2.5009765625,0.78759765625,1.176513671875,0.291015625,71.7529296875,27.244873046875,49.455078125,19.009521484375,12.065673828125,7.434326171875,17.07958984375,9.472412109375,3.326171875,2.320556640625,19.452880859375,12.40966796875,74.615966796875,28.389404296875,76.639892578125,34.013671875,5.469482421875,3.49462890625,7.115234375,5.0478515625,7.059326171875,5.11572265625,2.232421875,1.830078125,103.61083984375,49.3408203125,637.97705078125,32,1,4,0,4,8,5,0,1,0,1,4,2,0,190.5,203.2,205.0,36.0,34.0,0,0,0,0,0,1,0,0,0,0,0,0,0,0,0,0,0,1,0,0,0,0,1,0
Red,False,0.0,0.0,0.48,0.53,0.0,0.09,0.0,0.0,0.0,0.0,83.0,40.0,83.0,44.0,103.0,59.0,103.0,63.0,0.0,0.0,11.0,1.0,66.0,27.0,56.0,25.0,11.0,9.0,21.0,15.0,6.0,4.0,6.0,4.0,69.0,31.0,57.0,23.0,14.0,9.0,16.0,12.0,0.0,0.0,10.0,9.0,98.0,340.0,900.0,3,0,1,0,1,1,0,0,0,0,1,0,0,0,180.34,182.88,170.0,0.0,0.5,0.65,0.5449999999999999,0.59,0.0,0.0,0.5,0.0,0.5,41.0,27.0,56.0,31.0,64.0,45.0,72.0,45.5,6.0,1.5,1.5,0.0,32.0,19.0,50.0,26.0,4.5,4.5,6.0,5.0,4.5,3.5,0.0,0.0,30.5,18.5,39.0,17.0,10.0,8.0,9.5,7.5,0.5,0.5,7.5,6.5,232.0,30.0,452.0,4,0,0,1,1,1,1,0,0,0,0,0,0,1,170.18,177.8,170.0,29.0,31.0,0,0,0,0,0,0,0,0,0,1,0,0,0,0,0,1,0,0,0,0,1,0,0,0
Red,False,0.21875,1.6875,0.385,0.55625,0.03125,0.150625,0.0625,0.0625,0.0,0.25,48.96875,19.375,61.6875,36.0,49.9375,20.28125,81.46875,53.9375,0.03125,0.03125,1.84375,0.625,44.1875,16.03125,46.5625,23.8125,3.96875,2.5625,4.875,3.125,0.8125,0.78125,10.25,9.0625,43.5,15.53125,36.34375,19.3125,4.03125,2.53125,3.375,2.3125,1.4375,1.3125,21.96875,14.375,11.15625,116.4375,332.8125,12,0,2,0,2,3,3,0,0,0,0,3,0,0,190.5,195.58,170.0,0.0471682548522949,0.0,0.45,0.4217682266235352,0.25,0.19173828125,0.1875,0.125,0.0,0.0,69.5,30.5,66.984375,27.8466796875,94.0,48.544921875,88.50390625,44.75,2.0,0.8125,2.015625,0.6640625,54.0,19.01513671875,51.483436584472656,16.9437255859375,7.91796875,5.430633544921875,7.75,5.0625,4.780975341796875,3.9373779296875,4.8994140625,3.84375,51.025390625,18.400863647460938,50.515625,17.5,5.75,3.75,5.5,3.5,5.375,3.6875,4.0,2.65625,104.865234375,89.5,655.8441009521484,0,0,0,0,0,0,0,0,0,0,0,0,0,0,180.34,180.34,170.0,32.0,25.0,0,0,0,0,0,0,0,0,0,1,0,0,0,0,0,1,0,0,0,0,1,0,0,0
Blue,False,0.75,0.0,0.49375,0.521875,0.025,0.345625,0.375,0.0625,0.5625,0.0,87.875,44.5,86.3125,46.875,96.0,51.5625,128.75,84.6875,0.8125,0.125,5.9375,2.8125,72.875,32.125,69.4375,34.8125,11.0,8.6875,9.5,5.3125,4.0,3.6875,7.375,6.75,75.5,33.9375,61.6875,26.8125,7.8125,6.6875,4.0625,2.625,4.5625,3.875,20.5625,17.4375,49.6875,281.625,718.5,12,0,0,1,2,3,2,0,0,0,1,2,0,0,193.04,193.04,205.0,0.5234375,0.25,0.4636328125,0.4162109375,0.475703125,0.0671875,0.5,0.28125,0.0,0.0,82.95703125,36.609375,111.91015625,50.5859375,96.26171875,49.68359375,132.5390625,70.00390625,5.7578125,1.9140625,0.66796875,0.1484375,67.9453125,26.92578125,92.87890625,36.51171875,9.42578125,5.05859375,8.375,5.796875,5.5859375,4.625,10.65625,8.27734375,67.12890625,24.72265625,86.48828125,28.2421875,7.5625,5.296875,10.875,9.3125,8.265625,6.58984375,14.546875,13.03125,152.890625,19.94140625,724.9609375,22,0,0,1,2,3,6,0,0,0,1,2,0,0,175.26,180.34,185.0,29.0,39.0,0,0,0,0,0,0,0,1,0,0,0,0,0,0,0,1,0,0,0,0,0,0,1,0
Red,False,0.015625,0.0,0.45,0.4275,0.25,0.2,0.148468017578125,0.098388671875,0.0,0.0,66.5,29.6875,64.31230545043945,27.34375,89.75,48.0,85.53125,44.41152191162109,2.0,0.75,2.0546875,0.75,51.1875,18.3359375,49.6123046875,16.280410766601562,7.5,5.07647705078125,7.5,5.0,4.5,3.625,4.984375,3.9375,48.6875,17.0,47.11572265625,16.5,5.75,3.75,5.3125,3.4375,5.0625,3.5,3.875,2.5,99.2119140625,94.125,638.5,0,0,0,0,0,0,0,0,0,0,0,0,0,0,180.34,185.42,170.0,1.5,0.25,0.4674999999999999,0.4075,0.0,0.225,0.0,0.0,0.0,0.0,83.0,37.375,87.25,36.875,88.125,42.375,88.75,38.375,0.0,0.0,3.75,1.0,62.625,22.875,63.125,20.125,9.625,4.25,13.625,6.75,10.75,10.25,10.5,10.0,70.375,29.875,82.625,33.875,6.75,3.375,3.875,2.5,5.875,4.125,0.75,0.5,28.25,30.5,544.75,9,0,2,0,2,3,1,0,0,0,0,3,0,0,177.8,180.34,170.0,30.0,26.0,0,0,0,0,0,0,0,0,0,1,0,0,0,0,0,1,0,0,0,0,1,0,0,0
Red,False,0.0625,0.203125,0.418828125,0.308046875,0.1215625,0.0625,0.1484375,0.0,0.0,0.15625,84.109375,35.28125,123.3203125,38.546875,92.53125,43.4375,126.953125,41.984375,1.5859375,0.359375,0.9375,0.0625,67.765625,24.671875,98.9140625,23.6171875,13.921875,8.3203125,15.828125,7.4453125,2.421875,2.2890625,8.578125,7.484375,79.4296875,32.296875,121.5234375,37.5078125,0.75,0.4921875,0.5234375,0.4375,3.9296875,2.4921875,1.2734375,0.6015625,105.5390625,17.1328125,877.96875,22,1,0,1,4,6,2,0,0,1,2,1,2,0,182.88,182.88,170.0,0.5,0.0,0.526875,0.32625,0.394375,0.0,0.3125,0.25,0.0,0.0,138.0,71.8125,75.875,22.5625,191.25,119.9375,79.875,25.5625,6.9375,2.625,0.0,0.0,102.25,44.625,68.4375,16.625,23.625,16.5625,5.125,3.875,12.125,10.625,2.3125,2.0625,89.3125,38.1875,72.8125,20.5,7.6875,4.875,2.9375,1.9375,41.0,28.75,0.125,0.125,482.3125,2.5,867.4375,14,1,5,0,5,5,0,0,0,0,4,0,1,0,182.88,193.04,170.0,35.0,30.0,0,0,0,0,0,0,0,0,0,1,0,0,0,0,0,1,0,0,0,0,0,0,0,1
Red,False,0.0,0.5,0.275,0.32,0.0,0.5,0.5,0.0,0.0,0.0,24.0,7.0,23.5,10.5,24.0,7.0,30.0,15.5,0.0,0.0,1.0,0.5,20.0,4.5,20.0,7.5,2.0,1.0,1.5,1.0,2.0,1.5,2.0,2.0,23.0,6.5,17.5,8.0,1.0,0.5,5.0,2.0,0.0,0.0,1.0,0.5,3.5,84.0,169.5,2,0,0,1,1,1,1,0,0,0,0,0,1,0,187.96,187.96,155.0,0.5,0.0,0.555,0.43,0.13,0.0,0.0,0.0,0.0,0.0,51.0,24.5,55.5,23.5,92.5,59.0,71.0,37.5,9.5,2.5,0.0,0.0,47.0,21.0,53.0,22.5,0.5,0.0,2.5,1.0,3.5,3.5,0.0,0.0,35.0,13.5,38.5,9.5,2.5,1.5,16.5,13.5,13.5,9.5,0.5,0.5,332.5,1.5,460.5,4,0,2,0,2,2,0,0,0,0,1,1,0,0,170.18,180.34,155.0,27.0,30.0,0,0,0,0,0,0,1,0,0,0,0,0,0,0,0,0,0,1,0,0,1,0,0,0
Blue,False,0.0,0.0,0.37,0.55,0.5,0.0,0.0,0.0,0.0,0.0,136.0,51.0,167.0,92.0,160.0,74.0,176.0,100.0,2.0,1.0,0.0,0.0,113.0,33.0,111.0,50.0,16.0,13.0,40.0,29.0,7.0,5.0,16.0,13.0,123.0,43.0,142.0,74.0,13.0,8.0,25.0,18.0,0.0,0.0,0.0,0.0,64.0,73.0,900.0,3,0,0,1,0,0,1,0,0,0,0,0,0,0,200.66,208.28,245.0,0.125,0.515625,0.328515625,0.617421875,0.154921875,0.012265625,0.0,0.2578125,0.0,0.0,29.890625,13.765625,24.1484375,13.15625,34.3515625,17.625,28.6484375,17.5078125,0.9296875,0.3828125,0.2734375,0.0390625,19.484375,6.1796875,19.4140625,9.4140625,9.640625,7.140625,2.671875,2.4453125,0.765625,0.4453125,2.0625,1.296875,18.984375,6.0703125,18.0390625,7.8671875,9.2109375,6.171875,5.765625,4.9453125,1.6953125,1.5234375,0.34375,0.34375,50.8671875,5.4296875,216.3203125,13,0,0,1,1,3,5,0,0,0,1,2,0,0,195.58,193.04,260.0,27.0,37.0,0,0,0,0,1,0,0,0,0,0,0,0,0,0,0,1,0,0,0,0,1,0,0,0
Blue,False,0.03125,0.5,0.5515625,0.3953124999999999,0.1709375,0.015625,0.796875,0.0625,0.5,0.375,59.125,33.53125,78.71875,30.828125,76.8125,49.09375,104.125,54.46875,3.9375,1.40625,0.640625,0.015625,49.5625,26.375,59.171875,18.578125,6.15625,4.25,15.28125,9.21875,3.40625,2.90625,4.265625,3.03125,50.578125,26.5625,63.671875,19.734375,2.3125,1.421875,4.0,1.90625,6.234375,5.546875,11.046875,9.1875,228.125,77.40625,637.875,19,1,0,1,3,5,2,0,0,0,1,0,4,0,175.26,177.8,155.0,0.0,0.0,0.39796875,0.38140625,0.40453125,0.0415625,0.734375,0.09375,0.0,0.25,145.0,55.21875,158.03125,61.53125,166.84375,72.78125,165.140625,67.375,3.78125,1.3125,0.796875,0.09375,133.046875,45.8125,115.25,31.21875,5.59375,4.4375,21.90625,14.640625,6.359375,4.96875,20.875,15.671875,135.4375,48.640625,152.34375,58.15625,4.8125,3.078125,5.671875,3.359375,4.75,3.5,0.015625,0.015625,236.25,47.015625,830.96875,17,0,0,2,3,4,3,0,0,0,2,0,2,0,182.88,185.42,170.0,28.0,27.0,0,0,0,0,0,0,1,0,0,0,0,0,0,0,0,0,0,1,0,0,1,0,0,0
Red,False,0.0,0.0,0.3556249999999999,0.40625,0.45875,0.3125,0.0,0.75,0.0,0.0,74.5,25.1875,50.125,16.5,118.1875,63.75,66.125,29.5,5.75,1.9375,1.8125,0.8125,54.0625,9.875,41.0,10.3125,12.6875,8.375,8.6875,6.125,7.75,6.9375,0.4375,0.0625,56.375,13.1875,38.0,8.125,11.75,8.125,11.125,8.1875,6.375,3.875,1.0,0.1875,332.3125,61.6875,766.9375,14,0,0,1,2,3,2,0,0,1,2,0,0,0,185.42,198.12,185.0,0.078125,1.015625,0.52984375,0.4709375,0.25,0.125,0.625,0.0,0.0,0.0,74.96875,44.53125,51.859375,25.359375,87.0,55.4375,56.875,29.625,1.140625,0.625,1.65625,0.75,57.484375,29.46875,40.578125,14.890625,11.453125,9.671875,6.890625,6.078125,6.03125,5.390625,4.390625,4.390625,44.1875,21.5625,47.4375,21.078125,4.046875,2.984375,2.328125,2.328125,26.734375,19.984375,2.09375,1.953125,111.03125,79.890625,468.421875,12,2,0,1,5,5,2,0,0,0,0,2,3,0,190.5,195.58,205.0,35.0,32.0,0,0,0,0,0,0,0,1,0,0,0,0,0,0,0,1,0,0,0,0,0,0,1,0
Red,False,0.015625,0.0,0.45,0.4275,0.25,0.2,0.148468017578125,0.098388671875,0.0,0.0,66.5,29.6875,64.31230545043945,27.34375,89.75,48.0,85.53125,44.41152191162109,2.0,0.75,2.0546875,0.75,51.1875,18.3359375,49.6123046875,16.280410766601562,7.5,5.07647705078125,7.5,5.0,4.5,3.625,4.984375,3.9375,48.6875,17.0,47.11572265625,16.5,5.75,3.75,5.3125,3.4375,5.0625,3.5,3.875,2.5,99.2119140625,94.125,638.5,0,0,0,0,0,0,0,0,0,0,0,0,0,0,185.42,185.42,251.0,0.0,0.0,0.38,0.4,0.5,0.0,0.5,0.0,0.0,0.0,120.5,58.0,88.5,32.0,124.0,61.0,90.0,33.5,0.5,0.5,0.5,0.0,119.5,57.0,63.0,14.0,1.0,1.0,7.5,3.5,0.0,0.0,18.0,14.5,118.0,56.0,87.5,31.5,2.0,1.5,1.0,0.5,0.5,0.5,0.0,0.0,37.5,5.0,518.0,4,0,2,0,2,2,0,0,0,0,1,0,1,0,193.04,203.2,205.0,36.0,28.0,0,0,0,0,1,0,0,0,0,0,0,0,0,0,0,1,0,0,0,0,1,0,0,0
Blue,False,0.072265625,0.25,0.4648144531249999,0.525791015625,0.041201171875,0.377216796875,0.06640625,0.0634765625,0.1279296875,0.0,29.2060546875,14.5126953125,44.0751953125,21.693359375,32.2900390625,17.5859375,54.6572265625,31.5966796875,0.2177734375,0.0546875,2.25390625,0.7080078125,16.0390625,5.021484375,34.810546875,13.8388671875,3.6064453125,2.3173828125,2.599609375,1.783203125,9.560546875,7.173828125,6.6650390625,6.0712890625,26.3681640625,12.5146484375,25.67578125,10.7265625,0.73046875,0.5595703125,3.1962890625,2.509765625,2.107421875,1.4384765625,15.203125,8.45703125,11.4912109375,94.31640625,322.9296875,22,1,0,2,3,5,6,0,0,0,1,2,0,2,182.88,200.66,185.0,0.125,0.0,0.38703125,0.31484375,0.436640625,0.1753125,0.0,0.296875,0.265625,0.0078125,80.3671875,31.28125,75.3203125,24.7109375,113.0234375,59.3046875,106.53125,53.2890625,1.921875,0.9609375,6.0234375,1.28125,65.9140625,21.671875,56.0234375,11.3828125,12.3359375,7.7734375,12.53125,7.3125,2.1171875,1.8359375,6.765625,6.015625,54.125,12.5625,62.1875,16.2265625,14.5390625,10.59375,9.515625,5.875,11.703125,8.125,3.6171875,2.609375,164.640625,219.0234375,792.5234375,21,0,1,0,5,6,2,0,0,1,4,1,0,0,185.42,195.58,185.0,33.0,28.0,0,0,0,0,0,0,0,1,0,0,0,0,0,0,0,1,0,0,0,0,0,0,1,0
Blue,False,0.0,0.25,0.3875,0.423125,0.2875,0.48,0.4375,0.0,0.0,0.0,85.65625,32.40625,118.75,50.21875,89.15625,35.25,125.6875,54.78125,4.53125,1.21875,4.03125,2.75,65.46875,17.21875,83.25,26.75,11.78125,9.1875,18.90625,10.96875,8.40625,6.0,16.59375,12.5,76.25,26.5,107.90625,45.5625,7.3125,4.3125,5.65625,2.84375,2.09375,1.59375,5.1875,1.8125,64.65625,73.09375,727.53125,14,0,3,0,3,4,2,0,0,0,1,0,3,0,177.8,180.34,170.0,0.0625,0.0,0.353125,0.4325,0.189375,0.7525000000000001,0.0,0.0625,0.1875,0.0,78.0,26.4375,82.125,36.4375,104.625,48.75,115.3125,67.3125,2.6875,0.75,3.4375,2.6875,52.375,12.0,67.5625,27.125,11.5625,5.1875,6.6875,5.0625,14.0625,9.25,7.875,4.25,67.5,19.8125,64.1875,25.5625,1.8125,0.25,2.6875,1.5,8.6875,6.375,15.25,9.375,109.125,213.25,783.6875,11,0,1,0,2,3,2,0,0,1,0,2,0,0,180.34,180.34,155.0,31.0,31.0,0,0,0,0,0,0,1,0,0,0,0,0,0,0,0,1,0,0,0,0,1,0,0,0
Blue,False,0.0127716064453125,4.76837158203125e-07,0.4700127363204956,0.4623818254470825,0.1482226276397705,0.5473323488235473,0.5117897987365723,0.0002479553222656,4.76837158203125e-07,9.5367431640625e-07,163.9311876296997,78.30212926864624,187.5165324211121,87.8407654762268,173.641273021698,87.1978988647461,196.4815764427185,96.0933599472046,4.238963603973389,0.8240032196044922,1.5190305709838867,0.6509556770324707,117.8635320663452,43.28129768371582,149.32469844818115,54.44456338882446,34.71451187133789,24.534464836120605,19.77490329742432,15.498478412628174,11.353143692016602,10.486366748809814,18.416930675506592,17.89772367477417,142.55826568603516,62.89505815505981,172.1570587158203,75.84113836288452,14.365386009216309,10.96083641052246,14.898435115814207,11.58064031600952,7.007535934448242,4.446234703063965,0.461038589477539,0.4189867973327636,151.030255317688,116.66347932815552,925.333951473236,58,3,0,2,5,15,7,0,0,0,9,4,2,0,172.72,177.8,155.0,0.00048828125,0.625,0.496666259765625,0.5666152954101562,0.611478271484375,0.5483731079101563,1.25390625,0.016876220703125,0.007843017578125,0.06396484375,90.56027221679688,51.83233642578125,50.97817993164063,29.20892333984375,127.66305541992188,86.56390380859375,76.71734619140625,51.5882568359375,3.221160888671875,1.1614990234375,4.2476806640625,3.383544921875,69.73382568359375,36.40631103515625,37.957275390625,17.7904052734375,14.69683837890625,10.681549072265623,3.386871337890625,2.81781005859375,6.129608154296875,4.744476318359375,9.634033203125,8.6007080078125,59.403076171875,25.1552734375,31.11444091796875,15.1778564453125,4.729949951171875,4.10992431640625,7.042236328125,4.256866455078125,26.42724609375,22.567138671875,12.821502685546877,9.774200439453123,50.62326049804688,389.9744567871094,730.6659240722656,43,0,1,0,7,12,4,0,0,1,6,4,1,0,190.5,203.2,170.0,32.0,30.0,0,0,0,0,0,0,0,0,0,1,0,0,0,0,0,0,0,1,0,0,1,0,0,0
Blue,False,0.0,0.0,0.26,0.385,0.43,0.0,0.0,0.0,0.0,0.0,146.0,42.0,146.5,56.0,188.0,78.0,203.0,106.5,5.5,2.5,3.0,0.0,136.5,33.5,105.5,23.0,6.5,5.5,21.5,15.5,3.0,3.0,19.5,17.5,133.5,34.5,123.5,41.0,10.5,6.5,19.5,13.5,2.0,1.0,3.5,1.5,375.0,25.0,900.0,6,0,2,0,2,2,0,0,0,1,1,0,0,0,172.72,172.72,135.0,0.03125,0.0703125,0.435546875,0.3043749999999999,0.83203125,0.0,0.875,0.375,0.0,0.03125,28.1328125,11.6953125,17.1328125,9.8203125,37.046875,20.046875,32.734375,24.015625,2.46875,1.875,0.0,0.0,23.5,8.0703125,14.65625,7.6171875,3.7734375,2.890625,1.09375,0.8203125,0.859375,0.734375,1.3828125,1.3828125,17.609375,4.9765625,11.5625,5.2890625,2.109375,1.7109375,0.9453125,0.28125,8.4140625,5.0078125,4.625,4.25,112.0859375,106.9140625,322.9375,15,1,1,0,3,5,3,0,0,1,1,1,2,0,167.64,167.64,135.0,26.0,36.0,0,0,0,0,0,0,0,0,0,0,1,0,0,0,0,1,0,0,0,0,1,0,0,0
Red,False,0.5,0.5,0.61,0.4599999999999999,0.5,0.0,0.5,0.0,0.0,0.0,21.0,13.5,15.5,7.5,33.5,24.5,30.5,19.5,1.0,1.0,1.5,0.0,14.0,9.0,10.0,2.5,2.5,2.0,4.0,3.5,4.5,2.5,1.5,1.5,8.0,4.0,11.0,3.5,7.5,4.0,4.0,4.0,5.5,5.5,0.5,0.0,173.0,3.0,248.5,2,0,2,0,2,2,0,0,0,0,0,1,1,0,190.5,200.66,205.0,0.6875,0.5,0.44015625,0.366328125,0.088515625,0.0,0.015625,0.0,0.0,0.0,30.734375,13.140625,36.5625,13.546875,33.3046875,15.6796875,40.3515625,16.8359375,5.546875,0.78125,0.75,0.0,23.7890625,9.0390625,29.109375,10.46875,5.1796875,3.1015625,5.703125,1.8359375,1.765625,1.0,1.75,1.2421875,23.5390625,8.734375,34.78125,12.3046875,5.0078125,3.0,1.515625,1.015625,2.1875,1.40625,0.265625,0.2265625,83.640625,3.484375,459.375,13,0,0,1,3,5,3,0,0,0,1,3,1,0,177.8,185.42,205.0,25.0,34.0,0,0,0,0,0,1,0,0,0,0,0,0,0,0,0,1,0,0,0,0,1,0,0,0
Blue,False,0.0,0.0,0.41,0.5,0.0,0.165,0.0,1.0,0.0,0.0,135.5,55.0,190.5,97.0,142.0,61.5,247.5,146.5,7.0,0.0,5.5,1.5,100.0,31.0,174.5,86.5,25.0,15.0,15.0,9.5,10.5,9.0,1.0,1.0,115.0,39.0,161.0,75.5,17.0,14.0,19.0,14.5,3.5,2.0,10.5,7.0,136.0,211.5,900.0,6,0,0,1,1,1,1,0,0,1,0,0,0,0,182.88,177.8,145.0,0.0,0.0,0.33,0.11,1.0,0.0,0.0,0.0,0.0,0.0,163.0,55.0,87.0,10.0,168.0,60.0,88.0,10.0,1.0,1.0,0.0,0.0,120.0,25.0,80.0,9.0,25.0,12.0,5.0,0.0,18.0,18.0,2.0,1.0,159.0,53.0,84.0,9.0,4.0,2.0,3.0,1.0,0.0,0.0,0.0,0.0,15.0,26.0,900.0,3,0,1,0,1,1,0,0,0,0,1,0,0,0,167.64,167.64,145.0,28.0,31.0,0,0,1,0,0,0,0,0,0,0,0,0,0,0,0,0,0,1,0,0,0,0,1,0
Red,False,0.0,0.05859375,0.2554296875,0.4612109375,0.28140625,0.287578125,0.6484375,0.5,0.03515625,0.63671875,117.55859375,21.46875,132.1953125,67.12109375,130.859375,32.21875,160.05859375,91.9296875,7.78515625,2.55078125,1.79296875,0.6953125,96.42578125,9.1328125,110.359375,49.9921875,9.8359375,2.9609375,14.67578125,11.07421875,11.296875,9.375,7.16015625,6.0546875,111.3515625,17.49609375,102.05859375,45.93359375,2.58203125,1.3046875,9.9921875,5.0078125,3.625,2.66796875,20.14453125,16.1796875,181.82421875,92.4296875,784.8125,23,1,1,0,3,6,3,0,0,0,4,0,2,0,162.56,165.1,125.0,0.53125,0.25,0.365,0.3721875,0.4328125,0.0,0.03125,0.0,0.0,0.0,131.875,48.5625,151.375,47.34375,144.15625,60.03125,158.21875,53.875,5.34375,1.25,0.46875,0.0,93.46875,20.78125,113.34375,26.78125,29.3125,21.71875,24.125,14.25,9.09375,6.0625,13.90625,6.3125,111.0,36.84375,141.125,40.78125,19.75,11.03125,9.6875,6.5,1.125,0.6875,0.5625,0.0625,61.71875,7.75,717.25,16,1,4,0,4,4,2,0,0,1,3,0,0,0,162.56,162.56,135.0,32.0,30.0,0,0,0,1,0,0,0,0,0,0,0,0,0,0,0,0,0,1,0,0,1,0,0,0
Red,True,0.0,0.0,0.6387499999999999,0.58375,0.7849999999999999,0.1725,0.5,0.25,0.125,0.0,68.625,35.75,85.875,35.25,101.875,68.0,142.75,83.25,4.0,2.375,3.75,0.875,45.375,18.875,47.125,10.375,8.875,5.625,22.75,14.75,14.375,11.25,16.0,10.125,55.625,24.75,61.75,16.5,7.375,6.375,17.5,14.25,5.625,4.625,6.625,4.5,178.75,277.5,884.5,13,0,1,0,2,3,1,0,0,1,1,0,1,0,165.1,167.64,125.0,0.09375,0.0,0.5890625,0.376953125,0.056796875,0.140625,0.5625,0.046875,0.0,0.125,53.4921875,31.0625,21.421875,8.5625,58.75,35.3984375,26.4375,13.03125,0.828125,0.2890625,1.609375,0.171875,45.0234375,25.1015625,18.1015625,6.8359375,4.53125,3.1796875,1.9765625,1.25,3.9375,2.78125,1.34375,0.4765625,43.40625,24.6171875,18.1953125,6.4375,1.921875,0.828125,1.4921875,0.75,8.1640625,5.6171875,1.734375,1.375,49.3125,16.890625,213.421875,12,2,2,0,5,7,1,0,0,0,1,4,2,0,172.72,175.26,145.0,29.0,29.0,0,0,0,0,0,0,0,0,0,0,1,0,0,0,0,0,0,1,0,0,1,0,0,0
Red,False,0.0,0.0,0.44875,0.39875,0.225,0.2875,0.0,0.25,0.0,0.0,151.875,60.5,146.5,48.5,185.625,88.75,161.875,61.875,4.25,0.75,2.875,0.75,107.5,24.0,129.875,34.625,24.5,19.0,10.875,9.0,19.875,17.5,5.75,4.875,118.25,34.375,130.25,37.0,22.375,17.625,15.375,11.0,11.25,8.5,0.875,0.5,122.5,162.0,791.375,10,0,0,1,2,2,2,0,0,1,0,1,0,0,172.72,170.18,135.0,0.0,0.0,0.38,0.485,0.25,0.875,0.5,0.0,0.5,0.5,45.0,16.5,59.0,31.0,105.0,73.0,146.0,111.5,5.0,0.5,3.5,3.0,40.5,14.0,47.5,20.5,2.0,0.5,8.0,7.0,2.5,2.0,3.5,3.5,36.5,11.5,28.5,11.0,6.0,3.5,0.0,0.0,2.5,1.5,30.5,20.0,96.5,600.0,900.0,6,0,1,0,1,1,1,0,0,0,1,0,0,0,170.18,170.18,135.0,30.0,29.0,0,0,0,0,0,0,0,0,0,0,1,0,0,0,0,1,0,0,0,0,1,0,0,0
Red,False,0.0,0.0625,0.3,0.428125,0.14,0.5775,0.0,0.25,0.0,0.125,134.0625,40.8125,112.625,46.375,157.6875,61.25,123.5625,56.0,3.875,0.25,3.875,1.3125,121.6875,33.9375,76.3125,21.75,9.75,5.3125,17.0625,9.25,2.625,1.5625,19.25,15.375,126.375,36.4375,105.5625,42.8125,6.125,2.9375,2.3125,1.4375,1.5625,1.4375,4.75,2.125,39.9375,84.625,876.625,16,2,0,1,1,1,4,0,0,0,1,0,0,0,175.26,185.42,145.0,0.3145147562026977,0.0004959106445312,0.3013222438097,0.5321669995784759,0.0065420842170715,0.387053462266922,0.2512214183807373,0.5635563135147095,0.0001242160797119,0.2500013709068298,169.33834105730057,48.739193975925446,106.34431433677672,56.52311843633652,183.32829213142395,62.57069516181946,115.42447364330292,64.77894949913025,1.5165503025054932,0.0261476039886474,7.522026538848877,2.626051247119904,139.4183160662651,27.056224822998047,77.72371637821198,34.38902598619461,8.994646906852722,6.414174199104309,8.50467300415039,5.29309356212616,20.92537808418274,15.26879495382309,20.115924954414368,16.840998888015747,161.22793036699295,43.57666254043579,97.51206052303314,50.55418264865875,7.154120206832886,4.39414644241333,4.658218860626221,2.6553890705108643,0.9562904834747314,0.7683849930763245,4.174034953117371,3.3135467171669006,35.60497373342514,186.61257845163345,894.2418763637543,68,0,0,1,3,12,13,0,0,1,5,5,0,1,175.26,180.34,145.0,35.0,31.0,0,0,1,0,0,0,0,0,0,0,0,0,0,0,0,1,0,0,0,0,1,0,0,0
Blue,False,0.0625,0.1875,0.39375,0.39125,0.14625,0.24,0.125,0.25,0.625,0.0,90.3125,36.125,81.3125,27.1875,110.1875,53.375,123.5625,61.1875,2.125,0.875,3.6875,1.375,62.6875,17.625,64.1875,16.8125,21.0,13.125,11.8125,6.9375,6.625,5.375,5.3125,3.4375,75.6875,27.6875,63.125,16.5,13.625,7.6875,9.125,4.875,1.0,0.75,9.0625,5.8125,47.1875,442.25,838.5,13,0,1,0,1,2,3,0,0,0,1,1,0,0,182.88,180.34,155.0,0.0,0.5,0.3434375,0.4706249999999999,0.0115625,0.3299999999999999,0.15625,0.78125,0.09375,0.125,46.03125,21.03125,44.59375,21.4375,59.21875,32.3125,63.5625,38.21875,1.40625,0.09375,2.59375,1.4375,31.875,10.875,39.5,17.5,5.75,4.125,4.25,3.09375,8.40625,6.03125,0.84375,0.84375,40.21875,16.71875,33.21875,13.40625,5.0,4.0625,2.84375,2.1875,0.8125,0.25,8.53125,5.84375,58.25,166.6875,384.5,14,0,0,2,2,2,4,0,0,0,1,0,1,0,177.8,185.42,155.0,28.0,31.0,0,0,0,0,0,0,1,0,0,0,0,0,0,0,0,0,0,1,0,0,1,0,0,0
Red,False,0.3125,0.03125,0.403125,0.2909374999999999,0.125,0.03125,0.03125,0.0,0.0,0.0,51.09375,20.71875,53.90625,16.3125,53.125,22.09375,54.0625,16.46875,0.53125,0.40625,1.0625,0.03125,32.21875,6.5,37.8125,6.59375,5.5,3.34375,10.65625,5.25,13.375,10.875,5.4375,4.46875,50.1875,20.28125,53.03125,15.6875,0.15625,0.0,0.875,0.625,0.75,0.4375,0.0,0.0,22.5625,1.5625,621.21875,11,0,1,0,3,4,2,0,0,1,0,2,1,0,177.8,182.88,155.0,0.5,0.5,0.445,0.3725,0.1775,0.185,0.25,0.0,0.25,0.5,87.5,40.75,66.0,24.0,90.25,42.5,96.0,53.25,5.0,1.75,4.75,0.75,76.25,33.0,53.25,17.0,8.0,4.75,7.0,2.5,3.25,3.0,5.75,4.5,59.0,20.5,54.25,17.0,4.75,4.25,3.0,1.5,23.75,16.0,8.75,5.5,156.0,142.5,855.25,9,0,0,1,2,2,1,0,0,0,2,0,0,0,180.34,190.5,155.0,34.0,33.0,0,0,0,0,0,0,1,0,0,0,0,0,0,0,0,0,0,1,0,0,1,0,0,0
Blue,False,0.015625,0.0,0.45,0.4275,0.25,0.2,0.148468017578125,0.098388671875,0.0,0.0,66.5,29.6875,64.31230545043945,27.34375,89.75,48.0,85.53125,44.41152191162109,2.0,0.75,2.0546875,0.75,51.1875,18.3359375,49.6123046875,16.280410766601562,7.5,5.07647705078125,7.5,5.0,4.5,3.625,4.984375,3.9375,48.6875,17.0,47.11572265625,16.5,5.75,3.75,5.3125,3.4375,5.0625,3.5,3.875,2.5,99.2119140625,94.125,638.5,0,0,0,0,0,0,0,0,0,0,0,0,0,0,185.42,190.5,245.0,0.0,0.125,0.5475,0.5475,0.4225,0.25,1.125,0.0,0.0,0.0,32.125,17.875,46.375,30.625,83.375,57.5,117.375,93.25,8.625,3.25,1.125,0.5,26.375,12.625,39.5,24.125,3.75,3.75,6.0,5.875,2.0,1.5,0.875,0.625,11.75,3.625,22.25,8.5,10.125,7.5,12.875,11.875,10.25,6.75,11.25,10.25,471.25,86.625,722.375,10,0,0,1,2,2,2,0,0,0,0,0,2,0,187.96,187.96,243.0,31.0,24.0,0,0,0,0,1,0,0,0,0,0,0,0,0,0,0,1,0,0,0,0,1,0,0,0
Red,False,0.015625,0.0,0.45,0.4275,0.25,0.2,0.148468017578125,0.098388671875,0.0,0.0,66.5,29.6875,64.31230545043945,27.34375,89.75,48.0,85.53125,44.41152191162109,2.0,0.75,2.0546875,0.75,51.1875,18.3359375,49.6123046875,16.280410766601562,7.5,5.07647705078125,7.5,5.0,4.5,3.625,4.984375,3.9375,48.6875,17.0,47.11572265625,16.5,5.75,3.75,5.3125,3.4375,5.0625,3.5,3.875,2.5,99.2119140625,94.125,638.5,0,0,0,0,0,0,0,0,0,0,0,0,0,0,162.56,172.72,135.0,0.0,0.03125,0.4584375,0.38875,0.375,0.5,0.40625,0.0,0.0,0.0,129.59375,60.59375,101.09375,37.75,190.9375,106.34375,123.96875,55.78125,0.375,0.375,3.40625,1.6875,108.0,43.96875,72.21875,17.1875,12.71875,10.03125,19.96875,13.0625,8.875,6.59375,8.90625,7.5,91.0625,31.03125,92.21875,33.34375,16.875,11.0625,5.0,2.90625,21.65625,18.5,3.875,1.5,187.125,149.875,846.1875,16,0,2,0,2,3,3,0,0,0,1,1,1,0,167.64,172.72,135.0,30.0,40.0,0,0,0,0,0,0,0,0,0,0,1,0,0,0,0,1,0,0,0,0,1,0,0,0
Red,False,0.5,0.0,0.395,0.3925,0.2125,0.41,0.375,0.0,0.125,0.25,98.75,39.75,114.0,37.5,161.375,99.5,148.875,69.125,3.125,0.75,4.375,1.625,72.25,21.125,103.875,29.5,8.625,5.375,6.125,4.875,17.875,13.25,4.0,3.125,94.0,36.5,105.625,30.75,4.0,2.5,3.0,2.375,0.75,0.75,5.375,4.375,36.625,288.875,888.5,12,0,1,0,1,2,2,0,0,0,1,1,0,0,182.88,193.04,170.0,0.75,0.0,0.5075,0.3875,0.33,0.125,0.0,0.5,0.0,0.0,66.75,34.0,108.25,40.5,68.5,35.25,123.0,54.25,2.75,1.0,4.25,0.5,55.0,24.25,90.5,28.25,7.5,5.5,7.5,4.5,4.25,4.25,10.25,7.75,50.25,21.5,74.0,14.75,4.75,3.25,24.75,18.5,11.75,9.25,9.5,7.25,115.25,108.25,774.25,8,0,1,0,1,2,1,0,0,0,1,1,0,0,182.88,187.96,185.0,28.0,24.0,0,0,0,0,0,0,0,0,0,1,0,0,0,0,0,0,0,1,0,0,0,0,1,0
Red,False,0.015625,0.0,0.45,0.4275,0.25,0.2,0.148468017578125,0.098388671875,0.0,0.0,66.5,29.6875,64.31230545043945,27.34375,89.75,48.0,85.53125,44.41152191162109,2.0,0.75,2.0546875,0.75,51.1875,18.3359375,49.6123046875,16.280410766601562,7.5,5.07647705078125,7.5,5.0,4.5,3.625,4.984375,3.9375,48.6875,17.0,47.11572265625,16.5,5.75,3.75,5.3125,3.4375,5.0625,3.5,3.875,2.5,99.2119140625,94.125,638.5,0,0,0,0,0,0,0,0,0,0,0,0,0,0,190.5,203.2,185.0,0.125,0.0,0.50875,0.45875,0.625,0.3625,0.5,0.125,0.5,0.0,102.5,54.0,56.25,29.625,164.125,109.25,110.125,79.25,2.0,1.75,5.5,1.625,82.75,39.625,39.375,17.0,15.5,11.75,9.0,5.75,4.25,2.625,7.875,6.875,48.625,15.375,32.75,15.75,21.5,15.0,14.0,8.5,32.375,23.625,9.5,5.375,278.5,186.5,768.25,10,0,1,0,1,2,2,0,0,0,0,1,1,0,180.34,185.42,170.0,25.0,33.0,0,0,0,0,0,0,0,1,0,0,0,0,0,0,0,1,0,0,0,0,1,0,0,0
Red,False,0.015625,0.0,0.45,0.4275,0.25,0.2,0.148468017578125,0.098388671875,0.0,0.0,66.5,29.6875,64.31230545043945,27.34375,89.75,48.0,85.53125,44.41152191162109,2.0,0.75,2.0546875,0.75,51.1875,18.3359375,49.6123046875,16.280410766601562,7.5,5.07647705078125,7.5,5.0,4.5,3.625,4.984375,3.9375,48.6875,17.0,47.11572265625,16.5,5.75,3.75,5.3125,3.4375,5.0625,3.5,3.875,2.5,99.2119140625,94.125,638.5,0,0,0,0,0,0,0,0,0,0,0,0,0,0,172.72,175.26,145.0,0.015625,0.0,0.574921875,0.67484375,0.594453125,0.09921875,0.625,0.09375,0.125,0.125,76.84375,37.9609375,51.4921875,19.3125,88.6328125,47.828125,58.625,26.0234375,6.5390625,3.40625,1.6953125,0.3984375,58.8359375,25.5859375,40.8828125,10.7890625,9.2890625,5.8515625,5.3203125,4.359375,8.71875,6.5234375,5.2890625,4.1640625,58.421875,25.6484375,47.1171875,16.6015625,11.53125,6.9375,3.203125,1.8984375,6.890625,5.375,1.171875,0.8125,128.171875,35.5625,501.0,22,0,0,1,4,6,2,0,0,2,3,0,1,0,167.64,170.18,170.0,23.0,36.0,0,0,0,0,0,0,1,0,0,0,0,0,0,0,0,1,0,0,0,0,1,0,0,0
Red,False,0.0,0.0,0.45,0.28,0.5,0.0,0.0,0.0,0.0,0.0,124.0,57.0,142.0,41.0,135.0,66.0,144.0,43.0,2.0,1.0,1.0,0.0,113.0,51.0,99.0,13.0,5.0,2.0,20.0,10.0,6.0,4.0,23.0,18.0,121.0,54.0,142.0,41.0,0.0,0.0,0.0,0.0,3.0,3.0,0.0,0.0,33.0,0.0,900.0,3,0,1,0,1,1,0,0,0,1,0,0,0,0,177.8,185.42,155.0,0.0078125,0.140625,0.4025390625,0.302578125,0.5898828125,0.053125,0.0078125,0.03125,0.125,0.140625,90.5625,36.46875,71.59375,22.03125,131.68359375,74.01171875,91.50390625,39.48046875,7.078125,3.7578125,1.875,0.1796875,74.60546875,27.0,45.50390625,5.95703125,5.8984375,3.96484375,14.3203125,7.69140625,10.05859375,5.50390625,11.76953125,8.3828125,70.72265625,23.31640625,67.953125,20.578125,2.0703125,0.5703125,2.671875,1.2734375,17.76953125,12.58203125,0.96875,0.1796875,303.56640625,37.3203125,895.27734375,24,0,3,0,4,7,2,0,0,0,5,1,0,1,172.72,185.42,155.0,27.0,30.0,0,0,0,0,0,0,1,0,0,0,0,0,0,0,0,0,0,1,0,0,1,0,0,0
Red,False,0.2520751953125,0.0162200927734375,0.5277490234375,0.3549710083007812,0.3769989013671875,0.1025103759765625,0.5218887329101562,0.0006256103515625,0.0163803100585937,0.015655517578125,34.963706970214844,18.703277587890625,29.99114990234375,14.48834228515625,38.06733703613281,21.52515411376953,39.32872772216797,22.75433349609375,2.1270065307617188,1.1269989013671875,2.3680572509765625,0.6180572509765625,22.326515197753903,10.746910095214844,19.63629150390625,7.636039733886719,10.95404052734375,6.310874938964844,5.341667175292969,2.508544921875,1.6831512451171875,1.6454925537109375,5.013191223144531,4.343757629394531,27.54991149902344,13.260108947753906,25.16333770751953,11.27490234375,1.9949417114257808,1.2523269653320312,2.979461669921875,2.103912353515625,5.418853759765625,4.190841674804688,1.848350524902344,1.109527587890625,91.35008239746094,114.85775756835938,398.33678436279297,32,0,0,1,4,12,6,0,1,0,1,5,5,0,210.82,213.36,265.0,0.0,0.5,0.6000000000000001,0.4649999999999999,0.25,0.12,0.0,0.0,0.0,0.0,133.0,83.5,80.0,37.5,163.0,108.0,95.5,51.0,1.0,0.5,8.0,1.0,101.5,56.0,67.5,27.0,23.0,19.0,8.0,7.0,8.5,8.5,4.5,3.5,112.5,68.0,55.5,19.0,20.5,15.5,8.5,7.0,0.0,0.0,16.0,11.5,124.0,272.5,900.0,6,0,2,0,2,2,0,0,0,1,1,0,0,0,200.66,203.2,250.0,29.0,28.0,0,0,0,0,1,0,0,0,0,0,0,0,0,0,0,1,0,0,0,0,1,0,0,0
Red,False,0.53125,0.0,0.5278125,0.4275,0.0728125,0.20625,0.0625,0.125,0.0,0.0,92.25,45.78125,73.8125,37.375,118.34375,70.09375,81.71875,43.65625,0.28125,0.09375,5.0,3.15625,75.375,32.875,58.25,25.21875,5.21875,3.5625,11.4375,8.21875,11.65625,9.34375,4.125,3.9375,71.65625,31.4375,66.28125,31.0625,14.53125,9.125,5.625,4.4375,6.0625,5.21875,1.90625,1.875,46.5,161.0,526.125,15,0,1,0,2,4,2,0,0,0,1,2,1,0,182.88,182.88,170.0,0.046875,0.0,0.4628125,0.44078125,0.2825,0.21515625,0.375,0.015625,0.03125,0.0,80.15625,36.8125,53.515625,24.65625,107.140625,58.359375,76.78125,46.8125,9.0,2.5,6.078125,1.921875,63.421875,25.25,41.46875,15.96875,13.734375,9.3125,8.1875,5.765625,3.0,2.25,3.859375,2.921875,67.78125,28.640625,47.1875,20.1875,7.640625,5.25,3.140625,2.171875,4.734375,2.921875,3.1875,2.296875,265.140625,263.8125,856.3125,19,0,0,1,3,5,2,0,0,0,3,1,1,0,187.96,187.96,170.0,28.0,26.0,0,0,0,0,0,0,0,0,0,1,0,0,0,0,0,0,0,1,0,0,0,0,1,0
Red,False,1.0,0.0,0.44,0.69,0.0,0.0,0.0,0.0,0.0,0.0,25.0,11.0,13.0,9.0,27.0,13.0,14.0,10.0,0.0,0.0,0.0,0.0,19.0,6.0,4.0,1.0,5.0,4.0,2.0,1.0,1.0,1.0,7.0,7.0,13.0,6.0,12.0,8.0,5.0,3.0,1.0,1.0,7.0,2.0,0.0,0.0,4.0,0.0,73.0,1,0,1,0,1,1,0,0,0,0,0,1,0,0,182.88,195.58,155.0,0.8125,0.03125,0.4965625,0.3184375,0.1471875,0.0084375,0.0,0.0,0.0,0.0,53.8125,25.28125,40.34375,12.96875,55.15625,26.4375,41.71875,14.09375,0.46875,0.40625,2.25,0.09375,42.65625,17.3125,34.125,8.09375,6.09375,3.375,3.8125,2.75,5.0625,4.59375,2.40625,2.125,47.3125,21.28125,38.125,11.9375,1.1875,0.6875,1.75,0.71875,5.3125,3.3125,0.46875,0.3125,21.84375,15.375,311.8125,12,0,1,0,4,5,1,0,0,0,1,4,0,0,175.26,185.42,155.0,33.0,29.0,0,0,0,0,0,0,1,0,0,0,0,0,0,0,0,1,0,0,0,0,1,0,0,0
Blue,False,0.015625,0.0,0.45,0.4275,0.25,0.2,0.148468017578125,0.098388671875,0.0,0.0,66.5,29.6875,64.31230545043945,27.34375,89.75,48.0,85.53125,44.41152191162109,2.0,0.75,2.0546875,0.75,51.1875,18.3359375,49.6123046875,16.280410766601562,7.5,5.07647705078125,7.5,5.0,4.5,3.625,4.984375,3.9375,48.6875,17.0,47.11572265625,16.5,5.75,3.75,5.3125,3.4375,5.0625,3.5,3.875,2.5,99.2119140625,94.125,638.5,0,0,0,0,0,0,0,0,0,0,0,0,0,0,193.04,198.12,205.0,0.0,0.0,0.369375,0.51640625,0.34328125,0.226875,0.0,0.125,0.0,0.125,46.71875,22.796875,61.71875,28.953125,65.171875,39.234375,91.234375,54.625,8.140625,3.890625,3.390625,0.765625,33.765625,11.890625,41.78125,14.46875,6.53125,5.3125,9.375,7.34375,6.421875,5.59375,10.5625,7.140625,32.109375,14.0625,39.546875,12.265625,12.296875,7.796875,15.484375,11.671875,2.3125,0.9375,6.6875,5.015625,122.796875,177.53125,647.375,18,0,1,0,2,4,3,0,0,0,4,0,0,0,185.42,190.5,205.0,25.0,37.0,0,0,0,0,0,1,0,0,0,0,0,0,0,0,0,1,0,0,0,0,1,0,0,0
Blue,False,0.015625,0.0,0.45,0.4275,0.25,0.2,0.148468017578125,0.098388671875,0.0,0.0,66.5,29.6875,64.31230545043945,27.34375,89.75,48.0,85.53125,44.41152191162109,2.0,0.75,2.0546875,0.75,51.1875,18.3359375,49.6123046875,16.280410766601562,7.5,5.07647705078125,7.5,5.0,4.5,3.625,4.984375,3.9375,48.6875,17.0,47.11572265625,16.5,5.75,3.75,5.3125,3.4375,5.0625,3.5,3.875,2.5,99.2119140625,94.125,638.5,0,0,0,0,0,0,0,0,0,0,0,0,0,0,185.42,185.42,145.0,0.0471682548522949,0.0,0.45,0.4217682266235352,0.25,0.19173828125,0.1875,0.125,0.0,0.0,69.5,30.5,66.984375,27.8466796875,94.0,48.544921875,88.50390625,44.75,2.0,0.8125,2.015625,0.6640625,54.0,19.01513671875,51.483436584472656,16.9437255859375,7.91796875,5.430633544921875,7.75,5.0625,4.780975341796875,3.9373779296875,4.8994140625,3.84375,51.025390625,18.400863647460938,50.515625,17.5,5.75,3.75,5.5,3.5,5.375,3.6875,4.0,2.65625,104.865234375,89.5,655.8441009521484,0,0,0,0,0,0,0,0,0,0,0,0,0,0,177.8,175.26,145.0,26.0,28.0,0,0,1,0,0,0,0,0,0,0,0,0,0,0,0,1,0,0,0,0,1,0,0,0
Red,False,0.0,0.625,0.50625,0.56875,0.25,0.375,1.0,0.0,0.125,0.0,23.0,12.25,30.375,13.875,43.75,31.375,40.0,22.0,0.875,0.5,1.625,1.5,17.0,7.25,26.0,10.75,4.625,3.875,3.375,2.125,1.375,1.125,1.0,1.0,14.125,5.375,19.25,7.375,6.625,4.875,5.0,2.625,2.25,2.0,6.125,3.875,68.625,147.375,352.25,8,0,1,0,1,2,2,0,0,2,0,0,0,0,180.34,177.8,155.0,0.0,1.25,0.2299999999999999,0.5549999999999999,0.0,0.0925,0.0,0.5,0.25,0.0,25.5,9.25,35.5,21.0,34.5,17.75,46.5,31.0,0.0,0.0,2.0,0.75,22.75,7.0,32.0,18.0,1.25,0.75,2.0,1.5,1.5,1.5,1.5,1.5,20.25,5.5,20.5,11.0,2.25,1.0,3.25,1.25,3.0,2.75,11.75,8.75,6.75,131.0,241.0,5,0,0,3,0,0,3,0,0,0,0,0,0,0,177.8,182.88,155.0,31.0,30.0,0,0,0,0,0,0,1,0,0,0,0,0,0,0,0,0,0,1,0,0,1,0,0,0
Blue,False,0.015625,0.0,0.45,0.4275,0.25,0.2,0.148468017578125,0.098388671875,0.0,0.0,66.5,29.6875,64.31230545043945,27.34375,89.75,48.0,85.53125,44.41152191162109,2.0,0.75,2.0546875,0.75,51.1875,18.3359375,49.6123046875,16.280410766601562,7.5,5.07647705078125,7.5,5.0,4.5,3.625,4.984375,3.9375,48.6875,17.0,47.11572265625,16.5,5.75,3.75,5.3125,3.4375,5.0625,3.5,3.875,2.5,99.2119140625,94.125,638.5,0,0,0,0,0,0,0,0,0,0,0,0,0,0,187.96,187.96,205.0,0.0,0.5,0.45,0.415,0.0,0.0,0.0,0.0,0.0,0.0,30.0,12.5,57.5,24.5,35.5,17.0,110.0,74.0,0.5,0.0,0.5,0.0,16.5,3.0,45.5,14.5,6.5,4.5,9.5,9.0,7.0,5.0,2.5,1.0,26.5,10.0,34.0,11.5,3.5,2.5,11.0,7.5,0.0,0.0,12.5,5.5,33.0,169.0,409.5,4,0,0,2,0,0,2,0,0,0,0,0,0,0,180.34,185.42,205.0,25.0,37.0,0,0,0,0,0,1,0,0,0,0,0,0,0,0,0,1,0,0,0,0,1,0,0,0
Red,False,0.0,0.0,0.5375,0.3875,0.225,0.65,0.5,0.75,0.25,0.0,45.0,25.5,43.75,14.5,58.0,38.5,52.0,22.0,7.0,2.0,3.75,1.25,32.25,15.25,31.75,6.0,8.5,7.0,6.75,4.25,4.25,3.25,5.25,4.25,20.0,8.75,33.75,8.5,18.75,11.75,9.5,6.0,6.25,5.0,0.5,0.0,70.75,21.25,384.25,5,0,0,1,2,2,1,0,0,0,1,1,0,0,157.48000000000002,162.56,125.0,0.0,0.5,0.3409375,0.3584765625,0.33845703125,0.18384765625,0.03125,1.537109375,1.26953125,0.75390625,70.037109375,25.05078125,64.408203125,23.52734375,119.0546875,69.408203125,84.2890625,39.9609375,8.525390625,3.25390625,4.46875,1.78125,50.78515625,11.92578125,50.791015625,12.578125,10.162109375,6.134765625,8.732421875,6.998046875,9.08984375,6.990234375,4.884765625,3.951171875,49.693359375,11.3515625,48.537109375,12.404296875,11.271484375,6.55078125,8.044921875,6.51953125,9.072265625,7.1484375,7.826171875,4.603515625,316.19140625,183.375,718.990234375,29,0,1,0,2,5,5,0,0,3,0,2,0,0,165.1,165.1,125.0,31.0,28.0,0,0,0,1,0,0,0,0,0,0,0,0,0,0,0,1,0,0,0,0,1,0,0,0
Red,False,0.0,0.0,0.39,0.42,0.0,0.33,0.0,0.0,0.0,0.0,116.0,46.0,132.0,56.0,148.0,73.0,172.0,79.0,1.0,0.0,3.0,1.0,81.0,25.0,103.0,34.0,25.0,14.0,2.0,2.0,10.0,7.0,27.0,20.0,103.0,34.0,122.0,47.0,3.0,2.0,4.0,3.0,10.0,10.0,6.0,6.0,138.0,282.0,900.0,3,0,0,1,0,0,1,0,0,0,0,0,0,0,175.26,177.8,135.0,0.0,0.0625,0.428125,0.25875,0.19625,0.088125,0.0625,0.4375,0.0,0.0625,119.8125,49.75,128.3125,43.375,136.0,63.6875,130.1875,45.0,1.6875,0.5625,1.75,0.4375,101.9375,37.0625,93.5625,20.25,2.9375,2.4375,7.5625,4.1875,14.9375,10.25,27.1875,18.9375,92.1875,32.75,119.0625,40.625,5.75,2.25,6.8125,1.5625,21.875,14.75,2.4375,1.1875,59.125,28.375,639.4375,10,1,1,0,2,3,2,0,0,0,1,2,0,0,167.64,170.18,145.0,28.0,27.0,1,0,0,0,0,0,0,0,0,0,0,0,0,0,0,1,0,0,0,0,1,0,0,0
Blue,False,0.5,0.5,0.28,0.4549999999999999,0.125,0.0,1.0,1.0,0.0,0.0,66.5,14.5,72.5,26.5,74.0,20.5,74.0,28.0,2.5,0.5,0.0,0.0,49.5,7.5,60.5,17.5,9.0,3.5,7.5,5.0,8.0,3.5,4.5,4.0,59.5,11.5,64.5,23.5,5.0,2.0,3.5,1.5,2.0,1.0,4.5,1.5,85.5,4.5,435.0,3,0,1,0,1,1,1,0,0,0,0,0,1,0,182.88,193.04,170.0,0.70703125,0.046875,0.52625,0.4246093749999999,0.115625,0.349609375,0.0,0.50390625,0.0,0.0,77.03515625,40.328125,61.37109375,24.78125,80.35546875,43.2734375,71.76953125,33.5390625,1.265625,0.515625,2.12109375,0.8203125,45.34375,17.30859375,53.3515625,19.19140625,16.3984375,8.46484375,4.578125,2.6015625,15.29296875,14.5546875,3.44140625,2.98828125,69.66796875,35.26953125,54.8984375,20.2109375,2.625,2.11328125,3.62890625,2.125,4.7421875,2.9453125,2.84375,2.4453125,33.6640625,117.76953125,544.09765625,18,0,1,0,3,6,3,0,0,0,3,3,0,0,182.88,185.42,170.0,27.0,35.0,0,0,0,0,0,0,0,0,0,1,0,0,0,0,0,1,0,0,0,0,0,0,1,0
Blue,False,0.015625,0.0,0.45,0.4275,0.25,0.2,0.148468017578125,0.098388671875,0.0,0.0,66.5,29.6875,64.31230545043945,27.34375,89.75,48.0,85.53125,44.41152191162109,2.0,0.75,2.0546875,0.75,51.1875,18.3359375,49.6123046875,16.280410766601562,7.5,5.07647705078125,7.5,5.0,4.5,3.625,4.984375,3.9375,48.6875,17.0,47.11572265625,16.5,5.75,3.75,5.3125,3.4375,5.0625,3.5,3.875,2.5,99.2119140625,94.125,638.5,0,0,0,0,0,0,0,0,0,0,0,0,0,0,180.34,180.34,145.0,1.0,0.0,0.46,0.42,0.0,0.16,0.0,0.0,0.0,0.0,121.0,56.0,68.0,29.0,129.0,64.0,68.0,29.0,0.0,0.0,6.0,1.0,97.0,40.0,49.0,14.0,21.0,14.0,16.0,12.0,3.0,2.0,3.0,3.0,114.0,52.0,64.0,27.0,4.0,2.0,4.0,2.0,3.0,2.0,0.0,0.0,2.0,34.0,415.0,2,1,1,0,1,1,0,0,0,0,0,1,0,0,172.72,180.34,145.0,22.0,23.0,0,0,1,0,0,0,0,0,0,0,0,0,0,0,0,0,0,1,0,0,0,0,1,0
Blue,False,0.0,0.0,0.43,0.345,0.25,0.25,0.5,0.0,0.0,0.0,170.0,72.5,166.5,50.0,207.5,104.0,189.5,70.0,1.0,0.5,4.0,1.0,119.5,35.5,123.5,26.5,26.0,17.5,33.5,18.5,24.5,19.5,9.5,5.0,142.0,56.5,152.5,39.0,25.0,14.0,11.5,9.5,3.0,2.0,2.5,1.5,107.5,87.5,900.0,6,0,1,0,1,1,1,0,0,0,1,0,0,0,165.1,167.64,125.0,0.0,0.0,0.3646875,0.3556249999999999,0.308125,0.353125,0.15625,0.78125,0.75,0.28125,100.6875,40.15625,120.03125,37.3125,128.28125,64.96875,132.5625,48.75,1.75,0.53125,5.53125,2.3125,96.40625,37.28125,109.5,30.21875,2.46875,1.5,5.9375,3.15625,1.8125,1.375,4.59375,3.9375,83.0,25.96875,105.75,27.4375,3.71875,2.1875,5.15625,2.875,13.96875,12.0,9.125,7.0,86.40625,148.75,743.5,16,0,0,1,1,3,3,0,0,1,2,0,0,0,162.56,160.02,115.0,23.0,31.0,0,0,0,0,0,0,0,0,0,0,0,0,0,1,0,1,0,0,0,0,1,0,0,0
Blue,False,0.0,0.0,0.605,0.2925,0.54,0.25,0.0,1.25,0.0,0.0,65.75,37.0,36.0,12.25,83.25,53.25,40.5,16.25,2.0,0.75,1.0,0.25,44.25,22.0,21.5,2.75,7.75,6.0,10.75,7.0,13.75,9.0,3.75,2.5,41.5,18.25,30.25,8.75,10.25,7.5,5.5,3.25,14.0,11.25,0.25,0.25,98.5,46.5,392.75,6,0,1,0,1,2,1,0,0,0,1,1,0,0,185.42,195.58,185.0,0.5,0.28125,0.4399999999999999,0.4275,0.0375,0.3728125,0.1875,0.125,0.125,0.0,134.875,57.21875,158.15625,65.9375,143.40625,65.09375,168.0625,75.15625,1.0,0.15625,3.8125,1.34375,99.84375,35.59375,122.09375,39.9375,18.3125,9.96875,22.4375,14.4375,16.71875,11.65625,13.625,11.5625,124.90625,49.6875,147.21875,57.9375,7.78125,5.46875,8.46875,6.1875,2.1875,2.0625,2.46875,1.8125,122.125,45.625,841.65625,15,1,0,1,1,3,3,0,0,1,0,0,2,0,185.42,193.04,170.0,29.0,28.0,0,0,0,0,0,0,0,1,0,0,0,0,0,0,0,1,0,0,0,0,1,0,0,0
Red,False,0.5,0.25,0.4325,0.3225,0.345,0.45,1.5,0.0,0.5,0.5,75.0,27.5,56.5,15.5,90.75,41.75,67.5,26.0,3.5,1.5,5.5,2.25,62.5,17.5,43.5,8.25,6.25,4.25,5.25,1.75,6.25,5.75,7.75,5.5,58.75,17.25,48.25,10.5,7.0,4.75,5.5,2.5,9.25,5.5,2.75,2.5,147.75,151.75,533.75,6,0,3,0,3,3,0,0,0,1,0,0,2,0,170.18,177.8,125.0,0.125,0.1015625,0.371484375,0.31015625,0.6721874999999999,0.21859375,0.0859375,0.1328125,0.2578125,0.1328125,140.09375,50.609375,111.15625,34.15625,155.625,64.484375,129.8515625,50.2421875,4.265625,1.9609375,4.8828125,0.9296875,131.40625,45.109375,94.1484375,22.96875,5.453125,2.4453125,10.7890625,5.9921875,3.234375,3.0546875,6.21875,5.1953125,127.6171875,44.2890625,101.2109375,27.234375,5.453125,2.6484375,5.9296875,4.21875,7.0234375,3.671875,4.015625,2.703125,169.90625,155.5859375,868.2109375,23,0,1,0,3,6,2,0,0,0,6,0,0,0,167.64,175.26,125.0,23.0,23.0,0,0,0,1,0,0,0,0,0,0,0,0,0,0,0,1,0,0,0,0,1,0,0,0
Red,False,7.05718994140625e-05,0.251708984375,0.4103137493133545,0.3627815246582031,0.1648885059356689,0.0267590522766113,0.0,0.0019865036010742,0.00390625,0.0,94.21920204162598,34.91821765899658,126.08665084838869,48.13885116577149,102.83553504943848,41.808993339538574,139.0556573867798,59.07755661010742,2.8972959518432617,0.5990209579467773,4.866962432861328,0.1427021026611328,85.31602191925049,28.271668434143063,115.44886302947998,40.83027267456055,8.356732368469238,6.164188385009766,6.783809661865234,3.8584718704223633,0.54644775390625,0.48236083984375,3.853978157043457,3.450106620788574,84.22375679016113,28.42150115966797,110.82892322540285,37.952250480651855,8.285543441772461,5.3112993240356445,14.45468807220459,9.893091201782228,1.7099018096923828,1.1854171752929688,0.80303955078125,0.2935094833374023,34.5131196975708,17.38484764099121,667.3437271118164,58,4,5,0,5,14,7,0,1,4,3,6,0,0,182.88,190.5,205.0,0.130859375,0.0,0.375751953125,0.504912109375,0.0,0.19564453125,0.03125,0.0,0.0,0.0,91.3388671875,34.84375,79.294921875,38.9404296875,106.8818359375,49.80859375,90.5537109375,49.33984375,0.5,0.0,4.3271484375,0.751953125,78.2431640625,24.2705078125,48.4873046875,14.814453125,7.8134765625,6.431640625,11.8369140625,7.5244140625,5.2822265625,4.1416015625,18.970703125,16.6015625,81.7646484375,27.7861328125,74.337890625,36.2314453125,7.8359375,5.9765625,4.94140625,2.701171875,1.73828125,1.0810546875,0.015625,0.0078125,49.830078125,91.478515625,846.61328125,22,0,0,1,4,7,4,0,0,0,2,4,1,0,187.96,190.5,205.0,37.0,31.0,0,0,0,0,0,0,0,1,0,0,0,0,0,0,0,1,0,0,0,0,0,0,1,0
Blue,False,0.0,0.0,0.3872607421875,0.4973046875,0.3107958984375,0.6955859375,0.6015625,1.25,0.26220703125,0.6953125,127.17529296875,39.18017578125,73.06787109375,35.7841796875,142.8251953125,54.0458984375,141.68603515625,92.431640625,9.974609375,3.00439453125,1.6767578125,0.9111328125,109.9375,26.3056640625,64.4853515625,28.90478515625,12.07177734375,7.99853515625,5.17578125,3.97900390625,5.166015625,4.8759765625,3.40673828125,2.900390625,119.17236328125,34.69384765625,57.91650390625,22.49755859375,5.357421875,2.62158203125,2.33447265625,1.58203125,2.6455078125,1.86474609375,12.81689453125,11.70458984375,219.060546875,276.02197265625,865.8583984375,31,0,1,0,4,8,4,0,0,1,4,0,3,0,167.64,170.18,135.0,0.25,0.75,0.4375,0.4425,0.0,0.75,0.25,0.0,0.0,0.0,114.25,50.25,136.75,60.75,121.75,57.0,138.0,62.0,0.5,0.0,2.5,1.5,80.5,26.75,117.5,46.5,29.5,21.0,13.0,8.75,4.25,2.5,6.25,5.5,102.5,43.25,124.5,53.0,8.25,5.0,7.75,5.25,3.5,2.0,4.5,2.5,9.25,38.5,702.5,8,0,1,0,1,1,2,0,0,0,0,0,1,0,172.72,175.26,135.0,32.0,36.0,1,0,0,0,0,0,0,0,0,0,0,0,0,0,0,1,0,0,0,0,1,0,0,0
Blue,False,0.0,0.0,0.31,0.43,0.28,1.0,1.0,0.0,0.0,0.0,58.0,18.0,80.0,35.0,84.0,43.0,102.0,57.0,7.0,2.0,3.0,3.0,49.0,14.0,72.0,29.0,5.0,2.0,8.0,6.0,4.0,2.0,0.0,0.0,54.0,16.0,63.0,25.0,3.0,1.0,7.0,4.0,1.0,1.0,10.0,6.0,232.0,244.0,900.0,3,0,0,1,0,0,1,0,0,0,0,0,0,0,177.8,182.88,145.0,0.5,0.0,0.45,0.355,0.0,0.4,0.0,0.5,0.0,0.0,17.5,8.0,31.0,13.5,18.0,8.5,47.5,26.5,0.0,0.0,2.5,2.0,15.0,6.0,20.5,7.0,2.0,1.5,3.5,1.5,0.5,0.5,7.0,5.0,15.5,6.0,19.5,7.5,1.5,1.5,1.5,1.0,0.5,0.5,10.0,5.0,0.5,166.0,281.0,3,0,1,0,1,1,1,0,0,0,0,1,0,0,182.88,187.96,155.0,29.0,27.0,0,0,0,0,0,0,1,0,0,0,0,0,0,0,0,1,0,0,0,0,1,0,0,0
Red,False,0.015625,0.0,0.45,0.4275,0.25,0.2,0.148468017578125,0.098388671875,0.0,0.0,66.5,29.6875,64.31230545043945,27.34375,89.75,48.0,85.53125,44.41152191162109,2.0,0.75,2.0546875,0.75,51.1875,18.3359375,49.6123046875,16.280410766601562,7.5,5.07647705078125,7.5,5.0,4.5,3.625,4.984375,3.9375,48.6875,17.0,47.11572265625,16.5,5.75,3.75,5.3125,3.4375,5.0625,3.5,3.875,2.5,99.2119140625,94.125,638.5,0,0,0,0,0,0,0,0,0,0,0,0,0,0,167.64,167.64,125.0,0.0471682548522949,0.0,0.45,0.4217682266235352,0.25,0.19173828125,0.1875,0.125,0.0,0.0,69.5,30.5,66.984375,27.8466796875,94.0,48.544921875,88.50390625,44.75,2.0,0.8125,2.015625,0.6640625,54.0,19.01513671875,51.483436584472656,16.9437255859375,7.91796875,5.430633544921875,7.75,5.0625,4.780975341796875,3.9373779296875,4.8994140625,3.84375,51.025390625,18.400863647460938,50.515625,17.5,5.75,3.75,5.5,3.5,5.375,3.6875,4.0,2.65625,104.865234375,89.5,655.8441009521484,0,0,0,0,0,0,0,0,0,0,0,0,0,0,167.64,175.26,125.0,31.0,22.0,0,0,0,1,0,0,0,0,0,0,0,0,0,0,0,1,0,0,0,0,0,0,0,1
Red,False,0.5,0.0,0.46,0.445,0.8300000000000001,0.665,0.0,1.5,1.5,1.0,24.5,10.0,30.0,12.0,44.5,26.5,61.0,37.5,2.0,1.5,3.5,1.5,21.0,7.5,22.0,5.5,2.0,1.0,6.5,5.0,1.5,1.5,1.5,1.5,16.0,4.5,23.0,6.5,1.5,1.0,2.0,1.5,7.0,4.5,5.0,4.0,212.0,216.5,611.5,5,0,2,0,2,2,0,0,0,0,1,1,0,0,172.72,175.26,145.0,1.0,0.5,0.4599999999999999,0.42,0.6675,0.125,1.0,0.25,0.25,0.0,94.0,38.0,101.5,32.25,112.0,51.0,114.25,44.5,5.0,3.5,0.5,0.25,74.0,27.0,76.25,17.75,18.25,9.75,10.0,4.5,1.75,1.25,15.25,10.0,77.25,28.5,93.0,29.25,5.5,3.0,7.0,3.0,11.25,6.5,1.5,0.0,223.25,14.5,713.5,7,1,0,1,2,2,1,0,0,0,1,0,1,0,172.72,175.26,135.0,25.0,27.0,1,0,0,0,0,0,0,0,0,0,0,0,0,0,0,1,0,0,0,0,0,0,1,0
Blue,False,0.5,0.0,0.58,0.435,0.0,0.0,0.0,0.0,0.0,0.0,94.5,43.5,104.0,42.5,105.5,54.0,105.5,44.0,0.5,0.0,2.0,0.0,72.5,28.0,90.5,34.0,12.5,8.5,13.5,8.5,9.5,7.0,0.0,0.0,85.5,37.0,98.0,39.0,8.0,5.5,6.0,3.5,1.0,1.0,0.0,0.0,43.0,19.5,464.0,4,0,2,0,2,2,0,0,0,1,0,1,0,0,187.96,190.5,205.0,0.7578125,0.15625,0.51828125,0.329609375,0.0078125,0.307578125,0.2578125,0.0,0.0,0.0,28.8515625,16.3984375,37.515625,13.6328125,31.9921875,19.1484375,42.40625,17.8671875,0.9609375,0.0234375,2.828125,0.796875,17.484375,7.140625,29.65625,8.0234375,5.2890625,3.5390625,4.75,2.765625,6.078125,5.71875,3.109375,2.84375,22.71875,11.546875,31.9609375,9.4296875,5.84375,4.828125,4.5234375,3.453125,0.2890625,0.0234375,1.03125,0.75,38.8046875,90.3203125,332.171875,15,0,3,0,3,6,2,0,0,0,1,3,0,2,185.42,200.66,205.0,27.0,37.0,0,0,0,0,0,1,0,0,0,0,0,0,0,0,0,1,0,0,0,0,1,0,0,0
Red,True,0.0078125,4.76837158203125e-06,0.7453781026601791,0.4411619877815246,0.5119804406166076,0.0666559433937072,0.6285032033920288,0.0010075569152832,0.5625002384185791,0.2597810626029968,28.219717383384705,18.277950644493103,39.10673815011978,22.068285882472992,81.850601375103,62.36431324481964,51.91797441244125,33.733373284339905,8.426129937171936,2.9288341403007507,0.1025698781013488,0.0728455185890197,27.40430903434753,17.494063436985016,30.196783423423767,15.478726208209991,0.2539141178131103,0.2344103455543518,5.212532699108124,3.6423975825309753,0.5614942312240601,0.5494768619537354,3.69742202758789,2.947162091732025,7.510991454124451,1.806574821472168,20.214289367198944,8.93795657157898,4.281502902507782,3.2687991857528687,3.15905237197876,3.01237154006958,16.427223026752472,13.202576637268066,15.733396410942078,10.117957770824432,451.14643359184265,45.957223653793335,695.9732381701469,65,1,5,0,7,19,6,0,0,1,8,1,9,0,185.42,182.88,170.0,0.923828125,0.0,0.4688085937499999,0.34625,0.5078125,0.0078125,0.5,0.0078125,0.0,0.0,107.9453125,46.091796875,126.216796875,40.734375,131.724609375,68.04296875,140.123046875,53.80078125,1.3046875,0.7734375,0.31640625,0.015625,79.802734375,26.8515625,98.0234375,22.828125,22.2421875,14.287109375,21.8125,12.798828125,5.900390625,4.953125,6.380859375,5.107421875,77.5390625,23.02734375,122.251953125,39.369140625,11.478515625,6.44921875,1.90234375,1.083984375,18.927734375,16.615234375,2.0625,0.28125,139.93359375,52.76953125,1219.9140625,25,3,1,0,3,7,3,0,1,1,0,5,0,0,175.26,187.96,170.0,39.0,35.0,0,0,0,0,0,0,0,0,0,1,0,0,0,0,0,0,0,1,0,0,1,0,0,0
Red,False,0.5,0.0,0.450625,0.475,0.69375,0.1518749999999999,3.0625,0.0,1.0,0.625,118.0625,51.125,67.125,31.4375,131.125,62.6875,77.8125,41.625,3.75,2.0625,4.125,1.125,99.75,39.0,55.375,23.9375,8.8125,5.4375,6.75,3.625,9.5,6.6875,5.0,3.875,93.9375,32.1875,63.9375,29.4375,4.9375,3.375,0.8125,0.5,19.1875,15.5625,2.375,1.5,143.0,184.6875,684.75,14,0,0,1,4,4,1,0,0,1,1,1,1,0,177.8,180.34,145.0,0.0322265625,0.125,0.50912109375,0.601103515625,0.568349609375,0.5791015625,0.5556640625,1.5166015625,0.548828125,0.0,62.5625,30.6181640625,76.3544921875,39.0166015625,66.34375,34.2548828125,92.3642578125,54.509765625,3.0087890625,0.9248046875,1.38671875,1.1806640625,44.8642578125,15.9619140625,66.205078125,30.365234375,4.142578125,2.6494140625,5.4462890625,4.8505859375,13.5556640625,12.0068359375,4.703125,3.80078125,55.1572265625,24.8818359375,61.9716796875,26.9970703125,4.169921875,3.6298828125,6.736328125,5.201171875,3.2353515625,2.1064453125,7.646484375,6.818359375,129.5615234375,155.31640625,600.5048828125,26,1,4,0,4,8,3,0,0,0,3,2,3,0,172.72,180.34,145.0,25.0,35.0,0,0,1,0,0,0,0,0,0,0,0,0,0,0,0,1,0,0,0,0,1,0,0,0
Red,False,0.814396858215332,1.250041961669922,0.4857181131839752,0.5219898509979248,0.1845675218105316,0.0253616499900817,0.2232061624526977,0.2500002384185791,0.00201416015625,6.103515625e-05,88.3148649930954,42.087945342063904,98.5355304479599,53.34523296356201,90.4429770708084,44.04697144031525,100.93608045578004,55.17644023895264,1.6734834909439087,0.2873862981796264,1.2758272886276243,0.1275025606155395,65.90411865711212,22.373221278190613,68.0129269361496,31.070000767707825,9.380996942520142,7.896266460418701,25.1471483707428,17.801138281822205,13.029749393463137,11.81845760345459,5.375455141067505,4.474093914031982,83.76890277862549,39.10939276218414,84.54617261886597,42.7891651391983,2.5157723426818848,1.2701427936553955,8.941456079483032,7.211570024490356,2.030189871788025,1.7084097862243652,5.047901749610901,3.344497799873352,33.54661691188812,18.786006927490234,455.3739573955536,50,1,4,0,8,19,5,0,0,0,6,8,5,0,185.42,185.42,155.0,0.39666748046875,0.500244140625,0.4945753479003906,0.5459819030761719,0.0338706970214843,0.0409010314941406,0.0,0.0670318603515625,0.0196533203125,0.0,91.10946655273438,45.481231689453125,183.85166931152344,70.11871337890625,96.47442626953124,50.64501953125,187.2479248046875,73.09855651855469,0.0813140869140625,0.0655364990234375,1.967315673828125,0.4396514892578125,80.92996215820312,37.585479736328125,142.15821838378906,43.09417724609375,9.036544799804688,6.8387603759765625,26.4786376953125,15.25335693359375,1.1429595947265625,1.0569915771484375,15.214813232421877,11.77117919921875,77.25515747070312,35.67225646972656,164.28257751464844,57.35792541503906,10.0946044921875,7.043914794921875,16.80145263671875,10.118209838867188,3.75970458984375,2.7650604248046875,2.76763916015625,2.642578125,25.02305603027344,56.77850341796875,767.8283233642578,49,5,3,0,5,12,5,0,0,3,3,6,0,0,180.34,187.96,170.0,34.0,35.0,0,0,0,0,0,0,0,0,0,1,0,0,0,0,0,1,0,0,0,0,0,0,1,0
Red,True,0.015625,0.0,0.45,0.4275,0.25,0.2,0.148468017578125,0.098388671875,0.0,0.0,66.5,29.6875,64.31230545043945,27.34375,89.75,48.0,85.53125,44.41152191162109,2.0,0.75,2.0546875,0.75,51.1875,18.3359375,49.6123046875,16.280410766601562,7.5,5.07647705078125,7.5,5.0,4.5,3.625,4.984375,3.9375,48.6875,17.0,47.11572265625,16.5,5.75,3.75,5.3125,3.4375,5.0625,3.5,3.875,2.5,99.2119140625,94.125,638.5,0,0,0,0,0,0,0,0,0,0,0,0,0,0,170.18,177.8,135.0,0.5,0.0,0.655,0.41,0.5,0.0,0.0,0.0,0.0,0.0,83.5,55.0,16.0,8.0,94.0,65.0,22.5,13.5,1.0,1.0,0.5,0.0,60.0,35.0,8.0,2.0,21.5,18.0,7.0,5.5,2.0,2.0,1.0,0.5,37.5,22.0,6.5,1.5,19.0,15.5,8.0,6.5,27.0,17.5,1.5,0.0,178.0,12.5,265.0,3,0,2,0,2,2,0,0,0,0,0,2,0,0,172.72,172.72,145.0,36.0,32.0,0,0,0,0,0,0,0,0,0,0,0,1,0,0,0,1,0,0,0,0,1,0,0,0
Red,False,0.0,0.0,0.4925,0.325,0.325,0.0925,0.25,0.0,0.0,0.0,118.0,58.0,147.5,43.5,124.0,63.5,156.75,52.75,3.0,1.25,2.5,0.75,86.75,33.0,117.0,21.75,7.0,3.75,10.0,6.25,24.25,21.25,20.5,15.5,113.0,54.75,143.0,41.25,2.5,1.0,3.25,1.5,2.5,2.25,1.25,0.75,77.0,28.5,802.5,8,0,3,0,3,3,0,0,0,2,0,0,1,0,180.34,182.88,155.0,0.625,0.5,0.3375,0.40625,0.04125,0.2325,0.875,0.0,0.125,0.0,135.375,43.75,136.125,50.625,138.625,46.875,157.375,65.5,0.625,0.125,5.25,1.25,122.875,35.5,115.75,35.125,11.875,7.625,13.75,9.5,0.625,0.625,6.625,6.0,129.375,40.0,129.375,45.625,2.75,1.5,2.375,2.25,3.25,2.25,4.375,2.75,43.375,84.125,732.875,10,0,0,1,3,3,1,0,0,0,0,2,1,0,172.72,175.26,145.0,28.0,26.0,0,0,1,0,0,0,0,0,0,0,0,0,0,0,0,1,0,0,0,0,0,0,0,1
Red,False,0.08642578125,0.0625,0.3764892578125,0.3556591796875,0.5882275390625,0.0,0.06689453125,0.0625,0.0,0.0,151.98828125,57.12060546875,150.45947265625,56.39501953125,156.1435546875,60.330078125,172.2275390625,76.4755859375,4.67578125,2.1435546875,1.46044921875,0.0,107.81494140625,28.13525390625,123.6591796875,37.91552734375,22.6083984375,12.763671875,16.50830078125,10.84130859375,21.56494140625,16.2216796875,10.2919921875,7.63818359375,139.66357421875,49.52490234375,138.6474609375,47.12158203125,12.11279296875,7.51806640625,10.24462890625,8.05029296875,0.2119140625,0.07763671875,1.5673828125,1.22314453125,94.32275390625,100.8056640625,900.89697265625,37,6,7,0,7,9,3,0,0,0,4,2,3,0,167.64,177.8,145.0,0.0,0.5,0.451875,0.32078125,0.3,0.0728125,0.390625,0.015625,0.0,0.5,139.921875,62.625,78.984375,27.046875,190.453125,109.46875,114.953125,58.296875,4.859375,1.453125,2.375,0.4375,82.5625,21.71875,57.75,11.96875,36.921875,28.265625,10.296875,5.96875,20.4375,12.640625,10.9375,9.109375,112.296875,43.609375,74.640625,23.609375,8.671875,7.109375,2.78125,2.40625,18.953125,11.90625,1.5625,1.03125,251.671875,149.890625,872.25,20,0,4,0,4,5,2,0,0,0,2,1,2,0,170.18,180.34,135.0,30.0,27.0,0,1,0,0,0,0,0,0,0,0,0,0,0,0,0,1,0,0,0,0,1,0,0,0
Blue,False,0.0,0.0,0.67,0.71,0.0,0.12,1.0,0.0,0.0,0.0,62.0,42.0,45.0,32.0,74.0,53.0,55.0,42.0,1.0,0.0,8.0,1.0,52.0,34.0,17.0,4.0,6.0,4.0,9.0,9.0,4.0,4.0,19.0,19.0,48.0,29.0,18.0,6.0,14.0,13.0,27.0,26.0,0.0,0.0,0.0,0.0,109.0,189.0,514.0,2,0,1,0,1,1,0,0,0,0,0,0,1,0,157.48000000000002,160.02,115.0,0.0,0.0,0.361875,0.50125,0.21875,0.47,0.75,0.5625,0.0,0.0625,92.3125,34.1875,91.5625,49.0625,121.875,61.8125,132.125,80.625,0.6875,0.5625,7.0625,2.1875,75.1875,21.0,62.1875,26.4375,13.5,9.9375,18.9375,13.875,3.625,3.25,10.4375,8.75,74.1875,22.25,64.6875,31.1875,14.75,9.375,18.25,12.1875,3.375,2.5625,8.625,5.6875,260.125,124.875,646.9375,12,0,0,2,1,1,4,0,0,0,0,0,1,0,162.56,165.1,115.0,27.0,26.0,0,0,0,0,0,0,0,0,0,0,0,0,0,1,0,1,0,0,0,0,1,0,0,0
Blue,False,0.015625,0.0,0.45,0.4275,0.25,0.2,0.148468017578125,0.098388671875,0.0,0.0,66.5,29.6875,64.31230545043945,27.34375,89.75,48.0,85.53125,44.41152191162109,2.0,0.75,2.0546875,0.75,51.1875,18.3359375,49.6123046875,16.280410766601562,7.5,5.07647705078125,7.5,5.0,4.5,3.625,4.984375,3.9375,48.6875,17.0,47.11572265625,16.5,5.75,3.75,5.3125,3.4375,5.0625,3.5,3.875,2.5,99.2119140625,94.125,638.5,0,0,0,0,0,0,0,0,0,0,0,0,0,0,180.34,182.88,145.0,0.625,0.25,0.35078125,0.3928125,0.53890625,0.4265624999999999,0.03125,0.625,0.5625,0.0625,82.375,30.171875,56.25,22.1875,99.5,46.953125,72.03125,37.140625,2.078125,1.09375,7.3125,2.609375,69.203125,21.421875,45.625,14.671875,6.109375,3.890625,6.203125,3.375,7.0625,4.859375,4.421875,4.140625,58.625,17.875,46.265625,16.65625,3.046875,1.25,1.65625,0.765625,20.703125,11.046875,8.328125,4.765625,96.625,237.125,641.4375,15,0,1,0,1,4,3,0,0,0,2,2,0,0,180.34,187.96,145.0,29.0,27.0,0,0,1,0,0,0,0,0,0,0,0,0,0,0,0,1,0,0,0,0,1,0,0,0
Blue,False,0.015625,0.0,0.45,0.4275,0.25,0.2,0.148468017578125,0.098388671875,0.0,0.0,66.5,29.6875,64.31230545043945,27.34375,89.75,48.0,85.53125,44.41152191162109,2.0,0.75,2.0546875,0.75,51.1875,18.3359375,49.6123046875,16.280410766601562,7.5,5.07647705078125,7.5,5.0,4.5,3.625,4.984375,3.9375,48.6875,17.0,47.11572265625,16.5,5.75,3.75,5.3125,3.4375,5.0625,3.5,3.875,2.5,99.2119140625,94.125,638.5,0,0,0,0,0,0,0,0,0,0,0,0,0,0,160.02,157.48,125.0,0.0,0.0,0.34,0.37,0.33,0.33,0.0,2.0,0.0,0.0,93.0,32.0,99.0,37.0,107.0,44.0,135.0,67.0,12.0,4.0,3.0,1.0,90.0,31.0,82.0,27.0,3.0,1.0,10.0,6.0,0.0,0.0,7.0,4.0,86.0,29.0,92.0,32.0,3.0,0.0,4.0,3.0,4.0,3.0,3.0,2.0,171.0,230.0,900.0,3,0,0,1,0,0,1,0,0,0,0,0,0,0,167.64,172.72,125.0,24.0,26.0,0,0,0,1,0,0,0,0,0,0,0,0,0,0,0,0,0,0,1,0,1,0,0,0
Blue,False,0.75,0.0,0.35578125,0.492890625,0.04375,0.068203125,0.015625,0.59375,0.0,0.5,62.1328125,23.125,47.2734375,22.8671875,72.171875,32.328125,55.015625,29.90625,2.1171875,0.625,0.8359375,0.328125,45.5390625,12.6171875,39.59375,17.375,12.4765625,7.765625,3.7734375,2.4375,4.1171875,2.7421875,3.90625,3.0546875,48.8828125,15.140625,42.8984375,19.671875,5.9453125,2.6796875,2.5,1.8203125,7.3046875,5.3046875,1.875,1.375,83.7421875,83.1484375,410.96875,16,0,0,2,2,3,5,0,0,0,1,1,1,0,172.72,177.8,155.0,0.00054931640625,0.031280517578125,0.7047734069824219,0.5811253356933593,0.1799319458007812,0.3395266723632812,0.0010223388671875,0.775726318359375,0.0001220703125,0.00250244140625,56.11932373046875,23.19078063964844,75.43301391601562,38.57496643066406,57.60414123535156,24.59051513671875,90.83819580078124,52.88536071777344,2.9995574951171875,0.8656463623046875,2.56683349609375,1.037872314453125,33.26002502441406,7.332061767578125,58.7432861328125,25.726089477539062,7.5672607421875,3.99700927734375,8.491561889648438,5.942108154296875,15.292037963867188,11.861709594726562,8.198165893554688,6.906768798828125,52.80674743652344,20.81280517578125,57.3565673828125,24.925827026367188,2.918853759765625,2.11688232421875,12.619537353515623,8.4599609375,0.3937225341796875,0.2610931396484375,5.4569091796875,5.189178466796875,61.06759643554688,61.11997985839844,491.0544738769531,43,0,2,0,2,6,11,0,0,1,3,1,1,0,177.8,182.88,170.0,28.0,37.0,0,0,0,0,0,0,1,0,0,0,0,0,0,0,0,0,0,1,0,0,1,0,0,0
Blue,False,0.5009765625,0.001953125,0.4998004150390625,0.5324191284179687,0.33381591796875,0.300186767578125,0.6910400390625,0.76654052734375,0.5,0.25390625,78.26934814453125,40.048095703125,75.62704467773438,41.62957763671875,174.114013671875,123.83013916015624,144.16714477539062,99.65447998046876,4.566497802734375,2.62060546875,5.3868408203125,2.23052978515625,64.42877197265625,27.8380126953125,69.66253662109375,37.317901611328125,10.813720703125,9.3082275390625,4.436767578125,3.362548828125,3.02685546875,2.90185546875,1.527740478515625,0.949127197265625,41.142578125,8.5738525390625,42.80108642578125,14.38189697265625,11.700439453125,9.99755859375,6.344970703125,5.341552734375,25.42633056640625,21.4766845703125,26.480987548828125,21.9061279296875,329.8321228027344,314.4733581542969,847.1253967285156,40,0,1,0,5,12,4,0,0,1,8,3,0,0,177.8,180.34,145.0,0.024658203125,0.657958984375,0.5573828125,0.41230712890625,0.24640625,0.017822265625,0.167236328125,0.043212890625,0.25439453125,0.15625,60.680908203125,33.68115234375,38.951171875,16.09619140625,81.78662109375,53.302001953125,44.24853515625,21.2431640625,5.32666015625,1.924560546875,1.593994140625,0.126220703125,45.13671875,21.764404296875,32.378662109375,12.819091796875,8.802734375,5.400390625,4.44775390625,2.3271484375,6.741455078125,6.516357421875,2.124755859375,0.949951171875,38.767822265625,16.36279296875,33.604248046875,11.167236328125,7.15673828125,5.171875,2.974365234375,2.625732421875,14.75634765625,12.146484375,2.37255859375,2.30322265625,177.993896484375,75.337646484375,477.792236328125,30,1,0,1,7,9,4,0,0,2,4,1,2,0,167.64,167.64,155.0,33.0,30.0,0,0,1,0,0,0,0,0,0,0,0,0,0,0,0,1,0,0,0,0,1,0,0,0
Red,False,0.6875,0.3125,0.471875,0.308125,0.0,0.286875,0.0,0.0,0.0,0.0,64.5625,32.21875,71.46875,21.59375,65.40625,33.0625,71.90625,21.96875,0.0,0.0,2.0625,0.59375,53.1875,23.71875,62.09375,16.40625,5.75,4.25,3.15625,1.71875,5.625,4.25,6.21875,3.46875,62.28125,30.625,69.84375,20.5625,2.28125,1.59375,1.25,0.71875,0.0,0.0,0.375,0.3125,3.78125,27.875,331.5,10,0,4,0,4,5,1,0,0,0,1,4,0,0,170.18,177.8,145.0,0.125,0.0,0.395,0.3,0.125,0.0,0.0,0.0,0.0,0.0,138.0,52.125,107.5,30.625,144.75,57.625,108.625,31.75,1.875,0.75,2.875,0.0,99.375,25.625,81.75,14.375,20.125,10.25,15.75,9.0,18.5,16.25,10.0,7.25,129.75,47.25,104.25,27.625,7.375,4.75,3.25,3.0,0.875,0.125,0.0,0.0,34.25,1.375,798.625,10,0,4,0,4,4,0,0,0,1,2,1,0,0,162.56,172.72,135.0,25.0,28.0,1,0,0,0,0,0,0,0,0,0,0,0,0,0,0,0,0,1,0,0,1,0,0,0
Blue,False,0.0,0.0,0.37,0.3625,0.5,0.6699999999999999,1.25,0.25,0.5,0.0,129.25,49.25,90.0,31.25,137.25,57.25,126.25,58.75,1.75,0.5,7.25,4.75,108.75,33.75,74.25,21.0,15.0,10.75,10.0,6.0,5.5,4.75,5.75,4.25,104.0,32.25,73.0,20.25,20.75,14.25,11.25,7.25,4.5,2.75,5.75,3.75,89.75,313.75,870.75,9,0,0,1,2,2,1,0,0,0,1,1,0,0,180.34,185.42,170.0,1.0,0.0,0.51,0.2,0.0,0.0,0.0,0.0,0.0,0.0,106.0,55.0,97.0,20.0,115.0,64.0,101.0,24.0,0.0,0.0,0.0,0.0,88.0,41.0,84.0,12.0,10.0,7.0,7.0,2.0,8.0,7.0,6.0,6.0,89.0,42.0,91.0,15.0,4.0,4.0,6.0,5.0,13.0,9.0,0.0,0.0,26.0,29.0,517.0,2,0,1,0,1,1,0,0,0,0,0,1,0,0,182.88,187.96,170.0,30.0,32.0,0,0,0,0,0,0,0,0,0,1,0,0,0,0,0,1,0,0,0,0,1,0,0,0
Blue,False,0.5,0.25,0.385,0.4449999999999999,0.0,0.0,0.0,0.0,0.0,0.0,172.75,71.25,117.25,54.25,175.0,73.5,117.75,54.75,0.0,0.0,0.25,0.0,134.5,41.5,111.0,49.75,13.25,9.5,5.25,3.5,25.0,20.25,1.0,1.0,151.75,57.0,109.75,49.25,8.0,5.25,7.0,4.5,13.0,9.0,0.5,0.5,29.0,0.5,598.25,7,0,0,2,1,1,2,0,0,0,0,1,0,0,193.04,198.12,250.0,0.0,0.5,0.33,0.51,0.0,0.5,0.0,0.0,0.0,0.0,3.0,1.0,23.0,11.5,3.5,1.5,25.5,13.0,0.5,0.0,0.5,0.5,2.5,1.0,22.0,10.5,0.0,0.0,1.0,1.0,0.5,0.0,0.0,0.0,1.5,0.0,5.0,2.0,0.5,0.5,5.0,3.0,1.0,0.5,13.0,6.5,0.0,60.5,75.5,2,0,0,2,0,0,2,0,0,0,0,0,0,0,185.42,190.5,241.0,27.0,37.0,0,0,0,0,1,0,0,0,0,0,0,0,0,0,0,1,0,0,0,0,1,0,0,0
Blue,False,0.265625,0.0,0.5765234375,0.7406640625,0.402890625,0.3375,0.64453125,0.0390625,0.0,0.0234375,29.80859375,18.4296875,17.31640625,12.4609375,47.3203125,32.76953125,38.71875,30.390625,8.45703125,3.92578125,1.94140625,0.8046875,18.828125,8.89453125,11.3125,7.45703125,5.109375,4.68359375,4.2578125,3.40234375,5.87109375,4.8515625,1.74609375,1.6015625,9.57421875,3.93359375,5.83984375,2.734375,10.82421875,8.32421875,6.796875,6.0625,9.41015625,6.171875,4.6796875,3.6640625,278.49609375,115.48828125,465.73828125,20,0,0,1,3,6,3,0,0,0,2,2,2,0,180.34,193.04,170.0,0.515625,0.078125,0.33796875,0.3971875,0.19796875,0.1034375,0.046875,0.3125,0.109375,0.0,120.6875,41.75,76.234375,28.90625,143.6875,62.625,89.765625,40.390625,3.4375,1.046875,4.84375,0.828125,86.71875,20.75,63.75,19.875,28.421875,16.59375,7.453125,4.25,5.546875,4.40625,5.03125,4.78125,100.25,29.9375,60.84375,18.1875,10.296875,6.46875,7.828125,4.515625,10.140625,5.34375,7.5625,6.203125,216.0,210.390625,975.0,23,0,4,0,4,6,1,0,0,0,6,0,0,0,185.42,187.96,170.0,29.0,33.0,0,0,0,0,0,0,0,0,0,1,0,0,0,0,0,1,0,0,0,0,0,0,1,0
Blue,False,0.015625,0.0,0.45,0.4275,0.25,0.2,0.148468017578125,0.098388671875,0.0,0.0,66.5,29.6875,64.31230545043945,27.34375,89.75,48.0,85.53125,44.41152191162109,2.0,0.75,2.0546875,0.75,51.1875,18.3359375,49.6123046875,16.280410766601562,7.5,5.07647705078125,7.5,5.0,4.5,3.625,4.984375,3.9375,48.6875,17.0,47.11572265625,16.5,5.75,3.75,5.3125,3.4375,5.0625,3.5,3.875,2.5,99.2119140625,94.125,638.5,0,0,0,0,0,0,0,0,0,0,0,0,0,0,185.42,190.5,185.0,0.12939453125,0.504302978515625,0.3805758666992188,0.5041400146484375,0.1006665039062499,0.0226034545898437,0.004150390625,0.001953125,0.001953125,0.00628662109375,67.44760131835938,30.704803466796875,74.63571166992188,36.389404296875,80.07473754882812,41.51251220703125,78.39114379882812,39.876800537109375,3.719573974609375,0.855926513671875,0.489471435546875,0.070556640625,48.4691162109375,17.99920654296875,53.6103515625,20.68881225585937,7.278228759765625,3.02899169921875,7.6829833984375,4.830810546875,11.70025634765625,9.676605224609377,13.342376708984377,10.869781494140623,58.58209228515625,24.4384765625,69.31634521484375,32.333221435546875,2.974884033203125,2.199371337890625,2.233795166015625,1.481781005859375,5.890625,4.06695556640625,3.0855712890625,2.57440185546875,65.27740478515625,26.662628173828125,538.04638671875,43,0,0,2,4,9,7,0,0,2,5,1,1,0,182.88,195.58,185.0,30.0,34.0,0,0,0,0,0,0,0,1,0,0,0,0,0,0,0,0,0,1,0,0,1,0,0,0
Red,False,0.314453125,1.0390625,0.4223828125,0.44865234375,0.0341796875,0.36125,0.0,0.015625,0.0,0.0,119.6484375,49.619140625,136.828125,64.35546875,124.61328125,54.296875,138.74609375,65.734375,0.720703125,0.044921875,3.630859375,1.375,107.021484375,40.4453125,114.826171875,47.619140625,6.1640625,3.30859375,14.431640625,10.8046875,6.462890625,5.865234375,7.5703125,5.931640625,111.490234375,43.677734375,132.265625,62.228515625,4.087890625,3.38671875,3.8046875,1.748046875,4.0703125,2.5546875,0.7578125,0.37890625,13.171875,41.875,607.654296875,25,0,0,1,2,5,5,0,0,1,0,4,0,0,190.5,193.04,230.0,0.0,0.78515625,0.497578125,0.5135546875,0.2931249999999999,0.2578125,0.00390625,0.015625,0.0,0.0,89.99609375,48.8203125,82.19140625,43.19140625,117.62109375,72.62109375,92.75,52.921875,7.5078125,2.68359375,1.1953125,0.515625,78.70703125,39.4921875,74.7734375,37.28515625,7.4609375,6.37890625,6.6484375,5.1796875,3.828125,2.94921875,0.76953125,0.7265625,51.12109375,18.7734375,67.2734375,32.05859375,14.3046875,10.57421875,9.3515625,6.66015625,24.5703125,19.47265625,5.56640625,4.47265625,287.02734375,41.80078125,642.15234375,19,0,0,1,3,5,4,0,0,0,3,2,0,0,187.96,193.04,205.0,31.0,36.0,0,0,0,0,0,1,0,0,0,0,0,0,0,0,0,1,0,0,0,0,1,0,0,0
Red,False,1.3759765625,0.001953125,0.5179980468750001,0.376484375,0.062734375,0.15349609375,0.0087890625,0.0,0.326171875,0.0048828125,98.4951171875,50.2646484375,73.9453125,29.7158203125,106.1767578125,57.5068359375,80.48828125,35.7890625,0.40234375,0.169921875,3.5986328125,1.267578125,85.6005859375,39.8701171875,53.826171875,15.89453125,8.4580078125,6.3974609375,13.431640625,8.3076171875,4.4365234375,3.9970703125,6.6875,5.513671875,82.7958984375,39.51171875,64.12109375,22.8515625,4.9892578125,3.1044921875,9.1845703125,6.3544921875,10.7099609375,7.6484375,0.6396484375,0.509765625,78.1064453125,97.693359375,554.841796875,28,1,5,0,5,8,3,0,0,2,2,2,2,0,175.26,180.34,185.0,0.02734375,0.25,0.4294091796875,0.5156201171875,0.490791015625,0.2275,0.54052734375,0.125,0.0,0.00048828125,47.0263671875,21.0947265625,87.54541015625,48.0390625,55.05615234375,27.80078125,99.04736328125,58.33544921875,6.34521484375,2.88671875,1.763671875,0.75,34.23681640625,13.060546875,71.26318359375,34.544921875,8.59423828125,5.52880859375,7.7041015625,6.0107421875,4.1953125,2.50537109375,8.578125,7.4833984375,40.19873046875,16.482421875,57.90966796875,26.1982421875,1.60009765625,1.203125,13.19677734375,9.68359375,5.2275390625,3.4091796875,16.43896484375,12.1572265625,160.2060546875,89.34521484375,609.53125,29,5,9,0,9,9,3,0,0,0,3,4,2,0,187.96,198.12,185.0,25.0,33.0,0,0,0,0,0,0,0,1,0,0,0,0,0,0,0,0,0,1,0,0,1,0,0,0
Blue,False,0.75,0.0,0.4575,0.47375,0.165,0.299375,0.75,0.0,0.0,0.1875,104.25,48.5,102.5625,48.8125,112.1875,54.5,131.3125,71.5625,1.5625,0.4375,3.5625,1.25,70.0,27.9375,77.4375,34.5625,19.5625,8.875,8.25,5.3125,14.6875,11.6875,16.875,8.9375,88.5625,38.0,80.5625,31.5625,6.0625,4.0,4.8125,3.3125,9.625,6.5,17.1875,13.9375,76.0,253.0625,835.9375,14,0,0,1,2,3,2,0,0,0,1,1,1,0,172.72,177.8,135.0,0.0,0.0,0.26,0.42,0.0,1.0,1.0,0.0,0.0,0.0,15.0,4.0,28.0,12.0,15.0,4.0,29.0,12.0,0.0,0.0,1.0,1.0,8.0,1.0,21.0,8.0,4.0,2.0,6.0,4.0,3.0,1.0,1.0,0.0,14.0,4.0,26.0,10.0,1.0,0.0,2.0,2.0,0.0,0.0,0.0,0.0,0.0,7.0,108.0,1,0,1,0,1,1,0,0,0,0,0,0,1,0,167.64,167.64,145.0,24.0,30.0,1,0,0,0,0,0,0,0,0,0,0,0,0,0,0,0,0,0,1,0,0,0,0,1
Red,False,0.03125,0.0,0.5128515625,0.4037109375,0.25390625,0.2576171875,1.75390625,0.0,0.32421875,0.015625,32.26953125,18.125,26.3125,12.74609375,50.734375,32.5390625,83.1953125,62.453125,1.31640625,0.5078125,1.734375,1.34765625,29.79296875,16.3359375,24.66796875,11.86328125,2.1796875,1.57421875,1.3828125,0.6875,0.296875,0.21484375,0.26171875,0.1953125,19.56640625,8.625,15.06640625,4.30859375,6.46484375,5.86328125,0.52734375,0.33203125,6.23828125,3.63671875,10.71875,8.10546875,66.26171875,207.58203125,372.8125,15,1,0,1,3,5,4,0,0,1,0,1,3,0,170.18,185.42,145.0,1.0,0.0,0.42,0.3,0.5,0.11,0.0,0.0,0.0,0.0,178.0,75.0,230.5,71.0,203.0,92.5,231.0,71.5,0.5,0.5,9.5,1.0,153.5,58.5,175.0,39.5,18.0,11.0,24.5,10.5,6.5,5.5,31.0,21.0,155.5,58.0,218.5,67.0,12.0,9.5,12.0,4.0,10.5,7.5,0.0,0.0,48.5,78.0,809.5,6,0,2,0,2,2,0,0,0,0,1,1,0,0,180.34,190.5,145.0,30.0,26.0,0,0,1,0,0,0,0,0,0,0,0,0,0,0,0,1,0,0,0,0,1,0,0,0
Blue,False,0.0,0.5,0.5,0.48,0.615,0.0,0.0,0.0,0.0,0.0,72.5,36.5,48.0,23.0,118.5,74.0,117.0,89.0,11.5,6.5,1.5,0.0,61.0,30.0,27.5,10.5,8.5,4.5,16.5,9.5,3.0,2.0,4.0,3.0,40.0,14.0,31.5,12.0,13.5,6.5,11.0,7.5,19.0,16.0,5.5,3.5,533.5,160.5,900.0,6,0,2,0,2,2,0,0,0,0,2,0,0,0,180.34,180.34,145.0,0.5,0.0,0.345,0.36,0.265,0.1149999999999999,0.0,0.0,0.0,0.0,135.0,46.5,198.5,73.5,136.0,47.0,202.5,75.5,4.0,1.0,8.5,1.0,108.0,26.0,153.5,42.5,9.5,5.0,24.0,15.0,17.5,15.5,21.0,16.0,126.0,42.0,190.0,67.0,7.0,3.5,8.5,6.5,2.0,1.0,0.0,0.0,35.5,40.5,900.0,6,0,0,1,1,1,1,0,0,1,0,0,0,0,170.18,177.8,145.0,24.0,30.0,0,0,1,0,0,0,0,0,0,0,0,0,0,0,0,1,0,0,0,0,1,0,0,0
Blue,False,0.015625,0.0,0.45,0.4275,0.25,0.2,0.148468017578125,0.098388671875,0.0,0.0,66.5,29.6875,64.31230545043945,27.34375,89.75,48.0,85.53125,44.41152191162109,2.0,0.75,2.0546875,0.75,51.1875,18.3359375,49.6123046875,16.280410766601562,7.5,5.07647705078125,7.5,5.0,4.5,3.625,4.984375,3.9375,48.6875,17.0,47.11572265625,16.5,5.75,3.75,5.3125,3.4375,5.0625,3.5,3.875,2.5,99.2119140625,94.125,638.5,0,0,0,0,0,0,0,0,0,0,0,0,0,0,190.5,187.96,264.0,0.25,0.0,0.46,0.538125,0.208125,0.19125,0.0,0.0625,0.0,0.0,98.375,45.375,83.8125,46.0,146.5,84.3125,125.3125,83.125,4.875,1.0,2.25,0.5,77.25,29.875,61.125,26.3125,6.6875,4.4375,16.125,13.6875,14.4375,11.0625,6.5625,6.0,61.8125,18.6875,65.875,30.6875,24.25,17.875,17.375,14.8125,12.3125,8.8125,0.5625,0.5,393.5625,94.375,862.3125,13,0,1,0,1,3,2,0,0,1,1,1,0,0,190.5,195.58,265.0,26.0,32.0,0,0,0,0,1,0,0,0,0,0,0,0,0,0,0,1,0,0,0,0,0,0,1,0
Blue,False,0.25,0.0,0.3575,0.549375,0.205625,0.665,1.15625,1.0,2.375,1.3125,30.25,12.84375,35.15625,21.25,67.03125,44.25,78.0625,49.53125,1.0,0.65625,4.71875,3.5,18.6875,5.75,26.4375,13.65625,6.34375,2.53125,5.40625,4.84375,5.21875,4.5625,3.3125,2.75,23.4375,8.96875,22.46875,9.9375,2.34375,1.96875,2.53125,1.65625,4.46875,1.90625,10.15625,9.65625,237.0,385.09375,795.375,14,0,4,0,4,4,2,0,0,0,2,0,2,0,177.8,177.8,155.0,0.25,0.0,0.4975,0.2925,0.2275,0.43,0.25,0.0,0.0,0.0,39.0,17.0,48.75,19.75,45.75,23.25,71.25,39.25,2.5,0.75,7.75,4.0,26.25,7.0,37.5,12.75,4.5,3.25,6.5,4.25,8.25,6.75,4.75,2.75,29.5,11.0,30.5,7.75,2.0,0.75,0.5,0.5,7.5,5.25,17.75,11.5,111.75,320.75,642.0,7,0,0,1,1,1,2,0,0,0,0,1,0,0,180.34,185.42,155.0,29.0,28.0,0,0,0,0,0,0,1,0,0,0,0,0,0,0,0,1,0,0,0,0,1,0,0,0
Red,False,1.0,1.0,0.36,0.49,0.25,0.0,2.0,0.0,0.0,0.0,106.0,39.0,75.0,37.0,127.0,59.0,81.0,43.0,4.0,1.0,1.0,0.0,89.0,25.0,59.0,22.0,3.0,3.0,2.0,2.0,14.0,11.0,14.0,13.0,85.0,26.0,67.0,32.0,17.0,11.0,6.0,3.0,4.0,2.0,2.0,2.0,221.0,10.0,585.0,2,0,0,1,0,0,1,0,0,0,0,0,0,0,182.88,187.96,170.0,0.0,0.75,0.375,0.4225,0.0,0.355,0.25,0.0,0.0,0.0,152.25,57.0,132.5,56.25,154.5,59.0,146.0,69.0,2.0,0.0,3.75,1.75,122.25,35.75,117.25,46.5,16.25,9.0,10.25,5.25,13.75,12.25,5.0,4.5,138.25,47.5,95.5,33.75,11.25,7.0,24.5,12.25,2.75,2.5,12.5,10.25,16.25,176.5,706.5,7,0,2,0,2,2,1,0,0,0,1,0,1,0,185.42,187.96,170.0,27.0,30.0,0,0,0,0,0,0,0,0,0,1,0,0,0,0,0,1,0,0,0,0,0,0,1,0
Red,False,0.0,0.0,0.375,0.43,0.5,0.2,0.0,0.5,0.5,0.0,111.0,42.5,87.0,32.0,126.5,54.5,92.0,36.5,0.5,0.5,2.5,1.0,94.0,29.0,70.5,20.5,10.5,7.5,6.5,3.0,6.5,6.0,10.0,8.5,104.5,39.0,83.0,30.0,4.0,2.5,2.5,1.5,2.5,1.0,1.5,0.5,128.0,26.0,497.0,4,0,1,0,1,1,1,0,0,0,1,0,0,0,190.5,193.04,185.0,1.5,0.5,0.295,0.405,0.0,0.75,0.0,0.0,0.0,0.0,68.5,24.0,77.0,31.5,79.0,30.5,106.0,55.0,0.0,0.0,2.5,2.0,59.5,19.5,59.0,19.5,6.0,3.5,10.5,5.0,3.0,1.0,7.5,7.0,58.0,18.5,60.0,21.5,2.0,0.5,0.5,0.5,8.5,5.0,16.5,9.5,8.5,185.0,480.5,4,0,1,0,1,1,1,0,0,0,0,1,0,0,182.88,185.42,185.0,35.0,27.0,0,0,0,0,0,0,0,1,0,0,0,0,0,0,0,1,0,0,0,0,1,0,0,0
Blue,False,0.0,0.0,0.395,0.29,1.0,0.33,3.0,0.5,0.0,0.0,97.5,31.5,70.0,22.0,108.5,40.0,73.5,25.5,1.0,1.0,2.0,1.0,77.5,14.5,64.0,17.0,14.0,11.0,2.5,1.5,6.0,6.0,3.5,3.5,96.5,30.5,68.0,20.5,0.5,0.5,1.0,1.0,0.5,0.5,1.0,0.5,214.5,38.5,512.0,4,0,2,0,2,2,0,0,0,0,0,0,2,0,162.56,162.56,125.0,0.625,0.0,0.525625,0.624375,0.25,0.33,0.0,0.5625,0.0,0.0,97.9375,54.0,70.1875,41.5,134.1875,85.375,97.125,63.6875,2.25,1.25,1.6875,1.0,60.3125,25.875,51.75,25.6875,16.3125,10.5625,12.375,11.375,21.3125,17.5625,6.0625,4.4375,75.5,39.875,47.3125,24.25,12.875,9.0625,11.125,9.375,9.5625,5.0625,11.75,7.875,173.125,116.5625,504.375,11,0,1,0,2,3,2,0,0,0,2,1,0,0,167.64,165.1,125.0,30.0,31.0,0,0,0,0,0,0,0,0,0,0,0,0,0,1,0,1,0,0,0,0,1,0,0,0
Blue,False,0.015625,0.0,0.45,0.4275,0.25,0.2,0.148468017578125,0.098388671875,0.0,0.0,66.5,29.6875,64.31230545043945,27.34375,89.75,48.0,85.53125,44.41152191162109,2.0,0.75,2.0546875,0.75,51.1875,18.3359375,49.6123046875,16.280410766601562,7.5,5.07647705078125,7.5,5.0,4.5,3.625,4.984375,3.9375,48.6875,17.0,47.11572265625,16.5,5.75,3.75,5.3125,3.4375,5.0625,3.5,3.875,2.5,99.2119140625,94.125,638.5,0,0,0,0,0,0,0,0,0,0,0,0,0,0,185.42,198.12,264.0,0.0471682548522949,0.0,0.45,0.4217682266235352,0.25,0.19173828125,0.1875,0.125,0.0,0.0,69.5,30.5,66.984375,27.8466796875,94.0,48.544921875,88.50390625,44.75,2.0,0.8125,2.015625,0.6640625,54.0,19.01513671875,51.483436584472656,16.9437255859375,7.91796875,5.430633544921875,7.75,5.0625,4.780975341796875,3.9373779296875,4.8994140625,3.84375,51.025390625,18.400863647460938,50.515625,17.5,5.75,3.75,5.5,3.5,5.375,3.6875,4.0,2.65625,104.865234375,89.5,655.8441009521484,0,0,0,0,0,0,0,0,0,0,0,0,0,0,177.8,185.42,243.0,29.0,29.0,0,0,0,0,1,0,0,0,0,0,0,0,0,0,0,0,0,1,0,0,1,0,0,0
Red,False,0.15625,1.0,0.4028125,0.4290625,0.151875,0.6878124999999999,1.625,0.65625,0.375,0.0625,97.3125,38.96875,113.40625,50.34375,118.65625,59.03125,125.15625,60.6875,4.03125,0.625,7.28125,4.8125,88.03125,34.09375,88.8125,31.0625,5.65625,1.78125,18.25,12.96875,3.625,3.09375,6.34375,6.3125,84.4375,30.71875,86.75,33.71875,6.84375,4.28125,12.125,9.65625,6.03125,3.96875,14.53125,6.96875,59.4375,338.15625,813.0,17,0,0,1,2,3,3,0,0,0,2,0,1,0,162.56,162.56,125.0,0.0,0.0,0.37,0.34,0.33,0.33,2.0,0.0,0.0,0.0,99.0,37.0,93.0,32.0,135.0,67.0,107.0,44.0,3.0,1.0,12.0,4.0,82.0,27.0,90.0,31.0,10.0,6.0,3.0,1.0,7.0,4.0,0.0,0.0,92.0,32.0,86.0,29.0,4.0,3.0,3.0,0.0,3.0,2.0,4.0,3.0,230.0,171.0,900.0,3,0,1,0,1,1,0,0,0,1,0,0,0,0,165.1,170.18,125.0,37.0,27.0,0,0,0,1,0,0,0,0,0,0,0,0,0,0,0,1,0,0,0,0,1,0,0,0
Blue,False,0.703125,0.0390625,0.38875,0.350390625,0.00515625,0.12421875,0.0,0.0,0.0,0.015625,137.4609375,50.8359375,120.21875,41.3359375,144.390625,57.734375,125.7265625,46.6015625,0.140625,0.015625,2.015625,0.4453125,124.5859375,41.3359375,84.734375,19.0859375,6.7890625,3.7578125,16.875,7.28125,6.0859375,5.7421875,18.609375,14.96875,128.78125,46.3828125,118.6484375,40.359375,2.375,1.4296875,0.734375,0.3671875,6.3046875,3.0234375,0.8359375,0.609375,63.21875,10.5,760.375,17,0,0,1,4,6,2,0,0,0,3,3,0,0,182.88,185.42,170.0,0.0625,0.03125,0.527421875,0.5573828125,0.662109375,0.0625,0.84375,0.125,0.25,0.125,25.2265625,14.05859375,46.51171875,26.375,35.30859375,23.36328125,69.9140625,46.31640625,1.79296875,1.19140625,1.046875,0.28125,22.16015625,12.00390625,30.4765625,13.61328125,2.90234375,1.953125,9.51171875,6.43359375,0.1640625,0.1015625,6.5234375,6.328125,18.046875,7.40625,36.80859375,18.96875,1.01953125,0.6796875,2.82421875,2.18359375,6.16015625,5.97265625,6.87890625,5.22265625,182.0703125,84.28125,482.6953125,20,0,4,0,4,7,2,0,0,0,1,0,6,0,180.34,182.88,170.0,30.0,28.0,0,0,0,0,0,0,0,0,0,1,0,0,0,0,0,1,0,0,0,0,0,0,0,1
Red,False,0.0,0.5,0.565,0.655,0.25,0.165,1.5,0.0,0.0,0.0,36.5,21.5,29.5,19.5,61.0,43.0,39.5,28.5,2.5,0.5,1.5,0.5,25.0,11.5,20.5,12.5,9.5,8.0,5.5,5.0,2.0,2.0,3.5,2.0,21.5,9.0,11.5,5.0,12.0,10.0,12.5,9.0,3.0,2.5,5.5,5.5,67.0,179.0,334.5,3,0,1,0,1,1,1,0,0,0,0,0,1,0,190.5,193.04,205.0,0.75,0.0,0.7324999999999999,0.3225,0.0,0.375,0.0,0.25,0.0,0.0,10.0,5.75,14.0,8.75,25.5,19.5,46.5,33.25,0.0,0.0,4.5,2.0,8.5,4.5,9.25,5.75,1.5,1.25,2.0,1.5,0.0,0.0,2.75,1.5,6.0,2.0,7.75,3.5,1.25,1.25,0.0,0.0,2.75,2.5,6.25,5.25,0.5,231.75,312.75,5,1,0,2,1,1,2,0,0,0,0,1,0,0,185.42,193.04,205.0,29.0,27.0,0,0,0,0,0,1,0,0,0,0,0,0,0,0,0,1,0,0,0,0,0,0,1,0
Blue,False,0.5078125,0.0078125,0.3682031249999999,0.4096875,0.0390625,0.202265625,0.1875,0.0,0.0,0.0078125,82.265625,31.015625,68.53125,28.828125,87.3203125,35.7890625,75.6171875,33.703125,0.5234375,0.1328125,2.1875,0.890625,60.328125,15.234375,46.28125,14.53125,12.0078125,7.6796875,12.65625,7.3046875,9.9296875,8.1015625,9.59375,6.9921875,71.921875,25.9140625,62.3046875,24.6484375,6.0390625,3.1875,4.5703125,2.78125,4.3046875,1.9140625,1.65625,1.3984375,46.3046875,111.3359375,545.5703125,21,0,2,0,2,5,3,0,0,1,1,2,1,0,180.34,177.8,155.0,0.03125,0.0,0.4621875,0.5234375,0.145,0.4325,0.6875,0.625,0.0,0.0,140.34375,71.5625,72.59375,35.875,169.1875,94.3125,94.25,54.71875,0.8125,0.3125,4.84375,3.125,117.8125,53.46875,55.78125,24.65625,14.28125,11.0,14.15625,8.6875,8.25,7.09375,2.65625,2.53125,108.53125,48.5,54.25,21.84375,16.90625,9.875,3.0625,1.03125,14.90625,13.1875,15.28125,13.0,86.0,344.90625,860.78125,15,0,3,0,3,5,1,0,1,1,1,2,0,0,177.8,177.8,155.0,33.0,27.0,0,0,0,0,0,0,1,0,0,0,0,0,0,0,0,1,0,0,0,0,0,0,1,0
Red,False,0.0,0.25,0.355,0.4125,0.29,0.0825,0.0,0.0,0.0,0.0,142.5,52.25,119.5,48.5,163.0,64.25,137.5,64.0,2.25,0.75,1.25,0.25,109.25,29.0,92.5,30.75,4.75,3.25,15.0,9.0,28.5,20.0,12.0,8.75,133.5,46.75,108.0,40.25,5.25,2.25,4.0,2.0,3.75,3.25,7.5,6.25,153.0,85.0,774.25,8,0,0,2,1,1,2,0,0,1,0,0,0,0,175.26,182.88,135.0,0.0,0.0,0.61,0.41,0.73,0.0,0.0,0.0,0.0,0.0,80.0,49.0,128.0,53.0,171.0,127.0,134.0,59.0,15.0,11.0,0.0,0.0,74.0,45.0,103.0,35.0,5.0,3.0,17.0,11.0,1.0,1.0,8.0,7.0,53.0,27.0,116.0,44.0,1.0,0.0,12.0,9.0,26.0,22.0,0.0,0.0,596.0,9.0,900.0,3,0,1,0,1,1,0,0,0,0,1,0,0,0,170.18,180.34,135.0,26.0,25.0,1,0,0,0,0,0,0,0,0,0,0,0,0,0,0,1,0,0,0,0,1,0,0,0
Blue,False,0.015625,0.0,0.45,0.4275,0.25,0.2,0.148468017578125,0.098388671875,0.0,0.0,66.5,29.6875,64.31230545043945,27.34375,89.75,48.0,85.53125,44.41152191162109,2.0,0.75,2.0546875,0.75,51.1875,18.3359375,49.6123046875,16.280410766601562,7.5,5.07647705078125,7.5,5.0,4.5,3.625,4.984375,3.9375,48.6875,17.0,47.11572265625,16.5,5.75,3.75,5.3125,3.4375,5.0625,3.5,3.875,2.5,99.2119140625,94.125,638.5,0,0,0,0,0,0,0,0,0,0,0,0,0,0,180.34,182.88,170.0,0.0,3.0,0.14,0.54,0.0,0.0,0.0,0.0,0.0,0.0,14.0,2.0,22.0,12.0,15.0,2.0,22.0,12.0,0.0,0.0,0.0,0.0,14.0,2.0,22.0,12.0,0.0,0.0,0.0,0.0,0.0,0.0,0.0,0.0,13.0,1.0,16.0,7.0,1.0,1.0,2.0,2.0,0.0,0.0,4.0,3.0,0.0,7.0,53.0,1,0,0,1,0,0,1,0,0,0,0,0,0,0,180.34,180.34,170.0,35.0,36.0,0,0,0,0,0,0,0,0,0,1,0,0,0,0,0,0,0,0,1,0,1,0,0,0
Red,False,0.015625,0.0,0.45,0.4275,0.25,0.2,0.148468017578125,0.098388671875,0.0,0.0,66.5,29.6875,64.31230545043945,27.34375,89.75,48.0,85.53125,44.41152191162109,2.0,0.75,2.0546875,0.75,51.1875,18.3359375,49.6123046875,16.280410766601562,7.5,5.07647705078125,7.5,5.0,4.5,3.625,4.984375,3.9375,48.6875,17.0,47.11572265625,16.5,5.75,3.75,5.3125,3.4375,5.0625,3.5,3.875,2.5,99.2119140625,94.125,638.5,0,0,0,0,0,0,0,0,0,0,0,0,0,0,165.1,175.26,145.0,0.0471682548522949,0.0,0.45,0.4217682266235352,0.25,0.19173828125,0.1875,0.125,0.0,0.0,69.5,30.5,66.984375,27.8466796875,94.0,48.544921875,88.50390625,44.75,2.0,0.8125,2.015625,0.6640625,54.0,19.01513671875,51.483436584472656,16.9437255859375,7.91796875,5.430633544921875,7.75,5.0625,4.780975341796875,3.9373779296875,4.8994140625,3.84375,51.025390625,18.400863647460938,50.515625,17.5,5.75,3.75,5.5,3.5,5.375,3.6875,4.0,2.65625,104.865234375,89.5,655.8441009521484,0,0,0,0,0,0,0,0,0,0,0,0,0,0,182.88,185.42,145.0,29.0,28.0,0,0,0,0,0,0,1,0,0,0,0,0,0,0,0,1,0,0,0,0,1,0,0,0
Red,False,0.015625,0.0,0.45,0.4275,0.25,0.2,0.148468017578125,0.098388671875,0.0,0.0,66.5,29.6875,64.31230545043945,27.34375,89.75,48.0,85.53125,44.41152191162109,2.0,0.75,2.0546875,0.75,51.1875,18.3359375,49.6123046875,16.280410766601562,7.5,5.07647705078125,7.5,5.0,4.5,3.625,4.984375,3.9375,48.6875,17.0,47.11572265625,16.5,5.75,3.75,5.3125,3.4375,5.0625,3.5,3.875,2.5,99.2119140625,94.125,638.5,0,0,0,0,0,0,0,0,0,0,0,0,0,0,162.56,165.1,115.0,0.53125,0.25,0.3540625,0.4712499999999999,0.0,0.56,0.0,0.125,0.0,0.0,240.9375,98.09375,173.75,76.1875,245.0,101.8125,180.03125,81.75,0.15625,0.0,2.15625,0.90625,203.65625,73.40625,150.0,57.4375,23.8125,13.96875,10.28125,8.09375,13.46875,10.71875,13.46875,10.65625,218.1875,86.71875,154.59375,62.9375,15.25,8.375,14.71875,10.5625,7.5,3.0,4.4375,2.6875,12.78125,52.46875,639.75,13,0,0,1,1,3,3,0,0,0,2,1,0,0,175.26,167.64,135.0,30.0,34.0,0,0,0,0,0,0,0,0,0,0,1,0,0,0,0,0,0,1,0,0,1,0,0,0
Blue,False,0.0,0.0,0.6375,0.715,0.69,0.25,0.0,0.0,0.0,0.0,51.25,31.5,33.25,14.75,101.5,71.0,43.25,23.0,8.0,5.75,0.75,0.75,37.75,19.25,30.75,12.75,3.0,2.5,1.0,0.5,10.5,9.75,1.5,1.5,21.25,8.25,29.75,12.0,4.5,2.75,2.5,2.25,25.5,20.5,1.0,0.5,235.75,25.25,435.0,6,0,0,1,1,1,2,0,0,0,0,1,0,0,193.04,203.2,265.0,0.0390625,0.0,0.574609375,0.434375,0.13328125,0.3126562499999999,0.0078125,0.5,0.25,0.125,69.0625,40.0546875,69.859375,33.65625,104.015625,72.875,112.3125,68.2890625,1.5859375,0.15625,4.5,1.5703125,45.0390625,19.5234375,48.234375,18.3046875,14.953125,12.2890625,8.4453125,5.4609375,9.0703125,8.2421875,13.1796875,9.890625,51.7421875,25.6953125,43.453125,14.2734375,14.921875,12.2578125,20.640625,15.3828125,2.3984375,2.1015625,5.765625,4.0,70.9296875,402.5859375,734.765625,21,0,1,0,3,4,4,0,2,0,0,2,0,0,182.88,187.96,247.0,26.0,34.0,0,0,0,0,1,0,0,0,0,0,0,0,0,0,0,1,0,0,0,0,0,0,1,0
Red,False,0.0,0.0,0.4549999999999999,0.31,0.0,1.0,1.0,0.0,0.0,0.0,20.0,8.5,14.0,4.0,24.0,11.5,18.5,8.0,1.0,0.0,1.0,1.0,19.0,7.5,12.0,2.5,0.5,0.5,0.5,0.5,0.5,0.5,1.5,1.0,15.0,5.5,13.5,4.0,3.5,1.5,0.0,0.0,1.5,1.5,0.5,0.0,32.5,58.5,173.0,2,0,2,0,2,2,0,0,0,0,0,0,2,0,185.42,195.58,185.0,0.650390625,0.625,0.36357421875,0.3412890625,0.265625,0.25609375,0.0,0.255859375,0.0,0.0,44.677734375,17.638671875,33.6875,8.365234375,48.984375,21.8828125,39.8125,13.990234375,1.072265625,0.53125,1.16015625,0.53515625,30.962890625,8.89453125,30.025390625,6.505859375,7.740234375,3.244140625,1.83984375,0.953125,5.974609375,5.5,1.822265625,0.90625,34.61328125,11.361328125,28.1953125,5.013671875,1.81640625,1.56640625,3.6015625,1.59765625,8.248046875,4.7109375,1.890625,1.75390625,69.9296875,51.439453125,345.8828125,15,0,0,1,4,6,4,0,0,0,1,5,0,0,187.96,193.04,205.0,29.0,33.0,0,0,0,0,0,0,0,1,0,0,0,0,0,0,0,0,0,1,0,0,1,0,0,0
Red,False,8.344650268554688e-06,0.001953125,0.4471033009886742,0.3860721850395202,0.3488575866818428,0.6183963134884835,1.779205471277237,0.1455394327640533,0.0197763741016387,0.5002443194389343,116.12122824788094,55.34030157327652,158.9413585066795,66.50274196267128,131.98791256546974,68.5622524023056,182.72082501649857,88.55348700284958,4.756160736083984,1.581037551164627,2.3809491991996765,1.9779091775417328,88.76501414179802,31.20392483472824,135.6575989127159,51.56089663505554,16.45149326324463,14.804455667734146,12.867657035589218,9.117114305496216,10.904720842838287,9.331921070814133,10.416102558374403,5.824731022119522,99.42354300618172,43.089136868715286,136.62960669398308,53.620094537734985,12.175114095211027,8.917213141918182,12.971775740385056,8.270018368959427,4.52257114648819,3.333951562643051,9.3399760723114,4.612629055976868,148.11466690897942,187.8165532052517,843.9270938336849,62,0,2,0,7,17,9,0,0,2,6,3,6,0,172.72,180.34,155.0,0.005859375,0.5,0.418603515625,0.455048828125,0.00064453125,0.645966796875,0.2744140625,0.0,1.265625,0.001953125,130.275390625,51.5986328125,158.484375,72.37109375,143.1142578125,63.5283203125,170.5078125,83.515625,1.4150390625,0.005859375,5.1640625,2.6796875,91.6865234375,30.8916015625,106.87890625,36.0439453125,29.771484375,13.3916015625,33.2890625,22.4091796875,8.8173828125,7.3154296875,18.31640625,13.91796875,119.7958984375,46.6240234375,140.275390625,58.240234375,2.1796875,0.458984375,13.2109375,10.7412109375,8.2998046875,4.515625,4.998046875,3.3896484375,91.875,154.798828125,849.044921875,28,4,0,1,5,6,5,0,0,1,0,2,3,0,177.8,182.88,155.0,33.0,30.0,0,0,0,0,0,0,1,0,0,0,0,0,0,0,0,0,0,1,0,0,1,0,0,0
Red,False,0.0,1.0,0.31,0.51,0.0,1.0,1.0,0.0,0.0,0.0,35.0,11.0,82.0,42.0,37.0,13.0,90.0,50.0,3.0,0.0,1.0,1.0,24.0,3.0,68.0,30.0,0.0,0.0,8.0,6.0,11.0,8.0,6.0,6.0,31.0,10.0,51.0,17.0,3.0,0.0,11.0,11.0,1.0,1.0,20.0,14.0,30.0,236.0,385.0,2,0,0,1,0,0,1,0,0,0,0,0,0,0,187.96,198.12,170.0,1.0,0.125,0.4443749999999999,0.3125,0.0178125,0.0275,0.0,0.0,0.0,0.0625,91.90625,37.5625,70.4375,24.9375,95.15625,40.71875,71.5625,25.5625,0.28125,0.125,0.75,0.125,79.71875,27.875,51.25,11.5,6.84375,4.375,8.6875,4.59375,5.34375,5.3125,10.5,8.84375,83.1875,33.3125,65.625,21.65625,4.1875,1.71875,2.28125,1.90625,4.53125,2.53125,2.53125,1.375,30.65625,10.4375,405.875,14,1,3,0,3,4,2,0,0,1,2,1,0,0,177.8,180.34,170.0,26.0,30.0,0,0,0,0,0,0,0,0,0,1,0,0,0,0,0,1,0,0,0,0,1,0,0,0
Blue,False,0.9462890625,0.0419921875,0.70802734375,0.45677734375,0.1337890625,0.2512890625,0.25,0.00390625,0.0,0.0,49.3779296875,37.375,50.40234375,23.3232421875,54.220703125,41.0673828125,56.13671875,28.048828125,0.7919921875,0.1416015625,0.388671875,0.25390625,17.513671875,10.0810546875,40.7109375,16.4658203125,22.0810546875,18.2138671875,5.638671875,4.2529296875,9.783203125,9.080078125,4.052734375,2.6044921875,32.4970703125,22.69140625,37.7861328125,13.607421875,14.1591796875,12.7255859375,8.5087890625,6.421875,2.7216796875,1.9580078125,4.107421875,3.2939453125,123.255859375,12.40625,539.6044921875,21,1,1,0,4,7,4,0,0,0,2,5,0,0,193.04,203.2,265.0,0.5703125,0.31494140625,0.553212890625,0.3894091796875,0.05986328125,0.1628662109375,0.640625,0.00390625,0.0,0.0,111.12841796875,64.00146484375,108.6181640625,37.39501953125,126.705078125,78.703125,114.74560546875,42.986328125,2.541015625,0.205078125,0.736328125,0.56396484375,76.77685546875,35.5830078125,89.80126953125,24.7412109375,21.04052734375,15.61328125,7.5029296875,3.5751953125,13.31103515625,12.80517578125,11.31396484375,9.07861328125,96.974609375,51.8154296875,100.9228515625,31.66162109375,8.56396484375,7.47216796875,6.0205078125,4.56005859375,5.58984375,4.7138671875,1.6748046875,1.17333984375,61.91650390625,40.572265625,671.2138671875,27,3,0,1,6,9,3,0,0,0,3,4,2,0,193.04,195.58,231.0,37.0,39.0,0,0,0,0,1,0,0,0,0,0,0,0,0,0,0,1,0,0,0,0,1,0,0,0
Blue,False,0.125,0.0,0.4325,0.48125,0.17375,0.75,1.125,0.0,0.25,0.5,19.875,8.375,24.5,13.125,39.625,26.875,49.375,37.5,2.25,1.125,0.875,0.75,16.875,5.625,22.5,11.375,0.875,0.875,1.75,1.5,2.125,1.875,0.25,0.25,15.75,5.5,12.125,4.875,1.875,1.375,4.625,2.75,2.25,1.5,7.75,5.5,163.5,122.0,355.875,6,0,2,0,2,3,1,0,0,0,0,1,2,0,187.96,203.2,240.0,0.034271240234375,0.97314453125,0.3678973388671875,0.5586355590820312,0.0572003173828125,0.048984375,0.000274658203125,0.250244140625,0.0,6.103515625e-05,72.89950561523438,25.111297607421875,89.25787353515625,51.1678466796875,75.130859375,27.2955322265625,101.41845703125,62.413848876953125,0.711944580078125,0.141357421875,1.29010009765625,0.15625,48.451904296875,10.325042724609377,70.8199462890625,36.055084228515625,16.798797607421875,8.538238525390625,10.5296630859375,7.252197265625,7.6488037109375,6.248016357421875,7.90826416015625,7.860565185546875,67.78948974609375,22.29473876953125,68.42056274414062,33.665313720703125,1.2899169921875,0.779266357421875,5.690338134765625,4.744720458984375,3.820098876953125,2.03729248046875,15.14697265625,12.7578125,17.8531494140625,95.69564819335938,587.3052368164062,29,0,1,0,3,9,7,0,0,0,1,7,1,0,198.12,200.66,255.0,40.0,34.0,0,0,0,0,1,0,0,0,0,0,0,0,0,0,0,1,0,0,0,0,1,0,0,0
Blue,True,0.8154296875,0.0048828125,0.5160449218750001,0.344453125,0.0478515625,0.1654296875,0.0,0.0009765625,0.0,0.078125,104.9169921875,52.95703125,54.9765625,21.0859375,109.75390625,57.6923828125,59.546875,25.6298828125,0.1650390625,0.0869140625,2.9013671875,0.5029296875,88.9365234375,41.2744140625,43.9765625,13.8212890625,8.8115234375,5.7958984375,5.8994140625,3.05859375,7.1689453125,5.88671875,5.1005859375,4.2060546875,83.6572265625,39.572265625,47.748046875,16.4375,6.24609375,3.337890625,6.9921875,4.509765625,15.013671875,10.046875,0.236328125,0.138671875,35.61328125,46.978515625,504.2744140625,25,1,2,0,7,9,2,0,0,0,4,5,0,0,182.88,185.42,185.0,0.890625,0.0,0.49640625,0.3675,0.4575,0.106953125,0.0,0.0625,0.0,0.0,60.625,30.578125,54.2578125,20.6640625,71.6796875,40.015625,62.4765625,26.5390625,2.703125,1.53125,6.34375,0.8125,46.015625,20.6171875,29.9921875,7.484375,6.4453125,4.21875,15.25,7.84375,8.1640625,5.7421875,9.015625,5.3359375,38.7578125,17.953125,50.2734375,17.890625,2.46875,1.375,1.875,0.734375,19.3984375,11.25,2.109375,2.0390625,108.390625,56.0625,712.2265625,22,0,8,0,8,8,0,0,0,1,1,6,0,0,182.88,185.42,185.0,26.0,40.0,0,0,0,0,0,0,0,1,0,0,0,0,0,0,0,1,0,0,0,0,0,0,1,0
Red,False,0.75,0.0,0.365,0.3725,0.5,0.125,0.0,0.0,0.25,0.0,136.0,52.5,130.0,49.75,137.5,54.0,132.75,52.25,0.75,0.5,3.25,0.75,111.25,35.75,100.5,28.5,12.0,6.25,26.25,18.75,12.75,10.5,3.25,2.5,129.75,49.0,119.75,45.5,4.75,2.25,7.5,3.75,1.5,1.25,2.75,0.5,24.25,15.75,826.5,9,0,0,1,2,2,1,0,0,0,1,1,0,0,170.18,172.72,145.0,0.75,0.0,0.6012500000000001,0.3774999999999999,0.525,0.25,0.5,0.0,0.0,0.0,61.625,31.0,75.75,30.125,65.75,34.5,86.0,39.875,1.875,0.625,0.625,0.375,49.375,21.25,54.5,15.375,8.0,6.125,12.625,8.0,4.25,3.625,8.625,6.75,51.75,21.75,66.125,23.25,3.0,2.625,2.875,1.375,6.875,6.625,6.75,5.5,74.0,44.125,425.0,7,0,2,0,2,3,1,0,0,0,0,3,0,0,172.72,180.34,135.0,32.0,30.0,1,0,0,0,0,0,0,0,0,0,0,0,0,0,0,1,0,0,0,0,1,0,0,0
Red,False,0.015625,0.0,0.45,0.4275,0.25,0.2,0.148468017578125,0.098388671875,0.0,0.0,66.5,29.6875,64.31230545043945,27.34375,89.75,48.0,85.53125,44.41152191162109,2.0,0.75,2.0546875,0.75,51.1875,18.3359375,49.6123046875,16.280410766601562,7.5,5.07647705078125,7.5,5.0,4.5,3.625,4.984375,3.9375,48.6875,17.0,47.11572265625,16.5,5.75,3.75,5.3125,3.4375,5.0625,3.5,3.875,2.5,99.2119140625,94.125,638.5,0,0,0,0,0,0,0,0,0,0,0,0,0,0,172.72,180.34,135.0,0.0471682548522949,0.0,0.45,0.4217682266235352,0.25,0.19173828125,0.1875,0.125,0.0,0.0,69.5,30.5,66.984375,27.8466796875,94.0,48.544921875,88.50390625,44.75,2.0,0.8125,2.015625,0.6640625,54.0,19.01513671875,51.483436584472656,16.9437255859375,7.91796875,5.430633544921875,7.75,5.0625,4.780975341796875,3.9373779296875,4.8994140625,3.84375,51.025390625,18.400863647460938,50.515625,17.5,5.75,3.75,5.5,3.5,5.375,3.6875,4.0,2.65625,104.865234375,89.5,655.8441009521484,0,0,0,0,0,0,0,0,0,0,0,0,0,0,167.64,162.56,145.0,31.0,27.0,0,0,1,0,0,0,0,0,0,0,0,0,0,0,0,1,0,0,0,0,1,0,0,0
Blue,False,0.0,0.625,0.4075,0.3974999999999999,0.325,0.0,0.0,0.0,0.0,0.5,122.0,54.125,117.5,47.375,176.625,96.5,127.375,56.875,4.0,1.625,0.0,0.0,91.375,27.75,85.125,26.5,4.875,3.375,12.0,7.375,25.75,23.0,20.375,13.5,107.375,46.0,108.875,41.75,1.25,0.625,1.25,1.125,13.375,7.5,7.375,4.5,224.75,25.875,689.625,10,0,0,1,1,2,2,0,0,0,1,1,0,0,180.34,182.88,170.0,0.1875,0.25,0.5159375,0.33625,0.3625,0.28125,0.0,0.625,0.0,0.0,65.09375,32.03125,94.09375,33.90625,66.75,33.5625,123.25,57.5,2.75,1.75,1.375,0.53125,52.125,22.53125,69.90625,17.34375,7.375,4.90625,14.3125,10.15625,5.59375,4.59375,9.875,6.40625,58.15625,27.96875,72.78125,19.875,4.5,2.25,5.78125,1.125,2.4375,1.8125,15.53125,12.90625,64.28125,258.625,620.0625,12,0,1,0,2,3,3,0,0,1,0,2,0,0,182.88,185.42,170.0,28.0,27.0,0,0,0,0,0,0,0,0,0,1,0,0,0,0,0,1,0,0,0,0,1,0,0,0
Red,False,0.015625,0.0,0.45,0.4275,0.25,0.2,0.148468017578125,0.098388671875,0.0,0.0,66.5,29.6875,64.31230545043945,27.34375,89.75,48.0,85.53125,44.41152191162109,2.0,0.75,2.0546875,0.75,51.1875,18.3359375,49.6123046875,16.280410766601562,7.5,5.07647705078125,7.5,5.0,4.5,3.625,4.984375,3.9375,48.6875,17.0,47.11572265625,16.5,5.75,3.75,5.3125,3.4375,5.0625,3.5,3.875,2.5,99.2119140625,94.125,638.5,0,0,0,0,0,0,0,0,0,0,0,0,0,0,193.04,205.74,205.0,0.0471682548522949,0.0,0.45,0.4217682266235352,0.25,0.19173828125,0.1875,0.125,0.0,0.0,69.5,30.5,66.984375,27.8466796875,94.0,48.544921875,88.50390625,44.75,2.0,0.8125,2.015625,0.6640625,54.0,19.01513671875,51.483436584472656,16.9437255859375,7.91796875,5.430633544921875,7.75,5.0625,4.780975341796875,3.9373779296875,4.8994140625,3.84375,51.025390625,18.400863647460938,50.515625,17.5,5.75,3.75,5.5,3.5,5.375,3.6875,4.0,2.65625,104.865234375,89.5,655.8441009521484,0,0,0,0,0,0,0,0,0,0,0,0,0,0,182.88,187.96,185.0,28.0,24.0,0,0,0,0,0,1,0,0,0,0,0,0,0,0,0,1,0,0,0,0,1,0,0,0
Blue,False,0.0,0.0,0.61,0.27,1.0,0.0,0.0,0.0,0.0,0.0,110.0,68.0,80.0,22.0,163.0,114.0,102.0,44.0,2.0,2.0,0.0,0.0,64.0,29.0,57.0,7.0,36.0,32.0,12.0,7.0,10.0,7.0,11.0,8.0,71.0,36.0,66.0,15.0,35.0,29.0,14.0,7.0,4.0,3.0,0.0,0.0,486.0,7.0,900.0,3,0,1,0,1,1,0,0,0,0,1,0,0,0,175.26,177.8,155.0,0.5,0.0,0.5925,0.6925,0.365,0.165,0.0,0.0,0.0,0.0,41.0,17.25,26.75,10.75,52.25,27.75,30.0,13.5,3.5,1.75,2.25,0.75,32.5,11.25,18.25,3.75,4.75,3.0,5.0,4.5,3.75,3.0,3.5,2.5,31.75,12.5,20.25,6.75,7.5,3.5,1.75,0.5,1.75,1.25,4.75,3.5,109.5,104.75,385.0,6,0,3,0,3,3,0,0,0,0,1,2,0,0,177.8,185.42,155.0,29.0,24.0,0,0,0,0,0,0,1,0,0,0,0,0,0,0,0,1,0,0,0,0,1,0,0,0
Red,False,0.015625,0.0,0.45,0.4275,0.25,0.2,0.148468017578125,0.098388671875,0.0,0.0,66.5,29.6875,64.31230545043945,27.34375,89.75,48.0,85.53125,44.41152191162109,2.0,0.75,2.0546875,0.75,51.1875,18.3359375,49.6123046875,16.280410766601562,7.5,5.07647705078125,7.5,5.0,4.5,3.625,4.984375,3.9375,48.6875,17.0,47.11572265625,16.5,5.75,3.75,5.3125,3.4375,5.0625,3.5,3.875,2.5,99.2119140625,94.125,638.5,0,0,0,0,0,0,0,0,0,0,0,0,0,0,187.96,187.96,205.0,0.125,0.125,0.54125,0.39125,0.0,0.7125,0.0,0.5,0.0,0.0,53.25,29.875,70.75,26.375,70.0,45.375,135.375,72.25,0.5,0.0,3.625,3.0,46.25,23.25,61.75,19.5,3.5,3.375,7.0,5.25,3.5,3.25,2.0,1.625,44.5,22.625,51.625,15.75,6.25,4.75,5.375,3.125,2.5,2.5,13.75,7.5,53.0,395.875,717.625,8,0,0,1,2,2,2,0,0,0,1,1,0,0,180.34,195.58,185.0,30.0,33.0,0,0,0,0,0,1,0,0,0,0,0,0,0,0,0,1,0,0,0,0,0,0,0,1
Blue,True,0.0,0.0,0.3,0.57,0.33,0.0,0.0,2.0,0.0,1.0,13.0,4.0,7.0,4.0,40.0,25.0,12.0,9.0,3.0,1.0,1.0,0.0,11.0,2.0,5.0,2.0,1.0,1.0,1.0,1.0,1.0,1.0,1.0,1.0,2.0,0.0,2.0,0.0,4.0,3.0,3.0,3.0,7.0,1.0,2.0,1.0,139.0,79.0,238.0,1,0,0,1,0,0,1,0,0,0,0,0,0,0,182.88,185.42,170.0,0.0,1.125,0.38375,0.40625,0.09375,0.0,0.5,0.0,0.0,0.0,32.375,14.125,43.75,17.875,39.625,19.875,50.75,23.25,1.25,0.75,0.0,0.0,29.25,12.5,38.0,14.5,2.5,1.125,3.625,2.25,0.625,0.5,2.125,1.125,19.75,7.0,28.875,7.5,1.375,0.875,4.0,3.5,11.25,6.25,10.875,6.875,73.125,13.75,198.125,6,1,0,1,1,1,3,0,0,0,1,0,0,0,187.96,190.5,170.0,34.0,28.0,0,0,0,0,0,0,0,0,0,1,0,0,0,0,0,1,0,0,0,0,1,0,0,0
Red,False,0.015625,0.0,0.45,0.4275,0.25,0.2,0.148468017578125,0.098388671875,0.0,0.0,66.5,29.6875,64.31230545043945,27.34375,89.75,48.0,85.53125,44.41152191162109,2.0,0.75,2.0546875,0.75,51.1875,18.3359375,49.6123046875,16.280410766601562,7.5,5.07647705078125,7.5,5.0,4.5,3.625,4.984375,3.9375,48.6875,17.0,47.11572265625,16.5,5.75,3.75,5.3125,3.4375,5.0625,3.5,3.875,2.5,99.2119140625,94.125,638.5,0,0,0,0,0,0,0,0,0,0,0,0,0,0,177.8,177.8,170.0,0.0,0.078125,0.4779687499999999,0.47984375,0.3278125,0.408125,1.265625,0.0,0.046875,0.0625,99.96875,43.03125,116.125,59.359375,108.875,49.125,131.03125,72.546875,8.84375,1.265625,1.8125,1.1875,82.875,30.40625,76.71875,28.015625,11.125,7.890625,23.96875,18.109375,5.96875,4.734375,15.4375,13.234375,96.265625,40.625,100.453125,47.0625,3.4375,2.296875,7.265625,5.53125,0.265625,0.109375,8.40625,6.765625,198.84375,119.34375,667.328125,15,0,1,0,2,4,3,0,0,0,1,1,2,0,187.96,185.42,170.0,30.0,31.0,0,0,0,0,0,0,0,0,0,1,0,0,0,0,0,0,0,1,0,0,1,0,0,0
Blue,False,0.015625,0.0,0.45,0.4275,0.25,0.2,0.148468017578125,0.098388671875,0.0,0.0,66.5,29.6875,64.31230545043945,27.34375,89.75,48.0,85.53125,44.41152191162109,2.0,0.75,2.0546875,0.75,51.1875,18.3359375,49.6123046875,16.280410766601562,7.5,5.07647705078125,7.5,5.0,4.5,3.625,4.984375,3.9375,48.6875,17.0,47.11572265625,16.5,5.75,3.75,5.3125,3.4375,5.0625,3.5,3.875,2.5,99.2119140625,94.125,638.5,0,0,0,0,0,0,0,0,0,0,0,0,0,0,180.34,177.8,155.0,0.26837158203125,0.00048828125,0.294246826171875,0.5594647216796875,0.164215087890625,0.1667941284179687,0.5,0.50555419921875,0.000152587890625,0.0,109.28475952148438,33.767120361328125,129.93597412109375,73.96524047851562,110.39706420898438,34.685577392578125,154.68328857421875,97.67999267578124,0.22723388671875,0.179840087890625,3.567230224609375,1.010955810546875,71.30767822265625,16.048980712890625,122.01663208007812,68.63095092773438,27.23870849609375,10.77392578125,4.54583740234375,2.695953369140625,10.738372802734377,6.9442138671875,3.373504638671875,2.638336181640625,107.05783081054688,32.361846923828125,68.22732543945312,28.558258056640625,0.784088134765625,0.306915283203125,1.53466796875,1.276275634765625,1.442840576171875,1.098358154296875,60.17398071289063,44.130706787109375,6.696807861328125,264.0674743652344,619.5534057617188,40,1,0,1,4,9,7,0,0,0,5,4,0,0,177.8,185.42,155.0,28.0,31.0,0,0,0,0,0,0,1,0,0,0,0,0,0,0,0,1,0,0,0,0,0,0,1,0
Red,False,1.0,0.0,0.5,0.37,0.0,0.0,0.0,0.0,0.0,0.0,30.0,15.0,37.0,14.0,32.0,17.0,42.0,18.0,0.0,0.0,0.0,0.0,25.0,11.0,25.0,6.0,3.0,3.0,12.0,8.0,2.0,1.0,0.0,0.0,26.0,11.0,30.0,9.0,4.0,4.0,7.0,5.0,0.0,0.0,0.0,0.0,1.0,25.0,190.0,1,0,1,0,1,1,0,0,0,0,0,1,0,0,185.42,187.96,205.0,0.0,0.0,0.58,0.51,0.8,0.0,2.0,0.0,0.0,0.0,67.0,39.0,43.0,22.0,162.0,106.0,53.0,30.0,5.0,4.0,0.0,0.0,64.0,36.0,27.0,9.0,2.0,2.0,9.0,8.0,1.0,1.0,7.0,5.0,48.0,23.0,33.0,17.0,3.0,3.0,8.0,4.0,16.0,13.0,2.0,1.0,581.0,20.0,900.0,3,0,1,0,1,1,0,0,0,0,1,0,0,0,187.96,200.66,205.0,31.0,28.0,0,0,0,0,0,1,0,0,0,0,0,0,0,0,0,1,0,0,0,0,1,0,0,0
Red,False,0.0,0.0,0.37,0.47,0.5,1.0,0.0,1.0,3.0,2.0,116.0,44.0,107.0,51.0,156.0,77.0,117.0,59.0,2.0,1.0,1.0,1.0,84.0,31.0,54.0,17.0,30.0,12.0,33.0,19.0,2.0,1.0,20.0,15.0,98.0,35.0,92.0,40.0,10.0,4.0,13.0,10.0,8.0,5.0,2.0,1.0,120.0,325.0,900.0,3,0,0,1,0,0,1,0,0,0,0,0,0,0,170.18,175.26,115.0,0.625,0.0,0.4775,0.40375,0.0,0.62,0.0,0.25,0.125,0.0,138.375,64.25,190.625,77.875,155.125,79.25,212.125,95.75,0.125,0.0,4.75,1.75,105.375,43.0,146.0,49.625,28.625,17.375,38.75,23.375,4.375,3.875,5.875,4.875,91.625,35.75,127.375,45.25,42.0,25.625,62.75,32.5,4.75,2.875,0.5,0.125,41.5,175.25,716.75,10,0,1,0,1,1,3,0,0,0,1,0,0,0,160.02,162.56,115.0,29.0,32.0,0,0,0,0,0,0,0,0,0,0,0,0,0,1,0,0,0,1,0,0,1,0,0,0
Red,False,0.0,0.0,0.316875,0.4028125,0.209375,0.34875,0.0,1.0,1.0,0.0,118.59375,37.8125,45.15625,19.90625,157.875,71.5,52.46875,25.90625,5.1875,0.9375,3.5625,1.8125,68.15625,15.21875,27.15625,7.15625,30.25,11.71875,9.21875,6.84375,20.1875,10.875,8.78125,5.90625,104.3125,26.5,36.09375,13.25,6.65625,5.46875,8.8125,6.40625,7.625,5.84375,0.25,0.25,184.90625,93.59375,867.96875,16,1,3,0,3,5,1,0,0,0,3,2,0,0,185.42,190.5,185.0,0.000244140625,0.375244140625,0.4006640625,0.45705078125,0.130126953125,0.1074951171875,0.0,0.501953125,0.000244140625,0.015625,76.197021484375,33.51318359375,58.5009765625,22.269287109375,84.9677734375,42.073486328125,69.259765625,32.219482421875,0.460205078125,0.169189453125,5.1044921875,0.794921875,52.4599609375,16.54931640625,38.659912109375,11.7822265625,10.5927734375,6.24072265625,12.016357421875,6.317626953125,13.144287109375,10.72314453125,7.82470703125,4.16943359375,61.614990234375,23.1611328125,50.536376953125,16.736328125,14.040771484375,9.814697265625,6.8203125,4.475830078125,0.541259765625,0.537353515625,1.144287109375,1.05712890625,86.032470703125,113.846923828125,660.71875,34,0,2,0,5,9,4,0,0,2,6,1,0,0,185.42,187.96,185.0,29.0,29.0,0,0,0,0,0,0,0,1,0,0,0,0,0,0,0,1,0,0,0,0,1,0,0,0
Red,False,0.0,0.0,0.49375,0.44875,0.475,0.1775,0.0,0.125,0.5625,0.0,88.9375,42.0625,68.8125,28.4375,131.625,80.3125,145.4375,98.75,5.25,2.5,2.0625,1.25,60.3125,19.375,49.8125,13.5,15.125,13.0,18.375,14.625,13.5,9.6875,0.625,0.3125,58.125,17.6875,44.1875,9.6875,17.9375,15.0625,15.1875,11.1875,12.875,9.3125,9.4375,7.5625,367.625,181.6875,900.0,15,0,0,1,2,3,2,0,0,0,3,0,0,0,165.1,165.1,115.0,0.0625,0.0,0.4612499999999999,0.26625,0.3225,0.375,0.0,0.0,0.0,0.0,158.625,73.375,141.0625,37.625,200.25,106.5,152.125,45.625,2.5625,0.6875,2.375,1.0,117.0625,40.3125,112.5625,20.5625,19.0625,13.5625,23.5625,13.1875,22.5,19.5,4.9375,3.875,147.8125,66.0625,130.8125,32.625,7.4375,5.375,6.8125,2.875,3.375,1.9375,3.4375,2.125,215.0,94.9375,900.0,15,0,3,0,3,4,1,0,0,0,4,0,0,0,154.94,152.4,115.0,35.0,27.0,0,0,0,0,0,0,0,0,0,0,0,0,0,1,0,1,0,0,0,0,1,0,0,0
Red,False,1.125,0.0,0.46,0.40875,0.0,0.675,0.0,0.0,0.0,0.0,93.125,41.625,112.875,52.0,99.75,45.75,121.625,59.75,2.375,0.0,1.25,0.875,64.75,21.875,83.0,30.125,16.875,8.875,10.25,7.625,11.5,10.875,19.625,14.25,86.875,37.5,104.625,46.125,2.625,1.25,5.5,3.875,3.625,2.875,2.75,2.0,38.25,58.125,642.25,9,0,0,1,2,2,2,0,0,0,0,2,0,0,170.18,175.26,135.0,0.0097885131835937,0.23828125,0.3331729125976562,0.3858937835693359,0.1678280639648437,0.1205487060546875,0.2601852416992187,0.2540359497070312,0.2500381469726562,7.62939453125e-05,52.46343994140625,18.15471649169922,102.59783172607422,38.775047302246094,61.59967041015625,25.21495056152344,113.83670806884766,48.61836242675781,4.308273315429688,1.1762847900390625,3.496772766113281,0.7559127807617188,39.208229064941406,9.930068969726562,59.22992706298828,19.21790313720703,8.395713806152344,5.378334045410156,32.84687805175781,12.686279296875,4.8594970703125,2.8463134765625,10.521026611328123,6.870864868164063,40.48450469970703,11.553321838378906,91.33753204345705,32.54673767089844,6.046211242675781,2.9874801635742188,8.971649169921875,4.396873474121094,5.9327239990234375,3.6139144897460938,2.2886505126953125,1.8314361572265625,218.47945404052732,60.171905517578125,839.9342346191406,51,2,0,1,8,10,8,0,0,3,6,1,0,0,175.26,177.8,155.0,25.0,38.0,0,0,1,0,0,0,0,0,0,0,0,0,0,0,0,0,0,1,0,0,1,0,0,0
Blue,False,0.34375,0.633819580078125,0.3697943115234374,0.5134085083007812,0.1220501708984375,0.0158741760253906,0.007354736328125,0.118316650390625,0.0725250244140625,0.0003662109375,59.28553771972656,23.913330078125,74.33206176757812,31.26373291015625,62.871978759765625,26.51010131835937,77.23834228515625,33.843109130859375,2.96685791015625,0.7744598388671875,0.3138885498046875,0.0627593994140625,47.20016479492188,16.263580322265625,58.46467590332031,19.2242431640625,7.4154052734375,3.919967651367188,7.74798583984375,5.188644409179688,4.669967651367188,3.729782104492188,8.119400024414062,6.850845336914063,51.277618408203125,19.01629638671875,68.94920349121094,27.48388671875,3.266464233398437,2.6158905029296875,1.60223388671875,1.1774139404296875,4.741455078125,2.2811431884765625,3.7806243896484375,2.6024322509765625,52.10009765625,16.940353393554688,480.3023986816406,33,1,0,1,3,9,8,0,0,1,4,2,2,0,187.96,193.04,185.0,0.251007080078125,0.62548828125,0.4408712387084961,0.5008471298217774,0.5338760375976562,0.028724365234375,0.0295867919921875,0.0159683227539062,9.918212890625e-05,0.0040397644042968,57.81009292602539,29.83247756958008,85.19186401367188,42.67301940917969,69.63509750366211,41.30346298217773,96.48699569702148,53.40434265136719,0.8574676513671875,0.6133575439453125,0.7735939025878906,0.198822021484375,46.13255310058594,20.255882263183597,59.514892578125,25.075340270996094,6.778484344482422,4.935779571533203,16.435401916503906,9.817176818847656,4.899055480957031,4.640815734863281,9.241569519042969,7.7805023193359375,42.19813919067383,19.38351821899414,72.30139923095703,33.72613906860352,14.25656509399414,9.215560913085938,9.700111389160156,7.140392303466797,1.355388641357422,1.2333984375,3.1903533935546875,1.806488037109375,35.22879409790039,78.03697204589844,382.3812522888184,41,1,0,2,3,10,9,0,0,1,2,3,4,0,185.42,195.58,205.0,33.0,36.0,0,0,0,0,0,1,0,0,0,0,0,0,0,0,0,1,0,0,0,0,1,0,0,0
Blue,False,0.0,0.033203125,0.4691601562499999,0.4724609374999999,0.34728515625,0.0435546875,1.10546875,0.76171875,0.001953125,0.0,47.42578125,20.8984375,49.97265625,24.158203125,63.240234375,35.681640625,58.640625,31.978515625,6.89453125,2.509765625,1.544921875,0.119140625,39.498046875,14.005859375,39.26953125,15.96484375,7.72265625,6.6875,8.740234375,6.490234375,0.205078125,0.205078125,1.962890625,1.703125,32.70703125,10.171875,38.919921875,15.21875,4.662109375,4.462890625,6.716796875,5.236328125,10.056640625,6.263671875,4.3359375,3.703125,219.779296875,48.92578125,499.0,22,0,0,1,4,8,2,0,0,1,3,1,3,0,175.26,195.58,170.0,0.0078125,0.0,0.3228125,0.4878125,0.6086328125,0.1528125,1.29296875,0.3125,0.015625,0.3125,56.21484375,18.9453125,49.73046875,25.4453125,73.86328125,33.390625,58.74609375,32.5390625,2.9453125,1.6640625,2.984375,0.65625,48.92578125,13.8125,33.86328125,12.71484375,4.83203125,2.69140625,6.73828125,4.7734375,2.45703125,2.44140625,9.12890625,7.95703125,45.74609375,12.2109375,43.7578125,21.43359375,4.5546875,2.609375,5.29296875,3.51953125,5.9140625,4.125,0.6796875,0.4921875,166.31640625,101.18359375,490.3515625,19,1,2,0,3,7,2,0,0,0,2,0,5,0,185.42,190.5,170.0,24.0,29.0,0,0,0,0,0,0,1,0,0,0,0,0,0,0,0,1,0,0,0,0,0,0,1,0
Blue,False,0.0,0.0,0.5599999999999999,0.405,1.0,0.4,1.0,0.0,0.0,0.0,42.0,19.5,42.0,16.0,106.0,74.5,60.5,32.5,1.0,1.0,7.5,2.5,37.5,15.5,31.0,7.5,2.5,2.0,4.5,2.5,2.0,2.0,6.5,6.0,25.0,6.5,31.5,9.5,1.5,1.0,4.5,3.0,15.5,12.0,6.0,3.5,102.5,273.0,585.0,4,0,1,0,1,1,1,0,0,0,0,0,1,0,182.88,187.96,185.0,0.0,0.0,0.46875,0.458125,0.375,0.6681250000000001,0.0,0.125,0.0,0.0,77.375,34.3125,68.3125,31.25,104.125,59.25,97.1875,51.6875,1.1875,0.625,2.9375,1.3125,51.9375,21.125,54.9375,20.8125,13.0,4.125,4.4375,2.8125,12.4375,9.0625,8.9375,7.625,59.25,18.8125,56.9375,23.25,8.375,8.0,4.6875,3.6875,9.75,7.5,6.6875,4.3125,40.6875,293.6875,674.4375,11,1,0,1,3,3,2,0,0,0,0,3,0,0,185.42,195.58,185.0,23.0,38.0,0,0,0,0,0,0,0,1,0,0,0,0,0,0,0,0,0,1,0,0,1,0,0,0
Blue,False,0.0025806427001953,0.2890815734863281,0.3469129180908203,0.4832321166992188,0.2051307678222656,0.2970396423339844,0.62554931640625,0.1328296661376953,0.2813758850097656,0.3751296997070312,85.88469123840332,30.065059661865234,70.02261924743652,32.87705612182617,149.64232635498047,85.00631904602051,87.73763847351074,48.01960182189941,1.4953899383544922,0.5647029876708984,7.763069152832031,2.4787521362304688,62.90056228637695,14.837064743041992,56.7979907989502,23.82010269165039,8.18503189086914,4.344404220581055,9.464265823364258,6.670207977294922,14.799097061157228,10.883590698242188,3.7603626251220703,2.38674545288086,80.11623001098633,26.447067260742188,59.28598594665527,25.045597076416016,3.4468822479248047,1.8158950805664065,3.9935836791992183,2.6786880493164062,2.3215789794921875,1.8020973205566408,6.743049621582031,5.15277099609375,102.6743221282959,281.7309112548828,770.273027420044,47,0,0,1,4,11,9,0,0,0,6,3,2,0,167.64,177.8,145.0,0.0161136388778686,0.5,0.2330461847782135,0.5182529616355895,0.0418097734451294,0.305649733543396,0.0326166152954101,5.7220458984375e-06,3.0517578125e-05,0.070322036743164,52.507859230041504,15.03095269203186,148.70564341545105,78.20833730697632,74.11974227428436,34.65795290470123,182.02499651908877,108.33629751205444,0.6211162805557251,0.141824722290039,1.6615588665008545,1.0294166803359983,50.36346971988678,13.549230933189392,118.08405435085297,55.35573971271515,2.0120052099227905,1.3884061574935913,21.142748594284058,15.610247373580933,0.1323843002319336,0.0933156013488769,9.478840470314026,7.242350220680237,48.214656591415405,12.516210675239565,99.68242371082306,48.50072681903839,3.803285479545593,2.205074667930603,9.357152700424194,6.118591070175171,0.4899171590805053,0.3096673488616943,39.6660670042038,23.58901941776276,31.438973665237427,198.83347022533417,595.4908915758133,70,11,3,0,3,12,12,0,0,0,1,6,4,1,175.26,177.8,155.0,38.0,38.0,0,0,1,0,0,0,0,0,0,0,0,0,0,0,0,1,0,0,0,0,1,0,0,0
Red,False,0.5625,0.25,0.3940625,0.2971875,0.52875,0.15625,0.0,0.0,0.0625,0.03125,51.125,18.25,77.03125,30.15625,66.65625,30.65625,95.65625,46.96875,4.15625,2.3125,0.90625,0.4375,47.46875,16.4375,67.3125,21.96875,3.3125,1.71875,4.15625,3.09375,0.34375,0.09375,5.5625,5.09375,42.84375,13.4375,66.25,23.0625,1.9375,1.59375,4.65625,3.21875,6.34375,3.21875,6.125,3.875,173.78125,58.59375,521.46875,14,0,2,0,2,4,2,0,0,1,1,2,0,0,175.26,182.88,170.0,0.093994140625,0.25,0.691431884765625,0.504283447265625,0.268798828125,0.5532055664062501,0.0166015625,0.53125,0.000732421875,0.0001220703125,35.328369140625,21.7728271484375,32.6181640625,14.6368408203125,54.441650390625,38.4794921875,38.27099609375,19.3726806640625,0.863525390625,0.2900390625,7.0926513671875,3.73095703125,27.6436767578125,15.9423828125,25.2659912109375,8.722900390625,6.444091796875,4.609619140625,2.9730224609375,2.332763671875,1.2406005859375,1.2208251953125,4.379150390625,3.5811767578125,22.5762939453125,11.7615966796875,21.95654296875,8.0606689453125,8.11328125,6.5040283203125,5.94775390625,4.505615234375,4.6387939453125,3.5072021484375,4.7138671875,2.070556640625,82.176513671875,180.3775634765625,391.515380859375,31,0,2,0,4,8,6,0,0,1,2,4,1,0,187.96,190.5,170.0,29.0,33.0,0,0,0,0,0,0,0,0,0,1,0,0,0,0,0,1,0,0,0,0,1,0,0,0
Red,False,0.0013160705566406,0.0625,0.4224967575073242,0.4331228256225586,0.2754386138916015,0.3622482299804687,0.0156707763671875,0.503936767578125,0.0,0.0,107.36387634277344,43.71094512939453,116.7198371887207,52.20289611816406,132.637939453125,66.55993270874023,134.6928939819336,69.61995697021484,3.205360412597656,2.03261947631836,4.90020751953125,1.2624244689941406,87.95818710327148,28.10439682006836,90.3783073425293,32.898128509521484,6.618862152099609,4.698509216308594,17.819168090820312,11.839088439941406,12.786827087402344,10.908039093017578,8.522361755371094,7.465679168701172,91.2137222290039,32.23089599609375,104.61974334716795,42.45330047607422,12.511653900146484,8.952938079833984,5.954189300537109,4.635429382324219,3.638500213623047,2.527111053466797,6.145904541015625,5.114166259765625,202.7047271728516,66.35212707519531,872.2319679260254,52,3,4,0,6,13,6,0,1,2,5,5,0,0,175.26,175.26,185.0,0.2818622589111328,0.09375,0.5773045444488525,0.386008996963501,0.1270666694641113,0.259234733581543,0.0090560913085937,0.5410499572753906,0.001007080078125,0.0,24.18668365478516,13.687917709350586,25.777767181396484,10.908676147460938,33.80925273895264,23.11882495880127,33.663147926330566,16.526670455932617,0.3049192428588867,0.2602472305297851,1.6909513473510742,0.5270547866821289,17.57120418548584,8.340599060058594,18.564465522766117,6.691811561584473,2.9971752166748047,1.7948579788208008,5.162445068359375,2.4655895233154297,3.618304252624512,3.5524606704711914,2.050856590270996,1.7512750625610352,17.230704307556152,8.48359203338623,19.776376724243164,7.639613151550293,2.219982147216797,1.3685102462768557,4.929961204528809,2.252506256103516,4.735997200012207,3.8358154296875,1.0714292526245115,1.016556739807129,35.541330337524414,59.42286396026611,268.9252882003784,45,0,1,0,4,11,10,0,0,2,3,6,0,0,182.88,187.96,185.0,33.0,36.0,0,0,0,0,0,0,0,1,0,0,0,0,0,0,0,0,0,1,0,0,1,0,0,0
Red,False,0.140625,0.375,0.378125,0.52453125,0.25,0.02921875,0.8125,0.125,0.0,0.0,36.625,14.0,33.734375,19.0,43.921875,20.203125,45.890625,30.09375,2.0,1.0,2.4375,0.203125,31.828125,9.859375,20.8125,9.53125,2.21875,2.171875,7.203125,4.84375,2.578125,1.96875,5.71875,4.625,30.25,8.5,21.515625,9.828125,2.8125,2.625,4.15625,2.828125,3.5625,2.875,8.0625,6.34375,145.25,78.140625,388.5625,13,0,2,0,2,4,3,0,0,0,1,2,1,0,177.8,180.34,170.0,0.5312538146972656,0.517669677734375,0.3294773650169372,0.3150389647483825,0.3322035813331604,0.034211368560791,0.1339297294616699,0.372596263885498,0.0009765625,3.814697265625e-06,117.69563174247742,39.04348635673523,118.44453024864195,39.15046167373657,131.58623003959656,47.52592325210571,123.27774262428284,43.54297661781311,5.278326988220215,1.1283910274505615,0.7221336364746094,0.2112817764282226,98.73432064056396,24.525607109069824,108.30432772636414,31.731032848358154,11.914084196090698,7.830448865890503,7.65365743637085,5.270125865936279,7.047226905822754,6.687430381774902,2.4865450859069824,2.1493029594421387,111.46107482910156,33.126991510391235,113.34314131736755,36.36910915374756,4.2876877784729,4.0710649490356445,4.285561800003052,2.0049266815185547,1.946869134902954,1.8454298973083496,0.8158271312713623,0.776425838470459,127.59415030479433,19.784512519836422,646.1512246131897,62,0,1,0,4,12,11,0,0,3,4,1,4,0,170.18,177.8,155.0,28.0,35.0,0,0,0,0,0,0,1,0,0,0,0,0,0,0,0,0,0,1,0,0,1,0,0,0
Red,False,0.0,0.0,0.5,0.445,0.65,0.5,0.5,0.0,1.0,2.0,121.0,61.5,145.0,68.0,136.0,75.0,175.0,92.0,5.5,2.0,2.0,1.0,74.0,31.0,100.5,40.5,26.0,15.5,32.0,16.0,21.0,15.0,12.5,11.5,99.0,45.0,124.0,55.5,18.0,13.5,16.0,9.5,4.0,3.0,5.0,3.0,248.0,140.0,900.0,6,0,2,0,2,2,0,0,0,0,2,0,0,0,165.1,162.56,125.0,0.0,0.0,0.3725,0.4525,0.625,0.1325,0.75,0.625,0.375,0.375,138.125,37.75,119.375,50.125,150.375,48.25,143.625,71.5,2.875,1.375,1.0,0.5,103.375,21.75,89.375,28.5,27.375,13.5,13.5,8.625,7.375,2.5,16.5,13.0,128.25,30.375,107.875,41.375,6.0,4.75,4.5,3.875,3.875,2.625,7.0,4.875,91.0,106.625,652.875,9,0,1,0,2,3,1,0,0,0,1,0,2,0,162.56,165.1,115.0,29.0,32.0,0,0,0,0,0,0,0,0,0,0,0,0,0,1,0,1,0,0,0,0,1,0,0,0
Blue,False,0.015625,0.0,0.45,0.4275,0.25,0.2,0.148468017578125,0.098388671875,0.0,0.0,66.5,29.6875,64.31230545043945,27.34375,89.75,48.0,85.53125,44.41152191162109,2.0,0.75,2.0546875,0.75,51.1875,18.3359375,49.6123046875,16.280410766601562,7.5,5.07647705078125,7.5,5.0,4.5,3.625,4.984375,3.9375,48.6875,17.0,47.11572265625,16.5,5.75,3.75,5.3125,3.4375,5.0625,3.5,3.875,2.5,99.2119140625,94.125,638.5,0,0,0,0,0,0,0,0,0,0,0,0,0,0,193.04,195.58,205.0,0.5,0.0,0.3725,0.4925,0.0,0.5,0.0,0.75,0.0,0.25,56.25,23.25,34.5,17.5,95.5,59.25,43.5,24.5,0.25,0.0,0.5,0.5,48.5,17.0,20.5,6.25,5.5,4.75,9.75,7.75,2.25,1.5,4.25,3.5,39.0,12.25,25.5,11.0,9.75,6.5,6.75,5.25,7.5,4.5,2.25,1.25,125.0,119.25,397.5,6,0,0,1,1,1,2,0,0,0,0,1,0,0,190.5,193.04,205.0,27.0,38.0,0,0,0,0,0,1,0,0,0,0,0,0,0,0,0,0,0,1,0,0,1,0,0,0
Blue,False,0.0,0.0,0.29,0.48,0.0,0.0,0.0,0.0,0.0,0.0,17.0,5.0,25.0,12.0,17.0,5.0,25.0,12.0,0.0,0.0,0.0,0.0,14.0,3.0,17.0,6.0,1.0,1.0,3.0,2.0,2.0,1.0,5.0,4.0,17.0,5.0,18.0,7.0,0.0,0.0,0.0,0.0,0.0,0.0,7.0,5.0,18.0,4.0,147.0,1,0,0,1,0,0,1,0,0,0,0,0,0,0,182.88,182.88,205.0,0.0,0.0,0.5549999999999999,0.42,0.0,0.08,1.0,0.0,0.0,0.0,86.5,48.5,110.5,47.0,158.5,118.0,150.0,83.5,2.0,0.0,4.0,0.5,69.5,34.0,85.0,29.0,10.5,8.0,17.5,11.5,6.5,6.5,8.0,6.5,61.0,30.0,95.0,38.5,14.0,11.0,14.0,8.5,11.5,7.5,1.5,0.0,349.5,149.0,900.0,6,0,1,0,1,1,1,0,1,0,0,0,0,0,187.96,187.96,205.0,26.0,32.0,0,0,0,0,0,1,0,0,0,0,0,0,0,0,0,0,0,0,1,0,1,0,0,0
Blue,False,0.0,0.0,0.22,0.71,0.0,0.66,0.0,0.0,0.0,0.0,27.0,6.0,105.0,75.0,42.0,18.0,139.0,107.0,0.0,0.0,3.0,2.0,23.0,4.0,103.0,73.0,3.0,1.0,0.0,0.0,1.0,1.0,2.0,2.0,26.0,5.0,10.0,3.0,0.0,0.0,1.0,1.0,1.0,1.0,94.0,71.0,0.0,332.0,518.0,2,0,0,1,0,0,1,0,0,0,0,0,0,0,177.8,177.8,155.0,0.0,0.0,0.27,0.61,0.0,1.0,0.0,0.0,0.0,0.0,80.0,22.0,110.0,68.0,102.0,44.0,163.0,114.0,0.0,0.0,2.0,2.0,57.0,7.0,64.0,29.0,12.0,7.0,36.0,32.0,11.0,8.0,10.0,7.0,66.0,15.0,71.0,36.0,14.0,7.0,35.0,29.0,0.0,0.0,4.0,3.0,7.0,486.0,900.0,3,0,0,1,0,0,1,0,0,0,0,0,0,0,182.88,185.42,155.0,29.0,29.0,0,0,0,0,0,0,1,0,0,0,0,0,0,0,0,0,0,1,0,0,1,0,0,0
Red,False,0.015625,0.0,0.45,0.4275,0.25,0.2,0.148468017578125,0.098388671875,0.0,0.0,66.5,29.6875,64.31230545043945,27.34375,89.75,48.0,85.53125,44.41152191162109,2.0,0.75,2.0546875,0.75,51.1875,18.3359375,49.6123046875,16.280410766601562,7.5,5.07647705078125,7.5,5.0,4.5,3.625,4.984375,3.9375,48.6875,17.0,47.11572265625,16.5,5.75,3.75,5.3125,3.4375,5.0625,3.5,3.875,2.5,99.2119140625,94.125,638.5,0,0,0,0,0,0,0,0,0,0,0,0,0,0,177.8,185.42,155.0,0.0471682548522949,0.0,0.45,0.4217682266235352,0.25,0.19173828125,0.1875,0.125,0.0,0.0,69.5,30.5,66.984375,27.8466796875,94.0,48.544921875,88.50390625,44.75,2.0,0.8125,2.015625,0.6640625,54.0,19.01513671875,51.483436584472656,16.9437255859375,7.91796875,5.430633544921875,7.75,5.0625,4.780975341796875,3.9373779296875,4.8994140625,3.84375,51.025390625,18.400863647460938,50.515625,17.5,5.75,3.75,5.5,3.5,5.375,3.6875,4.0,2.65625,104.865234375,89.5,655.8441009521484,0,0,0,0,0,0,0,0,0,0,0,0,0,0,175.26,172.72,145.0,32.0,28.0,0,0,1,0,0,0,0,0,0,0,0,0,0,0,0,1,0,0,0,0,1,0,0,0
Red,False,0.3125,0.0,0.37875,0.38,0.2012499999999999,0.15625,0.0625,1.0625,0.625,0.125,114.875,45.5,86.75,31.75,133.6875,61.1875,100.5,43.875,4.25,1.25,4.25,0.875,82.6875,25.1875,61.9375,14.875,22.5,12.8125,12.375,6.3125,9.6875,7.5,12.4375,10.5625,95.3125,32.375,77.75,27.5625,7.0625,3.9375,6.125,2.8125,12.5,9.1875,2.875,1.375,201.6875,137.9375,853.0,14,0,4,0,4,4,1,0,0,0,2,1,1,0,177.8,182.88,155.0,0.0,0.0,0.4359375,0.4028125,0.3090625,0.083125,0.46875,0.1875,0.0,0.5,64.0,28.4375,62.0625,31.0625,106.6875,62.5625,76.28125,42.75,5.5625,1.625,0.59375,0.1875,55.09375,21.625,35.5,11.4375,6.1875,4.875,14.8125,10.28125,2.71875,1.9375,11.75,9.34375,47.875,18.28125,52.6875,25.3125,8.625,5.15625,9.34375,5.71875,7.5,5.0,0.03125,0.03125,472.5,42.03125,761.9375,14,0,0,2,2,3,3,0,0,0,1,0,2,0,182.88,185.42,170.0,27.0,27.0,0,0,0,0,0,0,1,0,0,0,0,0,0,0,0,1,0,0,0,0,1,0,0,0
Red,False,0.0,0.125,0.2212499999999999,0.3225,0.0825,0.875,0.375,0.5,0.0,0.0,170.875,25.625,91.125,28.25,180.625,33.625,100.5,35.875,0.75,0.25,0.875,0.875,155.0,16.625,70.25,14.0,12.0,7.0,9.375,5.5,3.875,2.0,11.5,8.75,166.25,21.875,86.0,25.0,1.125,0.5,2.0,0.875,3.5,3.25,3.125,2.375,65.875,101.75,798.75,10,0,1,0,2,3,1,0,0,1,1,0,1,0,170.18,170.18,125.0,0.0,0.0,0.365,0.475,0.4725,0.04125,0.625,0.0,0.0,1.0,90.5,28.75,87.875,40.625,135.75,65.125,104.5,55.5,9.75,4.0,1.125,0.125,82.5,23.625,82.25,36.25,7.75,5.125,4.75,3.625,0.25,0.0,0.875,0.75,70.25,14.875,63.375,22.0,6.5,2.875,6.375,3.75,13.75,11.0,18.125,14.875,272.875,49.0,830.375,11,2,1,0,1,2,2,0,0,0,1,0,1,0,154.94,160.02,115.0,25.0,29.0,0,0,0,0,0,0,0,0,0,0,0,0,0,1,0,1,0,0,0,0,1,0,0,0
Red,False,0.015625,0.0,0.45,0.4275,0.25,0.2,0.148468017578125,0.098388671875,0.0,0.0,66.5,29.6875,64.31230545043945,27.34375,89.75,48.0,85.53125,44.41152191162109,2.0,0.75,2.0546875,0.75,51.1875,18.3359375,49.6123046875,16.280410766601562,7.5,5.07647705078125,7.5,5.0,4.5,3.625,4.984375,3.9375,48.6875,17.0,47.11572265625,16.5,5.75,3.75,5.3125,3.4375,5.0625,3.5,3.875,2.5,99.2119140625,94.125,638.5,0,0,0,0,0,0,0,0,0,0,0,0,0,0,172.72,175.26,145.0,0.12890625,0.0333251953125,0.428603515625,0.33034912109375,0.3996533203125,0.5141085815429688,0.00555419921875,2.166107177734375,0.14776611328125,0.004180908203125,109.32421875,46.77145385742188,157.29519653320312,53.00558471679688,113.144287109375,49.62384033203125,169.52740478515625,63.723724365234375,1.0665283203125,0.9415283203125,3.13494873046875,1.7078857421875,85.43975830078125,29.6868896484375,127.0755615234375,31.757354736328125,13.769195556640623,8.96746826171875,11.0413818359375,6.030364990234375,10.115264892578123,8.117095947265625,19.178253173828125,15.217864990234377,102.22195434570312,41.83761596679688,144.61740112304688,44.08087158203125,4.88775634765625,3.264617919921875,2.805206298828125,1.984771728515625,2.214508056640625,1.669219970703125,9.872589111328123,6.93994140625,56.719268798828125,140.14389038085938,850.9854125976562,43,0,0,2,2,7,9,0,0,2,3,0,2,0,177.8,185.42,145.0,26.0,28.0,0,0,1,0,0,0,0,0,0,0,0,0,0,0,0,1,0,0,0,0,0,0,1,0
Blue,False,0.6875,0.03125,0.3965625,0.3565625,0.0,0.0581249999999999,0.25,0.0,0.0,0.0,75.125,30.09375,78.21875,27.875,77.90625,32.625,83.0,31.5625,0.53125,0.0,2.375,0.34375,59.90625,21.1875,55.5,12.4375,11.9375,6.125,11.40625,6.6875,3.28125,2.78125,11.3125,8.75,64.6875,24.03125,70.90625,24.71875,6.9375,3.3125,5.15625,2.25,3.5,2.75,2.15625,0.90625,8.375,28.96875,553.46875,12,0,0,3,1,2,4,0,0,0,0,2,0,0,195.58,195.58,250.0,0.0,0.5,0.365,0.645,0.5,0.0,0.0,0.0,0.0,0.0,43.0,16.0,22.0,16.0,64.5,26.0,34.5,27.5,2.0,0.5,0.5,0.0,41.0,14.5,13.5,8.5,2.0,1.5,7.0,6.0,0.0,0.0,1.5,1.5,23.5,7.0,17.0,11.0,0.5,0.5,2.0,2.0,19.0,8.5,3.0,3.0,61.0,3.0,162.5,2,0,0,1,1,1,1,0,0,0,0,1,0,0,182.88,187.96,247.0,34.0,31.0,0,0,0,0,1,0,0,0,0,0,0,0,0,0,0,0,0,1,0,0,1,0,0,0
Blue,False,0.625,0.0,0.3965625,0.32265625,0.01875,0.18375,0.28125,0.5,0.015625,0.0,104.03125,39.296875,124.703125,40.046875,126.953125,61.0625,132.34375,46.90625,0.921875,0.09375,1.796875,0.421875,82.265625,22.734375,97.03125,25.109375,11.8125,8.453125,17.28125,7.0,9.953125,8.109375,10.390625,7.9375,90.140625,31.515625,115.765625,34.65625,5.140625,2.84375,6.03125,3.453125,8.75,4.9375,2.90625,1.9375,141.734375,39.0,812.84375,19,0,1,0,1,3,4,0,0,0,1,1,1,0,180.34,185.42,155.0,0.0166015625,0.13671875,0.262421875,0.40525390625,0.0078125,0.8030859375,0.0,0.0712890625,0.0625,0.0,33.0244140625,14.3173828125,43.490234375,19.185546875,35.3994140625,16.6611328125,57.037109375,31.3330078125,0.0361328125,0.015625,1.28515625,0.9208984375,24.83203125,8.2890625,37.3974609375,14.529296875,6.5556640625,4.6923828125,4.1865234375,2.970703125,1.63671875,1.3359375,1.90625,1.685546875,31.96484375,13.3173828125,29.58203125,11.2763671875,0.9716796875,0.923828125,0.8486328125,0.6513671875,0.087890625,0.076171875,13.0595703125,7.2578125,19.09375,71.4814453125,224.599609375,21,0,0,1,2,4,7,0,0,1,1,2,0,0,170.18,177.8,155.0,32.0,38.0,0,0,0,0,0,0,1,0,0,0,0,0,0,0,0,1,0,0,0,0,0,0,1,0
Blue,False,0.0,0.125,0.34875,0.42125,0.15125,0.37125,0.375,1.0625,1.0,0.0625,65.0625,21.5625,60.0625,25.75,91.125,44.0625,83.375,45.875,3.9375,1.1875,4.8125,3.125,53.25,14.6875,46.625,14.9375,8.125,4.9375,6.4375,4.375,3.6875,1.9375,7.0,6.4375,57.375,16.3125,47.4375,17.3125,1.4375,0.75,5.3125,3.0625,6.25,4.5,7.3125,5.375,55.9375,396.75,664.4375,10,0,1,0,1,2,3,0,0,0,0,0,2,0,177.8,180.34,125.0,0.0,0.0,0.48046875,0.38015625,0.8290625,0.05625,0.09375,0.703125,0.0,0.0625,101.46875,47.1875,65.375,24.9375,110.875,55.328125,80.15625,38.921875,2.890625,2.09375,5.09375,0.4375,72.703125,29.625,42.265625,12.65625,21.09375,11.234375,11.21875,6.125,7.671875,6.328125,11.890625,6.15625,90.953125,37.609375,57.75,19.875,4.6875,3.984375,4.75,2.65625,5.828125,5.59375,2.875,2.40625,154.796875,44.46875,613.296875,17,0,2,0,2,4,3,0,0,0,3,1,0,0,170.18,167.64,125.0,27.0,25.0,0,0,0,1,0,0,0,0,0,0,0,0,0,0,0,0,0,1,0,0,0,0,1,0
Blue,False,0.125,0.0,0.56765625,0.41328125,0.64328125,0.0,0.140625,0.375,0.0,0.28125,89.203125,48.34375,69.1875,26.625,158.828125,103.640625,109.828125,64.796875,12.53125,8.359375,0.0,0.0,74.421875,36.0625,60.171875,18.4375,10.421875,7.921875,2.609375,1.78125,4.359375,4.359375,6.40625,6.40625,70.859375,33.796875,60.890625,21.046875,6.125,5.515625,4.9375,2.84375,12.21875,9.03125,3.359375,2.734375,531.375,3.09375,766.875,17,0,3,0,3,6,1,0,0,0,2,2,2,0,180.34,182.88,170.0,0.0791015625,0.06298828125,0.4924250793457031,0.3755529785156249,0.3463261413574219,0.1709133911132812,0.1407623291015625,0.00079345703125,0.00030517578125,0.000732421875,65.03726196289062,24.736129760742188,63.29411315917969,30.690582275390625,120.78648376464844,76.41111755371094,73.24545288085938,39.84873962402344,5.734390258789063,1.961334228515625,3.44635009765625,1.0335845947265625,56.9730224609375,19.588912963867188,51.315704345703125,21.280181884765625,7.378021240234375,4.478118896484375,8.957595825195312,6.6054229736328125,0.68621826171875,0.669097900390625,3.02081298828125,2.8049774169921875,50.940277099609375,14.617996215820312,47.16180419921875,19.77008056640625,8.808517456054688,5.9647369384765625,15.460464477539062,10.468215942382812,5.2884674072265625,4.1533966064453125,0.671844482421875,0.4522857666015625,262.9061584472656,76.34657287597656,633.4303741455078,42,0,2,0,4,13,4,0,0,2,6,4,1,0,187.96,193.04,170.0,29.0,35.0,0,0,0,0,0,0,0,0,0,1,0,0,0,0,0,1,0,0,0,0,0,0,1,0
Blue,False,0.025543212890625,9.5367431640625e-07,0.4300254726409912,0.494763650894165,0.096445255279541,0.0946646976470947,0.0235795974731445,0.0004959106445312,9.5367431640625e-07,1.9073486328125e-06,169.8623752593994,75.60425853729248,236.0330648422241,115.6815309524536,178.282546043396,83.39579772949219,241.963152885437,121.18671989440918,3.4779272079467773,0.6480064392089844,2.038061141967773,0.3019113540649414,136.72706413269043,51.56259536743164,186.6493968963623,74.88912677764893,20.42902374267578,12.068929672241213,24.549806594848636,16.996956825256348,12.706287384033203,11.972733497619627,24.833861351013184,23.79544734954834,160.1165313720703,69.79011631011963,225.31411743164065,107.68227672576904,2.730772018432617,1.9216728210449217,9.796870231628418,7.161280632019043,7.015071868896484,3.8924694061279297,0.922077178955078,0.8379735946655273,93.06051063537598,12.326958656311035,950.6679029464722,55,3,0,2,5,14,7,0,0,0,8,4,2,0,172.72,177.8,155.0,0.1875,0.0625,0.464375,0.38625,0.185625,0.205625,0.0625,0.0625,0.0,0.0,107.75,50.875,117.875,46.8125,123.375,66.0,144.8125,72.0,3.5625,1.0625,6.1875,1.5625,84.3125,31.625,94.3125,29.6875,13.3125,10.3125,18.1875,12.75,10.125,8.9375,5.375,4.375,88.8125,38.4375,97.375,32.4375,18.5,12.0625,19.8125,13.8125,0.4375,0.375,0.6875,0.5625,83.0625,271.4375,924.25,17,0,1,0,1,2,3,0,0,0,2,0,0,0,177.8,177.8,170.0,32.0,30.0,0,0,0,0,0,0,0,0,0,1,0,0,0,0,0,0,0,1,0,0,0,0,0,1
Blue,False,0.25,0.0,0.5525,0.385,0.3325,0.135,0.0,0.5,0.0,0.0,73.75,40.75,54.75,19.0,135.75,95.75,92.0,51.25,1.75,0.75,6.0,1.5,61.5,30.75,47.0,12.5,10.5,8.5,5.0,4.25,1.75,1.5,2.75,2.25,49.5,18.25,42.0,9.5,14.25,13.0,12.75,9.5,10.0,9.5,0.0,0.0,109.5,314.75,726.25,8,0,0,1,2,2,1,0,0,0,0,2,0,0,190.5,198.12,249.0,0.0246295928955078,0.7032480239868164,0.4448205184936523,0.63212140083313,0.1269536018371582,0.2573048067092895,0.0005197525024414,0.2509770393371582,0.0,0.2500004768371582,29.22696876525879,15.67882204055786,34.52131414413452,22.016815185546875,35.91063833236694,21.734676361083984,54.63613748550415,39.1589822769165,0.5061044692993164,0.2519536018371582,0.8335537910461426,0.4140634536743164,20.938491821289062,8.968099117279053,28.678183555603027,17.09753942489624,4.2633867263793945,3.562916755676269,5.277594089508057,4.362062931060791,4.025090217590332,3.147806167602539,0.5655364990234375,0.5572128295898438,21.639216899871823,9.594224452972412,15.78147315979004,7.341006755828857,6.476732730865479,4.986346244812012,6.360185146331787,4.608656406402588,1.1110191345214844,1.0982513427734375,12.379655838012695,10.06715202331543,49.15440511703491,118.45261812210084,329.01655769348145,41,5,1,0,7,14,8,0,0,1,2,9,2,0,190.5,195.58,240.0,31.0,38.0,0,0,0,0,1,0,0,0,0,0,0,0,0,0,0,1,0,0,0,0,1,0,0,0
Red,False,0.0,0.0625,0.42921875,0.4721875,0.25390625,0.0103125,0.0,0.03125,0.03125,0.0,115.21875,47.125,139.875,63.0,143.15625,70.375,196.8125,106.890625,2.9375,1.015625,0.71875,0.046875,86.828125,26.96875,115.4375,44.234375,16.515625,11.0625,14.0625,10.90625,11.875,9.09375,10.375,7.859375,105.109375,40.640625,109.234375,36.828125,8.078125,5.453125,13.640625,10.171875,2.03125,1.03125,17.0,16.0,142.828125,132.71875,830.75,18,1,3,0,3,4,3,0,0,2,1,1,0,0,165.1,162.56,135.0,0.0625,0.0,0.385625,0.465625,0.09375,0.1325,0.0,0.25,0.0,0.0,176.9375,65.15625,145.0,69.875,209.875,93.8125,193.8125,113.78125,4.59375,0.09375,3.59375,1.0,108.96875,21.5625,92.5,30.34375,31.21875,17.0,26.4375,19.46875,36.75,26.59375,26.0625,20.0625,163.71875,54.9375,121.96875,51.0625,12.90625,10.03125,20.0,16.78125,0.3125,0.1875,3.03125,2.03125,283.71875,98.59375,1379.9375,23,3,3,0,3,3,3,0,0,1,1,1,0,0,172.72,175.26,135.0,33.0,35.0,0,0,0,0,0,0,0,0,0,0,1,0,0,0,0,1,0,0,0,0,0,0,1,0
Red,False,0.015625,0.0,0.45,0.4275,0.25,0.2,0.148468017578125,0.098388671875,0.0,0.0,66.5,29.6875,64.31230545043945,27.34375,89.75,48.0,85.53125,44.41152191162109,2.0,0.75,2.0546875,0.75,51.1875,18.3359375,49.6123046875,16.280410766601562,7.5,5.07647705078125,7.5,5.0,4.5,3.625,4.984375,3.9375,48.6875,17.0,47.11572265625,16.5,5.75,3.75,5.3125,3.4375,5.0625,3.5,3.875,2.5,99.2119140625,94.125,638.5,0,0,0,0,0,0,0,0,0,0,0,0,0,0,165.1,180.34,125.0,0.0471682548522949,0.0,0.45,0.4217682266235352,0.25,0.19173828125,0.1875,0.125,0.0,0.0,69.5,30.5,66.984375,27.8466796875,94.0,48.544921875,88.50390625,44.75,2.0,0.8125,2.015625,0.6640625,54.0,19.01513671875,51.483436584472656,16.9437255859375,7.91796875,5.430633544921875,7.75,5.0625,4.780975341796875,3.9373779296875,4.8994140625,3.84375,51.025390625,18.400863647460938,50.515625,17.5,5.75,3.75,5.5,3.5,5.375,3.6875,4.0,2.65625,104.865234375,89.5,655.8441009521484,0,0,0,0,0,0,0,0,0,0,0,0,0,0,175.26,180.34,125.0,20.0,20.0,0,0,0,1,0,0,0,0,0,0,0,0,0,0,0,0,0,1,0,0,1,0,0,0
Red,False,0.015625,0.0,0.45,0.4275,0.25,0.2,0.148468017578125,0.098388671875,0.0,0.0,66.5,29.6875,64.31230545043945,27.34375,89.75,48.0,85.53125,44.41152191162109,2.0,0.75,2.0546875,0.75,51.1875,18.3359375,49.6123046875,16.280410766601562,7.5,5.07647705078125,7.5,5.0,4.5,3.625,4.984375,3.9375,48.6875,17.0,47.11572265625,16.5,5.75,3.75,5.3125,3.4375,5.0625,3.5,3.875,2.5,99.2119140625,94.125,638.5,0,0,0,0,0,0,0,0,0,0,0,0,0,0,177.8,185.42,170.0,0.6875,0.625,0.455625,0.425,0.393125,0.4021875,0.0,1.1875,0.25,0.0,70.90625,33.9375,74.5,29.46875,77.59375,40.46875,95.65625,49.28125,1.3125,0.5,3.125,1.15625,57.59375,22.8125,62.875,20.0,3.65625,2.53125,3.0625,2.53125,9.65625,8.59375,8.5625,6.9375,61.09375,27.3125,61.21875,20.78125,3.78125,1.8125,9.8125,6.5,6.03125,4.8125,3.46875,2.1875,30.65625,174.59375,487.6875,13,0,1,0,2,4,2,0,0,1,0,3,0,0,182.88,180.34,170.0,28.0,29.0,0,0,0,0,0,0,0,0,0,1,0,0,0,0,0,1,0,0,0,0,1,0,0,0
Blue,False,0.125,0.0,0.4171875,0.4778125,0.1040625,0.5700000000000001,0.40625,1.65625,0.34375,0.125,28.5,12.09375,21.28125,10.4375,40.0625,21.625,36.625,24.65625,1.28125,0.59375,5.125,2.875,21.59375,7.96875,15.84375,6.59375,4.0625,2.28125,3.53125,2.46875,2.84375,1.84375,1.90625,1.375,21.625,7.59375,18.6875,8.4375,2.59375,2.03125,1.3125,0.84375,4.28125,2.46875,1.28125,1.15625,99.125,167.65625,378.59375,13,0,2,0,2,2,4,0,0,1,0,0,1,0,170.18,177.8,135.0,0.0,0.0,0.41,0.61,0.0,0.73,0.0,0.0,0.0,0.0,128.0,53.0,80.0,49.0,134.0,59.0,171.0,127.0,0.0,0.0,15.0,11.0,103.0,35.0,74.0,45.0,17.0,11.0,5.0,3.0,8.0,7.0,1.0,1.0,116.0,44.0,53.0,27.0,12.0,9.0,1.0,0.0,0.0,0.0,26.0,22.0,9.0,596.0,900.0,3,0,0,1,0,0,1,0,0,0,0,0,0,0,165.1,165.1,135.0,30.0,27.0,1,0,0,0,0,0,0,0,0,0,0,0,0,0,0,1,0,0,0,0,0,0,0,1
Blue,False,0.0,0.0,0.48,0.55,0.0,0.14,0.0,0.0,0.0,0.0,204.0,99.0,144.0,80.0,277.0,163.0,162.0,96.0,2.0,0.0,7.0,1.0,177.0,77.0,96.0,42.0,25.0,20.0,35.0,26.0,2.0,2.0,13.0,12.0,168.0,68.0,98.0,45.0,35.0,30.0,41.0,30.0,1.0,1.0,5.0,5.0,66.0,353.0,900.0,3,0,0,1,0,0,1,0,0,0,0,0,0,0,172.72,170.18,125.0,0.0471682548522949,0.0,0.45,0.4217682266235352,0.25,0.19173828125,0.1875,0.125,0.0,0.0,69.5,30.5,66.984375,27.8466796875,94.0,48.544921875,88.50390625,44.75,2.0,0.8125,2.015625,0.6640625,54.0,19.01513671875,51.483436584472656,16.9437255859375,7.91796875,5.430633544921875,7.75,5.0625,4.780975341796875,3.9373779296875,4.8994140625,3.84375,51.025390625,18.400863647460938,50.515625,17.5,5.75,3.75,5.5,3.5,5.375,3.6875,4.0,2.65625,104.865234375,89.5,655.8441009521484,0,0,0,0,0,0,0,0,0,0,0,0,0,0,170.18,182.88,125.0,23.0,27.0,0,0,0,0,0,0,0,0,0,0,1,0,0,0,0,1,0,0,0,0,1,0,0,0
Red,False,0.0,0.25,0.565,0.5825,0.0825,0.65,0.125,1.75,0.25,0.0,54.0,30.625,73.375,41.75,64.5,39.5,134.625,88.125,0.75,0.25,3.125,2.375,34.875,15.25,65.75,35.125,13.375,11.25,6.375,5.375,5.75,4.125,1.25,1.25,33.875,16.25,50.875,24.125,13.875,9.625,9.875,7.625,6.25,4.75,12.625,10.0,93.25,353.75,696.5,9,0,2,0,2,2,2,0,0,0,0,1,1,0,190.5,193.04,205.0,0.0,0.0,0.2825,0.52,0.425,0.0825,0.0,0.25,0.0,0.0,170.5,50.75,90.0,48.0,174.5,54.25,107.0,63.25,4.0,3.0,1.75,0.25,145.75,32.75,76.75,36.75,18.5,12.25,8.75,6.75,6.25,5.75,4.5,4.5,139.0,34.5,75.75,36.75,21.25,11.0,11.75,8.75,10.25,5.25,2.5,2.5,147.25,118.75,845.5,9,0,0,1,1,1,2,0,0,0,1,0,0,0,185.42,190.5,205.0,27.0,23.0,0,0,0,0,0,1,0,0,0,0,0,0,0,0,0,1,0,0,0,0,0,0,1,0
Red,False,0.0,0.5,0.43125,0.4175,0.65,0.08625,0.0,0.125,0.0,0.5,129.375,57.25,95.875,43.625,210.75,126.5,108.375,56.0,5.0,3.625,2.625,0.875,109.5,43.125,74.75,28.75,13.25,8.625,12.5,7.75,6.625,5.5,8.625,7.125,96.875,38.25,89.75,40.25,5.875,4.0,3.5,1.5,26.625,15.0,2.625,1.875,368.875,114.375,900.0,12,0,0,3,1,1,3,0,0,0,1,0,0,0,170.18,170.18,155.0,0.0,0.0,0.65,0.4,1.0,0.5,0.0,0.0,1.0,1.0,76.0,50.0,10.0,4.0,81.0,55.0,13.0,7.0,3.0,3.0,2.0,1.0,71.0,47.0,6.0,2.0,3.0,2.0,4.0,2.0,2.0,1.0,0.0,0.0,7.0,2.0,8.0,3.0,3.0,3.0,2.0,1.0,66.0,45.0,0.0,0.0,261.0,99.0,426.0,2,0,1,0,1,1,0,0,0,0,0,1,0,0,167.64,180.34,145.0,36.0,28.0,0,0,1,0,0,0,0,0,0,0,0,0,0,0,0,1,0,0,0,0,1,0,0,0
Red,False,0.0,0.03125,0.3909375,0.430625,0.2815625,0.15640625,0.015625,0.0,0.0,0.0,144.53125,56.71875,123.1875,50.828125,175.890625,82.84375,136.171875,61.0,5.96875,1.328125,3.21875,0.765625,134.921875,49.5,111.21875,40.703125,5.484375,3.21875,10.28125,8.625,4.125,4.0,1.6875,1.5,121.28125,41.1875,113.140625,43.65625,13.984375,9.578125,9.046875,6.359375,9.265625,5.953125,1.0,0.8125,145.984375,41.03125,838.015625,17,0,2,0,4,6,1,0,0,1,3,1,1,0,182.88,177.8,185.0,0.142578125,0.25,0.51142578125,0.4746875,0.1055078125,0.0,0.01171875,0.0,0.0,0.0,67.609375,35.02734375,55.958984375,30.46875,114.0703125,71.775390625,62.744140625,37.228515625,6.294921875,1.05078125,0.078125,0.0,56.45703125,25.435546875,43.69140625,21.76171875,2.958984375,2.93359375,10.43359375,7.390625,8.193359375,6.658203125,1.833984375,1.31640625,42.177734375,19.5078125,42.296875,20.49609375,20.5703125,12.9921875,8.806640625,5.8828125,4.861328125,2.52734375,4.85546875,4.08984375,151.951171875,1.95703125,551.17578125,18,0,2,0,5,7,3,0,0,0,2,4,1,0,185.42,195.58,185.0,39.0,33.0,0,0,0,0,0,0,0,1,0,0,0,0,0,0,0,0,0,1,0,0,0,0,1,0
Red,False,0.375,0.125,0.4862499999999999,0.43625,0.2299999999999999,0.13,0.0,0.5,0.0,0.0,59.125,24.75,56.5,26.625,83.0,47.25,84.75,52.5,4.5,2.0,7.875,2.0,49.125,18.5,40.5,15.75,9.25,5.5,13.875,9.0,0.75,0.75,2.125,1.875,36.625,11.5,35.75,11.75,17.25,9.875,18.0,12.375,5.25,3.375,2.75,2.5,207.25,238.875,758.75,10,0,0,1,1,1,3,0,0,0,0,1,0,0,177.8,187.96,170.0,0.0471682548522949,0.0,0.45,0.4217682266235352,0.25,0.19173828125,0.1875,0.125,0.0,0.0,69.5,30.5,66.984375,27.8466796875,94.0,48.544921875,88.50390625,44.75,2.0,0.8125,2.015625,0.6640625,54.0,19.01513671875,51.483436584472656,16.9437255859375,7.91796875,5.430633544921875,7.75,5.0625,4.780975341796875,3.9373779296875,4.8994140625,3.84375,51.025390625,18.400863647460938,50.515625,17.5,5.75,3.75,5.5,3.5,5.375,3.6875,4.0,2.65625,104.865234375,89.5,655.8441009521484,0,0,0,0,0,0,0,0,0,0,0,0,0,0,180.34,182.88,170.0,29.0,29.0,0,0,0,0,0,0,0,0,0,1,0,0,0,0,0,1,0,0,0,0,1,0,0,0
Blue,False,0.75,0.0,0.4625,0.3375,0.0,0.26625,0.5,1.75,0.5,0.75,139.25,58.25,88.625,33.5,146.125,63.875,106.5,49.125,0.625,0.0,4.5,1.375,115.5,41.25,81.875,28.5,15.25,9.75,4.75,4.0,8.5,7.25,2.0,1.0,129.125,49.875,57.5,12.75,7.25,6.5,2.75,0.375,2.875,1.875,28.375,20.375,48.375,137.0,652.0,7,0,2,0,2,3,1,0,0,0,1,1,1,0,165.1,165.1,125.0,0.0078125,0.0,0.540234375,0.452890625,0.83515625,0.38171875,1.09375,1.8125,1.5,2.4453125,83.421875,45.0859375,77.046875,33.375,149.9921875,105.765625,101.7421875,56.4921875,8.8046875,7.5234375,5.2890625,2.546875,59.1953125,28.015625,65.9296875,25.390625,16.7265625,11.390625,6.1796875,4.109375,7.5,5.6796875,4.9375,3.875,54.1015625,23.859375,58.2109375,21.203125,15.3984375,10.53125,6.609375,3.125,13.921875,10.6953125,12.2265625,9.046875,324.109375,412.0703125,1009.25,24,1,0,1,2,3,5,0,0,0,3,0,0,0,170.18,167.64,125.0,28.0,30.0,0,0,0,1,0,0,0,0,0,0,0,0,0,0,0,0,0,0,1,0,0,0,1,0
Blue,False,0.2164306640625,0.5234375,0.420208740234375,0.6394921875,0.017919921875,0.151705322265625,0.000244140625,0.001220703125,0.0009765625,0.0009765625,42.2677001953125,17.460693359375,63.8052978515625,45.5081787109375,56.2357177734375,29.6165771484375,99.23095703125,77.2412109375,0.0382080078125,0.0250244140625,3.240478515625,1.1978759765625,34.7227783203125,11.916015625,36.3798828125,21.443115234375,3.76025390625,3.052978515625,18.8135986328125,16.0401611328125,3.78466796875,2.49169921875,8.61181640625,8.02490234375,35.7001953125,12.073974609375,34.4842529296875,20.7305908203125,5.8564453125,4.6842041015625,13.4244384765625,12.0650634765625,0.7110595703125,0.7025146484375,15.8966064453125,12.7125244140625,4.013671875,260.3680419921875,675.45361328125,35,1,0,1,4,7,7,0,0,0,1,6,0,0,177.8,182.88,265.0,0.5625,0.0078125,0.51466796875,0.42015625,0.11521484375,0.200908203125,0.0,0.25390625,0.00390625,0.0009765625,71.1533203125,36.298828125,36.234375,15.4501953125,73.724609375,38.7841796875,64.53515625,40.8173828125,0.8388671875,0.283203125,5.1552734375,2.0439453125,64.8056640625,31.78125,15.830078125,2.1005859375,4.716796875,2.888671875,13.1396484375,7.3662109375,1.630859375,1.62890625,7.2646484375,5.9833984375,43.4794921875,15.0419921875,30.462890625,12.0830078125,6.5556640625,4.8984375,2.8388671875,1.6669921875,21.1181640625,16.3583984375,2.9326171875,1.7001953125,82.703125,210.1767578125,677.0341796875,21,0,2,0,6,9,2,0,0,1,0,8,0,0,190.5,200.66,260.0,43.0,32.0,0,0,0,0,1,0,0,0,0,0,0,0,0,0,0,1,0,0,0,0,1,0,0,0
Blue,False,0.0,0.0,0.385,0.4775,0.525,0.2075,0.25,0.5,0.0,0.0,77.75,39.5,61.25,26.25,111.5,70.0,69.75,33.75,8.5,6.0,1.5,1.25,48.75,16.0,45.5,15.0,10.75,8.25,12.75,9.0,18.25,15.25,3.0,2.25,39.25,9.5,44.75,13.25,19.25,16.25,8.0,6.5,19.25,13.75,8.5,6.5,419.75,37.0,708.75,7,0,0,1,2,2,1,0,0,0,2,0,0,0,177.8,182.88,155.0,0.5,0.5,0.41,0.535,0.0825,0.1775,0.75,0.5,0.0,0.0,81.75,26.25,60.0,30.0,95.5,39.0,104.5,70.0,1.25,0.25,2.25,1.25,66.75,19.25,47.25,20.5,9.0,2.25,7.25,5.0,6.0,4.75,5.5,4.5,69.5,19.0,43.25,19.25,4.5,2.25,3.0,2.25,7.75,5.0,13.75,8.5,21.75,299.5,711.75,7,0,0,1,2,2,1,0,0,1,0,1,0,0,177.8,172.72,155.0,34.0,32.0,0,0,0,0,0,0,1,0,0,0,0,0,0,0,0,1,0,0,0,0,1,0,0,0
Red,False,0.005615234375,0.253946304321289,0.4011561727523803,0.4301366186141967,0.2975187301635742,0.4488035011291503,0.0,0.0078144073486328,9.5367431640625e-07,9.5367431640625e-07,109.7944359779358,44.16576433181763,161.6160054206848,70.5510458946228,120.0513129234314,52.92228031158447,173.68468713760376,80.54826736450195,0.8935208320617676,0.5788545608520508,2.707362174987793,0.9475021362304688,58.13287830352783,10.111371517181396,120.4006052017212,37.81510305404663,38.744988441467285,22.83199882507324,22.78976249694824,16.76271629333496,12.916569232940674,11.222393989562988,18.42563772201538,15.973226547241213,103.64309787750244,39.690990924835205,141.29349327087402,58.16250991821289,5.793702602386475,4.352542877197266,13.12887716293335,8.353235721588135,0.357635498046875,0.1222305297851562,7.193634986877441,4.035300254821777,32.278404235839844,148.32041358947754,896.2834558486938,57,1,3,0,3,11,11,0,0,2,4,4,0,1,172.72,175.26,155.0,0.0625,0.0,0.4571874999999999,0.384375,0.04125,0.2096875,0.25,2.09375,0.5625,0.0,73.875,31.90625,121.03125,43.15625,92.875,48.46875,136.46875,56.8125,0.375,0.125,8.90625,2.46875,61.875,27.5625,107.875,34.0625,5.125,2.3125,10.21875,7.03125,6.875,2.03125,2.9375,2.0625,67.03125,28.84375,113.1875,38.65625,4.78125,2.1875,5.0625,1.96875,2.0625,0.875,2.78125,2.53125,77.25,167.5,652.875,13,0,1,0,1,3,3,0,0,0,0,2,1,0,182.88,190.5,155.0,32.0,27.0,0,0,0,0,0,0,1,0,0,0,0,0,0,0,0,1,0,0,0,0,0,0,0,1
Red,False,0.015625,0.0,0.45,0.4275,0.25,0.2,0.148468017578125,0.098388671875,0.0,0.0,66.5,29.6875,64.31230545043945,27.34375,89.75,48.0,85.53125,44.41152191162109,2.0,0.75,2.0546875,0.75,51.1875,18.3359375,49.6123046875,16.280410766601562,7.5,5.07647705078125,7.5,5.0,4.5,3.625,4.984375,3.9375,48.6875,17.0,47.11572265625,16.5,5.75,3.75,5.3125,3.4375,5.0625,3.5,3.875,2.5,99.2119140625,94.125,638.5,0,0,0,0,0,0,0,0,0,0,0,0,0,0,167.64,170.18,125.0,0.001953125,0.078125,0.328125,0.39578125,0.118359375,0.6358203125,0.166015625,0.07421875,0.0625,0.0,106.087890625,33.828125,121.951171875,44.970703125,117.544921875,43.517578125,135.466796875,57.283203125,3.6953125,0.5703125,2.248046875,1.673828125,87.568359375,21.658203125,101.927734375,31.39453125,10.36328125,5.693359375,11.529296875,6.365234375,8.15625,6.4765625,8.494140625,7.2109375,97.91796875,27.017578125,112.6328125,38.861328125,4.76953125,3.61328125,5.166015625,2.8359375,3.400390625,3.197265625,4.15234375,3.2734375,114.357421875,139.021484375,874.935546875,28,1,2,0,2,5,5,0,0,1,0,1,3,0,167.64,167.64,125.0,31.0,33.0,0,0,0,1,0,0,0,0,0,0,0,0,0,0,0,0,0,1,0,0,1,0,0,0
Blue,False,0.0,0.0,0.37,0.375,0.0,0.29,0.5,0.0,0.0,0.0,145.0,54.5,108.5,41.0,156.0,65.0,119.0,51.5,1.5,0.0,3.5,1.0,113.5,31.0,77.0,20.5,17.0,10.5,13.5,5.5,14.5,13.0,18.0,15.0,142.5,53.0,100.0,35.5,1.5,1.0,3.0,2.5,1.0,0.5,5.5,3.0,4.5,160.0,900.0,6,0,1,0,1,1,1,0,0,1,0,0,0,0,180.34,182.88,170.0,0.0,0.5,0.4,0.6375,0.19125,0.375,0.125,0.625,0.0,0.0,41.125,16.125,85.0,54.375,56.625,28.125,129.625,97.5,5.25,0.875,2.0,1.5,31.625,7.75,60.125,34.75,5.0,4.0,18.5,14.0,4.5,4.375,6.375,5.625,32.875,11.0,50.125,26.75,7.625,4.625,23.375,17.125,0.625,0.5,11.5,10.5,208.375,213.5,609.625,8,0,3,0,3,3,1,0,0,1,0,0,1,0,177.8,180.34,170.0,30.0,36.0,0,0,0,0,0,0,0,0,0,1,0,0,0,0,0,1,0,0,0,0,1,0,0,0
Red,False,0.015625,0.0,0.45,0.4275,0.25,0.2,0.148468017578125,0.098388671875,0.0,0.0,66.5,29.6875,64.31230545043945,27.34375,89.75,48.0,85.53125,44.41152191162109,2.0,0.75,2.0546875,0.75,51.1875,18.3359375,49.6123046875,16.280410766601562,7.5,5.07647705078125,7.5,5.0,4.5,3.625,4.984375,3.9375,48.6875,17.0,47.11572265625,16.5,5.75,3.75,5.3125,3.4375,5.0625,3.5,3.875,2.5,99.2119140625,94.125,638.5,0,0,0,0,0,0,0,0,0,0,0,0,0,0,165.1,165.1,115.0,0.0,0.0,0.38,0.45,0.0,0.66,0.0,0.0,0.0,0.0,81.0,31.0,124.0,56.0,161.0,111.0,161.0,90.0,0.0,0.0,6.0,4.0,59.0,13.0,81.0,22.0,22.0,18.0,23.0,20.0,0.0,0.0,20.0,14.0,51.0,8.0,87.0,24.0,25.0,19.0,28.0,24.0,5.0,4.0,9.0,8.0,46.0,424.0,900.0,3,0,0,1,0,0,1,0,0,0,0,0,0,0,165.1,170.18,125.0,19.0,24.0,0,0,0,0,0,0,0,0,0,0,0,0,0,1,0,1,0,0,0,0,0,0,1,0
Red,False,0.015625,0.0,0.45,0.4275,0.25,0.2,0.148468017578125,0.098388671875,0.0,0.0,66.5,29.6875,64.31230545043945,27.34375,89.75,48.0,85.53125,44.41152191162109,2.0,0.75,2.0546875,0.75,51.1875,18.3359375,49.6123046875,16.280410766601562,7.5,5.07647705078125,7.5,5.0,4.5,3.625,4.984375,3.9375,48.6875,17.0,47.11572265625,16.5,5.75,3.75,5.3125,3.4375,5.0625,3.5,3.875,2.5,99.2119140625,94.125,638.5,0,0,0,0,0,0,0,0,0,0,0,0,0,0,167.64,170.18,135.0,0.00390625,0.001953125,0.39927734375,0.3087499999999999,0.11384765625,0.096875,0.046875,0.158203125,0.0,0.0,120.689453125,49.359375,162.044921875,50.37890625,124.072265625,52.53515625,166.865234375,54.103515625,1.765625,0.490234375,3.98046875,0.5625,81.876953125,21.841796875,114.451171875,21.466796875,14.279296875,8.90625,17.80859375,8.9765625,24.533203125,18.611328125,29.78515625,19.935546875,111.91796875,45.01953125,158.505859375,48.8046875,7.072265625,3.212890625,3.2890625,1.32421875,1.69921875,1.126953125,0.25,0.25,18.556640625,25.92578125,888.65234375,26,0,0,1,7,8,2,0,0,2,4,1,1,0,165.1,167.64,135.0,29.0,34.0,1,0,0,0,0,0,0,0,0,0,0,0,0,0,0,1,0,0,0,0,1,0,0,0
Red,False,0.75,0.0,0.44,0.3725,0.0,0.55,0.0,0.0,0.0,0.0,33.5,13.75,33.5,15.75,65.75,40.75,56.25,36.0,0.0,0.0,2.75,1.75,25.75,8.25,28.0,13.25,3.25,2.0,2.0,0.5,4.5,3.5,3.5,2.0,24.0,8.5,14.25,4.0,0.0,0.0,0.0,0.0,9.5,5.25,19.25,11.75,28.25,229.5,503.0,5,0,0,1,1,1,2,0,0,0,0,1,0,0,180.34,198.12,185.0,1.0,0.0,0.68,0.42,0.0,0.0,0.0,0.0,0.0,0.0,32.0,22.0,14.0,6.0,33.0,23.0,14.0,6.0,0.0,0.0,1.0,0.0,28.0,18.0,10.0,2.0,3.0,3.0,4.0,4.0,1.0,1.0,0.0,0.0,26.0,16.0,11.0,5.0,0.0,0.0,3.0,1.0,6.0,6.0,0.0,0.0,5.0,0.0,77.0,1,0,1,0,1,1,0,0,0,0,0,1,0,0,185.42,182.88,185.0,29.0,26.0,0,0,0,0,0,0,0,1,0,0,0,0,0,0,0,0,0,0,1,0,1,0,0,0
Blue,True,0.509979248046875,0.0,0.477518310546875,0.3836459350585938,0.640625,0.0014633178710937,0.59765625,9.1552734375e-05,0.0,0.00390625,180.13912963867188,85.14364624023438,133.61563110351562,51.45709228515625,187.47607421875,92.2947998046875,137.16421508789062,54.73419189453125,1.140869140625,1.140625,4.2608642578125,0.013031005859375,135.94586181640625,52.31011962890625,89.30755615234375,24.338043212890625,27.662353515625,20.6376953125,25.771026611328125,11.470794677734377,16.530914306640625,12.195831298828123,18.53704833984375,15.64825439453125,160.73757934570312,68.18927001953125,128.8863525390625,49.15142822265625,13.809417724609377,11.896240234375,4.389739990234375,2.03167724609375,5.592132568359375,5.058135986328125,0.33953857421875,0.27398681640625,74.64578247070312,71.27389526367188,836.5349426269531,40,1,0,1,10,13,3,0,0,1,4,6,2,0,180.34,175.26,145.0,0.13671875,0.25,0.3892578125,0.433671875,0.0905859374999999,0.0299609375,0.12890625,0.0,0.0,0.0,145.953125,59.71484375,176.16796875,54.94140625,151.08984375,64.73046875,181.76171875,59.59375,0.34765625,0.30078125,7.18359375,0.2265625,129.234375,48.3046875,139.484375,30.33984375,12.06640625,7.10546875,16.5703125,9.03125,4.65234375,4.3046875,20.11328125,15.5703125,142.19921875,57.14453125,167.64453125,49.47265625,1.7265625,1.0390625,6.43359375,4.390625,2.02734375,1.53125,2.08984375,1.078125,76.3125,35.85546875,1103.8671875,36,9,7,0,7,8,1,0,0,0,6,2,0,0,170.18,177.8,135.0,25.0,30.0,0,0,1,0,0,0,0,0,0,0,0,0,0,0,0,1,0,0,0,0,1,0,0,0
Red,False,0.3204269409179687,0.2558691501617431,0.4975578093528747,0.4086239290237426,0.5091772747039796,0.0317512726783752,0.0093135833740234,0.0022468566894531,0.0001227855682373,3.814697265625e-06,48.51065731048584,23.143620252609253,66.53618860244751,27.70147728919983,67.98004961013794,41.52265357971192,76.11447429656982,35.8067262172699,1.6927578449249268,1.0201327800750732,0.6597020626068115,0.0500550270080566,29.720694303512573,10.274111032485962,50.62803077697754,15.91324019432068,10.851152420043944,6.620733261108398,7.102503538131714,5.014939069747925,7.938810586929321,6.248775959014893,8.805654287338257,6.773298025131226,40.1853711605072,18.376161336898804,59.79829740524292,23.686105489730835,7.059163808822632,3.588380813598633,5.337985515594482,2.7143828868865967,1.266122341156006,1.1790781021118164,1.3999056816101074,1.3009889125823977,135.2861270904541,73.52279281616211,681.1176080703735,48,1,4,0,4,13,10,0,0,0,4,6,3,0,182.88,187.96,185.0,0.1064550876617431,1.0022010803222656,0.4187711727619171,0.5740749287605286,4.0531158447265625e-06,0.1216099739074707,0.0030546188354492,0.0019536018371582,6.103515625e-05,9.5367431640625e-07,23.561408638954163,8.820404052734375,62.87005317211151,34.00386869907379,24.12873089313507,9.289944171905518,67.70586335659027,38.08125126361847,1.7881393432617188e-05,1.3589859008789062e-05,1.4599006175994873,0.4104619026184082,18.93282234668732,5.2407755851745605,56.9639413356781,29.096232891082764,4.608707904815674,3.560730457305908,2.1072369813919067,1.1362210512161257,0.0198783874511718,0.0188980102539062,3.798874855041504,3.7714147567749023,20.96555483341217,6.995635271072388,31.21133840084076,14.323192596435549,1.4668928384780884,1.046234965324402,8.010488986968994,3.751296639442444,1.1289609670639038,0.7785338163375854,23.64822578430176,15.9293794631958,1.099945068359375,71.95088958740234,286.1062231063843,35,5,3,0,3,14,10,0,0,0,0,11,2,1,182.88,187.96,185.0,38.0,40.0,0,0,0,0,0,0,0,1,0,0,0,0,0,0,0,1,0,0,0,0,0,0,1,0
Red,False,0.0,0.0,0.5125000000000001,0.4375,0.29,0.0,0.75,0.25,0.0,0.0,5.75,3.5,7.0,3.0,8.5,6.25,8.75,4.75,3.0,0.75,0.0,0.0,4.75,2.75,6.25,2.25,0.75,0.5,0.75,0.75,0.25,0.25,0.0,0.0,3.25,1.75,5.5,2.0,1.5,0.75,1.0,0.75,1.0,1.0,0.5,0.25,64.5,44.25,152.25,3,0,0,1,2,2,1,0,0,0,0,0,2,0,185.42,185.42,185.0,0.0,0.0,0.4259375,0.3701562499999999,0.3389062499999999,0.5078125,0.3125,1.0,0.25,0.0,64.484375,27.921875,53.984375,22.296875,99.171875,55.171875,99.625,65.109375,11.5,4.21875,0.796875,0.5625,48.09375,15.90625,45.765625,15.78125,8.890625,5.15625,5.15625,3.765625,7.5,6.859375,3.0625,2.75,48.28125,16.578125,33.703125,8.125,5.828125,3.796875,2.65625,1.890625,10.375,7.546875,17.625,12.28125,379.84375,118.4375,814.71875,19,1,1,0,2,4,3,0,0,0,2,0,2,0,187.96,200.66,185.0,30.0,27.0,0,0,0,0,0,0,0,1,0,0,0,0,0,0,0,1,0,0,0,0,1,0,0,0
Blue,False,0.0,0.5,0.48,0.575,0.915,0.375,1.5,0.5,1.0,0.0,44.0,22.0,62.5,35.5,62.0,39.5,104.5,75.5,3.5,3.0,5.0,2.0,35.0,13.5,50.5,25.0,6.0,6.0,7.0,6.0,3.0,2.5,5.0,4.5,31.0,14.0,38.0,17.0,2.0,1.5,4.5,4.0,11.0,6.5,20.0,14.5,341.0,291.5,879.5,6,0,0,1,1,1,1,0,0,0,1,0,0,0,170.18,175.26,135.0,0.625,0.0,0.389375,0.375,0.0,0.273125,0.0625,0.25,0.0,0.0,50.4375,20.3125,50.0625,17.25,52.375,22.1875,60.9375,27.25,0.375,0.0,2.625,0.6875,34.5625,9.875,38.75,10.1875,2.8125,0.8125,6.4375,3.875,13.0625,9.625,4.875,3.1875,44.0625,14.9375,41.5625,11.0625,0.375,0.375,2.5,2.5,6.0,5.0,6.0,3.6875,16.25,70.6875,459.625,11,0,0,1,2,3,2,0,0,0,1,2,0,0,170.18,180.34,135.0,30.0,38.0,1,0,0,0,0,0,0,0,0,0,0,0,0,0,0,0,0,1,0,0,1,0,0,0
Blue,False,1.41015625,0.125,0.31203125,0.4002734375,0.0,0.158203125,0.5625,0.0703125,0.25,0.0,107.03125,33.04296875,117.56640625,54.59375,112.390625,38.15234375,125.984375,62.19921875,0.375,0.0,1.21875,0.56640625,87.734375,21.17578125,84.60546875,33.11328125,14.33203125,7.32421875,20.63671875,12.2890625,4.96484375,4.54296875,12.32421875,9.19140625,101.13671875,29.5234375,104.71484375,44.75390625,2.9453125,1.4140625,9.6640625,7.15234375,2.94921875,2.10546875,3.1875,2.6875,41.125,55.21484375,539.79296875,15,0,0,3,2,4,5,0,0,1,0,0,3,0,177.8,190.5,155.0,0.515869140625,1.25390625,0.4573779296875,0.43957763671875,0.12564453125,0.447314453125,1.1142578125,0.064453125,0.5,0.0009765625,76.701904296875,35.4794921875,83.643310546875,37.78173828125,82.822265625,40.427734375,96.405029296875,48.34375,0.8935546875,0.408203125,3.6865234375,1.33837890625,59.31884765625,23.218017578125,66.923583984375,25.34228515625,10.337158203125,6.656982421875,9.57177734375,6.29541015625,7.0458984375,5.6044921875,7.14794921875,6.14404296875,56.8974609375,25.04296875,66.928466796875,27.2216796875,2.10107421875,1.42626953125,4.2353515625,3.03564453125,17.703369140625,9.01025390625,12.4794921875,7.5244140625,124.726318359375,116.958984375,663.031005859375,23,0,1,0,2,7,6,0,0,0,0,2,5,0,182.88,187.96,170.0,29.0,32.0,0,0,0,0,0,0,0,0,0,1,0,0,0,0,0,1,0,0,0,0,1,0,0,0
Red,False,0.0,0.0,0.3,0.4549999999999999,0.0,0.59625,0.0,0.0,0.0,0.125,224.25,69.125,247.75,116.0,255.875,97.0,265.75,132.75,0.625,0.0,5.0,1.125,184.375,44.875,150.875,52.875,26.375,17.0,48.125,26.875,13.5,7.25,48.75,36.25,185.875,43.5,204.625,87.0,33.875,22.625,42.125,28.0,4.5,3.0,1.0,1.0,158.125,218.375,1200.0,14,1,3,0,3,3,1,0,0,1,2,0,0,0,160.02,162.56,115.0,0.25,0.0625,0.42,0.37,0.77875,0.125,0.6875,0.0,0.0,0.0,123.125,52.6875,156.75,67.9375,147.375,73.8125,180.5,88.5,8.125,5.25,1.375,0.25,112.0625,45.3125,121.5625,39.9375,8.8125,5.625,18.0,14.5625,2.25,1.75,17.1875,13.4375,102.9375,39.875,136.625,54.25,12.625,7.5625,19.1875,13.0,7.5625,5.25,0.9375,0.6875,414.8125,42.3125,1050.0,17,1,1,0,1,3,2,0,0,0,3,0,0,0,162.56,160.02,115.0,31.0,28.0,0,0,0,0,0,0,0,0,0,0,0,0,0,1,0,1,0,0,0,0,1,0,0,0
Red,False,0.0,0.0,0.6,0.35,0.3,0.0,0.0,1.0,0.0,0.0,121.0,73.0,134.0,47.0,175.0,114.0,178.0,89.0,10.0,3.0,0.0,0.0,78.0,37.0,112.0,30.0,29.0,22.0,18.0,13.0,14.0,14.0,4.0,4.0,84.0,46.0,111.0,31.0,25.0,19.0,19.0,13.0,12.0,8.0,4.0,3.0,86.0,439.0,900.0,3,0,1,0,1,1,0,0,0,0,1,0,0,0,154.94,165.1,115.0,0.0,0.0,0.25,0.3,1.0,1.0,0.0,0.0,0.0,0.0,97.0,25.0,153.0,47.0,122.0,42.0,175.0,69.0,1.0,1.0,1.0,1.0,73.0,12.0,129.0,30.0,16.0,6.0,21.0,15.0,8.0,7.0,3.0,2.0,89.0,20.0,130.0,31.0,6.0,4.0,12.0,7.0,2.0,1.0,11.0,9.0,224.0,106.0,900.0,3,0,1,0,1,1,0,0,0,1,0,0,0,0,154.94,160.02,115.0,28.0,23.0,0,0,0,0,0,0,0,0,0,0,0,0,0,1,0,1,0,0,0,0,1,0,0,0
Blue,False,0.015625,0.0,0.45,0.4275,0.25,0.2,0.148468017578125,0.098388671875,0.0,0.0,66.5,29.6875,64.31230545043945,27.34375,89.75,48.0,85.53125,44.41152191162109,2.0,0.75,2.0546875,0.75,51.1875,18.3359375,49.6123046875,16.280410766601562,7.5,5.07647705078125,7.5,5.0,4.5,3.625,4.984375,3.9375,48.6875,17.0,47.11572265625,16.5,5.75,3.75,5.3125,3.4375,5.0625,3.5,3.875,2.5,99.2119140625,94.125,638.5,0,0,0,0,0,0,0,0,0,0,0,0,0,0,167.64,167.64,145.0,0.26171875,0.0,0.4269445800781249,0.5478283691406249,0.2785791015625,0.353355712890625,1.0029296875,0.0,0.00390625,0.051025390625,69.9752197265625,28.08984375,88.0076904296875,56.3358154296875,74.431396484375,32.3720703125,120.3837890625,83.49072265625,1.20263671875,0.604736328125,2.72998046875,1.1458740234375,54.5177001953125,17.332275390625,77.2237548828125,49.836669921875,11.2430419921875,6.873779296875,7.281982421875,4.3402099609375,4.2144775390625,3.8837890625,3.501953125,2.158935546875,59.7950439453125,19.5545654296875,38.1923828125,13.0203857421875,2.7574462890625,2.0933837890625,5.6734619140625,3.93505859375,7.4227294921875,6.44189453125,44.141845703125,39.38037109375,23.8572998046875,172.8125,493.30712890625,33,0,2,0,3,9,5,0,0,1,4,2,2,0,175.26,180.34,135.0,30.0,36.0,1,0,0,0,0,0,0,0,0,0,0,0,0,0,0,0,0,0,1,0,0,0,1,0
Blue,False,0.015625,0.0,0.45,0.4275,0.25,0.2,0.148468017578125,0.098388671875,0.0,0.0,66.5,29.6875,64.31230545043945,27.34375,89.75,48.0,85.53125,44.41152191162109,2.0,0.75,2.0546875,0.75,51.1875,18.3359375,49.6123046875,16.280410766601562,7.5,5.07647705078125,7.5,5.0,4.5,3.625,4.984375,3.9375,48.6875,17.0,47.11572265625,16.5,5.75,3.75,5.3125,3.4375,5.0625,3.5,3.875,2.5,99.2119140625,94.125,638.5,0,0,0,0,0,0,0,0,0,0,0,0,0,0,165.1,172.72,125.0,0.25,0.0,0.39125,0.68875,0.15625,0.8125,0.25,0.75,0.125,0.0,35.0,14.125,29.625,12.0,46.0,23.5,40.625,21.875,0.625,0.25,1.875,1.375,26.875,8.625,21.875,6.375,5.75,4.0,4.75,3.25,2.375,1.5,3.0,2.375,23.625,6.25,21.25,6.125,6.5,4.875,2.875,2.5,4.875,3.0,5.5,3.375,49.75,138.125,394.5,9,0,3,0,3,3,1,0,0,1,1,0,1,0,172.72,175.26,125.0,29.0,31.0,0,0,0,1,0,0,0,0,0,0,0,0,0,0,0,1,0,0,0,0,1,0,0,0
Red,False,1.0,0.0,0.34,0.4,0.0,0.0,0.0,0.0,0.0,0.0,135.0,47.0,172.0,70.0,142.0,53.0,174.0,72.0,0.0,0.0,3.0,0.0,113.0,31.0,135.0,48.0,8.0,5.0,20.0,8.0,14.0,11.0,17.0,14.0,128.0,44.0,164.0,65.0,2.0,1.0,8.0,5.0,5.0,2.0,0.0,0.0,34.0,11.0,900.0,3,0,0,1,0,0,1,0,0,0,0,0,0,0,177.8,177.8,170.0,1.5,0.5,0.4,0.49,0.125,0.0,0.0,1.5,0.5,0.5,108.0,43.5,85.0,41.5,117.0,51.0,104.5,59.0,2.5,0.5,2.0,0.0,80.5,25.0,71.0,31.0,16.5,9.0,10.0,6.5,11.0,9.5,4.0,4.0,94.0,36.0,61.0,27.5,2.5,2.0,3.5,2.5,11.5,5.5,20.5,11.5,126.5,230.5,868.5,6,0,0,2,0,0,2,0,0,0,0,0,0,0,182.88,190.5,170.0,33.0,23.0,0,0,0,0,0,0,0,0,0,1,0,0,0,0,0,1,0,0,0,0,1,0,0,0
Red,False,0.0,0.0,0.44,0.38,0.595,0.75,1.0,0.75,0.75,0.25,26.0,9.0,48.75,22.25,31.0,13.75,68.0,40.0,5.5,2.75,1.5,1.5,17.5,5.75,36.75,12.5,7.5,2.25,7.25,5.75,1.0,1.0,4.75,4.0,22.0,6.25,32.5,12.25,1.75,0.75,11.25,6.75,2.25,2.0,5.0,3.25,193.75,202.75,647.0,7,0,0,1,2,2,1,0,0,0,0,0,2,0,165.1,177.8,135.0,0.0,0.0,0.45,0.4278125,0.15625,0.53125,0.875,0.0,0.0,0.0,73.21875,27.65625,97.78125,41.90625,73.71875,28.125,98.625,42.65625,3.46875,0.3125,1.03125,0.59375,45.96875,13.28125,73.65625,28.71875,12.03125,5.40625,17.6875,7.90625,15.21875,8.96875,6.4375,5.28125,71.40625,27.15625,95.15625,39.9375,1.625,0.3125,1.5625,1.09375,0.1875,0.1875,1.0625,0.875,11.09375,11.625,387.78125,11,0,0,1,2,3,3,0,0,0,0,1,2,0,167.64,165.1,135.0,27.0,30.0,1,0,0,0,0,0,0,0,0,0,0,0,0,0,0,1,0,0,0,0,1,0,0,0
Blue,False,0.140625,0.140625,0.32671875,0.3578125,0.6253124999999999,0.0571875,0.265625,0.359375,0.0,0.25,86.6875,28.125,75.0625,30.3125,113.90625,51.875,92.78125,46.890625,4.234375,2.546875,1.28125,0.1875,73.859375,21.703125,55.453125,17.765625,7.109375,3.4375,9.25,5.9375,5.71875,2.984375,10.359375,6.609375,70.765625,16.40625,61.796875,20.140625,4.671875,3.40625,12.421875,9.421875,11.25,8.3125,0.84375,0.75,230.421875,52.109375,792.484375,15,0,1,0,2,4,3,0,0,0,2,2,0,0,182.88,185.42,185.0,3.0,0.0,0.54,0.14,0.0,0.0,0.0,0.0,0.0,0.0,22.0,12.0,14.0,2.0,22.0,12.0,15.0,2.0,0.0,0.0,0.0,0.0,22.0,12.0,14.0,2.0,0.0,0.0,0.0,0.0,0.0,0.0,0.0,0.0,16.0,7.0,13.0,1.0,2.0,2.0,1.0,1.0,4.0,3.0,0.0,0.0,7.0,0.0,53.0,1,0,1,0,1,1,0,0,0,0,0,1,0,0,177.8,185.42,170.0,29.0,31.0,0,0,0,0,0,0,0,0,0,1,0,0,0,0,0,1,0,0,0,0,1,0,0,0
Red,False,0.0,0.0,0.5,0.41625,0.5687500000000001,0.25,0.875,0.0,0.5,0.0,44.0,22.0,51.375,16.75,61.625,36.25,58.0,22.5,3.5,2.0,1.25,0.5,36.125,17.375,34.375,6.875,7.125,4.0,10.25,5.375,0.75,0.625,6.75,4.5,34.125,14.75,46.875,13.5,7.5,4.875,4.25,3.0,2.375,2.375,0.25,0.25,76.125,52.375,393.625,7,0,4,0,4,4,0,0,0,0,0,1,3,0,190.5,195.58,205.0,0.0,0.0,0.45,0.4,0.0,0.0,0.0,0.0,0.0,0.0,182.0,82.0,189.0,76.0,204.0,103.0,192.0,79.0,1.0,0.0,4.0,0.0,138.0,51.0,165.0,61.0,25.0,17.0,24.0,15.0,19.0,14.0,0.0,0.0,166.0,71.0,177.0,69.0,16.0,11.0,12.0,7.0,0.0,0.0,0.0,0.0,84.0,39.0,900.0,3,0,1,0,1,1,0,0,0,1,0,0,0,0,187.96,190.5,205.0,30.0,27.0,0,0,0,0,0,1,0,0,0,0,0,0,0,0,0,1,0,0,0,0,1,0,0,0
Blue,False,0.25,0.5,0.4603125,0.3196875,0.359375,0.0903125,0.0,0.1875,0.0,0.0,87.1875,38.4375,107.71875,33.90625,98.875,49.71875,117.34375,43.09375,1.125,0.8125,0.90625,0.3125,52.34375,14.90625,92.09375,23.65625,15.21875,7.21875,8.40625,4.90625,19.625,16.3125,7.21875,5.34375,81.09375,34.0625,100.5,30.4375,2.15625,1.75,1.21875,0.71875,3.9375,2.625,6.0,2.75,71.625,92.625,729.875,16,0,3,0,3,4,2,0,0,1,2,1,0,0,185.42,187.96,170.0,0.0471682548522949,0.0,0.45,0.4217682266235352,0.25,0.19173828125,0.1875,0.125,0.0,0.0,69.5,30.5,66.984375,27.8466796875,94.0,48.544921875,88.50390625,44.75,2.0,0.8125,2.015625,0.6640625,54.0,19.01513671875,51.483436584472656,16.9437255859375,7.91796875,5.430633544921875,7.75,5.0625,4.780975341796875,3.9373779296875,4.8994140625,3.84375,51.025390625,18.400863647460938,50.515625,17.5,5.75,3.75,5.5,3.5,5.375,3.6875,4.0,2.65625,104.865234375,89.5,655.8441009521484,0,0,0,0,0,0,0,0,0,0,0,0,0,0,182.88,195.58,170.0,35.0,25.0,0,0,0,0,0,0,0,0,0,1,0,0,0,0,0,1,0,0,0,0,0,0,0,1
Red,False,0.25,0.25,0.4475,0.525,0.0,0.375,0.0,0.5,0.0,0.0,111.5,49.5,89.75,43.0,112.0,50.0,106.5,56.5,0.0,0.0,2.75,1.0,85.0,29.5,70.25,27.0,14.75,9.5,12.0,9.75,11.75,10.5,7.5,6.25,107.5,47.25,81.0,37.5,3.25,1.5,7.25,4.25,0.75,0.75,1.5,1.25,0.25,93.25,621.25,6,0,0,1,1,1,2,0,0,0,0,1,0,0,193.04,195.58,185.0,0.0,0.0,0.42,0.335,0.08,0.5,0.0,1.5,0.0,0.0,102.5,51.0,68.0,23.5,119.5,67.5,75.0,29.5,3.0,0.5,2.0,0.5,59.5,21.0,41.0,5.5,15.5,12.0,19.5,13.0,27.5,18.0,7.5,5.0,81.0,35.5,56.5,16.5,20.5,15.0,11.0,6.5,1.0,0.5,0.5,0.5,99.0,93.0,665.5,5,0,1,0,1,1,1,0,0,0,1,0,0,0,185.42,195.58,185.0,27.0,28.0,0,0,0,0,0,0,0,1,0,0,0,0,0,0,0,1,0,0,0,0,1,0,0,0
Red,False,0.13037109375,0.25,0.41404296875,0.4647412109375,0.52060546875,0.05296875,0.5341796875,0.01953125,0.015625,0.03125,40.83447265625,18.791015625,38.51025390625,17.33642578125,107.1455078125,66.3369140625,50.42919921875,28.58349609375,1.90869140625,1.66845703125,0.80517578125,0.4140625,36.84326171875,15.5947265625,35.74072265625,14.748046875,3.490234375,2.6953125,1.837890625,1.68798828125,0.5009765625,0.5009765625,0.931640625,0.900390625,28.89794921875,11.5283203125,32.390625,13.205078125,1.82470703125,1.3505859375,4.42431640625,2.56884765625,10.11181640625,5.912109375,1.6953125,1.5625,337.69580078125,24.5322265625,542.68798828125,26,1,5,0,5,9,3,0,0,0,2,3,3,1,187.96,193.04,205.0,0.326904296875,0.125,0.4843896484375,0.424423828125,0.486435546875,0.05826171875,0.00341796875,0.015869140625,0.0,0.0,132.65234375,62.84912109375,132.294677734375,58.74853515625,188.10546875,112.10400390625,171.590576171875,93.4130859375,4.82421875,2.447265625,2.157958984375,0.298095703125,112.440185546875,48.8525390625,108.396728515625,42.854248046875,13.603759765625,8.6142578125,14.509521484375,7.83642578125,6.6083984375,5.38232421875,9.388427734375,8.057861328125,101.296630859375,39.736328125,105.991455078125,40.096435546875,9.39501953125,5.31787109375,20.404296875,14.51953125,21.960693359375,17.794921875,5.89892578125,4.132568359375,353.4814453125,59.948486328125,935.56005859375,30,2,1,0,6,9,4,0,0,0,3,4,2,0,195.58,200.66,205.0,37.0,30.0,0,0,0,0,0,1,0,0,0,0,0,0,0,0,0,1,0,0,0,0,1,0,0,0
Red,False,0.0625,3.0517578125e-05,0.5167084503173828,0.4295320129394531,0.1484375,0.6986717224121094,0.066558837890625,0.2668685913085937,7.62939453125e-06,0.0009765625,80.18245697021484,39.77056884765625,81.4462661743164,35.069000244140625,94.25181579589844,50.717193603515625,120.25811767578124,66.76596069335938,0.262237548828125,0.21875,5.388328552246094,3.4547348022460938,72.15333557128906,32.426063537597656,72.36128234863281,29.29926300048828,3.4320220947265625,3.0786285400390625,5.244148254394531,2.6327133178710938,4.597099304199219,4.265876770019531,3.8408355712890634,3.13702392578125,74.89550018310547,35.741554260253906,63.77558898925781,21.03327178955078,3.861114501953125,2.986045837402344,7.615432739257812,5.749427795410156,1.42584228515625,1.04296875,10.05524444580078,8.286300659179688,57.48174285888672,382.51622009277344,802.4866180419922,46,0,2,0,4,9,9,0,0,2,4,1,1,1,187.96,190.5,185.0,0.25,0.078125,0.51046875,0.4271874999999999,0.22125,0.2671875,0.578125,0.3828125,0.0625,0.0,101.359375,49.984375,121.1875,46.1328125,137.203125,82.1796875,127.609375,52.4609375,3.1328125,1.203125,0.578125,0.3046875,75.4609375,25.796875,104.171875,32.3125,14.515625,13.3359375,13.6484375,10.953125,11.3828125,10.8515625,3.3671875,2.8671875,68.5234375,23.03125,103.3671875,31.8046875,17.9765625,15.28125,17.1015625,13.859375,14.859375,11.671875,0.71875,0.46875,318.25,39.3984375,832.328125,20,0,0,1,2,4,4,0,0,1,3,0,0,0,190.5,190.5,185.0,30.0,36.0,0,0,0,0,0,0,0,1,0,0,0,0,0,0,0,1,0,0,0,0,1,0,0,0
Blue,False,0.0,0.0,0.36,0.505,0.175,0.6200000000000001,0.75,0.0,0.25,0.5,74.5,26.5,55.0,26.0,143.75,92.0,102.75,69.25,2.25,0.5,3.75,2.25,40.5,5.25,43.75,18.0,14.25,7.75,7.25,4.75,19.75,13.5,4.0,3.25,70.0,23.0,45.25,18.5,4.0,3.0,3.0,1.75,0.5,0.5,6.75,5.75,44.25,388.75,900.0,9,0,1,0,1,1,2,0,0,0,1,0,0,0,182.88,193.04,170.0,0.0,0.0625,0.373125,0.4325,0.12875,0.09375,0.0625,0.0,0.0,0.125,157.9375,58.0625,155.0,65.625,168.4375,68.125,162.5625,72.625,7.125,0.4375,2.9375,0.125,128.6875,33.9375,134.4375,54.375,23.0625,18.0,15.625,7.125,6.1875,6.125,4.9375,4.125,149.3125,51.5,146.875,60.3125,7.625,5.8125,5.4375,3.9375,1.0,0.75,2.6875,1.375,208.375,27.1875,855.4375,13,0,2,0,2,3,2,0,0,0,2,0,1,0,182.88,190.5,170.0,28.0,31.0,0,0,0,0,0,0,0,0,0,1,0,0,0,0,0,0,0,1,0,0,1,0,0,0
Red,False,0.0,1.0,0.4,0.34,0.0,0.0,0.0,0.0,0.0,0.0,172.0,70.0,135.0,47.0,174.0,72.0,142.0,53.0,3.0,0.0,0.0,0.0,135.0,48.0,113.0,31.0,20.0,8.0,8.0,5.0,17.0,14.0,14.0,11.0,164.0,65.0,128.0,44.0,8.0,5.0,2.0,1.0,0.0,0.0,5.0,2.0,11.0,34.0,900.0,3,0,1,0,1,1,0,0,0,1,0,0,0,0,182.88,185.42,155.0,0.5,0.0,0.575,0.525,0.0,0.25,0.0,0.0,0.0,0.0,64.5,37.0,104.5,53.0,65.0,37.5,119.0,67.5,2.5,0.0,3.5,1.0,45.0,21.5,76.0,35.5,13.0,9.0,10.0,4.0,6.5,6.5,18.5,13.5,45.5,24.0,56.0,16.5,8.5,5.5,34.5,26.0,10.5,7.5,14.0,10.5,54.5,170.5,648.5,5,0,1,0,1,1,1,0,0,0,0,1,0,0,182.88,187.96,185.0,24.0,24.0,0,0,0,0,0,0,0,0,0,1,0,0,0,0,0,1,0,0,0,0,0,0,1,0
Blue,False,0.5,0.0,0.525,0.5,0.0,0.165,0.0,0.0,0.0,0.0,85.0,27.5,84.5,30.0,85.0,27.5,90.5,35.0,0.5,0.0,1.5,0.5,76.0,20.5,73.0,25.0,8.0,6.5,11.0,4.5,1.0,0.5,0.5,0.5,79.5,23.5,81.0,28.0,3.0,1.5,3.5,2.0,2.5,2.5,0.0,0.0,6.0,24.0,467.0,4,0,2,0,2,2,0,0,0,1,0,1,0,0,172.72,175.26,155.0,0.0,0.0625,0.4525,0.3334375,0.2928125,0.045,0.15625,0.0,0.0,0.5,68.0,29.4375,133.40625,44.0,79.28125,38.75,148.71875,57.84375,8.71875,1.8125,3.34375,0.375,57.75,22.125,114.875,31.09375,7.625,6.21875,14.96875,10.0,2.625,1.09375,3.5625,2.90625,55.03125,19.625,120.15625,34.0625,10.15625,7.3125,8.1875,5.8125,2.8125,2.5,5.0625,4.125,125.625,218.0,825.0625,17,0,1,0,1,3,3,0,0,0,0,1,2,0,180.34,185.42,155.0,28.0,38.0,0,0,0,0,0,0,1,0,0,0,0,0,0,0,0,0,0,1,0,0,1,0,0,0
Red,False,0.00146484375,0.376953125,0.410673828125,0.46197265625,0.25048828125,0.3532421875,0.0810546875,0.2529296875,0.0,0.25048828125,103.61572265625,40.66552734375,127.173828125,50.1875,135.69677734375,67.84619140625,146.74609375,68.25732421875,0.26025390625,0.25048828125,2.13623046875,0.90869140625,72.564453125,20.2275390625,92.68798828125,29.26025390625,28.04052734375,18.42919921875,16.296875,6.1298828125,3.0107421875,2.0087890625,18.18896484375,14.79736328125,89.44775390625,33.0498046875,101.31005859375,34.87548828125,12.34423828125,6.1982421875,12.55810546875,6.89892578125,1.82373046875,1.41748046875,13.3056640625,8.4130859375,25.83447265625,205.80615234375,687.5595703125,25,0,3,0,3,8,4,0,0,1,2,2,3,0,187.96,195.58,170.0,0.5,0.25,0.438125,0.3371875,0.469375,0.003125,0.65625,0.015625,0.015625,0.03125,52.875,24.765625,52.875,18.5625,84.046875,52.546875,75.125,40.234375,3.421875,1.984375,0.703125,0.015625,43.65625,16.859375,38.5,8.984375,5.171875,3.9375,6.21875,3.25,4.046875,3.96875,8.15625,6.328125,35.765625,15.46875,42.578125,12.1875,0.578125,0.28125,3.421875,2.140625,16.53125,9.015625,6.875,4.234375,370.484375,26.453125,614.875,17,0,0,3,2,3,4,0,0,0,2,0,1,0,182.88,190.5,170.0,34.0,30.0,0,0,0,0,0,0,0,0,0,1,0,0,0,0,0,1,0,0,0,0,0,0,1,0
Blue,False,0.0,1.0,0.25,0.42,0.0,0.0,0.0,0.0,0.0,0.0,43.0,11.0,59.0,25.0,43.0,11.0,59.0,25.0,0.0,0.0,0.0,0.0,40.0,9.0,48.0,18.0,2.0,1.0,5.0,1.0,1.0,1.0,6.0,6.0,42.0,11.0,59.0,25.0,1.0,0.0,0.0,0.0,0.0,0.0,0.0,0.0,0.0,1.0,224.0,1,0,0,1,0,0,1,0,0,0,0,0,0,0,175.26,177.8,155.0,0.0,0.0,0.3249999999999999,0.44,0.5,0.25,0.5,0.5,0.0,0.0,80.0,26.5,71.5,33.0,101.0,44.5,97.0,56.5,3.5,2.5,1.5,0.5,75.0,25.0,60.0,24.0,3.5,1.0,10.0,7.5,1.5,0.5,1.5,1.5,68.0,21.5,49.0,14.5,6.5,3.0,7.5,6.0,5.5,2.0,15.0,12.5,254.5,326.0,900.0,6,0,0,2,0,0,2,0,0,0,0,0,0,0,175.26,180.34,155.0,30.0,25.0,0,0,0,0,0,0,1,0,0,0,0,0,0,0,0,1,0,0,0,0,1,0,0,0
Red,False,1.14453125,0.002685546875,0.562958984375,0.41569580078125,0.16683349609375,0.17083984375,0.16064453125,0.00244140625,0.00390625,0.000244140625,113.84765625,60.84033203125,72.08447265625,30.553466796875,124.054931640625,69.856201171875,74.926513671875,33.297607421875,0.43359375,0.2333984375,1.66259765625,0.42919921875,84.448974609375,39.029541015625,47.744140625,11.934814453125,20.661376953125,14.855224609375,10.496826171875,7.49462890625,8.7373046875,6.95556640625,13.843505859375,11.1240234375,90.650390625,44.03564453125,69.033203125,28.846923828125,13.533447265625,10.458984375,2.96533203125,1.635498046875,9.663818359375,6.345703125,0.0859375,0.071044921875,36.66650390625,27.6875,474.957763671875,35,0,2,0,3,9,4,0,0,0,5,3,1,0,180.34,187.96,170.0,0.015625,9.5367431640625e-06,0.8907562053203583,0.2723239755630493,0.6939608812332153,0.1333118867874145,1.2570064067840576,0.0020151138305664,0.1250004768371582,0.5195621252059937,18.43943476676941,13.555901288986206,15.213476300239565,5.136571764945984,70.701202750206,57.72862648963928,23.835948824882507,12.46674656867981,4.852259874343872,1.8576682806015012,0.2051397562026977,0.1456910371780395,17.80861806869507,12.988126873970032,12.393566846847534,3.957452416419983,0.5078282356262207,0.4688206911087036,1.4250653982162476,0.2847951650619507,0.1229884624481201,0.0989537239074707,1.3948440551757812,0.8943241834640503,4.021982908248901,1.613149642944336,11.428578734397888,2.875913143157959,0.563005805015564,0.5375983715057373,0.3181047439575195,0.0247430801391601,13.854446053504944,11.405153274536133,3.4667928218841557,2.2359155416488647,369.2928671836853,38.91444730758667,491.9464763402939,62,1,5,0,6,18,6,0,0,0,8,1,9,0,185.42,182.88,170.0,32.0,39.0,0,0,0,0,0,0,0,0,0,1,0,0,0,0,0,1,0,0,0,0,0,0,1,0
Blue,False,0.0,0.0,0.40125,0.4925,0.6375,0.125,0.0,1.5,0.0,0.0,27.0,11.375,15.25,5.0,55.375,34.5,22.25,10.0,4.5,1.875,1.625,0.625,18.125,3.75,13.0,3.625,4.375,3.75,1.375,1.25,4.5,3.875,0.875,0.125,15.75,3.375,12.0,3.25,5.5,5.25,2.25,1.375,5.75,2.75,1.0,0.375,352.625,66.375,633.875,11,0,0,1,2,2,2,0,0,0,2,0,0,0,185.42,198.12,185.0,0.25,0.0,0.4540625,0.3196875,0.37328125,0.070625,0.0,0.59375,0.53125,0.015625,75.734375,34.5625,28.640625,10.421875,116.046875,69.609375,32.0625,13.578125,1.84375,0.921875,5.046875,0.5625,62.828125,26.34375,22.046875,6.765625,8.671875,4.546875,4.0625,1.625,4.234375,3.671875,2.53125,2.03125,44.25,12.125,27.375,9.453125,9.078125,6.1875,1.03125,0.75,22.40625,16.25,0.234375,0.21875,272.28125,126.046875,685.046875,18,0,1,0,5,6,1,0,0,1,4,1,0,0,185.42,195.58,185.0,35.0,27.0,0,0,0,0,0,0,0,1,0,0,0,0,0,0,0,1,0,0,0,0,0,0,1,0
Red,True,0.20306396484375,0.328125,0.5389312744140625,0.48402587890625,0.15869140625,0.0219140624999999,0.0625,0.0625,0.0,0.0,188.16912841796875,106.26702880859376,160.66168212890625,68.1995849609375,192.14141845703125,109.80841064453124,175.83770751953125,81.4693603515625,0.240234375,0.1611328125,3.8765869140625,0.42431640625,118.70281982421876,50.3043212890625,132.8460693359375,45.90570068359375,67.984375,55.01324462890625,10.7066650390625,7.1895751953125,1.48193359375,0.949462890625,17.10894775390625,15.10430908203125,182.49530029296875,102.28302001953124,145.4932861328125,57.69415283203125,4.51641845703125,3.025634765625,11.90277099609375,7.98980712890625,1.15740966796875,0.9583740234375,3.265625,2.515625,14.99298095703125,102.5677490234375,1227.2213745117188,41,4,9,0,9,12,3,0,0,0,4,8,0,0,193.04,195.58,238.0,0.39111328125,0.53125,0.600048828125,0.487939453125,0.5586181640625,0.032744140625,0.0,0.5,0.0,0.0,59.60302734375,34.412109375,35.361328125,15.55029296875,78.10986328125,50.60791015625,36.833984375,16.94775390625,1.61279296875,0.923828125,0.3330078125,0.03955078125,53.3876953125,29.2587890625,23.96484375,8.84912109375,3.57275390625,2.53564453125,7.90234375,3.93896484375,2.642578125,2.61767578125,3.494140625,2.76220703125,38.90087890625,18.70068359375,32.82568359375,13.833984375,7.228515625,4.5390625,2.34228515625,1.556640625,13.4736328125,11.17236328125,0.193359375,0.15966796875,80.57470703125,5.6171875,327.38427734375,28,2,3,0,4,10,2,0,0,0,3,7,0,0,193.04,203.2,240.0,33.0,34.0,0,0,0,0,1,0,0,0,0,0,0,0,0,0,0,1,0,0,0,0,1,0,0,0
Blue,False,0.0,0.0,0.3612499999999999,0.49,0.3875,0.14375,3.125,0.0,0.0,0.25,127.125,43.25,71.25,33.875,146.25,60.375,84.625,46.25,5.5,2.125,2.25,1.25,109.5,32.0,56.75,24.875,6.625,3.875,6.5,3.25,11.0,7.375,8.0,5.75,115.875,34.375,66.875,30.875,1.875,0.75,0.625,0.0,9.375,8.125,3.75,3.0,181.0,138.375,730.5,11,0,0,1,3,3,1,0,0,1,1,0,1,0,177.8,180.34,145.0,0.03125,0.0625,0.5478125,0.470859375,0.38796875,0.09828125,1.2421875,0.0390625,0.0390625,0.0546875,39.8125,16.2421875,46.515625,29.8125,46.9140625,22.3671875,80.65625,60.5859375,2.1171875,1.1953125,1.46875,0.921875,37.09375,14.6796875,34.2265625,18.9375,2.6640625,1.5078125,7.2109375,5.953125,0.0546875,0.0546875,5.078125,4.921875,31.171875,11.1640625,26.375,11.9921875,5.8203125,3.2734375,5.9921875,5.34375,2.8203125,1.8046875,14.1484375,12.4765625,176.21875,81.7890625,394.7734375,17,0,0,1,4,6,2,0,0,0,1,1,4,0,180.34,182.88,145.0,24.0,32.0,0,0,1,0,0,0,0,0,0,0,0,0,0,0,0,1,0,0,0,0,1,0,0,0
Red,False,0.015625,0.0,0.45,0.4275,0.25,0.2,0.148468017578125,0.098388671875,0.0,0.0,66.5,29.6875,64.31230545043945,27.34375,89.75,48.0,85.53125,44.41152191162109,2.0,0.75,2.0546875,0.75,51.1875,18.3359375,49.6123046875,16.280410766601562,7.5,5.07647705078125,7.5,5.0,4.5,3.625,4.984375,3.9375,48.6875,17.0,47.11572265625,16.5,5.75,3.75,5.3125,3.4375,5.0625,3.5,3.875,2.5,99.2119140625,94.125,638.5,0,0,0,0,0,0,0,0,0,0,0,0,0,0,180.34,193.04,205.0,0.0,0.5,0.3299999999999999,0.4599999999999999,0.0,0.0,0.0,0.0,0.0,0.0,114.5,39.5,151.5,72.5,115.0,40.0,152.5,73.5,0.0,0.0,0.5,0.0,81.0,16.0,143.0,67.5,14.5,8.0,7.5,4.0,19.0,15.5,1.0,1.0,113.5,39.0,146.5,69.5,1.0,0.5,4.0,2.0,0.0,0.0,1.0,1.0,0.0,1.0,680.5,5,0,0,2,0,0,2,0,0,0,0,0,0,0,193.04,198.12,250.0,35.0,27.0,0,0,0,0,1,0,0,0,0,0,0,0,0,0,0,1,0,0,0,0,1,0,0,0
Red,False,0.625,0.0,0.4525,0.255625,0.3053125,0.3440625,0.21875,0.0,0.0625,0.0,158.84375,66.6875,73.53125,22.3125,165.96875,72.375,85.53125,31.125,1.53125,0.71875,1.15625,0.59375,121.5,36.96875,63.8125,16.46875,19.1875,14.125,5.21875,3.46875,18.15625,15.59375,4.5,2.375,127.15625,50.0,67.625,18.9375,6.75,4.65625,3.375,2.0,24.9375,12.03125,2.53125,1.375,56.875,79.96875,703.875,18,1,6,0,6,6,0,0,0,2,2,2,0,0,180.34,180.34,145.0,0.12744140625,0.501220703125,0.4320292091369629,0.2877951431274413,0.2359325504302978,0.0011176490783691,1.0669403076171875,0.5129508972167969,0.5001230239868164,0.0,135.9029426574707,52.00835609436035,138.75377559661865,42.14804458618164,147.47684574127197,62.0730447769165,145.13782501220703,48.42201900482178,11.256381034851074,3.1116294860839844,0.2275419235229492,0.0020971298217773,109.76416397094728,32.861050605773926,125.25529479980467,32.35309028625488,14.236763954162598,9.048575401306152,7.523645401000977,4.900846481323242,11.90201473236084,10.098730087280272,5.974835395812988,4.894107818603516,121.09843635559082,41.86580753326416,132.67857933044434,37.5328950881958,6.513650894165039,4.566170692443848,5.416360855102539,3.9948959350585938,8.290855407714844,5.576377868652344,0.6588354110717773,0.6202535629272461,200.27876377105716,19.383387565612797,1015.8950529098512,77,8,3,0,5,15,6,0,0,0,9,4,2,0,167.64,172.72,135.0,24.0,35.0,0,0,1,0,0,0,0,0,0,0,0,0,0,0,0,1,0,0,0,0,1,0,0,0
Red,True,0.015625,0.5,0.5211523437500001,0.43189453125,0.580625,0.067265625,0.330078125,0.119140625,0.0,0.0,202.302734375,90.171875,130.01953125,54.98046875,225.31640625,109.642578125,140.38671875,64.599609375,2.732421875,1.8671875,1.166015625,0.140625,156.703125,59.7890625,99.173828125,36.029296875,42.09765625,27.443359375,26.208984375,14.98046875,3.501953125,2.939453125,4.63671875,3.970703125,127.65234375,49.5,92.205078125,33.849609375,68.3515625,36.4921875,33.357421875,18.62890625,6.298828125,4.1796875,4.45703125,2.501953125,138.576171875,20.01953125,654.736328125,21,0,0,1,3,7,3,0,0,1,3,1,2,0,154.94,157.48,115.0,0.015625,0.25,0.49140625,0.28765625,0.625,0.109375,0.0,0.015625,0.0,0.0,338.234375,167.84375,196.109375,56.015625,352.9375,180.8125,217.046875,75.203125,1.0,0.75,6.0625,1.28125,212.0625,78.9375,169.078125,42.5625,61.03125,39.203125,18.9375,9.90625,65.140625,49.703125,8.09375,3.546875,287.21875,132.71875,174.5625,42.8125,49.6875,34.046875,18.515625,10.71875,1.328125,1.078125,3.03125,2.484375,159.3125,279.96875,1411.90625,26,5,7,0,7,7,0,0,0,1,4,2,0,0,167.64,165.1,115.0,25.0,29.0,0,0,0,0,0,0,0,0,0,0,0,0,0,1,0,1,0,0,0,0,1,0,0,0
Blue,False,0.0,0.0625,0.448125,0.38375,0.125,0.796875,0.25,0.5,0.25,0.25,66.4375,27.0625,65.375,28.6875,87.25,45.75,90.9375,51.0,0.75,0.25,3.625,3.4375,51.8125,17.5,56.4375,22.5,6.8125,4.0,5.375,3.0,7.8125,5.5625,3.5625,3.1875,50.125,15.8125,51.75,21.0,9.8125,5.9375,9.4375,5.3125,6.5,5.3125,4.1875,2.375,39.0625,268.625,650.5,11,0,0,2,2,2,3,0,0,0,0,1,1,0,170.18,170.18,125.0,0.0,0.0,0.37,0.44,0.0,1.0,0.0,0.0,0.0,0.0,189.0,70.0,248.0,111.0,210.0,88.0,263.0,121.0,3.0,0.0,4.0,4.0,152.0,35.0,229.0,95.0,13.0,11.0,19.0,16.0,24.0,24.0,0.0,0.0,180.0,63.0,233.0,101.0,9.0,7.0,14.0,9.0,0.0,0.0,1.0,1.0,47.0,156.0,900.0,3,0,0,1,0,0,1,0,0,0,0,0,0,0,160.02,160.02,115.0,30.0,35.0,0,0,0,0,0,0,0,0,0,0,0,0,0,1,0,1,0,0,0,0,1,0,0,0
Blue,False,0.0,0.0,0.0,0.33,1.0,0.0,1.0,0.0,0.0,1.0,4.0,0.0,6.0,2.0,4.0,0.0,15.0,11.0,1.0,1.0,0.0,0.0,4.0,0.0,6.0,2.0,0.0,0.0,0.0,0.0,0.0,0.0,0.0,0.0,4.0,0.0,4.0,0.0,0.0,0.0,2.0,2.0,0.0,0.0,0.0,0.0,29.0,21.0,67.0,1,0,1,0,1,1,0,0,0,0,0,0,1,0,180.34,177.8,205.0,1.0,0.0,0.415,0.485,0.0,0.0,0.0,0.5,0.0,0.5,109.5,45.5,65.0,33.0,188.0,117.5,75.0,42.0,0.5,0.0,0.0,0.0,94.0,33.0,38.0,11.5,11.0,9.5,19.5,15.5,4.5,3.0,7.5,6.0,75.0,23.5,48.0,21.0,19.5,13.0,13.5,10.5,15.0,9.0,3.5,1.5,250.0,119.5,654.0,5,0,0,1,1,1,1,0,0,0,0,1,0,0,190.5,193.04,205.0,30.0,38.0,0,0,0,0,0,1,0,0,0,0,0,0,0,0,0,1,0,0,0,0,1,0,0,0
Red,False,0.75,0.0,0.3425,0.305,0.0,0.5175000000000001,0.0,0.0,0.0,0.0,165.5,61.25,123.75,39.25,178.5,74.0,142.5,56.0,0.0,0.0,3.25,1.75,130.5,37.25,108.5,28.75,25.0,17.0,8.5,4.25,10.0,7.0,6.75,6.25,147.0,48.25,113.0,32.75,7.0,4.0,8.75,5.5,11.5,9.0,2.0,1.0,98.0,72.0,683.5,7,0,3,0,3,3,0,0,0,1,0,2,0,0,180.34,180.34,155.0,0.015625,0.5625,0.3653125,0.39390625,0.25,0.1953125,1.578125,0.0,0.046875,0.0,71.953125,29.578125,56.296875,24.328125,80.703125,38.328125,62.40625,30.03125,1.078125,0.5,4.59375,1.140625,57.015625,20.109375,46.4375,16.84375,11.546875,6.578125,5.84375,3.984375,3.390625,2.890625,4.015625,3.5,68.21875,26.3125,44.265625,16.421875,3.203125,2.765625,4.96875,2.96875,0.53125,0.5,7.0625,4.9375,83.65625,137.375,562.40625,15,0,5,0,5,6,1,0,0,0,3,0,3,0,190.5,193.04,155.0,32.0,30.0,0,0,0,0,0,0,1,0,0,0,0,0,0,0,0,1,0,0,0,0,1,0,0,0
Blue,False,0.0,0.0,0.495,0.2725,0.4549999999999999,0.0825,0.0,0.0,0.0,0.0,122.5,59.25,97.25,27.25,212.75,121.75,107.25,34.75,10.5,5.0,0.75,0.25,87.75,30.0,83.75,17.25,16.25,11.75,5.25,3.5,18.5,17.5,8.25,6.5,95.25,42.75,91.0,23.0,7.0,5.0,5.75,3.75,20.25,11.5,0.5,0.5,382.5,6.75,900.0,9,1,1,0,1,2,1,0,0,0,2,0,0,0,170.18,177.8,145.0,0.5,0.25,0.41125,0.31875,0.0,0.34875,1.25,0.0,0.0,0.0,77.875,32.625,69.75,20.0,83.875,38.375,75.375,24.625,0.0,0.0,2.625,1.125,53.5,14.75,59.5,12.25,10.875,6.875,5.5,3.75,13.5,11.0,4.75,4.0,70.75,27.5,64.125,17.5,3.0,1.625,3.875,1.5,4.125,3.5,1.75,1.0,18.75,83.5,429.5,9,0,2,0,2,3,1,0,0,0,1,0,2,0,172.72,180.34,155.0,28.0,28.0,0,0,1,0,0,0,0,0,0,0,0,0,0,0,0,1,0,0,0,0,0,0,1,0
Red,False,0.26171875,0.0,0.45150390625,0.45982421875,0.0,0.2512890625,0.0625,0.0,0.0,0.0,93.677734375,42.6875,90.58984375,39.880859375,101.763671875,49.6171875,106.107421875,54.6796875,1.0,0.0,1.654296875,0.50390625,73.486328125,26.541015625,62.974609375,21.62890625,9.626953125,7.86328125,16.673828125,9.048828125,10.564453125,8.283203125,10.94140625,9.203125,82.529296875,35.572265625,82.67578125,35.462890625,7.671875,4.953125,7.8828125,4.40234375,3.4765625,2.162109375,0.03125,0.015625,78.66015625,84.95703125,793.2265625,19,0,0,1,4,7,3,0,0,0,2,4,1,0,187.96,190.5,205.0,0.0235748291015625,0.0312652587890625,0.38746337890625,0.4904203796386719,0.2068208312988281,0.250086669921875,0.819061279296875,9.1552734375e-05,0.0,0.5009765625,44.21684265136719,19.215850830078125,87.28240966796875,41.625030517578125,52.29179382324219,25.388214111328125,121.17057800292967,70.56568908691406,8.396759033203125,1.87017822265625,1.0164794921875,0.5006103515625,39.18305969238281,16.458450317382812,73.80262756347656,32.13508605957031,1.9573516845703125,0.6502685546875,7.490234375,4.155670166015625,3.0764312744140625,2.1071319580078125,5.989547729492188,5.334274291992188,31.037918090820312,9.5286865234375,59.13722229003906,22.025711059570312,6.4913177490234375,4.070587158203125,7.111236572265625,4.356903076171875,6.6876068115234375,5.6165771484375,21.033950805664062,15.242416381835938,278.5016326904297,279.15069580078125,879.56982421875,45,1,0,1,5,11,6,0,0,1,3,2,5,0,185.42,198.12,185.0,30.0,35.0,0,0,0,0,0,0,0,1,0,0,0,0,0,0,0,0,0,1,0,0,1,0,0,0
Blue,False,0.0,0.5,0.5449999999999999,0.385,0.69,0.5,1.0,0.0,0.0,0.0,77.0,31.0,53.0,15.0,95.5,49.5,59.0,21.0,7.0,3.0,1.0,0.5,65.0,21.0,46.0,13.5,5.5,3.5,5.5,1.5,6.5,6.5,1.5,0.0,63.5,22.5,46.5,11.0,8.0,4.5,3.0,1.0,5.5,4.0,3.5,3.0,193.5,16.5,521.5,4,0,2,0,2,2,0,0,0,1,0,0,1,0,170.18,177.8,125.0,0.0,0.0,0.421875,0.396953125,0.2769140625,0.3676953125,0.0625,1.07421875,1.5390625,0.5078125,80.07421875,34.1015625,55.81640625,23.0546875,162.109375,107.81640625,82.578125,45.921875,7.05078125,2.5078125,8.9375,3.5625,60.5703125,20.8515625,41.58203125,11.15625,15.32421875,10.26953125,10.46484375,8.99609375,4.1796875,2.98046875,3.76953125,2.90234375,49.38671875,12.703125,43.07421875,12.80859375,14.54296875,9.1015625,10.08984375,8.0390625,16.14453125,12.296875,2.65234375,2.20703125,345.3828125,264.75,891.98046875,27,0,1,0,2,5,4,0,0,3,0,2,0,0,165.1,165.1,125.0,23.0,28.0,0,0,0,1,0,0,0,0,0,0,0,0,0,0,0,1,0,0,0,0,1,0,0,0
Red,False,0.0,0.5,0.41625,0.40625,0.5,0.09375,0.0,0.125,0.0,0.0,124.125,57.375,118.125,47.125,132.5,64.375,152.75,77.125,0.75,0.5,3.5,0.5,86.0,28.5,82.0,23.125,13.125,9.375,22.125,11.0,25.0,19.5,14.0,13.0,116.125,51.875,109.0,41.0,5.375,3.375,5.25,3.0,2.625,2.125,3.875,3.125,96.0,104.125,900.0,12,1,0,2,2,2,2,0,0,0,2,0,0,0,175.26,165.1,145.0,0.26123046875,0.0,0.5322949218749999,0.3949365234374999,0.4626953125,0.187490234375,0.25048828125,0.25048828125,0.5,0.2578125,166.83642578125,89.1064453125,145.74951171875,60.671875,184.02490234375,103.578125,166.2275390625,78.94873046875,2.95556640625,1.26708984375,6.23486328125,1.521484375,124.443359375,58.70703125,123.60205078125,44.60791015625,27.7001953125,20.83544921875,15.65380859375,11.296875,14.69287109375,9.56396484375,6.49365234375,4.76708984375,135.6630859375,63.15185546875,122.474609375,45.23974609375,15.7509765625,13.46044921875,15.181640625,11.4296875,15.42236328125,12.494140625,8.09326171875,4.00244140625,129.41845703125,149.87060546875,920.6728515625,35,0,0,1,6,9,3,0,0,0,5,4,0,0,172.72,177.8,145.0,30.0,33.0,0,0,1,0,0,0,0,0,0,0,0,0,0,0,0,0,0,1,0,0,1,0,0,0
Red,False,1.29296875,0.078125,0.28109375,0.35388671875,0.00455078125,0.0628515625,0.0,0.0,0.0,0.0,82.69921875,24.744140625,80.82421875,28.466796875,86.115234375,28.16015625,86.873046875,33.390625,0.43359375,0.005859375,2.751953125,0.25390625,75.205078125,19.9765625,65.337890625,18.6953125,6.580078125,3.875,6.28125,1.72265625,0.9140625,0.892578125,9.205078125,8.048828125,76.427734375,21.203125,77.619140625,26.494140625,1.72265625,0.93359375,2.296875,1.38671875,4.548828125,2.607421875,0.908203125,0.5859375,7.599609375,30.458984375,435.6171875,23,1,0,2,2,5,5,0,0,1,0,4,0,0,170.18,175.26,135.0,0.330078125,0.0,0.57408203125,0.495,0.1166796875,0.040078125,0.0,0.0,0.0,0.0,126.517578125,65.712890625,193.0078125,61.904296875,134.412109375,73.107421875,204.44921875,72.330078125,3.65625,0.29296875,2.912109375,0.5390625,91.615234375,35.703125,134.197265625,32.65625,21.548828125,18.025390625,48.01953125,21.28515625,13.353515625,11.984375,10.791015625,7.962890625,116.5,58.595703125,176.16015625,52.849609375,8.87109375,6.41015625,16.80859375,9.03125,1.146484375,0.70703125,0.0390625,0.0234375,40.037109375,40.69921875,1041.6484375,28,3,3,0,3,7,3,0,0,0,2,4,0,1,160.02,167.64,135.0,32.0,32.0,1,0,0,0,0,0,0,0,0,0,0,0,0,0,0,1,0,0,0,0,1,0,0,0
Red,False,0.1875,0.0,0.4896875,0.2290625,0.0,0.25,0.25,0.3125,0.25,0.0,20.71875,11.21875,12.25,4.0,31.21875,20.8125,13.5,5.0,0.0,0.0,0.3125,0.25,15.40625,7.0625,10.3125,2.625,2.03125,1.375,0.875,0.8125,3.28125,2.78125,1.0625,0.5625,12.625,4.96875,11.125,3.03125,0.90625,0.875,0.8125,0.71875,7.1875,5.375,0.3125,0.25,40.15625,23.625,138.28125,6,0,2,0,2,4,2,0,0,0,0,3,1,0,185.42,190.5,253.0,0.0234375,0.25,0.3919189453125,0.54421875,0.202109375,0.098984375,0.0029296875,0.28515625,0.03125,0.0,133.28955078125,52.99951171875,126.97509765625,64.783203125,140.61181640625,59.29052734375,143.08984375,80.05224609375,3.001953125,0.5751953125,2.35302734375,0.58203125,111.505859375,39.48974609375,86.91015625,35.01904296875,18.13134765625,10.86865234375,19.1591796875,13.94482421875,3.65234375,2.64111328125,20.90576171875,15.8193359375,120.23193359375,44.77880859375,108.27978515625,51.02734375,9.93896484375,5.9892578125,14.23046875,10.095703125,3.11865234375,2.2314453125,4.46484375,3.66015625,99.2216796875,98.681640625,844.9541015625,30,1,4,0,4,7,5,0,1,0,1,4,1,0,190.5,203.2,205.0,31.0,34.0,0,0,0,0,0,1,0,0,0,0,0,0,0,0,0,1,0,0,0,0,0,0,1,0
Red,False,0.0079059600830078,0.284423828125,0.5148944342136383,0.4628178572654724,0.0618196809291839,0.0866152381896972,0.0510298609733581,0.5019992589950562,6.198883056640625e-06,3.063678741455078e-05,72.10901063680649,34.523625791072845,79.30528938770294,34.687945544719696,89.41284495592117,49.80278730392456,97.74073415994644,51.26271915435791,1.8738292455673216,0.330431580543518,1.604129433631897,0.2779872417449951,56.35304880142212,23.153335213661197,71.31651133298874,29.11009168624878,13.25236076116562,9.298833668231964,4.4935725927352905,2.541983723640442,2.50360107421875,2.0714569091796875,3.4952054619789124,3.035870134830475,54.55109465122223,19.751665771007534,64.52593106031418,24.96237790584564,2.244879722595215,1.481922626495361,9.01271790266037,6.537982940673828,15.313036262989044,13.290037393569946,5.7666404247283936,3.187584698200226,310.56208485364914,37.5033170580864,696.5494394898415,68,2,6,0,6,16,9,0,0,3,8,5,0,0,177.8,182.88,170.0,0.578125,0.0,0.3720703125,0.4162109375,0.119609375,0.0057421875,0.078125,0.06640625,0.0,0.0,145.23046875,54.1171875,129.9765625,57.1484375,147.10546875,55.859375,132.44140625,59.5390625,5.5,0.3125,0.91796875,0.04296875,112.15625,28.98828125,114.60546875,44.56640625,15.8125,9.3828125,7.48046875,6.03515625,17.26171875,15.74609375,7.890625,6.546875,138.515625,50.40625,121.84765625,53.94140625,4.3359375,2.33984375,3.35546875,0.52734375,2.37890625,1.37109375,4.7734375,2.6796875,21.47265625,19.80078125,711.41796875,22,1,0,1,4,7,2,0,0,1,3,3,0,0,177.8,177.8,155.0,35.0,29.0,0,0,0,0,0,0,1,0,0,0,0,0,0,0,0,0,0,1,0,0,1,0,0,0
Blue,False,0.0625,0.0,0.374375,0.4468749999999999,0.29,0.155,0.375,0.25,0.0,0.0,84.6875,34.125,69.1875,25.75,101.375,49.625,91.5,44.4375,1.625,0.625,2.6875,1.25,56.625,12.9375,39.5625,7.3125,12.5625,8.0,24.3125,13.375,15.5,13.1875,5.3125,5.0625,77.0625,30.0,65.5,23.6875,4.8125,1.75,2.125,1.0625,2.8125,2.375,1.5625,1.0,137.0,198.8125,821.5625,12,0,3,0,3,4,1,0,0,1,1,2,0,0,177.8,177.8,155.0,0.1250612735748291,0.020263671875,0.3938987517356873,0.3898575592041016,0.4750570940971375,0.5309207344055176,0.7614669799804688,0.00250244140625,0.0137064456939697,0.0009808540344238,79.35599994659424,30.282322645187374,104.69373083114624,42.12540149688721,103.37308931350708,53.29493141174317,117.61214065551758,52.57110643386841,2.312196016311645,1.3096442222595217,3.5267105102539062,2.591894149780273,73.48328852653503,26.37103796005249,87.92651557922363,30.61424231529236,4.975722551345825,3.516249895095825,13.530715465545654,9.311085939407349,0.8969888687133789,0.3950347900390625,3.236499786376953,2.2000732421875,60.749767541885376,16.35786461830139,85.9631175994873,33.3060028553009,13.293296098709106,10.140382051467896,16.10731554031372,7.756027698516846,5.312936305999756,3.784075975418091,2.623297691345215,1.063370943069458,149.9239785671234,256.3248064517975,764.9126818180084,46,0,3,0,3,14,9,0,0,1,1,4,7,1,177.8,180.34,155.0,27.0,32.0,0,0,0,0,0,0,1,0,0,0,0,0,0,0,0,0,0,1,0,0,1,0,0,0
Blue,False,1.0,0.5,0.4649999999999999,0.405,0.0,0.2,0.0,0.0,0.0,0.0,111.0,48.75,133.5,56.75,119.25,56.75,133.5,56.75,0.0,0.0,3.5,1.0,93.25,35.75,91.25,27.25,9.25,4.5,21.25,9.5,8.5,8.5,21.0,20.0,89.75,35.75,130.25,54.75,10.5,4.75,1.75,1.0,10.75,8.25,1.5,1.0,47.5,33.0,724.5,7,0,2,0,2,2,1,0,0,0,0,2,0,0,177.8,180.34,170.0,0.5653915405273438,0.13330078125,0.407011489868164,0.5530502319335937,0.022723159790039,0.0334413146972656,0.0312728881835937,0.015716552734375,2.288818359375e-05,0.0234832763671875,40.5140380859375,15.815818786621094,58.01466369628906,33.00120544433594,45.05658721923828,19.92890167236328,63.50164794921875,37.76587677001953,1.1195068359375,0.0378646850585937,0.7959671020507812,0.1093826293945312,34.799102783203125,12.0848388671875,41.69670867919922,20.042007446289062,2.859725952148437,1.946449279785156,9.311447143554688,6.97369384765625,2.855209350585937,1.7845306396484375,7.006507873535156,5.985504150390625,30.95128631591797,9.61884307861328,42.57958984375,21.41778564453125,4.7628936767578125,2.6655731201171875,11.034812927246094,7.972869873046875,4.799858093261719,3.531402587890625,4.400260925292969,3.610549926757813,20.1353759765625,42.89949035644531,311.6474609375,37,0,0,1,6,10,8,0,0,1,2,5,1,1,175.26,180.34,170.0,25.0,32.0,0,0,0,0,0,0,0,0,0,1,0,0,0,0,0,1,0,0,0,0,1,0,0,0
Red,False,0.0,1.0,0.42,0.78,0.0,1.0,0.0,1.0,0.0,0.0,33.0,14.0,33.0,26.0,44.0,25.0,40.0,32.0,0.0,0.0,1.0,1.0,28.0,9.0,27.0,20.0,1.0,1.0,5.0,5.0,4.0,4.0,1.0,1.0,33.0,14.0,19.0,12.0,0.0,0.0,1.0,1.0,0.0,0.0,13.0,13.0,0.0,130.0,227.0,1,0,0,1,0,0,1,0,0,0,0,0,0,0,172.72,177.8,125.0,0.0,0.0,0.435,0.375,0.08,0.3,1.0,0.5,0.5,0.0,40.0,19.0,47.5,13.0,46.0,25.0,52.0,17.0,6.0,1.0,6.5,1.5,27.5,8.5,34.5,4.0,10.0,8.0,7.5,4.5,2.5,2.5,5.5,4.5,27.0,12.5,43.5,11.0,12.5,6.5,4.0,2.0,0.5,0.0,0.0,0.0,83.5,36.5,504.5,4,0,0,1,1,1,1,0,0,0,1,0,0,0,157.48000000000002,162.56,125.0,27.0,30.0,0,0,0,1,0,0,0,0,0,0,0,0,0,0,0,1,0,0,0,0,1,0,0,0
Blue,False,0.0,0.0,0.215,0.18,0.5,0.0,0.0,0.0,0.0,0.0,132.0,31.0,177.0,24.0,132.0,31.0,177.5,24.5,1.5,0.5,0.5,0.0,117.0,22.0,165.5,18.5,5.5,2.5,8.0,3.5,9.5,6.5,3.5,2.0,132.0,31.0,177.0,24.0,0.0,0.0,0.0,0.0,0.0,0.0,0.0,0.0,0.5,4.0,900.0,6,0,0,1,1,1,1,0,0,1,0,0,0,0,152.4,152.4,115.0,0.0,0.0,0.3125,0.5700000000000001,0.125,0.125,0.0,0.0,0.25,0.0,92.0,29.5,179.0,103.75,110.25,44.5,195.75,118.5,7.75,1.0,0.5,0.25,69.75,17.75,146.5,76.25,18.0,8.75,22.75,18.0,4.25,3.0,9.75,9.5,79.0,20.25,133.0,73.5,8.0,5.75,40.0,25.75,5.0,3.5,6.0,4.5,138.75,77.0,678.5,8,1,1,0,1,1,2,0,0,1,0,0,0,0,165.1,170.18,115.0,27.0,34.0,0,0,0,0,0,0,0,0,0,0,0,0,0,1,0,1,0,0,0,0,1,0,0,0
Red,False,0.0,0.0,0.51,0.76,0.0,0.83,0.0,1.0,0.0,0.0,31.0,16.0,50.0,38.0,65.0,42.0,97.0,80.0,1.0,0.0,6.0,5.0,22.0,10.0,43.0,32.0,3.0,1.0,5.0,5.0,6.0,5.0,2.0,1.0,27.0,14.0,19.0,10.0,1.0,0.0,2.0,2.0,3.0,2.0,29.0,26.0,32.0,438.0,557.0,2,0,0,1,0,0,1,0,0,0,0,0,0,0,185.42,185.42,155.0,0.25,0.0,0.445,0.42875,0.71625,0.40125,0.375,0.5,0.25,0.5,140.125,59.375,128.25,58.875,186.5,99.875,149.0,76.625,3.75,2.625,10.0,4.875,113.75,42.0,104.25,37.5,22.625,14.0,17.75,15.25,3.75,3.375,6.25,6.125,102.375,34.875,93.5,33.5,29.375,18.625,29.0,21.375,8.375,5.875,5.75,4.0,254.375,217.625,882.5,12,0,1,0,1,2,2,0,0,0,1,0,1,0,175.26,175.26,155.0,31.0,33.0,0,0,0,0,0,0,1,0,0,0,0,0,0,0,0,1,0,0,0,0,1,0,0,0
Red,False,0.015625,0.0,0.45,0.4275,0.25,0.2,0.148468017578125,0.098388671875,0.0,0.0,66.5,29.6875,64.31230545043945,27.34375,89.75,48.0,85.53125,44.41152191162109,2.0,0.75,2.0546875,0.75,51.1875,18.3359375,49.6123046875,16.280410766601562,7.5,5.07647705078125,7.5,5.0,4.5,3.625,4.984375,3.9375,48.6875,17.0,47.11572265625,16.5,5.75,3.75,5.3125,3.4375,5.0625,3.5,3.875,2.5,99.2119140625,94.125,638.5,0,0,0,0,0,0,0,0,0,0,0,0,0,0,170.18,170.18,135.0,0.0,0.0,0.5428124999999999,0.4828125,0.155,0.671875,0.84375,0.5,0.0625,0.03125,54.6875,25.5,64.0,30.34375,84.09375,51.9375,77.65625,43.1875,1.0625,0.40625,1.21875,1.1875,42.3125,16.53125,50.125,20.4375,4.65625,3.09375,5.0625,3.40625,7.71875,5.875,8.8125,6.5,44.78125,17.40625,53.15625,20.71875,3.96875,2.375,4.125,3.4375,5.9375,5.71875,6.71875,6.1875,234.53125,38.46875,472.25,14,1,3,0,3,4,2,0,0,1,2,0,1,0,167.64,172.72,135.0,32.0,32.0,0,0,0,0,0,0,0,0,0,0,1,0,0,0,0,1,0,0,0,0,1,0,0,0
Red,False,0.078125,0.640625,0.52078125,0.51265625,0.0,0.1759375,0.84375,0.15625,0.0,0.0,68.0,27.265625,75.28125,31.84375,69.359375,28.453125,81.296875,37.46875,0.0,0.0,1.46875,0.609375,53.390625,15.671875,58.4375,21.484375,6.796875,5.359375,11.328125,6.9375,7.8125,6.234375,5.515625,3.421875,61.53125,22.84375,60.5625,20.765625,5.890625,4.0,11.15625,8.046875,0.578125,0.421875,3.5625,3.03125,11.09375,54.953125,391.859375,14,0,1,0,2,4,3,0,0,0,1,2,1,0,177.8,182.88,155.0,0.0625,0.0,0.435625,0.515,0.145625,0.4125,0.125,0.25,0.0,0.0,139.5,63.5625,124.625,66.75,191.6875,112.1875,140.4375,79.3125,0.5625,0.1875,10.0,6.3125,114.75,43.75,100.5,46.4375,9.4375,6.125,17.875,14.4375,15.3125,13.6875,6.25,5.875,114.3125,46.875,109.5625,54.125,20.0625,12.25,11.25,8.875,5.125,4.4375,3.8125,3.75,87.0,322.0,842.25,14,0,1,0,2,3,2,0,0,0,1,1,1,0,182.88,182.88,170.0,31.0,27.0,0,0,0,0,0,0,0,0,0,1,0,0,0,0,0,1,0,0,0,0,0,0,1,0
Red,True,0.0,0.1171875,0.420859375,0.342421875,0.5628125,0.07515625,1.296875,0.0,0.0703125,1.2734375,67.1171875,26.9375,78.390625,26.2421875,91.71875,46.4375,104.1171875,48.859375,9.5703125,5.1015625,1.5859375,0.390625,53.8515625,16.265625,66.71875,18.984375,5.671875,3.921875,9.3515625,6.1484375,7.59375,6.75,2.3203125,1.109375,55.703125,18.9921875,68.1171875,19.8671875,4.1640625,2.609375,3.984375,2.015625,7.25,5.3359375,6.2890625,4.359375,362.6484375,45.859375,680.625,20,0,1,0,3,6,2,0,0,0,4,0,2,0,162.56,165.1,125.0,0.25830078125,0.001953125,0.5325286865234375,0.3779296875,0.4684069824218749,0.807734375,1.63671875,1.00225830078125,0.50030517578125,0.0001220703125,72.14520263671875,38.00958251953125,59.488525390625,23.7996826171875,121.83544921875,86.52606201171875,117.87677001953124,76.283203125,6.6943359375,3.96978759765625,3.20050048828125,2.477294921875,46.542236328125,20.41815185546875,35.42962646484375,11.19622802734375,14.80120849609375,10.3148193359375,17.34918212890625,9.30810546875,10.8017578125,7.276611328125,6.709716796875,3.29534912109375,48.455078125,20.8887939453125,45.33074951171875,13.96551513671875,16.28759765625,11.43408203125,13.10986328125,9.303955078125,7.40252685546875,5.68670654296875,1.04791259765625,0.53021240234375,606.18310546875,151.9793701171875,1122.8115234375,56,11,2,0,11,13,2,0,0,1,7,2,3,0,160.02,167.64,125.0,32.0,30.0,0,0,0,1,0,0,0,0,0,0,0,0,0,0,0,0,0,1,0,0,1,0,0,0
Blue,False,0.015625,0.0,0.46046875,0.48578125,0.8203125,0.5134375,1.1875,1.625,0.0,0.890625,75.84375,33.171875,57.09375,25.75,163.984375,113.53125,98.484375,65.984375,3.609375,3.046875,6.578125,4.09375,54.390625,22.03125,42.859375,15.78125,15.453125,7.78125,6.359375,4.21875,6.0,3.359375,7.875,5.75,53.203125,17.71875,42.421875,15.40625,12.796875,9.0625,6.21875,3.25,9.84375,6.390625,8.453125,7.09375,165.21875,665.140625,1118.5,21,1,0,1,2,2,5,0,0,0,2,0,0,0,170.18,167.64,125.0,0.015625,0.03125,0.408125,0.57203125,0.33984375,0.5559375,1.6640625,1.265625,0.546875,0.328125,50.75,23.5,31.2890625,16.78125,67.671875,39.2265625,46.3671875,30.0390625,2.0546875,0.8359375,4.96875,2.6171875,44.3125,20.3125,24.28125,11.3046875,6.1015625,2.859375,5.8828125,4.4453125,0.3359375,0.328125,1.125,1.03125,29.4453125,7.828125,16.9765625,5.6953125,2.3515625,1.65625,3.953125,3.0859375,18.953125,14.015625,10.359375,8.0,118.6875,385.1328125,644.53125,20,0,1,0,4,5,3,0,0,0,2,2,1,0,175.26,172.72,135.0,30.0,25.0,0,0,0,1,0,0,0,0,0,0,0,0,0,0,0,0,0,1,0,0,1,0,0,0
Blue,False,0.630859375,0.009765625,0.53208984375,0.43890625,0.095703125,0.000859375,0.0,0.001953125,0.0,0.15625,99.833984375,50.9140625,73.953125,33.171875,107.5078125,58.384765625,79.09375,38.259765625,0.330078125,0.173828125,2.802734375,0.005859375,80.873046875,35.548828125,56.953125,21.642578125,5.623046875,4.591796875,6.798828125,3.1171875,13.337890625,10.7734375,10.201171875,8.412109375,82.314453125,39.14453125,63.49609375,26.875,8.4921875,5.67578125,9.984375,6.01953125,9.02734375,6.09375,0.47265625,0.27734375,46.2265625,44.95703125,500.548828125,23,1,2,0,6,8,2,0,0,0,4,4,0,0,182.88,185.42,185.0,0.0078125,0.125,0.5090625,0.6150781249999999,0.435390625,0.0,0.6484375,0.0,0.0078125,0.015625,32.796875,18.90625,21.6796875,11.3359375,46.8125,29.8359375,26.703125,15.8984375,3.09375,1.1015625,0.140625,0.0,26.5859375,15.0078125,17.2578125,7.46875,5.546875,3.234375,1.2109375,0.9375,0.6640625,0.6640625,3.2109375,2.9296875,15.6640625,6.4921875,15.0390625,7.359375,2.9375,1.2890625,0.765625,0.4765625,14.1953125,11.125,5.875,3.5,139.3359375,15.9765625,346.3125,14,0,5,0,5,7,1,0,0,0,1,2,4,0,185.42,182.88,185.0,26.0,37.0,0,0,0,0,0,0,0,1,0,0,0,0,0,0,0,1,0,0,0,0,1,0,0,0
Blue,False,0.015625,0.0,0.45,0.4275,0.25,0.2,0.148468017578125,0.098388671875,0.0,0.0,66.5,29.6875,64.31230545043945,27.34375,89.75,48.0,85.53125,44.41152191162109,2.0,0.75,2.0546875,0.75,51.1875,18.3359375,49.6123046875,16.280410766601562,7.5,5.07647705078125,7.5,5.0,4.5,3.625,4.984375,3.9375,48.6875,17.0,47.11572265625,16.5,5.75,3.75,5.3125,3.4375,5.0625,3.5,3.875,2.5,99.2119140625,94.125,638.5,0,0,0,0,0,0,0,0,0,0,0,0,0,0,170.18,172.72,135.0,0.5,0.5,0.45,0.19,0.33,0.0,0.5,0.0,0.0,0.0,19.5,8.0,25.0,9.5,20.5,8.5,25.5,9.5,1.5,1.0,0.5,0.0,12.0,4.0,23.0,8.0,3.0,1.0,1.5,1.0,4.5,3.0,0.5,0.5,15.5,6.5,15.5,4.0,3.0,1.5,9.5,5.5,1.0,0.0,0.0,0.0,19.0,3.0,217.0,3,0,0,1,1,1,1,0,0,0,0,0,1,0,172.72,185.42,135.0,23.0,35.0,1,0,0,0,0,0,0,0,0,0,0,0,0,0,0,1,0,0,0,0,1,0,0,0
Red,False,0.0,0.0,0.74,0.37,1.0,0.5,3.0,0.5,0.0,0.0,38.5,29.5,18.0,6.5,69.0,57.5,26.0,14.0,2.0,2.0,1.0,0.5,23.0,15.5,11.5,2.0,10.0,9.0,3.5,2.0,5.5,5.0,3.0,2.5,24.0,17.5,16.0,5.0,5.5,5.5,2.0,1.5,9.0,6.5,0.0,0.0,112.0,237.5,479.5,4,0,2,0,2,2,0,0,0,0,0,0,2,0,160.02,157.48,115.0,0.0,0.0,0.431875,0.3825,0.473125,0.044375,0.5625,0.0625,0.0,0.0,130.5625,56.1875,164.5,61.875,141.0625,64.6875,210.25,101.5625,5.5,2.625,0.9375,0.3125,108.5625,39.875,120.8125,30.0,15.6875,10.8125,26.125,18.75,6.3125,5.5,17.5625,13.125,106.3125,40.6875,123.75,33.0,15.75,9.5,33.0,23.875,8.5,6.0,7.75,5.0,224.0625,103.0625,896.4375,15,1,0,1,3,3,2,0,0,0,1,0,2,0,165.1,165.1,115.0,31.0,24.0,0,0,0,0,0,0,0,0,0,0,0,0,0,1,0,1,0,0,0,0,1,0,0,0
Blue,False,0.0,0.0,0.385,0.38,0.25,0.185,0.5,0.0,0.0,0.0,120.0,46.0,88.0,31.0,125.0,51.0,89.5,32.5,1.0,0.5,4.0,1.5,95.5,27.0,66.0,15.5,9.0,4.5,10.0,5.5,15.5,14.5,12.0,10.0,116.0,43.5,85.0,29.5,2.0,1.0,0.5,0.0,2.0,1.5,2.5,1.5,18.0,57.0,705.0,5,0,2,0,2,2,0,0,0,1,0,0,1,0,180.34,182.88,155.0,0.6290295124053955,0.0009918212890625,0.3326444876194,0.4643339991569519,0.013084168434143,0.374106924533844,0.5024428367614746,1.127112627029419,0.0002484321594238,0.5000027418136597,131.67668211460114,41.47838795185089,96.68862867355348,43.04623687267304,142.6565842628479,52.14139032363892,107.84894728660583,53.5578989982605,2.0331006050109863,0.0522952079772949,10.044053077697754,3.252102494239807,110.8366321325302,26.112449645996094,77.44743275642395,29.77805197238922,7.989293813705444,5.828348398208618,12.00934600830078,7.586187124252319,12.85075616836548,9.53758990764618,7.231849908828735,5.681997776031494,121.4558607339859,34.15332508087158,85.02412104606628,35.108365297317505,8.308240413665771,5.78829288482666,6.316437721252441,4.3107781410217285,1.912580966949463,1.536769986152649,5.348069906234741,3.627093434333801,71.20994746685028,237.2251569032669,888.4837527275085,65,0,0,1,3,12,12,0,0,1,5,5,0,1,175.26,180.34,145.0,27.0,30.0,0,0,1,0,0,0,0,0,0,0,0,0,0,0,0,1,0,0,0,0,1,0,0,0
Blue,False,0.8125,0.0,0.53125,0.446875,0.5625,0.1075,0.0625,0.0625,0.0,0.0,110.0,58.6875,103.125,47.4375,142.5,84.375,111.8125,55.0,1.75,1.125,4.5,0.5625,76.4375,35.375,57.3125,16.125,24.75,15.5625,29.3125,17.875,8.8125,7.75,16.5,13.4375,90.875,45.5625,75.1875,28.625,13.75,10.125,27.4375,18.8125,5.375,3.0,0.5,0.0,117.0,185.625,899.625,15,0,4,0,4,4,1,0,0,0,3,1,0,0,175.26,177.8,155.0,0.03125,1.0,0.4421875,0.4459375,0.0625,0.0240625,0.03125,0.0,0.0625,0.0,79.0,35.1875,99.03125,41.6875,81.375,37.46875,102.9375,44.71875,1.15625,0.21875,1.5625,0.25,56.21875,20.96875,76.625,28.25,12.84375,7.53125,11.09375,4.53125,9.9375,6.6875,11.3125,8.90625,74.5625,32.40625,84.90625,33.9375,3.15625,1.78125,8.96875,3.71875,1.28125,1.0,5.15625,4.03125,24.90625,32.46875,514.46875,14,0,4,0,4,4,2,0,0,1,1,1,1,0,177.8,180.34,155.0,32.0,30.0,0,0,0,0,0,0,1,0,0,0,0,0,0,0,0,1,0,0,0,0,1,0,0,0
Red,False,0.5485992431640625,0.0156402587890625,0.4178884887695313,0.4619046783447266,0.2025648498535156,0.0026086425781249,0.0001220703125,0.0,0.0,0.0,64.2337646484375,29.31119537353516,81.86087799072266,39.42976379394531,84.97827911376953,47.86592102050781,96.88910675048828,53.82876586914063,3.971466064453125,2.0157546997070312,1.348114013671875,0.0138702392578125,54.84893798828125,21.17615509033203,58.26311492919922,20.228790283203125,4.3387603759765625,3.358627319335937,16.0672607421875,11.987014770507812,5.046066284179688,4.776412963867188,7.5305023193359375,7.213958740234375,50.28653717041016,18.510955810546875,64.7486801147461,26.221290588378903,10.93450927734375,8.100723266601562,17.063034057617188,13.163230895996094,3.0127182006835938,2.6995162963867188,0.049163818359375,0.0452423095703125,222.3706512451172,42.58966064453125,749.2584228515625,42,1,2,0,3,9,9,0,0,0,1,8,0,0,182.88,185.42,263.0,0.0,1.0,0.53,0.46,0.5,0.12,0.0,0.0,0.0,0.0,84.0,45.0,93.0,43.0,141.0,91.0,116.0,62.0,2.0,1.0,8.0,1.0,71.0,35.0,83.0,36.0,12.0,9.0,7.0,5.0,1.0,1.0,3.0,2.0,68.0,31.0,53.0,13.0,16.0,14.0,10.0,8.0,0.0,0.0,30.0,22.0,225.0,273.0,900.0,3,0,1,0,1,1,0,0,0,1,0,0,0,0,200.66,203.2,250.0,40.0,28.0,0,0,0,0,1,0,0,0,0,0,0,0,0,0,0,1,0,0,0,0,1,0,0,0
Red,False,0.0,1.0,0.33,0.315,0.22,0.0,0.0,0.0,0.0,0.0,73.5,26.5,73.5,25.5,90.0,42.5,78.5,30.0,4.5,2.0,2.0,0.0,60.5,19.0,52.5,12.0,4.5,3.0,13.0,6.5,8.5,4.5,8.0,7.0,62.5,20.0,63.0,18.0,10.0,6.5,9.0,6.5,1.0,0.0,1.5,1.0,66.0,79.5,579.0,4,0,0,1,1,1,1,0,0,1,0,0,0,0,167.64,165.1,135.0,0.0,0.0,0.39375,0.3215625,0.27,0.145625,0.78125,0.03125,0.0,0.0,118.84375,42.25,66.96875,24.09375,134.90625,56.9375,84.90625,40.59375,3.71875,0.90625,1.75,0.875,75.125,15.4375,42.5,7.9375,18.84375,10.53125,9.59375,4.9375,24.875,16.28125,14.875,11.21875,107.59375,34.21875,65.28125,23.21875,5.34375,4.21875,1.5625,0.8125,5.90625,3.8125,0.125,0.0625,144.34375,106.78125,844.5,17,0,4,0,4,4,2,0,0,0,1,1,2,0,170.18,180.34,135.0,34.0,27.0,1,0,0,0,0,0,0,0,0,0,0,0,0,0,0,1,0,0,0,0,1,0,0,0
Red,False,0.75,0.0,0.47375,0.56875,0.1825,0.3425,0.125,0.0,0.0,0.5,68.0,29.25,45.5,22.375,77.0,37.5,64.0,38.5,3.125,0.75,3.375,1.125,51.625,18.375,37.0,17.25,12.25,8.0,5.25,3.875,4.125,2.875,3.25,1.25,50.125,20.25,30.5,11.5,12.875,6.5,9.5,7.375,5.0,2.5,5.5,3.5,129.5,94.125,435.375,8,0,0,1,1,2,2,0,0,1,0,1,0,0,190.5,198.12,230.0,0.5,0.5,0.575,0.56,0.58,0.0,0.5,1.0,0.0,0.0,61.5,30.5,48.5,27.0,106.5,72.5,73.5,51.5,3.5,1.0,1.0,0.0,50.0,21.0,34.0,13.5,8.0,6.5,7.5,7.0,3.5,3.0,7.0,6.5,49.5,24.0,36.0,17.5,9.0,5.0,10.5,8.0,3.0,1.5,2.0,1.5,222.5,116.0,598.5,4,0,0,1,1,1,1,0,0,0,1,0,0,0,182.88,190.5,205.0,28.0,27.0,0,0,0,0,0,1,0,0,0,0,0,0,0,0,0,1,0,0,0,0,1,0,0,0
Blue,False,0.0,0.0,0.22,0.42,0.66,0.0,0.0,0.0,0.0,0.0,57.0,13.0,104.0,44.0,120.0,67.0,178.0,113.0,6.0,4.0,1.0,0.0,55.0,11.0,79.0,26.0,0.0,0.0,21.0,14.0,2.0,2.0,4.0,4.0,50.0,12.0,79.0,30.0,4.0,0.0,18.0,11.0,3.0,1.0,7.0,3.0,504.0,45.0,900.0,3,0,1,0,1,1,0,0,0,1,0,0,0,0,172.72,172.72,135.0,0.0,0.0,0.5475,0.4975,0.45,0.375,0.0,0.5,0.0,0.0,114.75,53.0,58.0,26.0,143.25,77.5,67.75,34.75,3.5,1.5,0.75,0.5,83.0,28.0,41.75,13.25,27.0,21.0,8.75,7.0,4.75,4.0,7.5,5.75,68.5,16.75,43.5,17.0,23.75,19.25,13.75,9.0,22.5,17.0,0.75,0.0,240.0,78.0,682.75,7,0,0,1,2,2,1,0,0,1,0,1,0,0,172.72,170.18,135.0,25.0,29.0,0,0,0,0,0,0,0,0,0,0,1,0,0,0,0,1,0,0,0,0,1,0,0,0
Red,False,0.0,0.0,0.365,0.29,0.8,0.185,0.0,0.5,0.0,0.0,69.5,24.0,48.0,13.5,91.0,42.5,57.0,22.0,3.0,2.0,4.0,1.5,58.5,16.5,39.0,8.0,8.5,6.0,7.5,4.5,2.5,1.5,1.5,1.0,52.5,10.0,39.0,9.0,6.0,4.0,6.0,3.5,11.0,10.0,3.0,1.0,241.5,17.0,533.0,4,0,0,1,1,1,1,0,0,0,1,0,0,0,177.8,175.26,170.0,0.1875,0.0,0.2996875,0.4765625,0.1171875,0.28296875,0.65625,0.0625,0.015625,0.015625,103.4375,29.703125,72.359375,31.609375,114.390625,40.0,75.1875,34.3125,1.75,0.453125,1.296875,0.546875,88.59375,18.9375,56.90625,21.3125,8.796875,5.109375,6.78125,4.125,6.046875,5.65625,8.671875,6.171875,96.65625,26.71875,69.28125,29.828125,5.0,2.265625,2.03125,1.359375,1.78125,0.71875,1.046875,0.421875,74.453125,7.078125,647.671875,15,0,2,0,2,5,2,0,0,0,2,1,2,0,182.88,190.5,185.0,38.0,32.0,0,0,0,0,0,0,0,0,0,1,0,0,0,0,0,0,0,1,0,0,0,0,1,0
Red,False,0.0,0.0,0.54,0.47,0.25,0.0,0.0,0.0,0.0,0.0,123.5,52.5,84.0,37.5,184.0,98.5,112.5,62.0,6.0,3.0,1.0,0.0,105.5,38.5,61.5,16.5,13.5,10.0,12.5,11.5,4.5,4.0,10.0,9.5,99.0,32.5,66.5,21.5,12.0,9.5,14.0,12.5,12.5,10.5,3.5,3.5,374.5,21.5,900.0,6,1,2,0,2,2,0,0,0,0,2,0,0,0,185.42,187.96,185.0,0.5,0.0,0.4975,0.44375,0.05,0.29125,0.75,0.125,0.125,0.0,75.75,40.0,68.625,30.75,81.0,45.125,106.5,65.375,0.625,0.25,1.875,1.625,61.75,31.25,54.875,21.625,10.0,5.375,7.0,3.625,4.0,3.375,6.75,5.5,66.0,32.875,48.375,17.625,6.625,5.375,3.125,2.25,3.125,1.75,17.125,10.875,32.375,289.25,605.0,9,0,0,1,1,2,2,0,0,0,1,1,0,0,193.04,193.04,205.0,29.0,28.0,0,0,0,0,0,0,0,1,0,0,0,0,0,0,0,1,0,0,0,0,1,0,0,0
Red,False,0.375,0.0,0.390625,0.3821875,0.3071875,0.156875,0.28125,0.0,0.0,0.0,184.4375,71.25,119.78125,46.25,197.46875,82.78125,128.03125,52.125,2.28125,0.8125,3.875,0.84375,163.25,53.9375,86.875,26.0625,11.0,8.46875,25.59375,15.375,10.1875,8.84375,7.3125,4.8125,161.125,56.5,113.375,42.84375,9.21875,6.0625,2.53125,1.34375,14.09375,8.6875,3.875,2.0625,103.125,63.5,871.65625,16,0,2,0,3,5,1,0,0,2,1,1,1,0,185.42,193.04,185.0,0.0,0.0,0.53375,0.3925,0.5387500000000001,0.0,0.625,0.5,0.0,0.0,105.0,53.625,48.75,18.125,182.5,122.875,51.75,21.125,5.875,3.25,0.0,0.0,84.5,40.25,35.875,8.25,16.25,10.125,9.25,6.75,4.25,3.25,3.625,3.125,71.625,31.375,44.625,15.0,5.375,3.75,3.875,2.875,28.0,18.5,0.25,0.25,476.625,5.0,834.875,11,1,4,0,4,4,0,0,0,0,3,0,1,0,182.88,193.04,170.0,26.0,29.0,0,0,0,0,0,0,0,0,0,1,0,0,0,0,0,1,0,0,0,0,0,0,0,1
Blue,False,0.1328125,0.03125,0.5179101562499999,0.4100097656249999,0.484375,0.002373046875,0.03515625,0.03515625,0.0009765625,0.0,66.212890625,33.625,26.9990234375,10.59765625,74.923828125,40.841796875,27.671875,11.2587890625,2.3466796875,1.09375,0.6962890625,0.017578125,55.36328125,23.9365234375,16.42578125,4.0498046875,3.5341796875,2.7529296875,2.908203125,1.3251953125,7.3154296875,6.935546875,7.6650390625,5.22265625,36.703125,16.9970703125,25.359375,9.4677734375,8.6171875,4.4716796875,0.837890625,0.51953125,20.892578125,12.15625,0.8017578125,0.6103515625,94.48046875,8.8330078125,375.470703125,25,0,1,0,4,8,3,0,0,0,3,4,1,0,187.96,193.04,185.0,0.0546875,0.5,0.418818359375,0.511240234375,0.32158203125,0.455,0.0810546875,0.25,0.0,0.0009765625,65.052734375,29.189453125,82.0908203125,47.078125,76.1123046875,37.6015625,99.0947265625,61.6708984375,6.6904296875,1.7734375,2.52734375,1.5,43.4736328125,17.12109375,66.5263671875,35.08984375,14.1884765625,8.0576171875,9.408203125,7.021484375,7.390625,4.0107421875,6.15625,4.966796875,52.3974609375,19.96484375,44.8193359375,20.396484375,3.2001953125,2.40625,6.3935546875,4.3671875,9.455078125,6.818359375,30.8779296875,22.314453125,119.412109375,140.6904296875,726.0625,27,5,9,0,9,9,2,0,0,0,3,4,2,0,187.96,198.12,185.0,31.0,32.0,0,0,0,0,0,0,0,1,0,0,0,0,0,0,0,1,0,0,0,0,1,0,0,0
Red,False,0.0625,0.125,0.3725,0.5506249999999999,0.015625,0.2775,0.0,1.0625,0.0,0.0,41.125,17.84375,56.65625,28.46875,67.5,42.0,71.96875,42.53125,0.65625,0.03125,6.875,0.875,37.4375,14.65625,44.375,20.125,3.15625,2.65625,11.71875,7.84375,0.53125,0.53125,0.5625,0.5,32.375,11.46875,38.875,15.09375,6.59375,4.34375,16.78125,13.375,2.15625,2.03125,1.0,0.0,70.375,143.0625,360.90625,10,0,0,2,1,2,4,0,0,1,0,1,0,0,180.34,180.34,145.0,0.140625,0.0,0.3204687499999999,0.42140625,0.13765625,0.7734375,0.015625,1.125,0.046875,0.328125,35.515625,11.671875,36.09375,14.40625,38.40625,13.5703125,45.65625,22.1875,2.328125,0.6171875,0.7734375,0.7734375,26.625,6.5234375,19.828125,2.6015625,2.9375,1.40625,6.4140625,3.6640625,5.953125,3.7421875,9.8515625,8.140625,33.3046875,10.09375,32.3671875,11.7890625,0.203125,0.203125,1.0078125,0.4765625,2.0078125,1.375,2.71875,2.140625,109.09375,67.703125,427.9609375,17,0,6,0,6,6,2,0,0,1,2,2,1,0,177.8,185.42,145.0,30.0,28.0,0,0,1,0,0,0,0,0,0,0,0,0,0,0,0,1,0,0,0,0,1,0,0,0
Red,False,0.0,0.5,0.3925,0.46625,0.2875,0.5275,0.625,0.625,0.375,0.75,159.875,63.125,113.875,52.75,173.0,72.5,137.625,73.375,9.0,2.625,4.0,1.5,122.0,39.5,91.75,34.625,16.75,8.5,9.25,6.25,21.125,15.125,12.875,11.875,147.375,55.75,98.0,42.625,5.0,3.125,8.625,5.0,7.5,4.25,7.25,5.125,212.375,120.75,897.875,12,0,0,1,1,2,2,0,0,0,1,0,1,0,175.26,175.26,145.0,1.0,0.0,0.38,0.28,1.0,0.08,0.0,0.0,0.0,0.0,189.0,73.0,200.0,56.0,216.0,87.0,201.0,57.0,1.0,1.0,12.0,1.0,174.0,62.0,160.0,33.0,13.0,9.0,27.0,15.0,2.0,2.0,13.0,8.0,158.0,50.0,181.0,49.0,12.0,10.0,19.0,7.0,19.0,13.0,0.0,0.0,87.0,112.0,900.0,3,0,1,0,1,1,0,0,0,0,1,0,0,0,180.34,190.5,145.0,30.0,26.0,0,0,1,0,0,0,0,0,0,0,0,0,0,0,0,0,0,0,1,0,1,0,0,0
Blue,False,0.03131103515625,0.0009765625,0.600275421142578,0.5263294982910156,0.7421432495117187,0.5151507568359375,1.2609710693359375,0.78192138671875,0.0001220703125,1.75,37.25981140136719,20.74261474609375,39.708984375,22.50962829589844,56.23239135742188,38.98051452636719,48.72209167480469,30.547882080078125,4.190963745117188,2.224456787109375,0.86279296875,0.5944061279296875,26.535964965820312,13.137008666992188,29.92742919921875,16.02197265625,9.350234985351562,6.3009796142578125,7.807342529296875,4.5962677001953125,1.3736114501953125,1.30462646484375,1.974212646484375,1.891387939453125,24.203445434570312,11.477813720703123,27.14082336425781,15.469833374023438,5.380905151367188,3.67462158203125,1.0697479248046875,0.51434326171875,7.675460815429687,5.590179443359375,11.4984130859375,6.52545166015625,195.964599609375,156.030517578125,467.7274169921875,33,0,2,0,4,9,8,0,0,0,1,0,8,0,177.8,187.96,155.0,0.0,0.0,0.735,0.635,0.33,0.2,0.0,0.5,0.0,0.0,83.5,48.0,87.0,51.0,113.5,72.5,121.0,78.0,7.0,2.5,6.0,2.0,50.5,19.0,46.0,18.0,24.0,20.5,25.5,20.0,9.0,8.5,15.5,13.0,55.5,24.0,48.5,18.5,24.0,20.5,30.0,25.5,4.0,3.5,8.5,7.0,249.0,309.0,855.0,6,0,1,0,1,1,1,0,0,0,1,0,0,0,177.8,182.88,155.0,27.0,30.0,0,0,0,0,0,0,1,0,0,0,0,0,0,0,0,1,0,0,0,0,1,0,0,0
Red,False,0.3750953674316406,1.53515625,0.5460079574584961,0.5360130882263183,0.0369014739990234,0.7772751617431641,0.313018798828125,0.5036773681640625,0.3134784698486328,0.0004901885986328,83.17911338806152,45.227027893066406,87.16784858703613,49.8912239074707,109.6806755065918,67.10148429870605,109.28180122375488,70.7914867401123,2.3182315826416016,0.2353706359863281,2.0510311126708984,1.5410385131835938,51.85980415344238,24.059255599975582,61.48641586303711,28.53606986999512,18.024389266967773,10.695459365844728,14.296775817871094,11.094207763671877,13.294919967651367,10.472312927246094,11.38465690612793,10.260946273803713,66.7377872467041,32.06034278869629,66.17581367492676,33.74926567077637,6.379310607910156,4.865716934204102,9.771259307861328,6.751100540161133,10.062015533447266,8.300968170166016,11.220775604248049,9.390857696533203,78.45523643493652,194.15117263793945,665.7402782440186,50,2,0,4,4,10,10,0,0,1,4,4,0,0,180.34,190.5,170.0,0.1459674835205078,0.2509803771972656,0.3847249889373779,0.3621772003173828,0.0273592376708984,0.5740957450866699,0.2656517028808594,0.5322389602661133,0.00390625,0.0312509536743164,102.90542030334473,39.67921161651611,122.3586883544922,45.45650386810303,112.5230588912964,48.56603527069092,142.8114070892334,62.72353744506836,0.1887283325195312,0.0783767700195312,4.124240875244141,2.590359687805176,76.94959831237793,18.73768901824951,102.0470323562622,30.76252174377441,11.49172306060791,9.00620174407959,11.63096046447754,8.436297416687012,14.464098930358888,11.935320854187012,8.680695533752441,6.257684707641602,92.88213729858398,34.5608024597168,107.419415473938,34.767680168151855,4.608504295349121,2.6239089965820312,4.875428199768066,2.643117904663086,5.414778709411621,2.494500160217285,10.063844680786133,8.045705795288086,25.338841438293457,244.14064502716064,742.968376159668,50,1,0,1,7,13,8,0,0,0,4,7,1,1,175.26,177.8,170.0,37.0,33.0,0,0,0,0,0,0,0,0,0,1,0,0,0,0,0,1,0,0,0,0,1,0,0,0
Red,False,0.015625,0.0,0.45,0.4275,0.25,0.2,0.148468017578125,0.098388671875,0.0,0.0,66.5,29.6875,64.31230545043945,27.34375,89.75,48.0,85.53125,44.41152191162109,2.0,0.75,2.0546875,0.75,51.1875,18.3359375,49.6123046875,16.280410766601562,7.5,5.07647705078125,7.5,5.0,4.5,3.625,4.984375,3.9375,48.6875,17.0,47.11572265625,16.5,5.75,3.75,5.3125,3.4375,5.0625,3.5,3.875,2.5,99.2119140625,94.125,638.5,0,0,0,0,0,0,0,0,0,0,0,0,0,0,162.56,162.56,115.0,0.0,0.0,0.5,0.25,1.0,0.0,3.0,0.0,0.0,0.0,26.0,13.0,28.0,7.0,29.0,15.0,29.0,8.0,1.0,1.0,1.0,0.0,15.0,3.0,27.0,6.0,7.0,6.0,1.0,1.0,4.0,4.0,0.0,0.0,26.0,13.0,27.0,7.0,0.0,0.0,0.0,0.0,0.0,0.0,1.0,0.0,107.0,0.0,199.0,1,0,1,0,1,1,0,0,0,0,0,0,1,0,162.56,162.56,125.0,30.0,29.0,0,0,0,0,0,0,0,0,0,0,0,0,0,1,0,1,0,0,0,0,1,0,0,0
Red,False,0.0,0.25,0.5725,0.4775,0.5,0.75,2.0,0.0,0.25,0.0,37.0,20.5,48.75,19.75,78.5,58.75,67.0,35.0,1.75,1.0,3.25,3.0,26.0,11.5,41.0,14.5,8.25,6.75,6.75,4.25,2.75,2.25,1.0,1.0,19.25,6.75,31.5,10.75,13.25,9.75,10.0,5.25,4.5,4.0,7.25,3.75,137.25,289.75,683.5,7,0,1,0,1,2,1,0,0,2,0,0,0,0,180.34,177.8,155.0,0.0,0.0,0.45,0.42,0.26,0.0,0.0,0.0,0.0,0.0,90.0,41.0,102.0,43.0,172.0,109.0,133.0,71.0,19.0,5.0,0.0,0.0,83.0,35.0,98.0,42.0,1.0,0.0,4.0,1.0,6.0,6.0,0.0,0.0,63.0,23.0,68.0,15.0,5.0,3.0,33.0,27.0,22.0,15.0,1.0,1.0,660.0,3.0,900.0,3,0,1,0,1,1,0,0,0,0,1,0,0,0,170.18,180.34,155.0,31.0,30.0,0,0,0,0,0,0,1,0,0,0,0,0,0,0,0,0,0,1,0,0,1,0,0,0
Red,True,0.737762451171875,0.0,0.5956114196777343,0.27014892578125,0.1580979919433593,0.0233729553222656,0.0019760131835937,0.1949615478515625,7.62939453125e-06,7.62939453125e-06,18.580833435058597,10.809898376464844,8.375389099121094,3.4856719970703125,21.575950622558597,13.563064575195312,11.72894287109375,6.581367492675781,0.4198150634765625,0.3245620727539062,0.8175811767578125,0.1884841918945312,16.647369384765625,9.206192016601562,6.60888671875,2.2599029541015625,0.7892303466796875,0.6226272583007812,0.4801406860351562,0.176361083984375,1.1442337036132812,0.9810791015625,1.2863616943359375,1.049407958984375,10.472816467285156,4.30657958984375,6.243209838867188,1.8938217163085935,2.4031906127929688,1.717041015625,0.8083724975585938,0.5912857055664062,5.704826354980469,4.786277770996094,1.3238067626953125,1.0005645751953125,49.40776062011719,41.83946228027344,131.11135864257812,31,1,1,0,3,13,5,0,0,0,2,11,0,0,187.96,198.12,205.0,0.015625,0.375,0.504921875,0.4225,0.6396875,0.135,0.4375,0.0,0.0,0.0,123.171875,60.8828125,104.390625,47.7578125,226.765625,150.7265625,116.96875,59.9921875,4.390625,2.3046875,2.390625,0.5625,104.6875,48.1953125,80.609375,31.671875,9.8203125,5.46875,16.2109375,10.4765625,8.6640625,7.21875,7.5703125,5.609375,83.7578125,32.5390625,90.375,38.9921875,19.8359375,14.3046875,12.8828125,7.7890625,19.578125,14.0390625,1.1328125,0.9765625,471.125,45.7734375,1054.953125,26,3,4,0,4,7,1,0,0,1,3,1,2,0,180.34,182.88,235.0,33.0,38.0,0,0,0,0,0,1,0,0,0,0,0,0,0,0,0,1,0,0,0,0,1,0,0,0
Red,False,0.0,0.0,0.43875,0.489375,0.375,0.525,0.125,0.0,0.0,0.25,96.5,44.5625,92.75,47.0625,131.5625,73.125,163.625,109.4375,1.8125,1.125,3.375,2.5,76.125,30.25,83.25,39.8125,18.75,12.75,5.3125,3.875,1.625,1.5625,4.1875,3.375,63.75,22.1875,53.0625,15.875,14.375,9.8125,7.5625,5.1875,18.375,12.5625,32.125,26.0,131.0625,472.1875,851.125,13,0,1,0,1,2,3,0,0,0,1,1,0,0,187.96,198.12,205.0,0.0,0.5703125,0.39515625,0.497109375,0.28625,0.015625,0.0078125,0.03125,0.0,0.0,58.9921875,24.640625,65.3828125,33.3828125,73.2421875,36.2421875,70.5,37.84375,5.015625,2.3671875,0.390625,0.03125,48.4140625,16.984375,61.546875,31.5703125,3.921875,2.7578125,3.296875,1.359375,6.65625,4.8984375,0.5390625,0.453125,43.2421875,14.546875,57.546875,27.1171875,7.609375,4.1484375,3.703125,2.3203125,8.140625,5.9453125,4.1328125,3.9453125,115.0546875,11.6015625,384.3046875,16,0,0,1,3,4,4,0,0,0,2,2,0,0,187.96,193.04,205.0,34.0,36.0,0,0,0,0,0,1,0,0,0,0,0,0,0,0,0,1,0,0,0,0,1,0,0,0
Blue,False,0.015625,0.0,0.45,0.4275,0.25,0.2,0.148468017578125,0.098388671875,0.0,0.0,66.5,29.6875,64.31230545043945,27.34375,89.75,48.0,85.53125,44.41152191162109,2.0,0.75,2.0546875,0.75,51.1875,18.3359375,49.6123046875,16.280410766601562,7.5,5.07647705078125,7.5,5.0,4.5,3.625,4.984375,3.9375,48.6875,17.0,47.11572265625,16.5,5.75,3.75,5.3125,3.4375,5.0625,3.5,3.875,2.5,99.2119140625,94.125,638.5,0,0,0,0,0,0,0,0,0,0,0,0,0,0,165.1,165.1,125.0,2.0,0.0,0.51,0.23,1.0,0.16,1.0,0.0,0.0,0.0,109.0,56.0,124.0,29.0,126.0,70.0,128.0,33.0,1.0,1.0,6.0,1.0,102.0,53.0,101.0,15.0,7.0,3.0,7.0,4.0,0.0,0.0,16.0,10.0,103.0,53.0,111.0,20.0,0.0,0.0,1.0,1.0,6.0,3.0,12.0,8.0,51.0,115.0,900.0,3,0,1,0,1,1,0,0,0,0,1,0,0,0,165.1,172.72,125.0,28.0,28.0,0,0,0,1,0,0,0,0,0,0,0,0,0,0,0,1,0,0,0,0,1,0,0,0
Blue,False,0.015625,0.0,0.45,0.4275,0.25,0.2,0.148468017578125,0.098388671875,0.0,0.0,66.5,29.6875,64.31230545043945,27.34375,89.75,48.0,85.53125,44.41152191162109,2.0,0.75,2.0546875,0.75,51.1875,18.3359375,49.6123046875,16.280410766601562,7.5,5.07647705078125,7.5,5.0,4.5,3.625,4.984375,3.9375,48.6875,17.0,47.11572265625,16.5,5.75,3.75,5.3125,3.4375,5.0625,3.5,3.875,2.5,99.2119140625,94.125,638.5,0,0,0,0,0,0,0,0,0,0,0,0,0,0,177.8,185.42,155.0,0.0,0.0,0.445,0.3249999999999999,0.33,0.375,0.5,0.0,0.0,0.0,156.0,70.5,179.5,59.0,164.0,76.5,198.0,75.0,7.0,4.0,2.5,1.5,116.5,41.0,149.0,38.5,26.5,18.5,23.0,14.0,13.0,11.0,7.5,6.5,130.0,50.5,153.0,45.0,22.5,17.5,23.5,12.5,3.5,2.5,3.0,1.5,120.0,101.0,900.0,6,0,2,0,2,2,0,0,0,1,1,0,0,0,167.64,177.8,145.0,27.0,32.0,0,0,0,0,0,0,1,0,0,0,0,0,0,0,0,0,0,1,0,0,1,0,0,0
Red,False,0.0,1.0,0.42,0.42,1.0,0.0,0.0,0.0,0.0,0.0,256.0,108.0,401.0,169.0,256.0,108.0,404.0,172.0,1.0,1.0,0.0,0.0,225.0,84.0,335.0,126.0,11.0,9.0,42.0,24.0,20.0,15.0,24.0,19.0,234.0,94.0,361.0,150.0,19.0,13.0,25.0,13.0,3.0,1.0,15.0,6.0,6.0,17.0,900.0,3,0,0,1,0,0,1,0,0,0,0,0,0,0,175.26,172.72,135.0,0.5,0.0,0.255,0.3399999999999999,0.0,0.41,0.0,0.0,0.0,0.0,127.0,33.5,103.5,32.5,161.0,65.5,144.0,68.0,0.5,0.0,5.5,2.5,104.0,19.0,80.5,17.0,12.5,6.5,6.0,4.0,10.5,8.0,17.0,11.5,118.5,29.5,95.0,25.0,7.0,3.0,3.5,3.0,1.5,1.0,5.0,4.5,8.5,399.0,900.0,6,0,1,0,1,1,1,0,0,0,1,0,0,0,175.26,172.72,125.0,29.0,28.0,0,0,0,0,0,0,0,0,0,0,1,0,0,0,0,1,0,0,0,0,1,0,0,0
Red,False,0.75,0.0,0.451875,0.3506249999999999,0.1,0.04375,0.25,0.0,0.0,0.0625,27.9375,12.875,17.0625,6.875,33.4375,17.5,18.875,8.625,0.625,0.5,0.9375,0.4375,21.6875,8.1875,13.875,4.9375,3.5625,2.3125,1.375,0.8125,2.6875,2.375,1.8125,1.125,21.0,7.875,15.25,5.5625,1.625,1.1875,1.1875,0.8125,5.3125,3.8125,0.625,0.5,57.5625,37.5625,185.5625,8,0,0,1,4,4,1,0,0,0,0,2,2,0,180.34,190.5,170.0,0.09375,0.0,0.415625,0.3415625,0.315,0.1503125,0.75,0.03125,0.0625,0.0,58.3125,20.625,63.03125,25.3125,79.28125,39.71875,89.5625,49.625,6.0,2.0,5.15625,1.84375,45.84375,12.5,52.9375,18.9375,10.46875,6.625,7.375,4.53125,2.0,1.5,2.71875,1.84375,49.5625,13.28125,53.375,19.375,3.28125,2.5,4.28125,2.34375,5.46875,4.84375,5.375,3.59375,218.28125,204.625,812.625,16,0,0,1,2,4,2,0,0,0,2,1,1,0,187.96,187.96,170.0,25.0,25.0,0,0,0,0,0,0,0,0,0,1,0,0,0,0,0,1,0,0,0,0,0,0,1,0
Blue,False,0.5,0.0,0.42,0.49625,0.21625,0.3825,0.0,0.125,0.0,0.0,92.75,38.75,74.625,38.0,125.0,66.625,114.625,72.25,4.75,1.0,2.5,1.0,81.5,30.75,61.25,27.625,7.375,4.875,11.25,8.375,3.875,3.125,2.125,2.0,61.625,16.375,60.75,26.375,13.5,9.75,12.75,10.625,17.625,12.625,1.125,1.0,265.125,153.75,824.625,10,0,1,0,1,2,2,0,0,0,1,1,0,0,190.5,195.58,265.0,0.078125,0.0,0.56921875,0.36875,0.2665625,0.4253125,0.015625,1.0,0.5,0.25,45.125,26.109375,35.71875,15.3125,72.03125,51.75,56.625,34.578125,1.171875,0.3125,4.0,2.140625,29.078125,14.046875,23.46875,7.609375,8.90625,5.578125,10.890625,6.921875,7.140625,6.484375,1.359375,0.78125,32.484375,16.390625,24.90625,7.546875,7.84375,5.515625,6.28125,4.765625,4.796875,4.203125,4.53125,3.0,106.859375,283.171875,569.53125,18,0,1,0,3,4,3,0,2,0,0,2,0,0,182.88,187.96,247.0,32.0,34.0,0,0,0,0,1,0,0,0,0,0,0,0,0,0,0,0,0,1,0,0,0,0,1,0
Blue,False,0.0,0.0,0.2887499999999999,0.6128125,0.1065625,0.25375,0.0,0.25,0.0,0.25,31.4375,17.59375,50.4375,26.90625,48.34375,32.46875,80.46875,54.25,4.28125,0.78125,1.78125,0.53125,22.53125,9.78125,36.5625,15.9375,3.0625,2.625,9.75,7.6875,5.84375,5.1875,4.125,3.28125,23.21875,11.125,29.09375,8.53125,6.59375,5.59375,10.96875,9.34375,1.625,0.875,10.375,9.03125,86.59375,117.0625,394.75,15,0,1,0,2,3,3,0,0,0,3,0,0,0,185.42,190.5,205.0,0.0,0.0,0.7,0.0,0.5,0.0,0.0,0.0,0.0,0.0,10.0,7.0,1.0,0.0,25.0,21.0,10.0,8.0,2.0,1.0,0.0,0.0,9.0,6.0,1.0,0.0,1.0,1.0,0.0,0.0,0.0,0.0,0.0,0.0,2.0,0.0,1.0,0.0,1.0,1.0,0.0,0.0,7.0,6.0,0.0,0.0,75.0,0.0,94.0,1,0,0,1,0,0,1,0,0,0,0,0,0,0,182.88,187.96,185.0,37.0,26.0,0,0,0,0,0,1,0,0,0,0,0,0,0,0,0,1,0,0,0,0,1,0,0,0
Red,False,1.4140625,0.09375,0.5425,0.4092187499999999,0.23125,0.19921875,0.0,0.0078125,0.0,0.0,121.0703125,63.65625,104.7421875,41.5625,127.7109375,69.546875,115.5390625,50.078125,2.53125,1.03125,2.2421875,0.640625,73.6875,28.6171875,90.703125,31.3828125,25.796875,14.9296875,7.15625,4.203125,21.5859375,20.109375,6.8828125,5.9765625,106.3359375,53.5390625,96.796875,37.421875,5.25,4.2265625,6.2578125,3.25,9.484375,5.890625,1.6875,0.890625,67.328125,53.5390625,742.1953125,16,0,1,0,3,6,2,0,0,0,3,3,0,0,182.88,185.42,170.0,0.125,0.0625,0.61484375,0.604765625,0.82421875,0.125,0.6875,0.25,0.5,0.25,32.453125,20.1171875,60.0234375,35.75,42.6171875,29.7265625,106.828125,75.6328125,1.5859375,1.3828125,2.09375,0.5625,28.3203125,17.0078125,43.953125,21.2265625,3.8046875,2.90625,12.0234375,10.8671875,0.328125,0.203125,4.046875,3.65625,23.09375,11.8125,40.6171875,20.9375,1.0390625,0.359375,5.6484375,4.3671875,8.3203125,7.9453125,13.7578125,10.4453125,182.140625,168.5625,619.390625,18,0,4,0,4,6,2,0,0,0,1,0,5,0,180.34,182.88,170.0,35.0,28.0,0,0,0,0,0,0,0,0,0,1,0,0,0,0,0,0,0,1,0,0,0,0,0,1
Red,False,0.0,0.5,0.52125,0.41171875,0.724453125,0.15625,0.0,0.0390625,0.0,0.0,123.53125,62.2734375,56.5859375,23.953125,162.59375,97.0390625,66.8359375,33.453125,6.2421875,4.1953125,0.1640625,0.15625,110.2578125,51.0546875,44.8515625,14.5859375,8.0859375,6.1953125,4.6875,3.40625,5.1875,5.0234375,7.046875,5.9609375,63.7734375,22.6171875,44.6328125,15.9375,8.875,5.3828125,5.421875,4.234375,50.8828125,34.2734375,6.53125,3.78125,364.8984375,5.84375,670.7890625,21,1,2,0,3,6,2,0,0,0,4,2,0,0,190.5,200.66,205.0,0.515625,0.3125,0.5765625000000001,0.43921875,0.015625,0.6151562500000001,0.515625,0.0,0.0,0.0,44.703125,26.796875,48.03125,21.265625,50.984375,32.296875,57.8125,29.734375,1.921875,0.046875,2.65625,1.59375,23.96875,9.28125,35.3125,12.046875,9.578125,7.078125,8.5,5.53125,11.15625,10.4375,4.21875,3.6875,32.4375,17.09375,37.921875,13.859375,11.6875,9.65625,8.046875,5.90625,0.578125,0.046875,2.0625,1.5,76.609375,180.640625,479.34375,14,0,3,0,3,5,2,0,0,0,1,2,0,2,185.42,200.66,205.0,27.0,37.0,0,0,0,0,0,1,0,0,0,0,0,0,0,0,0,1,0,0,0,0,1,0,0,0
Red,False,0.0,0.125,0.465,0.356875,0.425625,0.09,0.3125,0.0,0.0,0.0,73.0,30.875,105.8125,37.0,87.5625,43.5,125.4375,54.6875,5.4375,1.625,6.6875,0.75,65.5,24.25,86.75,23.1875,6.25,5.4375,15.9375,11.0,1.25,1.1875,3.125,2.8125,54.0625,17.25,88.3125,25.125,14.3125,9.625,15.375,10.625,4.625,4.0,2.125,1.25,197.25,176.0,750.125,14,0,1,0,1,3,2,0,0,0,0,1,2,0,180.34,185.42,155.0,0.625,0.0,0.3824999999999999,0.345,0.0,0.1425,0.875,0.0,0.0,0.0,37.125,13.625,41.0,20.125,43.125,19.625,46.0,24.875,0.0,0.0,2.0,1.0,34.125,10.75,34.625,15.25,2.5,2.375,2.5,1.875,0.5,0.5,3.875,3.0,30.25,9.75,25.375,10.0,3.625,2.25,5.625,3.375,3.25,1.625,10.0,6.75,9.625,149.375,274.0,6,0,2,0,2,3,1,0,0,0,0,1,2,0,177.8,185.42,155.0,38.0,29.0,0,0,0,0,0,0,1,0,0,0,0,0,0,0,0,1,0,0,0,0,1,0,0,0
Red,False,0.25,0.0,0.5325,0.53,0.5349999999999999,0.0,0.5,1.0,1.5,0.5,26.75,17.5,11.75,6.75,40.25,28.5,47.25,35.25,3.75,2.25,0.0,0.0,26.0,17.25,11.5,6.5,0.75,0.25,0.25,0.25,0.0,0.0,0.0,0.0,4.5,3.0,3.25,0.75,0.0,0.0,0.5,0.5,22.25,14.5,8.0,5.5,323.75,77.5,477.25,5,0,3,0,3,3,0,0,0,0,1,1,1,0,177.8,182.88,145.0,0.5,0.0,0.3,0.465,0.625,0.25,0.5,0.0,0.0,0.0,88.0,27.0,63.5,30.0,99.5,36.5,109.0,68.0,4.0,2.5,6.0,1.0,76.0,20.0,48.5,18.5,8.0,4.0,8.0,5.5,4.0,3.0,7.0,6.0,73.0,17.0,50.5,20.5,7.5,3.5,10.0,6.5,7.5,6.5,3.0,3.0,192.5,164.5,800.5,6,0,2,0,2,2,0,0,0,0,1,0,1,0,172.72,177.8,145.0,28.0,23.0,0,0,1,0,0,0,0,0,0,0,0,0,0,0,0,0,0,1,0,0,0,0,1,0
Blue,False,0.5,0.0,0.455,0.4974999999999999,0.33,0.09875,1.5,0.0,0.0,0.375,65.5,30.0,92.125,46.625,75.375,37.0,130.625,78.125,3.125,0.875,3.125,0.5,44.0,16.875,61.875,27.125,15.125,8.75,9.5,6.625,6.375,4.375,20.75,12.875,46.125,17.0,61.125,25.125,4.125,3.0,8.625,5.625,15.25,10.0,22.375,15.875,148.0,295.125,841.875,11,0,0,1,1,2,2,0,0,0,1,0,1,0,172.72,177.8,135.0,0.063232421875,0.821533203125,0.293486328125,0.5472045898437501,0.59099609375,0.39797119140625,0.008056640625,1.00830078125,0.501953125,0.000244140625,62.332763671875,18.04052734375,105.214111328125,55.5390625,67.960205078125,23.403076171875,119.453857421875,66.7412109375,1.706787109375,0.9814453125,5.452392578125,2.834228515625,42.04296875,8.339599609375,94.42529296875,47.662353515625,5.85693359375,2.884765625,6.808349609375,4.539306640625,14.432861328125,6.816162109375,3.98046875,3.33740234375,58.4208984375,15.703369140625,73.793212890625,29.827392578125,2.092529296875,1.127197265625,3.42236328125,2.2431640625,1.8193359375,1.2099609375,27.99853515625,23.468505859375,56.577392578125,203.542236328125,667.01220703125,30,0,0,1,2,5,8,0,0,2,1,1,1,0,167.64,172.72,135.0,24.0,38.0,0,1,0,0,0,0,0,0,0,0,0,0,0,0,0,0,0,0,1,0,1,0,0,0
Red,False,0.4375,0.0,0.4962500000000001,0.550625,0.125,0.25625,1.125,0.0,0.25,0.0,67.8125,26.3125,96.5625,52.375,81.125,38.625,136.5625,90.875,2.25,0.25,4.8125,1.1875,40.6875,7.8125,62.9375,24.1875,19.0625,12.0,13.75,12.4375,8.0625,6.5,19.875,15.75,51.5625,15.5625,67.875,31.5,14.4375,8.9375,24.5,18.0,1.8125,1.8125,4.1875,2.875,90.75,219.875,700.75,11,0,0,1,1,2,3,0,0,0,0,2,0,0,190.5,190.5,185.0,0.0,0.5625,0.47,0.415,0.075,0.415625,0.375,0.25,0.25,0.0,94.75,42.4375,121.3125,45.875,109.8125,56.1875,141.125,64.3125,2.0,0.3125,4.625,1.6875,73.6875,29.1875,95.1875,25.875,15.625,7.9375,12.875,7.875,5.4375,5.3125,13.25,12.125,83.8125,34.375,103.4375,31.875,8.5625,5.9375,12.9375,10.375,2.375,2.125,4.9375,3.625,167.25,66.25,783.3125,12,1,0,1,1,2,3,0,0,0,0,0,2,0,185.42,193.04,170.0,28.0,27.0,0,0,0,0,0,0,0,1,0,0,0,0,0,0,0,0,0,1,0,0,1,0,0,0
Red,False,0.5,0.0,0.5549999999999999,0.25,0.135,0.0,1.0,0.0,0.0,1.0,36.0,20.5,43.0,21.5,40.5,23.5,56.5,34.0,5.5,1.5,0.5,0.0,32.5,17.0,31.0,12.0,3.0,3.0,6.0,5.0,0.5,0.5,6.0,4.5,27.0,15.0,35.0,16.0,0.5,0.0,0.0,0.0,8.5,5.5,8.0,5.5,102.0,206.5,462.0,4,0,0,1,1,1,1,0,0,0,0,0,1,0,185.42,190.5,155.0,0.0,0.0,0.3349999999999999,0.385,0.73,0.33,0.0,0.0,0.0,0.0,75.0,28.5,52.5,20.5,97.5,49.5,59.0,26.0,7.0,3.5,4.5,1.5,62.0,20.5,36.5,7.5,7.5,4.0,9.0,8.0,5.5,4.0,7.0,5.0,56.5,19.0,39.5,12.5,15.0,7.0,3.5,1.0,3.5,2.5,9.5,7.0,218.0,209.5,740.0,5,0,2,0,2,2,0,0,0,0,1,1,0,0,177.8,185.42,155.0,29.0,24.0,0,0,0,0,0,0,1,0,0,0,0,0,0,0,0,1,0,0,0,0,1,0,0,0
Red,False,0.015625,0.0,0.45,0.4275,0.25,0.2,0.148468017578125,0.098388671875,0.0,0.0,66.5,29.6875,64.31230545043945,27.34375,89.75,48.0,85.53125,44.41152191162109,2.0,0.75,2.0546875,0.75,51.1875,18.3359375,49.6123046875,16.280410766601562,7.5,5.07647705078125,7.5,5.0,4.5,3.625,4.984375,3.9375,48.6875,17.0,47.11572265625,16.5,5.75,3.75,5.3125,3.4375,5.0625,3.5,3.875,2.5,99.2119140625,94.125,638.5,0,0,0,0,0,0,0,0,0,0,0,0,0,0,172.72,170.18,125.0,0.0,0.0,0.6,0.66,0.0,1.0,0.0,0.0,0.0,0.0,23.0,14.0,127.0,84.0,35.0,24.0,144.0,100.0,1.0,0.0,2.0,2.0,8.0,2.0,85.0,49.0,14.0,11.0,39.0,32.0,1.0,1.0,3.0,3.0,4.0,1.0,46.0,26.0,16.0,13.0,38.0,31.0,3.0,0.0,43.0,27.0,25.0,344.0,449.0,2,0,0,1,0,0,1,0,0,0,0,0,0,0,170.18,165.1,135.0,22.0,35.0,0,0,0,0,0,0,0,0,0,0,1,0,0,0,0,1,0,0,0,0,1,0,0,0
Red,False,0.18798828125,0.5,0.63286376953125,0.50856689453125,0.53759765625,0.5664111328125,0.033203125,0.0625,0.00146484375,0.000244140625,58.65673828125,34.545654296875,41.236328125,17.273681640625,67.88330078125,42.958984375,45.5419921875,20.745361328125,0.72705078125,0.580078125,3.185302734375,1.4619140625,44.287353515625,23.884765625,33.531982421875,11.44580078125,11.88818359375,8.21923828125,4.946044921875,3.66552734375,2.481201171875,2.441650390625,2.75830078125,2.162353515625,43.152587890625,23.523193359375,36.9130859375,14.121337890625,11.2265625,8.008056640625,3.8955078125,3.01123046875,4.277587890625,3.014404296875,0.427734375,0.14111328125,43.35302734375,71.755126953125,325.03076171875,29,0,2,0,4,8,5,0,0,1,2,4,1,0,187.96,190.5,170.0,0.53125,0.0,0.653046875,0.731328125,0.2657812499999999,0.675,0.2890625,0.078125,0.0,0.046875,35.6171875,24.859375,22.6328125,15.921875,63.640625,47.5390625,36.4375,26.78125,5.9140625,1.8515625,2.8828125,1.609375,20.65625,11.7890625,11.625,6.9140625,9.21875,8.3671875,7.515625,5.8046875,5.7421875,4.703125,3.4921875,3.203125,12.1484375,5.8671875,9.6796875,5.46875,13.6484375,10.6484375,8.59375,7.125,9.8203125,8.34375,4.359375,3.328125,267.9921875,109.9765625,473.4765625,18,0,0,1,3,5,3,0,0,0,2,2,1,0,180.34,193.04,170.0,33.0,29.0,0,0,0,0,0,0,0,0,0,1,0,0,0,0,0,1,0,0,0,0,1,0,0,0
Red,False,0.501953125,0.00390625,0.52888671875,0.40904296875,0.068984375,0.3154296875,0.068359375,0.345703125,0.0,0.03125,100.021484375,51.21484375,69.453125,30.357421875,108.8203125,59.333984375,96.1015625,50.373046875,4.138671875,0.234375,1.35546875,0.630859375,61.451171875,23.80859375,47.638671875,16.638671875,27.45703125,18.01171875,19.0625,11.330078125,11.11328125,9.39453125,2.751953125,2.388671875,62.515625,24.94921875,56.529296875,22.169921875,30.154296875,21.09765625,11.880859375,8.150390625,7.3515625,5.16796875,1.04296875,0.037109375,181.099609375,99.89453125,662.798828125,21,0,1,0,5,8,2,0,0,1,3,1,3,0,177.8,182.88,155.0,0.011474609375,0.004150390625,0.4285607910156249,0.3436059570312499,0.58256103515625,0.03176025390625,0.001953125,0.134796142578125,0.0,0.0,133.9342041015625,57.534027099609375,129.51980590820312,44.2984619140625,138.69015502929688,61.53558349609375,134.27532958984375,47.17083740234375,1.00213623046875,0.7501220703125,3.66290283203125,0.033966064453125,82.77182006835938,22.9468994140625,114.833251953125,34.372955322265625,24.3189697265625,13.265167236328123,8.481842041015625,4.862396240234375,26.843414306640625,21.32196044921875,6.2047119140625,5.0631103515625,128.4168701171875,54.967681884765625,124.913330078125,40.5379638671875,0.329254150390625,0.01654052734375,1.361846923828125,0.7523193359375,5.188079833984375,2.5498046875,3.24462890625,3.0081787109375,33.780609130859375,8.1693115234375,837.3710327148438,38,0,4,0,4,12,4,0,1,1,5,5,0,0,180.34,190.5,145.0,27.0,31.0,0,0,0,0,0,0,1,0,0,0,0,0,0,0,0,0,0,1,0,0,1,0,0,0
Red,False,0.62890625,0.078125,0.484765625,0.3573046875,0.068359375,0.0625,0.0,0.03125,0.0,0.0,88.296875,44.23828125,100.65625,34.7109375,98.2265625,53.59375,103.4921875,37.46875,0.44140625,0.08984375,4.26171875,0.75,71.04296875,32.890625,89.65234375,27.23828125,8.328125,3.6171875,8.86328125,5.609375,8.92578125,7.73046875,2.140625,1.86328125,71.98046875,32.35546875,93.53125,30.45703125,8.17578125,6.7734375,5.609375,3.49609375,8.140625,5.109375,1.515625,0.7578125,17.34375,79.75,556.30859375,22,0,0,1,2,5,4,0,0,1,0,4,0,0,190.5,193.04,230.0,1.1614990234375,0.18994140625,0.5150140380859375,0.4070751953125,0.1370590209960937,0.2675076293945312,0.00982666015625,0.287200927734375,0.0,0.00396728515625,83.36892700195312,41.592803955078125,118.49050903320312,46.94595336914063,103.10379028320312,60.478790283203125,152.47427368164062,76.94790649414062,1.462158203125,0.59588623046875,4.283599853515625,2.086273193359375,62.23577880859375,23.123260498046875,104.26605224609376,35.02105712890625,8.172119140625,6.67193603515625,9.2591552734375,7.061920166015625,12.961029052734377,11.797607421875,4.965301513671875,4.86297607421875,68.773193359375,33.152557373046875,95.74899291992188,33.808441162109375,6.62322998046875,3.9652099609375,18.6473388671875,10.270904541015623,7.972503662109375,4.47503662109375,4.09417724609375,2.866607666015625,89.42529296875,181.10989379882807,744.1255187988281,41,3,0,1,2,8,8,0,0,1,1,6,0,0,185.42,193.04,205.0,31.0,35.0,0,0,0,0,0,1,0,0,0,0,0,0,0,0,0,1,0,0,0,0,1,0,0,0
Blue,False,0.0,0.06640625,0.5983203125,0.524921875,0.5745703125,0.087109375,1.2109375,0.5234375,0.00390625,0.0,51.8515625,26.796875,40.9453125,23.31640625,74.48046875,48.36328125,52.28125,33.95703125,5.7890625,4.01953125,2.08984375,0.23828125,42.99609375,19.01171875,26.5390625,12.9296875,8.4453125,7.375,10.48046875,6.98046875,0.41015625,0.41015625,3.92578125,3.40625,29.4140625,8.34375,30.83984375,15.4375,6.32421875,5.92578125,7.43359375,5.47265625,16.11328125,12.52734375,2.671875,2.40625,282.55859375,52.8515625,506.0,20,0,0,1,4,7,2,0,0,1,3,1,2,0,175.26,195.58,170.0,0.0635986328125,0.25,0.5098779296875,0.36616455078125,0.348193359375,0.141551513671875,0.0048828125,0.009033203125,0.0078125,0.250244140625,102.1749267578125,55.833740234375,99.1202392578125,34.9923095703125,120.0517578125,68.8258056640625,109.7550048828125,44.652099609375,2.950927734375,1.17578125,0.9736328125,0.4171142578125,80.205810546875,38.355712890625,71.260498046875,16.5452880859375,16.8553466796875,12.55810546875,19.724365234375,10.9725341796875,5.11376953125,4.919921875,8.1353759765625,7.4744873046875,77.8922119140625,38.2054443359375,88.519775390625,28.38720703125,16.774169921875,11.4969482421875,7.051025390625,3.5775146484375,7.508544921875,6.13134765625,3.5494384765625,3.027587890625,206.7049560546875,62.327880859375,775.5308837890625,34,0,1,0,7,11,3,0,0,1,5,2,2,1,175.26,177.8,155.0,24.0,38.0,0,0,0,0,0,0,1,0,0,0,0,0,0,0,0,1,0,0,0,0,0,0,1,0
Blue,False,0.0,0.0,0.525,0.3371875,0.5075000000000001,0.180625,1.125,0.5,0.03125,0.21875,39.3125,20.375,56.46875,21.8125,63.65625,42.03125,74.53125,38.40625,7.03125,3.125,2.1875,1.0625,31.21875,14.0,43.4375,14.5625,7.21875,5.78125,10.84375,5.125,0.875,0.59375,2.1875,2.125,17.78125,4.59375,45.4375,12.1875,4.78125,3.625,5.84375,4.625,16.75,12.15625,5.1875,5.0,504.96875,145.34375,868.40625,16,0,0,1,3,4,2,0,0,0,2,0,2,0,162.56,160.02,135.0,0.125,0.03125,0.2790625,0.290703125,0.30796875,0.1884375,1.03125,0.0078125,0.0,1.1875,48.7421875,14.0859375,75.703125,23.2734375,86.0546875,45.765625,150.125,87.9375,3.3515625,1.1875,3.1484375,0.5703125,39.421875,7.3984375,54.734375,9.8203125,6.1640625,4.03125,15.5625,10.5859375,3.15625,2.65625,5.40625,2.8671875,41.9296875,8.9375,53.75,10.6015625,5.078125,3.828125,15.9140625,10.3359375,1.734375,1.3203125,6.0390625,2.3359375,309.046875,160.4140625,864.0390625,19,0,0,1,3,5,3,0,0,0,4,0,1,0,165.1,170.18,125.0,23.0,31.0,0,0,0,1,0,0,0,0,0,0,0,0,0,0,0,1,0,0,0,0,1,0,0,0
Red,False,0.015625,0.0,0.45,0.4275,0.25,0.2,0.148468017578125,0.098388671875,0.0,0.0,66.5,29.6875,64.31230545043945,27.34375,89.75,48.0,85.53125,44.41152191162109,2.0,0.75,2.0546875,0.75,51.1875,18.3359375,49.6123046875,16.280410766601562,7.5,5.07647705078125,7.5,5.0,4.5,3.625,4.984375,3.9375,48.6875,17.0,47.11572265625,16.5,5.75,3.75,5.3125,3.4375,5.0625,3.5,3.875,2.5,99.2119140625,94.125,638.5,0,0,0,0,0,0,0,0,0,0,0,0,0,0,167.64,177.8,155.0,0.125,0.40625,0.42765625,0.3360937499999999,0.243125,0.125,0.296875,0.0,0.0,0.3125,75.21875,31.5625,124.640625,42.09375,92.0625,47.875,131.90625,48.96875,3.171875,0.71875,0.875,0.125,64.53125,25.34375,100.828125,26.234375,7.84375,3.640625,14.65625,7.890625,2.84375,2.578125,9.15625,7.96875,65.859375,25.59375,121.046875,40.015625,1.5,0.984375,1.046875,0.875,7.859375,4.984375,2.546875,1.203125,211.078125,34.265625,855.9375,19,1,0,1,4,5,2,0,0,1,1,1,2,0,182.88,182.88,170.0,30.0,34.0,0,0,0,0,0,0,0,0,0,1,0,0,0,0,0,1,0,0,0,0,1,0,0,0
Red,False,0.0010986328125,0.06256103515625,0.4095468139648437,0.4622506713867187,0.3598638916015625,0.0190533447265625,0.002044677734375,0.55145263671875,0.000244140625,0.0050048828125,111.2386474609375,45.38156127929688,116.86602783203124,53.149932861328125,114.20828247070312,48.1810302734375,136.6763916015625,71.77072143554688,4.999114990234375,1.731292724609375,2.1336669921875,0.07574462890625,66.52005004882812,14.66412353515625,83.486572265625,27.452178955078125,15.134521484375,7.9940185546875,16.983123779296875,11.88421630859375,29.58407592773437,22.723419189453125,16.396331787109375,13.81353759765625,104.61349487304688,40.6256103515625,107.713134765625,45.851654052734375,5.83770751953125,4.2337646484375,6.23907470703125,4.919921875,0.787445068359375,0.522186279296875,2.913818359375,2.37835693359375,122.13519287109376,50.23995971679688,880.1089477539062,42,0,2,0,2,6,10,0,0,1,3,1,1,0,177.8,182.88,170.0,0.03125,0.0,0.44984375,0.3496875,0.52890625,0.1984375,0.25,0.1875,0.25,0.25,119.6875,51.921875,101.984375,37.625,132.265625,61.65625,116.25,51.046875,10.078125,4.8125,2.390625,0.796875,83.671875,27.171875,81.765625,21.578125,18.578125,11.703125,10.640625,8.71875,17.4375,13.046875,9.578125,7.328125,109.84375,47.296875,93.234375,32.203125,4.0625,1.875,6.40625,3.796875,5.78125,2.75,2.34375,1.625,184.34375,71.125,900.0,21,0,0,1,3,5,2,0,0,2,3,0,0,0,167.64,170.18,170.0,36.0,35.0,0,0,0,0,0,0,1,0,0,0,0,0,0,0,0,1,0,0,0,0,1,0,0,0
Blue,False,0.0,0.1875,0.69,0.35875,0.57625,0.10375,1.5,0.0,0.0,0.0,61.75,25.5625,110.8125,38.0625,69.4375,33.0,113.875,40.375,2.9375,0.875,0.9375,0.5,52.6875,19.375,101.0,31.0,2.0,1.625,7.125,5.25,7.0625,4.5625,2.6875,1.8125,59.625,23.8125,106.25,35.1875,0.375,0.0,1.8125,0.9375,1.75,1.75,2.75,1.9375,46.75,48.5,455.5625,13,1,0,3,2,2,3,0,0,0,0,0,2,0,167.64,165.1,135.0,0.0,0.0,0.504521484375,0.524609375,0.531591796875,0.391171875,1.203125,0.5,0.5244140625,1.390625,39.3505859375,19.3603515625,33.1357421875,17.568359375,64.650390625,43.091796875,107.3720703125,86.86328125,8.94921875,5.0087890625,2.353515625,0.822265625,29.875,11.611328125,22.970703125,8.8095703125,4.1435546875,2.9970703125,4.3515625,3.9580078125,5.33203125,4.751953125,5.8134765625,4.80078125,32.3447265625,14.3876953125,22.8330078125,8.9951171875,1.71484375,1.2431640625,0.6689453125,0.1640625,5.291015625,3.7294921875,9.6337890625,8.4091796875,381.12109375,272.0439453125,831.716796875,28,0,1,0,4,8,3,0,0,1,4,0,3,0,167.64,170.18,135.0,29.0,32.0,1,0,0,0,0,0,0,0,0,0,0,0,0,0,0,1,0,0,0,0,1,0,0,0
Blue,False,0.0,0.0,0.38,0.46,0.35,0.0,0.0,0.0,0.0,0.0,71.0,27.0,60.0,28.0,94.0,43.0,118.0,83.0,14.0,5.0,2.0,0.0,51.0,16.0,25.0,7.0,15.0,8.0,28.0,16.0,5.0,3.0,7.0,5.0,45.0,15.0,37.0,13.0,23.0,11.0,22.0,15.0,3.0,1.0,1.0,0.0,670.0,88.0,900.0,3,0,1,0,1,1,0,0,0,0,1,0,0,0,180.34,180.34,145.0,0.0625,0.03125,0.3840625,0.47921875,0.0490625,0.5859375,0.3984375,0.0078125,0.0,0.625,33.5,10.46875,69.4296875,33.0234375,40.3125,17.28125,92.0078125,53.78125,0.7734375,0.2578125,6.1796875,3.3984375,24.3359375,5.9375,49.2265625,19.046875,7.34375,3.59375,9.9609375,4.015625,1.8203125,0.9375,10.2421875,9.9609375,30.7421875,7.9765625,48.46875,17.1328125,2.546875,2.28125,2.765625,2.265625,0.2109375,0.2109375,18.1953125,13.625,43.9921875,269.5546875,634.0,15,1,3,0,3,4,4,0,0,0,1,2,1,0,170.18,185.42,145.0,24.0,32.0,0,0,1,0,0,0,0,0,0,0,0,0,0,0,0,1,0,0,0,0,1,0,0,0
Blue,False,0.015625,0.0,0.45,0.4275,0.25,0.2,0.148468017578125,0.098388671875,0.0,0.0,66.5,29.6875,64.31230545043945,27.34375,89.75,48.0,85.53125,44.41152191162109,2.0,0.75,2.0546875,0.75,51.1875,18.3359375,49.6123046875,16.280410766601562,7.5,5.07647705078125,7.5,5.0,4.5,3.625,4.984375,3.9375,48.6875,17.0,47.11572265625,16.5,5.75,3.75,5.3125,3.4375,5.0625,3.5,3.875,2.5,99.2119140625,94.125,638.5,0,0,0,0,0,0,0,0,0,0,0,0,0,0,185.42,182.88,185.0,0.0,0.75,0.4612499999999999,0.505,0.175,0.3399999999999999,0.375,0.0,0.0,0.0,97.0,45.25,87.375,41.875,130.875,73.75,131.625,80.625,5.125,1.25,5.125,2.625,65.25,25.125,73.875,31.375,22.5,13.25,10.5,7.625,9.25,6.875,3.0,2.875,67.25,21.625,55.625,22.875,14.875,11.875,21.75,14.0,14.875,11.75,10.0,5.0,190.25,220.0,761.5,11,0,0,1,1,1,3,0,0,0,0,1,0,0,185.42,182.88,185.0,25.0,34.0,0,0,0,0,0,0,0,1,0,0,0,0,0,0,0,1,0,0,0,0,0,0,1,0
Blue,False,0.015625,0.0,0.45,0.4275,0.25,0.2,0.148468017578125,0.098388671875,0.0,0.0,66.5,29.6875,64.31230545043945,27.34375,89.75,48.0,85.53125,44.41152191162109,2.0,0.75,2.0546875,0.75,51.1875,18.3359375,49.6123046875,16.280410766601562,7.5,5.07647705078125,7.5,5.0,4.5,3.625,4.984375,3.9375,48.6875,17.0,47.11572265625,16.5,5.75,3.75,5.3125,3.4375,5.0625,3.5,3.875,2.5,99.2119140625,94.125,638.5,0,0,0,0,0,0,0,0,0,0,0,0,0,0,162.56,162.56,125.0,0.0,0.5,0.325,0.6599999999999999,0.33,0.5,1.5,0.5,0.5,0.0,88.0,35.0,74.0,39.5,110.0,53.5,91.0,55.5,1.5,1.0,1.5,1.5,82.0,30.5,58.5,27.0,5.0,3.5,8.5,7.0,1.0,1.0,7.0,5.5,79.5,28.5,54.5,23.5,1.5,1.5,2.0,1.5,7.0,5.0,17.5,14.5,104.5,156.0,561.5,4,1,0,1,1,1,1,0,0,0,1,0,0,0,160.02,162.56,115.0,29.0,25.0,0,0,0,0,0,0,0,0,0,0,0,0,0,1,0,1,0,0,0,0,0,0,0,1
Blue,False,0.0,0.0625,0.401875,0.48125,0.563125,0.0628125,0.03125,0.0,0.0,0.0,96.0625,39.4375,108.375,48.65625,136.78125,73.6875,122.34375,60.0,3.9375,2.65625,2.4375,0.53125,90.84375,35.0,96.4375,38.40625,2.96875,2.4375,8.5625,7.25,2.25,2.0,3.375,3.0,73.5625,24.375,100.28125,42.3125,3.96875,3.15625,6.09375,4.71875,18.53125,11.90625,2.0,1.625,280.96875,75.0625,776.03125,14,0,2,0,3,5,1,0,0,0,3,1,1,0,182.88,177.8,185.0,0.0001411437988281,0.50341796875,0.4406274986267089,0.3455630493164062,0.0797770118713379,0.0535181045532226,0.0,0.0039730072021484,0.0078125,0.0,50.43840408325195,16.836435317993164,59.173301696777344,22.27770233154297,55.67107009887695,21.61798667907715,63.11131477355957,26.155113220214844,1.7945919036865234,0.1980419158935547,1.7339248657226562,0.2854042053222656,44.63204383850098,13.543336868286133,51.89772605895996,17.660545349121094,4.713464736938477,2.3283767700195312,5.567619323730469,3.716943740844727,1.0928955078125,0.9647216796875,1.707956314086914,0.9002132415771484,42.447513580322266,11.843002319335938,52.657846450805664,17.90450096130371,4.571086883544922,2.622598648071289,4.90937614440918,3.786182403564453,3.4198036193847656,2.370834350585937,1.6060791015625,0.5870189666748047,62.0262393951416,23.769695281982425,434.6874542236328,55,4,5,0,5,14,6,0,1,4,3,6,0,0,182.88,190.5,205.0,39.0,37.0,0,0,0,0,0,0,0,1,0,0,0,0,0,0,0,0,0,1,0,0,1,0,0,0
Red,False,1.0,0.0,0.54,0.41,0.0,1.0,1.0,1.0,0.0,0.0,48.0,26.0,39.0,16.0,49.0,27.0,40.0,17.0,0.0,0.0,1.0,1.0,42.0,21.0,25.0,2.0,1.0,1.0,7.0,7.0,5.0,4.0,7.0,7.0,43.0,24.0,37.0,16.0,3.0,0.0,1.0,0.0,2.0,2.0,1.0,0.0,12.0,29.0,218.0,1,0,1,0,1,1,0,0,0,0,0,0,1,0,167.64,170.18,135.0,0.5234375,0.0,0.55388916015625,0.39565673828125,0.057158203125,0.20671142578125,1.005859375,0.0,0.0078125,0.10205078125,64.950439453125,33.1796875,42.015380859375,18.671630859375,69.86279296875,37.744140625,58.767578125,32.9814453125,0.4052734375,0.20947265625,3.4599609375,1.291748046875,50.035400390625,22.66455078125,27.447509765625,9.67333984375,12.486083984375,8.74755859375,7.56396484375,4.680419921875,2.428955078125,1.767578125,7.00390625,4.31787109375,48.590087890625,20.109130859375,29.384765625,11.040771484375,4.514892578125,3.186767578125,5.346923828125,3.8701171875,11.845458984375,9.8837890625,7.28369140625,3.7607421875,41.714599609375,127.625,493.6142578125,31,0,2,0,3,8,5,0,0,1,4,2,1,0,175.26,180.34,135.0,31.0,36.0,1,0,0,0,0,0,0,0,0,0,0,0,0,0,0,0,0,1,0,0,0,0,1,0
Blue,False,1.0,0.0,0.515,0.33,0.5,0.0,0.0,0.0,0.0,0.0,61.5,32.0,31.0,10.5,63.0,33.5,33.5,13.0,1.0,0.5,2.0,0.0,37.0,12.5,20.0,3.0,5.5,4.0,6.0,3.5,19.0,15.5,5.0,4.0,57.5,30.0,28.5,9.5,1.5,0.0,2.0,0.5,2.5,2.0,0.5,0.5,15.5,21.0,385.5,4,0,2,0,2,2,0,0,0,0,0,2,0,0,175.26,185.42,155.0,1.0,0.0,0.3349999999999999,0.6950000000000001,0.0,0.0,0.0,1.5,0.0,0.0,71.0,25.0,66.0,38.5,72.0,26.0,67.5,40.0,1.0,0.0,0.0,0.0,48.0,14.5,47.5,22.0,14.5,7.0,13.0,11.0,8.5,3.5,5.5,5.5,64.0,22.0,66.0,38.5,3.0,1.0,0.0,0.0,4.0,2.0,0.0,0.0,35.5,0.0,271.0,3,0,0,1,1,1,1,0,0,0,0,1,0,0,175.26,180.34,155.0,27.0,24.0,0,0,0,0,0,0,1,0,0,0,0,0,0,0,0,0,0,1,0,0,1,0,0,0
Red,False,0.0,0.25,0.5349999999999999,0.345,0.575,0.0,1.25,0.0,0.0,0.0,39.25,21.75,26.75,11.25,88.75,56.0,60.75,42.5,6.25,3.5,0.25,0.0,35.75,18.25,22.0,7.25,2.5,2.5,3.0,2.75,1.0,1.0,1.75,1.25,15.5,6.25,19.5,6.0,3.25,2.0,4.75,3.75,20.5,13.5,2.5,1.5,439.5,0.25,618.75,7,0,0,1,2,2,1,0,0,0,0,0,2,0,187.96,187.96,243.0,0.5,0.0,0.355,0.21,0.165,0.0,0.0,0.0,0.0,0.0,81.5,31.5,84.5,24.0,97.5,47.5,106.0,43.5,1.5,0.5,1.0,0.0,66.0,20.5,77.0,18.0,12.0,8.0,5.0,3.5,3.5,3.0,2.5,2.5,74.0,25.5,76.0,18.0,7.5,6.0,8.5,6.0,0.0,0.0,0.0,0.0,46.0,126.5,626.5,5,0,0,1,1,1,1,0,0,0,0,1,0,0,190.5,198.12,249.0,23.0,31.0,0,0,0,0,1,0,0,0,0,0,0,0,0,0,0,1,0,0,0,0,1,0,0,0
Blue,False,0.001953125,0.00390625,0.529600830078125,0.4548382568359375,0.6676318359375,0.20037353515625,0.382080078125,1.5330810546875,0.0,0.5078125,97.5386962890625,52.09619140625,53.25408935546875,23.2591552734375,239.22802734375,175.6602783203125,92.33428955078124,53.3089599609375,8.13299560546875,5.2412109375,0.773681640625,0.4610595703125,83.8575439453125,41.676025390625,48.3250732421875,19.63580322265625,11.62744140625,8.616455078125,3.87353515625,2.72509765625,2.0537109375,1.8037109375,1.05548095703125,0.89825439453125,46.28515625,11.147705078125,37.6021728515625,11.7637939453125,12.40087890625,9.9951171875,4.68994140625,3.68310546875,38.8526611328125,30.953369140625,10.96197509765625,7.812255859375,577.6642456054688,84.94671630859375,895.2507934570312,37,0,1,0,5,11,4,0,0,1,8,2,0,0,177.8,180.34,145.0,0.25,0.0,0.4525,0.3375,0.625,0.0,1.0,0.0,0.125,0.125,40.5,19.375,24.75,7.375,87.0,58.75,30.125,11.75,5.125,3.25,0.75,0.0,39.5,18.75,21.375,5.5,1.0,0.625,0.75,0.25,0.0,0.0,2.625,1.625,20.875,6.875,21.25,5.25,0.5,0.25,1.625,1.25,19.125,12.25,1.875,0.875,314.0,11.625,438.5,9,0,4,0,4,4,0,0,1,0,1,1,1,0,172.72,177.8,145.0,32.0,26.0,0,0,1,0,0,0,0,0,0,0,0,0,0,0,0,1,0,0,0,0,1,0,0,0
Red,True,0.314453125,0.5625,0.36615234375,0.4148828125,0.030390625,0.5007421875,0.0,1.001953125,0.001953125,0.001953125,159.787109375,56.451171875,117.251953125,49.328125,174.78125,69.45703125,148.66796875,76.958984375,0.71875,0.0859375,1.591796875,0.509765625,126.29296875,36.16015625,95.109375,34.8125,24.630859375,12.701171875,15.25,9.486328125,8.86328125,7.58984375,6.892578125,5.029296875,148.52734375,50.896484375,87.427734375,25.619140625,4.6796875,2.857421875,13.775390625,10.427734375,6.580078125,2.697265625,16.048828125,13.28125,112.353515625,155.228515625,1208.587890625,25,1,1,0,7,8,2,0,0,0,3,5,0,0,182.88,190.5,170.0,0.84765625,0.0,0.5076171875,0.3325,0.515625,0.015625,1.0,0.015625,0.0,0.0,90.890625,38.18359375,106.43359375,28.46875,122.44921875,66.0859375,121.24609375,41.6015625,0.609375,0.546875,0.6328125,0.03125,70.60546875,25.703125,81.046875,15.65625,14.484375,8.57421875,19.625,8.59765625,5.80078125,3.90625,5.76171875,4.21484375,63.078125,16.0546875,100.50390625,26.73828125,10.95703125,7.8984375,1.8046875,1.16796875,16.85546875,14.23046875,4.125,0.5625,162.8671875,86.5390625,939.828125,20,2,1,0,3,6,3,0,0,1,0,5,0,0,175.26,187.96,170.0,34.0,34.0,0,0,0,0,0,0,0,0,0,1,0,0,0,0,0,1,0,0,0,0,1,0,0,0
Red,False,0.432861328125,0.046875,0.43041748046875,0.498984375,0.03583984375,0.30341064453125,0.00048828125,0.00244140625,0.001953125,0.001953125,33.535400390625,13.92138671875,57.610595703125,36.016357421875,53.471435546875,32.233154296875,122.4619140625,95.482421875,0.076416015625,0.050048828125,5.48095703125,2.395751953125,30.445556640625,11.83203125,52.759765625,31.88623046875,1.5205078125,1.10595703125,2.627197265625,2.080322265625,1.5693359375,0.9833984375,2.2236328125,2.0498046875,31.400390625,12.14794921875,23.968505859375,9.461181640625,0.712890625,0.368408203125,1.848876953125,1.130126953125,1.422119140625,1.405029296875,31.793212890625,25.425048828125,8.02734375,307.736083984375,646.9072265625,32,1,0,1,4,7,6,0,0,0,1,6,0,0,177.8,182.88,265.0,0.892578125,0.083984375,0.6360546874999999,0.5035546875,0.267578125,0.502578125,0.5,0.0078125,0.0,0.0,28.755859375,19.75,49.8046875,25.646484375,32.44140625,23.134765625,53.2734375,29.09765625,0.583984375,0.283203125,0.77734375,0.5078125,15.02734375,9.162109375,42.421875,20.931640625,9.162109375,6.427734375,5.27734375,3.505859375,4.56640625,4.16015625,2.10546875,1.208984375,19.994140625,13.3828125,35.572265625,15.21484375,3.318359375,2.451171875,6.017578125,3.84375,5.443359375,3.916015625,8.21484375,6.587890625,33.51171875,24.8125,375.208984375,18,1,1,0,4,6,4,0,0,0,2,4,0,0,193.04,203.2,265.0,42.0,36.0,0,0,0,0,1,0,0,0,0,0,0,0,0,0,0,1,0,0,0,0,1,0,0,0
Red,False,0.015625,0.0,0.45,0.4275,0.25,0.2,0.148468017578125,0.098388671875,0.0,0.0,66.5,29.6875,64.31230545043945,27.34375,89.75,48.0,85.53125,44.41152191162109,2.0,0.75,2.0546875,0.75,51.1875,18.3359375,49.6123046875,16.280410766601562,7.5,5.07647705078125,7.5,5.0,4.5,3.625,4.984375,3.9375,48.6875,17.0,47.11572265625,16.5,5.75,3.75,5.3125,3.4375,5.0625,3.5,3.875,2.5,99.2119140625,94.125,638.5,0,0,0,0,0,0,0,0,0,0,0,0,0,0,175.26,177.8,135.0,0.0,0.5,0.29,0.435,0.25,0.165,0.0,0.0,0.0,0.0,153.0,48.5,123.0,51.0,154.0,49.5,127.0,55.0,1.5,0.5,1.5,0.5,115.5,24.0,104.0,36.5,7.5,4.5,5.0,4.0,30.0,20.0,14.0,10.5,145.0,46.5,113.0,46.5,6.5,1.5,5.0,2.0,1.5,0.5,5.0,2.5,24.0,32.0,648.5,5,0,0,2,0,0,2,0,0,0,0,0,0,0,175.26,182.88,135.0,28.0,25.0,1,0,0,0,0,0,0,0,0,0,0,0,0,0,0,1,0,0,0,0,1,0,0,0
Red,False,0.0,0.0,0.63,0.66,0.5,0.33,3.0,0.0,0.0,0.0,49.0,31.0,24.0,16.0,75.0,57.0,33.0,23.0,2.0,1.0,3.0,1.0,37.0,21.0,13.0,7.0,11.0,9.0,7.0,7.0,1.0,1.0,4.0,2.0,27.0,14.0,14.0,6.0,16.0,12.0,10.0,10.0,6.0,5.0,0.0,0.0,128.0,201.0,419.0,2,0,1,0,1,1,0,0,0,0,0,0,1,0,190.5,193.04,205.0,0.0,1.0,0.57,0.42,1.0,0.0,1.0,0.0,0.0,0.0,7.0,4.0,7.0,3.0,21.0,15.0,14.0,10.0,2.0,2.0,0.0,0.0,0.0,0.0,7.0,3.0,1.0,1.0,0.0,0.0,6.0,3.0,0.0,0.0,7.0,4.0,6.0,3.0,0.0,0.0,0.0,0.0,0.0,0.0,1.0,0.0,189.0,0.0,247.0,1,0,1,0,1,1,0,0,0,0,0,0,1,0,190.5,200.66,205.0,29.0,25.0,0,0,0,0,0,1,0,0,0,0,0,0,0,0,0,1,0,0,0,0,1,0,0,0
Red,False,0.015625,0.0,0.45,0.4275,0.25,0.2,0.148468017578125,0.098388671875,0.0,0.0,66.5,29.6875,64.31230545043945,27.34375,89.75,48.0,85.53125,44.41152191162109,2.0,0.75,2.0546875,0.75,51.1875,18.3359375,49.6123046875,16.280410766601562,7.5,5.07647705078125,7.5,5.0,4.5,3.625,4.984375,3.9375,48.6875,17.0,47.11572265625,16.5,5.75,3.75,5.3125,3.4375,5.0625,3.5,3.875,2.5,99.2119140625,94.125,638.5,0,0,0,0,0,0,0,0,0,0,0,0,0,0,200.66,208.28,245.0,0.0,0.0,0.45,0.27,0.0,1.0,0.0,1.0,0.0,0.0,11.0,5.0,11.0,3.0,13.0,7.0,17.0,8.0,1.0,0.0,1.0,1.0,6.0,2.0,11.0,3.0,1.0,0.0,0.0,0.0,4.0,3.0,0.0,0.0,11.0,5.0,10.0,2.0,0.0,0.0,0.0,0.0,0.0,0.0,1.0,1.0,10.0,75.0,136.0,1,0,0,1,0,0,1,0,0,0,0,0,0,0,193.04,195.58,240.0,26.0,33.0,0,0,0,0,1,0,0,0,0,0,0,0,0,0,0,1,0,0,0,0,1,0,0,0
Red,False,0.06854248046875,0.9462890625,0.295794677734375,0.5772711181640624,0.114400634765625,0.09796875,0.00054931640625,0.50048828125,0.0,0.0001220703125,98.79901123046876,29.22259521484375,107.5157470703125,63.335693359375,101.26171875,31.591064453125,131.8369140625,85.82769775390625,0.42388916015625,0.28271484375,2.5802001953125,0.3125,82.90380859375,20.65008544921875,74.639892578125,35.11016845703125,10.59759521484375,5.07647705078125,19.059326171875,14.50439453125,5.297607421875,3.49603271484375,13.8165283203125,13.72113037109375,90.5789794921875,23.5894775390625,86.84112548828125,46.33062744140625,1.579833984375,1.55853271484375,10.38067626953125,8.48944091796875,6.64019775390625,4.0745849609375,10.2939453125,8.515625,31.706298828125,91.39129638671876,682.6104736328125,27,0,1,0,3,9,6,0,0,0,1,7,1,0,198.12,200.66,255.0,0.125,0.015625,0.4893359375,0.4003125,0.2304296875,0.40181640625,0.0,0.5078125,0.0078125,0.001953125,71.306640625,33.59765625,25.46875,9.900390625,76.44921875,38.568359375,80.0703125,58.634765625,1.677734375,0.56640625,9.310546875,4.087890625,62.611328125,26.5625,17.66015625,4.201171875,7.43359375,5.77734375,3.279296875,2.732421875,1.26171875,1.2578125,4.529296875,2.966796875,36.958984375,9.083984375,15.92578125,3.166015625,12.111328125,8.796875,4.677734375,3.333984375,22.236328125,15.716796875,4.865234375,3.400390625,65.40625,416.353515625,862.068359375,19,0,2,0,5,8,2,0,0,1,0,7,0,0,190.5,200.66,260.0,34.0,32.0,0,0,0,0,1,0,0,0,0,0,0,0,0,0,0,1,0,0,0,0,1,0,0,0
Blue,False,0.015625,0.0,0.45,0.4275,0.25,0.2,0.148468017578125,0.098388671875,0.0,0.0,66.5,29.6875,64.31230545043945,27.34375,89.75,48.0,85.53125,44.41152191162109,2.0,0.75,2.0546875,0.75,51.1875,18.3359375,49.6123046875,16.280410766601562,7.5,5.07647705078125,7.5,5.0,4.5,3.625,4.984375,3.9375,48.6875,17.0,47.11572265625,16.5,5.75,3.75,5.3125,3.4375,5.0625,3.5,3.875,2.5,99.2119140625,94.125,638.5,0,0,0,0,0,0,0,0,0,0,0,0,0,0,167.64,167.64,145.0,0.0625,0.7578125,0.326669921875,0.4694531249999999,0.13984375,0.046953125,0.517578125,0.6826171875,0.015625,0.015625,51.2802734375,15.6015625,67.8203125,28.6494140625,55.5791015625,19.345703125,72.384765625,32.8662109375,1.1591796875,0.3349609375,1.1748046875,0.1611328125,43.76953125,10.2939453125,51.4560546875,17.3779296875,4.77734375,2.71875,5.9794921875,3.0234375,2.7333984375,2.5888671875,10.384765625,8.248046875,45.7099609375,13.037109375,60.59375,22.9033203125,4.0654296875,1.3642578125,2.333984375,1.63671875,1.5048828125,1.2001953125,4.892578125,4.109375,74.84375,24.87890625,371.5205078125,22,0,1,0,2,5,6,0,0,0,2,3,0,0,172.72,170.18,145.0,30.0,31.0,0,0,1,0,0,0,0,0,0,0,0,0,0,0,0,0,0,1,0,0,1,0,0,0
Red,False,0.00390625,0.2421875,0.41099609375,0.3791796875,0.8563671875000001,0.0,0.501953125,0.25,0.0,0.0,38.67578125,17.076171875,49.80078125,19.125,68.576171875,44.541015625,59.708984375,27.673828125,2.890625,2.48046875,0.041015625,0.0,26.953125,9.08984375,29.478515625,9.623046875,6.5390625,4.5859375,8.6953125,3.61328125,5.18359375,3.400390625,11.626953125,5.888671875,32.078125,12.93359375,44.375,15.75390625,0.408203125,0.337890625,2.62109375,1.70703125,6.189453125,3.8046875,2.8046875,1.6640625,234.75390625,9.76953125,595.794921875,21,1,3,0,3,7,3,0,0,1,4,0,2,0,185.42,198.12,185.0,0.0,0.0,0.31375,0.525625,0.16875,0.1975,0.0,0.0,0.0,0.0,121.1875,37.625,52.3125,28.8125,160.75,73.0,66.9375,40.8125,6.375,0.875,1.125,0.625,56.3125,12.4375,28.3125,10.3125,44.5,15.4375,12.4375,10.6875,20.375,9.75,11.5625,7.8125,104.625,25.0,36.1875,15.5,10.3125,7.9375,15.625,12.8125,6.25,4.6875,0.5,0.5,207.8125,82.1875,835.9375,13,1,3,0,3,4,1,0,0,0,2,2,0,0,185.42,190.5,185.0,32.0,28.0,0,0,0,0,0,0,0,1,0,0,0,0,0,0,0,0,0,1,0,0,1,0,0,0
Blue,False,0.0,0.0,0.299375,0.47125,0.61625,0.30625,0.3125,0.5625,0.5,0.5625,91.375,32.3125,108.0625,42.625,130.5625,67.9375,128.125,60.5,3.5,1.0625,1.0625,0.625,83.8125,27.5625,92.0,30.4375,3.9375,2.0,6.875,4.3125,3.625,2.75,9.1875,7.875,81.0,24.9375,93.5,30.875,6.4375,4.375,4.3125,3.75,3.9375,3.0,10.25,8.0,154.8125,131.5,587.0,13,0,0,1,1,2,3,0,0,0,2,0,0,0,162.56,160.02,115.0,0.0,0.0,0.49,0.52,0.5449999999999999,0.0825,0.25,0.0,0.0,1.0,49.0,25.5,65.75,33.25,134.5,93.25,83.0,49.0,9.5,4.0,2.25,0.25,38.0,17.25,55.5,25.5,10.5,8.25,8.5,6.25,0.5,0.0,1.75,1.5,22.5,5.75,41.75,17.0,7.0,3.75,11.75,7.5,19.5,16.0,12.25,8.75,379.75,80.0,760.75,8,2,1,0,1,2,1,0,0,0,1,0,1,0,154.94,160.02,115.0,31.0,29.0,0,0,0,0,0,0,0,0,0,0,0,0,0,1,0,1,0,0,0,0,1,0,0,0
Red,False,0.015625,0.0,0.45,0.4275,0.25,0.2,0.148468017578125,0.098388671875,0.0,0.0,66.5,29.6875,64.31230545043945,27.34375,89.75,48.0,85.53125,44.41152191162109,2.0,0.75,2.0546875,0.75,51.1875,18.3359375,49.6123046875,16.280410766601562,7.5,5.07647705078125,7.5,5.0,4.5,3.625,4.984375,3.9375,48.6875,17.0,47.11572265625,16.5,5.75,3.75,5.3125,3.4375,5.0625,3.5,3.875,2.5,99.2119140625,94.125,638.5,0,0,0,0,0,0,0,0,0,0,0,0,0,0,167.64,172.72,125.0,0.0625,0.140625,0.37109375,0.6087499999999999,0.6640625,0.0,0.75,0.75,0.0,0.0625,42.265625,16.390625,32.265625,19.640625,60.09375,33.09375,63.46875,48.03125,2.9375,1.75,0.0,0.0,34.0,10.140625,27.3125,15.234375,6.546875,4.78125,2.1875,1.640625,1.71875,1.46875,2.765625,2.765625,30.21875,6.953125,22.125,10.578125,4.21875,3.421875,0.890625,0.5625,7.828125,6.015625,9.25,8.5,162.171875,213.828125,571.875,14,1,1,0,2,4,3,0,0,1,1,1,1,0,167.64,167.64,135.0,28.0,36.0,0,0,0,0,0,0,0,0,0,0,1,0,0,0,0,0,0,1,0,0,1,0,0,0
Blue,False,0.40625,0.078125,0.4775,0.31078125,0.0103125,0.2484375,0.0,0.0,0.0,0.03125,103.921875,48.671875,119.4375,34.671875,105.78125,50.46875,121.453125,36.203125,0.28125,0.03125,4.03125,0.890625,93.171875,40.671875,102.46875,23.171875,4.578125,2.515625,10.75,6.5625,6.171875,5.484375,6.21875,4.9375,97.5625,44.765625,116.296875,32.71875,4.75,2.859375,1.46875,0.734375,1.609375,1.046875,1.671875,1.21875,8.4375,21.0,620.75,14,0,0,1,3,5,2,0,0,0,2,3,0,0,182.88,185.42,170.0,0.5,0.0,0.530625,0.339375,0.71875,0.180625,0.0,0.375,0.0,0.0,53.375,28.875,44.4375,14.8125,67.75,42.4375,51.6875,21.1875,2.25,1.625,1.8125,0.625,37.6875,14.8125,28.1875,5.3125,7.4375,6.4375,7.8125,4.8125,8.25,7.625,8.4375,4.6875,41.1875,20.125,41.0,12.875,4.3125,3.5,2.4375,1.4375,7.875,5.25,1.0,0.5,143.25,67.25,559.75,13,0,3,0,3,4,1,0,0,1,2,1,0,0,185.42,187.96,170.0,30.0,35.0,0,0,0,0,0,0,0,0,0,1,0,0,0,0,0,1,0,0,0,0,1,0,0,0
Red,False,1.046875,0.5,0.577265625,0.462421875,0.73140625,0.134375,1.0,0.5625,0.0,0.0,62.9140625,36.21875,87.8203125,50.171875,83.5234375,56.3671875,110.078125,71.0078125,2.515625,1.828125,1.3359375,0.296875,55.890625,31.8515625,74.7578125,41.0234375,3.8515625,2.1171875,6.75,4.59375,3.171875,2.25,6.3125,4.5546875,36.2578125,16.4453125,51.9765625,18.484375,10.125,6.59375,6.75,5.625,16.53125,13.1796875,29.09375,26.0625,183.78125,39.8828125,549.921875,19,0,0,1,2,3,5,0,0,0,1,2,0,0,175.26,180.34,185.0,0.0026321411132812,0.125,0.4749935150146484,0.5162456512451172,0.5508772277832031,0.5044964599609375,0.031341552734375,1.00787353515625,0.0,0.0,78.72775268554688,36.42189025878906,130.4396743774414,67.40579223632812,110.27587890625,64.11986541748047,160.3857879638672,96.23991394042967,6.4107208251953125,4.065238952636719,0.8004150390625,0.5248489379882812,64.91637420654297,24.20879364013672,100.7566146850586,43.79625701904297,3.2377243041992188,2.3970184326171875,20.638336181640625,15.678176879882812,10.573654174804688,9.816078186035156,9.044723510742188,7.931358337402344,61.42744445800781,26.4617919921875,111.23948669433594,51.90660095214844,10.023307800292969,4.905876159667969,6.908378601074219,5.2708587646484375,7.277000427246094,5.054222106933594,12.29180908203125,10.22833251953125,405.4094543457031,10.704254150390623,844.4639358520508,49,3,4,0,6,12,6,0,1,2,4,5,0,0,175.26,175.26,185.0,39.0,33.0,0,0,0,0,0,0,0,1,0,0,0,0,0,0,0,0,0,1,0,0,0,0,1,0
Red,False,0.0,0.0,0.46,0.38,0.0,0.35,0.0,0.0,0.0,0.0,60.0,28.0,71.0,27.0,118.0,83.0,94.0,43.0,2.0,0.0,14.0,5.0,25.0,7.0,51.0,16.0,28.0,16.0,15.0,8.0,7.0,5.0,5.0,3.0,37.0,13.0,45.0,15.0,22.0,15.0,23.0,11.0,1.0,0.0,3.0,1.0,88.0,670.0,900.0,3,0,0,1,0,0,1,0,0,0,0,0,0,0,180.34,180.34,155.0,0.015625,0.015625,0.41640625,0.469375,0.078125,0.40453125,0.375,0.0,0.0,0.015625,93.53125,39.03125,78.0625,36.65625,103.640625,48.578125,92.234375,46.40625,1.046875,0.265625,4.375,1.78125,63.65625,16.46875,51.5625,17.0625,17.015625,11.359375,15.3125,11.609375,12.859375,11.203125,11.1875,7.984375,77.84375,28.828125,65.609375,28.296875,11.078125,6.375,9.140625,5.5625,4.609375,3.828125,3.3125,2.796875,89.609375,222.671875,807.140625,20,0,2,0,2,4,3,0,0,1,1,1,1,0,180.34,177.8,155.0,34.0,32.0,0,0,0,0,0,0,1,0,0,0,0,0,0,0,0,1,0,0,0,0,1,0,0,0
Blue,False,0.30078125,0.25,0.3471484375,0.552578125,0.03125,0.5121875,0.0,0.51171875,0.0,0.0,18.35546875,8.27734375,21.375,10.73046875,21.96875,11.765625,28.625,16.98046875,0.14453125,0.0625,2.3203125,1.0703125,11.92578125,3.7890625,16.05078125,7.01171875,3.48046875,2.48828125,2.6796875,1.90625,2.94921875,2.0,2.64453125,1.8125,14.2265625,4.72265625,14.390625,5.02734375,2.6328125,2.1328125,3.203125,2.1953125,1.49609375,1.421875,3.78125,3.5078125,39.859375,98.87890625,250.765625,13,0,0,1,4,5,4,0,0,0,1,4,0,0,187.96,193.04,205.0,2.0,0.0,0.46,0.43,0.0,1.0,0.0,0.0,0.0,0.0,91.0,42.0,83.0,36.0,107.0,50.0,136.0,78.0,0.0,0.0,3.0,3.0,75.0,33.0,68.0,25.0,11.0,7.0,9.0,6.0,5.0,2.0,6.0,5.0,74.0,32.0,65.0,25.0,0.0,0.0,0.0,0.0,17.0,10.0,18.0,11.0,13.0,270.0,520.0,2,0,1,0,1,1,0,0,0,0,0,1,0,0,182.88,185.42,185.0,33.0,27.0,0,0,0,0,0,0,0,1,0,0,0,0,0,0,0,1,0,0,0,0,1,0,0,0
Red,False,0.0,0.0,0.38,0.36,0.0,0.4,0.0,0.0,1.0,0.0,214.0,82.0,168.0,61.0,237.0,99.0,175.0,68.0,0.0,0.0,5.0,2.0,180.0,55.0,136.0,39.0,21.0,15.0,13.0,6.0,13.0,12.0,19.0,16.0,202.0,75.0,160.0,57.0,8.0,5.0,5.0,3.0,4.0,2.0,3.0,1.0,178.0,52.0,900.0,3,0,1,0,1,1,0,0,0,0,1,0,0,0,190.5,193.04,185.0,0.0,0.0,0.41,0.25,0.0,1.0,1.0,0.0,0.0,0.0,34.0,14.0,20.0,5.0,39.0,18.0,21.0,6.0,2.0,0.0,1.0,1.0,33.0,13.0,16.0,2.0,1.0,1.0,1.0,1.0,0.0,0.0,3.0,2.0,24.0,8.0,20.0,5.0,7.0,3.0,0.0,0.0,3.0,3.0,0.0,0.0,65.0,39.0,252.0,1,0,1,0,1,1,0,0,0,0,0,0,1,0,185.42,195.58,185.0,35.0,29.0,0,0,0,0,0,0,0,1,0,0,0,0,0,0,0,1,0,0,0,0,0,0,1,0
Red,False,0.0,0.5,0.455,0.415,0.375,0.375,1.0,2.0,0.0,0.0,80.5,39.5,78.5,33.0,125.5,81.0,103.0,52.0,2.5,1.5,2.0,1.5,61.5,24.5,58.5,19.5,13.5,11.5,15.5,11.5,5.5,3.5,4.5,2.0,55.0,21.0,57.0,18.5,10.5,7.0,16.5,12.0,15.0,11.5,5.0,2.5,206.5,93.5,692.0,5,1,1,0,1,1,1,0,0,0,1,0,0,0,170.18,165.1,135.0,0.0471682548522949,0.0,0.45,0.4217682266235352,0.25,0.19173828125,0.1875,0.125,0.0,0.0,69.5,30.5,66.984375,27.8466796875,94.0,48.544921875,88.50390625,44.75,2.0,0.8125,2.015625,0.6640625,54.0,19.01513671875,51.483436584472656,16.9437255859375,7.91796875,5.430633544921875,7.75,5.0625,4.780975341796875,3.9373779296875,4.8994140625,3.84375,51.025390625,18.400863647460938,50.515625,17.5,5.75,3.75,5.5,3.5,5.375,3.6875,4.0,2.65625,104.865234375,89.5,655.8441009521484,0,0,0,0,0,0,0,0,0,0,0,0,0,0,172.72,172.72,135.0,34.0,29.0,1,0,0,0,0,0,0,0,0,0,0,0,0,0,0,1,0,0,0,0,1,0,0,0
Red,False,0.5637245178222656,0.1875,0.5546090888977051,0.3920179939270019,0.2541333389282226,0.0184694671630859,0.0181121826171875,0.0820999145507812,0.00201416015625,0.0,38.37336730957031,21.37583541870117,33.55553436279297,14.817352294921877,55.61850547790527,38.23764991760254,37.32629585266113,18.053340911865234,0.6098384857177734,0.5204944610595703,1.3819026947021484,0.0541095733642578,29.14240837097168,14.681198120117188,24.128931045532227,8.383623123168945,5.994350433349609,3.5897159576416016,5.32489013671875,2.93117904663086,3.2366085052490234,3.104921340942383,4.101713180541992,3.5025501251220703,24.461408615112305,10.96718406677246,25.552753448486328,10.279226303100586,4.439964294433594,2.737020492553711,6.859922409057617,3.5050125122070312,9.471994400024414,7.671630859375,1.1428585052490234,1.0331134796142578,71.08266067504883,44.84572792053223,316.85057640075684,44,0,1,0,4,11,9,0,0,2,3,6,0,0,182.88,187.96,185.0,0.015625,0.25,0.6381249999999999,0.63015625,0.37078125,0.0,0.296875,0.0,0.015625,0.03125,47.59375,30.8125,33.359375,16.671875,63.625,44.671875,41.40625,23.796875,4.1875,1.203125,0.28125,0.0,40.171875,25.015625,28.515625,12.9375,6.09375,4.46875,2.421875,1.875,1.328125,1.328125,2.421875,1.859375,17.328125,7.984375,20.078125,8.71875,2.875,1.578125,1.53125,0.953125,27.390625,21.25,11.75,7.0,204.671875,31.953125,471.625,13,0,5,0,5,6,1,0,0,0,1,2,3,0,185.42,182.88,185.0,36.0,37.0,0,0,0,0,0,0,0,1,0,0,0,0,0,0,0,1,0,0,0,0,1,0,0,0
Red,False,0.25,0.25,0.6325000000000001,0.3325,0.0,0.425,0.0,0.0,0.0,0.0,60.5,38.75,88.5,28.75,74.0,50.75,91.75,31.5,1.0,0.0,4.25,3.0,48.5,27.5,76.5,20.0,6.0,5.75,9.0,6.5,6.0,5.5,3.0,2.25,48.0,27.25,67.25,17.5,8.5,7.5,9.75,5.25,4.0,4.0,11.5,6.0,96.0,153.75,535.25,5,0,0,1,2,2,1,0,0,0,1,1,0,0,180.34,195.58,185.0,0.2607421875,0.5,0.3780859375,0.479482421875,0.0412109375,0.1059375,0.068359375,0.0390625,0.03125,0.0625,28.6689453125,13.58203125,31.0205078125,13.6728515625,35.291015625,19.673828125,34.8583984375,17.1669921875,0.8173828125,0.3369140625,1.6103515625,0.828125,26.6865234375,12.189453125,27.4814453125,10.49609375,1.98046875,1.390625,2.67578125,2.3759765625,0.001953125,0.001953125,0.86328125,0.80078125,21.7958984375,9.056640625,23.78125,8.41015625,2.6494140625,1.701171875,4.8486328125,3.1376953125,4.2236328125,2.82421875,2.390625,2.125,37.3916015625,39.064453125,185.3759765625,23,1,5,0,5,8,3,0,0,0,1,3,3,1,187.96,193.04,205.0,32.0,37.0,0,0,0,0,0,1,0,0,0,0,0,0,0,0,0,0,0,0,1,0,1,0,0,0
Blue,True,0.5,0.0,0.49,0.4075,0.0,0.06875,0.0,0.0,0.0,0.0,46.5,22.625,36.625,10.25,53.625,29.625,62.25,31.25,0.0,0.0,4.0,0.375,33.875,12.125,26.875,4.5,8.5,7.5,4.875,2.625,4.125,3.0,4.875,3.125,35.125,12.625,26.0,5.5,11.375,10.0,4.125,3.0,0.0,0.0,6.5,1.75,47.125,118.375,360.5,7,0,1,0,2,3,1,0,0,1,0,2,0,0,175.26,180.34,135.0,0.125,0.0,0.35125,0.40125,0.1875,0.265,0.0,0.5,0.0,0.0,171.875,53.3125,140.0,59.75,184.75,65.625,164.625,83.5625,0.1875,0.1875,6.1875,2.0,118.9375,25.125,97.0,32.6875,25.4375,13.0,12.875,4.9375,27.5,15.1875,30.125,22.125,166.4375,48.875,130.9375,53.125,4.8125,4.0625,4.0,2.5625,0.625,0.375,5.0625,4.0625,70.4375,159.1875,1259.875,18,2,3,0,3,3,2,0,0,1,1,1,0,0,172.72,175.26,135.0,32.0,35.0,0,0,0,0,0,0,0,0,0,0,0,1,0,0,0,1,0,0,0,0,0,0,1,0
Red,False,1.6689300537109375e-05,0.00390625,0.3742066019773483,0.3321443700790405,0.5377151733636856,0.2367926269769668,0.5584109425544739,0.2910788655281067,0.0395527482032775,0.0004886388778686,97.24245649576189,39.68060314655304,101.88271701335908,36.00548392534256,113.97582513093948,54.124504804611206,122.44165003299712,55.10697400569916,3.5123214721679688,2.162075102329254,1.761898398399353,0.9558183550834656,79.53002828359604,26.40784966945648,85.31519782543182,24.121793270111084,12.902986526489258,9.608911335468292,11.735314071178436,8.234228610992432,4.809441685676575,3.6638421416282654,4.83220511674881,3.649462044239044,80.84708601236343,30.178273737430573,88.25921338796616,27.24018907546997,9.350228190422058,4.834426283836365,4.943551480770111,3.5400367379188538,7.045142292976379,4.667903125286102,8.679952144622803,5.225258111953735,214.22933381795883,138.6331064105034,787.8541876673698,59,0,2,0,7,17,8,0,0,2,6,3,6,0,172.72,180.34,155.0,0.703125,0.515625,0.5278369140625,0.3941119384765625,0.1034774780273437,0.0031805419921875,0.07513427734375,0.1356201171875,0.000518798828125,0.0,45.16748046875,24.317138671875,43.8125,17.169952392578125,48.080596923828125,27.117431640625,47.02560424804688,20.376373291015625,1.030975341796875,0.568695068359375,0.082427978515625,0.00689697265625,39.007598876953125,19.76864624023437,35.0640869140625,12.973419189453123,2.26953125,1.331878662109375,5.25238037109375,2.205291748046875,3.890350341796875,3.21661376953125,3.49603271484375,1.991241455078125,30.571502685546875,15.162872314453123,38.362060546875,13.390533447265623,7.574798583984375,4.16424560546875,2.605255126953125,1.44110107421875,7.02117919921875,4.990020751953125,2.845184326171875,2.33831787109375,77.53683471679688,10.616729736328123,228.7337646484375,31,0,4,0,4,12,4,0,0,0,4,5,3,0,175.26,182.88,155.0,33.0,28.0,0,0,0,0,0,0,1,0,0,0,0,0,0,0,0,0,0,1,0,0,0,0,1,0
Red,False,0.0,0.25,0.3775,0.4425,0.3025,0.0825,0.75,0.125,0.0,0.125,25.125,9.125,36.125,17.5,37.25,19.125,59.75,39.75,6.875,2.375,0.625,0.25,17.5,4.375,28.25,10.875,3.25,1.875,4.875,3.75,4.375,2.875,3.0,2.875,21.75,6.625,21.875,8.625,0.875,0.5,8.625,5.125,2.5,2.0,5.625,3.75,43.875,267.5,428.875,7,0,1,0,1,2,2,0,0,0,0,0,2,0,177.8,180.34,125.0,0.0,0.234375,0.44171875,0.36484375,0.465625,0.1503125,0.59375,0.0,0.140625,0.546875,50.234375,19.875,51.78125,18.484375,76.4375,40.875,63.234375,28.71875,10.140625,4.203125,2.171875,0.78125,42.703125,13.53125,44.4375,12.96875,3.34375,2.84375,5.703125,4.296875,4.1875,3.5,1.640625,1.21875,38.40625,11.984375,43.234375,13.734375,6.328125,4.21875,5.96875,3.03125,5.5,3.671875,2.578125,1.71875,199.296875,23.71875,461.25,17,0,1,0,2,5,2,0,0,0,3,0,2,0,162.56,165.1,125.0,27.0,32.0,0,0,0,1,0,0,0,0,0,0,0,0,0,0,0,0,0,1,0,0,0,0,1,0
Red,False,0.28515625,0.5,0.4928515624999999,0.399375,0.011015625,0.0,0.0234375,0.0,0.0,0.0,34.21875,16.0546875,33.91796875,17.9375,44.140625,25.55078125,36.48828125,20.45703125,2.58984375,0.1015625,0.15625,0.0,32.9140625,14.87109375,31.3828125,15.5234375,0.91796875,0.8671875,1.8671875,1.78125,0.38671875,0.31640625,0.66796875,0.6328125,16.35546875,6.015625,23.59375,10.9921875,11.140625,6.984375,5.61328125,3.765625,6.72265625,3.0546875,4.7109375,3.1796875,75.90234375,3.9140625,202.3515625,15,0,2,0,5,7,2,0,0,0,2,4,1,0,185.42,195.58,185.0,0.2844839096069336,0.34375,0.464809160232544,0.4340707302093506,0.0010414123535156,0.5751962280273437,0.0029487609863281,0.1259765625,1.9073486328125e-06,0.0009765625,85.11372566223145,42.35728645324707,144.32966136932373,55.40383052825928,93.95109367370604,50.749603271484375,220.1741428375244,118.99507331848145,0.0010490417480468,0.0010414123535156,2.1284351348876958,1.6046466827392578,62.02197170257568,24.10996437072754,113.21838569641112,34.888251304626465,10.915647506713867,7.929858207702637,11.288894653320312,5.605788230895996,12.176106452941896,10.317463874816896,19.822381019592285,14.909790992736816,80.32908630371094,38.91242027282715,121.71081447601318,41.50689029693604,3.328099250793457,2.589358329772949,3.971767425537109,1.9045047760009768,1.4565401077270508,0.8555078506469727,18.64707946777344,11.992435455322266,2.2174978256225586,354.89830589294434,1059.8636798858645,52,13,16,0,16,16,5,0,0,0,2,11,3,0,187.96,195.58,185.0,33.0,41.0,0,0,0,0,0,0,0,1,0,0,0,0,0,0,0,0,0,1,0,0,0,0,1,0
Blue,False,0.0,1.25,0.355,0.4449999999999999,0.25,0.0,0.0,0.0,0.0,0.0,92.0,37.25,90.0,42.75,117.25,58.0,96.75,48.75,3.0,1.25,0.0,0.0,84.75,32.5,57.25,17.0,2.75,1.75,12.0,7.75,4.5,3.0,20.75,18.0,84.75,32.0,79.75,35.5,2.5,1.25,1.5,1.25,4.75,4.0,8.75,6.0,96.5,25.75,479.25,7,0,0,1,1,1,2,0,0,0,0,1,0,0,180.34,182.88,170.0,0.5,0.0,0.475,0.40375,0.61375,0.1125,0.5,0.625,0.0,0.0,64.375,31.25,42.625,17.875,73.625,40.125,57.875,31.0,1.875,0.875,5.375,0.875,52.5,21.75,28.5,7.5,7.125,5.375,2.75,1.25,4.75,4.125,11.375,9.125,42.25,13.5,32.25,11.5,11.5,10.125,6.25,3.75,10.625,7.625,4.125,2.625,187.375,156.125,515.875,10,0,1,0,2,3,1,0,0,0,1,1,1,0,190.5,198.12,170.0,28.0,26.0,0,0,0,0,0,0,0,0,0,1,0,0,0,0,0,1,0,0,0,0,1,0,0,0
Blue,False,0.0,0.25,0.54,0.3199999999999999,0.65,0.0,1.25,1.0,1.0,2.0,25.75,15.0,16.5,5.0,65.25,39.75,39.75,24.5,3.25,2.75,0.0,0.0,20.25,9.75,9.5,2.0,5.0,4.75,3.5,0.25,0.5,0.5,3.5,2.75,18.0,8.75,14.0,3.75,3.5,2.25,0.25,0.0,4.25,4.0,2.25,1.25,313.5,122.0,591.0,6,0,1,0,1,2,1,0,0,0,1,0,1,0,177.8,177.8,155.0,0.015625,0.125640869140625,0.6170637512207031,0.5272135925292969,0.5925314331054687,0.2064186096191406,1.1296844482421875,0.3632049560546875,0.0,0.0634918212890625,78.97262573242188,44.211944580078125,64.402099609375,34.09002685546875,116.37014770507812,77.37599182128906,87.481689453125,52.898956298828125,7.311614990234375,3.91229248046875,2.757186889648437,0.9331817626953124,62.529571533203125,31.744064331054688,51.46687316894531,24.097442626953125,12.073806762695312,9.155975341796877,6.9256439208984375,5.046112060546875,4.3692474365234375,3.3119049072265625,6.00958251953125,4.94647216796875,51.52958679199219,22.67315673828125,49.85519409179688,23.620880126953125,10.646713256835938,6.674224853515625,7.5405426025390625,5.807159423828125,16.79632568359375,14.86456298828125,7.006362915039063,4.6619873046875,338.79664611816406,104.0087890625,696.2490234375,46,0,1,0,4,11,6,0,0,2,6,2,1,0,172.72,172.72,145.0,25.0,32.0,0,0,0,0,0,0,1,0,0,0,0,0,0,0,0,0,0,1,0,0,1,0,0,0
Red,False,0.0,0.0,0.3040625,0.4015625,0.0625,0.9303125,0.1875,0.125,0.09375,0.0,97.8125,27.90625,108.8125,43.5625,115.84375,44.0625,117.03125,50.0,2.84375,0.75,3.09375,2.6875,77.53125,15.625,74.65625,20.09375,16.375,9.40625,14.8125,8.84375,3.90625,2.875,19.34375,14.625,90.0,22.28125,92.96875,33.84375,6.1875,4.8125,9.0,6.40625,1.625,0.8125,6.84375,3.3125,60.1875,156.28125,873.84375,16,1,0,3,1,1,5,0,0,1,0,0,0,0,175.26,182.88,145.0,0.0,0.0,0.37,0.51,0.0,0.33,0.0,2.0,0.0,0.0,156.0,58.0,279.0,144.0,161.0,63.0,330.0,185.0,3.0,0.0,9.0,3.0,130.0,43.0,262.0,132.0,21.0,10.0,17.0,12.0,5.0,5.0,0.0,0.0,140.0,48.0,242.0,116.0,9.0,6.0,16.0,14.0,7.0,4.0,21.0,14.0,0.0,423.0,900.0,3,0,0,1,0,0,1,0,0,0,0,0,0,0,182.88,177.8,145.0,33.0,27.0,0,0,1,0,0,0,0,0,0,0,0,0,0,0,0,1,0,0,0,0,0,0,1,0
Red,False,0.0,0.0,0.3397656249999999,0.271953125,0.222265625,0.0,0.2578125,0.0546875,0.5625,1.015625,42.71875,18.703125,84.6171875,21.7890625,53.171875,28.765625,101.5546875,36.9296875,3.953125,1.3046875,0.1328125,0.0,36.7421875,13.7421875,71.1328125,12.1484375,4.6640625,3.6484375,5.1640625,3.5078125,1.3125,1.3125,8.3203125,6.1328125,37.40625,14.71875,66.5546875,11.5859375,3.125,2.7734375,2.4609375,2.2890625,2.1875,1.2109375,15.6015625,7.9140625,130.0078125,139.734375,592.7265625,17,0,1,0,1,4,4,0,0,1,1,1,1,0,180.34,193.04,170.0,0.03125,0.15625,0.3659375,0.414375,0.1459375,0.206875,0.09375,0.625,0.21875,0.0,150.375,54.5,102.46875,38.8125,171.375,74.25,123.53125,55.78125,2.875,1.09375,5.6875,1.65625,110.4375,28.5,86.5,27.75,31.84375,19.1875,10.90625,6.5,8.09375,6.8125,5.0625,4.5625,132.5,42.875,81.6875,26.375,12.59375,7.9375,12.65625,6.03125,5.28125,3.6875,8.125,6.40625,123.0,307.78125,1050.0,20,0,4,0,4,5,1,0,0,0,5,0,0,0,185.42,187.96,170.0,38.0,33.0,0,0,0,0,0,0,0,0,0,1,0,0,0,0,0,1,0,0,0,0,0,0,1,0
Red,False,0.25,0.0,0.535,0.4075,0.0,0.58,0.0,0.5,0.25,0.0,67.75,39.5,59.25,24.75,90.25,59.5,82.25,43.5,0.25,0.0,6.5,1.5,49.75,25.0,43.0,13.25,14.25,10.75,9.5,5.75,3.75,3.75,6.75,5.75,38.25,16.5,47.75,17.5,27.0,21.25,10.5,7.0,2.5,1.75,1.0,0.25,77.0,255.5,533.5,7,0,1,0,1,1,2,0,0,0,1,0,0,0,160.02,162.56,115.0,0.03125,0.0,0.6423046875,0.4437890625,0.50125,0.13453125,0.66015625,0.23828125,0.0,0.0,82.60546875,49.34375,51.0390625,20.9609375,108.6328125,71.28515625,60.7734375,30.19921875,2.46484375,1.734375,2.33203125,0.28125,64.40625,33.578125,37.34765625,11.05859375,16.1953125,13.88671875,9.41796875,5.9609375,2.00390625,1.87890625,4.2734375,3.94140625,48.3046875,26.0,39.41015625,12.69921875,21.703125,14.984375,9.71484375,7.2578125,12.59765625,8.359375,1.9140625,1.00390625,182.15234375,34.0390625,409.47265625,18,0,0,1,3,6,3,0,0,1,2,1,2,0,154.94,157.48,115.0,32.0,25.0,0,0,0,0,0,0,0,0,0,0,0,0,0,1,0,1,0,0,0,0,1,0,0,0
Red,False,0.0,0.0,0.56,0.49,0.0,0.2,0.0,0.0,0.0,0.0,182.0,103.0,189.0,94.0,217.0,135.0,194.0,99.0,0.0,0.0,10.0,2.0,111.0,42.0,143.0,55.0,30.0,22.0,40.0,33.0,41.0,39.0,6.0,6.0,149.0,81.0,162.0,76.0,31.0,22.0,27.0,18.0,2.0,0.0,0.0,0.0,30.0,171.0,900.0,3,0,1,0,1,1,0,0,0,0,1,0,0,0,172.72,172.72,155.0,0.0625,0.125,0.6956249999999999,0.29171875,0.1159375,0.1965625,1.484375,0.078125,0.078125,0.109375,27.625,11.484375,50.03125,31.625,33.828125,15.734375,78.3125,56.171875,1.234375,0.390625,2.9375,1.84375,24.1875,9.359375,39.453125,22.875,3.328125,2.015625,8.421875,6.90625,0.109375,0.109375,2.15625,1.84375,22.34375,7.328125,23.75,8.984375,3.640625,2.546875,9.984375,8.6875,1.640625,1.609375,16.296875,13.953125,72.4375,163.578125,368.546875,15,0,0,1,4,5,2,0,0,0,1,1,3,0,180.34,182.88,145.0,30.0,31.0,0,0,1,0,0,0,0,0,0,0,0,0,0,0,0,1,0,0,0,0,1,0,0,0
Blue,False,0.03125,1.125,0.360625,0.4578125,0.0,0.190625,0.15625,0.0,0.09375,0.0,76.90625,34.15625,79.59375,37.65625,90.40625,47.65625,88.8125,46.0625,0.15625,0.0,4.1875,1.28125,63.03125,27.21875,62.875,24.6875,11.09375,5.15625,9.6875,6.96875,2.78125,1.78125,7.03125,6.0,73.4375,31.625,56.53125,21.84375,3.40625,2.53125,8.9375,5.9375,0.0625,0.0,14.125,9.875,26.3125,139.75,475.8125,12,0,5,0,5,5,1,0,0,0,3,0,2,0,190.5,193.04,155.0,0.09765625,0.0,0.3417187499999999,0.3783984375,0.55359375,0.5450390625,0.2578125,0.75,0.0,0.0,52.33984375,21.328125,40.609375,13.6015625,64.640625,33.6015625,56.38671875,28.30859375,2.515625,1.71875,4.38671875,1.68359375,46.92578125,17.3046875,34.90234375,10.80859375,5.30078125,3.91015625,3.04296875,1.453125,0.11328125,0.11328125,2.6640625,1.33984375,41.13671875,14.83984375,36.56640625,11.28515625,5.25390625,2.8515625,2.8515625,1.2265625,5.94921875,3.63671875,1.19140625,1.08984375,138.3125,147.32421875,578.1328125,18,0,1,0,3,6,3,0,0,0,1,3,1,0,172.72,177.8,155.0,29.0,33.0,0,0,0,0,0,0,1,0,0,0,0,0,0,0,0,1,0,0,0,0,1,0,0,0
Blue,False,0.015625,0.0,0.45,0.4275,0.25,0.2,0.148468017578125,0.098388671875,0.0,0.0,66.5,29.6875,64.31230545043945,27.34375,89.75,48.0,85.53125,44.41152191162109,2.0,0.75,2.0546875,0.75,51.1875,18.3359375,49.6123046875,16.280410766601562,7.5,5.07647705078125,7.5,5.0,4.5,3.625,4.984375,3.9375,48.6875,17.0,47.11572265625,16.5,5.75,3.75,5.3125,3.4375,5.0625,3.5,3.875,2.5,99.2119140625,94.125,638.5,0,0,0,0,0,0,0,0,0,0,0,0,0,0,185.42,187.96,205.0,0.25,0.03125,0.28703125,0.73484375,0.30984375,0.02453125,0.0,0.515625,0.0,0.0,22.78125,13.53125,18.296875,11.3125,26.703125,17.25,25.296875,18.015625,1.859375,0.765625,0.546875,0.078125,13.96875,6.359375,13.828125,7.828125,7.28125,6.28125,2.34375,1.890625,1.53125,0.890625,2.125,1.59375,7.96875,3.140625,10.078125,4.734375,11.421875,7.34375,7.53125,5.890625,3.390625,3.046875,0.6875,0.6875,76.734375,9.859375,242.640625,12,0,0,1,1,3,4,0,0,0,1,2,0,0,195.58,193.04,260.0,31.0,36.0,0,0,0,0,1,0,0,0,0,0,0,0,0,0,0,1,0,0,0,0,1,0,0,0
Blue,False,0.015625,0.0,0.45,0.4275,0.25,0.2,0.148468017578125,0.098388671875,0.0,0.0,66.5,29.6875,64.31230545043945,27.34375,89.75,48.0,85.53125,44.41152191162109,2.0,0.75,2.0546875,0.75,51.1875,18.3359375,49.6123046875,16.280410766601562,7.5,5.07647705078125,7.5,5.0,4.5,3.625,4.984375,3.9375,48.6875,17.0,47.11572265625,16.5,5.75,3.75,5.3125,3.4375,5.0625,3.5,3.875,2.5,99.2119140625,94.125,638.5,0,0,0,0,0,0,0,0,0,0,0,0,0,0,187.96,190.5,205.0,0.046875,0.5,0.383837890625,0.6384375,0.40421875,0.19796875,0.005859375,0.5703125,0.0625,0.0,77.5791015625,29.9990234375,71.9501953125,47.56640625,89.2236328125,39.5810546875,82.1796875,57.1044921875,2.00390625,1.150390625,3.7060546875,1.1640625,58.01171875,17.9794921875,35.8203125,19.0380859375,12.2626953125,6.7373046875,13.318359375,10.8896484375,7.3046875,5.2822265625,22.8115234375,17.638671875,63.4638671875,20.5576171875,50.5595703125,31.0546875,7.8779296875,4.978515625,12.4609375,9.19140625,6.2373046875,4.462890625,8.9296875,7.3203125,159.443359375,113.36328125,789.908203125,27,1,4,0,4,7,4,0,1,0,1,4,1,0,190.5,203.2,205.0,27.0,33.0,0,0,0,0,0,1,0,0,0,0,0,0,0,0,0,1,0,0,0,0,0,0,1,0
Blue,False,0.0,0.0,0.505,0.525,0.75,0.265,1.5,0.25,0.75,0.75,30.25,15.5,32.75,20.25,48.75,30.5,72.25,55.0,1.75,0.75,2.0,1.0,18.75,7.5,25.75,14.0,8.75,6.0,5.0,4.25,2.75,2.0,2.0,2.0,21.5,8.75,12.75,4.75,6.0,4.5,7.0,5.75,2.75,2.25,13.0,9.75,145.0,199.25,405.75,6,0,1,0,1,2,1,0,0,0,0,0,2,0,162.56,165.1,115.0,0.0,0.0,0.48,0.45,0.5,0.0,0.0,0.0,0.0,0.0,134.0,65.0,87.0,40.0,200.0,120.0,127.0,74.0,2.0,1.0,4.0,0.0,86.0,28.0,59.0,17.0,30.0,22.0,21.0,16.0,18.0,15.0,7.0,7.0,81.0,35.0,70.0,26.0,48.0,26.0,17.0,14.0,5.0,4.0,0.0,0.0,201.0,138.0,900.0,3,0,1,0,1,1,0,0,0,0,1,0,0,0,165.1,167.64,125.0,32.0,23.0,0,0,0,0,0,0,0,0,0,0,0,0,0,1,0,1,0,0,0,0,1,0,0,0
Blue,False,0.125,0.0,0.3025,0.31125,0.3125,0.415,0.875,0.0,0.0,0.5,110.75,31.5,86.25,31.875,148.625,64.875,97.125,41.0,1.25,1.125,4.125,2.5,99.5,24.75,75.75,24.25,6.5,4.25,4.875,4.0,4.75,2.5,5.625,3.625,100.5,24.625,80.5,29.375,3.75,3.0,1.25,0.5,6.5,3.875,4.5,2.0,97.625,207.75,827.5,11,1,3,0,3,3,1,0,0,0,0,1,2,0,170.18,182.88,145.0,0.04931640625,0.31591796875,0.534765625,0.3446142578125,0.4928125,0.03564453125,0.33447265625,0.08642578125,0.5087890625,0.3125,87.36181640625,47.3623046875,42.90234375,15.1923828125,125.5732421875,82.60400390625,51.4970703125,23.486328125,7.6533203125,3.84912109375,2.18798828125,0.25244140625,66.2734375,32.52880859375,32.75732421875,9.63818359375,10.60546875,4.80078125,6.8955078125,3.654296875,10.48291015625,10.03271484375,3.24951171875,1.89990234375,51.53564453125,18.7255859375,37.20849609375,10.33447265625,6.3134765625,4.34375,3.94873046875,3.25146484375,29.5126953125,24.29296875,1.7451171875,1.6064453125,335.98779296875,145.67529296875,806.58447265625,29,1,0,1,7,9,3,0,0,2,4,1,2,0,167.64,167.64,155.0,29.0,30.0,0,0,1,0,0,0,0,0,0,0,0,0,0,0,0,1,0,0,0,0,1,0,0,0
Red,False,0.0,0.0,0.48,0.48375,0.385,0.5225,0.125,1.75,1.625,0.75,76.75,29.625,47.5,25.625,145.5,92.125,65.125,42.375,5.125,2.0,6.375,3.875,67.0,21.375,37.0,17.625,3.75,3.375,3.0,2.375,6.0,4.875,7.5,5.625,58.75,15.875,45.0,23.375,0.875,0.375,1.0,0.75,17.125,13.375,1.5,1.5,373.375,258.375,900.0,12,0,1,0,1,2,2,0,0,1,1,0,0,0,165.1,170.18,135.0,0.0471682548522949,0.0,0.45,0.4217682266235352,0.25,0.19173828125,0.1875,0.125,0.0,0.0,69.5,30.5,66.984375,27.8466796875,94.0,48.544921875,88.50390625,44.75,2.0,0.8125,2.015625,0.6640625,54.0,19.01513671875,51.483436584472656,16.9437255859375,7.91796875,5.430633544921875,7.75,5.0625,4.780975341796875,3.9373779296875,4.8994140625,3.84375,51.025390625,18.400863647460938,50.515625,17.5,5.75,3.75,5.5,3.5,5.375,3.6875,4.0,2.65625,104.865234375,89.5,655.8441009521484,0,0,0,0,0,0,0,0,0,0,0,0,0,0,175.26,182.88,145.0,26.0,21.0,1,0,0,0,0,0,0,0,0,0,0,0,0,0,0,1,0,0,0,0,1,0,0,0
Red,False,0.0,0.5,0.4475,0.40875,0.0825,0.06625,0.125,0.375,0.0,0.25,91.0,41.0,107.75,43.375,105.0,52.875,120.75,54.875,1.0,0.25,1.5,0.25,75.0,30.5,79.5,27.125,13.625,8.25,18.75,10.75,2.375,2.25,9.5,5.5,70.0,26.125,89.375,31.625,17.5,11.875,10.375,6.25,3.5,3.0,8.0,5.5,99.75,91.75,527.125,9,0,0,1,2,2,2,0,0,0,1,0,1,0,167.64,162.56,125.0,0.125,0.0,0.5025,0.2925,0.145,0.25,0.0,0.0,0.0,0.0,128.25,65.75,131.125,38.25,168.5,101.0,146.25,50.25,3.125,0.375,2.75,1.0,90.125,35.625,103.125,20.125,20.125,13.125,21.125,12.375,18.0,17.0,6.875,5.75,110.625,53.125,120.625,32.25,13.875,9.75,5.625,2.75,3.75,2.875,4.875,3.25,179.0,78.875,900.0,12,0,3,0,3,3,1,0,0,0,3,0,0,0,154.94,152.4,115.0,27.0,27.0,0,0,0,0,0,0,0,0,0,0,0,0,0,1,0,1,0,0,0,0,1,0,0,0
Blue,False,0.5,0.0,0.4649999999999999,0.645,0.0,0.75,0.0,0.5,0.0,0.0,17.0,8.5,25.0,17.5,45.0,34.0,90.0,66.5,0.0,0.0,7.0,4.0,16.0,8.0,16.5,11.5,1.0,0.5,4.0,3.0,0.0,0.0,4.5,3.0,12.0,4.0,12.5,7.0,1.5,1.5,0.0,0.0,3.5,3.0,12.5,10.5,0.0,455.5,573.5,4,1,0,2,0,0,2,0,0,0,0,0,0,0,185.42,193.04,205.0,0.0,0.0,0.42,0.82,0.0,0.75,0.0,0.0,0.0,0.0,14.0,6.0,29.0,24.0,21.0,10.0,76.0,62.0,0.0,0.0,4.0,3.0,5.0,1.0,25.0,20.0,4.0,4.0,4.0,4.0,5.0,1.0,0.0,0.0,13.0,5.0,11.0,6.0,1.0,1.0,1.0,1.0,0.0,0.0,17.0,17.0,29.0,175.0,285.0,1,0,0,1,0,0,1,0,0,0,0,0,0,0,185.42,190.5,205.0,26.0,32.0,0,0,0,0,0,1,0,0,0,0,0,0,0,0,0,0,0,1,0,0,1,0,0,0
Blue,False,0.0,0.0,0.4024999999999999,0.52,0.275,0.2875,2.25,0.0,0.0,0.5,159.25,55.5,84.5,40.75,180.5,74.75,111.25,65.5,7.0,2.25,4.5,2.5,141.0,42.0,73.5,35.75,9.25,6.75,4.0,1.5,9.0,6.75,7.0,3.5,147.75,46.75,75.75,34.75,3.75,1.5,1.25,0.0,7.75,7.25,7.5,6.0,158.0,275.75,900.0,9,0,0,1,2,2,1,0,0,1,1,0,0,0,177.8,180.34,145.0,0.2578125,0.066650390625,0.39720703125,0.3406982421875,0.799306640625,0.5282171630859376,0.0111083984375,0.33221435546875,0.2955322265625,0.00836181640625,160.6484375,66.54290771484375,219.59039306640625,75.01116943359375,168.28857421875,72.2476806640625,227.0548095703125,81.44744873046875,2.133056640625,1.883056640625,2.2698974609375,1.415771484375,130.8795166015625,45.373779296875,176.151123046875,41.51470947265625,18.53839111328125,12.9349365234375,18.082763671875,11.06072998046875,11.23052978515625,8.23419189453125,25.35650634765625,22.43572998046875,146.44390869140625,56.67523193359375,205.23480224609372,66.1617431640625,9.7755126953125,6.52923583984375,5.61041259765625,3.96954345703125,4.42901611328125,3.33843994140625,8.74517822265625,4.8798828125,112.43853759765624,76.28778076171875,1140.9708251953125,41,0,0,2,2,7,8,0,0,2,3,0,2,0,177.8,185.42,145.0,24.0,28.0,0,0,1,0,0,0,0,0,0,0,0,0,0,0,0,1,0,0,0,0,0,0,1,0
Blue,False,0.015625,0.0,0.45,0.4275,0.25,0.2,0.148468017578125,0.098388671875,0.0,0.0,66.5,29.6875,64.31230545043945,27.34375,89.75,48.0,85.53125,44.41152191162109,2.0,0.75,2.0546875,0.75,51.1875,18.3359375,49.6123046875,16.280410766601562,7.5,5.07647705078125,7.5,5.0,4.5,3.625,4.984375,3.9375,48.6875,17.0,47.11572265625,16.5,5.75,3.75,5.3125,3.4375,5.0625,3.5,3.875,2.5,99.2119140625,94.125,638.5,0,0,0,0,0,0,0,0,0,0,0,0,0,0,187.96,200.66,205.0,0.0,0.5,0.62,0.585,0.165,0.5,0.25,1.5,0.5,0.0,65.0,39.25,79.75,44.5,76.0,49.0,107.25,70.25,1.5,0.5,1.25,0.75,42.75,21.5,67.5,34.25,17.75,14.5,10.75,8.75,4.5,3.25,1.5,1.5,34.75,15.5,53.75,25.25,19.75,15.25,16.75,12.25,10.5,8.5,9.25,7.0,166.5,126.5,493.0,6,0,2,0,2,2,1,0,0,0,0,1,1,0,190.5,193.04,205.0,28.0,27.0,0,0,0,0,0,1,0,0,0,0,0,0,0,0,0,1,0,0,0,0,1,0,0,0
Blue,False,0.375,0.25,0.42125,0.49,0.78625,0.554375,0.0,0.375,0.5,0.0,66.8125,30.875,43.0,19.9375,74.1875,37.9375,64.3125,39.5625,1.625,1.0,2.25,1.3125,56.1875,23.625,36.75,15.0,5.3125,3.0625,3.125,2.0625,5.3125,4.1875,3.125,2.875,55.1875,22.625,37.4375,15.5625,1.5625,0.625,2.625,2.0,10.0625,7.625,2.9375,2.375,51.3125,128.1875,390.375,11,0,1,0,1,3,2,0,0,1,0,2,0,0,182.88,180.34,170.0,0.0471682548522949,0.0,0.45,0.4217682266235352,0.25,0.19173828125,0.1875,0.125,0.0,0.0,69.5,30.5,66.984375,27.8466796875,94.0,48.544921875,88.50390625,44.75,2.0,0.8125,2.015625,0.6640625,54.0,19.01513671875,51.483436584472656,16.9437255859375,7.91796875,5.430633544921875,7.75,5.0625,4.780975341796875,3.9373779296875,4.8994140625,3.84375,51.025390625,18.400863647460938,50.515625,17.5,5.75,3.75,5.5,3.5,5.375,3.6875,4.0,2.65625,104.865234375,89.5,655.8441009521484,0,0,0,0,0,0,0,0,0,0,0,0,0,0,182.88,187.96,170.0,28.0,26.0,0,0,0,0,0,0,0,0,0,1,0,0,0,0,0,1,0,0,0,0,1,0,0,0
Blue,False,0.5234375,0.0,0.4830078125,0.4896484375,0.0,0.002578125,0.125,0.0,0.0,0.0,103.35546875,49.375,116.1796875,51.76171875,108.52734375,54.234375,122.21484375,57.359375,1.0,0.0,1.30859375,0.0078125,80.97265625,30.08203125,84.94921875,30.2578125,12.25390625,10.7265625,19.34765625,11.09765625,10.12890625,8.56640625,11.8828125,10.40625,90.05859375,40.14453125,112.3515625,48.92578125,7.34375,5.90625,3.765625,2.8046875,5.953125,3.32421875,0.0625,0.03125,36.3203125,57.9140625,686.453125,16,0,0,1,3,6,3,0,0,0,1,4,1,0,187.96,190.5,205.0,0.6408538818359375,0.5117383003234863,0.5651156187057496,0.3972478580474853,0.518354549407959,0.0635025453567504,0.0186271667480468,0.0044937133789062,0.0002455711364746,7.62939453125e-06,32.02131462097168,18.287240505218502,49.07237720489502,19.402954578399655,45.96009922027588,31.045307159423828,57.22894859313965,26.613452434539795,1.3855156898498535,1.0402655601501465,0.319404125213623,0.1001100540161132,18.441388607025143,7.548222064971924,35.25606155395508,8.826480388641357,7.702304840087891,6.241466522216797,7.205007076263428,5.02987813949585,5.877621173858643,4.497551918029785,6.611308574676514,5.546596050262451,27.370742321014404,14.752322673797607,44.59659481048584,16.37221097946167,2.118327617645264,1.1767616271972656,2.675971031188965,1.4287657737731934,2.532244682312012,2.358156204223633,1.7998113632202148,1.601977825164795,158.5722541809082,26.04558563232422,462.2352161407471,45,1,4,0,4,13,9,0,0,0,4,6,3,0,182.88,187.96,185.0,30.0,37.0,0,0,0,0,0,0,0,1,0,0,0,0,0,0,0,0,0,1,0,0,1,0,0,0
Red,False,0.0,0.0,0.52625,0.4725,0.7050000000000001,0.6875,1.25,0.25,0.5,1.0,46.125,23.25,26.25,13.5,139.0,105.875,48.625,33.0,3.375,2.125,2.5,1.875,38.875,17.5,18.625,7.5,5.5,4.375,5.875,4.5,1.75,1.375,1.75,1.5,15.0,3.75,15.375,6.0,5.75,3.75,5.875,3.5,25.375,15.75,5.0,4.0,310.75,364.125,742.25,8,1,4,0,4,4,0,0,0,0,2,2,0,0,167.64,175.26,135.0,0.0,0.0,0.5175,0.3974999999999999,0.57,0.145,0.0,0.5,0.25,0.0,120.25,58.5,136.75,43.5,152.75,90.0,186.5,88.5,6.0,2.75,2.5,0.75,81.75,32.75,89.25,18.75,10.75,4.25,18.5,7.5,27.75,21.5,29.0,17.25,107.25,48.5,121.5,33.0,7.75,5.75,5.0,3.5,5.25,4.25,10.25,7.0,194.5,195.0,1200.0,11,0,1,0,1,2,1,0,0,1,1,0,0,0,165.1,167.64,125.0,27.0,28.0,0,0,0,0,0,0,0,0,0,0,1,0,0,0,0,1,0,0,0,0,0,0,1,0
Blue,False,0.2890625,0.00537109375,0.56591796875,0.3713916015624999,0.3336669921875,0.3416796875,0.3212890625,0.0048828125,0.0078125,0.00048828125,125.6953125,63.6806640625,79.1689453125,31.10693359375,146.10986328125,81.71240234375,84.85302734375,36.59521484375,0.8671875,0.466796875,2.3251953125,0.8583984375,97.89794921875,42.05908203125,52.48828125,13.86962890625,16.32275390625,12.71044921875,13.99365234375,7.9892578125,11.474609375,8.9111328125,12.68701171875,9.248046875,99.30078125,45.0712890625,73.06640625,27.69384765625,16.06689453125,11.91796875,5.9306640625,3.27099609375,10.32763671875,6.69140625,0.171875,0.14208984375,67.3330078125,55.375,589.91552734375,33,0,2,0,3,8,4,0,0,0,5,2,1,0,180.34,187.96,170.0,1.628793716430664,0.5000839233398438,0.5114362263679504,0.4839797019958496,0.3691350436210632,0.0507232999801635,0.4464123249053955,0.5000004768371582,0.0040283203125,0.0001220703125,111.6297299861908,54.17589068412781,95.0710608959198,48.69046592712402,115.88595414161682,58.09394288063049,99.87216091156006,52.35288047790527,2.3469669818878174,0.5747725963592529,2.551654577255249,0.2550051212310791,88.80823731422424,34.746442556381226,65.0258538722992,26.14000153541565,11.761993885040283,8.792532920837402,25.2942967414856,18.60227656364441,11.05949878692627,10.63691520690918,4.75091028213501,3.948187828063965,102.53780555725098,48.218785524368286,87.09234523773193,42.578330278396606,5.0315446853637695,2.540285587310791,6.8829121589660645,5.423140048980713,4.06037974357605,3.4168195724487305,1.0958034992218018,0.6889955997467041,67.09323382377625,31.57201385498047,550.7479147911072,48,1,4,0,8,19,4,0,0,0,6,8,5,0,185.42,185.42,155.0,32.0,33.0,0,0,0,0,0,0,0,0,0,1,0,0,0,0,0,1,0,0,0,0,1,0,0,0
Blue,False,0.125,0.0,0.72125,0.23875,0.0,0.31125,0.5,0.0,0.0,0.0,21.625,10.125,11.5,4.375,25.375,13.5,16.125,8.75,0.0,0.0,2.75,0.875,18.75,7.625,7.75,2.625,1.625,1.375,1.0,0.375,1.25,1.125,2.75,1.375,15.875,7.125,9.875,4.0,1.375,1.125,1.5,0.375,4.375,1.875,0.125,0.0,14.25,66.25,216.125,6,0,4,0,4,4,0,0,0,0,0,2,1,1,193.04,210.82,250.0,0.0492591857910156,0.4064960479736328,0.5596410369873046,0.6542428016662598,0.2539072036743164,0.5146096134185791,0.0010395050048828,0.5019540786743164,0.0,0.5000009536743164,49.45393753051758,28.357644081115723,56.04262828826904,36.03363037109375,62.82127666473389,40.46935272216797,95.2722749710083,70.31796455383301,1.0122089385986328,0.5039072036743164,1.6671075820922852,0.8281269073486328,36.876983642578125,16.936198234558105,44.356367111206055,26.19507884979248,7.526773452758789,7.125833511352539,10.555188179016112,8.724125862121582,5.050180435180664,4.295612335205078,1.131072998046875,1.1144256591796875,34.27843379974365,16.188448905944824,22.56294631958008,10.682013511657717,12.953465461730955,9.972692489624023,12.720370292663574,9.217312812805176,2.2220382690429688,2.196502685546875,20.75931167602539,16.13430404663086,98.30881023406982,233.9052362442017,566.0331153869629,40,5,1,0,7,14,7,0,0,1,2,9,2,0,190.5,195.58,240.0,30.0,37.0,0,0,0,0,1,0,0,0,0,0,0,0,0,0,0,1,0,0,0,0,1,0,0,0
Red,False,0.0,0.0,0.4875,0.263125,0.54,0.29125,1.5625,0.0625,0.0,0.0,65.6875,32.5,32.9375,9.1875,97.8125,61.875,68.8125,42.1875,4.4375,1.8125,3.5,1.75,38.25,12.875,25.0,5.875,16.6875,12.0625,5.1875,1.875,10.75,7.5625,2.75,1.4375,43.1875,16.4375,29.5625,7.4375,10.6875,8.4375,3.125,1.625,11.8125,7.625,0.25,0.125,286.6875,213.5625,789.0,14,0,4,0,4,4,1,0,0,0,1,1,2,0,170.18,180.34,135.0,0.0078125,0.00390625,0.4185546875,0.3175,0.2276953125,0.19375,0.09375,0.31640625,0.0,0.0,140.37890625,59.71875,152.08984375,48.7578125,147.14453125,66.0703125,161.73046875,56.20703125,3.53125,0.98046875,4.9609375,1.125,103.75390625,33.68359375,116.90234375,24.93359375,14.55859375,9.8125,14.6171875,8.953125,22.06640625,16.22265625,20.5703125,14.87109375,122.8359375,51.0390625,145.01171875,45.609375,14.14453125,6.42578125,6.578125,2.6484375,3.3984375,2.25390625,0.5,0.5,37.11328125,49.8515625,877.3046875,23,0,0,1,7,7,2,0,0,1,4,1,1,0,165.1,167.64,135.0,27.0,34.0,1,0,0,0,0,0,0,0,0,0,0,0,0,0,0,1,0,0,0,0,1,0,0,0
Red,False,0.5,0.0,0.435,0.37,0.495,0.225,0.0,0.5,0.0,0.5,142.0,63.0,137.0,51.0,179.5,96.0,163.5,72.0,4.5,2.0,6.5,1.5,116.5,45.5,89.0,21.5,18.0,11.5,28.5,16.0,7.5,6.0,19.5,13.5,116.0,48.5,121.5,39.5,16.0,9.0,15.5,11.5,10.0,5.5,0.0,0.0,106.5,134.5,900.0,6,0,0,1,1,1,1,0,0,1,0,0,0,0,182.88,187.96,185.0,0.0,0.0,0.6950000000000001,0.375,0.25,0.0,0.5,0.5,0.0,0.0,8.5,6.0,12.0,5.0,10.0,7.5,15.5,8.5,3.0,0.5,0.0,0.0,6.5,4.5,10.5,3.5,1.5,1.0,1.5,1.5,0.5,0.5,0.0,0.0,5.5,3.5,9.0,3.0,2.0,1.5,2.0,1.5,1.0,1.0,1.0,0.5,78.0,42.5,170.5,2,0,0,1,1,1,1,0,0,0,0,0,1,0,185.42,185.42,185.0,27.0,30.0,0,0,0,0,0,0,0,1,0,0,0,0,0,0,0,1,0,0,0,0,1,0,0,0
Red,False,0.015625,0.0,0.45,0.4275,0.25,0.2,0.148468017578125,0.098388671875,0.0,0.0,66.5,29.6875,64.31230545043945,27.34375,89.75,48.0,85.53125,44.41152191162109,2.0,0.75,2.0546875,0.75,51.1875,18.3359375,49.6123046875,16.280410766601562,7.5,5.07647705078125,7.5,5.0,4.5,3.625,4.984375,3.9375,48.6875,17.0,47.11572265625,16.5,5.75,3.75,5.3125,3.4375,5.0625,3.5,3.875,2.5,99.2119140625,94.125,638.5,0,0,0,0,0,0,0,0,0,0,0,0,0,0,167.64,172.72,125.0,0.0471682548522949,0.0,0.45,0.4217682266235352,0.25,0.19173828125,0.1875,0.125,0.0,0.0,69.5,30.5,66.984375,27.8466796875,94.0,48.544921875,88.50390625,44.75,2.0,0.8125,2.015625,0.6640625,54.0,19.01513671875,51.483436584472656,16.9437255859375,7.91796875,5.430633544921875,7.75,5.0625,4.780975341796875,3.9373779296875,4.8994140625,3.84375,51.025390625,18.400863647460938,50.515625,17.5,5.75,3.75,5.5,3.5,5.375,3.6875,4.0,2.65625,104.865234375,89.5,655.8441009521484,0,0,0,0,0,0,0,0,0,0,0,0,0,0,165.1,170.18,125.0,25.0,26.0,0,0,0,1,0,0,0,0,0,0,0,0,0,0,0,1,0,0,0,0,1,0,0,0
Red,False,0.015625,0.0,0.45,0.4275,0.25,0.2,0.148468017578125,0.098388671875,0.0,0.0,66.5,29.6875,64.31230545043945,27.34375,89.75,48.0,85.53125,44.41152191162109,2.0,0.75,2.0546875,0.75,51.1875,18.3359375,49.6123046875,16.280410766601562,7.5,5.07647705078125,7.5,5.0,4.5,3.625,4.984375,3.9375,48.6875,17.0,47.11572265625,16.5,5.75,3.75,5.3125,3.4375,5.0625,3.5,3.875,2.5,99.2119140625,94.125,638.5,0,0,0,0,0,0,0,0,0,0,0,0,0,0,182.88,182.88,205.0,0.375,0.0,0.499375,0.168125,0.0,0.5,0.5,0.625,0.5,0.0,16.4375,10.4375,7.5,3.0,37.4375,29.625,10.0,5.0,0.0,0.0,0.625,0.5,13.8125,8.125,6.625,2.25,1.0625,0.75,0.75,0.625,1.5625,1.5625,0.125,0.125,7.25,2.9375,5.25,1.0625,1.8125,1.75,1.625,1.4375,7.375,5.75,0.625,0.5,76.3125,29.25,129.5625,5,0,2,0,2,3,2,0,0,0,0,2,1,0,185.42,190.5,253.0,26.0,31.0,0,0,0,0,0,1,0,0,0,0,0,0,0,0,0,0,0,0,1,0,1,0,0,0
Red,False,0.0,0.0,0.26,0.62,0.0,0.5,0.0,1.0,1.0,1.0,53.0,14.0,77.0,48.0,78.0,39.0,101.0,70.0,0.0,0.0,14.0,7.0,47.0,9.0,56.0,31.0,1.0,1.0,17.0,14.0,5.0,4.0,4.0,3.0,52.0,14.0,67.0,40.0,1.0,0.0,4.0,2.0,0.0,0.0,6.0,6.0,86.0,403.0,900.0,3,0,0,1,0,0,1,0,0,0,0,0,0,0,175.26,175.26,155.0,0.0,1.0,0.33,0.48,0.0,0.0,0.0,0.0,0.0,0.0,30.0,10.0,41.0,20.0,30.0,10.0,45.0,23.0,0.0,0.0,1.0,0.0,25.0,6.0,34.0,14.0,1.0,1.0,3.0,2.0,4.0,3.0,4.0,4.0,29.0,9.0,29.0,15.0,1.0,1.0,10.0,4.0,0.0,0.0,2.0,1.0,0.0,11.0,105.0,1,0,0,1,0,0,1,0,0,0,0,0,0,0,187.96,187.96,155.0,27.0,26.0,0,0,0,0,0,0,1,0,0,0,0,0,0,0,0,1,0,0,0,0,0,0,1,0
Blue,False,0.0,1.0,0.28,0.26,0.0,0.0,0.0,0.0,0.0,0.0,38.0,11.0,41.0,11.0,38.0,11.0,41.0,11.0,0.0,0.0,0.0,0.0,26.0,5.0,37.0,8.0,1.0,0.0,2.0,1.0,11.0,6.0,2.0,2.0,36.0,10.0,39.0,10.0,1.0,1.0,0.0,0.0,1.0,0.0,2.0,1.0,0.0,5.0,258.0,1,0,0,1,0,0,1,0,0,0,0,0,0,0,167.64,165.1,135.0,0.0,0.5,0.424375,0.4493749999999999,0.22625,0.11,0.125,0.0,0.3125,0.0,128.875,55.9375,113.375,50.125,147.1875,71.6875,122.125,58.75,4.3125,1.125,5.125,1.0,89.375,29.6875,96.6875,36.3125,18.625,8.8125,14.0,11.375,20.875,17.4375,2.6875,2.4375,104.3125,40.5625,95.5625,36.1875,18.4375,11.875,15.125,11.875,6.125,3.5,2.6875,2.0625,139.3125,50.375,807.0,15,0,3,0,3,3,2,0,0,1,2,0,0,0,167.64,167.64,135.0,33.0,36.0,1,0,0,0,0,0,0,0,0,0,0,0,0,0,0,1,0,0,0,0,1,0,0,0
Red,False,0.0,0.0,0.36,0.56,0.0,0.0,1.0,0.0,0.0,0.0,82.0,30.0,81.0,46.0,112.0,57.0,108.0,69.0,2.0,0.0,1.0,0.0,80.0,30.0,62.0,31.0,2.0,0.0,16.0,12.0,0.0,0.0,3.0,3.0,70.0,23.0,52.0,21.0,4.0,3.0,0.0,0.0,8.0,4.0,29.0,25.0,18.0,555.0,900.0,3,0,0,1,0,0,1,0,0,0,0,0,0,0,175.26,180.34,155.0,0.2501225471496582,0.04052734375,0.4677975034713745,0.4897151184082031,0.4501141881942749,0.0618414688110351,0.5229339599609375,0.0050048828125,0.0274128913879394,0.0019617080688476,96.71199989318848,40.56464529037476,131.38746166229248,61.250802993774414,120.74617862701416,62.58986282348633,145.22428131103516,73.14221286773682,2.624392032623291,1.619288444519043,2.0534210205078125,0.1837882995605468,88.96657705307007,35.74207592010498,105.85303115844728,41.22848463058472,5.95144510269165,4.03249979019165,22.06143093109131,16.622171878814697,1.7939777374267578,0.790069580078125,3.4729995727539062,3.400146484375,75.49953508377075,24.715729236602783,105.9262351989746,46.61200571060181,11.586592197418211,8.280764102935791,23.21463108062744,12.512055397033691,9.625872611999512,7.568151950836182,2.2465953826904297,2.126741886138916,202.84795713424683,21.64961290359497,629.8253636360168,43,0,3,0,3,13,9,0,0,0,1,4,7,1,177.8,180.34,155.0,24.0,32.0,0,0,0,0,0,0,1,0,0,0,0,0,0,0,0,1,0,0,0,0,1,0,0,0
Blue,False,0.25,0.203125,0.44296875,0.3503125,0.344375,0.2371875,0.171875,0.265625,0.515625,0.265625,121.1875,53.21875,102.3125,35.3125,150.25,78.96875,128.703125,58.484375,6.53125,1.921875,4.765625,0.859375,110.8125,45.21875,81.296875,19.9375,4.90625,2.890625,13.578125,8.984375,5.46875,5.109375,7.4375,6.390625,100.234375,41.578125,86.421875,24.46875,6.90625,4.296875,9.859375,7.4375,14.046875,7.34375,6.03125,3.40625,255.8125,148.171875,836.421875,20,0,1,0,2,5,2,0,0,0,5,0,0,0,167.64,175.26,125.0,0.00390625,0.15625,0.38625,0.4915625,0.03671875,0.271640625,0.33203125,0.1484375,0.125,0.0,92.17578125,34.65625,84.90234375,41.94140625,104.08984375,45.03515625,109.93359375,64.56640625,2.390625,0.140625,2.49609375,1.34765625,68.13671875,17.31640625,51.85546875,17.7890625,12.7265625,8.38671875,17.05859375,10.73046875,11.3125,8.953125,15.98828125,13.421875,79.8359375,24.03515625,70.265625,30.72265625,7.5390625,6.2265625,6.33203125,4.671875,4.80078125,4.39453125,8.3046875,6.546875,65.71484375,194.04296875,849.87109375,25,1,2,0,2,5,4,0,0,1,0,1,3,0,167.64,167.64,125.0,23.0,32.0,0,0,0,1,0,0,0,0,0,0,0,0,0,0,0,1,0,0,0,0,1,0,0,0
Red,False,0.125,0.375,0.4275,0.2825,0.2925,0.15,0.25,0.5,0.25,0.0,150.625,61.25,122.625,34.375,169.375,78.75,128.125,39.375,4.25,1.75,1.375,0.75,105.375,30.25,98.375,21.625,35.0,22.25,15.625,6.875,10.25,8.75,8.625,5.875,131.375,49.375,112.25,29.0,17.25,10.375,7.25,3.75,2.0,1.5,3.125,1.625,54.375,140.5,777.0,10,0,1,0,1,2,2,0,0,0,1,1,0,0,182.88,180.34,155.0,0.0,0.0,0.3718749999999999,0.445625,0.288125,0.16625,0.9375,0.375,0.0,0.0,88.0,36.875,94.125,51.125,94.375,42.125,101.5625,57.5,5.125,1.25,1.1875,0.375,80.1875,31.25,51.0,17.875,4.375,2.75,22.625,16.5625,3.4375,2.875,20.5,16.6875,81.75,32.5625,85.375,44.625,6.25,4.3125,8.6875,6.4375,0.0,0.0,0.0625,0.0625,201.0,44.0625,623.875,11,0,0,2,1,2,3,0,0,0,0,0,2,0,182.88,185.42,170.0,28.0,27.0,0,0,0,0,0,0,1,0,0,0,0,0,0,0,0,0,0,1,0,0,1,0,0,0
Red,False,0.0,0.5,0.2987499999999999,0.39125,0.14625,0.0,0.0,0.0,0.0,0.0,42.125,11.125,65.875,25.75,71.875,35.0,72.5,32.0,7.0,1.875,0.75,0.0,38.25,7.625,57.875,20.375,2.625,2.375,5.25,3.375,1.25,1.125,2.75,2.0,32.875,5.0,50.625,14.875,2.875,1.25,5.125,3.75,6.375,4.875,10.125,7.125,213.875,30.375,570.25,11,0,0,1,1,1,3,0,0,0,1,0,0,0,190.5,195.58,240.0,0.25,0.0,0.405,0.6025,0.3475,0.5,1.25,0.0,0.5,1.0,24.75,9.75,30.0,19.25,60.25,42.75,67.75,57.0,4.5,2.25,0.75,0.5,21.75,7.25,26.0,15.75,1.75,1.75,3.5,3.0,1.25,0.75,0.5,0.5,16.5,4.0,13.25,6.75,3.75,2.75,9.25,5.5,4.5,3.0,7.5,7.0,293.0,141.0,534.75,5,0,2,0,2,2,1,0,0,0,0,1,1,0,187.96,203.2,240.0,26.0,39.0,0,0,0,0,1,0,0,0,0,0,0,0,0,0,0,1,0,0,0,0,1,0,0,0
Blue,False,0.015625,0.0,0.45,0.4275,0.25,0.2,0.148468017578125,0.098388671875,0.0,0.0,66.5,29.6875,64.31230545043945,27.34375,89.75,48.0,85.53125,44.41152191162109,2.0,0.75,2.0546875,0.75,51.1875,18.3359375,49.6123046875,16.280410766601562,7.5,5.07647705078125,7.5,5.0,4.5,3.625,4.984375,3.9375,48.6875,17.0,47.11572265625,16.5,5.75,3.75,5.3125,3.4375,5.0625,3.5,3.875,2.5,99.2119140625,94.125,638.5,0,0,0,0,0,0,0,0,0,0,0,0,0,0,175.26,177.8,155.0,0.0471682548522949,0.0,0.45,0.4217682266235352,0.25,0.19173828125,0.1875,0.125,0.0,0.0,69.5,30.5,66.984375,27.8466796875,94.0,48.544921875,88.50390625,44.75,2.0,0.8125,2.015625,0.6640625,54.0,19.01513671875,51.483436584472656,16.9437255859375,7.91796875,5.430633544921875,7.75,5.0625,4.780975341796875,3.9373779296875,4.8994140625,3.84375,51.025390625,18.400863647460938,50.515625,17.5,5.75,3.75,5.5,3.5,5.375,3.6875,4.0,2.65625,104.865234375,89.5,655.8441009521484,0,0,0,0,0,0,0,0,0,0,0,0,0,0,182.88,185.42,155.0,28.0,28.0,0,0,0,0,0,0,1,0,0,0,0,0,0,0,0,1,0,0,0,0,1,0,0,0
Blue,False,0.0029296875,0.75390625,0.47134765625,0.6139453125000001,0.5009765625,0.376484375,0.162109375,0.505859375,0.0,0.5009765625,68.2314453125,32.3310546875,82.34765625,46.375,106.3935546875,68.6923828125,96.4921875,59.5146484375,0.5205078125,0.5009765625,1.2724609375,0.8173828125,48.12890625,18.455078125,64.3759765625,33.5205078125,18.0810546875,11.8583984375,7.59375,4.259765625,2.021484375,2.017578125,10.3779296875,8.5947265625,54.8955078125,23.099609375,53.6201171875,25.7509765625,9.6884765625,6.396484375,12.1162109375,8.7978515625,3.6474609375,2.8349609375,16.611328125,11.826171875,51.6689453125,182.6123046875,475.119140625,22,0,3,0,3,7,4,0,0,1,1,2,3,0,187.96,195.58,170.0,0.0,0.2529296875,0.391845703125,0.405546875,0.201728515625,0.0369238281249999,0.62890625,0.1875,0.0,0.0,85.630859375,33.490234375,79.8525390625,31.5263671875,120.84375,65.09375,92.6650390625,43.8154296875,10.9150390625,2.5732421875,0.9990234375,0.2529296875,64.4921875,20.318359375,67.646484375,24.34375,13.501953125,6.8037109375,10.2216796875,5.3681640625,7.63671875,6.3681640625,1.984375,1.814453125,75.10546875,25.21484375,67.484375,24.73046875,6.818359375,5.28125,10.8017578125,5.8564453125,3.70703125,2.994140625,1.56640625,0.939453125,284.8271484375,52.662109375,738.166015625,30,1,3,0,3,7,4,0,0,1,4,0,2,0,180.34,190.5,170.0,33.0,32.0,0,0,0,0,0,0,0,0,0,1,0,0,0,0,0,1,0,0,0,0,1,0,0,0
Red,False,0.0322272777557373,0.0,0.286092369556427,0.5465059232711792,0.0836195468902588,0.611299467086792,0.0652332305908203,1.1444091796875e-05,6.103515625e-05,0.1406440734863281,83.01571846008301,26.06190538406372,186.4112868309021,101.41667461395264,121.23948454856873,62.31590580940247,251.0499930381775,160.6725950241089,1.2422325611114502,0.2836494445800781,3.323117733001709,2.058833360671997,78.72693943977356,23.098461866378784,153.16810870170593,77.7114794254303,4.024010419845581,2.7768123149871826,23.285497188568115,16.220494747161865,0.2647686004638672,0.1866312026977539,9.957680940628052,7.484700441360474,75.42931318283081,22.03242135047913,131.36484742164612,63.00145363807678,6.6065709590911865,3.410149335861206,11.714305400848389,7.237182140350342,0.9798343181610109,0.6193346977233887,43.33213400840759,31.178038835525516,40.87794733047485,378.66694045066833,866.9817831516266,68,11,3,0,3,12,11,0,0,0,1,6,4,1,175.26,177.8,155.0,0.25,0.0,0.415,0.33125,0.610625,0.688125,0.4375,0.0,0.125,0.0,206.6875,78.375,125.0625,40.625,218.9375,88.75,144.0625,55.25,3.0625,1.4375,2.3125,1.1875,160.0,40.9375,105.625,28.9375,19.375,13.25,10.4375,6.9375,27.3125,24.1875,9.0,4.75,186.3125,66.0,114.25,34.875,6.5,4.3125,5.75,3.0,13.875,8.0625,5.0625,2.75,94.75,137.9375,1083.75,16,1,5,0,5,5,0,0,0,2,2,1,0,0,180.34,180.34,145.0,38.0,24.0,0,0,1,0,0,0,0,0,0,0,0,0,0,0,0,1,0,0,0,0,1,0,0,0
Blue,False,1.0,0.0,0.4,0.57,0.0,0.0,0.0,1.0,0.0,1.0,124.0,50.0,76.0,44.0,177.0,96.0,85.0,53.0,0.0,0.0,0.0,0.0,114.0,42.0,44.0,17.0,6.0,4.0,27.0,23.0,4.0,4.0,5.0,4.0,88.0,27.0,49.0,25.0,18.0,11.0,20.0,16.0,18.0,12.0,7.0,3.0,168.0,173.0,583.0,2,0,0,1,0,0,1,0,0,0,0,0,0,0,190.5,193.04,205.0,0.0,0.0,0.5,0.4,0.0,0.0,0.0,0.0,0.0,0.0,6.0,3.0,20.0,8.0,6.0,3.0,21.0,9.0,1.0,0.0,0.0,0.0,1.0,0.0,17.0,5.0,1.0,1.0,3.0,3.0,4.0,2.0,0.0,0.0,6.0,3.0,6.0,3.0,0.0,0.0,1.0,0.0,0.0,0.0,13.0,5.0,0.0,6.0,94.0,1,0,0,1,0,0,1,0,0,0,0,0,0,0,180.34,185.42,205.0,38.0,36.0,0,0,0,0,0,1,0,0,0,0,0,0,0,0,0,1,0,0,0,0,1,0,0,0
Red,False,0.0,0.0,0.35,0.49,0.0,0.0,0.0,0.0,0.0,0.0,166.0,59.0,230.0,113.0,167.0,60.0,231.0,114.0,0.0,0.0,0.0,0.0,120.0,26.0,228.0,111.0,14.0,7.0,2.0,2.0,32.0,26.0,0.0,0.0,164.0,58.0,226.0,110.0,2.0,1.0,4.0,3.0,0.0,0.0,0.0,0.0,0.0,0.0,900.0,3,0,0,1,0,0,1,0,0,0,0,0,0,0,193.04,198.12,250.0,0.375,0.0625,0.363125,0.4031249999999999,0.0,0.1162499999999999,0.5,0.0,0.0,0.0,77.25,28.1875,93.4375,35.75,81.8125,32.25,103.0,43.125,0.0625,0.0,4.75,0.6875,61.8125,18.375,69.0,18.875,10.875,6.25,7.8125,4.375,4.5625,3.5625,16.625,12.5,62.375,19.0625,78.8125,29.4375,9.875,5.625,10.3125,4.5,5.0,3.5,4.3125,1.8125,14.75,57.9375,645.9375,10,0,0,3,1,1,4,0,0,0,0,1,0,0,195.58,195.58,250.0,27.0,33.0,0,0,0,0,1,0,0,0,0,0,0,0,0,0,0,1,0,0,0,0,0,0,1,0
Blue,False,0.0,1.0,0.33,0.79,0.0,0.0,0.0,0.0,0.0,0.0,39.0,13.0,34.0,27.0,39.0,13.0,34.0,27.0,3.0,0.0,0.0,0.0,35.0,10.0,22.0,15.0,4.0,3.0,9.0,9.0,0.0,0.0,3.0,3.0,38.0,12.0,24.0,17.0,1.0,1.0,4.0,4.0,0.0,0.0,6.0,6.0,40.0,6.0,164.0,1,0,0,1,0,0,1,0,0,0,0,0,0,0,182.88,187.96,247.0,0.0,0.0,0.41,0.46,0.0,0.14,0.0,1.0,0.0,0.0,34.0,14.0,43.0,20.0,95.0,66.0,141.0,77.0,1.0,0.0,7.0,1.0,26.0,8.0,39.0,16.0,5.0,4.0,4.0,4.0,3.0,2.0,0.0,0.0,22.0,6.0,15.0,4.0,11.0,7.0,9.0,4.0,1.0,1.0,19.0,12.0,0.0,361.0,538.0,2,0,0,1,0,0,1,0,0,0,0,0,0,0,187.96,187.96,253.0,31.0,34.0,0,0,0,0,1,0,0,0,0,0,0,0,0,0,0,1,0,0,0,0,0,0,0,1
Blue,False,0.0,0.0,0.525,0.54,0.25,0.275,1.0,0.0,0.5,0.5,108.5,57.5,86.5,46.5,134.5,80.0,121.0,78.0,1.5,0.5,7.0,2.0,68.0,28.0,55.5,25.5,27.0,17.5,15.0,9.5,13.5,12.0,16.0,11.5,87.5,44.5,62.5,29.0,19.5,12.0,17.5,13.5,1.5,1.0,6.5,4.0,162.0,286.5,900.0,6,0,0,2,0,0,2,0,0,0,0,0,0,0,165.1,162.56,115.0,0.0,0.0,0.3,0.4599999999999999,0.5,0.08,0.0,0.5,0.0,0.0,170.5,54.0,188.0,81.5,194.5,74.5,238.0,121.0,1.5,0.5,5.0,0.5,147.5,37.5,172.0,72.0,13.0,7.5,11.5,6.5,10.0,9.0,4.5,3.0,163.5,49.0,158.0,60.0,5.5,3.5,19.0,13.0,1.5,1.5,11.0,8.5,125.5,227.0,900.0,6,0,0,2,0,0,2,0,0,0,0,0,0,0,170.18,162.56,115.0,31.0,31.0,0,0,0,0,0,0,0,0,0,0,0,0,0,1,0,1,0,0,0,0,1,0,0,0
Red,False,0.375,0.125,0.43875,0.4425,0.04125,0.04125,0.125,0.125,0.0,0.0,110.5,49.75,128.75,57.625,124.75,64.0,151.625,80.0,1.125,0.125,4.375,0.125,80.625,25.25,94.625,31.375,12.625,9.625,24.375,18.5,17.25,14.875,9.75,7.75,96.625,41.875,100.75,37.875,13.0,7.125,26.625,18.625,0.875,0.75,1.375,1.125,81.125,225.875,948.5,14,0,1,0,1,2,2,0,0,0,2,0,0,0,177.8,177.8,170.0,0.158203125,0.1259765625,0.6548501586914063,0.26110595703125,0.3226522827148437,0.0118267822265625,0.281524658203125,0.0015869140625,0.0006103515625,0.00146484375,23.07452392578125,13.472259521484377,21.58822631835937,9.38116455078125,103.57296752929688,88.82223510742188,24.49090576171875,11.697479248046877,3.468780517578125,0.92266845703125,0.8927001953125,0.067169189453125,19.946044921875,11.177825927734377,14.63140869140625,4.56036376953125,2.75604248046875,1.95623779296875,3.915191650390625,2.210845947265625,0.3724365234375,0.33819580078125,3.0416259765625,2.609954833984375,7.88055419921875,2.235992431640625,13.3236083984375,4.5401611328125,4.617034912109375,2.929473876953125,6.920928955078125,3.936431884765625,10.576934814453123,8.306793212890625,1.34368896484375,0.904571533203125,208.81231689453125,67.69314575195312,366.8607482910156,39,0,2,0,4,12,4,0,0,1,6,4,1,0,187.96,193.04,170.0,30.0,35.0,0,0,0,0,0,0,0,0,0,1,0,0,0,0,0,0,0,0,1,0,0,0,1,0
Blue,False,0.0,0.0,0.5,0.4443749999999999,0.515,0.36125,1.25,0.0,0.0625,0.4375,40.625,19.75,69.9375,33.625,74.3125,51.0625,96.0625,56.8125,6.0625,2.25,3.375,2.125,33.4375,14.0,50.875,20.125,6.4375,5.5625,14.6875,9.25,0.75,0.1875,4.375,4.25,17.5625,4.1875,50.875,16.375,4.5625,3.25,8.6875,7.25,18.5,12.3125,10.375,10.0,356.9375,245.6875,836.8125,13,0,0,1,3,3,2,0,0,0,1,0,2,0,162.56,160.02,135.0,0.03125,0.0625,0.58625,0.5940624999999999,0.6796875,0.611875,2.328125,1.53125,1.09375,0.65625,58.5,37.0,24.578125,12.5625,82.34375,58.453125,39.734375,27.078125,3.109375,1.671875,1.9375,1.234375,52.625,31.625,19.5625,8.609375,5.203125,4.71875,3.765625,2.890625,0.671875,0.65625,1.25,1.0625,18.890625,7.65625,15.953125,6.390625,1.703125,1.3125,2.90625,2.171875,37.90625,28.03125,5.71875,4.0,192.375,117.265625,389.0625,17,0,1,0,4,5,2,0,0,0,2,2,1,0,175.26,172.72,135.0,23.0,25.0,0,0,0,1,0,0,0,0,0,0,0,0,0,0,0,1,0,0,0,0,1,0,0,0
Red,False,0.5927734375,0.0,0.3631494140625,0.47279296875,0.072265625,0.01369140625,0.171875,0.01025390625,0.03125,0.0,211.357421875,68.51025390625,127.0849609375,63.16845703125,215.3544921875,72.20703125,128.73681640625,64.609375,0.31640625,0.16015625,3.79541015625,0.0966796875,146.95947265625,35.93212890625,96.91259765625,37.333984375,53.150390625,24.59619140625,18.04638671875,14.9052734375,11.24755859375,7.98193359375,12.1259765625,10.92919921875,188.40234375,56.0048828125,121.26318359375,59.88232421875,15.95458984375,7.4453125,5.04052734375,2.7900390625,7.00048828125,5.06005859375,0.78125,0.49609375,24.7783203125,23.4794921875,962.79296875,29,0,0,1,6,10,2,0,0,1,3,5,1,0,160.02,170.18,135.0,0.130859375,0.00048828125,0.3418701171875,0.3484277343749999,0.184833984375,0.09,0.08935546875,0.00830078125,0.0,0.0,268.81005859375,89.92822265625,191.71044921875,67.1748046875,288.94970703125,107.4306640625,196.55517578125,71.89013671875,5.53955078125,0.93310546875,4.767578125,1.0,220.0908203125,54.486328125,157.541015625,45.6826171875,23.75537109375,15.208984375,18.65087890625,11.16455078125,24.9638671875,20.23291015625,15.5185546875,10.32763671875,255.53515625,81.81689453125,179.8623046875,62.615234375,10.88671875,6.359375,11.3359375,4.548828125,2.38818359375,1.751953125,0.51220703125,0.0107421875,105.396484375,10.52490234375,1091.0859375,36,5,0,1,4,9,3,0,0,0,3,5,1,0,167.64,170.18,125.0,26.0,30.0,1,0,0,0,0,0,0,0,0,0,0,0,0,0,0,1,0,0,0,0,1,0,0,0
Red,True,0.28125,0.5,0.36828125,0.57375,0.08984375,0.50515625,0.1875,0.015625,0.125,0.015625,43.421875,15.296875,32.0,22.21875,47.734375,19.515625,32.375,22.59375,0.703125,0.171875,0.546875,0.515625,39.234375,12.15625,27.109375,17.5,4.0,2.953125,2.390625,2.21875,0.1875,0.1875,2.5,2.5,33.328125,8.1875,25.375,16.8125,9.140625,6.234375,4.609375,3.890625,0.953125,0.875,2.015625,1.515625,15.421875,10.546875,207.609375,10,7,6,0,6,6,1,0,0,0,0,3,3,0,170.18,167.64,135.0,0.1875,0.0,0.608125,0.25390625,0.11359375,0.28125,1.125,0.09375,0.0,0.25,59.984375,35.125,28.84375,10.125,70.5,43.796875,38.875,19.0625,1.65625,0.578125,3.21875,0.34375,47.046875,27.203125,24.203125,7.671875,6.0625,3.359375,2.953125,1.5,6.875,4.5625,1.6875,0.953125,40.8125,22.234375,22.390625,5.875,2.84375,1.65625,2.984375,1.5,16.328125,11.234375,3.46875,2.75,98.625,33.78125,378.84375,11,1,2,0,4,6,1,0,0,0,1,3,2,0,172.72,175.26,145.0,29.0,28.0,0,0,0,0,0,0,0,0,0,0,1,0,0,0,0,1,0,0,0,0,1,0,0,0
Blue,False,0.0009765625,1.25,0.45333251953125,0.6332305908203125,0.22295654296875,0.2467462158203125,0.5078125,0.03375244140625,0.01568603515625,0.1279296875,90.12054443359376,53.6646728515625,65.95635986328125,40.4178466796875,116.32611083984376,77.1278076171875,77.4346923828125,51.176513671875,5.44232177734375,1.322998046875,1.495361328125,0.76708984375,80.4676513671875,45.8126220703125,47.91455078125,25.580810546875,6.3936767578125,5.36309814453125,5.77374267578125,4.6356201171875,3.25921630859375,2.48895263671875,12.26806640625,10.201416015625,50.80615234375,19.310546875,42.2288818359375,21.355712890625,8.45989990234375,7.2198486328125,9.08447265625,7.51373291015625,30.8544921875,27.13427734375,14.64300537109375,11.54840087890625,100.24652099609376,179.94891357421875,561.3318481445312,40,0,1,0,7,11,4,0,0,1,5,4,1,0,190.5,203.2,170.0,0.0052642822265625,0.25,0.4499870300292968,0.4924913024902344,0.2517544555664063,0.008992919921875,0.06268310546875,0.0157470703125,0.0,0.0,121.45550537109376,54.843780517578125,169.8793487548828,84.81158447265625,144.5517578125,76.23973083496094,181.7715759277344,96.47982788085938,5.821441650390625,2.130477905273437,0.600830078125,0.0496978759765625,101.83274841308594,38.41758728027344,142.5132293701172,60.59251403808594,5.4754486083984375,3.794036865234375,18.27667236328125,15.356353759765623,14.147308349609377,12.632156372070312,9.089447021484377,8.862716674804688,102.85488891601562,43.923583984375,154.47897338867188,72.81320190429688,15.046615600585938,8.811752319335938,12.816757202148438,9.541717529296877,3.5540008544921875,2.1084442138671875,2.5836181640625,2.4566650390625,210.81890869140625,20.40850830078125,788.9278717041016,46,3,4,0,6,12,5,0,1,2,4,5,0,0,175.26,175.26,185.0,29.0,33.0,0,0,0,0,0,0,0,0,0,1,0,0,0,0,0,1,0,0,0,0,0,0,1,0
Blue,False,0.125,0.5,0.308125,0.394375,0.5575,0.3125,0.0,0.0,0.125,0.0625,73.25,22.5,130.0625,55.3125,99.3125,42.3125,166.3125,87.9375,6.3125,3.625,1.8125,0.875,67.9375,19.875,113.625,41.9375,4.625,2.4375,6.3125,4.1875,0.6875,0.1875,10.125,9.1875,59.6875,14.875,109.5,41.125,2.875,2.1875,8.3125,6.4375,10.6875,5.4375,12.25,7.75,258.5625,117.1875,828.9375,13,0,2,0,2,3,2,0,0,1,1,1,0,0,175.26,182.88,170.0,0.00689697265625,0.835968017578125,0.3015322875976562,0.3782980346679687,0.0960792541503906,0.5284078979492187,0.7974853515625,0.032257080078125,0.38287353515625,0.0,57.97212219238281,23.983078002929688,84.97618103027344,26.28260803222656,64.56130981445312,30.09776306152344,103.7483367919922,42.10107421875,1.25665283203125,0.378814697265625,2.4364471435546875,1.273834228515625,48.641632080078125,17.129379272460938,75.78778076171875,20.525222778320312,3.809722900390625,2.146469116210937,5.68707275390625,3.3129425048828125,5.520767211914063,4.7072296142578125,3.501327514648437,2.444442749023437,47.67506408691406,17.137161254882812,69.75083923339844,17.813217163085938,8.141555786132812,4.7689971923828125,1.6626129150390625,1.176605224609375,2.155502319335937,2.0769195556640625,13.562728881835938,7.29278564453125,40.57440185546875,190.96978759765625,557.2072296142578,35,0,0,1,4,10,7,0,0,1,2,5,2,0,182.88,187.96,170.0,29.0,41.0,0,0,0,0,0,0,0,0,0,1,0,0,0,0,0,1,0,0,0,0,1,0,0,0
Red,False,0.0,0.0,0.71,0.44,1.0,0.5,1.0,0.0,0.0,0.0,14.0,10.0,9.0,4.0,68.0,50.0,27.0,21.0,1.0,1.0,2.0,1.0,14.0,10.0,8.0,3.0,0.0,0.0,1.0,1.0,0.0,0.0,0.0,0.0,4.0,2.0,5.0,1.0,0.0,0.0,0.0,0.0,10.0,8.0,4.0,3.0,26.0,212.0,270.0,1,0,1,0,1,1,0,0,0,0,0,0,1,0,182.88,187.96,185.0,0.0,0.0,0.481875,0.3303125,0.3778125,0.015625,0.625,1.0,0.5,0.0,53.96875,27.84375,37.96875,15.59375,104.34375,66.34375,55.25,31.21875,10.0,4.4375,0.59375,0.125,42.1875,19.8125,30.53125,10.5625,9.78125,6.3125,5.3125,3.53125,2.0,1.71875,2.125,1.5,38.5625,15.15625,21.40625,5.25,2.65625,1.59375,2.3125,1.78125,12.75,11.09375,14.25,8.5625,425.6875,57.875,729.4375,16,1,1,0,1,3,3,0,0,0,1,0,2,0,187.96,200.66,185.0,23.0,26.0,0,0,0,0,0,0,0,1,0,0,0,0,0,0,0,0,0,1,0,0,1,0,0,0
Blue,True,1.0625,0.0,0.4075,0.395625,0.051875,0.0,0.0,0.0,0.0,0.0,48.875,19.6875,30.375,10.75,49.9375,20.75,31.875,12.25,0.5625,0.25,0.0,0.0,44.6875,16.6875,23.5625,7.25,1.3125,0.6875,2.9375,1.375,2.875,2.3125,3.875,2.125,40.8125,15.5,29.5625,10.4375,0.875,0.6875,0.6875,0.3125,7.1875,3.5,0.125,0.0,9.75,1.0625,211.375,9,0,5,0,5,5,0,0,0,0,1,4,0,0,172.72,165.1,135.0,0.5,0.0,0.404375,0.235,0.4762499999999999,0.1325,0.0625,0.0,0.5625,0.0,232.75,84.125,204.4375,51.5625,249.375,98.4375,224.25,70.0625,8.5,3.625,5.6875,0.875,202.25,63.25,174.125,32.9375,17.875,9.625,21.0,10.75,12.625,11.25,9.3125,7.875,215.6875,72.75,191.8125,43.3125,8.875,6.3125,10.875,6.5,8.1875,5.0625,1.75,1.75,170.125,37.375,1320.125,21,4,5,0,5,5,0,0,0,1,3,1,0,0,172.72,172.72,135.0,25.0,31.0,1,0,0,0,0,0,0,0,0,0,0,0,0,0,0,1,0,0,0,0,1,0,0,0
Blue,False,0.015625,0.0,0.45,0.4275,0.25,0.2,0.148468017578125,0.098388671875,0.0,0.0,66.5,29.6875,64.31230545043945,27.34375,89.75,48.0,85.53125,44.41152191162109,2.0,0.75,2.0546875,0.75,51.1875,18.3359375,49.6123046875,16.280410766601562,7.5,5.07647705078125,7.5,5.0,4.5,3.625,4.984375,3.9375,48.6875,17.0,47.11572265625,16.5,5.75,3.75,5.3125,3.4375,5.0625,3.5,3.875,2.5,99.2119140625,94.125,638.5,0,0,0,0,0,0,0,0,0,0,0,0,0,0,182.88,193.04,170.0,0.1875,0.25,0.526875,0.5700000000000001,0.395,0.60625,0.0,0.875,0.0,0.5,51.25,24.3125,91.6875,51.0625,68.8125,39.1875,148.5,101.125,1.4375,0.8125,2.375,1.9375,34.25,12.125,75.6875,38.5625,8.75,5.5625,12.625,9.875,8.25,6.625,3.375,2.625,42.375,17.0625,44.9375,16.5,6.75,5.375,13.625,9.9375,2.125,1.875,33.125,24.625,19.5,306.6875,624.5625,10,0,2,0,2,2,3,0,0,0,0,2,0,0,187.96,187.96,170.0,27.0,31.0,0,0,0,0,0,0,0,0,0,1,0,0,0,0,0,1,0,0,0,0,0,0,0,1
Blue,False,0.0,0.0,0.78,0.33,1.0,1.0,4.0,1.0,0.0,0.0,60.0,47.0,24.0,8.0,120.0,102.0,36.0,19.0,3.0,3.0,1.0,1.0,37.0,25.0,17.0,3.0,16.0,15.0,4.0,2.0,7.0,7.0,3.0,3.0,33.0,25.0,21.0,6.0,9.0,9.0,3.0,2.0,18.0,13.0,0.0,0.0,117.0,475.0,758.0,3,0,1,0,1,1,0,0,0,0,0,0,1,0,160.02,157.48,115.0,0.5,0.0,0.395,0.4987499999999999,0.10875,0.2625,0.3125,1.1875,0.1875,0.0625,72.75,32.125,62.375,32.0,117.875,70.25,90.25,55.875,2.0625,0.6875,3.5625,2.3125,46.4375,18.375,49.1875,22.75,16.8125,8.125,12.0,8.125,9.5,5.625,1.1875,1.125,42.5,12.8125,35.5625,14.125,18.125,10.9375,17.5625,12.0,12.125,8.375,9.25,5.875,136.4375,277.8125,682.0,16,0,3,0,3,4,1,0,0,0,1,2,1,0,162.56,165.1,115.0,30.0,22.0,0,0,0,0,0,0,0,0,0,0,0,0,0,1,0,1,0,0,0,0,1,0,0,0
Red,False,2.0,0.0,0.52,0.3,0.0,0.0,0.0,0.0,0.0,0.0,132.0,60.5,134.0,44.5,148.5,76.5,134.0,44.5,0.0,0.0,2.0,0.0,116.5,49.5,113.5,30.5,8.5,4.0,8.5,3.0,7.0,7.0,12.0,11.0,94.5,36.5,131.5,43.5,16.0,7.5,2.5,1.0,21.5,16.5,0.0,0.0,95.0,0.0,549.0,4,0,2,0,2,2,0,0,0,0,0,2,0,0,177.8,180.34,170.0,1.828125,0.1875,0.575,0.4084375,0.0625,0.3984375,0.0,0.015625,0.0,0.0,109.140625,58.3125,119.484375,46.125,122.421875,70.09375,141.078125,63.15625,0.0625,0.0625,4.484375,1.28125,78.375,33.234375,111.40625,40.765625,17.59375,13.859375,4.3125,3.40625,13.171875,11.21875,3.765625,1.953125,83.671875,41.078125,108.59375,39.84375,9.5,7.453125,7.515625,4.5,15.96875,9.78125,3.375,1.78125,68.65625,107.078125,584.390625,13,0,1,0,2,5,2,0,0,0,2,3,0,0,182.88,185.42,170.0,25.0,35.0,0,0,0,0,0,0,0,0,0,1,0,0,0,0,0,1,0,0,0,0,0,0,1,0
Blue,False,0.015625,0.0,0.45,0.4275,0.25,0.2,0.148468017578125,0.098388671875,0.0,0.0,66.5,29.6875,64.31230545043945,27.34375,89.75,48.0,85.53125,44.41152191162109,2.0,0.75,2.0546875,0.75,51.1875,18.3359375,49.6123046875,16.280410766601562,7.5,5.07647705078125,7.5,5.0,4.5,3.625,4.984375,3.9375,48.6875,17.0,47.11572265625,16.5,5.75,3.75,5.3125,3.4375,5.0625,3.5,3.875,2.5,99.2119140625,94.125,638.5,0,0,0,0,0,0,0,0,0,0,0,0,0,0,190.5,193.04,205.0,0.0,1.0,0.58,0.54,0.0,0.5,0.5,0.0,1.0,0.0,106.0,62.5,110.5,58.0,119.0,75.0,139.5,83.5,0.0,0.0,0.5,0.5,72.5,36.0,98.0,47.5,28.5,22.0,10.5,8.5,5.0,4.5,2.0,2.0,55.5,25.0,80.5,36.5,29.5,20.5,17.5,12.5,21.0,17.0,12.5,9.0,132.0,125.0,567.0,4,0,2,0,2,2,0,0,0,0,0,1,1,0,190.5,193.04,205.0,29.0,27.0,0,0,0,0,0,1,0,0,0,0,0,0,0,0,0,1,0,0,0,0,1,0,0,0
Blue,False,0.0,0.0,0.34,0.44,0.0,0.33,1.0,0.0,0.0,0.0,125.0,43.0,134.0,59.0,166.0,81.0,155.0,79.0,0.0,0.0,3.0,1.0,110.0,34.0,78.0,24.0,9.0,6.0,34.0,20.0,6.0,3.0,22.0,15.0,109.0,35.0,106.0,44.0,11.0,4.0,11.0,3.0,5.0,4.0,17.0,12.0,66.0,190.0,900.0,3,0,1,0,1,1,0,0,0,1,0,0,0,0,180.34,182.88,170.0,0.3125,0.0,0.465,0.64,0.0,0.28875,0.0625,0.25,0.0,0.0,28.625,13.6875,53.0625,36.5,48.6875,30.3125,118.0625,90.75,0.5,0.0,6.125,1.5625,20.75,7.875,32.25,18.1875,3.5625,2.0,19.0,16.5,4.3125,3.8125,1.8125,1.8125,14.3125,5.25,14.375,5.375,8.0,5.625,13.0625,9.375,6.3125,2.8125,25.625,21.75,69.1875,424.25,622.8125,10,0,0,1,1,2,3,0,0,0,0,1,1,0,177.8,180.34,170.0,26.0,28.0,0,0,0,0,0,0,0,0,0,1,0,0,0,0,0,1,0,0,0,0,0,0,0,1
Blue,False,0.0,1.0,0.3625,0.485,0.45,0.1725,0.0,0.25,0.0,0.0,144.75,57.5,131.75,66.25,179.5,88.0,155.75,90.0,3.0,1.25,5.25,1.75,124.0,43.25,105.5,46.5,15.5,10.25,16.0,10.5,5.25,4.0,10.25,9.25,133.75,50.5,120.5,60.5,10.75,7.0,7.0,3.0,0.25,0.0,4.25,2.75,149.75,165.75,900.0,9,0,0,3,0,0,3,0,0,0,0,0,0,0,170.18,170.18,155.0,0.0637245178222656,0.5001907348632812,0.2938246917724609,0.4703370666503906,0.508273696899414,0.6474130249023438,0.60400390625,0.00244140625,0.0625457763671875,0.5000267028808594,110.34844207763672,31.69546127319336,128.32316207885742,64.82965087890625,116.84889221191406,37.51766586303711,138.8425750732422,75.10825729370117,1.7729949951171875,1.510028839111328,3.059356689453125,2.7683029174804688,92.55453491210938,20.99682235717773,98.68159103393556,41.260520935058594,11.23089599609375,5.795295715332031,19.66699981689453,14.895832061767578,6.563011169433594,4.903343200683594,9.974571228027344,8.673297882080078,105.6419792175293,28.64229965209961,112.06853866577148,52.88568878173828,2.9084625244140625,1.8832130432128904,9.000812530517578,6.193813323974609,1.7980003356933594,1.1699485778808594,7.253810882568359,5.750148773193359,90.6025733947754,132.10984420776367,737.4382705688477,42,0,2,0,2,10,9,0,0,0,2,1,7,0,185.42,185.42,145.0,35.0,32.0,0,0,1,0,0,0,0,0,0,0,0,0,0,0,0,1,0,0,0,0,1,0,0,0
Blue,False,0.25,0.0,0.6053125,0.4665625,0.5865625000000001,0.0,0.28125,0.75,0.0,0.5625,37.40625,20.6875,27.375,12.25,150.65625,111.28125,47.65625,29.59375,8.0625,4.71875,0.0,0.0,31.84375,16.125,22.34375,7.875,4.84375,3.84375,2.21875,1.5625,0.71875,0.71875,2.8125,2.8125,18.71875,8.59375,21.78125,8.09375,1.25,1.03125,0.875,0.6875,17.4375,11.0625,4.71875,3.46875,515.75,6.1875,633.75,14,0,3,0,3,5,1,0,0,0,1,2,2,0,180.34,182.88,170.0,0.125,0.0,0.51125,0.5,0.29125,0.125,0.25,0.5,0.0,0.0,168.0,86.125,108.25,57.5,211.375,124.375,113.875,62.625,1.125,0.375,3.0,0.625,131.5,58.5,84.0,36.875,15.875,10.25,19.75,16.875,20.625,17.375,4.5,3.75,128.625,59.75,96.125,49.25,31.125,19.5,11.5,7.75,8.25,6.875,0.625,0.5,174.0,97.0,784.5,11,0,1,0,2,3,1,0,0,0,1,1,1,0,182.88,182.88,170.0,28.0,27.0,0,0,0,0,0,0,0,0,0,1,0,0,0,0,0,1,0,0,0,0,0,0,1,0
Blue,False,0.5,0.0,0.56,0.25,0.5,0.0,1.5,0.0,0.0,0.0,18.0,11.0,3.5,1.5,22.0,14.5,7.0,4.5,0.5,0.5,0.0,0.0,18.0,11.0,3.0,1.5,0.0,0.0,0.5,0.0,0.0,0.0,0.0,0.0,1.5,0.5,3.5,1.5,0.0,0.0,0.0,0.0,16.5,10.5,0.0,0.0,72.5,0.0,89.5,2,0,2,0,2,2,0,0,0,0,0,0,2,0,187.96,187.96,170.0,0.0,0.0,0.60375,0.47375,0.3,0.575,0.625,1.25,0.5,0.0,49.25,28.625,31.375,15.25,88.0,64.75,53.375,34.875,2.625,0.625,5.5,2.5,43.0,23.875,27.125,12.375,4.375,3.125,1.75,1.25,1.875,1.625,2.5,1.625,26.625,10.625,22.25,8.0,11.625,8.75,3.0,1.5,11.0,9.25,6.125,5.75,167.5,297.875,621.25,8,0,2,0,2,3,1,0,0,0,1,1,1,0,182.88,180.34,170.0,24.0,20.0,0,0,0,0,0,0,0,0,0,1,0,0,0,0,0,0,0,0,1,0,1,0,0,0
Red,False,0.12646484375,0.64306640625,0.31697265625,0.5444091796875,0.1819921874999999,0.2959423828125,0.01611328125,1.0166015625,0.00390625,0.00048828125,59.66552734375,18.0810546875,84.42822265625,41.078125,68.92041015625,26.80615234375,87.90771484375,44.482421875,2.41357421875,0.962890625,0.90478515625,0.66845703125,42.0859375,8.67919921875,74.8505859375,34.32470703125,7.7138671875,4.76953125,6.61669921875,4.07861328125,9.86572265625,4.63232421875,2.9609375,2.6748046875,53.841796875,14.40673828125,72.58642578125,30.65478515625,3.18505859375,2.25439453125,2.8447265625,2.486328125,2.638671875,1.419921875,8.9970703125,7.93701171875,82.15478515625,26.08447265625,434.0244140625,27,0,0,1,2,5,7,0,0,2,1,1,1,0,167.64,172.72,135.0,0.0352783203125,0.2578125,0.2774627685546875,0.348016357421875,0.069461669921875,0.1313861083984375,0.0543212890625,0.001953125,0.0006103515625,0.37506103515625,121.8463134765625,33.18670654296875,181.60333251953125,63.25360107421875,127.55133056640624,38.81634521484375,187.99224853515625,68.4471435546875,5.6353759765625,0.59405517578125,2.94677734375,1.06622314453125,103.629150390625,21.75445556640625,138.2952880859375,32.697998046875,12.62152099609375,7.4095458984375,19.4337158203125,9.4832763671875,5.59564208984375,4.022705078125,23.87432861328125,21.07232666015625,110.26373291015624,23.6422119140625,167.27374267578125,54.69219970703125,10.27203369140625,8.3433837890625,11.68634033203125,7.26837158203125,1.310546875,1.20111083984375,2.64324951171875,1.29302978515625,26.10870361328125,81.607421875,1061.2327880859375,47,4,1,0,4,9,6,0,0,0,3,0,6,0,167.64,170.18,135.0,38.0,37.0,1,0,0,0,0,0,0,0,0,0,0,0,0,0,0,1,0,0,0,0,1,0,0,0
Red,False,0.5,0.0,0.53,0.3175,0.6825,0.1425,0.75,0.0,0.5,1.0,101.25,53.75,96.5,30.75,158.0,103.75,123.0,54.25,3.5,2.25,8.0,1.75,79.5,36.0,89.5,25.0,15.25,12.0,5.5,4.5,6.5,5.75,1.5,1.25,72.75,31.75,78.0,20.0,16.75,13.25,14.0,7.75,11.75,8.75,4.5,3.0,313.75,196.25,865.0,9,0,1,0,1,2,1,0,0,0,1,0,1,0,175.26,175.26,155.0,0.0,0.0,0.35,0.29,0.0,0.0,0.0,0.0,0.0,0.0,152.0,54.0,180.0,53.0,153.0,54.0,181.0,54.0,2.0,0.0,1.0,0.0,114.0,32.0,150.0,29.0,23.0,11.0,16.0,12.0,15.0,11.0,14.0,12.0,151.0,54.0,174.0,52.0,1.0,0.0,5.0,1.0,0.0,0.0,1.0,0.0,1.0,7.0,900.0,3,0,1,0,1,1,0,0,0,1,0,0,0,0,167.64,177.8,145.0,33.0,31.0,0,0,0,0,0,0,1,0,0,0,0,0,0,0,0,1,0,0,0,0,1,0,0,0
Red,False,0.0322265625,0.5,0.3979418945312499,0.46613037109375,0.012080078125,0.115595703125,0.0078125,0.16015625,0.0,0.0009765625,62.572021484375,25.483642578125,59.607177734375,26.75341796875,71.4638671875,33.333984375,78.228759765625,44.327392578125,0.64990234375,0.07373046875,2.773193359375,0.642822265625,52.742431640625,17.55322265625,46.218017578125,15.849853515625,8.44091796875,7.207275390625,8.220458984375,6.49462890625,1.388671875,0.72314453125,5.168701171875,4.408935546875,45.35693359375,16.800537109375,40.980224609375,15.369140625,15.97119140625,8.00390625,11.394287109375,7.432861328125,1.243896484375,0.67919921875,7.232666015625,3.951416015625,69.3828125,155.142822265625,400.2763671875,34,0,1,0,5,8,5,0,0,3,4,1,0,0,170.18,175.26,135.0,0.5859375,0.15625,0.2821875,0.3877734375,0.0091015625,0.125703125,0.0,0.0,0.0,0.0,133.3984375,40.48828125,121.6484375,43.93359375,140.23046875,47.3203125,133.74609375,53.78125,0.8671875,0.01171875,5.50390625,0.5078125,120.41015625,31.953125,96.67578125,29.390625,11.16015625,6.75,11.5625,3.4453125,1.828125,1.78515625,13.41015625,11.09765625,124.85546875,35.40625,115.23828125,39.98828125,3.4453125,1.8671875,4.59375,2.7734375,5.09765625,3.21484375,1.81640625,1.171875,9.19921875,60.91796875,687.234375,22,1,0,2,2,4,5,0,0,1,0,3,0,0,170.18,175.26,135.0,33.0,32.0,1,0,0,0,0,0,0,0,0,0,0,0,0,0,0,1,0,0,0,0,1,0,0,0
Red,False,0.015625,0.0,0.45,0.4275,0.25,0.2,0.148468017578125,0.098388671875,0.0,0.0,66.5,29.6875,64.31230545043945,27.34375,89.75,48.0,85.53125,44.41152191162109,2.0,0.75,2.0546875,0.75,51.1875,18.3359375,49.6123046875,16.280410766601562,7.5,5.07647705078125,7.5,5.0,4.5,3.625,4.984375,3.9375,48.6875,17.0,47.11572265625,16.5,5.75,3.75,5.3125,3.4375,5.0625,3.5,3.875,2.5,99.2119140625,94.125,638.5,0,0,0,0,0,0,0,0,0,0,0,0,0,0,175.26,172.72,135.0,0.0625,0.5,0.288125,0.5225,0.0,0.12,0.0,0.25,0.0,0.0,80.875,27.1875,91.5,44.375,86.0,31.625,104.0625,55.5,0.3125,0.0,3.3125,0.8125,72.3125,20.8125,75.0,30.875,5.625,3.9375,9.5625,7.1875,2.9375,2.4375,6.9375,6.3125,75.375,23.4375,75.1875,31.875,5.5,3.75,10.4375,8.125,0.0,0.0,5.875,4.375,8.5625,98.9375,379.5,10,0,0,1,1,2,3,0,0,0,1,1,0,0,175.26,167.64,135.0,28.0,34.0,0,0,0,0,0,0,0,0,0,0,1,0,0,0,0,1,0,0,0,0,1,0,0,0
Red,False,0.25,0.5,0.38,0.35,0.3625,0.0,0.0,0.0,0.0,0.0,55.75,16.75,50.25,19.5,85.25,40.25,62.0,29.0,9.5,3.25,0.5,0.0,47.25,11.25,36.25,9.75,6.5,4.75,5.75,4.25,2.0,0.75,8.25,5.5,50.0,14.25,40.5,14.0,4.75,1.5,6.75,4.5,1.0,1.0,3.0,1.0,161.0,43.0,634.5,7,0,2,0,2,2,1,0,0,0,0,2,0,0,160.02,165.1,125.0,0.0,0.0,0.38,0.5,0.0,0.6,0.0,1.0,1.0,0.0,13.0,5.0,8.0,4.0,16.0,8.0,17.0,12.0,0.0,0.0,5.0,3.0,11.0,3.0,7.0,3.0,1.0,1.0,0.0,0.0,1.0,1.0,1.0,1.0,11.0,5.0,8.0,4.0,2.0,0.0,0.0,0.0,0.0,0.0,0.0,0.0,7.0,65.0,109.0,1,0,0,1,0,0,1,0,0,0,0,0,0,0,157.48000000000002,162.56,125.0,37.0,30.0,0,0,0,1,0,0,0,0,0,0,0,0,0,0,0,1,0,0,0,0,1,0,0,0
Blue,False,0.0,1.0,0.57,0.42,0.0,0.0,0.0,0.0,0.0,0.0,14.0,8.0,33.0,14.0,14.0,8.0,33.0,14.0,0.0,0.0,3.0,0.0,11.0,5.0,25.0,8.0,3.0,3.0,4.0,2.0,0.0,0.0,4.0,4.0,11.0,6.0,28.0,10.0,3.0,2.0,3.0,2.0,0.0,0.0,2.0,2.0,22.0,29.0,162.0,1,0,0,1,0,0,1,0,0,0,0,0,0,0,180.34,187.96,170.0,0.0,0.0,0.31,0.44,0.35,0.5800000000000001,0.5,0.0,0.5,0.0,96.0,31.0,84.0,37.0,127.5,58.0,100.5,52.5,3.5,1.0,4.5,2.5,60.0,9.5,62.5,22.0,11.5,6.5,14.5,9.5,24.5,15.0,7.0,5.5,92.0,29.0,78.5,33.0,4.0,2.0,2.0,1.5,0.0,0.0,3.5,2.5,64.5,225.5,900.0,6,0,1,0,1,1,1,0,0,0,1,0,0,0,182.88,193.04,170.0,32.0,27.0,0,0,0,0,0,0,0,0,0,1,0,0,0,0,0,1,0,0,0,0,0,0,1,0
Red,False,0.0100326538085937,1.01953125,0.4548851156234741,0.6232405185699463,0.1508639240264892,0.1627823734283447,0.1960453987121582,0.5158886909484863,0.250640869140625,0.0005874633789062,32.79055118560791,15.337763786315918,38.74310493469238,22.063650131225582,40.803457736968994,22.184364318847656,70.84022808074951,49.10139274597168,0.9694271087646484,0.2706160545349121,3.494693756103516,1.37654447555542,27.225932121276852,11.22526502609253,34.77290725708008,18.953386783599854,4.206011772155762,3.354607582092285,3.0126123428344727,2.2169294357299805,1.358607292175293,0.7578911781311035,0.957585334777832,0.893333911895752,24.969211101531982,8.752728462219238,21.772995948791504,9.460147857666016,4.2079668045043945,3.661776542663574,1.1530165672302246,0.5914959907531738,3.613373279571533,2.923258781433105,15.817092418670654,12.012006282806396,35.645745277404785,256.97918128967285,424.51360988616943,50,0,1,0,7,13,9,0,0,0,2,9,2,0,182.88,190.5,170.0,1.257587432861328,0.0001678466796875,0.6028724527359008,0.4279594039916992,0.7382700872421265,0.1014465999603271,0.892824649810791,9.5367431640625e-07,0.008056640625,0.000244140625,76.25945997238159,45.351781368255615,62.1421217918396,27.380931854248047,83.77190828323364,52.187885761260986,68.74432182312012,31.705760955810547,1.6939339637756348,1.149545192718506,3.103309154510498,0.5100102424621582,51.616474628448486,23.49288511276245,39.05170774459839,10.2800030708313,12.523987770080566,10.585065841674805,14.588593482971191,9.204553127288818,12.11899757385254,11.27383041381836,8.50182056427002,7.89637565612793,62.07561111450195,34.43757104873657,56.18469047546387,23.156660556793213,6.063089370727539,4.080571174621582,3.765824317932129,2.846280097961426,8.1207594871521,6.833639144897461,2.1916069984436035,1.3779911994934082,99.18646764755248,59.14402770996094,467.4958295822144,45,1,4,0,8,18,4,0,0,0,6,7,5,0,185.42,185.42,155.0,35.0,33.0,0,0,0,0,0,0,0,0,0,1,0,0,0,0,0,1,0,0,0,0,1,0,0,0
Red,False,1.0,0.0,0.6225,0.305,0.0,0.5,0.0,0.0,0.0,0.0,13.75,9.0,8.25,3.0,15.75,10.0,14.25,8.5,0.0,0.0,1.25,1.0,13.5,8.75,5.75,1.5,0.25,0.25,1.25,0.5,0.0,0.0,1.25,1.0,9.5,5.5,7.25,2.0,0.25,0.25,1.0,1.0,4.0,3.25,0.0,0.0,11.75,59.0,108.75,3,0,3,0,3,3,0,0,0,0,0,3,0,0,177.8,177.8,145.0,0.5224609375,0.0,0.54458984375,0.309873046875,0.525390625,0.17498046875,0.5009765625,0.5009765625,0.0,0.515625,123.6728515625,67.212890625,131.4990234375,44.34375,142.0498046875,85.15625,162.455078125,70.8974609375,0.9111328125,0.5341796875,7.4697265625,2.04296875,93.88671875,42.4140625,107.2041015625,28.2158203125,15.400390625,12.6708984375,12.3076171875,6.59375,14.3857421875,12.1279296875,11.9873046875,9.5341796875,96.326171875,44.3037109375,113.94921875,36.4794921875,5.501953125,4.9208984375,3.36328125,1.859375,21.8447265625,17.98828125,14.1865234375,6.0048828125,108.8369140625,246.7412109375,941.345703125,32,0,0,1,6,8,3,0,0,0,4,4,0,0,172.72,177.8,145.0,25.0,33.0,0,0,1,0,0,0,0,0,0,0,0,0,0,0,0,1,0,0,0,0,1,0,0,0
Blue,False,0.015625,0.0,0.45,0.4275,0.25,0.2,0.148468017578125,0.098388671875,0.0,0.0,66.5,29.6875,64.31230545043945,27.34375,89.75,48.0,85.53125,44.41152191162109,2.0,0.75,2.0546875,0.75,51.1875,18.3359375,49.6123046875,16.280410766601562,7.5,5.07647705078125,7.5,5.0,4.5,3.625,4.984375,3.9375,48.6875,17.0,47.11572265625,16.5,5.75,3.75,5.3125,3.4375,5.0625,3.5,3.875,2.5,99.2119140625,94.125,638.5,0,0,0,0,0,0,0,0,0,0,0,0,0,0,180.34,187.96,170.0,0.375,0.5,0.481875,0.3025,0.125,0.0625,0.0,0.25,0.0,0.0,69.1875,30.0625,55.1875,17.8125,71.5,32.125,56.5,19.0,0.5,0.5,0.75,0.0625,61.25,23.0625,40.8125,9.6875,4.75,3.8125,6.625,3.3125,3.1875,3.1875,7.75,4.8125,61.3125,24.9375,46.5625,12.75,4.0,2.5,3.5625,1.25,3.875,2.625,5.0625,3.8125,30.5625,13.25,340.125,9,0,1,0,2,3,2,0,0,1,0,2,0,0,182.88,185.42,170.0,28.0,27.0,0,0,0,0,0,0,0,0,0,1,0,0,0,0,0,0,0,0,1,0,1,0,0,0
Red,True,0.01171875,0.0,0.50720703125,0.46009765625,0.0012890625,0.29193359375,0.548828125,0.0,2.53125,0.00390625,102.55078125,50.197265625,108.96875,50.7421875,126.228515625,72.056640625,129.015625,69.03125,0.830078125,0.01171875,8.328125,3.359375,83.373046875,36.783203125,70.7578125,24.087890625,15.54296875,9.783203125,25.578125,15.818359375,3.634765625,3.630859375,12.6328125,10.8359375,83.591796875,40.248046875,92.55078125,40.48046875,2.359375,0.91796875,8.421875,5.482421875,16.599609375,9.03125,7.99609375,4.779296875,99.75,273.59765625,808.08984375,25,3,0,1,5,6,4,0,0,1,0,2,3,0,177.8,182.88,155.0,0.01995849609375,0.0,0.50503662109375,0.4372918701171875,0.28125,0.0029266357421875,1.1953125,0.00018310546875,0.0,0.0078125,152.27825927734375,76.28729248046875,109.23126220703124,49.9141845703125,162.9521484375,86.589599609375,114.32843017578124,54.4683837890625,0.28173828125,0.28125,6.521728515625,0.02606201171875,128.8917236328125,56.6202392578125,78.6151123046875,23.67608642578125,14.32470703125,12.275390625,7.54205322265625,5.94158935546875,9.06182861328125,7.39166259765625,23.0740966796875,20.2965087890625,133.47515869140625,60.3785400390625,101.772705078125,45.3028564453125,9.61883544921875,7.79248046875,6.77947998046875,4.0633544921875,9.18426513671875,8.11627197265625,0.6790771484375,0.5479736328125,113.29156494140624,58.54779052734375,783.0698852539062,37,0,0,1,9,12,3,0,0,1,4,5,2,0,180.34,175.26,145.0,29.0,25.0,0,0,1,0,0,0,0,0,0,0,0,0,0,0,0,1,0,0,0,0,1,0,0,0
Blue,False,0.015625,0.0,0.45,0.4275,0.25,0.2,0.148468017578125,0.098388671875,0.0,0.0,66.5,29.6875,64.31230545043945,27.34375,89.75,48.0,85.53125,44.41152191162109,2.0,0.75,2.0546875,0.75,51.1875,18.3359375,49.6123046875,16.280410766601562,7.5,5.07647705078125,7.5,5.0,4.5,3.625,4.984375,3.9375,48.6875,17.0,47.11572265625,16.5,5.75,3.75,5.3125,3.4375,5.0625,3.5,3.875,2.5,99.2119140625,94.125,638.5,0,0,0,0,0,0,0,0,0,0,0,0,0,0,154.94,160.02,115.0,0.125,1.0,0.455625,0.48125,0.2375,0.2625,0.125,0.0625,0.0625,0.0625,194.8125,83.25,257.9375,126.4375,216.375,100.5,279.9375,145.6875,1.625,0.5,3.5,1.5625,158.6875,55.75,172.9375,62.6875,23.3125,17.9375,39.8125,26.5625,12.8125,9.5625,45.1875,37.1875,173.0625,67.0625,231.625,110.9375,18.0625,13.0,17.25,10.625,3.6875,3.1875,9.0625,4.875,79.75,205.9375,982.0,17,1,3,0,3,3,2,0,0,1,2,0,0,0,170.18,172.72,115.0,23.0,33.0,0,0,0,0,0,0,0,0,0,0,0,0,0,1,0,1,0,0,0,0,1,0,0,0
Blue,False,0.0,0.0,0.5599999999999999,0.2825,0.4775,0.0,0.75,0.0,0.0,0.0,70.0,36.0,73.75,17.5,99.25,59.5,76.0,19.0,4.0,2.0,0.5,0.0,57.25,28.75,57.75,8.75,11.25,6.0,10.5,4.75,1.5,1.25,5.5,4.0,53.25,23.5,69.75,15.0,12.0,7.75,3.5,2.0,4.75,4.75,0.5,0.5,112.25,11.75,509.25,6,0,3,0,3,3,0,0,0,0,0,1,2,0,190.5,195.58,205.0,0.5703125,0.03125,0.58625,0.520390625,0.0,0.6090625000000001,0.453125,0.328125,0.3125,0.0,88.53125,49.703125,39.8515625,20.28125,113.5234375,72.2421875,49.6171875,29.203125,0.6328125,0.0,2.421875,1.078125,59.65625,29.671875,34.0859375,15.609375,20.203125,12.8984375,4.125,3.03125,8.671875,7.1328125,1.640625,1.640625,65.40625,29.46875,29.7578125,14.1171875,16.3671875,14.0859375,9.3125,5.7421875,6.7578125,6.1484375,0.78125,0.421875,109.71875,45.578125,332.9140625,12,0,0,1,5,6,2,0,0,0,0,3,3,0,190.5,195.58,205.0,29.0,24.0,0,0,0,0,0,1,0,0,0,0,0,0,0,0,0,1,0,0,0,0,1,0,0,0
Red,False,0.5,0.0,0.3815625,0.48578125,0.0875,0.13640625,0.03125,0.1875,0.0,0.0,53.265625,22.25,41.546875,18.734375,64.34375,31.65625,54.03125,29.8125,4.234375,1.25,1.671875,0.65625,45.078125,16.234375,35.1875,13.75,3.953125,2.53125,3.546875,2.875,4.234375,3.484375,2.8125,2.109375,38.765625,15.28125,32.796875,12.34375,11.890625,5.359375,5.0,3.640625,2.609375,1.609375,3.75,2.75,95.484375,73.296875,344.9375,14,0,0,2,2,3,4,0,0,0,1,1,1,0,172.72,177.8,155.0,0.0625,0.0,0.603125,0.4606249999999999,0.341875,0.03125,0.59375,0.125,0.0,0.75,65.25,40.0625,86.4375,37.65625,97.625,68.1875,128.25,75.9375,7.875,2.8125,1.28125,0.03125,55.125,31.75,72.34375,28.15625,8.3125,6.5,9.5625,5.4375,1.8125,1.8125,4.53125,4.0625,48.15625,26.125,68.34375,24.46875,4.625,2.84375,8.0,3.8125,12.46875,11.09375,10.09375,9.375,363.25,82.8125,798.75,17,1,0,1,3,4,2,0,0,0,1,0,3,0,175.26,177.8,155.0,28.0,27.0,0,0,0,0,0,0,1,0,0,0,0,0,0,0,0,0,0,1,0,0,0,0,1,0
Blue,False,0.50390625,0.0078125,0.4519921875,0.3959375,0.2509375,0.243984375,0.03515625,0.0,0.3046875,0.01953125,185.98046875,87.05859375,131.78125,53.86328125,210.70703125,110.02734375,150.953125,72.15625,1.609375,0.6796875,6.39453125,2.0703125,155.40234375,60.48046875,110.3046875,38.578125,16.83203125,13.58984375,10.7265625,7.23046875,13.74609375,12.98828125,10.75,8.0546875,168.18359375,76.046875,113.484375,43.40625,11.95703125,7.41796875,16.73828125,9.41796875,5.83984375,3.59375,1.55859375,1.0390625,156.42578125,156.7734375,990.3671875,24,1,5,0,5,7,2,0,0,2,2,1,2,0,175.26,180.34,185.0,0.125,1.0,0.41375,0.41,0.175,0.4375,0.5,0.0,0.125,0.0,84.875,36.125,82.25,32.625,101.25,49.25,92.5,42.125,6.25,1.5,2.625,1.75,57.625,20.0,68.375,24.375,17.125,8.875,6.375,3.125,10.125,7.25,7.5,5.125,66.25,23.75,69.875,24.25,11.75,8.25,5.25,3.75,6.875,4.125,7.125,4.625,227.375,89.5,851.5,12,0,3,0,3,3,1,0,0,0,2,1,0,0,180.34,187.96,185.0,25.0,37.0,0,0,0,0,0,0,0,1,0,0,0,0,0,0,0,0,0,1,0,0,1,0,0,0
Blue,False,0.0,0.0,0.41,0.53,1.0,0.5,2.0,1.0,1.0,0.0,34.0,14.0,75.0,40.0,46.0,26.0,148.0,109.0,1.0,1.0,6.0,3.0,27.0,7.0,61.0,28.0,3.0,3.0,8.0,6.0,4.0,4.0,6.0,6.0,32.0,13.0,53.0,25.0,1.0,0.0,2.0,1.0,1.0,1.0,20.0,14.0,125.0,459.0,859.0,3,0,0,1,0,0,1,0,0,0,0,0,0,0,170.18,175.26,135.0,0.03125,0.5,0.4475,0.39375,0.245,0.2603125,0.96875,0.59375,0.03125,0.0,77.9375,38.8125,83.53125,33.4375,88.78125,49.40625,93.8125,42.53125,4.65625,0.59375,4.03125,1.09375,55.6875,22.0,61.34375,16.6875,16.4375,11.28125,14.375,9.875,5.8125,5.53125,7.8125,6.875,63.875,28.28125,64.3125,19.53125,11.28125,8.71875,18.125,13.8125,2.78125,1.8125,1.09375,0.09375,175.03125,132.78125,599.8125,12,0,0,1,4,4,2,0,0,0,1,0,3,0,165.1,165.1,135.0,29.0,32.0,1,0,0,0,0,0,0,0,0,0,0,0,0,0,0,0,0,1,0,0,0,0,1,0
Blue,False,0.0,0.0,0.32375,0.32390625,0.113828125,0.335390625,0.125,1.1484375,1.078125,0.015625,95.1484375,34.203125,67.6328125,25.109375,178.21875,106.6328125,113.15625,62.84375,5.1015625,1.015625,7.875,3.125,79.140625,23.703125,55.1640625,15.3125,12.6484375,8.5390625,6.9296875,4.9921875,3.359375,1.9609375,5.5390625,4.8046875,66.7734375,15.40625,56.1484375,16.6171875,12.0859375,7.203125,7.1796875,5.078125,16.2890625,11.59375,4.3046875,3.4140625,200.765625,402.5,883.9609375,24,0,1,0,2,4,4,0,0,2,0,2,0,0,165.1,165.1,125.0,0.0,0.0,0.4396875,0.3475,0.22125,0.265,0.03125,0.03125,0.21875,0.0625,82.28125,35.3125,140.375,48.375,93.3125,45.5,167.71875,74.28125,16.125,3.15625,1.40625,0.78125,64.3125,19.84375,115.71875,31.0625,6.5625,4.90625,20.5,13.65625,11.40625,10.5625,4.15625,3.65625,71.46875,27.5,114.03125,31.53125,7.625,5.4375,22.25,14.0625,3.1875,2.375,4.09375,2.78125,147.25,64.78125,900.0,18,0,2,0,2,3,3,0,0,0,3,0,0,0,162.56,162.56,125.0,27.0,33.0,0,0,0,1,0,0,0,0,0,0,0,0,0,0,0,1,0,0,0,0,0,0,1,0
Blue,False,1.0,0.0,0.36,0.55,0.0,0.0,0.0,3.0,0.0,0.0,110.0,40.0,119.0,66.0,112.0,42.0,122.0,69.0,2.0,0.0,0.0,0.0,82.0,26.0,92.0,42.0,18.0,9.0,20.0,17.0,10.0,5.0,7.0,7.0,96.0,34.0,119.0,66.0,6.0,2.0,0.0,0.0,8.0,4.0,0.0,0.0,70.0,0.0,442.0,2,0,0,1,0,0,1,0,0,0,0,0,0,0,175.26,180.34,155.0,0.1416015625,0.75,0.5474658203125,0.322890625,0.0,0.00619140625,0.0,0.0009765625,0.0,0.0,154.36376953125,85.79296875,196.51123046875,62.625,170.55712890625,99.73046875,198.59912109375,64.7109375,0.625,0.0,1.33740234375,0.06396484375,85.1943359375,32.44580078125,157.90234375,35.41064453125,43.63525390625,31.0322265625,17.998046875,9.0751953125,25.5341796875,22.31494140625,20.61083984375,18.13916015625,141.88720703125,81.0048828125,189.48388671875,58.52587890625,7.40478515625,2.70947265625,5.48046875,2.56787109375,5.07177734375,2.07861328125,1.546875,1.53125,57.064453125,12.43798828125,809.58154296875,29,0,2,0,3,7,5,0,0,1,3,3,0,0,172.72,172.72,155.0,24.0,31.0,0,0,0,0,0,0,1,0,0,0,0,0,0,0,0,1,0,0,0,0,1,0,0,0
Blue,False,0.015625,0.28125,0.395078125,0.34515625,0.379765625,0.10625,0.015625,0.0625,0.25,0.28125,79.125,30.9375,71.1875,25.0625,107.3671875,55.0234375,83.0078125,35.9609375,9.15625,3.515625,1.75,0.359375,63.2109375,21.0,49.0078125,10.9140625,4.796875,1.9296875,14.640625,8.3828125,11.1171875,8.0078125,7.5390625,5.765625,61.4453125,17.6328125,65.90625,22.15625,3.140625,1.140625,3.34375,2.546875,14.5390625,12.1640625,1.9375,0.359375,259.1328125,74.640625,890.5546875,21,0,3,0,3,6,2,0,0,0,4,1,0,1,172.72,185.42,155.0,0.125,0.0,0.44625,0.455,0.37875,0.7050000000000001,0.0,0.125,0.375,0.0,84.0,33.875,62.25,30.875,109.25,54.5,74.625,41.625,3.375,1.5,1.875,1.375,62.75,23.0,49.125,21.25,9.125,3.375,6.375,4.125,12.125,7.5,6.75,5.5,65.0,20.625,48.375,22.125,1.625,0.5,4.375,3.0,17.375,12.75,9.5,5.75,218.25,78.5,667.375,8,0,1,0,2,3,1,0,0,1,0,2,0,0,180.34,180.34,155.0,30.0,31.0,0,0,0,0,0,0,1,0,0,0,0,0,0,0,0,1,0,0,0,0,1,0,0,0
Red,False,0.5,0.15625,0.5909375,0.4943749999999999,0.4425,0.534375,1.15625,0.765625,0.125,0.0,61.71875,38.96875,38.375,18.265625,125.40625,98.359375,46.21875,25.921875,4.265625,2.40625,1.15625,0.609375,52.921875,31.59375,30.34375,10.625,6.03125,4.671875,7.296875,6.90625,2.765625,2.703125,0.734375,0.734375,22.046875,8.0625,26.734375,8.609375,10.953125,8.5625,10.203125,8.71875,28.71875,22.34375,1.4375,0.9375,593.5,51.796875,764.65625,17,0,0,1,2,4,3,0,0,1,3,0,0,0,190.5,190.5,185.0,0.0,0.0,0.72,0.51,0.5,0.0,0.0,0.0,0.0,0.0,43.0,31.0,27.0,14.0,159.0,118.0,76.0,58.0,12.0,6.0,0.0,0.0,33.0,23.0,25.0,13.0,7.0,5.0,2.0,1.0,3.0,3.0,0.0,0.0,18.0,10.0,18.0,5.0,0.0,0.0,3.0,3.0,25.0,21.0,6.0,6.0,722.0,0.0,900.0,3,1,1,0,1,1,0,0,0,0,1,0,0,0,185.42,187.96,185.0,35.0,28.0,0,0,0,0,0,0,0,1,0,0,0,0,0,0,0,1,0,0,0,0,1,0,0,0
Red,False,0.5,0.0625,0.5740625,0.4696875,0.1196875,0.0490625,0.0,0.03125,0.0,0.0,42.5625,27.0625,35.59375,21.625,50.40625,34.5,49.59375,35.03125,1.71875,0.53125,1.09375,0.15625,26.9375,12.71875,27.65625,15.65625,13.5625,12.5625,4.6875,3.78125,2.0625,1.78125,3.25,2.1875,14.9375,6.28125,19.15625,8.46875,20.84375,14.6875,15.0625,11.78125,6.78125,6.09375,1.375,1.375,109.46875,13.71875,368.28125,11,0,0,1,1,3,3,0,0,0,1,2,0,0,195.58,193.04,260.0,0.25,0.0,0.4425,0.4775,0.0,0.1225,0.0,0.0,0.0,0.0,42.25,19.25,20.0,8.75,49.75,26.0,29.25,17.5,0.0,0.0,3.5,0.75,37.5,15.25,14.5,5.25,3.25,2.75,1.0,0.75,1.5,1.25,4.5,2.75,30.75,13.25,18.75,8.0,2.75,2.25,1.0,0.75,8.75,3.75,0.25,0.0,22.5,88.5,315.25,5,0,3,0,3,3,0,0,0,0,0,2,0,1,193.04,210.82,250.0,36.0,30.0,0,0,0,0,1,0,0,0,0,0,0,0,0,0,0,1,0,0,0,0,1,0,0,0
Red,False,0.015625,0.0,0.45,0.4275,0.25,0.2,0.148468017578125,0.098388671875,0.0,0.0,66.5,29.6875,64.31230545043945,27.34375,89.75,48.0,85.53125,44.41152191162109,2.0,0.75,2.0546875,0.75,51.1875,18.3359375,49.6123046875,16.280410766601562,7.5,5.07647705078125,7.5,5.0,4.5,3.625,4.984375,3.9375,48.6875,17.0,47.11572265625,16.5,5.75,3.75,5.3125,3.4375,5.0625,3.5,3.875,2.5,99.2119140625,94.125,638.5,0,0,0,0,0,0,0,0,0,0,0,0,0,0,187.96,198.12,170.0,0.0,0.0,0.44,0.4975,0.2275,0.225,1.0,0.25,0.0,0.0,46.75,20.5,50.25,24.75,57.25,30.25,78.75,49.0,2.75,0.75,7.75,1.75,37.0,13.5,33.0,12.0,6.25,4.75,5.5,2.5,3.5,2.25,11.75,10.25,33.5,10.0,33.5,13.0,12.0,9.25,9.5,7.5,1.25,1.25,7.25,4.25,138.75,282.25,646.75,8,0,1,0,1,2,1,0,0,0,1,0,1,0,190.5,198.12,170.0,25.0,26.0,0,0,0,0,0,0,0,0,0,1,0,0,0,0,0,1,0,0,0,0,1,0,0,0
Red,False,0.59375,0.28125,0.4596875,0.57625,0.0,0.19625,0.0625,0.0,0.0,0.0,105.71875,52.75,106.75,57.15625,132.0625,77.625,124.0,72.71875,1.78125,0.0,1.5625,0.53125,89.5625,39.125,90.5625,44.34375,12.40625,10.625,11.28125,9.53125,3.75,3.0,4.90625,3.28125,84.71875,38.90625,75.75,35.90625,12.375,9.28125,12.40625,10.15625,8.625,4.5625,18.59375,11.09375,122.0,84.21875,546.65625,12,0,0,2,2,2,4,0,0,0,0,2,0,0,185.42,187.96,205.0,0.0,1.0,0.4024999999999999,0.4234374999999999,0.44890625,0.3125,0.0,0.078125,0.0,0.0,144.0625,58.546875,91.171875,38.90625,192.1875,100.078125,104.671875,51.90625,7.484375,3.390625,0.328125,0.3125,121.515625,40.109375,72.703125,24.171875,14.171875,10.390625,7.375,4.8125,8.375,8.046875,11.09375,9.921875,117.546875,41.234375,76.265625,28.875,16.75,9.765625,9.84375,7.46875,9.765625,7.546875,5.0625,2.5625,323.796875,11.6875,885.578125,19,1,2,0,3,5,2,0,0,0,4,1,0,0,190.5,200.66,205.0,33.0,27.0,0,0,0,0,0,1,0,0,0,0,0,0,0,0,0,1,0,0,0,0,1,0,0,0
Blue,False,0.015625,0.0,0.45,0.4275,0.25,0.2,0.148468017578125,0.098388671875,0.0,0.0,66.5,29.6875,64.31230545043945,27.34375,89.75,48.0,85.53125,44.41152191162109,2.0,0.75,2.0546875,0.75,51.1875,18.3359375,49.6123046875,16.280410766601562,7.5,5.07647705078125,7.5,5.0,4.5,3.625,4.984375,3.9375,48.6875,17.0,47.11572265625,16.5,5.75,3.75,5.3125,3.4375,5.0625,3.5,3.875,2.5,99.2119140625,94.125,638.5,0,0,0,0,0,0,0,0,0,0,0,0,0,0,185.42,195.58,185.0,0.0,1.0,0.48,0.6,1.0,0.66,1.0,2.0,0.0,0.0,31.0,15.0,69.0,42.0,40.0,24.0,137.0,105.0,1.0,1.0,6.0,4.0,26.0,10.0,63.0,38.0,5.0,5.0,4.0,2.0,0.0,0.0,2.0,2.0,19.0,6.0,17.0,3.0,10.0,8.0,13.0,10.0,2.0,1.0,39.0,29.0,58.0,766.0,900.0,3,0,0,1,0,0,1,0,0,0,0,0,0,0,180.34,180.34,185.0,28.0,23.0,0,0,0,0,0,0,0,1,0,0,0,0,0,0,0,0,0,1,0,0,1,0,0,0
Red,False,0.015625,0.0,0.45,0.4275,0.25,0.2,0.148468017578125,0.098388671875,0.0,0.0,66.5,29.6875,64.31230545043945,27.34375,89.75,48.0,85.53125,44.41152191162109,2.0,0.75,2.0546875,0.75,51.1875,18.3359375,49.6123046875,16.280410766601562,7.5,5.07647705078125,7.5,5.0,4.5,3.625,4.984375,3.9375,48.6875,17.0,47.11572265625,16.5,5.75,3.75,5.3125,3.4375,5.0625,3.5,3.875,2.5,99.2119140625,94.125,638.5,0,0,0,0,0,0,0,0,0,0,0,0,0,0,185.42,198.12,185.0,0.2578125,0.15625,0.41953125,0.434609375,0.13671875,0.125,0.0,0.0625,0.0,0.0,68.59375,28.4765625,70.3125,32.421875,75.453125,34.1875,75.984375,37.9375,0.8828125,0.1796875,6.5234375,1.5,49.0859375,16.78125,59.3046875,24.4765625,11.65625,5.234375,7.7265625,5.21875,7.8515625,6.4609375,3.28125,2.7265625,62.9609375,24.7109375,61.0625,25.9140625,5.3515625,3.546875,7.21875,4.9921875,0.28125,0.21875,2.03125,1.515625,11.6875,147.5,638.6171875,20,0,0,1,2,4,4,0,0,1,0,3,0,0,190.5,193.04,230.0,30.0,31.0,0,0,0,0,0,1,0,0,0,0,0,0,0,0,0,1,0,0,0,0,1,0,0,0
Red,False,0.0,0.0,0.4175,0.385,0.06,0.125,0.0,0.5,0.0,0.0,96.25,41.25,83.0,32.0,107.25,51.0,90.0,38.25,4.75,0.5,1.5,0.25,71.25,24.0,63.5,18.75,7.5,4.5,12.25,7.75,17.5,12.75,7.25,5.5,74.75,29.0,58.25,16.75,19.0,11.25,20.25,12.5,2.5,1.0,4.5,2.75,30.75,32.5,749.25,7,0,0,1,2,2,1,0,0,1,1,0,0,0,190.5,193.04,235.0,0.25,0.03125,0.548671875,0.400625,0.130859375,0.4436328125,0.0,0.015625,0.015625,0.00390625,52.61328125,28.1953125,13.9375,4.80078125,55.8984375,31.13671875,54.140625,40.26953125,0.35546875,0.1328125,7.62109375,4.17578125,44.22265625,21.125,12.3203125,3.40234375,7.8671875,6.5546875,0.55859375,0.46484375,0.5234375,0.515625,1.05859375,0.93359375,27.91796875,10.16796875,8.8515625,1.33203125,17.22265625,13.59375,2.35546875,1.66796875,7.47265625,4.43359375,2.73046875,1.80078125,28.8125,380.70703125,602.13671875,15,0,2,0,4,7,2,0,0,1,0,6,0,0,190.5,200.66,260.0,35.0,31.0,0,0,0,0,1,0,0,0,0,0,0,0,0,0,0,1,0,0,0,0,1,0,0,0
Red,False,0.015625,0.0,0.45,0.4275,0.25,0.2,0.148468017578125,0.098388671875,0.0,0.0,66.5,29.6875,64.31230545043945,27.34375,89.75,48.0,85.53125,44.41152191162109,2.0,0.75,2.0546875,0.75,51.1875,18.3359375,49.6123046875,16.280410766601562,7.5,5.07647705078125,7.5,5.0,4.5,3.625,4.984375,3.9375,48.6875,17.0,47.11572265625,16.5,5.75,3.75,5.3125,3.4375,5.0625,3.5,3.875,2.5,99.2119140625,94.125,638.5,0,0,0,0,0,0,0,0,0,0,0,0,0,0,170.18,175.26,115.0,0.0,0.0,0.53,0.52,0.3,0.5,0.0,0.0,0.0,1.0,135.0,72.0,174.0,92.0,155.0,91.0,194.0,107.0,10.0,3.0,2.0,1.0,94.0,45.0,117.0,50.0,19.0,12.0,34.0,20.0,22.0,15.0,23.0,22.0,106.0,50.0,150.0,76.0,23.0,17.0,22.0,15.0,6.0,5.0,2.0,1.0,171.0,160.0,900.0,3,0,1,0,1,1,0,0,0,0,1,0,0,0,165.1,162.56,125.0,29.0,28.0,0,0,0,0,0,0,0,0,0,0,0,0,0,1,0,0,0,1,0,0,1,0,0,0
Blue,False,0.015625,0.0,0.45,0.4275,0.25,0.2,0.148468017578125,0.098388671875,0.0,0.0,66.5,29.6875,64.31230545043945,27.34375,89.75,48.0,85.53125,44.41152191162109,2.0,0.75,2.0546875,0.75,51.1875,18.3359375,49.6123046875,16.280410766601562,7.5,5.07647705078125,7.5,5.0,4.5,3.625,4.984375,3.9375,48.6875,17.0,47.11572265625,16.5,5.75,3.75,5.3125,3.4375,5.0625,3.5,3.875,2.5,99.2119140625,94.125,638.5,0,0,0,0,0,0,0,0,0,0,0,0,0,0,180.34,190.5,145.0,0.0,0.75,0.4499999999999999,0.435,0.125,0.5,0.5,0.0,1.0,0.0,104.75,43.25,130.75,53.5,126.0,61.5,161.25,83.0,2.5,0.5,1.75,1.0,69.0,17.75,107.75,36.0,18.75,11.0,16.75,13.25,17.0,14.5,6.25,4.25,88.5,33.25,107.25,37.5,15.5,9.5,8.25,5.75,0.75,0.5,15.25,10.25,180.75,78.5,719.75,7,0,1,0,1,2,1,0,0,1,1,0,0,0,175.26,177.8,145.0,25.0,29.0,0,0,1,0,0,0,0,0,0,0,0,0,0,0,0,1,0,0,0,0,1,0,0,0
Blue,False,0.0,0.0,0.41,0.38,1.0,0.33,0.0,0.0,0.0,0.0,116.0,48.0,54.0,21.0,129.0,61.0,59.0,25.0,1.0,1.0,6.0,2.0,99.0,36.0,39.0,8.0,9.0,5.0,13.0,12.0,8.0,7.0,2.0,1.0,86.0,34.0,42.0,13.0,29.0,13.0,4.0,1.0,1.0,1.0,8.0,7.0,7.0,215.0,580.0,2,0,1,0,1,1,0,0,0,0,0,1,0,0,177.8,185.42,155.0,0.5,0.0,0.605,0.325,0.125,0.4,0.5,0.0,0.0,0.0,27.0,14.0,63.5,30.5,32.5,19.5,76.5,40.5,2.0,0.5,2.5,2.0,18.5,7.0,50.0,20.5,4.0,2.5,7.0,5.5,4.5,4.5,6.5,4.5,22.0,10.0,34.0,11.5,1.0,0.5,0.0,0.0,4.0,3.5,29.5,19.0,19.5,212.5,384.0,4,0,0,1,1,1,1,0,0,0,0,1,0,0,180.34,185.42,155.0,23.0,27.0,0,0,0,0,0,0,1,0,0,0,0,0,0,0,0,1,0,0,0,0,1,0,0,0
Red,False,0.015625,0.0,0.45,0.4275,0.25,0.2,0.148468017578125,0.098388671875,0.0,0.0,66.5,29.6875,64.31230545043945,27.34375,89.75,48.0,85.53125,44.41152191162109,2.0,0.75,2.0546875,0.75,51.1875,18.3359375,49.6123046875,16.280410766601562,7.5,5.07647705078125,7.5,5.0,4.5,3.625,4.984375,3.9375,48.6875,17.0,47.11572265625,16.5,5.75,3.75,5.3125,3.4375,5.0625,3.5,3.875,2.5,99.2119140625,94.125,638.5,0,0,0,0,0,0,0,0,0,0,0,0,0,0,165.1,170.18,125.0,0.0,0.0,0.5375,0.5175000000000001,0.29,0.355,0.0,0.25,1.125,0.0,53.875,28.125,56.625,25.875,102.25,70.625,129.875,86.5,4.5,1.0,4.125,2.5,39.625,16.75,40.625,14.0,7.25,6.0,14.75,11.25,7.0,5.375,1.25,0.625,29.25,11.375,37.375,11.375,7.875,6.125,5.375,3.375,16.75,10.625,13.875,11.125,311.25,317.375,900.0,12,0,0,1,2,2,2,0,0,0,2,0,0,0,165.1,165.1,115.0,24.0,34.0,0,0,0,0,0,0,0,0,0,0,0,0,0,1,0,0,0,1,0,0,1,0,0,0
Blue,False,0.015625,0.0,0.45,0.4275,0.25,0.2,0.148468017578125,0.098388671875,0.0,0.0,66.5,29.6875,64.31230545043945,27.34375,89.75,48.0,85.53125,44.41152191162109,2.0,0.75,2.0546875,0.75,51.1875,18.3359375,49.6123046875,16.280410766601562,7.5,5.07647705078125,7.5,5.0,4.5,3.625,4.984375,3.9375,48.6875,17.0,47.11572265625,16.5,5.75,3.75,5.3125,3.4375,5.0625,3.5,3.875,2.5,99.2119140625,94.125,638.5,0,0,0,0,0,0,0,0,0,0,0,0,0,0,190.5,193.04,185.0,0.0,0.0,0.0,0.0,0.0,1.0,0.0,3.0,0.0,0.0,0.0,0.0,5.0,0.0,1.0,1.0,7.0,2.0,0.0,0.0,1.0,1.0,0.0,0.0,4.0,0.0,0.0,0.0,1.0,0.0,0.0,0.0,0.0,0.0,0.0,0.0,5.0,0.0,0.0,0.0,0.0,0.0,0.0,0.0,0.0,0.0,0.0,90.0,123.0,1,0,0,1,0,0,1,0,0,0,0,0,0,0,182.88,182.88,205.0,35.0,31.0,0,0,0,0,0,0,0,1,0,0,0,0,0,0,0,1,0,0,0,0,1,0,0,0
Blue,False,0.578125,0.0107421875,0.4418359375,0.392783203125,0.667333984375,0.683359375,0.642578125,0.009765625,0.015625,0.0009765625,188.390625,83.361328125,127.337890625,51.2138671875,222.2197265625,113.4248046875,138.7060546875,62.1904296875,1.734375,0.93359375,3.650390625,1.716796875,155.7958984375,58.1181640625,80.9765625,20.7392578125,20.6455078125,16.4208984375,25.9873046875,14.978515625,11.94921875,8.822265625,20.3740234375,15.49609375,159.6015625,64.142578125,120.1328125,46.3876953125,15.1337890625,11.8359375,6.861328125,4.5419921875,13.6552734375,7.3828125,0.34375,0.2841796875,96.666015625,107.75,934.8310546875,32,0,2,0,3,7,4,0,0,0,5,1,1,0,180.34,187.96,170.0,1.1307830810546875,0.2666015625,0.4640229797363281,0.4161004638671874,0.0454463195800781,0.0668826293945312,0.0625457763671875,0.03143310546875,4.57763671875e-05,0.046966552734375,50.028076171875,20.631637573242188,53.029327392578125,22.002410888671875,59.11317443847656,28.85780334472656,57.0032958984375,25.531753540039062,1.239013671875,0.0757293701171875,1.5919342041015625,0.2187652587890625,45.59820556640625,17.169677734375,43.39341735839844,14.084014892578123,3.719451904296875,2.8928985595703125,6.622894287109375,4.9473876953125,0.710418701171875,0.569061279296875,3.0130157470703125,2.97100830078125,35.90257263183594,10.237686157226562,46.1591796875,16.8355712890625,4.525787353515625,3.331146240234375,5.069625854492188,3.94573974609375,9.599716186523438,7.06280517578125,1.8005218505859375,1.221099853515625,37.270751953125,47.79898071289063,378.294921875,36,0,0,1,6,10,7,0,0,1,2,5,1,1,175.26,180.34,170.0,32.0,31.0,0,0,0,0,0,0,0,0,0,1,0,0,0,0,0,1,0,0,0,0,1,0,0,0
Red,False,0.0,0.0,0.365625,0.5856250000000001,0.31,0.34375,0.6875,0.0,0.125,0.0625,80.375,30.0,92.0,46.6875,102.1875,48.875,108.3125,61.375,2.125,0.8125,0.4375,0.375,59.625,16.0625,68.25,29.875,8.3125,5.1875,7.125,4.8125,12.4375,8.75,16.625,12.0,70.5625,23.8125,77.3125,33.4375,7.9375,4.75,8.25,6.875,1.875,1.4375,6.4375,6.375,99.0625,76.9375,472.5,12,1,3,0,3,4,1,0,0,1,2,0,1,0,167.64,172.72,135.0,0.125,0.28125,0.3621875,0.4974999999999999,0.328125,0.0,0.5,0.5,0.0,0.125,48.53125,18.78125,35.53125,18.28125,73.1875,41.1875,60.9375,41.0625,3.875,1.5,0.0,0.0,36.0,9.28125,29.625,13.46875,10.09375,7.5625,3.375,2.28125,2.4375,1.9375,2.53125,2.53125,31.4375,5.90625,25.25,10.15625,8.4375,6.84375,1.78125,1.125,8.65625,6.03125,8.5,7.0,324.34375,57.65625,671.75,12,1,1,0,1,3,3,0,0,1,1,1,0,0,167.64,167.64,135.0,32.0,36.0,0,0,0,0,0,0,0,0,0,0,1,0,0,0,0,1,0,0,0,0,1,0,0,0
Blue,False,0.5,0.5,0.645,0.355,0.0,0.0,0.0,0.0,0.0,0.0,27.0,18.5,35.0,12.5,27.0,18.5,35.5,13.0,0.0,0.0,1.5,0.0,17.0,10.0,31.0,10.0,5.0,4.5,3.0,2.0,5.0,4.0,1.0,0.5,22.0,13.5,31.5,10.0,2.0,2.0,0.5,0.5,3.0,3.0,3.0,2.0,3.0,21.5,170.5,2,0,0,1,1,1,1,0,0,0,0,1,0,0,180.34,195.58,185.0,0.0,0.0,0.255,0.42,0.0,0.165,0.0,0.5,0.0,0.0,199.0,56.5,86.0,37.0,201.0,58.5,93.0,43.5,1.0,0.0,1.5,0.5,169.5,35.5,73.5,28.5,22.0,13.5,10.5,6.5,7.5,7.5,2.0,2.0,175.0,44.0,77.5,32.5,23.5,12.0,8.5,4.5,0.5,0.5,0.0,0.0,8.5,48.5,791.0,6,0,0,1,1,1,1,0,0,0,1,0,0,0,185.42,190.5,205.0,32.0,22.0,0,0,0,0,0,1,0,0,0,0,0,0,0,0,0,0,0,0,1,0,0,0,1,0
Red,True,0.03125,0.0,0.5309375,0.4915625,0.640625,0.316875,0.375,0.25,0.0,0.78125,90.6875,42.34375,56.1875,23.5,170.96875,117.0625,80.96875,45.96875,3.21875,2.09375,6.15625,3.1875,72.78125,29.0625,46.71875,15.5625,10.90625,7.5625,5.71875,4.4375,7.0,5.71875,3.75,3.5,61.40625,23.4375,45.84375,15.8125,11.59375,7.125,4.4375,2.5,17.6875,11.78125,5.90625,5.1875,112.4375,332.28125,737.0,16,0,0,1,2,2,4,0,0,0,2,0,0,0,170.18,167.64,125.0,0.5166015625,0.00390625,0.585057373046875,0.365859375,0.22681396484375,0.61546875,0.2734375,0.0045166015625,0.0006103515625,0.000244140625,86.2904052734375,48.0191650390625,57.97705078125,23.599365234375,127.6708984375,87.0521240234375,78.7535400390625,42.56640625,6.388671875,2.9395751953125,2.4010009765625,0.95458984375,54.08447265625,24.8363037109375,34.8592529296875,7.3924560546875,22.6024169921875,16.629638671875,14.6983642578125,10.6162109375,9.603515625,6.55322265625,8.41943359375,5.5906982421875,57.91015625,26.777587890625,45.6614990234375,15.9310302734375,24.5751953125,18.8681640625,12.2197265625,7.60791015625,3.8050537109375,2.3734130859375,0.0958251953125,0.0604248046875,214.3662109375,85.958740234375,745.623046875,51,10,2,0,10,12,2,0,0,1,6,2,3,0,160.02,167.64,125.0,29.0,30.0,0,0,0,1,0,0,0,0,0,0,0,0,0,0,0,0,0,1,0,0,1,0,0,0
Blue,False,0.0,0.0,0.56,0.18,0.33,0.0,1.0,0.0,0.0,0.0,41.0,23.0,11.0,2.0,201.0,169.0,26.0,13.0,3.0,1.0,0.0,0.0,25.0,15.0,10.0,1.0,8.0,1.0,0.0,0.0,8.0,7.0,1.0,1.0,24.0,9.0,10.0,1.0,0.0,0.0,0.0,0.0,17.0,14.0,1.0,1.0,445.0,305.0,900.0,3,1,1,0,1,1,0,0,0,0,1,0,0,0,177.8,177.8,145.0,0.0195770263671875,0.4765625,0.3863458251953124,0.3817875671386719,0.3356561279296874,0.241097412109375,0.5203704833984375,0.5080718994140625,0.5000762939453125,0.000152587890625,62.9268798828125,24.30943298339844,88.19566345214844,31.550094604492188,73.1993408203125,33.429901123046875,103.67341613769533,44.236724853515625,8.616546630859375,2.352569580078125,4.9935455322265625,1.5118255615234375,51.41645812988281,15.860137939453123,74.45985412597656,24.435806274414062,8.791427612304688,5.7566680908203125,12.693756103515623,6.37255859375,2.718994140625,2.692626953125,1.04205322265625,0.741729736328125,44.96900939941406,14.106643676757812,69.67506408691406,22.093475341796875,12.092422485351562,5.9749603271484375,14.94329833984375,6.793746948242188,5.865447998046875,4.227828979492188,3.577301025390625,2.662872314453125,258.9589080810547,120.34381103515624,779.8684692382812,48,2,0,1,8,10,7,0,0,3,6,1,0,0,175.26,177.8,155.0,31.0,37.0,0,0,1,0,0,0,0,0,0,0,0,0,0,0,0,0,0,1,0,0,1,0,0,0
Red,False,0.015625,0.0,0.45,0.4275,0.25,0.2,0.148468017578125,0.098388671875,0.0,0.0,66.5,29.6875,64.31230545043945,27.34375,89.75,48.0,85.53125,44.41152191162109,2.0,0.75,2.0546875,0.75,51.1875,18.3359375,49.6123046875,16.280410766601562,7.5,5.07647705078125,7.5,5.0,4.5,3.625,4.984375,3.9375,48.6875,17.0,47.11572265625,16.5,5.75,3.75,5.3125,3.4375,5.0625,3.5,3.875,2.5,99.2119140625,94.125,638.5,0,0,0,0,0,0,0,0,0,0,0,0,0,0,172.72,177.8,125.0,0.5,0.0,0.4225,0.3349999999999999,0.05,0.5,0.0,0.0,0.0,0.0,90.25,36.0,118.5,46.25,91.5,37.0,128.0,54.75,2.75,0.25,1.25,0.75,71.75,22.5,81.0,21.75,11.0,7.25,24.25,15.0,7.5,6.25,13.25,9.5,84.5,31.5,99.25,32.5,5.0,4.25,5.75,2.75,0.75,0.25,13.5,11.0,18.0,88.25,623.0,6,0,2,0,2,2,1,0,0,0,0,2,0,0,172.72,180.34,135.0,26.0,29.0,1,0,0,0,0,0,0,0,0,0,0,0,0,0,0,1,0,0,0,0,1,0,0,0
Red,False,0.0625,0.5,0.39,0.454375,0.725625,0.0,0.0625,0.0,0.0,0.0,68.75,29.125,70.75,25.6875,91.3125,50.0625,84.4375,38.75,3.6875,1.5,0.9375,0.0,43.9375,12.5625,54.6875,14.5625,19.625,14.4375,13.25,9.5,5.1875,2.125,2.8125,1.625,46.0,14.6875,54.25,13.5625,20.5,13.0625,15.375,12.0,2.25,1.375,1.125,0.125,110.4375,14.5,534.5,13,1,4,0,4,4,1,0,0,1,3,0,0,0,162.56,162.56,135.0,0.01611328125,0.015625,0.36554931640625,0.3895092773437499,0.12782470703125,0.1509765625,0.03369140625,0.0,0.03125,0.0,163.89892578125,59.66357421875,98.503173828125,36.185791015625,180.1240234375,74.625244140625,104.02392578125,41.110107421875,1.212158203125,0.634521484375,11.82275390625,2.2255859375,131.06787109375,39.10595703125,79.87060546875,21.65478515625,25.874267578125,14.798095703125,9.989013671875,6.4892578125,6.956787109375,5.759521484375,8.6435546875,8.041748046875,139.29150390625,42.63671875,87.96044921875,29.20703125,20.242919921875,13.593505859375,9.7685546875,6.399169921875,4.364501953125,3.433349609375,0.774169921875,0.57958984375,99.20751953125,54.951904296875,861.07958984375,33,2,3,0,5,11,2,0,0,0,7,3,1,0,162.56,165.1,125.0,29.0,32.0,0,0,0,1,0,0,0,0,0,0,0,0,0,0,0,1,0,0,0,0,0,0,1,0
Red,False,0.625,0.0,0.37875,0.435,0.125,0.34125,0.125,1.125,0.25,0.125,49.625,21.5,55.0,22.125,59.5,29.375,94.25,53.0,0.875,0.125,7.625,2.875,38.0,12.75,46.375,15.625,5.5,4.5,6.625,5.875,6.125,4.25,2.0,0.625,37.875,15.0,46.0,17.125,6.25,4.125,3.375,1.375,5.5,2.375,5.625,3.625,62.875,227.5,609.375,8,0,0,1,1,2,2,0,0,1,0,1,0,0,165.1,172.72,125.0,0.0,0.0,0.72,0.53,1.0,1.0,2.0,0.0,0.0,0.0,11.0,8.0,13.0,7.0,24.0,21.0,23.0,17.0,1.0,1.0,1.0,1.0,10.0,7.0,12.0,6.0,1.0,1.0,1.0,1.0,0.0,0.0,0.0,0.0,4.0,3.0,8.0,2.0,1.0,1.0,0.0,0.0,6.0,4.0,5.0,5.0,97.0,17.0,143.0,1,0,1,0,1,1,0,0,0,0,0,0,1,0,170.18,177.8,125.0,27.0,22.0,0,0,0,1,0,0,0,0,0,0,0,0,0,0,0,1,0,0,0,0,1,0,0,0
Blue,False,0.015625,0.0,0.45,0.4275,0.25,0.2,0.148468017578125,0.098388671875,0.0,0.0,66.5,29.6875,64.31230545043945,27.34375,89.75,48.0,85.53125,44.41152191162109,2.0,0.75,2.0546875,0.75,51.1875,18.3359375,49.6123046875,16.280410766601562,7.5,5.07647705078125,7.5,5.0,4.5,3.625,4.984375,3.9375,48.6875,17.0,47.11572265625,16.5,5.75,3.75,5.3125,3.4375,5.0625,3.5,3.875,2.5,99.2119140625,94.125,638.5,0,0,0,0,0,0,0,0,0,0,0,0,0,0,154.94,165.1,115.0,0.0,0.0,0.37375,0.4024999999999999,0.4375,0.64,0.5,1.125,0.0,0.125,50.625,21.375,62.125,25.125,65.75,34.625,89.25,47.25,1.375,1.125,4.125,1.375,38.375,12.0,46.375,15.875,9.0,6.875,8.875,5.75,3.25,2.5,6.875,3.5,37.375,13.5,45.375,16.375,10.5,5.75,11.5,5.375,2.75,2.125,5.25,3.375,81.25,163.75,393.875,9,0,0,2,1,1,3,0,0,0,0,0,1,0,162.56,165.1,115.0,27.0,25.0,0,0,0,0,0,0,0,0,0,0,0,0,0,1,0,1,0,0,0,0,1,0,0,0
Blue,False,1.0,1.0,0.7,0.58,1.0,0.0,1.0,0.0,0.0,0.0,20.0,14.0,31.0,18.0,37.0,30.0,33.0,20.0,1.0,1.0,0.0,0.0,13.0,7.0,18.0,6.0,7.0,7.0,5.0,5.0,0.0,0.0,8.0,7.0,12.0,8.0,24.0,12.0,4.0,3.0,4.0,3.0,4.0,3.0,3.0,3.0,165.0,1.0,297.0,1,0,0,1,0,0,1,0,0,0,0,0,0,0,182.88,190.5,205.0,0.0,0.0,0.57,0.39,0.0,0.0,0.0,0.0,0.0,0.0,107.0,61.0,118.0,47.0,203.0,153.0,124.0,52.0,2.0,0.0,2.0,0.0,89.0,47.0,83.0,23.0,11.0,7.0,26.0,17.0,7.0,7.0,9.0,7.0,74.0,37.0,103.0,37.0,11.0,9.0,14.0,10.0,22.0,15.0,1.0,0.0,468.0,18.0,900.0,3,0,1,0,1,1,0,0,1,0,0,0,0,0,187.96,187.96,205.0,26.0,32.0,0,0,0,0,0,1,0,0,0,0,0,0,0,0,0,1,0,0,0,0,1,0,0,0
Blue,False,0.0,0.0,0.465,0.5375,0.1,0.5825,0.5,0.25,0.25,0.0,61.5,32.0,56.25,32.5,68.0,38.25,120.0,91.75,1.25,0.5,3.75,3.25,45.5,21.5,41.75,21.25,12.0,6.75,9.0,6.25,4.0,3.75,5.5,5.0,51.0,23.75,41.75,21.25,7.25,5.75,5.25,3.5,3.25,2.5,9.25,7.75,61.75,320.5,703.0,7,0,0,1,1,1,2,0,0,0,1,0,0,0,193.04,193.04,205.0,0.0,0.0,0.415,0.655,0.0,0.215,0.0,0.0,0.0,0.0,120.5,51.0,89.0,58.0,163.0,92.0,117.5,84.5,0.0,0.0,8.0,1.5,91.0,25.5,62.5,33.5,23.5,20.5,12.0,11.0,6.0,5.0,14.5,13.5,84.5,26.0,65.5,39.0,25.5,18.5,8.0,6.5,10.5,6.5,15.5,12.5,29.0,268.5,900.0,6,0,0,2,0,0,2,0,0,0,0,0,0,0,182.88,182.88,185.0,28.0,30.0,0,0,0,0,0,0,0,1,0,0,0,0,0,0,0,1,0,0,0,0,1,0,0,0
Red,False,0.0,0.5,0.4325,0.655,0.65,0.2075,0.25,0.5,0.25,0.0,42.25,18.25,56.5,35.5,72.5,45.25,106.25,76.75,3.75,2.0,1.75,0.75,29.5,9.0,43.5,23.25,9.5,6.75,10.5,9.75,3.25,2.5,2.5,2.5,22.25,7.25,24.25,12.25,17.25,10.0,27.75,19.75,2.75,1.0,4.5,3.5,186.5,213.0,517.5,7,0,0,1,1,1,2,0,0,0,1,0,0,0,170.18,175.26,170.0,0.0,1.5,0.435,0.52,0.33,0.5,0.0,0.0,0.0,0.0,119.5,51.0,180.0,85.5,146.5,75.5,213.0,115.5,3.0,1.0,2.0,2.0,106.5,42.0,154.5,67.5,11.0,7.0,22.0,16.0,2.0,2.0,3.5,2.0,97.5,38.5,135.5,57.5,22.0,12.5,19.5,11.5,0.0,0.0,25.0,16.5,82.0,228.0,669.5,6,0,0,2,0,0,2,0,0,0,0,0,0,0,180.34,177.8,155.0,29.0,28.0,0,0,0,0,0,0,1,0,0,0,0,0,0,0,0,1,0,0,0,0,1,0,0,0
Red,False,0.125,6.103515625e-05,0.5534169006347656,0.4790640258789063,0.296875,0.3973434448242188,0.13311767578125,0.5337371826171875,1.52587890625e-05,0.001953125,45.36491394042969,23.5411376953125,60.89253234863281,31.13800048828125,61.50363159179688,35.43438720703125,83.5162353515625,49.53192138671875,0.52447509765625,0.4375,6.776657104492188,2.9094696044921875,37.306671142578125,16.852127075195312,46.722564697265625,22.59852600097656,2.864044189453125,2.157257080078125,7.4882965087890625,3.2654266357421875,5.1941986083984375,4.531753540039063,6.681671142578125,5.2740478515625,37.79100036621094,17.483108520507812,33.551177978515625,10.066543579101562,4.72222900390625,3.972091674804688,13.230865478515623,9.498855590820312,2.8516845703125,2.0859375,14.110488891601562,11.572601318359377,114.96348571777344,361.0324401855469,704.9732360839844,43,0,2,0,4,9,8,0,0,2,4,1,1,1,187.96,190.5,185.0,0.0,0.125,0.4237499999999999,0.4825,0.12625,0.125625,0.0625,0.0,0.0,0.0,90.125,39.875,101.75,41.3125,116.5625,63.375,117.6875,54.0,3.875,1.3125,4.875,1.0625,83.6875,34.0,85.875,28.8125,2.9375,2.875,13.125,10.5,3.5,3.0,2.75,2.0,53.125,16.75,88.5625,30.625,5.9375,4.3125,9.1875,7.4375,31.0625,18.8125,4.0,3.25,157.9375,150.125,652.0625,11,0,2,0,2,4,1,0,0,0,2,1,1,0,182.88,177.8,185.0,30.0,39.0,0,0,0,0,0,0,0,1,0,0,0,0,0,0,0,1,0,0,0,0,0,0,1,0
Blue,False,0.015625,0.0,0.45,0.4275,0.25,0.2,0.148468017578125,0.098388671875,0.0,0.0,66.5,29.6875,64.31230545043945,27.34375,89.75,48.0,85.53125,44.41152191162109,2.0,0.75,2.0546875,0.75,51.1875,18.3359375,49.6123046875,16.280410766601562,7.5,5.07647705078125,7.5,5.0,4.5,3.625,4.984375,3.9375,48.6875,17.0,47.11572265625,16.5,5.75,3.75,5.3125,3.4375,5.0625,3.5,3.875,2.5,99.2119140625,94.125,638.5,0,0,0,0,0,0,0,0,0,0,0,0,0,0,190.5,200.66,205.0,0.0,0.0,0.51,0.72,0.0,0.5,0.0,0.0,0.0,0.0,27.0,14.0,43.0,31.0,76.0,58.0,159.0,118.0,0.0,0.0,12.0,6.0,25.0,13.0,33.0,23.0,2.0,1.0,7.0,5.0,0.0,0.0,3.0,3.0,18.0,5.0,18.0,10.0,3.0,3.0,0.0,0.0,6.0,6.0,25.0,21.0,0.0,722.0,900.0,3,1,0,1,0,0,1,0,0,0,0,0,0,0,185.42,193.04,205.0,25.0,26.0,0,0,0,0,0,1,0,0,0,0,0,0,0,0,0,1,0,0,0,0,0,0,1,0
Blue,False,0.28125,0.28125,0.3434375,0.405625,0.500625,0.114375,0.53125,0.71875,0.0,0.5,99.375,33.25,99.125,44.625,114.8125,46.75,104.5625,49.78125,4.46875,2.09375,2.5625,0.375,80.71875,22.40625,80.90625,31.53125,11.21875,6.875,14.5,9.875,7.4375,3.96875,3.71875,3.21875,84.53125,22.8125,73.59375,24.28125,9.34375,6.8125,23.84375,18.84375,5.5,3.625,1.6875,1.5,73.84375,104.21875,684.96875,12,0,1,0,2,3,3,0,0,0,1,2,0,0,182.88,185.42,185.0,0.1416015625,0.5625,0.519697265625,0.351005859375,0.589755859375,0.03375,0.01171875,0.88671875,0.0625,0.0009765625,86.076171875,43.6435546875,95.3525390625,34.2900390625,95.0908203125,52.1884765625,112.21484375,49.91015625,1.822265625,1.2822265625,1.8056640625,0.23046875,52.0517578125,18.896484375,83.1865234375,27.38671875,15.4931640625,9.8525390625,7.0947265625,4.3203125,18.53125,14.89453125,5.0712890625,2.5830078125,72.6240234375,35.6162109375,79.8583984375,26.029296875,4.1748046875,2.015625,4.095703125,1.87109375,9.27734375,6.01171875,11.3984375,6.3896484375,75.3310546875,61.111328125,633.7802734375,22,0,3,0,3,6,5,0,0,1,0,3,2,0,185.42,193.04,170.0,29.0,36.0,0,0,0,0,0,0,0,0,0,1,0,0,0,0,0,1,0,0,0,0,0,0,1,0
Blue,False,0.015625,0.0,0.45,0.4275,0.25,0.2,0.148468017578125,0.098388671875,0.0,0.0,66.5,29.6875,64.31230545043945,27.34375,89.75,48.0,85.53125,44.41152191162109,2.0,0.75,2.0546875,0.75,51.1875,18.3359375,49.6123046875,16.280410766601562,7.5,5.07647705078125,7.5,5.0,4.5,3.625,4.984375,3.9375,48.6875,17.0,47.11572265625,16.5,5.75,3.75,5.3125,3.4375,5.0625,3.5,3.875,2.5,99.2119140625,94.125,638.5,0,0,0,0,0,0,0,0,0,0,0,0,0,0,167.64,180.34,145.0,0.0,0.0,0.44,0.41,0.25,0.0,0.0,0.0,0.0,1.0,99.0,44.0,112.0,46.0,99.0,44.0,116.0,50.0,4.0,1.0,0.0,0.0,70.0,20.0,95.0,33.0,18.0,15.0,8.0,5.0,11.0,9.0,9.0,8.0,98.0,43.0,110.0,45.0,1.0,1.0,2.0,1.0,0.0,0.0,0.0,0.0,3.0,2.0,900.0,3,0,0,1,0,0,1,0,0,0,0,0,0,0,170.18,170.18,155.0,28.0,27.0,0,0,0,0,0,0,1,0,0,0,0,0,0,0,0,1,0,0,0,0,0,0,1,0
Red,False,0.25,0.0,0.353125,0.3853124999999999,0.0375,0.3675,0.5625,0.0,0.03125,0.0,121.0625,39.59375,119.40625,46.09375,131.90625,49.125,128.6875,53.8125,0.84375,0.1875,2.59375,0.84375,98.53125,21.46875,91.0625,28.21875,12.625,9.90625,18.5625,11.0,9.90625,8.21875,9.78125,6.875,111.28125,35.03125,107.53125,38.3125,6.28125,2.6875,6.0625,3.90625,3.5,1.875,5.8125,3.875,56.46875,78.0,725.6875,16,0,1,0,1,3,3,0,0,0,1,1,1,0,180.34,185.42,155.0,1.0,0.0,0.56,0.63,0.165,0.355,0.5,1.0,0.0,0.0,33.5,18.5,33.0,21.0,55.0,38.0,87.0,67.0,1.5,0.5,3.5,2.5,30.5,16.5,28.5,17.0,2.0,1.5,3.5,3.0,1.0,0.5,1.0,1.0,15.0,7.0,17.5,10.5,3.0,1.5,2.0,1.5,15.5,10.0,13.5,9.0,43.5,372.0,523.5,4,0,0,1,1,1,1,0,0,0,0,1,0,0,177.8,172.72,155.0,32.0,31.0,0,0,0,0,0,0,1,0,0,0,0,0,0,0,0,1,0,0,0,0,1,0,0,0
Blue,False,0.0,0.5,0.585,0.605,0.0,0.5,1.0,0.0,0.5,0.0,21.0,11.0,35.5,17.5,51.0,37.5,64.0,41.0,1.5,0.0,3.5,3.0,16.0,7.0,32.0,15.0,3.5,2.5,3.5,2.5,1.5,1.5,0.0,0.0,7.5,1.5,14.0,4.5,7.5,4.5,11.0,6.5,6.0,5.0,10.5,6.5,101.5,260.5,467.0,4,0,1,0,1,1,1,0,0,1,0,0,0,0,180.34,177.8,155.0,0.0,0.125,0.3896875,0.5271875,0.0993749999999999,0.29,0.5625,0.09375,0.0,0.03125,53.625,22.1875,52.15625,24.78125,64.875,32.53125,65.46875,36.84375,1.90625,0.34375,2.59375,0.75,42.3125,14.875,40.125,17.15625,6.84375,3.71875,8.84375,5.34375,4.46875,3.59375,3.1875,2.28125,37.15625,11.59375,29.84375,9.96875,4.09375,2.1875,3.4375,1.8125,12.375,8.40625,18.875,13.0,87.84375,143.28125,475.3125,12,0,2,0,2,4,2,0,0,0,0,0,3,1,180.34,185.42,170.0,30.0,22.0,0,0,0,0,0,0,1,0,0,0,0,0,0,0,0,0,0,1,0,0,1,0,0,0
Blue,False,0.0,0.0,0.16,0.06,1.0,0.0,0.0,0.0,0.0,0.0,102.0,17.0,251.0,17.0,102.0,17.0,251.0,17.0,1.0,1.0,0.0,0.0,84.0,7.0,238.0,13.0,3.0,0.0,7.0,1.0,15.0,10.0,6.0,3.0,102.0,17.0,251.0,17.0,0.0,0.0,0.0,0.0,0.0,0.0,0.0,0.0,1.0,0.0,900.0,3,0,0,1,0,0,1,0,0,0,0,0,0,0,152.4,152.4,115.0,0.0,0.0,0.415,0.415,0.0,0.29,0.5,0.0,0.5,0.0,194.75,78.25,204.0,85.25,214.0,96.0,224.5,101.75,2.25,0.0,2.5,1.0,147.0,46.75,153.25,53.5,33.0,21.25,29.75,16.75,14.75,10.25,21.0,15.0,176.5,68.25,173.0,64.0,15.75,8.0,23.25,15.0,2.5,2.0,7.75,6.25,72.25,240.75,900.0,9,0,0,1,1,1,2,0,0,0,1,0,0,0,157.48000000000002,157.48,115.0,27.0,29.0,0,0,0,0,0,0,0,0,0,0,0,0,0,1,0,1,0,0,0,0,0,0,1,0
Red,False,0.5703125,0.0,0.535703125,0.23875,0.02203125,0.0,0.046875,0.0,0.0,0.0,26.4375,13.109375,9.8359375,2.875,40.28125,26.1015625,12.9765625,5.9140625,2.1796875,0.203125,0.3125,0.0,24.828125,11.7421875,7.765625,1.046875,0.8359375,0.734375,1.734375,1.5625,0.7734375,0.6328125,0.3359375,0.265625,7.7109375,3.03125,8.1875,1.984375,5.28125,3.96875,1.2265625,0.53125,13.4453125,6.109375,0.421875,0.359375,79.8046875,0.828125,157.703125,14,0,2,0,5,7,1,0,0,0,2,4,1,0,185.42,195.58,185.0,0.26171875,0.01953125,0.5041796875,0.4278125,0.19140625,0.00171875,0.0,0.00390625,0.0,0.3125,141.66796875,68.828125,105.90625,47.34375,155.015625,81.76953125,110.1875,51.51953125,0.66015625,0.34765625,2.60546875,0.01171875,106.74609375,41.09765625,72.90625,25.28515625,9.24609375,7.18359375,12.59765625,5.234375,25.67578125,20.546875,20.40234375,16.82421875,125.62890625,58.2890625,101.9921875,44.75,6.984375,4.3515625,2.96875,2.0390625,9.0546875,6.1875,0.9453125,0.5546875,85.453125,17.9140625,754.09765625,22,1,2,0,5,7,2,0,0,0,4,3,0,0,182.88,185.42,185.0,32.0,25.0,0,0,0,0,0,0,0,1,0,0,0,0,0,0,0,0,0,1,0,0,1,0,0,0
Blue,False,0.0,1.0,0.69,0.55,0.0,0.55,0.0,1.0,0.0,0.0,23.0,16.0,34.0,19.0,52.0,40.0,107.0,78.0,0.0,0.0,9.0,5.0,16.0,10.0,31.0,17.0,1.0,0.0,3.0,2.0,6.0,6.0,0.0,0.0,10.0,6.0,7.0,3.0,0.0,0.0,0.0,0.0,13.0,10.0,27.0,16.0,0.0,549.0,654.0,3,0,0,1,0,0,1,0,0,0,0,0,0,0,190.5,190.5,170.0,0.625,0.0,0.44375,0.406875,0.199375,0.40875,0.0,0.625,0.0,0.0,124.1875,55.625,81.4375,33.0,164.25,91.3125,116.6875,61.3125,2.0625,0.8125,6.6875,3.3125,97.3125,38.4375,70.125,24.8125,15.125,7.4375,7.4375,4.6875,11.75,9.75,3.875,3.5,94.0,33.3125,69.9375,26.5625,11.625,7.8125,5.375,2.0625,18.5625,14.5,6.125,4.375,176.4375,302.0625,804.875,13,0,1,0,1,2,3,0,0,0,2,0,0,0,182.88,185.42,170.0,29.0,27.0,0,0,0,0,0,0,0,0,0,1,0,0,0,0,0,0,0,0,1,0,1,0,0,0
Blue,False,0.0,0.0,0.495,0.57,0.25,0.575,0.5,0.0,0.0,0.0,133.5,52.0,69.0,34.5,153.0,69.5,111.5,73.0,1.0,0.5,9.0,5.0,110.0,34.0,61.0,28.5,7.5,5.5,3.0,2.0,16.0,12.5,5.0,4.0,117.5,38.5,53.5,22.5,3.5,2.0,1.5,0.0,12.5,11.5,14.0,12.0,23.0,508.5,900.0,6,0,0,1,1,1,1,0,0,1,0,0,0,0,177.8,180.34,145.0,0.125,0.0,0.444375,0.45875,0.0825,0.119375,0.5,0.1875,0.125,0.0,47.75,16.8125,57.0625,27.3125,74.75,38.9375,64.9375,33.625,0.75,0.25,4.8125,0.9375,37.75,12.125,43.75,18.125,5.25,3.625,9.4375,6.0625,4.75,1.0625,3.875,3.125,36.0625,10.6875,48.375,22.3125,8.5625,4.375,6.125,2.9375,3.125,1.75,2.5625,2.0625,111.5,42.0,405.75,10,0,1,0,1,3,2,0,0,0,0,2,1,0,182.88,190.5,155.0,24.0,26.0,0,0,1,0,0,0,0,0,0,0,0,0,0,0,0,1,0,0,0,0,0,0,0,1
Red,False,0.0,0.0,0.395,0.37,0.415,0.5625,0.25,0.0,0.0,0.0,76.25,30.75,72.5,24.75,113.75,63.0,85.25,35.25,2.25,1.0,1.5,0.75,54.5,16.25,48.0,8.25,10.75,6.5,12.0,7.5,11.0,8.0,12.5,9.0,67.0,23.75,63.25,18.75,4.75,3.75,8.25,5.5,4.5,3.25,1.0,0.5,193.0,8.75,824.75,8,1,2,0,2,2,1,0,0,0,1,1,0,0,162.56,162.56,145.0,0.0,0.0,0.41,0.575,0.33,0.1975,1.0,0.0,0.0,0.75,59.0,24.0,77.25,47.25,63.75,28.0,124.25,90.25,3.25,0.75,5.25,1.0,44.0,13.75,56.75,31.25,14.25,9.5,11.0,8.25,0.75,0.75,9.5,7.75,37.25,11.0,40.25,20.25,5.25,4.0,14.25,10.25,16.5,9.0,22.75,16.75,133.0,422.25,783.75,8,0,0,1,1,1,2,0,0,0,0,0,1,0,172.72,177.8,135.0,34.0,23.0,0,0,1,0,0,0,0,0,0,0,0,0,0,0,0,0,0,1,0,0,0,0,0,1
Red,False,0.25,0.0,0.475,0.57,0.5,0.56,1.0,0.5,0.25,0.5,45.25,18.25,113.75,65.25,64.25,36.5,150.75,99.0,1.25,0.75,5.0,3.25,43.25,16.5,81.0,37.5,1.25,1.0,25.25,21.5,0.75,0.75,7.5,6.25,34.0,9.25,66.5,30.0,5.0,3.0,3.25,2.75,6.25,6.0,44.0,32.5,33.75,462.25,817.0,8,0,0,1,1,1,2,0,0,0,0,1,0,0,165.1,167.64,125.0,0.5,0.0,0.515,0.475,0.0,0.3325,1.0,3.5,1.0,1.5,23.5,11.5,70.25,45.0,30.25,15.75,106.0,76.25,0.25,0.0,4.0,1.75,19.0,7.5,65.75,41.0,1.5,1.5,4.5,4.0,3.0,2.5,0.0,0.0,17.25,6.75,12.0,3.5,1.5,1.0,1.5,0.75,4.75,3.75,56.75,40.75,94.75,236.0,404.0,4,0,2,0,2,2,1,0,0,0,0,1,1,0,165.1,165.1,125.0,26.0,28.0,0,0,0,1,0,0,0,0,0,0,0,0,0,0,0,1,0,0,0,0,0,0,0,1
Blue,False,0.015625,0.0,0.45,0.4275,0.25,0.2,0.148468017578125,0.098388671875,0.0,0.0,66.5,29.6875,64.31230545043945,27.34375,89.75,48.0,85.53125,44.41152191162109,2.0,0.75,2.0546875,0.75,51.1875,18.3359375,49.6123046875,16.280410766601562,7.5,5.07647705078125,7.5,5.0,4.5,3.625,4.984375,3.9375,48.6875,17.0,47.11572265625,16.5,5.75,3.75,5.3125,3.4375,5.0625,3.5,3.875,2.5,99.2119140625,94.125,638.5,0,0,0,0,0,0,0,0,0,0,0,0,0,0,165.1,172.72,125.0,0.0,0.0,0.2,0.5725,0.04,0.4375,0.0,0.0,0.5,0.25,46.75,9.5,37.0,19.0,69.0,30.25,59.25,38.5,1.5,0.25,3.25,1.25,45.0,8.75,23.0,8.0,1.5,0.5,4.25,2.25,0.25,0.25,9.75,8.75,38.25,6.25,25.0,9.0,4.75,2.0,9.0,7.5,3.75,1.25,3.0,2.5,70.0,143.75,472.0,7,0,0,1,1,1,2,0,0,1,0,0,0,0,165.1,162.56,125.0,28.0,25.0,0,0,0,1,0,0,0,0,0,0,0,0,0,0,0,1,0,0,0,0,1,0,0,0
Blue,False,0.015625,0.0,0.45,0.4275,0.25,0.2,0.148468017578125,0.098388671875,0.0,0.0,66.5,29.6875,64.31230545043945,27.34375,89.75,48.0,85.53125,44.41152191162109,2.0,0.75,2.0546875,0.75,51.1875,18.3359375,49.6123046875,16.280410766601562,7.5,5.07647705078125,7.5,5.0,4.5,3.625,4.984375,3.9375,48.6875,17.0,47.11572265625,16.5,5.75,3.75,5.3125,3.4375,5.0625,3.5,3.875,2.5,99.2119140625,94.125,638.5,0,0,0,0,0,0,0,0,0,0,0,0,0,0,180.34,177.8,205.0,0.75,0.0,0.66875,0.33625,0.0,0.0,1.0,0.25,0.0,0.0,26.875,18.875,11.0,6.0,59.875,48.25,16.0,10.0,0.0,0.0,0.25,0.0,21.625,14.25,9.25,4.5,2.125,1.5,1.5,1.25,3.125,3.125,0.25,0.25,10.5,5.875,6.5,2.125,1.625,1.5,3.25,2.875,14.75,11.5,1.25,1.0,131.625,29.5,192.125,4,0,2,0,2,3,1,0,0,0,0,2,1,0,185.42,190.5,253.0,29.0,31.0,0,0,0,0,0,1,0,0,0,0,0,0,0,0,0,1,0,0,0,0,1,0,0,0
Red,False,0.0,0.0,0.56,0.34,0.16,0.0,0.0,2.0,0.0,0.0,156.0,88.0,106.0,37.0,190.0,121.0,120.0,49.0,6.0,1.0,3.0,0.0,98.0,39.0,62.0,8.0,22.0,21.0,33.0,21.0,36.0,28.0,11.0,8.0,114.0,57.0,83.0,23.0,40.0,30.0,22.0,13.0,2.0,1.0,1.0,1.0,196.0,105.0,900.0,3,0,1,0,1,1,0,0,0,0,1,0,0,0,185.42,195.58,185.0,0.0078125,0.484375,0.4919921874999999,0.478359375,0.712734375,0.0,0.00390625,0.5,0.0,0.0,47.3515625,24.15234375,50.6015625,24.25,107.15234375,79.08203125,70.41796875,41.34765625,4.78125,3.9609375,0.08203125,0.0,33.90625,15.1796875,37.95703125,16.24609375,7.078125,4.171875,8.390625,4.2265625,6.3671875,4.80078125,4.25390625,3.77734375,34.15625,15.8671875,40.75,17.5078125,0.81640625,0.67578125,4.2421875,3.4140625,12.37890625,7.609375,5.609375,3.328125,388.5078125,17.5390625,760.58984375,19,1,3,0,3,6,3,0,0,1,4,0,1,0,185.42,198.12,185.0,28.0,31.0,0,0,0,0,0,0,0,1,0,0,0,0,0,0,0,1,0,0,0,0,0,0,1,0
Red,False,0.0,0.0,0.43,0.37,0.0,0.25,1.0,0.0,0.0,0.0,149.0,65.0,126.0,47.0,165.0,80.0,129.0,50.0,2.0,0.0,4.0,1.0,106.0,31.0,74.0,12.0,20.0,14.0,19.0,8.0,23.0,20.0,33.0,27.0,144.0,62.0,120.0,42.0,3.0,2.0,6.0,5.0,2.0,1.0,0.0,0.0,9.0,76.0,900.0,3,0,1,0,1,1,0,0,0,1,0,0,0,0,180.34,182.88,170.0,0.25,0.8125,0.4753125,0.3621875,0.15625,0.25,0.59375,0.0,0.0,0.625,59.4375,28.125,108.28125,40.1875,75.125,42.75,116.8125,47.9375,3.34375,0.4375,0.75,0.25,49.0625,21.6875,80.65625,21.46875,7.6875,4.28125,15.3125,8.78125,2.6875,2.15625,12.3125,9.9375,51.71875,22.1875,101.09375,36.03125,3.0,1.96875,2.09375,1.75,4.71875,3.96875,5.09375,2.40625,178.15625,68.53125,811.875,16,1,0,1,4,4,2,0,0,0,1,1,2,0,182.88,182.88,170.0,29.0,34.0,0,0,0,0,0,0,0,0,0,1,0,0,0,0,0,1,0,0,0,0,1,0,0,0
Red,False,0.0,0.125,0.5762499999999999,0.3475,0.25,0.59375,0.5,0.0,0.5,0.5,64.875,32.125,50.75,23.375,79.5,45.5,89.875,59.0,0.5,0.5,1.25,0.875,54.625,25.0,37.875,15.0,4.625,2.0,7.75,4.0,5.625,5.125,5.125,4.375,46.25,17.625,39.5,17.0,5.625,3.875,7.875,4.625,13.0,10.625,3.375,1.75,59.125,152.25,401.0,8,0,0,2,2,2,2,0,0,0,0,1,1,0,170.18,170.18,125.0,0.5,0.125,0.42,0.42,0.5575,0.25,0.375,0.0,0.0,0.0,166.25,71.375,245.5,113.875,202.75,104.625,266.0,131.0,10.25,4.5,1.75,0.5,149.125,60.625,194.125,69.875,14.625,9.25,27.0,23.125,2.5,1.5,24.375,20.875,141.875,54.75,219.25,94.5,14.25,9.125,24.375,18.0,10.125,7.5,1.875,1.375,444.625,65.625,1200.0,14,1,1,0,1,2,2,0,0,0,2,0,0,0,162.56,160.02,115.0,29.0,27.0,0,0,0,0,0,0,0,0,0,0,0,0,0,1,0,1,0,0,0,0,1,0,0,0
Red,False,0.0,0.0,0.34,0.36,0.0,0.33,0.0,0.0,0.0,0.0,232.0,79.0,167.0,61.0,234.0,81.0,174.0,68.0,1.0,0.0,3.0,1.0,166.0,35.0,144.0,43.0,13.0,7.0,3.0,3.0,53.0,37.0,20.0,15.0,216.0,75.0,147.0,52.0,13.0,3.0,10.0,4.0,3.0,1.0,10.0,5.0,12.0,58.0,900.0,3,0,0,1,0,0,1,0,0,0,0,0,0,0,175.26,182.88,135.0,0.375,0.625,0.4337499999999999,0.37625,0.0,0.07375,0.0,0.0,0.0,0.0,50.125,23.4375,68.9375,25.1875,50.8125,24.125,69.8125,25.9375,0.0,0.0,2.125,0.1875,42.375,17.4375,59.1875,19.8125,4.5,3.5,4.3125,1.4375,3.25,2.5,5.4375,3.9375,45.5625,20.25,65.6875,23.125,4.5625,3.1875,2.5,1.4375,0.0,0.0,0.75,0.625,1.5625,19.75,266.0,8,0,4,0,4,4,1,0,0,0,1,3,0,0,170.18,177.8,145.0,25.0,25.0,1,0,0,0,0,0,0,0,0,0,0,0,0,0,0,1,0,0,0,0,0,0,1,0
Blue,False,0.0,0.0,0.5974999999999999,0.445,0.5775,0.0,0.25,0.0,0.0,0.0,60.0,36.25,24.5,11.25,149.0,116.75,29.5,16.25,9.75,5.5,0.0,0.0,42.0,22.5,16.75,5.5,12.5,9.25,6.5,4.5,5.5,4.5,1.25,1.25,20.25,3.75,19.25,7.0,5.75,4.5,4.75,3.75,34.0,28.0,0.5,0.5,631.25,10.0,769.75,8,1,3,0,3,3,0,0,0,0,2,0,1,0,182.88,193.04,170.0,0.0625,0.0,0.5275,0.6225,0.18625,0.125,1.0,0.0,0.0,0.0,82.8125,46.25,131.3125,68.0625,87.375,50.3125,159.9375,93.625,1.625,0.4375,1.3125,0.25,64.4375,30.375,104.5625,46.9375,15.3125,13.375,12.75,8.4375,3.0625,2.5,14.0,12.6875,72.625,39.375,105.375,51.1875,7.6875,5.3125,25.6875,16.625,2.5,1.5625,0.25,0.25,133.375,129.375,635.6875,12,1,4,0,4,4,1,0,0,0,1,0,3,0,180.34,182.88,170.0,29.0,25.0,0,0,0,0,0,0,0,0,0,1,0,0,0,0,0,0,0,0,1,0,1,0,0,0
Blue,False,0.5,0.0,0.408125,0.359375,0.2465625,0.0212499999999999,0.0,0.1875,0.0625,0.03125,68.46875,27.125,43.28125,16.84375,89.09375,46.21875,50.125,23.15625,1.6875,0.84375,2.09375,0.125,53.65625,15.6875,32.09375,9.53125,7.34375,5.09375,7.125,3.25,7.46875,6.34375,4.0625,4.0625,54.5,15.25,40.75,14.90625,8.15625,7.375,2.0625,1.5,5.8125,4.5,0.46875,0.4375,61.5625,83.09375,470.09375,15,0,1,0,4,5,1,0,0,1,3,1,0,0,185.42,195.58,185.0,0.047149658203125,0.062530517578125,0.4949267578125,0.4808407592773437,0.2936416625976562,0.00017333984375,0.63812255859375,0.00018310546875,0.0,0.001953125,74.43368530273438,34.43170166015625,91.5648193359375,41.25006103515625,90.58358764648438,46.77642822265625,99.34115600585938,48.131378173828125,8.79351806640625,2.7403564453125,0.032958984375,0.001220703125,66.36611938476562,28.916900634765625,75.60525512695312,27.270172119140625,2.914703369140625,1.300537109375,4.98046875,4.31134033203125,5.152862548828125,4.214263916015625,10.979095458984377,9.668548583984377,48.07583618164063,15.057373046875,84.27444458007812,35.051422119140625,12.982635498046877,8.14117431640625,4.22247314453125,3.71380615234375,13.375213623046877,11.233154296875,3.067901611328125,2.484832763671875,388.0032653808594,75.3013916015625,859.1396484375,42,1,0,1,5,11,5,0,0,1,3,2,5,0,185.42,198.12,185.0,27.0,35.0,0,0,0,0,0,0,0,1,0,0,0,0,0,0,0,0,0,1,0,0,1,0,0,0
Red,False,0.53515625,0.125,0.3896875,0.4030859375,0.00390625,0.1214453125,0.25390625,0.01171875,0.01171875,0.0078125,85.26953125,35.42578125,53.0390625,22.97265625,92.828125,42.02734375,63.203125,32.09375,0.00390625,0.00390625,2.94140625,0.67578125,78.80078125,31.69140625,39.8984375,13.30078125,5.71875,3.046875,6.16015625,4.3828125,0.75,0.6875,6.98046875,5.2890625,70.79296875,26.3203125,46.3984375,20.4296875,10.26171875,5.43359375,4.48828125,1.12109375,4.21484375,3.671875,2.15234375,1.421875,12.98046875,81.73046875,463.90625,19,0,2,0,2,5,4,0,0,1,1,3,0,0,187.96,190.5,205.0,0.5022315979003906,0.5050048828125,0.2801999664306641,0.4218177032470703,0.0685190200805664,0.03240966796875,0.0371170043945312,0.0003128051757812,0.0,0.0,45.64911651611328,16.837047576904297,44.06313705444336,13.625591278076172,50.91731262207031,21.619041442871094,47.206172943115234,16.76856231689453,2.626293182373047,0.6037559509277344,3.5333251953125,0.0670166015625,40.50343322753906,14.276344299316406,35.40543746948242,9.361331939697266,3.9765472412109375,1.8963356018066408,6.815605163574219,3.391529083251953,1.1691360473632812,0.66436767578125,1.8420944213867188,0.8727302551269531,43.03113555908203,14.928340911865234,35.63022232055664,8.533409118652344,1.0344276428222656,0.7162284851074219,4.0851898193359375,1.8038482666015625,1.5835533142089844,1.1924781799316406,4.347724914550781,3.2883338928222656,44.85606384277344,47.89751815795898,472.93883514404297,44,1,5,0,5,14,5,0,0,1,8,4,1,0,187.96,187.96,205.0,40.0,33.0,0,0,0,0,0,1,0,0,0,0,0,0,0,0,0,0,0,1,0,0,1,0,0,0
Red,False,0.0,0.0,0.47,0.53,0.0,0.2,0.0,0.0,0.0,0.0,159.0,76.0,98.0,52.0,202.0,116.0,126.0,72.0,1.0,0.0,5.0,1.0,126.0,49.0,84.0,43.0,24.0,18.0,14.0,9.0,9.0,9.0,0.0,0.0,101.0,38.0,71.0,33.0,55.0,36.0,21.0,13.0,3.0,2.0,6.0,6.0,114.0,218.0,900.0,3,0,0,1,0,0,1,0,0,0,0,0,0,0,195.58,195.58,265.0,0.0,0.5,0.48,0.48,0.15,0.0,0.5,0.0,0.0,0.0,26.5,12.5,39.5,19.5,90.5,55.0,78.5,53.0,6.5,1.0,0.5,0.0,24.5,10.5,32.0,13.5,2.0,2.0,4.0,3.5,0.0,0.0,3.5,2.5,12.0,4.5,27.0,11.0,4.5,2.0,7.5,5.5,10.0,6.0,5.0,3.0,325.0,0.5,505.5,4,0,0,1,1,1,1,0,0,0,0,0,1,0,187.96,187.96,243.0,36.0,23.0,0,0,0,0,1,0,0,0,0,0,0,0,0,0,0,1,0,0,0,0,1,0,0,0
Red,False,0.25,0.63330078125,0.690731201171875,0.64827880859375,0.21480712890625,0.23478515625,0.68896484375,0.0001220703125,0.0625,0.25,38.26123046875,15.9932861328125,56.14990234375,29.20654296875,52.585205078125,26.640380859375,73.429931640625,44.6798095703125,4.5186767578125,1.79443359375,1.8411865234375,0.6904296875,29.5469970703125,9.825927734375,47.0906982421875,20.962890625,4.074951171875,2.726318359375,5.7091064453125,5.1181640625,4.6392822265625,3.4410400390625,3.35009765625,3.12548828125,29.3182373046875,11.2506103515625,37.8851318359375,15.7738037109375,4.989501953125,3.1583251953125,13.86279296875,10.51123046875,3.9534912109375,1.5843505859375,4.4019775390625,2.9215087890625,104.965576171875,92.5706787109375,429.7017822265625,32,1,0,1,2,6,8,0,0,0,3,0,3,0,165.1,170.18,135.0,0.25,0.0,0.29875,0.3,0.0,0.54625,0.125,0.5,0.0,0.0,46.875,14.625,76.125,23.5,48.75,16.375,95.875,41.5,0.75,0.0,2.25,1.375,31.125,5.75,59.5,14.375,4.625,1.625,9.875,4.75,11.125,7.25,6.75,4.375,46.125,13.875,62.125,14.125,0.75,0.75,2.0,2.0,0.0,0.0,12.0,7.375,1.5,141.375,573.25,9,0,0,1,2,2,2,0,0,0,1,1,0,0,170.18,180.34,135.0,35.0,38.0,1,0,0,0,0,0,0,0,0,0,0,0,0,0,0,1,0,0,0,0,1,0,0,0
Red,False,0.0,0.0,0.5309375,0.4103124999999999,0.6581250000000001,0.1125,0.1875,0.40625,0.0,0.125,100.9375,50.375,51.75,21.875,119.75,66.65625,81.3125,49.84375,4.78125,3.1875,6.1875,0.875,72.40625,29.25,36.53125,12.3125,21.1875,14.46875,11.4375,7.25,7.34375,6.65625,3.78125,2.3125,81.90625,33.21875,38.5,11.75,8.375,6.96875,7.5,5.3125,10.65625,10.1875,5.75,4.8125,302.59375,80.9375,811.59375,15,0,2,0,2,4,2,0,0,0,3,1,0,0,170.18,167.64,125.0,0.0,0.0,0.55,0.425625,0.3125,0.0625,0.75,0.0,0.0,0.0,67.4375,27.3125,93.5625,39.8125,68.4375,28.25,95.25,41.3125,2.9375,0.625,1.0625,0.1875,43.9375,13.5625,74.3125,27.4375,13.0625,5.8125,14.375,7.8125,10.4375,7.9375,4.875,4.5625,65.8125,26.3125,90.3125,37.875,1.25,0.625,2.125,1.1875,0.375,0.375,1.125,0.75,14.1875,16.25,360.5625,9,0,0,1,1,2,3,0,0,0,0,1,1,0,167.64,165.1,135.0,24.0,30.0,1,0,0,0,0,0,0,0,0,0,0,0,0,0,0,0,0,1,0,0,1,0,0,0
Red,False,0.5,0.0,0.545,0.625,0.0,0.33,0.0,0.0,0.0,0.0,34.0,18.0,32.0,19.0,39.0,22.5,70.0,54.0,1.5,0.0,1.5,1.0,28.5,13.0,19.5,9.5,3.5,3.0,7.0,4.5,2.0,2.0,5.5,5.0,23.0,10.5,18.0,11.0,8.5,5.0,10.0,5.0,2.5,2.5,4.0,3.0,46.0,144.0,309.0,3,0,2,0,2,2,0,0,0,0,0,1,0,1,172.72,180.34,155.0,0.0,0.1328125,0.486640625,0.46984375,0.379140625,0.17421875,0.421875,0.046875,0.0078125,0.0,75.703125,33.59375,47.890625,26.6328125,94.9609375,50.7265625,55.5625,33.9140625,2.578125,1.0390625,2.1796875,0.4765625,64.9921875,25.0234375,33.078125,14.859375,9.890625,7.75,6.9609375,4.9609375,0.8203125,0.8203125,7.8515625,6.8125,50.828125,15.6875,39.6796875,19.875,5.6484375,4.8515625,5.8671875,4.9453125,19.2265625,13.0546875,2.34375,1.8125,168.1171875,44.703125,441.0,18,0,0,1,4,6,2,0,0,1,3,1,1,0,175.26,195.58,170.0,28.0,24.0,0,0,0,0,0,0,1,0,0,0,0,0,0,0,0,1,0,0,0,0,1,0,0,0
Blue,False,0.015625,0.0,0.45,0.4275,0.25,0.2,0.148468017578125,0.098388671875,0.0,0.0,66.5,29.6875,64.31230545043945,27.34375,89.75,48.0,85.53125,44.41152191162109,2.0,0.75,2.0546875,0.75,51.1875,18.3359375,49.6123046875,16.280410766601562,7.5,5.07647705078125,7.5,5.0,4.5,3.625,4.984375,3.9375,48.6875,17.0,47.11572265625,16.5,5.75,3.75,5.3125,3.4375,5.0625,3.5,3.875,2.5,99.2119140625,94.125,638.5,0,0,0,0,0,0,0,0,0,0,0,0,0,0,182.88,185.42,185.0,0.5,0.25,0.5375,0.54125,0.2,0.0625,0.25,0.0625,0.1875,0.1875,36.0625,19.3125,34.75,20.3125,84.0625,65.1875,53.9375,38.875,2.125,1.125,0.6875,0.125,26.1875,12.0625,18.5625,7.9375,7.375,4.8125,5.9375,3.9375,2.5,2.4375,10.25,8.4375,25.6875,12.0,25.4375,11.5625,8.8125,6.125,7.125,6.625,1.5625,1.1875,2.1875,2.125,204.6875,65.9375,502.0625,10,0,0,1,4,4,1,0,0,0,1,1,2,0,195.58,200.66,185.0,26.0,34.0,0,0,0,0,0,0,0,1,0,0,0,0,0,0,0,1,0,0,0,0,1,0,0,0
Red,False,1.25,0.0,0.52,0.3075,0.0,0.35,0.0,0.0,0.0,0.0,67.25,35.25,65.75,22.0,68.5,36.5,78.25,33.5,0.75,0.0,1.5,0.75,52.5,23.75,55.0,15.25,8.75,5.75,6.5,3.25,6.0,5.75,4.25,3.5,57.75,30.0,59.25,18.25,4.25,1.5,6.0,3.75,5.25,3.75,0.5,0.0,7.5,67.25,384.5,6,0,0,1,2,2,1,0,0,0,0,2,0,0,170.18,175.26,135.0,0.0,0.0,0.3225,0.4125,0.0,0.1875,0.0,0.25,0.0,0.0,88.25,32.75,117.25,46.25,100.0,42.75,174.5,99.25,0.5,0.0,3.0,1.0,61.0,12.0,87.0,26.25,12.25,6.75,19.25,10.0,15.0,14.0,11.0,10.0,82.25,29.75,102.0,37.0,5.75,2.75,9.5,5.0,0.25,0.25,5.75,4.25,143.0,139.25,900.0,9,1,0,2,1,1,2,0,0,0,1,0,0,0,175.26,165.1,145.0,25.0,30.0,0,0,1,0,0,0,0,0,0,0,0,0,0,0,0,0,0,1,0,0,0,0,1,0
Red,False,0.0625,0.0,0.5178125,0.4746875,0.3878125,0.265625,0.09375,1.15625,0.5,0.0,120.0625,62.84375,85.65625,39.15625,148.9375,88.15625,106.5625,59.40625,7.78125,3.25,1.875,0.5625,85.1875,34.96875,60.34375,22.4375,24.53125,20.1875,15.21875,9.3125,10.34375,7.6875,10.09375,7.40625,75.5625,29.125,62.78125,21.1875,9.21875,5.96875,18.375,13.625,35.28125,27.75,4.5,4.34375,355.9375,47.15625,972.125,20,1,3,0,3,4,2,0,0,0,3,1,0,0,162.56,165.1,125.0,1.03125,0.0,0.43625,0.3875,0.45203125,0.1021875,0.0,0.796875,0.0,0.015625,151.046875,64.578125,121.59375,46.390625,165.171875,76.78125,140.03125,63.828125,6.078125,3.234375,6.109375,1.78125,120.703125,42.734375,101.734375,34.703125,23.21875,15.359375,13.578125,7.25,7.125,6.484375,6.28125,4.4375,127.578125,49.90625,109.6875,38.296875,11.5,8.734375,7.859375,5.1875,11.96875,5.9375,4.046875,2.90625,205.140625,125.015625,948.109375,20,1,4,0,4,6,1,0,0,0,4,2,0,0,165.1,167.64,125.0,31.0,26.0,0,0,0,1,0,0,0,0,0,0,0,0,0,0,0,1,0,0,0,0,1,0,0,0
Blue,False,0.125,0.0,0.33875,0.4837499999999999,0.25,0.31,0.75,0.5,0.0,0.0,52.375,19.25,46.375,13.5,83.75,49.25,79.0,40.875,0.25,0.25,5.375,2.5,42.25,12.875,39.125,9.625,4.125,2.0,3.625,0.75,6.0,4.375,3.625,3.125,46.125,14.0,42.0,11.375,0.625,0.5,1.25,0.125,5.625,4.75,3.125,2.0,82.0,389.625,743.125,9,0,3,0,3,3,1,0,0,0,1,2,0,0,177.8,177.8,155.0,0.01123046875,0.5078926086425781,0.3923123455047607,0.4502732372283935,0.5950374603271484,0.5676070022583007,0.0,0.0156288146972656,1.9073486328125e-06,1.9073486328125e-06,127.58887195587158,50.33152866363525,206.23201084136963,92.1020917892456,136.1026258468628,57.84456062316895,228.36937427520752,111.0965347290039,1.7870416641235352,1.1577091217041016,2.414724349975586,0.8950042724609375,76.26575660705566,15.222743034362791,169.80121040344238,62.63020610809326,32.48997688293457,19.663997650146484,24.579524993896484,19.52543258666992,18.833138465881348,15.444787979125977,11.851275444030762,9.946453094482422,118.28619575500488,43.38198184967041,174.58698654174805,70.32501983642578,8.58740520477295,6.705085754394531,17.2577543258667,13.70647144317627,0.71527099609375,0.2444610595703125,14.387269973754885,8.070600509643555,56.55680847167969,104.64082717895508,892.5669116973877,54,1,3,0,3,11,10,0,0,2,4,4,0,1,172.72,175.26,155.0,26.0,32.0,0,0,0,0,0,0,1,0,0,0,0,0,0,0,0,0,0,1,0,0,1,0,0,0
Blue,False,0.0,0.0,0.25,0.84,0.0,1.0,2.0,1.0,1.0,0.0,4.0,1.0,19.0,16.0,7.0,4.0,43.0,38.0,0.0,0.0,3.0,3.0,4.0,1.0,18.0,15.0,0.0,0.0,1.0,1.0,0.0,0.0,0.0,0.0,4.0,1.0,2.0,1.0,0.0,0.0,0.0,0.0,0.0,0.0,17.0,15.0,26.0,178.0,223.0,1,1,0,1,0,0,1,0,0,0,0,0,0,0,160.02,162.56,115.0,0.0,1.0,0.6,0.62,0.0,0.0,0.0,0.0,0.0,0.0,10.0,6.0,29.0,18.0,43.0,32.0,34.0,23.0,5.0,0.0,0.0,0.0,3.0,2.0,19.0,9.0,5.0,2.0,10.0,9.0,2.0,2.0,0.0,0.0,4.0,2.0,16.0,7.0,6.0,4.0,13.0,11.0,0.0,0.0,0.0,0.0,114.0,34.0,226.0,1,0,0,1,0,0,1,0,0,0,0,0,0,0,160.02,160.02,115.0,25.0,32.0,0,0,0,0,0,0,0,0,0,0,0,0,0,1,0,0,0,0,1,0,1,0,0,0
Red,False,0.14453125,0.5,0.4496289062499999,0.5515820312499999,0.08240234375,0.2544335937499999,0.1328125,0.126953125,0.255859375,0.0,33.412109375,17.025390625,48.150390625,23.38671875,39.580078125,23.171875,69.314453125,43.193359375,0.435546875,0.109375,2.5078125,0.416015625,22.078125,8.04296875,35.62109375,13.677734375,5.212890625,3.634765625,4.19921875,2.56640625,6.12109375,5.34765625,8.330078125,7.142578125,27.736328125,13.029296875,33.3515625,13.453125,1.4609375,1.119140625,6.392578125,5.01953125,4.21484375,2.876953125,8.40625,4.9140625,22.982421875,144.6328125,368.859375,21,1,0,2,3,5,5,0,0,0,1,2,0,2,182.88,200.66,185.0,0.265625,0.0625,0.5358203125,0.3400195312499999,0.46875,0.00474609375,0.0703125,0.0703125,0.001953125,0.0,92.42578125,47.25,28.998046875,9.1953125,109.84765625,61.68359375,30.34375,10.517578125,2.693359375,1.1875,1.392578125,0.03515625,76.7265625,33.873046875,22.8515625,6.099609375,6.068359375,4.505859375,3.81640625,1.650390625,9.630859375,8.87109375,2.330078125,1.4453125,55.40625,25.994140625,25.71875,6.935546875,17.234375,8.943359375,1.67578125,1.0390625,19.78515625,12.3125,1.603515625,1.220703125,144.9609375,17.666015625,473.94140625,24,0,1,0,3,7,3,0,0,0,3,3,1,0,187.96,193.04,185.0,32.0,31.0,0,0,0,0,0,0,0,1,0,0,0,0,0,0,0,1,0,0,0,0,1,0,0,0
Blue,False,0.015625,0.0,0.45,0.4275,0.25,0.2,0.148468017578125,0.098388671875,0.0,0.0,66.5,29.6875,64.31230545043945,27.34375,89.75,48.0,85.53125,44.41152191162109,2.0,0.75,2.0546875,0.75,51.1875,18.3359375,49.6123046875,16.280410766601562,7.5,5.07647705078125,7.5,5.0,4.5,3.625,4.984375,3.9375,48.6875,17.0,47.11572265625,16.5,5.75,3.75,5.3125,3.4375,5.0625,3.5,3.875,2.5,99.2119140625,94.125,638.5,0,0,0,0,0,0,0,0,0,0,0,0,0,0,200.66,203.2,250.0,0.0,0.0,0.38,0.4625,0.3125,0.265,0.0,0.25,0.0,0.0,92.5,34.5,65.25,31.0,134.0,71.25,88.25,53.5,1.5,1.0,3.0,1.0,80.0,25.5,51.5,20.25,7.75,4.75,10.5,7.75,4.75,4.25,3.25,3.0,70.25,19.75,53.5,21.75,17.0,11.5,9.5,7.25,5.25,3.25,2.25,2.0,257.25,82.5,749.25,7,0,1,0,1,2,1,0,0,0,1,1,0,0,190.5,195.58,265.0,28.0,31.0,0,0,0,0,1,0,0,0,0,0,0,0,0,0,0,1,0,0,0,0,0,0,1,0
Red,False,0.375,0.0625,0.58375,0.561875,0.33125,0.33,0.0,0.0,0.0625,0.0,30.375,15.75,60.1875,32.8125,35.0,19.75,131.3125,96.875,1.8125,0.8125,7.0625,2.875,18.0625,6.375,41.875,19.5,8.5,6.125,11.375,7.6875,3.8125,3.25,6.9375,5.625,23.1875,10.3125,31.8125,8.5625,4.6875,3.375,3.9375,2.6875,2.5,2.0625,24.4375,21.5625,27.5,494.1875,734.75,13,0,0,2,2,2,3,0,0,0,1,1,0,0,190.5,187.96,155.0,0.375,0.0,0.299375,0.523125,0.234375,0.0659375,0.3125,0.125,0.03125,0.03125,126.875,35.40625,103.71875,45.21875,134.78125,42.0,109.375,50.625,3.5,0.90625,0.59375,0.09375,110.1875,23.875,86.8125,33.625,11.59375,7.21875,7.5625,4.25,5.09375,4.3125,9.34375,7.34375,119.3125,31.4375,98.5625,41.65625,5.0,2.53125,4.0625,2.71875,2.5625,1.4375,1.09375,0.84375,78.90625,12.15625,753.34375,13,0,2,0,2,4,2,0,0,0,2,1,1,0,182.88,190.5,185.0,32.0,32.0,0,0,0,0,0,0,0,0,0,1,0,0,0,0,0,0,0,1,0,0,0,0,1,0
Red,False,0.0,0.0,0.15,0.48,0.45,0.5,0.0,0.0,0.0,1.0,20.5,5.5,63.5,31.0,52.0,29.0,99.0,58.0,3.5,1.5,0.5,0.5,16.5,3.0,55.0,25.0,4.0,2.5,3.5,1.5,0.0,0.0,5.0,4.5,17.5,3.0,19.0,5.5,3.0,2.5,4.5,3.0,0.0,0.0,40.0,22.5,99.0,314.0,569.5,4,0,1,0,1,1,1,0,0,1,0,0,0,0,160.02,160.02,135.0,0.0,0.125,0.36375,0.295,0.5,0.5,0.625,0.0,0.0,0.0,118.375,44.375,167.375,48.0,121.75,47.375,171.875,51.125,0.5,0.5,1.625,0.75,87.0,21.875,120.875,20.75,16.875,11.125,32.875,19.25,14.5,11.375,13.625,8.0,104.25,38.125,155.875,41.375,12.5,6.25,8.0,5.625,1.625,0.0,3.5,1.0,7.5,46.5,801.75,10,0,2,0,2,2,2,0,0,0,1,0,1,0,167.64,172.72,135.0,27.0,39.0,0,0,0,0,0,0,0,0,0,0,1,0,0,0,0,1,0,0,0,0,1,0,0,0
Red,False,0.015625,0.0,0.45,0.4275,0.25,0.2,0.148468017578125,0.098388671875,0.0,0.0,66.5,29.6875,64.31230545043945,27.34375,89.75,48.0,85.53125,44.41152191162109,2.0,0.75,2.0546875,0.75,51.1875,18.3359375,49.6123046875,16.280410766601562,7.5,5.07647705078125,7.5,5.0,4.5,3.625,4.984375,3.9375,48.6875,17.0,47.11572265625,16.5,5.75,3.75,5.3125,3.4375,5.0625,3.5,3.875,2.5,99.2119140625,94.125,638.5,0,0,0,0,0,0,0,0,0,0,0,0,0,0,193.04,195.58,240.0,0.0,0.0,0.49,0.35,0.0,0.0,0.0,0.0,0.0,0.0,230.0,113.0,166.0,59.0,231.0,114.0,167.0,60.0,0.0,0.0,0.0,0.0,228.0,111.0,120.0,26.0,2.0,2.0,14.0,7.0,0.0,0.0,32.0,26.0,226.0,110.0,164.0,58.0,4.0,3.0,2.0,1.0,0.0,0.0,0.0,0.0,0.0,0.0,900.0,3,0,1,0,1,1,0,0,0,0,1,0,0,0,193.04,203.2,205.0,32.0,28.0,0,0,0,0,1,0,0,0,0,0,0,0,0,0,0,1,0,0,0,0,1,0,0,0
Red,False,0.015625,0.0,0.45,0.4275,0.25,0.2,0.148468017578125,0.098388671875,0.0,0.0,66.5,29.6875,64.31230545043945,27.34375,89.75,48.0,85.53125,44.41152191162109,2.0,0.75,2.0546875,0.75,51.1875,18.3359375,49.6123046875,16.280410766601562,7.5,5.07647705078125,7.5,5.0,4.5,3.625,4.984375,3.9375,48.6875,17.0,47.11572265625,16.5,5.75,3.75,5.3125,3.4375,5.0625,3.5,3.875,2.5,99.2119140625,94.125,638.5,0,0,0,0,0,0,0,0,0,0,0,0,0,0,165.1,165.1,135.0,0.0471682548522949,0.0,0.45,0.4217682266235352,0.25,0.19173828125,0.1875,0.125,0.0,0.0,69.5,30.5,66.984375,27.8466796875,94.0,48.544921875,88.50390625,44.75,2.0,0.8125,2.015625,0.6640625,54.0,19.01513671875,51.483436584472656,16.9437255859375,7.91796875,5.430633544921875,7.75,5.0625,4.780975341796875,3.9373779296875,4.8994140625,3.84375,51.025390625,18.400863647460938,50.515625,17.5,5.75,3.75,5.5,3.5,5.375,3.6875,4.0,2.65625,104.865234375,89.5,655.8441009521484,0,0,0,0,0,0,0,0,0,0,0,0,0,0,170.18,180.34,135.0,27.0,24.0,1,0,0,0,0,0,0,0,0,0,0,0,0,0,0,0,0,0,1,0,1,0,0,0
Blue,False,0.015625,0.0,0.45,0.4275,0.25,0.2,0.148468017578125,0.098388671875,0.0,0.0,66.5,29.6875,64.31230545043945,27.34375,89.75,48.0,85.53125,44.41152191162109,2.0,0.75,2.0546875,0.75,51.1875,18.3359375,49.6123046875,16.280410766601562,7.5,5.07647705078125,7.5,5.0,4.5,3.625,4.984375,3.9375,48.6875,17.0,47.11572265625,16.5,5.75,3.75,5.3125,3.4375,5.0625,3.5,3.875,2.5,99.2119140625,94.125,638.5,0,0,0,0,0,0,0,0,0,0,0,0,0,0,177.8,185.42,170.0,0.0471682548522949,0.0,0.45,0.4217682266235352,0.25,0.19173828125,0.1875,0.125,0.0,0.0,69.5,30.5,66.984375,27.8466796875,94.0,48.544921875,88.50390625,44.75,2.0,0.8125,2.015625,0.6640625,54.0,19.01513671875,51.483436584472656,16.9437255859375,7.91796875,5.430633544921875,7.75,5.0625,4.780975341796875,3.9373779296875,4.8994140625,3.84375,51.025390625,18.400863647460938,50.515625,17.5,5.75,3.75,5.5,3.5,5.375,3.6875,4.0,2.65625,104.865234375,89.5,655.8441009521484,0,0,0,0,0,0,0,0,0,0,0,0,0,0,180.34,180.34,170.0,31.0,35.0,0,0,0,0,0,0,0,0,0,1,0,0,0,0,0,1,0,0,0,0,1,0,0,0
Red,False,0.5367431640625,0.0009765625,0.34849365234375,0.458929443359375,0.32843017578125,0.0035882568359375,0.0,0.0111083984375,0.00030517578125,0.0,141.56951904296875,48.53424072265625,117.8719482421875,53.93048095703125,142.79412841796875,49.37115478515625,119.3665771484375,55.3599853515625,0.4544677734375,0.35968017578125,1.13446044921875,0.02191162109375,91.6153564453125,23.09796142578125,103.03326416015624,44.26190185546875,33.4774169921875,14.5478515625,8.0916748046875,4.39190673828125,16.47674560546875,10.888427734375,6.74700927734375,5.27667236328125,137.11566162109375,45.72369384765625,115.45465087890624,52.11651611328125,1.56817626953125,0.61383056640625,2.0693359375,1.55255126953125,2.88568115234375,2.19671630859375,0.34796142578125,0.26141357421875,13.39361572265625,4.13494873046875,488.1068115234375,37,1,0,1,4,9,6,0,0,0,5,4,0,0,177.8,185.42,155.0,0.046875,0.0,0.56703125,0.27078125,0.56453125,0.065,0.140625,0.0,0.0,0.0,99.25,56.3125,51.359375,14.890625,133.0,87.75,68.890625,29.6875,7.90625,4.484375,0.6875,0.078125,91.9375,49.890625,41.203125,9.0,3.8125,2.96875,8.21875,4.203125,3.5,3.453125,1.9375,1.6875,40.0625,11.5,48.84375,13.03125,2.875,2.078125,1.453125,0.921875,56.3125,42.734375,1.0625,0.9375,411.09375,10.40625,681.78125,18,0,7,0,7,7,0,0,0,0,4,2,1,0,177.8,177.8,155.0,30.0,28.0,0,0,0,0,0,0,1,0,0,0,0,0,0,0,0,0,0,1,0,0,1,0,0,0
Red,False,0.258059024810791,0.001983642578125,0.4452889752388,0.4086679983139037,0.0261683368682861,0.398213849067688,0.0048856735229492,0.2542252540588379,0.0004968643188476,5.4836273193359375e-06,117.35336422920228,49.95677590370178,117.37725734710692,46.09247374534607,131.3131685256958,63.28278064727783,134.69789457321167,62.115797996521,4.066201210021973,0.1045904159545898,6.088106155395508,1.5042049884796145,88.67326426506042,29.224899291992188,92.8948655128479,30.55610394477844,10.978587627410889,7.656696796417236,15.018692016601562,8.172374248504639,17.701512336730957,13.075179815292358,9.46369981765747,7.363995552062988,106.9117214679718,43.30665016174317,105.04824209213255,37.21673059463501,7.616480827331543,4.57658576965332,8.632875442504883,5.621556282043457,2.825161933898926,2.073539972305298,3.6961398124694815,3.2541868686676025,139.41989493370056,185.4503138065338,876.9675054550171,62,0,0,1,3,12,11,0,0,1,5,5,0,1,175.26,180.34,145.0,0.2548828125,0.00244140625,0.3440584182739258,0.3555902862548827,0.1218651008605957,0.0022352981567382,0.133880615234375,0.0259017944335937,0.0002460479736328,0.0,195.8058853149414,64.0167121887207,131.5075511932373,51.29608917236328,213.95369148254397,79.14608955383301,136.27565002441406,55.84403800964356,8.512762069702148,1.2232589721679688,0.4550838470458984,0.0041942596435546,157.52832794189453,36.72210121154785,117.51058959960938,41.706180572509766,19.473527908325195,11.097150802612305,10.047290802001951,5.801692962646484,18.80402946472168,16.197460174560547,3.949670791625977,3.7882156372070312,177.19687271118164,50.73161506652832,129.35715866088867,50.0657901763916,9.027301788330078,6.132341384887695,1.832721710205078,0.9897918701171876,9.581710815429688,7.152755737304688,0.3176708221435547,0.2405071258544922,111.55752754211426,35.766775131225586,1131.790105819702,74,8,3,0,5,14,6,0,0,0,8,4,2,0,167.64,172.72,135.0,30.0,35.0,0,0,1,0,0,0,0,0,0,0,0,0,0,0,0,1,0,0,0,0,1,0,0,0
Blue,False,0.1274490356445312,0.375,0.5492181777954102,0.5140359878540038,0.5082666778564453,0.0369389343261718,0.036224365234375,0.1641998291015625,0.0040283203125,0.0,51.74673461914063,28.751670837402344,49.11106872558594,24.63470458984375,86.23701095581055,62.47529983520508,56.652591705322266,31.10668182373047,1.2196769714355469,1.0409889221191406,1.7638053894042969,0.1082191467285156,41.28481674194336,20.36239624023437,35.25786209106445,14.76724624633789,7.988700866699219,6.179431915283203,8.6497802734375,4.862358093261719,2.473217010498047,2.2098426818847656,5.203426361083984,5.005100250244141,26.92281723022461,10.934368133544922,33.105506896972656,15.558452606201172,8.879928588867188,5.474040985107422,13.719844818115234,7.010025024414063,15.943988800048828,12.34326171875,2.285717010498047,2.066226959228516,138.16532135009766,89.69145584106445,431.7011528015137,43,0,1,0,4,10,9,0,0,2,3,5,0,0,182.88,187.96,185.0,0.2587890625,0.00860595703125,0.4911517333984375,0.448280029296875,0.2013330078124999,0.0452069091796875,0.00830078125,0.00390625,0.00390625,0.0125732421875,116.89520263671876,56.40960693359375,124.27142333984376,58.77880859375,142.14947509765625,78.0250244140625,131.78228759765625,65.75360107421875,6.43914794921875,1.71185302734375,0.97894287109375,0.14111328125,83.938232421875,33.9984130859375,90.220703125,32.37762451171875,12.55645751953125,5.0579833984375,11.365966796875,8.66162109375,20.4005126953125,17.35321044921875,22.68475341796875,17.73956298828125,99.1641845703125,43.876953125,116.6326904296875,53.66644287109375,5.94976806640625,4.39874267578125,4.46759033203125,2.96356201171875,11.78125,8.1339111328125,3.171142578125,2.1488037109375,130.5548095703125,49.32525634765625,874.0927734375,42,0,0,2,4,9,6,0,0,2,5,1,1,0,182.88,195.58,185.0,35.0,33.0,0,0,0,0,0,0,0,1,0,0,0,0,0,0,0,1,0,0,0,0,1,0,0,0
Blue,False,0.78125,0.0,0.5428125,0.485,0.255,0.09390625,0.0,0.125,0.0,0.0,81.25,43.15625,61.515625,29.328125,92.359375,53.03125,70.953125,37.078125,2.40625,1.0625,4.6875,0.625,60.03125,28.234375,37.984375,12.96875,9.890625,6.4375,15.5,9.6875,11.328125,8.484375,8.03125,6.671875,53.515625,26.90625,54.546875,23.78125,2.9375,1.75,2.75,1.46875,24.796875,14.5,4.21875,4.078125,103.78125,87.125,800.453125,19,0,7,0,7,7,0,0,0,1,1,5,0,0,182.88,185.42,185.0,0.109375,0.0,0.58763671875,0.57248046875,0.5231640625,0.25,0.162109375,0.5,0.0,0.001953125,83.10546875,46.37890625,124.181640625,76.15625,98.224609375,59.203125,147.189453125,96.341796875,5.380859375,2.546875,2.0546875,1.0,64.947265625,32.2421875,101.052734375,57.1796875,13.376953125,10.115234375,15.81640625,12.04296875,4.78125,4.021484375,7.3125,6.93359375,58.794921875,27.9296875,65.638671875,31.79296875,5.400390625,4.8125,10.787109375,7.734375,18.91015625,13.63671875,47.755859375,36.62890625,213.82421875,168.380859375,828.125,24,5,9,0,9,9,1,0,0,0,3,4,2,0,187.96,198.12,185.0,39.0,32.0,0,0,0,0,0,0,0,1,0,0,0,0,0,0,0,0,0,1,0,0,1,0,0,0
Blue,False,0.0,0.0,0.59765625,0.4359375,0.4665625,0.22140625,0.703125,0.125,0.0,0.5,79.6875,45.5625,87.125,33.90625,112.65625,76.140625,112.828125,55.296875,4.1875,1.828125,3.671875,1.078125,57.640625,26.78125,63.78125,18.421875,16.453125,13.578125,14.828125,8.265625,5.59375,5.203125,8.515625,7.21875,47.765625,20.0625,70.1875,22.484375,26.84375,20.78125,16.890625,11.40625,5.078125,4.71875,0.046875,0.015625,200.4375,270.359375,843.46875,18,0,1,0,3,5,2,0,0,1,2,0,2,0,170.18,170.18,135.0,0.125,0.0625,0.3075,0.51640625,0.102109375,0.060703125,0.9296875,0.53125,0.0703125,0.015625,57.734375,22.6953125,94.2578125,45.2421875,73.859375,37.609375,103.9921875,54.5546875,5.5625,0.703125,0.8984375,0.2890625,46.3359375,15.5390625,76.78125,33.2109375,7.5703125,5.140625,9.6328125,6.59375,3.828125,2.015625,7.84375,5.4375,47.5078125,14.6796875,82.21875,36.9453125,3.359375,2.234375,6.3125,4.0234375,6.8671875,5.78125,5.7265625,4.2734375,158.3515625,64.9765625,672.6328125,24,3,0,2,5,5,3,0,1,0,3,0,1,0,167.64,167.64,135.0,28.0,30.0,0,0,0,0,0,0,0,0,0,0,1,0,0,0,0,1,0,0,0,0,1,0,0,0
Blue,True,1.74609375,0.0,0.555390625,0.4689453125,0.0109375,0.355625,0.0,0.5078125,0.25,0.0,189.7890625,103.3203125,217.1171875,105.67578125,211.05078125,123.07421875,267.76171875,152.0625,0.77734375,0.0234375,4.296875,1.0,144.02734375,65.171875,166.76953125,72.18359375,19.921875,16.12109375,39.28125,27.48046875,25.83984375,22.02734375,11.06640625,6.01171875,169.765625,87.1640625,152.69140625,61.765625,17.4453125,14.5703125,59.41796875,41.16015625,2.578125,1.5859375,5.0078125,2.75,59.25390625,212.578125,947.22265625,18,2,7,0,7,8,1,0,1,0,1,6,0,0,175.26,187.96,155.0,0.0,0.125,0.5025,0.37375,0.29875,0.0,0.0,0.0,0.0,0.0,86.75,42.875,84.625,35.625,103.25,56.375,107.625,57.5,7.25,2.375,0.875,0.0,68.5,28.5,66.625,21.125,12.75,9.25,11.625,8.25,5.5,5.125,6.375,6.25,64.875,26.875,75.125,30.125,19.375,13.75,8.125,4.75,2.5,2.25,1.375,0.75,157.5,25.625,564.5,10,1,0,1,3,3,1,0,0,2,0,1,0,0,175.26,175.26,155.0,28.0,32.0,0,0,0,0,0,0,1,0,0,0,0,0,0,0,0,0,0,1,0,0,1,0,0,0
Red,False,0.0,1.5,0.41,0.47,0.5,0.0,0.0,0.0,0.0,0.0,174.0,71.5,159.0,76.5,224.5,113.0,172.5,88.5,6.0,2.5,0.0,0.0,161.5,63.0,98.5,29.0,5.5,3.5,21.0,13.5,7.0,5.0,39.5,34.0,159.5,61.0,142.5,66.0,5.0,2.5,3.0,2.5,9.5,8.0,13.5,8.0,193.0,48.5,879.5,6,0,0,1,1,1,1,0,0,0,0,1,0,0,180.34,182.88,170.0,0.5,0.0,0.48375,0.40125,0.2,0.0875,0.5,0.0,0.0,0.125,34.875,16.75,24.125,10.75,45.875,26.0,27.75,14.25,1.25,1.0,1.875,0.875,27.375,11.375,19.75,7.875,4.125,2.625,2.75,1.625,3.375,2.75,1.625,1.25,25.0,10.75,20.5,8.125,3.25,2.375,2.375,1.625,6.625,3.625,1.25,1.0,112.125,75.125,292.125,7,0,0,1,3,3,1,0,0,0,0,1,2,0,180.34,190.5,170.0,28.0,24.0,0,0,0,0,0,0,0,0,0,1,0,0,0,0,0,1,0,0,0,0,1,0,0,0
Red,True,0.0,0.0,0.38,0.44,0.0,0.1925,0.0,0.0,0.0,0.25,228.5,88.25,135.5,61.0,277.75,131.0,160.5,84.5,0.25,0.0,9.0,1.25,180.75,53.75,110.75,42.75,30.75,23.0,15.25,9.75,17.0,11.5,9.5,8.5,176.75,51.0,116.25,48.0,42.75,31.25,17.25,11.0,9.0,6.0,2.0,2.0,102.25,227.75,900.0,9,0,3,0,3,3,0,0,0,1,2,0,0,0,160.02,162.56,115.0,0.03125,0.5,0.5128125,0.3553125,0.25,0.21875,0.0,0.03125,0.0,0.0,316.46875,164.6875,172.21875,62.03125,334.875,180.625,200.09375,87.40625,1.0,0.5,11.125,2.5625,233.125,94.875,150.15625,49.125,41.0625,34.40625,15.875,8.8125,42.28125,35.40625,6.1875,4.09375,281.4375,139.4375,154.125,49.625,32.375,23.09375,12.03125,7.4375,2.65625,2.15625,6.0625,4.96875,109.625,345.9375,1323.8125,21,4,6,0,6,6,0,0,0,1,3,2,0,0,167.64,165.1,115.0,31.0,29.0,0,0,0,0,0,0,0,0,0,0,0,0,0,1,0,1,0,0,0,0,1,0,0,0
Red,False,0.2919349670410156,0.5019607543945312,0.4494499778747559,0.4043544006347656,0.0547184753417968,0.3481914901733398,0.5313034057617188,0.0644779205322265,0.0078125,0.0625019073486328,93.81084060668944,43.35842323303223,159.71737670898438,62.913007736206055,98.04611778259276,47.13207054138184,180.6228141784668,80.44707489013672,0.3774566650390625,0.1567535400390625,3.248481750488281,1.1807193756103516,63.89919662475586,18.475378036499023,132.0940647125244,42.52504348754883,7.98344612121582,7.01240348815918,16.261920928955078,11.872594833374023,21.928197860717773,17.870641708374023,11.361391067504885,8.515369415283203,85.76427459716797,39.1216049194336,138.83883094787598,47.53536033630371,5.217008590698242,2.2478179931640625,7.750856399536133,4.286235809326172,2.829557418823242,1.9890003204345703,13.127689361572266,11.091411590576172,17.677682876586914,104.28129005432127,585.9367523193359,47,1,0,1,7,13,7,0,0,0,4,7,1,1,175.26,177.8,170.0,3.337860107421875e-05,0.0078125,0.4284132039546966,0.3442887401580811,0.2754303467273712,0.4735852539539337,0.1168218851089477,0.5821577310562134,0.0791054964065551,0.0009772777557373,109.48491299152374,51.36120629310608,91.76543402671814,36.01096785068512,122.95165026187895,63.24900960922241,117.88330006599426,60.21394801139832,2.024642944335937,0.3241502046585083,3.523796796798706,1.9116367101669312,87.06005656719208,33.815699338912964,80.63039565086365,29.243586540222168,18.80597305297852,14.217822670936584,8.470628142356873,5.468457221984863,3.618883371353149,3.3276842832565308,2.66441023349762,1.2989240884780884,85.69417202472687,38.356547474861145,76.51842677593231,24.48037815093994,16.700456380844116,8.66885256767273,5.887102961540222,4.080073475837708,7.090284585952759,4.335806250572205,9.359904289245604,7.450516223907471,44.458667635917664,244.2662128210068,675.7083753347397,56,0,2,0,7,16,8,0,0,2,5,3,6,0,172.72,180.34,155.0,33.0,33.0,0,1,0,0,0,0,0,0,0,0,0,0,0,0,0,1,0,0,0,0,0,0,1,0
Red,False,0.0,0.0,0.32,0.26,0.0,0.25,0.0,0.0,0.0,0.0,139.0,45.0,143.0,38.0,162.0,67.0,200.0,87.0,1.0,0.0,4.0,1.0,114.0,27.0,129.0,28.0,14.0,8.0,5.0,3.0,11.0,10.0,9.0,7.0,133.0,42.0,133.0,29.0,6.0,3.0,4.0,4.0,0.0,0.0,6.0,5.0,7.0,342.0,900.0,3,0,1,0,1,1,0,0,0,0,1,0,0,0,175.26,172.72,125.0,0.0,0.0,0.5562499999999999,0.45125,0.49,0.395,0.125,0.625,0.0,0.0,57.6875,32.25,88.4375,37.0625,144.25,109.875,122.625,66.0625,6.0625,2.5625,6.5,1.5,38.25,16.1875,56.6875,11.3125,8.5625,5.6875,5.0625,2.6875,10.875,10.375,26.6875,23.0625,41.5,19.1875,60.8125,13.3125,10.0625,8.875,20.6875,17.0625,6.125,4.1875,6.9375,6.6875,180.0,351.25,839.125,12,1,0,1,1,2,3,0,0,0,1,1,0,0,167.64,167.64,125.0,27.0,32.0,0,0,0,0,0,0,0,0,0,0,1,0,0,0,0,1,0,0,0,0,1,0,0,0
Blue,False,0.0,0.375,0.38,0.3475,0.1525,0.2075,2.0,0.0,0.0,0.0,121.5,49.125,213.625,73.125,136.875,64.0,218.75,77.75,4.875,0.75,1.875,1.0,105.375,38.75,197.0,61.0,4.0,3.25,12.25,8.5,12.125,7.125,4.375,3.625,117.25,45.625,205.5,68.375,0.75,0.0,3.625,1.875,3.5,3.5,4.5,2.875,67.5,97.0,814.125,12,1,0,3,1,1,3,0,0,0,0,0,1,0,167.64,165.1,135.0,0.5,0.0,0.4125,0.3775,0.3125,0.625,0.5,0.5,0.25,0.0,62.0,25.25,57.25,22.0,83.0,44.0,79.25,41.75,1.25,0.5,2.75,1.75,48.75,16.25,43.75,12.75,9.5,6.0,9.5,6.5,3.75,3.0,4.0,2.75,40.25,10.5,40.5,10.25,13.0,9.75,5.75,5.0,8.75,5.0,11.0,6.75,99.5,250.25,692.0,8,0,3,0,3,3,0,0,0,1,1,0,1,0,172.72,175.26,125.0,29.0,30.0,0,1,0,0,0,0,0,0,0,0,0,0,0,0,0,1,0,0,0,0,1,0,0,0
Red,False,0.0626220703125,0.001953125,0.4805508422851562,0.5026589965820312,0.4842864990234375,0.030301513671875,0.521942138671875,0.5638427734375,0.000244140625,2.5,56.519622802734375,28.4852294921875,59.41796875,34.019256591796875,70.46478271484375,41.961029052734375,75.44418334960938,48.09576416015625,6.381927490234375,2.44891357421875,0.7255859375,0.188812255859375,37.07192993164063,15.274017333984377,45.8548583984375,25.0439453125,17.700469970703125,11.601959228515623,12.61468505859375,8.192535400390625,1.747222900390625,1.6092529296875,0.94842529296875,0.78277587890625,39.40689086914063,16.95562744140625,39.281646728515625,22.939666748046875,8.761810302734375,6.3492431640625,2.139495849609375,1.0286865234375,8.350921630859375,5.18035888671875,17.996826171875,10.0509033203125,173.92919921875,165.06103515625,502.454833984375,31,0,2,0,4,9,7,0,0,0,1,0,8,0,177.8,187.96,155.0,0.064453125,0.25,0.4682421875,0.48220703125,0.13669921875,0.158203125,0.111328125,1.033203125,0.09765625,0.0,105.125,50.236328125,134.708984375,65.033203125,110.6875,55.509765625,142.728515625,73.01953125,5.017578125,0.849609375,0.7734375,0.361328125,75.728515625,24.923828125,116.41015625,49.73046875,5.28515625,4.298828125,9.892578125,8.701171875,24.111328125,21.013671875,8.40625,6.6015625,95.314453125,41.763671875,114.943359375,47.994140625,8.33984375,7.259765625,11.47265625,9.40234375,1.470703125,1.212890625,8.29296875,7.63671875,112.123046875,92.6328125,768.009765625,24,1,4,0,4,7,3,0,0,0,3,2,2,0,172.72,180.34,145.0,27.0,34.0,0,0,1,0,0,0,0,0,0,0,0,0,0,0,0,1,0,0,0,0,1,0,0,0
Red,False,1.625,0.0,0.5425,0.39375,0.625,0.215,0.125,0.125,0.0,0.0,142.0,76.375,86.25,34.875,156.0,89.75,89.625,37.0,1.5,1.25,4.0,1.125,97.875,46.75,53.625,12.25,29.5,17.125,14.625,7.75,14.625,12.5,18.0,14.875,124.75,63.125,79.375,32.25,8.5,7.25,5.875,2.625,8.75,6.0,1.0,0.0,71.0,121.25,899.25,12,0,4,0,4,4,0,0,0,0,3,1,0,0,175.26,177.8,155.0,1.00390625,0.0078125,0.5577734375000001,0.2980859375,0.13796875,0.130859375,0.13671875,0.69140625,0.0,0.0625,80.04296875,42.4296875,60.90625,19.71484375,83.640625,45.66796875,63.203125,21.74609375,3.27734375,0.46875,0.7109375,0.26171875,61.90234375,27.6171875,40.27734375,9.27734375,10.9140625,8.0234375,18.125,8.66015625,7.2265625,6.7890625,2.50390625,1.77734375,54.03125,24.8984375,56.05859375,16.33984375,11.30859375,7.1953125,4.76171875,3.30078125,14.703125,10.3359375,0.0859375,0.07421875,112.19921875,36.7890625,425.59765625,18,0,1,0,5,7,2,0,0,1,2,1,3,0,177.8,182.88,155.0,31.0,27.0,0,0,0,0,0,0,1,0,0,0,0,0,0,0,0,1,0,0,0,0,0,0,1,0
Red,True,0.015625,0.0,0.45,0.4275,0.25,0.2,0.148468017578125,0.098388671875,0.0,0.0,66.5,29.6875,64.31230545043945,27.34375,89.75,48.0,85.53125,44.41152191162109,2.0,0.75,2.0546875,0.75,51.1875,18.3359375,49.6123046875,16.280410766601562,7.5,5.07647705078125,7.5,5.0,4.5,3.625,4.984375,3.9375,48.6875,17.0,47.11572265625,16.5,5.75,3.75,5.3125,3.4375,5.0625,3.5,3.875,2.5,99.2119140625,94.125,638.5,0,0,0,0,0,0,0,0,0,0,0,0,0,0,180.34,182.88,155.0,0.0471682548522949,0.0,0.45,0.4217682266235352,0.25,0.19173828125,0.1875,0.125,0.0,0.0,69.5,30.5,66.984375,27.8466796875,94.0,48.544921875,88.50390625,44.75,2.0,0.8125,2.015625,0.6640625,54.0,19.01513671875,51.483436584472656,16.9437255859375,7.91796875,5.430633544921875,7.75,5.0625,4.780975341796875,3.9373779296875,4.8994140625,3.84375,51.025390625,18.400863647460938,50.515625,17.5,5.75,3.75,5.5,3.5,5.375,3.6875,4.0,2.65625,104.865234375,89.5,655.8441009521484,0,0,0,0,0,0,0,0,0,0,0,0,0,0,172.72,180.34,145.0,20.0,23.0,0,0,0,0,0,0,1,0,0,0,0,0,0,0,0,0,0,1,0,0,0,0,1,0
Red,False,0.015625,0.0,0.45,0.4275,0.25,0.2,0.148468017578125,0.098388671875,0.0,0.0,66.5,29.6875,64.31230545043945,27.34375,89.75,48.0,85.53125,44.41152191162109,2.0,0.75,2.0546875,0.75,51.1875,18.3359375,49.6123046875,16.280410766601562,7.5,5.07647705078125,7.5,5.0,4.5,3.625,4.984375,3.9375,48.6875,17.0,47.11572265625,16.5,5.75,3.75,5.3125,3.4375,5.0625,3.5,3.875,2.5,99.2119140625,94.125,638.5,0,0,0,0,0,0,0,0,0,0,0,0,0,0,175.26,180.34,155.0,0.0158119201660156,0.56884765625,0.4697888684272766,0.5656357145309449,0.1236393618583679,0.1732304763793945,0.1020597219467163,0.0039985179901123,1.239776611328125e-05,6.127357482910156e-05,63.218021273612976,23.04725158214569,76.61057877540588,39.37589108943939,70.82568991184235,30.60557460784912,83.48146831989288,45.52543830871582,2.747658491134644,0.6608631610870361,1.208258867263794,0.5559744834899902,50.70609760284424,15.306670427322388,62.63302266597748,28.22018337249756,10.504721522331238,6.597667336463928,6.987145185470581,5.083967447280884,2.0072021484375,1.142913818359375,6.990410923957825,6.07174026966095,57.10218930244446,18.50333154201508,59.05186212062836,26.924755811691284,4.48975944519043,2.9638452529907227,14.02543580532074,10.075965881347656,1.6260725259780884,1.5800747871398926,3.533280849456787,2.375169396400452,66.12416970729828,57.00663411617279,493.0988789796829,65,2,6,0,6,15,9,0,0,3,7,5,0,0,177.8,182.88,170.0,24.0,34.0,0,0,0,0,0,0,1,0,0,0,0,0,0,0,0,1,0,0,0,0,0,0,1,0
Blue,False,0.13330078125,0.533203125,0.5137304687500001,0.3637841796875,0.098955078125,0.20140625,2.1845703125,0.015625,0.140625,0.0234375,113.6796875,60.7861328125,94.9462890625,35.70166015625,122.087890625,68.251953125,97.88427734375,38.1005859375,0.73876953125,0.103515625,2.8583984375,0.71875,86.18994140625,39.10595703125,69.63818359375,21.27978515625,18.0791015625,13.30029296875,18.921875,10.869140625,9.41064453125,8.3798828125,6.38623046875,3.552734375,105.2412109375,53.37255859375,83.77783203125,30.78955078125,0.884765625,0.7978515625,4.91845703125,1.412109375,7.5537109375,6.61572265625,6.25,3.5,25.51171875,96.2041015625,498.6005859375,23,1,3,0,8,11,1,0,0,1,2,2,5,1,180.34,193.04,155.0,0.05108642578125,1.9073486328125e-06,0.4300509452819824,0.49952730178833,0.192890510559082,0.1893293952941894,0.047159194946289,0.0009918212890625,1.9073486328125e-06,3.814697265625e-06,63.72475051879883,30.20851707458496,71.06612968444824,32.36306190490723,75.56509208679199,40.791595458984375,81.92630577087402,42.37343978881836,1.955854415893555,1.2960128784179688,2.076122283935547,0.6038227081298828,50.45412826538086,19.12519073486328,61.29879379272461,23.77825355529785,7.858047485351562,6.137859344482422,7.099613189697266,5.993913650512695,5.412574768066406,4.945466995239258,2.667722702026367,2.59089469909668,49.23306274414063,20.580232620239254,53.62823486328125,19.36455345153809,4.461544036865234,2.843345642089844,15.593740463256836,11.322561264038086,10.030143737792969,6.784938812255859,1.844154357910156,1.675947189331055,156.12102127075195,24.65391731262207,401.33580589294434,50,3,0,2,5,14,6,0,0,0,8,4,2,0,172.72,177.8,155.0,32.0,32.0,0,0,0,0,0,0,1,0,0,0,0,0,0,0,0,1,0,0,0,0,0,0,1,0
Red,False,0.0625,0.0,0.446640625,0.523359375,0.1221875,0.538046875,0.96875,0.125,0.53515625,0.765625,24.11328125,10.6953125,32.86328125,14.40234375,30.14453125,16.3515625,64.890625,37.1015625,1.234375,0.546875,3.46484375,1.859375,17.83984375,6.796875,24.42578125,9.16796875,3.87890625,2.0546875,6.734375,4.33203125,2.39453125,1.84375,1.703125,0.90234375,15.63671875,5.61328125,18.6640625,6.33984375,2.34765625,1.26953125,3.93359375,2.47265625,6.12890625,3.8125,10.265625,5.58984375,86.3515625,270.4140625,479.0,22,0,0,1,2,5,4,0,0,0,2,1,2,0,172.72,185.42,135.0,0.0859375,0.25,0.34234375,0.300234375,0.4209374999999999,0.075,0.0078125,0.546875,0.1328125,0.125,117.7265625,41.1171875,111.8828125,35.90625,196.3125,113.703125,117.7421875,40.8828125,4.59375,1.96875,0.9296875,0.3125,86.859375,17.6953125,97.140625,25.015625,23.421875,16.8828125,8.5625,5.8359375,7.4453125,6.5390625,6.1796875,5.0546875,98.0078125,26.71875,106.1640625,33.28125,7.15625,3.578125,4.59375,2.03125,12.5625,10.8203125,1.125,0.59375,206.78125,133.671875,816.6171875,17,0,3,0,3,6,2,0,0,0,3,2,1,0,172.72,172.72,135.0,28.0,26.0,1,0,0,0,0,0,0,0,0,0,0,0,0,0,0,1,0,0,0,0,1,0,0,0
Red,False,0.0,0.0,0.51,0.515,0.1,0.0,0.5,0.0,0.5,0.0,125.5,63.0,189.5,94.0,177.5,109.5,228.0,127.0,10.0,0.5,1.5,0.0,90.5,39.5,152.5,66.0,25.5,16.0,21.5,14.0,9.5,7.5,15.5,14.0,101.5,45.0,147.0,64.0,20.0,15.0,42.0,29.5,4.0,3.0,0.5,0.5,386.0,53.0,900.0,6,0,1,0,1,1,1,0,0,0,1,0,0,0,167.64,162.56,115.0,0.0471682548522949,0.0,0.45,0.4217682266235352,0.25,0.19173828125,0.1875,0.125,0.0,0.0,69.5,30.5,66.984375,27.8466796875,94.0,48.544921875,88.50390625,44.75,2.0,0.8125,2.015625,0.6640625,54.0,19.01513671875,51.483436584472656,16.9437255859375,7.91796875,5.430633544921875,7.75,5.0625,4.780975341796875,3.9373779296875,4.8994140625,3.84375,51.025390625,18.400863647460938,50.515625,17.5,5.75,3.75,5.5,3.5,5.375,3.6875,4.0,2.65625,104.865234375,89.5,655.8441009521484,0,0,0,0,0,0,0,0,0,0,0,0,0,0,165.1,167.64,125.0,36.0,23.0,0,0,0,0,0,0,0,0,0,0,0,0,0,1,0,1,0,0,0,0,1,0,0,0
Blue,False,0.0,0.0,0.37,0.56,0.0,0.66,1.0,0.0,1.0,0.0,35.0,13.0,46.0,26.0,58.0,33.0,216.0,161.0,0.0,0.0,9.0,6.0,31.0,9.0,38.0,19.0,2.0,2.0,7.0,6.0,2.0,2.0,1.0,1.0,32.0,11.0,28.0,14.0,1.0,1.0,1.0,1.0,2.0,1.0,17.0,11.0,7.0,610.0,738.0,3,0,0,1,0,0,1,0,0,0,0,0,0,0,180.34,193.04,170.0,0.0,0.0,0.4649999999999999,0.34,0.455,0.33,0.0,0.5,0.5,1.0,78.5,35.0,62.0,19.5,106.5,59.5,69.0,25.5,5.5,2.0,3.0,1.0,48.0,19.5,52.0,12.0,8.5,3.5,4.5,3.0,22.0,12.0,5.5,4.5,68.0,27.5,56.0,15.5,7.0,5.0,5.0,3.5,3.5,2.5,1.0,0.5,238.0,175.0,759.0,6,1,1,0,1,1,1,0,0,1,0,0,0,0,182.88,185.42,170.0,30.0,30.0,0,0,0,0,0,0,0,0,0,1,0,0,0,0,0,1,0,0,0,0,1,0,0,0
Red,False,0.5,0.5,0.4449999999999999,0.6,0.0,0.75,0.0,1.0,0.0,0.0,41.0,17.0,41.5,23.0,42.0,18.0,73.0,48.0,0.0,0.0,3.5,2.0,29.0,8.0,30.5,15.0,4.5,3.0,9.0,6.5,7.5,6.0,2.0,1.5,35.0,13.5,26.0,13.0,4.5,2.0,12.5,7.5,1.5,1.5,3.0,2.5,0.5,146.5,342.5,3,0,0,1,1,1,1,0,0,0,0,1,0,0,193.04,195.58,185.0,1.046875,0.0,0.516015625,0.529296875,0.0,0.00515625,0.25,0.0,0.0,0.0,68.7109375,35.75,50.359375,21.5234375,77.0546875,43.46875,62.4296875,32.71875,0.0,0.0,2.6171875,0.015625,51.9453125,21.1640625,28.8984375,9.515625,9.5078125,8.453125,13.6953125,6.1953125,7.2578125,6.1328125,7.765625,5.8125,44.1171875,18.2890625,44.703125,16.8515625,12.6875,10.8125,5.53125,4.609375,11.90625,6.6484375,0.125,0.0625,32.640625,115.828125,472.90625,13,0,0,1,3,5,3,0,0,0,0,4,1,0,187.96,190.5,205.0,26.0,30.0,0,0,0,0,0,0,0,1,0,0,0,0,0,0,0,1,0,0,0,0,0,0,1,0
Blue,False,0.5,0.0,0.28,0.285,0.0,0.25,0.0,0.0,0.5,0.0,114.0,33.0,116.0,32.5,117.0,36.0,119.5,35.5,0.5,0.0,5.5,1.5,84.5,14.5,101.0,24.0,11.0,4.5,12.5,6.5,18.5,14.0,2.5,2.0,106.5,30.0,103.5,28.0,5.5,1.5,8.0,3.5,2.0,1.5,4.5,1.0,38.5,29.5,900.0,6,0,0,1,1,1,1,0,0,0,1,0,0,0,170.18,172.72,145.0,0.5,0.5,0.415,0.435,0.0,0.5,0.5,0.0,0.0,0.0,84.5,33.5,115.5,49.5,97.5,45.0,118.0,52.0,0.0,0.0,4.0,2.0,61.0,20.5,97.0,36.0,19.0,11.0,13.0,9.5,4.5,2.0,5.5,4.0,69.0,23.5,96.0,38.0,9.5,6.0,11.5,7.5,6.0,4.0,8.0,4.0,16.5,67.0,652.0,5,0,1,0,1,1,1,0,0,0,0,0,1,0,172.72,175.26,135.0,31.0,36.0,1,0,0,0,0,0,0,0,0,0,0,0,0,0,0,1,0,0,0,0,1,0,0,0
Red,False,0.0,1.0,0.28,0.42,0.0,0.0,0.0,0.0,0.0,0.0,28.0,8.0,61.0,26.0,29.0,9.0,61.0,26.0,0.0,0.0,1.0,0.0,18.0,3.0,40.0,10.0,5.0,2.0,6.0,5.0,5.0,3.0,15.0,11.0,25.0,7.0,58.0,26.0,3.0,1.0,3.0,0.0,0.0,0.0,0.0,0.0,23.0,2.0,385.0,2,0,0,1,0,0,1,0,0,0,0,0,0,0,182.88,182.88,155.0,1.5,0.0,0.385,0.38,0.0,0.7050000000000001,0.0,0.0,0.0,0.0,165.0,72.5,121.5,49.5,174.0,81.0,134.0,61.0,0.0,0.0,3.5,2.5,139.0,54.5,110.0,41.5,22.0,16.0,9.0,5.5,4.0,2.0,2.5,2.5,140.0,57.5,103.0,38.5,14.0,8.0,17.5,11.0,11.0,7.0,1.0,0.0,43.0,80.0,467.0,4,0,2,0,2,2,0,0,0,0,0,2,0,0,180.34,180.34,155.0,37.0,31.0,0,0,0,0,0,0,1,0,0,0,0,0,0,0,0,1,0,0,0,0,1,0,0,0
Red,False,0.0,0.0,0.32,0.45,0.0,0.0,0.0,0.0,0.0,0.0,128.0,42.0,117.0,53.0,150.0,63.0,128.0,63.0,1.0,0.0,1.0,0.0,104.0,27.0,69.0,15.0,15.0,6.0,19.0,11.0,9.0,9.0,29.0,27.0,114.0,36.0,108.0,48.0,12.0,5.0,9.0,5.0,2.0,1.0,0.0,0.0,22.0,33.0,900.0,3,0,0,1,0,0,1,0,0,0,0,0,0,0,177.8,177.8,145.0,0.0,0.0,0.43,0.275,0.33,0.165,0.0,0.0,0.0,0.0,118.0,46.5,89.5,25.5,194.5,114.5,93.5,28.5,9.0,3.0,1.5,0.5,99.5,31.0,68.5,10.5,14.5,11.5,5.5,3.0,4.0,4.0,15.5,12.0,83.5,26.5,84.0,22.0,6.0,5.0,5.5,3.5,28.5,15.0,0.0,0.0,339.0,13.5,900.0,6,1,1,0,1,1,1,0,0,0,1,0,0,0,170.18,177.8,145.0,23.0,27.0,0,0,1,0,0,0,0,0,0,0,0,0,0,0,0,1,0,0,0,0,1,0,0,0
Blue,False,0.046875,0.0,0.4477783203125,0.4613134765625,0.11431640625,0.4134228515625,0.01171875,0.0,0.015625,0.2041015625,90.90087890625,40.359375,81.03076171875,36.34326171875,100.7255859375,49.48828125,114.53515625,64.962890625,0.810546875,0.4189453125,6.919921875,2.58349609375,67.07080078125,23.3291015625,53.89501953125,19.3466796875,18.97216796875,13.4951171875,14.1279296875,8.36083984375,4.85791015625,3.53515625,13.0078125,8.6357421875,76.18017578125,30.21826171875,56.76953125,22.08154296875,8.02978515625,5.37353515625,9.69384765625,6.740234375,6.69091796875,4.767578125,14.5673828125,7.521484375,54.42919921875,244.25,868.228515625,30,0,2,0,3,7,5,0,0,1,4,2,0,0,175.26,180.34,135.0,0.2529296875,0.2861328125,0.3039453125,0.428818359375,0.3639843749999999,0.591884765625,0.0322265625,0.033203125,0.0078125,0.0009765625,116.3310546875,35.162109375,129.8564453125,56.15625,134.8408203125,52.6123046875,136.8154296875,62.96484375,4.8271484375,1.92578125,1.8095703125,1.3369140625,83.171875,17.3583984375,116.701171875,46.6494140625,14.427734375,8.5390625,7.2333984375,4.1572265625,18.7314453125,9.2646484375,5.921875,5.349609375,105.68359375,28.8134765625,124.1728515625,51.3095703125,5.3701171875,3.5087890625,4.689453125,3.97265625,5.27734375,2.83984375,0.994140625,0.8740234375,153.3095703125,23.1689453125,749.048828125,26,0,0,1,2,5,6,0,0,2,1,1,1,0,167.64,172.72,135.0,36.0,38.0,1,0,0,0,0,0,0,0,0,0,0,0,0,0,0,0,0,1,0,0,1,0,0,0
Blue,False,0.53125,0.125,0.5716406249999999,0.3800390624999999,0.6875,0.0094921875,0.140625,0.140625,0.00390625,0.0,70.8515625,37.5,31.99609375,10.390625,95.6953125,58.3671875,33.6875,12.03515625,1.38671875,1.375,2.78515625,0.0703125,58.453125,26.74609375,24.703125,7.19921875,5.13671875,5.01171875,2.6328125,0.30078125,7.26171875,5.7421875,4.66015625,2.890625,53.8125,22.98828125,28.4375,7.87109375,4.46875,3.88671875,0.3515625,0.078125,12.5703125,10.625,3.20703125,2.44140625,197.921875,35.33203125,484.8828125,22,0,1,0,2,6,3,0,0,0,3,2,1,0,187.96,193.04,185.0,0.4258203506469726,0.0088043212890625,0.6750846910476684,0.7362997150421142,1.621246337890625e-05,0.2364398956298828,0.0122184753417968,0.0078144073486328,0.000244140625,3.814697265625e-06,12.24563455581665,7.2816162109375,39.480212688446045,27.01547479629517,13.514923572540283,8.15977668762207,48.82345342636109,35.32500505447388,7.152557373046875e-05,5.435943603515625e-05,1.8396024703979488,0.6418476104736328,10.731289386749268,5.963102340698242,36.8557653427124,25.38493156433105,1.434831619262695,1.2429218292236328,1.428947925567627,0.544884204864502,0.0795135498046875,0.075592041015625,1.1954994201660156,1.0856590270996094,4.862219333648682,1.9825410842895508,5.845353603363037,2.2927703857421875,2.867571353912353,2.1849398612976074,2.041955947875977,1.0051865577697754,4.515843868255615,3.114135265350342,31.59290313720703,23.717517852783203,4.3997802734375,109.80355834960938,217.4248924255371,32,5,3,0,3,14,8,0,0,0,0,11,2,1,182.88,187.96,185.0,31.0,39.0,0,0,0,0,0,0,0,1,0,0,0,0,0,0,0,1,0,0,0,0,0,0,1,0
Red,False,0.21875,0.0,0.48359375,0.53078125,0.015625,0.50890625,0.0,0.5,0.015625,0.0,88.5,39.03125,78.578125,38.75,89.9375,39.8125,85.015625,45.140625,0.703125,0.015625,2.3125,1.0625,72.765625,25.203125,54.65625,19.6875,13.140625,11.421875,8.53125,6.796875,2.59375,2.40625,15.390625,12.265625,82.8125,36.015625,69.34375,30.890625,4.53125,2.734375,1.921875,0.65625,1.15625,0.28125,7.3125,7.203125,7.125,141.953125,570.34375,14,0,0,1,5,5,2,0,0,1,1,3,0,0,180.34,185.42,170.0,0.1875,0.0,0.6112500000000001,0.303125,0.33,0.300625,0.5,0.0625,0.125,0.0,44.625,25.25,43.0625,18.625,69.5625,48.4375,93.125,65.25,2.0,1.0,10.3125,3.6875,36.6875,18.0,30.875,9.875,6.9375,6.25,7.75,6.0625,1.0,1.0,4.4375,2.6875,30.125,12.5625,26.75,7.75,3.5625,3.0,5.5625,3.6875,10.9375,9.6875,10.75,7.1875,164.5625,409.25,844.25,13,0,0,1,2,3,2,0,0,0,2,1,0,0,187.96,187.96,170.0,24.0,25.0,0,0,0,0,0,0,0,0,0,1,0,0,0,0,0,1,0,0,0,0,0,0,1,0
Blue,False,0.0,0.0,0.63,0.34,0.75,0.5,1.0,1.5,0.5,0.5,13.0,8.0,13.5,8.5,15.0,9.5,43.0,36.0,2.0,1.5,1.0,1.0,8.0,4.5,6.5,2.0,3.0,1.5,0.5,0.5,2.0,2.0,6.5,6.0,9.0,4.5,9.0,4.5,0.5,0.5,0.5,0.5,3.5,3.0,4.0,3.5,132.5,316.5,518.0,4,0,0,1,1,1,1,0,0,0,0,0,1,0,165.1,177.8,135.0,0.0,0.0,0.53,0.32,0.1,0.33,0.0,0.5,0.5,0.0,76.5,45.0,58.0,19.0,99.5,65.5,75.0,34.5,4.0,0.5,4.0,1.0,48.5,25.0,41.5,8.0,18.0,12.5,14.0,8.5,10.0,7.5,2.5,2.5,46.0,23.0,41.0,10.0,16.0,10.5,11.0,7.0,14.5,11.5,6.0,2.0,268.0,157.0,665.0,5,1,0,1,1,1,1,0,0,0,1,0,0,0,172.72,175.26,135.0,26.0,30.0,1,0,0,0,0,0,0,0,0,0,0,0,0,0,0,1,0,0,0,0,1,0,0,0
Blue,False,0.03125,0.625,0.473125,0.5384374999999999,0.03125,0.5703125,0.03125,0.0,0.0,0.0,42.40625,21.59375,58.0625,29.53125,53.96875,31.59375,71.625,42.46875,0.84375,0.09375,2.3125,1.1875,22.9375,6.5625,41.625,17.09375,8.15625,5.15625,10.0,7.0625,11.3125,9.875,6.4375,5.375,32.875,14.1875,41.84375,17.71875,9.375,7.3125,13.09375,9.8125,0.15625,0.09375,3.125,2.0,123.21875,155.28125,500.6875,12,0,3,0,3,4,2,0,0,0,1,1,0,2,185.42,200.66,205.0,0.09375,0.0,0.42767578125,0.596875,0.1484375,0.3959375,0.01171875,0.140625,0.125,0.0,117.158203125,46.998046875,96.900390625,63.1328125,134.447265625,62.162109375,116.359375,81.208984375,1.0078125,0.30078125,4.412109375,2.328125,87.0234375,28.958984375,46.640625,26.076171875,17.525390625,9.474609375,15.63671875,12.779296875,12.609375,8.564453125,34.623046875,24.27734375,92.927734375,31.115234375,69.119140625,42.109375,12.755859375,7.95703125,10.921875,6.3828125,11.474609375,7.92578125,16.859375,14.640625,112.88671875,196.7265625,1121.81640625,25,1,4,0,4,7,3,0,1,0,1,4,1,0,190.5,203.2,205.0,36.0,33.0,0,0,0,0,0,1,0,0,0,0,0,0,0,0,0,1,0,0,0,0,0,0,1,0
Red,True,0.6422271728515625,0.8594512939453125,0.6008387756347656,0.5249162292480469,0.0011117553710937,0.5415487670898438,0.0010833740234375,1.0636749267578125,0.001983642578125,0.0,21.032440185546875,9.857223510742188,30.23506164550781,16.359619140625,26.568832397460938,15.344146728515623,44.99424743652344,30.653244018554688,0.07421875,0.004119873046875,1.1705474853515625,1.116546630859375,16.630355834960938,6.5286712646484375,27.342742919921875,14.737884521484377,0.751220703125,0.2217254638671875,2.5640869140625,1.334686279296875,3.6508636474609375,3.1068267822265625,0.3282318115234375,0.28704833984375,16.58837890625,6.3477783203125,17.01416015625,8.16400146484375,2.1546173095703125,1.387176513671875,5.95086669921875,3.6285552978515625,2.2894439697265625,2.1222686767578125,7.2700347900390625,4.567062377929688,2.49468994140625,95.7706298828125,277.97607421875,42,3,2,0,4,9,8,0,0,2,3,4,0,0,180.34,187.96,185.0,1.265747606754303,0.3457298874855041,0.3872941029071808,0.4605189639329911,0.0005171942710876,0.0507153970003128,7.748603820800781e-06,0.031265914440155,8.940696716308595e-08,0.0009765923023223,159.8464584350586,59.32178926467896,89.44656503200531,41.91641911864281,161.85043486952782,61.06130942702293,90.3563447892666,42.42793995141983,0.3300673961639404,0.0048643946647644,1.103975534439087,0.2913101613521576,131.29042372107506,36.12658762931824,67.89647740125656,23.9407040476799,8.960283279418945,5.840817809104919,12.500024616718292,9.79190507531166,19.59575143456459,17.3543838262558,9.050063014030457,8.183809995651245,151.96168011426926,53.42485910654068,83.26286318898201,38.41829761862755,2.820592761039734,2.2938908636569977,3.960984885692597,2.409836560487747,5.064185559749603,3.6030392944812775,2.222716957330704,1.0882849395275116,19.20447158813477,19.68871372938156,770.4087372422218,70,2,4,0,4,19,7,0,0,2,7,10,0,0,185.42,190.5,185.0,46.0,37.0,0,0,0,0,0,0,0,1,0,0,0,0,0,0,0,1,0,0,0,0,1,0,0,0
Red,False,0.25,0.0,0.434375,0.555625,0.208125,0.48,0.8125,1.3125,0.6875,0.25,42.0,18.1875,32.5625,16.875,64.125,37.25,46.25,29.3125,2.5625,1.1875,4.25,1.75,34.1875,12.9375,21.6875,9.1875,7.125,4.5625,7.0625,4.9375,0.6875,0.6875,3.8125,2.75,32.25,11.1875,27.375,12.875,4.1875,3.0625,2.625,1.6875,5.5625,3.9375,2.5625,2.3125,198.25,134.3125,495.1875,12,0,2,0,2,2,3,0,0,1,0,0,1,0,170.18,177.8,135.0,0.5,0.0,0.505,0.275,0.5900000000000001,0.0,0.0,0.0,0.25,0.25,71.0,34.75,34.5,8.75,147.0,97.5,44.25,17.5,4.25,2.5,1.5,0.0,69.0,33.5,33.75,8.0,2.0,1.25,0.5,0.5,0.0,0.0,0.25,0.25,31.75,9.75,31.5,6.5,1.0,0.5,2.25,1.5,38.25,24.5,0.75,0.75,427.0,23.25,615.0,8,0,3,0,3,3,0,0,1,0,1,1,0,0,172.72,177.8,145.0,30.0,25.0,0,0,1,0,0,0,0,0,0,0,0,0,0,0,0,1,0,0,0,0,1,0,0,0
Red,False,0.15625,0.0,0.6784375,0.3475,0.533125,0.3506249999999999,0.03125,1.0,1.0,0.5,60.25,38.21875,48.4375,21.625,105.0625,82.5,87.25,57.15625,1.34375,0.625,4.0,2.28125,41.15625,22.09375,36.9375,12.21875,11.8125,9.15625,8.78125,7.84375,7.28125,6.96875,2.71875,1.5625,37.96875,20.78125,28.8125,7.09375,12.6875,9.03125,11.5625,8.53125,9.59375,8.40625,8.0625,6.0,143.71875,401.34375,738.0625,16,0,1,0,3,4,2,0,2,0,0,2,0,0,182.88,187.96,247.0,0.504150390625,0.032440185546875,0.665498046875,0.2499420166015625,0.253997802734375,0.205020751953125,0.0437774658203125,0.001251220703125,0.0327606201171875,0.03131103515625,46.92741394042969,28.40655517578125,29.9822998046875,14.9766845703125,50.134674072265625,31.050308227539062,39.65745544433594,24.5086669921875,0.2540130615234375,0.253997802734375,3.736114501953125,1.236114501953125,34.65303039550781,18.493820190429688,22.2725830078125,9.272079467773438,8.9080810546875,6.621749877929688,4.6833343505859375,3.01708984375,3.366302490234375,3.290985107421875,3.0263824462890625,2.6875152587890625,34.099822998046875,18.52021789550781,23.326675415039062,10.5498046875,2.9898834228515625,1.5046539306640625,2.95892333984375,2.20782470703125,9.83770751953125,8.381683349609375,3.696701049804688,2.21905517578125,17.700164794921875,159.71551513671875,395.67356872558594,30,0,0,1,4,11,6,0,1,0,1,5,4,0,210.82,213.36,265.0,34.0,28.0,0,0,0,0,1,0,0,0,0,0,0,0,0,0,0,0,0,1,0,0,1,0,0,0
Blue,False,0.015625,0.0,0.45,0.4275,0.25,0.2,0.148468017578125,0.098388671875,0.0,0.0,66.5,29.6875,64.31230545043945,27.34375,89.75,48.0,85.53125,44.41152191162109,2.0,0.75,2.0546875,0.75,51.1875,18.3359375,49.6123046875,16.280410766601562,7.5,5.07647705078125,7.5,5.0,4.5,3.625,4.984375,3.9375,48.6875,17.0,47.11572265625,16.5,5.75,3.75,5.3125,3.4375,5.0625,3.5,3.875,2.5,99.2119140625,94.125,638.5,0,0,0,0,0,0,0,0,0,0,0,0,0,0,177.8,185.42,155.0,0.0,0.0,0.38,0.425,0.0,0.265,0.0,0.5,0.0,0.0,58.0,20.0,78.0,33.5,64.0,26.0,85.5,40.0,1.0,0.0,4.0,1.0,44.0,12.5,63.5,22.5,10.0,5.0,9.0,6.5,4.0,2.5,5.5,4.5,54.0,18.5,69.5,28.5,4.0,1.5,6.5,3.5,0.0,0.0,2.0,1.5,48.5,68.5,598.5,4,0,0,2,0,0,2,0,0,0,0,0,0,0,172.72,180.34,155.0,23.0,25.0,0,0,0,0,0,0,1,0,0,0,0,0,0,0,0,1,0,0,0,0,1,0,0,0
Red,False,0.625,0.0625,0.40625,0.2618749999999999,0.25,0.0625,0.0625,0.0,0.0,0.0,19.1875,7.4375,37.8125,9.625,22.25,10.1875,38.125,9.9375,1.0625,0.8125,1.125,0.0625,16.4375,5.0,28.625,4.1875,1.0,0.6875,5.3125,3.5,1.75,1.75,3.875,1.9375,17.375,6.5625,37.0625,9.375,0.3125,0.0,0.75,0.25,1.5,0.875,0.0,0.0,45.125,3.125,342.4375,8,0,1,0,3,4,1,0,0,1,0,2,1,0,177.8,182.88,155.0,0.5,0.125,0.50125,0.3087499999999999,0.69625,0.03125,0.3125,0.0,0.0,0.0,53.4375,26.5,55.9375,18.375,61.3125,33.5,68.3125,29.1875,2.25,1.0625,1.5,0.125,40.5625,17.25,46.125,10.5625,6.875,4.5625,5.8125,4.4375,6.0,4.6875,4.0,3.375,41.25,17.0625,51.3125,15.25,0.875,0.375,3.0,2.1875,11.3125,9.0625,1.625,0.9375,94.25,80.375,420.4375,11,1,1,0,3,4,1,0,0,0,1,1,2,0,182.88,190.5,155.0,33.0,36.0,0,0,0,0,0,0,1,0,0,0,0,0,0,0,0,0,0,1,0,0,1,0,0,0
Blue,False,3.0,0.0,0.62,0.27,0.0,0.0,0.0,0.0,0.0,0.0,50.0,31.0,29.0,8.0,69.0,50.0,29.0,8.0,0.0,0.0,0.0,0.0,38.0,21.0,28.0,8.0,5.0,3.0,1.0,0.0,7.0,7.0,0.0,0.0,27.0,16.0,29.0,8.0,1.0,0.0,0.0,0.0,22.0,15.0,0.0,0.0,88.0,0.0,218.0,1,0,1,0,1,1,0,0,0,0,0,1,0,0,177.8,180.34,170.0,0.0,0.5,0.42,0.425,0.0,0.71,0.5,0.0,0.0,0.0,65.5,33.0,51.0,22.5,70.0,37.0,64.0,35.0,0.0,0.0,7.5,3.5,45.5,18.5,39.5,15.0,16.5,12.0,8.5,5.5,3.5,2.5,3.0,2.0,42.5,16.0,29.0,10.5,17.5,12.0,18.0,9.5,5.5,5.0,4.0,2.5,32.5,251.0,533.0,4,0,2,0,2,2,0,0,0,0,1,0,1,0,185.42,187.96,170.0,25.0,29.0,0,0,0,0,0,0,0,0,0,1,0,0,0,0,0,1,0,0,0,0,0,0,1,0
Red,False,0.75,0.125,0.39625,0.44625,0.0,0.1125,0.0,0.0,0.0,0.0,56.5,23.375,58.875,24.5,62.625,28.5,71.0,34.25,0.125,0.0,1.5,0.375,44.625,15.75,47.0,16.75,9.75,5.5,5.625,2.75,2.125,2.125,6.25,5.0,41.75,14.125,49.625,19.875,4.75,2.25,4.625,2.0,10.0,7.0,4.625,2.625,0.5,71.875,391.875,7,0,0,3,1,1,3,0,0,0,0,1,0,0,195.58,195.58,250.0,0.0,0.0,0.475,0.44,0.0,0.25,0.0,0.0,0.0,0.0,64.5,35.5,68.0,31.0,79.5,50.0,79.0,40.5,1.5,0.0,3.0,0.5,51.5,27.0,48.0,16.5,5.0,3.0,12.5,8.5,8.0,5.5,7.5,6.0,41.5,19.0,33.5,9.5,22.0,15.5,25.5,16.0,1.0,1.0,9.0,5.5,17.5,36.0,598.5,4,0,0,1,1,1,1,0,0,0,1,0,0,0,190.5,193.04,235.0,33.0,35.0,0,0,0,0,1,0,0,0,0,0,0,0,0,0,0,0,0,1,0,0,1,0,0,0
Red,False,0.015625,0.0,0.45,0.4275,0.25,0.2,0.148468017578125,0.098388671875,0.0,0.0,66.5,29.6875,64.31230545043945,27.34375,89.75,48.0,85.53125,44.41152191162109,2.0,0.75,2.0546875,0.75,51.1875,18.3359375,49.6123046875,16.280410766601562,7.5,5.07647705078125,7.5,5.0,4.5,3.625,4.984375,3.9375,48.6875,17.0,47.11572265625,16.5,5.75,3.75,5.3125,3.4375,5.0625,3.5,3.875,2.5,99.2119140625,94.125,638.5,0,0,0,0,0,0,0,0,0,0,0,0,0,0,190.5,193.04,205.0,0.0,1.0,0.59,0.68,0.0,1.0,0.0,0.0,1.0,0.0,136.0,81.0,97.0,66.0,153.0,97.0,102.0,71.0,0.0,0.0,1.0,1.0,101.0,55.0,82.0,53.0,30.0,21.0,15.0,13.0,5.0,5.0,0.0,0.0,62.0,25.0,73.0,46.0,39.0,25.0,17.0,14.0,35.0,31.0,7.0,6.0,91.0,82.0,551.0,2,0,1,0,1,1,0,0,0,0,0,1,0,0,190.5,193.04,205.0,37.0,27.0,0,0,0,0,0,1,0,0,0,0,0,0,0,0,0,1,0,0,0,0,1,0,0,0
Blue,False,0.015625,0.0,0.45,0.4275,0.25,0.2,0.148468017578125,0.098388671875,0.0,0.0,66.5,29.6875,64.31230545043945,27.34375,89.75,48.0,85.53125,44.41152191162109,2.0,0.75,2.0546875,0.75,51.1875,18.3359375,49.6123046875,16.280410766601562,7.5,5.07647705078125,7.5,5.0,4.5,3.625,4.984375,3.9375,48.6875,17.0,47.11572265625,16.5,5.75,3.75,5.3125,3.4375,5.0625,3.5,3.875,2.5,99.2119140625,94.125,638.5,0,0,0,0,0,0,0,0,0,0,0,0,0,0,180.34,182.88,170.0,0.002197265625,0.1251220703125,0.4490936279296875,0.4945013427734375,0.469727783203125,0.038106689453125,0.00408935546875,0.1029052734375,0.00048828125,0.010009765625,96.477294921875,43.76312255859375,84.7320556640625,41.29986572265625,99.41656494140624,46.362060546875,108.352783203125,63.54144287109375,5.99822998046875,2.46258544921875,2.267333984375,0.1514892578125,59.04010009765625,17.3282470703125,60.97314453125,23.90435791015625,11.26904296875,7.988037109375,13.96624755859375,9.7684326171875,26.16815185546875,18.44683837890625,9.79266357421875,7.6270751953125,89.22698974609375,39.251220703125,71.42626953125,29.70330810546875,5.6754150390625,3.467529296875,9.4781494140625,7.83984375,1.57489013671875,1.04437255859375,3.82763671875,3.7567138671875,168.2703857421875,91.47991943359376,860.2178955078125,39,0,2,0,2,6,9,0,0,1,3,1,1,0,177.8,182.88,170.0,29.0,36.0,0,0,0,0,0,0,0,0,0,1,0,0,0,0,0,1,0,0,0,0,1,0,0,0
Blue,False,0.125,0.0,0.6021875,0.5253125,0.163125,0.2,0.15625,0.3125,0.0,0.1875,63.46875,39.4375,27.53125,13.6875,126.5625,92.15625,46.75,30.125,5.65625,1.40625,1.53125,0.4375,41.625,20.15625,18.5,7.65625,18.875,16.46875,4.0625,2.21875,2.96875,2.8125,4.96875,3.8125,20.59375,7.46875,15.71875,4.875,19.59375,12.59375,10.375,7.5,23.28125,19.375,1.4375,1.3125,422.96875,90.90625,657.90625,14,0,0,1,3,4,2,0,0,0,2,1,1,0,180.34,193.04,170.0,0.0,0.0,0.53,0.46,0.16,0.0,0.0,0.0,0.0,0.0,150.0,80.0,115.0,54.0,190.0,116.0,140.0,76.0,6.0,1.0,2.0,0.0,99.0,36.0,65.0,15.0,38.0,32.0,39.0,29.0,13.0,12.0,11.0,10.0,106.0,43.0,87.0,31.0,38.0,32.0,27.0,23.0,6.0,5.0,1.0,0.0,273.0,127.0,900.0,3,0,1,0,1,1,0,0,0,0,1,0,0,0,177.8,182.88,155.0,28.0,29.0,0,0,0,0,0,0,1,0,0,0,0,0,0,0,0,1,0,0,0,0,1,0,0,0
Blue,False,0.25,0.5,0.3415625,0.425625,0.5778125000000001,0.553125,0.0625,0.25,0.125,0.125,40.75,15.34375,43.5,19.375,48.0,21.90625,53.0625,28.28125,2.15625,1.1875,1.625,1.21875,31.40625,8.84375,31.25,9.34375,6.21875,4.78125,6.40625,4.75,3.125,1.71875,5.84375,5.28125,34.25,11.75,32.53125,13.3125,2.09375,1.5,1.3125,0.53125,4.40625,2.09375,9.65625,5.53125,53.25,141.25,382.875,12,0,1,0,1,3,3,0,0,0,1,2,0,0,180.34,187.96,145.0,0.0,1.03125,0.4571874999999999,0.515,0.2296875,0.1009375,0.28125,0.21875,0.0,0.0625,88.9375,39.28125,112.78125,59.34375,105.84375,53.3125,134.71875,79.78125,4.46875,1.6875,4.0,0.875,68.59375,24.5625,73.71875,27.125,9.15625,5.21875,19.8125,15.5625,11.1875,9.5,19.25,16.65625,83.34375,36.28125,82.21875,36.75,2.6875,1.53125,7.375,5.625,2.90625,1.46875,23.1875,16.96875,146.78125,231.53125,900.0,18,0,1,0,2,3,3,0,0,1,2,0,0,0,172.72,175.26,155.0,26.0,32.0,0,0,1,0,0,0,0,0,0,0,0,0,0,0,0,1,0,0,0,0,1,0,0,0
Red,False,0.66015625,0.0,0.6281640625,0.71,0.233359375,0.08015625,0.0,0.0,0.0,0.0,62.03515625,30.42578125,64.015625,30.80859375,77.82421875,45.21484375,85.8984375,50.66015625,1.3125,0.5859375,5.82421875,1.078125,43.23046875,15.40625,45.39453125,18.3125,13.09765625,10.05078125,12.0390625,7.5703125,5.70703125,4.96875,6.58203125,4.92578125,47.0,19.19140625,52.3203125,22.69921875,12.7421875,9.8203125,11.6171875,8.0625,2.29296875,1.4140625,0.078125,0.046875,57.07421875,81.3984375,583.296875,23,3,3,0,3,7,2,0,0,0,2,4,0,1,160.02,167.64,135.0,1.185546875,0.0,0.446298828125,0.4255859375,0.14453125,0.0273828125,0.34375,0.0205078125,0.0625,0.0,100.71484375,44.0205078125,63.169921875,25.3369140625,107.708984375,50.4140625,66.4736328125,28.21875,0.6328125,0.3203125,1.5908203125,0.193359375,70.9189453125,24.8642578125,53.8251953125,18.66796875,22.30078125,14.1923828125,6.0927734375,3.810546875,7.4951171875,4.9638671875,3.251953125,2.8583984375,76.8046875,29.009765625,56.5263671875,21.7646484375,9.9091796875,4.890625,5.0810546875,2.580078125,14.0009765625,10.1201171875,1.5625,0.9921875,49.556640625,23.958984375,425.5859375,24,0,0,1,5,9,2,0,0,0,3,5,1,0,160.02,170.18,135.0,32.0,26.0,1,0,0,0,0,0,0,0,0,0,0,0,0,0,0,1,0,0,0,0,1,0,0,0
Blue,False,0.0,0.0,0.4599999999999999,0.315,0.0,0.51,0.5,0.5,1.0,0.0,138.5,64.5,122.0,38.5,143.5,69.5,139.5,53.5,2.5,0.0,8.5,4.5,112.5,43.5,95.5,21.0,20.0,15.5,15.0,9.0,6.0,5.5,11.5,8.5,107.0,39.5,100.0,24.5,29.5,23.5,17.5,11.5,2.0,1.5,4.5,2.5,103.5,166.5,841.5,6,0,0,1,1,1,1,0,0,0,0,1,0,0,180.34,185.42,170.0,0.6875,0.125,0.369375,0.5390625,0.21875,0.6453125,0.90625,0.25,0.28125,0.25,87.4375,32.0625,91.40625,48.09375,102.125,45.125,113.375,68.0,3.09375,1.0625,1.90625,1.34375,77.46875,26.65625,67.03125,28.125,6.1875,3.625,11.4375,8.15625,3.78125,1.78125,12.9375,11.8125,74.15625,24.53125,76.0,37.65625,2.59375,1.8125,5.96875,4.6875,10.6875,5.71875,9.4375,5.75,119.5625,156.3125,729.125,17,0,0,3,1,2,4,0,0,0,0,0,2,0,180.34,185.42,170.0,29.0,32.0,0,0,0,0,0,0,0,0,0,1,0,0,0,0,0,1,0,0,0,0,0,0,1,0
Red,False,0.0,0.5078125,0.442890625,0.424375,0.24078125,0.229375,0.5,0.2421875,0.515625,0.3828125,25.59375,14.0546875,16.15625,7.71875,42.203125,29.2578125,35.984375,25.03125,1.9609375,0.890625,1.9140625,1.1484375,22.9921875,11.9296875,11.140625,4.46875,2.2421875,1.7890625,1.90625,1.640625,0.359375,0.3359375,3.109375,1.609375,9.1015625,2.71875,9.6015625,2.7890625,2.0234375,1.4921875,0.1640625,0.1015625,14.46875,9.84375,6.390625,4.828125,158.125,164.28125,396.6796875,16,0,1,0,1,4,4,0,0,0,1,1,2,0,193.04,193.04,185.0,0.281707763671875,1.0234766006469729,0.520231237411499,0.4944957160949707,0.0367090988159179,0.1270050907135009,0.0372543334960937,0.0089874267578125,0.0004911422729492,1.52587890625e-05,25.04262924194336,12.574481010437012,46.14475440979004,22.80590915679932,26.92019844055176,14.090614318847656,59.4578971862793,34.22690486907959,0.771031379699707,0.0805311203002929,0.6388082504272461,0.2002201080322265,14.882777214050291,4.096444129943848,32.51212310791016,12.652960777282717,4.404609680175781,3.4829330444335938,8.410014152526855,6.059756278991699,5.755242347717285,4.99510383605957,5.222617149353027,4.093192100524902,21.74148464202881,10.504645347595217,38.19318962097168,16.74442195892334,2.236655235290528,1.3535232543945312,4.35194206237793,2.8575315475463867,1.0644893646240234,0.7163124084472656,3.5996227264404297,3.20395565032959,16.144508361816406,46.09117126464844,340.47043228149414,43,1,4,0,4,12,9,0,0,0,4,5,3,0,182.88,187.96,185.0,29.0,37.0,0,0,0,0,0,0,0,1,0,0,0,0,0,0,0,0,0,0,1,0,1,0,0,0
Blue,False,0.015625,0.0,0.45,0.4275,0.25,0.2,0.148468017578125,0.098388671875,0.0,0.0,66.5,29.6875,64.31230545043945,27.34375,89.75,48.0,85.53125,44.41152191162109,2.0,0.75,2.0546875,0.75,51.1875,18.3359375,49.6123046875,16.280410766601562,7.5,5.07647705078125,7.5,5.0,4.5,3.625,4.984375,3.9375,48.6875,17.0,47.11572265625,16.5,5.75,3.75,5.3125,3.4375,5.0625,3.5,3.875,2.5,99.2119140625,94.125,638.5,0,0,0,0,0,0,0,0,0,0,0,0,0,0,170.18,177.8,125.0,0.0625,0.125,0.6425000000000001,0.468125,0.359375,0.22375,4.65625,1.0625,2.1875,1.3125,104.0,67.0,38.15625,17.125,141.6875,99.90625,55.46875,33.15625,5.21875,2.34375,2.875,1.46875,93.25,57.25,29.125,10.21875,9.40625,8.4375,6.53125,4.78125,1.34375,1.3125,2.5,2.125,29.78125,13.3125,27.90625,9.78125,3.40625,2.625,4.8125,3.34375,70.8125,51.0625,5.4375,4.0,367.75,137.53125,635.125,16,0,1,0,4,5,1,0,0,0,2,2,1,0,175.26,172.72,135.0,22.0,25.0,0,0,0,1,0,0,0,0,0,0,0,0,0,0,0,1,0,0,0,0,1,0,0,0
Blue,False,0.0,0.0,0.41,0.42,0.33,0.0,0.0,0.0,0.0,0.0,58.0,24.0,84.0,36.0,65.0,31.0,95.0,46.0,6.0,2.0,0.0,0.0,46.0,16.0,78.0,32.0,2.0,1.0,4.0,2.0,10.0,7.0,2.0,2.0,54.0,21.0,79.0,31.0,4.0,3.0,5.0,5.0,0.0,0.0,0.0,0.0,65.0,77.0,600.0,2,0,0,1,0,0,1,0,0,0,0,0,0,0,193.04,203.2,265.0,0.0,1.0,0.41,0.53,0.0,0.0,0.0,0.0,0.0,0.0,62.0,26.0,58.0,31.0,62.0,26.0,69.0,40.0,0.0,0.0,0.0,0.0,47.0,16.0,51.0,25.0,6.0,3.0,5.0,4.0,9.0,7.0,2.0,2.0,53.0,22.0,30.0,13.0,9.0,4.0,8.0,4.0,0.0,0.0,20.0,14.0,39.0,0.0,258.0,1,0,0,1,0,0,1,0,0,0,0,0,0,0,190.5,190.5,245.0,25.0,28.0,0,0,0,0,1,0,0,0,0,0,0,0,0,0,0,1,0,0,0,0,1,0,0,0
Blue,False,0.0,0.0,0.2,0.46,0.0,0.33,0.0,1.0,0.0,0.0,115.0,24.0,94.0,44.0,116.0,25.0,106.0,55.0,1.0,0.0,3.0,1.0,93.0,12.0,78.0,36.0,17.0,7.0,15.0,7.0,5.0,5.0,1.0,1.0,110.0,20.0,81.0,35.0,4.0,3.0,13.0,9.0,1.0,1.0,0.0,0.0,9.0,73.0,682.0,3,0,0,1,0,0,1,0,0,0,0,0,0,0,185.42,190.5,205.0,1.0,0.0,0.5900000000000001,0.295,0.5,0.0,0.0,0.0,0.0,0.5,52.5,35.0,70.0,40.5,55.0,37.5,79.0,49.0,0.5,0.5,0.5,0.0,45.0,28.5,52.0,27.5,7.5,6.5,15.5,10.5,0.0,0.0,2.5,2.5,39.5,24.0,32.5,12.5,8.5,7.0,20.0,12.5,4.5,4.0,17.5,15.5,47.5,45.5,300.5,3,0,1,0,1,1,1,0,0,0,0,1,0,0,187.96,190.5,205.0,22.0,29.0,0,0,0,0,0,1,0,0,0,0,0,0,0,0,0,0,0,1,0,0,0,0,1,0
Blue,False,0.015625,0.0,0.45,0.4275,0.25,0.2,0.148468017578125,0.098388671875,0.0,0.0,66.5,29.6875,64.31230545043945,27.34375,89.75,48.0,85.53125,44.41152191162109,2.0,0.75,2.0546875,0.75,51.1875,18.3359375,49.6123046875,16.280410766601562,7.5,5.07647705078125,7.5,5.0,4.5,3.625,4.984375,3.9375,48.6875,17.0,47.11572265625,16.5,5.75,3.75,5.3125,3.4375,5.0625,3.5,3.875,2.5,99.2119140625,94.125,638.5,0,0,0,0,0,0,0,0,0,0,0,0,0,0,172.72,172.72,135.0,0.0,0.0,0.52,0.55,0.0,0.33,0.0,0.0,0.0,0.0,145.0,76.0,171.0,95.0,167.0,96.0,272.0,188.0,2.0,0.0,3.0,1.0,111.0,50.0,141.0,67.0,28.0,21.0,18.0,16.0,6.0,5.0,12.0,12.0,130.0,67.0,112.0,47.0,15.0,9.0,16.0,12.0,0.0,0.0,43.0,36.0,61.0,376.0,895.0,3,0,0,1,0,0,1,0,0,0,0,0,0,0,172.72,172.72,135.0,25.0,31.0,0,0,0,0,0,0,0,0,0,0,1,0,0,0,0,1,0,0,0,0,1,0,0,0
Red,False,0.0,0.0,0.38,0.4175,0.52,0.415,0.25,2.5,1.25,0.5,119.5,39.25,77.0,41.25,147.0,63.25,102.25,65.75,6.25,3.0,1.75,0.75,112.0,32.75,63.0,31.25,4.5,3.75,4.0,2.75,3.0,2.75,10.0,7.25,100.5,26.75,73.0,37.75,1.75,0.75,1.0,0.5,17.25,11.75,3.0,3.0,392.75,93.75,900.0,9,0,1,0,1,2,1,0,0,1,1,0,0,0,165.1,170.18,135.0,0.0,0.0,0.45904296875,0.46921875,0.43318359375,0.53234375,1.40625,1.0,0.048828125,0.78125,60.701171875,28.720703125,32.271484375,15.13671875,101.30078125,67.18359375,70.744140625,52.7265625,6.8984375,3.017578125,0.70703125,0.64453125,48.75,19.22265625,23.94140625,7.619140625,6.287109375,3.994140625,5.703125,4.916015625,5.6640625,5.50390625,2.626953125,2.6015625,47.689453125,19.775390625,28.666015625,12.990234375,2.4296875,1.486328125,1.337890625,0.328125,10.58203125,7.458984375,2.267578125,1.818359375,339.2421875,190.087890625,763.43359375,25,0,1,0,3,7,3,0,0,1,3,0,3,0,167.64,170.18,135.0,25.0,32.0,1,0,0,0,0,0,0,0,0,0,0,0,0,0,0,1,0,0,0,0,1,0,0,0
Red,False,0.0,0.0,0.338125,0.383125,0.125,0.860625,0.375,0.25,0.1875,0.0,54.625,16.8125,66.625,23.125,74.6875,34.125,82.0625,36.0,5.6875,1.5,3.1875,2.375,36.0625,6.25,51.3125,13.1875,15.75,8.8125,7.625,3.6875,2.8125,1.75,7.6875,6.25,47.0,12.5625,43.9375,9.6875,5.375,3.625,9.0,6.8125,2.25,0.625,13.6875,6.625,120.375,221.5625,847.6875,13,1,0,3,1,1,4,0,0,1,0,0,0,0,175.26,182.88,145.0,0.1728515625,0.125,0.332978515625,0.441318359375,0.176455078125,0.0,0.1337890625,0.125,0.0,0.0,152.9765625,50.2412109375,159.9189453125,73.7900390625,160.287109375,56.66015625,187.455078125,98.951171875,6.3515625,1.287109375,2.9208984375,0.0,117.6298828125,29.2705078125,128.318359375,50.8310546875,23.216796875,11.52734375,16.0166015625,11.6826171875,12.1298828125,9.443359375,15.583984375,11.2763671875,137.3271484375,41.0498046875,144.294921875,62.2431640625,15.2255859375,9.0361328125,13.4892578125,10.1005859375,0.423828125,0.1552734375,2.134765625,1.4462890625,97.6455078125,201.611328125,901.7939453125,34,6,7,0,7,8,3,0,0,0,3,2,3,0,167.64,177.8,145.0,32.0,29.0,0,0,1,0,0,0,0,0,0,0,0,0,0,0,0,1,0,0,0,0,1,0,0,0
Blue,False,0.0,0.0,0.77,0.53,0.0,0.0,0.0,1.0,0.0,0.0,9.0,7.0,15.0,8.0,10.0,8.0,20.0,13.0,4.0,0.0,0.0,0.0,5.0,4.0,13.0,6.0,3.0,2.0,2.0,2.0,1.0,1.0,0.0,0.0,8.0,6.0,10.0,5.0,1.0,1.0,4.0,3.0,0.0,0.0,1.0,0.0,74.0,20.0,163.0,1,0,0,1,0,0,1,0,0,0,0,0,0,0,185.42,185.42,185.0,0.6015625,0.5,0.474296875,0.48515625,0.0625,0.524375,0.0,0.0234375,0.0,0.0,27.7109375,14.5546875,34.75,16.4609375,32.9375,19.53125,47.25,26.9609375,0.2890625,0.125,2.640625,1.140625,15.8515625,6.578125,24.1015625,9.0234375,5.9609375,3.9765625,5.359375,3.8125,5.8984375,4.0,5.2890625,3.625,20.453125,8.4453125,25.78125,9.0546875,5.265625,4.265625,3.40625,2.390625,1.9921875,1.84375,5.5625,5.015625,14.71875,115.7578125,323.53125,12,0,0,1,4,5,3,0,0,0,1,4,0,0,187.96,193.04,205.0,29.0,32.0,0,0,0,0,0,0,0,1,0,0,0,0,0,0,0,1,0,0,0,0,1,0,0,0
Red,False,0.125,0.25,0.415,0.4912499999999999,0.03125,0.055,0.0,0.125,0.0,0.0,64.25,29.6875,74.3125,32.9375,105.0,67.0,100.9375,58.0625,1.3125,0.0625,11.75,0.75,56.875,23.3125,52.75,18.25,6.3125,5.3125,20.4375,13.6875,1.0625,1.0625,1.125,1.0,46.75,16.9375,51.75,16.1875,13.1875,8.6875,22.5625,16.75,4.3125,4.0625,0.0,0.0,126.75,192.125,538.8125,9,0,0,2,1,2,3,0,0,1,0,1,0,0,180.34,180.34,145.0,0.0625,0.0,0.415703125,0.477421875,0.0078125,0.515234375,1.5078125,0.0,0.6484375,0.03125,25.5390625,12.25,34.625,19.4921875,58.46875,38.078125,136.390625,107.90625,0.6328125,0.015625,3.46875,2.6953125,23.5859375,10.671875,31.3359375,17.7265625,1.359375,1.1484375,2.765625,1.375,0.59375,0.4296875,0.5234375,0.390625,13.1328125,3.25,12.1328125,2.6171875,1.9296875,1.7265625,1.0546875,0.6640625,10.4765625,7.2734375,21.4375,16.2109375,38.5234375,401.1640625,562.625,14,1,0,1,3,4,4,0,0,1,0,1,2,0,170.18,185.42,145.0,30.0,29.0,0,0,1,0,0,0,0,0,0,0,0,0,0,0,0,1,0,0,0,0,1,0,0,0
Blue,False,0.0625,0.0,0.5096875,0.329375,0.3478125,0.146875,0.5,0.375,0.5,0.5,70.375,36.84375,81.96875,29.25,88.53125,53.3125,110.5,56.09375,13.15625,4.625,0.78125,0.59375,54.34375,24.34375,69.53125,19.15625,11.15625,8.40625,6.28125,4.4375,4.875,4.09375,6.15625,5.65625,63.6875,31.59375,74.46875,24.40625,3.125,1.75,3.8125,2.59375,3.5625,3.5,3.6875,2.25,299.6875,142.25,900.0,18,0,0,1,2,4,2,0,0,2,2,0,0,0,167.64,170.18,170.0,0.0,0.5,0.405,0.45625,0.325,0.25,0.875,0.0,0.0,0.0,49.3125,18.8125,68.5,33.4375,56.3125,24.5,75.375,39.5625,5.0625,1.4375,1.0625,0.5,36.9375,10.4375,53.5,23.5,8.5625,5.375,11.8125,6.9375,3.8125,3.0,3.1875,3.0,40.5,13.0,59.8125,28.125,5.625,3.625,6.3125,3.6875,3.1875,2.1875,2.375,1.625,129.3125,77.1875,555.0625,11,0,3,0,3,4,1,0,0,0,1,0,3,0,177.8,180.34,170.0,35.0,30.0,0,0,0,0,0,0,1,0,0,0,0,0,0,0,0,1,0,0,0,0,1,0,0,0
Red,False,0.146484375,0.8671875,0.25107421875,0.7028125000000001,0.0,0.053359375,0.0,0.0,0.0,0.0,12.00390625,6.13671875,22.396484375,14.92578125,14.7734375,8.49609375,28.947265625,20.982421875,0.1953125,0.0,0.474609375,0.162109375,6.86328125,2.84375,19.552734375,12.25390625,2.857421875,1.353515625,1.9765625,1.8046875,2.283203125,1.939453125,0.8671875,0.8671875,9.2265625,4.22265625,9.83203125,5.64453125,2.1484375,1.55859375,1.990234375,0.66015625,0.62890625,0.35546875,10.57421875,8.62109375,14.306640625,32.916015625,145.056640625,17,1,0,1,2,3,7,0,0,0,0,3,0,0,193.04,208.28,264.0,0.097198486328125,0.031280517578125,0.2957769775390625,0.4838093566894531,0.4051296997070312,0.0052172851562499,0.000244140625,0.0,0.0,0.0,62.467529296875,22.622390747070312,102.72175598144533,51.85952758789063,101.95655822753906,57.731842041015625,112.77821350097656,61.65753173828125,6.94293212890625,4.031509399414063,0.69622802734375,0.027740478515625,55.6978759765625,17.352310180664062,81.52622985839844,33.45758056640625,3.677520751953125,2.717254638671875,17.134521484375,14.974029541015623,3.092132568359375,2.552825927734375,4.061004638671875,3.42791748046875,52.57307434082031,17.02191162109375,73.49736022949219,28.44258117675781,8.8690185546875,5.201446533203125,29.12606811523437,23.326461791992188,1.0254364013671875,0.3990325927734375,0.09832763671875,0.090484619140625,352.7413024902344,66.1793212890625,948.516845703125,40,1,2,0,3,8,9,0,0,0,1,7,0,0,182.88,185.42,263.0,37.0,40.0,0,0,0,0,1,0,0,0,0,0,0,0,0,0,0,1,0,0,0,0,1,0,0,0
Red,False,0.015625,0.0,0.45,0.4275,0.25,0.2,0.148468017578125,0.098388671875,0.0,0.0,66.5,29.6875,64.31230545043945,27.34375,89.75,48.0,85.53125,44.41152191162109,2.0,0.75,2.0546875,0.75,51.1875,18.3359375,49.6123046875,16.280410766601562,7.5,5.07647705078125,7.5,5.0,4.5,3.625,4.984375,3.9375,48.6875,17.0,47.11572265625,16.5,5.75,3.75,5.3125,3.4375,5.0625,3.5,3.875,2.5,99.2119140625,94.125,638.5,0,0,0,0,0,0,0,0,0,0,0,0,0,0,170.18,165.1,135.0,1.0,0.0,0.65,0.22,0.0,0.0,0.0,0.0,0.0,0.0,40.0,26.0,9.0,2.0,44.0,30.0,10.0,3.0,0.0,0.0,0.0,0.0,35.0,21.0,8.0,2.0,4.0,4.0,0.0,0.0,1.0,1.0,1.0,0.0,29.0,18.0,9.0,2.0,0.0,0.0,0.0,0.0,11.0,8.0,0.0,0.0,12.0,0.0,81.0,1,0,1,0,1,1,0,0,0,0,0,1,0,0,172.72,172.72,145.0,34.0,31.0,0,1,0,0,0,0,0,0,0,0,0,0,0,0,0,1,0,0,0,0,1,0,0,0
Red,False,0.03125,0.03125,0.4428125,0.46875,0.15625,0.4790625,0.75,0.0,0.0,0.03125,103.0625,45.0625,89.125,41.3125,117.28125,59.15625,99.46875,50.8125,2.09375,0.53125,5.75,2.5625,75.3125,22.9375,55.125,18.125,15.03125,11.71875,14.625,10.21875,12.71875,10.40625,19.375,12.96875,81.6875,29.65625,80.21875,36.59375,13.15625,8.75,7.28125,4.125,8.21875,6.65625,1.625,0.59375,152.21875,183.34375,869.28125,17,0,2,0,2,4,2,0,0,1,1,1,1,0,180.34,177.8,155.0,0.127197265625,0.5,0.549755859375,0.3423291015624999,0.36638671875,0.28310302734375,0.009765625,0.01806640625,0.015625,0.50048828125,137.349853515625,79.66748046875,114.240478515625,36.984619140625,155.103515625,95.651611328125,129.510009765625,51.30419921875,2.90185546875,1.3515625,1.947265625,0.834228515625,112.41162109375,60.71142578125,90.52099609375,23.090576171875,17.710693359375,12.1162109375,20.44873046875,10.945068359375,7.2275390625,6.83984375,3.270751953125,2.948974609375,104.784423828125,56.410888671875,103.03955078125,28.7744140625,22.54833984375,15.993896484375,5.10205078125,3.155029296875,10.01708984375,7.2626953125,6.098876953125,5.05517578125,151.409912109375,97.65576171875,806.061767578125,31,0,1,0,6,10,3,0,0,1,5,2,2,0,175.26,177.8,155.0,32.0,38.0,0,0,0,0,0,0,1,0,0,0,0,0,0,0,0,1,0,0,0,0,0,0,1,0
Red,False,0.0,0.0,0.4475,0.4178125,0.22765625,0.34078125,0.25,0.296875,0.15625,0.03125,125.296875,55.40625,101.265625,42.21875,168.4375,94.265625,136.3125,70.6875,8.203125,2.03125,12.75,5.25,105.28125,40.40625,83.328125,28.625,17.296875,13.078125,10.859375,7.984375,2.71875,1.921875,7.078125,5.609375,82.546875,22.8125,80.296875,27.234375,17.171875,11.40625,13.359375,9.15625,25.578125,21.1875,7.609375,5.828125,224.53125,256.0,867.921875,21,0,1,0,2,4,3,0,0,2,0,2,0,0,165.1,165.1,125.0,0.25,0.0625,0.328125,0.38140625,0.2859375,0.376875,0.0625,0.015625,0.0,0.375,63.484375,20.171875,86.40625,33.546875,82.109375,36.53125,112.25,56.875,3.703125,1.375,4.296875,1.140625,51.84375,12.796875,56.46875,12.640625,9.328125,6.0625,23.125,17.171875,2.3125,1.3125,6.8125,3.734375,51.859375,11.875,56.5,13.203125,9.15625,6.65625,24.828125,17.671875,2.46875,1.640625,5.078125,2.671875,69.09375,143.828125,828.078125,16,0,0,1,3,4,3,0,0,0,3,0,1,0,165.1,170.18,125.0,27.0,31.0,0,0,0,1,0,0,0,0,0,0,0,0,0,0,0,1,0,0,0,0,1,0,0,0
Red,False,1.0,0.0,0.4,0.51,0.0,0.0,0.0,1.0,1.0,0.0,115.0,46.0,54.0,28.0,128.0,58.0,84.0,56.0,1.0,0.0,4.0,0.0,82.0,23.0,44.0,21.0,19.0,10.0,8.0,5.0,14.0,13.0,2.0,2.0,107.0,42.0,43.0,19.0,2.0,2.0,4.0,3.0,6.0,2.0,7.0,6.0,101.0,271.0,900.0,3,0,0,1,0,0,1,0,0,0,0,0,0,0,182.88,190.5,170.0,0.03173828125,0.5078125,0.444755859375,0.4791552734375,0.2512890625,0.64462890625,0.228515625,0.12890625,0.0,0.001953125,37.40380859375,15.958984375,66.28662109375,34.5634765625,40.64453125,18.85546875,86.81005859375,52.6875,1.787109375,0.81640625,3.373046875,1.6767578125,20.6376953125,5.43603515625,54.84716796875,23.6845703125,8.67431640625,5.31396484375,5.1435546875,4.5908203125,8.091796875,5.208984375,6.2958984375,6.2880859375,34.794921875,14.0859375,52.85693359375,24.443359375,1.2021484375,0.8525390625,5.470703125,4.0712890625,1.40673828125,1.0205078125,7.958984375,6.048828125,59.45263671875,81.91796875,489.06201171875,20,0,1,0,2,6,6,0,0,0,0,2,4,0,182.88,187.96,170.0,23.0,32.0,0,0,0,0,0,0,0,0,0,1,0,0,0,0,0,1,0,0,0,0,1,0,0,0
Red,False,0.0,0.0,0.485,0.65,0.0,0.77,2.5,0.0,0.5,0.0,16.0,7.0,28.5,18.5,20.5,11.5,70.0,52.0,0.0,0.0,6.5,4.0,13.0,5.0,26.5,16.5,1.5,1.0,1.0,1.0,1.5,1.0,1.0,1.0,10.0,2.5,11.5,6.0,4.5,3.5,2.5,1.5,1.5,1.0,14.5,11.0,45.0,456.0,559.0,4,0,1,0,1,1,1,0,0,0,0,0,1,0,180.34,185.42,170.0,0.0,0.0,0.4675,0.5125,0.4,0.175,1.0,0.0,0.0,0.25,47.75,22.5,31.25,16.5,69.75,41.0,38.5,23.5,2.5,2.0,2.75,1.75,32.75,11.75,24.5,11.75,8.25,5.25,4.5,3.25,6.75,5.5,2.25,1.5,32.0,13.5,24.0,11.25,2.5,1.75,4.75,3.25,13.25,7.25,2.5,2.0,223.25,134.25,524.25,6,0,0,1,2,2,1,0,0,0,0,0,2,0,180.34,190.5,170.0,29.0,24.0,0,0,0,0,0,0,0,0,0,1,0,0,0,0,0,1,0,0,0,0,1,0,0,0
Red,False,0.25,0.0,0.4575,0.3874999999999999,0.5,0.0,0.5,0.0,0.0,0.0,95.75,36.5,80.75,20.0,102.5,42.5,83.0,21.75,0.5,0.5,2.75,0.0,75.5,23.75,67.25,12.25,8.25,4.0,6.25,1.5,12.0,8.75,7.25,6.25,85.25,28.0,78.0,19.75,1.25,1.0,2.5,0.25,9.25,7.5,0.25,0.0,72.0,47.25,586.25,6,0,3,0,3,3,0,0,0,0,1,2,0,0,177.8,177.8,155.0,0.125,0.25,0.5225,0.5225,0.4399999999999999,0.165,0.5,0.5,0.0,0.0,50.125,23.75,42.875,21.75,105.25,70.375,64.25,41.625,6.875,2.875,1.625,0.5,40.125,17.25,31.5,14.375,7.0,3.75,8.75,5.375,3.0,2.75,2.625,2.0,33.0,12.25,28.875,13.375,3.0,1.875,4.75,2.375,14.125,9.625,9.25,6.0,395.375,22.5,689.25,9,0,2,0,2,3,1,0,0,0,2,1,0,0,180.34,187.96,155.0,26.0,33.0,0,0,0,0,0,0,1,0,0,0,0,0,0,0,0,0,0,1,0,0,0,0,1,0
Blue,False,0.015625,0.0,0.45,0.4275,0.25,0.2,0.148468017578125,0.098388671875,0.0,0.0,66.5,29.6875,64.31230545043945,27.34375,89.75,48.0,85.53125,44.41152191162109,2.0,0.75,2.0546875,0.75,51.1875,18.3359375,49.6123046875,16.280410766601562,7.5,5.07647705078125,7.5,5.0,4.5,3.625,4.984375,3.9375,48.6875,17.0,47.11572265625,16.5,5.75,3.75,5.3125,3.4375,5.0625,3.5,3.875,2.5,99.2119140625,94.125,638.5,0,0,0,0,0,0,0,0,0,0,0,0,0,0,170.18,180.34,155.0,0.0,0.0,0.54,0.5800000000000001,0.42,0.09,0.5,0.0,0.0,0.0,72.5,31.0,102.0,57.0,101.0,57.0,135.5,90.5,9.5,4.0,5.5,1.0,50.5,13.0,91.0,48.0,9.0,7.5,8.5,7.0,13.0,10.5,2.5,2.0,65.5,25.5,95.5,53.0,2.5,2.5,6.5,4.0,4.5,3.0,0.0,0.0,364.5,186.5,893.0,6,1,1,0,1,1,1,0,0,0,0,0,1,0,182.88,195.58,155.0,29.0,25.0,0,0,0,0,0,0,1,0,0,0,0,0,0,0,0,1,0,0,0,0,1,0,0,0
Blue,False,0.073486328125,0.001953125,0.3269873046875,0.41785888671875,0.6568603515625,0.007176513671875,0.0,0.022216796875,0.0006103515625,0.0,246.1390380859375,83.0684814453125,223.743896484375,101.8609619140625,248.5882568359375,84.7423095703125,226.733154296875,104.719970703125,0.908935546875,0.7193603515625,2.2689208984375,0.0438232421875,157.230712890625,36.1959228515625,197.0665283203125,84.5238037109375,60.954833984375,28.095703125,16.183349609375,8.7838134765625,27.9534912109375,18.77685546875,10.4940185546875,8.5533447265625,242.2313232421875,81.4473876953125,218.9093017578125,98.2330322265625,3.1363525390625,1.2276611328125,4.138671875,3.1051025390625,0.7713623046875,0.3934326171875,0.6959228515625,0.5228271484375,23.7872314453125,8.2698974609375,881.213623046875,36,1,0,1,4,8,6,0,0,0,5,3,0,0,177.8,185.42,155.0,1.40625,0.03125,0.555673828125,0.418223876953125,0.2069549560546875,0.006361083984375,0.1502685546875,0.271240234375,0.00103759765625,0.0,78.3349609375,42.63427734375,50.625,20.33990478515625,84.16119384765625,48.23486328125,57.05120849609375,26.75274658203125,2.06195068359375,1.13739013671875,0.16485595703125,0.0137939453125,69.01519775390625,35.53729248046875,44.128173828125,15.94683837890625,4.5390625,2.66375732421875,4.5047607421875,3.41058349609375,4.78070068359375,4.4332275390625,1.9920654296875,0.98248291015625,49.14300537109375,24.32574462890625,44.72412109375,16.78106689453125,15.14959716796875,8.3284912109375,5.21051025390625,2.8822021484375,14.0423583984375,9.98004150390625,0.69036865234375,0.6766357421875,155.07366943359375,18.23345947265625,362.467529296875,30,0,4,0,4,12,3,0,0,0,4,5,3,0,175.26,182.88,155.0,30.0,27.0,0,0,0,0,0,0,1,0,0,0,0,0,0,0,0,0,0,1,0,0,0,0,1,0
Blue,False,0.0,0.5,0.45,0.35,0.3,0.0,0.5,0.0,0.0,0.0,32.5,18.0,16.0,5.0,47.5,28.5,18.5,7.0,2.5,1.5,0.0,0.0,28.5,14.5,10.0,2.0,3.0,2.5,2.0,0.5,1.0,1.0,4.0,2.5,22.0,10.5,15.0,4.5,7.0,4.5,0.5,0.0,3.5,3.0,0.5,0.5,91.0,0.0,282.0,3,0,1,0,1,1,1,0,0,0,0,0,1,0,177.8,177.8,155.0,0.5,0.0,0.425,0.46875,0.41125,0.33,0.3125,0.0,0.75,0.625,43.5,20.6875,51.3125,30.5,73.0625,46.5,73.125,48.0625,2.0,1.3125,5.4375,3.0,28.375,9.5,40.875,22.3125,7.6875,5.0625,3.8125,2.6875,7.4375,6.125,6.625,5.5,33.875,14.9375,30.9375,12.875,4.6875,3.9375,5.0625,3.3125,4.9375,1.8125,15.3125,14.3125,230.0,234.1875,690.75,11,0,4,0,4,4,1,0,0,0,2,0,2,0,177.8,177.8,155.0,24.0,28.0,0,0,0,0,0,0,1,0,0,0,0,0,0,0,0,0,0,1,0,0,1,0,0,0
Red,False,0.015625,0.0,0.45,0.4275,0.25,0.2,0.148468017578125,0.098388671875,0.0,0.0,66.5,29.6875,64.31230545043945,27.34375,89.75,48.0,85.53125,44.41152191162109,2.0,0.75,2.0546875,0.75,51.1875,18.3359375,49.6123046875,16.280410766601562,7.5,5.07647705078125,7.5,5.0,4.5,3.625,4.984375,3.9375,48.6875,17.0,47.11572265625,16.5,5.75,3.75,5.3125,3.4375,5.0625,3.5,3.875,2.5,99.2119140625,94.125,638.5,0,0,0,0,0,0,0,0,0,0,0,0,0,0,182.88,177.8,145.0,6.103515625e-05,0.09478759765625,0.4488702392578125,0.4268899536132812,0.3326763916015625,0.0179345703125,0.254852294921875,0.03936767578125,0.03125,0.03155517578125,212.5771484375,93.02230834960938,91.54318237304688,34.5947265625,245.39895629882807,119.7479248046875,102.78317260742188,43.804290771484375,5.406280517578125,1.938568115234375,1.70147705078125,0.0521240234375,184.75607299804688,71.65487670898438,81.60723876953125,27.712554931640625,20.1181640625,13.9390869140625,7.70904541015625,4.85845947265625,7.702911376953125,7.4283447265625,2.226898193359375,2.023712158203125,177.99118041992188,71.82586669921875,80.3634033203125,26.53521728515625,31.35931396484375,18.51763916015625,10.237030029296877,7.275421142578125,3.226654052734375,2.678802490234375,0.9427490234375,0.784088134765625,231.4945068359375,16.537994384765625,842.8083190917969,40,0,4,0,4,10,6,0,0,3,4,1,1,1,177.8,177.8,155.0,27.0,34.0,0,0,0,0,0,0,1,0,0,0,0,0,0,0,0,0,0,1,0,0,0,0,1,0
Red,False,0.75,0.0078125,0.4985156249999999,0.450390625,0.450625,0.1321875,0.34375,0.0234375,0.125,0.03125,120.46875,60.8046875,117.4453125,55.4140625,139.703125,75.71875,159.71875,94.03125,3.8125,1.484375,0.484375,0.25,99.328125,42.4453125,86.6875,34.828125,7.375,5.1015625,26.9609375,16.7890625,13.765625,13.2578125,3.796875,3.796875,94.328125,44.4375,94.625,40.8828125,14.28125,9.5390625,15.7109375,9.390625,11.859375,6.828125,7.109375,5.140625,281.5078125,22.34375,650.0546875,17,0,0,2,3,4,4,0,0,0,1,1,2,0,177.8,187.96,170.0,0.0,0.0,0.20953125,0.34390625,0.11453125,0.0,0.515625,0.109375,0.125,0.03125,15.4375,4.40625,35.234375,15.578125,26.34375,14.53125,50.109375,28.859375,1.90625,0.609375,0.265625,0.0,14.484375,3.484375,32.265625,13.296875,0.328125,0.296875,1.328125,1.015625,0.625,0.625,1.640625,1.265625,9.8125,1.4375,8.109375,2.171875,1.25,0.546875,0.921875,0.578125,4.375,2.421875,26.203125,12.828125,103.015625,87.46875,285.453125,14,0,1,0,1,3,4,0,0,0,1,1,1,0,180.34,193.04,170.0,32.0,38.0,0,0,0,0,0,0,0,0,0,1,0,0,0,0,0,1,0,0,0,0,1,0,0,0
Red,False,0.125,0.515625,0.3833398437499999,0.5589062499999999,0.2796875,0.09390625,1.03515625,0.365234375,0.03125,0.03125,32.560546875,12.203125,34.640625,18.298828125,41.158203125,19.69140625,43.76953125,26.732421875,1.318359375,0.669921875,2.349609375,0.322265625,26.5390625,8.587890625,27.912109375,13.755859375,3.5546875,1.4375,2.958984375,2.046875,2.466796875,2.177734375,3.76953125,2.49609375,26.419921875,8.07421875,30.1875,14.806640625,3.130859375,1.728515625,1.66796875,1.2734375,3.009765625,2.400390625,2.78515625,2.21875,149.6875,32.7578125,363.041015625,20,0,1,0,2,5,5,0,0,0,2,3,0,0,172.72,170.18,145.0,0.0,0.5,0.4425,0.3675,0.0,0.6975,1.5,0.0,0.0,0.0,54.75,26.25,69.5,21.0,66.75,37.75,80.75,30.25,0.0,0.0,4.25,2.25,32.0,8.5,58.0,12.5,12.75,9.75,5.0,3.5,10.0,8.0,6.5,5.0,50.5,24.0,63.25,17.0,3.0,1.25,2.75,2.0,1.25,1.0,3.5,2.0,20.5,167.0,479.0,7,0,2,0,2,2,1,0,0,0,1,0,1,0,172.72,180.34,155.0,30.0,28.0,0,0,1,0,0,0,0,0,0,0,0,0,0,0,0,1,0,0,0,0,0,0,1,0
Blue,False,0.140625,0.0,0.5014062499999999,0.1475,0.0440625,0.0,0.09375,0.0,0.0,0.0,45.875,22.21875,16.671875,4.75,62.5625,37.203125,19.953125,7.828125,1.359375,0.40625,0.625,0.0,43.65625,20.484375,13.53125,2.09375,0.671875,0.46875,2.46875,2.125,1.546875,1.265625,0.671875,0.53125,14.421875,5.0625,13.375,2.96875,7.5625,4.9375,2.453125,1.0625,23.890625,12.21875,0.84375,0.71875,97.609375,1.65625,214.40625,13,0,2,0,4,6,1,0,0,0,2,3,1,0,185.42,195.58,185.0,0.2890625,0.0,0.5692578125,0.5331640625,0.1648046875,0.5088671874999999,0.265625,0.25390625,0.51171875,0.0,63.82421875,33.05078125,89.30078125,42.7734375,73.16015625,42.34375,120.62890625,71.38671875,0.87109375,0.21875,2.015625,0.83203125,42.15625,16.0859375,65.2421875,24.35546875,9.42578125,6.26953125,7.3984375,4.1328125,12.2421875,10.6953125,16.66015625,14.28515625,52.47265625,25.05859375,65.703125,25.90625,2.921875,2.23828125,9.78515625,7.0390625,8.4296875,5.75390625,13.8125,9.828125,45.96484375,227.265625,636.71875,20,1,0,2,3,5,4,0,0,0,1,2,0,2,182.88,200.66,185.0,32.0,32.0,0,0,0,0,0,0,0,1,0,0,0,0,0,0,0,0,0,1,0,0,1,0,0,0
Red,False,0.3125,0.53125,0.4762499999999999,0.418046875,0.59515625,0.02390625,0.5078125,0.5390625,0.125,0.0,63.7890625,31.25,66.8984375,30.0,70.53125,37.140625,71.9609375,35.046875,2.5078125,1.0625,0.4609375,0.1015625,52.921875,21.609375,56.015625,22.34375,6.390625,5.3046875,6.484375,4.40625,4.4765625,4.3359375,4.3984375,3.25,56.0,27.46875,55.1640625,23.953125,6.9140625,3.546875,10.234375,4.7265625,0.875,0.234375,1.5,1.3203125,51.890625,47.25,324.328125,18,0,0,1,3,4,4,0,0,0,3,1,0,0,172.72,180.34,145.0,0.125,0.25,0.39125,0.5834375,0.231875,0.393125,1.96875,0.15625,0.15625,0.21875,54.25,21.96875,99.0625,63.25,66.65625,30.46875,155.625,112.34375,2.46875,0.78125,5.875,3.6875,48.375,18.71875,78.90625,45.75,5.65625,3.03125,15.84375,13.8125,0.21875,0.21875,4.3125,3.6875,43.6875,13.65625,46.5,17.96875,7.28125,5.09375,19.96875,17.375,3.28125,3.21875,32.59375,27.90625,133.875,327.15625,718.09375,14,0,0,1,4,4,2,0,0,0,1,1,2,0,180.34,182.88,145.0,32.0,31.0,0,0,1,0,0,0,0,0,0,0,0,0,0,0,0,1,0,0,0,0,1,0,0,0
Blue,False,0.0,3.0,0.38,0.5,0.25,0.0,0.0,0.0,0.0,0.0,199.0,77.0,169.0,86.0,239.0,108.0,191.0,105.0,8.0,2.0,0.0,0.0,190.0,71.0,120.0,46.0,3.0,3.0,26.0,20.0,6.0,3.0,23.0,20.0,185.0,69.0,136.0,65.0,9.0,5.0,6.0,5.0,5.0,3.0,27.0,16.0,179.0,97.0,900.0,3,0,0,1,0,0,1,0,0,0,0,0,0,0,180.34,182.88,170.0,0.0,0.0,0.475,0.405,0.0,0.28,0.0,0.0,0.0,0.0,53.5,25.5,30.5,12.5,58.0,30.0,48.5,27.5,0.0,0.0,10.0,2.5,36.0,14.0,17.5,4.0,11.5,7.5,2.0,0.0,6.0,4.0,11.0,8.5,29.5,9.0,24.0,10.5,20.5,14.5,6.5,2.0,3.5,2.0,0.0,0.0,43.5,215.0,595.0,4,0,1,0,1,1,1,0,0,0,0,1,0,0,185.42,185.42,170.0,28.0,31.0,0,0,0,0,0,0,0,0,0,1,0,0,0,0,0,1,0,0,0,0,1,0,0,0
Blue,False,0.0,0.0,0.48,0.485,0.125,0.2,1.0,0.5,0.0,0.0,63.5,29.0,59.5,28.5,78.5,42.5,70.5,38.0,2.5,0.5,7.5,1.5,50.0,19.0,41.0,13.0,7.5,6.5,6.0,4.0,6.0,3.5,12.5,11.5,44.0,13.0,41.0,17.0,18.0,14.5,10.0,7.0,1.5,1.5,8.5,4.5,135.5,250.5,675.5,5,0,1,0,1,1,1,0,0,0,1,0,0,0,190.5,198.12,170.0,0.0,0.0,0.42,0.28,0.66,0.33,0.0,0.0,1.0,2.0,116.0,49.0,94.0,27.0,126.0,59.0,102.0,33.0,3.0,2.0,3.0,1.0,71.0,28.0,80.0,16.0,12.0,6.0,4.0,3.0,33.0,15.0,10.0,8.0,110.0,46.0,89.0,24.0,5.0,2.0,4.0,3.0,1.0,1.0,1.0,0.0,162.0,208.0,900.0,3,1,1,0,1,1,0,0,0,1,0,0,0,0,182.88,185.42,170.0,26.0,30.0,0,0,0,0,0,0,0,0,0,1,0,0,0,0,0,1,0,0,0,0,1,0,0,0
Red,False,0.0,0.0,0.59,0.56,0.0,0.4,0.0,0.0,0.0,0.0,108.0,64.0,101.0,57.0,169.0,121.0,111.0,66.0,0.0,0.0,5.0,2.0,84.0,46.0,78.0,40.0,19.0,13.0,18.0,13.0,5.0,5.0,5.0,4.0,72.0,35.0,79.0,40.0,17.0,10.0,13.0,9.0,19.0,19.0,9.0,8.0,215.0,237.0,900.0,3,0,0,1,0,0,1,0,0,0,0,0,0,0,182.88,182.88,185.0,0.0,0.0,0.43375,0.310625,0.255625,0.03125,0.25,0.0,0.0,0.0,47.9375,23.6875,58.9375,25.1875,66.6875,38.6875,84.5,47.4375,6.0,1.875,1.1875,0.25,37.375,15.625,52.0625,20.125,8.5625,6.625,2.625,2.0625,2.0,1.4375,4.25,3.0,39.125,17.3125,27.8125,6.5,3.3125,2.1875,2.625,1.5625,5.5,4.1875,28.5,17.125,238.375,104.75,572.875,13,1,1,0,1,2,3,0,0,0,1,0,1,0,187.96,200.66,185.0,34.0,26.0,0,0,0,0,0,0,0,1,0,0,0,0,0,0,0,1,0,0,0,0,1,0,0,0
Red,False,0.0,1.0,0.21,0.47,1.0,0.2,0.0,0.0,0.0,0.0,71.0,15.0,110.0,52.0,75.0,19.0,115.0,56.0,1.0,1.0,5.0,1.0,64.0,10.0,81.0,29.0,4.0,2.0,20.0,17.0,3.0,3.0,9.0,6.0,63.0,9.0,93.0,39.0,8.0,6.0,16.0,13.0,0.0,0.0,1.0,0.0,24.0,66.0,553.0,2,0,0,1,0,0,1,0,0,0,0,0,0,0,177.8,180.34,155.0,0.0,0.0,0.5,0.52,0.625,0.25,2.0,0.5,0.5,0.0,57.0,20.0,67.0,20.5,65.0,26.0,69.5,23.0,3.0,2.0,1.0,0.5,50.0,15.0,46.5,9.5,5.5,4.5,3.0,2.0,1.5,0.5,17.5,9.0,49.5,14.0,65.0,20.5,1.0,1.0,2.0,0.0,6.5,5.0,0.0,0.0,169.5,13.0,527.0,4,1,0,1,1,1,1,0,0,0,0,0,1,0,172.72,175.26,135.0,27.0,26.0,1,0,0,0,0,0,0,0,0,0,0,0,0,0,0,1,0,0,0,0,0,0,1,0
Red,False,0.015625,0.0,0.45,0.4275,0.25,0.2,0.148468017578125,0.098388671875,0.0,0.0,66.5,29.6875,64.31230545043945,27.34375,89.75,48.0,85.53125,44.41152191162109,2.0,0.75,2.0546875,0.75,51.1875,18.3359375,49.6123046875,16.280410766601562,7.5,5.07647705078125,7.5,5.0,4.5,3.625,4.984375,3.9375,48.6875,17.0,47.11572265625,16.5,5.75,3.75,5.3125,3.4375,5.0625,3.5,3.875,2.5,99.2119140625,94.125,638.5,0,0,0,0,0,0,0,0,0,0,0,0,0,0,185.42,185.42,155.0,0.03125,0.25128173828125,0.4741275024414062,0.5444271850585938,0.3550628662109375,0.4128372192382812,1.259368896484375,0.726409912109375,0.0,0.126983642578125,107.94525146484376,50.42388916015625,97.80419921875,52.1800537109375,135.74029541015625,74.75198364257812,109.96337890625,63.79791259765625,8.62322998046875,2.8245849609375,4.514373779296875,1.866363525390625,82.05914306640625,31.48812866210937,80.93374633789062,38.19488525390625,19.147613525390625,13.31195068359375,10.851287841796877,9.09222412109375,6.738494873046875,5.623809814453125,6.0191650390625,4.8929443359375,84.05917358398438,35.3463134765625,72.71038818359375,33.24176025390625,19.293426513671875,11.34844970703125,14.081085205078123,11.61431884765625,4.5926513671875,3.7291259765625,11.012725830078123,7.323974609375,239.59329223632807,176.017578125,835.498046875,44,0,1,0,4,10,6,0,0,2,6,1,1,0,172.72,172.72,145.0,30.0,32.0,0,0,0,0,0,0,1,0,0,0,0,0,0,0,0,1,0,0,0,0,1,0,0,0
Red,True,0.78515625,0.16796875,0.752109375,0.447109375,0.53515625,0.00515625,0.0,0.015625,0.0,0.0,40.51171875,30.5,39.609375,17.29296875,47.8828125,37.26953125,46.546875,24.1953125,1.16796875,0.56640625,0.5546875,0.015625,20.0546875,13.32421875,29.84375,10.86328125,12.32421875,9.85546875,5.5546875,4.01171875,8.1328125,7.3203125,4.2109375,2.41796875,25.98828125,19.765625,35.14453125,14.4296875,3.63671875,2.90234375,3.03515625,1.6875,10.88671875,7.83203125,1.4296875,1.17578125,61.0234375,28.625,483.41796875,17,0,1,0,4,6,3,0,0,0,2,4,0,0,193.04,203.2,265.0,0.7822265625,0.0625,0.64009765625,0.45587890625,0.117236328125,0.06548828125,0.0,0.0,0.0,0.0,59.2060546875,34.82421875,53.72265625,22.1005859375,96.2197265625,67.2158203125,56.66796875,24.8955078125,2.2255859375,0.84765625,0.666015625,0.0791015625,51.775390625,27.517578125,37.9296875,12.6982421875,2.1455078125,2.0712890625,9.8046875,4.8779296875,5.28515625,5.2353515625,5.98828125,4.5244140625,41.8017578125,21.4013671875,51.6513671875,20.66796875,5.45703125,3.078125,1.6845703125,1.11328125,11.947265625,10.3447265625,0.38671875,0.3193359375,140.1494140625,5.234375,387.7685546875,27,1,3,0,3,9,2,0,0,0,3,6,0,0,193.04,203.2,240.0,36.0,34.0,0,0,0,0,1,0,0,0,0,0,0,0,0,0,0,1,0,0,0,0,1,0,0,0
Blue,False,1.0,0.0,0.5,0.5,0.0,0.0,1.0,0.0,0.0,0.0,4.0,2.0,6.0,3.0,5.0,3.0,6.0,3.0,0.0,0.0,0.0,0.0,4.0,2.0,5.0,3.0,0.0,0.0,1.0,0.0,0.0,0.0,0.0,0.0,3.0,1.0,6.0,3.0,0.0,0.0,0.0,0.0,1.0,1.0,0.0,0.0,14.0,0.0,45.0,1,0,1,0,1,1,0,0,0,0,0,0,1,0,187.96,187.96,170.0,0.0471682548522949,0.0,0.45,0.4217682266235352,0.25,0.19173828125,0.1875,0.125,0.0,0.0,69.5,30.5,66.984375,27.8466796875,94.0,48.544921875,88.50390625,44.75,2.0,0.8125,2.015625,0.6640625,54.0,19.01513671875,51.483436584472656,16.9437255859375,7.91796875,5.430633544921875,7.75,5.0625,4.780975341796875,3.9373779296875,4.8994140625,3.84375,51.025390625,18.400863647460938,50.515625,17.5,5.75,3.75,5.5,3.5,5.375,3.6875,4.0,2.65625,104.865234375,89.5,655.8441009521484,0,0,0,0,0,0,0,0,0,0,0,0,0,0,185.42,185.42,170.0,24.0,37.0,0,0,0,0,0,0,0,0,0,1,0,0,0,0,0,0,0,0,1,0,1,0,0,0
Blue,False,0.25,0.0,0.4599999999999999,0.41,0.25,0.0,0.0,0.0,0.0,0.0,116.0,50.25,103.0,39.25,127.5,60.25,104.25,40.5,3.75,1.5,1.75,0.0,85.75,30.25,69.5,17.75,20.25,11.5,22.5,13.0,10.0,8.5,11.0,8.5,105.5,44.5,99.5,36.25,8.75,5.5,3.5,3.0,1.75,0.25,0.0,0.0,68.5,2.75,697.25,7,0,3,0,3,3,0,0,0,1,1,1,0,0,162.56,172.72,135.0,0.070556640625,0.515625,0.364925537109375,0.36603271484375,0.13892333984375,0.262772216796875,0.108642578125,0.00390625,0.001220703125,0.7501220703125,131.692626953125,44.3734130859375,203.2066650390625,72.5072021484375,142.1026611328125,54.6326904296875,213.9844970703125,81.894287109375,7.270751953125,1.1881103515625,5.8935546875,2.1324462890625,113.25830078125,32.5089111328125,163.590576171875,44.39599609375,16.2430419921875,9.819091796875,18.867431640625,9.966552734375,2.1912841796875,2.04541015625,20.7486572265625,18.1446533203125,111.5274658203125,28.284423828125,180.5474853515625,59.3843994140625,17.5440673828125,13.686767578125,17.3726806640625,10.5367431640625,2.62109375,2.4022216796875,5.2864990234375,2.5860595703125,52.2174072265625,163.21484375,1222.465576171875,44,4,1,0,4,9,5,0,0,0,3,0,6,0,167.64,170.18,135.0,27.0,37.0,1,0,0,0,0,0,0,0,0,0,0,0,0,0,0,1,0,0,0,0,1,0,0,0
Red,False,1.25,0.0,0.55125,0.5387500000000001,0.5,0.0,0.0,0.125,0.0,0.0,169.875,95.0,112.375,63.0,232.375,147.75,136.25,83.375,4.5,2.5,0.375,0.0,104.625,48.75,85.5,41.375,28.625,17.125,14.75,12.75,36.625,29.125,12.125,8.875,132.0,71.75,91.625,46.5,20.75,14.125,16.25,12.75,17.125,9.125,4.5,3.75,334.25,24.125,730.75,10,0,1,0,2,3,1,0,0,0,2,1,0,0,167.64,165.1,125.0,0.0625,0.0,0.574609375,0.387578125,0.3425,0.2690625,0.3203125,0.4765625,0.0,0.0,137.2109375,78.6875,76.078125,28.921875,159.265625,98.5703125,85.546875,37.3984375,1.9296875,1.46875,4.6640625,0.5625,110.8125,57.15625,58.6953125,19.1171875,22.390625,17.7734375,14.8359375,7.921875,4.0078125,3.7578125,2.546875,1.8828125,93.609375,50.0,59.8203125,17.3984375,37.40625,23.96875,14.4296875,10.515625,6.1953125,4.71875,1.828125,1.0078125,155.3046875,56.078125,540.9453125,17,0,0,1,3,5,3,0,0,1,2,1,1,0,154.94,157.48,115.0,30.0,24.0,0,0,0,0,0,0,0,0,0,0,0,0,0,1,0,1,0,0,0,0,1,0,0,0
Red,False,0.1370849609375,0.892578125,0.34158935546875,0.564542236328125,0.22880126953125,0.1959375,0.0010986328125,0.0009765625,0.0,0.000244140625,54.5980224609375,21.4451904296875,73.031494140625,42.67138671875,58.5234375,25.18212890625,97.673828125,64.6553955078125,0.8477783203125,0.5654296875,2.160400390625,0.625,42.8076171875,14.3001708984375,58.27978515625,29.2203369140625,10.1951904296875,6.1529541015625,6.11865234375,5.0087890625,1.59521484375,0.9920654296875,8.633056640625,8.4422607421875,41.157958984375,12.178955078125,50.6822509765625,26.6612548828125,1.15966796875,1.1170654296875,10.7613525390625,6.9788818359375,12.2803955078125,8.149169921875,11.587890625,9.03125,50.41259765625,92.7825927734375,465.220947265625,24,0,1,0,3,9,5,0,0,0,1,7,1,0,198.12,200.66,255.0,0.140625,0.6298828125,0.51642578125,0.528818359375,0.1197265625,0.325732421875,0.28125,0.0078125,0.0,0.0,80.2568359375,44.0029296875,74.236328125,37.7900390625,87.41015625,50.40625,85.4912109375,47.97265625,2.08203125,0.41015625,1.47265625,1.1279296875,62.5537109375,30.166015625,56.6025390625,22.482421875,10.0810546875,7.2265625,4.005859375,3.150390625,7.6220703125,6.6103515625,13.6279296875,12.1572265625,70.94921875,37.630859375,61.845703125,28.3232421875,7.1279296875,4.9443359375,10.041015625,7.1201171875,2.1796875,1.427734375,2.349609375,2.3466796875,33.8330078125,68.14453125,442.427734375,24,3,0,1,6,8,3,0,0,0,2,4,2,0,193.04,195.58,231.0,34.0,39.0,0,0,0,0,1,0,0,0,0,0,0,0,0,0,0,1,0,0,0,0,1,0,0,0
Red,False,0.375,0.0,0.4771875,0.505,0.0196875,0.0415625,0.15625,0.5625,0.0625,0.0,18.71875,9.09375,21.21875,10.78125,26.875,16.34375,31.15625,19.90625,0.65625,0.09375,0.5625,0.25,14.71875,6.875,12.3125,4.4375,1.75,1.21875,4.6875,2.46875,2.25,1.0,4.21875,3.875,13.8125,5.21875,18.0625,8.6875,2.6875,1.96875,1.625,1.15625,2.21875,1.90625,1.53125,0.9375,34.375,55.0625,198.28125,11,0,0,1,4,4,2,0,0,0,1,2,1,0,185.42,185.42,185.0,0.00048828125,0.75048828125,0.341328125,0.5941015625,0.26025390625,0.0749902343749999,0.0,0.00390625,0.00048828125,0.03125,52.39404296875,21.0263671875,36.001953125,18.53857421875,57.935546875,26.14697265625,43.51953125,25.43896484375,0.92041015625,0.33837890625,3.208984375,0.58984375,39.919921875,12.0986328125,25.31982421875,11.564453125,5.185546875,3.4814453125,4.03271484375,2.63525390625,7.28857421875,5.4462890625,6.6494140625,4.3388671875,44.22998046875,16.322265625,29.07275390625,13.47265625,8.08154296875,4.62939453125,4.640625,2.95166015625,0.08251953125,0.07470703125,2.28857421875,2.1142578125,53.06494140625,60.69384765625,421.4375,31,0,2,0,5,8,4,0,0,1,6,1,0,0,185.42,187.96,185.0,28.0,28.0,0,0,0,0,0,0,0,1,0,0,0,0,0,0,0,1,0,0,0,0,1,0,0,0
Blue,False,0.0,0.25,0.496875,0.50875,0.015625,0.04125,0.0,0.125,0.125,0.0,120.875,53.5,96.5,50.0,146.625,76.5,105.25,58.5625,0.75,0.0625,2.875,0.1875,94.3125,35.875,75.75,31.9375,17.0625,10.25,16.25,13.625,9.5,7.375,4.5,4.4375,98.4375,38.5625,67.9375,30.3125,22.3125,14.8125,28.5625,19.6875,0.125,0.125,0.0,0.0,107.3125,47.875,623.0,12,1,3,0,3,3,2,0,0,1,1,1,0,0,165.1,162.56,135.0,0.0,0.125,0.4409375,0.443125,0.25,0.376875,0.25,1.5,0.0,0.0,64.9375,28.0,74.09375,32.875,87.4375,49.1875,117.03125,72.90625,0.25,0.25,4.59375,1.9375,52.15625,17.875,55.34375,18.0,5.71875,3.90625,13.875,10.9375,7.0625,6.21875,4.875,3.9375,55.8125,21.96875,50.53125,13.53125,7.625,4.53125,12.1875,9.40625,1.5,1.5,11.375,9.9375,91.5625,405.84375,868.125,17,0,0,2,1,1,5,0,0,0,0,0,0,1,167.64,167.64,125.0,33.0,30.0,0,0,0,0,0,0,0,0,0,0,1,0,0,0,0,1,0,0,0,0,1,0,0,0
Red,False,0.015625,0.0,0.45,0.4275,0.25,0.2,0.148468017578125,0.098388671875,0.0,0.0,66.5,29.6875,64.31230545043945,27.34375,89.75,48.0,85.53125,44.41152191162109,2.0,0.75,2.0546875,0.75,51.1875,18.3359375,49.6123046875,16.280410766601562,7.5,5.07647705078125,7.5,5.0,4.5,3.625,4.984375,3.9375,48.6875,17.0,47.11572265625,16.5,5.75,3.75,5.3125,3.4375,5.0625,3.5,3.875,2.5,99.2119140625,94.125,638.5,0,0,0,0,0,0,0,0,0,0,0,0,0,0,187.96,187.96,155.0,0.0,0.0,0.283125,0.6415625,0.175,0.2728125,0.0625,0.375,0.0,0.0,65.53125,24.5,53.09375,27.46875,83.6875,40.3125,78.0625,49.625,7.46875,2.5,3.34375,1.3125,56.15625,18.46875,45.375,21.5,4.90625,3.0625,6.09375,4.75,4.46875,2.96875,1.625,1.21875,48.53125,15.5625,36.59375,15.6875,13.78125,6.71875,9.0,6.28125,3.21875,2.21875,7.5,5.5,179.96875,146.59375,584.875,13,0,0,2,1,2,4,0,0,0,1,0,1,0,172.72,177.8,155.0,26.0,27.0,0,0,0,0,0,0,1,0,0,0,0,0,0,0,0,0,0,1,0,0,0,0,1,0
Red,False,0.875,0.0625,0.29328125,0.40890625,0.0625,0.265,0.0,0.0625,0.0625,0.625,186.765625,54.515625,150.28125,62.046875,195.0625,62.1875,157.984375,69.21875,0.28125,0.125,7.109375,2.078125,166.0625,42.375,124.9375,42.234375,16.765625,9.75,9.375,4.875,3.9375,2.390625,15.96875,14.9375,178.28125,49.296875,131.890625,48.890625,4.84375,2.703125,16.0,11.5625,3.640625,2.515625,2.390625,1.59375,58.234375,172.109375,879.890625,21,0,0,1,2,3,4,0,0,1,2,0,0,0,177.8,187.96,170.0,0.8203125,0.25,0.3340625,0.610546875,0.0,0.31640625,0.125,0.140625,0.5,0.0,157.0625,49.0859375,146.1328125,92.1875,167.78125,59.3046875,161.96875,106.3984375,0.75,0.0,2.4375,1.1328125,129.46875,32.3515625,104.2109375,60.2265625,21.6640625,11.6484375,28.2734375,19.578125,5.9296875,5.0859375,13.6484375,12.3828125,148.2734375,42.046875,121.4296875,73.5078125,3.890625,2.828125,18.328125,13.3046875,4.8984375,4.2109375,6.375,5.375,65.25,110.4296875,730.5859375,13,0,0,3,2,3,5,0,0,1,0,0,2,0,177.8,190.5,155.0,29.0,29.0,0,0,0,0,0,0,0,0,0,1,0,0,0,0,0,1,0,0,0,0,1,0,0,0
Red,False,0.375,0.0,0.5803125,0.35265625,0.17703125,0.0,0.03125,0.0,0.0,0.0,31.46875,17.28125,39.125,14.09375,34.609375,20.359375,44.703125,18.671875,6.09375,1.5625,0.5,0.0,24.578125,12.078125,27.21875,8.9375,4.359375,3.203125,8.40625,2.671875,2.53125,2.0,3.5,2.484375,24.078125,11.46875,35.5625,11.609375,5.015625,4.0,3.03125,2.03125,2.375,1.8125,0.53125,0.453125,141.28125,4.96875,492.75,11,0,0,1,3,5,2,0,0,0,1,3,1,0,177.8,185.42,205.0,0.0044631958007812,0.010009765625,0.1803999328613281,0.5436354064941407,0.1370380401611328,0.0648193359375,0.0742340087890625,0.0006256103515625,0.0,0.0,57.29823303222656,20.674095153808597,58.12627410888672,18.251182556152344,65.83462524414062,28.238082885742188,62.41234588623047,22.537124633789062,4.252586364746094,1.2075119018554688,2.066650390625,0.134033203125,50.006866455078125,16.552688598632812,47.81087493896485,12.722663879394531,4.953094482421875,2.792671203613281,7.631210327148437,3.783058166503906,2.3382720947265625,1.3287353515625,2.684188842773437,1.7454605102539062,52.06227111816406,16.85668182373047,48.26044464111328,11.066818237304688,2.0688552856445312,1.4324569702148438,3.170379638671875,1.607696533203125,3.1671066284179688,2.384956359863281,6.6954498291015625,5.576667785644531,87.71212768554688,69.79503631591797,519.8776702880859,42,1,5,0,5,13,5,0,0,1,8,3,1,0,187.96,187.96,205.0,33.0,33.0,0,0,0,0,0,1,0,0,0,0,0,0,0,0,0,1,0,0,0,0,1,0,0,0
Red,False,0.0,0.75,0.385,0.42,0.275,0.165,0.0,0.5,0.0,0.25,152.25,59.75,133.75,54.5,168.25,74.75,147.25,66.0,4.0,2.0,2.75,0.5,111.25,35.0,108.0,35.25,21.5,10.25,18.25,12.0,19.5,14.5,7.5,7.25,121.5,40.0,118.75,44.25,21.75,13.5,8.0,6.0,9.0,6.25,7.0,4.25,122.5,125.75,900.0,9,0,1,0,1,1,2,0,0,1,0,0,0,0,180.34,187.96,170.0,0.0,0.5,0.37625,0.414375,0.33875,0.00625,0.3125,0.03125,0.03125,0.0625,29.75,11.53125,53.75,23.125,41.09375,22.09375,63.25,32.46875,1.84375,0.96875,0.40625,0.03125,22.3125,5.71875,37.0,10.96875,4.34375,2.875,5.4375,2.5,3.09375,2.9375,11.3125,9.65625,27.53125,9.9375,40.15625,15.375,1.15625,0.5625,1.84375,1.28125,1.0625,1.03125,11.75,6.46875,118.96875,24.90625,329.75,14,0,0,3,2,2,4,0,0,0,1,0,1,0,182.88,190.5,170.0,31.0,29.0,0,0,0,0,0,0,0,0,0,1,0,0,0,0,0,1,0,0,0,0,0,0,1,0
Red,False,0.015625,0.0,0.45,0.4275,0.25,0.2,0.148468017578125,0.098388671875,0.0,0.0,66.5,29.6875,64.31230545043945,27.34375,89.75,48.0,85.53125,44.41152191162109,2.0,0.75,2.0546875,0.75,51.1875,18.3359375,49.6123046875,16.280410766601562,7.5,5.07647705078125,7.5,5.0,4.5,3.625,4.984375,3.9375,48.6875,17.0,47.11572265625,16.5,5.75,3.75,5.3125,3.4375,5.0625,3.5,3.875,2.5,99.2119140625,94.125,638.5,0,0,0,0,0,0,0,0,0,0,0,0,0,0,162.56,162.56,125.0,0.0,0.0,0.465,0.435,0.5,0.75,0.0,1.0,0.0,0.0,114.5,33.0,75.0,29.0,124.5,41.0,81.5,35.5,2.0,1.0,1.5,1.0,88.0,15.0,56.5,13.5,23.0,15.0,8.5,7.0,3.5,3.0,10.0,8.5,99.0,22.5,59.0,22.0,12.5,9.5,14.5,7.0,3.0,1.0,1.5,0.0,119.0,47.0,599.5,4,0,0,1,1,1,1,0,0,1,0,0,0,0,172.72,170.18,135.0,20.0,29.0,0,0,0,0,0,0,0,0,0,0,1,0,0,0,0,0,0,1,0,0,1,0,0,0
Red,False,0.0,0.0,0.48,0.45875,0.27125,0.125,0.75,0.375,0.375,0.125,60.875,26.875,81.875,38.0,82.125,43.875,95.0,49.875,8.0,1.5,0.5,0.25,45.0,17.375,69.5,29.75,2.875,1.625,9.75,6.25,13.0,7.875,2.625,2.0,44.0,16.25,57.75,22.5,2.25,2.0,10.625,5.75,14.625,8.625,13.5,9.75,303.0,113.875,766.75,10,0,0,1,2,2,2,0,0,0,0,0,2,0,170.18,175.26,135.0,0.75,0.0,0.39,0.39,0.165,0.315,0.75,0.0,0.25,0.0,89.75,37.75,74.25,28.75,103.0,50.0,117.75,71.25,1.5,0.5,5.0,1.0,71.25,23.25,50.25,11.75,11.5,9.75,15.25,11.0,7.0,4.75,8.75,6.0,73.25,23.25,61.25,18.75,12.5,11.5,5.25,3.75,4.0,3.0,7.75,6.25,280.75,69.25,771.5,8,0,2,0,2,2,1,0,0,0,1,1,0,0,167.64,185.42,135.0,32.0,24.0,1,0,0,0,0,0,0,0,0,0,0,0,0,0,0,1,0,0,0,0,0,0,1,0
Red,False,0.75,0.25,0.42,0.3575,0.75,0.26875,1.0,0.75,0.75,0.125,84.625,37.5,75.5,26.5,93.5,45.875,101.0,49.875,1.0,0.75,8.0,2.625,77.75,32.875,61.125,18.25,4.5,3.0,9.125,4.875,2.375,1.625,5.25,3.375,70.5,29.625,67.375,21.75,6.875,2.25,4.875,2.625,7.25,5.625,3.25,2.125,25.375,249.25,711.625,10,0,0,1,1,2,2,0,0,1,0,1,0,0,175.26,180.34,155.0,0.25,0.0,0.405,0.3775,0.12375,0.125,0.0,0.0,0.5,0.125,111.25,45.875,104.375,39.625,122.0,55.5,113.875,48.75,1.625,0.5,2.75,0.5,92.625,32.375,78.75,22.125,9.625,5.75,15.875,10.25,9.0,7.75,9.75,7.25,107.25,44.125,101.375,37.375,3.75,1.5,2.25,1.625,0.25,0.25,0.75,0.625,54.375,38.25,900.0,12,0,1,0,2,3,1,0,0,0,3,0,0,0,167.64,167.64,155.0,33.0,32.0,0,0,0,0,0,0,1,0,0,0,0,0,0,0,0,0,0,0,1,0,0,0,1,0
Blue,False,0.0625,0.00390625,0.60390625,0.4779296875,0.02734375,0.1196875,0.05859375,0.515625,0.0,0.015625,91.77734375,58.1875,78.67578125,35.38671875,111.7421875,77.51171875,90.61328125,46.37109375,0.66796875,0.04296875,2.64453125,1.0546875,67.34765625,35.90234375,63.90234375,23.93359375,22.5078125,20.40234375,9.13671875,6.58984375,1.921875,1.8828125,5.63671875,4.86328125,56.671875,29.9453125,62.91796875,25.2421875,32.8359375,26.96875,13.67578125,8.2578125,2.26953125,1.2734375,2.08203125,1.88671875,155.890625,140.32421875,687.01953125,18,1,1,0,4,6,3,0,0,0,1,4,1,0,190.5,198.12,250.0,0.0985183715820312,0.8129920959472656,0.5092820739746093,0.6684856033325195,0.0078144073486328,0.5292192268371582,0.0020790100097656,0.0039081573486328,0.0,1.9073486328125e-06,36.90787506103516,18.715288162231445,30.08525657653809,19.0672607421875,48.64255332946777,29.938705444335938,40.5445499420166,28.635929107666016,0.0244178771972656,0.0078144073486328,1.3342151641845703,0.6562538146972656,27.75396728515625,11.872396469116213,22.71273422241211,12.39015769958496,4.053546905517578,3.251667022705078,6.110376358032227,5.448251724243164,5.100360870361328,3.591224670410156,1.26214599609375,1.228851318359375,29.556867599487305,13.376897811889648,15.125892639160156,8.36402702331543,5.906930923461914,3.945384979248047,4.440740585327148,3.434625625610352,1.4440765380859375,1.39300537109375,10.51862335205078,7.268608093261719,54.61762046813965,75.81047248840332,359.0662307739258,37,5,1,0,7,14,6,0,0,1,2,9,2,0,190.5,195.58,240.0,38.0,37.0,0,0,0,0,1,0,0,0,0,0,0,0,0,0,0,1,0,0,0,0,1,0,0,0
Red,False,0.015625,0.0,0.45,0.4275,0.25,0.2,0.148468017578125,0.098388671875,0.0,0.0,66.5,29.6875,64.31230545043945,27.34375,89.75,48.0,85.53125,44.41152191162109,2.0,0.75,2.0546875,0.75,51.1875,18.3359375,49.6123046875,16.280410766601562,7.5,5.07647705078125,7.5,5.0,4.5,3.625,4.984375,3.9375,48.6875,17.0,47.11572265625,16.5,5.75,3.75,5.3125,3.4375,5.0625,3.5,3.875,2.5,99.2119140625,94.125,638.5,0,0,0,0,0,0,0,0,0,0,0,0,0,0,177.8,177.8,170.0,0.0471682548522949,0.0,0.45,0.4217682266235352,0.25,0.19173828125,0.1875,0.125,0.0,0.0,69.5,30.5,66.984375,27.8466796875,94.0,48.544921875,88.50390625,44.75,2.0,0.8125,2.015625,0.6640625,54.0,19.01513671875,51.483436584472656,16.9437255859375,7.91796875,5.430633544921875,7.75,5.0625,4.780975341796875,3.9373779296875,4.8994140625,3.84375,51.025390625,18.400863647460938,50.515625,17.5,5.75,3.75,5.5,3.5,5.375,3.6875,4.0,2.65625,104.865234375,89.5,655.8441009521484,0,0,0,0,0,0,0,0,0,0,0,0,0,0,182.88,185.42,155.0,32.0,24.0,0,0,0,0,0,0,0,0,0,1,0,0,0,0,0,1,0,0,0,0,1,0,0,0
Red,False,0.0,0.0,0.5675,0.47875,0.75,0.25,0.25,0.0,0.0,0.5,103.0,61.125,85.5,44.125,138.125,91.25,126.25,79.875,2.625,2.25,1.75,1.0,79.25,42.5,74.5,36.625,22.5,17.5,7.625,4.75,1.25,1.125,3.375,2.75,46.5,20.375,49.125,16.75,22.75,16.625,13.125,8.375,33.75,24.125,23.25,19.0,262.125,301.375,802.25,10,0,1,0,1,2,2,0,0,0,1,1,0,0,187.96,198.12,205.0,0.65380859375,0.25,0.468779296875,0.53884765625,0.17287109375,0.1165234375,0.0068359375,0.03173828125,0.0,0.0,165.3046875,75.6982421875,174.58935546875,89.4970703125,175.2109375,85.2080078125,218.18115234375,131.826171875,4.6484375,0.89453125,3.31591796875,0.59619140625,132.88037109375,54.705078125,143.79345703125,67.70849609375,24.20751953125,14.228515625,14.01904296875,7.6728515625,8.216796875,6.7646484375,16.77685546875,14.11572265625,145.59326171875,64.47265625,130.98291015625,56.19287109375,16.7900390625,8.6357421875,34.80859375,26.0390625,2.92138671875,2.58984375,8.7978515625,7.26513671875,63.962890625,119.89697265625,971.1201171875,27,2,1,0,6,8,4,0,0,0,2,4,2,0,195.58,200.66,205.0,33.0,29.0,0,0,0,0,0,1,0,0,0,0,0,0,0,0,0,1,0,0,0,0,1,0,0,0
Blue,False,0.015625,0.0,0.45,0.4275,0.25,0.2,0.148468017578125,0.098388671875,0.0,0.0,66.5,29.6875,64.31230545043945,27.34375,89.75,48.0,85.53125,44.41152191162109,2.0,0.75,2.0546875,0.75,51.1875,18.3359375,49.6123046875,16.280410766601562,7.5,5.07647705078125,7.5,5.0,4.5,3.625,4.984375,3.9375,48.6875,17.0,47.11572265625,16.5,5.75,3.75,5.3125,3.4375,5.0625,3.5,3.875,2.5,99.2119140625,94.125,638.5,0,0,0,0,0,0,0,0,0,0,0,0,0,0,185.42,195.58,185.0,0.875,0.0,0.6525000000000001,0.54125,0.25,0.3525,0.25,0.0,0.5,0.0,29.625,15.625,37.125,16.75,42.25,28.25,83.125,60.75,1.5,0.5,3.625,1.375,19.375,7.625,27.875,9.375,5.125,3.0,5.5,3.875,5.125,5.0,3.75,3.5,20.125,8.125,21.75,6.0,6.875,4.875,9.0,6.0,2.625,2.625,6.375,4.75,76.5,243.75,501.5,8,0,0,1,1,2,2,0,0,0,0,2,0,0,190.5,190.5,185.0,28.0,28.0,0,0,0,0,0,0,0,1,0,0,0,0,0,0,0,1,0,0,0,0,0,0,1,0
Red,False,0.0,0.0,0.4721875,0.36890625,0.4465625,0.3884375,0.109375,0.0,0.0,0.140625,82.984375,38.625,96.015625,35.203125,99.265625,53.21875,125.625,61.953125,3.0,1.59375,3.828125,1.390625,59.328125,22.65625,67.703125,20.171875,14.28125,8.578125,13.5,6.03125,9.375,7.390625,14.8125,9.0,73.15625,32.546875,79.234375,24.34375,5.328125,3.578125,5.609375,2.125,4.5,2.5,11.171875,8.734375,130.984375,226.796875,852.65625,18,0,0,2,2,3,4,0,0,0,2,0,1,0,175.26,182.88,155.0,0.03125,0.5625,0.5001562500000001,0.3503125,0.55953125,0.2125,0.03125,0.125,0.5,0.5625,76.25,37.875,59.375,21.125,103.734375,61.046875,71.015625,31.921875,8.3125,5.03125,1.5,0.71875,64.421875,30.0,41.015625,8.828125,4.59375,2.859375,9.28125,5.765625,7.234375,5.015625,9.078125,6.53125,51.890625,17.265625,53.8125,18.3125,3.28125,2.28125,2.6875,2.09375,21.078125,18.328125,2.875,0.71875,286.265625,136.28125,881.109375,18,0,3,0,3,5,2,0,0,0,3,1,0,1,172.72,185.42,155.0,30.0,29.0,0,0,0,0,0,0,1,0,0,0,0,0,0,0,0,1,0,0,0,0,1,0,0,0
Red,False,0.03125,0.28125,0.51,0.49875,0.185625,0.1425,0.0625,0.0,0.0625,0.0,60.625,36.96875,88.9375,48.0625,77.90625,53.75,138.40625,93.40625,3.71875,1.0625,1.75,1.0,43.125,21.34375,64.40625,26.375,10.625,9.25,18.9375,16.09375,6.875,6.375,5.59375,5.59375,39.875,19.125,48.40625,18.78125,6.15625,5.15625,23.84375,18.3125,14.59375,12.6875,16.6875,10.96875,226.46875,117.53125,727.4375,13,0,0,2,1,1,5,0,0,0,1,0,0,0,180.34,195.58,185.0,0.09375,0.0,0.52203125,0.56859375,0.0,0.0103125,0.5,0.0,0.0,0.0,23.421875,12.5,49.71875,18.046875,29.109375,16.9375,66.859375,34.4375,0.0,0.0,3.234375,0.03125,15.890625,6.328125,22.796875,8.03125,4.015625,3.90625,18.390625,5.390625,3.515625,2.265625,8.53125,4.625,16.234375,7.578125,42.40625,12.703125,6.375,4.625,7.0625,5.21875,0.8125,0.296875,0.25,0.125,34.28125,75.65625,349.8125,11,0,0,1,3,4,3,0,0,0,0,3,1,0,187.96,190.5,205.0,35.0,30.0,0,0,0,0,0,0,0,1,0,0,0,0,0,0,0,0,0,1,0,0,0,0,1,0
Blue,False,0.0,0.0,0.43,0.33,0.66,0.2,0.0,1.0,0.0,1.0,148.0,65.0,135.0,45.0,161.0,78.0,148.0,56.0,3.0,2.0,5.0,1.0,111.0,40.0,89.0,16.0,25.0,16.0,17.0,9.0,12.0,9.0,29.0,20.0,142.0,61.0,131.0,43.0,3.0,2.0,4.0,2.0,3.0,2.0,0.0,0.0,27.0,46.0,900.0,3,0,0,1,0,0,1,0,0,0,0,0,0,0,182.88,187.96,185.0,0.0,0.5,0.5125,0.57,0.1,0.35,0.75,0.0,0.0,0.0,55.0,33.5,38.75,22.75,82.75,59.5,65.25,47.25,2.25,0.5,4.25,3.25,41.5,23.25,25.75,11.75,5.0,3.5,10.0,8.25,8.5,6.75,3.0,2.75,22.5,7.25,21.25,9.75,2.75,2.75,14.5,12.0,29.75,23.5,3.0,1.0,157.5,254.0,623.0,8,0,0,1,1,1,2,0,0,0,0,1,0,0,185.42,182.88,185.0,26.0,33.0,0,0,0,0,0,0,0,1,0,0,0,0,0,0,0,1,0,0,0,0,0,0,1,0
Red,False,0.125244140625,0.00390625,0.4911016845703125,0.4053179931640625,0.608572998046875,0.06060302734375,1.04388427734375,0.127685546875,0.00048828125,0.0,27.03924560546875,15.970458984375,31.8359375,15.03851318359375,35.9295654296875,23.92205810546875,36.88836669921875,19.1915283203125,1.76385498046875,0.8978271484375,1.451171875,0.37762451171875,17.14385986328125,7.54803466796875,24.709716796875,9.087890625,7.40093994140625,6.20391845703125,5.2293701171875,4.38507080078125,2.49444580078125,2.218505859375,1.8968505859375,1.5655517578125,15.81378173828125,6.9112548828125,25.56329345703125,10.87933349609375,5.52362060546875,4.698486328125,3.27899169921875,2.057373046875,5.70184326171875,4.3607177734375,2.99365234375,2.101806640625,50.8583984375,139.1220703125,295.90966796875,28,0,2,0,4,9,6,0,0,0,1,0,8,0,177.8,187.96,155.0,0.0234375,0.0,0.4144140625,0.4501953125,0.002578125,0.2238671875,0.09765625,0.0,0.0625,0.0078125,118.1015625,47.39453125,131.9375,60.484375,138.45703125,67.11328125,153.03125,78.0625,1.66015625,0.0234375,5.65625,2.71875,99.74609375,32.56640625,84.515625,25.17578125,11.0859375,7.56640625,23.15625,14.63671875,7.26953125,7.26171875,24.265625,20.671875,114.18359375,45.49609375,122.1015625,53.9609375,3.71875,1.8359375,4.84375,2.96484375,0.19921875,0.0625,4.9921875,3.55859375,8.5,250.1953125,907.1796875,22,3,0,1,5,5,4,0,0,1,0,2,2,0,177.8,182.88,155.0,26.0,29.0,0,0,1,0,0,0,0,0,0,0,0,0,0,0,0,1,0,0,0,0,1,0,0,0
Blue,False,6.67572021484375e-05,0.015625,0.3768264079093933,0.2985774803161621,0.5508606934547424,0.1971705079078674,0.2336437702178955,0.1643154621124267,0.1582109928131103,0.0019545555114746,52.969825983047485,22.72241258621216,47.53086805343628,18.02193570137024,60.903300523757935,29.498019218444824,58.766600131988525,28.42789602279663,1.049285888671875,0.6483004093170166,3.047593593597412,0.8232734203338623,44.12011313438416,15.631398677825928,38.260791301727295,12.487173080444336,4.611946105957031,3.435645341873169,6.941256284713745,3.936914443969727,4.237766742706299,3.6553685665130615,2.3288204669952397,1.5978481769561768,40.388344049453735,16.71309494972229,42.036853551864624,13.960756301879885,2.4009127616882324,1.337705135345459,1.7742059230804443,1.160146951675415,10.180569171905518,4.671612501144409,3.719808578491211,2.9010324478149414,80.91733527183533,116.53242564201356,451.41675066947937,53,0,2,0,7,15,8,0,0,1,5,3,6,0,172.72,180.34,155.0,0.5002450942993164,0.0810546875,0.5455950069427491,0.4994302368164062,0.1502283763885498,0.1236829376220703,0.045867919921875,0.010009765625,0.0548257827758789,0.0039234161376953,57.42399978637695,27.12929058074951,96.77492332458496,42.50160598754883,64.49235725402832,33.179725646972656,105.44856262207033,49.28442573547363,1.248784065246582,0.2385768890380859,1.106842041015625,0.3675765991210937,54.93315410614014,25.48415184020996,81.70606231689453,30.456969261169437,1.9028902053833008,1.0649995803833008,11.122861862182615,8.244343757629395,0.5879554748535156,0.58013916015625,3.945999145507813,3.80029296875,39.999070167541504,14.431458473205566,80.85247039794922,33.22401142120361,13.173184394836426,9.561528205871582,15.429262161254885,9.024110794067385,4.251745223999023,3.1363039016723637,0.4931907653808594,0.253483772277832,33.69591426849365,35.29922580718994,359.6507272720337,40,0,3,0,3,13,8,0,0,0,1,4,7,1,177.8,180.34,155.0,32.0,32.0,0,0,0,0,0,0,1,0,0,0,0,0,0,0,0,0,0,1,0,0,1,0,0,0
Blue,False,0.015625,0.0,0.45,0.4275,0.25,0.2,0.148468017578125,0.098388671875,0.0,0.0,66.5,29.6875,64.31230545043945,27.34375,89.75,48.0,85.53125,44.41152191162109,2.0,0.75,2.0546875,0.75,51.1875,18.3359375,49.6123046875,16.280410766601562,7.5,5.07647705078125,7.5,5.0,4.5,3.625,4.984375,3.9375,48.6875,17.0,47.11572265625,16.5,5.75,3.75,5.3125,3.4375,5.0625,3.5,3.875,2.5,99.2119140625,94.125,638.5,0,0,0,0,0,0,0,0,0,0,0,0,0,0,182.88,195.58,155.0,0.0,0.25,0.595,0.4075,0.215,0.3025,0.0,1.0,0.125,0.0,61.0,37.125,65.0,27.375,82.0,55.75,80.75,38.375,3.25,0.75,7.5,1.75,32.125,13.125,55.75,20.25,15.125,11.375,7.125,5.25,13.75,12.625,2.125,1.875,48.75,28.125,56.0,21.375,6.125,4.0,4.375,3.25,6.125,5.0,4.625,2.75,121.625,274.25,615.125,9,0,0,1,1,1,3,0,0,0,1,0,0,0,182.88,180.34,155.0,32.0,29.0,0,0,0,0,0,0,1,0,0,0,0,0,0,0,0,1,0,0,0,0,1,0,0,0
Red,False,0.333984375,0.6259765625,0.373056640625,0.4865576171875,0.1656103515625,0.1962939453125,0.2568359375,0.25439453125,0.083984375,0.00341796875,317.845703125,117.8623046875,121.87109375,61.380859375,341.1484375,138.43408203125,128.8671875,68.05810546875,0.8798828125,0.501953125,1.94580078125,1.2529296875,240.89990234375,67.24951171875,107.9453125,48.90771484375,47.25634765625,28.9541015625,6.763671875,6.43017578125,29.689453125,21.65869140625,7.162109375,6.04296875,282.2314453125,95.75830078125,105.18359375,50.69873046875,28.35107421875,16.0234375,12.9658203125,8.5517578125,7.26318359375,6.08056640625,3.7216796875,2.13037109375,50.6474609375,95.8759765625,1078.3740234375,37,3,0,1,5,7,5,0,0,1,1,4,0,1,187.96,190.5,170.0,0.03125,1.9073486328125e-05,0.7815124106407165,0.3846479511260986,0.3879217624664306,0.2666237735748291,1.5140128135681152,0.0040302276611328,0.2500009536743164,1.0391242504119873,35.87886953353882,26.11180257797241,24.42695260047913,9.273143529891968,136.402405500412,110.45725297927856,41.671897649765015,23.93349313735962,8.704519748687744,2.715336561203003,0.4102795124053955,0.2913820743560791,34.61723613739014,24.976253747940063,19.78713369369507,6.914904832839966,1.0156564712524414,0.9376413822174072,1.8501307964324951,0.5695903301239014,0.2459769248962402,0.1979074478149414,2.7896881103515625,1.7886483669281006,8.043965816497803,3.226299285888672,17.857157468795776,4.751826286315918,1.126011610031128,1.0751967430114746,0.6362094879150391,0.0494861602783203,26.708892107009888,21.810306549072266,5.933585643768311,4.4718310832977295,659.5857343673706,77.82889461517334,871.8929526805878,61,1,5,0,5,17,6,0,0,0,8,1,8,0,185.42,182.88,170.0,32.0,38.0,0,0,0,0,0,0,0,0,0,1,0,0,0,0,0,1,0,0,0,0,0,0,1,0
Blue,False,1.0,0.0,0.4,0.39,0.2,0.12,0.0,0.0,0.0,0.0,129.0,52.0,232.0,92.0,130.0,53.0,237.0,95.0,5.0,1.0,8.0,1.0,109.0,37.0,171.0,54.0,8.0,4.0,26.0,13.0,12.0,11.0,35.0,25.0,116.0,46.0,225.0,87.0,9.0,4.0,7.0,5.0,4.0,2.0,0.0,0.0,44.0,63.0,900.0,3,0,0,1,0,0,1,0,0,0,0,0,0,0,170.18,177.8,145.0,0.0,0.0,0.53,0.26,0.55,0.0,0.0,0.0,0.0,0.0,71.0,38.0,38.0,10.0,221.0,173.0,45.0,16.0,9.0,5.0,0.0,0.0,63.0,31.0,30.0,6.0,7.0,6.0,0.0,0.0,1.0,1.0,8.0,4.0,12.0,6.0,32.0,6.0,2.0,2.0,6.0,4.0,57.0,30.0,0.0,0.0,660.0,0.0,900.0,3,1,1,0,1,1,0,0,0,0,1,0,0,0,170.18,177.8,145.0,29.0,27.0,0,0,1,0,0,0,0,0,0,0,0,0,0,0,0,1,0,0,0,0,1,0,0,0
Red,False,0.0,0.0,0.485,0.4275,0.165,0.1325,0.25,0.75,0.0,0.5,131.0,61.0,152.5,61.75,150.0,75.75,176.5,82.75,2.0,0.5,3.0,0.5,109.0,46.0,121.0,40.25,17.25,10.5,25.5,17.5,4.75,4.5,6.0,4.0,106.0,43.25,133.75,48.25,18.0,11.75,13.75,9.5,7.0,6.0,5.0,4.0,199.5,168.5,737.25,7,0,0,1,2,2,1,0,0,0,1,0,1,0,167.64,162.56,125.0,0.0,0.0,0.4,0.5874999999999999,0.2175,0.525,0.625,2.375,0.375,0.125,82.5,39.25,73.75,43.0,170.75,113.5,120.5,81.75,4.125,1.375,7.125,4.625,54.875,22.75,57.375,30.5,21.625,12.25,14.0,10.25,6.0,4.25,2.375,2.25,40.0,10.625,37.125,19.25,29.25,18.875,18.125,12.0,13.25,9.75,18.5,11.75,257.875,555.625,1047.0,14,0,3,0,3,3,1,0,0,0,1,1,1,0,162.56,165.1,115.0,27.0,22.0,0,0,0,0,0,0,0,0,0,0,0,0,0,1,0,1,0,0,0,0,1,0,0,0
Red,False,0.0,0.5,0.21,0.63,0.0,0.185,0.0,1.0,0.5,0.0,35.0,14.5,36.0,25.0,53.0,31.5,53.0,40.0,0.0,0.0,4.0,1.5,31.5,12.0,33.0,22.0,2.5,1.5,3.0,3.0,1.0,1.0,0.0,0.0,24.5,7.0,20.0,12.0,4.5,2.0,1.5,0.5,6.0,5.5,14.5,12.5,13.5,232.0,386.0,4,0,0,2,0,0,2,0,0,0,0,0,0,0,177.8,182.88,155.0,0.0,0.25,0.40875,0.375,0.035625,0.055,0.0,0.0,0.0,0.125,148.8125,58.125,124.875,45.875,150.3125,59.4375,127.125,47.125,0.5625,0.25,1.5,0.25,128.4375,41.75,88.5,21.0,12.6875,8.75,17.375,9.1875,7.6875,7.625,19.0,15.6875,145.375,56.625,115.25,39.3125,3.375,1.4375,4.5625,3.8125,0.0625,0.0625,5.0625,2.75,31.3125,20.875,715.75,13,1,3,0,3,3,2,0,0,1,2,0,0,0,177.8,180.34,170.0,29.0,30.0,0,0,0,0,0,0,1,0,0,0,0,0,0,0,0,1,0,0,0,0,1,0,0,0
Red,False,0.015625,0.0,0.45,0.4275,0.25,0.2,0.148468017578125,0.098388671875,0.0,0.0,66.5,29.6875,64.31230545043945,27.34375,89.75,48.0,85.53125,44.41152191162109,2.0,0.75,2.0546875,0.75,51.1875,18.3359375,49.6123046875,16.280410766601562,7.5,5.07647705078125,7.5,5.0,4.5,3.625,4.984375,3.9375,48.6875,17.0,47.11572265625,16.5,5.75,3.75,5.3125,3.4375,5.0625,3.5,3.875,2.5,99.2119140625,94.125,638.5,0,0,0,0,0,0,0,0,0,0,0,0,0,0,180.34,180.34,155.0,0.0471682548522949,0.0,0.45,0.4217682266235352,0.25,0.19173828125,0.1875,0.125,0.0,0.0,69.5,30.5,66.984375,27.8466796875,94.0,48.544921875,88.50390625,44.75,2.0,0.8125,2.015625,0.6640625,54.0,19.01513671875,51.483436584472656,16.9437255859375,7.91796875,5.430633544921875,7.75,5.0625,4.780975341796875,3.9373779296875,4.8994140625,3.84375,51.025390625,18.400863647460938,50.515625,17.5,5.75,3.75,5.5,3.5,5.375,3.6875,4.0,2.65625,104.865234375,89.5,655.8441009521484,0,0,0,0,0,0,0,0,0,0,0,0,0,0,180.34,180.34,145.0,34.0,23.0,0,0,0,0,0,0,1,0,0,0,0,0,0,0,0,1,0,0,0,0,1,0,0,0
Red,False,0.064453125,0.0,0.3558837890624999,0.4922607421874999,0.02416015625,0.23119140625,0.015625,0.3203125,0.0,0.001953125,116.14404296875,46.96728515625,92.21435546875,41.5068359375,131.927734375,60.66796875,128.45751953125,75.65478515625,1.2998046875,0.1474609375,5.54638671875,1.28564453125,98.48486328125,32.1064453125,67.43603515625,21.69970703125,16.8818359375,14.41455078125,16.44091796875,12.9892578125,0.77734375,0.4462890625,8.33740234375,6.81787109375,81.7138671875,29.60107421875,66.96044921875,24.73828125,31.9423828125,16.0078125,21.78857421875,13.86572265625,2.48779296875,1.3583984375,3.46533203125,2.90283203125,138.765625,303.28564453125,752.552734375,33,0,1,0,5,8,4,0,0,3,4,1,0,0,170.18,175.26,135.0,1.125,0.0,0.375,0.35125,0.10375,0.0,0.0,0.0,0.0,0.0,70.75,27.375,51.75,17.5,71.875,28.5,52.75,18.5,1.125,0.5,0.0,0.0,64.375,23.375,40.125,11.5,2.625,1.375,5.875,2.75,3.75,2.625,5.75,3.25,66.625,25.0,50.125,16.875,0.75,0.375,1.375,0.625,3.375,2.0,0.25,0.0,12.5,2.125,374.75,8,0,4,0,4,4,0,0,0,0,1,3,0,0,172.72,165.1,135.0,32.0,25.0,1,0,0,0,0,0,0,0,0,0,0,0,0,0,0,1,0,0,0,0,1,0,0,0
Red,False,0.015625,0.0,0.45,0.4275,0.25,0.2,0.148468017578125,0.098388671875,0.0,0.0,66.5,29.6875,64.31230545043945,27.34375,89.75,48.0,85.53125,44.41152191162109,2.0,0.75,2.0546875,0.75,51.1875,18.3359375,49.6123046875,16.280410766601562,7.5,5.07647705078125,7.5,5.0,4.5,3.625,4.984375,3.9375,48.6875,17.0,47.11572265625,16.5,5.75,3.75,5.3125,3.4375,5.0625,3.5,3.875,2.5,99.2119140625,94.125,638.5,0,0,0,0,0,0,0,0,0,0,0,0,0,0,177.8,177.8,145.0,0.0,0.0,0.195,0.505,0.0,0.375,0.0,0.5,0.0,0.0,59.5,12.5,106.5,50.5,72.0,22.5,199.0,135.5,0.0,0.0,5.0,2.0,53.0,9.0,70.0,25.5,5.5,2.5,23.5,14.0,1.0,1.0,13.0,11.0,56.5,11.5,90.0,38.0,2.5,0.5,7.0,5.0,0.5,0.5,9.5,7.5,253.0,256.5,900.0,6,1,0,2,0,0,2,0,0,0,0,0,0,0,175.26,165.1,145.0,23.0,30.0,0,0,1,0,0,0,0,0,0,0,0,0,0,0,0,1,0,0,0,0,0,0,1,0
Blue,False,1.5151748657226562,0.000335693359375,0.5957449054718018,0.5259188079833984,0.4765401744842529,0.0028931999206542,0.785649299621582,1.9073486328125e-06,0.01611328125,0.00048828125,79.51891994476318,45.70356273651123,73.2842435836792,37.761863708496094,91.54381656646729,56.37577152252197,83.48864364624023,44.41152191162109,2.387867927551269,1.2990903854370115,1.206618309020996,0.0200204849243164,55.23294925689697,24.985770225524902,43.10341548919678,14.560006141662598,12.047975540161133,9.17013168334961,19.177186965942383,13.409106254577637,12.237995147705078,11.54766082763672,11.00364112854004,9.79275131225586,61.15122222900391,31.875142097473145,66.36938095092773,33.313321113586426,8.126178741455078,5.161142349243164,5.531648635864258,3.692560195922852,10.2415189743042,8.667278289794922,1.383213996887207,0.7559823989868164,155.37293529510498,16.288055419921875,512.9916591644287,43,1,4,0,8,17,4,0,0,0,6,6,5,0,185.42,185.42,155.0,0.36724853515625,0.0,0.5115038299560547,0.4663032531738281,0.3917733001708984,0.0968814086914062,0.127166748046875,0.0364532470703125,0.0625381469726562,0.0786209106445312,158.1696014404297,80.28571319580078,78.7659912109375,36.32294464111328,194.10885620117188,115.39260864257812,89.3338623046875,46.41249084472656,4.0134124755859375,0.7554855346679688,1.890380859375,0.3306732177734375,102.62537384033205,35.9918212890625,61.17598724365234,22.617210388183597,38.30364227294922,29.61693572998047,11.787353515625,8.59210205078125,17.240585327148438,14.676956176757812,5.802650451660156,5.1136322021484375,118.33822631835938,53.06939697265625,66.33008575439453,29.588478088378903,32.88446044921875,22.701026916503903,12.11993408203125,6.431221008300781,6.9469146728515625,4.515289306640625,0.3159713745117187,0.3032455444335937,280.1489791870117,31.72748565673828,982.9482803344728,49,0,0,1,6,12,6,0,0,3,5,2,2,0,175.26,180.34,170.0,33.0,31.0,0,0,0,0,0,0,0,0,0,1,0,0,0,0,0,1,0,0,0,0,0,0,1,0
Red,False,0.0,0.0,0.415,0.3924999999999999,0.25,0.43,0.5,1.5,0.5,1.0,131.5,47.5,117.75,46.75,158.75,71.5,139.0,65.5,2.75,1.0,3.25,1.5,120.0,40.25,102.5,36.25,7.5,3.75,13.25,9.0,4.0,3.5,2.0,1.5,110.0,35.75,101.5,38.5,5.75,1.5,15.25,7.75,15.75,10.25,1.0,0.5,345.0,138.5,900.0,9,0,0,2,1,1,2,0,0,0,1,0,0,0,167.64,165.1,135.0,0.0,0.0,0.5353125,0.431875,0.333125,0.2428125,0.40625,0.25,0.0,0.0,109.375,58.125,140.25,52.8125,123.3125,71.28125,167.65625,76.59375,3.375,0.65625,2.34375,1.15625,82.28125,35.5625,108.5625,31.84375,18.90625,15.15625,21.65625,13.53125,8.1875,7.40625,10.03125,7.4375,75.53125,34.125,113.375,35.96875,31.6875,22.5625,26.78125,16.8125,2.15625,1.4375,0.09375,0.03125,95.875,141.71875,786.9375,15,0,1,0,2,4,2,0,0,1,1,0,2,0,170.18,170.18,135.0,30.0,27.0,0,0,0,0,0,0,0,0,0,0,1,0,0,0,0,1,0,0,0,0,1,0,0,0
Blue,False,0.015625,0.0,0.45,0.4275,0.25,0.2,0.148468017578125,0.098388671875,0.0,0.0,66.5,29.6875,64.31230545043945,27.34375,89.75,48.0,85.53125,44.41152191162109,2.0,0.75,2.0546875,0.75,51.1875,18.3359375,49.6123046875,16.280410766601562,7.5,5.07647705078125,7.5,5.0,4.5,3.625,4.984375,3.9375,48.6875,17.0,47.11572265625,16.5,5.75,3.75,5.3125,3.4375,5.0625,3.5,3.875,2.5,99.2119140625,94.125,638.5,0,0,0,0,0,0,0,0,0,0,0,0,0,0,177.8,180.34,170.0,0.4375,0.375,0.5,0.4925,0.0625,0.30125,0.125,0.125,0.0,0.5,68.9375,30.75,73.375,41.0,70.875,32.5625,93.9375,57.875,0.0625,0.0625,3.6875,1.25,60.375,24.0625,55.125,26.625,6.9375,5.125,4.75,3.25,1.625,1.5625,13.5,11.125,58.0,23.0625,45.6875,22.625,8.0625,5.0625,5.75,4.625,2.875,2.625,21.9375,13.75,22.3125,144.875,447.625,11,0,2,0,2,3,2,0,0,0,0,3,0,0,190.5,195.58,170.0,24.0,31.0,0,0,0,0,0,0,0,0,0,1,0,0,0,0,0,1,0,0,0,0,1,0,0,0
Red,False,0.521484375,0.0,0.426171875,0.45896484375,0.082421875,0.211875,0.13671875,0.078125,0.0625,0.125,54.337890625,26.1640625,54.041015625,23.345703125,67.58203125,38.34765625,61.716796875,30.333984375,1.634765625,0.673828125,3.220703125,1.65625,50.373046875,23.37890625,46.962890625,16.9921875,3.9609375,2.78125,5.3515625,4.751953125,0.00390625,0.00390625,1.7265625,1.6015625,40.591796875,17.11328125,41.5625,14.8203125,5.298828125,3.40234375,9.697265625,6.275390625,8.447265625,5.6484375,2.78125,2.25,74.783203125,77.12890625,357.751953125,22,1,5,0,5,8,2,0,0,0,1,3,3,1,187.96,193.04,205.0,0.47552490234375,0.0,0.6912228393554687,0.2102978515625,0.3161959838867187,0.0467459106445312,0.0039520263671875,0.389923095703125,1.52587890625e-05,1.52587890625e-05,29.161666870117188,17.619796752929688,13.750778198242188,5.971343994140625,35.15190124511719,23.126129150390625,20.4578857421875,12.162734985351562,0.839630126953125,0.6491241455078125,1.635162353515625,0.3769683837890625,25.29473876953125,14.412384033203123,10.2177734375,3.519805908203125,1.578460693359375,1.2452545166015625,0.9602813720703124,0.35272216796875,2.2884674072265625,1.962158203125,2.572723388671875,2.09881591796875,14.945632934570312,6.6131591796875,9.486419677734377,2.7876434326171875,4.8063812255859375,3.43408203125,1.6167449951171875,1.1825714111328125,9.409652709960938,7.5725555419921875,2.647613525390625,2.001129150390625,97.81552124023438,83.67892456054688,249.22271728515625,30,1,1,0,3,12,5,0,0,0,2,10,0,0,187.96,198.12,205.0,36.0,32.0,0,0,0,0,0,1,0,0,0,0,0,0,0,0,0,1,0,0,0,0,1,0,0,0
Red,False,0.015625,0.0,0.45,0.4275,0.25,0.2,0.148468017578125,0.098388671875,0.0,0.0,66.5,29.6875,64.31230545043945,27.34375,89.75,48.0,85.53125,44.41152191162109,2.0,0.75,2.0546875,0.75,51.1875,18.3359375,49.6123046875,16.280410766601562,7.5,5.07647705078125,7.5,5.0,4.5,3.625,4.984375,3.9375,48.6875,17.0,47.11572265625,16.5,5.75,3.75,5.3125,3.4375,5.0625,3.5,3.875,2.5,99.2119140625,94.125,638.5,0,0,0,0,0,0,0,0,0,0,0,0,0,0,182.88,182.88,170.0,0.751953125,0.0,0.471455078125,0.424267578125,0.150390625,0.76564453125,0.1328125,0.25,0.005859375,0.0009765625,70.626953125,33.1826171875,64.9453125,24.0947265625,79.533203125,41.8359375,68.16796875,26.9814453125,0.908203125,0.3203125,2.7412109375,1.84765625,50.1494140625,20.5390625,50.1279296875,14.783203125,16.552734375,8.876953125,8.7841796875,4.662109375,3.9248046875,3.7666015625,6.033203125,4.6494140625,62.6103515625,28.0927734375,56.65234375,18.4853515625,4.90625,3.0322265625,7.58203125,5.044921875,3.1103515625,2.0576171875,0.7109375,0.564453125,41.412109375,68.0205078125,398.123046875,26,0,2,0,4,7,4,0,0,1,2,3,1,0,187.96,190.5,170.0,27.0,32.0,0,0,0,0,0,0,0,0,0,1,0,0,0,0,0,1,0,0,0,0,1,0,0,0
Blue,False,0.4921875,0.0,0.54078125,0.457890625,0.021875,0.57125,0.0,1.015625,0.5,0.0,93.578125,42.640625,91.234375,45.3515625,100.1015625,49.1484375,100.5234375,52.125,0.5546875,0.046875,1.59375,1.0,76.0546875,32.34375,77.5390625,37.3671875,10.84375,6.2421875,7.5625,4.9609375,6.6796875,4.0546875,6.1328125,3.0234375,86.53125,37.328125,78.3828125,35.53125,2.890625,2.140625,6.8359375,5.3203125,4.15625,3.171875,6.015625,4.5,27.5078125,75.15625,394.4453125,13,2,7,0,7,7,1,0,0,0,1,6,0,0,175.26,187.96,155.0,0.0020756721496582,0.047149658203125,0.4522415924072265,0.4317638063430786,0.5318299913406372,0.4505539464950561,1.0848445892333984,4.0531158447265625e-05,0.016387939453125,0.5005068778991699,173.57793617248535,82.9974946975708,167.86863803863525,69.89525365829468,190.7470703125,96.99357748031616,179.23192882537842,80.45892858505249,0.7120532989501953,0.5320820808410645,1.3986215591430664,0.7353734970092773,154.0615210533142,71.27275371551514,120.31692695617676,42.48429012298584,11.593742847442629,7.185836791992188,24.94873809814453,12.018386363983154,7.922672271728516,4.538904190063477,22.602972984313965,15.392577171325684,160.17890644073486,72.16408014297485,153.5692262649536,59.85201406478882,9.793293952941896,8.259844303131104,3.9216694831848153,2.727611541748047,3.6057357788085938,2.573570251464844,10.377742290496826,7.315628051757812,39.52536964416504,105.52670097351074,673.1515693664551,52,2,5,0,5,14,8,0,0,1,2,2,9,0,182.88,193.04,170.0,28.0,31.0,0,0,0,0,0,0,0,0,0,1,0,0,0,0,0,0,0,1,0,0,0,0,1,0
Red,False,0.015625,0.0,0.45,0.4275,0.25,0.2,0.148468017578125,0.098388671875,0.0,0.0,66.5,29.6875,64.31230545043945,27.34375,89.75,48.0,85.53125,44.41152191162109,2.0,0.75,2.0546875,0.75,51.1875,18.3359375,49.6123046875,16.280410766601562,7.5,5.07647705078125,7.5,5.0,4.5,3.625,4.984375,3.9375,48.6875,17.0,47.11572265625,16.5,5.75,3.75,5.3125,3.4375,5.0625,3.5,3.875,2.5,99.2119140625,94.125,638.5,0,0,0,0,0,0,0,0,0,0,0,0,0,0,180.34,193.04,170.0,0.5,0.0,0.650625,0.563125,0.513125,0.0,0.5625,0.5,0.0,0.125,28.8125,15.375,19.75,11.5,85.3125,61.5625,37.3125,26.1875,7.125,3.4375,0.0,0.0,25.6875,13.25,13.6875,6.75,2.6875,1.6875,2.4375,1.125,0.4375,0.4375,3.625,3.625,9.4375,3.1875,11.5625,5.1875,1.5,1.0625,0.75,0.375,17.875,11.125,7.4375,5.9375,421.5,5.375,529.5,11,0,3,0,3,4,1,0,0,0,1,1,2,0,180.34,182.88,170.0,30.0,28.0,0,0,0,0,0,0,0,0,0,1,0,0,0,0,0,1,0,0,0,0,1,0,0,0
Blue,False,0.0,0.25,0.5725,0.4649999999999999,0.5,0.1875,0.0,0.0,0.0,0.0,93.75,43.25,84.5,42.75,115.0,62.0,128.75,80.0,1.0,1.0,1.5,0.75,79.25,34.0,59.75,26.0,7.25,3.0,14.5,8.0,7.25,6.25,10.25,8.75,71.5,26.25,63.0,31.0,10.25,6.75,14.75,8.25,12.0,10.25,6.75,3.5,34.25,192.5,528.0,7,0,0,2,1,1,2,0,0,0,0,1,0,0,170.18,170.18,125.0,0.0,0.0,0.36875,0.3625,0.2324999999999999,0.6125,0.625,0.125,0.0,0.125,165.75,60.625,180.125,64.25,210.125,97.875,212.25,92.0,6.0,1.125,2.125,1.25,151.625,51.125,154.0,44.875,6.875,4.0,11.75,7.625,7.25,5.5,14.375,11.75,146.0,46.875,166.0,52.75,11.875,7.75,7.625,6.5,7.875,6.0,6.5,5.0,197.625,179.0,900.0,12,0,0,1,1,2,2,0,0,0,2,0,0,0,162.56,160.02,115.0,29.0,31.0,0,0,0,0,0,0,0,0,0,0,0,0,0,1,0,1,0,0,0,0,1,0,0,0
Blue,False,0.1875,0.015625,0.4245703125,0.3969921875,0.25,0.262734375,0.0,1.03125,0.01171875,0.0,120.64453125,50.546875,125.9296875,49.0078125,129.10546875,58.953125,135.8046875,58.5234375,1.5,0.5,2.36328125,0.6484375,84.5703125,23.80859375,102.109375,31.5859375,11.21484375,7.98046875,13.625,9.9765625,24.859375,18.7578125,10.1953125,7.4453125,111.60546875,45.06640625,112.328125,38.47265625,6.65625,3.47265625,13.3984375,10.33203125,2.3828125,2.0078125,0.203125,0.203125,72.16796875,119.8984375,790.171875,22,0,0,1,2,4,5,0,0,1,1,2,0,0,180.34,182.88,170.0,0.001953125,1.5,0.5666650390625,0.606461181640625,0.4459130859375,0.493492431640625,1.015625,0.0675048828125,0.0313720703125,0.255859375,157.2410888671875,99.329345703125,83.9127197265625,48.835693359375,203.6522216796875,141.255615234375,104.869384765625,68.35302734375,5.8846435546875,2.64599609375,2.99072265625,1.5341796875,140.935302734375,86.625244140625,70.8291015625,38.16162109375,11.787353515625,9.7261962890625,4.5474853515625,3.271240234375,4.5184326171875,2.9779052734375,8.5361328125,7.40283203125,80.6123046875,32.62109375,46.457763671875,20.71142578125,14.9197998046875,12.439697265625,8.1689453125,5.0274658203125,61.708984375,54.2685546875,29.2860107421875,23.0968017578125,197.4930419921875,301.8978271484375,874.6636962890625,39,0,1,0,7,11,3,0,0,1,5,4,1,0,190.5,203.2,170.0,29.0,29.0,0,0,0,0,0,0,0,0,0,1,0,0,0,0,0,1,0,0,0,0,1,0,0,0
Blue,False,0.015625,0.0,0.45,0.4275,0.25,0.2,0.148468017578125,0.098388671875,0.0,0.0,66.5,29.6875,64.31230545043945,27.34375,89.75,48.0,85.53125,44.41152191162109,2.0,0.75,2.0546875,0.75,51.1875,18.3359375,49.6123046875,16.280410766601562,7.5,5.07647705078125,7.5,5.0,4.5,3.625,4.984375,3.9375,48.6875,17.0,47.11572265625,16.5,5.75,3.75,5.3125,3.4375,5.0625,3.5,3.875,2.5,99.2119140625,94.125,638.5,0,0,0,0,0,0,0,0,0,0,0,0,0,0,182.88,187.96,185.0,0.0,1.0,0.55,0.5,0.5,0.2,0.0,0.0,1.0,0.0,27.0,15.0,54.0,27.0,40.0,28.0,61.0,34.0,2.0,1.0,5.0,1.0,19.0,12.0,45.0,21.0,5.0,3.0,9.0,6.0,3.0,0.0,0.0,0.0,12.0,3.0,25.0,12.0,13.0,11.0,19.0,10.0,2.0,1.0,10.0,5.0,83.0,156.0,366.0,2,0,0,1,0,0,1,0,0,0,0,0,0,0,190.5,190.5,185.0,22.0,32.0,0,0,0,0,0,0,0,1,0,0,0,0,0,0,0,0,0,1,0,0,1,0,0,0
Blue,False,0.0,0.0,0.47,0.35,0.33,0.0,0.0,0.0,0.0,0.0,101.0,48.0,127.0,45.0,128.0,75.0,169.0,83.0,3.0,1.0,0.0,0.0,78.0,30.0,113.0,34.0,19.0,14.0,9.0,6.0,4.0,4.0,5.0,5.0,89.0,37.0,111.0,33.0,12.0,11.0,16.0,12.0,0.0,0.0,0.0,0.0,77.0,224.0,900.0,3,0,0,1,0,0,1,0,0,0,0,0,0,0,190.5,198.12,249.0,0.0,0.0,0.5275,0.5425,0.2925,0.0,0.0,0.0,0.0,0.0,42.25,19.25,69.75,36.5,100.75,66.0,78.0,44.0,12.0,3.75,1.5,0.0,35.5,13.25,61.75,29.75,4.25,3.75,5.5,4.75,2.5,2.25,2.5,2.0,24.75,7.0,42.25,15.75,4.75,2.5,7.25,6.5,12.75,9.75,20.25,14.25,398.75,45.75,787.5,9,0,0,1,1,1,2,0,0,0,1,0,0,0,190.5,195.58,240.0,30.0,26.0,0,0,0,0,1,0,0,0,0,0,0,0,0,0,0,1,0,0,0,0,1,0,0,0
Red,False,0.75,0.25,0.6224999999999999,0.4925,0.4599999999999999,0.0,0.0,0.0,0.0,0.0,53.25,26.5,74.0,38.25,78.0,49.5,87.5,50.0,8.0,4.0,0.75,0.0,42.25,19.0,53.0,22.5,9.5,6.0,18.75,14.0,1.5,1.5,2.25,1.75,21.25,8.0,41.5,16.5,21.5,11.75,27.0,16.75,10.5,6.75,5.5,5.0,322.5,51.75,617.5,7,0,0,1,1,1,2,0,0,0,0,1,0,0,177.8,187.96,170.0,0.0,0.505859375,0.40369140625,0.4610937499999999,0.14345703125,0.0738476562499999,0.2578125,0.375,0.0,0.0,132.26171875,51.98046875,94.705078125,40.052734375,159.6875,75.1875,97.330078125,42.630859375,6.830078125,1.146484375,0.998046875,0.505859375,100.984375,31.63671875,79.29296875,30.6875,18.00390625,9.607421875,11.443359375,5.736328125,13.2734375,10.736328125,3.96875,3.62890625,120.2109375,43.4296875,82.96875,34.4609375,4.63671875,2.5625,8.603515625,3.712890625,7.4140625,5.98828125,3.1328125,1.87890625,143.654296875,13.32421875,576.33203125,27,1,3,0,3,6,4,0,0,1,3,0,2,0,180.34,190.5,170.0,28.0,31.0,0,0,0,0,0,0,0,0,0,1,0,0,0,0,0,1,0,0,0,0,1,0,0,0
Red,False,0.25,0.0001220703125,0.5768338012695312,0.2881280517578125,0.59375,0.3446868896484375,0.2662353515625,0.067474365234375,3.0517578125e-05,0.00390625,75.72982788085938,39.082275390625,68.78506469726562,26.2760009765625,105.00726318359376,59.8687744140625,85.032470703125,41.0638427734375,1.0489501953125,0.875,2.553314208984375,0.818939208984375,62.61334228515625,28.704254150390625,40.44512939453125,9.197052001953123,4.72808837890625,3.31451416015625,14.976593017578123,6.530853271484375,8.388397216796875,7.063507080078125,13.36334228515625,10.548095703125,62.58200073242188,28.966217041015625,60.10235595703125,20.133087158203125,8.4444580078125,6.944183349609375,6.46173095703125,4.997711181640625,4.703369140625,3.171875,2.220977783203125,1.14520263671875,207.92697143554688,41.06488037109375,631.9464721679688,40,0,2,0,4,9,7,0,0,2,4,1,1,1,187.96,190.5,185.0,0.09429931640625,0.12506103515625,0.319853515625,0.4316815185546875,0.1372833251953125,0.0003466796875,0.2762451171875,0.0003662109375,0.0,0.00390625,95.86737060546876,32.8634033203125,168.129638671875,74.5001220703125,99.16717529296876,35.5528564453125,180.68231201171875,85.26275634765625,6.5870361328125,0.480712890625,0.06591796875,0.00244140625,79.73223876953125,21.83380126953125,139.21051025390625,49.54034423828125,5.82940673828125,2.60107421875,8.9609375,7.6226806640625,10.30572509765625,8.42852783203125,19.95819091796875,17.33709716796875,89.15167236328125,30.11474609375,155.54888916015625,64.10284423828125,5.96527099609375,2.2823486328125,7.4449462890625,6.4276123046875,0.75042724609375,0.46630859375,5.13580322265625,3.96966552734375,95.00653076171876,128.602783203125,940.279296875,39,1,0,1,5,10,5,0,0,1,3,2,4,0,185.42,198.12,185.0,29.0,34.0,0,0,0,0,0,0,0,1,0,0,0,0,0,0,0,1,0,0,0,0,1,0,0,0
Red,False,0.015625,0.0,0.45,0.4275,0.25,0.2,0.148468017578125,0.098388671875,0.0,0.0,66.5,29.6875,64.31230545043945,27.34375,89.75,48.0,85.53125,44.41152191162109,2.0,0.75,2.0546875,0.75,51.1875,18.3359375,49.6123046875,16.280410766601562,7.5,5.07647705078125,7.5,5.0,4.5,3.625,4.984375,3.9375,48.6875,17.0,47.11572265625,16.5,5.75,3.75,5.3125,3.4375,5.0625,3.5,3.875,2.5,99.2119140625,94.125,638.5,0,0,0,0,0,0,0,0,0,0,0,0,0,0,180.34,180.34,185.0,0.0,0.3125,0.581875,0.5087499999999999,0.225,0.06875,0.3125,0.53125,0.25,0.0,54.4375,35.9375,45.75,21.53125,113.8125,91.71875,52.4375,27.84375,2.53125,0.8125,1.3125,0.21875,42.84375,25.1875,34.6875,11.25,8.0625,7.34375,9.59375,8.8125,3.53125,3.40625,1.46875,1.46875,27.09375,13.125,34.46875,11.21875,8.90625,7.125,10.40625,9.4375,18.4375,15.6875,0.875,0.875,421.0,45.59375,629.3125,14,0,0,1,1,3,3,0,0,1,2,0,0,0,190.5,190.5,185.0,22.0,35.0,0,0,0,0,0,0,0,1,0,0,0,0,0,0,0,1,0,0,0,0,1,0,0,0
Red,False,0.75,0.0,0.36875,0.5862499999999999,0.26875,0.131875,0.625,0.25,0.0625,0.0625,101.75,35.8125,81.4375,32.4375,117.5625,49.0,90.75,41.25,2.0,0.8125,1.1875,0.1875,85.375,24.75,56.625,17.25,11.1875,6.4375,13.125,6.5,5.1875,4.625,11.6875,8.6875,87.625,27.875,74.125,28.3125,9.0,5.0625,5.125,2.4375,5.125,2.875,2.1875,1.6875,148.8125,24.3125,606.6875,10,0,2,0,2,4,1,0,0,0,2,1,1,0,182.88,190.5,185.0,0.8125,0.15625,0.495,0.3915625,0.020625,0.296875,0.0,0.0,0.0,0.0625,81.84375,39.34375,86.875,34.34375,83.5625,40.9375,90.90625,37.40625,0.5625,0.0625,3.0625,0.78125,69.34375,31.34375,69.9375,23.34375,7.15625,3.03125,9.5,5.125,5.34375,4.96875,7.4375,5.875,72.125,34.53125,81.59375,30.4375,6.5,2.71875,1.9375,1.46875,3.21875,2.09375,3.34375,2.4375,16.875,33.0,341.5,11,0,0,1,2,4,2,0,0,0,1,3,0,0,182.88,185.42,170.0,32.0,29.0,0,0,0,0,0,0,0,0,0,1,0,0,0,0,0,0,0,1,0,0,1,0,0,0
Red,False,0.125,0.0625,0.558125,0.4584375,0.098125,0.671875,0.796875,0.015625,0.0,0.25,26.0,11.9375,43.859375,18.046875,32.625,18.5625,57.015625,30.5625,1.546875,0.515625,2.359375,1.796875,16.671875,5.875,31.453125,9.09375,6.6875,4.1875,5.921875,3.03125,2.640625,1.875,6.484375,5.921875,22.484375,8.953125,37.9375,13.265625,3.09375,2.5625,3.53125,2.53125,0.421875,0.421875,2.390625,2.25,35.984375,113.109375,368.0,12,1,3,0,3,4,3,0,0,0,1,2,1,0,170.18,185.42,145.0,0.0986328125,0.6318359375,0.56953125,0.479228515625,0.485625,0.0712890625,0.6689453125,0.1728515625,0.017578125,0.625,79.7236328125,46.724609375,44.8046875,21.384765625,124.146484375,88.2080078125,54.994140625,30.97265625,5.306640625,2.6982421875,4.3759765625,0.5048828125,65.546875,36.0576171875,33.5146484375,13.2763671875,7.2109375,4.6015625,5.791015625,4.30859375,6.9658203125,6.0654296875,5.4990234375,3.7998046875,44.0712890625,16.451171875,35.4169921875,13.6689453125,10.626953125,6.6875,5.8974609375,4.5029296875,25.025390625,23.5859375,3.490234375,3.212890625,245.9755859375,239.3505859375,713.1689453125,26,1,0,1,7,8,3,0,0,2,3,1,2,0,167.64,167.64,155.0,32.0,29.0,0,0,1,0,0,0,0,0,0,0,0,0,0,0,0,1,0,0,0,0,1,0,0,0
Red,False,0.015625,0.0,0.45,0.4275,0.25,0.2,0.148468017578125,0.098388671875,0.0,0.0,66.5,29.6875,64.31230545043945,27.34375,89.75,48.0,85.53125,44.41152191162109,2.0,0.75,2.0546875,0.75,51.1875,18.3359375,49.6123046875,16.280410766601562,7.5,5.07647705078125,7.5,5.0,4.5,3.625,4.984375,3.9375,48.6875,17.0,47.11572265625,16.5,5.75,3.75,5.3125,3.4375,5.0625,3.5,3.875,2.5,99.2119140625,94.125,638.5,0,0,0,0,0,0,0,0,0,0,0,0,0,0,152.4,152.4,115.0,0.0,0.25,0.3824999999999999,0.485,0.165,0.75,0.75,1.0,0.0,0.0,90.75,34.25,80.25,39.5,110.25,50.25,99.0,54.75,1.5,0.5,0.75,0.75,72.0,20.25,56.5,21.0,17.0,13.0,15.75,11.0,1.75,1.0,8.0,7.5,81.5,26.75,70.0,33.0,2.25,1.0,4.0,1.75,7.0,6.5,6.25,4.75,131.75,202.5,697.5,7,0,1,0,1,2,1,0,0,0,1,0,1,0,170.18,170.18,125.0,26.0,24.0,0,0,0,0,0,0,0,0,0,0,0,0,0,1,0,1,0,0,0,0,1,0,0,0
Red,False,0.515625,0.13330078125,0.4844140625,0.331396484375,0.59861328125,0.556434326171875,0.022216796875,0.6644287109375,0.591064453125,0.0167236328125,125.296875,71.0858154296875,101.1807861328125,30.0223388671875,134.5771484375,79.495361328125,111.109619140625,38.8948974609375,3.26611328125,2.76611328125,2.539794921875,1.83154296875,91.759033203125,44.74755859375,85.30224609375,20.0294189453125,23.0767822265625,16.869873046875,10.16552734375,5.1214599609375,10.4610595703125,9.4683837890625,5.7130126953125,4.8714599609375,105.8878173828125,56.3504638671875,95.4696044921875,26.323486328125,12.551025390625,9.0584716796875,3.2208251953125,1.9390869140625,6.8580322265625,5.6768798828125,2.4903564453125,1.759765625,125.8770751953125,121.5755615234375,781.941650390625,36,0,0,2,2,7,7,0,0,2,3,0,2,0,177.8,185.42,145.0,0.5,0.0,0.48,0.3525,0.72125,0.37625,0.875,0.0,0.25,0.0,75.375,36.75,54.125,19.25,94.875,53.5,86.125,45.5,4.125,1.875,3.625,1.375,53.0,18.875,41.25,11.875,12.75,9.5,6.875,4.875,9.625,8.375,6.0,2.5,57.625,26.0,41.5,12.75,5.0,2.625,4.5,2.0,12.75,8.125,8.125,4.5,158.5,176.875,667.5,11,1,4,0,4,4,0,0,0,1,2,1,0,0,180.34,180.34,145.0,28.0,23.0,0,0,1,0,0,0,0,0,0,0,0,0,0,0,0,0,0,1,0,0,1,0,0,0
Red,False,0.015625,0.0,0.45,0.4275,0.25,0.2,0.148468017578125,0.098388671875,0.0,0.0,66.5,29.6875,64.31230545043945,27.34375,89.75,48.0,85.53125,44.41152191162109,2.0,0.75,2.0546875,0.75,51.1875,18.3359375,49.6123046875,16.280410766601562,7.5,5.07647705078125,7.5,5.0,4.5,3.625,4.984375,3.9375,48.6875,17.0,47.11572265625,16.5,5.75,3.75,5.3125,3.4375,5.0625,3.5,3.875,2.5,99.2119140625,94.125,638.5,0,0,0,0,0,0,0,0,0,0,0,0,0,0,182.88,182.88,155.0,1.0,0.0,0.61,0.38,1.0,0.0,0.0,0.0,0.0,0.0,62.0,38.0,34.0,13.0,65.0,41.0,38.0,17.0,1.0,1.0,4.0,0.0,34.0,15.0,22.0,3.0,5.0,3.0,7.0,5.0,23.0,20.0,5.0,5.0,57.0,34.0,32.0,12.0,0.0,0.0,1.0,0.0,5.0,4.0,1.0,1.0,29.0,19.0,386.0,2,0,1,0,1,1,0,0,0,0,0,1,0,0,175.26,185.42,155.0,37.0,27.0,0,0,0,0,0,0,1,0,0,0,0,0,0,0,0,1,0,0,0,0,0,0,1,0
Red,False,0.0,0.0,0.26,0.53,0.0,0.55,0.0,0.0,0.0,0.0,38.0,10.0,71.0,38.0,45.0,16.0,221.0,173.0,0.0,0.0,9.0,5.0,30.0,6.0,63.0,31.0,0.0,0.0,7.0,6.0,8.0,4.0,1.0,1.0,32.0,6.0,12.0,6.0,6.0,4.0,2.0,2.0,0.0,0.0,57.0,30.0,0.0,660.0,900.0,3,1,0,1,0,0,1,0,0,0,0,0,0,0,177.8,177.8,145.0,1.5,0.0,0.52,0.345,0.0,0.7,0.0,0.0,0.0,0.0,109.5,57.5,113.5,39.0,112.0,60.0,138.5,62.0,0.5,0.0,3.0,1.5,88.0,40.5,96.0,29.5,12.5,8.5,13.0,6.5,9.0,8.5,4.5,3.0,96.5,52.0,100.5,31.5,8.5,3.0,12.0,7.5,4.5,2.5,1.0,0.0,9.0,134.5,617.0,5,0,0,1,1,1,1,0,0,0,0,1,0,0,170.18,175.26,135.0,25.0,25.0,0,0,1,0,0,0,0,0,0,0,0,0,0,0,0,1,0,0,0,0,0,0,1,0
Blue,False,0.015625,0.0,0.45,0.4275,0.25,0.2,0.148468017578125,0.098388671875,0.0,0.0,66.5,29.6875,64.31230545043945,27.34375,89.75,48.0,85.53125,44.41152191162109,2.0,0.75,2.0546875,0.75,51.1875,18.3359375,49.6123046875,16.280410766601562,7.5,5.07647705078125,7.5,5.0,4.5,3.625,4.984375,3.9375,48.6875,17.0,47.11572265625,16.5,5.75,3.75,5.3125,3.4375,5.0625,3.5,3.875,2.5,99.2119140625,94.125,638.5,0,0,0,0,0,0,0,0,0,0,0,0,0,0,193.04,203.2,205.0,0.0471682548522949,0.0,0.45,0.4217682266235352,0.25,0.19173828125,0.1875,0.125,0.0,0.0,69.5,30.5,66.984375,27.8466796875,94.0,48.544921875,88.50390625,44.75,2.0,0.8125,2.015625,0.6640625,54.0,19.01513671875,51.483436584472656,16.9437255859375,7.91796875,5.430633544921875,7.75,5.0625,4.780975341796875,3.9373779296875,4.8994140625,3.84375,51.025390625,18.400863647460938,50.515625,17.5,5.75,3.75,5.5,3.5,5.375,3.6875,4.0,2.65625,104.865234375,89.5,655.8441009521484,0,0,0,0,0,0,0,0,0,0,0,0,0,0,193.04,198.12,250.0,27.0,26.0,0,0,0,0,1,0,0,0,0,0,0,0,0,0,0,1,0,0,0,0,1,0,0,0
Red,False,0.0,0.0625,0.560625,0.67875,0.320625,0.41875,0.125,0.875,0.5,0.0,32.8125,18.9375,63.875,44.375,65.625,49.75,112.3125,89.4375,8.3125,2.75,3.125,2.1875,26.75,14.625,53.625,35.75,4.0,2.75,4.75,3.625,2.0625,1.5625,5.5,5.0,22.0625,9.25,28.625,11.25,1.0,0.9375,6.9375,5.625,9.75,8.75,28.3125,27.5,516.25,164.0625,865.625,14,0,1,0,2,3,2,0,0,0,2,0,1,0,170.18,175.26,145.0,1.044921875,0.0,0.4791796875,0.39974609375,0.05078125,0.0999609375,0.001953125,1.001953125,0.0,0.03125,138.345703125,67.42578125,161.998046875,65.6875,151.099609375,79.3125,192.91015625,90.794921875,0.822265625,0.068359375,2.939453125,1.0859375,95.7734375,33.828125,132.408203125,44.431640625,19.80078125,15.341796875,16.615234375,11.1875,22.771484375,18.255859375,12.974609375,10.068359375,115.65234375,50.607421875,142.8984375,53.958984375,2.00390625,1.841796875,3.7265625,1.71875,20.689453125,14.9765625,15.373046875,10.009765625,95.673828125,166.482421875,982.69140625,29,0,0,1,6,7,3,0,0,0,3,4,0,0,172.72,177.8,145.0,38.0,32.0,0,0,1,0,0,0,0,0,0,0,0,0,0,0,0,1,0,0,0,0,1,0,0,0
Red,False,0.5,0.0,0.4,0.1699999999999999,0.375,0.0,0.0,0.0,0.0,0.0,51.5,11.5,42.5,8.0,54.5,13.5,48.0,13.0,5.0,1.5,0.0,0.0,44.5,8.5,34.5,4.5,5.0,1.5,2.5,0.5,2.0,1.5,5.5,3.0,48.0,10.5,41.0,7.0,3.5,1.0,1.5,1.0,0.0,0.0,0.0,0.0,23.0,1.0,369.0,4,0,2,0,2,2,0,0,0,0,0,2,0,0,160.02,165.1,125.0,0.25,0.0,0.2275,0.51,0.25,0.3325,0.25,2.25,0.5,0.25,41.25,12.0,50.0,22.25,43.0,13.75,72.5,39.0,0.75,0.25,1.25,0.75,38.0,10.5,42.75,17.25,2.0,1.0,5.25,3.75,1.25,0.5,2.0,1.25,35.75,9.0,40.0,16.25,0.5,0.25,0.75,0.75,5.0,2.75,9.25,5.25,40.75,156.0,318.75,5,0,0,1,1,1,2,0,0,0,0,1,0,0,165.1,172.72,125.0,36.0,26.0,0,0,0,1,0,0,0,0,0,0,0,0,0,0,0,1,0,0,0,0,1,0,0,0
Blue,False,0.0,0.0,0.42,0.4,0.0,0.055,0.0,0.0,0.0,0.5,215.0,92.5,126.0,52.0,262.5,134.0,172.0,95.0,0.5,0.0,12.0,0.5,176.5,63.5,98.5,33.5,23.5,17.0,17.5,9.5,15.0,12.0,10.0,9.0,179.5,66.0,116.5,46.0,29.5,21.5,9.5,6.0,6.0,5.0,0.0,0.0,66.5,309.5,900.0,6,0,2,0,2,2,0,0,0,0,2,0,0,0,160.02,162.56,115.0,0.0,0.0,0.38375,0.425,0.61625,0.08875,1.125,0.125,0.0,0.0,116.125,42.375,87.0,39.75,133.125,55.375,127.5,75.125,5.0,3.25,1.875,0.625,94.125,27.75,56.625,16.0,18.375,11.625,14.25,8.5,3.625,3.0,16.125,15.25,96.625,31.375,73.5,30.0,6.5,3.0,10.0,6.75,13.0,8.0,3.5,3.0,302.125,68.125,892.875,12,1,0,1,3,3,1,0,0,0,1,0,2,0,165.1,165.1,115.0,30.0,24.0,0,0,0,0,0,0,0,0,0,0,0,0,0,1,0,1,0,0,0,0,1,0,0,0
Blue,False,0.171875,0.5,0.3446875,0.26046875,0.511875,0.15,0.015625,1.09375,0.265625,0.25,79.453125,28.234375,65.765625,16.8125,133.625,80.40625,72.484375,22.765625,3.1875,1.9375,1.859375,0.625,58.71875,15.390625,56.28125,11.03125,16.84375,10.765625,5.125,3.671875,3.890625,2.078125,4.359375,2.109375,62.015625,16.4375,61.328125,14.5625,6.3125,3.15625,4.1875,2.0625,11.125,8.640625,0.25,0.1875,113.5625,266.34375,733.234375,14,0,3,0,3,5,2,0,0,0,2,2,1,0,172.72,172.72,135.0,0.154296875,0.3515625,0.4253515624999999,0.2955859375,0.53125,0.3130859374999999,0.037109375,0.31640625,0.0,0.0,102.228515625,42.54296875,94.025390625,29.552734375,103.23046875,43.515625,109.736328125,44.365234375,1.408203125,1.109375,2.884765625,1.533203125,93.54296875,35.6015625,64.005859375,14.16015625,2.775390625,1.6796875,15.072265625,9.162109375,5.91015625,5.26171875,14.947265625,6.23046875,95.111328125,38.384765625,78.82421875,21.123046875,6.025390625,3.337890625,6.19140625,3.466796875,1.091796875,0.8203125,9.009765625,4.962890625,16.615234375,124.96484375,552.794921875,21,0,0,1,2,4,6,0,0,0,1,3,0,0,172.72,177.8,135.0,26.0,34.0,1,0,0,0,0,0,0,0,0,0,0,0,0,0,0,1,0,0,0,0,1,0,0,0
Red,False,0.50201416015625,0.2509765625,0.4117424774169921,0.5016942596435546,0.0677520751953125,0.05744873046875,0.059173583984375,0.0319366455078125,0.0001983642578125,0.0080795288085937,60.62018585205078,33.66495513916016,52.38372802734375,25.34603881835937,74.27019500732422,46.60692596435547,64.97399139404297,36.808685302734375,0.714935302734375,0.226715087890625,1.5471878051757812,0.39764404296875,45.26510620117188,20.511764526367188,39.02978515625,15.150680541992188,7.556968688964844,5.871559143066406,6.8708038330078125,4.6343536376953125,7.7981109619140625,7.281631469726562,6.4831390380859375,5.561004638671875,41.396278381347656,18.76703643798828,38.60279846191406,17.45227813720703,16.51313018798828,12.431121826171877,7.400222778320312,4.280784606933594,2.710777282714844,2.466796875,6.380706787109375,3.61297607421875,45.45758819580078,101.07394409179688,424.7625045776367,39,1,0,2,3,10,8,0,0,1,2,3,4,0,185.42,195.58,205.0,0.140625,0.0625,0.6725000000000001,0.57078125,0.0,0.218125,0.90625,0.65625,0.625,0.0,59.0625,39.40625,24.703125,14.5625,99.046875,74.484375,34.234375,22.40625,1.265625,0.0,3.84375,1.15625,39.3125,24.34375,21.171875,11.21875,14.40625,10.796875,2.25,2.0625,5.34375,4.265625,1.28125,1.28125,24.8125,8.9375,16.515625,8.234375,20.734375,18.171875,6.625,5.484375,13.515625,12.296875,1.5625,0.84375,164.4375,66.15625,325.828125,10,0,0,1,4,5,2,0,0,0,0,2,3,0,190.5,195.58,205.0,35.0,24.0,0,0,0,0,0,1,0,0,0,0,0,0,0,0,0,1,0,0,0,0,1,0,0,0
Blue,False,0.261566162109375,0.533203125,0.3180459594726562,0.422200927734375,0.0908926391601562,0.1337652587890625,0.125091552734375,0.0628662109375,9.1552734375e-05,0.09393310546875,66.05615234375,20.26327514648437,89.05865478515625,37.00482177734375,75.22634887695312,28.715606689453125,97.006591796875,44.063507080078125,2.47802734375,0.151458740234375,2.183868408203125,0.437530517578125,60.1964111328125,16.33935546875,71.78683471679688,23.16802978515625,5.43890380859375,3.785797119140625,11.24578857421875,7.894775390625,0.42083740234375,0.13812255859375,6.026031494140625,5.9420166015625,56.80514526367188,13.475372314453123,77.318359375,28.671142578125,9.05157470703125,6.66229248046875,8.139251708984375,5.8914794921875,0.199432373046875,0.1256103515625,3.601043701171875,2.44219970703125,33.54150390625,95.59796142578124,650.58984375,35,0,0,1,6,9,7,0,0,1,2,4,1,1,175.26,180.34,170.0,0.0200653076171875,0.0390625,0.4997702312469482,0.6364810371398926,0.3017278480529785,0.3255647468566894,0.3920907974243164,1.0317773818969729,0.50128173828125,0.0011749267578125,48.58110237121582,23.67552757263184,43.486209869384766,23.12730026245117,64.60691547393799,37.36872863769531,98.68045616149902,69.20278549194336,0.9388542175292968,0.5412321090698242,6.989387512207031,2.75308895111084,39.45186424255371,17.45053005218506,38.54581451416016,19.906773567199707,6.412023544311523,4.70921516418457,4.025224685668945,2.433858871459961,2.717214584350586,1.515782356262207,0.915170669555664,0.7866678237915039,34.938422203063965,12.505456924438477,28.545991897583008,11.920295715332031,6.415933609008789,5.323553085327148,2.306033134460449,1.1829919815063477,7.226746559143066,5.846517562866211,12.634184837341309,10.024012565612791,71.29149055480957,472.9583625793457,743.0272197723389,49,0,1,0,7,13,8,0,0,0,2,9,2,0,182.88,190.5,170.0,31.0,35.0,0,0,0,0,0,0,0,0,0,1,0,0,0,0,0,1,0,0,0,0,1,0,0,0
Red,False,0.0,0.0,0.33,0.46,0.0,1.0,0.0,0.0,0.0,0.0,3.0,1.0,30.0,14.0,3.0,1.0,33.0,15.0,1.0,0.0,1.0,1.0,2.0,1.0,29.0,13.0,0.0,0.0,1.0,1.0,1.0,0.0,0.0,0.0,1.0,0.0,4.0,1.0,0.0,0.0,0.0,0.0,2.0,1.0,26.0,13.0,0.0,119.0,137.0,1,0,0,1,0,0,1,0,0,0,0,0,0,0,185.42,190.5,241.0,0.0,0.125,0.588125,0.609375,0.239375,0.098125,0.0,0.0625,0.0,0.0,69.125,45.125,68.1875,42.25,82.8125,58.0,95.1875,68.0625,3.4375,1.0625,2.1875,0.3125,38.875,17.4375,52.3125,30.3125,26.125,24.125,9.375,7.5625,4.125,3.5625,6.5,4.375,23.875,9.5625,36.3125,16.9375,31.6875,23.375,29.125,22.5625,13.5625,12.1875,2.75,2.75,216.9375,27.4375,722.5625,10,0,0,1,1,2,3,0,0,0,1,1,0,0,195.58,193.04,260.0,36.0,36.0,0,0,0,0,1,0,0,0,0,0,0,0,0,0,0,1,0,0,0,0,1,0,0,0
Blue,False,0.15625,0.021484375,0.443671875,0.4155664062499999,0.33466796875,0.36671875,1.28515625,0.01953125,0.03125,0.001953125,120.78125,53.72265625,116.67578125,50.427734375,167.439453125,96.849609375,138.412109375,71.380859375,2.46875,0.8671875,5.30078125,1.43359375,92.591796875,32.236328125,82.953125,27.478515625,18.291015625,14.841796875,16.974609375,10.95703125,9.8984375,6.64453125,16.748046875,11.9921875,98.203125,36.28515625,104.265625,41.775390625,20.267578125,15.671875,11.72265625,8.083984375,2.310546875,1.765625,0.6875,0.568359375,157.33203125,185.5,969.662109375,29,0,2,0,3,6,4,0,0,0,4,1,1,0,180.34,187.96,170.0,0.0224609375,0.0157852172851562,0.4146246910095215,0.4605464744567871,0.1900749206542968,0.1352140045166015,0.0,0.0312576293945312,3.814697265625e-06,3.814697265625e-06,117.17774391174316,48.66305732727051,156.46402168273926,71.20418357849121,133.2052516937256,62.68912124633789,179.73874855041504,92.1930694580078,1.5740833282470703,0.3154182434082031,3.829448699951172,0.790008544921875,73.53151321411133,16.445486068725586,120.60242080688477,41.26041221618652,29.97995376586914,20.32799530029297,26.15904998779297,21.050865173339844,13.666276931762695,11.889575958251951,9.702550888061523,8.892906188964844,100.57239151000977,35.76396369934082,128.1739730834961,48.65003967285156,15.174810409545898,12.410171508789062,24.5155086517334,19.41294288635254,1.4305419921875,0.488922119140625,3.7745399475097656,3.1412010192871094,83.11361694335938,173.28165435791016,885.1338233947754,51,1,3,0,3,11,9,0,0,2,4,4,0,1,172.72,175.26,155.0,31.0,31.0,0,0,0,0,0,0,0,0,0,1,0,0,0,0,0,1,0,0,0,0,1,0,0,0
Blue,True,0.390625,0.0,0.45046875,0.31,0.0625,0.0625,0.0,0.0625,0.0,0.0,70.5625,22.734375,97.734375,24.875,78.796875,30.34375,115.984375,42.40625,0.4375,0.1875,0.53125,0.125,51.421875,11.8125,73.1875,10.625,13.9375,7.296875,17.5,9.390625,5.203125,3.625,7.046875,4.859375,60.3125,15.21875,93.015625,20.953125,7.828125,5.59375,4.21875,3.671875,2.421875,1.921875,0.5,0.25,52.46875,50.15625,627.3125,14,0,1,0,2,5,2,0,0,1,0,4,0,0,175.26,187.96,170.0,0.7933349609375,0.00048828125,0.4891506958007812,0.3719638061523437,0.0677413940429687,0.0818020629882812,0.0,0.134063720703125,0.039306640625,0.0,176.21893310546875,87.96246337890625,356.7033386230469,132.2374267578125,185.9488525390625,97.2900390625,363.495849609375,138.19711303710938,0.162628173828125,0.131072998046875,3.93463134765625,0.879302978515625,160.85992431640625,75.17095947265625,275.3164367675781,79.1883544921875,13.073089599609377,10.677520751953123,50.957275390625,29.5067138671875,2.285919189453125,2.113983154296875,30.42962646484375,23.5423583984375,149.51031494140625,69.34451293945312,322.5651550292969,111.71585083007812,19.189208984375,13.08782958984375,33.6029052734375,20.23641967773437,7.5194091796875,5.530120849609375,0.5352783203125,0.28515625,50.04611206054688,94.5570068359375,1403.6566467285156,48,4,3,0,5,12,4,0,0,3,3,6,0,0,180.34,187.96,170.0,34.0,34.0,0,0,0,0,0,0,0,0,0,1,0,0,0,0,0,1,0,0,0,0,0,0,1,0
Red,False,0.015625,0.0,0.45,0.4275,0.25,0.2,0.148468017578125,0.098388671875,0.0,0.0,66.5,29.6875,64.31230545043945,27.34375,89.75,48.0,85.53125,44.41152191162109,2.0,0.75,2.0546875,0.75,51.1875,18.3359375,49.6123046875,16.280410766601562,7.5,5.07647705078125,7.5,5.0,4.5,3.625,4.984375,3.9375,48.6875,17.0,47.11572265625,16.5,5.75,3.75,5.3125,3.4375,5.0625,3.5,3.875,2.5,99.2119140625,94.125,638.5,0,0,0,0,0,0,0,0,0,0,0,0,0,0,157.48000000000002,162.56,125.0,0.0,0.46875,0.3834375,0.3496875,0.33125,0.300625,0.1875,0.0,0.28125,0.09375,92.46875,35.75,90.5625,31.96875,135.875,69.75,110.46875,49.4375,15.28125,5.40625,4.34375,1.5625,78.40625,24.0625,77.875,22.9375,6.6875,5.6875,10.40625,7.59375,7.375,6.0,2.28125,1.4375,68.8125,19.96875,75.46875,22.46875,12.65625,8.4375,9.9375,6.0625,11.0,7.34375,5.15625,3.4375,333.59375,40.4375,813.5,16,0,1,0,2,4,2,0,0,0,3,0,1,0,162.56,165.1,125.0,30.0,31.0,0,0,0,1,0,0,0,0,0,0,0,0,0,0,0,1,0,0,0,0,0,0,1,0
Blue,False,0.0,0.0,0.6,0.64,0.33,0.71,1.0,1.0,0.0,0.0,25.0,15.0,39.0,25.0,64.0,51.0,147.0,117.0,3.0,1.0,7.0,5.0,21.0,13.0,36.0,23.0,3.0,2.0,2.0,1.0,1.0,0.0,1.0,1.0,11.0,6.0,12.0,7.0,2.0,1.0,0.0,0.0,12.0,8.0,27.0,18.0,36.0,741.0,900.0,3,0,0,1,0,0,1,0,0,0,0,0,0,0,177.8,172.72,155.0,0.0,1.0,0.34,0.32,0.75,0.0,0.0,0.0,0.0,0.0,46.0,16.0,31.0,10.0,54.0,23.0,36.0,15.0,4.0,3.0,0.0,0.0,33.0,7.0,27.0,9.0,11.0,7.0,3.0,1.0,2.0,2.0,1.0,0.0,35.0,10.0,26.0,6.0,9.0,6.0,3.0,2.0,2.0,0.0,2.0,2.0,72.0,2.0,222.0,1,0,0,1,0,0,1,0,0,0,0,0,0,0,180.34,180.34,155.0,31.0,25.0,0,0,0,0,0,0,1,0,0,0,0,0,0,0,0,1,0,0,0,0,1,0,0,0
Red,False,0.75,0.125,0.6375,0.51375,0.6625,0.11,0.0,0.0,0.125,0.0,45.75,23.5,53.375,24.625,52.0,28.5,67.625,38.75,3.625,1.625,5.125,0.75,31.125,11.75,37.75,13.0,8.0,6.25,7.75,5.375,6.625,5.5,7.875,6.25,35.375,15.625,42.625,17.125,5.375,3.75,5.875,4.375,5.0,4.125,4.875,3.125,55.0,206.375,569.5,10,0,0,2,2,2,2,0,0,0,1,1,0,0,190.5,187.96,155.0,0.0,0.0,0.585,0.36,0.605,0.0,0.5,0.0,0.0,0.0,53.0,31.5,34.0,14.5,103.0,78.5,41.0,21.5,10.5,6.0,0.0,0.0,38.0,19.0,28.5,10.0,10.0,8.5,4.0,3.0,5.0,4.0,1.5,1.5,19.5,7.5,27.5,9.0,9.5,8.0,5.5,4.5,24.0,16.0,1.0,1.0,480.5,20.0,639.5,5,1,2,0,2,2,0,0,0,0,1,0,1,0,182.88,193.04,170.0,32.0,29.0,0,0,0,0,0,0,0,0,0,1,0,0,0,0,0,0,0,1,0,0,0,0,0,1
Red,False,0.0,0.0,0.4575,0.375,0.875,0.28,1.0,1.25,0.0,0.25,84.25,37.75,94.25,37.25,112.5,62.25,146.5,79.5,2.75,2.25,7.25,1.75,60.75,20.0,73.75,26.75,17.0,12.75,10.75,6.5,6.5,5.0,9.75,4.0,57.75,22.0,60.75,19.75,21.0,11.5,23.0,10.75,5.5,4.25,10.5,6.75,162.5,267.5,668.75,8,0,0,2,1,1,2,0,0,0,0,0,1,0,162.56,165.1,115.0,0.0,0.0,0.58,0.76,0.5,0.53,2.0,0.5,1.5,1.5,30.5,18.0,48.5,35.5,65.5,46.0,125.5,103.0,2.5,0.5,4.0,2.0,18.5,10.0,35.5,24.0,10.5,7.0,9.0,7.5,1.5,1.0,4.0,4.0,13.0,4.5,8.5,4.5,12.0,9.0,14.0,11.5,5.5,4.5,26.0,19.5,230.0,398.5,692.5,5,0,1,0,1,1,1,0,0,0,0,0,1,0,162.56,165.1,115.0,25.0,31.0,0,0,0,0,0,0,0,0,0,0,0,0,0,1,0,1,0,0,0,0,1,0,0,0
Red,False,0.015625,0.0,0.45,0.4275,0.25,0.2,0.148468017578125,0.098388671875,0.0,0.0,66.5,29.6875,64.31230545043945,27.34375,89.75,48.0,85.53125,44.41152191162109,2.0,0.75,2.0546875,0.75,51.1875,18.3359375,49.6123046875,16.280410766601562,7.5,5.07647705078125,7.5,5.0,4.5,3.625,4.984375,3.9375,48.6875,17.0,47.11572265625,16.5,5.75,3.75,5.3125,3.4375,5.0625,3.5,3.875,2.5,99.2119140625,94.125,638.5,0,0,0,0,0,0,0,0,0,0,0,0,0,0,180.34,185.42,205.0,0.5,0.0,0.485,0.4549999999999999,0.0,0.245,0.0,0.0,0.0,0.0,64.5,30.5,34.0,14.5,78.5,43.0,52.5,32.0,0.0,0.0,6.0,1.5,58.0,25.5,28.0,10.5,3.5,2.5,1.0,0.5,3.0,2.5,5.0,3.5,55.5,23.5,31.5,13.0,4.5,4.5,2.0,1.5,4.5,2.5,0.5,0.0,39.0,177.0,536.5,4,0,2,0,2,2,0,0,0,0,0,1,0,1,193.04,210.82,250.0,36.0,29.0,0,0,0,0,1,0,0,0,0,0,0,0,0,0,0,1,0,0,0,0,1,0,0,0
Blue,False,0.171875,0.3125,0.244375,0.395546875,0.018203125,0.00140625,0.0,0.0,0.0,0.0,137.796875,38.9765625,127.296875,42.8671875,141.4609375,42.640625,135.4921875,48.5625,0.734375,0.0234375,7.0078125,0.015625,121.8203125,28.90625,111.3515625,31.78125,12.3203125,6.5,9.125,4.890625,3.65625,3.5703125,6.8203125,6.1953125,126.7109375,32.8125,117.4765625,36.9765625,4.890625,2.734375,9.1875,5.546875,6.1953125,3.4296875,0.6328125,0.34375,13.3984375,39.8359375,660.46875,19,1,0,2,2,3,5,0,0,1,0,2,0,0,170.18,175.26,135.0,0.0,0.0,0.46875,0.57875,0.2025,0.22,0.25,0.0,0.625,0.0,141.75,66.875,97.75,58.25,162.375,84.375,105.25,65.5,4.625,1.25,9.25,2.0,96.75,32.375,74.375,37.625,23.25,15.625,18.0,15.75,21.75,18.875,5.375,4.875,95.625,38.125,68.125,34.375,36.875,23.75,28.25,22.75,9.25,5.0,1.375,1.125,196.625,95.75,900.0,12,0,3,0,3,3,1,0,0,1,2,0,0,0,167.64,167.64,135.0,32.0,35.0,1,0,0,0,0,0,0,0,0,0,0,0,0,0,0,1,0,0,0,0,1,0,0,0
Blue,False,0.0,0.0,0.565,0.5449999999999999,0.72,0.29,0.0,1.0,0.5,0.0,55.5,30.0,62.5,33.0,88.5,61.0,142.0,104.0,5.0,2.5,5.0,1.5,43.5,21.5,39.5,17.5,8.5,5.5,8.0,4.0,3.5,3.0,15.0,11.5,36.5,14.0,36.0,16.0,12.5,10.5,6.0,3.0,6.5,5.5,20.5,14.0,226.0,285.0,900.0,6,0,1,0,1,1,1,0,0,1,0,0,0,0,165.1,167.64,125.0,0.25,0.0,0.4525,0.3325,0.375,0.11,0.0,1.0,0.0,0.0,132.75,52.625,95.0,32.5,138.5,58.25,112.25,48.125,0.375,0.375,5.375,1.0,98.875,30.25,74.0,21.375,21.875,15.0,12.75,6.875,12.0,7.375,8.25,4.25,125.875,47.75,83.875,23.25,5.625,4.125,5.0,4.125,1.25,0.75,6.125,5.125,35.875,155.375,1019.75,13,2,3,0,3,3,1,0,0,1,1,1,0,0,172.72,175.26,135.0,28.0,34.0,0,0,0,0,0,0,0,0,0,0,1,0,0,0,0,0,0,1,0,0,0,0,1,0
Red,False,0.0,0.125,0.3,0.44625,0.28,0.155,0.0,0.5,0.0,0.25,139.125,42.625,89.25,36.75,180.375,80.5,103.125,49.0,2.75,0.5,6.75,1.625,123.375,32.875,68.625,20.5,12.5,7.625,12.125,8.5,3.25,2.125,8.5,7.75,127.75,36.875,84.125,33.625,10.25,4.875,4.625,2.875,1.125,0.875,0.5,0.25,75.875,131.25,853.25,13,2,0,1,1,1,3,0,0,0,1,0,0,0,175.26,185.42,145.0,0.02294921875,0.00830078125,0.4471215820312499,0.3872119140625,0.1651220703125,0.0635205078125,0.00390625,0.26959228515625,0.0,0.0,131.868408203125,59.06805419921875,130.03961181640625,49.596923828125,133.38031005859375,60.0711669921875,133.5506591796875,52.3416748046875,1.0042724609375,0.500244140625,2.3258056640625,0.06793212890625,81.54364013671875,22.893798828125,109.66650390625,33.74591064453125,26.637939453125,16.53033447265625,9.96368408203125,6.72479248046875,23.68682861328125,19.6439208984375,10.409423828125,9.126220703125,129.833740234375,57.93536376953125,124.82666015625,45.075927734375,0.65850830078125,0.0330810546875,0.72369384765625,0.504638671875,1.37615966796875,1.099609375,4.4892578125,4.016357421875,29.56121826171875,12.338623046875,774.7420654296875,35,0,4,0,4,11,4,0,1,1,4,5,0,0,180.34,190.5,145.0,34.0,30.0,0,0,0,0,0,0,1,0,0,0,0,0,0,0,0,1,0,0,0,0,1,0,0,0
Red,False,0.125,0.0,0.31140625,0.38484375,0.015625,0.20046875,1.015625,0.0,0.296875,0.0625,13.078125,4.5,12.25,5.984375,17.9375,9.15625,16.78125,9.8125,1.265625,0.03125,0.9375,0.390625,11.171875,3.34375,8.671875,3.453125,0.71875,0.296875,2.53125,1.75,1.1875,0.859375,1.046875,0.78125,10.265625,2.5,7.265625,2.234375,0.859375,0.453125,2.109375,1.328125,1.953125,1.546875,2.875,2.421875,16.046875,97.328125,225.25,11,1,0,1,3,4,3,0,0,1,0,1,2,0,170.18,185.42,145.0,0.00390625,0.0078125,0.48920166015625,0.389676513671875,0.505263671875,0.4007470703125,0.76416015625,1.066162109375,0.0,0.015625,138.077392578125,71.1923828125,68.5081787109375,26.518310546875,222.4560546875,145.320556640625,85.6685791015625,39.617919921875,10.2659912109375,5.482421875,1.54736328125,0.922119140625,113.715087890625,51.35205078125,60.650146484375,21.2716064453125,20.2548828125,16.23291015625,5.7470703125,3.4501953125,4.107421875,3.607421875,2.1109619140625,1.7965087890625,75.5703125,19.29541015625,59.204345703125,19.527587890625,24.8017578125,19.990234375,6.3798828125,4.3662109375,37.705322265625,31.90673828125,2.9239501953125,2.62451171875,450.3284912109375,108.8934326171875,890.5015869140625,34,0,1,0,5,10,4,0,0,1,7,2,0,0,177.8,180.34,145.0,29.0,32.0,0,0,1,0,0,0,0,0,0,0,0,0,0,0,0,1,0,0,0,0,1,0,0,0
Red,False,0.015625,0.0,0.45,0.4275,0.25,0.2,0.148468017578125,0.098388671875,0.0,0.0,66.5,29.6875,64.31230545043945,27.34375,89.75,48.0,85.53125,44.41152191162109,2.0,0.75,2.0546875,0.75,51.1875,18.3359375,49.6123046875,16.280410766601562,7.5,5.07647705078125,7.5,5.0,4.5,3.625,4.984375,3.9375,48.6875,17.0,47.11572265625,16.5,5.75,3.75,5.3125,3.4375,5.0625,3.5,3.875,2.5,99.2119140625,94.125,638.5,0,0,0,0,0,0,0,0,0,0,0,0,0,0,175.26,175.26,155.0,0.125,0.0,0.399375,0.39875,0.195625,0.29375,0.0,0.75,0.0,0.0,63.75,25.6875,110.9375,44.5,76.0625,36.625,143.0,73.1875,12.3125,2.25,1.5625,1.1875,52.6875,17.6875,92.0625,29.3125,5.3125,2.8125,11.5625,7.875,5.75,5.1875,7.3125,7.3125,60.375,23.1875,96.9375,34.8125,2.25,1.5,6.625,5.1875,1.125,1.0,7.375,4.5,196.375,198.5,900.0,15,0,0,1,2,3,2,0,0,2,1,0,0,0,167.64,170.18,170.0,26.0,34.0,0,0,0,0,0,0,1,0,0,0,0,0,0,0,0,1,0,0,0,0,1,0,0,0
Red,False,0.625,0.0,0.47,0.54,0.0,0.3275,0.125,0.5,0.0,0.0,31.25,15.375,28.125,15.0,49.375,30.625,40.125,25.5,0.0,0.0,4.25,1.125,24.5,9.75,19.5,8.375,4.125,3.0,7.0,5.0,2.625,2.625,1.625,1.625,14.625,7.5,16.75,5.75,4.0,2.25,5.125,3.75,12.625,5.625,6.25,5.5,59.375,168.5,345.625,7,0,0,1,1,2,2,0,0,0,0,1,1,0,177.8,180.34,170.0,0.25,0.0,0.464375,0.590625,0.07625,0.4,0.3125,0.625,0.0,0.375,48.9375,20.875,29.0625,15.375,57.125,28.3125,45.5,30.25,3.3125,0.8125,2.0625,0.875,38.25,12.3125,20.0,9.3125,6.75,4.9375,5.125,3.4375,3.9375,3.625,3.9375,2.625,29.1875,9.9375,17.4375,6.75,18.1875,10.1875,8.75,6.0,1.5625,0.75,2.875,2.625,165.9375,102.8125,415.8125,11,0,0,1,3,3,2,0,0,0,1,1,1,0,180.34,193.04,170.0,28.0,28.0,0,0,0,0,0,0,0,0,0,1,0,0,0,0,0,0,0,0,1,0,1,0,0,0
Red,False,0.015625,0.0,0.45,0.4275,0.25,0.2,0.148468017578125,0.098388671875,0.0,0.0,66.5,29.6875,64.31230545043945,27.34375,89.75,48.0,85.53125,44.41152191162109,2.0,0.75,2.0546875,0.75,51.1875,18.3359375,49.6123046875,16.280410766601562,7.5,5.07647705078125,7.5,5.0,4.5,3.625,4.984375,3.9375,48.6875,17.0,47.11572265625,16.5,5.75,3.75,5.3125,3.4375,5.0625,3.5,3.875,2.5,99.2119140625,94.125,638.5,0,0,0,0,0,0,0,0,0,0,0,0,0,0,187.96,187.96,253.0,0.0,1.0,0.5,0.55,0.16,0.0,0.0,0.0,0.0,0.0,10.0,5.0,45.0,25.0,40.0,33.0,62.0,40.0,6.0,1.0,0.0,0.0,10.0,5.0,38.0,19.0,0.0,0.0,3.0,3.0,0.0,0.0,4.0,3.0,9.0,5.0,32.0,16.0,0.0,0.0,4.0,4.0,1.0,0.0,9.0,5.0,289.0,1.0,473.0,2,0,0,1,0,0,1,0,0,0,0,0,0,0,187.96,187.96,243.0,33.0,22.0,0,0,0,0,1,0,0,0,0,0,0,0,0,0,0,0,0,0,1,0,1,0,0,0
Blue,False,0.0,0.0,0.66,0.73,0.0,0.75,1.0,0.0,0.0,0.0,42.0,28.0,38.0,28.0,61.0,44.0,113.0,97.0,0.0,0.0,8.0,6.0,41.0,28.0,35.0,25.0,0.0,0.0,2.0,2.0,1.0,0.0,1.0,1.0,20.0,8.0,12.0,6.0,3.0,2.0,0.0,0.0,19.0,18.0,26.0,22.0,0.0,815.0,900.0,3,0,0,1,0,0,1,0,0,0,0,0,0,0,177.8,180.34,145.0,0.25,0.25,0.38,0.475,0.225,0.0825,0.25,0.0,0.0,0.0,78.5,29.75,80.75,39.0,99.25,47.0,87.0,45.25,1.75,0.75,2.0,0.25,58.0,15.5,63.75,25.0,8.25,4.5,10.75,8.0,12.25,9.75,6.25,6.0,65.75,21.75,63.5,25.5,9.25,5.5,12.75,10.5,3.5,2.5,4.5,3.0,120.25,81.0,571.75,7,0,1,0,1,1,2,0,0,1,0,0,0,0,175.26,180.34,145.0,24.0,29.0,0,0,1,0,0,0,0,0,0,0,0,0,0,0,0,1,0,0,0,0,1,0,0,0
Red,False,1.0,0.0,0.53,0.2299999999999999,0.0,0.165,1.0,0.0,0.0,0.0,39.0,19.0,27.5,8.0,48.5,23.5,34.0,14.5,0.5,0.0,2.0,0.5,32.0,13.0,25.5,7.0,2.0,2.0,2.0,1.0,5.0,4.0,0.0,0.0,28.5,11.5,19.0,4.0,2.0,1.0,3.0,1.5,8.5,6.5,5.5,2.5,80.5,49.0,227.0,2,0,2,0,2,2,0,0,0,0,0,1,1,0,165.1,165.1,125.0,0.125,0.25,0.5650000000000001,0.43625,0.21875,0.4475,2.3125,1.125,1.375,0.625,95.0,52.0,68.3125,30.25,105.375,61.8125,98.9375,58.3125,4.4375,1.6875,5.75,2.9375,80.5,39.5,52.25,18.4375,11.8125,9.875,12.0625,8.5625,2.6875,2.625,4.0,3.25,54.5625,23.625,49.8125,17.5625,6.8125,5.25,8.625,5.6875,33.625,23.125,9.875,7.0,312.5,166.0625,689.25,14,0,1,0,3,4,1,0,0,0,2,1,1,0,175.26,172.72,135.0,27.0,24.0,0,0,0,1,0,0,0,0,0,0,0,0,0,0,0,0,0,0,1,0,1,0,0,0
Red,False,0.25,0.0,0.54625,0.6025,0.3125,0.375,0.25,0.75,0.5,0.625,25.0,13.875,33.125,23.0,58.375,43.0,70.875,58.25,2.25,1.125,2.375,1.25,15.0,6.0,30.0,20.875,7.375,5.25,2.875,2.125,2.625,2.625,0.25,0.0,11.375,4.75,4.875,2.0,6.125,4.0,2.375,1.875,7.5,5.125,25.875,19.125,226.625,292.25,583.625,8,0,3,0,3,3,1,0,0,0,0,2,1,0,190.5,200.66,185.0,0.2548980712890625,0.75,0.4484363555908203,0.5980719757080077,0.0165333557128906,0.0738778686523437,0.07244873046875,0.328399658203125,0.008056640625,0.0,45.49346923828125,19.503341674804688,59.22213745117188,32.2694091796875,53.47402191162109,26.95059967041016,66.30518341064453,39.21336364746094,0.4393539428710937,0.0819778442382812,0.5276107788085938,0.2164382934570312,36.56963348388672,12.72479248046875,47.515724182128906,22.53449249267578,4.9774017333984375,3.3588638305664062,6.299560546875,4.7247161865234375,3.9464340209960938,3.4196853637695312,5.406852722167969,5.010200500488281,37.84563446044922,15.868736267089844,40.21101379394531,18.116905212402344,6.759857177734375,2.948081970214844,14.439689636230469,10.020050048828123,0.8879776000976562,0.6865234375,4.571434020996094,4.132453918457031,15.330642700195312,52.382911682128906,334.40230560302734,41,0,1,0,4,9,9,0,0,2,3,4,0,0,182.88,187.96,185.0,28.0,35.0,0,0,0,0,0,0,0,1,0,0,0,0,0,0,0,1,0,0,0,0,1,0,0,0
Red,False,0.015625,0.0,0.45,0.4275,0.25,0.2,0.148468017578125,0.098388671875,0.0,0.0,66.5,29.6875,64.31230545043945,27.34375,89.75,48.0,85.53125,44.41152191162109,2.0,0.75,2.0546875,0.75,51.1875,18.3359375,49.6123046875,16.280410766601562,7.5,5.07647705078125,7.5,5.0,4.5,3.625,4.984375,3.9375,48.6875,17.0,47.11572265625,16.5,5.75,3.75,5.3125,3.4375,5.0625,3.5,3.875,2.5,99.2119140625,94.125,638.5,0,0,0,0,0,0,0,0,0,0,0,0,0,0,175.26,180.34,155.0,0.2666015625,0.06640625,0.4774609375,0.367568359375,0.19791015625,0.4028125,1.369140625,0.03125,0.28125,0.046875,108.359375,55.572265625,79.892578125,31.4033203125,122.17578125,67.50390625,83.7685546875,34.201171875,1.4775390625,0.20703125,3.716796875,1.4375,80.3798828125,36.2119140625,57.2763671875,16.5595703125,16.158203125,9.6005859375,19.84375,12.73828125,11.8212890625,9.759765625,2.7724609375,2.10546875,91.482421875,40.7451171875,71.5556640625,27.5791015625,1.76953125,1.595703125,3.8369140625,0.82421875,15.107421875,13.2314453125,4.5,3.0,51.0234375,122.408203125,555.201171875,21,1,3,0,7,10,1,0,0,1,2,2,4,1,180.34,193.04,155.0,24.0,32.0,0,0,0,0,0,0,1,0,0,0,0,0,0,0,0,1,0,0,0,0,1,0,0,0
Blue,False,0.375,0.25,0.37875,0.508125,0.4375,0.290625,0.8125,0.5,0.5625,0.5,61.875,23.125,105.8125,52.1875,87.25,45.25,145.75,88.0,4.1875,2.125,1.8125,0.6875,55.9375,20.3125,87.0625,37.25,4.375,2.25,11.875,8.3125,1.5625,0.5625,6.875,6.625,54.3125,18.0625,78.0,34.3125,4.1875,2.625,9.9375,7.375,3.375,2.4375,17.875,10.5,207.125,279.625,859.25,15,0,0,3,1,1,4,0,0,0,0,0,1,0,180.34,185.42,170.0,0.283203125,0.125,0.4693945312499999,0.34201171875,0.17951171875,0.0675,0.0234375,0.7734375,0.125,0.001953125,95.15234375,43.287109375,77.705078125,27.580078125,109.181640625,56.376953125,107.4296875,54.8203125,1.64453125,0.564453125,1.611328125,0.4609375,57.103515625,18.79296875,67.373046875,21.7734375,19.986328125,11.705078125,6.189453125,3.640625,18.0625,12.7890625,4.142578125,2.166015625,71.248046875,30.232421875,65.716796875,21.05859375,6.349609375,2.03125,7.19140625,2.7421875,17.5546875,11.0234375,4.796875,3.779296875,117.662109375,90.22265625,668.560546875,20,0,3,0,3,6,4,0,0,1,0,3,2,0,185.42,193.04,170.0,32.0,36.0,0,0,0,0,0,0,0,0,0,1,0,0,0,0,0,0,0,1,0,0,0,0,1,0
Blue,False,0.37109375,0.0,0.42259765625,0.391171875,0.2890625,0.054765625,0.6875,0.041015625,0.125,0.0,146.4296875,62.041015625,96.33984375,36.673828125,158.41796875,72.828125,102.947265625,42.4375,1.265625,0.640625,3.181640625,0.38671875,98.837890625,31.728515625,78.650390625,24.3359375,34.6015625,21.384765625,11.185546875,6.62109375,12.990234375,8.927734375,6.50390625,5.716796875,115.609375,43.01953125,86.052734375,31.529296875,10.818359375,4.78125,7.162109375,3.16015625,20.001953125,14.240234375,3.125,1.984375,91.11328125,47.91796875,688.171875,23,0,0,1,4,8,2,0,0,0,3,4,1,0,160.02,170.18,135.0,0.3125,0.25,0.38609375,0.67140625,0.01171875,0.776953125,1.2734375,0.8125,0.0,0.015625,33.453125,14.0859375,39.2109375,20.1640625,35.140625,15.7421875,86.078125,64.8515625,0.2421875,0.046875,2.28125,1.6328125,29.7890625,11.625,28.7734375,11.265625,1.65625,0.9609375,8.4453125,7.1796875,2.0078125,1.5,1.9921875,1.71875,30.421875,12.3515625,28.2265625,11.171875,2.078125,1.1015625,1.4375,0.390625,0.953125,0.6328125,9.546875,8.6015625,13.4296875,253.8515625,497.5625,18,1,4,0,4,6,2,0,0,1,1,2,2,0,175.26,177.8,135.0,26.0,25.0,1,0,0,0,0,0,0,0,0,0,0,0,0,0,0,1,0,0,0,0,1,0,0,0
Blue,False,0.015625,0.0,0.45,0.4275,0.25,0.2,0.148468017578125,0.098388671875,0.0,0.0,66.5,29.6875,64.31230545043945,27.34375,89.75,48.0,85.53125,44.41152191162109,2.0,0.75,2.0546875,0.75,51.1875,18.3359375,49.6123046875,16.280410766601562,7.5,5.07647705078125,7.5,5.0,4.5,3.625,4.984375,3.9375,48.6875,17.0,47.11572265625,16.5,5.75,3.75,5.3125,3.4375,5.0625,3.5,3.875,2.5,99.2119140625,94.125,638.5,0,0,0,0,0,0,0,0,0,0,0,0,0,0,175.26,172.72,125.0,0.0,0.0,0.53,0.52,0.22,0.2,0.0,0.0,0.0,0.0,131.75,71.0,109.0,57.0,226.75,159.0,158.75,101.25,3.75,1.0,5.25,1.75,104.25,45.25,81.0,35.5,9.75,8.75,20.0,14.0,17.75,17.0,8.0,7.5,83.75,30.25,91.75,44.75,16.75,14.0,12.25,8.75,31.25,26.75,5.0,3.5,304.0,213.75,897.5,9,0,0,2,1,1,2,0,0,0,0,1,0,0,165.1,170.18,125.0,27.0,32.0,0,0,0,0,0,0,0,0,0,0,1,0,0,0,0,1,0,0,0,0,1,0,0,0
Blue,False,0.3125,0.0,0.656875,0.415,0.06625,0.13125,0.0625,0.0,0.0,0.0,83.5,50.4375,68.875,35.25,99.125,65.0,90.5,54.3125,1.6875,0.25,1.0,0.5625,50.3125,22.1875,48.875,18.4375,18.625,14.3125,16.5625,14.6875,14.5625,13.9375,3.4375,2.125,58.9375,31.5625,38.625,12.1875,20.375,16.0625,22.125,16.0625,4.1875,2.8125,8.125,7.0,50.4375,239.6875,576.125,13,0,1,0,2,3,2,0,1,0,0,2,0,0,182.88,187.96,247.0,0.5,0.0,0.53,0.505,0.125,0.0,0.5,0.0,0.0,0.0,21.5,11.5,23.0,12.5,36.5,25.5,24.5,14.0,2.0,0.5,0.5,0.0,18.5,8.5,20.0,9.5,2.5,2.5,2.0,2.0,0.5,0.5,1.0,1.0,14.0,6.0,9.5,3.5,6.5,4.5,13.5,9.0,1.0,1.0,0.0,0.0,23.0,45.0,169.5,2,0,2,0,2,2,0,0,0,0,0,1,1,0,187.96,203.2,240.0,33.0,39.0,0,0,0,0,1,0,0,0,0,0,0,0,0,0,0,0,0,1,0,0,1,0,0,0
Blue,False,0.1875,0.0,0.5140625,0.3671875,0.0,0.020625,0.0,0.0,0.0,0.0,31.84375,17.0,90.4375,29.09375,38.21875,20.875,123.71875,60.875,0.0,0.0,2.46875,0.0625,18.78125,6.65625,40.59375,12.0625,6.03125,5.8125,33.78125,8.78125,7.03125,4.53125,16.0625,8.25,22.46875,10.15625,76.8125,19.40625,8.75,6.25,13.125,9.4375,0.625,0.59375,0.5,0.25,48.5625,77.3125,536.625,10,0,0,1,3,3,3,0,0,0,0,3,0,0,187.96,190.5,205.0,0.0471682548522949,0.0,0.45,0.4217682266235352,0.25,0.19173828125,0.1875,0.125,0.0,0.0,69.5,30.5,66.984375,27.8466796875,94.0,48.544921875,88.50390625,44.75,2.0,0.8125,2.015625,0.6640625,54.0,19.01513671875,51.483436584472656,16.9437255859375,7.91796875,5.430633544921875,7.75,5.0625,4.780975341796875,3.9373779296875,4.8994140625,3.84375,51.025390625,18.400863647460938,50.515625,17.5,5.75,3.75,5.5,3.5,5.375,3.6875,4.0,2.65625,104.865234375,89.5,655.8441009521484,0,0,0,0,0,0,0,0,0,0,0,0,0,0,185.42,185.42,185.0,30.0,29.0,0,0,0,0,0,0,0,1,0,0,0,0,0,0,0,0,0,1,0,0,1,0,0,0
Red,False,0.0,0.0,0.51,0.41,1.0,0.33,2.0,1.0,0.0,0.0,76.0,39.0,85.0,35.0,88.0,50.0,110.0,55.0,1.0,1.0,3.0,1.0,46.0,15.0,62.0,18.0,20.0,14.0,21.0,16.0,10.0,10.0,2.0,1.0,63.0,30.0,71.0,22.0,4.0,1.0,0.0,0.0,9.0,8.0,14.0,13.0,198.0,258.0,900.0,3,0,0,1,0,0,1,0,0,0,0,0,0,0,160.02,160.02,115.0,0.0,0.5,0.475,0.52,0.0,0.375,0.0,0.0,0.0,0.0,159.5,67.5,157.0,80.5,188.0,93.0,245.5,155.0,0.0,0.0,3.0,1.5,132.5,50.0,111.5,50.0,14.5,6.0,28.0,15.0,12.5,11.5,17.5,15.5,133.0,49.5,115.0,58.0,20.5,13.5,28.5,15.5,6.0,4.5,13.5,7.0,10.5,385.0,900.0,6,0,0,2,0,0,2,0,0,0,0,0,0,0,170.18,170.18,125.0,22.0,29.0,0,0,0,0,0,0,0,0,0,0,0,0,0,1,0,1,0,0,0,0,1,0,0,0
Blue,False,0.0,0.0,0.31,0.5,0.0,0.5,0.0,1.0,0.0,0.0,51.0,16.0,63.0,32.0,51.0,16.0,109.0,66.0,0.0,0.0,6.0,3.0,40.0,10.0,48.0,23.0,4.0,1.0,11.0,6.0,7.0,5.0,4.0,3.0,46.0,15.0,40.0,18.0,5.0,1.0,21.0,12.0,0.0,0.0,2.0,2.0,0.0,128.0,388.0,2,0,0,1,0,0,1,0,0,0,0,0,0,0,193.04,195.58,185.0,0.0471682548522949,0.0,0.45,0.4217682266235352,0.25,0.19173828125,0.1875,0.125,0.0,0.0,69.5,30.5,66.984375,27.8466796875,94.0,48.544921875,88.50390625,44.75,2.0,0.8125,2.015625,0.6640625,54.0,19.01513671875,51.483436584472656,16.9437255859375,7.91796875,5.430633544921875,7.75,5.0625,4.780975341796875,3.9373779296875,4.8994140625,3.84375,51.025390625,18.400863647460938,50.515625,17.5,5.75,3.75,5.5,3.5,5.375,3.6875,4.0,2.65625,104.865234375,89.5,655.8441009521484,0,0,0,0,0,0,0,0,0,0,0,0,0,0,182.88,190.5,205.0,26.0,26.0,0,0,0,0,0,0,0,1,0,0,0,0,0,0,0,1,0,0,0,0,1,0,0,0
Red,False,0.015625,0.0,0.45,0.4275,0.25,0.2,0.148468017578125,0.098388671875,0.0,0.0,66.5,29.6875,64.31230545043945,27.34375,89.75,48.0,85.53125,44.41152191162109,2.0,0.75,2.0546875,0.75,51.1875,18.3359375,49.6123046875,16.280410766601562,7.5,5.07647705078125,7.5,5.0,4.5,3.625,4.984375,3.9375,48.6875,17.0,47.11572265625,16.5,5.75,3.75,5.3125,3.4375,5.0625,3.5,3.875,2.5,99.2119140625,94.125,638.5,0,0,0,0,0,0,0,0,0,0,0,0,0,0,170.18,175.26,135.0,0.0,0.0,0.3880859375,0.5284375,0.3663671874999999,0.0646875,1.8125,0.0,0.09765625,0.5625,46.40234375,17.44140625,30.54296875,16.2734375,54.6015625,25.3671875,95.48828125,79.453125,7.796875,3.03515625,0.4140625,0.2890625,36.5,10.4453125,20.8828125,8.23828125,4.57421875,1.98828125,8.40625,6.83203125,5.328125,5.0078125,1.25390625,1.203125,42.37890625,14.55078125,25.33203125,12.98046875,2.859375,1.97265625,1.67578125,0.65625,1.1640625,0.91796875,3.53515625,2.63671875,219.484375,255.17578125,667.8671875,22,0,1,0,3,6,3,0,0,1,3,0,2,0,167.64,170.18,135.0,29.0,31.0,1,0,0,0,0,0,0,0,0,0,0,0,0,0,0,0,0,1,0,0,1,0,0,0
Red,False,0.0,0.0,0.44,0.65,0.6775,0.5,0.0,1.0,0.0,0.5,36.5,9.25,39.25,18.5,69.5,40.5,65.5,41.5,4.75,2.25,1.0,1.0,34.0,8.25,28.5,10.75,2.25,1.0,5.75,3.0,0.25,0.0,5.0,4.75,30.25,4.75,22.75,8.75,2.0,1.5,5.5,3.25,4.25,3.0,11.0,6.5,240.5,113.0,497.75,7,0,0,1,1,1,2,0,0,0,1,0,0,0,177.8,185.42,155.0,0.0,0.0,0.53,0.335,0.365,0.175,0.5,0.0,0.0,0.0,103.5,54.5,100.0,33.5,139.0,87.5,122.0,53.5,4.0,1.5,7.0,2.5,81.0,38.0,91.0,26.0,15.5,11.0,6.0,5.0,7.0,5.5,3.0,2.5,76.5,34.5,81.0,23.0,19.5,14.5,16.0,8.5,7.5,5.5,3.0,2.0,246.5,180.5,830.0,6,0,1,0,1,1,1,0,0,0,0,0,1,0,175.26,175.26,155.0,26.0,32.0,0,0,0,0,0,0,1,0,0,0,0,0,0,0,0,1,0,0,0,0,1,0,0,0
Red,True,0.509765625,0.0048828125,0.3981168365478515,0.3011805725097656,0.2437302017211914,0.0044705963134765,0.26776123046875,0.0518035888671875,0.0004920959472656,0.0,127.6117706298828,49.033424377441406,71.01510238647461,22.59217834472656,160.9073829650879,77.29217910766602,79.55130004882812,30.68807601928711,6.025524139404297,2.446517944335937,0.9101676940917968,0.0083885192871093,102.05665588378906,31.444202423095703,61.02117919921875,15.412361145019531,13.94705581665039,8.19430160522461,6.094581604003906,3.6033859252929688,11.60805892944336,9.394920349121094,3.899341583251953,3.5764312744140625,100.39374542236328,29.46323013305664,68.71431732177734,21.131580352783203,8.054603576660156,5.264682769775391,1.6654434204101562,0.979583740234375,19.16342163085937,14.305511474609377,0.6353416442871094,0.4810142517089844,223.1150550842285,0.5335502624511719,763.5802116394043,69,7,3,0,5,14,5,0,0,0,8,4,2,0,167.64,172.72,135.0,0.2734375,0.5,0.368515625,0.57734375,0.1811718749999999,0.059921875,0.2578125,0.0,0.0,0.0,99.90625,39.4296875,88.3359375,30.8828125,109.1796875,48.4609375,96.5234375,38.1875,0.6953125,0.6015625,3.3671875,0.453125,84.46875,28.609375,65.96875,18.6796875,10.1328125,6.2109375,8.140625,4.0625,5.3046875,4.609375,14.2265625,8.140625,94.3984375,35.2890625,81.2890625,26.9453125,1.453125,1.078125,2.8671875,1.78125,4.0546875,3.0625,4.1796875,2.15625,81.625,71.7109375,707.734375,31,8,7,0,7,7,1,0,0,0,5,2,0,0,170.18,177.8,135.0,34.0,29.0,0,0,1,0,0,0,0,0,0,0,0,0,0,0,0,1,0,0,0,0,1,0,0,0
Red,False,0.274169921875,0.78515625,0.4631787109375,0.49908447265625,0.4576025390625,0.061875,0.002197265625,0.001953125,0.0,0.00048828125,82.196044921875,36.890380859375,67.06298828125,35.3427734375,90.046875,44.3642578125,71.34765625,39.310791015625,1.695556640625,1.130859375,1.32080078125,0.25,59.615234375,23.600341796875,53.5595703125,23.440673828125,19.390380859375,11.305908203125,6.2373046875,5.017578125,3.1904296875,1.984130859375,7.26611328125,6.884521484375,55.31591796875,18.35791015625,52.364501953125,25.322509765625,2.3193359375,2.234130859375,13.522705078125,8.957763671875,24.560791015625,16.29833984375,1.17578125,1.0625,100.8251953125,29.565185546875,633.44189453125,23,0,1,0,3,9,4,0,0,0,1,7,1,0,198.12,200.66,255.0,0.457763671875,0.015625,0.55650634765625,0.46496826171875,0.4962841796875,0.167900390625,0.251953125,0.75048828125,0.0,0.0,155.055908203125,85.4609375,127.031982421875,63.4560546875,224.2177734375,145.228759765625,135.429443359375,70.82080078125,8.146728515625,3.243896484375,1.839111328125,0.5087890625,123.945068359375,59.51220703125,108.731689453125,50.8046875,7.85888671875,6.47021484375,15.765625,10.1171875,23.251953125,19.478515625,2.53466796875,2.5341796875,98.689697265625,46.732666015625,103.610595703125,48.47314453125,45.26953125,30.62744140625,23.05615234375,14.66650390625,11.0966796875,8.100830078125,0.365234375,0.31640625,413.362548828125,20.2158203125,829.751953125,27,6,7,0,7,11,2,0,0,0,2,9,0,0,185.42,195.58,240.0,33.0,33.0,0,0,0,0,1,0,0,0,0,0,0,0,0,0,0,1,0,0,0,0,1,0,0,0
Blue,True,0.375,0.0,0.5862499999999999,0.3078125,0.2271875,0.5625,1.25,0.1875,0.0,0.5,56.96875,30.25,42.6875,17.25,78.0,47.59375,62.75,35.125,3.3125,1.15625,1.4375,0.6875,40.09375,19.40625,36.40625,13.34375,7.125,3.71875,3.90625,2.0,9.75,7.125,2.375,1.90625,31.625,14.46875,30.78125,8.75,0.6875,0.3125,4.96875,3.0,24.65625,15.46875,6.9375,5.5,170.25,67.5625,561.6875,10,0,2,0,3,5,1,0,0,0,1,3,1,0,172.72,175.26,145.0,0.25,0.125,0.415,0.4028125,0.20421875,0.12140625,1.859375,0.0625,0.140625,0.03125,100.46875,42.390625,125.515625,50.484375,132.71875,72.21875,144.984375,69.109375,6.125,1.40625,1.796875,0.578125,80.671875,29.078125,99.5625,31.421875,13.140625,9.28125,14.265625,10.1875,6.65625,4.03125,11.6875,8.875,81.015625,26.359375,114.4375,43.890625,5.71875,4.46875,7.625,5.046875,13.734375,11.5625,3.453125,1.546875,316.703125,102.953125,1149.265625,23,2,0,2,5,5,2,0,1,0,3,0,1,0,167.64,167.64,135.0,28.0,29.0,0,0,0,0,0,0,0,0,0,0,1,0,0,0,0,1,0,0,0,0,1,0,0,0
Blue,False,0.0,0.0,0.4825,0.475,0.75,0.625,1.5,0.5,0.0,0.0,71.25,34.5,29.5,16.0,128.0,82.75,60.25,43.0,3.75,2.25,1.0,0.75,60.75,27.0,19.25,9.0,7.0,4.75,7.75,5.0,3.5,2.75,2.5,2.0,23.0,6.5,18.75,9.0,8.5,5.5,8.75,5.0,39.75,22.5,2.0,2.0,329.5,183.25,584.5,5,1,3,0,3,3,0,0,0,0,1,2,0,0,167.64,175.26,135.0,0.0,0.0,0.3725,0.2825,0.5,0.2299999999999999,1.0,1.25,0.5,0.5,26.0,18.75,19.75,11.25,59.5,50.0,33.5,22.5,1.0,1.0,2.25,1.0,19.75,13.5,18.5,10.0,4.75,3.75,0.75,0.75,1.5,1.5,0.5,0.5,7.25,4.25,8.0,4.25,4.25,3.75,1.75,0.75,14.5,10.75,10.0,6.25,194.0,123.5,371.0,7,1,2,0,2,2,1,0,0,0,0,2,0,0,167.64,172.72,145.0,26.0,34.0,0,0,0,0,0,0,0,0,0,0,1,0,0,0,0,1,0,0,0,0,0,0,1,0
Red,False,0.015625,0.0078125,0.487109375,0.315,0.455390625,0.1875,0.1875,0.6328125,0.0,0.0,140.7578125,70.4375,109.1796875,33.515625,151.2890625,80.140625,118.4609375,40.4140625,5.0625,1.9609375,4.921875,1.25,106.5078125,42.3671875,81.8046875,16.8671875,12.1171875,8.625,13.234375,7.90625,22.1328125,19.4453125,14.140625,8.7421875,117.671875,56.078125,100.0234375,30.21875,16.2890625,9.8515625,9.15625,3.296875,6.796875,4.5078125,0.0,0.0,72.2265625,50.703125,854.609375,20,0,0,1,7,7,1,0,0,1,4,1,1,0,165.1,167.64,135.0,0.26171875,0.0009765625,0.363740234375,0.34685546875,0.16966796875,0.18,0.1787109375,0.0166015625,0.0,0.0,342.6201171875,115.8564453125,243.4208984375,85.349609375,372.8994140625,142.861328125,250.1103515625,91.7802734375,6.0791015625,0.8662109375,7.53515625,2.0,288.181640625,75.97265625,214.08203125,66.365234375,31.5107421875,20.41796875,20.3017578125,11.3291015625,22.927734375,19.4658203125,9.037109375,7.6552734375,321.0703125,102.6337890625,231.724609375,79.23046875,17.7734375,10.71875,10.671875,6.09765625,3.7763671875,2.50390625,1.0244140625,0.021484375,161.79296875,19.0498046875,1282.171875,33,5,0,1,4,8,3,0,0,0,2,5,1,0,167.64,170.18,125.0,33.0,30.0,1,0,0,0,0,0,0,0,0,0,0,0,0,0,0,1,0,0,0,0,1,0,0,0
Red,False,0.5689678192138672,0.6875,0.539618320465088,0.3581414604187012,0.0020828247070312,0.1503924560546875,0.0058975219726562,0.251953125,3.814697265625e-06,0.001953125,127.22745132446288,67.71457290649414,224.65932273864743,77.80766105651855,131.9021873474121,71.49920654296875,232.34828567504883,84.99014663696289,0.0020980834960937,0.0020828247070312,1.2568702697753906,0.2092933654785156,94.04394340515135,39.21992874145508,170.4367713928223,42.77650260925293,14.831295013427734,11.859716415405272,18.577789306640625,9.211576461791992,18.35221290588379,16.63492774963379,35.64476203918457,25.819581985473636,118.65817260742188,61.8248405456543,205.4216289520264,68.01378059387207,5.656198501586914,4.178716659545898,7.943534851074219,3.809009552001953,2.9130802154541016,1.711015701293945,11.294158935546877,5.984870910644531,4.434995651245117,76.79661178588867,1219.7273597717283,49,13,16,0,16,16,4,0,0,0,2,11,3,0,187.96,195.58,185.0,0.03125,0.75,0.49984375,0.455,0.279375,0.27,0.875,0.0,0.0,0.0,182.34375,88.765625,165.78125,78.515625,245.53125,148.453125,177.9375,89.984375,5.78125,1.609375,4.78125,1.125,153.375,69.390625,131.21875,54.34375,15.640625,8.9375,25.421875,16.953125,13.328125,10.4375,9.140625,7.21875,129.515625,50.078125,138.75,61.984375,39.671875,28.609375,24.765625,14.578125,13.15625,10.078125,2.265625,1.953125,309.25,91.546875,1209.90625,23,3,4,0,4,6,1,0,0,1,2,1,2,0,180.34,182.88,235.0,41.0,37.0,0,0,0,0,0,1,0,0,0,0,0,0,0,0,0,0,0,1,0,0,1,0,0,0
Blue,False,1.0078125,0.015625,0.413984375,0.351875,0.5018750000000001,0.28796875,0.0703125,0.0,0.609375,0.0390625,122.9609375,50.1171875,106.5625,37.7265625,162.4140625,86.0546875,124.90625,54.3125,2.21875,1.359375,7.7890625,3.140625,99.8046875,31.9609375,86.609375,26.15625,11.6640625,8.1796875,14.453125,9.4609375,11.4921875,9.9765625,5.5,2.109375,101.3671875,38.09375,91.96875,28.8125,9.9140625,4.8359375,11.4765625,6.8359375,11.6796875,7.1875,3.1171875,2.078125,291.8515625,184.546875,1080.734375,21,1,5,0,5,6,2,0,0,2,1,1,2,0,175.26,180.34,185.0,0.010528564453125,0.5,0.4599740600585937,0.4949826049804687,0.3035089111328125,0.01798583984375,0.1253662109375,0.031494140625,0.0,0.0,85.9110107421875,39.68756103515625,90.75869750976562,45.6231689453125,112.103515625,62.47946166992188,104.54315185546876,58.95965576171875,6.64288330078125,3.260955810546875,0.20166015625,0.099395751953125,69.66549682617188,25.835174560546875,74.02645874023438,32.185028076171875,3.950897216796875,2.58807373046875,14.5533447265625,11.71270751953125,12.29461669921875,11.264312744140623,2.17889404296875,1.725433349609375,70.70977783203125,29.84716796875,73.95794677734375,31.62640380859375,8.093231201171875,5.623504638671875,11.633514404296877,9.08343505859375,7.108001708984375,4.216888427734375,5.167236328125,4.913330078125,292.6378173828125,19.8170166015625,677.8557434082031,43,3,4,0,6,12,4,0,1,2,4,5,0,0,175.26,175.26,185.0,24.0,32.0,0,0,0,0,0,0,0,0,0,1,0,0,0,0,0,0,0,1,0,0,0,0,1,0
Blue,False,0.0004901885986328,0.162109375,0.431190013885498,0.3988604736328125,0.3004567527770996,0.2473658752441406,0.09173583984375,0.02001953125,0.1096515655517578,0.0078468322753906,81.8479995727539,32.25858116149902,183.54984664916992,79.00321197509766,88.98471450805664,38.35945129394531,199.89712524414065,91.56885147094728,2.497568130493164,0.4771537780761719,2.21368408203125,0.7351531982421875,76.86630821228027,28.96830368041992,156.41212463378906,57.91393852233887,3.8057804107666016,2.1299991607666016,20.245723724365234,14.488687515258787,1.1759109497070312,1.1602783203125,6.891998291015625,6.6005859375,69.99814033508301,22.862916946411133,153.70494079589844,61.44802284240723,7.346368789672852,5.123056411743164,28.85852432250977,17.048221588134766,4.503490447998047,4.272607803344727,0.9863815307617188,0.5069675445556641,50.391828536987305,70.59845161437988,633.3014545440674,39,0,3,0,3,12,8,0,0,0,1,3,7,1,177.8,180.34,155.0,0.0316238403320312,0.1376953125,0.3395777368545532,0.4712714290618897,0.2472787237167358,0.3464609527587891,0.2041194438934326,0.0079970359802246,2.47955322265625e-05,0.0001225471496582,116.43604254722597,40.09450316429138,120.22115755081175,56.751782178878784,130.6513798236847,54.21114921569824,126.96293663978577,63.05087661743164,5.495316982269287,1.3217263221740725,2.416517734527588,1.1119489669799805,94.41219520568848,27.613340854644772,92.26604533195496,34.44036674499512,19.00944304466248,11.195334672927856,13.974290370941162,10.167934894561768,3.014404296875,1.28582763671875,13.98082184791565,12.1434805393219,106.20437860488892,32.00666308403015,108.10372424125671,47.84951162338257,6.979518890380859,4.927690505981445,9.05087161064148,6.1519317626953125,3.2521450519561768,3.160149574279785,3.066561698913574,2.7503387928009038,132.24833941459656,97.01326823234558,900.1977579593658,64,2,6,0,6,15,8,0,0,3,7,5,0,0,177.8,182.88,170.0,32.0,34.0,0,0,0,0,0,0,1,0,0,0,0,0,0,0,0,1,0,0,0,0,0,0,1,0
Red,False,0.0,0.0,0.28,0.42,0.33,0.66,0.0,0.0,2.0,1.0,94.0,27.0,116.0,49.0,102.0,33.0,126.0,59.0,3.0,1.0,3.0,2.0,80.0,16.0,71.0,28.0,4.0,3.0,12.0,6.0,10.0,8.0,33.0,15.0,89.0,24.0,110.0,46.0,4.0,3.0,5.0,2.0,1.0,0.0,1.0,1.0,208.0,162.0,900.0,3,1,0,1,0,0,1,0,0,0,0,0,0,0,177.8,177.8,170.0,0.0,0.0,0.5875,0.5075000000000001,0.6,0.75,0.25,0.5,0.0,0.0,32.5,16.25,26.75,14.5,41.0,23.5,58.75,43.75,3.25,1.25,1.0,1.0,27.0,11.75,22.25,12.75,3.75,3.25,1.5,0.5,1.75,1.25,3.0,1.25,20.25,7.25,13.5,4.0,6.25,4.5,3.0,1.0,6.0,4.5,10.25,9.5,71.0,148.75,342.5,5,0,2,0,2,2,1,0,0,0,0,1,1,0,182.88,180.34,170.0,29.0,20.0,0,0,0,0,0,0,1,0,0,0,0,0,0,0,0,1,0,0,0,0,1,0,0,0
Red,False,1.203125,0.0,0.56859375,0.3603125,0.125,0.04875,0.0,0.046875,0.0,0.0,42.421875,24.109375,35.5,11.921875,52.875,34.0625,39.5,14.921875,0.578125,0.25,3.28125,0.28125,24.703125,10.15625,20.203125,2.046875,9.921875,7.953125,7.71875,4.625,7.796875,6.0,7.578125,5.25,28.90625,12.890625,32.5625,10.109375,10.53125,8.53125,2.8125,1.78125,2.984375,2.6875,0.125,0.03125,29.4375,102.515625,375.0625,11,0,0,1,4,5,2,0,0,0,1,4,0,0,187.96,193.04,205.0,0.0625,0.25,0.5332812499999999,0.380078125,0.375,0.018984375,0.28125,0.28125,0.0078125,0.0,107.703125,54.0,50.9921875,15.78125,136.390625,77.734375,54.375,19.0703125,0.7734375,0.75,5.5703125,0.140625,88.90625,37.4921875,42.40625,11.3984375,7.2734375,7.0234375,3.265625,0.6015625,11.5234375,9.484375,5.3203125,3.78125,88.625,37.9765625,44.875,11.7421875,4.9375,4.7734375,0.703125,0.15625,14.140625,11.25,5.4140625,3.8828125,266.84375,70.6640625,697.765625,21,0,1,0,2,5,3,0,0,0,3,1,1,0,187.96,193.04,185.0,32.0,30.0,0,0,0,0,0,0,0,1,0,0,0,0,0,0,0,1,0,0,0,0,1,0,0,0
Red,False,0.033203125,0.2734375,0.32484375,0.5105078125,0.015625,0.606171875,0.0,0.142578125,0.125,0.0,61.048828125,27.634765625,60.98046875,30.37109375,65.798828125,32.322265625,82.07421875,49.666015625,0.072265625,0.03125,1.5703125,0.841796875,45.6640625,16.578125,48.794921875,21.05859375,13.111328125,9.384765625,8.373046875,5.94140625,2.2734375,1.671875,3.8125,3.37109375,58.9296875,25.634765625,51.1640625,21.552734375,1.943359375,1.84765625,1.697265625,1.302734375,0.17578125,0.15234375,8.119140625,7.515625,38.1875,49.962890625,311.19921875,20,0,0,1,2,4,6,0,0,1,1,2,0,0,170.18,177.8,155.0,0.0001335144042968,0.03125,0.4536528158187866,0.3971549606323242,0.1017213869094848,0.3943410158157348,0.467287540435791,0.3286309242248535,0.3164219856262207,0.0039091110229492,79.93965196609497,37.44482517242432,90.06173610687256,35.04387140274048,89.80660104751587,45.99603843688965,112.53320026397704,55.85579204559326,1.09857177734375,0.2966008186340332,6.095187187194824,1.6465468406677246,62.24022626876831,23.262797355651852,72.52158260345459,24.974346160888672,9.223892211914062,6.871290683746338,13.88251256942749,7.873828887939453,8.475533485412598,7.310737133026123,3.6576409339904794,2.195696353912353,72.77668809890747,32.42618989944458,79.07370710372925,26.92151260375977,4.801825523376465,2.675410270690918,3.5484118461608887,2.32029390335083,2.361138343811035,2.3432250022888184,7.439617156982422,5.802064895629883,68.83467054367065,233.0648512840271,764.8335013389587,52,0,2,0,7,14,8,0,0,1,5,2,6,0,172.72,180.34,155.0,37.0,32.0,0,0,0,0,0,0,1,0,0,0,0,0,0,0,0,0,0,1,0,0,0,0,1,0
Red,True,0.0,0.25,0.42,0.31,0.815,0.0,0.75,0.0,0.0,0.0,182.5,79.75,161.0,51.75,214.5,108.25,181.0,68.0,7.5,5.0,1.5,0.0,162.25,64.25,132.25,27.75,18.25,13.5,15.0,11.25,2.0,2.0,13.75,12.75,157.75,63.5,147.5,43.0,13.5,8.25,11.75,8.0,11.25,8.0,1.75,0.75,318.25,40.25,900.0,9,0,1,0,1,2,1,0,0,0,2,0,0,0,162.56,160.02,115.0,0.0625,0.0,0.495625,0.290625,0.0,0.1375,0.0,0.0625,0.0,0.0,302.9375,153.375,194.4375,61.0625,318.75,167.25,209.1875,73.8125,0.0,0.0,9.25,1.125,210.25,77.75,164.3125,41.25,43.125,33.8125,20.75,12.625,49.5625,41.8125,9.375,7.1875,271.875,132.875,182.25,53.25,27.75,18.1875,9.0625,4.875,3.3125,2.3125,3.125,2.9375,128.25,120.875,1147.625,16,3,5,0,5,5,0,0,0,1,2,2,0,0,167.64,165.1,115.0,27.0,28.0,0,0,0,0,0,0,0,0,0,0,0,0,0,1,0,1,0,0,0,0,1,0,0,0
Red,False,0.0,0.0,0.51,0.46,0.0,1.0,2.0,0.0,1.0,0.0,39.0,20.0,63.0,29.0,99.0,73.0,120.0,76.0,3.0,0.0,6.0,6.0,30.0,13.0,56.0,24.0,6.0,4.0,7.0,5.0,3.0,3.0,0.0,0.0,13.0,2.0,25.0,8.0,14.0,8.0,22.0,13.0,12.0,10.0,16.0,8.0,203.0,518.0,900.0,3,0,1,0,1,1,0,0,0,1,0,0,0,0,180.34,177.8,155.0,0.0,0.0,0.3,0.34,0.0,0.33,0.0,0.0,0.0,0.0,162.0,49.0,166.0,58.0,162.0,49.0,178.0,68.0,0.0,0.0,3.0,1.0,144.0,35.0,144.0,49.0,16.0,13.0,21.0,8.0,2.0,1.0,1.0,1.0,156.0,46.0,160.0,55.0,6.0,3.0,6.0,3.0,0.0,0.0,0.0,0.0,9.0,48.0,900.0,3,0,1,0,1,1,0,0,0,1,0,0,0,0,172.72,175.26,155.0,30.0,27.0,0,0,0,0,0,0,1,0,0,0,0,0,0,0,0,0,0,1,0,0,0,0,1,0
Red,True,0.015625,0.0,0.45,0.4275,0.25,0.2,0.148468017578125,0.098388671875,0.0,0.0,66.5,29.6875,64.31230545043945,27.34375,89.75,48.0,85.53125,44.41152191162109,2.0,0.75,2.0546875,0.75,51.1875,18.3359375,49.6123046875,16.280410766601562,7.5,5.07647705078125,7.5,5.0,4.5,3.625,4.984375,3.9375,48.6875,17.0,47.11572265625,16.5,5.75,3.75,5.3125,3.4375,5.0625,3.5,3.875,2.5,99.2119140625,94.125,638.5,0,0,0,0,0,0,0,0,0,0,0,0,0,0,185.42,193.04,205.0,0.0471682548522949,0.0,0.45,0.4217682266235352,0.25,0.19173828125,0.1875,0.125,0.0,0.0,69.5,30.5,66.984375,27.8466796875,94.0,48.544921875,88.50390625,44.75,2.0,0.8125,2.015625,0.6640625,54.0,19.01513671875,51.483436584472656,16.9437255859375,7.91796875,5.430633544921875,7.75,5.0625,4.780975341796875,3.9373779296875,4.8994140625,3.84375,51.025390625,18.400863647460938,50.515625,17.5,5.75,3.75,5.5,3.5,5.375,3.6875,4.0,2.65625,104.865234375,89.5,655.8441009521484,0,0,0,0,0,0,0,0,0,0,0,0,0,0,185.42,187.96,185.0,26.0,28.0,0,0,0,0,0,1,0,0,0,0,0,0,0,0,0,0,0,1,0,0,1,0,0,0
Blue,False,0.015625,0.0,0.45,0.4275,0.25,0.2,0.148468017578125,0.098388671875,0.0,0.0,66.5,29.6875,64.31230545043945,27.34375,89.75,48.0,85.53125,44.41152191162109,2.0,0.75,2.0546875,0.75,51.1875,18.3359375,49.6123046875,16.280410766601562,7.5,5.07647705078125,7.5,5.0,4.5,3.625,4.984375,3.9375,48.6875,17.0,47.11572265625,16.5,5.75,3.75,5.3125,3.4375,5.0625,3.5,3.875,2.5,99.2119140625,94.125,638.5,0,0,0,0,0,0,0,0,0,0,0,0,0,0,177.8,182.88,155.0,0.044921875,0.0315704345703125,0.369249382019043,0.3910929489135742,0.3801498413085937,0.1104280090332031,0.0,0.0625152587890625,7.62939453125e-06,7.62939453125e-06,119.35548782348631,43.326114654541016,162.92804336547852,62.40836715698242,126.41050338745116,49.37824249267578,169.47749710083008,68.38613891601562,1.1481666564941406,0.6308364868164062,1.6588973999023438,0.58001708984375,82.06302642822266,17.890972137451172,142.20484161376953,46.52082443237305,20.95990753173828,11.655990600585938,14.318099975585938,10.101730346679688,16.33255386352539,13.779151916503906,6.405101776123047,5.785812377929688,114.14478302001952,40.52792739868164,150.3479461669922,54.300079345703125,3.349620819091797,1.820343017578125,11.031017303466797,6.825885772705078,1.861083984375,0.97784423828125,1.5490798950195312,1.2824020385742188,39.22723388671875,73.56330871582031,870.2676467895508,48,1,3,0,3,11,8,0,0,2,4,4,0,1,172.72,175.26,155.0,29.0,31.0,0,0,0,0,0,0,1,0,0,0,0,0,0,0,0,1,0,0,0,0,1,0,0,0
Red,True,0.015625,0.0,0.45,0.4275,0.25,0.2,0.148468017578125,0.098388671875,0.0,0.0,66.5,29.6875,64.31230545043945,27.34375,89.75,48.0,85.53125,44.41152191162109,2.0,0.75,2.0546875,0.75,51.1875,18.3359375,49.6123046875,16.280410766601562,7.5,5.07647705078125,7.5,5.0,4.5,3.625,4.984375,3.9375,48.6875,17.0,47.11572265625,16.5,5.75,3.75,5.3125,3.4375,5.0625,3.5,3.875,2.5,99.2119140625,94.125,638.5,0,0,0,0,0,0,0,0,0,0,0,0,0,0,160.02,162.56,115.0,0.0471682548522949,0.0,0.45,0.4217682266235352,0.25,0.19173828125,0.1875,0.125,0.0,0.0,69.5,30.5,66.984375,27.8466796875,94.0,48.544921875,88.50390625,44.75,2.0,0.8125,2.015625,0.6640625,54.0,19.01513671875,51.483436584472656,16.9437255859375,7.91796875,5.430633544921875,7.75,5.0625,4.780975341796875,3.9373779296875,4.8994140625,3.84375,51.025390625,18.400863647460938,50.515625,17.5,5.75,3.75,5.5,3.5,5.375,3.6875,4.0,2.65625,104.865234375,89.5,655.8441009521484,0,0,0,0,0,0,0,0,0,0,0,0,0,0,165.1,167.64,115.0,24.0,25.0,0,0,0,0,0,0,0,0,0,0,0,0,0,1,0,0,0,0,1,0,0,0,1,0
Red,False,0.0,0.2857666015625,0.372857666015625,0.2802841186523437,0.2924383544921875,0.5006524658203125,0.69097900390625,0.2520294189453125,0.0002593994140625,0.250213623046875,34.57269287109375,14.53369140625,36.494232177734375,13.622344970703123,61.32893371582031,38.50675964355469,41.939544677734375,18.794464111328125,3.43548583984375,1.878448486328125,0.520294189453125,0.5050201416015625,31.867752075195312,12.271377563476562,33.90629577636719,12.025283813476562,1.3099365234375,1.150360107421875,1.388031005859375,0.6429290771484375,1.3950042724609375,1.1119537353515625,1.1999053955078125,0.954132080078125,26.124725341796875,8.813339233398438,28.097457885742188,8.029144287109375,0.356475830078125,0.3424072265625,1.9647064208984373,1.3537139892578125,8.09149169921875,5.377944946289063,6.43206787109375,4.2394866943359375,166.86244201660156,24.426040649414062,300.23719787597656,37,0,2,0,2,10,7,0,0,0,4,1,5,0,170.18,177.8,145.0,1.0,0.0,0.675,0.21,0.0,0.0,0.0,0.0,0.0,0.0,20.5,14.0,11.5,4.0,20.5,14.0,11.5,4.0,0.0,0.0,0.5,0.0,20.0,13.5,9.5,3.0,0.5,0.5,0.5,0.0,0.0,0.0,1.5,1.0,13.0,8.0,11.5,4.0,0.5,0.5,0.0,0.0,7.0,5.5,0.0,0.0,6.5,0.0,55.5,2,0,2,0,2,2,0,0,0,0,0,2,0,0,177.8,177.8,145.0,31.0,25.0,0,0,1,0,0,0,0,0,0,0,0,0,0,0,0,1,0,0,0,0,1,0,0,0
Blue,False,2.0,1.0,0.59,0.34,0.75,0.0,3.0,0.0,0.0,0.0,77.0,46.0,79.0,27.0,120.0,81.0,103.0,49.0,4.0,3.0,0.0,0.0,59.0,31.0,65.0,16.0,10.0,8.0,10.0,7.0,8.0,7.0,4.0,4.0,56.0,33.0,62.0,17.0,1.0,1.0,2.0,1.0,20.0,12.0,15.0,9.0,397.0,0.0,807.0,3,0,1,0,1,1,0,0,0,0,0,0,1,0,167.64,167.64,125.0,0.0078125,0.3125,0.5025000000000001,0.503125,0.0734375,0.54328125,0.6640625,0.296875,0.25,0.0,71.3515625,38.3125,84.8046875,42.8828125,93.1796875,57.0703125,121.8671875,76.1328125,2.78125,0.28125,3.9921875,2.6953125,41.2734375,15.6328125,57.7109375,22.578125,19.453125,14.7734375,13.1171875,9.4609375,10.625,7.90625,13.9765625,10.84375,46.671875,17.0703125,55.53125,20.4453125,15.078125,12.453125,12.6640625,9.34375,9.6015625,8.7890625,16.609375,13.09375,131.4296875,345.0859375,799.7421875,22,1,2,0,2,5,3,0,0,1,0,1,3,0,167.64,167.64,125.0,23.0,32.0,0,0,0,1,0,0,0,0,0,0,0,0,0,0,0,1,0,0,0,0,1,0,0,0
Red,False,0.0,0.0,0.62,0.74,0.18,0.44,0.0,1.0,0.0,0.0,32.0,20.0,31.0,23.0,53.0,41.0,57.0,47.0,11.0,2.0,9.0,4.0,25.0,14.0,12.0,6.0,5.0,5.0,8.0,8.0,2.0,1.0,11.0,9.0,20.0,12.0,19.0,13.0,12.0,8.0,5.0,5.0,0.0,0.0,7.0,5.0,336.0,400.0,886.0,3,1,0,1,0,0,1,0,0,0,0,0,0,0,167.64,167.64,145.0,0.039154052734375,0.953125,0.352691650390625,0.4535751342773437,0.251312255859375,0.20219482421875,0.040740966796875,0.016143798828125,0.000152587890625,0.00030517578125,54.853759765625,18.618865966796875,75.39132690429688,31.10018920898437,61.398681640625,24.85980224609375,88.34683227539062,41.47344970703125,10.23309326171875,1.70513916015625,2.987091064453125,1.023651123046875,44.832916259765625,13.72027587890625,63.919708251953125,22.871612548828125,8.582855224609375,3.513336181640625,9.38751220703125,6.7451171875,1.43798828125,1.38525390625,2.0841064453125,1.48345947265625,48.938018798828125,15.213287353515623,56.350128173828125,17.18695068359375,5.184844970703125,2.949920654296875,11.8865966796875,8.587493896484375,0.73089599609375,0.455657958984375,7.15460205078125,5.32574462890625,116.91781616210938,92.6876220703125,659.7369384765625,45,2,0,1,8,9,7,0,0,3,5,1,0,0,175.26,177.8,155.0,34.0,37.0,0,0,1,0,0,0,0,0,0,0,0,0,0,0,0,1,0,0,0,0,1,0,0,0
Blue,False,0.0,0.265625,0.34328125,0.5596875,0.25828125,0.3484375,0.84375,0.09375,0.015625,0.0,113.40625,43.1875,82.78125,48.265625,138.921875,65.453125,98.125,62.828125,3.15625,1.078125,4.359375,0.953125,94.984375,29.046875,55.15625,25.71875,16.78125,12.5,11.921875,8.921875,1.640625,1.640625,15.703125,13.625,95.65625,29.375,68.359375,35.75,8.296875,7.703125,9.734375,8.890625,9.453125,6.109375,4.6875,3.625,181.234375,89.40625,636.0,17,0,0,1,4,5,2,0,0,1,3,0,1,0,175.26,195.58,170.0,0.0,0.25,0.399375,0.424375,0.1987499999999999,0.08,1.125,0.1875,0.0,0.0625,94.25,39.375,66.3125,25.5625,116.75,60.0625,79.9375,37.6875,3.8125,0.6875,3.1875,0.5,73.625,25.75,45.25,13.3125,11.6875,6.4375,14.6875,7.6875,8.9375,7.1875,6.375,4.5625,63.3125,19.1875,53.6875,17.9375,6.1875,3.375,3.875,1.625,24.75,16.8125,8.75,6.0,175.6875,131.5625,704.625,11,0,2,0,2,4,1,0,0,0,0,0,3,1,180.34,185.42,170.0,23.0,21.0,0,0,0,0,0,0,1,0,0,0,0,0,0,0,0,1,0,0,0,0,1,0,0,0
Blue,False,0.015625,0.0,0.45,0.4275,0.25,0.2,0.148468017578125,0.098388671875,0.0,0.0,66.5,29.6875,64.31230545043945,27.34375,89.75,48.0,85.53125,44.41152191162109,2.0,0.75,2.0546875,0.75,51.1875,18.3359375,49.6123046875,16.280410766601562,7.5,5.07647705078125,7.5,5.0,4.5,3.625,4.984375,3.9375,48.6875,17.0,47.11572265625,16.5,5.75,3.75,5.3125,3.4375,5.0625,3.5,3.875,2.5,99.2119140625,94.125,638.5,0,0,0,0,0,0,0,0,0,0,0,0,0,0,187.96,187.96,205.0,0.0471682548522949,0.0,0.45,0.4217682266235352,0.25,0.19173828125,0.1875,0.125,0.0,0.0,69.5,30.5,66.984375,27.8466796875,94.0,48.544921875,88.50390625,44.75,2.0,0.8125,2.015625,0.6640625,54.0,19.01513671875,51.483436584472656,16.9437255859375,7.91796875,5.430633544921875,7.75,5.0625,4.780975341796875,3.9373779296875,4.8994140625,3.84375,51.025390625,18.400863647460938,50.515625,17.5,5.75,3.75,5.5,3.5,5.375,3.6875,4.0,2.65625,104.865234375,89.5,655.8441009521484,0,0,0,0,0,0,0,0,0,0,0,0,0,0,190.5,190.5,205.0,31.0,28.0,0,0,0,0,0,1,0,0,0,0,0,0,0,0,0,1,0,0,0,0,1,0,0,0
Red,False,0.0,0.0,0.41,0.495,0.2,0.165,0.0,0.5,0.5,0.0,60.0,31.0,61.5,35.0,65.0,35.5,92.0,63.5,2.5,1.0,1.5,0.5,46.0,21.0,48.5,25.5,11.0,7.5,10.0,6.5,3.0,2.5,3.0,3.0,48.0,21.5,42.5,19.5,7.5,5.5,9.5,6.0,4.5,4.0,9.5,9.5,120.5,121.0,506.0,4,0,0,1,1,1,1,0,0,0,1,0,0,0,193.04,193.04,205.0,0.015625,0.96875,0.403984375,0.43671875,0.42546875,0.0,0.0078125,0.0,0.0,0.0,43.703125,18.3046875,38.203125,15.5,66.3046875,38.1640625,69.8359375,41.6953125,3.5625,1.921875,0.1640625,0.0,32.8125,13.359375,30.9140625,10.4921875,6.15625,2.34375,3.78125,2.453125,4.734375,2.6015625,3.5078125,2.5546875,27.3125,8.734375,27.5,9.015625,0.6328125,0.3515625,1.484375,0.828125,15.7578125,9.21875,9.21875,5.65625,257.015625,32.078125,621.1796875,16,1,3,0,3,5,3,0,0,1,3,0,1,0,185.42,198.12,185.0,27.0,31.0,0,0,0,0,0,0,0,1,0,0,0,0,0,0,0,1,0,0,0,0,0,0,1,0
Red,False,0.0,1.0,0.68,0.52,0.33,0.0,0.0,0.0,0.0,0.0,25.0,17.0,21.0,11.0,40.0,31.0,23.0,13.0,3.0,1.0,0.0,0.0,14.0,8.0,14.0,5.0,8.0,6.0,4.0,3.0,3.0,3.0,3.0,3.0,11.0,5.0,11.0,8.0,7.0,5.0,2.0,1.0,7.0,7.0,8.0,2.0,170.0,3.0,276.0,1,0,0,1,0,0,1,0,0,0,0,0,0,0,180.34,180.34,170.0,0.75,0.5,0.4425,0.43,0.5725,0.10875,0.0,0.75,0.0,0.0,118.625,55.75,77.0,34.875,128.375,64.875,109.625,64.125,2.25,1.0,2.5,0.625,99.375,42.25,68.5,29.0,9.625,6.125,5.25,3.125,9.625,7.375,3.25,2.75,100.375,44.25,66.875,27.125,3.125,1.25,4.25,3.0,15.125,10.25,5.875,4.75,82.625,175.375,614.75,10,0,1,0,1,2,2,0,0,1,0,1,0,0,182.88,180.34,170.0,29.0,28.0,0,0,0,0,0,0,0,0,0,1,0,0,0,0,0,1,0,0,0,0,1,0,0,0
Blue,True,0.0,0.25,0.435,0.4575,0.2675,0.0,0.0,0.0,0.0,0.0,95.5,40.75,128.25,59.25,123.5,63.75,174.25,103.0,11.5,3.75,0.75,0.0,70.0,23.0,95.25,33.25,17.5,10.5,21.25,14.5,8.0,7.25,11.75,11.5,84.75,33.75,112.25,50.25,8.75,5.5,13.25,7.5,2.0,1.5,2.75,1.5,295.0,29.25,900.0,9,0,0,1,2,2,1,0,0,2,0,0,0,0,175.26,175.26,155.0,0.1021728515625,3.814697265625e-06,0.5701018905639648,0.4290546035766601,0.385781021118164,0.0486587905883789,0.0943183898925781,0.001983642578125,3.814697265625e-06,7.62939453125e-06,86.44950103759766,48.41703414916992,64.13225936889648,19.726123809814453,110.13018417358398,69.58319091796875,80.85261154174805,35.74687957763672,2.9117088317871094,2.592025756835937,1.1522445678710938,0.2076454162597656,62.90825653076172,29.25038146972656,55.59758758544922,13.556507110595703,13.716094970703123,10.275718688964844,6.199226379394531,3.987827301025391,9.825149536132812,8.890933990478516,2.3354454040527344,2.18178939819336,60.46612548828125,31.16046524047852,62.2564697265625,18.72910690307617,5.923088073730469,3.686691284179688,1.187480926513672,0.6451225280761719,20.060287475585938,13.56987762451172,0.6883087158203125,0.3518943786621094,290.2420425415039,29.30783462524414,573.6716117858887,49,2,0,2,5,14,5,0,0,0,8,4,2,0,172.72,177.8,155.0,32.0,31.0,0,0,0,0,0,0,1,0,0,0,0,0,0,0,0,1,0,0,0,0,0,0,1,0
Blue,False,0.0,0.0,0.54,0.42125,0.125,0.125,0.5,0.0,0.0,0.0,109.875,40.625,146.125,61.625,111.875,42.5,149.5,64.625,3.875,0.25,2.125,0.375,71.875,19.125,118.625,43.875,21.125,8.625,18.75,9.625,16.875,12.875,8.75,8.125,107.625,38.625,140.625,58.75,1.5,1.25,3.25,1.375,0.75,0.75,2.25,1.5,8.375,24.5,593.125,8,0,0,1,1,1,3,0,0,0,0,1,0,0,167.64,165.1,135.0,0.5,0.0,0.43875,0.55125,0.41625,0.46,1.625,1.625,1.375,0.5,43.0,18.375,40.125,19.75,87.25,56.5,67.5,44.625,5.125,2.375,6.5,2.5,38.375,14.875,27.375,10.375,4.25,3.125,9.125,6.875,0.375,0.375,3.625,2.5,24.5,5.375,30.75,11.75,7.375,5.125,4.25,3.375,11.125,7.875,5.125,4.625,388.5,248.625,862.375,11,0,2,0,2,2,2,0,0,1,0,0,1,0,170.18,177.8,135.0,29.0,29.0,1,0,0,0,0,0,0,0,0,0,0,0,0,0,0,1,0,0,0,0,1,0,0,0
Blue,False,0.5,0.0625,0.5973437500000001,0.59125,0.26171875,0.187265625,0.0,0.03125,0.03125,0.0078125,32.2265625,19.390625,8.875,5.6015625,36.796875,23.2734375,19.28125,14.5390625,0.7109375,0.265625,5.2421875,1.3515625,28.4453125,17.25,6.640625,3.8046875,3.734375,2.109375,1.1171875,0.9296875,0.046875,0.03125,1.1171875,0.8671875,9.8359375,4.3359375,2.703125,0.6640625,7.4453125,6.1875,1.7109375,1.3359375,14.9453125,8.8671875,4.4609375,3.6015625,55.625,180.4140625,304.2734375,12,0,2,0,3,6,2,0,0,0,0,6,0,0,190.5,200.66,260.0,0.19439697265625,0.06256103515625,0.381553955078125,0.4676187133789062,0.1102593994140625,0.0104345703124999,0.00048828125,0.0,0.0,0.0,105.93505859375,41.24478149414063,132.44351196289062,66.71905517578125,114.91311645507812,49.46368408203125,150.55642700195312,84.3150634765625,3.8858642578125,1.063018798828125,1.3924560546875,0.05548095703125,93.395751953125,31.704620361328125,103.05245971679688,41.9151611328125,7.35504150390625,5.43450927734375,22.26904296875,18.94805908203125,5.18426513671875,4.10565185546875,7.12200927734375,5.8558349609375,90.14614868164062,32.0438232421875,100.99472045898438,40.885162353515625,14.738037109375,8.40289306640625,31.25213623046875,25.65292358398437,1.050872802734375,0.798065185546875,0.1966552734375,0.18096923828125,124.48260498046876,130.358642578125,997.03369140625,37,1,2,0,3,8,8,0,0,0,1,7,0,0,182.88,185.42,263.0,31.0,40.0,0,0,0,0,1,0,0,0,0,0,0,0,0,0,0,1,0,0,0,0,1,0,0,0
Red,False,0.0,0.0,0.436875,0.52125,0.023125,0.6599999999999999,0.3125,0.5625,0.1875,0.25,88.0625,41.0625,82.1875,39.875,114.4375,63.625,120.125,73.4375,2.8125,0.1875,5.1875,2.875,61.75,21.75,72.0,32.0,11.5,8.25,8.5,6.1875,14.8125,11.0625,1.6875,1.6875,76.4375,32.4375,64.4375,25.8125,10.0,8.125,5.6875,4.375,1.625,0.5,12.0625,9.6875,116.5,318.375,744.0,13,0,0,2,2,2,3,0,0,0,1,0,1,0,177.8,185.42,155.0,0.25,0.0,0.345,0.44,0.0,0.285,0.75,0.0,0.0,0.0,67.25,24.25,78.0,39.25,79.25,36.25,88.0,48.75,0.0,0.0,4.0,2.0,61.25,18.5,67.25,30.5,5.0,4.75,5.0,3.75,1.0,1.0,5.75,5.0,58.5,18.5,46.75,19.0,7.25,4.5,11.25,6.75,1.5,1.25,20.0,13.5,4.25,298.75,523.0,5,0,2,0,2,2,1,0,0,0,0,1,1,0,177.8,185.42,155.0,30.0,28.0,0,0,0,0,0,0,1,0,0,0,0,0,0,0,0,1,0,0,0,0,1,0,0,0
Red,False,0.0,0.0,0.2,0.38,0.0,1.0,0.0,1.0,0.0,0.0,5.0,1.0,13.0,5.0,6.0,2.0,58.0,40.0,0.0,0.0,2.0,2.0,5.0,1.0,12.0,4.0,0.0,0.0,0.0,0.0,0.0,0.0,1.0,1.0,4.0,0.0,3.0,1.0,0.0,0.0,0.0,0.0,1.0,1.0,10.0,4.0,0.0,256.0,270.0,1,0,0,1,0,0,1,0,0,0,0,0,0,0,185.42,185.42,155.0,0.283203125,0.5,0.544931640625,0.33578125,0.0,0.0123828125,0.0,0.001953125,0.0,0.0,156.7275390625,87.5859375,200.0224609375,65.25,159.1142578125,89.4609375,200.1982421875,65.421875,0.25,0.0,1.6748046875,0.1279296875,85.388671875,33.8916015625,164.8046875,38.8212890625,50.2705078125,35.064453125,16.99609375,10.150390625,21.068359375,18.6298828125,18.2216796875,16.2783203125,147.7744140625,83.009765625,196.9677734375,63.0517578125,4.8095703125,2.4189453125,2.9609375,2.1357421875,4.1435546875,2.1572265625,0.09375,0.0625,9.12890625,17.8759765625,719.1630859375,26,0,2,0,3,6,5,0,0,0,3,3,0,0,172.72,172.72,155.0,31.0,31.0,0,0,0,0,0,0,1,0,0,0,0,0,0,0,0,1,0,0,0,0,1,0,0,0
Blue,False,1.0,0.0,0.515,0.605,0.065,0.5,0.0,0.0,0.5,0.0,105.5,51.5,94.0,54.5,121.0,61.0,111.5,66.5,8.5,1.0,1.0,0.5,89.0,38.0,77.0,41.0,6.0,4.5,2.5,2.0,10.5,9.0,14.5,11.5,87.0,39.0,84.5,46.0,12.0,6.5,3.5,3.0,6.5,6.0,6.0,5.5,36.5,66.0,578.5,4,0,2,0,2,2,0,0,0,1,0,1,0,0,182.88,195.58,170.0,0.0137939453125,0.67193603515625,0.4430645751953125,0.3865960693359375,0.1921585083007812,0.0568157958984375,0.594970703125,0.06451416015625,0.7657470703125,0.0,103.94424438476562,45.966156005859375,126.95236206054688,36.565216064453125,114.12261962890624,55.19552612304688,150.49667358398438,57.2021484375,2.5133056640625,0.75762939453125,2.872894287109375,0.54766845703125,88.28326416015625,34.258758544921875,115.5755615234375,29.050445556640625,7.61944580078125,4.292938232421875,8.3741455078125,5.625885009765625,8.041534423828125,7.414459228515625,3.002655029296875,1.888885498046875,86.35012817382812,32.274322509765625,115.50167846679688,28.626434326171875,13.283111572265623,9.537994384765623,3.325225830078125,2.35321044921875,4.311004638671875,4.153839111328125,8.125457763671875,5.5855712890625,81.1488037109375,205.9395751953125,737.4144592285156,33,0,0,1,4,10,6,0,0,1,2,5,2,0,182.88,187.96,170.0,34.0,40.0,0,0,0,0,0,0,0,0,0,1,0,0,0,0,0,1,0,0,0,0,1,0,0,0
Red,False,0.0,0.0,0.42,0.56,0.75,0.0,3.0,2.0,0.0,0.0,109.0,46.0,105.0,59.0,146.0,73.0,179.0,127.0,4.0,3.0,1.0,0.0,77.0,24.0,80.0,39.0,25.0,19.0,17.0,15.0,7.0,3.0,8.0,5.0,84.0,30.0,67.0,32.0,19.0,13.0,14.0,8.0,6.0,3.0,24.0,19.0,163.0,207.0,900.0,3,1,0,1,0,0,1,0,0,0,0,0,0,0,165.1,165.1,135.0,0.5,0.5,0.3575,0.2675,0.25,0.0,0.0,0.75,0.0,0.0,57.5,18.5,27.75,12.25,58.75,19.25,28.75,13.25,2.75,0.25,0.0,0.0,45.5,11.75,24.0,9.75,6.0,2.0,2.5,2.0,6.0,4.75,1.25,0.5,47.5,13.25,24.0,9.25,7.25,3.75,3.75,3.0,2.75,1.5,0.0,0.0,19.5,2.5,172.25,3,0,0,1,1,1,2,0,0,0,0,1,0,0,172.72,175.26,135.0,31.0,30.0,1,0,0,0,0,0,0,0,0,0,0,0,0,0,0,1,0,0,0,0,1,0,0,0
Red,False,0.0,0.0,0.3,0.42,0.0,0.33,0.0,0.0,0.0,0.0,86.0,26.0,126.0,54.0,97.0,37.0,137.0,64.0,1.0,0.0,3.0,1.0,67.0,17.0,104.0,37.0,12.0,5.0,11.0,8.0,7.0,4.0,11.0,9.0,83.0,25.0,118.0,51.0,3.0,1.0,8.0,3.0,0.0,0.0,0.0,0.0,50.0,56.0,900.0,3,0,0,1,0,0,1,0,0,0,0,0,0,0,172.72,180.34,155.0,0.0,1.0,0.38,0.4525,0.45,0.5,0.75,0.0,0.0,0.0,68.625,24.625,107.0,52.875,78.625,33.0,119.75,64.125,5.125,1.875,1.125,1.0,50.875,12.875,86.0,39.0,10.125,5.75,15.625,8.875,7.625,6.0,5.375,5.0,60.0,20.0,94.625,44.25,6.25,3.25,7.625,5.375,2.375,1.375,4.75,3.25,177.625,107.375,813.125,10,0,3,0,3,3,1,0,0,0,1,0,2,0,177.8,180.34,170.0,25.0,29.0,0,0,0,0,0,0,1,0,0,0,0,0,0,0,0,1,0,0,0,0,1,0,0,0
Red,False,0.015625,0.0,0.45,0.4275,0.25,0.2,0.148468017578125,0.098388671875,0.0,0.0,66.5,29.6875,64.31230545043945,27.34375,89.75,48.0,85.53125,44.41152191162109,2.0,0.75,2.0546875,0.75,51.1875,18.3359375,49.6123046875,16.280410766601562,7.5,5.07647705078125,7.5,5.0,4.5,3.625,4.984375,3.9375,48.6875,17.0,47.11572265625,16.5,5.75,3.75,5.3125,3.4375,5.0625,3.5,3.875,2.5,99.2119140625,94.125,638.5,0,0,0,0,0,0,0,0,0,0,0,0,0,0,180.34,182.88,170.0,0.65625,0.375,0.65,0.436875,0.125,0.546875,0.0,0.03125,0.0,0.0,49.28125,30.625,39.96875,15.25,53.84375,35.1875,43.15625,18.3125,0.125,0.125,0.96875,0.5625,36.75,20.46875,32.8125,10.53125,9.1875,7.71875,5.625,3.8125,3.34375,2.4375,1.53125,0.90625,31.34375,17.15625,32.1875,10.6875,13.0,9.90625,6.03125,4.0,4.9375,3.5625,1.75,0.5625,40.3125,35.15625,268.78125,10,0,1,0,2,4,2,0,0,0,1,3,0,0,182.88,185.42,170.0,27.0,34.0,0,0,0,0,0,0,0,0,0,1,0,0,0,0,0,1,0,0,0,0,0,0,1,0
Red,False,0.0,0.75,0.6300000000000001,0.6525,0.185,0.25,1.5,1.75,0.75,1.25,12.25,8.25,18.75,10.25,30.25,24.5,35.5,24.25,4.25,1.5,1.0,0.5,8.75,5.25,14.5,7.0,2.75,2.75,3.5,2.5,0.75,0.25,0.75,0.75,6.25,3.0,7.25,2.25,2.5,2.0,4.75,3.25,3.5,3.25,6.75,4.75,217.25,238.0,534.75,5,0,0,2,1,1,2,0,0,0,1,0,0,0,172.72,182.88,135.0,0.125,0.0,0.56328125,0.44671875,0.244375,0.74609375,0.9375,0.25,1.0703125,0.53125,39.2265625,18.390625,55.7265625,22.8046875,49.2890625,27.703125,79.78125,42.203125,2.46875,1.09375,3.9296875,2.71875,29.6796875,12.59375,38.8515625,12.3359375,6.7578125,4.109375,13.46875,8.6640625,2.7890625,1.6875,3.40625,1.8046875,23.2734375,8.2265625,36.328125,12.6796875,4.6953125,2.5390625,7.8671875,4.9453125,11.2578125,7.625,11.53125,5.1796875,135.703125,242.828125,559.0,20,0,0,1,1,4,4,0,0,0,2,1,1,0,172.72,185.42,135.0,36.0,28.0,1,0,0,0,0,0,0,0,0,0,0,0,0,0,0,1,0,0,0,0,1,0,0,0
Red,False,0.0,0.0,0.56,0.42,0.0,0.75,2.0,3.0,0.0,0.0,105.0,59.0,109.0,46.0,179.0,127.0,146.0,73.0,1.0,0.0,4.0,3.0,80.0,39.0,77.0,24.0,17.0,15.0,25.0,19.0,8.0,5.0,7.0,3.0,67.0,32.0,84.0,30.0,14.0,8.0,19.0,13.0,24.0,19.0,6.0,3.0,207.0,163.0,900.0,3,1,1,0,1,1,0,0,0,0,1,0,0,0,170.18,165.1,135.0,0.0,0.0,0.415,0.405,0.625,0.5,0.0,1.0,0.5,0.0,76.0,30.5,58.5,24.0,106.0,57.0,86.5,48.5,2.5,1.0,1.5,0.5,57.5,17.5,44.5,15.5,13.0,8.0,9.0,5.0,5.5,5.0,5.0,3.5,50.5,14.0,38.0,10.5,12.0,8.5,4.5,4.0,13.5,8.0,16.0,9.5,175.0,294.5,900.0,6,0,2,0,2,2,0,0,0,1,1,0,0,0,172.72,175.26,125.0,33.0,30.0,1,0,0,0,0,0,0,0,0,0,0,0,0,0,0,1,0,0,0,0,1,0,0,0
Red,False,1.0,0.0,0.44,0.25,0.0,0.0,0.0,0.0,0.0,0.0,9.0,4.0,8.0,2.0,9.0,4.0,8.0,2.0,0.0,0.0,0.0,0.0,9.0,4.0,3.0,0.0,0.0,0.0,1.0,0.0,0.0,0.0,4.0,2.0,8.0,3.0,8.0,2.0,0.0,0.0,0.0,0.0,1.0,1.0,0.0,0.0,1.0,0.0,30.0,1,0,1,0,1,1,0,0,0,0,0,1,0,0,182.88,187.96,155.0,0.0,0.0,0.475,0.565,0.0,0.35,1.0,0.0,0.0,0.5,41.5,20.0,36.5,21.0,52.5,31.0,50.0,34.0,0.0,0.0,5.5,3.5,27.5,9.5,28.0,15.5,10.5,7.5,5.0,3.5,3.5,3.0,3.5,2.0,33.0,14.0,25.0,13.5,2.0,1.5,6.5,3.5,6.5,4.5,5.0,4.0,114.5,268.5,516.5,4,0,0,1,1,1,1,0,0,0,0,0,1,0,180.34,190.5,170.0,26.0,24.0,0,0,0,0,0,0,0,0,0,1,0,0,0,0,0,1,0,0,0,0,1,0,0,0
Blue,False,0.0,0.0,0.41625,0.38875,0.493125,0.0424999999999999,0.0,0.375,0.125,0.0625,126.9375,50.25,80.5625,31.6875,168.1875,88.4375,94.25,44.3125,3.375,1.6875,4.1875,0.25,99.3125,27.375,59.1875,18.0625,14.6875,10.1875,13.25,5.5,12.9375,12.6875,8.125,8.125,101.0,28.5,75.5,27.8125,16.3125,14.75,4.125,3.0,9.625,7.0,0.9375,0.875,122.125,166.1875,881.1875,14,0,1,0,3,4,1,0,0,1,3,0,0,0,185.42,195.58,185.0,0.0,0.015625,0.55578125,0.44875,0.4815625,0.45875,1.0,0.484375,1.03125,0.765625,45.1875,26.109375,22.3125,11.4375,78.40625,56.515625,61.96875,46.0625,3.921875,1.78125,3.828125,2.296875,40.984375,22.859375,14.28125,4.9375,3.484375,2.578125,3.8125,3.28125,0.71875,0.671875,4.21875,3.21875,12.203125,3.4375,11.203125,3.578125,4.046875,2.984375,0.328125,0.203125,28.9375,19.6875,10.78125,7.65625,316.25,327.5625,734.359375,15,0,1,0,1,4,3,0,0,0,1,1,2,0,193.04,193.04,185.0,26.0,29.0,0,0,0,0,0,0,0,1,0,0,0,0,0,0,0,0,0,1,0,0,0,0,0,1
Red,False,0.015625,0.0,0.45,0.4275,0.25,0.2,0.148468017578125,0.098388671875,0.0,0.0,66.5,29.6875,64.31230545043945,27.34375,89.75,48.0,85.53125,44.41152191162109,2.0,0.75,2.0546875,0.75,51.1875,18.3359375,49.6123046875,16.280410766601562,7.5,5.07647705078125,7.5,5.0,4.5,3.625,4.984375,3.9375,48.6875,17.0,47.11572265625,16.5,5.75,3.75,5.3125,3.4375,5.0625,3.5,3.875,2.5,99.2119140625,94.125,638.5,0,0,0,0,0,0,0,0,0,0,0,0,0,0,185.42,190.5,205.0,0.0,0.0,0.6599999999999999,0.365,0.625,0.0,0.5,0.0,0.0,0.0,46.0,28.0,32.5,11.0,92.5,64.0,36.0,13.0,5.0,3.0,0.0,0.0,36.5,21.5,22.5,5.5,7.5,5.0,4.0,2.5,2.0,1.5,6.0,3.0,25.5,12.0,29.5,10.0,11.0,6.5,3.0,1.0,9.5,9.5,0.0,0.0,151.5,14.5,336.5,3,0,2,0,2,2,0,0,0,0,0,1,1,0,190.5,195.58,205.0,22.0,29.0,0,0,0,0,0,1,0,0,0,0,0,0,0,0,0,0,0,1,0,0,1,0,0,0
Blue,False,0.5,0.0,0.5525,0.5275,0.5,0.0,0.0,0.25,0.0,0.0,131.75,75.0,81.75,46.0,225.75,153.5,110.5,71.75,3.0,2.0,0.75,0.0,82.25,39.5,64.0,32.75,22.25,15.25,8.5,6.5,27.25,20.25,9.25,6.75,88.0,47.5,65.25,35.0,26.5,18.25,10.5,6.5,17.25,9.25,6.0,4.5,412.5,13.25,697.5,7,0,1,0,1,2,1,0,0,0,2,0,0,0,167.64,165.1,125.0,0.25,0.0,0.3612499999999999,0.4125,0.475,0.025,0.25,0.125,0.125,0.125,246.625,86.5,307.875,137.875,270.75,106.0,320.875,149.375,3.25,1.0,1.0,0.125,210.375,61.5,218.875,67.375,25.625,16.875,44.625,34.125,10.625,8.125,44.375,36.375,228.125,76.125,287.25,125.875,14.125,7.0,19.5,11.25,4.375,3.375,1.125,0.75,124.5,155.875,1200.0,14,1,3,0,3,3,1,0,0,1,2,0,0,0,170.18,172.72,115.0,30.0,33.0,0,0,0,0,0,0,0,0,0,0,0,0,1,0,0,1,0,0,0,0,1,0,0,0
Blue,False,1.2578125,0.25,0.524609375,0.39953125,0.1215625,0.00296875,0.0,0.0078125,0.0078125,0.0078125,58.1484375,29.8046875,35.0078125,14.3125,63.125,33.828125,41.671875,19.8359375,0.875,0.34375,2.3671875,0.0390625,47.171875,21.640625,21.4375,5.25,8.5234375,5.8046875,5.0,1.9453125,2.453125,2.359375,8.5703125,7.1171875,48.109375,22.5859375,28.7109375,9.4765625,4.71875,3.4296875,6.1015625,4.7109375,5.3203125,3.7890625,0.1953125,0.125,45.4140625,32.9140625,334.3515625,15,0,1,0,6,7,1,0,0,0,2,5,0,0,182.88,190.5,170.0,0.25,0.53125,0.3826123046875,0.3818408203125,0.1732958984374999,0.0117578125,0.0361328125,0.00048828125,0.00048828125,0.03173828125,178.06787109375,68.63330078125,135.294921875,53.8896484375,186.0771484375,75.88037109375,143.75146484375,61.46044921875,3.24951171875,0.52490234375,1.70458984375,0.14453125,150.2392578125,53.34619140625,119.13232421875,43.29150390625,23.3486328125,11.72705078125,6.8759765625,2.79345703125,4.47998046875,3.56005859375,9.28662109375,7.8046875,162.32275390625,58.31103515625,125.2685546875,48.59716796875,12.0439453125,7.77734375,6.3603515625,2.66748046875,3.701171875,2.544921875,3.666015625,2.625,38.734375,41.21728515625,1023.58984375,33,1,1,0,5,9,3,0,0,0,5,3,1,0,182.88,193.04,170.0,33.0,26.0,0,0,0,0,0,0,0,0,0,1,0,0,0,0,0,1,0,0,0,0,1,0,0,0
Red,False,0.1875,0.5625,0.419375,0.6125,0.0,0.0625,0.125,0.0,0.0,0.0,44.4375,21.5,41.5,21.3125,55.125,31.25,46.0,25.4375,0.5625,0.0,0.125,0.0625,36.125,15.25,31.125,12.6875,5.8125,4.25,8.5625,7.0625,2.5,2.0,1.8125,1.5625,34.4375,13.8125,34.5,15.8125,9.75,7.5625,6.8125,5.3125,0.25,0.125,0.1875,0.1875,52.0,6.4375,193.3125,9,0,0,2,2,2,3,0,0,0,0,2,0,0,185.42,187.96,205.0,0.5,0.5,0.205,0.445,0.0,0.0,0.0,0.0,0.0,0.0,6.5,2.5,5.5,2.0,6.5,2.5,5.5,2.0,0.0,0.0,0.0,0.0,4.5,1.5,3.0,0.5,1.5,0.5,2.0,1.0,0.5,0.5,0.5,0.5,6.5,2.5,5.5,2.0,0.0,0.0,0.0,0.0,0.0,0.0,0.0,0.0,0.5,0.5,40.5,2,0,0,1,1,1,1,0,0,0,0,1,0,0,180.34,182.88,205.0,32.0,34.0,0,0,0,0,0,1,0,0,0,0,0,0,0,0,0,1,0,0,0,0,1,0,0,0
Red,False,0.0,1.0,0.0,0.54,0.0,0.0,0.0,1.0,0.0,0.0,1.0,0.0,11.0,6.0,1.0,0.0,11.0,6.0,0.0,0.0,0.0,0.0,1.0,0.0,11.0,6.0,0.0,0.0,0.0,0.0,0.0,0.0,0.0,0.0,1.0,0.0,5.0,2.0,0.0,0.0,0.0,0.0,0.0,0.0,6.0,4.0,0.0,10.0,24.0,1,0,0,1,0,0,1,0,0,0,0,0,0,0,177.8,182.88,155.0,0.125,0.0,0.48625,0.50125,0.31375,0.0625,0.1875,0.25,0.0,0.5,69.5,36.125,103.875,46.3125,100.25,62.375,151.5,88.875,7.75,2.625,2.5625,0.0625,55.25,25.5,82.6875,32.3125,10.625,7.0,14.125,7.875,3.625,3.625,7.0625,6.125,61.3125,30.25,88.6875,34.9375,6.25,4.6875,7.0,3.625,1.9375,1.1875,8.1875,7.75,272.5,138.625,849.5,14,1,0,1,3,3,2,0,0,0,1,0,2,0,175.26,177.8,155.0,29.0,27.0,0,0,0,0,0,0,1,0,0,0,0,0,0,0,0,1,0,0,0,0,0,0,1,0
Red,False,0.7501907348632812,0.0703125,0.6020159149169921,0.4620261764526367,0.0738029479980468,0.8945503234863281,0.62603759765625,0.007354736328125,0.6269569396972656,0.0009803771972656,73.35822677612305,44.45405578613281,55.335697174072266,26.782447814941406,108.3613510131836,77.20296859741211,78.56360244750977,49.58297348022461,2.636463165283203,0.4707412719726562,1.1020622253417969,1.0820770263671875,49.719608306884766,31.11851119995117,39.97283172607422,15.072139739990234,11.048778533935549,4.390918731689453,10.593551635742188,8.18841552734375,12.589839935302734,8.944625854492188,4.769313812255859,3.521892547607422,42.4755744934082,19.120685577392575,46.35162734985352,19.49853134155273,10.758621215820312,8.731433868408203,6.542518615722656,5.502201080322266,20.12403106689453,16.60193634033203,2.4415512084960938,1.7817153930664062,156.91047286987305,105.3023452758789,576.4805564880371,47,2,0,4,4,10,9,0,0,1,4,4,0,0,180.34,190.5,170.0,0.0303497314453125,0.00067138671875,0.5814898109436035,0.5618376159667968,0.2930803489685059,0.0057863998413085,0.5712985992431641,3.814697265625e-06,0.0322265625,0.0009765625,40.03783988952637,18.40712547302246,53.5684871673584,29.523727416992188,43.08763313293457,20.751543045043945,55.97728729248047,31.823043823242188,1.775735855102539,0.5981807708740234,0.4132366180419922,0.0400409698486328,27.465898513793945,7.971540451049805,32.206830978393555,12.120012283325195,6.095951080322266,4.340263366699219,13.354373931884766,9.818212509155272,6.475990295410156,6.0953216552734375,8.007282257080078,7.585502624511719,36.30244445800781,15.750284194946287,41.73876190185547,21.62664222717285,3.252357482910156,2.322284698486328,9.063297271728516,6.385120391845703,0.4830379486083984,0.3345565795898437,2.766427993774414,1.5119647979736328,27.74587059020996,32.57611083984375,270.9833183288574,40,1,4,0,8,16,4,0,0,0,6,5,5,0,185.42,185.42,155.0,36.0,33.0,0,0,0,0,0,0,0,0,0,1,0,0,0,0,0,1,0,0,0,0,1,0,0,0
Red,False,0.0,0.0,0.474375,0.3778125,0.233125,0.276875,0.21875,0.0,0.0,0.28125,66.96875,30.25,60.03125,22.40625,83.53125,45.4375,91.25,48.90625,3.0,1.1875,5.65625,1.78125,41.65625,14.3125,41.40625,11.34375,18.5625,11.15625,10.0,6.0625,6.75,4.78125,8.625,5.0,59.3125,25.09375,40.46875,11.6875,7.65625,5.15625,9.21875,4.25,0.0,0.0,10.34375,6.46875,188.96875,252.59375,805.3125,15,0,0,2,2,3,3,0,0,0,2,0,1,0,175.26,182.88,155.0,0.25,0.0,0.5325,0.44,0.2575,0.75,0.0,0.25,0.75,0.0,36.0,19.75,25.5,14.75,58.5,34.0,34.25,22.25,4.75,2.0,0.75,0.75,31.5,17.0,21.25,11.5,1.25,0.75,2.75,2.25,3.25,2.0,1.5,1.0,12.0,4.25,9.75,4.25,1.25,1.0,5.75,4.0,22.75,14.5,10.0,6.5,235.5,84.0,434.75,5,0,1,0,1,2,1,0,0,0,0,2,0,0,180.34,180.34,155.0,30.0,30.0,0,0,0,0,0,0,1,0,0,0,0,0,0,0,0,1,0,0,0,0,1,0,0,0
Red,False,0.0,0.0,0.27,0.57,0.0,0.0,0.0,0.0,0.0,0.0,106.0,29.0,133.0,77.0,137.0,53.0,192.0,126.0,2.0,0.0,4.0,0.0,87.0,15.0,116.0,67.0,15.0,10.0,14.0,7.0,4.0,4.0,3.0,3.0,97.0,23.0,102.0,55.0,6.0,3.0,20.0,13.0,3.0,3.0,11.0,9.0,141.0,335.0,900.0,3,0,0,1,0,0,1,0,0,0,0,0,0,0,170.18,162.56,115.0,0.0,0.0,0.3875,0.395,0.305,0.225,0.25,0.25,0.0,0.25,88.5,35.25,125.25,49.5,136.25,79.75,172.5,88.0,6.0,1.25,3.25,1.5,75.25,25.25,100.0,29.75,4.75,2.0,12.5,10.25,8.5,8.0,12.75,9.5,78.0,28.75,102.0,30.5,5.75,2.5,10.25,9.0,4.75,4.0,13.0,10.0,276.25,248.0,900.0,9,0,0,1,1,1,2,0,0,0,1,0,0,0,162.56,160.02,115.0,30.0,30.0,0,0,0,0,0,0,0,0,0,0,0,0,0,1,0,1,0,0,0,0,1,0,0,0
Red,False,0.375,0.0,0.4781249999999999,0.474375,0.0,0.04125,0.0,0.0,0.0,0.0,20.6875,10.0,39.875,21.1875,22.4375,11.75,53.4375,34.75,0.0,0.0,0.9375,0.125,18.5625,8.3125,33.1875,16.125,2.0625,1.625,2.5625,1.5625,0.0625,0.0625,4.125,3.5,12.9375,5.3125,23.625,10.8125,6.5,3.5,15.25,9.875,1.25,1.1875,1.0,0.5,3.125,56.625,173.25,7,0,0,1,3,3,2,0,0,0,0,3,0,0,187.96,190.5,205.0,0.0,0.0,0.3675,0.50125,0.3375,0.395,0.0,0.0,0.0,0.0,101.375,38.25,61.625,33.625,127.5,59.0,79.875,51.625,8.75,1.75,2.25,1.25,64.625,16.875,37.625,15.625,24.0,14.875,14.875,11.375,12.75,6.5,9.125,6.625,79.25,22.0,40.375,16.0,9.625,6.875,20.25,16.625,12.5,9.375,1.0,1.0,317.625,70.375,771.875,10,1,3,0,3,3,1,0,0,0,1,2,0,0,185.42,190.5,185.0,30.0,28.0,0,0,0,0,0,0,0,1,0,0,0,0,0,0,0,0,0,1,0,0,1,0,0,0
Blue,False,0.0,0.75,0.42,0.3349999999999999,0.165,0.415,2.0,0.0,0.0,0.0,107.0,51.25,218.25,70.25,120.75,65.0,226.5,77.5,2.75,0.5,3.75,2.0,91.75,40.5,197.0,54.0,5.0,3.5,12.5,9.0,10.25,7.25,8.75,7.25,103.5,49.25,202.0,60.75,1.5,0.0,7.25,3.75,2.0,2.0,9.0,5.75,7.0,183.0,809.25,9,1,0,3,0,0,3,0,0,0,0,0,0,0,167.64,165.1,135.0,0.125,0.0,0.3675,0.41,0.46875,0.22,0.125,1.0,0.875,0.625,111.75,41.25,110.75,45.875,138.75,67.375,155.875,82.125,3.5,1.875,5.75,1.0,102.5,34.5,89.0,32.125,8.0,5.5,12.5,8.0,1.25,1.25,9.25,5.75,78.125,20.875,92.875,34.0,12.5,7.25,8.375,5.0,21.125,13.125,9.5,6.875,285.75,110.25,838.875,11,0,2,0,2,2,2,0,0,0,1,1,0,0,170.18,175.26,125.0,29.0,30.0,1,0,0,0,0,0,0,0,0,0,0,0,0,0,0,1,0,0,0,0,1,0,0,0
Red,False,0.015625,0.0,0.45,0.4275,0.25,0.2,0.148468017578125,0.098388671875,0.0,0.0,66.5,29.6875,64.31230545043945,27.34375,89.75,48.0,85.53125,44.41152191162109,2.0,0.75,2.0546875,0.75,51.1875,18.3359375,49.6123046875,16.280410766601562,7.5,5.07647705078125,7.5,5.0,4.5,3.625,4.984375,3.9375,48.6875,17.0,47.11572265625,16.5,5.75,3.75,5.3125,3.4375,5.0625,3.5,3.875,2.5,99.2119140625,94.125,638.5,0,0,0,0,0,0,0,0,0,0,0,0,0,0,190.5,190.5,170.0,0.0,0.0,0.75125,0.43625,0.47625,0.0,0.125,1.0,0.0,0.25,23.625,11.75,16.5,7.0,63.625,45.125,22.625,12.375,5.25,1.875,0.0,0.0,20.375,9.5,11.375,3.5,2.375,1.375,3.875,2.25,0.875,0.875,1.25,1.25,11.875,3.375,13.125,4.375,3.0,2.125,1.5,0.75,8.75,6.25,1.875,1.875,294.0,10.75,405.0,8,0,3,0,3,3,1,0,0,0,1,1,1,0,180.34,182.88,170.0,28.0,28.0,0,0,0,0,0,0,0,0,0,1,0,0,0,0,0,0,0,0,1,0,1,0,0,0
Red,False,0.5,0.0,0.43,0.42,0.5,0.5,0.0,1.0,0.5,0.0,65.5,23.5,103.5,40.5,76.5,33.0,134.5,70.0,0.5,0.5,2.0,1.5,61.5,20.0,84.0,26.0,2.5,2.0,18.5,14.0,1.5,1.5,1.0,0.5,57.0,17.5,77.0,25.0,3.0,1.0,3.5,2.5,5.5,5.0,23.0,13.0,11.5,417.5,734.0,5,0,0,1,1,1,1,0,0,0,0,1,0,0,165.1,167.64,125.0,0.125,0.0,0.315625,0.4293749999999999,0.155625,0.03125,0.1875,0.3125,0.0,0.0,116.125,35.6875,146.3125,65.3125,130.875,48.3125,161.125,78.8125,7.5625,1.5,1.75,0.125,92.375,20.9375,95.6875,31.875,17.0625,11.375,30.4375,18.625,6.6875,3.375,20.1875,14.8125,95.125,23.25,114.5625,41.375,15.4375,8.9375,29.75,22.25,5.5625,3.5,2.0,1.6875,204.875,38.3125,1044.25,17,1,3,0,3,3,2,0,0,0,2,1,0,0,162.56,165.1,125.0,26.0,31.0,0,0,0,1,0,0,0,0,0,0,0,0,0,0,0,1,0,0,0,0,1,0,0,0
Blue,True,0.531495213508606,0.6914597749710083,0.3545882058143615,0.4710379278659821,0.0010343885421752,0.1014307940006256,1.5497207641601562e-05,0.06253182888031,1.788139343261719e-07,0.0019531846046447,269.6929168701172,97.64357852935792,141.89313006401062,66.83283823728561,273.70086973905563,101.12261885404588,143.71268957853317,67.85587990283966,0.6601347923278809,0.0097287893295288,2.207951068878174,0.5826203227043152,219.5808474421501,58.25317525863648,111.79295480251312,41.8814080953598,14.92056655883789,8.681635618209839,16.000049233436584,11.583810150623322,35.19150286912918,30.7087676525116,14.100126028060911,13.36761999130249,257.9233602285385,89.84971821308136,130.52572637796402,60.836595237255096,4.641185522079468,3.587781727313996,6.921969771385193,3.8196731209754944,7.128371119499207,4.206078588962555,4.445433914661408,2.176569879055023,35.40894317626953,39.37742745876312,1324.8174744844437,69,1,4,0,4,18,7,0,0,2,7,9,0,0,185.42,190.5,185.0,0.15625,0.03125,0.6096874999999999,0.521875,0.5,0.25,1.25,0.0,0.0,0.0,112.9375,72.0625,53.71875,29.71875,137.0,93.875,63.75,38.25,2.28125,1.25,3.3125,1.5,90.96875,52.9375,38.15625,15.78125,13.90625,11.34375,10.78125,9.15625,8.0625,7.78125,4.78125,4.78125,52.375,27.125,48.875,25.15625,7.09375,4.96875,3.65625,3.65625,53.46875,39.96875,1.1875,0.90625,222.0625,156.78125,720.84375,11,1,0,1,5,5,1,0,0,0,0,2,3,0,190.5,195.58,205.0,37.0,31.0,0,0,0,0,0,0,0,1,0,0,0,0,0,0,0,1,0,0,0,0,0,0,1,0
Red,False,0.12890625,0.5,0.466484375,0.4644140625,0.2733984375,0.31640625,0.22265625,0.06640625,0.1953125,0.0,75.25,36.47265625,64.41796875,27.06640625,84.375,45.01953125,72.45703125,35.0390625,4.03515625,1.69921875,1.546875,0.72265625,48.45703125,14.84765625,53.8203125,19.4609375,6.5703125,4.59765625,7.78515625,5.40234375,20.22265625,17.02734375,2.8125,2.203125,63.62890625,26.52734375,48.88671875,13.98828125,9.6796875,8.51953125,9.9453125,7.8046875,1.94140625,1.42578125,5.5859375,5.2734375,179.24609375,87.265625,636.01953125,21,1,4,0,4,7,2,0,0,0,3,2,2,0,172.72,180.34,145.0,0.0399169921875,0.0,0.5100732421874999,0.404583740234375,0.5625,0.005853271484375,0.390625,0.0003662109375,0.0,0.015625,99.5565185546875,49.5745849609375,83.4625244140625,35.828369140625,112.904296875,62.17919921875,91.6568603515625,42.936767578125,0.5634765625,0.5625,7.04345703125,0.0521240234375,78.783447265625,33.240478515625,54.230224609375,12.3521728515625,16.6494140625,12.55078125,11.0841064453125,7.8831787109375,4.1236572265625,3.7833251953125,18.148193359375,15.593017578125,85.9503173828125,38.757080078125,76.54541015625,33.605712890625,6.2376708984375,4.5849609375,6.5589599609375,2.126708984375,7.3685302734375,6.2325439453125,0.358154296875,0.095947265625,128.5831298828125,72.0955810546875,666.1397705078125,34,0,0,1,8,11,3,0,0,1,3,5,2,0,180.34,175.26,145.0,34.0,24.0,0,0,1,0,0,0,0,0,0,0,0,0,0,0,0,1,0,0,0,0,1,0,0,0
Blue,False,0.125,0.0,0.57921875,0.48515625,0.685,0.538125,0.640625,0.953125,0.0,0.0,69.421875,40.375,61.15625,30.84375,112.53125,79.140625,79.09375,46.796875,3.859375,2.9375,3.328125,1.125,50.625,24.3125,50.390625,21.234375,11.78125,9.546875,6.671875,5.84375,7.015625,6.515625,4.09375,3.765625,42.21875,22.0,39.640625,15.796875,14.8125,8.9375,17.859375,13.03125,12.390625,9.4375,3.65625,2.015625,278.609375,112.15625,605.890625,15,0,0,1,3,4,3,0,0,1,2,0,1,0,154.94,157.48,115.0,0.0,0.0,0.335,0.5700000000000001,0.25,0.25,0.0,0.0,0.5,0.0,93.0,32.0,153.0,90.5,128.5,61.0,185.5,119.0,9.5,2.0,1.0,0.5,72.5,18.5,122.0,62.5,13.0,7.5,12.5,10.0,7.5,6.0,18.5,18.0,78.0,21.5,121.0,69.0,5.0,3.5,20.0,12.5,10.0,7.0,12.0,9.0,277.5,122.0,881.0,6,1,1,0,1,1,1,0,0,1,0,0,0,0,165.1,170.18,115.0,24.0,33.0,0,0,0,0,0,0,0,0,0,0,0,0,0,1,0,1,0,0,0,0,1,0,0,0
Red,False,0.0625076293945312,0.03533935546875,0.3389547300338745,0.3100779294967651,0.6644071626663208,0.068422737121582,0.2678594589233398,0.7451925277709961,0.001953125,7.62939453125e-06,43.391263484954834,16.08697271347046,47.889060497283936,16.300923347473145,54.17246007919312,25.051846504211422,57.55548524856568,25.08595323562622,4.55665397644043,2.256782054901123,1.4442672729492188,0.4225635528564453,33.46864128112793,7.051214218139648,41.60865545272827,11.462065696716309,2.8281683921813965,2.660897731781006,2.307314872741699,1.5402517318725586,7.094453811645508,6.374860763549805,3.973090171813965,3.2986059188842773,34.922149658203125,8.25398302078247,41.68628263473511,12.738218307495115,4.575375556945801,4.142129898071289,5.571123600006104,3.0098533630371094,3.893738269805908,3.690859794616699,0.6316542625427246,0.552851676940918,223.18830060958865,35.56902503967285,412.3024492263794,59,0,1,0,4,12,10,0,0,3,4,1,4,0,170.18,177.8,155.0,0.25,0.0,0.355,0.4925,0.0825,0.465,1.75,0.0,0.25,0.0,81.75,25.5,80.25,39.25,88.25,31.75,105.75,61.0,1.25,0.25,4.5,2.5,70.75,19.0,67.5,28.25,10.75,6.25,6.5,6.0,0.25,0.25,6.25,5.0,73.75,20.0,70.75,33.25,2.5,2.0,0.75,0.5,5.5,3.5,8.75,5.5,82.75,136.25,585.75,7,0,0,1,2,2,1,0,0,0,0,1,1,0,172.72,175.26,145.0,34.0,25.0,0,0,1,0,0,0,0,0,0,0,0,0,0,0,0,1,0,0,0,0,0,0,0,1
Red,False,0.0625,0.25,0.42125,0.265625,0.0,0.38125,0.3125,0.0,0.1875,0.0,123.8125,59.3125,89.1875,29.3125,149.8125,85.3125,105.625,44.125,0.3125,0.0,6.375,2.5625,109.0625,49.4375,69.75,16.375,10.1875,6.3125,9.375,4.9375,4.5625,3.5625,10.0625,8.0,121.875,58.25,86.0625,27.6875,1.8125,1.0625,1.875,0.875,0.125,0.0,1.25,0.75,24.625,199.5,695.625,11,0,5,0,5,5,0,0,0,0,3,0,2,0,190.5,193.04,155.0,0.0078125,0.015625,0.465546875,0.296171875,0.2759375,0.26171875,0.2734375,1.3828125,0.0,0.125,90.0859375,38.859375,91.8125,30.4296875,95.28125,43.3359375,95.40625,33.4921875,4.5546875,0.9375,1.421875,0.5234375,67.8046875,22.234375,63.5546875,13.5546875,11.828125,7.046875,24.25,13.3203125,10.453125,9.578125,4.0078125,3.5546875,81.0625,33.796875,87.1171875,27.6796875,6.6171875,3.390625,4.5234375,2.6015625,2.40625,1.671875,0.171875,0.1484375,144.3984375,45.578125,595.1953125,17,0,1,0,5,6,2,0,0,1,2,0,3,0,177.8,182.88,155.0,29.0,27.0,0,0,0,0,0,0,1,0,0,0,0,0,0,0,0,1,0,0,0,0,0,0,1,0
Red,False,1.09375,0.0,0.59453125,0.51484375,0.4628125,0.26875,0.0,1.125,0.0,0.0,84.828125,49.4375,144.640625,87.34375,104.046875,67.734375,179.15625,119.015625,3.03125,1.65625,2.671875,0.59375,73.78125,41.703125,124.515625,73.046875,4.703125,3.234375,12.5,9.1875,6.34375,4.5,7.625,5.109375,47.515625,19.890625,77.953125,27.96875,10.25,7.1875,10.5,9.25,27.0625,22.359375,56.1875,50.125,231.5625,77.765625,712.84375,17,0,0,1,2,3,4,0,0,0,1,2,0,0,175.26,180.34,185.0,0.284454345703125,0.718902587890625,0.7916775512695313,0.4898324584960937,0.0022235107421875,0.0830975341796875,0.002166748046875,0.127349853515625,0.00396728515625,0.0,11.06488037109375,6.714447021484375,19.470123291015625,9.71923828125,12.137664794921877,7.68829345703125,26.988494873046875,16.306488037109375,0.1484375,0.00823974609375,0.341094970703125,0.23309326171875,8.260711669921875,4.057342529296875,16.68548583984375,7.47576904296875,0.50244140625,0.443450927734375,2.128173828125,1.66937255859375,2.301727294921875,2.213653564453125,0.656463623046875,0.5740966796875,7.1767578125,3.695556640625,9.0283203125,3.3280029296875,1.309234619140625,0.77435302734375,1.9017333984375,1.257110595703125,2.578887939453125,2.244537353515625,8.540069580078125,5.134124755859375,2.9893798828125,55.541259765625,168.9521484375,40,3,2,0,4,8,8,0,0,2,3,3,0,0,180.34,187.96,185.0,38.0,45.0,0,0,0,0,0,0,0,1,0,0,0,0,0,0,0,0,0,1,0,0,1,0,0,0
Red,True,0.14111328125,0.03125,0.5198510742187501,0.4020654296875,0.1178466796875,0.10554443359375,0.21728515625,0.0078125,0.00244140625,0.500244140625,104.38525390625,54.746826171875,145.413330078125,58.014404296875,110.205322265625,60.265380859375,152.968994140625,64.78857421875,8.54150390625,1.376220703125,4.787109375,1.264892578125,84.5166015625,39.017822265625,104.18115234375,26.7919921875,17.486083984375,13.63818359375,18.73486328125,11.93310546875,2.382568359375,2.0908203125,22.497314453125,19.289306640625,76.054931640625,31.56884765625,118.094970703125,41.768798828125,26.088134765625,21.37353515625,24.745361328125,15.073486328125,2.2421875,1.804443359375,2.572998046875,1.172119140625,93.434814453125,120.4296875,944.93115234375,39,3,1,0,4,9,4,0,0,0,3,0,6,0,167.64,170.18,135.0,0.0,0.0,0.47875,0.26,0.5325,0.105,0.125,0.0,0.125,0.0,204.5,81.25,249.875,69.125,223.75,97.875,274.5,91.125,10.0,4.25,5.375,0.75,181.5,64.5,206.25,39.875,16.75,11.25,27.0,15.5,6.25,5.5,16.625,13.75,188.375,68.5,236.625,61.625,7.75,6.625,12.75,7.0,8.375,6.125,0.5,0.5,134.25,63.75,1140.25,16,3,4,0,4,4,0,0,0,1,2,1,0,0,172.72,172.72,135.0,37.0,31.0,1,0,0,0,0,0,0,0,0,0,0,0,0,0,0,1,0,0,0,0,1,0,0,0
Red,False,0.0625,0.0,0.434375,0.351875,0.125,0.048125,0.0625,0.0,0.125,0.0,123.0,54.375,132.0625,47.375,126.75,57.9375,139.875,53.4375,2.3125,0.4375,3.125,0.5,83.4375,28.9375,95.25,25.5,22.6875,13.0625,18.1875,8.0625,16.875,12.375,18.625,13.8125,117.125,49.8125,123.8125,42.875,3.3125,2.5625,3.9375,1.4375,2.5625,2.0,4.3125,3.0625,49.8125,48.9375,855.9375,13,0,4,0,4,4,1,0,0,1,1,1,1,0,177.8,180.34,155.0,0.8125,0.0625,0.57134765625,0.3864477539062499,0.413909912109375,0.01272216796875,0.300537109375,0.54248046875,0.0020751953125,0.0,90.669921875,49.2685546875,66.25,24.6798095703125,102.3223876953125,60.4697265625,78.1024169921875,36.5054931640625,4.1239013671875,2.2747802734375,0.3297119140625,0.027587890625,80.0303955078125,40.0745849609375,59.25634765625,18.8936767578125,5.078125,4.3275146484375,6.009521484375,4.8211669921875,5.5614013671875,4.866455078125,0.984130859375,0.9649658203125,52.2860107421875,23.6514892578125,57.4482421875,18.5621337890625,16.2991943359375,10.656982421875,7.4210205078125,4.764404296875,22.084716796875,14.9600830078125,1.3807373046875,1.353271484375,294.1473388671875,36.4669189453125,551.93505859375,29,0,4,0,4,11,3,0,0,0,4,4,3,0,175.26,182.88,155.0,29.0,27.0,0,0,0,0,0,0,1,0,0,0,0,0,0,0,0,1,0,0,0,0,0,0,1,0
Blue,False,0.015625,0.0,0.45,0.4275,0.25,0.2,0.148468017578125,0.098388671875,0.0,0.0,66.5,29.6875,64.31230545043945,27.34375,89.75,48.0,85.53125,44.41152191162109,2.0,0.75,2.0546875,0.75,51.1875,18.3359375,49.6123046875,16.280410766601562,7.5,5.07647705078125,7.5,5.0,4.5,3.625,4.984375,3.9375,48.6875,17.0,47.11572265625,16.5,5.75,3.75,5.3125,3.4375,5.0625,3.5,3.875,2.5,99.2119140625,94.125,638.5,0,0,0,0,0,0,0,0,0,0,0,0,0,0,190.5,193.04,205.0,1.0,0.0,0.5,0.0,0.0,0.0,0.0,0.0,0.0,0.0,8.0,4.0,4.0,0.0,8.0,4.0,5.0,1.0,0.0,0.0,1.0,0.0,8.0,4.0,3.0,0.0,0.0,0.0,1.0,0.0,0.0,0.0,0.0,0.0,6.0,2.0,3.0,0.0,0.0,0.0,1.0,0.0,2.0,2.0,0.0,0.0,13.0,0.0,50.0,1,0,1,0,1,1,0,0,0,0,0,1,0,0,187.96,190.5,205.0,26.0,28.0,0,0,0,0,0,1,0,0,0,0,0,0,0,0,0,1,0,0,0,0,0,0,1,0
Blue,False,0.03125,0.2666015625,0.348828125,0.41279296875,0.1972265625,0.11286865234375,0.04443359375,0.328857421875,0.18212890625,0.033447265625,94.59375,45.171630859375,75.361572265625,27.044677734375,102.154296875,50.99072265625,88.21923828125,38.789794921875,1.5322265625,0.5322265625,2.07958984375,0.6630859375,63.51806640625,24.4951171875,59.6044921875,16.058837890625,20.153564453125,11.73974609375,9.3310546875,5.242919921875,10.922119140625,8.936767578125,6.426025390625,5.742919921875,81.775634765625,35.700927734375,68.939208984375,22.64697265625,11.10205078125,8.116943359375,4.441650390625,2.878173828125,1.716064453125,1.353759765625,1.980712890625,1.51953125,70.754150390625,91.151123046875,663.88330078125,33,0,0,2,2,6,7,0,0,2,2,0,2,0,177.8,185.42,145.0,0.1274490356445312,0.0003814697265625,0.3376493835449218,0.3206741333007812,0.0165473937988281,0.2948260498046875,0.2080078125,0.0048828125,0.125091552734375,5.340576171875e-05,93.69688415527344,30.39092254638672,100.64632415771484,32.6593017578125,99.69778442382812,36.03533172607422,110.68515014648438,42.21651458740234,0.545989990234375,0.0200576782226562,1.11871337890625,0.5366058349609375,74.10906982421875,17.99364471435547,77.3631820678711,17.521041870117188,11.4617919921875,6.590591430664063,13.333999633789062,7.791664123535156,8.126022338867188,5.806686401367188,9.949142456054688,7.346595764160156,89.2839584350586,27.28459930419922,94.13707733154295,28.77137756347656,3.816925048828125,2.766426086425781,4.001625061035156,2.3876266479492188,0.5960006713867188,0.3398971557617187,2.5076217651367188,1.5002975463867188,29.20514678955078,83.21968841552734,574.8765411376953,39,0,2,0,2,10,8,0,0,0,2,1,7,0,185.42,185.42,145.0,27.0,32.0,0,0,1,0,0,0,0,0,0,0,0,0,0,0,0,0,0,1,0,0,1,0,0,0
Red,False,0.5,0.0,0.585,0.355,0.0,0.25,0.5,0.5,0.5,0.5,48.75,28.25,24.75,9.5,80.0,56.5,33.5,17.0,0.5,0.0,3.75,1.5,38.75,20.75,15.0,4.25,8.0,5.5,6.25,3.75,2.0,2.0,3.5,1.5,28.0,14.0,19.5,6.25,9.5,7.5,5.25,3.25,11.25,6.75,0.0,0.0,208.25,138.0,593.75,5,0,3,0,3,3,0,0,0,0,1,2,0,0,190.5,185.42,185.0,0.75,0.0,0.4312499999999999,0.364375,0.614375,0.31375,0.5625,0.0,0.0,0.0,161.875,69.5,86.5625,30.5,183.9375,88.5625,103.0625,42.25,2.5625,1.625,4.75,1.6875,145.5,56.875,64.75,19.125,6.0,3.9375,14.1875,6.75,10.375,8.6875,7.625,4.625,127.25,48.0,73.75,23.6875,12.4375,8.125,5.0625,2.6875,22.1875,13.375,7.75,4.125,188.25,116.0,843.3125,13,0,2,0,2,4,1,0,0,1,1,1,1,0,185.42,193.04,185.0,24.0,25.0,0,0,0,0,0,0,0,0,0,1,0,0,0,0,0,0,0,1,0,0,1,0,0,0
Red,False,0.0,1.0,0.45,0.59,0.0,1.0,0.0,0.0,0.0,0.0,42.0,19.0,61.0,36.0,79.0,52.0,114.0,84.0,3.0,0.0,4.0,4.0,26.0,8.0,58.0,35.0,15.0,10.0,3.0,1.0,1.0,1.0,0.0,0.0,24.0,10.0,17.0,6.0,18.0,9.0,14.0,9.0,0.0,0.0,30.0,21.0,76.0,372.0,627.0,3,0,0,1,0,0,1,0,0,0,0,0,0,0,180.34,177.8,155.0,1.0,0.0,0.32,0.34,0.0,0.75,0.0,0.0,0.0,0.0,31.0,10.0,46.0,16.0,36.0,15.0,54.0,23.0,0.0,0.0,4.0,3.0,27.0,9.0,33.0,7.0,3.0,1.0,11.0,7.0,1.0,0.0,2.0,2.0,26.0,6.0,35.0,10.0,3.0,2.0,9.0,6.0,2.0,2.0,2.0,0.0,2.0,72.0,222.0,1,0,1,0,1,1,0,0,0,0,0,1,0,0,180.34,180.34,155.0,27.0,31.0,0,0,0,0,0,0,1,0,0,0,0,0,0,0,0,1,0,0,0,0,1,0,0,0
Blue,False,0.375,0.03125,0.489140625,0.403984375,0.0,0.02546875,0.0,0.0625,0.0234375,0.0,119.2890625,57.09375,130.859375,50.015625,122.2109375,59.90625,138.609375,57.046875,1.0,0.0,2.7265625,0.296875,74.140625,20.6171875,109.21875,32.171875,11.4296875,8.9609375,15.25,11.953125,33.71875,27.515625,6.390625,5.890625,109.2109375,50.1328125,123.65625,45.9453125,5.3125,2.9453125,6.796875,3.6640625,4.765625,4.015625,0.40625,0.40625,17.3359375,74.796875,680.34375,19,0,0,1,2,3,5,0,0,0,1,2,0,0,180.34,182.88,170.0,0.3125,0.04296875,0.49734375,0.4711328125,0.1693359375,0.2334375,0.5703125,0.0390625,0.0625,0.00390625,120.5625,59.4453125,111.3515625,56.85546875,201.87890625,133.69921875,140.82421875,84.76171875,2.9375,0.734375,8.6015625,1.8671875,90.18359375,33.47265625,70.90625,27.95703125,24.58203125,21.68359375,22.94921875,14.9140625,5.796875,4.2890625,17.49609375,13.984375,95.40625,41.5703125,94.53125,43.55078125,20.53515625,14.34375,15.4453125,12.16796875,4.62109375,3.53125,1.375,1.13671875,149.6640625,244.0,1039.32421875,26,0,2,0,3,6,3,0,0,0,4,1,1,0,180.34,187.96,170.0,29.0,31.0,0,0,0,0,0,0,0,0,0,1,0,0,0,0,0,1,0,0,0,0,1,0,0,0
Blue,False,1.25,0.0,0.32,0.3025,0.2075,0.0,0.0,0.0,0.0,0.0,93.5,33.75,78.5,25.0,94.75,35.0,80.5,27.0,2.25,1.0,0.0,0.0,85.75,28.75,57.25,14.0,4.25,2.75,11.75,5.5,3.5,2.25,9.5,5.5,86.25,30.0,75.25,23.75,1.5,0.75,2.75,1.25,5.75,3.0,0.5,0.0,23.0,4.25,576.5,7,0,3,0,3,3,0,0,0,0,1,2,0,0,172.72,165.1,135.0,0.75,0.25,0.4674999999999999,0.3225,0.0,0.1475,0.0,0.0,0.0,0.0,75.25,36.875,89.875,29.375,76.625,38.25,90.625,29.875,0.0,0.0,4.25,0.375,61.75,25.875,75.375,21.625,9.0,7.0,7.625,2.875,4.5,4.0,6.875,4.875,66.125,30.5,84.375,26.25,9.125,6.375,5.0,2.875,0.0,0.0,0.5,0.25,3.125,37.5,359.0,7,0,4,0,4,4,0,0,0,0,1,3,0,0,170.18,177.8,145.0,24.0,24.0,1,0,0,0,0,0,0,0,0,0,0,0,0,0,0,1,0,0,0,0,0,0,1,0
Red,False,0.0,0.0,0.6475,0.45625,0.25,0.33625,0.0,0.25,0.0,0.0,62.75,41.625,43.625,19.5,92.25,69.5,52.375,27.375,0.375,0.25,4.875,1.625,48.875,33.25,29.875,8.625,8.0,4.25,5.875,3.625,5.875,4.125,7.875,7.25,33.5,15.625,34.875,14.5,13.75,13.0,4.375,2.375,15.5,13.0,4.375,2.625,67.375,250.375,448.875,8,1,0,1,3,3,1,0,0,0,0,3,0,0,185.42,195.58,185.0,0.5,0.000244140625,0.6936676025390625,0.286256103515625,0.1875,0.189373779296875,0.532470703125,0.13494873046875,6.103515625e-05,0.0078125,58.45965576171875,35.16455078125,45.57012939453125,25.552001953125,68.0145263671875,43.737548828125,54.06494140625,33.127685546875,1.097900390625,0.75,3.10662841796875,0.63787841796875,45.2266845703125,24.40850830078125,25.8902587890625,9.39410400390625,6.4561767578125,4.6290283203125,11.95318603515625,9.06170654296875,6.77679443359375,6.12701416015625,7.7266845703125,7.09619140625,46.16400146484375,25.93243408203125,35.2047119140625,18.26617431640625,11.888916015625,8.88836669921875,9.9234619140625,6.99542236328125,0.40673828125,0.34375,0.44195556640625,0.2904052734375,78.85394287109375,68.1297607421875,363.8929443359375,37,0,2,0,4,8,7,0,0,2,3,1,1,1,187.96,190.5,185.0,37.0,29.0,0,0,0,0,0,0,0,1,0,0,0,0,0,0,0,1,0,0,0,0,1,0,0,0
Red,False,0.0,0.25,0.471875,0.45625,0.5,0.35375,0.5,2.0,0.0,0.0,105.875,46.0,97.1875,43.75,140.875,79.375,146.0625,89.8125,0.5,0.5,4.1875,1.875,84.3125,29.75,76.6875,28.0,10.4375,6.8125,12.75,9.875,11.125,9.4375,7.75,5.875,88.625,34.9375,72.0625,24.0625,15.25,9.0625,11.375,7.8125,2.0,2.0,13.75,11.875,183.125,333.6875,836.25,14,0,0,2,1,1,4,0,0,0,0,0,0,1,167.64,167.64,125.0,0.25,0.5625,0.294375,0.585,0.25625,0.0,0.0,1.0,0.0,0.25,46.0625,15.5625,47.0625,26.5625,58.375,26.375,87.875,63.125,2.75,1.0,0.0,0.0,38.0,10.5625,39.25,20.9375,5.1875,3.125,5.75,3.5625,2.875,1.875,2.0625,2.0625,33.875,8.8125,27.5,11.3125,3.875,2.6875,3.5625,2.25,8.3125,4.0625,16.0,13.0,170.6875,115.3125,443.5,9,1,1,0,1,2,3,0,0,1,0,1,0,0,167.64,167.64,135.0,29.0,35.0,0,0,0,0,0,0,0,0,0,0,1,0,0,0,0,1,0,0,0,0,1,0,0,0
Blue,False,0.0625,0.0625,0.455625,0.5275000000000001,0.3125,0.458125,1.5,0.0,0.0,0.0625,111.125,49.125,81.25,42.625,127.5625,65.3125,100.9375,60.625,2.1875,1.0625,5.5,2.125,87.625,30.875,52.25,20.25,13.0625,9.4375,19.25,14.4375,10.4375,8.8125,9.75,7.9375,74.375,23.3125,67.4375,35.1875,20.3125,12.5,10.5625,6.25,16.4375,13.3125,3.25,1.1875,231.4375,161.6875,838.5625,14,0,2,0,2,3,2,0,0,1,0,1,1,0,180.34,177.8,155.0,0.00439453125,0.250244140625,0.488187255859375,0.559002685546875,0.43945556640625,0.07621337890625,0.0081787109375,0.205810546875,0.0009765625,0.02001953125,95.95458984375,47.5262451171875,74.464111328125,41.5997314453125,100.8331298828125,51.72412109375,109.70556640625,74.0828857421875,5.9964599609375,1.9251708984375,2.53466796875,0.302978515625,60.0802001953125,18.656494140625,58.9462890625,32.8087158203125,12.5380859375,9.97607421875,10.9324951171875,5.536865234375,23.3363037109375,18.8936767578125,4.5853271484375,3.254150390625,85.4539794921875,40.50244140625,53.8525390625,23.4066162109375,7.350830078125,4.93505859375,12.956298828125,10.6796875,3.1497802734375,2.0887451171875,7.6552734375,7.513427734375,131.540771484375,109.9598388671875,820.435791015625,36,0,2,0,2,6,8,0,0,1,3,1,1,0,177.8,182.88,170.0,32.0,36.0,0,0,0,0,0,0,1,0,0,0,0,0,0,0,0,1,0,0,0,0,1,0,0,0
Blue,False,0.516118049621582,0.00396728515625,0.5005779504776001,0.5073359966278076,0.0523366737365722,0.576427698135376,0.0097713470458984,0.5084505081176758,0.0009937286376953,1.0967254638671877e-05,94.70672845840454,44.913551807403564,97.75451469421388,49.18494749069214,104.6263370513916,53.565561294555664,123.39578914642334,73.23159599304199,7.132402420043945,0.2091808319091797,3.176212310791016,1.0084099769592283,64.34652853012085,20.44979858398437,75.7897310256958,33.112207889556885,10.957175254821776,8.313393592834473,14.037384033203123,9.344748497009276,19.403024673461918,16.150359630584717,7.927399635314941,6.727991104125977,79.8234429359436,36.61330032348633,81.09648418426514,36.43346118927002,9.232961654663086,4.153171539306641,9.265750885009766,6.243112564086914,5.650323867797852,4.147079944610596,7.392279624938965,6.508373737335205,135.83978986740112,221.90062761306763,853.9350109100342,59,0,0,1,3,11,11,0,0,1,4,5,0,1,175.26,180.34,145.0,0.345703125,0.25,0.35595703125,0.49263671875,0.13291015625,0.0,0.267578125,0.25,0.0,0.0,168.953125,57.482421875,179.837890625,92.580078125,174.57421875,62.3203125,216.91015625,124.90234375,3.703125,0.57421875,4.841796875,0.0,125.259765625,30.541015625,143.63671875,63.662109375,30.43359375,16.0546875,21.033203125,16.365234375,13.259765625,10.88671875,15.16796875,12.552734375,145.654296875,44.099609375,154.58984375,74.486328125,22.451171875,13.072265625,20.978515625,15.201171875,0.84765625,0.310546875,4.26953125,2.892578125,46.291015625,260.22265625,903.587890625,31,6,7,0,7,8,2,0,0,0,3,2,3,0,167.64,177.8,145.0,30.0,29.0,0,0,1,0,0,0,0,0,0,0,0,0,0,0,0,1,0,0,0,0,1,0,0,0
Blue,False,0.7344970703125,0.0,0.5030076599121094,0.4826065063476562,0.7835466003417969,0.1937628173828124,0.25433349609375,0.072906494140625,0.1250762939453125,0.1572418212890625,205.33920288085935,102.57142639160156,86.531982421875,40.64588928222656,238.21771240234372,133.78521728515625,92.667724609375,45.824981689453125,2.026824951171875,1.5109710693359375,2.78076171875,0.661346435546875,144.25074768066406,52.983642578125,70.35197448730469,29.234420776367188,43.60728454589844,33.23387145996094,11.57470703125,8.1842041015625,17.481170654296875,16.353912353515625,4.6053009033203125,3.227264404296875,171.67645263671875,80.1387939453125,80.66017150878906,36.17695617675781,19.7689208984375,13.402053833007812,5.2398681640625,3.8624420166015625,13.893829345703123,9.03057861328125,0.6319427490234375,0.6064910888671875,145.29795837402344,26.45497131347656,1065.8965606689453,46,0,0,1,6,11,6,0,0,3,4,2,2,0,175.26,180.34,170.0,0.75,0.25,0.4275,0.365,0.0825,0.0825,0.25,0.25,0.0,0.0,150.0,67.5,146.5,57.25,163.5,81.0,153.25,63.0,1.25,0.25,2.75,0.25,109.25,34.5,128.25,43.75,13.25,10.25,15.75,11.0,27.5,22.75,2.5,2.5,141.25,60.75,136.5,49.75,7.0,5.25,7.25,5.25,1.75,1.5,2.75,2.25,125.25,36.75,997.0,11,0,1,0,1,2,1,0,0,0,2,0,0,0,177.8,177.8,170.0,31.0,29.0,0,0,0,0,0,0,0,0,0,1,0,0,0,0,0,0,0,1,0,0,0,0,0,1
Red,False,0.015625,0.0,0.45,0.4275,0.25,0.2,0.148468017578125,0.098388671875,0.0,0.0,66.5,29.6875,64.31230545043945,27.34375,89.75,48.0,85.53125,44.41152191162109,2.0,0.75,2.0546875,0.75,51.1875,18.3359375,49.6123046875,16.280410766601562,7.5,5.07647705078125,7.5,5.0,4.5,3.625,4.984375,3.9375,48.6875,17.0,47.11572265625,16.5,5.75,3.75,5.3125,3.4375,5.0625,3.5,3.875,2.5,99.2119140625,94.125,638.5,0,0,0,0,0,0,0,0,0,0,0,0,0,0,177.8,182.88,145.0,0.1953125,0.0,0.2534375,0.446796875,0.1071875,0.810078125,0.515625,0.5,0.0,0.0,24.6796875,7.65625,23.21875,9.203125,27.28125,10.203125,28.7734375,13.6171875,2.03125,0.4375,1.7734375,1.3671875,21.8515625,5.609375,20.8046875,7.6171875,2.6015625,1.8203125,1.0859375,0.90625,0.2265625,0.2265625,1.328125,0.6796875,19.2734375,4.6796875,19.1328125,6.5703125,3.5078125,1.703125,2.703125,1.453125,1.8984375,1.2734375,1.3828125,1.1796875,32.625,62.6484375,256.265625,15,0,1,0,2,5,3,0,0,0,0,3,1,0,172.72,177.8,155.0,28.0,32.0,0,0,0,0,0,0,1,0,0,0,0,0,0,0,0,1,0,0,0,0,1,0,0,0
Red,False,0.015625,0.0,0.45,0.4275,0.25,0.2,0.148468017578125,0.098388671875,0.0,0.0,66.5,29.6875,64.31230545043945,27.34375,89.75,48.0,85.53125,44.41152191162109,2.0,0.75,2.0546875,0.75,51.1875,18.3359375,49.6123046875,16.280410766601562,7.5,5.07647705078125,7.5,5.0,4.5,3.625,4.984375,3.9375,48.6875,17.0,47.11572265625,16.5,5.75,3.75,5.3125,3.4375,5.0625,3.5,3.875,2.5,99.2119140625,94.125,638.5,0,0,0,0,0,0,0,0,0,0,0,0,0,0,190.5,190.5,185.0,0.5,0.0,0.4475,0.5874999999999999,0.165,0.185,0.25,0.0,0.0,0.0,82.0,31.5,64.0,29.75,93.0,41.0,88.0,49.0,1.25,0.5,4.75,1.25,58.25,15.75,55.0,22.5,15.5,10.0,5.5,4.75,8.25,5.75,3.5,2.5,75.25,28.5,49.0,20.0,6.75,3.0,6.0,3.75,0.0,0.0,9.0,6.0,103.0,105.25,504.75,6,0,0,1,1,1,2,0,0,1,0,0,0,0,190.5,198.12,230.0,31.0,27.0,0,0,0,0,0,0,0,1,0,0,0,0,0,0,0,1,0,0,0,0,1,0,0,0
Red,False,0.0,0.5,0.5800000000000001,0.4649999999999999,0.43,0.105,0.0,1.0,0.25,0.0,96.0,58.25,90.0,40.75,118.0,77.5,111.5,54.75,3.5,1.5,11.0,1.5,54.25,24.25,74.5,29.5,22.25,16.75,12.25,8.5,19.5,17.25,3.25,2.75,76.5,43.25,76.0,32.75,7.25,5.0,5.75,3.5,12.25,10.0,8.25,4.5,178.25,292.5,748.25,7,0,0,1,1,1,2,0,0,0,1,0,0,0,182.88,180.34,155.0,0.28125,0.75,0.40625,0.4390625,0.0,0.0584375,0.625,0.25,0.0,0.0,33.25,14.0,41.46875,22.0,37.84375,18.40625,45.78125,26.1875,0.0,0.0,1.875,0.40625,26.65625,8.71875,31.625,17.0625,2.4375,2.34375,6.40625,3.6875,4.15625,2.9375,3.4375,1.25,24.5,7.0,22.03125,6.65625,2.625,2.25,3.3125,2.65625,6.125,4.75,16.125,12.6875,34.5,91.28125,295.125,11,0,2,0,2,3,3,0,0,0,1,2,0,0,177.8,180.34,170.0,29.0,27.0,0,0,0,0,0,0,1,0,0,0,0,0,0,0,0,1,0,0,0,0,0,0,1,0
Blue,False,0.0,0.0,0.3076562499999999,0.36171875,0.17703125,0.148125,0.375,0.015625,0.125,0.203125,142.4375,45.5,142.21875,51.921875,163.328125,61.375,151.640625,60.96875,9.5,1.09375,2.4375,0.640625,128.28125,36.296875,117.640625,33.328125,8.109375,4.734375,14.78125,9.171875,6.046875,4.46875,9.796875,9.421875,128.84375,38.625,128.765625,44.296875,13.375,6.71875,12.71875,7.234375,0.21875,0.15625,0.734375,0.390625,113.625,28.984375,828.890625,19,0,2,0,2,5,2,0,0,0,1,0,4,0,172.72,172.72,135.0,0.0,0.0,0.475,0.23625,0.75,0.0825,1.125,0.125,0.0,0.0,67.375,33.0,34.875,9.375,104.625,67.75,41.625,15.375,5.875,2.625,1.0,0.5,42.5,16.75,22.0,3.75,15.375,10.125,7.375,2.75,9.5,6.125,5.5,2.875,36.375,10.875,29.125,5.875,12.375,9.875,5.25,3.25,18.625,12.25,0.5,0.25,342.375,32.125,678.0,11,0,4,0,4,4,0,0,0,0,1,1,2,0,170.18,180.34,135.0,31.0,26.0,1,0,0,0,0,0,0,0,0,0,0,0,0,0,0,1,0,0,0,0,1,0,0,0
Blue,False,0.015625,0.0,0.45,0.4275,0.25,0.2,0.148468017578125,0.098388671875,0.0,0.0,66.5,29.6875,64.31230545043945,27.34375,89.75,48.0,85.53125,44.41152191162109,2.0,0.75,2.0546875,0.75,51.1875,18.3359375,49.6123046875,16.280410766601562,7.5,5.07647705078125,7.5,5.0,4.5,3.625,4.984375,3.9375,48.6875,17.0,47.11572265625,16.5,5.75,3.75,5.3125,3.4375,5.0625,3.5,3.875,2.5,99.2119140625,94.125,638.5,0,0,0,0,0,0,0,0,0,0,0,0,0,0,190.5,193.04,205.0,0.0,1.0,0.08,0.75,0.0,0.0,0.0,0.0,0.0,0.0,12.0,1.0,20.0,15.0,12.0,1.0,20.0,15.0,0.0,0.0,0.0,0.0,11.0,1.0,19.0,14.0,0.0,0.0,0.0,0.0,1.0,0.0,1.0,1.0,12.0,1.0,18.0,14.0,0.0,0.0,0.0,0.0,0.0,0.0,2.0,1.0,2.0,0.0,48.0,1,0,0,1,0,0,1,0,0,0,0,0,0,0,190.5,203.2,250.0,28.0,37.0,0,0,0,0,1,0,0,0,0,0,0,0,0,0,0,1,0,0,0,0,1,0,0,0
Red,False,0.56341552734375,0.0469532012939453,0.510462474822998,0.4589914321899414,0.0734181976318359,0.2540101814270019,0.0745086669921875,0.017974853515625,0.0009822845458984,3.0517578125e-05,37.08525848388672,18.148962020874023,62.28950881958008,29.611818313598636,40.84039688110352,21.181228637695312,83.9157943725586,48.45380973815918,1.542062759399414,0.1610622406005859,1.2776165008544922,0.4004402160644531,22.765554428100582,7.192888259887695,47.02424621582031,19.30592155456543,8.809219360351562,6.965866088867188,9.820028305053713,6.119512557983398,5.51048469543457,3.9902076721191406,5.445234298706055,4.186384201049805,32.48296928405762,15.00929069519043,51.38637924194336,21.48884391784668,2.4733104705810547,1.7070465087890625,6.703884124755859,4.715063095092773,2.128978729248047,1.4326248168945312,4.199245452880859,3.40791130065918,32.28901672363281,65.18234252929688,461.9408645629883,42,1,4,0,4,12,8,0,0,0,4,5,3,0,182.88,187.96,185.0,0.40625,0.0,0.6071875,0.190625,0.25,0.0975,0.0,0.09375,0.0,0.0,54.84375,32.21875,58.0,16.84375,70.75,48.125,66.0,22.84375,1.15625,0.5,6.5625,0.5625,31.40625,14.3125,33.40625,3.09375,12.84375,9.90625,15.4375,9.25,10.59375,8.0,9.15625,4.5,32.8125,13.78125,54.125,14.21875,19.0625,16.0625,3.625,2.5625,2.96875,2.375,0.25,0.0625,31.875,205.03125,531.125,10,0,0,1,3,4,2,0,0,0,1,3,0,0,187.96,193.04,205.0,37.0,32.0,0,0,0,0,0,0,0,1,0,0,0,0,0,0,0,1,0,0,0,0,1,0,0,0
Red,False,0.640625,0.5,0.358125,0.56109375,0.0,0.1328125,0.25,0.28125,0.0,0.0,151.125,47.171875,117.265625,67.375,151.5625,47.609375,119.9375,69.796875,0.5,0.0,0.875,0.265625,124.9375,28.703125,64.421875,26.453125,15.328125,9.296875,34.546875,25.15625,10.859375,9.171875,18.296875,15.765625,148.546875,45.09375,109.859375,62.015625,1.78125,1.65625,6.65625,4.609375,0.796875,0.421875,0.75,0.75,35.5,9.859375,561.171875,10,0,0,3,2,3,4,0,0,1,0,0,2,0,177.8,190.5,155.0,0.25439453125,0.0,0.43951171875,0.374658203125,0.2327734375,0.5662060546875,0.01953125,0.0361328125,0.03125,0.0009765625,99.69970703125,42.3349609375,65.48095703125,22.96923828125,106.20703125,48.30322265625,75.02001953125,31.6083984375,1.8037109375,0.703125,2.89453125,1.66845703125,80.8232421875,27.4228515625,47.0419921875,10.18115234375,13.42138671875,10.232421875,12.8974609375,7.89013671875,5.455078125,4.6796875,5.54150390625,4.89794921875,76.56884765625,27.82177734375,58.0791015625,18.548828125,15.0966796875,9.98779296875,4.2041015625,2.31005859375,8.0341796875,4.525390625,3.19775390625,2.1103515625,91.81982421875,100.3115234375,712.12353515625,28,0,1,0,5,9,3,0,0,1,4,2,2,0,175.26,177.8,155.0,28.0,37.0,0,0,0,0,0,0,1,0,0,0,0,0,0,0,0,1,0,0,0,0,0,0,1,0
Red,False,0.0,0.0,0.415,0.3768749999999999,0.3978125,0.625,0.0,0.15625,0.0,0.0,150.125,62.09375,81.34375,29.8125,188.375,94.15625,90.34375,37.8125,6.96875,2.78125,0.65625,0.625,126.03125,43.21875,70.40625,22.34375,15.34375,10.78125,7.75,4.625,8.75,8.09375,3.1875,2.84375,121.09375,42.46875,69.53125,20.75,13.5,7.53125,11.6875,8.9375,15.53125,12.09375,0.125,0.125,307.59375,10.375,871.15625,16,1,2,0,3,5,1,0,0,0,4,1,0,0,190.5,200.66,205.0,0.322998046875,0.3798828125,0.560028076171875,0.424150390625,0.2741180419921875,0.0350152587890625,0.0196533203125,0.57440185546875,0.0,0.0079345703125,65.73785400390625,35.18560791015625,98.98101806640624,38.89190673828125,87.20758056640625,54.95758056640625,108.94854736328124,47.89581298828125,2.92431640625,1.1917724609375,0.56719970703125,0.17254638671875,49.4715576171875,20.24652099609375,91.5321044921875,33.0421142578125,9.34423828125,8.3438720703125,5.518310546875,4.12384033203125,6.92205810546875,6.59521484375,1.93060302734375,1.7259521484375,54.54638671875,29.30511474609375,77.49798583984375,27.61688232421875,5.2464599609375,1.930419921875,17.294677734375,8.54180908203125,5.94500732421875,3.9500732421875,4.1883544921875,2.73321533203125,165.8505859375,22.21978759765625,588.2510375976562,38,3,0,1,2,7,8,0,0,0,1,6,0,0,185.42,193.04,205.0,26.0,34.0,0,0,0,0,0,1,0,0,0,0,0,0,0,0,0,1,0,0,0,0,1,0,0,0
Red,False,0.125,0.0,0.35625,0.395,0.0,0.24,0.0,0.5,0.0,0.0,152.75,52.375,143.0,62.75,162.0,60.25,164.125,81.0,0.625,0.0,6.625,1.625,136.625,39.625,115.0,40.75,11.25,7.875,15.125,10.375,4.875,4.875,12.875,11.625,141.75,44.875,121.375,45.75,11.0,7.5,20.875,16.25,0.0,0.0,0.75,0.75,17.125,185.875,678.0,9,0,0,1,1,2,2,0,0,0,1,1,0,0,175.26,167.64,135.0,0.0471682548522949,0.0,0.45,0.4217682266235352,0.25,0.19173828125,0.1875,0.125,0.0,0.0,69.5,30.5,66.984375,27.8466796875,94.0,48.544921875,88.50390625,44.75,2.0,0.8125,2.015625,0.6640625,54.0,19.01513671875,51.483436584472656,16.9437255859375,7.91796875,5.430633544921875,7.75,5.0625,4.780975341796875,3.9373779296875,4.8994140625,3.84375,51.025390625,18.400863647460938,50.515625,17.5,5.75,3.75,5.5,3.5,5.375,3.6875,4.0,2.65625,104.865234375,89.5,655.8441009521484,0,0,0,0,0,0,0,0,0,0,0,0,0,0,172.72,172.72,145.0,33.0,30.0,0,1,0,0,0,0,0,0,0,0,0,0,0,0,0,1,0,0,0,0,1,0,0,0
Blue,True,0.564453125,0.125,0.6401953125,0.4617578125,0.23447265625,0.1309765625,0.0,0.0,0.0,0.0,87.412109375,49.6484375,74.4453125,29.201171875,161.439453125,114.431640625,80.3359375,34.791015625,4.451171875,1.6953125,0.33203125,0.158203125,82.55078125,45.03515625,55.859375,20.396484375,3.291015625,3.142578125,14.609375,5.755859375,1.5703125,1.470703125,3.9765625,3.048828125,56.603515625,26.802734375,70.302734375,26.3359375,9.9140625,5.15625,3.369140625,2.2265625,20.89453125,17.689453125,0.7734375,0.638671875,278.298828125,10.46875,608.537109375,26,0,3,0,3,8,2,0,0,0,3,5,0,0,193.04,203.2,240.0,0.28125,0.259765625,0.5828515625,0.41763671875,0.239453125,0.65146484375,0.5625,0.015625,0.0,0.0,127.513671875,73.005859375,117.47265625,55.580078125,141.8203125,85.8125,139.982421875,75.9453125,3.1640625,0.8203125,2.9453125,2.255859375,105.107421875,55.33203125,92.205078125,34.96484375,15.162109375,10.453125,7.01171875,5.30078125,7.244140625,7.220703125,18.255859375,15.314453125,108.8984375,60.26171875,96.69140625,40.646484375,14.255859375,9.888671875,19.08203125,13.240234375,4.359375,2.85546875,1.69921875,1.693359375,67.666015625,134.2890625,717.85546875,23,2,0,1,6,8,2,0,0,0,2,4,2,0,193.04,195.58,231.0,33.0,38.0,0,0,0,0,1,0,0,0,0,0,0,0,0,0,0,1,0,0,0,0,1,0,0,0
Red,False,0.040130615234375,0.078125,0.5695404624938964,0.4229620742797851,0.6034556961059571,0.3511294937133788,0.7841815948486328,0.0635547637939453,0.0025634765625,0.002349853515625,74.16220474243164,37.35105514526367,66.97241973876953,29.254600524902344,83.21383094787598,45.73745727539063,87.36091232299805,47.40557098388672,1.8777084350585935,1.0824642181396484,3.9787750244140634,2.50617790222168,58.90372848510742,25.90106010437012,57.09162902832031,22.81354713439941,11.824047088623049,9.41843032836914,8.05044937133789,4.867717742919922,3.434429168701172,2.031564712524414,1.830341339111328,1.5733356475830078,57.87684440612793,23.010913848876957,54.091983795166016,21.840591430664062,11.831867218017578,10.647106170654297,4.612066268920898,2.3659839630126958,4.453493118286133,3.693035125732422,8.268369674682617,5.048025131225586,83.58298110961914,222.9167251586914,615.0544395446777,46,0,1,0,7,13,7,0,0,0,2,9,2,0,182.88,190.5,170.0,0.0625,3.814697265625e-05,0.7130248212814332,0.3392959022521973,0.4758435249328613,0.5332475471496582,1.0280256271362305,0.0080604553222656,0.5000019073486328,1.0782485008239746,51.75773906707764,35.223605155944824,25.85390520095825,8.546287059783936,162.80481100082395,129.91450595855713,37.34379529953003,18.86698627471924,7.409039497375488,2.430673122406006,0.820559024810791,0.5827641487121582,49.23447227478027,32.95250749588013,19.574267387390137,4.829809665679932,2.031312942504883,1.8752827644348145,2.7002615928649902,1.1391806602478027,0.4919538497924804,0.3958148956298828,3.579376220703125,2.577296733856201,13.087931632995604,4.452598571777344,23.714314937591556,7.503652572631836,2.252023220062256,2.150393486022949,0.2724189758300781,0.0989723205566406,36.417784214019775,28.62061309814453,1.867171287536621,0.943662166595459,596.1714687347412,96.65778923034668,872.7859053611755,58,1,5,0,5,16,6,0,0,0,8,1,7,0,185.42,182.88,170.0,35.0,38.0,0,0,0,0,0,0,0,0,0,1,0,0,0,0,0,1,0,0,0,0,0,0,1,0
Red,False,0.8516407012939453,0.017608642578125,0.550169382095337,0.7725994300842285,3.24249267578125e-05,0.1428797912597656,0.0244369506835937,0.0156288146972656,0.00048828125,7.62939453125e-06,19.4912691116333,10.563232421875,23.96042537689209,15.030949592590332,21.029847145080566,11.31955337524414,25.646906852722168,16.650010108947754,0.0001430511474609,0.0001087188720703,0.6792049407958984,0.2836952209472656,17.462578773498535,8.926204681396484,20.711530685424805,12.76986312866211,1.8696632385253904,1.4858436584472656,0.8578958511352539,0.0897684097290039,0.159027099609375,0.15118408203125,2.3909988403320312,2.1713180541992188,8.724438667297363,3.9650821685791016,8.690707206726074,3.585540771484375,4.735142707824707,3.369879722595215,0.0839118957519531,0.0103731155395507,6.031687736511231,3.228270530700684,15.185806274414062,11.435035705566406,6.799560546875,28.60711669921875,156.84978485107422,31,5,3,0,3,14,7,0,0,0,0,11,2,1,182.88,187.96,185.0,0.03125,0.5,0.5762499999999999,0.4603125,0.4115625,0.0,0.59375,0.0,0.03125,0.0625,40.1875,22.625,61.71875,29.34375,55.25,35.34375,76.8125,42.59375,5.375,1.40625,0.5625,0.0,27.34375,12.03125,53.03125,22.875,10.1875,7.9375,3.84375,2.75,2.65625,2.65625,4.84375,3.71875,31.65625,14.96875,39.15625,17.4375,1.75,1.15625,2.0625,0.90625,6.78125,6.5,20.5,11.0,218.34375,61.90625,665.25,12,0,5,0,5,5,1,0,0,0,1,1,3,0,185.42,182.88,185.0,39.0,36.0,0,0,0,0,0,0,0,1,0,0,0,0,0,0,0,0,0,1,0,0,1,0,0,0
Blue,False,0.25,0.0,0.5125,0.42,0.5825,0.25,0.5,0.0,0.0,0.0,105.0,52.25,80.5,36.0,141.75,84.75,88.75,43.25,1.25,0.75,4.0,1.25,77.0,33.0,63.0,21.75,11.75,7.5,12.5,9.75,16.25,11.75,5.0,4.5,73.25,29.5,68.25,28.5,15.25,9.0,11.0,6.5,16.5,13.75,1.25,1.0,142.0,79.0,669.0,8,0,1,0,1,2,1,0,0,0,0,1,1,0,182.88,182.88,170.0,0.125,0.0,0.475,0.735,0.3725,0.25,1.0,0.0,0.0,0.0,29.625,13.5,31.625,16.125,35.75,18.625,38.875,23.25,1.25,0.875,1.625,0.5,23.875,8.75,23.125,9.875,3.625,2.75,5.5,3.875,2.125,2.0,3.0,2.375,21.25,8.75,26.75,12.375,3.375,1.625,4.375,3.25,5.0,3.125,0.5,0.5,151.75,52.75,371.375,9,1,4,0,4,4,0,0,0,0,1,0,3,0,180.34,182.88,170.0,27.0,25.0,0,0,0,0,0,0,0,0,0,1,0,0,0,0,0,0,0,1,0,0,1,0,0,0
Red,False,1.0,0.0,0.495,0.24,0.1,0.5,0.0,0.0,0.0,0.0,66.5,32.0,54.0,12.5,69.0,34.0,56.0,14.5,2.5,0.5,0.5,0.5,49.5,18.0,46.0,7.5,11.0,9.5,4.5,2.0,6.0,4.5,3.5,3.0,56.0,24.0,48.5,9.0,9.0,7.5,5.5,3.5,1.5,0.5,0.0,0.0,35.0,20.5,346.0,3,0,2,0,2,2,0,0,0,0,0,2,0,0,172.72,180.34,135.0,0.7421875,0.0,0.4151953124999999,0.43234375,0.078125,0.10953125,1.375,0.08203125,0.25,0.0,109.859375,44.08203125,78.6796875,33.34765625,116.8359375,50.65625,91.89453125,44.875,0.53125,0.28125,3.36328125,0.7734375,81.67578125,27.45703125,63.30078125,21.671875,25.203125,14.76953125,11.37109375,8.2421875,2.98046875,1.85546875,4.0078125,3.43359375,81.21875,30.0390625,59.10546875,24.05859375,15.63671875,7.5625,13.32421875,5.3203125,13.00390625,6.48046875,6.25,3.96875,26.2265625,94.8359375,476.34375,20,0,0,1,4,7,2,0,0,0,2,4,1,0,160.02,170.18,135.0,28.0,25.0,1,0,0,0,0,0,0,0,0,0,0,0,0,0,0,1,0,0,0,0,1,0,0,0
Red,False,0.0,0.0,0.3625,0.2925,0.625,0.0,0.0,0.0,0.0,0.0,82.0,29.25,70.25,19.75,86.0,32.5,70.75,19.75,2.0,1.25,2.5,0.0,69.5,22.25,48.5,8.5,10.0,5.0,15.75,7.5,2.5,2.0,6.0,3.75,68.75,22.0,66.75,18.5,8.0,4.5,3.5,1.25,5.25,2.75,0.0,0.0,31.5,10.5,740.25,7,0,3,0,3,3,0,0,0,1,1,1,0,0,172.72,172.72,145.0,0.0,0.0,0.43,0.51,0.5,0.0,1.0,0.0,0.0,0.0,111.0,48.0,64.0,33.0,113.0,50.0,64.0,33.0,2.0,1.0,0.0,0.0,93.0,33.0,32.0,7.0,7.0,4.0,8.0,6.0,11.0,11.0,24.0,20.0,108.0,46.0,64.0,33.0,1.0,1.0,0.0,0.0,2.0,1.0,0.0,0.0,31.0,0.0,510.0,2,0,1,0,1,1,0,0,0,0,0,0,1,0,180.34,182.88,155.0,25.0,26.0,0,0,1,0,0,0,0,0,0,0,0,0,0,0,0,1,0,0,0,0,1,0,0,0
Red,False,0.0,0.140625,0.4603125,0.48421875,0.5725,0.03125,0.015625,0.0625,0.0,0.0,81.984375,37.28125,72.765625,36.765625,108.484375,58.484375,76.0,39.6875,8.03125,4.734375,0.78125,0.0625,71.828125,27.96875,68.09375,33.140625,5.84375,5.515625,3.59375,2.71875,4.3125,3.796875,1.078125,0.90625,53.484375,17.09375,65.09375,31.234375,12.21875,8.296875,4.40625,2.640625,16.28125,11.890625,3.265625,2.890625,219.109375,11.203125,476.609375,15,0,0,1,3,4,3,0,0,0,2,2,0,0,187.96,193.04,205.0,0.0703125,0.25,0.269375,0.476171875,0.0078125,0.242890625,0.5078125,0.0234375,0.0234375,0.015625,112.5390625,40.8515625,70.078125,33.9453125,120.65625,48.0546875,88.40625,50.1875,0.0078125,0.0078125,3.8828125,1.3515625,102.6015625,33.3828125,54.796875,20.6015625,8.4375,6.09375,10.3203125,8.765625,1.5,1.375,4.9609375,4.578125,91.5859375,29.640625,59.796875,28.859375,17.5234375,8.8671875,5.9765625,2.2421875,3.4296875,2.34375,4.3046875,2.84375,13.9609375,152.4609375,635.8125,18,0,2,0,2,4,4,0,0,1,1,2,0,0,187.96,190.5,205.0,35.0,39.0,0,0,0,0,0,1,0,0,0,0,0,0,0,0,0,1,0,0,0,0,0,0,1,0
Blue,False,0.00830078125,0.06488037109375,0.52099609375,0.499884033203125,0.50799560546875,0.41004150390625,0.087554931640625,0.00250244140625,0.065521240234375,0.0626220703125,77.85482788085938,43.8131103515625,58.964599609375,29.953369140625,82.26934814453125,47.100616455078125,78.31491088867188,49.017333984375,0.508026123046875,0.50799560546875,7.47222900390625,2.47222900390625,54.306060791015625,24.98764038085937,44.545166015625,18.544158935546875,16.816162109375,12.243499755859377,8.366668701171875,6.0341796875,6.73260498046875,6.58197021484375,6.052764892578125,5.375030517578125,67.19964599609375,36.040435791015625,45.653350830078125,21.099609375,2.979766845703125,2.009307861328125,5.9178466796875,4.4156494140625,7.6754150390625,5.76336669921875,7.393402099609375,4.4381103515625,27.40032958984375,318.4310302734375,775.3471374511719,29,0,0,1,4,10,6,0,1,0,1,4,4,0,210.82,213.36,265.0,0.29296875,0.734375,0.5021484375,0.5956250000000001,0.0,0.10671875,0.0,0.0,0.0,0.0,23.0078125,12.2734375,28.79296875,16.8515625,28.546875,16.9921875,39.89453125,26.96484375,0.390625,0.0,0.94921875,0.32421875,13.7265625,5.6875,24.10546875,12.5078125,4.71484375,2.70703125,2.953125,2.609375,4.56640625,3.87890625,1.734375,1.734375,17.453125,8.4453125,18.6640625,10.2890625,4.296875,3.1171875,0.98046875,0.3203125,1.2578125,0.7109375,9.1484375,6.2421875,27.61328125,57.83203125,274.11328125,16,1,0,1,2,3,6,0,0,0,0,3,0,0,193.04,208.28,264.0,28.0,36.0,0,0,0,0,1,0,0,0,0,0,0,0,0,0,0,1,0,0,0,0,1,0,0,0
Blue,False,0.25,0.125,0.5796875,0.64953125,0.6484375,0.25,0.375,0.5,1.0,0.5,20.90625,11.234375,79.046875,48.5,29.234375,18.453125,170.65625,127.265625,1.171875,0.765625,4.1875,1.125,17.640625,9.015625,60.90625,33.453125,2.609375,1.8125,12.046875,9.734375,0.65625,0.40625,6.09375,5.3125,17.1875,8.625,44.234375,20.875,1.078125,0.71875,8.296875,6.734375,2.640625,1.890625,26.515625,20.890625,107.28125,337.125,743.78125,16,0,4,0,4,5,2,0,0,0,1,0,4,0,180.34,182.88,170.0,0.4375,0.0,0.4071875,0.4115625,0.03125,0.0178125,0.0,0.0,0.03125,0.0,136.0,55.0625,113.15625,48.5,136.875,55.625,114.03125,49.28125,1.40625,0.03125,2.625,0.125,118.53125,41.40625,70.3125,14.375,14.28125,10.84375,12.0625,9.59375,3.1875,2.8125,30.78125,24.53125,128.625,51.03125,109.6875,46.78125,6.0625,3.46875,2.84375,1.3125,1.3125,0.5625,0.625,0.40625,14.25,26.90625,645.6875,12,0,0,1,5,5,1,0,0,1,1,3,0,0,180.34,185.42,170.0,27.0,24.0,0,0,0,0,0,0,0,0,0,1,0,0,0,0,0,0,0,0,1,0,1,0,0,0
Red,False,0.0,0.0,0.42,0.2575,0.8225,0.0,0.625,0.0,0.5,0.25,29.0,16.375,29.625,11.0,70.125,51.0,36.25,17.125,4.0,2.625,1.875,0.0,18.75,8.0,22.75,5.625,4.375,3.125,4.625,3.375,5.875,5.25,2.25,2.0,15.75,7.875,21.875,5.75,6.375,4.875,7.125,4.625,6.875,3.625,0.625,0.625,298.0,71.375,481.5,8,0,4,0,4,4,0,0,0,0,2,0,2,0,177.8,177.8,155.0,0.0625,0.125,0.3203125,0.270625,0.4590625,0.425,0.0625,0.25,0.0,0.125,79.5,25.75,60.75,17.25,97.46875,43.09375,66.03125,21.84375,7.625,4.0625,3.0,1.4375,69.84375,21.0,44.03125,6.65625,6.1875,3.71875,7.5625,4.53125,3.46875,1.03125,9.15625,6.0625,63.78125,14.53125,55.625,14.625,3.5625,2.5625,2.375,1.1875,12.15625,8.65625,2.75,1.4375,175.53125,110.5625,862.21875,15,0,3,0,3,4,2,0,0,0,2,1,0,1,172.72,185.42,155.0,28.0,29.0,0,0,0,0,0,0,1,0,0,0,0,0,0,0,0,1,0,0,0,0,1,0,0,0
Red,False,0.1970367431640625,0.6259841918945312,0.5385641479492187,0.5769712066650391,0.0156288146972656,0.0584384536743164,0.0041580200195312,0.0078163146972656,0.0,3.814697265625e-06,40.81575012207031,21.43057632446289,30.17051315307617,15.134521484375,51.28510665893555,30.877410888671875,40.0890998840332,24.27185821533203,0.0488357543945312,0.0156288146972656,1.6684303283691406,0.3125076293945312,30.5079345703125,13.744792938232422,26.42546844482422,11.780315399169922,5.107093811035156,3.503334045410156,3.220752716064453,2.896503448486328,5.200721740722656,4.1824493408203125,0.5242919921875,0.45770263671875,30.11373519897461,13.753795623779297,20.251785278320312,7.728054046630859,9.813861846923828,6.890769958496094,3.881481170654297,2.869251251220703,0.888153076171875,0.7860107421875,6.0372467041015625,4.5372161865234375,62.2352409362793,72.62094497680664,346.1324615478516,35,5,1,0,7,14,5,0,0,1,2,9,2,0,190.5,195.58,240.0,0.5703125,0.3359375,0.7442187499999999,0.4142187499999999,0.0703125,0.0103125,0.0,0.03125,0.0,0.0,51.0234375,38.0,46.21875,18.5859375,54.765625,41.5390625,47.09375,19.390625,1.3359375,0.1328125,1.109375,0.03125,21.109375,13.6484375,34.6875,11.7265625,15.6484375,11.7109375,8.109375,5.0234375,14.265625,12.640625,3.421875,1.8359375,41.9765625,30.53125,41.2890625,15.859375,2.2734375,1.8046875,4.0703125,2.375,6.7734375,5.6640625,0.859375,0.3515625,43.046875,10.25,594.8359375,15,0,1,0,3,5,3,0,0,0,2,3,0,0,193.04,203.2,265.0,37.0,35.0,0,0,0,0,1,0,0,0,0,0,0,0,0,0,0,1,0,0,0,0,1,0,0,0
Red,False,0.0,0.0,0.5449999999999999,0.40125,0.14625,0.015,0.0,0.0,0.0,0.0,87.75,48.375,93.75,35.625,122.375,79.875,119.875,60.0,10.125,1.125,1.125,0.125,57.125,22.125,73.25,18.75,9.25,7.5,13.0,10.75,21.375,18.75,7.5,6.125,66.875,32.5,74.375,22.125,16.375,13.375,11.875,8.375,4.5,2.5,7.5,5.125,246.375,74.25,900.0,12,0,1,0,2,3,1,0,0,0,3,0,0,0,185.42,190.5,205.0,0.28125,0.125,0.6950000000000001,0.5315624999999999,0.0,0.15625,0.8125,1.3125,0.25,0.0,30.125,20.8125,13.40625,7.125,46.09375,33.96875,17.46875,10.8125,0.53125,0.0,0.6875,0.3125,23.625,15.6875,11.34375,5.4375,4.8125,3.59375,1.5,1.125,1.6875,1.53125,0.5625,0.5625,11.625,5.875,9.03125,4.46875,11.46875,9.34375,3.25,1.96875,7.03125,5.59375,1.125,0.6875,84.875,32.3125,160.65625,8,0,0,1,3,4,2,0,0,0,0,2,2,0,190.5,195.58,205.0,36.0,24.0,0,0,0,0,0,1,0,0,0,0,0,0,0,0,0,1,0,0,0,0,1,0,0,0
Red,False,0.0,0.0,0.56,0.58,0.2,0.0,1.0,0.0,0.0,0.0,99.0,56.0,118.0,69.0,136.0,85.0,147.0,90.0,5.0,1.0,2.0,0.0,66.0,33.0,89.0,45.0,23.0,15.0,10.0,6.0,10.0,8.0,19.0,18.0,64.0,29.0,82.0,43.0,27.0,21.0,35.0,25.0,8.0,6.0,1.0,1.0,472.0,62.0,900.0,3,0,1,0,1,1,0,0,0,0,1,0,0,0,167.64,162.56,115.0,0.0,0.0,0.39,0.34,0.0,0.11,0.0,0.0,0.0,0.0,169.0,66.0,100.0,34.0,216.0,104.0,125.0,56.0,0.0,0.0,9.0,1.0,137.0,40.0,82.0,21.0,14.0,12.0,7.0,2.0,18.0,14.0,11.0,11.0,147.0,47.0,94.0,31.0,10.0,9.0,6.0,3.0,12.0,10.0,0.0,0.0,89.0,319.0,900.0,3,0,1,0,1,1,0,0,0,0,1,0,0,0,160.02,162.56,115.0,35.0,30.0,0,0,0,0,0,0,0,0,0,0,0,0,0,1,0,1,0,0,0,0,1,0,0,0
Red,False,0.015625,0.0,0.45,0.4275,0.25,0.2,0.148468017578125,0.098388671875,0.0,0.0,66.5,29.6875,64.31230545043945,27.34375,89.75,48.0,85.53125,44.41152191162109,2.0,0.75,2.0546875,0.75,51.1875,18.3359375,49.6123046875,16.280410766601562,7.5,5.07647705078125,7.5,5.0,4.5,3.625,4.984375,3.9375,48.6875,17.0,47.11572265625,16.5,5.75,3.75,5.3125,3.4375,5.0625,3.5,3.875,2.5,99.2119140625,94.125,638.5,0,0,0,0,0,0,0,0,0,0,0,0,0,0,160.02,160.02,115.0,0.0,0.0,0.36,0.215,0.0,0.1375,0.0,0.0,0.0,0.0,64.0,27.25,63.25,14.5,73.25,36.25,81.5,30.5,0.0,0.0,3.0,0.75,48.75,15.25,50.75,7.0,7.0,6.0,4.75,3.25,8.25,6.0,7.75,4.25,54.25,18.25,48.0,9.0,9.75,9.0,2.25,2.0,0.0,0.0,13.0,3.5,60.25,122.75,495.0,6,0,1,0,1,2,1,0,0,1,0,1,0,0,175.26,180.34,135.0,31.0,32.0,0,0,0,0,0,0,0,0,0,0,1,0,0,0,0,1,0,0,0,0,1,0,0,0
Red,False,0.0,0.0,0.665,0.6699999999999999,0.2,0.7,1.5,0.0,0.0,0.0,77.0,55.0,33.5,24.5,132.5,107.0,86.5,73.5,4.5,1.0,8.5,6.5,66.0,44.5,15.5,7.5,6.0,6.0,12.0,11.5,5.0,4.5,6.0,5.5,12.0,2.5,7.5,3.5,5.5,5.5,20.0,19.0,59.5,47.0,6.0,2.0,315.0,507.0,899.0,6,0,0,1,1,1,1,0,0,0,0,1,0,0,185.42,182.88,185.0,0.0,0.5,0.605,0.7224999999999999,0.4,0.125,0.5,0.125,0.375,0.375,28.125,17.625,36.5,28.625,124.125,109.375,74.875,65.75,4.25,2.25,1.375,0.25,16.375,8.125,20.125,13.875,6.75,4.625,7.875,6.875,5.0,4.875,8.5,7.875,16.375,8.0,17.875,11.125,8.625,7.25,14.25,13.25,3.125,2.375,4.375,4.25,408.375,131.875,657.125,8,0,0,1,3,3,1,0,0,0,1,0,2,0,195.58,200.66,185.0,33.0,34.0,0,0,0,0,0,0,0,1,0,0,0,0,0,0,0,0,0,1,0,0,1,0,0,0
Blue,False,0.015625,0.0,0.45,0.4275,0.25,0.2,0.148468017578125,0.098388671875,0.0,0.0,66.5,29.6875,64.31230545043945,27.34375,89.75,48.0,85.53125,44.41152191162109,2.0,0.75,2.0546875,0.75,51.1875,18.3359375,49.6123046875,16.280410766601562,7.5,5.07647705078125,7.5,5.0,4.5,3.625,4.984375,3.9375,48.6875,17.0,47.11572265625,16.5,5.75,3.75,5.3125,3.4375,5.0625,3.5,3.875,2.5,99.2119140625,94.125,638.5,0,0,0,0,0,0,0,0,0,0,0,0,0,0,167.64,177.8,145.0,0.5,0.0,0.41625,0.4206249999999999,0.075,0.735,1.125,0.0,0.0625,0.0,62.125,26.1875,86.8125,38.1875,82.8125,44.25,104.375,53.625,0.6875,0.375,3.1875,1.6875,47.0625,13.9375,68.125,24.4375,9.25,7.8125,14.125,11.0,5.8125,4.4375,4.5625,2.75,48.5625,18.0625,64.0625,22.625,7.5625,4.375,11.125,7.8125,6.0,3.75,11.625,7.75,105.9375,155.0,551.375,13,0,1,0,1,3,2,0,0,0,1,1,1,0,180.34,185.42,155.0,31.0,31.0,0,0,0,0,0,0,1,0,0,0,0,0,0,0,0,1,0,0,0,0,1,0,0,0
Red,False,0.3125,0.0,0.415625,0.368125,0.30375,0.625625,2.25,1.3125,0.75,0.125,93.625,37.9375,81.8125,28.6875,125.3125,67.0625,92.3125,38.375,3.0625,1.25,6.5625,3.625,85.0625,32.1875,69.625,18.125,3.3125,1.5625,9.5,7.9375,5.25,4.1875,2.6875,2.625,77.875,27.4375,64.5,17.4375,8.6875,5.5625,9.25,7.3125,7.0625,4.9375,8.0625,3.9375,94.875,327.3125,726.0,14,0,0,1,2,3,2,0,0,0,2,0,1,0,162.56,162.56,125.0,0.0625,0.0,0.3825,0.385,0.1540625,0.204375,0.0,0.59375,0.0,0.03125,157.09375,57.15625,142.1875,52.78125,172.34375,70.5625,168.0625,76.65625,4.15625,0.46875,7.21875,3.5625,133.40625,41.46875,112.46875,33.40625,19.4375,12.71875,19.15625,12.5,4.25,2.96875,10.5625,6.875,146.15625,49.8125,128.375,42.59375,8.0,5.46875,10.71875,7.375,2.9375,1.875,3.09375,2.8125,61.28125,226.03125,996.21875,17,1,4,0,4,5,1,0,0,0,3,2,0,0,165.1,167.64,125.0,36.0,25.0,0,0,0,1,0,0,0,0,0,0,0,0,0,0,0,1,0,0,0,0,1,0,0,0
Blue,False,0.0,0.25,0.54,0.34375,0.35125,0.08,0.625,0.0,0.0,0.0,78.0,34.75,126.625,42.0,97.125,51.0,133.875,48.375,8.875,2.25,3.375,0.5,72.0,30.5,103.5,27.375,4.5,2.875,18.875,11.0,1.5,1.375,4.25,3.625,59.125,20.5,114.625,36.25,9.625,6.25,8.75,4.25,9.25,8.0,3.25,1.5,193.5,163.0,784.25,11,0,1,0,1,2,2,0,0,0,0,0,2,0,180.34,185.42,155.0,0.125,0.5,0.4875,0.34625,0.44625,0.375,0.625,0.25,0.125,1.125,47.5,23.375,99.125,42.375,66.25,39.375,117.625,59.5,6.125,2.625,0.75,0.625,40.5,17.75,74.125,26.375,2.5,1.25,14.75,8.75,4.5,4.375,10.25,7.25,37.625,17.125,80.25,28.625,1.875,0.75,5.875,4.5,8.0,5.5,13.0,9.25,343.0,145.0,796.5,11,0,1,0,1,2,2,0,0,0,1,0,1,0,180.34,185.42,155.0,37.0,32.0,0,0,0,0,0,0,1,0,0,0,0,0,0,0,0,1,0,0,0,0,1,0,0,0
Red,False,0.5,0.0,0.415,0.575,0.0,0.2125,0.25,0.75,0.0,0.25,43.0,16.75,91.5,61.0,50.75,24.5,145.5,110.25,0.0,0.0,7.75,2.25,30.0,8.5,70.5,44.5,9.0,6.25,13.0,10.5,4.0,2.0,8.0,6.0,35.25,10.75,29.5,8.5,4.25,2.75,12.5,9.75,3.5,3.25,49.5,42.75,9.5,428.25,624.5,7,0,0,1,1,1,2,0,0,0,0,1,0,0,172.72,182.88,125.0,0.0,0.5,0.455,0.485,0.205,0.165,0.5,0.25,0.0,0.25,27.25,11.25,40.25,22.0,28.5,12.25,69.5,48.5,3.75,0.75,1.25,0.5,15.0,3.75,31.5,14.75,3.5,1.75,3.75,2.5,8.75,5.75,5.0,4.75,25.5,10.25,21.75,8.25,1.75,1.0,11.25,9.25,0.0,0.0,7.25,4.5,42.75,173.0,347.75,5,0,1,0,1,1,2,0,0,0,0,0,1,0,177.8,180.34,125.0,29.0,26.0,0,0,0,1,0,0,0,0,0,0,0,0,0,0,0,1,0,0,0,0,0,0,1,0
Red,False,0.0,0.0,0.12,0.655,0.5,0.75,0.0,1.5,0.0,0.5,26.5,6.5,52.0,30.0,36.0,16.0,120.0,97.0,2.5,2.5,2.0,1.5,25.5,6.0,36.0,17.0,0.5,0.5,11.5,9.5,0.5,0.0,4.5,3.5,24.5,5.0,26.0,10.5,1.0,0.5,5.5,5.5,1.0,1.0,20.5,14.0,189.0,241.5,545.5,4,0,0,2,0,0,2,0,0,0,0,0,0,0,185.42,200.66,170.0,0.375,0.0,0.5425,0.42625,0.0,0.27125,0.0,0.125,0.25,0.0,54.25,26.5,70.125,34.25,70.125,41.875,132.25,91.5,1.0,0.0,8.625,3.375,45.375,19.0,49.75,18.75,6.875,5.5,13.5,10.125,2.0,2.0,6.875,5.375,43.25,17.125,38.5,12.5,6.125,5.0,10.125,7.375,4.875,4.375,21.5,14.375,138.125,383.5,788.5,10,0,0,1,2,2,2,0,0,0,1,1,0,0,187.96,187.96,170.0,27.0,24.0,0,0,0,0,0,0,0,0,0,1,0,0,0,0,0,1,0,0,0,0,0,0,1,0
Red,False,0.5,0.0,0.333125,0.38125,0.655625,0.10625,0.125,0.5,0.25,0.25,50.5,19.6875,34.0,13.75,56.0,23.8125,38.125,17.5625,2.3125,1.375,1.25,0.4375,38.8125,11.6875,25.5,7.6875,7.4375,5.5625,3.8125,2.5,4.25,2.4375,4.6875,3.5625,41.5,14.5,28.0625,10.625,4.1875,3.0,2.625,1.0625,4.8125,2.1875,3.3125,2.0625,99.5,48.5,330.75,10,0,1,0,1,3,2,0,0,0,1,2,0,0,180.34,187.96,145.0,0.0,0.0,0.49,0.355,0.4425,0.2525,1.75,0.0,0.5,0.0,97.75,48.5,77.25,27.5,121.75,68.0,132.25,71.0,6.25,1.75,5.25,1.75,69.0,26.75,58.5,17.75,16.5,12.0,8.75,5.75,12.25,9.75,10.0,4.0,78.25,36.0,56.0,16.5,10.0,5.25,9.0,4.0,9.5,7.25,12.25,7.0,83.0,346.75,900.0,9,1,3,0,3,3,0,0,0,1,2,0,0,0,180.34,180.34,145.0,25.0,23.0,0,0,1,0,0,0,0,0,0,0,0,0,0,0,0,1,0,0,0,0,1,0,0,0
Blue,False,0.0458984375,0.0166015625,0.4542431640625,0.414423828125,0.330244140625,0.127041015625,0.0078125,0.5391845703125,0.0,0.0,99.73681640625,45.1361083984375,129.0792236328125,51.19384765625,102.7606201171875,47.142333984375,136.101318359375,56.683349609375,2.008544921875,1.00048828125,1.651611328125,0.1358642578125,62.0872802734375,18.78759765625,103.3330078125,32.4918212890625,27.27587890625,18.0606689453125,12.9273681640625,8.4495849609375,10.3736572265625,8.287841796875,12.81884765625,10.25244140625,96.66748046875,42.8707275390625,118.6533203125,42.15185546875,0.3170166015625,0.066162109375,1.4473876953125,1.00927734375,2.7523193359375,2.19921875,8.978515625,8.03271484375,59.1224365234375,24.67724609375,649.484130859375,32,0,4,0,4,10,4,0,1,1,3,5,0,0,180.34,190.5,145.0,0.046875,0.0,0.468828125,0.460390625,0.00515625,0.447734375,0.1953125,0.0,0.125,0.015625,105.203125,46.7890625,99.875,47.96875,145.9140625,86.2265625,142.0625,83.125,0.3203125,0.046875,11.3125,5.4375,83.4921875,30.1328125,68.03125,23.3515625,15.171875,10.1328125,20.3125,14.2734375,6.5390625,6.5234375,11.53125,10.34375,97.3671875,42.9921875,81.203125,34.921875,7.4375,3.671875,8.6875,5.9296875,0.3984375,0.125,9.984375,7.1171875,17.0,500.390625,914.359375,19,3,0,1,5,5,3,0,0,1,0,2,2,0,177.8,182.88,155.0,30.0,29.0,0,0,0,0,0,0,1,0,0,0,0,0,0,0,0,1,0,0,0,0,1,0,0,0
Red,False,0.5,0.5,0.7949999999999999,0.455,0.5,0.0,0.0,0.0,0.0,0.0,31.5,19.0,36.0,16.5,58.0,43.0,56.0,34.0,2.0,2.0,1.5,0.0,29.5,18.0,28.0,11.0,2.0,1.0,7.5,5.0,0.0,0.0,0.5,0.5,9.5,4.0,15.0,6.0,7.0,4.5,21.0,10.5,15.0,10.5,0.0,0.0,186.0,38.5,335.0,4,0,0,1,1,1,1,0,0,0,0,1,0,0,177.8,187.96,170.0,0.0,0.0,0.31,0.4,0.0,1.0,1.0,0.0,0.0,0.0,19.0,6.0,27.0,11.0,21.0,8.0,30.0,14.0,0.0,0.0,1.0,1.0,13.0,3.0,24.0,10.0,3.0,1.0,0.0,0.0,3.0,2.0,3.0,1.0,17.0,5.0,25.0,9.0,2.0,1.0,0.0,0.0,0.0,0.0,2.0,2.0,0.0,43.0,166.0,1,0,1,0,1,1,0,0,0,0,0,0,1,0,185.42,187.96,170.0,28.0,28.0,0,0,0,0,0,0,0,0,0,1,0,0,0,0,0,1,0,0,0,0,0,0,1,0
Red,False,0.0,0.0,0.4525,0.515,0.155,0.5825,0.25,1.0,0.25,0.5,78.75,38.5,74.75,34.75,123.5,74.0,109.0,66.5,6.0,1.0,5.0,3.0,60.5,24.5,65.5,27.0,14.5,11.25,7.0,5.5,3.75,2.75,2.25,2.25,54.0,22.0,50.0,17.25,9.5,7.0,7.25,4.5,15.25,9.5,17.5,13.0,183.0,445.75,869.0,9,0,1,0,1,2,1,0,0,1,1,0,0,0,170.18,172.72,125.0,0.5,0.40625,0.3459375,0.390625,0.48875,0.334375,0.34375,0.53125,0.03125,0.53125,130.375,45.4375,92.625,35.625,160.5,72.9375,109.40625,47.96875,3.0625,1.84375,2.53125,0.71875,118.625,37.4375,69.59375,17.875,7.8125,4.78125,15.15625,10.96875,3.9375,3.21875,7.875,6.78125,100.46875,30.15625,78.84375,27.9375,2.8125,1.59375,3.71875,2.875,27.09375,13.6875,10.0625,4.8125,216.625,181.34375,772.84375,17,0,1,0,2,4,2,0,0,0,4,0,0,0,167.64,175.26,125.0,35.0,22.0,0,0,0,1,0,0,0,0,0,0,0,0,0,0,0,1,0,0,0,0,1,0,0,0
Red,False,0.0,0.0,0.475,0.375,0.58,0.0,0.0,0.5,0.25,0.0,64.75,30.25,71.25,23.75,128.5,85.25,92.75,43.0,6.0,2.0,1.25,0.0,45.25,15.5,54.25,13.0,6.5,5.0,14.5,9.5,13.0,9.75,2.5,1.25,41.5,15.75,61.75,17.75,9.75,7.25,8.75,5.75,13.5,7.25,0.75,0.25,488.5,59.75,900.0,9,0,0,1,2,2,1,0,0,0,2,0,0,0,165.1,165.1,115.0,0.0,0.0,0.32,0.44,0.38,0.165,0.5,0.0,0.0,0.0,56.0,23.0,88.5,40.5,102.0,56.5,90.0,42.0,12.0,3.0,1.5,0.5,49.0,19.5,77.0,33.0,6.0,3.5,9.0,5.5,1.0,0.0,2.5,2.0,32.0,6.5,66.5,27.0,12.0,6.5,17.5,10.0,12.0,10.0,4.5,3.5,184.5,26.0,621.5,5,2,1,0,1,1,1,0,0,0,0,0,1,0,154.94,160.02,115.0,34.0,28.0,0,0,0,0,0,0,0,0,0,0,0,0,0,1,0,1,0,0,0,0,1,0,0,0
Red,True,0.1875,0.0,0.5053515625,0.53375,0.296875,0.191875,0.0234375,0.28125,0.25,0.0,74.31640625,36.99609375,36.80078125,21.265625,107.89453125,66.32421875,69.71875,51.41796875,2.015625,0.6015625,3.82421875,1.65625,61.046875,28.91796875,30.28125,17.15234375,12.05078125,6.94921875,2.2734375,1.55859375,1.21875,1.12890625,4.24609375,2.5546875,42.85546875,16.23046875,18.23828125,8.21875,8.51171875,4.9140625,3.84375,1.765625,22.94921875,15.8515625,14.71875,11.28125,225.7734375,158.453125,743.6328125,20,0,4,0,4,7,2,0,1,0,1,4,1,0,190.5,203.2,205.0,0.041046142578125,0.0,0.5566116333007812,0.338192138671875,0.5154925537109375,0.075,0.54986572265625,0.03125,0.0,0.0,184.75958251953125,102.78323364257812,171.5076904296875,57.769317626953125,211.063232421875,127.373779296875,190.82958984375,73.55963134765625,5.861175537109375,2.634185791015625,6.326629638671875,0.625,121.49346923828124,53.858001708984375,132.19271850585938,36.97021484375,33.54949951171875,27.59326171875,28.344024658203125,15.086822509765623,29.71661376953125,21.33197021484375,10.970947265625,5.7122802734375,138.40859985351562,68.52655029296875,133.4691162109375,39.628326416015625,40.4365234375,30.84185791015625,36.92843627929688,17.608978271484375,5.914459228515625,3.414825439453125,1.110137939453125,0.532012939453125,336.8692932128906,49.7828369140625,1393.2819213867188,47,9,3,0,12,15,1,0,0,0,6,4,5,0,193.04,213.36,205.0,33.0,28.0,0,0,0,0,0,1,0,0,0,0,0,0,0,0,0,0,0,1,0,0,1,0,0,0
Red,True,0.125,0.0,0.43,0.27875,0.45125,0.0,0.125,0.0,0.0,0.0,120.5,52.25,108.5,30.375,163.625,92.125,121.875,42.5,6.375,2.0,1.875,0.0,80.875,24.125,90.375,19.125,34.25,25.875,15.5,10.0,5.375,2.25,2.625,1.25,83.0,27.375,94.5,21.125,33.0,22.125,13.75,9.0,4.5,2.75,0.25,0.25,187.875,13.0,900.0,12,0,4,0,4,4,0,0,0,1,3,0,0,0,162.56,162.56,135.0,0.033203125,0.0078125,0.54011474609375,0.38171875,0.4536279296875,0.2309375,0.546875,0.009033203125,0.001220703125,0.00048828125,139.580810546875,75.038330078125,98.9541015625,41.19873046875,208.341796875,139.104248046875,138.507080078125,77.1328125,12.77734375,5.879150390625,3.802001953125,0.9091796875,89.1689453125,39.672607421875,62.718505859375,13.784912109375,34.204833984375,24.25927734375,24.396728515625,18.232421875,16.20703125,11.1064453125,11.8388671875,9.181396484375,101.8203125,47.55517578125,82.322998046875,29.862060546875,32.150390625,22.736328125,16.439453125,11.2158203125,5.610107421875,4.746826171875,0.191650390625,0.120849609375,412.732421875,138.91748046875,1322.24609375,50,9,2,0,9,11,2,0,0,1,6,1,3,0,160.02,167.64,125.0,29.0,29.0,0,0,0,1,0,0,0,0,0,0,0,0,0,0,0,1,0,0,0,0,1,0,0,0
Red,False,0.517578125,0.0172119140625,0.532303466796875,0.39656005859375,0.4026660156249999,0.090413818359375,0.0166015625,0.0078125,0.0078125,0.025146484375,96.7904052734375,50.8192138671875,72.5428466796875,28.5576171875,146.2989501953125,93.050048828125,84.5645751953125,39.5072021484375,8.8782958984375,3.4237060546875,1.9578857421875,0.2822265625,72.87646484375,31.996826171875,51.44140625,13.7552490234375,10.1129150390625,6.115966796875,11.73193359375,7.3232421875,13.801025390625,12.7064208984375,9.3695068359375,7.4791259765625,63.328369140625,26.75390625,67.265380859375,24.3328857421875,9.8995361328125,7.7974853515625,4.9351806640625,3.9271240234375,23.5625,16.267822265625,0.34228515625,0.297607421875,261.109619140625,96.6505126953125,848.185546875,39,0,0,2,4,9,5,0,0,2,5,1,1,0,182.88,195.58,185.0,0.5234375,0.0390625,0.508359375,0.405625,0.3828125,0.0034375,0.0,0.0078125,0.0,0.625,107.3359375,48.65625,74.8125,32.6875,131.03125,71.5390625,82.375,40.0390625,1.3203125,0.6953125,1.2109375,0.0234375,84.4921875,31.1953125,50.8125,14.5703125,7.4921875,4.3671875,10.1953125,6.46875,15.3515625,13.09375,13.8046875,11.6484375,85.2578125,33.578125,68.984375,28.5,9.96875,6.703125,3.9375,3.078125,12.109375,8.375,1.890625,1.109375,168.90625,35.828125,608.1953125,19,1,2,0,4,6,2,0,0,0,3,3,0,0,182.88,185.42,185.0,33.0,25.0,0,0,0,0,0,0,0,1,0,0,0,0,0,0,0,1,0,0,0,0,1,0,0,0
Blue,False,0.125,0.5,0.3025,0.19125,0.0,0.3625,0.625,0.0,0.375,0.0,75.625,24.625,64.375,19.625,81.625,30.625,66.25,21.25,0.625,0.0,2.75,1.125,61.125,16.875,50.5,12.75,8.375,3.625,8.75,2.875,6.125,4.125,5.125,4.0,72.75,22.5,60.125,17.375,2.625,2.125,3.75,1.75,0.25,0.0,0.5,0.5,12.25,70.0,491.25,8,0,4,0,4,4,0,0,0,0,2,0,2,0,190.5,193.04,155.0,0.0,0.0,0.74,0.62,0.44,0.18,1.0,0.0,0.0,0.0,31.0,23.0,32.0,20.0,57.0,47.0,53.0,41.0,9.0,4.0,11.0,2.0,12.0,6.0,25.0,14.0,8.0,8.0,5.0,5.0,11.0,9.0,2.0,1.0,19.0,13.0,20.0,12.0,5.0,5.0,12.0,8.0,7.0,5.0,0.0,0.0,400.0,336.0,886.0,3,1,1,0,1,1,0,0,0,0,0,0,1,0,182.88,195.58,155.0,29.0,25.0,0,0,0,0,0,0,1,0,0,0,0,0,0,0,0,1,0,0,0,0,1,0,0,0
Red,False,0.015625,0.0,0.45,0.4275,0.25,0.2,0.148468017578125,0.098388671875,0.0,0.0,66.5,29.6875,64.31230545043945,27.34375,89.75,48.0,85.53125,44.41152191162109,2.0,0.75,2.0546875,0.75,51.1875,18.3359375,49.6123046875,16.280410766601562,7.5,5.07647705078125,7.5,5.0,4.5,3.625,4.984375,3.9375,48.6875,17.0,47.11572265625,16.5,5.75,3.75,5.3125,3.4375,5.0625,3.5,3.875,2.5,99.2119140625,94.125,638.5,0,0,0,0,0,0,0,0,0,0,0,0,0,0,190.5,190.5,245.0,0.5,0.25,0.2625,0.4825,0.0,0.225,0.0,0.0,0.0,0.0,55.0,15.75,55.75,23.0,56.25,17.0,80.0,42.5,0.25,0.0,3.0,0.75,38.25,6.5,47.0,17.5,14.5,7.0,5.25,2.5,2.25,2.25,3.5,3.0,53.5,15.25,46.25,17.75,1.5,0.5,0.25,0.0,0.0,0.0,9.25,5.25,1.0,104.75,525.75,6,0,0,3,0,0,3,0,0,0,0,0,0,0,195.58,195.58,250.0,27.0,32.0,0,0,0,0,1,0,0,0,0,0,0,0,0,0,0,1,0,0,0,0,0,0,1,0
Red,False,0.125,0.5,0.4475,0.599375,0.2975,0.6971875000000001,0.0,0.0,0.375,0.125,60.78125,26.90625,85.0625,48.125,65.84375,31.9375,114.46875,75.90625,3.625,0.78125,2.46875,1.28125,51.78125,19.46875,73.59375,40.15625,5.71875,4.84375,5.21875,3.09375,3.28125,2.59375,6.25,4.875,50.84375,20.25,45.96875,18.125,2.78125,1.65625,2.90625,1.25,7.15625,5.0,36.1875,28.75,134.5625,205.0625,558.28125,15,0,4,0,4,4,2,0,0,1,1,1,0,1,187.96,195.58,205.0,0.5,0.0,0.6375,0.6725,0.0,0.0,1.0,0.5,0.0,0.0,12.75,8.75,17.0,12.0,16.75,12.5,26.0,19.0,0.0,0.0,0.5,0.0,8.25,4.5,13.5,9.0,2.25,2.0,3.0,2.5,2.25,2.25,0.5,0.5,8.0,4.75,8.0,4.25,3.25,3.0,6.5,5.75,1.5,1.0,2.5,2.0,25.25,59.0,109.25,3,0,2,0,2,2,1,0,0,0,0,2,0,0,185.42,190.5,253.0,29.0,30.0,0,0,0,0,0,1,0,0,0,0,0,0,0,0,0,1,0,0,0,0,1,0,0,0
Blue,False,0.0,0.53125,0.2865625,0.509375,0.2665625,0.556875,0.6875,0.1875,0.03125,0.0,66.8125,22.375,51.5625,26.53125,77.84375,31.90625,55.25,29.65625,2.3125,1.15625,1.71875,0.90625,55.96875,14.09375,41.3125,17.4375,10.5625,8.0,5.84375,4.84375,0.28125,0.28125,4.40625,4.25,56.3125,14.75,40.71875,18.5,4.59375,3.40625,1.46875,0.78125,5.90625,4.21875,9.375,7.25,106.46875,45.8125,372.0,14,0,0,1,4,4,2,0,0,1,2,0,1,0,175.26,195.58,170.0,0.1943359375,0.0,0.579541015625,0.288603515625,0.266826171875,0.09208984375,0.34765625,0.04296875,0.001953125,0.0009765625,60.1572265625,28.9853515625,65.8984375,25.517578125,98.8515625,62.1123046875,80.1005859375,37.7431640625,3.8427734375,1.2578125,1.6298828125,0.599609375,43.4443359375,18.0556640625,44.4462890625,12.173828125,9.275390625,6.142578125,16.408203125,9.671875,7.4375,4.787109375,5.0439453125,3.671875,40.0810546875,15.734375,57.5556640625,19.8212890625,6.61328125,3.82421875,6.1572265625,3.9052734375,13.462890625,9.4267578125,2.185546875,1.791015625,212.6064453125,178.11328125,686.267578125,29,1,2,0,2,5,6,0,0,0,3,1,1,0,175.26,180.34,155.0,23.0,30.0,0,0,0,0,0,0,1,0,0,0,0,0,0,0,0,1,0,0,0,0,1,0,0,0
Blue,False,0.015625,0.0,0.435625,0.475625,0.717265625,0.055625,0.5859375,0.625,0.03125,0.625,60.4296875,26.890625,46.4609375,23.890625,94.7265625,54.78125,64.4921875,38.078125,3.890625,2.328125,1.96875,0.3125,52.8515625,20.625,34.7265625,14.4296875,5.6640625,4.3828125,6.4765625,5.546875,1.9140625,1.8828125,5.2578125,3.9140625,44.4921875,15.421875,40.515625,18.8671875,4.109375,3.21875,4.5859375,4.0390625,11.828125,8.25,1.359375,0.984375,256.6328125,142.3671875,600.703125,17,1,2,0,2,6,2,0,0,0,2,0,4,0,185.42,190.5,170.0,0.015625,0.03125,0.43109375,0.38234375,0.301875,0.0234375,0.546875,0.765625,0.0,0.25,127.171875,50.71875,131.625,49.859375,137.5625,59.671875,137.8125,54.984375,5.109375,0.875,0.84375,0.046875,102.609375,33.46875,82.109375,20.109375,16.65625,10.09375,44.5,25.640625,7.90625,7.15625,5.015625,4.109375,115.125,43.59375,127.234375,46.359375,7.234375,3.78125,4.046875,3.203125,4.8125,3.34375,0.34375,0.296875,228.796875,15.15625,810.390625,15,0,1,0,5,6,1,0,0,1,2,0,3,0,177.8,182.88,155.0,28.0,26.0,0,0,0,0,0,0,1,0,0,0,0,0,0,0,0,0,0,1,0,0,0,0,1,0
Blue,False,0.0,0.0,0.500625,0.48375,0.66625,0.485625,0.8125,0.5,0.0,0.0,88.75,41.25,109.5,39.625,107.625,58.5625,126.3125,54.1875,2.75,1.3125,3.6875,2.3125,68.5625,26.125,80.125,18.6875,11.8125,8.3125,20.3125,14.0625,8.375,6.8125,9.0625,6.875,62.0625,22.25,85.75,24.9375,22.375,16.125,23.5625,14.625,4.3125,2.875,0.1875,0.0625,128.75,158.4375,673.875,12,0,1,0,1,3,2,0,0,0,1,0,2,0,170.18,170.18,135.0,0.0,0.5,0.61375,0.4475,0.03125,0.0825,0.0,0.25,0.25,0.0,70.75,41.0,63.0,25.0,84.25,54.0,71.5,33.125,0.5,0.125,1.75,0.375,51.625,26.75,55.5,18.875,11.125,7.5,6.5,5.25,8.0,6.75,1.0,0.875,55.875,30.125,46.875,14.625,14.625,10.625,16.125,10.375,0.25,0.25,0.0,0.0,89.625,32.75,346.0,9,1,3,0,3,3,1,0,0,1,1,1,0,0,165.1,162.56,135.0,27.0,32.0,0,0,0,0,0,0,0,0,0,0,1,0,0,0,0,1,0,0,0,0,1,0,0,0
Blue,False,0.625,0.3125,0.47,0.423125,0.04125,0.59375,0.0,0.0,0.0,0.125,90.6875,40.6875,78.75,33.6875,93.125,42.875,83.8125,37.8125,1.125,0.125,2.125,1.5625,73.6875,28.6875,61.875,20.6875,10.3125,6.0625,9.0,6.25,6.6875,5.9375,7.875,6.75,86.25,38.0625,69.1875,26.875,3.0,1.4375,2.875,1.9375,1.4375,1.1875,6.6875,4.875,25.75,53.0,428.0,10,0,0,1,2,3,2,0,0,0,1,2,0,0,182.88,185.42,170.0,0.0,0.01171875,0.4473828125,0.4021875,0.2869140625,0.1476953124999999,0.515625,0.75,0.0,0.0,169.5234375,68.9609375,116.41015625,42.10546875,221.375,113.375,120.66015625,46.26171875,9.66015625,2.29296875,1.99609375,1.01171875,123.96875,37.2734375,93.5859375,27.375,26.0078125,15.21484375,18.88671875,11.47265625,19.546875,16.47265625,3.9375,3.2578125,146.421875,52.859375,107.9375,37.921875,8.2734375,4.125,7.20703125,3.42578125,14.828125,11.9765625,1.265625,0.7578125,274.30859375,18.6484375,897.6640625,26,1,3,0,3,6,3,0,0,1,3,0,2,0,180.34,190.5,170.0,29.0,31.0,0,0,0,0,0,0,0,0,0,1,0,0,0,0,0,1,0,0,0,0,1,0,0,0
Blue,False,0.0,0.0,0.6,0.49,0.7,0.0,0.0,1.0,1.0,0.0,45.0,27.0,57.0,28.0,72.0,53.0,79.0,50.0,10.0,7.0,0.0,0.0,35.0,22.0,35.0,13.0,6.0,3.0,18.0,12.0,4.0,2.0,4.0,3.0,22.0,12.0,40.0,16.0,13.0,7.0,4.0,3.0,10.0,8.0,13.0,9.0,537.0,208.0,900.0,3,0,1,0,1,1,0,0,0,0,1,0,0,0,177.8,180.34,170.0,0.0,0.0,0.44,0.47,0.25,0.12,1.0,0.0,0.0,0.0,108.0,48.0,97.0,46.0,122.0,61.0,101.0,50.0,4.0,1.0,8.0,1.0,84.0,31.0,62.0,16.0,12.0,10.0,11.0,7.0,12.0,7.0,24.0,23.0,77.0,23.0,79.0,34.0,29.0,23.0,18.0,12.0,2.0,2.0,0.0,0.0,209.0,172.0,900.0,3,0,1,0,1,1,0,0,0,0,1,0,0,0,190.5,198.12,170.0,25.0,25.0,0,0,0,0,0,0,0,0,0,1,0,0,0,0,0,1,0,0,0,0,1,0,0,0
Red,False,0.25,0.0,0.505,0.295,0.29,0.0,0.0,0.0,0.0,0.0,135.5,70.5,106.25,30.5,182.0,109.0,132.5,52.5,5.25,0.75,1.5,0.0,106.25,51.25,80.25,13.25,22.25,13.25,17.25,9.75,7.0,6.0,8.75,7.5,113.25,55.25,96.25,23.5,15.75,10.5,8.25,5.5,6.5,4.75,1.75,1.5,313.0,77.75,900.0,9,0,3,0,3,3,0,0,0,0,3,0,0,0,154.94,152.4,115.0,0.0,0.0,0.4775,0.35,0.7325,0.1775,2.25,0.25,0.0,0.0,76.25,38.75,53.0,18.5,106.25,62.75,100.0,57.25,6.0,4.5,2.75,1.25,62.25,28.5,39.25,12.0,11.75,8.25,10.5,4.0,2.25,2.0,3.25,2.5,48.25,21.75,39.0,9.0,10.0,6.0,8.0,4.5,18.0,11.0,6.0,5.0,524.25,91.25,885.75,9,1,0,1,2,2,1,0,0,0,0,0,2,0,165.1,165.1,115.0,26.0,23.0,0,0,0,0,0,0,0,0,0,0,0,0,0,1,0,1,0,0,0,0,1,0,0,0
Red,False,0.015625,0.0,0.45,0.4275,0.25,0.2,0.148468017578125,0.098388671875,0.0,0.0,66.5,29.6875,64.31230545043945,27.34375,89.75,48.0,85.53125,44.41152191162109,2.0,0.75,2.0546875,0.75,51.1875,18.3359375,49.6123046875,16.280410766601562,7.5,5.07647705078125,7.5,5.0,4.5,3.625,4.984375,3.9375,48.6875,17.0,47.11572265625,16.5,5.75,3.75,5.3125,3.4375,5.0625,3.5,3.875,2.5,99.2119140625,94.125,638.5,0,0,0,0,0,0,0,0,0,0,0,0,0,0,177.8,177.8,155.0,0.09375,0.0,0.4240624999999999,0.3215625,0.4690625,0.13,0.28125,0.0,0.0,0.0,93.5,37.625,75.71875,23.78125,127.0,68.5,95.78125,41.375,12.8125,6.96875,1.375,0.15625,80.875,26.78125,59.40625,14.0,7.625,5.9375,13.4375,7.40625,5.0,4.90625,2.875,2.375,70.125,20.0,71.6875,21.0625,4.75,3.15625,2.90625,1.84375,18.625,14.46875,1.125,0.875,490.1875,20.8125,845.5625,16,0,6,0,6,6,0,0,0,0,4,1,1,0,177.8,177.8,155.0,28.0,27.0,0,1,0,0,0,0,0,0,0,0,0,0,0,0,0,0,0,1,0,0,1,0,0,0
Red,False,0.0,0.0625,0.504375,0.47,0.459375,0.201875,0.5625,0.4375,0.0,0.125,46.875,23.5625,77.5625,35.6875,75.6875,48.625,108.4375,64.5625,7.9375,3.375,8.0,1.75,34.1875,12.125,55.4375,18.25,6.3125,5.4375,11.625,8.125,6.375,6.0,10.5,9.3125,40.6875,18.5625,56.4375,20.5,2.375,2.0625,12.75,9.25,3.8125,2.9375,8.375,5.9375,293.5625,287.0625,900.0,15,0,1,0,2,3,2,0,0,1,2,0,0,0,172.72,175.26,155.0,0.08984375,0.0,0.3983593749999999,0.3894921875,0.1015625,0.199921875,0.00390625,2.00390625,0.0,0.0625,128.69140625,51.8515625,192.99609375,76.375,141.19921875,63.625,249.8203125,123.58984375,1.64453125,0.13671875,4.87890625,2.171875,99.546875,31.65625,161.81640625,51.86328125,11.6015625,7.68359375,21.23046875,17.375,17.54296875,12.51171875,9.94921875,7.13671875,123.3046875,48.21484375,159.796875,53.91796875,2.0078125,1.68359375,4.453125,2.4375,3.37890625,1.953125,28.74609375,20.01953125,15.34765625,332.96484375,1065.3828125,26,0,0,1,6,6,3,0,0,0,2,4,0,0,172.72,177.8,145.0,31.0,32.0,0,0,1,0,0,0,0,0,0,0,0,0,0,0,0,1,0,0,0,0,1,0,0,0
Red,False,0.0002822875976562,0.0068359375,0.3812549972534179,0.3411260986328125,0.1595540237426758,0.1070362091064453,0.0,0.0079460144042968,0.015625,0.0,86.8768081665039,26.672870635986328,101.34660339355467,38.55540466308594,96.3421401977539,35.2359733581543,108.22262954711914,45.31022644042969,3.589183807373047,0.3960838317871094,3.4678497314453125,0.5708084106445312,75.26408767700195,20.086673736572266,87.79545211791992,30.321090698242188,9.426929473876951,4.656753540039063,10.135238647460938,6.433887481689453,2.185791015625,1.929443359375,3.415912628173828,1.8004264831542969,73.89502716064453,18.686004638671875,93.31569290161131,32.80900192260742,6.142173767089844,3.245197296142578,7.818752288818359,5.572364807128906,6.839607238769531,4.741668701171875,0.212158203125,0.1740379333496093,117.0524787902832,45.53939056396485,761.3749084472656,54,4,5,0,5,14,5,0,1,4,3,6,0,0,182.88,190.5,205.0,0.04296875,0.0,0.5023437500000001,0.4179296875,0.16484375,0.42375,0.2734375,0.15625,0.125,0.25,91.67578125,46.328125,94.08203125,39.69140625,117.1640625,69.6953125,108.43359375,52.66796875,3.26953125,1.34765625,6.44140625,3.3125,84.74609375,41.7578125,79.92578125,26.984375,6.921875,4.5625,10.703125,9.50390625,0.0078125,0.0078125,3.453125,3.203125,69.18359375,31.2265625,72.125,24.640625,8.59765625,4.8046875,16.39453125,10.55078125,13.89453125,10.296875,5.5625,4.5,147.56640625,147.2578125,607.50390625,21,1,5,0,5,7,2,0,0,0,1,2,3,1,187.96,193.04,205.0,36.0,36.0,0,0,0,0,0,1,0,0,0,0,0,0,0,0,0,1,0,0,0,0,1,0,0,0
Red,False,0.5,0.2666015625,0.38146240234375,0.4565576171875,0.4296142578125,0.4695703125,1.3779296875,0.000244140625,0.125,0.5,74.5224609375,29.986572265625,93.2998046875,42.4130859375,102.17041015625,51.28076171875,125.85986328125,71.359619140625,9.037353515625,3.5888671875,3.682373046875,1.380859375,58.093994140625,18.65185546875,76.181396484375,26.92578125,8.14990234375,5.45263671875,10.418212890625,9.236328125,8.278564453125,5.882080078125,6.7001953125,6.2509765625,56.636474609375,20.501220703125,69.770263671875,26.547607421875,9.97900390625,6.316650390625,17.7255859375,12.0224609375,7.906982421875,3.168701171875,5.803955078125,3.843017578125,209.93115234375,181.141357421875,822.403564453125,31,1,0,1,2,6,7,0,0,0,3,0,3,0,165.1,170.18,135.0,0.3203125,0.0,0.416328125,0.42,0.46671875,0.1603125,0.0,0.0,0.0,0.0,105.0703125,44.8515625,126.03125,59.6171875,134.6484375,72.4296875,168.796875,99.3203125,2.625,1.171875,11.6484375,2.15625,68.4609375,15.8125,89.7890625,35.625,25.1953125,19.1015625,24.078125,15.140625,11.4140625,9.9375,12.1640625,8.8515625,88.0,33.3828125,102.640625,43.3984375,15.484375,10.640625,23.234375,16.125,1.5859375,0.828125,0.15625,0.09375,110.1484375,162.796875,1129.59375,22,3,3,0,3,6,2,0,0,0,2,3,0,1,160.02,167.64,135.0,34.0,31.0,1,0,0,0,0,0,0,0,0,0,0,0,0,0,0,1,0,0,0,0,1,0,0,0
Blue,False,0.03125,0.9375,0.36796875,0.4834375,0.2509375,0.0,0.015625,0.0,0.0,0.0,29.40625,10.609375,25.40625,11.0,33.609375,14.328125,32.671875,17.390625,2.125,0.84375,0.328125,0.0,18.625,5.71875,20.828125,7.984375,8.3125,3.6875,2.5625,1.90625,2.46875,1.203125,2.015625,1.109375,27.625,9.46875,19.0,6.03125,1.265625,0.703125,2.96875,1.65625,0.515625,0.4375,3.4375,3.3125,103.03125,10.15625,342.359375,13,1,3,0,3,4,3,0,0,1,2,0,1,0,185.42,198.12,185.0,0.5,0.0,0.49,0.305,0.0,0.5,0.0,0.0,0.0,0.0,16.0,7.5,9.0,5.5,24.5,15.5,13.5,10.0,0.0,0.0,0.5,0.5,10.5,3.5,9.0,5.5,1.5,1.0,0.0,0.0,4.0,3.0,0.0,0.0,12.0,5.0,1.5,0.0,0.0,0.0,0.0,0.0,4.0,2.5,7.5,5.5,2.5,48.0,106.0,2,0,0,1,1,1,1,0,0,0,0,1,0,0,180.34,198.12,185.0,31.0,28.0,0,0,0,0,0,0,0,1,0,0,0,0,0,0,0,0,0,1,0,0,0,0,0,1
Red,False,0.5625,0.5625,0.346875,0.32125,0.58125,0.22875,0.0625,0.4375,0.0,0.0,93.75,30.5,52.25,17.25,100.625,36.5,57.125,21.5625,1.9375,1.1875,2.125,0.75,71.4375,16.8125,42.8125,13.0625,11.4375,7.75,6.0,1.75,10.875,5.9375,3.4375,2.4375,83.0625,23.625,47.1875,13.5625,4.6875,2.625,2.6875,1.6875,6.0,4.25,2.375,2.0,68.6875,37.4375,586.9375,9,0,1,0,2,3,2,0,0,0,1,2,0,0,182.88,185.42,185.0,0.0,0.0,0.43,0.29,0.0,0.6,0.0,0.0,1.0,0.0,131.0,57.0,139.0,41.0,135.0,61.0,150.0,50.0,2.0,0.0,10.0,6.0,106.0,37.0,101.0,14.0,17.0,13.0,19.0,12.0,8.0,7.0,19.0,15.0,114.0,44.0,114.0,27.0,14.0,11.0,21.0,12.0,3.0,2.0,4.0,2.0,36.0,254.0,900.0,3,0,0,1,0,0,1,0,0,0,0,0,0,0,180.34,185.42,170.0,28.0,29.0,0,0,0,0,0,0,0,0,0,1,0,0,0,0,0,1,0,0,0,0,1,0,0,0
Blue,False,0.0,0.0,0.495,0.4875,0.5,0.5,0.5,0.0,0.0,0.0,53.0,24.25,98.0,53.25,66.25,34.5,152.5,98.75,1.25,0.5,2.5,2.0,40.5,15.0,79.0,40.25,10.0,7.0,12.25,7.5,2.5,2.25,6.75,5.5,45.0,17.75,52.25,18.5,5.5,4.25,9.25,5.75,2.5,2.25,36.5,29.0,20.25,405.75,704.5,7,0,1,0,1,1,2,0,0,0,0,1,0,0,187.96,198.12,205.0,0.0126953125,0.875,0.49421875,0.7851318359374999,0.0206640625,0.074619140625,0.1259765625,0.0654296875,0.00244140625,0.00341796875,20.11376953125,9.3759765625,37.9541015625,27.40625,26.49169921875,15.453125,66.79833984375,53.271484375,1.0078125,0.05029296875,0.57666015625,0.16650390625,17.4453125,7.28857421875,24.00146484375,13.80810546875,0.96630859375,0.90185546875,6.17236328125,5.81787109375,1.7021484375,1.185546875,7.7802734375,7.7802734375,15.94921875,6.08740234375,18.52490234375,9.83251953125,3.93212890625,3.10791015625,14.9990234375,14.20751953125,0.232421875,0.1806640625,4.43017578125,3.3662109375,38.9931640625,173.798828125,277.681640625,25,0,0,2,3,4,8,0,0,0,1,2,1,0,182.88,187.96,205.0,33.0,37.0,0,0,0,0,0,1,0,0,0,0,0,0,0,0,0,1,0,0,0,0,1,0,0,0
Blue,False,0.0,0.25,0.2825,0.355,0.125,0.3525,0.25,0.75,0.0,0.25,78.25,29.0,47.25,15.5,81.0,31.75,50.75,18.0,0.75,0.25,4.0,1.75,52.75,14.25,40.25,11.0,5.75,3.75,4.25,2.75,19.75,11.0,2.75,1.75,70.75,25.0,42.25,12.5,3.0,1.0,1.25,0.25,4.5,3.0,3.75,2.75,14.5,76.5,513.75,6,1,1,0,1,2,1,0,0,0,1,1,0,0,167.64,170.18,145.0,0.0,0.0,0.055,0.55,0.0,0.5,3.0,0.0,0.0,0.0,5.5,0.5,13.5,8.0,5.5,0.5,39.5,28.0,1.0,0.0,0.5,0.5,4.5,0.0,12.5,7.5,0.5,0.5,1.0,0.5,0.5,0.0,0.0,0.0,5.0,0.0,3.5,1.5,0.5,0.5,0.5,0.5,0.0,0.0,9.5,6.0,10.5,69.5,139.0,2,0,0,1,1,1,1,0,0,0,0,0,1,0,165.1,165.1,135.0,26.0,29.0,1,0,0,0,0,0,0,0,0,0,0,0,0,0,0,1,0,0,0,0,1,0,0,0
Red,False,0.0471858978271484,0.1343994140625,0.4472329902648926,0.3943660831451415,0.2240573978424072,0.0625022888183593,0.2568817138671875,0.0,0.0,9.5367431640625e-07,41.67935371398926,17.7354154586792,51.6296443939209,18.47740936279297,54.05861473083496,29.30164623260498,63.16559314727783,28.755515098571777,5.678462028503418,1.578822135925293,0.3135709762573242,0.0625228881835937,33.360154151916504,11.89875030517578,48.418389320373535,15.713522911071776,4.139457702636719,2.7863502502441406,2.4370603561401367,2.177284240722656,4.179741859436035,3.0503149032592773,0.7741947174072266,0.5866022109985352,25.89055156707764,9.1532564163208,40.76727294921875,10.942964553833008,3.561285972595215,1.4186067581176758,3.165865898132324,1.8403892517089844,12.227516174316406,7.163552284240723,7.696505546569824,5.694055557250977,190.89200019836423,28.85025310516357,730.2172498703003,36,1,4,0,4,12,9,0,0,0,1,7,4,0,187.96,193.04,242.0,0.0,0.125,0.5146875,0.4725,0.5234375,0.21453125,0.0,0.0625,0.0625,0.015625,39.453125,21.78125,10.75,6.203125,44.59375,25.546875,30.5625,23.078125,1.421875,0.53125,4.484375,1.703125,36.890625,19.5,8.28125,4.609375,2.46875,2.21875,1.234375,0.859375,0.09375,0.0625,1.234375,0.734375,7.671875,1.671875,3.40625,1.328125,3.890625,3.375,1.421875,0.671875,27.890625,16.734375,5.921875,4.203125,107.25,141.828125,320.546875,11,0,2,0,2,5,2,0,0,0,0,5,0,0,190.5,200.66,260.0,36.0,31.0,0,0,0,0,1,0,0,0,0,0,0,0,0,0,0,1,0,0,0,0,1,0,0,0
Blue,False,0.5,0.0,0.3875,0.7925,0.2075,0.26375,0.25,0.5,0.125,0.125,45.5,15.625,12.875,7.875,52.125,21.0,18.5,13.5,1.0,0.625,1.375,0.375,38.75,11.5,10.25,5.5,3.375,1.875,2.25,2.0,3.375,2.25,0.375,0.375,25.25,4.75,9.25,4.625,17.0,9.125,1.25,0.875,3.25,1.75,2.375,2.375,85.625,41.625,313.375,7,0,2,0,2,3,1,0,0,0,1,1,1,0,182.88,190.5,185.0,0.0,0.5,0.39,0.49,0.55,0.0,0.0,0.0,0.0,0.5,154.5,62.5,109.5,53.0,173.5,80.5,111.5,55.0,7.0,4.0,2.5,0.0,119.5,41.0,84.0,32.5,19.0,9.5,17.5,13.0,16.0,12.0,8.0,7.5,104.0,28.0,87.5,37.5,34.5,23.0,15.0,11.0,16.0,11.5,7.0,4.5,238.0,39.5,900.0,6,0,1,0,1,1,1,0,0,1,0,0,0,0,180.34,187.96,170.0,31.0,31.0,0,0,0,0,0,0,0,0,0,1,0,0,0,0,0,0,0,1,0,0,1,0,0,0
Red,False,0.015625,0.0,0.45,0.4275,0.25,0.2,0.148468017578125,0.098388671875,0.0,0.0,66.5,29.6875,64.31230545043945,27.34375,89.75,48.0,85.53125,44.41152191162109,2.0,0.75,2.0546875,0.75,51.1875,18.3359375,49.6123046875,16.280410766601562,7.5,5.07647705078125,7.5,5.0,4.5,3.625,4.984375,3.9375,48.6875,17.0,47.11572265625,16.5,5.75,3.75,5.3125,3.4375,5.0625,3.5,3.875,2.5,99.2119140625,94.125,638.5,0,0,0,0,0,0,0,0,0,0,0,0,0,0,190.5,198.12,249.0,0.0,0.0,0.41,0.455,0.625,0.2,0.0,0.5,0.0,0.0,58.0,24.0,29.5,14.0,99.0,59.5,48.5,32.0,3.0,2.0,3.0,1.0,47.0,17.0,25.0,10.5,6.5,3.5,2.0,1.5,4.5,3.5,2.5,2.0,29.5,6.5,18.0,6.5,18.0,11.0,7.0,3.5,10.5,6.5,4.5,4.0,290.5,88.0,598.5,4,0,1,0,1,1,1,0,0,0,0,1,0,0,190.5,195.58,265.0,30.0,31.0,0,0,0,0,1,0,0,0,0,0,0,0,0,0,0,1,0,0,0,0,0,0,1,0
Red,False,0.015625,0.0,0.45,0.4275,0.25,0.2,0.148468017578125,0.098388671875,0.0,0.0,66.5,29.6875,64.31230545043945,27.34375,89.75,48.0,85.53125,44.41152191162109,2.0,0.75,2.0546875,0.75,51.1875,18.3359375,49.6123046875,16.280410766601562,7.5,5.07647705078125,7.5,5.0,4.5,3.625,4.984375,3.9375,48.6875,17.0,47.11572265625,16.5,5.75,3.75,5.3125,3.4375,5.0625,3.5,3.875,2.5,99.2119140625,94.125,638.5,0,0,0,0,0,0,0,0,0,0,0,0,0,0,160.02,160.02,115.0,0.0,0.5,0.355,0.4599999999999999,0.0,0.5,0.5,0.0,0.0,0.0,96.5,33.5,84.5,40.0,110.5,45.5,110.0,59.5,0.0,0.0,0.5,0.5,82.0,22.5,67.0,27.0,13.0,10.0,11.5,8.0,1.5,1.0,6.0,5.0,92.0,31.5,77.0,36.0,4.5,2.0,4.0,2.5,0.0,0.0,3.5,1.5,5.5,207.0,495.0,4,0,1,0,1,1,1,0,0,0,0,0,1,0,170.18,170.18,125.0,22.0,24.0,0,0,0,0,0,0,0,0,0,0,0,0,0,1,0,1,0,0,0,0,1,0,0,0
Blue,False,0.4061279296875,0.65625,0.447862548828125,0.6080517578125,0.3173828125,0.0438281249999999,0.125,0.125,0.0,0.0,129.3382568359375,55.5340576171875,109.3233642578125,59.399169921875,137.2828369140625,62.6168212890625,138.6754150390625,84.938720703125,0.48046875,0.322265625,7.753173828125,0.8486328125,90.4056396484375,35.608642578125,86.692138671875,40.8114013671875,35.96875,18.0264892578125,9.413330078125,7.379150390625,2.9638671875,1.89892578125,13.2178955078125,11.2086181640625,118.9906005859375,48.5660400390625,80.986572265625,40.3883056640625,8.0328369140625,5.05126953125,21.8055419921875,13.9796142578125,2.3148193359375,1.916748046875,6.53125,5.03125,27.9859619140625,204.135498046875,954.4427490234376,36,4,9,0,9,11,3,0,0,0,3,8,0,0,193.04,195.58,238.0,0.203125,0.0,0.4057421875,0.5447265625,0.0038671875,0.019375,0.7578125,0.046875,0.0,0.01171875,61.17578125,25.20703125,48.3046875,25.97265625,64.375,28.25390625,49.63671875,27.23828125,0.13671875,0.03515625,1.2421875,0.12890625,52.15234375,18.06640625,35.48828125,14.5390625,5.0859375,3.515625,9.81640625,8.43359375,3.9375,3.625,3.0,3.0,58.21484375,22.890625,43.30859375,23.21484375,1.859375,1.4609375,4.3671875,2.31640625,1.1015625,0.85546875,0.62890625,0.44140625,16.8984375,23.1015625,378.8203125,18,0,0,1,4,6,3,0,0,0,1,3,2,0,193.04,198.12,265.0,32.0,34.0,0,0,0,0,1,0,0,0,0,0,0,0,0,0,0,1,0,0,0,0,1,0,0,0
Red,False,0.015625,0.0,0.45,0.4275,0.25,0.2,0.148468017578125,0.098388671875,0.0,0.0,66.5,29.6875,64.31230545043945,27.34375,89.75,48.0,85.53125,44.41152191162109,2.0,0.75,2.0546875,0.75,51.1875,18.3359375,49.6123046875,16.280410766601562,7.5,5.07647705078125,7.5,5.0,4.5,3.625,4.984375,3.9375,48.6875,17.0,47.11572265625,16.5,5.75,3.75,5.3125,3.4375,5.0625,3.5,3.875,2.5,99.2119140625,94.125,638.5,0,0,0,0,0,0,0,0,0,0,0,0,0,0,193.04,203.2,265.0,1.0,0.0,0.55,0.5,0.0,0.16,0.0,0.0,0.0,0.0,45.0,25.0,10.0,5.0,62.0,40.0,40.0,33.0,0.0,0.0,6.0,1.0,38.0,19.0,10.0,5.0,3.0,3.0,0.0,0.0,4.0,3.0,0.0,0.0,32.0,16.0,9.0,5.0,4.0,4.0,0.0,0.0,9.0,5.0,1.0,0.0,1.0,289.0,473.0,2,0,1,0,1,1,0,0,0,0,0,1,0,0,193.04,210.82,250.0,25.0,29.0,0,0,0,0,1,0,0,0,0,0,0,0,0,0,0,1,0,0,0,0,1,0,0,0
Red,False,0.015625,0.0,0.45,0.4275,0.25,0.2,0.148468017578125,0.098388671875,0.0,0.0,66.5,29.6875,64.31230545043945,27.34375,89.75,48.0,85.53125,44.41152191162109,2.0,0.75,2.0546875,0.75,51.1875,18.3359375,49.6123046875,16.280410766601562,7.5,5.07647705078125,7.5,5.0,4.5,3.625,4.984375,3.9375,48.6875,17.0,47.11572265625,16.5,5.75,3.75,5.3125,3.4375,5.0625,3.5,3.875,2.5,99.2119140625,94.125,638.5,0,0,0,0,0,0,0,0,0,0,0,0,0,0,175.26,177.8,155.0,0.625,0.0625,0.573125,0.3868749999999999,0.294375,0.016875,0.0,0.0,0.0,0.0,48.625,25.5625,37.6875,14.9375,51.3125,27.875,40.4375,17.1875,0.9375,0.8125,4.5,0.1875,37.3125,16.625,28.25,7.1875,7.1875,5.75,5.625,4.5,4.125,3.1875,3.8125,3.25,35.625,17.5625,34.25,12.875,2.375,1.375,2.5,1.4375,10.625,6.625,0.9375,0.625,42.6875,30.75,399.625,11,0,1,0,3,4,1,0,0,0,1,3,0,0,175.26,185.42,155.0,29.0,27.0,0,0,0,0,0,0,1,0,0,0,0,0,0,0,0,1,0,0,0,0,1,0,0,0
Blue,False,0.0,0.0,0.6,0.68,0.5,1.0,1.0,3.0,1.0,1.0,23.0,14.0,25.0,17.0,25.0,16.0,82.0,70.0,2.0,1.0,2.0,2.0,14.0,8.0,11.0,4.0,6.0,3.0,1.0,1.0,3.0,3.0,13.0,12.0,17.0,8.0,16.0,9.0,1.0,1.0,1.0,1.0,5.0,5.0,8.0,7.0,163.0,611.0,900.0,3,0,0,1,0,0,1,0,0,0,0,0,0,0,165.1,177.8,135.0,0.0471682548522949,0.0,0.45,0.4217682266235352,0.25,0.19173828125,0.1875,0.125,0.0,0.0,69.5,30.5,66.984375,27.8466796875,94.0,48.544921875,88.50390625,44.75,2.0,0.8125,2.015625,0.6640625,54.0,19.01513671875,51.483436584472656,16.9437255859375,7.91796875,5.430633544921875,7.75,5.0625,4.780975341796875,3.9373779296875,4.8994140625,3.84375,51.025390625,18.400863647460938,50.515625,17.5,5.75,3.75,5.5,3.5,5.375,3.6875,4.0,2.65625,104.865234375,89.5,655.8441009521484,0,0,0,0,0,0,0,0,0,0,0,0,0,0,172.72,172.72,135.0,26.0,23.0,1,0,0,0,0,0,0,0,0,0,0,0,0,0,0,1,0,0,0,0,1,0,0,0
Red,False,0.015625,0.0,0.45,0.4275,0.25,0.2,0.148468017578125,0.098388671875,0.0,0.0,66.5,29.6875,64.31230545043945,27.34375,89.75,48.0,85.53125,44.41152191162109,2.0,0.75,2.0546875,0.75,51.1875,18.3359375,49.6123046875,16.280410766601562,7.5,5.07647705078125,7.5,5.0,4.5,3.625,4.984375,3.9375,48.6875,17.0,47.11572265625,16.5,5.75,3.75,5.3125,3.4375,5.0625,3.5,3.875,2.5,99.2119140625,94.125,638.5,0,0,0,0,0,0,0,0,0,0,0,0,0,0,182.88,187.96,247.0,0.0,1.0,0.5,0.38,0.0,0.0,0.0,0.0,0.0,0.0,20.0,10.0,31.0,12.0,20.0,10.0,32.0,13.0,0.0,0.0,0.0,0.0,12.0,5.0,27.0,10.0,1.0,0.0,2.0,1.0,7.0,5.0,2.0,1.0,20.0,10.0,25.0,8.0,0.0,0.0,0.0,0.0,0.0,0.0,6.0,4.0,0.0,3.0,177.0,1,0,0,1,0,0,1,0,0,0,0,0,0,0,180.34,195.58,185.0,30.0,32.0,0,0,0,0,1,0,0,0,0,0,0,0,0,0,0,1,0,0,0,0,0,0,0,1
Blue,False,0.21875,0.5625,0.3278124999999999,0.4453125,0.0,0.32625,0.3125,0.0,0.0,0.0,55.1875,18.84375,98.28125,39.1875,61.09375,24.75,150.09375,80.625,0.125,0.0,6.21875,1.8125,48.46875,13.53125,81.1875,29.84375,3.53125,2.65625,15.09375,7.4375,3.1875,2.65625,2.0,1.90625,51.46875,16.46875,57.40625,16.4375,3.15625,1.875,13.90625,6.6875,0.5625,0.5,26.96875,16.0625,10.25,272.46875,509.46875,13,0,0,1,3,3,3,0,0,0,0,2,1,0,182.88,182.88,145.0,0.25,0.0,0.44625,0.43,0.54375,0.4337499999999999,0.0,1.625,0.125,0.0,50.5,21.625,78.875,26.375,65.75,35.625,123.5,66.0,2.875,1.125,6.625,4.0,43.75,16.625,73.125,21.875,4.625,3.0,3.75,2.5,2.125,2.0,2.0,2.0,42.875,15.875,54.625,10.0,4.25,3.125,2.5,1.25,3.375,2.625,21.75,15.125,93.375,296.75,663.125,9,0,0,1,2,2,2,0,0,0,1,1,0,0,175.26,175.26,145.0,27.0,32.0,0,0,1,0,0,0,0,0,0,0,0,0,0,0,0,0,0,1,0,0,0,0,1,0
Blue,False,0.015625,0.0,0.45,0.4275,0.25,0.2,0.148468017578125,0.098388671875,0.0,0.0,66.5,29.6875,64.31230545043945,27.34375,89.75,48.0,85.53125,44.41152191162109,2.0,0.75,2.0546875,0.75,51.1875,18.3359375,49.6123046875,16.280410766601562,7.5,5.07647705078125,7.5,5.0,4.5,3.625,4.984375,3.9375,48.6875,17.0,47.11572265625,16.5,5.75,3.75,5.3125,3.4375,5.0625,3.5,3.875,2.5,99.2119140625,94.125,638.5,0,0,0,0,0,0,0,0,0,0,0,0,0,0,182.88,193.04,170.0,0.0471682548522949,0.0,0.45,0.4217682266235352,0.25,0.19173828125,0.1875,0.125,0.0,0.0,69.5,30.5,66.984375,27.8466796875,94.0,48.544921875,88.50390625,44.75,2.0,0.8125,2.015625,0.6640625,54.0,19.01513671875,51.483436584472656,16.9437255859375,7.91796875,5.430633544921875,7.75,5.0625,4.780975341796875,3.9373779296875,4.8994140625,3.84375,51.025390625,18.400863647460938,50.515625,17.5,5.75,3.75,5.5,3.5,5.375,3.6875,4.0,2.65625,104.865234375,89.5,655.8441009521484,0,0,0,0,0,0,0,0,0,0,0,0,0,0,182.88,187.96,185.0,27.0,26.0,0,0,0,0,0,0,0,1,0,0,0,0,0,0,0,0,0,1,0,0,1,0,0,0
Red,False,0.3764042854309082,0.10205078125,0.4465857779979706,0.4861740291118622,0.1241235995292663,0.0001545250415802,0.0667605400085449,0.0039100646972656,0.00390625,0.0039063096046447,40.91374579071999,18.36932048201561,51.69692346453667,28.118060618638992,57.55987599492073,34.385423839092255,75.03846022486687,49.5135283768177,2.74425345659256,0.5782168507575989,0.0226183235645294,0.0001554787158966,35.66606557369232,13.377691388130188,39.19633993506432,16.792846351861954,4.882761269807816,4.691285818815231,7.524555027484894,6.850650608539581,0.3649189472198486,0.3003432750701904,4.976028501987457,4.474563658237457,25.323438674211506,8.066483944654465,37.31559512019157,17.43028661608696,9.553022503852844,6.266702771186829,11.282921016216278,8.014255702495575,6.03728461265564,4.036133766174316,3.0984073281288147,2.673518300056457,124.08758130669594,150.10269704461098,562.1131102144718,42,5,2,0,4,16,10,0,0,0,2,5,8,0,190.5,200.66,264.0,0.7314453125,0.1875,0.501669921875,0.5359375,0.143359375,0.213642578125,0.001953125,0.009765625,0.0078125,0.0078125,51.1416015625,21.685546875,70.4423828125,41.0654296875,58.8857421875,28.9326171875,144.84765625,105.9296875,0.3056640625,0.2001953125,2.923828125,1.5830078125,45.7822265625,17.328125,59.0390625,32.544921875,2.08203125,1.423828125,6.5087890625,4.3212890625,3.27734375,2.93359375,4.89453125,4.19921875,46.6015625,18.591796875,45.8740234375,22.8447265625,2.8515625,1.4736328125,5.3955078125,2.5205078125,1.6884765625,1.6201171875,19.1728515625,15.7001953125,30.109375,256.9443359375,606.62890625,28,1,0,1,4,6,5,0,0,0,1,5,0,0,177.8,182.88,265.0,36.0,41.0,0,0,0,0,1,0,0,0,0,0,0,0,0,0,0,0,0,1,0,0,1,0,0,0
Blue,False,0.00390625,1.0,0.383330078125,0.46292236328125,0.391826171875,0.65698486328125,0.03125,0.135009765625,0.062744140625,0.51171875,117.482177734375,50.65869140625,88.825439453125,37.67138671875,157.304443359375,86.51123046875,114.73876953125,61.7060546875,9.769287109375,4.2919921875,2.9814453125,2.068359375,100.87060546875,40.25048828125,70.658203125,22.3232421875,10.57470703125,7.452392578125,6.094970703125,4.54248046875,6.036865234375,2.955810546875,12.072265625,10.8056640625,92.224609375,33.2421875,71.91552734375,29.4228515625,13.839599609375,8.87939453125,7.337890625,3.054931640625,11.41796875,8.537109375,9.572021484375,5.193603515625,255.986083984375,327.795654296875,1103.327392578125,36,0,1,0,7,10,3,0,0,1,5,3,1,0,190.5,203.2,170.0,0.1875,0.0,0.4390625,0.2796875,0.5956250000000001,0.0375,0.0,0.25,0.0,0.0,90.65625,38.875,92.28125,26.6875,113.09375,60.46875,108.3125,42.03125,3.0625,2.3125,3.34375,0.1875,76.5625,29.40625,68.03125,13.09375,6.40625,4.46875,12.0,6.375,7.6875,5.0,12.25,7.21875,74.03125,27.78125,86.90625,23.9375,11.5,7.375,5.0,2.5,5.125,3.71875,0.375,0.25,187.125,16.53125,779.6875,14,0,0,1,2,3,3,0,0,0,1,2,0,0,175.26,180.34,185.0,28.0,38.0,0,0,0,0,0,0,0,0,0,1,0,0,0,0,0,1,0,0,0,0,0,0,1,0
Red,False,0.0,0.0,0.46,0.41,0.0,0.25,0.0,0.0,0.0,0.0,142.5,64.5,225.0,93.5,152.0,73.0,250.0,113.5,2.5,0.0,2.0,1.0,92.0,32.5,150.5,46.0,28.0,15.5,32.5,17.5,22.5,16.5,42.0,30.0,122.0,55.5,182.0,65.0,20.5,9.0,35.5,24.0,0.0,0.0,7.5,4.5,82.5,180.5,900.0,6,0,0,1,1,1,1,0,0,0,1,0,0,0,157.48000000000002,157.48,115.0,0.0,0.0,0.55,0.485,0.0,0.265,0.5,0.5,0.0,0.0,79.0,45.0,58.0,31.5,101.0,61.5,77.0,46.5,1.0,0.0,4.0,1.0,62.0,31.0,40.0,19.5,7.5,5.0,13.0,8.0,9.5,9.0,5.0,4.0,48.0,23.5,36.5,15.5,25.0,17.5,16.5,12.0,6.0,4.0,5.0,4.0,98.0,275.0,574.5,4,0,0,1,1,1,1,0,0,0,0,0,1,0,167.64,162.56,125.0,29.0,27.0,0,0,0,0,0,0,0,0,0,0,0,0,0,1,0,0,0,1,0,0,1,0,0,0
Red,False,0.625,0.0,0.4075,0.4499999999999999,0.2425,0.3125,0.125,0.125,1.25,0.25,129.75,56.0,59.5,27.5,151.375,73.375,72.0,37.75,2.5,1.5,4.5,1.75,99.375,35.375,42.875,14.75,19.0,11.625,5.75,2.625,11.375,9.0,10.875,10.125,104.625,37.75,55.5,25.125,8.125,5.875,3.25,1.625,17.0,12.375,0.75,0.75,207.375,201.875,821.0,11,0,4,0,4,4,0,0,0,0,2,1,1,0,177.8,182.88,155.0,0.0,0.5,0.48875,0.49875,0.3974999999999999,0.0,0.25,0.375,0.0,0.125,74.5,42.75,32.625,16.125,104.5,70.125,43.875,26.375,3.625,1.375,0.375,0.0,66.25,36.5,24.5,11.625,4.375,2.875,3.375,1.375,3.875,3.375,4.75,3.125,26.625,8.375,21.375,8.875,3.375,2.75,1.75,1.25,44.5,31.625,9.5,6.0,277.375,67.125,524.25,8,0,2,0,2,3,1,0,0,0,0,0,2,1,180.34,185.42,170.0,26.0,21.0,0,0,0,0,0,0,1,0,0,0,0,0,0,0,0,1,0,0,0,0,1,0,0,0
Red,False,0.0,0.0,0.3375,0.20125,0.29125,0.0625,0.5,0.0,0.0,0.0,33.875,14.375,29.875,13.375,46.375,25.375,57.0,37.875,3.0,1.75,1.375,0.5,27.75,9.25,24.125,10.25,5.125,4.25,2.25,1.125,1.0,0.875,3.5,2.0,26.25,8.625,18.625,5.0,2.625,2.375,0.25,0.125,5.0,3.375,11.0,8.25,178.75,136.5,449.75,10,1,1,0,1,2,2,0,0,0,1,0,1,0,187.96,200.66,185.0,0.0,0.25,0.4275,0.435,0.2525,0.03125,0.125,0.0,0.0,0.0,92.25,42.75,141.5,49.625,121.125,69.75,148.375,56.0,6.75,2.625,0.75,0.125,87.375,38.0,124.75,35.625,2.875,2.75,14.25,12.0,2.0,2.0,2.5,2.0,69.25,25.5,125.125,35.25,6.875,5.625,14.375,12.875,16.125,11.625,2.0,1.5,242.875,2.25,608.125,8,0,2,0,2,3,1,0,0,0,2,0,1,0,182.88,177.8,185.0,26.0,38.0,0,0,0,0,0,0,0,1,0,0,0,0,0,0,0,1,0,0,0,0,0,0,1,0
Blue,False,0.0,1.0,0.0,0.75,0.0,0.0,0.0,0.0,0.0,0.0,1.0,0.0,4.0,3.0,1.0,0.0,4.0,3.0,0.0,0.0,0.0,0.0,1.0,0.0,2.0,1.0,0.0,0.0,1.0,1.0,0.0,0.0,1.0,1.0,1.0,0.0,4.0,3.0,0.0,0.0,0.0,0.0,0.0,0.0,0.0,0.0,0.0,1.0,29.0,1,0,0,1,0,0,1,0,0,0,0,0,0,0,180.34,182.88,205.0,0.0390625,0.8203125,0.45796875,0.6172656249999999,0.0382421875,0.58203125,0.00390625,0.6328125,0.0,0.0,22.890625,11.6171875,31.64453125,16.76953125,36.5703125,24.1953125,42.56640625,26.69921875,1.1484375,0.2421875,1.484375,1.16796875,15.57421875,6.30859375,26.734375,13.140625,4.5546875,2.796875,2.72265625,2.03515625,2.76171875,2.51171875,2.1875,1.59375,13.3828125,4.80078125,18.51171875,6.6328125,5.67578125,4.1796875,2.92578125,1.8828125,3.83203125,2.63671875,10.20703125,8.25390625,54.37890625,136.71875,263.43359375,15,0,1,0,4,5,4,0,0,0,2,3,0,0,187.96,190.5,185.0,34.0,34.0,0,0,0,0,0,1,0,0,0,0,0,0,0,0,0,1,0,0,0,0,1,0,0,0
Red,False,0.0,0.0,0.4449999999999999,0.4375,0.1,0.2925,0.0,0.5,0.0,0.0,93.25,41.75,79.5,36.25,122.0,67.5,107.0,59.5,5.0,1.0,8.75,3.75,57.0,13.5,61.75,23.25,11.5,9.25,12.75,8.5,24.75,19.0,5.0,4.5,72.5,25.0,59.5,23.25,14.5,11.75,16.5,10.0,6.25,5.0,3.5,3.0,195.5,186.5,823.0,8,0,1,0,1,1,2,0,0,0,1,0,0,0,172.72,172.72,145.0,0.25,0.0,0.33875,0.4175,0.165,0.23875,0.0,0.375,0.25,0.0,86.5,28.625,106.125,50.625,139.5,71.875,117.875,60.25,1.5,0.5,7.625,1.875,70.5,22.25,83.5,35.25,8.5,5.25,15.875,10.125,7.5,1.125,6.75,5.25,64.125,17.375,88.75,40.625,16.125,7.75,12.25,5.875,6.25,3.5,5.125,4.125,210.0,67.0,727.5,9,0,1,0,1,2,2,0,0,0,0,2,0,0,182.88,190.5,155.0,30.0,26.0,0,0,1,0,0,0,0,0,0,0,0,0,0,0,0,1,0,0,0,0,0,0,0,1
Blue,False,0.3125,0.75,0.5,0.40375,0.25,0.09375,0.0,0.0625,0.0,0.0,58.5625,29.25,62.9375,22.5,62.6875,33.375,65.3125,24.625,0.25,0.25,0.9375,0.125,43.5,18.9375,53.625,18.0625,9.375,6.4375,7.25,3.625,5.6875,3.875,2.0625,0.8125,47.6875,23.3125,55.375,18.375,7.0,3.8125,5.0625,3.0,3.875,2.125,2.5,1.125,46.625,24.3125,402.5625,9,0,1,0,2,3,2,0,0,0,1,2,0,0,182.88,185.42,170.0,0.0,0.0,0.395,0.51,0.3,0.415,0.5,1.0,0.5,0.0,67.5,28.5,73.0,39.0,124.0,78.5,167.5,116.5,6.5,3.0,3.5,1.5,47.0,15.0,57.0,24.5,15.0,9.5,12.0,10.5,5.5,4.0,4.0,4.0,35.5,11.5,33.5,13.5,27.5,15.0,36.5,23.5,4.5,2.0,3.0,2.0,327.0,392.0,900.0,6,0,0,1,1,1,1,0,0,0,1,0,0,0,170.18,175.26,170.0,34.0,28.0,0,0,0,0,0,0,0,0,0,1,0,0,0,0,0,0,0,1,0,0,1,0,0,0
Red,False,0.0,0.0,0.34,0.47,0.15,0.25,0.0,0.0,0.0,0.0,47.0,16.0,116.0,55.0,86.0,52.0,150.0,88.0,19.0,3.0,4.0,1.0,28.0,7.0,87.0,33.0,16.0,6.0,24.0,18.0,3.0,3.0,5.0,4.0,24.0,7.0,79.0,28.0,21.0,9.0,33.0,25.0,2.0,0.0,4.0,2.0,236.0,163.0,900.0,3,0,0,1,0,0,1,0,0,0,0,0,0,0,154.94,154.94,135.0,0.25,0.0,0.3725,0.4599999999999999,0.0,0.25,0.0,0.0,0.0,0.0,124.5,42.75,194.0,94.5,131.0,48.5,204.25,104.0,1.25,0.0,0.25,0.25,106.25,28.25,149.0,55.5,8.5,4.75,21.25,16.75,9.75,9.75,23.75,22.25,107.5,30.75,162.75,69.5,17.0,12.0,29.75,23.5,0.0,0.0,1.5,1.5,32.25,39.75,456.0,6,0,0,1,1,1,2,0,0,0,0,1,0,0,175.26,167.64,135.0,29.0,33.0,0,0,0,0,0,0,0,0,0,0,1,0,0,0,0,1,0,0,0,0,1,0,0,0
Red,False,0.0,0.5,0.4575,0.42,0.07125,0.11,0.0,0.0,0.0,0.25,83.625,38.25,94.75,39.75,86.625,40.875,98.25,42.25,1.125,0.5,2.0,0.5,62.875,20.5,69.0,21.0,11.375,8.5,12.75,8.375,9.375,9.25,13.0,10.375,78.75,35.25,75.5,26.625,4.75,2.875,9.125,7.625,0.125,0.125,10.125,5.5,61.625,41.75,531.5,10,1,3,0,3,3,1,0,0,1,2,0,0,0,177.8,180.34,170.0,0.08984375,0.063140869140625,0.4084987640380859,0.4221858978271484,0.7602996826171875,0.2208560180664062,0.0,0.125030517578125,1.52587890625e-05,1.52587890625e-05,83.71097564697266,34.65222930908203,111.85608673095705,46.81673431396485,96.82100677490234,46.75648498535156,124.95499420166016,58.77227783203125,1.2963333129882812,1.2616729736328125,3.3177947998046875,1.1600341796875,56.12605285644531,14.781944274902344,90.40968322753906,30.041648864746094,19.91981506347656,13.311981201171877,14.636199951171877,11.203460693359377,7.665107727050781,6.5583038330078125,6.810203552246094,5.571624755859375,73.28956604003906,29.05585479736328,88.69589233398438,30.60015869140625,6.699241638183594,3.64068603515625,20.062034606933597,13.651771545410156,3.72216796875,1.9556884765625,3.0981597900390625,2.564804077148437,78.4544677734375,146.12661743164062,840.5352935791016,45,1,3,0,3,10,8,0,0,1,4,4,0,1,172.72,175.26,155.0,29.0,31.0,0,0,0,0,0,0,1,0,0,0,0,0,0,0,0,1,0,0,0,0,1,0,0,0
Blue,False,0.5,0.0,0.4599999999999999,0.2925,0.125,0.1,0.0,0.0,0.0,0.0,113.25,48.0,81.0,30.25,126.5,60.0,92.75,39.25,1.5,0.25,1.75,0.5,82.0,25.5,69.25,23.0,22.0,15.0,7.5,3.75,9.25,7.5,4.25,3.5,90.0,32.0,68.5,23.5,16.25,12.25,8.25,4.0,7.0,3.75,4.25,2.75,43.5,139.75,699.0,7,0,1,0,1,2,1,0,0,0,1,1,0,0,180.34,190.5,170.0,0.25,0.0,0.5375000000000001,0.38375,0.06875,0.1975,0.0,0.25,0.0,0.0,118.375,65.25,74.875,28.0,157.5,100.625,94.375,44.625,1.125,0.625,5.375,1.625,86.625,39.875,63.25,19.625,15.25,10.875,6.875,4.375,16.5,14.5,4.75,4.0,76.0,33.625,63.875,22.125,19.25,12.625,6.75,3.125,23.125,19.0,4.25,2.75,240.875,187.125,709.75,10,0,1,0,1,2,2,0,0,0,2,0,0,0,182.88,185.42,170.0,32.0,27.0,0,0,0,0,0,0,0,0,0,1,0,0,0,0,0,1,0,0,0,0,1,0,0,0
Red,False,0.015625,0.0,0.45,0.4275,0.25,0.2,0.148468017578125,0.098388671875,0.0,0.0,66.5,29.6875,64.31230545043945,27.34375,89.75,48.0,85.53125,44.41152191162109,2.0,0.75,2.0546875,0.75,51.1875,18.3359375,49.6123046875,16.280410766601562,7.5,5.07647705078125,7.5,5.0,4.5,3.625,4.984375,3.9375,48.6875,17.0,47.11572265625,16.5,5.75,3.75,5.3125,3.4375,5.0625,3.5,3.875,2.5,99.2119140625,94.125,638.5,0,0,0,0,0,0,0,0,0,0,0,0,0,0,177.8,172.72,155.0,0.25,0.5,0.405,0.445,0.1699999999999999,0.0,0.0,0.0,0.0,0.0,61.25,22.5,60.75,28.5,63.5,23.75,64.5,32.25,6.75,0.75,0.25,0.0,44.25,11.5,42.0,15.75,12.0,6.5,14.5,8.75,5.0,4.5,4.25,4.0,54.0,17.5,46.75,20.75,6.0,3.75,7.5,3.75,1.25,1.25,6.5,4.0,49.75,9.0,478.5,6,0,2,0,2,2,1,0,0,0,1,1,0,0,180.34,187.96,155.0,31.0,32.0,0,0,0,0,0,0,1,0,0,0,0,0,0,0,0,1,0,0,0,0,0,0,1,0
Red,False,0.0,0.25,0.5075,0.3249999999999999,0.205,0.25,0.0,0.0,0.0,0.0,132.0,66.5,173.25,48.75,157.0,88.25,185.75,60.75,11.75,2.0,0.25,0.25,74.75,20.5,143.0,28.25,18.0,11.75,14.75,7.75,39.25,34.25,15.5,12.75,117.0,54.75,168.5,44.5,14.75,11.75,4.25,3.75,0.25,0.0,0.5,0.5,218.75,3.75,810.0,8,0,1,0,1,2,1,0,0,2,0,0,0,0,182.88,185.42,185.0,0.0,0.0,0.655,0.3924999999999999,0.5,0.4725,0.0,0.5,0.0,0.0,54.5,37.25,43.25,16.0,97.5,78.0,51.75,23.75,0.75,0.5,4.75,2.25,39.75,28.5,37.75,11.25,6.0,2.5,3.75,3.25,8.75,6.25,1.75,1.5,22.0,10.25,32.75,10.0,1.5,1.0,2.75,1.75,31.0,26.0,7.75,4.25,132.75,263.75,528.75,6,1,0,1,2,2,1,0,0,0,0,2,0,0,185.42,195.58,185.0,32.0,36.0,0,0,0,0,0,0,0,1,0,0,0,0,0,0,0,1,0,0,0,0,1,0,0,0
Blue,False,0.25,0.0,0.4175,0.3575,0.25,0.225,0.0,0.25,0.0,0.0,67.0,24.0,59.5,29.25,93.25,48.5,135.25,101.5,1.0,0.5,9.0,2.25,47.5,12.25,45.75,18.0,13.0,8.5,9.0,6.5,6.5,3.25,4.75,4.75,48.25,12.75,22.5,10.5,18.0,11.0,21.0,11.0,0.75,0.25,16.0,7.75,58.0,344.0,685.5,7,0,1,0,1,1,2,0,0,0,0,1,0,0,180.34,185.42,170.0,0.375,0.5,0.4937499999999999,0.54,0.29,0.2125,0.0,0.75,0.0,0.0,49.5,18.625,45.375,18.125,52.625,21.375,62.0,32.25,0.875,0.625,1.75,0.875,35.5,8.25,33.375,10.125,8.5,6.125,7.25,4.75,5.5,4.25,4.75,3.25,41.75,13.125,40.875,15.0,6.5,4.75,2.25,0.875,1.25,0.75,2.25,2.25,10.0,114.375,398.125,7,0,2,0,2,2,2,0,0,0,0,2,0,0,187.96,187.96,170.0,31.0,30.0,0,0,0,0,0,0,0,0,0,1,0,0,0,0,0,1,0,0,0,0,0,0,0,1
Red,False,0.0,0.0,0.72,0.61,0.44,0.25,0.0,0.0,0.0,0.0,44.0,32.0,44.0,27.0,78.0,66.0,172.0,142.0,9.0,4.0,4.0,1.0,29.0,21.0,26.0,14.0,11.0,8.0,5.0,2.0,4.0,3.0,13.0,11.0,22.0,12.0,22.0,12.0,17.0,16.0,12.0,6.0,5.0,4.0,10.0,9.0,373.0,291.0,900.0,3,0,1,0,1,1,0,0,0,1,0,0,0,0,165.1,167.64,125.0,0.75,0.0,0.6925,0.205625,0.124375,0.125,0.5,0.375,0.0,0.0,32.9375,21.5,18.375,6.5,44.0,29.1875,26.5,14.25,0.625,0.3125,1.875,0.375,27.1875,17.8125,14.8125,4.6875,3.25,1.4375,1.8125,1.0,2.5,2.25,1.75,0.8125,13.25,8.9375,10.5625,1.5,1.375,0.625,1.9375,1.0,18.3125,11.9375,5.875,4.0,61.5,56.125,223.375,7,0,2,0,2,4,1,0,0,0,0,3,1,0,172.72,175.26,145.0,27.0,27.0,0,0,0,0,0,0,0,0,0,0,1,0,0,0,0,0,0,1,0,0,1,0,0,0
Blue,False,0.0041513442993164,0.09429931640625,0.4044831848144531,0.4335276126861572,0.0636599826812744,0.9011078929901124,0.1696891784667968,8.106231689453125e-05,0.03277587890625,0.0010137557983398,195.1558723449707,88.9949893951416,195.7372760772705,78.79050731658936,212.494140625,104.98715496063232,213.46385765075684,94.91785717010498,0.4241065979003906,0.0641641616821289,1.7972431182861328,1.470746994018555,177.12304210662842,77.54550743103027,123.63385391235352,37.96858024597168,10.187485694885254,5.371673583984375,38.89747619628906,17.03677272796631,7.845344543457031,6.077808380126953,33.20594596862793,23.785154342651367,187.35781288146973,82.3281602859497,174.13845252990723,63.70402812957764,7.586587905883789,6.519688606262207,3.843338966369629,2.4552230834960938,0.2114715576171875,0.1471405029296875,17.755484580993652,12.631256103515623,9.050739288330078,172.05340194702148,794.3031387329102,50,2,5,0,5,13,8,0,0,1,2,2,8,0,182.88,193.04,170.0,0.984375,0.0,0.6515625,0.41578125,0.04375,0.1425,0.0,0.03125,0.0,0.0,47.15625,24.28125,30.46875,13.703125,55.203125,32.296875,32.046875,15.25,0.109375,0.09375,2.1875,1.0,35.109375,17.6875,24.078125,9.734375,10.6875,5.484375,2.125,0.921875,1.359375,1.109375,4.265625,3.046875,40.0625,18.65625,23.765625,9.0625,1.78125,1.28125,1.671875,0.640625,5.3125,4.34375,5.03125,4.0,16.015625,80.3125,236.890625,11,2,7,0,7,7,0,0,0,0,1,6,0,0,175.26,187.96,155.0,30.0,27.0,0,0,0,0,0,0,0,0,0,1,0,0,0,0,0,0,0,1,0,0,0,0,1,0
Blue,False,0.0,0.0,0.54125,0.33875,0.4375,0.36125,0.0,0.75,0.0,0.0,56.75,31.75,56.875,18.625,85.5,58.875,71.375,31.375,3.5,2.25,2.625,1.25,41.375,19.625,42.375,8.625,9.875,7.875,5.625,3.625,5.5,4.25,8.875,6.375,37.375,18.25,50.0,14.75,6.625,5.0,4.875,2.875,12.75,8.5,2.0,1.0,281.5,134.5,725.5,11,0,3,0,3,3,1,0,0,1,2,0,0,0,185.42,187.96,170.0,0.0634765625,0.015625,0.54951171875,0.438310546875,0.502578125,0.2892578125,0.45703125,0.2578125,0.0,0.00390625,42.8076171875,20.91796875,82.5732421875,43.126953125,49.2890625,26.7109375,123.6201171875,79.375,2.57421875,1.6328125,5.74609375,2.353515625,27.275390625,8.8720703125,75.6943359375,37.369140625,7.3486328125,4.6279296875,5.287109375,4.181640625,8.18359375,7.41796875,1.591796875,1.576171875,37.58984375,17.171875,60.7138671875,26.88671875,2.404296875,1.705078125,8.94140625,6.142578125,2.8134765625,2.041015625,12.91796875,10.09765625,118.9052734375,158.8359375,584.1240234375,18,0,1,0,2,6,5,0,0,0,0,2,4,0,182.88,187.96,170.0,34.0,31.0,0,0,0,0,0,0,0,0,0,1,0,0,0,0,0,1,0,0,0,0,1,0,0,0
Red,False,0.5703125,0.0,0.42833984375,0.44349609375,0.045546875,0.7825390624999999,0.556640625,0.1640625,0.0,0.015625,41.966796875,16.94921875,51.990234375,24.005859375,47.935546875,22.37890625,56.75390625,28.251953125,3.419921875,0.345703125,1.625,1.2890625,37.443359375,12.67578125,38.251953125,14.193359375,2.6171875,2.3671875,8.037109375,4.779296875,1.90625,1.90625,5.701171875,5.033203125,37.013671875,13.921875,41.240234375,17.26171875,4.03125,2.41796875,6.39453125,4.318359375,0.921875,0.609375,4.35546875,2.42578125,109.2890625,50.0703125,397.146484375,21,0,2,0,2,6,4,0,0,0,2,2,2,0,182.88,187.96,205.0,0.0,0.0,0.48,0.44375,0.545625,0.25,0.0,0.3125,0.0,0.0,147.25,69.1875,63.6875,28.625,198.75,109.3125,80.6875,43.625,9.9375,4.5625,0.3125,0.25,125.0625,53.4375,46.8125,16.6875,17.6875,11.5625,11.5,7.25,4.5,4.1875,5.375,4.6875,100.1875,36.9375,52.0625,20.5,21.0,12.0625,11.375,7.875,26.0625,20.1875,0.25,0.25,450.1875,5.75,842.3125,13,1,2,0,2,4,1,0,0,0,3,1,0,0,190.5,200.66,205.0,32.0,26.0,0,0,0,0,0,1,0,0,0,0,0,0,0,0,0,0,0,1,0,0,1,0,0,0
Blue,True,0.5,0.25,0.4499999999999999,0.395625,0.1884375,0.2428125,1.71875,0.125,0.28125,0.0625,96.9375,44.78125,109.03125,41.96875,133.4375,79.4375,138.96875,70.21875,3.25,0.8125,3.59375,1.15625,78.34375,29.15625,90.125,27.84375,14.28125,11.5625,7.53125,4.375,4.3125,4.0625,11.375,9.75,74.03125,26.71875,89.875,30.78125,7.4375,4.9375,12.25,8.09375,15.46875,13.125,6.90625,3.09375,328.40625,154.90625,888.53125,18,1,0,2,4,4,2,0,1,0,3,0,0,0,167.64,167.64,135.0,0.5,0.0,0.495,0.285,0.75,0.0,0.0,0.0,0.0,0.0,123.5,46.25,86.0,25.0,126.0,48.5,92.5,31.25,0.75,0.75,1.75,0.0,88.75,25.5,65.0,13.75,22.75,14.0,13.5,6.75,12.0,6.75,7.5,4.5,112.75,38.5,79.75,20.5,8.25,6.25,6.0,4.25,2.5,1.5,0.25,0.25,20.75,5.75,629.5,8,1,3,0,3,3,0,0,0,1,1,1,0,0,172.72,175.26,135.0,29.0,34.0,0,0,0,0,0,0,0,0,0,0,1,0,0,0,0,1,0,0,0,0,0,0,1,0
Blue,False,0.75,0.0,0.600625,0.3753125,0.1040625,0.0,0.0625,0.0,0.0,0.0,9.9375,4.5625,10.25,5.1875,10.21875,4.71875,10.40625,5.34375,0.1875,0.125,0.0,0.0,8.15625,3.15625,8.4375,3.875,0.71875,0.40625,0.8125,0.34375,1.0625,1.0,1.0,0.96875,9.15625,3.9375,9.125,4.21875,0.03125,0.0,0.0625,0.0625,0.75,0.625,1.0625,0.90625,5.5625,0.9375,85.5,8,0,0,1,2,4,2,0,0,0,0,3,1,0,177.8,185.42,205.0,0.515625,0.3125,0.5090625,0.30921875,0.2734375,0.0,0.0,0.125,0.0,0.0,69.1875,33.953125,87.625,34.84375,71.90625,36.375,92.96875,39.875,0.765625,0.359375,1.046875,0.0,52.171875,19.5625,77.609375,27.953125,7.3125,5.46875,7.453125,4.4375,9.703125,8.921875,2.5625,2.453125,63.921875,30.421875,83.125,32.828125,4.703125,3.09375,4.4375,1.984375,0.5625,0.4375,0.0625,0.03125,14.375,18.0,377.234375,17,0,0,1,2,4,3,0,0,1,0,3,0,0,190.5,193.04,230.0,32.0,30.0,0,0,0,0,0,1,0,0,0,0,0,0,0,0,0,1,0,0,0,0,1,0,0,0
Red,False,0.25,0.5,0.4125,0.496875,0.46375,0.15625,1.9375,0.3125,0.3125,0.4375,36.5,16.9375,45.125,22.5,50.3125,28.9375,56.25,31.6875,3.9375,1.5625,0.75,0.375,31.75,14.4375,39.8125,18.5,4.3125,2.0625,2.6875,1.625,0.4375,0.4375,2.625,2.375,25.375,7.3125,28.0,11.9375,6.5625,5.1875,3.9375,2.75,4.5625,4.4375,13.1875,7.8125,204.75,132.3125,536.1875,11,0,0,1,4,4,1,0,0,0,1,1,2,0,180.34,182.88,145.0,0.0078125,0.015625,0.3084033203124999,0.40935302734375,0.3805273437499999,0.801494140625,1.5283203125,0.13232421875,0.0,0.03125,123.15478515625,38.384765625,65.016357421875,26.03662109375,189.912109375,97.64111328125,88.337158203125,47.23583984375,9.531982421875,3.96484375,2.0947265625,1.84423828125,109.43017578125,29.7041015625,56.30029296875,19.543212890625,11.509765625,6.4658203125,4.494140625,2.900390625,2.21484375,2.21484375,4.221923828125,3.593017578125,86.140625,14.5908203125,56.40869140625,19.05517578125,13.603515625,7.98046875,4.759765625,3.732421875,23.41064453125,15.8134765625,3.847900390625,3.2490234375,378.656982421875,154.786865234375,881.003173828125,31,0,1,0,5,9,4,0,0,1,6,2,0,0,177.8,180.34,145.0,30.0,31.0,0,0,1,0,0,0,0,0,0,0,0,0,0,0,0,1,0,0,0,0,1,0,0,0
Red,False,0.25,0.5625,0.4759375,0.3375,0.02875,0.125,0.0,0.125,0.0,0.0,64.09375,28.09375,61.03125,18.0,66.65625,30.59375,65.59375,22.03125,4.65625,0.3125,0.125,0.125,46.3125,15.59375,52.375,13.40625,8.40625,5.375,6.59375,3.0,9.375,7.125,2.0625,1.59375,51.71875,18.21875,53.0625,12.5,9.71875,7.5625,3.34375,2.09375,2.65625,2.3125,4.625,3.40625,40.4375,13.875,399.9375,11,0,1,0,1,3,3,0,0,1,1,1,0,0,172.72,177.8,155.0,0.5,0.0,0.495,0.55,0.515,0.5,0.0,0.5,0.5,0.0,37.0,19.5,48.0,28.5,61.0,37.0,64.5,42.5,9.5,4.0,0.5,0.5,30.0,15.0,41.5,23.0,2.5,1.5,4.5,3.5,4.5,3.0,2.0,2.0,17.0,7.5,16.5,7.5,2.5,2.0,11.5,8.0,17.5,10.0,20.0,13.0,330.0,127.0,598.5,4,0,1,0,1,1,1,0,0,0,0,1,0,0,180.34,180.34,155.0,33.0,30.0,0,0,0,0,0,0,1,0,0,0,0,0,0,0,0,0,0,1,0,0,1,0,0,0
Red,False,0.0002670288085937,0.0625,0.4273056316375733,0.4143099212646484,0.2034427738189697,0.5686820316314697,0.934575080871582,0.657261848449707,0.6328439712524414,0.0078182220458984,44.87930393218994,18.889650344848636,55.12347221374512,22.08774280548096,59.61320209503174,30.992076873779297,77.0664005279541,40.71158409118652,1.1971435546875,0.5932016372680664,3.1903743743896484,1.2930936813354492,32.48045253753662,9.525594711303713,44.04316520690918,14.948692321777344,5.447784423828125,3.742581367492676,6.7650251388549805,3.747657775878906,6.951066970825195,5.621474266052246,4.315281867980957,3.391392707824707,41.55337619781494,16.85237979888916,42.147414207458496,13.843025207519531,2.6036510467529297,1.350820541381836,3.0968236923217773,1.6405878067016602,0.7222766876220703,0.6864500045776367,9.879234313964844,6.604129791259766,113.66934108734132,259.1297025680542,629.6670026779175,49,0,2,0,7,14,7,0,0,1,5,2,6,0,172.72,180.34,155.0,0.0632476806640625,0.275390625,0.2991554737091064,0.4625428581237793,0.2745574474334716,0.6929219055175782,0.4082388877868652,0.0159940719604492,4.9591064453125e-05,0.0002450942993164,107.8720850944519,32.189006328582764,125.44231510162354,57.50356435775757,113.30275964736938,37.42229843139648,133.92587327957153,65.10175323486328,1.9906339645385744,0.6434526443481445,3.833035469055176,2.223897933959961,87.82439041137695,20.22668170928955,92.53209066390993,31.880733489990234,17.01888608932495,10.390669345855711,14.948580741882324,10.335869789123535,3.02880859375,1.5716552734375,17.9616436958313,15.2869610786438,96.40875720977785,24.013326168060303,112.20744848251344,47.69902324676514,9.95903778076172,6.855381011962891,11.10174322128296,8.303863525390625,1.5042901039123535,1.3202991485595703,2.1331233978271484,1.5006775856018066,57.49667882919312,170.02653646469116,900.3955159187317,61,2,6,0,6,14,8,0,0,3,6,5,0,0,177.8,182.88,170.0,32.0,34.0,0,0,0,0,0,0,1,0,0,0,0,0,0,0,0,0,0,1,0,0,0,0,1,0
Blue,False,2.0,0.0,0.52,0.33,0.0,0.4,0.0,0.0,0.0,0.0,168.0,88.0,183.0,62.0,169.0,89.0,225.0,100.0,1.0,0.0,5.0,2.0,134.0,62.0,165.0,55.0,22.0,14.0,13.0,4.0,12.0,12.0,5.0,3.0,154.0,82.0,163.0,49.0,13.0,5.0,20.0,13.0,1.0,1.0,0.0,0.0,10.0,205.0,900.0,3,0,0,1,0,0,1,0,0,0,0,0,0,0,170.18,175.26,135.0,0.0,0.0,0.56,0.43,0.66,0.25,2.0,0.0,0.0,0.0,108.0,61.0,119.0,52.0,159.0,107.0,204.0,124.0,3.0,2.0,12.0,3.0,71.0,31.0,99.0,39.0,34.0,28.0,5.0,4.0,3.0,2.0,15.0,9.0,73.0,36.0,92.0,34.0,31.0,22.0,21.0,13.0,4.0,3.0,6.0,5.0,279.0,279.0,900.0,3,0,1,0,1,1,0,0,0,1,0,0,0,0,185.42,187.96,145.0,24.0,26.0,0,0,1,0,0,0,0,0,0,0,0,0,0,0,0,0,0,1,0,0,0,0,1,0
Red,False,0.0,0.5,0.1275,0.4425,0.0625,0.5,0.0,0.0,0.0,0.0,37.75,11.25,46.75,15.25,44.25,17.0,50.5,18.25,3.5,0.75,1.0,1.0,35.25,9.5,44.75,13.25,2.0,1.5,0.5,0.5,0.5,0.25,1.5,1.5,33.5,8.25,44.0,13.5,2.75,1.75,1.5,0.5,1.5,1.25,1.25,1.25,49.25,69.5,281.75,5,0,0,1,1,1,2,0,0,1,0,0,0,0,177.8,182.88,185.0,0.75,0.0,0.535,0.4825,0.0,0.455,0.5,0.0,0.0,0.0,50.25,24.25,64.25,27.5,69.5,43.5,142.25,101.5,1.0,0.0,3.25,1.75,32.75,9.25,50.75,16.75,7.25,5.0,8.0,5.75,10.25,10.0,5.5,5.0,36.25,13.25,43.5,12.0,11.75,8.75,9.0,7.0,2.25,2.25,11.75,8.5,110.0,288.5,718.0,7,0,0,1,1,1,2,0,0,0,0,1,0,0,190.5,190.5,185.0,28.0,27.0,0,0,0,0,0,0,0,1,0,0,0,0,0,0,0,1,0,0,0,0,0,0,1,0
Red,False,0.75,0.5,0.3874999999999999,0.47625,0.375,0.58125,0.625,0.0,0.125,0.0,107.75,40.25,152.625,72.375,147.5,74.5,170.5,88.0,2.375,1.25,3.625,1.375,102.875,36.625,124.125,48.5,3.75,2.5,16.75,12.625,1.125,1.125,11.75,11.25,93.625,30.125,125.0,55.625,7.375,5.25,8.875,5.75,6.75,4.875,18.75,11.0,175.25,173.25,818.5,12,0,0,3,1,1,3,0,0,0,0,0,1,0,180.34,185.42,170.0,1.0,0.0,0.63,0.3399999999999999,0.0,0.0,0.0,0.0,0.0,0.0,38.5,24.5,33.5,13.0,39.0,25.0,40.0,18.0,1.0,0.0,1.5,0.0,27.5,15.5,21.0,4.5,9.0,7.0,7.5,5.5,2.0,2.0,5.0,3.0,25.0,15.0,24.0,6.5,8.0,6.0,9.5,6.5,5.5,3.5,0.0,0.0,30.5,37.0,287.5,2,0,2,0,2,2,0,0,0,0,0,2,0,0,190.5,185.42,185.0,31.0,24.0,0,0,0,0,0,0,0,0,0,1,0,0,0,0,0,0,0,1,0,0,0,0,1,0
Blue,False,0.0629904270172119,0.3829195499420166,0.3691764116287231,0.3920758557319641,0.0020687770843505,0.2028615880012512,3.0994415283203125e-05,0.1250636577606201,3.5762786865234375e-07,0.0039063692092895,223.3858337402344,87.28715705871582,148.78626012802124,58.66567647457123,227.40173947811127,90.24523770809174,152.42537915706637,60.71175980567932,0.3202695846557617,0.0194575786590576,4.415902137756348,1.1652406454086304,188.16169488430023,58.50635051727295,119.58590960502625,36.7628161907196,9.84113311767578,5.363271236419678,14.000098466873167,8.167620301246643,25.38300573825836,23.417535305023197,15.200252056121826,13.73523998260498,216.84672045707703,81.69943642616272,135.05145275592804,52.67319047451019,3.2823710441589355,3.1755634546279907,8.843939542770386,3.6393462419509888,3.256742238998413,2.41215717792511,4.890867829322815,2.3531397581100464,26.817886352539062,73.75485491752625,1149.634948968887,64,1,4,0,4,17,7,0,0,2,6,9,0,0,185.42,190.5,185.0,0.1379356384277343,0.375,0.5292366409301758,0.3762829208374023,0.0041656494140625,0.300784912109375,0.0117950439453125,0.50390625,7.62939453125e-06,0.00390625,119.45490264892578,60.42914581298828,133.31864547729492,47.61532211303711,128.80437469482422,67.9984130859375,144.69657135009766,57.98029327392578,0.0041961669921875,0.0041656494140625,1.5137405395507812,0.4185867309570312,84.08788681030273,31.43985748291016,89.87354278564453,27.55300521850586,11.662590026855469,8.719432830810547,17.15557861328125,6.423152923583984,23.704425811767575,20.269855499267575,26.28952407836914,13.639163970947266,111.31634521484376,54.649681091308594,111.84325790405272,38.02756118774414,6.312397003173828,4.357433319091797,9.887069702148438,3.618019104003906,1.8261604309082031,1.4220314025878906,11.58831787109375,5.969741821289063,3.8699913024902335,109.59322357177734,939.454719543457,44,13,16,0,16,16,3,0,0,0,2,11,3,0,187.96,195.58,185.0,36.0,40.0,0,0,0,0,0,0,0,1,0,0,0,0,0,0,0,1,0,0,0,0,0,0,1,0
Blue,False,0.5,0.0,0.425,0.5,0.5,0.0,1.0,0.0,0.0,0.0,3.5,3.0,0.5,0.5,3.5,3.0,0.5,0.5,0.5,0.5,0.0,0.0,3.0,2.5,0.0,0.0,0.5,0.5,0.5,0.5,0.0,0.0,0.0,0.0,1.0,1.0,0.5,0.5,0.0,0.0,0.0,0.0,2.5,2.0,0.0,0.0,40.5,0.0,54.5,2,0,2,0,2,2,0,0,0,0,0,1,1,0,177.8,182.88,145.0,0.5,0.25,0.5325,0.665,0.27,0.0,0.0,0.25,0.0,0.0,48.25,17.5,37.75,24.0,71.0,36.0,44.75,30.5,3.75,0.5,0.5,0.0,37.75,10.0,25.75,12.75,3.25,2.5,3.0,2.75,7.25,5.0,9.0,8.5,41.5,13.0,33.0,19.75,3.0,1.75,3.5,3.0,3.75,2.75,1.25,1.25,70.0,28.5,285.5,5,0,1,0,1,2,1,0,0,0,1,1,0,0,170.18,167.64,145.0,27.0,28.0,0,0,1,0,0,0,0,0,0,0,0,0,0,0,0,0,0,1,0,0,1,0,0,0
Red,False,0.0,0.03125,0.499375,0.3915625,0.36125,0.66625,1.375,2.40625,0.375,0.3125,41.875,19.5625,49.34375,17.4375,73.125,47.59375,65.71875,31.375,6.0,1.21875,1.6875,1.375,28.125,9.5625,38.4375,11.25,4.125,2.96875,6.96875,2.65625,9.625,7.03125,3.9375,3.53125,37.65625,16.03125,39.96875,10.84375,1.8125,1.5,4.03125,1.875,2.40625,2.03125,5.34375,4.71875,231.21875,330.8125,862.0,15,0,0,1,1,2,4,0,0,0,1,0,1,0,175.26,180.34,145.0,0.0,0.0,0.3,0.53,0.25,0.5,1.0,0.0,0.0,0.0,75.0,23.0,66.0,35.0,86.0,33.0,125.0,85.0,4.0,1.0,4.0,2.0,67.0,20.0,54.0,27.0,8.0,3.0,8.0,5.0,0.0,0.0,4.0,3.0,65.0,18.0,45.0,20.0,6.0,1.0,15.0,9.0,4.0,4.0,6.0,6.0,133.0,207.0,701.0,3,0,1,0,1,1,0,0,0,0,0,0,1,0,172.72,177.8,145.0,35.0,22.0,0,0,1,0,0,0,0,0,0,0,0,0,0,0,0,1,0,0,0,0,0,0,1,0
Red,False,0.1885986328125,0.2501220703125,0.39970703125,0.393363037109375,0.274566650390625,0.000693359375,0.552490234375,0.000732421875,0.0,0.0078125,121.7347412109375,48.726806640625,165.25927734375,68.000244140625,126.3343505859375,52.105712890625,174.3646240234375,75.5255126953125,3.174072265625,0.96142578125,0.1318359375,0.0048828125,99.4644775390625,31.6676025390625,137.4210205078125,44.0806884765625,8.6588134765625,5.2021484375,6.921875,4.245361328125,13.6114501953125,11.8570556640625,20.9163818359375,19.6741943359375,109.3033447265625,43.2294921875,157.0977783203125,62.2056884765625,10.9305419921875,4.564697265625,5.889892578125,3.855224609375,1.5008544921875,0.9326171875,2.2716064453125,1.9393310546875,99.0130615234375,35.20556640625,980.55859375,36,1,0,1,5,10,4,0,0,1,3,2,4,0,185.42,198.12,185.0,0.125,0.5,0.5965625,0.52015625,0.75,0.03796875,0.5625,0.5625,0.015625,0.0,44.40625,27.0,31.984375,14.5625,85.78125,60.46875,36.75,19.140625,1.546875,1.5,1.140625,0.28125,36.8125,19.984375,24.8125,10.796875,3.546875,3.046875,3.53125,1.203125,4.046875,3.96875,3.640625,2.5625,23.25,9.953125,20.75,6.484375,0.875,0.546875,0.40625,0.3125,20.28125,16.5,10.828125,7.765625,311.6875,50.328125,495.53125,18,0,1,0,2,4,3,0,0,0,2,1,1,0,187.96,193.04,185.0,34.0,30.0,0,0,0,0,0,0,0,1,0,0,0,0,0,0,0,1,0,0,0,0,1,0,0,0
Red,False,0.0,0.0,0.48,0.49,0.5,0.195,2.0,0.0,0.0,0.5,52.0,25.0,45.5,22.5,55.5,28.0,94.5,68.5,0.5,0.5,5.5,1.0,42.0,18.5,37.5,16.5,9.5,6.0,4.0,2.5,0.5,0.5,4.0,3.5,26.5,9.0,22.5,7.5,2.5,2.0,6.5,4.5,23.0,14.0,16.5,10.5,183.0,327.5,667.5,5,0,0,1,1,1,1,0,0,0,0,0,1,0,172.72,177.8,135.0,0.0,0.0,0.4,0.3,0.0,0.5,0.0,1.0,0.0,0.0,44.0,18.0,50.0,15.0,45.0,19.0,78.0,41.0,3.0,0.0,2.0,1.0,21.0,4.0,37.0,7.0,18.0,11.0,9.0,4.0,5.0,3.0,4.0,4.0,34.0,13.0,34.0,7.0,10.0,5.0,14.0,8.0,0.0,0.0,2.0,0.0,19.0,231.0,430.0,2,1,0,1,0,0,1,0,0,0,0,0,0,0,172.72,175.26,135.0,23.0,30.0,1,0,0,0,0,0,0,0,0,0,0,0,0,0,0,0,0,0,1,0,1,0,0,0
Blue,False,0.505859375,0.572265625,0.327890625,0.44763671875,0.12796875,0.18376953125,0.064453125,0.06640625,0.015625,0.001953125,95.662109375,31.32421875,94.712890625,43.3125,106.681640625,41.224609375,108.630859375,56.9296875,4.654296875,0.8515625,1.619140625,0.673828125,80.34375,21.716796875,81.40234375,34.298828125,6.85546875,3.078125,10.466796875,6.314453125,8.462890625,6.529296875,2.84375,2.69921875,82.3671875,23.626953125,86.345703125,36.619140625,7.740234375,5.017578125,6.37890625,4.9453125,5.5546875,2.6796875,1.98828125,1.748046875,107.619140625,25.337890625,598.09765625,23,0,0,1,2,4,6,0,0,1,1,1,1,0,167.64,172.72,135.0,0.30859375,0.703125,0.440703125,0.311171875,0.0625,0.026171875,0.07421875,0.6328125,0.0,0.0,39.45703125,16.0859375,51.05078125,20.10546875,41.4609375,18.03125,56.47265625,24.73046875,0.81640625,0.21875,0.76953125,0.06640625,35.0859375,12.203125,42.01171875,15.3203125,1.55078125,1.359375,8.14453125,4.32421875,2.8203125,2.5234375,0.89453125,0.4609375,28.22265625,10.76953125,28.6484375,8.24609375,9.05078125,3.67578125,9.3828125,4.93359375,2.18359375,1.640625,13.01953125,6.92578125,12.23046875,50.9296875,205.58984375,18,0,0,1,2,4,5,0,0,0,1,3,0,0,172.72,177.8,135.0,37.0,34.0,1,0,0,0,0,0,0,0,0,0,0,0,0,0,0,1,0,0,0,0,1,0,0,0
Blue,False,0.125,0.25,0.260625,0.31125,0.258125,0.52,0.125,0.5,0.0,0.25,74.0,18.5,49.5,17.5,80.9375,25.1875,60.0625,26.6875,6.25,2.125,3.0,1.875,60.6875,12.0,35.0625,7.3125,9.375,5.4375,7.125,5.0625,3.9375,1.0625,7.3125,5.125,65.5625,14.0625,43.25,14.25,5.125,3.125,3.75,2.375,3.3125,1.3125,2.5,0.875,76.0625,113.125,824.4375,12,0,3,0,3,3,2,0,0,0,1,1,0,1,172.72,185.42,155.0,0.0,0.0,0.318984375,0.32734375,0.246953125,0.0828125,0.0,0.0,0.0078125,0.0,125.421875,40.53125,120.4765625,40.8828125,134.203125,48.9453125,127.8046875,46.8671875,7.8125,1.703125,7.3984375,0.7578125,103.21875,27.8671875,100.7890625,25.7890625,17.171875,9.3984375,11.7890625,7.96875,5.03125,3.265625,7.8984375,7.125,110.5078125,32.5546875,106.671875,31.921875,11.15625,6.1640625,12.6796875,7.9609375,3.7578125,1.8125,1.125,1.0,270.828125,100.5703125,876.3125,23,1,3,0,3,5,3,0,0,0,4,1,0,0,180.34,177.8,155.0,29.0,29.0,0,0,0,0,0,0,1,0,0,0,0,0,0,0,0,1,0,0,0,0,0,0,1,0
Red,False,0.015625,0.0,0.45,0.4275,0.25,0.2,0.148468017578125,0.098388671875,0.0,0.0,66.5,29.6875,64.31230545043945,27.34375,89.75,48.0,85.53125,44.41152191162109,2.0,0.75,2.0546875,0.75,51.1875,18.3359375,49.6123046875,16.280410766601562,7.5,5.07647705078125,7.5,5.0,4.5,3.625,4.984375,3.9375,48.6875,17.0,47.11572265625,16.5,5.75,3.75,5.3125,3.4375,5.0625,3.5,3.875,2.5,99.2119140625,94.125,638.5,0,0,0,0,0,0,0,0,0,0,0,0,0,0,177.8,182.88,155.0,0.0,0.0,0.57,0.5,0.27,0.0,1.0,0.0,0.0,2.0,61.0,35.0,85.0,43.0,70.0,41.0,112.0,68.0,11.0,3.0,1.0,0.0,54.0,28.0,61.0,24.0,6.0,6.0,12.0,10.0,1.0,1.0,12.0,9.0,49.0,28.0,69.0,32.0,1.0,0.0,0.0,0.0,11.0,7.0,16.0,11.0,194.0,413.0,900.0,3,0,0,1,0,0,1,0,0,0,0,0,0,0,185.42,190.5,155.0,28.0,28.0,0,0,0,0,0,0,1,0,0,0,0,0,0,0,0,1,0,0,0,0,1,0,0,0
Blue,False,0.0,0.0,0.4925,0.3675,0.48625,0.0849999999999999,0.0,0.75,0.25,0.125,83.875,41.5,52.125,18.375,152.375,104.875,72.5,36.625,2.75,1.375,7.375,0.5,61.625,21.75,37.375,6.125,15.375,13.375,6.5,4.0,6.875,6.375,8.25,8.25,52.0,15.0,42.0,10.625,19.625,17.5,8.25,6.0,12.25,9.0,1.875,1.75,216.25,219.375,862.375,11,0,1,0,2,3,1,0,0,1,2,0,0,0,185.42,195.58,185.0,0.0,1.125,0.53,0.49,0.15,0.33125,0.75,0.5,0.5,0.0,80.5,39.875,72.625,32.75,103.625,60.375,98.25,56.625,3.0,0.625,5.25,1.375,66.375,28.375,53.375,18.75,11.25,8.875,11.75,8.75,2.875,2.625,7.5,5.25,58.625,23.75,56.875,21.75,17.125,11.875,12.875,8.75,4.75,4.25,2.875,2.25,221.5,104.5,666.625,9,1,0,1,1,2,2,0,0,0,0,0,2,0,185.42,193.04,170.0,26.0,26.0,0,0,0,0,0,0,0,1,0,0,0,0,0,0,0,0,0,1,0,0,1,0,0,0
Red,False,0.015625,0.0,0.45,0.4275,0.25,0.2,0.148468017578125,0.098388671875,0.0,0.0,66.5,29.6875,64.31230545043945,27.34375,89.75,48.0,85.53125,44.41152191162109,2.0,0.75,2.0546875,0.75,51.1875,18.3359375,49.6123046875,16.280410766601562,7.5,5.07647705078125,7.5,5.0,4.5,3.625,4.984375,3.9375,48.6875,17.0,47.11572265625,16.5,5.75,3.75,5.3125,3.4375,5.0625,3.5,3.875,2.5,99.2119140625,94.125,638.5,0,0,0,0,0,0,0,0,0,0,0,0,0,0,185.42,185.42,155.0,0.0471682548522949,0.0,0.45,0.4217682266235352,0.25,0.19173828125,0.1875,0.125,0.0,0.0,69.5,30.5,66.984375,27.8466796875,94.0,48.544921875,88.50390625,44.75,2.0,0.8125,2.015625,0.6640625,54.0,19.01513671875,51.483436584472656,16.9437255859375,7.91796875,5.430633544921875,7.75,5.0625,4.780975341796875,3.9373779296875,4.8994140625,3.84375,51.025390625,18.400863647460938,50.515625,17.5,5.75,3.75,5.5,3.5,5.375,3.6875,4.0,2.65625,104.865234375,89.5,655.8441009521484,0,0,0,0,0,0,0,0,0,0,0,0,0,0,175.26,185.42,155.0,30.0,26.0,0,0,0,0,0,0,1,0,0,0,0,0,0,0,0,1,0,0,0,0,0,0,1,0
Red,False,0.015625,0.0,0.45,0.4275,0.25,0.2,0.148468017578125,0.098388671875,0.0,0.0,66.5,29.6875,64.31230545043945,27.34375,89.75,48.0,85.53125,44.41152191162109,2.0,0.75,2.0546875,0.75,51.1875,18.3359375,49.6123046875,16.280410766601562,7.5,5.07647705078125,7.5,5.0,4.5,3.625,4.984375,3.9375,48.6875,17.0,47.11572265625,16.5,5.75,3.75,5.3125,3.4375,5.0625,3.5,3.875,2.5,99.2119140625,94.125,638.5,0,0,0,0,0,0,0,0,0,0,0,0,0,0,190.5,187.96,265.0,0.625,0.0,0.74375,0.3999999999999999,0.1325,0.2625,0.125,0.0,0.0,0.0,32.0,23.875,49.75,32.5,49.25,40.0,73.0,53.625,1.375,0.5,2.0,1.125,21.625,14.375,26.75,11.875,6.25,5.625,20.125,18.375,4.125,3.875,2.875,2.25,17.875,12.125,19.25,5.375,10.75,9.125,14.25,13.125,3.375,2.625,16.25,14.0,55.875,314.375,461.25,10,0,1,0,1,2,2,0,0,0,0,2,0,0,182.88,187.96,247.0,32.0,33.0,0,0,0,0,1,0,0,0,0,0,0,0,0,0,0,1,0,0,0,0,0,0,1,0
Red,False,0.0,0.125,0.66125,0.5974999999999999,0.50125,0.0375,0.25,0.75,0.0,0.0,39.625,25.875,47.75,27.75,90.25,72.5,82.625,58.875,9.625,4.5,1.25,0.375,35.5,22.25,39.25,20.5,3.0,2.5,2.5,2.25,1.125,1.125,6.0,5.0,21.125,9.5,30.25,11.5,1.0,0.875,4.875,4.25,17.5,15.5,12.625,12.0,586.5,68.125,831.25,11,0,1,0,2,3,1,0,0,0,2,0,1,0,170.18,175.26,145.0,0.197265625,1.263671875,0.3790624999999999,0.49845703125,0.17125,0.002578125,0.337890625,0.345703125,0.03515625,0.25,79.447265625,32.44921875,63.609375,30.76953125,106.29296875,56.416015625,68.98828125,34.9453125,5.61328125,1.396484375,1.751953125,0.009765625,63.09375,21.115234375,49.029296875,19.552734375,7.421875,4.203125,6.58203125,5.6171875,8.931640625,7.130859375,7.998046875,5.599609375,61.142578125,21.90234375,47.833984375,18.337890625,12.25390625,6.375,10.794921875,8.005859375,6.05078125,4.171875,4.98046875,4.42578125,231.951171875,32.701171875,526.337890625,23,1,0,1,7,7,3,0,0,2,2,1,2,0,167.64,167.64,155.0,37.0,29.0,0,0,1,0,0,0,0,0,0,0,0,0,0,0,0,1,0,0,0,0,1,0,0,0
Red,False,0.015625,0.0,0.45,0.4275,0.25,0.2,0.148468017578125,0.098388671875,0.0,0.0,66.5,29.6875,64.31230545043945,27.34375,89.75,48.0,85.53125,44.41152191162109,2.0,0.75,2.0546875,0.75,51.1875,18.3359375,49.6123046875,16.280410766601562,7.5,5.07647705078125,7.5,5.0,4.5,3.625,4.984375,3.9375,48.6875,17.0,47.11572265625,16.5,5.75,3.75,5.3125,3.4375,5.0625,3.5,3.875,2.5,99.2119140625,94.125,638.5,0,0,0,0,0,0,0,0,0,0,0,0,0,0,167.64,165.1,135.0,1.5,0.0,0.38,0.325,0.415,0.0,0.0,0.0,0.0,0.0,146.0,56.5,119.0,39.0,148.5,59.0,123.0,43.0,4.5,2.0,0.0,0.0,134.5,49.5,88.5,23.0,6.5,4.5,22.5,11.0,5.0,2.5,8.0,5.0,133.5,50.0,114.5,37.5,3.0,1.5,4.5,1.5,9.5,5.0,0.0,0.0,41.0,8.5,895.0,6,0,2,0,2,2,0,0,0,0,1,1,0,0,172.72,165.1,135.0,32.0,24.0,0,1,0,0,0,0,0,0,0,0,0,0,0,0,0,1,0,0,0,0,1,0,0,0
Blue,False,0.0,0.0,0.58,0.61,0.0,1.0,0.0,0.0,0.0,0.0,12.0,7.0,18.0,11.0,29.0,23.0,27.0,20.0,0.0,0.0,1.0,1.0,6.0,1.0,18.0,11.0,2.0,2.0,0.0,0.0,4.0,4.0,0.0,0.0,11.0,7.0,3.0,0.0,0.0,0.0,0.0,0.0,1.0,0.0,15.0,11.0,0.0,96.0,152.0,1,0,0,1,0,0,1,0,0,0,0,0,0,0,180.34,198.12,185.0,0.0625,0.5,0.585,0.459375,0.0625,0.196875,0.3125,0.25,0.0,0.0625,36.1875,18.25,55.125,25.75,38.375,20.375,64.4375,33.625,2.0625,0.0625,1.625,0.75,26.5625,9.5625,43.25,16.125,4.5,3.6875,5.6875,3.4375,5.125,5.0,6.1875,6.1875,35.375,17.8125,48.0625,21.9375,0.75,0.375,2.6875,1.75,0.0625,0.0625,4.375,2.0625,36.3125,140.375,401.0,10,0,0,1,1,2,3,0,0,0,0,1,1,0,175.26,185.42,185.0,28.0,33.0,0,0,0,0,0,0,0,1,0,0,0,0,0,0,0,0,0,0,1,0,1,0,0,0
Red,False,0.0,0.0,0.4190625,0.2378125,0.2290625,0.0,1.03125,0.21875,0.25,0.0625,17.875,8.8125,19.46875,8.15625,39.6875,29.0625,43.21875,30.71875,2.8125,1.21875,0.53125,0.0,15.96875,6.96875,14.53125,4.59375,0.65625,0.59375,2.65625,2.03125,1.25,1.25,2.28125,1.53125,7.625,2.875,7.21875,2.34375,1.5,1.09375,1.84375,1.15625,8.75,4.84375,10.40625,4.65625,206.03125,132.9375,412.90625,13,0,1,0,1,3,3,0,0,0,1,1,1,0,180.34,193.04,170.0,0.28125,0.0,0.5528124999999999,0.295,0.088125,0.0,0.1875,0.0,0.0,0.0,40.75,21.4375,20.34375,9.5,68.125,47.40625,26.90625,15.65625,2.71875,0.8125,0.25,0.0,37.3125,18.96875,14.0625,4.1875,1.34375,0.9375,4.9375,4.25,2.09375,1.53125,1.34375,1.0625,19.84375,8.125,14.75,5.9375,15.125,9.875,3.90625,2.125,5.78125,3.4375,1.6875,1.4375,153.21875,3.3125,270.8125,12,0,2,0,3,5,1,0,0,0,2,2,1,0,185.42,195.58,185.0,37.0,32.0,0,0,0,0,0,0,0,1,0,0,0,0,0,0,0,1,0,0,0,0,0,0,1,0
Red,False,0.5,0.0,0.34875,0.52125,0.1525,0.3,0.625,0.25,0.0,0.75,73.875,27.75,52.125,26.75,87.25,39.625,81.0,53.5,6.625,1.625,2.125,0.75,63.5,20.625,39.0,18.625,6.5,3.875,6.25,3.875,3.875,3.25,6.875,4.25,49.375,16.875,32.875,12.5,21.375,9.375,13.5,9.0,3.125,1.5,5.75,5.25,280.875,172.625,678.625,10,0,0,1,3,3,1,0,0,0,1,1,1,0,180.34,193.04,170.0,0.060699462890625,0.0013427734375,0.502979621887207,0.5436752319335938,0.0861606979370117,0.0115727996826171,0.1425971984863281,7.62939453125e-06,0.064453125,0.001953125,74.07567977905273,32.81425094604492,83.1369743347168,45.047454833984375,76.17526626586914,34.50308609008789,84.95457458496094,46.646087646484375,1.551471710205078,0.1963615417480468,0.8264732360839844,0.0800819396972656,53.93179702758789,15.94308090209961,51.41366195678711,20.24002456665039,8.191902160644531,5.6805267333984375,19.70874786376953,13.636425018310549,11.951980590820312,11.190643310546877,12.014564514160156,11.171005249023438,70.60488891601562,30.500568389892575,74.47752380371094,40.2532844543457,2.5047149658203125,1.6445693969726562,3.1265945434570312,1.7702407836914062,0.9660758972167968,0.6691131591796875,5.532855987548828,3.0239295959472656,22.49174118041992,14.1522216796875,388.9666366577149,39,1,4,0,8,15,4,0,0,0,6,5,4,0,185.42,185.42,155.0,28.0,32.0,0,0,0,0,0,0,0,0,0,1,0,0,0,0,0,1,0,0,0,0,1,0,0,0
Blue,False,0.5,0.0,0.3824999999999999,0.38875,0.72875,0.2075,1.125,0.0,0.0,0.0,150.75,55.0,106.125,38.0,161.875,64.125,112.125,43.5,3.125,2.25,2.5,0.375,137.0,46.75,68.5,18.25,7.0,3.875,23.375,10.5,6.75,4.375,14.25,9.25,111.5,33.0,97.5,34.375,16.875,9.25,8.125,3.375,22.375,12.75,0.5,0.25,209.5,23.0,821.625,10,0,2,0,2,3,1,0,0,1,1,0,1,0,185.42,193.04,185.0,0.25,0.0,0.27625,0.3087499999999999,0.6950000000000001,0.125,0.0,0.0,0.25,0.125,79.5,22.0,87.125,26.625,104.625,43.625,126.625,62.875,5.625,4.25,1.625,0.75,74.875,19.75,73.25,16.875,4.25,1.875,7.625,4.375,0.375,0.375,6.25,5.375,69.375,16.75,76.0,19.25,3.75,2.375,8.625,5.875,6.375,2.875,2.5,1.5,308.125,67.375,792.875,10,0,2,0,2,3,1,0,0,1,1,1,0,0,175.26,182.88,170.0,24.0,28.0,0,0,0,0,0,0,0,0,0,1,0,0,0,0,0,1,0,0,0,0,1,0,0,0
Red,False,0.0,1.0,0.53,0.51,0.2,0.07,0.0,0.0,0.5,0.0,63.0,34.5,69.0,34.5,80.0,49.0,99.0,54.5,4.0,1.0,8.0,1.0,37.5,15.5,53.0,24.0,11.5,6.5,12.5,8.0,14.0,12.5,3.5,2.5,49.0,24.5,45.0,21.5,5.5,3.0,7.5,4.0,8.5,7.0,16.5,9.0,152.5,243.0,596.5,4,0,0,1,1,1,1,0,0,0,1,0,0,0,182.88,180.34,155.0,0.0,0.15625,0.5359375,0.3296875,0.515625,0.15625,0.53125,0.0,0.09375,0.125,88.9375,39.0625,103.25,36.71875,93.75,43.25,106.0625,39.09375,3.6875,0.53125,0.625,0.375,69.75,25.8125,82.4375,23.03125,10.25,6.78125,14.9375,9.21875,8.9375,6.46875,5.875,4.46875,85.53125,37.25,96.90625,32.125,2.875,1.59375,5.53125,4.0625,0.53125,0.21875,0.8125,0.53125,55.6875,34.6875,434.65625,12,0,1,0,1,3,3,0,0,0,0,1,2,0,187.96,185.42,170.0,29.0,29.0,0,0,0,0,0,0,1,0,0,0,0,0,0,0,0,1,0,0,0,0,1,0,0,0
Red,False,0.5,0.1328125,0.5668164062500001,0.559599609375,0.91271484375,0.13015625,0.033203125,0.2822265625,0.0029296875,0.2841796875,41.2265625,23.7001953125,32.658203125,18.544921875,54.4306640625,36.3935546875,64.5712890625,45.8974609375,1.755859375,1.6845703125,1.6328125,0.7578125,36.236328125,20.041015625,23.046875,12.646484375,2.970703125,1.8896484375,5.5048828125,2.8251953125,2.01953125,1.76953125,4.1064453125,3.0732421875,20.748046875,10.4423828125,23.337890625,11.224609375,4.3388671875,2.439453125,5.0703125,3.84375,16.1396484375,10.818359375,4.25,3.4765625,190.2080078125,112.6171875,477.9697265625,18,0,1,0,1,5,6,0,0,0,1,1,1,1,182.88,177.8,185.0,0.0,0.00048828125,0.547335205078125,0.57251220703125,0.375,0.37874755859375,1.06494140625,0.2698974609375,0.0001220703125,0.015625,103.9193115234375,59.3291015625,91.1402587890625,51.10400390625,123.029052734375,76.47509765625,108.1298828125,66.25537109375,2.19580078125,1.5,6.2132568359375,1.2757568359375,80.453369140625,40.8170166015625,51.780517578125,18.7882080078125,12.912353515625,9.258056640625,23.9063720703125,18.1234130859375,10.5535888671875,9.2540283203125,15.453369140625,14.1923828125,88.3280029296875,47.8648681640625,70.409423828125,36.5323486328125,14.77783203125,10.7767333984375,19.846923828125,13.9908447265625,0.8134765625,0.6875,0.8839111328125,0.580810546875,156.7078857421875,136.259521484375,701.785888671875,36,0,2,0,4,7,7,0,0,2,3,0,1,1,187.96,190.5,185.0,33.0,29.0,0,0,0,0,0,0,0,1,0,0,0,0,0,0,0,0,0,1,0,0,1,0,0,0
Red,False,0.015625,0.0,0.45,0.4275,0.25,0.2,0.148468017578125,0.098388671875,0.0,0.0,66.5,29.6875,64.31230545043945,27.34375,89.75,48.0,85.53125,44.41152191162109,2.0,0.75,2.0546875,0.75,51.1875,18.3359375,49.6123046875,16.280410766601562,7.5,5.07647705078125,7.5,5.0,4.5,3.625,4.984375,3.9375,48.6875,17.0,47.11572265625,16.5,5.75,3.75,5.3125,3.4375,5.0625,3.5,3.875,2.5,99.2119140625,94.125,638.5,0,0,0,0,0,0,0,0,0,0,0,0,0,0,182.88,182.88,185.0,0.0,0.0,0.26,0.4,0.0,0.33,0.0,1.0,1.0,0.0,19.0,5.0,15.0,6.0,19.0,5.0,15.0,6.0,0.0,0.0,3.0,1.0,14.0,2.0,13.0,5.0,4.0,2.0,1.0,0.0,1.0,1.0,1.0,1.0,17.0,3.0,13.0,4.0,2.0,2.0,2.0,2.0,0.0,0.0,0.0,0.0,4.0,27.0,112.0,1,0,0,1,0,0,1,0,0,0,0,0,0,0,193.04,193.04,205.0,33.0,27.0,0,0,0,0,0,0,0,1,0,0,0,0,0,0,0,1,0,0,0,0,1,0,0,0
Blue,False,0.0,0.0,0.68,0.5,0.5,0.5,0.0,1.0,0.0,0.0,16.0,11.0,10.0,5.0,33.0,25.0,21.0,16.0,2.0,1.0,2.0,1.0,9.0,5.0,7.0,3.0,6.0,5.0,3.0,2.0,1.0,1.0,0.0,0.0,4.0,1.0,1.0,0.0,12.0,10.0,9.0,5.0,0.0,0.0,0.0,0.0,189.0,83.0,299.0,1,0,0,1,0,0,1,0,0,0,0,0,0,0,172.72,170.18,135.0,0.0,0.25,0.3575,0.3399999999999999,0.0,0.5,0.25,0.0,0.0,0.0,96.75,35.75,121.75,41.0,101.5,39.75,127.75,45.25,0.0,0.0,1.25,0.5,68.0,19.75,74.75,16.5,19.75,10.25,25.75,13.5,9.0,5.75,21.25,11.0,91.5,32.25,117.75,38.75,5.0,3.5,3.0,2.25,0.25,0.0,1.0,0.0,4.0,44.0,703.5,7,0,2,0,2,2,1,0,0,0,1,0,1,0,167.64,172.72,135.0,28.0,38.0,0,0,0,0,0,0,0,0,0,0,1,0,0,0,0,1,0,0,0,0,1,0,0,0
Red,False,0.015625,0.0,0.45,0.4275,0.25,0.2,0.148468017578125,0.098388671875,0.0,0.0,66.5,29.6875,64.31230545043945,27.34375,89.75,48.0,85.53125,44.41152191162109,2.0,0.75,2.0546875,0.75,51.1875,18.3359375,49.6123046875,16.280410766601562,7.5,5.07647705078125,7.5,5.0,4.5,3.625,4.984375,3.9375,48.6875,17.0,47.11572265625,16.5,5.75,3.75,5.3125,3.4375,5.0625,3.5,3.875,2.5,99.2119140625,94.125,638.5,0,0,0,0,0,0,0,0,0,0,0,0,0,0,172.72,172.72,135.0,0.0,0.0,0.51,0.52,0.11,0.4,0.0,0.0,0.0,0.0,92.5,47.0,73.0,38.0,181.5,130.0,150.5,106.5,4.5,1.0,8.5,3.5,67.5,23.5,51.0,21.0,1.5,1.5,12.0,7.0,23.5,22.0,10.0,10.0,55.5,13.5,53.5,22.5,17.5,16.0,9.5,8.5,19.5,17.5,10.0,7.0,232.0,366.5,900.0,6,0,0,2,0,0,2,0,0,0,0,0,0,0,165.1,170.18,125.0,30.0,32.0,0,0,0,0,0,0,0,0,0,0,1,0,0,0,0,1,0,0,0,0,1,0,0,0
Blue,False,0.0,0.0,0.4,0.31,1.0,0.0,0.0,1.0,0.0,0.0,27.0,11.0,19.0,6.0,30.0,14.0,21.0,8.0,1.0,1.0,0.0,0.0,24.0,10.0,13.0,3.0,0.0,0.0,3.0,1.0,3.0,1.0,3.0,2.0,25.0,9.0,17.0,5.0,0.0,0.0,2.0,1.0,2.0,2.0,0.0,0.0,43.0,0.0,166.0,1,0,0,1,0,0,1,0,0,0,0,0,0,0,177.8,175.26,170.0,1.0,0.0,0.34,0.37,0.25,0.0,2.0,0.0,0.0,1.0,67.0,23.0,82.0,31.0,80.0,33.0,98.0,44.0,8.0,2.0,0.0,0.0,56.0,19.0,53.0,13.0,6.0,2.0,2.0,2.0,5.0,2.0,27.0,16.0,56.0,18.0,62.0,22.0,7.0,3.0,0.0,0.0,4.0,2.0,20.0,9.0,180.0,125.0,900.0,3,0,0,1,0,0,1,0,0,0,0,0,0,0,177.8,177.8,170.0,37.0,26.0,0,0,0,0,0,0,0,0,0,1,0,0,0,0,0,0,0,1,0,0,1,0,0,0
Blue,False,0.0,0.0,0.36,0.37,0.0,0.5,0.0,0.0,0.0,0.0,25.0,9.0,59.0,22.0,27.0,11.0,72.0,33.0,1.0,0.0,2.0,1.0,19.0,5.0,44.0,14.0,1.0,0.0,6.0,1.0,5.0,4.0,9.0,7.0,22.0,9.0,29.0,3.0,3.0,0.0,12.0,8.0,0.0,0.0,18.0,11.0,31.0,57.0,297.0,1,0,0,1,0,0,1,0,0,0,0,0,0,0,190.5,193.04,235.0,0.0,0.25,0.66625,0.62875,0.47875,0.19625,0.0,0.125,0.0,0.0,61.25,50.25,32.375,22.5,79.625,68.0,58.375,47.125,2.875,2.125,2.375,0.625,25.75,15.875,20.625,11.625,33.25,32.25,9.75,9.125,2.25,2.125,2.0,1.75,9.75,3.125,11.625,4.875,24.375,22.75,17.25,14.125,27.125,24.375,3.5,3.5,418.875,50.875,545.125,7,0,0,1,1,2,2,0,0,0,1,1,0,0,195.58,193.04,260.0,34.0,35.0,0,0,0,0,1,0,0,0,0,0,0,0,0,0,0,1,0,0,0,0,1,0,0,0
Red,False,0.015625,0.0,0.45,0.4275,0.25,0.2,0.148468017578125,0.098388671875,0.0,0.0,66.5,29.6875,64.31230545043945,27.34375,89.75,48.0,85.53125,44.41152191162109,2.0,0.75,2.0546875,0.75,51.1875,18.3359375,49.6123046875,16.280410766601562,7.5,5.07647705078125,7.5,5.0,4.5,3.625,4.984375,3.9375,48.6875,17.0,47.11572265625,16.5,5.75,3.75,5.3125,3.4375,5.0625,3.5,3.875,2.5,99.2119140625,94.125,638.5,0,0,0,0,0,0,0,0,0,0,0,0,0,0,185.42,190.5,241.0,0.0,0.25,0.569375,0.615,0.046875,0.4290625,0.0,0.125,0.125,0.03125,48.90625,29.5625,18.5,11.40625,56.1875,36.09375,58.125,45.15625,1.84375,0.0625,7.96875,3.40625,44.78125,26.0,14.5625,8.21875,3.9375,3.4375,2.46875,1.71875,0.1875,0.125,1.46875,1.46875,11.34375,2.34375,5.8125,2.65625,7.78125,6.75,2.84375,1.34375,29.78125,20.46875,9.84375,7.40625,95.5,283.65625,504.09375,10,0,2,0,2,4,2,0,0,0,0,4,0,0,190.5,200.66,260.0,35.0,30.0,0,0,0,0,1,0,0,0,0,0,0,0,0,0,0,1,0,0,0,0,1,0,0,0
Blue,False,1.515625,0.5,0.52921875,0.3690625,0.243125,0.0059375,0.0,0.015625,0.015625,0.015625,70.296875,35.609375,54.015625,21.625,79.25,42.65625,61.34375,28.671875,1.75,0.6875,2.734375,0.078125,56.34375,26.28125,31.875,7.5,10.046875,5.609375,9.0,3.890625,3.90625,3.71875,13.140625,10.234375,56.21875,26.171875,44.421875,14.953125,5.4375,3.859375,9.203125,6.421875,8.640625,5.578125,0.390625,0.25,90.828125,36.828125,457.703125,14,0,1,0,5,6,1,0,0,0,2,4,0,0,182.88,190.5,170.0,0.02105712890625,0.0,0.4899481201171875,0.4699652099609375,0.6070178222656251,0.0359716796875,0.250732421875,0.06298828125,0.0,0.0,155.822021484375,72.3751220703125,135.51739501953125,67.246337890625,202.20703125,113.95892333984376,162.0863037109375,92.9193115234375,11.2857666015625,6.52191162109375,0.4033203125,0.19879150390625,128.33099365234375,48.67034912109375,110.05291748046876,47.37005615234375,6.90179443359375,5.1761474609375,22.106689453125,17.4254150390625,20.5892333984375,18.52862548828125,3.3577880859375,2.45086669921875,128.4195556640625,55.6943359375,107.9158935546875,44.2528076171875,13.18646240234375,8.24700927734375,19.26702880859375,15.1668701171875,14.21600341796875,8.43377685546875,8.33447265625,7.82666015625,556.275634765625,39.634033203125,1144.7114868164062,42,3,4,0,6,12,3,0,1,2,4,5,0,0,175.26,175.26,185.0,32.0,32.0,0,0,0,0,0,0,0,0,0,1,0,0,0,0,0,1,0,0,0,0,0,0,1,0
Red,False,0.75,0.125,0.3465625,0.3978125,0.125,0.28,0.0,0.125,0.125,0.25,165.53125,59.03125,123.5625,49.09375,177.125,70.375,134.96875,59.4375,0.5625,0.25,10.21875,3.15625,141.125,44.75,95.875,27.46875,19.53125,10.5,9.75,4.75,4.875,3.78125,17.9375,16.875,151.5625,50.59375,110.78125,40.78125,8.6875,4.40625,10.0,7.125,5.28125,4.03125,2.78125,1.1875,83.46875,231.21875,894.78125,18,0,0,1,2,3,3,0,0,1,2,0,0,0,177.8,187.96,170.0,0.027587890625,0.3438720703125,0.4661291503906249,0.533192138671875,0.1343170166015625,0.113631591796875,1.18994140625,0.1290283203125,0.531494140625,0.0,30.88848876953125,16.93231201171875,45.90472412109375,23.13043212890625,47.2452392578125,31.39105224609375,87.99334716796875,60.404296875,1.026611328125,0.5152587890625,5.74578857421875,1.0953369140625,22.5665283203125,11.51751708984375,40.151123046875,18.10089111328125,6.2388916015625,3.58587646484375,2.748291015625,2.25177001953125,2.08306884765625,1.82891845703125,3.00531005859375,2.77777099609375,19.70025634765625,7.54864501953125,26.00335693359375,9.25286865234375,4.56622314453125,3.07598876953125,5.65045166015625,3.7064208984375,6.62200927734375,6.30767822265625,14.25091552734375,10.171142578125,49.297607421875,378.879150390625,609.8289184570312,30,0,0,1,4,9,6,0,0,1,2,4,2,0,182.88,187.96,170.0,28.0,40.0,0,0,0,0,0,0,0,0,0,1,0,0,0,0,0,1,0,0,0,0,1,0,0,0
Red,False,0.015625,0.0,0.45,0.4275,0.25,0.2,0.148468017578125,0.098388671875,0.0,0.0,66.5,29.6875,64.31230545043945,27.34375,89.75,48.0,85.53125,44.41152191162109,2.0,0.75,2.0546875,0.75,51.1875,18.3359375,49.6123046875,16.280410766601562,7.5,5.07647705078125,7.5,5.0,4.5,3.625,4.984375,3.9375,48.6875,17.0,47.11572265625,16.5,5.75,3.75,5.3125,3.4375,5.0625,3.5,3.875,2.5,99.2119140625,94.125,638.5,0,0,0,0,0,0,0,0,0,0,0,0,0,0,193.04,195.58,185.0,0.0,0.0,0.82,0.42,0.75,0.0,0.0,0.0,0.0,0.0,29.0,24.0,14.0,6.0,76.0,62.0,21.0,10.0,4.0,3.0,0.0,0.0,25.0,20.0,5.0,1.0,4.0,4.0,4.0,4.0,0.0,0.0,5.0,1.0,11.0,6.0,13.0,5.0,1.0,1.0,1.0,1.0,17.0,17.0,0.0,0.0,175.0,29.0,285.0,1,0,1,0,1,1,0,0,0,0,0,1,0,0,190.5,195.58,205.0,25.0,28.0,0,0,0,0,0,1,0,0,0,0,0,0,0,0,0,1,0,0,0,0,1,0,0,0
Red,False,0.125,0.0,0.530625,0.335,0.0,0.509375,0.0,0.5,0.0,0.0,36.6875,15.0,44.1875,15.875,37.625,15.9375,48.5,19.625,0.0,0.0,4.125,2.3125,23.25,7.8125,35.3125,8.5,5.625,2.6875,4.125,2.8125,7.8125,4.5,4.75,4.5625,35.25,13.9375,40.4375,13.9375,0.8125,0.8125,1.125,0.5625,0.625,0.25,2.625,1.375,0.875,69.125,283.0,10,0,0,1,2,2,3,0,0,0,1,1,0,0,177.8,177.8,155.0,0.0087890625,0.50048828125,0.45637451171875,0.5980053710937501,0.5789111328125001,0.1524267578125,0.016357421875,0.41162109375,0.001953125,0.0400390625,83.9091796875,38.052490234375,85.92822265625,50.199462890625,87.666259765625,41.4482421875,143.4111328125,103.165771484375,1.992919921875,0.850341796875,5.0693359375,0.60595703125,61.160400390625,21.31298828125,67.892578125,39.617431640625,12.076171875,8.9521484375,8.864990234375,4.07373046875,10.672607421875,7.787353515625,9.170654296875,6.50830078125,71.907958984375,30.0048828125,59.705078125,26.813232421875,10.70166015625,6.8701171875,10.91259765625,8.359375,1.299560546875,1.177490234375,15.310546875,15.02685546875,80.08154296875,219.919677734375,740.87158203125,33,0,2,0,2,5,8,0,0,1,2,1,1,0,177.8,182.88,170.0,33.0,35.0,0,0,0,0,0,0,1,0,0,0,0,0,0,0,0,1,0,0,0,0,1,0,0,0
Red,False,0.125,0.125,0.46625,0.53625,0.0,0.3924999999999999,0.0,0.0,0.0,0.0,42.0,19.0,80.875,43.5,45.75,22.25,131.125,83.75,0.0,0.0,11.125,5.75,38.25,16.375,62.25,27.625,1.875,1.25,9.0,7.5,1.875,1.375,9.625,8.375,33.125,12.5,47.0,18.125,4.375,2.75,9.125,6.625,4.5,3.75,24.75,18.75,9.625,346.625,590.875,8,0,0,1,1,1,3,0,0,0,0,1,0,0,185.42,187.96,205.0,0.375,0.0,0.510703125,0.6174999999999999,0.09375,0.38375,0.046875,0.5625,0.5,0.0,46.6328125,22.9921875,51.6015625,32.53125,50.7890625,26.6484375,98.4375,73.8359375,2.03125,0.203125,6.6484375,3.3125,36.09375,14.8359375,44.5625,27.3046875,10.1015625,7.8984375,4.546875,3.1171875,0.4375,0.2578125,2.4921875,2.109375,32.7109375,14.4609375,19.4765625,8.4375,9.0234375,4.828125,4.6875,3.53125,4.8984375,3.703125,27.4375,20.5625,56.546875,316.90625,587.265625,17,0,4,0,4,6,2,0,1,0,0,4,1,0,190.5,203.2,205.0,35.0,32.0,0,0,0,0,0,1,0,0,0,0,0,0,0,0,0,1,0,0,0,0,0,0,1,0
Red,False,0.0,0.0,0.469375,0.365,0.2325,0.53,0.0625,0.0625,0.4375,0.125,68.5625,30.625,83.75,30.75,87.625,48.0,121.4375,66.5625,13.25,2.3125,2.8125,1.5625,49.625,15.6875,66.4375,17.125,8.125,5.8125,11.0,8.3125,10.8125,9.125,6.3125,5.3125,56.9375,22.0,61.0625,17.0625,5.25,3.875,15.5,9.125,6.375,4.75,7.1875,4.5625,215.5,94.5625,900.0,15,0,2,0,2,3,2,0,0,0,3,0,0,0,162.56,162.56,125.0,0.0322265625,0.03125,0.4010986328125,0.3690185546875,0.2556494140625,0.091953125,0.0673828125,0.0,0.0625,0.0,130.7978515625,53.3271484375,101.00634765625,32.37158203125,146.248046875,67.25048828125,109.0478515625,39.22021484375,2.42431640625,1.26904296875,4.6455078125,0.451171875,97.1357421875,33.2119140625,80.7412109375,19.3095703125,21.74853515625,10.59619140625,14.97802734375,8.978515625,11.91357421875,9.51904296875,5.287109375,4.08349609375,111.5830078125,39.2734375,89.9208984375,25.4140625,11.48583984375,8.18701171875,9.537109375,5.79833984375,7.72900390625,5.86669921875,1.54833984375,1.1591796875,163.4150390625,30.90380859375,822.1591796875,30,2,3,0,4,10,2,0,0,0,6,3,1,0,162.56,165.1,125.0,32.0,31.0,0,0,0,1,0,0,0,0,0,0,0,0,0,0,0,0,0,1,0,0,0,0,1,0
Red,False,0.0,0.09375,0.48765625,0.48984375,0.45125,0.6875,0.25,0.0,0.0,0.0,38.875,19.078125,51.1875,25.71875,69.296875,47.703125,73.53125,45.625,5.734375,2.84375,1.671875,1.25,28.859375,11.375,40.046875,18.515625,4.71875,2.953125,9.46875,5.5625,5.296875,4.75,1.671875,1.640625,22.5,8.328125,34.40625,14.578125,6.1875,3.9375,8.734375,4.859375,10.1875,6.8125,8.046875,6.28125,319.765625,142.203125,842.8125,19,0,3,0,3,6,1,0,0,0,5,1,0,0,187.96,190.5,265.0,0.3887939453125,0.1251220703125,0.42310791015625,0.6352374267578125,0.220518798828125,0.0208691406249999,0.0009765625,0.0,0.0,0.0,90.8701171875,40.48956298828125,144.88702392578125,97.4381103515625,108.82623291015624,56.9273681640625,181.11285400390625,132.630126953125,6.771728515625,2.12603759765625,0.784912109375,0.1109619140625,72.79150390625,27.40924072265625,100.10491943359376,57.830322265625,11.7100830078125,8.8690185546875,37.5380859375,32.8961181640625,6.3685302734375,4.2113037109375,7.2440185546875,6.711669921875,60.29229736328125,22.087646484375,86.98944091796875,47.77032470703125,28.47607421875,16.8057861328125,57.5042724609375,49.30584716796875,2.10174560546875,1.59613037109375,0.393310546875,0.3619384765625,248.9652099609375,260.71728515625,1094.0673828125,34,1,2,0,3,7,8,0,0,0,0,7,0,0,182.88,185.42,263.0,29.0,39.0,0,0,0,0,1,0,0,0,0,0,0,0,0,0,0,1,0,0,0,0,1,0,0,0
Blue,False,0.0,0.0,0.37,0.36,0.66,0.33,0.0,0.0,3.0,1.0,40.0,15.0,47.0,17.0,77.0,46.0,86.0,53.0,3.0,2.0,6.0,2.0,33.0,10.0,35.0,7.0,4.0,2.0,10.0,8.0,3.0,3.0,2.0,2.0,27.0,8.0,39.0,10.0,3.0,2.0,3.0,2.0,10.0,5.0,5.0,5.0,407.0,193.0,900.0,3,0,1,0,1,1,0,0,0,0,1,0,0,0,172.72,175.26,145.0,0.0,0.25,0.505,0.3225,0.2225,0.4,1.0,0.5,1.5,0.75,78.25,40.25,44.25,15.5,115.5,74.5,58.5,26.75,6.25,1.5,2.5,2.0,62.5,29.5,34.75,10.0,9.0,5.5,7.0,3.25,6.75,5.25,2.5,2.25,45.75,16.75,37.75,12.75,18.5,13.5,4.5,2.25,14.0,10.0,2.0,0.5,176.75,229.75,714.75,7,0,0,1,2,2,1,0,1,0,1,0,0,0,175.26,175.26,145.0,24.0,31.0,0,0,1,0,0,0,0,0,0,0,0,0,0,0,0,1,0,0,0,0,1,0,0,0
Blue,False,0.0,0.0,0.5918749999999999,0.370625,0.65625,0.105,0.375,0.8125,0.0,0.25,81.875,43.75,59.5,23.75,91.5,52.3125,92.625,54.6875,3.5625,2.375,4.375,0.75,56.8125,23.5,38.0625,11.625,18.375,14.9375,14.875,7.5,6.6875,5.3125,6.5625,4.625,72.8125,36.4375,49.0,16.5,3.75,2.9375,7.0,4.625,5.3125,4.375,3.5,2.625,171.1875,98.875,723.1875,12,0,2,0,2,3,2,0,0,0,2,1,0,0,170.18,167.64,125.0,0.0,0.0,0.55,0.41875,0.91,0.0625,2.5,0.0,0.125,0.875,37.25,19.5,19.875,10.25,78.625,57.125,44.125,32.625,4.125,3.5,0.75,0.25,31.875,15.0,13.75,5.25,4.875,4.125,5.375,4.5,0.5,0.375,0.75,0.5,7.125,1.375,10.75,2.75,1.125,0.5,4.375,3.5,29.0,17.625,4.75,4.0,650.875,57.375,773.625,10,0,0,1,3,3,1,0,0,0,1,0,2,0,162.56,160.02,135.0,23.0,22.0,0,0,0,1,0,0,0,0,0,0,0,0,0,0,0,0,0,1,0,0,1,0,0,0
Red,False,0.015625,0.0,0.45,0.4275,0.25,0.2,0.148468017578125,0.098388671875,0.0,0.0,66.5,29.6875,64.31230545043945,27.34375,89.75,48.0,85.53125,44.41152191162109,2.0,0.75,2.0546875,0.75,51.1875,18.3359375,49.6123046875,16.280410766601562,7.5,5.07647705078125,7.5,5.0,4.5,3.625,4.984375,3.9375,48.6875,17.0,47.11572265625,16.5,5.75,3.75,5.3125,3.4375,5.0625,3.5,3.875,2.5,99.2119140625,94.125,638.5,0,0,0,0,0,0,0,0,0,0,0,0,0,0,187.96,187.96,170.0,0.0471682548522949,0.0,0.45,0.4217682266235352,0.25,0.19173828125,0.1875,0.125,0.0,0.0,69.5,30.5,66.984375,27.8466796875,94.0,48.544921875,88.50390625,44.75,2.0,0.8125,2.015625,0.6640625,54.0,19.01513671875,51.483436584472656,16.9437255859375,7.91796875,5.430633544921875,7.75,5.0625,4.780975341796875,3.9373779296875,4.8994140625,3.84375,51.025390625,18.400863647460938,50.515625,17.5,5.75,3.75,5.5,3.5,5.375,3.6875,4.0,2.65625,104.865234375,89.5,655.8441009521484,0,0,0,0,0,0,0,0,0,0,0,0,0,0,187.96,187.96,170.0,30.0,24.0,0,0,0,0,0,0,0,0,0,1,0,0,0,0,0,1,0,0,0,0,0,0,0,1
Blue,False,0.25,0.75,0.405,0.355,0.165,0.3,0.5,1.0,0.5,0.0,129.25,44.5,137.25,45.75,141.75,55.5,138.25,46.75,1.5,0.5,2.75,1.5,95.75,24.5,100.75,26.25,31.0,17.5,20.25,8.75,2.5,2.5,16.25,10.75,106.75,31.75,121.5,36.0,20.5,10.75,9.5,6.5,2.0,2.0,6.25,3.25,40.75,80.0,654.0,7,0,1,0,1,1,2,0,0,0,0,1,0,0,182.88,180.34,155.0,0.0,0.0,0.18,0.56,0.0,0.33,0.0,1.0,0.0,0.0,11.0,2.0,41.0,23.0,26.0,13.0,201.0,169.0,0.0,0.0,3.0,1.0,10.0,1.0,25.0,15.0,0.0,0.0,8.0,1.0,1.0,1.0,8.0,7.0,10.0,1.0,24.0,9.0,0.0,0.0,0.0,0.0,1.0,1.0,17.0,14.0,305.0,445.0,900.0,3,1,0,1,0,0,1,0,0,0,0,0,0,0,175.26,165.1,145.0,27.0,29.0,0,0,1,0,0,0,0,0,0,0,0,0,0,0,0,0,0,1,0,0,0,0,1,0
Blue,False,0.5,0.0,0.485,0.44,0.165,0.3,0.0,0.0,0.0,0.0,162.0,78.5,116.0,54.0,189.5,102.5,121.5,59.5,1.5,0.5,3.0,1.5,114.0,43.0,90.0,32.5,20.5,14.0,19.0,14.5,27.5,21.5,7.0,7.0,122.5,52.0,99.5,45.0,24.5,16.0,15.0,8.0,15.0,10.5,1.5,1.0,89.0,74.0,852.0,6,0,1,0,1,1,1,0,0,0,0,1,0,0,182.88,182.88,170.0,0.0,0.0,0.775,0.475,1.0,0.5,0.5,0.0,0.0,0.0,20.0,14.5,5.5,3.0,26.0,20.0,23.5,20.5,1.5,1.5,1.0,1.0,18.0,12.5,4.5,2.5,1.5,1.5,0.0,0.0,0.5,0.5,1.0,0.5,3.5,2.5,3.0,1.0,5.5,4.0,0.0,0.0,11.0,8.0,2.5,2.0,58.0,102.5,199.0,3,0,2,0,2,2,0,0,0,0,0,1,1,0,182.88,180.34,170.0,26.0,19.0,0,0,0,0,0,0,0,0,0,1,0,0,0,0,0,0,0,1,0,0,1,0,0,0
Red,False,0.52313232421875,1.06640625,0.3360919189453125,0.43440185546875,0.1817852783203125,0.267530517578125,0.25018310546875,0.125732421875,0.00018310546875,0.1878662109375,33.1123046875,10.52655029296875,47.1173095703125,20.0096435546875,41.45269775390625,18.43121337890625,59.01318359375,30.12701416015625,0.9560546875,0.30291748046875,3.36773681640625,0.87506103515625,30.392822265625,8.6787109375,40.57366943359375,16.3360595703125,1.8778076171875,1.57159423828125,5.4915771484375,2.78955078125,0.8416748046875,0.2762451171875,1.05206298828125,0.884033203125,27.61029052734375,6.95074462890625,36.63671875,13.34228515625,5.1031494140625,3.3245849609375,3.27850341796875,1.782958984375,0.39886474609375,0.251220703125,7.20208740234375,4.8843994140625,13.0830078125,130.1959228515625,401.1796875,32,0,0,1,6,9,6,0,0,1,2,4,1,1,175.26,180.34,170.0,1.5,0.5,0.4449999999999999,0.43,0.165,0.165,0.5,0.5,0.0,0.0,169.0,81.0,194.0,84.5,192.0,104.0,197.5,87.0,1.5,0.5,1.5,0.5,115.5,39.0,166.5,63.5,9.5,7.5,22.5,16.0,44.0,34.5,5.0,5.0,164.5,77.5,187.0,79.5,1.0,0.5,1.5,0.5,3.5,3.0,5.5,4.5,189.5,19.5,1094.0,8,0,1,0,1,1,1,0,0,0,1,0,0,0,177.8,177.8,170.0,30.0,29.0,0,0,0,0,0,0,0,0,0,1,0,0,0,0,0,1,0,0,0,0,0,0,0,1
Blue,False,0.125,1.0,0.3662499999999999,0.47875,0.125,0.1875,0.375,0.0,0.125,0.0,59.25,19.25,49.625,22.5,61.625,21.0,61.0,31.625,1.375,0.125,2.0,1.0,48.5,11.375,41.125,16.375,8.375,5.625,4.125,2.5,2.375,2.25,4.375,3.625,51.875,13.75,34.375,14.875,5.875,4.125,5.625,3.25,1.5,1.375,9.625,4.375,45.125,155.125,393.875,7,0,2,0,2,2,2,0,0,0,0,1,1,0,175.26,187.96,155.0,0.25,0.0,0.4525,0.5825,0.4275,0.125,0.375,0.5,0.0,0.0,46.0,23.25,55.75,27.625,101.5,69.75,77.0,47.75,10.5,4.25,0.125,0.125,32.5,12.0,44.375,18.625,8.25,6.0,5.25,3.75,5.25,5.25,6.125,5.25,36.625,15.5,40.375,14.875,7.5,6.375,4.0,2.25,1.875,1.375,11.375,10.5,488.0,34.25,799.0,11,1,0,1,3,3,1,0,0,0,1,0,2,0,175.26,177.8,155.0,31.0,26.0,0,0,0,0,0,0,1,0,0,0,0,0,0,0,0,1,0,0,0,0,0,0,1,0
Red,False,0.125,0.125,0.3,0.335,0.0825,0.0,0.25,0.0,0.25,0.0,27.5,13.875,26.75,10.25,41.625,27.0,29.625,12.625,0.875,0.25,0.0,0.0,19.5,9.375,19.625,4.5,4.5,2.0,6.75,5.375,3.5,2.5,0.375,0.375,18.5,6.5,18.625,5.125,0.625,0.625,6.375,4.25,8.375,6.75,1.75,0.875,89.875,22.125,292.75,7,0,0,2,1,1,3,0,0,0,1,0,0,0,180.34,195.58,185.0,0.03515625,0.034423828125,0.44460693359375,0.4731201171874999,0.2353320312499999,0.18082763671875,0.033203125,0.015625,0.015625,0.05029296875,106.580810546875,47.638427734375,96.085693359375,41.115234375,124.597900390625,63.10009765625,105.129150390625,49.014404296875,10.756591796875,2.847412109375,1.915771484375,0.564453125,71.7529296875,20.99365234375,61.8828125,17.510498046875,13.225830078125,7.23193359375,17.4638671875,9.646484375,21.60205078125,19.412841796875,16.739013671875,13.958251953125,91.65673828125,37.5078125,89.53076171875,36.665771484375,10.799072265625,8.594970703125,5.870361328125,3.854248046875,4.125,1.53564453125,0.6845703125,0.59521484375,190.21923828125,63.301025390625,879.37109375,36,0,0,2,3,8,5,0,0,2,5,0,1,0,182.88,195.58,185.0,34.0,33.0,0,0,0,0,0,0,0,1,0,0,0,0,0,0,0,0,0,1,0,0,1,0,0,0
Blue,False,0.0,0.9375,0.3868749999999999,0.359375,0.2725,0.44125,0.375,0.0,0.5625,0.1875,59.9375,23.5,51.125,18.9375,85.75,43.5,68.9375,34.875,7.5625,1.8125,2.6875,2.125,45.8125,12.125,44.75,14.875,6.375,4.375,3.8125,2.1875,7.75,7.0,2.5625,1.875,41.625,11.9375,40.9375,12.9375,9.3125,6.875,2.875,1.125,9.0,4.6875,7.3125,4.875,256.1875,65.875,727.0,13,0,1,0,2,3,2,0,0,0,2,0,1,0,162.56,165.1,125.0,0.0,0.0,0.5549999999999999,0.455625,0.2953125,0.2915625,0.5,0.59375,0.3125,0.0625,120.59375,65.8125,77.53125,36.4375,184.875,124.53125,86.625,45.375,10.40625,3.0625,2.5,1.5,99.5625,49.8125,55.65625,21.25,17.59375,13.15625,14.71875,8.96875,3.4375,2.84375,7.15625,6.21875,55.09375,13.625,64.59375,26.46875,17.34375,11.8125,10.71875,8.3125,48.15625,40.375,2.21875,1.65625,434.0625,101.0,835.84375,18,0,1,0,2,4,2,0,0,2,0,2,0,0,165.1,165.1,125.0,31.0,27.0,0,0,0,1,0,0,0,0,0,0,0,0,0,0,0,0,0,1,0,0,1,0,0,0
Red,False,0.0089263916015625,0.02001953125,0.3607998657226562,0.2472708129882812,0.2740760803222656,0.129638671875,0.148468017578125,0.001251220703125,0.0,0.0,114.59646606445312,41.34819030761719,103.25254821777344,25.502365112304688,131.66925048828125,56.476165771484375,109.82469177246094,32.074249267578125,7.5051727294921875,2.415023803710937,4.13330078125,0.26806640625,100.01373291015624,33.105377197265625,82.62174987792969,14.445327758789062,9.90618896484375,5.5853424072265625,15.262420654296877,7.566116333007812,4.676544189453125,2.657470703125,5.368377685546875,3.4909210205078125,104.12454223632812,33.71336364746094,96.52088928222656,22.13363647460937,4.137710571289063,2.8649139404296875,6.34075927734375,3.21539306640625,6.3342132568359375,4.7699127197265625,0.390899658203125,0.1533355712890625,175.42425537109375,66.59007263183594,953.755340576172,41,1,5,0,5,13,4,0,0,1,8,3,1,0,187.96,187.96,205.0,0.9510498046875,0.0,0.5424456787109375,0.420595703125,0.6323919677734375,0.0934918212890625,0.007904052734375,0.77984619140625,3.0517578125e-05,3.0517578125e-05,45.323333740234375,24.23959350585937,27.50155639648437,11.94268798828125,55.303802490234375,33.25225830078125,40.915771484375,24.325469970703125,1.67926025390625,1.298248291015625,2.27032470703125,0.753936767578125,37.5894775390625,17.82476806640625,20.435546875,7.03961181640625,3.15692138671875,2.490509033203125,1.920562744140625,0.7054443359375,4.576934814453125,3.92431640625,5.14544677734375,4.1976318359375,29.891265869140625,13.226318359375,18.97283935546875,5.575286865234375,9.612762451171877,6.8681640625,3.233489990234375,2.365142822265625,5.819305419921875,4.145111083984375,5.29522705078125,4.00225830078125,122.63104248046876,167.35784912109375,412.4454345703125,29,1,1,0,3,11,5,0,0,0,2,9,0,0,187.96,198.12,205.0,32.0,31.0,0,0,0,0,0,1,0,0,0,0,0,0,0,0,0,1,0,0,0,0,1,0,0,0
Blue,False,0.40625,0.0,0.431484375,0.579453125,0.007734375,0.03875,0.515625,0.09375,0.0,0.0234375,31.3515625,15.4140625,28.609375,16.9453125,34.75,18.5078125,31.2734375,19.4765625,0.2734375,0.0703125,1.484375,0.2578125,27.3046875,12.1328125,18.9765625,8.078125,2.171875,2.03125,5.6328125,4.8671875,1.875,1.25,4.0,4.0,25.4296875,10.78125,23.6171875,13.4296875,3.71875,2.921875,3.734375,2.6328125,2.203125,1.7109375,1.2578125,0.8828125,26.796875,18.203125,229.640625,16,0,0,1,3,5,3,0,0,0,1,3,1,0,193.04,198.12,265.0,0.125,0.0078125,0.6978125,0.5758593750000001,0.0546875,0.239375,0.1171875,0.03125,0.0,0.03125,115.5546875,81.375,66.3515625,35.7734375,155.484375,120.0234375,87.2265625,54.7421875,0.3359375,0.0859375,5.2890625,2.109375,82.6953125,50.8046875,50.8046875,23.8671875,31.015625,28.8046875,10.2734375,8.1796875,1.84375,1.765625,5.2734375,3.7265625,50.34375,26.890625,34.8359375,15.484375,60.671875,51.9375,27.3515625,16.515625,4.5390625,2.546875,4.1640625,3.7734375,283.78125,273.6484375,846.0390625,16,1,1,0,4,6,2,0,0,0,1,4,1,0,190.5,198.12,250.0,34.0,38.0,0,0,0,0,1,0,0,0,0,0,0,0,0,0,0,1,0,0,0,0,1,0,0,0
Blue,False,0.5,0.0,0.48,0.44,0.0,0.0,0.0,0.0,0.0,0.0,130.0,55.5,100.0,37.5,131.0,56.5,100.5,38.0,1.5,0.0,3.5,0.0,104.5,39.5,66.0,17.5,19.5,10.0,20.0,9.0,6.0,6.0,14.0,11.0,127.0,54.0,99.0,36.5,2.5,1.0,1.0,1.0,0.5,0.5,0.0,0.0,5.0,4.5,494.5,4,0,2,0,2,2,0,0,0,1,0,1,0,0,162.56,172.72,135.0,0.09375,0.0,0.5155566406250001,0.482626953125,0.2286328125,0.326845703125,0.0234375,0.0,0.03125,0.408203125,75.8017578125,39.71875,60.0615234375,27.6865234375,93.451171875,55.9765625,105.0703125,65.92578125,1.62109375,0.837890625,7.83984375,2.1669921875,61.1416015625,28.658203125,40.7900390625,17.693359375,12.9443359375,9.990234375,7.255859375,3.7216796875,1.7158203125,1.0703125,12.015625,6.271484375,52.3603515625,24.4365234375,29.5390625,9.1630859375,10.0595703125,5.7470703125,4.3876953125,3.48046875,13.3818359375,9.53515625,26.134765625,15.04296875,107.8583984375,356.5,836.45703125,27,0,2,0,3,7,4,0,0,1,4,2,0,0,175.26,180.34,135.0,26.0,35.0,1,0,0,0,0,0,0,0,0,0,0,0,0,0,0,1,0,0,0,0,0,0,1,0
Blue,False,0.015625,0.0,0.45,0.4275,0.25,0.2,0.148468017578125,0.098388671875,0.0,0.0,66.5,29.6875,64.31230545043945,27.34375,89.75,48.0,85.53125,44.41152191162109,2.0,0.75,2.0546875,0.75,51.1875,18.3359375,49.6123046875,16.280410766601562,7.5,5.07647705078125,7.5,5.0,4.5,3.625,4.984375,3.9375,48.6875,17.0,47.11572265625,16.5,5.75,3.75,5.3125,3.4375,5.0625,3.5,3.875,2.5,99.2119140625,94.125,638.5,0,0,0,0,0,0,0,0,0,0,0,0,0,0,190.5,198.12,170.0,0.75,1.0,0.2075,0.4275,0.0,0.5,0.0,0.0,0.0,0.0,69.25,17.75,60.0,28.5,71.75,20.25,66.0,34.5,0.75,0.0,0.5,0.5,56.75,14.0,41.75,16.75,9.25,2.5,9.5,5.5,3.25,1.25,8.75,6.25,60.0,13.25,43.75,20.5,5.5,3.0,7.5,3.5,3.75,1.5,8.75,4.5,9.0,87.0,514.25,5,0,0,1,1,1,2,0,0,0,0,1,0,0,193.04,193.04,170.0,25.0,26.0,0,0,0,0,0,0,0,0,0,1,0,0,0,0,0,1,0,0,0,0,1,0,0,0
Blue,False,0.5,0.25,0.4449999999999999,0.3975,0.325,0.22,0.0,0.0,0.25,0.0,73.5,32.0,84.75,35.25,84.0,40.0,108.25,58.5,5.25,1.25,10.25,1.5,55.25,18.5,69.5,25.0,10.0,7.5,10.5,5.75,8.25,6.0,4.75,4.5,60.75,23.25,66.25,23.25,6.75,4.5,8.75,5.75,6.0,4.25,9.75,6.25,110.0,310.75,900.0,9,0,0,2,1,1,2,0,0,0,1,0,0,0,190.5,187.96,155.0,0.0,0.25,0.465,0.32,0.58,0.8475,1.5,0.375,0.5,0.0,119.0,49.75,74.625,25.875,156.875,86.25,90.25,41.375,4.25,1.375,4.375,3.5,88.5,28.875,57.875,16.5,20.75,13.5,11.375,4.875,9.75,7.375,5.375,4.5,87.375,26.25,63.75,19.125,9.375,7.5,5.875,3.5,22.25,16.0,5.0,3.25,241.375,238.0,824.125,11,0,2,0,2,3,1,0,0,0,2,1,0,0,182.88,185.42,170.0,31.0,34.0,0,0,0,0,0,0,0,0,0,1,0,0,0,0,0,0,0,1,0,0,1,0,0,0
Red,False,0.0,0.0,0.65,0.185,0.25,0.61,0.0,1.0,0.0,0.0,67.5,21.0,49.5,18.5,79.5,31.0,51.0,20.0,1.0,0.5,5.0,1.5,60.5,16.0,36.5,11.0,6.5,5.0,6.0,4.0,0.5,0.0,7.0,3.5,48.5,12.5,37.0,13.0,17.0,7.5,12.5,5.5,2.0,1.0,0.0,0.0,49.0,137.0,500.5,4,0,1,0,1,1,1,0,0,1,0,0,0,0,177.8,177.8,145.0,0.0625,0.533203125,0.18765625,0.4955859375,0.064453125,0.2257373046875,0.0888671875,0.65771484375,0.3642578125,0.06689453125,45.1875,16.34326171875,42.72314453125,18.08935546875,51.30859375,21.9814453125,66.4384765625,39.57958984375,0.064453125,0.064453125,3.1591796875,1.326171875,35.0361328125,9.990234375,37.208984375,15.11767578125,6.30712890625,3.4794921875,3.662109375,1.48583984375,3.84423828125,2.87353515625,1.85205078125,1.48583984375,40.55126953125,13.40185546875,33.87841796875,11.2939453125,3.2041015625,2.23388671875,4.88330078125,3.75634765625,1.43212890625,0.70751953125,3.96142578125,3.0390625,34.50830078125,177.30224609375,427.7666015625,30,0,0,2,2,5,7,0,0,2,1,0,2,0,177.8,185.42,145.0,29.0,27.0,0,0,1,0,0,0,0,0,0,0,0,0,0,0,0,1,0,0,0,0,0,0,1,0
Red,False,0.015625,0.0,0.45,0.4275,0.25,0.2,0.148468017578125,0.098388671875,0.0,0.0,66.5,29.6875,64.31230545043945,27.34375,89.75,48.0,85.53125,44.41152191162109,2.0,0.75,2.0546875,0.75,51.1875,18.3359375,49.6123046875,16.280410766601562,7.5,5.07647705078125,7.5,5.0,4.5,3.625,4.984375,3.9375,48.6875,17.0,47.11572265625,16.5,5.75,3.75,5.3125,3.4375,5.0625,3.5,3.875,2.5,99.2119140625,94.125,638.5,0,0,0,0,0,0,0,0,0,0,0,0,0,0,175.26,175.26,155.0,0.0,0.0,0.32375,0.31125,0.29625,0.3325,0.875,0.75,0.0,0.0,35.0,13.75,38.25,15.25,41.75,20.25,44.125,21.0,3.25,0.5,1.375,0.75,28.375,7.5,21.0,4.75,1.75,1.5,8.25,5.125,4.875,4.75,9.0,5.375,32.5,12.125,34.75,12.25,2.5,1.625,3.375,2.875,0.0,0.0,0.125,0.125,161.0,69.125,465.75,8,0,0,2,1,1,3,0,0,0,0,0,1,0,182.88,185.42,170.0,30.0,26.0,0,0,0,0,0,0,1,0,0,0,0,0,0,0,0,1,0,0,0,0,1,0,0,0
Blue,False,0.015625,0.0,0.45,0.4275,0.25,0.2,0.148468017578125,0.098388671875,0.0,0.0,66.5,29.6875,64.31230545043945,27.34375,89.75,48.0,85.53125,44.41152191162109,2.0,0.75,2.0546875,0.75,51.1875,18.3359375,49.6123046875,16.280410766601562,7.5,5.07647705078125,7.5,5.0,4.5,3.625,4.984375,3.9375,48.6875,17.0,47.11572265625,16.5,5.75,3.75,5.3125,3.4375,5.0625,3.5,3.875,2.5,99.2119140625,94.125,638.5,0,0,0,0,0,0,0,0,0,0,0,0,0,0,167.64,170.18,135.0,0.625,0.0625,0.5425,0.29609375,0.1903125,0.0478125,0.015625,0.078125,0.25,0.0,88.578125,46.5,85.796875,34.0,101.0625,57.28125,94.921875,43.09375,4.015625,1.125,0.921875,0.203125,80.84375,41.21875,70.03125,23.6875,5.78125,3.609375,11.96875,7.8125,1.953125,1.671875,3.796875,2.5,75.0,38.9375,67.328125,23.90625,12.828125,7.09375,17.46875,9.453125,0.75,0.46875,1.0,0.640625,74.78125,82.5,430.65625,17,0,0,1,3,4,3,0,0,0,3,1,0,0,172.72,180.34,145.0,30.0,32.0,0,0,1,0,0,0,0,0,0,0,0,0,0,0,0,0,0,1,0,0,1,0,0,0
Blue,False,0.0040283203125,0.501953125,0.2534849548339843,0.5833885192871093,0.135504150390625,0.1148974609375,0.11834716796875,0.063873291015625,0.000396728515625,0.0161590576171875,39.24037170410156,20.329910278320312,40.7674560546875,23.69207763671875,57.54039001464844,37.21385192871094,60.94798278808594,41.61737060546875,1.42987060546875,0.45343017578125,3.0943756103515625,0.7952880859375,27.53021240234375,10.023529052734377,28.0595703125,14.301361083984377,5.113937377929688,4.7431182861328125,6.741607666015625,4.268707275390625,6.596221923828125,5.563262939453125,5.966278076171875,5.12200927734375,24.792556762695312,9.534072875976562,22.205596923828125,11.904556274414062,12.026260375976562,8.86224365234375,5.800445556640625,4.561569213867188,2.4215545654296875,1.93359375,12.76141357421875,7.2259521484375,75.91517639160156,194.14788818359372,450.52500915527344,37,1,0,2,3,9,8,0,0,1,2,2,4,0,185.42,195.58,205.0,0.509796142578125,0.5,0.4768727111816406,0.6261439514160156,0.0330667114257812,0.1477557373046875,0.1448974609375,0.65679931640625,0.01611328125,0.0,26.9869384765625,12.006683349609377,36.44427490234375,17.538818359375,37.94804382324219,21.901199340820312,41.61036682128906,22.426727294921875,0.8787078857421875,0.1639556884765625,1.0552215576171875,0.4328765869140625,23.13926696777344,9.4495849609375,32.03144836425781,14.068984985351562,2.954803466796875,1.7177276611328125,2.59912109375,2.449432373046875,0.8928680419921875,0.8393707275390625,1.8137054443359373,1.0204010009765625,20.69126892089844,8.737472534179688,22.422027587890625,8.233810424804688,4.51971435546875,1.8961639404296875,7.8793792724609375,4.04010009765625,1.7759552001953125,1.373046875,6.142868041992188,5.264907836914063,22.661285400390625,89.76582336425781,269.8046112060547,39,0,1,0,4,9,8,0,0,2,3,4,0,0,182.88,187.96,185.0,35.0,34.0,0,0,0,0,0,1,0,0,0,0,0,0,0,0,0,1,0,0,0,0,1,0,0,0
Red,False,0.005859375,0.5078125,0.5426953125,0.567890625,0.001953125,0.75296875,0.32421875,0.01171875,0.0,0.001953125,109.462890625,53.662109375,101.6953125,50.75,152.787109375,93.384765625,116.984375,64.029296875,0.041015625,0.001953125,2.544921875,1.634765625,78.2578125,32.91015625,84.751953125,36.041015625,27.162109375,16.716796875,6.1875,4.51953125,4.04296875,4.03515625,10.755859375,10.189453125,86.791015625,39.19921875,81.240234375,38.501953125,16.376953125,9.79296875,13.232421875,8.595703125,6.294921875,4.669921875,7.22265625,3.65234375,9.337890625,275.224609375,576.23828125,20,0,3,0,3,7,3,0,0,1,1,2,3,0,187.96,195.58,170.0,0.5003814697265625,0.140625,0.5440318298339843,0.5240523529052734,0.1476058959960937,0.7891006469726562,0.2520751953125,0.01470947265625,0.2539138793945312,0.0019607543945312,83.7164535522461,46.908111572265625,83.67139434814453,42.56489562988281,140.7227020263672,99.40593719482422,97.12720489501952,55.16594696044922,5.272926330566406,0.9414825439453124,1.2041244506835938,1.164154052734375,55.43921661376953,31.237022399902344,61.94566345214844,26.14427947998047,13.097557067871094,4.781837463378906,12.187103271484377,9.3768310546875,15.179679870605469,10.889251708984377,9.53862762451172,7.043785095214844,58.951148986816406,25.24137115478516,69.70325469970703,31.99706268310547,10.517242431640623,8.462867736816406,10.085037231445312,8.004402160644531,14.248062133789062,13.203872680664062,3.883102416992188,2.5634307861328125,223.8209457397461,116.6046905517578,778.9611129760742,45,2,0,4,4,9,9,0,0,1,4,3,0,0,180.34,190.5,170.0,32.0,35.0,0,0,0,0,0,0,0,0,0,1,0,0,0,0,0,1,0,0,0,0,1,0,0,0
Blue,False,0.5087890625,0.0,0.4290234375,0.42931640625,0.135546875,0.132412109375,0.0390625,0.072265625,0.0625,0.001953125,87.3994140625,33.669921875,45.9619140625,17.9384765625,98.4140625,43.6064453125,61.0400390625,31.216796875,0.607421875,0.40625,3.7890625,1.3369140625,71.646484375,20.845703125,37.083984375,11.3623046875,9.8427734375,7.46484375,4.794921875,2.7802734375,5.91015625,5.359375,4.0830078125,3.7958984375,65.1376953125,20.6435546875,40.158203125,14.09765625,6.193359375,3.9755859375,3.408203125,2.6201171875,16.068359375,9.05078125,2.3955078125,1.220703125,118.6396484375,138.623046875,524.2470703125,25,0,1,0,4,8,3,0,0,1,3,2,2,0,175.26,177.8,155.0,0.1796875,0.12628173828125,0.4969975280761718,0.3943717956542969,0.520599365234375,0.1117120361328125,0.0,0.25006103515625,3.0517578125e-05,3.0517578125e-05,82.42195129394531,41.30445861816406,111.71217346191406,42.63346862792969,104.64201354980467,61.512969970703125,135.9099884033203,64.5445556640625,0.5926666259765625,0.523345947265625,3.635589599609375,1.320068359375,55.25210571289063,20.563888549804688,90.81936645507812,26.083297729492188,18.839630126953125,13.62396240234375,12.27239990234375,9.40692138671875,8.330215454101562,7.116607666015625,8.620407104492188,7.14324951171875,70.57913208007812,35.11170959472656,89.39178466796875,26.2003173828125,8.398483276367188,5.2813720703125,16.124069213867188,11.303543090820312,3.4443359375,0.911376953125,6.196319580078125,5.129608154296875,94.908935546875,227.25323486328125,781.0705871582031,42,1,3,0,3,10,7,0,0,1,4,4,0,1,172.72,175.26,155.0,37.0,31.0,0,0,0,0,0,0,1,0,0,0,0,0,0,0,0,0,0,1,0,0,1,0,0,0
Red,False,0.320556640625,0.0078125,0.49630615234375,0.44511962890625,0.0,0.03688720703125,0.0009765625,0.531494140625,0.0,0.001953125,21.44677734375,10.02587890625,16.14501953125,5.916748046875,22.17431640625,10.619140625,17.156982421875,6.80126953125,0.5,0.0,0.215576171875,0.044677734375,19.406982421875,8.5859375,13.673095703125,4.3359375,1.224853515625,0.632568359375,0.983642578125,0.6298828125,0.81494140625,0.807373046875,1.48828125,0.950927734375,17.605224609375,7.506103515625,15.43212890625,5.48828125,1.4794921875,0.5361328125,0.613525390625,0.345703125,2.362060546875,1.983642578125,0.099365234375,0.082763671875,4.3291015625,6.490966796875,125.39013671875,20,0,5,0,5,9,4,0,0,0,1,8,0,0,190.5,208.28,265.0,0.54833984375,0.5703125,0.486357421875,0.5581689453125,0.255205078125,0.12375,0.00439453125,0.00390625,0.0,0.0009765625,50.39208984375,22.78076171875,73.1259765625,43.685546875,56.09375,27.728515625,80.6953125,50.62158203125,0.39111328125,0.26171875,1.6416015625,0.5,42.23046875,16.20068359375,59.119140625,32.88134765625,5.78076171875,4.61181640625,9.474609375,7.03515625,2.380859375,1.96826171875,4.5322265625,3.76904296875,38.6318359375,13.7158203125,48.72900390625,25.64501953125,1.638671875,1.46826171875,22.04541015625,15.91552734375,10.12158203125,7.5966796875,2.3515625,2.125,35.650390625,59.13037109375,417.8837890625,20,0,1,0,3,8,4,0,0,0,1,6,1,0,198.12,200.66,255.0,37.0,33.0,0,0,0,0,1,0,0,0,0,0,0,0,0,0,0,0,0,0,1,0,1,0,0,0
Blue,False,0.0,0.5,0.41,0.405,0.135,0.0,0.0,0.0,0.0,0.0,101.0,39.5,147.5,62.5,118.0,53.5,184.5,97.0,8.0,1.5,1.5,0.0,79.0,26.0,111.5,33.5,17.0,9.0,22.5,16.0,5.0,4.5,13.5,13.0,87.5,31.5,127.5,50.5,13.5,8.0,14.5,9.0,0.0,0.0,5.5,3.0,132.0,58.5,900.0,6,0,0,1,1,1,1,0,0,1,0,0,0,0,175.26,175.26,155.0,0.09375,0.0,0.42765625,0.46078125,0.0103125,0.49546875,0.390625,0.0,0.25,0.03125,101.40625,37.578125,109.75,53.9375,127.828125,63.453125,155.125,92.25,0.640625,0.09375,7.625,4.875,87.984375,27.265625,75.0625,26.703125,10.34375,7.265625,22.625,16.546875,3.078125,3.046875,12.0625,10.6875,97.734375,35.984375,80.40625,33.84375,2.875,1.34375,13.375,8.859375,0.796875,0.25,15.96875,11.234375,34.0,542.78125,928.71875,16,3,0,1,5,5,2,0,0,1,0,2,2,0,177.8,182.88,155.0,32.0,28.0,0,0,0,0,0,0,1,0,0,0,0,0,0,0,0,1,0,0,0,0,1,0,0,0
Red,False,0.015625,0.0,0.45,0.4275,0.25,0.2,0.148468017578125,0.098388671875,0.0,0.0,66.5,29.6875,64.31230545043945,27.34375,89.75,48.0,85.53125,44.41152191162109,2.0,0.75,2.0546875,0.75,51.1875,18.3359375,49.6123046875,16.280410766601562,7.5,5.07647705078125,7.5,5.0,4.5,3.625,4.984375,3.9375,48.6875,17.0,47.11572265625,16.5,5.75,3.75,5.3125,3.4375,5.0625,3.5,3.875,2.5,99.2119140625,94.125,638.5,0,0,0,0,0,0,0,0,0,0,0,0,0,0,185.42,185.42,155.0,0.0,0.0,0.46,0.315,0.645,0.0,0.25,0.0,1.0,0.5,45.0,27.75,54.25,21.0,82.25,62.0,66.5,32.25,6.0,3.25,3.75,0.0,25.5,12.0,40.5,10.25,8.75,6.25,9.25,6.75,10.75,9.5,4.5,4.0,28.5,14.75,39.75,11.5,12.75,9.75,14.25,9.25,3.75,3.25,0.25,0.25,340.0,142.75,693.0,7,0,3,0,3,3,0,0,0,0,2,0,1,0,177.8,177.8,155.0,30.0,28.0,0,0,0,0,0,0,1,0,0,0,0,0,0,0,0,1,0,0,0,0,1,0,0,0
Blue,True,0.0,0.0,0.5875,0.26,0.7050000000000001,0.09,0.25,0.0,0.25,0.0,107.0,50.5,91.75,29.25,135.5,73.75,119.0,52.25,9.0,4.5,2.75,0.5,81.0,32.0,69.5,15.75,19.5,13.5,15.0,9.0,6.5,5.0,7.25,4.5,82.75,30.0,79.25,21.25,9.5,8.25,12.5,8.0,14.75,12.25,0.0,0.0,235.5,55.5,780.5,11,2,3,0,3,3,0,0,0,0,2,1,0,0,172.72,172.72,135.0,0.5234375,0.001953125,0.46748046875,0.3237109375,0.2193359375,0.0,0.357421875,0.033203125,0.0,0.0,277.240234375,122.712890625,184.841796875,58.69921875,315.798828125,155.72265625,188.220703125,61.560546875,4.158203125,0.732421875,4.0703125,0.0,233.36328125,87.9453125,146.1640625,35.73046875,24.021484375,18.8359375,26.603515625,13.658203125,19.85546875,15.931640625,12.07421875,9.310546875,248.140625,103.267578125,169.44921875,51.4609375,22.546875,15.4375,15.34375,7.1953125,6.552734375,4.0078125,0.048828125,0.04296875,251.5859375,5.099609375,1064.34375,28,4,0,1,4,8,2,0,0,0,2,5,1,0,167.64,170.18,125.0,30.0,29.0,1,0,0,0,0,0,0,0,0,0,0,0,0,0,0,1,0,0,0,0,1,0,0,0
Red,False,0.375,0.125,0.50875,0.565,0.0,0.125,0.25,0.0,0.0,0.0,85.875,42.0,80.0,40.625,107.25,61.5,89.0,48.875,1.125,0.0,0.25,0.125,69.25,29.5,59.25,23.375,11.625,8.5,17.125,14.125,5.0,4.0,3.625,3.125,65.875,26.625,66.0,29.625,19.5,15.125,13.625,10.625,0.5,0.25,0.375,0.375,104.0,11.875,356.625,8,0,0,2,2,2,2,0,0,0,0,2,0,0,185.42,187.96,205.0,0.5,0.0,0.54125,0.420625,0.208125,0.0,0.125,0.0,0.0,0.0,16.875,7.125,17.5,9.375,17.4375,7.4375,17.8125,9.6875,0.375,0.25,0.0,0.0,13.3125,4.3125,13.875,6.75,1.4375,0.8125,1.625,0.6875,2.125,2.0,2.0,1.9375,15.3125,5.875,15.25,7.4375,0.0625,0.0,0.125,0.125,1.5,1.25,2.125,1.8125,10.125,1.875,141.0,7,0,0,1,2,3,2,0,0,0,0,2,1,0,177.8,185.42,205.0,32.0,32.0,0,0,0,0,0,1,0,0,0,0,0,0,0,0,0,1,0,0,0,0,1,0,0,0
Red,False,0.06298828125,0.0,0.3461474609375,0.56224609375,0.142578125,0.7696533203125,0.0390625,1.0751953125,0.0009765625,0.00048828125,38.80322265625,14.27880859375,35.904296875,18.52392578125,40.10888671875,15.5,38.87451171875,21.16455078125,2.48876953125,0.697265625,0.9599609375,0.81689453125,29.3798828125,7.97412109375,23.49462890625,8.79638671875,6.2119140625,3.5283203125,6.66015625,5.2978515625,3.21142578125,2.7763671875,5.74951171875,4.4296875,34.25,10.8095703125,30.26904296875,14.5888671875,3.1728515625,2.4248046875,2.4443359375,1.53466796875,1.38037109375,1.04443359375,3.19091796875,2.400390625,23.24462890625,52.7529296875,295.93798828125,27,0,2,0,2,6,6,0,0,1,2,3,0,0,172.72,182.88,155.0,0.125,0.125,0.39125,0.505,0.125,0.54625,0.0,0.0,0.0,0.125,135.25,52.25,104.5,53.25,145.125,61.625,119.875,67.25,0.375,0.125,3.0,1.25,107.25,29.75,65.5,22.5,14.125,10.875,23.5,17.875,13.875,11.625,15.5,12.875,111.75,35.625,93.875,48.375,15.625,11.0,6.125,3.5,7.875,5.625,4.5,1.375,90.875,146.375,841.125,11,0,2,0,2,2,2,0,0,1,0,1,0,0,180.34,177.8,155.0,30.0,31.0,0,0,0,0,0,0,1,0,0,0,0,0,0,0,0,0,0,0,1,0,1,0,0,0
Red,False,0.015625,0.0,0.45,0.4275,0.25,0.2,0.148468017578125,0.098388671875,0.0,0.0,66.5,29.6875,64.31230545043945,27.34375,89.75,48.0,85.53125,44.41152191162109,2.0,0.75,2.0546875,0.75,51.1875,18.3359375,49.6123046875,16.280410766601562,7.5,5.07647705078125,7.5,5.0,4.5,3.625,4.984375,3.9375,48.6875,17.0,47.11572265625,16.5,5.75,3.75,5.3125,3.4375,5.0625,3.5,3.875,2.5,99.2119140625,94.125,638.5,0,0,0,0,0,0,0,0,0,0,0,0,0,0,177.8,180.34,155.0,1.0,0.0,0.52,0.27,0.0,0.0,0.0,0.0,0.0,0.0,23.0,12.0,37.0,10.0,23.0,12.0,37.0,10.0,0.0,0.0,0.0,0.0,18.0,7.0,28.0,5.0,2.0,2.0,5.0,2.0,3.0,3.0,4.0,3.0,19.0,9.0,34.0,9.0,2.0,2.0,3.0,1.0,2.0,1.0,0.0,0.0,4.0,17.0,139.0,1,0,1,0,1,1,0,0,0,0,0,1,0,0,172.72,180.34,135.0,26.0,28.0,1,0,0,0,0,0,0,0,0,0,0,0,0,0,0,1,0,0,0,0,1,0,0,0
Red,False,0.015625,0.0,0.45,0.4275,0.25,0.2,0.148468017578125,0.098388671875,0.0,0.0,66.5,29.6875,64.31230545043945,27.34375,89.75,48.0,85.53125,44.41152191162109,2.0,0.75,2.0546875,0.75,51.1875,18.3359375,49.6123046875,16.280410766601562,7.5,5.07647705078125,7.5,5.0,4.5,3.625,4.984375,3.9375,48.6875,17.0,47.11572265625,16.5,5.75,3.75,5.3125,3.4375,5.0625,3.5,3.875,2.5,99.2119140625,94.125,638.5,0,0,0,0,0,0,0,0,0,0,0,0,0,0,182.88,182.88,185.0,0.0,0.0,0.49,0.4924999999999999,0.1925,0.03,0.0,0.0,0.0,0.0,80.5,39.75,67.5,33.25,112.75,69.75,91.75,55.0,10.25,1.25,2.25,0.25,45.25,10.25,46.5,15.5,10.5,8.0,10.0,7.5,24.75,21.5,11.0,10.25,50.75,16.0,49.75,19.25,26.75,21.75,12.75,10.75,3.0,2.0,5.0,3.25,298.75,148.5,900.0,9,0,1,0,1,2,1,0,0,0,2,0,0,0,185.42,190.5,205.0,29.0,35.0,0,0,0,0,0,1,0,0,0,0,0,0,0,0,0,1,0,0,0,0,1,0,0,0
Red,False,0.015625,0.0,0.45,0.4275,0.25,0.2,0.148468017578125,0.098388671875,0.0,0.0,66.5,29.6875,64.31230545043945,27.34375,89.75,48.0,85.53125,44.41152191162109,2.0,0.75,2.0546875,0.75,51.1875,18.3359375,49.6123046875,16.280410766601562,7.5,5.07647705078125,7.5,5.0,4.5,3.625,4.984375,3.9375,48.6875,17.0,47.11572265625,16.5,5.75,3.75,5.3125,3.4375,5.0625,3.5,3.875,2.5,99.2119140625,94.125,638.5,0,0,0,0,0,0,0,0,0,0,0,0,0,0,170.18,177.8,145.0,0.0,0.0,0.395,0.5325,0.455,0.855,1.25,1.25,0.75,1.5,87.75,34.25,98.75,53.5,109.0,50.0,145.25,93.75,10.0,4.25,3.0,2.0,73.0,25.0,74.5,32.25,7.5,4.0,10.5,8.5,7.25,5.25,13.75,12.75,69.75,24.5,80.0,39.25,3.0,1.25,8.25,6.0,15.0,8.5,10.5,8.25,361.75,197.5,895.75,9,0,0,1,1,1,2,0,0,0,0,0,1,0,175.26,175.26,145.0,28.0,29.0,0,0,1,0,0,0,0,0,0,0,0,0,0,0,0,1,0,0,0,0,0,0,0,1
Red,False,0.0,0.0,0.53,0.55,0.0,0.25,2.0,0.0,0.0,1.0,43.0,23.0,38.0,21.0,75.0,53.0,87.0,65.0,1.0,0.0,4.0,1.0,19.0,6.0,17.0,6.0,20.0,15.0,11.0,7.0,4.0,2.0,10.0,8.0,25.0,13.0,19.0,8.0,17.0,9.0,12.0,10.0,1.0,1.0,7.0,3.0,164.0,402.0,900.0,3,0,0,1,0,0,1,0,0,0,0,0,0,0,165.1,162.56,115.0,0.0471682548522949,0.0,0.45,0.4217682266235352,0.25,0.19173828125,0.1875,0.125,0.0,0.0,69.5,30.5,66.984375,27.8466796875,94.0,48.544921875,88.50390625,44.75,2.0,0.8125,2.015625,0.6640625,54.0,19.01513671875,51.483436584472656,16.9437255859375,7.91796875,5.430633544921875,7.75,5.0625,4.780975341796875,3.9373779296875,4.8994140625,3.84375,51.025390625,18.400863647460938,50.515625,17.5,5.75,3.75,5.5,3.5,5.375,3.6875,4.0,2.65625,104.865234375,89.5,655.8441009521484,0,0,0,0,0,0,0,0,0,0,0,0,0,0,165.1,162.56,125.0,30.0,27.0,0,0,0,0,0,0,0,0,0,0,0,0,0,1,0,1,0,0,0,0,1,0,0,0
Blue,False,0.5,0.0,0.45,0.475,0.165,0.27,1.5,0.0,0.5,0.0,53.5,22.0,52.5,22.5,62.5,30.5,95.5,61.0,1.5,0.5,6.0,3.0,50.5,20.0,48.0,18.5,2.5,1.5,2.0,2.0,0.5,0.5,2.5,2.0,38.5,12.0,42.5,15.5,4.0,3.0,1.5,1.0,11.0,7.0,8.5,6.0,62.5,252.5,474.5,4,0,0,1,1,1,1,0,0,0,0,1,0,0,172.72,175.26,145.0,0.51171875,0.19140625,0.63546875,0.750546875,0.231015625,0.21984375,0.14453125,0.01171875,0.0,0.28125,24.15625,14.0,23.28125,10.76171875,30.5,18.76953125,29.30078125,16.25,1.47265625,0.83984375,1.21484375,0.3984375,18.48046875,10.0703125,18.1875,6.67578125,4.4140625,3.37890625,3.6953125,2.8203125,1.26171875,0.55078125,1.3984375,1.265625,12.5703125,5.453125,14.421875,5.62109375,6.96484375,6.12890625,4.37890625,2.859375,4.62109375,2.41796875,4.48046875,2.28125,57.3203125,42.87109375,181.04296875,15,1,1,0,3,6,3,0,0,0,2,1,2,1,170.18,162.56,145.0,24.0,28.0,0,0,1,0,0,0,0,0,0,0,0,0,0,0,0,0,0,0,1,0,1,0,0,0
Blue,False,0.015625,0.0,0.45,0.4275,0.25,0.2,0.148468017578125,0.098388671875,0.0,0.0,66.5,29.6875,64.31230545043945,27.34375,89.75,48.0,85.53125,44.41152191162109,2.0,0.75,2.0546875,0.75,51.1875,18.3359375,49.6123046875,16.280410766601562,7.5,5.07647705078125,7.5,5.0,4.5,3.625,4.984375,3.9375,48.6875,17.0,47.11572265625,16.5,5.75,3.75,5.3125,3.4375,5.0625,3.5,3.875,2.5,99.2119140625,94.125,638.5,0,0,0,0,0,0,0,0,0,0,0,0,0,0,180.34,182.88,170.0,0.56640625,0.25,0.4987890625,0.3440234375,0.0290234375,0.135,0.046875,0.546875,0.25,0.00390625,56.3046875,27.57421875,30.41015625,12.16015625,63.36328125,33.75390625,48.859375,28.640625,0.2890625,0.12890625,3.22265625,0.921875,36.20703125,13.5859375,24.74609375,9.546875,5.97265625,3.41015625,3.37890625,1.28125,14.125,10.578125,2.28515625,1.33203125,36.49609375,16.46484375,22.43359375,7.1171875,1.69921875,1.0625,3.3828125,1.484375,18.109375,10.046875,4.59375,3.55859375,45.32421875,114.4453125,437.12109375,17,0,3,0,3,6,3,0,0,1,0,3,2,0,185.42,193.04,170.0,25.0,35.0,0,0,0,0,0,0,0,0,0,1,0,0,0,0,0,1,0,0,0,0,0,0,1,0
Red,False,0.5,0.0,0.655,0.345,0.0,0.3,0.5,0.0,0.0,0.0,24.0,16.5,18.0,6.0,37.5,29.0,63.5,44.5,0.5,0.0,5.0,3.0,22.5,15.0,15.0,3.5,1.0,1.0,2.0,1.5,0.5,0.5,1.0,1.0,10.5,4.5,16.0,5.5,1.5,0.5,2.0,0.5,12.0,11.5,0.0,0.0,44.0,363.0,531.5,4,0,1,0,1,1,1,0,0,0,0,1,0,0,180.34,177.8,155.0,0.390625,0.0,0.146875,0.48359375,0.214375,0.62015625,0.03125,1.0,0.0,0.0,38.359375,11.3125,34.4375,13.40625,43.5625,16.40625,45.546875,22.234375,2.0625,0.875,2.546875,1.734375,35.703125,9.21875,29.609375,10.234375,2.203125,1.640625,2.171875,1.8125,0.453125,0.453125,2.65625,1.359375,28.546875,6.359375,26.265625,8.140625,6.015625,2.40625,5.40625,2.90625,3.796875,2.546875,2.765625,2.359375,48.25,113.296875,314.53125,14,0,1,0,2,4,3,0,0,0,0,3,0,0,172.72,177.8,155.0,30.0,32.0,0,0,0,0,0,0,1,0,0,0,0,0,0,0,0,0,0,1,0,0,1,0,0,0
Blue,False,0.875,0.0,0.424375,0.383125,0.0625,0.035625,0.0,0.0,0.0625,0.0,78.0,34.125,71.3125,28.0,79.75,35.25,73.0625,29.5625,0.8125,0.0625,3.25,0.25,70.0625,30.8125,56.625,16.75,6.5625,2.6875,12.125,9.1875,1.375,0.625,2.5625,2.0625,73.25,31.0625,68.375,25.5625,2.125,1.9375,1.6875,1.625,2.625,1.125,1.25,0.8125,11.5,39.8125,391.375,9,0,0,1,4,4,1,0,0,0,1,3,0,0,180.34,185.42,170.0,0.75,0.0625,0.53828125,0.41796875,0.0,0.0509375,0.0,0.125,0.046875,0.0,83.578125,45.1875,67.71875,24.03125,89.421875,50.8125,83.21875,38.09375,0.0,0.0,3.453125,0.59375,64.28125,29.234375,51.4375,12.34375,10.859375,7.921875,8.5,4.90625,8.4375,8.03125,7.78125,6.78125,67.421875,32.265625,63.3125,20.890625,6.625,4.890625,3.59375,2.328125,9.53125,8.03125,0.8125,0.8125,20.671875,132.59375,460.6875,16,0,0,1,2,3,4,0,0,0,1,2,0,0,180.34,182.88,170.0,24.0,29.0,0,0,0,0,0,0,0,0,0,1,0,0,0,0,0,1,0,0,0,0,1,0,0,0
Red,False,0.394073486328125,0.2519683837890625,0.4971282958984375,0.4239424133300781,0.0312576293945312,0.1168769073486328,0.0083160400390625,0.0156326293945312,0.0,7.62939453125e-06,69.63150024414062,35.86115264892578,45.34102630615234,19.26904296875,90.5702133178711,54.75482177734375,65.1781997680664,37.54371643066406,0.0976715087890625,0.0312576293945312,3.336860656738281,0.6250152587890625,55.015869140625,23.489585876464844,37.85093688964844,12.560630798339844,8.214187622070312,7.0066680908203125,6.441505432128906,5.793006896972656,6.4014434814453125,5.364898681640625,1.048583984375,0.9154052734375,49.22747039794922,21.507591247558597,32.503570556640625,10.45610809326172,18.627723693847656,12.781539916992188,5.762962341308594,4.738502502441406,1.77630615234375,1.572021484375,7.074493408203125,4.074432373046875,124.4704818725586,143.24188995361328,638.2649230957031,34,5,1,0,7,14,4,0,0,1,2,9,2,0,190.5,195.58,240.0,0.12890625,0.25,0.5503906249999999,0.343515625,0.4689453125,0.261953125,0.0,0.0,0.0,0.0,159.82421875,88.296875,136.890625,51.40234375,307.87890625,217.86328125,148.671875,62.58203125,8.90234375,3.390625,0.6640625,0.31640625,150.1015625,79.0703125,105.71875,36.79296875,6.58203125,6.28515625,27.21875,11.51171875,3.140625,2.94140625,3.953125,3.09765625,105.20703125,48.60546875,129.60546875,46.671875,17.828125,9.3125,5.73828125,3.453125,36.7890625,30.37890625,1.546875,1.27734375,554.59765625,20.9375,1163.07421875,25,0,3,0,3,7,2,0,0,0,3,4,0,0,193.04,203.2,240.0,36.0,33.0,0,0,0,0,1,0,0,0,0,0,0,0,0,0,0,1,0,0,0,0,1,0,0,0
Red,False,0.0,0.0,0.5,0.3249999999999999,0.25,0.18,1.0,1.0,0.5,0.5,56.5,28.0,73.0,24.0,151.0,119.0,78.5,29.5,2.0,1.0,5.5,2.0,45.5,20.5,56.5,14.0,8.0,5.0,9.0,3.5,3.0,2.5,7.5,6.5,47.0,21.5,68.0,20.5,8.5,6.0,5.0,3.5,1.0,0.5,0.0,0.0,367.0,177.5,900.0,6,0,1,0,1,1,1,0,0,0,1,0,0,0,170.18,170.18,135.0,0.625,0.5,0.3921875,0.4628124999999999,0.0234375,0.55390625,0.546875,0.625,0.0,0.03125,53.90625,23.171875,61.421875,25.328125,56.28125,25.484375,91.15625,52.703125,0.484375,0.09375,2.5625,1.265625,49.578125,19.25,51.546875,18.53125,2.3125,1.921875,5.890625,3.359375,2.015625,2.0,3.984375,3.4375,47.84375,19.703125,51.453125,19.34375,4.15625,2.203125,2.875,0.78125,1.90625,1.265625,7.09375,5.203125,14.859375,157.703125,566.125,16,1,4,0,4,5,2,0,0,1,1,2,1,0,175.26,177.8,135.0,33.0,24.0,1,0,0,0,0,0,0,0,0,0,0,0,0,0,0,1,0,0,0,0,1,0,0,0
Blue,False,0.0,0.0,0.46,0.205,0.54,0.5,0.5,1.0,2.5,1.0,49.0,21.5,43.0,11.5,92.0,58.5,66.5,33.5,6.5,3.0,0.5,0.5,46.0,19.5,38.0,8.5,2.0,1.5,2.0,1.5,1.0,0.5,3.0,1.5,27.0,6.5,40.0,8.5,1.5,1.5,1.0,1.0,20.5,13.5,2.0,2.0,479.5,173.5,900.0,6,0,1,0,1,1,1,0,0,0,1,0,0,0,165.1,170.18,135.0,0.0,1.5,0.21,0.37,0.0,0.33,0.0,0.0,0.0,0.0,103.0,31.5,246.5,83.5,103.5,32.0,251.0,87.0,2.5,0.0,1.5,1.0,95.5,27.0,216.0,62.0,4.0,3.0,18.0,12.0,3.5,1.5,12.5,9.5,101.0,31.5,230.0,74.5,2.0,0.0,12.5,7.5,0.0,0.0,4.0,1.5,0.0,60.0,718.5,6,1,0,2,0,0,2,0,0,0,0,0,0,0,167.64,165.1,135.0,25.0,28.0,1,0,0,0,0,0,0,0,0,0,0,0,0,0,0,1,0,0,0,0,1,0,0,0
Red,True,0.66796875,0.251953125,0.39611328125,0.463115234375,0.331220703125,0.392587890625,0.513671875,0.5087890625,0.16796875,0.0068359375,140.69140625,59.724609375,66.7421875,30.76171875,185.296875,99.8681640625,79.734375,43.1162109375,1.759765625,1.00390625,3.8916015625,2.505859375,109.7998046875,38.4990234375,48.890625,15.8154296875,15.5126953125,10.908203125,6.52734375,5.8603515625,15.37890625,10.3173828125,11.32421875,9.0859375,117.462890625,42.5166015625,57.3671875,25.3974609375,8.7021484375,5.046875,5.931640625,3.103515625,14.5263671875,12.1611328125,3.443359375,2.2607421875,91.294921875,149.751953125,656.748046875,32,2,0,1,5,7,4,0,0,1,1,4,0,1,187.96,190.5,170.0,0.586669921875,0.0009765625,0.4683013916015625,0.3939276123046875,0.1354827880859375,0.1636041259765625,0.0,0.26812744140625,0.07861328125,0.0,175.4378662109375,83.9249267578125,218.40667724609372,88.474853515625,193.897705078125,101.580078125,229.99169921875,99.39422607421876,0.32525634765625,0.26214599609375,7.8692626953125,1.75860595703125,154.7198486328125,68.3419189453125,178.63287353515625,62.376708984375,19.14617919921875,14.35504150390625,22.91455078125,12.013427734375,1.57183837890625,1.22796630859375,16.8592529296875,14.084716796875,146.0206298828125,62.68902587890625,198.13031005859372,74.43170166015625,18.37841796875,12.1756591796875,19.205810546875,13.47283935546875,11.038818359375,9.06024169921875,1.070556640625,0.5703125,58.09222412109375,179.114013671875,1307.3132934570312,43,3,3,0,4,11,4,0,0,2,3,6,0,0,180.34,187.96,170.0,31.0,33.0,0,0,0,0,0,0,0,0,0,1,0,0,0,0,0,1,0,0,0,0,0,0,1,0
Red,False,0.5,0.0,0.32,0.36,0.0,0.0,0.5,0.0,0.0,0.0,34.5,11.5,19.0,6.5,35.5,12.5,23.0,9.5,0.0,0.0,1.0,0.0,30.5,8.0,13.5,3.0,3.0,2.5,2.0,0.5,1.0,1.0,3.5,3.0,32.0,10.0,16.5,5.0,1.5,1.0,2.5,1.5,1.0,0.5,0.0,0.0,0.5,34.5,146.0,2,0,2,0,2,2,0,0,0,0,0,1,1,0,177.8,185.42,155.0,1.625,0.125,0.6226953125,0.4028955078125,0.25781982421875,0.0254443359375,0.60107421875,0.0849609375,0.004150390625,0.0,44.33984375,26.537109375,32.5,12.359619140625,51.644775390625,32.939453125,33.204833984375,13.010986328125,1.247802734375,0.549560546875,0.659423828125,0.05517578125,39.060791015625,22.149169921875,26.5126953125,8.787353515625,2.15625,1.655029296875,5.01904296875,2.642333984375,3.122802734375,2.73291015625,0.96826171875,0.929931640625,27.572021484375,14.302978515625,29.896484375,10.124267578125,12.598388671875,9.31396484375,1.842041015625,1.52880859375,4.16943359375,2.920166015625,0.761474609375,0.70654296875,25.294677734375,64.933837890625,203.8701171875,26,0,4,0,4,10,3,0,0,0,3,4,3,0,175.26,182.88,155.0,27.0,26.0,0,0,0,0,0,0,1,0,0,0,0,0,0,0,0,1,0,0,0,0,0,0,1,0
Blue,False,0.0,0.0,0.16625,0.733125,0.0,0.145625,0.125,0.75,0.0,0.0,43.0625,13.0,37.1875,16.9375,48.375,17.625,41.125,20.25,0.9375,0.0,1.6875,0.625,34.3125,7.9375,28.75,10.0,3.8125,2.125,5.1875,4.5,4.9375,2.9375,3.25,2.4375,36.0625,9.125,33.1875,14.375,6.5625,3.4375,4.0,2.5625,0.4375,0.4375,0.0,0.0,44.9375,54.1875,269.75,10,0,0,2,1,1,4,0,0,0,0,0,1,0,172.72,177.8,155.0,0.0,0.0,0.51,0.27,0.33,0.0,1.0,0.0,0.0,0.0,138.0,71.0,112.0,31.0,163.0,96.0,125.0,44.0,3.0,1.0,0.0,0.0,100.0,43.0,104.0,23.0,24.0,17.0,6.0,6.0,14.0,11.0,2.0,2.0,113.0,52.0,101.0,24.0,25.0,19.0,11.0,7.0,0.0,0.0,0.0,0.0,254.0,46.0,760.0,3,0,1,0,1,1,0,0,0,0,0,0,1,0,175.26,175.26,155.0,27.0,32.0,0,0,0,0,0,0,1,0,0,0,0,0,0,0,0,0,0,1,0,0,1,0,0,0
Red,False,0.0,0.0,0.47,0.4525,0.7075,0.0,0.25,1.5,0.0,0.5,67.25,20.0,53.0,21.0,71.5,23.75,54.5,22.5,2.25,1.5,0.25,0.0,62.0,16.0,37.75,11.0,3.0,2.0,6.75,4.0,2.25,2.0,8.5,6.0,55.75,11.5,49.5,19.25,3.25,2.0,3.0,1.25,8.25,6.5,0.5,0.5,78.5,37.0,394.75,5,0,0,3,0,0,3,0,0,0,0,0,0,0,177.8,180.34,170.0,0.0,0.0,0.39,0.6,0.385,0.875,0.0,0.0,0.0,0.0,38.0,15.0,81.5,51.5,53.5,28.0,122.5,87.5,7.5,2.5,3.5,3.0,23.5,7.5,61.0,36.0,13.0,6.5,17.0,12.0,1.5,1.0,3.5,3.5,18.5,5.0,35.0,14.5,19.5,10.0,16.5,13.5,0.0,0.0,30.0,23.5,399.5,215.5,740.5,5,1,0,2,0,0,2,0,0,0,0,0,0,0,185.42,180.34,170.0,31.0,31.0,0,0,0,0,0,0,0,0,0,1,0,0,0,0,0,1,0,0,0,0,0,0,1,0
Red,True,0.12139892578125,0.002685546875,0.4359592437744141,0.4973504638671875,0.1723213958740234,0.0231455993652343,0.2851943969726562,1.52587890625e-05,0.12890625,0.00390625,141.15135955810547,61.62850189208984,122.2739486694336,64.09490966796875,145.35053253173828,65.00617218017578,125.90914916992188,67.29217529296875,2.102943420410156,0.3927230834960937,1.6529464721679688,0.1601638793945312,102.86359405517578,29.88616180419922,63.82732391357422,19.48004913330078,15.383804321289062,10.361053466796877,35.41749572753906,23.272850036621094,22.903961181640625,21.38128662109375,23.029129028320312,21.342010498046875,134.20977783203125,57.00113677978516,117.95504760742188,61.506568908691406,5.009429931640625,3.2891387939453125,4.253189086914063,2.5404815673828125,1.9321517944335935,1.338226318359375,0.0657119750976562,0.0478591918945312,44.98348236083984,19.304443359375,711.9332733154297,38,0,4,0,8,15,3,0,0,0,6,5,4,0,185.42,185.42,155.0,0.204345703125,7.62939453125e-06,0.5502037811279297,0.2881092071533203,0.7715620422363281,0.0973175811767578,0.1886367797851562,0.00396728515625,7.62939453125e-06,1.52587890625e-05,128.8990020751953,70.83406829833984,121.26451873779295,35.452247619628906,176.26036834716797,113.1663818359375,154.7052230834961,67.49375915527344,5.823417663574219,5.184051513671875,1.3044891357421875,0.4152908325195312,86.81651306152344,37.500762939453125,106.19517517089844,25.113014221191406,23.43218994140625,16.551437377929688,11.398452758789062,6.975654602050781,18.650299072265625,16.78186798095703,3.6708908081054688,3.3635787963867188,89.9322509765625,43.32093048095703,117.512939453125,33.458213806152344,9.846176147460938,6.373382568359375,2.374961853027344,1.2902450561523438,29.120574951171875,21.13975524902344,1.376617431640625,0.7037887573242188,571.4840850830078,58.61566925048828,1081.3432235717771,48,1,0,2,5,13,5,0,0,0,8,3,2,0,172.72,177.8,155.0,32.0,31.0,0,0,0,0,0,0,1,0,0,0,0,0,0,0,0,1,0,0,0,0,0,0,1,0
Blue,False,0.015625,0.0,0.45,0.4275,0.25,0.2,0.148468017578125,0.098388671875,0.0,0.0,66.5,29.6875,64.31230545043945,27.34375,89.75,48.0,85.53125,44.41152191162109,2.0,0.75,2.0546875,0.75,51.1875,18.3359375,49.6123046875,16.280410766601562,7.5,5.07647705078125,7.5,5.0,4.5,3.625,4.984375,3.9375,48.6875,17.0,47.11572265625,16.5,5.75,3.75,5.3125,3.4375,5.0625,3.5,3.875,2.5,99.2119140625,94.125,638.5,0,0,0,0,0,0,0,0,0,0,0,0,0,0,160.02,162.56,115.0,0.0,0.0,0.435,0.4,0.5,0.45,0.5,0.5,0.0,0.5,77.0,36.5,81.5,33.0,147.5,103.5,129.0,72.0,3.0,1.5,6.5,3.0,68.5,29.5,63.0,19.5,2.5,2.0,11.0,8.5,6.0,5.0,7.5,5.0,62.0,26.5,57.0,14.0,5.5,2.0,10.5,9.0,9.5,8.0,14.0,10.0,233.5,407.0,900.0,6,0,0,1,1,1,1,0,0,0,1,0,0,0,162.56,160.02,115.0,30.0,30.0,0,0,0,0,0,0,0,0,0,0,0,0,0,1,0,1,0,0,0,0,1,0,0,0
Red,False,0.28125,0.0,0.3309375,0.3428125,0.2753125,0.546875,0.03125,1.25,0.09375,0.65625,55.03125,18.34375,62.1875,23.8125,60.8125,22.140625,75.3125,34.375,4.65625,1.234375,0.546875,0.546875,39.25,10.046875,35.65625,5.203125,4.875,1.8125,8.828125,4.328125,10.90625,6.484375,17.703125,14.28125,50.609375,15.1875,54.734375,18.578125,0.40625,0.40625,2.015625,0.953125,4.015625,2.75,5.4375,4.28125,121.1875,124.40625,670.921875,16,0,6,0,6,6,1,0,0,1,2,2,1,0,177.8,185.42,145.0,0.25048828125,0.0078125,0.482203369140625,0.500635986328125,0.21714599609375,0.1212060546875,1.0877685546875,0.25537109375,0.0009765625,0.0,44.0784912109375,26.94091796875,47.671875,25.0770263671875,55.859130859375,37.8441162109375,57.7767333984375,33.383056640625,2.5277099609375,0.795654296875,2.90234375,0.7552490234375,30.2877197265625,15.0960693359375,35.41943359375,15.17578125,10.8018798828125,9.4078369140625,9.458740234375,7.7701416015625,2.9888916015625,2.43701171875,2.793701171875,2.131103515625,21.6275634765625,8.822509765625,35.1265869140625,16.7586669921875,11.0472412109375,9.39697265625,6.5579833984375,4.11474609375,11.4036865234375,8.721435546875,5.9873046875,4.20361328125,90.716796875,181.244140625,406.8193359375,27,0,2,0,4,8,6,0,0,0,1,0,7,0,177.8,187.96,155.0,27.0,26.0,0,0,1,0,0,0,0,0,0,0,0,0,0,0,0,1,0,0,0,0,1,0,0,0
Blue,False,0.1268310546875,0.0939064025878906,0.4309249496459961,0.4979828643798828,0.1468363952636718,0.5080203628540039,0.149017333984375,0.03594970703125,0.0019645690917968,6.103515625e-05,47.17051696777344,20.297924041748047,89.57901763916016,44.22363662719727,54.68079376220703,26.362457275390625,132.8315887451172,81.90761947631836,3.084125518798828,0.3221244812011719,1.5552330017089844,0.8008804321289062,33.53110885620117,10.38577651977539,70.04849243164062,29.61184310913086,8.618438720703125,6.931732177734375,11.640056610107422,8.239025115966797,5.020969390869141,2.980415344238281,7.890468597412109,6.372768402099609,39.965938568115234,16.01858139038086,70.77275848388672,30.97768783569336,3.946620941162109,2.414093017578125,10.40776824951172,6.430126190185547,3.2579574584960938,1.8652496337890625,8.398490905761719,6.815822601318359,60.578033447265625,127.36468505859376,595.8817291259766,40,1,4,0,4,11,8,0,0,0,4,4,3,0,182.88,187.96,185.0,0.6875,0.26763916015625,0.3195886230468749,0.4368170166015625,0.244100341796875,0.0317483520507812,0.01470947265625,0.23663330078125,0.145050048828125,0.000732421875,83.57107543945312,32.82666015625,121.66412353515624,46.5274658203125,90.74395751953124,38.02020263671875,127.4766845703125,51.68621826171875,4.9337158203125,1.548919677734375,0.627777099609375,0.125518798828125,70.40032958984375,23.52716064453125,104.92935180664062,34.448486328125,6.830810546875,3.839935302734375,6.4959716796875,3.377288818359375,6.339935302734375,5.459564208984375,10.238800048828123,8.701690673828125,70.55523681640625,26.0325927734375,112.89840698242188,40.9677734375,3.532928466796875,2.231781005859375,2.2044677734375,1.354827880859375,9.48291015625,4.562286376953125,6.561248779296875,4.204864501953125,101.2001953125,29.88070678710937,632.6047973632812,31,1,0,1,3,9,7,0,0,1,4,2,2,0,187.96,193.04,185.0,36.0,32.0,0,0,0,0,0,0,0,1,0,0,0,0,0,0,0,1,0,0,0,0,1,0,0,0
Blue,False,0.0,0.03125,0.3815625,0.3775,0.463125,0.4175,1.0,0.96875,1.0625,0.53125,37.375,13.21875,25.625,12.875,59.8125,33.03125,53.9375,39.125,3.84375,1.5625,3.65625,2.59375,32.96875,9.71875,13.5625,3.875,2.96875,2.15625,4.625,3.5625,1.4375,1.34375,7.4375,5.4375,21.40625,4.875,15.40625,6.15625,4.09375,2.96875,0.65625,0.40625,11.875,5.375,9.5625,6.3125,194.5,275.125,618.71875,12,0,1,0,1,3,3,0,0,0,1,1,1,0,193.04,193.04,185.0,0.5,0.0,0.5725,0.475,0.125,0.25,0.5,0.5,0.0,0.25,31.0,17.75,13.25,7.0,46.75,33.0,44.75,36.5,0.5,0.25,0.75,0.5,15.0,6.0,11.0,5.75,11.75,7.5,1.75,1.25,4.25,4.25,0.5,0.0,15.75,8.5,6.75,2.0,12.25,8.0,0.75,0.75,3.0,1.25,5.75,4.25,73.25,146.5,317.25,5,0,3,0,3,3,0,0,0,0,0,2,1,0,190.5,200.66,185.0,29.0,27.0,0,0,0,0,0,0,0,1,0,0,0,0,0,0,0,0,0,0,1,0,1,0,0,0
Blue,False,0.0083026885986328,0.1885986328125,0.2989663696289062,0.5270552253723144,0.1273199653625488,0.8022157859802246,0.3393783569335937,0.000162124633789,0.0655517578125,0.0020275115966796,90.3117446899414,24.989978790283203,90.47455215454102,54.58101463317871,120.98828125,52.97430992126465,123.92771530151369,85.83571434020996,0.8482131958007812,0.1283283233642578,2.5944862365722656,1.9414939880371092,81.24608421325684,20.091014862060547,62.26770782470703,31.93716049194336,7.374971389770508,3.74334716796875,8.794952392578125,6.073545455932617,1.6906890869140625,1.1556167602539062,19.41189193725586,16.570308685302734,79.71562576293945,16.656320571899414,48.27690505981445,24.408056259155277,10.173175811767578,8.039377212524414,6.686677932739258,4.910446166992188,0.422943115234375,0.294281005859375,35.510969161987305,25.26251220703125,18.10147857666016,325.10680389404297,688.6062774658203,47,2,5,0,5,12,8,0,0,1,1,2,8,0,182.88,193.04,170.0,0.14697265625,0.00390625,0.313974609375,0.3257177734374999,0.313720703125,0.01435302734375,0.0,0.04443359375,0.001220703125,0.0,191.278076171875,63.136962890625,147.48779296875,50.721923828125,194.176513671875,65.484619140625,149.46630859375,52.43994140625,0.81787109375,0.438720703125,4.537841796875,0.087646484375,129.46142578125,28.391845703125,121.133056640625,34.047607421875,52.90966796875,28.19140625,19.36669921875,10.567626953125,8.906982421875,6.5537109375,6.988037109375,6.106689453125,184.462646484375,59.894775390625,142.818603515625,48.466064453125,5.272705078125,2.455322265625,3.27734375,1.210205078125,1.542724609375,0.786865234375,1.391845703125,1.045654296875,28.574462890625,16.539794921875,862.42724609375,33,1,0,1,4,8,5,0,0,0,5,3,0,0,177.8,185.42,155.0,30.0,29.0,0,0,0,0,0,0,1,0,0,0,0,0,0,0,0,0,0,1,0,0,0,0,1,0
Blue,False,0.140625,0.671875,0.7484375,0.3584374999999999,0.140625,0.020625,0.0,0.0625,0.0,0.0,59.046875,44.0,46.4375,15.171875,66.53125,51.078125,48.1875,16.78125,1.671875,0.265625,2.21875,0.0625,25.21875,16.296875,40.375,11.453125,21.296875,16.421875,4.21875,3.046875,12.53125,11.28125,1.84375,0.671875,44.953125,33.0625,36.578125,9.71875,4.546875,3.609375,8.140625,4.75,9.546875,7.328125,1.71875,0.703125,83.09375,20.5,606.671875,13,0,1,0,2,4,3,0,0,0,2,2,0,0,193.04,203.2,265.0,0.812255859375,0.3125,0.42572509765625,0.476103515625,0.634765625,0.0876562499999999,0.25,0.25,0.0,0.0,212.676513671875,89.068115234375,175.646728515625,86.79833984375,228.565673828125,103.233642578125,234.350830078125,137.87744140625,0.9609375,0.64453125,14.50634765625,1.697265625,151.811279296875,59.21728515625,156.38427734375,70.622802734375,59.9375,29.052978515625,8.82666015625,7.75830078125,0.927734375,0.7978515625,10.435791015625,8.417236328125,191.981201171875,75.132080078125,122.97314453125,52.776611328125,16.065673828125,10.1025390625,43.611083984375,27.959228515625,4.629638671875,3.83349609375,9.0625,6.0625,55.971923828125,405.27099609375,1325.885498046875,34,4,9,0,9,11,2,0,0,0,3,8,0,0,193.04,195.58,238.0,35.0,31.0,0,0,0,0,1,0,0,0,0,0,0,0,0,0,0,1,0,0,0,0,1,0,0,0
Blue,False,0.015625,0.0,0.45,0.4275,0.25,0.2,0.148468017578125,0.098388671875,0.0,0.0,66.5,29.6875,64.31230545043945,27.34375,89.75,48.0,85.53125,44.41152191162109,2.0,0.75,2.0546875,0.75,51.1875,18.3359375,49.6123046875,16.280410766601562,7.5,5.07647705078125,7.5,5.0,4.5,3.625,4.984375,3.9375,48.6875,17.0,47.11572265625,16.5,5.75,3.75,5.3125,3.4375,5.0625,3.5,3.875,2.5,99.2119140625,94.125,638.5,0,0,0,0,0,0,0,0,0,0,0,0,0,0,165.1,167.64,125.0,0.0,0.0,0.485,0.3275,0.25,0.165,0.0,0.5,0.0,0.0,211.0,104.75,162.5,53.0,235.75,128.75,178.5,68.25,0.25,0.25,2.75,0.5,152.5,58.25,134.0,31.25,26.25,20.5,14.75,9.5,32.25,26.0,13.75,12.25,159.75,62.75,137.0,37.5,46.25,37.0,25.5,15.5,5.0,5.0,0.0,0.0,101.0,78.75,693.5,8,0,0,1,1,1,2,0,0,0,1,0,0,0,165.1,167.64,135.0,27.0,30.0,0,0,0,0,0,0,0,0,0,0,1,0,0,0,0,0,0,1,0,0,1,0,0,0
Red,False,0.75,0.0,0.635,0.2525,0.0,0.0825,0.0,0.25,0.5,0.0,51.5,27.0,60.25,20.5,73.25,47.75,101.5,57.0,2.0,0.0,4.25,0.75,43.75,21.0,44.5,9.5,6.75,5.0,12.0,8.25,1.0,1.0,3.75,2.75,39.5,17.25,47.0,14.0,4.25,3.0,5.25,2.75,7.75,6.75,8.0,3.75,236.25,117.0,677.0,7,0,0,1,2,2,1,0,0,0,1,1,0,0,187.96,187.96,170.0,0.0,0.0,0.57,0.27,0.75,0.0,1.0,0.0,0.0,0.0,26.0,15.0,11.0,3.0,43.0,31.0,15.0,7.0,8.0,6.0,0.0,0.0,21.0,10.0,10.0,3.0,5.0,5.0,1.0,0.0,0.0,0.0,0.0,0.0,9.0,4.0,8.0,1.0,4.0,4.0,3.0,2.0,13.0,7.0,0.0,0.0,311.0,0.0,379.0,2,1,1,0,1,1,0,0,0,0,0,0,1,0,182.88,193.04,170.0,24.0,28.0,0,0,0,0,0,0,0,0,0,1,0,0,0,0,0,0,0,1,0,0,0,0,0,1
Blue,False,0.0,0.0,0.49,0.6,0.0,0.7,1.0,0.0,0.0,1.0,57.0,28.0,45.0,27.0,79.0,50.0,72.0,53.0,0.0,0.0,10.0,7.0,35.0,13.0,35.0,22.0,18.0,12.0,6.0,3.0,4.0,3.0,4.0,2.0,40.0,16.0,22.0,12.0,4.0,3.0,13.0,7.0,13.0,9.0,10.0,8.0,208.0,537.0,900.0,3,0,0,1,0,0,1,0,0,0,0,0,0,0,180.34,190.5,170.0,0.0,0.0,0.27,0.57,0.0,0.75,0.0,1.0,0.0,0.0,11.0,3.0,26.0,15.0,15.0,7.0,43.0,31.0,0.0,0.0,8.0,6.0,10.0,3.0,21.0,10.0,1.0,0.0,5.0,5.0,0.0,0.0,0.0,0.0,8.0,1.0,9.0,4.0,3.0,2.0,4.0,4.0,0.0,0.0,13.0,7.0,0.0,311.0,379.0,2,1,0,1,0,0,1,0,0,0,0,0,0,0,177.8,177.8,170.0,24.0,33.0,0,0,0,0,0,0,0,0,0,1,0,0,0,0,0,1,0,0,0,0,1,0,0,0
Red,False,0.06640625,0.28515625,0.3654052734375,0.38227783203125,0.0528759765624999,0.36178955078125,0.16015625,0.19873046875,0.187744140625,0.1416015625,85.122314453125,29.260986328125,95.706298828125,36.578125,96.443115234375,39.634521484375,113.62109375,53.52587890625,5.204345703125,0.4169921875,1.797607421875,1.128173828125,69.35107421875,18.64599609375,67.8876953125,15.346435546875,8.67236328125,4.83447265625,11.660888671875,6.73828125,7.098876953125,5.780517578125,16.15771484375,14.493408203125,78.57373046875,26.198974609375,89.573974609375,33.576904296875,1.6015625,0.593505859375,3.58349609375,0.889892578125,4.947021484375,2.468505859375,2.548828125,2.111328125,163.508544921875,77.09521484375,743.6796875,34,0,1,0,3,7,6,0,0,1,4,2,0,0,175.26,180.34,155.0,0.0625,0.5025634765625,0.5082550048828125,0.6388543701171875,0.210125732421875,0.4956744384765625,0.51873779296875,1.45281982421875,0.0,0.25396728515625,83.8905029296875,41.8477783203125,71.6083984375,47.360107421875,123.4805908203125,77.50396728515625,92.9267578125,67.5958251953125,11.2464599609375,2.649169921875,3.02874755859375,1.73272705078125,63.1182861328125,24.97625732421875,49.86749267578125,29.3897705078125,13.29522705078125,10.6239013671875,16.70257568359375,14.1844482421875,7.47698974609375,6.24761962890625,5.038330078125,3.785888671875,53.11834716796875,20.692626953125,30.4207763671875,15.4835205078125,21.58685302734375,13.6968994140625,21.16217041015625,17.2286376953125,9.185302734375,7.458251953125,20.02545166015625,14.64794921875,385.18658447265625,138.03515625,770.99609375,41,0,1,0,4,9,6,0,0,1,6,1,1,0,172.72,172.72,145.0,36.0,31.0,0,0,0,0,0,0,1,0,0,0,0,0,0,0,0,1,0,0,0,0,1,0,0,0
Red,False,0.015625,0.0,0.45,0.4275,0.25,0.2,0.148468017578125,0.098388671875,0.0,0.0,66.5,29.6875,64.31230545043945,27.34375,89.75,48.0,85.53125,44.41152191162109,2.0,0.75,2.0546875,0.75,51.1875,18.3359375,49.6123046875,16.280410766601562,7.5,5.07647705078125,7.5,5.0,4.5,3.625,4.984375,3.9375,48.6875,17.0,47.11572265625,16.5,5.75,3.75,5.3125,3.4375,5.0625,3.5,3.875,2.5,99.2119140625,94.125,638.5,0,0,0,0,0,0,0,0,0,0,0,0,0,0,187.96,187.96,243.0,0.0471682548522949,0.0,0.45,0.4217682266235352,0.25,0.19173828125,0.1875,0.125,0.0,0.0,69.5,30.5,66.984375,27.8466796875,94.0,48.544921875,88.50390625,44.75,2.0,0.8125,2.015625,0.6640625,54.0,19.01513671875,51.483436584472656,16.9437255859375,7.91796875,5.430633544921875,7.75,5.0625,4.780975341796875,3.9373779296875,4.8994140625,3.84375,51.025390625,18.400863647460938,50.515625,17.5,5.75,3.75,5.5,3.5,5.375,3.6875,4.0,2.65625,104.865234375,89.5,655.8441009521484,0,0,0,0,0,0,0,0,0,0,0,0,0,0,193.04,210.82,250.0,22.0,29.0,0,0,0,0,1,0,0,0,0,0,0,0,0,0,0,1,0,0,0,0,1,0,0,0
Red,False,0.0,0.0,0.5025,0.3725,0.4525,0.0,0.25,1.0,0.0,0.5,45.25,21.5,29.0,12.0,125.25,88.25,41.25,22.75,8.5,2.75,0.0,0.0,38.75,17.0,20.75,7.0,4.75,2.75,6.75,3.5,1.75,1.75,1.5,1.5,23.75,6.75,23.25,6.75,5.0,3.25,2.0,1.5,16.5,11.5,3.75,3.75,525.0,21.5,724.0,7,0,3,0,3,3,0,0,0,0,1,1,1,0,180.34,182.88,170.0,0.25,0.0,0.4499999999999999,0.47,0.7450000000000001,0.0,1.0,0.0,0.0,0.0,55.25,25.0,61.25,30.25,67.5,35.25,75.75,44.5,2.5,1.75,1.25,0.0,45.75,17.5,44.25,17.75,6.25,4.5,11.0,7.75,3.25,3.0,6.0,4.75,39.5,15.5,53.5,24.75,5.75,3.25,7.75,5.5,10.0,6.25,0.0,0.0,303.5,42.5,656.75,8,1,3,0,3,3,0,0,0,0,1,0,2,0,180.34,182.88,170.0,27.0,24.0,0,0,0,0,0,0,0,0,0,1,0,0,0,0,0,1,0,0,0,0,1,0,0,0
Red,False,0.015625,0.0,0.45,0.4275,0.25,0.2,0.148468017578125,0.098388671875,0.0,0.0,66.5,29.6875,64.31230545043945,27.34375,89.75,48.0,85.53125,44.41152191162109,2.0,0.75,2.0546875,0.75,51.1875,18.3359375,49.6123046875,16.280410766601562,7.5,5.07647705078125,7.5,5.0,4.5,3.625,4.984375,3.9375,48.6875,17.0,47.11572265625,16.5,5.75,3.75,5.3125,3.4375,5.0625,3.5,3.875,2.5,99.2119140625,94.125,638.5,0,0,0,0,0,0,0,0,0,0,0,0,0,0,170.18,162.56,115.0,0.5,0.0,0.44,0.32,0.58,0.0,0.0,0.0,0.0,0.0,138.0,64.0,106.5,32.0,172.0,92.0,128.0,52.0,6.5,1.5,1.0,0.0,96.5,35.5,73.5,11.5,30.5,19.5,19.5,9.5,11.0,9.0,13.5,11.0,124.5,55.5,95.5,24.0,11.5,8.0,10.5,8.0,2.0,0.5,0.5,0.0,291.0,14.5,900.0,6,0,2,0,2,2,0,0,0,0,2,0,0,0,154.94,152.4,115.0,30.0,26.0,0,0,0,0,0,0,0,0,0,0,0,0,0,1,0,1,0,0,0,0,1,0,0,0
Blue,False,0.5625,0.0,0.5856250000000001,0.4,0.51,0.0478125,0.0,0.25,0.0,0.0,70.5,40.3125,71.03125,28.65625,80.71875,50.0625,74.90625,32.15625,3.8125,2.125,2.375,0.25,40.0625,19.46875,40.96875,9.9375,13.78125,7.875,17.0,8.375,16.65625,12.96875,13.0625,10.34375,57.03125,29.8125,65.09375,25.5625,4.875,3.5,5.5,2.9375,8.59375,7.0,0.4375,0.15625,89.5625,21.25,700.90625,16,0,6,0,6,6,0,0,0,0,1,5,0,0,182.88,185.42,185.0,0.0625,0.0,0.5825,0.420625,0.683125,0.0,1.1875,0.0,0.0625,0.125,28.375,15.25,31.4375,12.6875,43.5,28.6875,49.625,29.1875,3.75,1.8125,0.125,0.0,19.6875,8.0625,26.0625,8.75,6.375,4.875,1.6875,0.5,2.3125,2.3125,3.6875,3.4375,19.3125,7.9375,28.3125,10.875,3.5,2.3125,3.125,1.8125,5.5625,5.0,0.0,0.0,283.6875,5.8125,430.5,9,0,5,0,5,5,0,0,0,0,1,1,3,0,185.42,182.88,185.0,38.0,36.0,0,0,0,0,0,0,0,1,0,0,0,0,0,0,0,0,0,1,0,0,1,0,0,0
Blue,True,0.96875,0.0,0.473125,0.5015625,0.0875,0.285,0.0,0.0625,0.0,0.0,88.3125,43.5625,57.9375,26.40625,104.40625,59.59375,61.09375,29.5,0.21875,0.1875,4.375,2.0,66.21875,31.375,45.15625,18.46875,20.375,10.96875,4.25,1.84375,1.71875,1.21875,8.53125,6.09375,76.125,34.3125,44.53125,17.125,3.5625,2.5625,3.34375,1.28125,8.625,6.6875,10.0625,8.0,30.03125,160.625,460.78125,10,1,6,0,6,6,0,0,0,0,1,5,0,0,175.26,187.96,155.0,0.546875,0.0,0.40703125,0.3246875,0.3623437499999999,0.11984375,0.515625,0.0,0.0,0.0,196.8125,77.859375,170.671875,56.765625,215.359375,95.921875,187.046875,71.375,1.390625,1.203125,6.734375,0.90625,165.9375,56.21875,127.9375,33.359375,20.265625,12.421875,15.28125,8.125,10.609375,9.21875,27.453125,15.28125,185.796875,69.578125,158.578125,50.890625,2.90625,2.15625,5.734375,3.5625,8.109375,6.125,6.359375,2.3125,163.25,141.421875,1402.46875,30,7,7,0,7,7,0,0,0,0,5,2,0,0,170.18,177.8,135.0,27.0,29.0,0,0,1,0,0,0,0,0,0,0,0,0,0,0,0,0,0,1,0,0,1,0,0,0
Blue,True,0.3125,0.0625,0.569375,0.40375,0.5,0.0,1.5,0.0,0.0,0.0,34.875,18.125,32.4375,11.4375,45.0,26.75,35.5,14.5,0.5625,0.5,0.625,0.0,24.9375,9.875,25.3125,6.5625,5.8125,4.6875,2.5625,0.3125,4.125,3.5625,4.5625,4.5625,21.75,10.25,30.75,10.3125,1.1875,0.9375,0.3125,0.3125,11.9375,6.9375,1.375,0.8125,112.125,46.5625,349.6875,7,0,0,1,4,4,1,0,0,0,0,1,3,0,190.5,195.58,205.0,0.21875,0.0,0.5352734375,0.4949609375,0.546328125,0.0,0.32421875,0.0,0.0,0.00390625,91.2109375,44.7578125,57.36328125,26.3125,104.44921875,56.40625,65.37890625,31.68359375,4.76171875,2.09375,0.109375,0.0,78.89453125,39.484375,45.10546875,18.359375,7.75390625,2.23046875,9.6328125,6.0859375,4.5625,3.04296875,2.625,1.8671875,50.58984375,15.859375,48.27734375,19.5859375,3.80078125,2.625,8.57421875,6.46875,36.8203125,26.2734375,0.51171875,0.2578125,160.6484375,4.76171875,564.25,20,4,9,0,9,9,0,0,0,0,3,4,2,0,187.96,198.12,185.0,31.0,31.0,0,0,0,0,0,0,0,1,0,0,0,0,0,0,0,0,0,1,0,0,1,0,0,0
Red,False,0.0,0.0,0.4575,0.4875,0.405,0.29,0.5,0.0,0.25,0.0,147.5,67.75,84.5,41.5,181.75,96.75,94.5,51.0,6.25,2.5,5.5,2.0,104.5,35.75,61.75,22.25,25.5,16.25,14.0,11.5,17.5,15.75,8.75,7.75,91.25,30.25,74.25,34.75,40.75,28.5,8.5,5.5,15.5,9.0,1.75,1.25,272.25,77.5,900.0,9,0,3,0,3,3,0,0,0,1,2,0,0,0,167.64,167.64,135.0,0.2822265625,0.0625,0.3697021484375,0.3241308593749999,0.085693359375,0.2110888671875,0.4345703125,0.015625,0.0048828125,0.00048828125,97.7705078125,34.49365234375,154.82666015625,50.02880859375,104.41064453125,40.53076171875,162.93798828125,57.5771484375,4.0830078125,0.75244140625,6.57421875,2.52978515625,82.033203125,25.03564453125,119.3623046875,24.583984375,12.97216796875,7.2763671875,16.4697265625,8.8662109375,2.76513671875,2.181640625,18.99462890625,16.57861328125,90.10986328125,29.1376953125,136.18994140625,37.53759765625,4.17626953125,2.7470703125,16.49072265625,11.14697265625,3.484375,2.60888671875,2.14599609375,1.34423828125,72.86962890625,119.859375,989.8623046875,36,3,1,0,4,8,4,0,0,0,2,0,6,0,167.64,170.18,135.0,35.0,36.0,1,0,0,0,0,0,0,0,0,0,0,0,0,0,0,1,0,0,0,0,1,0,0,0
Red,False,0.5,0.25,0.659375,0.4890624999999999,0.296875,0.25,0.75,0.0,0.0,0.0,37.8125,20.46875,100.09375,50.0,48.46875,29.90625,112.3125,61.53125,1.34375,0.53125,0.375,0.25,31.28125,16.03125,65.8125,21.90625,5.21875,3.625,22.09375,17.46875,1.3125,0.8125,12.1875,10.625,32.375,16.25,84.46875,38.75,2.15625,1.4375,12.59375,9.46875,3.28125,2.78125,3.03125,1.78125,80.5625,16.25,587.5625,13,0,4,0,4,5,1,0,0,0,1,0,4,0,180.34,182.88,170.0,0.125,7.62939453125e-05,0.6160496425628662,0.1785918045043945,0.7016870498657226,0.0664950942993164,1.056051254272461,0.0161209106445312,3.814697265625e-06,0.1564970016479492,45.51547813415527,23.44721031188965,47.7078104019165,15.092574119567873,96.60962200164796,66.82901191711426,64.68759059906006,30.73397254943848,6.818078994750977,2.861346244812012,0.641118049621582,0.1655282974243164,42.46894454956055,20.90501499176025,35.14853477478027,7.659619331359863,2.0626258850097656,1.750565528869629,5.4005231857299805,2.278361320495605,0.9839076995849608,0.7916297912597656,7.15875244140625,5.154593467712402,22.17586326599121,5.905197143554688,45.42862987518311,14.007305145263672,0.5040464401245117,0.3007869720458984,0.5448379516601562,0.1979446411132812,22.83556842803955,17.241226196289062,1.7343425750732422,0.887324333190918,534.3429374694824,59.31557846069336,845.5718107223511,55,1,5,0,5,15,6,0,0,0,7,1,7,0,185.42,182.88,170.0,27.0,38.0,0,0,0,0,0,0,0,0,0,1,0,0,0,0,0,0,0,0,1,0,0,0,1,0
Red,False,1.032236099243164,0.0079345703125,0.5111559009552002,0.4446719932556152,0.1046733474731445,0.1528553962707519,0.0195426940917968,1.0169010162353516,0.0019874572753906,2.193450927734375e-05,94.41345691680908,42.82710361480713,96.50902938842772,41.36989498138428,99.2526741027832,47.13112258911133,124.79157829284668,67.46319198608398,2.26480484008789,0.4183616638183594,5.352424621582031,1.016819953918457,73.6930570602417,28.89959716796875,74.5794620513916,26.22441577911377,7.914350509643555,5.626787185668945,11.07476806640625,6.689496994018555,12.806049346923828,8.300719261169434,10.854799270629885,8.455982208251953,74.6468858718872,28.226600646972656,81.19296836853027,30.86692237854004,8.465923309326172,6.306343078613281,10.531501770019531,6.486225128173828,11.300647735595703,8.294159889221191,4.78455924987793,4.01674747467041,142.67957973480225,236.80125522613525,807.8700218200684,56,0,0,1,3,11,10,0,0,1,4,5,0,1,175.26,180.34,145.0,0.079833984375,0.0,0.450146484375,0.31916748046875,0.125,0.01170654296875,0.78125,0.000732421875,0.0,0.03125,100.113037109375,42.149169921875,71.925048828125,24.65673828125,103.80859375,45.3583984375,73.313720703125,25.87353515625,0.126953125,0.125,2.0869140625,0.104248046875,80.56689453125,26.48095703125,53.46044921875,12.704345703125,16.298828125,13.1015625,8.168212890625,4.766357421875,3.247314453125,2.566650390625,10.29638671875,7.18603515625,90.900634765625,35.51416015625,68.0908203125,22.21142578125,4.475341796875,3.169921875,3.117919921875,2.25341796875,4.737060546875,3.465087890625,0.71630859375,0.19189453125,50.166259765625,15.191162109375,432.279541015625,31,0,0,1,7,10,3,0,0,1,2,5,2,0,180.34,175.26,145.0,29.0,24.0,0,0,1,0,0,0,0,0,0,0,0,0,0,0,0,1,0,0,0,0,1,0,0,0
Red,False,0.0,0.0625,0.363125,0.35875,0.5331250000000001,0.11375,1.375,0.375,0.0625,0.0,87.625,34.75,55.125,21.0625,109.6875,53.8125,62.5,27.3125,4.625,2.3125,2.4375,0.8125,71.9375,23.1875,44.625,12.875,15.125,11.0,5.6875,3.6875,0.5625,0.5625,4.8125,4.5,66.625,19.5,51.4375,19.0,9.1875,6.8125,2.9375,1.5625,11.8125,8.4375,0.75,0.5,212.9375,61.625,538.0,13,0,0,1,4,4,1,0,0,1,2,0,1,0,175.26,195.58,170.0,0.0,0.25,0.3425,0.4075,0.3925,0.0625,0.625,0.0,0.0,0.0,58.875,21.0,65.875,26.75,74.625,35.0,90.625,48.375,3.5,1.125,3.0,0.25,43.125,12.5,52.25,16.125,7.75,3.125,5.625,3.875,8.0,5.375,8.0,6.75,52.5,16.125,56.625,20.5,1.75,0.75,6.0,4.375,4.625,4.125,3.25,1.875,158.5,160.75,634.875,10,1,1,0,2,3,1,0,0,0,1,0,2,0,182.88,190.5,155.0,23.0,35.0,0,0,0,0,0,0,1,0,0,0,0,0,0,0,0,1,0,0,0,0,1,0,0,0
Blue,False,0.0,0.0,0.43,0.56,0.0,0.66,0.0,0.0,0.0,0.0,41.0,18.0,51.0,29.0,47.0,23.0,127.0,99.0,3.0,0.0,3.0,2.0,35.0,13.0,32.0,16.0,3.0,2.0,12.0,7.0,3.0,3.0,7.0,6.0,28.0,12.0,24.0,14.0,13.0,6.0,19.0,9.0,0.0,0.0,8.0,6.0,86.0,288.0,504.0,2,0,1,0,1,1,0,0,0,0,0,0,0,1,172.72,180.34,155.0,0.15625,0.28125,0.3515625,0.3653125,0.0,0.351875,1.6875,0.3125,0.0,0.0,123.0,45.53125,123.5625,45.6875,125.71875,47.90625,131.59375,52.9375,0.0,0.0,2.9375,1.21875,99.78125,28.34375,94.875,29.96875,11.59375,8.71875,18.65625,9.875,11.625,8.46875,10.03125,5.84375,111.0625,37.6875,103.125,32.53125,10.78125,7.0,18.3125,12.09375,1.15625,0.84375,2.125,1.0625,22.1875,103.90625,669.71875,13,0,1,0,2,4,2,0,0,0,1,2,1,0,177.8,182.88,155.0,27.0,30.0,0,0,0,0,0,0,1,0,0,0,0,0,0,0,0,1,0,0,0,0,1,0,0,0
Red,False,0.0,0.5,0.415,0.5549999999999999,0.125,0.5800000000000001,0.0,0.5,0.0,0.0,50.5,22.0,53.5,31.0,72.5,41.0,73.0,48.5,2.5,0.5,2.5,1.5,35.5,12.0,35.5,18.0,12.5,8.0,11.0,6.5,2.5,2.0,7.0,6.5,40.5,13.5,35.5,20.5,5.0,4.5,6.5,3.0,5.0,4.0,11.5,7.5,55.5,297.5,762.5,6,1,0,2,0,0,2,0,0,0,0,0,0,0,182.88,190.5,185.0,0.0,0.0234375,0.314765625,0.334375,0.423828125,0.2953906249999999,1.03125,0.5,0.0,0.0,240.046875,79.921875,184.8203125,61.2109375,257.75,93.75,188.3203125,64.5234375,6.3203125,2.5859375,3.9921875,2.0234375,180.9375,46.546875,151.171875,42.75,39.015625,19.4296875,27.7734375,13.9453125,20.09375,13.9453125,5.875,4.515625,219.84375,68.71875,167.875,52.84375,12.546875,6.25,14.4140625,6.8515625,7.65625,4.953125,2.53125,1.515625,123.6171875,32.296875,895.328125,23,1,3,0,3,5,3,0,0,1,2,0,2,0,180.34,190.5,170.0,26.0,30.0,0,0,0,0,0,0,0,0,0,1,0,0,0,0,0,0,0,1,0,0,1,0,0,0
Blue,False,0.28125,1.0,0.42625,0.5421875,0.0,0.265625,0.5,0.5625,0.0,0.0,34.25,14.34375,38.53125,20.75,35.125,15.21875,43.875,25.59375,0.0,0.0,1.75,0.53125,22.875,7.40625,29.84375,14.90625,8.65625,4.59375,4.09375,2.3125,2.71875,2.34375,4.59375,3.53125,31.09375,12.1875,25.71875,11.03125,1.5625,1.3125,11.3125,8.21875,1.59375,0.84375,1.5,1.5,57.0,19.71875,222.34375,7,0,0,3,2,2,4,0,0,0,0,0,2,0,177.8,190.5,155.0,0.56640625,0.0,0.50986328125,0.3815625,0.0,0.024765625,0.0,0.00390625,0.0,0.0,117.455078125,61.171875,132.044921875,50.5,122.228515625,64.921875,132.396484375,50.84375,0.5,0.0,2.349609375,0.255859375,71.77734375,29.783203125,102.609375,27.642578125,35.541015625,22.12890625,11.9921875,6.30078125,10.13671875,9.259765625,17.443359375,16.556640625,101.548828125,53.01953125,127.935546875,48.103515625,7.619140625,3.837890625,3.921875,2.271484375,8.287109375,4.314453125,0.1875,0.125,18.2578125,21.751953125,538.326171875,23,0,2,0,3,6,4,0,0,0,3,3,0,0,172.72,172.72,155.0,28.0,30.0,0,0,0,0,0,0,1,0,0,0,0,0,0,0,0,1,0,0,0,0,1,0,0,0
Red,False,0.015625,0.0,0.45,0.4275,0.25,0.2,0.148468017578125,0.098388671875,0.0,0.0,66.5,29.6875,64.31230545043945,27.34375,89.75,48.0,85.53125,44.41152191162109,2.0,0.75,2.0546875,0.75,51.1875,18.3359375,49.6123046875,16.280410766601562,7.5,5.07647705078125,7.5,5.0,4.5,3.625,4.984375,3.9375,48.6875,17.0,47.11572265625,16.5,5.75,3.75,5.3125,3.4375,5.0625,3.5,3.875,2.5,99.2119140625,94.125,638.5,0,0,0,0,0,0,0,0,0,0,0,0,0,0,175.26,175.26,155.0,0.0471682548522949,0.0,0.45,0.4217682266235352,0.25,0.19173828125,0.1875,0.125,0.0,0.0,69.5,30.5,66.984375,27.8466796875,94.0,48.544921875,88.50390625,44.75,2.0,0.8125,2.015625,0.6640625,54.0,19.01513671875,51.483436584472656,16.9437255859375,7.91796875,5.430633544921875,7.75,5.0625,4.780975341796875,3.9373779296875,4.8994140625,3.84375,51.025390625,18.400863647460938,50.515625,17.5,5.75,3.75,5.5,3.5,5.375,3.6875,4.0,2.65625,104.865234375,89.5,655.8441009521484,0,0,0,0,0,0,0,0,0,0,0,0,0,0,185.42,187.96,145.0,28.0,26.0,0,0,0,0,0,0,1,0,0,0,0,0,0,0,0,1,0,0,0,0,0,0,1,0
Blue,True,0.015625,0.0,0.45,0.4275,0.25,0.2,0.148468017578125,0.098388671875,0.0,0.0,66.5,29.6875,64.31230545043945,27.34375,89.75,48.0,85.53125,44.41152191162109,2.0,0.75,2.0546875,0.75,51.1875,18.3359375,49.6123046875,16.280410766601562,7.5,5.07647705078125,7.5,5.0,4.5,3.625,4.984375,3.9375,48.6875,17.0,47.11572265625,16.5,5.75,3.75,5.3125,3.4375,5.0625,3.5,3.875,2.5,99.2119140625,94.125,638.5,0,0,0,0,0,0,0,0,0,0,0,0,0,0,177.8,177.8,145.0,0.0471682548522949,0.0,0.45,0.4217682266235352,0.25,0.19173828125,0.1875,0.125,0.0,0.0,69.5,30.5,66.984375,27.8466796875,94.0,48.544921875,88.50390625,44.75,2.0,0.8125,2.015625,0.6640625,54.0,19.01513671875,51.483436584472656,16.9437255859375,7.91796875,5.430633544921875,7.75,5.0625,4.780975341796875,3.9373779296875,4.8994140625,3.84375,51.025390625,18.400863647460938,50.515625,17.5,5.75,3.75,5.5,3.5,5.375,3.6875,4.0,2.65625,104.865234375,89.5,655.8441009521484,0,0,0,0,0,0,0,0,0,0,0,0,0,0,175.26,165.1,145.0,30.0,29.0,0,0,0,0,0,0,1,0,0,0,0,0,0,0,0,0,0,1,0,0,0,0,1,0
Red,False,0.015625,0.0,0.45,0.4275,0.25,0.2,0.148468017578125,0.098388671875,0.0,0.0,66.5,29.6875,64.31230545043945,27.34375,89.75,48.0,85.53125,44.41152191162109,2.0,0.75,2.0546875,0.75,51.1875,18.3359375,49.6123046875,16.280410766601562,7.5,5.07647705078125,7.5,5.0,4.5,3.625,4.984375,3.9375,48.6875,17.0,47.11572265625,16.5,5.75,3.75,5.3125,3.4375,5.0625,3.5,3.875,2.5,99.2119140625,94.125,638.5,0,0,0,0,0,0,0,0,0,0,0,0,0,0,177.8,180.34,145.0,0.0,0.25,0.5925,0.5349999999999999,0.2525,0.075,0.5,0.5,0.0,0.0,41.25,23.75,53.5,27.5,67.5,48.0,104.25,73.75,11.25,3.0,2.5,0.75,36.0,19.5,37.5,13.0,4.0,3.0,5.0,4.5,1.25,1.25,11.0,10.0,30.25,13.0,40.5,15.0,2.0,1.75,6.75,6.5,9.0,9.0,6.25,6.0,358.0,136.25,762.5,8,0,1,0,1,2,1,0,0,0,1,0,1,0,170.18,175.26,145.0,23.0,37.0,0,0,1,0,0,0,0,0,0,0,0,0,0,0,0,1,0,0,0,0,1,0,0,0
Blue,False,0.533203125,0.1328125,0.434921875,0.25513671875,0.3958203125,0.145625,1.73828125,0.0625,0.5625,0.09375,100.71875,50.14453125,74.78515625,21.806640625,117.3515625,66.0078125,76.537109375,23.40234375,0.955078125,0.4140625,4.43359375,0.875,65.759765625,30.423828125,61.552734375,13.119140625,21.31640625,9.201171875,9.6875,6.4765625,13.642578125,10.51953125,3.544921875,2.2109375,83.96484375,36.490234375,63.111328125,18.158203125,2.5390625,2.19140625,7.673828125,1.6484375,14.21484375,11.462890625,4.0,2.0,81.046875,127.81640625,636.40234375,19,1,3,0,6,9,1,0,0,1,2,2,3,1,180.34,193.04,155.0,0.091796875,0.033203125,0.428486328125,0.30884765625,0.00048828125,0.25408203125,0.015625,0.078369140625,0.0,0.0,114.4736328125,49.272216796875,142.158447265625,41.3876953125,114.521240234375,49.28466796875,145.20263671875,44.36669921875,1.01708984375,0.0009765625,1.30322265625,0.271728515625,71.174560546875,17.5751953125,111.666015625,22.983642578125,24.5517578125,17.121337890625,14.854736328125,6.899169921875,18.747314453125,14.57568359375,15.6376953125,11.5048828125,113.3349609375,48.741455078125,138.306640625,39.3037109375,0.634033203125,0.13232421875,1.894775390625,1.0185546875,0.504638671875,0.3984375,1.95703125,1.0654296875,1.244873046875,28.3544921875,824.96826171875,30,0,4,0,4,10,3,0,1,1,3,5,0,0,180.34,190.5,145.0,31.0,29.0,0,0,0,0,0,0,1,0,0,0,0,0,0,0,0,1,0,0,0,0,1,0,0,0
Blue,False,0.0001220703125,0.1895751953125,0.467740478515625,0.4837799072265624,0.335352783203125,0.035869140625,0.50970458984375,0.0787353515625,0.0625,0.0631103515625,134.154296875,59.04461669921875,70.08636474609375,27.189453125,172.79791259765625,92.495849609375,90.56634521484376,43.60858154296875,7.81256103515625,2.87713623046875,0.4029541015625,0.104248046875,117.51214599609376,47.30975341796875,58.2144775390625,18.42510986328125,11.236328125,6.878173828125,9.4180908203125,6.7169189453125,5.40582275390625,4.856689453125,2.45379638671875,2.04742431640625,116.98236083984376,46.6517333984375,60.726806640625,20.0704345703125,10.7186279296875,7.0352783203125,7.47406005859375,5.55084228515625,6.45330810546875,5.35760498046875,1.885498046875,1.56817626953125,352.989013671875,18.07598876953125,785.6166381835938,37,0,4,0,4,9,6,0,0,3,3,1,1,1,177.8,177.8,155.0,0.0009803771972656,0.32421875,0.4923800277709961,0.367720947265625,0.6009135055541992,0.1647317504882812,0.1834716796875,0.0400390625,0.2193031311035156,0.0156936645507812,50.69599914550781,22.517162322998047,76.09969329833984,31.006423950195312,62.96942901611328,32.718902587890625,81.79425048828125,36.13770294189453,1.995136260986328,0.9543075561523438,1.4273681640625,0.470306396484375,48.73261642456055,20.936607360839844,60.824249267578125,19.82787704467773,1.6115608215332031,1.2599983215332031,11.491447448730469,7.977375030517578,0.3518218994140625,0.320556640625,3.78399658203125,3.201171875,39.996280670166016,12.725833892822266,68.40988159179688,25.896045684814453,1.6927375793457031,1.246112823486328,5.717048645019531,4.096443176269531,9.006980895996094,8.545215606689453,1.9727630615234373,1.013935089111328,85.78365707397461,31.19690322875977,366.6029090881348,36,0,3,0,3,12,7,0,0,0,1,3,7,1,177.8,180.34,155.0,33.0,31.0,0,0,0,0,0,0,1,0,0,0,0,0,0,0,0,0,0,1,0,0,1,0,0,0
Red,False,0.314453125,0.0625,0.40539794921875,0.20015625,0.57814453125,0.07353515625,0.00390625,1.062744140625,0.0,0.0,25.23828125,10.352294921875,31.904296875,12.0517578125,37.77197265625,21.1640625,61.4638671875,38.046875,3.560791015625,1.375732421875,0.16650390625,0.0986328125,22.22705078125,7.840087890625,24.036376953125,5.38037109375,1.81787109375,1.447265625,7.113525390625,5.95751953125,1.193359375,1.06494140625,0.75439453125,0.7138671875,15.583251953125,4.818603515625,22.541748046875,5.77880859375,5.666015625,3.502197265625,9.09326171875,6.00390625,3.989013671875,2.031494140625,0.269287109375,0.26904296875,180.78125,14.045654296875,322.3408203125,34,0,1,0,4,9,4,0,0,1,4,3,1,0,172.72,180.34,170.0,0.0625,0.3125,0.391875,0.49875,0.291875,0.41375,0.1875,1.25,0.4375,0.0,111.75,44.0,77.9375,35.625,140.75,70.5,117.0625,67.5625,3.75,2.1875,8.375,3.3125,74.875,20.0,64.0,25.5,25.6875,15.375,8.8125,6.0,11.1875,8.625,5.125,4.125,89.0,28.75,56.375,19.75,12.1875,7.875,5.3125,3.0625,10.5625,7.375,16.25,12.8125,246.0,466.5625,1200.0,17,0,4,0,4,4,1,0,0,0,4,0,0,0,185.42,187.96,170.0,35.0,32.0,0,0,0,0,0,0,0,0,0,1,0,0,0,0,0,1,0,0,0,0,0,0,1,0
Red,False,0.0,0.0,0.47,0.59,0.0,0.3,0.0,0.0,0.0,0.0,36.0,17.0,59.0,35.0,43.0,23.0,161.0,124.0,0.0,0.0,13.0,4.0,28.0,11.0,47.0,25.0,6.0,4.0,6.0,5.0,2.0,2.0,6.0,5.0,29.0,12.0,26.0,10.0,7.0,5.0,6.0,3.0,0.0,0.0,27.0,22.0,0.0,547.0,900.0,3,0,0,1,0,0,1,0,0,0,0,0,0,0,180.34,180.34,230.0,0.0943717956542968,0.268798828125,0.4544659805297851,0.4987321662902831,0.1681147956848144,0.1250045776367187,0.513763427734375,0.0,0.0,1.9073486328125e-06,38.35870742797852,15.470830917358398,52.2592887878418,21.954818725585938,53.11722946166992,29.60329246520996,61.331186294555664,29.511030197143555,4.356924057006836,1.157644271850586,0.6271419525146484,0.1250457763671875,31.720308303833008,11.797500610351562,48.83677864074707,19.427045822143555,3.278915405273437,1.5727005004882812,1.8741207122802732,1.3545684814453125,3.3594837188720703,2.1006298065185547,1.5483894348144531,1.1732044219970703,23.781103134155277,7.306512832641602,33.5345458984375,8.885929107666016,3.1225719451904297,1.837213516235352,3.3317317962646484,1.6807785034179688,11.455032348632812,6.327104568481445,15.393011093139648,11.388111114501951,201.7840003967285,47.70050621032715,560.4344997406006,33,1,4,0,4,11,9,0,0,0,0,7,4,0,187.96,193.04,242.0,32.0,36.0,0,0,0,0,1,0,0,0,0,0,0,0,0,0,0,1,0,0,0,0,1,0,0,0
Red,False,0.55859375,0.626953125,0.644658203125,0.41603515625,0.3638671874999999,0.0,0.09375,0.001953125,0.0,0.0,63.2744140625,35.3955078125,96.4697265625,40.8857421875,68.759765625,40.7509765625,117.490234375,61.8984375,5.3095703125,2.6650390625,0.318359375,0.0,53.818359375,28.6884765625,74.341796875,28.0810546875,2.943359375,1.8447265625,19.0732421875,10.1865234375,6.5126953125,4.8623046875,3.0546875,2.6181640625,43.4931640625,20.328125,90.1728515625,35.71875,4.384765625,2.259765625,0.791015625,0.2861328125,15.396484375,12.8076171875,5.505859375,4.880859375,211.2314453125,10.94140625,607.611328125,24,3,2,0,5,8,3,0,0,0,3,5,0,0,167.64,167.64,145.0,0.01953125,0.009765625,0.3962336730957031,0.3123611450195312,0.4874604034423828,0.0089411926269531,0.5355224609375,0.103607177734375,0.0009841918945312,0.0,223.2235412597656,85.06684875488281,125.03020477294922,40.184356689453125,289.8147659301758,141.58435821533203,142.10260009765625,56.37615203857422,11.051048278808594,4.893035888671875,1.8203353881835935,0.0167770385742187,179.11331176757812,53.888404846191406,109.0423583984375,29.824722290039062,23.89411163330078,14.38860321044922,12.189163208007812,7.2067718505859375,20.21611785888672,16.789840698242188,3.798683166503906,3.152862548828125,170.78749084472656,47.92646026611328,120.42863464355467,37.263160705566406,16.109207153320312,10.52936553955078,3.3308868408203125,1.95916748046875,36.32684326171875,26.61102294921875,1.2706832885742188,0.9620285034179688,445.230110168457,1.0671005249023438,1379.1604232788086,68,7,3,0,5,13,5,0,0,0,8,3,2,0,167.64,172.72,135.0,30.0,34.0,0,0,1,0,0,0,0,0,0,0,0,0,0,0,0,1,0,0,0,0,1,0,0,0
Blue,False,0.0,0.0,0.53,0.49,0.0,1.0,0.0,2.0,1.0,0.0,13.0,7.0,53.0,26.0,33.0,24.0,115.0,85.0,0.0,0.0,3.0,3.0,12.0,6.0,48.0,22.0,1.0,1.0,5.0,4.0,0.0,0.0,0.0,0.0,7.0,2.0,7.0,0.0,0.0,0.0,0.0,0.0,6.0,5.0,46.0,26.0,15.0,835.0,900.0,3,0,0,1,0,0,1,0,0,0,0,0,0,0,165.1,167.64,125.0,1.0,0.0,0.25,0.32,0.5,0.32,0.5,0.5,0.5,0.0,148.5,39.0,117.0,38.5,162.0,51.5,157.5,66.0,1.0,1.0,7.5,4.5,137.5,33.0,101.0,28.5,10.0,5.5,9.5,4.0,1.0,0.5,6.5,6.0,129.5,28.5,107.5,33.0,6.0,2.5,8.5,4.5,13.0,8.0,1.0,1.0,81.5,199.5,900.0,6,0,0,1,1,1,1,0,0,1,0,0,0,0,167.64,172.72,135.0,25.0,24.0,0,0,0,1,0,0,0,0,0,0,0,0,0,0,0,1,0,0,0,0,1,0,0,0
Red,False,0.015625,0.0,0.45,0.4275,0.25,0.2,0.148468017578125,0.098388671875,0.0,0.0,66.5,29.6875,64.31230545043945,27.34375,89.75,48.0,85.53125,44.41152191162109,2.0,0.75,2.0546875,0.75,51.1875,18.3359375,49.6123046875,16.280410766601562,7.5,5.07647705078125,7.5,5.0,4.5,3.625,4.984375,3.9375,48.6875,17.0,47.11572265625,16.5,5.75,3.75,5.3125,3.4375,5.0625,3.5,3.875,2.5,99.2119140625,94.125,638.5,0,0,0,0,0,0,0,0,0,0,0,0,0,0,180.34,180.34,155.0,0.0471682548522949,0.0,0.45,0.4217682266235352,0.25,0.19173828125,0.1875,0.125,0.0,0.0,69.5,30.5,66.984375,27.8466796875,94.0,48.544921875,88.50390625,44.75,2.0,0.8125,2.015625,0.6640625,54.0,19.01513671875,51.483436584472656,16.9437255859375,7.91796875,5.430633544921875,7.75,5.0625,4.780975341796875,3.9373779296875,4.8994140625,3.84375,51.025390625,18.400863647460938,50.515625,17.5,5.75,3.75,5.5,3.5,5.375,3.6875,4.0,2.65625,104.865234375,89.5,655.8441009521484,0,0,0,0,0,0,0,0,0,0,0,0,0,0,172.72,172.72,155.0,33.0,29.0,0,0,0,0,0,0,1,0,0,0,0,0,0,0,0,1,0,0,0,0,1,0,0,0
Blue,False,0.03125,0.0,0.44125,0.49125,0.43453125,0.11125,0.171875,0.25,0.0625,0.25,90.859375,40.78125,77.921875,40.78125,134.453125,76.5625,97.984375,57.15625,5.78125,2.65625,3.9375,0.625,77.703125,30.25,57.453125,23.859375,10.328125,7.765625,10.953125,9.09375,2.828125,2.765625,9.515625,7.828125,73.984375,27.84375,66.03125,30.734375,8.21875,6.4375,9.171875,8.078125,8.65625,6.5,2.71875,1.96875,260.265625,137.734375,724.40625,15,1,2,0,2,5,2,0,0,0,2,0,3,0,185.42,190.5,170.0,0.0005340576171875,0.125,0.3946112632751465,0.3986198425292969,0.4068855476379395,0.1373640632629394,0.8691501617431641,0.314523696899414,0.2656879425048828,0.0156364440917968,74.75860786437988,30.779300689697266,80.24694442749023,31.175485610961918,88.22640419006348,42.984153747558594,99.1328010559082,48.42316818237305,2.394287109375,1.1864032745361328,4.380748748779297,0.5861873626708984,52.96090507507324,14.051189422607422,60.08633041381836,18.897384643554688,8.89556884765625,5.485162734985352,12.53005027770996,6.4953155517578125,12.90213394165039,11.242948532104492,7.630563735961914,5.782785415649414,68.10675239562988,26.70475959777832,69.29482841491699,24.686050415039062,5.207302093505859,2.701641082763672,6.193647384643555,3.2811756134033203,1.4445533752441406,1.3729000091552734,4.758468627929688,3.2082595825195312,80.33868217468262,265.2594051361084,782.334005355835,47,0,2,0,7,14,6,0,0,1,5,2,6,0,172.72,180.34,155.0,28.0,32.0,0,0,0,0,0,0,1,0,0,0,0,0,0,0,0,0,0,1,0,0,0,0,1,0
Blue,False,0.0,0.25,0.58125,0.35875,0.625,0.0,0.375,0.0,0.0,0.5,60.75,35.5,86.125,33.75,62.5,37.0,91.25,37.75,3.375,1.75,0.0,0.0,51.25,27.75,71.625,22.875,5.75,5.125,8.25,5.125,3.75,2.625,6.25,5.75,54.875,31.75,82.375,31.125,2.0,0.875,1.375,1.0,3.875,2.875,2.375,1.625,168.625,21.125,709.5,10,1,0,1,3,3,1,0,0,0,1,0,2,0,182.88,182.88,170.0,0.125,0.125,0.40375,0.3424999999999999,0.1625,0.4575,0.125,0.875,0.0,0.0,70.5,26.0,35.5,13.5,81.25,35.0,44.25,21.125,2.875,1.375,2.25,1.5,55.875,16.625,28.625,9.125,7.875,5.5,3.0,1.5,6.75,3.875,3.875,2.875,58.125,18.25,28.375,8.125,6.375,3.25,3.375,2.375,6.0,4.5,3.75,3.0,86.375,72.875,435.875,6,0,1,0,2,3,1,0,0,0,1,2,0,0,182.88,185.42,185.0,33.0,28.0,0,0,0,0,0,0,0,0,0,1,0,0,0,0,0,1,0,0,0,0,1,0,0,0
Blue,False,0.8125,0.0,0.5743750000000001,0.09125,0.0,0.125,0.0,0.1875,0.0,0.0,28.6875,12.4375,22.0,5.6875,29.5,13.25,22.0,5.6875,0.3125,0.0,0.125,0.125,18.8125,5.625,17.8125,3.1875,3.6875,1.8125,1.875,0.5,6.1875,5.0,2.3125,2.0,22.625,7.5625,21.25,5.4375,2.125,2.125,0.25,0.125,3.9375,2.75,0.5,0.125,10.75,1.0625,162.25,7,0,0,1,2,3,2,0,0,0,0,3,0,0,187.96,193.04,205.0,0.0,0.0,0.445,0.3625,0.605,0.29,0.0,0.0,0.0,0.0,108.75,48.5,42.25,15.25,145.0,78.0,47.75,20.25,4.5,2.5,2.5,1.5,80.25,30.75,31.25,8.25,19.0,11.75,7.75,4.75,9.5,6.0,3.25,2.25,71.5,21.0,37.75,12.0,12.25,8.75,4.5,3.25,25.0,18.75,0.0,0.0,226.25,87.75,643.75,7,1,3,0,3,3,0,0,0,0,1,2,0,0,185.42,190.5,185.0,31.0,27.0,0,0,0,0,0,0,0,1,0,0,0,0,0,0,0,1,0,0,0,0,1,0,0,0
Red,False,0.0,0.0,0.6000000000000001,0.605,0.435,0.25,1.25,0.75,0.75,0.25,115.0,68.5,47.5,29.0,244.5,174.0,83.0,59.5,6.25,2.75,4.25,1.25,79.75,43.5,32.75,18.0,28.25,20.5,12.0,8.5,7.0,4.5,2.75,2.5,34.0,13.25,21.25,11.5,54.5,35.75,23.25,15.0,26.5,19.5,3.0,2.5,489.75,110.25,749.0,9,0,3,0,3,3,0,0,0,0,1,1,1,0,162.56,165.1,115.0,0.0,0.0,0.385,0.5,0.665,0.355,0.5,0.5,0.0,0.0,52.5,20.5,56.0,27.0,54.5,21.5,103.0,61.5,2.0,1.0,3.5,2.5,42.5,14.0,48.5,22.0,7.5,4.5,6.0,4.0,2.5,2.0,1.5,1.0,43.5,16.5,32.0,10.0,7.0,3.0,12.0,7.0,2.0,1.0,12.0,10.0,47.5,156.5,426.5,4,1,0,1,1,1,1,0,0,0,0,0,1,0,165.1,165.1,115.0,21.0,23.0,0,0,0,0,0,0,0,0,0,0,0,0,0,1,0,1,0,0,0,0,1,0,0,0
Red,False,0.0,0.0,0.26,0.42,0.355,0.0,0.0,1.0,0.0,1.0,65.0,13.5,69.5,29.0,95.0,41.0,110.0,64.0,7.5,2.5,0.0,0.0,60.0,11.5,50.0,15.5,4.5,2.0,9.5,4.0,0.5,0.0,10.0,9.5,57.5,8.5,42.5,15.5,4.0,3.0,11.0,6.5,3.5,2.0,16.0,7.0,285.0,110.0,654.5,5,0,0,1,1,1,1,0,0,0,1,0,0,0,177.8,185.42,155.0,0.0,0.0,0.67,0.33,1.0,0.0,0.0,0.0,0.0,0.0,31.0,21.0,3.0,1.0,31.0,21.0,3.0,1.0,1.0,1.0,0.0,0.0,29.0,19.0,1.0,0.0,1.0,1.0,0.0,0.0,1.0,1.0,2.0,1.0,4.0,3.0,3.0,1.0,11.0,8.0,0.0,0.0,16.0,10.0,0.0,0.0,0.0,9.0,57.0,1,0,1,0,1,1,0,0,0,0,0,1,0,0,182.88,180.34,170.0,25.0,19.0,0,0,0,0,0,0,1,0,0,0,0,0,0,0,0,1,0,0,0,0,1,0,0,0
Red,False,0.5,0.0,0.4375,0.2299999999999999,0.0,0.0925,0.25,0.0,0.0,0.0,69.75,25.25,91.25,24.0,70.5,25.75,101.75,34.0,1.5,0.0,2.5,0.75,51.25,11.5,79.0,14.75,4.25,3.25,5.75,3.5,14.25,10.5,6.5,5.75,68.25,23.75,85.25,18.25,1.5,1.5,3.0,3.0,0.0,0.0,3.0,2.75,2.0,73.75,588.5,7,0,0,1,2,2,1,0,0,0,1,1,0,0,170.18,180.34,135.0,0.0,0.0,0.5800000000000001,0.3125,0.5,0.165,1.25,0.25,0.0,0.0,73.75,43.0,45.75,14.75,119.25,86.5,56.25,23.75,9.75,3.25,2.0,1.0,45.0,19.5,33.0,7.5,16.75,14.25,9.75,5.5,12.0,9.25,3.0,1.75,33.75,11.75,34.25,7.75,23.75,18.75,10.5,6.5,16.25,12.5,1.0,0.5,475.75,63.25,798.0,9,0,3,0,3,3,0,0,0,0,1,1,1,0,170.18,180.34,135.0,37.0,26.0,1,0,0,0,0,0,0,0,0,0,0,0,0,0,0,1,0,0,0,0,1,0,0,0
Red,False,0.06298828125,0.25390625,0.5875390625,0.53406982421875,0.11038818359375,0.0926904296874999,0.018310546875,0.526123046875,0.00830078125,0.190185546875,63.90869140625,36.2783203125,80.0927734375,42.5712890625,93.06298828125,63.7197265625,101.18310546875,62.238525390625,1.7890625,0.4814453125,2.30859375,0.4814453125,46.665771484375,22.080078125,47.502197265625,17.13525390625,6.67822265625,4.584228515625,18.801513671875,14.144775390625,10.564697265625,9.614013671875,13.7890625,11.291259765625,42.916748046875,23.1796875,57.22607421875,23.50048828125,20.00927734375,12.20947265625,18.513427734375,14.883544921875,0.982666015625,0.88916015625,4.353271484375,4.187255859375,110.6689453125,93.667236328125,708.17626953125,35,0,4,0,4,7,6,0,0,4,1,2,0,0,170.18,182.88,170.0,0.50390625,0.0,0.42291015625,0.47853515625,0.30078125,0.5312890625,0.265625,0.5,0.01171875,0.001953125,71.25390625,29.365234375,75.890625,28.189453125,83.06640625,40.671875,80.3359375,31.962890625,1.81640625,0.640625,2.482421875,0.6953125,51.298828125,19.078125,61.255859375,19.56640625,16.10546875,6.75390625,11.568359375,6.32421875,3.849609375,3.533203125,3.06640625,2.298828125,58.220703125,21.185546875,66.3046875,20.970703125,7.8125,5.064453125,8.1640625,6.08984375,5.220703125,3.115234375,1.421875,1.12890625,78.82421875,76.041015625,475.24609375,24,0,2,0,4,6,4,0,0,1,2,2,1,0,187.96,190.5,170.0,32.0,31.0,0,0,0,0,0,0,0,0,0,1,0,0,0,0,0,1,0,0,0,0,1,0,0,0
Red,False,0.015625,0.0,0.45,0.4275,0.25,0.2,0.148468017578125,0.098388671875,0.0,0.0,66.5,29.6875,64.31230545043945,27.34375,89.75,48.0,85.53125,44.41152191162109,2.0,0.75,2.0546875,0.75,51.1875,18.3359375,49.6123046875,16.280410766601562,7.5,5.07647705078125,7.5,5.0,4.5,3.625,4.984375,3.9375,48.6875,17.0,47.11572265625,16.5,5.75,3.75,5.3125,3.4375,5.0625,3.5,3.875,2.5,99.2119140625,94.125,638.5,0,0,0,0,0,0,0,0,0,0,0,0,0,0,177.8,175.26,170.0,0.0471682548522949,0.0,0.45,0.4217682266235352,0.25,0.19173828125,0.1875,0.125,0.0,0.0,69.5,30.5,66.984375,27.8466796875,94.0,48.544921875,88.50390625,44.75,2.0,0.8125,2.015625,0.6640625,54.0,19.01513671875,51.483436584472656,16.9437255859375,7.91796875,5.430633544921875,7.75,5.0625,4.780975341796875,3.9373779296875,4.8994140625,3.84375,51.025390625,18.400863647460938,50.515625,17.5,5.75,3.75,5.5,3.5,5.375,3.6875,4.0,2.65625,104.865234375,89.5,655.8441009521484,0,0,0,0,0,0,0,0,0,0,0,0,0,0,185.42,187.96,170.0,37.0,28.0,0,0,0,0,0,0,0,0,0,1,0,0,0,0,0,0,0,1,0,0,0,0,1,0
Red,False,0.0,0.0,0.36,0.31,0.0,0.2,0.0,0.0,0.0,0.0,111.0,41.0,140.0,44.0,143.0,69.0,153.0,56.0,1.0,0.0,10.0,2.0,94.0,28.0,114.0,27.0,12.0,9.0,23.0,15.0,5.0,4.0,3.0,2.0,88.0,26.0,118.0,29.0,21.0,13.0,22.0,15.0,2.0,2.0,0.0,0.0,181.0,223.0,900.0,3,0,0,1,0,0,1,0,0,0,0,0,0,0,180.34,180.34,170.0,0.25,0.625,0.3199999999999999,0.43625,0.0825,0.1875,0.0,0.0,0.0,0.25,104.375,33.375,123.5,53.375,108.25,36.75,132.625,61.625,2.25,0.25,2.25,1.125,84.375,22.375,100.75,36.375,13.625,6.125,13.0,8.5,6.375,4.875,9.75,8.5,99.5,31.125,104.375,39.75,4.0,1.875,5.75,3.875,0.875,0.375,13.375,9.75,38.5,90.0,591.0,9,0,0,1,2,2,2,0,0,0,1,1,0,0,182.88,185.42,170.0,27.0,29.0,0,0,0,0,0,0,0,0,0,1,0,0,0,0,0,1,0,0,0,0,1,0,0,0
Red,False,0.0,0.0,0.42625,0.51625,0.25,0.72125,0.75,0.5,0.375,0.0,32.25,13.625,50.25,25.25,71.375,48.25,78.125,49.0,6.375,3.0,5.375,3.75,22.125,6.5,32.625,11.375,6.5,4.625,6.25,4.375,3.625,2.5,11.375,9.5,20.0,6.125,12.875,3.375,7.75,6.25,13.0,10.625,4.5,1.25,24.375,11.25,219.75,405.125,795.375,10,1,0,3,1,1,3,0,0,1,0,0,0,0,175.26,182.88,145.0,0.0,0.0,0.475,0.335,0.25,0.0,0.0,0.0,0.0,0.0,81.0,37.5,63.5,19.5,86.0,42.0,63.5,19.5,3.0,1.5,0.0,0.0,69.0,29.5,47.0,11.0,11.0,7.0,6.5,2.0,1.0,1.0,10.0,6.5,62.5,28.0,59.5,18.0,11.0,6.0,4.0,1.5,7.5,3.5,0.0,0.0,25.0,0.0,580.5,4,0,2,0,2,2,0,0,0,0,1,1,0,0,172.72,172.72,145.0,31.0,24.0,0,0,1,0,0,0,0,0,0,0,0,0,0,0,0,1,0,0,0,0,1,0,0,0
Red,False,0.0,1.0,0.45,0.67,0.16,0.0,0.0,0.0,0.0,1.0,91.0,41.0,159.0,107.0,113.0,60.0,199.0,140.0,12.0,2.0,1.0,0.0,52.0,15.0,113.0,68.0,21.0,11.0,38.0,31.0,18.0,15.0,8.0,8.0,70.0,26.0,63.0,32.0,21.0,15.0,87.0,68.0,0.0,0.0,9.0,7.0,336.0,261.0,900.0,3,0,0,1,0,0,1,0,0,0,0,0,0,0,160.02,160.02,115.0,0.0,0.0,0.495,0.48,0.75,0.45,0.0,2.5,0.0,0.5,119.5,54.5,108.5,52.5,164.0,92.5,181.0,110.0,4.5,3.5,5.5,2.5,90.5,32.0,79.5,36.5,18.0,13.5,15.5,9.0,11.0,9.0,13.5,7.0,76.5,30.0,52.5,20.5,32.0,16.0,35.0,18.5,11.0,8.5,21.0,13.5,251.0,258.0,784.5,6,0,0,2,0,0,2,0,0,0,0,0,0,0,162.56,165.1,115.0,34.0,24.0,0,0,0,0,0,0,0,0,0,0,0,0,0,1,0,1,0,0,0,0,1,0,0,0
Red,False,0.0,0.0,0.365,0.485,0.33,0.21,0.5,0.0,0.0,0.0,123.0,41.0,86.0,30.5,138.0,53.0,100.0,44.0,1.5,1.0,3.5,1.5,94.5,23.5,74.0,22.0,18.0,11.0,6.0,4.5,10.5,6.5,6.0,4.0,112.5,37.0,76.0,25.0,10.5,4.0,10.0,5.5,0.0,0.0,0.0,0.0,99.0,93.5,599.5,4,0,0,1,1,1,1,0,0,1,0,0,0,0,190.5,198.12,230.0,0.375,0.0,0.4475,0.2725,0.49,0.525,0.25,0.25,0.125,0.125,96.125,42.0,147.875,44.375,118.5,60.375,157.0,53.0,2.75,1.25,3.5,1.625,76.25,27.5,108.625,19.625,8.625,5.5,19.375,9.625,11.25,9.0,19.875,15.125,86.0,32.875,138.125,38.125,2.25,2.25,8.375,5.25,7.875,6.875,1.375,1.0,100.0,90.375,860.875,11,0,0,1,1,1,3,0,0,0,0,1,0,0,177.8,185.42,185.0,27.0,30.0,0,0,0,0,0,0,0,1,0,0,0,0,0,0,0,1,0,0,0,0,0,0,1,0
Red,False,0.0,1.0,0.61,0.64,0.0,0.75,0.0,0.0,0.0,0.0,92.0,57.0,140.0,90.0,147.0,106.0,303.0,227.0,0.0,0.0,4.0,3.0,83.0,49.0,99.0,57.0,5.0,4.0,22.0,16.0,4.0,4.0,19.0,17.0,66.0,39.0,83.0,55.0,14.0,9.0,30.0,21.0,12.0,9.0,27.0,14.0,0.0,647.0,900.0,3,0,0,1,0,0,1,0,0,0,0,0,0,0,170.18,170.18,125.0,0.0,0.0,0.52,0.48,0.0,0.5,0.0,0.0,0.0,0.0,111.0,58.0,223.0,109.0,116.0,63.0,271.0,147.0,3.0,0.0,4.0,2.0,60.0,22.0,119.0,41.0,22.0,17.0,41.0,27.0,29.0,19.0,63.0,41.0,97.0,50.0,164.0,70.0,14.0,8.0,44.0,30.0,0.0,0.0,15.0,9.0,42.0,340.0,900.0,3,0,0,1,0,0,1,0,0,0,0,0,0,0,157.48000000000002,157.48,115.0,28.0,28.0,0,0,0,0,0,0,0,0,0,0,0,0,0,1,0,1,0,0,0,0,0,0,1,0
Red,False,0.0,0.0,0.24,0.56,1.0,1.0,0.0,3.0,0.0,1.0,53.0,13.0,96.0,54.0,72.0,32.0,145.0,103.0,5.0,5.0,2.0,2.0,51.0,12.0,65.0,29.0,1.0,1.0,22.0,18.0,1.0,0.0,9.0,7.0,49.0,10.0,51.0,21.0,2.0,1.0,10.0,10.0,2.0,2.0,35.0,23.0,325.0,363.0,900.0,3,0,0,1,0,0,1,0,0,0,0,0,0,0,185.42,200.66,170.0,0.31640625,0.251953125,0.5597003173828126,0.5222119140625,0.1453045654296875,0.023653564453125,0.56304931640625,0.003173828125,0.001220703125,0.0029296875,38.1490478515625,20.94451904296875,43.17645263671875,18.7623291015625,112.14593505859376,86.64447021484375,48.9818115234375,23.39495849609375,4.93756103515625,0.8453369140625,1.785400390625,0.13433837890625,32.89208984375,17.35565185546875,29.2628173828125,9.1207275390625,4.5120849609375,2.9124755859375,7.83038330078125,4.42169189453125,0.744873046875,0.6763916015625,6.083251953125,5.21990966796875,14.7611083984375,4.47198486328125,26.647216796875,9.080322265625,8.23406982421875,4.85894775390625,13.84185791015625,7.87286376953125,15.15386962890625,11.61358642578125,2.6873779296875,1.80914306640625,297.6246337890625,82.38629150390625,542.7214965820312,38,0,2,0,4,11,4,0,0,1,6,3,1,0,187.96,193.04,170.0,26.0,34.0,0,0,0,0,0,0,0,0,0,1,0,0,0,0,0,1,0,0,0,0,0,0,1,0
Blue,False,1.0,0.0,0.58,0.67,0.0,1.0,0.0,0.0,1.0,0.0,58.0,34.0,46.0,31.0,62.0,38.0,60.0,41.0,2.0,0.0,1.0,1.0,53.0,30.0,44.0,29.0,5.0,4.0,2.0,2.0,0.0,0.0,0.0,0.0,44.0,22.0,40.0,26.0,5.0,3.0,6.0,5.0,9.0,9.0,0.0,0.0,36.0,49.0,257.0,1,0,1,0,1,1,0,0,0,0,0,1,0,0,182.88,195.58,170.0,0.0,0.28125,0.374375,0.4334375,0.3796875,0.035,0.03125,0.125,0.0,0.0,102.9375,42.5625,128.71875,56.4375,133.0625,67.375,151.96875,77.625,3.84375,1.75,3.8125,0.5,96.6875,37.25,97.0625,33.375,4.5,4.03125,12.09375,9.125,1.75,1.28125,19.5625,13.9375,70.53125,25.34375,111.15625,46.0625,2.65625,1.375,11.28125,6.65625,29.75,15.84375,6.28125,3.71875,276.5,65.09375,800.875,16,0,1,0,1,2,4,0,0,1,1,0,0,0,177.8,190.5,170.0,33.0,40.0,0,0,0,0,0,0,0,0,0,1,0,0,0,0,0,1,0,0,0,0,1,0,0,0
Red,False,0.0,0.0,0.28,0.64,0.0,0.6,0.0,1.0,0.0,0.0,25.0,7.0,50.0,32.0,30.0,11.0,80.0,53.0,0.0,0.0,5.0,3.0,14.0,2.0,44.0,27.0,4.0,1.0,4.0,3.0,7.0,4.0,2.0,2.0,24.0,7.0,29.0,17.0,1.0,0.0,14.0,9.0,0.0,0.0,7.0,6.0,0.0,180.0,458.0,2,0,0,1,0,0,1,0,0,0,0,0,0,0,177.8,177.8,155.0,0.5,0.5,0.35,0.375,0.5,0.2875,0.0,0.5,0.5,0.25,60.25,21.0,60.0,22.0,63.0,23.75,65.0,25.75,1.0,0.5,4.0,2.25,51.5,15.75,44.25,11.5,5.0,3.0,9.25,5.75,3.75,2.25,6.5,4.75,54.0,18.25,49.75,16.5,2.75,0.5,5.75,3.25,3.5,2.25,4.5,2.25,25.75,114.5,523.25,7,0,0,1,1,1,2,0,0,0,0,1,0,0,175.26,180.34,155.0,32.0,32.0,0,0,0,0,0,0,1,0,0,0,0,0,0,0,0,1,0,0,0,0,0,0,0,1
Red,False,0.625,0.0859375,0.5046875,0.362265625,0.138671875,0.216875,0.140625,0.078125,0.125,0.0078125,85.125,41.890625,76.703125,27.7109375,94.7578125,50.3984375,80.6484375,31.5234375,0.875,0.46875,5.203125,0.734375,68.3671875,28.9453125,54.8125,13.9140625,10.1640625,8.3671875,11.8984375,5.828125,6.59375,4.578125,9.9921875,7.96875,70.8125,32.140625,73.0625,26.1015625,7.0703125,4.6875,2.890625,1.3359375,7.2421875,5.0625,0.75,0.2734375,70.328125,76.0,578.6484375,21,0,2,0,3,6,2,0,0,0,4,1,1,0,180.34,187.96,170.0,0.06689453125,0.126953125,0.42516845703125,0.37508056640625,0.35599365234375,0.422802734375,0.66162109375,0.03125,0.0625,0.000244140625,129.3544921875,55.759033203125,115.77099609375,41.019287109375,152.355712890625,75.737548828125,121.950927734375,46.49365234375,3.321533203125,1.72314453125,4.280517578125,1.7685546875,80.8427734375,18.39892578125,84.2509765625,18.7666015625,23.00537109375,16.044921875,20.5888671875,13.3828125,25.50634765625,21.315185546875,10.93115234375,8.869873046875,122.391845703125,50.881591796875,106.105224609375,35.16943359375,3.734375,1.839599609375,8.035888671875,5.582275390625,3.228271484375,3.037841796875,1.6298828125,0.267578125,166.0556640625,43.8203125,947.9921875,47,5,7,0,7,10,3,0,0,3,5,0,2,0,175.26,177.8,170.0,31.0,32.0,0,0,0,0,0,0,0,0,0,1,0,0,0,0,0,1,0,0,0,0,0,0,1,0
Red,False,0.25,0.03125,0.3466796875,0.4278125,0.559375,0.1878125,2.0703125,0.73046875,0.0625,0.0625,46.12109375,16.40625,43.28125,18.59765625,63.31640625,31.3828125,61.5390625,35.46484375,1.63671875,1.33984375,4.69921875,0.64453125,37.078125,11.17578125,30.82421875,10.51171875,6.109375,2.875,4.91796875,3.09375,2.93359375,2.35546875,7.5390625,4.9921875,33.83984375,8.1484375,40.375,16.61328125,6.26171875,3.45703125,2.3359375,1.546875,6.01953125,4.80078125,0.5703125,0.4375,299.375,58.515625,633.08203125,19,0,1,0,2,5,4,0,0,0,2,3,0,0,172.72,170.18,145.0,1.0,0.0,0.66,0.0,0.0,0.0,0.0,0.0,0.0,0.0,15.0,10.0,4.0,0.0,15.0,10.0,4.0,0.0,0.0,0.0,0.0,0.0,15.0,10.0,3.0,0.0,0.0,0.0,0.0,0.0,0.0,0.0,1.0,0.0,6.0,3.0,4.0,0.0,0.0,0.0,0.0,0.0,9.0,7.0,0.0,0.0,6.0,0.0,18.0,1,0,1,0,1,1,0,0,0,0,0,1,0,0,177.8,177.8,145.0,29.0,24.0,0,0,1,0,0,0,0,0,0,0,0,0,0,0,0,1,0,0,0,0,1,0,0,0
Blue,False,0.25,0.5,0.34,0.5425,0.0625,0.07,0.0,0.25,0.0,0.0,33.5,12.375,28.625,12.875,49.0,27.0,34.875,19.125,0.625,0.125,2.5,0.5,29.75,9.625,21.5,7.5,3.625,2.625,4.875,3.375,0.125,0.125,2.25,2.0,26.5,6.875,21.5,7.375,4.375,3.375,7.125,5.5,2.625,2.125,0.0,0.0,16.5,77.25,177.625,6,0,0,2,1,1,3,0,0,0,0,1,0,0,180.34,180.34,145.0,1.5,0.0,0.5349999999999999,0.53,0.8300000000000001,0.4599999999999999,0.5,0.0,0.0,0.0,95.0,53.0,39.5,21.5,132.5,82.5,124.0,92.5,2.0,1.5,9.5,4.5,76.5,39.0,35.0,17.5,9.5,6.5,3.5,3.0,9.0,7.5,1.0,1.0,21.5,9.0,13.0,4.0,39.0,26.5,16.0,9.5,34.5,17.5,10.5,8.0,344.0,421.5,900.0,6,0,1,0,1,1,1,0,0,1,0,0,0,0,175.26,175.26,145.0,29.0,34.0,0,0,1,0,0,0,0,0,0,0,0,0,0,0,0,1,0,0,0,0,1,0,0,0
Red,False,0.015625,0.0,0.45,0.4275,0.25,0.2,0.148468017578125,0.098388671875,0.0,0.0,66.5,29.6875,64.31230545043945,27.34375,89.75,48.0,85.53125,44.41152191162109,2.0,0.75,2.0546875,0.75,51.1875,18.3359375,49.6123046875,16.280410766601562,7.5,5.07647705078125,7.5,5.0,4.5,3.625,4.984375,3.9375,48.6875,17.0,47.11572265625,16.5,5.75,3.75,5.3125,3.4375,5.0625,3.5,3.875,2.5,99.2119140625,94.125,638.5,0,0,0,0,0,0,0,0,0,0,0,0,0,0,180.34,177.8,155.0,0.0,1.0,1.0,0.46,0.0,0.0,0.0,0.0,0.0,0.0,2.0,2.0,30.0,14.0,2.0,2.0,33.0,16.0,0.0,0.0,0.0,0.0,1.0,1.0,30.0,14.0,1.0,1.0,0.0,0.0,0.0,0.0,0.0,0.0,2.0,2.0,6.0,2.0,0.0,0.0,24.0,12.0,0.0,0.0,0.0,0.0,0.0,1.0,43.0,1,0,0,1,0,0,1,0,0,0,0,0,0,0,177.8,187.96,170.0,27.0,27.0,0,0,0,0,0,0,0,0,0,1,0,0,0,0,0,1,0,0,0,0,1,0,0,0
Blue,False,0.0,0.0,0.5,0.44,0.25,1.0,0.0,2.0,1.0,0.0,62.0,31.0,56.0,25.0,104.0,70.0,62.0,30.0,4.0,1.0,1.0,1.0,50.0,22.0,46.0,20.0,7.0,4.0,10.0,5.0,5.0,5.0,0.0,0.0,29.0,10.0,26.0,7.0,8.0,6.0,2.0,2.0,25.0,15.0,28.0,16.0,348.0,360.0,900.0,3,0,1,0,1,1,0,0,0,0,1,0,0,0,172.72,175.26,125.0,0.0,0.0,0.42,0.41,0.8300000000000001,0.125,0.5,0.0,0.0,0.0,91.5,38.5,55.0,19.5,116.5,59.0,62.5,26.5,2.5,2.0,2.0,0.5,66.0,21.5,31.0,3.5,13.5,8.0,5.0,3.0,12.0,9.0,19.0,13.0,84.0,33.5,54.5,19.5,2.5,1.5,0.5,0.0,5.0,3.5,0.0,0.0,157.0,15.5,749.5,5,1,2,0,2,2,0,0,0,0,1,1,0,0,162.56,162.56,145.0,29.0,33.0,1,0,0,0,0,0,0,0,0,0,0,0,0,0,0,1,0,0,0,0,0,0,1,0
Blue,False,1.0,0.0,0.2,0.18,0.25,0.0,0.0,0.0,0.0,0.0,98.0,20.0,79.0,15.0,98.0,20.0,90.0,25.0,8.0,2.0,0.0,0.0,87.0,16.0,64.0,8.0,9.0,3.0,4.0,1.0,2.0,1.0,11.0,6.0,93.0,19.0,78.0,14.0,5.0,1.0,1.0,1.0,0.0,0.0,0.0,0.0,42.0,0.0,694.0,3,0,1,0,1,1,0,0,0,0,0,1,0,0,160.02,165.1,125.0,0.0,0.0,0.24,0.5449999999999999,0.08,0.375,0.0,0.0,1.0,0.5,87.5,18.0,69.0,35.0,132.0,59.5,107.5,70.0,3.0,0.5,4.5,1.5,85.0,16.5,44.0,15.0,2.0,1.0,7.5,4.5,0.5,0.5,17.5,15.5,72.5,12.5,47.0,16.0,7.5,3.0,16.0,14.0,7.5,2.5,6.0,5.0,138.0,283.5,900.0,6,0,0,1,1,1,1,0,0,1,0,0,0,0,165.1,162.56,125.0,36.0,24.0,0,0,0,1,0,0,0,0,0,0,0,0,0,0,0,1,0,0,0,0,1,0,0,0
Blue,False,0.25,0.0,0.47,0.2774999999999999,0.2425,0.0,0.25,0.0,0.0,0.0,131.0,61.5,130.0,35.75,187.25,113.25,141.75,46.0,9.75,2.0,0.75,0.0,98.75,37.25,114.75,26.25,29.5,21.75,14.0,9.0,2.75,2.5,1.25,0.5,97.0,40.75,118.0,29.25,25.0,15.25,11.5,6.0,9.0,5.5,0.5,0.5,299.75,26.0,900.0,9,0,3,0,3,3,0,0,0,0,3,0,0,0,162.56,162.56,135.0,0.5,0.125,0.37625,0.3728125,0.571875,0.09375,0.125,0.03125,0.0,0.75,39.96875,15.34375,62.8125,24.09375,62.21875,34.0625,84.5,42.75,4.40625,2.75,5.59375,0.28125,37.6875,13.59375,49.9375,14.28125,1.65625,1.125,7.25,4.34375,0.625,0.625,5.625,5.46875,32.71875,10.75,44.0,12.40625,2.3125,1.3125,8.65625,6.34375,4.9375,3.28125,10.15625,5.34375,138.1875,211.65625,756.15625,13,0,0,1,3,4,2,0,0,0,3,0,1,0,165.1,170.18,125.0,28.0,30.0,0,0,0,1,0,0,0,0,0,0,0,0,0,0,0,1,0,0,0,0,1,0,0,0
Blue,False,0.0,0.0,0.55875,0.375625,0.46625,0.27375,0.4375,0.0,0.0,0.5625,44.9375,25.5,57.0625,20.8125,64.0625,43.875,81.5,41.8125,6.0,2.375,4.3125,1.5625,27.3125,12.625,41.8125,10.6875,10.125,7.3125,8.0,5.125,7.5,5.5625,7.25,5.0,39.625,21.1875,40.9375,11.375,5.3125,4.3125,11.4375,6.5,0.0,0.0,4.6875,2.9375,174.9375,201.1875,710.625,12,0,0,2,1,2,3,0,0,0,1,0,1,0,175.26,182.88,155.0,0.388671875,0.0,0.77908203125,0.18720703125,0.25365234375,0.1841796875,0.6953125,0.0859375,0.00390625,0.001953125,57.314453125,33.970703125,42.796875,16.03515625,96.703125,68.224609375,57.201171875,28.486328125,0.685546875,0.515625,3.259765625,1.19921875,45.888671875,24.111328125,32.892578125,8.34765625,6.55078125,5.28515625,5.81640625,4.34375,4.875,4.57421875,4.087890625,3.34375,40.162109375,19.46875,36.111328125,10.642578125,6.2265625,5.6484375,2.314453125,1.810546875,10.92578125,8.853515625,4.37109375,3.58203125,121.212890625,153.2265625,472.53515625,26,1,2,0,2,5,5,0,0,0,3,1,1,0,175.26,180.34,155.0,30.0,29.0,0,0,0,0,0,0,1,0,0,0,0,0,0,0,0,1,0,0,0,0,1,0,0,0
Red,False,0.015625,0.03125,0.42796875,0.33375,0.34375,0.1559375,0.140625,0.0,0.21875,0.078125,111.921875,46.234375,68.125,21.453125,157.828125,86.109375,75.8125,27.625,1.4375,0.71875,1.578125,0.28125,88.609375,29.921875,52.21875,11.3125,16.328125,10.359375,13.90625,8.921875,6.984375,5.953125,2.0,1.21875,93.734375,33.1875,61.9375,18.625,8.828125,5.671875,4.953125,2.671875,9.359375,7.375,1.234375,0.15625,148.703125,35.09375,661.46875,16,1,5,0,5,6,1,0,0,2,1,1,2,0,175.26,180.34,185.0,0.0078125,0.0,0.39666015625,0.5258447265625,0.36365234375,0.6539697265625,0.0625,0.27001953125,0.12548828125,0.0234375,89.96435546875,47.3173828125,43.65087890625,21.3427734375,140.60888671875,92.0224609375,62.4775390625,37.412109375,5.53857421875,2.583984375,2.962890625,2.13671875,80.7412109375,39.5009765625,30.31640625,10.646484375,6.1494140625,4.90478515625,5.18994140625,3.0849609375,3.07373046875,2.91162109375,8.14453125,7.611328125,62.44921875,27.484375,34.8310546875,15.845703125,9.67919921875,6.7587890625,3.67578125,2.10986328125,17.8359375,13.07421875,5.14404296875,3.38720703125,177.97216796875,220.59130859375,706.65478515625,31,0,1,0,7,9,3,0,0,0,5,3,1,0,190.5,203.2,170.0,24.0,28.0,0,0,0,0,0,0,0,0,0,1,0,0,0,0,0,0,0,1,0,0,1,0,0,0
Red,False,0.126495361328125,0.55078125,0.2583109474182129,0.4050857162475586,0.0491148948669433,0.8858438110351563,0.8164777755737305,0.0319881439208984,9.918212890625e-05,0.0004901885986328,129.7441701889038,34.37801265716553,141.88463020324707,58.00712871551514,134.60551929473877,38.84459686279297,145.85174655914307,61.20350646972656,1.9812679290771484,0.286905288696289,1.6660709381103516,1.447795867919922,100.6487808227539,18.4533634185791,115.06418132781982,38.76146697998047,23.037772178649902,12.781338691711426,21.89716148376465,15.67173957824707,6.0576171875,3.143310546875,4.923287391662598,3.5739221572875977,122.81751441955566,31.026652336120605,131.41489696502686,52.39804649353027,5.9180755615234375,2.710762023925781,7.203486442565918,3.60772705078125,1.008580207824707,0.6405982971191406,3.266246795654297,2.0013551712036133,29.99335765838623,60.05307292938232,900.7910318374634,58,2,6,0,6,14,7,0,0,3,6,5,0,0,177.8,182.88,170.0,0.2578125,1.0,0.41296875,0.588828125,0.046796875,0.1328125,0.4453125,0.1328125,0.390625,0.0,41.5,15.9453125,42.8359375,24.1328125,46.75,21.0390625,52.9140625,34.078125,2.0703125,0.3984375,1.09375,0.4453125,26.9140625,4.6953125,32.640625,16.921875,5.140625,4.1953125,4.5703125,2.8046875,9.4453125,7.0546875,5.625,4.40625,34.2578125,10.0546875,27.7734375,10.9765625,4.359375,4.0390625,5.890625,4.609375,2.8828125,1.8515625,9.171875,8.546875,78.4921875,89.53125,372.0390625,18,1,4,0,4,6,2,0,0,0,2,2,2,0,172.72,180.34,145.0,33.0,33.0,0,0,1,0,0,0,0,0,0,0,0,0,0,0,0,0,0,1,0,0,1,0,0,0
Red,True,0.015625,0.0,0.45,0.4275,0.25,0.2,0.148468017578125,0.098388671875,0.0,0.0,66.5,29.6875,64.31230545043945,27.34375,89.75,48.0,85.53125,44.41152191162109,2.0,0.75,2.0546875,0.75,51.1875,18.3359375,49.6123046875,16.280410766601562,7.5,5.07647705078125,7.5,5.0,4.5,3.625,4.984375,3.9375,48.6875,17.0,47.11572265625,16.5,5.75,3.75,5.3125,3.4375,5.0625,3.5,3.875,2.5,99.2119140625,94.125,638.5,0,0,0,0,0,0,0,0,0,0,0,0,0,0,177.8,177.8,170.0,0.0471682548522949,0.0,0.45,0.4217682266235352,0.25,0.19173828125,0.1875,0.125,0.0,0.0,69.5,30.5,66.984375,27.8466796875,94.0,48.544921875,88.50390625,44.75,2.0,0.8125,2.015625,0.6640625,54.0,19.01513671875,51.483436584472656,16.9437255859375,7.91796875,5.430633544921875,7.75,5.0625,4.780975341796875,3.9373779296875,4.8994140625,3.84375,51.025390625,18.400863647460938,50.515625,17.5,5.75,3.75,5.5,3.5,5.375,3.6875,4.0,2.65625,104.865234375,89.5,655.8441009521484,0,0,0,0,0,0,0,0,0,0,0,0,0,0,182.88,185.42,170.0,29.0,30.0,0,0,0,0,0,0,0,0,0,1,0,0,0,0,0,1,0,0,0,0,1,0,0,0
Blue,True,0.015625,0.0,0.45,0.4275,0.25,0.2,0.148468017578125,0.098388671875,0.0,0.0,66.5,29.6875,64.31230545043945,27.34375,89.75,48.0,85.53125,44.41152191162109,2.0,0.75,2.0546875,0.75,51.1875,18.3359375,49.6123046875,16.280410766601562,7.5,5.07647705078125,7.5,5.0,4.5,3.625,4.984375,3.9375,48.6875,17.0,47.11572265625,16.5,5.75,3.75,5.3125,3.4375,5.0625,3.5,3.875,2.5,99.2119140625,94.125,638.5,0,0,0,0,0,0,0,0,0,0,0,0,0,0,170.18,177.8,145.0,0.0471682548522949,0.0,0.45,0.4217682266235352,0.25,0.19173828125,0.1875,0.125,0.0,0.0,69.5,30.5,66.984375,27.8466796875,94.0,48.544921875,88.50390625,44.75,2.0,0.8125,2.015625,0.6640625,54.0,19.01513671875,51.483436584472656,16.9437255859375,7.91796875,5.430633544921875,7.75,5.0625,4.780975341796875,3.9373779296875,4.8994140625,3.84375,51.025390625,18.400863647460938,50.515625,17.5,5.75,3.75,5.5,3.5,5.375,3.6875,4.0,2.65625,104.865234375,89.5,655.8441009521484,0,0,0,0,0,0,0,0,0,0,0,0,0,0,177.8,177.8,145.0,26.0,25.0,0,0,0,0,0,0,1,0,0,0,0,0,0,0,0,1,0,0,0,0,1,0,0,0
Red,False,0.5,0.0,0.53,0.45,0.33,0.13,0.5,0.0,0.5,0.0,101.5,55.5,56.5,26.5,124.0,77.0,63.5,33.5,2.0,1.0,8.0,1.0,77.5,34.5,31.5,6.5,18.0,15.5,9.5,8.0,6.0,5.5,15.5,12.0,70.5,28.5,49.5,20.5,23.0,21.0,6.5,5.5,8.0,6.0,0.5,0.5,130.5,138.5,643.0,5,0,2,0,2,2,0,0,0,0,1,1,0,0,167.64,185.42,135.0,0.34375,0.0,0.359375,0.2709375,0.5237499999999999,0.3,0.03125,1.1875,0.53125,0.5,66.90625,25.46875,53.53125,13.625,95.25,51.8125,62.96875,22.53125,4.375,2.875,2.71875,1.25,48.4375,13.78125,47.5625,10.0625,12.6875,7.53125,5.25,3.34375,5.78125,4.15625,0.71875,0.21875,51.03125,15.875,46.65625,11.125,8.625,4.3125,6.375,2.125,7.25,5.28125,0.5,0.375,227.125,101.6875,566.46875,11,0,3,0,3,4,2,0,0,0,1,2,1,0,172.72,172.72,135.0,23.0,26.0,1,0,0,0,0,0,0,0,0,0,0,0,0,0,0,0,0,1,0,0,1,0,0,0
Blue,False,0.0,0.0,0.77,0.61,0.9,0.0,0.0,2.0,0.0,0.0,53.0,41.0,21.0,13.0,132.0,116.0,59.0,51.0,11.0,10.0,4.0,0.0,23.0,12.0,10.0,2.0,23.0,22.0,3.0,3.0,7.0,7.0,8.0,8.0,10.0,4.0,10.0,2.0,39.0,37.0,11.0,11.0,4.0,0.0,0.0,0.0,656.0,163.0,900.0,3,0,1,0,1,1,0,0,0,0,1,0,0,0,182.88,190.5,170.0,0.0,0.0,0.57,0.66,0.0,1.0,2.0,0.0,1.0,0.0,7.0,4.0,18.0,12.0,10.0,7.0,22.0,15.0,0.0,0.0,2.0,2.0,2.0,1.0,16.0,10.0,2.0,1.0,0.0,0.0,3.0,2.0,2.0,2.0,6.0,3.0,7.0,2.0,0.0,0.0,1.0,1.0,1.0,1.0,10.0,9.0,71.0,99.0,218.0,1,0,1,0,1,1,0,0,0,0,0,0,1,0,180.34,185.42,170.0,29.0,28.0,0,0,0,0,0,0,0,0,0,1,0,0,0,0,0,1,0,0,0,0,1,0,0,0
Blue,False,0.25,0.0,0.4287499999999999,0.3975,0.32125,0.5875,0.0,1.5,0.0,0.0,74.5,31.375,119.875,48.0,92.125,46.25,163.0,86.375,10.625,3.5,3.125,2.375,64.375,23.375,97.125,29.625,5.625,3.625,18.125,13.75,4.5,4.375,4.625,4.625,67.75,26.375,92.875,28.625,4.5,3.0,13.25,10.375,2.25,2.0,13.75,9.0,271.75,188.0,900.0,12,0,0,1,2,2,2,0,0,1,1,0,0,0,167.64,170.18,170.0,0.0,0.5,0.365,0.375,0.2,0.0,0.0,0.0,0.0,0.5,242.5,89.0,215.0,82.0,245.0,91.5,224.0,90.5,5.0,2.0,5.5,0.0,200.5,62.0,177.5,54.5,28.0,15.5,20.5,14.5,14.0,11.5,17.0,13.0,226.5,79.5,206.5,76.0,16.0,9.5,8.5,6.0,0.0,0.0,0.0,0.0,41.0,62.5,900.0,6,0,0,1,1,1,1,0,0,1,0,0,0,0,182.88,185.42,155.0,34.0,30.0,0,0,0,0,0,0,1,0,0,0,0,0,0,0,0,1,0,0,0,0,1,0,0,0
Blue,False,0.015625,0.0,0.45,0.4275,0.25,0.2,0.148468017578125,0.098388671875,0.0,0.0,66.5,29.6875,64.31230545043945,27.34375,89.75,48.0,85.53125,44.41152191162109,2.0,0.75,2.0546875,0.75,51.1875,18.3359375,49.6123046875,16.280410766601562,7.5,5.07647705078125,7.5,5.0,4.5,3.625,4.984375,3.9375,48.6875,17.0,47.11572265625,16.5,5.75,3.75,5.3125,3.4375,5.0625,3.5,3.875,2.5,99.2119140625,94.125,638.5,0,0,0,0,0,0,0,0,0,0,0,0,0,0,182.88,187.96,155.0,0.0471682548522949,0.0,0.45,0.4217682266235352,0.25,0.19173828125,0.1875,0.125,0.0,0.0,69.5,30.5,66.984375,27.8466796875,94.0,48.544921875,88.50390625,44.75,2.0,0.8125,2.015625,0.6640625,54.0,19.01513671875,51.483436584472656,16.9437255859375,7.91796875,5.430633544921875,7.75,5.0625,4.780975341796875,3.9373779296875,4.8994140625,3.84375,51.025390625,18.400863647460938,50.515625,17.5,5.75,3.75,5.5,3.5,5.375,3.6875,4.0,2.65625,104.865234375,89.5,655.8441009521484,0,0,0,0,0,0,0,0,0,0,0,0,0,0,167.64,167.64,170.0,25.0,23.0,0,0,0,0,0,0,0,0,0,1,0,0,0,0,0,1,0,0,0,0,1,0,0,0
Blue,False,0.015625,0.0,0.45,0.4275,0.25,0.2,0.148468017578125,0.098388671875,0.0,0.0,66.5,29.6875,64.31230545043945,27.34375,89.75,48.0,85.53125,44.41152191162109,2.0,0.75,2.0546875,0.75,51.1875,18.3359375,49.6123046875,16.280410766601562,7.5,5.07647705078125,7.5,5.0,4.5,3.625,4.984375,3.9375,48.6875,17.0,47.11572265625,16.5,5.75,3.75,5.3125,3.4375,5.0625,3.5,3.875,2.5,99.2119140625,94.125,638.5,0,0,0,0,0,0,0,0,0,0,0,0,0,0,180.34,180.34,155.0,0.0471682548522949,0.0,0.45,0.4217682266235352,0.25,0.19173828125,0.1875,0.125,0.0,0.0,69.5,30.5,66.984375,27.8466796875,94.0,48.544921875,88.50390625,44.75,2.0,0.8125,2.015625,0.6640625,54.0,19.01513671875,51.483436584472656,16.9437255859375,7.91796875,5.430633544921875,7.75,5.0625,4.780975341796875,3.9373779296875,4.8994140625,3.84375,51.025390625,18.400863647460938,50.515625,17.5,5.75,3.75,5.5,3.5,5.375,3.6875,4.0,2.65625,104.865234375,89.5,655.8441009521484,0,0,0,0,0,0,0,0,0,0,0,0,0,0,180.34,180.34,155.0,31.0,24.0,0,0,0,0,0,0,1,0,0,0,0,0,0,0,0,1,0,0,0,0,1,0,0,0
Blue,False,0.0,0.0,0.28625,0.3425,0.31125,0.2125,0.25,1.0,0.5,0.5,59.0,23.375,42.0,16.5,70.0,31.625,50.25,24.125,3.625,1.75,2.5,0.875,43.625,13.375,35.0,12.375,10.875,7.125,5.625,3.0,4.5,2.875,1.375,1.125,42.0,14.0,31.125,10.25,7.375,5.0,4.25,2.125,9.625,4.375,6.625,4.125,192.0,97.0,468.5,9,0,1,0,1,2,2,0,0,0,1,1,0,0,180.34,187.96,145.0,0.0,0.0,0.465,0.355,0.0,0.395,3.0,0.0,0.0,0.0,83.5,41.5,97.0,26.0,107.5,64.5,119.5,44.5,0.0,0.0,7.5,3.5,48.0,14.0,82.0,15.0,23.5,17.5,6.0,3.0,12.0,10.0,9.0,8.0,76.0,37.0,85.5,19.0,5.0,2.5,4.5,3.0,2.5,2.0,7.0,4.0,41.0,327.0,765.0,6,0,2,0,2,2,0,0,0,0,1,0,1,0,172.72,180.34,155.0,25.0,27.0,0,0,1,0,0,0,0,0,0,0,0,0,0,0,0,1,0,0,0,0,0,0,1,0
Red,False,0.25,0.62890625,0.411005859375,0.40232421875,0.343203125,0.35578125,0.0390625,1.3994140625,0.5625,0.0390625,61.7646484375,27.4638671875,82.201171875,33.4912109375,79.6904296875,43.7314453125,100.1103515625,46.162109375,3.16796875,1.802734375,8.1318359375,3.06640625,51.17578125,18.0615234375,66.1611328125,22.5234375,6.232421875,5.3671875,8.8125,6.037109375,4.3564453125,4.03515625,7.2275390625,4.9306640625,48.130859375,18.30859375,64.1298828125,23.4951171875,9.9453125,6.7451171875,8.068359375,5.10546875,3.6884765625,2.41015625,10.0029296875,4.890625,117.373046875,174.5244140625,678.7939453125,25,0,2,0,2,4,7,0,0,0,2,1,1,0,165.1,167.64,135.0,0.0,0.5,0.145,0.42,0.25,0.375,0.5,1.5,0.0,0.5,65.5,19.0,57.5,20.0,68.0,21.5,64.5,25.0,1.5,0.5,2.0,1.5,46.5,9.5,50.5,15.0,2.5,1.5,5.5,4.5,16.5,8.0,1.5,0.5,63.5,19.0,50.5,15.0,2.0,0.0,0.5,0.5,0.0,0.0,6.5,4.5,14.0,105.0,461.5,4,1,1,0,1,1,1,0,0,0,1,0,0,0,167.64,170.18,145.0,33.0,26.0,1,0,0,0,0,0,0,0,0,0,0,0,0,0,0,1,0,0,0,0,1,0,0,0
Blue,False,0.03125,0.625,0.468125,0.4384375,0.546875,0.0,0.0,0.25,0.0,0.0,104.375,48.90625,143.25,63.6875,109.8125,53.75,152.9375,72.75,1.53125,0.71875,2.09375,0.0,78.34375,27.125,125.21875,49.90625,8.625,5.9375,12.90625,8.875,17.40625,15.84375,5.125,4.90625,96.84375,43.84375,136.25,59.65625,6.40625,4.1875,6.875,3.96875,1.125,0.875,0.125,0.0625,27.75,36.0,578.46875,16,0,0,1,2,3,3,0,0,1,0,2,0,0,190.5,193.04,230.0,0.0634765625,0.033203125,0.543818359375,0.53494140625,0.136630859375,0.1259765625,0.27734375,0.001953125,0.0,0.017578125,13.439453125,6.498046875,33.408203125,19.5009765625,18.21875,10.724609375,44.689453125,30.5048828125,0.9072265625,0.3037109375,0.3779296875,0.3759765625,13.021484375,6.0810546875,29.78515625,17.64453125,0.00390625,0.0029296875,3.103515625,1.3447265625,0.4140625,0.4140625,0.51953125,0.51171875,8.6123046875,3.0400390625,15.6572265625,6.453125,0.080078125,0.052734375,9.0615234375,6.0458984375,4.7470703125,3.4052734375,8.689453125,7.001953125,45.9521484375,92.7705078125,209.439453125,17,0,0,3,3,5,6,0,0,0,0,2,3,0,190.5,190.5,205.0,30.0,43.0,0,0,0,0,0,1,0,0,0,0,0,0,0,0,0,1,0,0,0,0,1,0,0,0
Red,False,0.0,0.0,0.4225,0.2987499999999999,0.6775,0.0125,0.625,0.0625,0.0625,0.125,53.5,21.0625,64.5,23.25,76.1875,42.1875,82.5,40.9375,3.6875,1.9375,0.8125,0.0625,39.625,9.4375,44.0,8.9375,7.6875,5.75,6.875,3.0,6.1875,5.875,13.625,11.3125,49.0625,17.875,59.3125,19.75,2.3125,1.125,3.6875,2.5625,2.125,2.0625,1.5,0.9375,223.9375,49.8125,538.5,13,0,0,3,2,2,3,0,0,0,1,0,1,0,182.88,190.5,170.0,0.1328125,0.5,0.467578125,0.358046875,0.058046875,0.27,0.09375,1.09375,0.5,0.0078125,69.609375,32.1484375,54.8203125,22.3203125,82.7265625,43.5078125,91.71875,55.28125,0.578125,0.2578125,6.4453125,1.84375,42.4140625,14.171875,44.4921875,17.09375,7.9453125,4.8203125,5.7578125,2.5625,19.25,13.15625,4.5703125,2.6640625,51.9921875,21.9296875,38.8671875,12.234375,3.3984375,2.125,6.765625,2.96875,14.21875,8.09375,9.1875,7.1171875,90.6484375,214.890625,753.2421875,16,0,3,0,3,5,3,0,0,1,0,2,2,0,185.42,193.04,170.0,28.0,35.0,0,0,0,0,0,0,0,0,0,1,0,0,0,0,0,0,0,1,0,0,0,0,1,0
Blue,False,1.046875,0.078125,0.5567187499999999,0.34125,0.265625,0.006875,0.0,0.015625,0.0,0.25,70.671875,30.3125,55.625,20.375,76.0625,35.078125,57.75,22.078125,0.640625,0.390625,1.421875,0.046875,61.984375,23.390625,43.625,12.140625,3.984375,2.734375,5.390625,2.9375,4.703125,4.1875,6.609375,5.296875,60.515625,24.15625,50.96875,17.0,2.9375,1.40625,2.875,2.15625,7.21875,4.75,1.78125,1.21875,54.8125,21.65625,316.390625,16,1,2,0,3,5,2,0,0,0,2,3,0,0,182.88,185.42,185.0,0.578125,0.0,0.668515625,0.606328125,0.329609375,0.517734375,0.53125,0.5078125,0.0234375,0.0,33.6484375,21.1015625,34.6015625,18.546875,39.3203125,26.6875,55.2578125,34.7734375,0.7421875,0.4375,2.03125,0.6640625,26.3125,15.171875,23.484375,9.7109375,3.8515625,2.5390625,3.796875,2.265625,3.484375,3.390625,7.3203125,6.5703125,17.9453125,10.1171875,21.40625,8.8125,0.84375,0.4765625,2.5703125,2.078125,14.859375,10.5078125,10.625,7.65625,41.9296875,171.53125,373.4375,17,1,0,2,3,5,3,0,0,0,1,2,0,2,182.88,200.66,185.0,24.0,31.0,0,0,0,0,0,0,0,1,0,0,0,0,0,0,0,1,0,0,0,0,1,0,0,0
Blue,False,0.0,0.1875,0.5453125000000001,0.4196875,0.3325,0.375,0.5,0.0,0.0,0.0,40.75,22.15625,44.375,18.4375,79.59375,57.40625,88.0625,57.25,4.46875,1.6875,2.34375,1.5,34.71875,16.75,39.09375,14.03125,4.4375,3.90625,4.9375,4.125,1.59375,1.5,0.34375,0.28125,18.0,5.65625,26.8125,8.15625,11.375,7.875,15.46875,8.71875,11.375,8.625,2.09375,1.5625,236.53125,265.40625,785.625,16,0,3,0,3,5,1,0,0,0,4,1,0,0,187.96,190.5,265.0,0.0166015625,0.1297607421875,0.4819921875,0.56976806640625,0.0159912109375,0.2500830078125,0.17510986328125,0.0050048828125,0.13104248046875,0.125244140625,97.70965576171876,54.626220703125,80.92919921875,43.90673828125,105.5386962890625,60.20123291015625,97.62982177734376,60.03466796875,0.01605224609375,0.0159912109375,7.9444580078125,0.9444580078125,67.61212158203125,26.97528076171875,66.09033203125,31.08831787109375,19.63232421875,17.48699951171875,11.73333740234375,10.068359375,10.4652099609375,10.1639404296875,3.10552978515625,2.75006103515625,92.3992919921875,51.08087158203125,64.30670166015625,31.19921875,3.95953369140625,3.01861572265625,10.835693359375,8.831298828125,1.350830078125,0.5267333984375,5.78680419921875,3.876220703125,35.8006591796875,233.862060546875,650.6942749023438,26,0,0,1,4,10,5,0,1,0,1,4,4,0,210.82,213.36,265.0,29.0,27.0,0,0,0,0,1,0,0,0,0,0,0,0,0,0,0,1,0,0,0,0,1,0,0,0
Red,False,0.25,0.0,0.4425,0.3475,0.5,0.5,0.25,0.0,0.0,0.0,61.75,27.5,101.75,36.25,88.25,51.5,136.75,68.75,0.75,0.75,1.5,1.5,42.0,12.75,78.25,19.75,11.0,8.0,9.0,5.0,8.75,6.75,14.5,11.5,54.75,22.25,70.0,20.0,1.75,1.25,11.5,7.75,5.25,4.0,20.25,8.5,13.75,329.75,703.0,7,0,0,1,1,1,2,0,0,0,0,0,1,0,177.8,180.34,155.0,0.0,0.0,0.3475,0.4875,0.4649999999999999,0.0,0.5,0.75,0.0,0.25,51.0,23.5,24.25,11.25,73.0,44.25,32.75,19.75,4.25,1.75,0.75,0.0,44.5,19.0,16.0,6.25,3.75,1.75,2.75,1.75,2.75,2.75,5.5,3.25,34.25,8.75,21.75,8.75,2.75,2.5,2.5,2.5,14.0,12.25,0.0,0.0,215.75,15.25,448.5,6,0,2,0,2,2,1,0,0,0,0,0,2,0,180.34,185.42,170.0,32.0,21.0,0,0,0,0,0,0,1,0,0,0,0,0,0,0,0,0,0,1,0,0,1,0,0,0
Blue,True,0.0,0.0,0.28,0.31,0.5,0.0,0.0,0.0,0.0,0.0,194.0,54.5,107.0,33.0,199.0,59.0,116.0,41.5,0.5,0.5,2.5,0.0,133.5,22.0,71.0,14.5,41.5,24.0,21.0,9.5,19.0,8.5,15.0,9.0,180.5,46.0,100.5,28.0,12.5,8.5,6.0,4.5,1.0,0.0,0.5,0.5,26.5,7.5,900.0,6,0,2,0,2,2,0,0,0,1,1,0,0,0,172.72,175.26,135.0,0.5625,0.0,0.4765625,0.4375,0.1796875,0.0103125,0.375,0.03125,0.25,0.03125,21.84375,13.59375,11.0,6.4375,26.46875,18.03125,11.75,7.1875,0.40625,0.34375,0.09375,0.03125,19.46875,11.3125,10.21875,6.0,2.0,1.90625,0.78125,0.4375,0.375,0.375,0.0,0.0,7.65625,3.375,5.75,2.625,12.28125,8.46875,5.21875,3.78125,1.90625,1.75,0.03125,0.03125,26.84375,6.09375,56.21875,8,6,6,0,6,6,0,0,0,0,0,3,3,0,170.18,167.64,135.0,34.0,28.0,0,0,0,0,0,0,0,0,0,0,1,0,0,0,0,0,0,1,0,0,1,0,0,0
Red,True,0.5,0.0,0.4024999999999999,0.3349999999999999,0.75,0.05,0.5,0.25,0.25,0.25,172.25,70.0,174.75,55.75,200.5,92.0,193.75,71.75,1.5,1.0,2.0,0.25,145.75,51.0,148.75,37.75,19.25,13.75,22.25,15.25,7.25,5.25,3.75,2.75,153.25,61.25,160.5,48.75,15.25,7.0,12.0,5.5,3.75,1.75,2.25,1.5,213.0,125.75,900.0,9,0,3,0,3,3,0,0,0,1,2,0,0,0,170.18,172.72,115.0,0.125,0.0,0.50125,0.26125,0.0,0.075,0.0,0.125,0.0,0.0,164.875,86.75,67.875,19.125,189.5,107.5,77.375,27.625,0.0,0.0,13.5,1.25,131.5,58.5,53.625,10.5,19.25,14.625,9.5,5.25,14.125,13.625,4.75,3.375,129.75,62.75,61.5,15.5,28.5,19.375,5.125,2.75,6.625,4.625,1.25,0.875,70.5,205.75,795.25,11,2,4,0,4,4,0,0,0,1,1,2,0,0,167.64,165.1,115.0,32.0,28.0,0,0,0,0,0,0,0,0,0,0,0,0,0,1,0,1,0,0,0,0,1,0,0,0
Red,False,0.5859375,0.46875,0.4842968749999999,0.53125,0.0,0.2134375,0.0,0.0,0.0,0.0,29.015625,15.546875,39.5859375,21.703125,40.09375,24.984375,60.7890625,40.9296875,0.78125,0.0,1.8984375,0.6484375,21.453125,9.375,35.2109375,18.015625,4.4296875,3.4140625,3.90625,3.21875,3.1328125,2.7578125,0.46875,0.46875,17.90625,7.890625,22.328125,10.578125,8.59375,6.234375,0.9609375,0.640625,2.515625,1.421875,16.296875,10.484375,55.2265625,113.6640625,327.2265625,15,1,0,1,2,3,5,0,0,0,0,3,0,0,193.04,208.28,264.0,0.462890625,0.375,0.34333984375,0.551875,0.28671875,0.42728515625,0.00390625,0.01953125,0.015625,0.015625,84.283203125,31.37109375,123.884765625,73.130859375,98.771484375,44.865234375,272.6953125,202.859375,0.611328125,0.400390625,5.84765625,3.166015625,78.564453125,27.65625,112.078125,63.08984375,2.1640625,0.84765625,8.017578125,6.642578125,3.5546875,2.8671875,3.7890625,3.3984375,78.203125,27.18359375,74.748046875,36.689453125,4.703125,2.947265625,10.791015625,5.041015625,1.376953125,1.240234375,38.345703125,31.400390625,58.21875,513.888671875,992.2578125,27,1,0,1,4,5,5,0,0,0,1,4,0,0,177.8,182.88,265.0,36.0,41.0,0,0,0,0,1,0,0,0,0,0,0,0,0,0,0,1,0,0,0,0,1,0,0,0
Blue,False,0.25,0.5,0.315,0.365,0.0875,0.415,0.0,0.0,0.0,0.0,155.25,49.5,148.0,54.25,157.5,51.25,181.5,84.25,4.0,1.25,8.75,5.0,127.0,31.0,132.5,44.0,27.0,17.25,14.0,9.0,1.25,1.25,1.5,1.25,130.25,36.75,119.0,34.25,23.75,12.25,23.5,15.5,1.25,0.5,5.5,4.5,134.25,268.5,900.0,9,0,0,3,0,0,3,0,0,0,0,0,0,0,167.64,170.18,125.0,0.0,0.5,0.465,0.52,0.565,0.54,1.0,0.0,0.75,1.25,85.25,44.25,101.0,49.25,103.0,60.5,109.5,57.25,4.75,2.0,2.25,1.25,65.75,29.25,80.25,30.75,13.5,10.25,10.25,8.75,6.0,4.75,10.5,9.75,72.75,34.5,91.25,42.0,9.5,7.25,3.5,2.0,3.0,2.5,6.25,5.25,139.25,108.25,604.75,7,0,0,1,1,1,2,0,0,0,1,0,0,0,167.64,175.26,125.0,30.0,32.0,0,0,0,1,0,0,0,0,0,0,0,0,0,0,0,1,0,0,0,0,1,0,0,0
Red,False,0.0,1.0,0.32,0.52,0.0,0.0,0.0,0.0,0.0,0.0,28.0,9.0,19.0,10.0,32.0,13.0,21.0,12.0,0.0,0.0,1.0,0.0,26.0,7.0,17.0,8.0,2.0,2.0,2.0,2.0,0.0,0.0,0.0,0.0,24.0,8.0,13.0,6.0,4.0,1.0,3.0,1.0,0.0,0.0,3.0,3.0,0.0,33.0,163.0,1,0,0,1,0,0,1,0,0,0,0,0,0,0,193.04,193.04,185.0,0.0,0.5,0.335,0.47,0.125,0.0625,0.25,0.0,0.0,0.0,63.5,22.5,92.0,22.25,66.25,24.5,92.75,23.0,0.5,0.25,1.5,0.25,60.75,20.0,90.5,21.25,0.75,0.5,0.5,0.0,2.0,2.0,1.0,1.0,61.5,21.0,90.25,20.5,1.75,1.25,0.75,0.75,0.25,0.25,1.0,1.0,12.75,2.5,316.25,5,0,2,0,2,2,1,0,0,0,1,0,1,0,182.88,177.8,185.0,24.0,38.0,0,0,0,0,0,0,0,1,0,0,0,0,0,0,0,0,0,1,0,0,0,0,1,0
Red,False,0.0,0.0,0.25,0.46,0.0,1.0,0.0,1.0,0.0,0.0,12.0,3.0,13.0,6.0,12.0,3.0,14.0,7.0,1.0,0.0,2.0,2.0,7.0,1.0,9.0,2.0,2.0,0.0,2.0,2.0,3.0,2.0,2.0,2.0,12.0,3.0,13.0,6.0,0.0,0.0,0.0,0.0,0.0,0.0,0.0,0.0,29.0,81.0,177.0,1,0,0,1,0,0,1,0,0,0,0,0,0,0,180.34,180.34,170.0,0.5,0.0,0.535,0.3974999999999999,0.1375,0.025,0.0,0.5,0.0,0.0,66.75,37.5,47.75,18.0,101.0,69.25,60.75,28.25,2.25,1.25,2.75,0.25,46.25,21.75,34.5,8.25,11.5,8.75,7.75,5.75,9.0,7.0,5.5,4.0,42.0,18.25,35.75,11.25,19.5,14.25,11.5,6.25,5.25,5.0,0.5,0.5,213.75,111.25,519.5,7,0,1,0,1,1,2,0,0,0,1,0,0,0,182.88,185.42,170.0,32.0,26.0,0,0,0,0,0,0,0,0,0,1,0,0,0,0,0,1,0,0,0,0,1,0,0,0
Red,False,0.015625,0.0,0.45,0.4275,0.25,0.2,0.148468017578125,0.098388671875,0.0,0.0,66.5,29.6875,64.31230545043945,27.34375,89.75,48.0,85.53125,44.41152191162109,2.0,0.75,2.0546875,0.75,51.1875,18.3359375,49.6123046875,16.280410766601562,7.5,5.07647705078125,7.5,5.0,4.5,3.625,4.984375,3.9375,48.6875,17.0,47.11572265625,16.5,5.75,3.75,5.3125,3.4375,5.0625,3.5,3.875,2.5,99.2119140625,94.125,638.5,0,0,0,0,0,0,0,0,0,0,0,0,0,0,180.34,180.34,170.0,0.25,0.0,0.42,0.4,0.0,0.325,0.25,1.0,0.0,0.0,41.5,19.75,31.25,13.0,75.75,48.25,40.25,20.0,0.0,0.0,5.5,1.25,35.0,14.5,25.0,8.75,4.25,3.0,6.0,4.0,2.25,2.25,0.25,0.25,18.25,7.0,22.5,6.5,6.0,3.5,3.25,2.5,17.25,9.25,5.5,4.0,115.75,167.0,415.25,6,0,0,1,1,1,2,0,0,0,0,0,1,0,177.8,180.34,170.0,28.0,27.0,0,0,0,0,0,0,0,0,0,1,0,0,0,0,0,1,0,0,0,0,0,0,0,1
Red,False,0.5,0.0,0.295,0.41,0.5,0.665,0.5,2.5,1.0,0.5,76.5,23.0,82.0,33.5,80.0,26.5,108.0,58.0,0.5,0.5,2.5,1.5,70.0,20.0,70.5,26.5,4.0,2.0,8.5,5.5,2.5,1.0,3.0,1.5,65.5,17.0,71.0,27.5,1.0,0.5,0.5,0.5,10.0,5.5,10.5,5.5,81.5,174.0,482.5,4,0,0,1,1,1,1,0,0,0,0,1,0,0,165.1,172.72,125.0,2.0,0.0,0.45,0.3,0.0,0.33,0.0,0.0,0.0,0.0,60.0,27.0,49.0,15.0,60.0,27.0,62.0,28.0,1.0,0.0,3.0,1.0,49.0,18.0,45.0,13.0,2.0,2.0,4.0,2.0,9.0,7.0,0.0,0.0,48.0,18.0,32.0,7.0,3.0,1.0,6.0,3.0,9.0,8.0,11.0,5.0,23.0,98.0,299.0,1,0,1,0,1,1,0,0,0,0,0,1,0,0,165.1,165.1,125.0,26.0,27.0,0,0,0,1,0,0,0,0,0,0,0,0,0,0,0,1,0,0,0,0,0,0,0,1
Blue,False,0.25,0.0,0.355,0.43,0.485,0.125,0.25,0.25,0.5,0.5,100.5,38.0,54.0,24.0,125.75,56.75,65.0,34.5,5.0,3.0,3.0,0.5,81.75,24.75,32.75,8.5,11.0,7.25,7.5,3.25,7.75,6.0,13.75,12.25,78.25,23.5,49.0,20.25,6.25,3.75,3.5,2.25,16.0,10.75,1.5,1.5,274.75,91.75,742.0,8,0,3,0,3,3,0,0,0,0,1,1,1,0,177.8,182.88,155.0,0.25,0.0,0.505,0.2325,0.3925,0.75,1.25,0.5,0.25,0.25,30.0,15.75,39.25,10.75,53.5,37.75,58.25,29.0,6.25,2.25,1.5,1.25,28.0,14.5,31.25,6.75,1.0,0.5,2.5,1.5,1.0,0.75,5.5,2.5,13.25,4.25,29.5,5.25,0.75,0.5,1.75,1.0,16.0,11.0,8.0,4.5,374.0,150.0,693.0,8,0,1,0,1,2,1,0,0,0,1,0,1,0,180.34,185.42,155.0,26.0,32.0,0,0,0,0,0,0,1,0,0,0,0,0,0,0,0,1,0,0,0,0,1,0,0,0
Red,False,1.0,0.0,0.425,0.055,0.5,0.0,0.0,1.5,0.0,0.0,24.0,10.0,5.5,0.5,26.5,11.5,5.5,0.5,0.5,0.5,0.0,0.0,20.0,7.5,4.0,0.5,2.0,1.0,0.0,0.0,2.0,1.5,1.5,0.0,11.0,2.5,5.0,0.5,7.5,4.5,0.5,0.0,5.5,3.0,0.0,0.0,17.0,0.0,80.5,2,0,0,1,1,1,1,0,0,0,0,1,0,0,172.72,175.26,135.0,0.5,0.5,0.4549999999999999,0.355,0.0,0.295,0.0,0.0,0.0,0.0,100.5,49.75,88.75,31.75,101.25,50.5,90.25,32.75,0.0,0.0,3.5,0.75,79.5,32.75,79.75,27.25,13.0,10.0,5.25,2.75,8.0,7.0,3.75,1.75,89.25,43.0,84.75,28.5,11.25,6.75,3.0,2.75,0.0,0.0,1.0,0.5,1.25,53.0,454.0,6,0,3,0,3,3,0,0,0,0,1,2,0,0,170.18,177.8,145.0,29.0,24.0,1,0,0,0,0,0,0,0,0,0,0,0,0,0,0,1,0,0,0,0,0,0,1,0
Red,False,0.0,0.0625,0.509375,0.41625,0.458125,0.26875,0.1875,0.0,0.0,0.0,84.3125,41.25,63.875,26.5625,140.5,92.5625,71.625,32.5625,3.5625,1.8125,5.125,1.5625,49.5625,18.375,52.8125,18.4375,23.75,14.8125,7.5,4.5625,11.0,8.0625,3.5625,3.5625,51.4375,21.8125,52.1875,19.6875,25.0,13.5625,11.375,6.5625,7.875,5.875,0.3125,0.3125,220.4375,150.375,660.25,13,0,1,0,1,2,3,0,0,0,0,0,2,0,175.26,180.34,155.0,0.0,0.0,0.3175,0.5425,0.305,0.1,1.25,0.5,0.0,1.5,38.75,13.5,33.25,17.5,53.5,25.25,45.0,28.0,9.25,3.25,2.25,0.5,32.0,9.25,25.0,11.25,2.0,0.75,3.5,2.75,4.75,3.5,4.75,3.5,30.75,9.75,20.75,6.0,5.75,2.75,5.0,5.0,2.25,1.0,7.5,6.5,381.75,135.25,706.25,7,0,0,1,2,2,1,0,0,0,1,0,1,0,180.34,193.04,170.0,28.0,27.0,0,0,0,0,0,0,1,0,0,0,0,0,0,0,0,1,0,0,0,0,1,0,0,0
Red,False,0.0,0.28125,0.560625,0.4484375,0.485,0.0625,0.03125,0.125,0.0,0.0,73.96875,41.5625,43.53125,19.53125,121.96875,78.96875,45.0,20.375,10.0625,5.46875,0.5625,0.125,63.65625,32.9375,38.1875,15.28125,4.6875,4.03125,3.1875,2.4375,5.625,4.59375,2.15625,1.8125,33.96875,12.1875,34.1875,12.46875,7.4375,5.59375,2.8125,1.28125,32.5625,23.78125,6.53125,5.78125,354.21875,8.40625,581.21875,13,0,0,1,3,4,2,0,0,0,2,2,0,0,187.96,193.04,205.0,0.0859375,0.0,0.4846875,0.475859375,0.3296875,0.1875,0.546875,0.3125,0.25,0.5,81.3515625,38.65625,98.1640625,46.3828125,127.328125,80.390625,121.8671875,67.3359375,5.5390625,2.6953125,6.8828125,2.625,71.4921875,32.515625,79.8515625,30.96875,9.84375,6.125,14.40625,12.0078125,0.015625,0.015625,3.90625,3.40625,42.3671875,12.453125,71.25,27.28125,11.1953125,5.609375,15.7890625,10.1015625,27.7890625,20.59375,11.125,9.0,281.1328125,210.515625,843.0078125,19,1,5,0,5,6,2,0,0,0,1,1,3,1,187.96,193.04,205.0,34.0,36.0,0,0,0,0,0,1,0,0,0,0,0,0,0,0,0,1,0,0,0,0,1,0,0,0
Blue,False,1.25,0.0,0.535,0.4275,0.25,0.03,0.25,0.25,0.0,0.0,139.0,72.75,95.5,41.75,152.0,85.5,101.25,45.0,1.0,0.5,3.0,0.25,83.75,34.5,52.25,10.5,33.0,20.25,18.25,10.5,22.25,18.0,25.0,20.75,120.5,58.25,88.75,37.5,10.0,8.5,6.75,4.25,8.5,6.0,0.0,0.0,73.0,117.5,898.5,9,0,3,0,3,3,0,0,0,0,2,1,0,0,175.26,177.8,155.0,0.0,0.0,0.4,0.355,0.5,0.0,1.5,0.0,0.0,0.0,60.25,21.25,69.0,25.75,79.25,37.0,79.5,34.25,5.25,1.75,0.25,0.0,46.75,11.75,60.0,19.0,9.25,6.5,5.25,3.75,4.25,3.0,3.75,3.0,50.0,13.0,60.25,20.5,7.5,5.5,8.25,4.75,2.75,2.75,0.5,0.5,230.25,145.75,726.25,7,0,3,0,3,3,0,0,0,0,1,0,2,0,177.8,180.34,170.0,30.0,29.0,0,0,0,0,0,0,1,0,0,0,0,0,0,0,0,1,0,0,0,0,1,0,0,0
Blue,False,0.0,0.0,0.52,0.4075,0.69125,0.5,0.0,0.625,0.0,0.0,160.5,78.375,73.375,31.25,212.5,121.625,83.375,38.25,4.875,3.125,0.625,0.5,143.125,66.875,56.625,17.375,13.375,8.125,6.0,4.5,4.0,3.375,10.75,9.375,109.375,40.875,68.125,28.0,13.0,7.125,4.75,2.75,38.125,30.375,0.5,0.5,388.375,11.5,784.625,10,1,2,0,2,3,1,0,0,0,2,1,0,0,190.5,200.66,205.0,0.001953125,0.1328125,0.50234375,0.527734375,0.509765625,0.28728515625,0.0390625,0.0078125,0.001953125,0.0,102.009765625,54.068359375,133.44921875,64.1328125,135.115234375,82.619140625,158.28515625,85.4296875,0.541015625,0.51953125,1.802734375,1.037109375,70.61328125,33.130859375,100.8984375,37.833984375,30.30078125,20.341796875,23.8125,18.12109375,1.095703125,0.595703125,8.73828125,8.177734375,80.798828125,39.59765625,92.58203125,39.2890625,13.900390625,8.744140625,31.69140625,18.580078125,7.310546875,5.7265625,9.17578125,6.263671875,118.54296875,167.62890625,700.5390625,26,0,1,0,3,5,5,0,0,1,2,2,0,0,185.42,190.5,205.0,26.0,35.0,0,0,0,0,0,1,0,0,0,0,0,0,0,0,0,1,0,0,0,0,1,0,0,0
Red,False,0.56890869140625,0.43780517578125,0.5833551025390625,0.4396649169921874,0.004447021484375,0.166195068359375,0.00433349609375,0.25469970703125,0.0079345703125,0.0,19.1297607421875,10.42889404296875,27.94024658203125,13.4384765625,21.27532958984375,12.3765869140625,42.97698974609375,26.61297607421875,0.296875,0.0164794921875,0.68218994140625,0.4661865234375,16.52142333984375,8.11468505859375,23.3709716796875,9.9515380859375,1.0048828125,0.88690185546875,3.25634765625,2.3387451171875,1.60345458984375,1.42730712890625,1.31292724609375,1.148193359375,11.353515625,4.39111328125,17.056640625,5.656005859375,2.61846923828125,1.5487060546875,0.803466796875,0.51422119140625,5.15777587890625,4.48907470703125,10.08013916015625,7.26824951171875,5.978759765625,104.08251953125,210.904296875,39,3,2,0,4,8,7,0,0,2,3,3,0,0,180.34,187.96,185.0,0.7032814025878906,0.03521728515625,0.5603387641906739,0.545198860168457,6.4849853515625e-05,0.2857595825195312,0.0488739013671875,0.0312576293945312,0.0009765625,1.52587890625e-05,27.9825382232666,15.12646484375,44.92085075378418,27.061899185180664,31.059694290161133,16.63910675048828,48.293813705444336,30.300020217895508,0.0002861022949218,0.0002174377441406,1.3584098815917969,0.5673904418945312,24.92515754699707,12.852409362792969,41.42306137084961,25.53972625732422,2.739326477050781,1.9716873168945312,1.7157917022705078,0.1795368194580078,0.31805419921875,0.3023681640625,1.7819976806640625,1.3426361083984375,16.448877334594727,6.930164337158203,14.381414413452148,4.17108154296875,6.470285415649414,4.73975944519043,0.1678237915039062,0.0207462310791015,5.063375473022461,3.456541061401367,30.371612548828125,22.87007141113281,6.59912109375,57.2142333984375,186.69956970214844,30,5,3,0,3,13,7,0,0,0,0,10,2,1,182.88,187.96,185.0,45.0,38.0,0,0,0,0,0,0,0,1,0,0,0,0,0,0,0,1,0,0,0,0,0,0,1,0
Blue,False,0.78125,0.0,0.29375,0.3671875,0.42875,0.5803125,0.0625,1.0,0.0,0.0,76.71875,22.625,63.875,23.8125,82.125,27.8125,83.09375,38.46875,4.125,1.75,2.09375,1.46875,71.40625,18.4375,54.21875,17.46875,4.40625,3.28125,4.34375,3.625,0.90625,0.90625,5.3125,2.71875,57.09375,12.71875,50.53125,16.28125,12.03125,4.8125,10.8125,5.8125,7.59375,5.09375,2.53125,1.71875,94.5,139.59375,524.0625,13,0,1,0,2,3,3,0,0,0,0,3,0,0,172.72,177.8,155.0,0.000274658203125,0.0332040786743164,0.2201994055509567,0.3183520573377609,0.194976617693901,0.5051781225204468,0.0161583423614501,1.0196552872657776,1.1920928955078125e-07,5.960464477539064e-08,61.13127768039704,18.22743189334869,81.718894302845,27.952139616012573,66.93407237529755,23.064553916454315,92.68253344297408,37.98882073163986,3.9632473587989807,1.4429035782814026,3.295813024044037,0.5157557725906372,52.17469727993012,12.308625161647797,54.359307408332825,12.202538251876833,4.787940084934235,2.562727510929108,17.79050499200821,9.8687481880188,4.168640315532684,3.3560792207717896,9.569081902503967,5.880853176116943,53.57642912864685,12.636645078659058,64.5520310997963,18.315277755260468,6.368305683135986,4.8339152336120605,12.671428322792051,7.817247927188873,1.1865428686141968,0.7568715810775757,4.495434880256653,1.8196139335632324,98.62711489200592,63.25253087282181,509.0234605669975,62,0,0,1,3,16,9,0,0,5,6,1,4,0,177.8,180.34,155.0,32.0,32.0,0,0,0,0,0,0,1,0,0,0,0,0,0,0,0,1,0,0,0,0,0,0,1,0
Blue,False,0.0,0.571533203125,0.4657153320312499,0.2905682373046875,0.584876708984375,0.001304931640625,0.3819580078125,0.504058837890625,0.000518798828125,0.50042724609375,62.1453857421875,27.0673828125,61.98846435546875,24.24468994140625,115.65786743164062,75.01351928710938,72.87908935546875,34.58892822265625,6.8709716796875,3.75689697265625,0.04058837890625,0.010040283203125,56.73550415039063,22.542755126953125,57.812591552734375,22.050567626953125,2.619873046875,2.30072021484375,2.77606201171875,1.285858154296875,2.790008544921875,2.223907470703125,1.399810791015625,0.90826416015625,45.24945068359375,15.626678466796877,45.194915771484375,13.05828857421875,0.71295166015625,0.684814453125,3.929412841796875,2.707427978515625,16.1829833984375,10.755889892578123,12.8641357421875,8.478973388671875,332.7248840332031,30.852081298828125,561.4743957519531,36,0,2,0,2,9,7,0,0,0,4,1,4,0,170.18,177.8,145.0,0.1250152587890625,0.0706787109375,0.407909460067749,0.3401558589935303,0.3288143253326416,0.136845474243164,0.5357189178466797,0.4903850555419922,0.00390625,1.52587890625e-05,75.78252696990967,29.17394542694092,88.77812099456787,30.60184669494629,97.34492015838624,47.10369300842285,108.11097049713136,48.17190647125244,8.11330795288086,3.513564109802246,2.888534545898437,0.8451271057128906,56.93728256225586,12.102428436279297,76.21731090545654,20.924131393432617,5.656336784362793,5.321795463562012,4.614629745483398,3.080503463745117,13.188907623291016,11.74972152709961,7.94618034362793,6.597211837768555,58.84429931640625,13.50796604156494,76.37256526947021,23.476436614990234,9.150751113891602,8.284259796142578,11.142247200012209,6.019706726074219,7.787476539611816,7.381719589233398,1.2633085250854492,1.105703353881836,428.3766012191773,70.1380500793457,785.6048984527588,58,0,1,0,4,12,9,0,0,3,4,1,4,0,170.18,177.8,155.0,30.0,33.0,0,0,1,0,0,0,0,0,0,0,0,0,0,0,0,1,0,0,0,0,1,0,0,0
Blue,False,0.5,0.0,0.445,0.45375,0.2674999999999999,0.3125,1.875,0.625,0.625,0.875,55.0,26.875,55.25,26.0,76.625,46.875,72.5,39.375,4.875,1.125,1.5,0.75,48.5,21.875,46.625,20.0,5.625,4.125,3.375,1.25,0.875,0.875,5.25,4.75,39.75,14.625,42.0,17.875,12.125,9.375,7.875,5.5,3.125,2.875,5.375,2.625,242.5,136.625,656.375,9,0,0,1,3,3,1,0,0,0,1,1,1,0,180.34,182.88,145.0,0.5,0.0,0.565,0.3375,0.0,0.15,0.0,0.25,0.0,0.0,80.0,35.25,54.25,22.75,87.5,41.0,65.0,31.75,0.0,0.0,1.75,0.75,64.0,26.5,36.25,8.75,15.5,8.5,6.5,4.5,0.5,0.25,11.5,9.5,73.75,31.25,47.5,18.0,5.5,3.25,1.75,1.0,0.75,0.75,5.0,3.75,1.0,104.25,418.5,6,0,3,0,3,3,0,0,0,1,0,2,0,0,182.88,187.96,145.0,30.0,31.0,0,0,1,0,0,0,0,0,0,0,0,0,0,0,0,1,0,0,0,0,1,0,0,0
Red,False,0.0,0.0,0.4,0.44,0.0975,0.105,0.0,0.0,0.0,0.0,83.0,33.5,133.5,55.75,99.25,48.0,147.5,67.25,4.25,0.75,10.5,1.0,63.75,20.75,96.75,24.5,11.75,6.25,16.0,12.25,7.5,6.5,20.75,19.0,77.25,30.0,121.5,44.75,4.25,3.0,12.0,11.0,1.5,0.5,0.0,0.0,98.0,129.25,900.0,9,0,0,1,1,1,2,0,0,0,1,0,0,0,180.34,180.34,170.0,1.0,0.0,0.5,0.215,0.25,0.2,0.0,0.0,0.0,0.0,43.5,18.0,60.0,22.5,67.0,40.0,78.5,38.5,1.0,0.5,2.5,1.0,36.0,13.0,51.5,18.0,4.0,2.0,6.0,2.5,3.5,3.0,2.5,2.0,27.0,9.0,46.0,13.0,2.5,1.5,6.5,4.0,14.0,7.5,7.5,5.5,85.0,238.5,498.0,4,0,1,0,1,1,1,0,0,0,0,1,0,0,180.34,190.5,170.0,33.0,31.0,0,0,0,0,0,0,0,0,0,1,0,0,0,0,0,1,0,0,0,0,1,0,0,0
Blue,False,0.015625,0.0,0.45,0.4275,0.25,0.2,0.148468017578125,0.098388671875,0.0,0.0,66.5,29.6875,64.31230545043945,27.34375,89.75,48.0,85.53125,44.41152191162109,2.0,0.75,2.0546875,0.75,51.1875,18.3359375,49.6123046875,16.280410766601562,7.5,5.07647705078125,7.5,5.0,4.5,3.625,4.984375,3.9375,48.6875,17.0,47.11572265625,16.5,5.75,3.75,5.3125,3.4375,5.0625,3.5,3.875,2.5,99.2119140625,94.125,638.5,0,0,0,0,0,0,0,0,0,0,0,0,0,0,167.64,167.64,125.0,0.0471682548522949,0.0,0.45,0.4217682266235352,0.25,0.19173828125,0.1875,0.125,0.0,0.0,69.5,30.5,66.984375,27.8466796875,94.0,48.544921875,88.50390625,44.75,2.0,0.8125,2.015625,0.6640625,54.0,19.01513671875,51.483436584472656,16.9437255859375,7.91796875,5.430633544921875,7.75,5.0625,4.780975341796875,3.9373779296875,4.8994140625,3.84375,51.025390625,18.400863647460938,50.515625,17.5,5.75,3.75,5.5,3.5,5.375,3.6875,4.0,2.65625,104.865234375,89.5,655.8441009521484,0,0,0,0,0,0,0,0,0,0,0,0,0,0,167.64,167.64,135.0,22.0,24.0,1,0,0,0,0,0,0,0,0,0,0,0,0,0,0,1,0,0,0,0,1,0,0,0
Blue,False,1.0,0.0,0.55,0.52,0.0,0.0,0.0,0.0,0.0,0.0,27.0,15.0,17.0,9.0,27.0,15.0,17.0,9.0,0.0,0.0,0.0,0.0,20.0,10.0,12.0,4.0,5.0,3.0,4.0,4.0,2.0,2.0,1.0,1.0,26.0,14.0,17.0,9.0,0.0,0.0,0.0,0.0,1.0,1.0,0.0,0.0,1.0,0.0,89.0,1,0,1,0,1,1,0,0,0,0,0,1,0,0,162.56,172.72,135.0,0.0,0.0,0.72,0.4325,0.25,0.25,1.0,0.0,0.0,0.0,36.75,15.25,59.25,27.25,39.75,18.0,64.0,31.25,0.75,0.5,1.25,0.75,23.75,7.25,48.25,18.75,6.25,3.25,3.5,2.25,6.75,4.75,7.5,6.25,34.25,13.25,53.25,23.5,1.0,0.5,1.5,0.75,1.5,1.5,4.5,3.0,7.75,40.0,286.25,5,0,0,1,1,1,2,0,0,0,0,1,0,0,167.64,165.1,135.0,26.0,29.0,1,0,0,0,0,0,0,0,0,0,0,0,0,0,0,1,0,0,0,0,1,0,0,0
Blue,False,0.0,0.0,0.615,0.415,0.3125,0.1699999999999999,0.0,0.5,0.5,0.25,66.75,45.0,37.25,14.75,128.75,102.75,62.0,35.25,2.5,0.75,13.75,1.0,40.25,19.5,25.75,5.25,18.75,17.75,7.0,5.0,7.75,7.75,4.5,4.5,32.0,14.0,27.0,6.25,32.25,29.0,9.5,8.0,2.5,2.0,0.75,0.5,187.5,296.75,824.75,8,0,1,0,1,2,1,0,0,0,2,0,0,0,185.42,195.58,185.0,1.5,0.0,0.75,0.595,0.0,0.25,0.0,0.0,0.0,0.0,33.5,26.5,27.5,17.0,56.0,49.0,108.5,96.0,1.0,0.0,3.5,1.5,16.5,11.5,18.5,9.5,8.5,7.0,4.0,2.5,8.5,8.0,5.0,5.0,15.5,11.5,15.0,8.0,16.5,13.5,11.0,8.0,1.5,1.5,1.5,1.0,78.0,332.0,536.0,4,0,0,1,1,1,1,0,0,0,0,1,0,0,190.5,190.5,185.0,26.0,27.0,0,0,0,0,0,0,0,1,0,0,0,0,0,0,0,0,0,1,0,0,0,0,1,0
Red,False,0.0,0.5,0.74,0.3675,0.6225,0.0,1.25,0.0,0.0,0.0,61.0,36.5,108.25,37.0,90.25,62.0,113.75,40.75,5.75,3.5,0.75,0.0,57.0,34.0,88.0,23.75,3.0,1.75,14.75,9.0,1.0,0.75,5.5,4.25,37.25,17.0,94.25,29.5,5.25,3.5,7.5,4.5,18.5,16.0,6.5,3.0,250.0,59.0,668.5,8,0,1,0,1,2,1,0,0,0,0,0,2,0,180.34,185.42,155.0,0.0,0.0,0.31796875,0.3146875,0.33390625,0.085625,0.0,0.0,0.015625,0.0,105.84375,34.0625,145.953125,48.765625,114.40625,41.890625,151.609375,53.734375,9.625,2.40625,2.796875,0.515625,87.4375,24.734375,114.578125,24.578125,11.34375,5.796875,17.578125,11.9375,7.0625,3.53125,13.796875,12.25,86.015625,22.109375,132.34375,39.84375,12.3125,8.328125,11.359375,6.921875,7.515625,3.625,2.25,2.0,274.65625,64.140625,852.625,20,1,3,0,3,4,3,0,0,0,3,1,0,0,180.34,177.8,155.0,37.0,28.0,0,0,0,0,0,0,1,0,0,0,0,0,0,0,0,1,0,0,0,0,0,0,1,0
Red,False,0.0,0.0,0.35,0.56,0.0,1.0,0.0,0.0,0.0,0.0,37.0,13.0,72.0,41.0,58.0,32.0,162.0,119.0,2.0,0.0,3.0,3.0,35.0,11.0,54.0,24.0,1.0,1.0,5.0,5.0,1.0,1.0,13.0,12.0,35.0,12.0,39.0,21.0,1.0,1.0,11.0,8.0,1.0,0.0,22.0,12.0,33.0,591.0,900.0,3,0,0,1,0,0,1,0,0,0,0,0,0,0,167.64,167.64,115.0,0.0,0.0,0.51,0.5700000000000001,0.45,0.75,1.0,0.5,0.0,0.0,45.5,21.5,33.5,15.0,80.0,51.0,93.0,71.5,3.5,1.5,2.5,1.5,35.5,14.0,27.5,10.0,7.5,6.0,2.5,2.0,2.5,1.5,3.5,3.0,27.0,7.0,24.5,8.5,9.0,7.0,6.0,4.0,9.5,7.5,3.0,2.5,299.0,202.5,596.5,4,0,1,0,1,1,1,0,0,0,0,0,1,0,157.48000000000002,162.56,115.0,26.0,27.0,0,0,0,0,0,0,0,0,0,0,0,0,0,1,0,1,0,0,0,0,1,0,0,0
Red,False,0.75,0.0,0.4175,0.4575,0.75,0.33,1.5,0.25,0.5,0.0,40.5,17.0,40.0,21.5,49.0,25.0,48.25,28.5,0.75,0.75,1.75,1.0,34.0,12.25,30.5,13.25,4.5,3.0,7.25,6.25,2.0,1.75,2.25,2.0,19.75,6.0,21.5,9.0,7.25,4.75,12.25,8.25,13.5,6.25,6.25,4.25,153.5,101.75,336.75,4,0,0,2,1,1,2,0,0,0,0,0,1,0,167.64,170.18,125.0,0.625,0.0,0.43125,0.40625,0.2075,0.50125,2.5,2.625,0.5,0.25,92.25,37.875,89.625,32.375,145.625,87.125,109.625,50.75,1.125,0.5,9.125,4.25,82.125,32.375,75.25,20.25,4.625,2.125,11.0,8.875,5.5,3.375,3.375,3.25,71.75,22.875,66.0,18.875,9.375,6.125,9.5,6.625,11.125,8.875,14.125,6.875,46.75,500.625,900.0,12,0,0,1,2,2,2,0,0,0,2,0,0,0,162.56,162.56,125.0,28.0,36.0,0,0,0,1,0,0,0,0,0,0,0,0,0,0,0,1,0,0,0,0,1,0,0,0
Blue,False,1.0,0.0,0.61,0.48,0.0,0.0,0.0,0.0,0.0,0.0,42.0,26.0,43.0,21.0,42.0,26.0,52.0,28.0,2.0,0.0,2.0,0.0,23.0,11.0,25.0,7.0,15.0,11.0,13.0,9.0,4.0,4.0,5.0,5.0,16.0,8.0,26.0,10.0,15.0,11.0,17.0,11.0,11.0,7.0,0.0,0.0,58.0,45.0,298.0,1,0,1,0,1,1,0,0,0,0,0,1,0,0,190.5,185.42,185.0,0.0,0.1875,0.46125,0.466875,0.140625,0.015625,0.5625,0.125,0.0,0.0,76.6875,37.0,87.25,40.5,95.5,54.25,108.0625,59.625,7.9375,1.75,0.8125,0.0625,41.4375,9.5625,69.0,28.4375,15.9375,11.0625,10.9375,5.8125,19.3125,16.375,7.3125,6.25,60.8125,24.5625,66.8125,28.375,15.5625,12.375,17.8125,10.375,0.3125,0.0625,2.625,1.75,168.5,57.5625,875.8125,14,0,4,0,4,4,1,0,0,1,2,0,1,0,185.42,190.5,170.0,24.0,28.0,0,0,0,0,0,0,0,0,0,1,0,0,0,0,0,0,0,1,0,0,1,0,0,0
Blue,False,0.25,0.5,0.47,0.4725,0.4375,0.455,2.625,2.25,0.75,0.25,101.0,45.0,96.625,44.5,113.75,57.625,141.875,85.625,6.875,3.375,2.5,1.875,81.0,28.0,77.5,30.875,15.625,12.75,14.125,9.125,4.375,4.25,5.0,4.5,77.125,29.25,75.625,29.125,12.625,9.5,14.25,10.375,11.25,6.25,6.75,5.0,448.0,76.125,829.5,12,0,1,0,2,3,1,0,0,0,2,1,0,0,175.26,172.72,135.0,0.125,0.0,0.43875,0.45125,0.415,0.05,1.625,0.75,0.5,0.25,65.25,29.0,53.5,25.625,109.375,67.875,73.875,43.875,3.375,1.625,0.625,0.25,44.5,18.5,41.75,16.25,13.875,6.125,7.375,6.0,6.875,4.375,4.375,3.375,55.375,20.5,36.625,14.5,0.625,0.375,2.5,2.375,9.25,8.125,14.375,8.75,447.625,86.5,810.75,10,0,1,0,2,3,1,0,0,0,2,0,1,0,177.8,175.26,125.0,24.0,27.0,0,0,0,1,0,0,0,0,0,0,0,0,0,0,0,1,0,0,0,0,1,0,0,0
Red,False,0.0,0.0,0.4599999999999999,0.595,0.0,0.465,0.0,0.5,1.5,0.0,98.0,45.0,71.5,43.0,113.0,59.0,76.0,46.0,0.5,0.0,7.0,2.5,78.0,28.5,61.5,34.0,9.0,7.5,7.0,7.0,11.0,9.0,3.0,2.0,89.5,39.0,64.5,39.0,0.0,0.0,0.5,0.0,8.5,6.0,6.5,4.0,208.5,216.5,900.0,6,0,0,1,1,1,1,0,0,0,1,0,0,0,180.34,185.42,155.0,0.5,0.0,0.595,0.585,0.0,0.0,1.0,0.0,0.0,0.0,41.5,25.0,22.5,13.0,49.0,32.0,24.0,14.5,0.0,0.0,2.5,0.0,35.0,21.5,10.5,4.5,2.5,1.0,4.5,2.0,4.0,2.5,7.5,6.5,22.5,10.0,20.0,12.5,1.5,1.0,2.0,0.5,17.5,14.0,0.5,0.0,98.0,47.5,272.5,3,0,2,0,2,2,0,0,0,0,0,2,0,0,177.8,177.8,155.0,28.0,25.0,0,0,0,0,0,0,1,0,0,0,0,0,0,0,0,1,0,0,0,0,0,0,1,0
Red,False,0.5,0.0,0.5325,0.56,0.0875,0.2375,0.0,1.25,0.25,0.0,38.0,20.25,27.75,12.75,49.5,30.25,35.0,20.0,4.75,1.25,2.25,1.0,28.5,13.25,21.25,7.75,7.25,5.0,3.5,2.0,2.25,2.0,3.0,3.0,29.75,14.75,23.25,10.0,3.5,2.25,2.0,0.5,4.75,3.25,2.5,2.25,135.75,82.5,426.25,6,0,0,1,2,2,1,0,0,0,1,1,0,0,175.26,175.26,145.0,0.015625,0.03125,0.3168066406249999,0.4587060546875,0.1310546875,0.60298828125,1.056640625,0.2646484375,0.0,0.0625,116.3095703125,36.76953125,67.03271484375,29.0732421875,167.82421875,83.2822265625,94.67431640625,53.4716796875,8.06396484375,0.9296875,3.189453125,2.6884765625,93.8603515625,23.408203125,53.6005859375,19.08642578125,19.01953125,9.931640625,6.98828125,4.80078125,3.4296875,3.4296875,6.44384765625,5.18603515625,86.28125,19.181640625,56.8173828125,21.1103515625,24.20703125,13.9609375,4.51953125,3.46484375,5.8212890625,3.626953125,5.69580078125,4.498046875,246.31396484375,258.57373046875,862.00634765625,28,0,1,0,5,8,4,0,0,1,5,2,0,0,177.8,180.34,145.0,32.0,31.0,0,0,1,0,0,0,0,0,0,0,0,0,0,0,0,0,0,1,0,0,1,0,0,0
Blue,False,0.0,0.0,0.61,0.77,0.0,0.9,2.0,0.0,0.0,0.0,21.0,13.0,53.0,41.0,59.0,51.0,132.0,116.0,4.0,0.0,11.0,10.0,10.0,2.0,23.0,12.0,3.0,3.0,23.0,22.0,8.0,8.0,7.0,7.0,10.0,2.0,10.0,4.0,11.0,11.0,39.0,37.0,0.0,0.0,4.0,0.0,163.0,656.0,900.0,3,0,0,1,0,0,1,0,0,0,0,0,0,0,185.42,182.88,185.0,0.0,1.0,0.5,0.83,0.0,0.0,0.0,0.0,0.0,0.0,4.0,2.0,18.0,15.0,4.0,2.0,27.0,24.0,0.0,0.0,0.0,0.0,2.0,1.0,17.0,14.0,1.0,0.0,1.0,1.0,1.0,1.0,0.0,0.0,4.0,2.0,3.0,2.0,0.0,0.0,0.0,0.0,0.0,0.0,15.0,13.0,0.0,50.0,61.0,1,0,0,1,0,0,1,0,0,0,0,0,0,0,182.88,182.88,185.0,33.0,30.0,0,0,0,0,0,0,0,1,0,0,0,0,0,0,0,0,0,1,0,0,1,0,0,0
Red,False,0.5,0.0,0.4375,0.335,0.0,0.2575,0.0,0.75,0.5,0.0,94.0,38.25,108.25,49.25,117.0,58.75,112.75,53.5,0.0,0.0,6.25,1.75,79.0,30.5,95.0,43.5,9.0,5.5,12.75,5.25,6.0,2.25,0.5,0.5,72.25,25.75,97.5,43.25,17.25,9.5,10.5,5.75,4.5,3.0,0.25,0.25,59.0,104.0,555.0,6,0,1,0,1,2,1,0,0,0,0,2,0,0,182.88,190.5,155.0,0.0,0.0,0.48,0.47,0.665,0.175,3.5,0.0,1.0,0.0,91.5,45.0,75.5,36.0,120.5,69.0,102.5,57.0,3.5,1.5,7.5,2.5,66.0,26.5,55.0,21.5,14.0,9.0,9.5,6.5,11.5,9.5,11.0,8.0,76.5,34.0,56.0,24.0,6.0,4.5,3.0,2.0,9.0,6.5,16.5,10.0,136.0,332.5,900.0,6,1,2,0,2,2,0,0,0,1,1,0,0,0,180.34,180.34,145.0,25.0,22.0,0,0,1,0,0,0,0,0,0,0,0,0,0,0,0,0,0,0,1,0,1,0,0,0
Red,False,0.0005645751953125,0.013671875,0.5425099945068359,0.292252197265625,0.3191080474853516,0.0540724182128906,0.0,0.0158920288085937,0.03125,0.0,62.75361633300781,28.345741271972656,69.69320678710938,25.110809326171875,79.68428039550781,43.471946716308594,80.44525909423828,35.620452880859375,4.178367614746094,0.7921676635742188,0.935699462890625,0.1416168212890625,54.52817535400391,23.17334747314453,55.59090423583984,15.642181396484377,5.853858947753906,3.313507080078125,10.270477294921877,6.867774963378906,2.37158203125,1.85888671875,3.831825256347656,2.6008529663085938,40.79005432128906,14.37200927734375,56.631385803222656,16.618003845214844,8.284347534179688,4.490394592285156,12.63750457763672,8.144729614257812,13.679214477539062,9.48333740234375,0.42431640625,0.3480758666992187,178.1049575805664,27.078781127929688,622.7498168945312,51,4,5,0,5,14,4,0,1,4,3,6,0,0,182.88,190.5,205.0,0.017852783203125,0.0400390625,0.3315997314453125,0.2745416259765625,0.3881521606445313,0.25927734375,0.29693603515625,0.00250244140625,0.0,0.0,96.19293212890624,30.69638061523437,95.50509643554688,26.00473022460937,127.3385009765625,57.95233154296875,106.64938354492188,37.14849853515625,9.010345458984377,3.830047607421875,5.2666015625,0.5361328125,80.0274658203125,21.21075439453125,69.24349975585938,11.890655517578123,9.8123779296875,5.170684814453125,17.52484130859375,9.132232666015623,6.35308837890625,4.31494140625,8.73675537109375,4.981842041015625,78.24908447265625,18.426727294921875,86.04177856445312,21.26727294921875,5.275421142578125,2.729827880859375,8.6815185546875,4.4307861328125,12.668426513671877,9.539825439453123,0.78179931640625,0.306671142578125,286.8485107421875,77.18014526367188,1007.5106811523438,38,1,5,0,5,12,4,0,0,1,7,3,1,0,187.96,187.96,205.0,36.0,32.0,0,0,0,0,0,1,0,0,0,0,0,0,0,0,0,1,0,0,0,0,1,0,0,0
Red,False,0.25,0.0,0.38125,0.53875,0.31125,0.0625,0.375,0.625,0.0,0.0,111.25,40.375,146.625,82.625,140.75,65.625,176.25,109.625,10.125,3.0,2.5,0.25,81.75,19.875,80.375,31.75,22.125,17.75,34.875,27.25,7.375,2.75,31.375,23.625,73.25,16.5,90.125,38.75,26.875,16.875,52.5,40.5,11.125,7.0,4.0,3.375,390.75,76.625,1188.5,14,1,3,0,3,3,1,0,0,0,2,1,0,0,162.56,165.1,125.0,0.064453125,0.0625,0.482197265625,0.488037109375,0.511298828125,0.18390625,0.134765625,0.0,0.125,0.0,115.595703125,58.654296875,81.0126953125,33.7431640625,146.49609375,86.5009765625,97.095703125,47.4404296875,3.8486328125,2.5380859375,4.291015625,0.90234375,83.271484375,34.423828125,58.482421875,16.619140625,17.4970703125,11.1923828125,17.9560546875,12.95703125,14.8271484375,13.0380859375,4.57421875,4.1669921875,84.166015625,34.546875,62.841796875,20.828125,15.9716796875,12.3740234375,15.07421875,10.5966796875,15.4580078125,11.7333984375,3.0966796875,2.318359375,326.830078125,42.8076171875,744.318359375,27,2,3,0,3,9,2,0,0,0,5,3,1,0,162.56,165.1,125.0,30.0,31.0,0,0,0,1,0,0,0,0,0,0,0,0,0,0,0,1,0,0,0,0,0,0,1,0
Red,False,0.0,0.0,0.64,0.28,0.6,0.0,1.0,0.0,0.0,0.0,50.0,32.0,25.0,7.0,80.0,53.0,30.0,11.0,5.0,3.0,0.0,0.0,44.0,27.0,14.0,2.0,4.0,3.0,4.0,1.0,2.0,2.0,7.0,4.0,29.0,17.0,24.0,7.0,14.0,9.0,1.0,0.0,7.0,6.0,0.0,0.0,180.0,0.0,458.0,2,0,1,0,1,1,0,0,0,0,0,0,1,0,177.8,177.8,155.0,0.25,0.125,0.3924999999999999,0.26375,0.5,0.125,0.125,0.0,0.0,0.0,31.375,11.875,60.625,15.25,37.5,17.375,61.25,15.875,2.125,1.625,2.25,0.125,26.875,8.0,44.25,6.375,2.0,1.375,8.625,5.0,2.5,2.5,7.75,3.875,28.75,11.125,59.125,14.75,0.625,0.0,1.5,0.5,2.0,0.75,0.0,0.0,90.25,4.25,578.875,7,0,1,0,2,3,1,0,0,1,0,1,1,0,177.8,182.88,155.0,23.0,32.0,0,0,0,0,0,0,1,0,0,0,0,0,0,0,0,0,0,1,0,0,0,0,1,0
Blue,False,0.5,0.0,0.415,0.3249999999999999,0.5,0.055,0.0,0.0,0.0,0.0,131.0,55.0,70.0,23.0,134.0,58.0,88.0,33.0,0.5,0.5,4.5,0.5,104.0,33.0,61.0,16.5,15.5,12.5,8.5,6.0,11.5,9.5,0.5,0.5,123.0,48.0,55.5,13.5,7.5,6.5,10.5,7.0,0.5,0.5,4.0,2.5,46.0,100.0,900.0,6,0,2,0,2,2,0,0,0,0,2,0,0,0,190.5,198.12,242.0,0.765625,0.09375,0.5259375,0.3546484375,0.4765625,0.00125,0.0,0.00390625,0.0,0.0,37.4921875,20.29296875,29.109375,10.23828125,68.58984375,47.66796875,30.71875,11.6953125,2.66015625,1.890625,0.05859375,0.0078125,33.64453125,18.26953125,23.50390625,7.1640625,2.94921875,1.375,3.01171875,1.29296875,0.8984375,0.6484375,2.59375,1.78125,16.92578125,5.84375,21.96875,6.3046875,5.53515625,2.953125,6.953125,3.80859375,15.03125,11.49609375,0.1875,0.125,150.328125,32.046875,340.86328125,16,0,1,0,3,6,3,0,0,0,0,6,0,0,182.88,190.5,260.0,28.0,30.0,0,0,0,0,1,0,0,0,0,0,0,0,0,0,0,1,0,0,0,0,0,0,1,0
Blue,False,0.0,0.0,0.4649999999999999,0.4,1.0,0.25,0.0,0.0,0.0,0.0,74.5,35.0,5.0,2.0,117.0,65.5,16.5,9.0,1.5,1.5,1.0,0.5,69.5,32.0,3.5,1.0,2.0,0.5,1.5,1.0,3.0,2.5,0.0,0.0,5.0,0.0,3.5,1.0,5.0,3.0,1.5,1.0,64.5,32.0,0.0,0.0,221.0,22.5,269.0,2,1,2,0,2,2,0,0,0,0,0,2,0,0,167.64,175.26,135.0,0.0,0.5,0.39375,0.4125,0.0,0.2075,0.0,1.0,0.0,0.0,157.75,62.0,126.375,53.5,177.75,81.75,153.125,79.625,0.0,0.0,2.375,0.75,133.625,42.5,101.375,34.0,6.875,4.625,13.5,10.75,17.25,14.875,11.5,8.75,143.25,52.875,103.125,35.125,14.5,9.125,10.75,7.625,0.0,0.0,12.5,10.75,22.25,229.375,772.5,11,0,0,2,1,1,3,0,0,0,0,0,0,1,167.64,167.64,125.0,26.0,29.0,0,0,0,0,0,0,0,0,0,0,1,0,0,0,0,1,0,0,0,0,1,0,0,0
Blue,False,0.75,0.0,0.38875,0.26625,0.125,0.07125,0.0,0.0,0.125,0.0,115.0,49.25,108.625,39.0,118.5,51.5,112.125,42.125,0.625,0.125,6.5,0.5,104.125,45.625,86.25,21.5,9.125,2.375,19.25,14.375,1.75,1.25,3.125,3.125,106.5,44.125,103.75,35.125,3.25,2.875,2.375,2.25,5.25,2.25,2.5,1.625,21.0,79.625,607.75,8,0,0,1,3,3,1,0,0,0,1,2,0,0,180.34,185.42,170.0,0.625,0.5,0.5,0.3475,0.5,0.1875,0.0,0.125,0.0,0.0,83.125,41.5,84.875,26.0,91.375,49.75,89.625,30.25,0.5,0.5,0.875,0.25,60.0,25.875,71.25,20.125,13.75,8.875,10.5,4.25,9.375,6.75,3.125,1.625,62.375,30.625,70.75,18.75,13.0,6.625,9.125,5.0,7.75,4.25,5.0,2.25,93.25,46.625,630.125,8,0,1,0,2,3,1,0,0,0,1,2,0,0,182.88,185.42,170.0,23.0,33.0,0,0,0,0,0,0,0,0,0,1,0,0,0,0,0,1,0,0,0,0,0,0,1,0
Red,True,0.3076171875,0.5,0.46755859375,0.5876953125,0.2057421875,0.033046875,0.013671875,0.0634765625,0.0,0.0,76.609375,31.396484375,66.1787109375,38.994140625,86.421875,40.416015625,72.3623046875,44.65234375,2.296875,0.7890625,1.6318359375,0.1923828125,59.7607421875,21.41015625,47.5869140625,24.4169921875,10.4150390625,5.45703125,6.0380859375,4.345703125,6.43359375,4.529296875,12.5537109375,10.2314453125,70.1865234375,26.9453125,49.9658203125,26.3857421875,3.580078125,2.271484375,5.6171875,4.078125,2.8427734375,2.1796875,10.595703125,8.5302734375,69.92578125,29.7939453125,442.240234375,22,1,1,0,6,8,3,0,0,0,2,4,2,0,195.58,200.66,205.0,0.0625,0.5,0.5096875000000001,0.44,0.35875,0.4,1.75,0.0,0.0,0.0,81.6875,37.53125,77.5625,37.03125,127.0625,77.90625,91.875,49.96875,6.5625,2.21875,2.5625,1.25,66.75,27.78125,56.4375,20.6875,9.28125,6.875,12.84375,10.90625,5.65625,2.875,8.28125,5.4375,47.03125,14.15625,56.5,21.96875,15.34375,9.21875,19.53125,14.15625,19.3125,14.15625,1.53125,0.90625,408.5,125.09375,919.8125,18,2,4,0,4,5,1,0,0,0,2,1,2,0,180.34,182.88,235.0,28.0,36.0,0,0,0,0,0,1,0,0,0,0,0,0,0,0,0,1,0,0,0,0,1,0,0,0
Red,False,0.5,0.0,0.53,0.425,0.0,0.16,0.0,0.0,0.5,0.0,113.5,67.0,85.5,36.5,154.5,103.0,128.5,73.0,0.5,0.0,12.0,2.0,81.5,42.0,54.0,14.5,26.5,19.5,18.0,10.5,5.5,5.5,13.5,11.5,57.5,24.0,66.5,24.0,51.0,39.5,17.0,12.0,5.0,3.5,2.0,0.5,143.0,440.0,900.0,6,0,1,0,1,1,1,0,0,0,1,0,0,0,160.02,162.56,115.0,0.0,0.0,0.38,0.46,0.33,0.71,0.0,1.0,0.0,0.0,72.0,28.0,90.0,42.0,73.0,29.0,180.0,107.0,3.0,1.0,7.0,5.0,53.0,16.0,79.0,36.0,14.0,8.0,10.0,6.0,5.0,4.0,1.0,0.0,58.0,22.0,45.0,11.0,10.0,4.0,21.0,11.0,4.0,2.0,24.0,20.0,24.0,302.0,686.0,3,1,0,1,0,0,1,0,0,0,0,0,0,0,165.1,165.1,115.0,30.0,23.0,0,0,0,0,0,0,0,0,0,0,0,0,0,1,0,1,0,0,0,0,1,0,0,0
Blue,False,0.015625,0.0,0.45,0.4275,0.25,0.2,0.148468017578125,0.098388671875,0.0,0.0,66.5,29.6875,64.31230545043945,27.34375,89.75,48.0,85.53125,44.41152191162109,2.0,0.75,2.0546875,0.75,51.1875,18.3359375,49.6123046875,16.280410766601562,7.5,5.07647705078125,7.5,5.0,4.5,3.625,4.984375,3.9375,48.6875,17.0,47.11572265625,16.5,5.75,3.75,5.3125,3.4375,5.0625,3.5,3.875,2.5,99.2119140625,94.125,638.5,0,0,0,0,0,0,0,0,0,0,0,0,0,0,182.88,180.34,170.0,0.0,0.0,0.425,0.28,0.14,0.56,0.0,0.0,0.5,0.5,95.0,40.5,89.5,27.0,111.5,56.0,111.0,42.0,4.5,1.0,8.0,4.5,58.5,19.0,74.0,17.5,13.5,5.5,11.0,6.0,23.0,16.0,4.5,3.5,76.5,27.5,76.0,20.0,14.0,10.0,12.0,5.5,4.5,3.0,1.5,1.5,120.0,302.0,900.0,6,0,1,0,1,1,1,0,0,0,1,0,0,0,175.26,177.8,155.0,19.0,33.0,0,0,0,0,0,0,1,0,0,0,0,0,0,0,0,1,0,0,0,0,1,0,0,0
Blue,False,0.0,0.8125,0.391875,0.32125,0.2275,0.66875,0.6875,0.0625,0.0625,0.0625,138.75,53.875,106.25,34.25,152.0,65.875,114.8125,41.9375,2.125,0.6875,4.0625,1.4375,122.25,42.875,91.1875,24.75,10.625,6.5625,11.3125,6.9375,5.875,4.4375,3.75,2.5625,125.9375,45.3125,90.6875,25.875,4.625,3.1875,2.4375,1.75,8.1875,5.375,13.125,6.625,81.25,112.6875,645.6875,14,0,1,0,2,3,2,0,0,0,3,0,0,0,167.64,175.26,125.0,0.0,0.0,0.3154150390625,0.5160546875,0.1472509765625,0.7427441406249999,0.5166015625,1.009765625,0.001953125,0.125,77.44140625,27.91162109375,80.57470703125,40.72265625,95.04931640625,43.7685546875,126.63232421875,81.7998046875,0.5947265625,0.28759765625,6.18994140625,3.84033203125,54.52783203125,13.7998046875,54.51416015625,21.662109375,16.62890625,10.0341796875,22.43505859375,16.63916015625,6.28466796875,4.07763671875,3.62548828125,2.42138671875,63.607421875,19.935546875,47.4052734375,16.4267578125,12.21728515625,7.10302734375,16.26904296875,11.373046875,1.61669921875,0.873046875,16.900390625,12.9228515625,42.24658203125,455.89794921875,775.1796875,34,1,1,0,3,7,5,0,0,2,4,1,0,0,160.02,162.56,125.0,22.0,34.0,0,0,0,1,0,0,0,0,0,0,0,0,0,0,0,1,0,0,0,0,0,0,1,0
Red,False,0.0,0.0,0.4449999999999999,0.435,0.205,0.0,0.0,0.0,0.0,0.0,71.5,30.5,76.5,32.0,140.5,85.0,82.0,37.0,11.0,2.5,0.0,0.0,62.0,22.5,65.5,23.5,6.5,5.5,6.0,4.5,3.0,2.5,5.0,4.0,45.5,12.0,71.5,28.5,8.5,5.0,4.5,3.0,17.5,13.5,0.5,0.5,368.5,2.5,900.0,6,0,0,1,1,1,1,0,0,0,1,0,0,0,190.5,195.58,240.0,0.0,0.5,0.48875,0.62,0.09375,0.478125,0.0,0.25,0.25,0.0625,34.8125,18.125,24.0,14.8125,38.375,21.1875,55.25,43.3125,0.6875,0.125,2.9375,1.8125,31.5625,16.0,20.125,12.4375,2.875,1.875,2.9375,1.4375,0.375,0.25,0.9375,0.9375,9.6875,1.6875,7.625,3.3125,5.5625,3.5,4.6875,2.6875,19.5625,12.9375,11.6875,8.8125,102.0,138.3125,333.1875,7,0,2,0,2,3,2,0,0,0,0,3,0,0,190.5,200.66,260.0,25.0,30.0,0,0,0,0,1,0,0,0,0,0,0,0,0,0,0,1,0,0,0,0,1,0,0,0
Blue,False,0.0234375,0.3828125,0.4509375,0.50109375,0.46203125,0.4396875,0.2890625,0.0234375,0.0,0.5625,31.3125,14.0,45.5625,20.5234375,42.0,23.5390625,57.6015625,31.5,2.9453125,1.6796875,2.4296875,0.796875,22.9609375,9.140625,36.375,13.3515625,5.828125,3.7578125,7.390625,5.640625,2.5234375,1.1015625,1.796875,1.53125,20.140625,6.90625,27.84375,10.2421875,4.9296875,4.2578125,8.7578125,5.71875,6.2421875,2.8359375,8.9609375,4.5625,106.640625,83.7421875,334.0859375,14,1,1,0,3,5,3,0,0,0,2,0,2,1,170.18,162.56,145.0,0.0,0.625,0.34875,0.55375,0.34375,0.0625,0.25,0.125,0.125,0.0,33.0,14.125,42.5,18.25,40.5,20.75,44.0,19.75,0.75,0.625,1.375,0.125,25.375,9.125,32.0,12.25,3.5,1.875,5.75,2.75,4.125,3.125,4.75,3.25,30.625,12.875,38.375,15.25,1.75,0.875,3.5,2.5,0.625,0.375,0.625,0.5,77.5,5.75,288.25,7,0,1,0,1,2,2,0,0,0,1,0,1,0,172.72,167.64,145.0,28.0,33.0,0,0,1,0,0,0,0,0,0,0,0,0,0,0,0,1,0,0,0,0,1,0,0,0
Red,False,0.5,0.0,0.3349999999999999,0.41,0.145,0.2175,0.0,0.5,0.0,0.0,95.25,32.5,67.0,29.75,105.75,41.75,81.25,43.25,3.5,1.0,3.0,1.25,81.75,23.5,56.0,22.0,2.25,1.25,6.5,4.25,11.25,7.75,4.5,3.5,76.75,21.5,59.75,25.25,4.25,2.5,4.5,3.0,14.25,8.5,2.75,1.5,70.25,89.75,492.5,7,0,1,0,1,2,1,0,0,1,0,1,0,0,182.88,180.34,170.0,0.5,0.0,0.3249999999999999,0.4025,0.75,0.1625,0.25,0.0,0.25,0.0,128.5,40.5,163.25,65.75,157.0,64.0,190.0,88.0,2.75,2.5,6.25,1.75,124.75,37.25,131.25,36.0,3.5,3.0,16.5,14.25,0.25,0.25,15.5,15.5,113.25,31.25,126.0,44.25,10.75,7.5,15.75,11.5,4.5,1.75,21.5,10.0,89.5,251.5,900.0,9,0,0,3,0,0,3,0,0,0,0,0,0,0,180.34,185.42,170.0,27.0,31.0,0,0,0,0,0,0,0,0,0,1,0,0,0,0,0,1,0,0,0,0,0,0,1,0
Red,False,0.015625,0.0,0.45,0.4275,0.25,0.2,0.148468017578125,0.098388671875,0.0,0.0,66.5,29.6875,64.31230545043945,27.34375,89.75,48.0,85.53125,44.41152191162109,2.0,0.75,2.0546875,0.75,51.1875,18.3359375,49.6123046875,16.280410766601562,7.5,5.07647705078125,7.5,5.0,4.5,3.625,4.984375,3.9375,48.6875,17.0,47.11572265625,16.5,5.75,3.75,5.3125,3.4375,5.0625,3.5,3.875,2.5,99.2119140625,94.125,638.5,0,0,0,0,0,0,0,0,0,0,0,0,0,0,170.18,170.18,155.0,0.5,0.0,0.4,0.315,0.2475,0.0,0.0,0.0,0.0,0.25,110.5,45.75,109.75,35.25,128.0,61.0,128.75,53.5,3.25,1.0,1.5,0.0,90.25,31.75,87.5,24.25,11.25,6.5,13.75,5.5,9.0,7.5,8.5,5.5,104.5,43.25,104.75,31.75,5.5,2.0,3.5,2.25,0.5,0.5,1.5,1.25,106.75,73.5,900.0,9,0,1,0,1,2,1,0,0,0,2,0,0,0,167.64,167.64,155.0,25.0,31.0,0,0,0,0,0,0,1,0,0,0,0,0,0,0,0,0,0,1,0,0,0,0,1,0
Blue,False,0.15625,0.0,0.5870312499999999,0.51265625,0.65921875,0.03546875,0.0625,0.015625,0.046875,0.0,43.296875,24.203125,45.203125,20.09375,50.640625,31.375,61.515625,34.546875,1.484375,0.875,3.0625,0.328125,29.625,13.34375,25.96875,5.421875,7.703125,5.078125,6.59375,3.53125,5.96875,5.78125,12.640625,11.140625,31.890625,16.234375,38.8125,15.625,1.6875,0.953125,5.140625,4.15625,9.71875,7.015625,1.25,0.3125,71.859375,57.0625,421.875,15,1,0,2,3,4,3,0,0,0,1,1,0,2,182.88,200.66,185.0,0.25,0.0,0.493125,0.2903125,0.5,0.0759375,0.125,0.125,0.03125,0.0,64.8125,37.0,39.96875,11.125,122.5625,85.9375,45.5,16.28125,2.09375,2.0,2.28125,0.5625,52.625,25.96875,26.625,4.59375,6.09375,5.09375,7.0625,2.40625,6.09375,5.9375,6.28125,4.125,42.5,17.90625,37.5,8.96875,1.75,1.09375,0.8125,0.625,20.5625,18.0,1.65625,1.53125,337.375,88.65625,666.0625,16,0,1,0,2,4,2,0,0,0,2,1,1,0,187.96,193.04,185.0,31.0,30.0,0,0,0,0,0,0,0,1,0,0,0,0,0,0,0,1,0,0,0,0,1,0,0,0
Red,False,0.777587890625,0.250244140625,0.3262158203124999,0.560474853515625,0.04103759765625,0.0417382812499999,0.001953125,0.0,0.0,0.0,67.740234375,20.9791259765625,84.7740478515625,48.876220703125,68.6524658203125,21.854736328125,86.2257080078125,50.26025390625,3.54345703125,0.2520751953125,1.56982421875,0.221923828125,60.5830078125,16.8184814453125,53.2098388671875,23.66064453125,4.420166015625,2.738037109375,19.076171875,13.792236328125,2.737060546875,1.422607421875,12.488037109375,11.42333984375,58.5845947265625,16.17529296875,78.9788818359375,44.5406494140625,7.9521484375,4.611572265625,5.008544921875,3.6116943359375,1.2034912109375,0.1922607421875,0.78662109375,0.723876953125,25.930419921875,19.4345703125,688.134765625,29,1,2,0,3,7,7,0,0,0,0,7,0,0,182.88,185.42,263.0,0.25,0.015625,0.685625,0.63171875,0.109375,0.07875,0.234375,0.0625,0.0,0.0625,26.109375,16.75,18.703125,11.546875,34.96875,25.046875,25.453125,17.484375,0.671875,0.171875,0.578125,0.21875,18.390625,9.609375,16.609375,9.734375,6.03125,5.609375,1.546875,1.359375,1.6875,1.53125,0.546875,0.453125,5.6875,2.78125,7.671875,2.96875,11.34375,8.875,5.703125,4.03125,9.078125,5.09375,5.328125,4.546875,65.5625,75.296875,192.078125,11,1,1,0,4,5,2,0,0,0,0,4,1,0,190.5,198.12,250.0,39.0,37.0,0,0,0,0,1,0,0,0,0,0,0,0,0,0,0,1,0,0,0,0,1,0,0,0
Red,False,0.0,0.0,0.38859375,0.37640625,0.18703125,0.2271875,0.109375,0.34375,0.15625,0.171875,122.3125,47.359375,127.828125,49.40625,140.375,63.875,195.671875,110.484375,1.296875,0.421875,10.8125,1.671875,112.796875,40.4375,102.03125,31.09375,8.5,6.046875,19.9375,13.0,1.015625,0.875,5.859375,5.3125,108.28125,38.640625,106.234375,37.875,10.21875,5.9375,15.953125,8.90625,3.8125,2.78125,5.640625,2.625,72.03125,306.375,897.03125,21,0,1,0,1,3,4,0,0,1,2,0,0,0,167.64,167.64,125.0,0.125,0.0,0.425,0.45,0.308125,0.40875,0.0,1.1875,0.0,0.0625,90.1875,36.3125,93.375,42.5625,118.6875,61.125,140.125,87.3125,3.3125,0.9375,11.4375,7.125,71.8125,23.9375,49.9375,13.8125,12.875,8.4375,24.3125,17.0,5.5,3.9375,19.125,11.75,73.3125,25.625,72.75,27.1875,11.0,6.9375,14.4375,9.75,5.875,3.75,6.1875,5.625,102.5625,428.0625,1092.4375,14,1,4,0,4,4,1,0,0,0,2,2,0,0,165.1,167.64,125.0,30.0,24.0,0,0,0,1,0,0,0,0,0,0,0,0,0,0,0,1,0,0,0,0,1,0,0,0
Red,False,0.06640625,0.70703125,0.3541357421875,0.414501953125,0.31017578125,0.1518408203125,0.03125,0.064453125,0.0009765625,0.0625,65.13671875,26.15087890625,36.27880859375,14.525390625,76.76904296875,36.0732421875,43.32763671875,20.91748046875,1.12744140625,0.70361328125,1.9345703125,0.8505859375,52.07861328125,18.14697265625,30.09033203125,9.37109375,8.95947265625,5.24560546875,3.80859375,2.91845703125,4.0986328125,2.75830078125,2.3798828125,2.23583984375,44.90380859375,13.27490234375,27.0654296875,9.04248046875,6.70458984375,2.923828125,4.9306640625,3.220703125,13.5283203125,9.9521484375,4.28271484375,2.26220703125,160.61181640625,68.234375,421.3115234375,28,0,0,1,2,5,7,0,0,1,2,2,0,0,185.42,182.88,135.0,0.12890625,0.0,0.281767578125,0.574521484375,0.0483203125,0.4623828125,0.03125,0.640625,0.0,0.00390625,72.2880859375,23.9345703125,72.4287109375,36.013671875,83.85546875,33.3359375,91.9150390625,54.3095703125,1.599609375,0.294921875,9.0927734375,2.5712890625,61.9697265625,17.212890625,54.8720703125,20.3994140625,8.763671875,5.8291015625,9.8818359375,8.978515625,1.5546875,0.892578125,7.6748046875,6.6357421875,61.427734375,17.2021484375,52.9208984375,19.4765625,5.884765625,4.015625,12.5771484375,10.7314453125,4.9755859375,2.716796875,6.9306640625,5.8056640625,97.53125,254.5712890625,605.10546875,30,0,1,0,5,7,4,0,0,3,3,1,0,0,170.18,175.26,135.0,33.0,31.0,1,0,0,0,0,0,0,0,0,0,0,0,0,0,0,1,0,0,0,0,1,0,0,0
Red,False,0.015625,0.0,0.45,0.4275,0.25,0.2,0.148468017578125,0.098388671875,0.0,0.0,66.5,29.6875,64.31230545043945,27.34375,89.75,48.0,85.53125,44.41152191162109,2.0,0.75,2.0546875,0.75,51.1875,18.3359375,49.6123046875,16.280410766601562,7.5,5.07647705078125,7.5,5.0,4.5,3.625,4.984375,3.9375,48.6875,17.0,47.11572265625,16.5,5.75,3.75,5.3125,3.4375,5.0625,3.5,3.875,2.5,99.2119140625,94.125,638.5,0,0,0,0,0,0,0,0,0,0,0,0,0,0,180.34,180.34,170.0,0.0,1.0,0.67,0.58,1.0,0.0,0.0,0.0,0.0,1.0,46.0,31.0,58.0,34.0,60.0,41.0,62.0,38.0,1.0,1.0,2.0,0.0,44.0,29.0,53.0,30.0,2.0,2.0,5.0,4.0,0.0,0.0,0.0,0.0,40.0,26.0,44.0,22.0,6.0,5.0,5.0,3.0,0.0,0.0,9.0,9.0,49.0,36.0,257.0,1,0,0,1,0,0,1,0,0,0,0,0,0,0,170.18,177.8,170.0,29.0,29.0,0,0,0,0,0,0,0,0,0,1,0,0,0,0,0,0,0,1,0,0,1,0,0,0
Blue,False,0.0,1.0,0.35,0.365,0.355,0.25,0.5,0.0,0.5,1.0,71.0,24.5,77.0,27.0,72.5,26.0,97.0,45.5,10.0,3.5,1.5,0.5,57.5,16.0,66.5,19.0,8.0,3.5,4.0,3.0,5.5,5.0,6.5,5.0,60.0,17.0,62.5,21.0,6.5,5.5,6.0,3.0,4.5,2.0,8.5,3.0,245.0,123.0,810.5,6,0,0,1,1,1,1,0,0,0,1,0,0,0,180.34,190.5,155.0,0.0,0.125,0.2375,0.47125,0.5625,0.5325,0.375,0.75,0.375,0.125,29.25,7.125,44.5,20.125,44.0,21.25,74.5,48.0,2.5,0.625,4.0,2.0,20.5,3.625,37.625,16.0,1.5,0.375,3.875,2.75,7.25,3.125,3.0,1.375,25.5,5.375,17.0,4.625,1.875,0.625,3.875,2.0,1.875,1.125,23.625,13.5,95.5,250.375,538.75,9,0,0,4,0,0,4,0,0,0,0,0,0,0,172.72,167.64,155.0,31.0,33.0,0,0,0,0,0,0,1,0,0,0,0,0,0,0,0,1,0,0,0,0,0,0,1,0
Red,False,0.25,0.25,0.3924999999999999,0.48,0.25,0.0925,0.0,0.0,0.0,0.25,119.5,44.5,93.0,44.5,127.25,51.25,99.75,48.5,0.75,0.25,5.0,1.5,92.5,24.5,58.0,17.0,11.25,6.75,18.0,13.75,15.75,13.25,17.0,13.75,102.5,33.25,87.75,40.75,7.25,5.0,1.25,1.0,9.75,6.25,4.0,2.75,64.75,109.75,782.25,8,0,2,0,2,2,1,0,0,1,0,1,0,0,180.34,177.8,155.0,0.359375,0.2525634765625,0.4639950561523437,0.3987435913085937,0.04119873046875,0.223424072265625,0.0,0.5001220703125,6.103515625e-05,6.103515625e-05,48.84390258789063,20.608917236328125,72.42434692382812,25.26693725585937,69.28402709960938,37.02593994140625,108.81997680664062,57.089111328125,0.185333251953125,0.04669189453125,7.27117919921875,2.64013671875,37.50421142578125,13.127777099609377,59.63873291015625,17.166595458984375,8.67926025390625,5.2479248046875,7.5447998046875,3.8138427734375,2.660430908203125,2.23321533203125,5.240814208984375,4.2864990234375,41.15826416015625,14.223419189453123,57.7835693359375,14.400634765625,5.796966552734375,4.562744140625,8.248138427734375,5.607086181640625,1.888671875,1.82275390625,6.39263916015625,5.25921630859375,6.81787109375,337.5064697265625,662.1411743164062,39,1,3,0,3,9,7,0,0,0,4,4,0,1,172.72,175.26,155.0,31.0,30.0,0,0,0,0,0,0,1,0,0,0,0,0,0,0,0,1,0,0,0,0,1,0,0,0
Red,False,0.0625,0.25,0.54625,0.4868749999999999,0.0625,0.140625,0.0625,0.0,0.0,0.0,64.8125,35.1875,74.125,34.0625,87.9375,55.1875,88.25,47.9375,1.6875,0.1875,2.625,0.375,34.875,12.125,52.25,18.1875,15.3125,10.3125,16.0,11.125,14.625,12.75,5.875,4.75,49.75,23.375,58.6875,22.4375,14.75,11.625,14.1875,10.625,0.3125,0.1875,1.25,1.0,195.4375,108.5625,673.375,10,0,3,0,3,4,1,0,0,0,1,1,0,2,185.42,200.66,205.0,0.902099609375,0.0,0.4948913574218749,0.44119140625,0.264783935546875,0.186983642578125,0.01580810546875,1.5596923828125,6.103515625e-05,6.103515625e-05,48.64666748046875,23.47918701171875,35.00311279296875,15.8853759765625,55.60760498046875,29.5045166015625,61.83154296875,40.65093994140625,1.3585205078125,0.59649658203125,4.5406494140625,1.50787353515625,44.178955078125,19.6495361328125,29.87109375,13.0792236328125,2.3138427734375,1.98101806640625,2.84112548828125,1.410888671875,2.15386962890625,1.8486328125,2.2908935546875,1.395263671875,34.78253173828125,13.45263671875,21.9456787109375,6.15057373046875,7.22552490234375,4.736328125,2.46697998046875,1.73028564453125,6.63861083984375,5.29022216796875,10.5904541015625,8.0045166015625,43.2620849609375,283.7156982421875,496.890869140625,27,1,1,0,3,10,5,0,0,0,2,8,0,0,187.96,198.12,205.0,35.0,31.0,0,0,0,0,0,1,0,0,0,0,0,0,0,0,0,1,0,0,0,0,1,0,0,0
Red,False,0.0,0.0,0.6000000000000001,0.515,0.7,0.5,1.0,0.5,0.0,0.0,62.0,28.0,108.0,48.5,68.0,32.5,153.5,87.5,3.0,1.5,3.0,1.5,35.0,11.5,83.5,31.5,12.0,8.0,13.5,8.0,15.0,8.5,11.0,9.0,47.5,20.0,75.5,29.5,13.5,7.5,20.5,10.0,1.0,0.5,12.0,9.0,66.0,232.5,544.0,4,0,0,1,1,1,1,0,0,0,0,0,1,0,160.02,160.02,115.0,0.0,0.0,0.64,0.58,0.45,0.5,1.5,0.5,1.5,0.5,100.0,64.0,48.0,28.0,241.0,183.0,78.0,53.0,5.5,2.5,4.5,2.5,81.5,50.0,29.5,13.0,13.5,9.0,17.0,14.0,5.0,5.0,1.5,1.0,16.0,7.5,16.5,7.0,38.0,24.5,25.5,16.0,46.0,32.0,6.0,5.0,545.5,192.5,837.0,6,0,2,0,2,2,0,0,0,0,1,1,0,0,162.56,165.1,115.0,36.0,21.0,0,0,0,0,0,0,0,0,0,0,0,0,0,1,0,0,0,1,0,0,1,0,0,0
Blue,False,0.0,0.0,0.40125,0.3475,0.3325,0.17125,0.625,0.0,0.0,0.0,109.5,41.5,153.0,38.25,119.25,51.125,165.625,49.375,3.5,0.625,2.375,0.625,85.125,26.25,120.25,18.375,12.625,6.625,25.625,16.125,11.75,8.625,7.125,3.75,90.125,27.5,130.5,23.875,14.75,10.25,22.125,14.25,4.625,3.75,0.375,0.125,73.5,108.875,749.75,10,0,1,0,1,2,2,0,0,0,1,0,1,0,170.18,170.18,135.0,0.25,0.0,0.5384375,0.3703125,0.5700000000000001,0.07625,0.28125,0.90625,0.0,0.0,72.84375,39.75,54.3125,20.6875,138.0625,99.28125,62.1875,27.59375,2.71875,1.875,4.65625,0.25,61.25,29.625,48.78125,16.46875,8.5625,7.09375,2.34375,1.6875,3.03125,3.03125,3.1875,2.53125,43.4375,18.0,45.28125,14.59375,4.625,2.875,5.71875,4.0625,24.78125,18.875,3.3125,2.03125,349.21875,40.3125,613.78125,13,0,0,1,3,4,2,0,0,1,2,0,1,0,154.94,157.48,115.0,26.0,23.0,0,0,0,0,0,0,0,0,0,0,1,0,0,0,0,1,0,0,0,0,1,0,0,0
Red,True,0.640625,0.0,0.36265625,0.33,0.6034375000000001,0.020625,0.0,0.0,0.0,0.0,89.140625,31.703125,81.0625,31.234375,95.296875,36.859375,85.59375,35.640625,2.25,1.34375,10.296875,0.3125,67.921875,15.625,54.578125,14.25,14.390625,10.203125,12.15625,7.28125,6.828125,5.875,14.328125,9.703125,73.0,21.765625,70.28125,22.796875,12.96875,8.28125,10.46875,8.25,3.171875,1.65625,0.3125,0.1875,45.296875,26.59375,759.1875,17,2,3,0,3,6,1,0,0,0,2,3,0,1,160.02,167.64,135.0,0.06640625,0.015625,0.5702294921875,0.2934375,0.6072558593749999,0.131875,1.09375,0.01806640625,0.00244140625,0.0009765625,108.16162109375,62.07666015625,76.908203125,24.3974609375,164.68359375,115.20849609375,103.01416015625,46.265625,12.5546875,7.75830078125,4.60400390625,0.818359375,53.337890625,22.34521484375,56.43701171875,11.56982421875,32.40966796875,25.5185546875,12.79345703125,8.46484375,22.4140625,14.212890625,7.677734375,4.36279296875,68.640625,31.1103515625,61.64599609375,14.72412109375,28.30078125,21.47265625,14.87890625,9.431640625,11.22021484375,9.49365234375,0.38330078125,0.24169921875,526.46484375,102.8349609375,1144.4921875,45,8,2,0,8,10,2,0,0,1,5,1,3,0,160.02,167.64,125.0,30.0,29.0,0,0,0,1,0,0,0,0,0,0,0,0,0,0,0,1,0,0,0,0,1,0,0,0
Blue,False,0.0,0.0,0.48,0.355,0.3825,0.0,0.0,0.25,0.0,0.0,171.0,72.75,103.75,42.5,188.0,87.25,104.75,43.5,5.75,2.25,0.25,0.0,154.25,61.75,78.25,21.75,14.75,9.25,6.0,4.0,2.0,1.75,19.5,16.75,151.75,60.75,97.25,40.0,16.0,9.25,6.5,2.5,3.25,2.75,0.0,0.0,136.75,0.0,669.25,7,1,2,0,2,2,1,0,0,0,1,1,0,0,190.5,200.66,205.0,0.0,0.0,0.53,0.415,0.0,0.0,0.0,0.0,0.0,0.0,63.0,28.5,46.0,22.5,70.5,36.0,68.0,41.5,1.5,0.0,1.0,0.0,46.0,17.0,26.0,8.5,14.0,9.0,12.5,8.0,3.0,2.5,7.5,6.0,51.0,19.5,37.5,16.0,8.0,5.5,8.5,6.5,4.0,3.5,0.0,0.0,17.5,171.5,509.0,4,0,1,0,1,1,1,0,0,0,0,1,0,0,187.96,198.12,205.0,25.0,32.0,0,0,0,0,0,1,0,0,0,0,0,0,0,0,0,1,0,0,0,0,1,0,0,0
Blue,False,0.484375,0.0,0.370390625,0.4246875,0.15625,0.2190625,1.75,0.1640625,0.5,0.0,159.71875,60.1640625,121.359375,50.6953125,169.671875,69.3125,147.7890625,73.75,1.0625,0.5625,5.7265625,1.546875,116.3515625,33.9140625,93.6015625,30.34375,37.40625,22.5390625,21.7421875,15.484375,5.9609375,3.7109375,6.015625,4.8671875,140.4375,52.078125,99.2109375,39.1171875,14.2734375,6.125,10.6484375,4.640625,5.0078125,1.9609375,11.5,6.9375,33.453125,176.671875,824.6875,19,0,0,1,4,6,2,0,0,0,2,4,0,0,160.02,170.18,135.0,0.6171875,0.40625,0.44140625,0.16234375,0.125,0.05234375,0.1484375,0.265625,0.0,0.0,42.9140625,16.171875,42.1015625,12.2109375,46.921875,20.0625,48.9453125,17.4609375,0.6328125,0.4375,1.5390625,0.1328125,37.171875,11.40625,37.0234375,9.640625,2.1015625,1.71875,3.2890625,1.6484375,3.640625,3.046875,1.7890625,0.921875,37.4453125,12.5390625,35.296875,8.4921875,2.1015625,1.3515625,1.765625,0.8671875,3.3671875,2.28125,5.0390625,2.8515625,11.4609375,82.859375,283.1796875,17,0,0,1,2,4,4,0,0,0,1,3,0,0,172.72,177.8,135.0,25.0,33.0,1,0,0,0,0,0,0,0,0,0,0,0,0,0,0,1,0,0,0,0,1,0,0,0
Red,False,0.7528085708618164,0.2041015625,0.4331715559959411,0.4523480582237243,0.0482471990585327,0.0003090500831604,0.1335210800170898,0.0078201293945312,0.0078125,0.0078126192092895,29.82749158143997,12.73864096403122,29.393846929073334,17.236121237277985,32.11975198984146,14.77084767818451,42.07692044973373,29.027056753635406,0.4885069131851196,0.1564337015151977,0.0452366471290588,0.0003109574317932,27.332131147384644,10.755382776260376,22.39267987012863,11.585692703723907,1.765522539615631,1.3825716376304626,6.049110054969788,4.701301217079163,0.7298378944396973,0.6006865501403809,0.9520570039749146,0.9491273164749146,16.646877348423004,6.132967889308929,16.631190240383148,6.86057323217392,10.106045007705688,4.533405542373657,6.565842032432556,5.02851140499115,3.0745692253112797,2.072267532348633,6.196814656257629,5.347036600112915,9.175162613391876,88.20539408922195,224.22622042894363,39,5,2,0,4,16,9,0,0,0,2,5,8,0,190.5,200.66,264.0,0.78814697265625,0.503936767578125,0.4742565917968749,0.3878848266601563,0.0625152587890625,0.0337538146972656,0.016632080078125,0.0312652587890625,0.0,1.52587890625e-05,65.26300048828125,32.72230529785156,38.68205261230469,14.5380859375,73.14042663574219,39.5096435546875,47.35639953613281,21.087432861328125,0.195343017578125,0.0625152587890625,1.6737213134765625,0.250030517578125,54.03173828125,24.979171752929688,31.701873779296875,9.121261596679688,7.428375244140625,5.013336181640625,4.8830108642578125,3.5860137939453125,3.802886962890625,2.72979736328125,2.09716796875,1.830810546875,40.45494079589844,15.015182495117188,31.00714111328125,10.912216186523438,21.255447387695312,14.563079833984377,2.5259246826171875,1.4770050048828125,3.5526123046875,3.14404296875,5.14898681640625,2.14886474609375,36.94096374511719,47.48377990722656,376.5298461914063,31,5,1,0,6,13,4,0,0,1,1,9,2,0,190.5,195.58,240.0,36.0,36.0,0,0,0,0,1,0,0,0,0,0,0,0,0,0,0,0,0,1,0,0,1,0,0,0
Red,False,0.0,0.5,0.5700000000000001,0.48,0.0,0.08,0.0,0.0,0.0,0.0,51.0,30.0,56.5,25.0,72.5,48.5,96.0,60.5,0.0,0.0,6.0,1.0,35.0,17.0,42.0,12.5,12.5,10.0,5.0,4.0,3.5,3.0,9.5,8.5,36.0,21.0,32.5,11.5,14.5,9.0,15.5,7.0,0.5,0.0,8.5,6.5,24.0,297.5,558.5,4,0,0,1,1,1,1,0,0,0,1,0,0,0,187.96,190.5,170.0,0.0,0.265625,0.5636328125000001,0.4591992187499999,0.8254296875,0.2603125,0.06640625,0.564453125,0.005859375,0.568359375,21.453125,12.400390625,29.31640625,13.08984375,34.861328125,25.787109375,83.142578125,59.794921875,1.51171875,1.369140625,3.265625,1.515625,17.47265625,9.08203125,17.09375,7.29296875,1.94140625,1.779296875,8.009765625,3.650390625,2.0390625,1.5390625,4.212890625,2.146484375,12.49609375,5.884765625,18.67578125,5.44921875,6.677734375,4.87890625,5.140625,3.6875,2.279296875,1.63671875,5.5,3.953125,141.416015625,199.234375,507.939453125,16,0,1,0,1,4,6,0,0,0,1,1,1,1,182.88,177.8,185.0,32.0,32.0,0,0,0,0,0,0,0,1,0,0,0,0,0,0,0,0,0,1,0,0,0,0,1,0
Blue,False,0.0,0.5,0.48,0.47,0.0,0.5,0.0,0.0,0.0,0.0,87.5,34.5,51.5,23.0,106.0,50.0,58.5,30.0,1.0,0.0,1.5,1.0,53.0,10.5,37.5,12.0,11.5,5.0,9.5,8.5,23.0,19.0,4.5,2.5,68.0,21.5,40.5,15.0,19.0,13.0,4.5,2.5,0.5,0.0,6.5,5.5,144.5,21.0,539.5,4,0,1,0,1,1,1,0,0,0,1,0,0,0,175.26,177.8,145.0,0.25,0.0,0.265,0.5175000000000001,0.445,0.0825,0.5,0.75,0.25,0.25,179.5,49.5,145.0,75.5,194.0,60.75,174.0,102.75,9.25,4.0,0.75,0.25,140.5,26.0,97.25,38.5,19.75,9.5,35.0,26.75,19.25,14.0,12.75,10.25,161.5,38.5,116.0,54.0,12.0,8.25,15.25,9.25,6.0,2.75,13.75,12.25,208.75,87.0,881.75,9,0,0,1,1,1,2,0,0,0,1,0,0,0,180.34,185.42,145.0,28.0,22.0,0,0,1,0,0,0,0,0,0,0,0,0,0,0,0,1,0,0,0,0,1,0,0,0
Red,False,0.015625,0.0,0.45,0.4275,0.25,0.2,0.148468017578125,0.098388671875,0.0,0.0,66.5,29.6875,64.31230545043945,27.34375,89.75,48.0,85.53125,44.41152191162109,2.0,0.75,2.0546875,0.75,51.1875,18.3359375,49.6123046875,16.280410766601562,7.5,5.07647705078125,7.5,5.0,4.5,3.625,4.984375,3.9375,48.6875,17.0,47.11572265625,16.5,5.75,3.75,5.3125,3.4375,5.0625,3.5,3.875,2.5,99.2119140625,94.125,638.5,0,0,0,0,0,0,0,0,0,0,0,0,0,0,172.72,172.72,155.0,0.0471682548522949,0.0,0.45,0.4217682266235352,0.25,0.19173828125,0.1875,0.125,0.0,0.0,69.5,30.5,66.984375,27.8466796875,94.0,48.544921875,88.50390625,44.75,2.0,0.8125,2.015625,0.6640625,54.0,19.01513671875,51.483436584472656,16.9437255859375,7.91796875,5.430633544921875,7.75,5.0625,4.780975341796875,3.9373779296875,4.8994140625,3.84375,51.025390625,18.400863647460938,50.515625,17.5,5.75,3.75,5.5,3.5,5.375,3.6875,4.0,2.65625,104.865234375,89.5,655.8441009521484,0,0,0,0,0,0,0,0,0,0,0,0,0,0,172.72,175.26,155.0,29.0,26.0,0,0,0,0,0,0,1,0,0,0,0,0,0,0,0,1,0,0,0,0,0,0,1,0
Blue,False,0.0,0.0,0.3349999999999999,0.3299999999999999,0.5,0.1,1.0,0.5,0.5,0.5,199.5,71.0,188.5,56.5,207.0,78.0,198.5,64.5,2.0,1.0,4.0,0.5,169.5,51.0,163.5,41.5,19.5,13.5,20.5,11.5,10.5,6.5,4.5,3.5,174.5,60.5,169.0,46.5,24.5,10.0,15.0,7.0,0.5,0.5,4.5,3.0,28.0,251.5,900.0,6,0,2,0,2,2,0,0,0,1,1,0,0,0,170.18,172.72,115.0,0.0,0.0,0.37,0.45,0.0,0.0,1.0,0.0,0.0,0.0,32.0,12.0,24.0,11.0,32.0,12.0,26.0,13.0,0.0,0.0,0.0,0.0,30.0,11.0,12.0,3.0,2.0,1.0,4.0,2.0,0.0,0.0,8.0,6.0,32.0,12.0,22.0,10.0,0.0,0.0,2.0,1.0,0.0,0.0,0.0,0.0,11.0,16.0,90.0,1,0,1,0,1,1,0,0,0,0,0,0,1,0,170.18,170.18,125.0,32.0,23.0,0,0,0,0,0,0,0,0,0,0,0,0,0,1,0,1,0,0,0,0,1,0,0,0
Red,False,0.5009765625,0.015625,0.67440673828125,0.52127197265625,0.4342919921875,0.242412109375,2.175537109375,0.5107421875,0.001953125,0.0,71.156982421875,48.8818359375,66.34375,36.154052734375,94.71826171875,70.688232421875,86.553466796875,52.76611328125,4.055419921875,1.59130859375,5.8046875,1.510498046875,45.575439453125,27.192138671875,50.8388671875,24.3515625,20.603759765625,17.815673828125,9.91748046875,7.540283203125,4.977783203125,3.8740234375,5.58740234375,4.26220703125,27.255126953125,13.64501953125,41.253173828125,19.517333984375,21.094482421875,17.7939453125,13.115966796875,8.2294921875,22.807373046875,17.44287109375,11.974609375,8.4072265625,181.43359375,356.48828125,714.638671875,26,0,2,0,4,8,5,0,0,0,1,0,7,0,177.8,187.96,155.0,0.15966796875,0.0,0.42029296875,0.3483349609375,0.25,0.0234130859375,1.5625,0.00146484375,0.0,0.0625,171.22607421875,70.29833984375,126.85009765625,44.3134765625,178.6171875,76.716796875,129.62744140625,46.7470703125,0.25390625,0.25,3.173828125,0.20849609375,141.1337890625,46.9619140625,91.9208984375,22.40869140625,23.59765625,18.203125,15.33642578125,8.53271484375,6.49462890625,5.13330078125,19.5927734375,13.3720703125,152.80126953125,57.0283203125,120.181640625,40.4228515625,8.95068359375,6.33984375,5.23583984375,3.5068359375,9.47412109375,6.93017578125,1.4326171875,0.3837890625,94.33251953125,30.38232421875,765.55908203125,30,0,0,1,6,9,3,0,0,1,2,4,2,0,180.34,175.26,145.0,25.0,23.0,0,0,1,0,0,0,0,0,0,0,0,0,0,0,0,1,0,0,0,0,1,0,0,0
Blue,False,0.0,0.0,0.41,0.53,0.25,0.8,1.0,0.0,0.0,0.0,39.0,16.0,111.0,59.0,50.0,27.0,137.0,79.0,4.0,1.0,5.0,4.0,26.0,6.0,86.0,40.0,6.0,3.0,14.0,11.0,7.0,7.0,11.0,8.0,36.0,14.0,52.0,21.0,2.0,1.0,0.0,0.0,1.0,1.0,59.0,38.0,35.0,425.0,714.0,3,0,0,1,0,0,1,0,0,0,0,0,0,0,180.34,185.42,155.0,0.0025634765625,0.75048828125,0.3292834854125976,0.4275223159790039,0.13976806640625,0.0492797088623046,0.12548828125,0.0633544921875,0.0001220703125,0.0625038146972656,107.51093673706056,27.360877990722656,70.75691986083984,27.818885803222656,110.40693283081056,30.025131225585938,74.25672149658203,30.716819763183597,1.111907958984375,0.31353759765625,2.2224693298339844,0.2940864562988281,80.53697204589844,11.41130828857422,55.64205932617188,18.21265411376953,19.712730407714844,9.908016204833984,8.655838012695312,4.810756683349609,7.261234283447266,6.041553497314453,6.459022521972656,4.795475006103516,104.12146759033205,25.056167602539062,66.9006118774414,24.82622528076172,1.7889366149902344,1.4719200134277344,1.6650619506835938,1.3019790649414062,1.6005325317382812,0.8327903747558594,2.191246032714844,1.6906814575195312,25.603057861328125,27.220420837402344,426.8797836303711,50,0,1,0,2,9,10,0,0,3,5,1,0,0,175.26,177.8,155.0,26.0,31.0,0,0,0,0,0,0,1,0,0,0,0,0,0,0,0,1,0,0,0,0,1,0,0,0
Blue,False,0.017578125,0.0,0.388046875,0.3886328125,0.27109375,0.26482421875,0.078125,0.14453125,0.125,0.00390625,138.798828125,50.33984375,74.923828125,27.876953125,159.828125,70.212890625,105.080078125,54.43359375,1.21484375,0.8125,7.578125,2.673828125,109.29296875,26.69140625,62.16796875,19.724609375,17.685546875,12.9296875,8.58984375,4.560546875,11.8203125,10.71875,4.166015625,3.591796875,115.275390625,37.287109375,63.31640625,20.1953125,10.38671875,5.951171875,6.81640625,5.240234375,13.13671875,7.1015625,4.791015625,2.44140625,199.279296875,277.24609375,885.494140625,24,0,1,0,3,7,3,0,0,1,3,1,2,0,175.26,177.8,155.0,0.0,0.0,0.445,0.37,0.1425,0.22,0.0,0.0,0.0,0.5,150.25,68.5,153.5,62.5,156.25,73.75,159.5,67.5,2.25,1.0,4.0,1.0,113.75,38.0,104.0,27.0,21.75,16.0,23.5,14.75,14.75,14.5,26.0,20.75,140.5,62.5,136.0,49.25,9.5,5.75,16.25,13.25,0.25,0.25,1.25,0.0,123.25,45.5,900.0,9,1,3,0,3,3,0,0,0,1,2,0,0,0,177.8,180.34,170.0,36.0,29.0,0,0,0,0,0,0,1,0,0,0,0,0,0,0,0,0,0,1,0,0,1,0,0,0
Blue,False,0.25,0.0,0.4665625,0.3934375,0.48875,0.4921875,0.875,0.5,1.140625,1.0625,72.453125,32.78125,101.453125,40.609375,88.578125,47.40625,133.5625,66.40625,3.9375,2.1875,5.859375,3.4375,56.359375,23.1875,68.703125,19.671875,11.515625,6.21875,25.9375,17.328125,4.578125,3.375,6.8125,3.609375,44.546875,16.453125,66.65625,23.359375,8.390625,4.078125,15.734375,9.890625,19.515625,12.25,19.0625,7.359375,256.40625,267.65625,857.0,19,0,0,1,1,3,4,0,0,0,2,1,0,0,172.72,185.42,135.0,0.015625,0.15625,0.3956640625,0.410546875,0.7213671875000001,0.032890625,0.0,0.4609375,0.19140625,0.328125,80.93359375,32.43359375,90.296875,35.00390625,90.5625,40.40625,113.33203125,55.6171875,2.6328125,1.8359375,1.3671875,0.07421875,60.98828125,20.01171875,70.94140625,19.78125,18.08203125,11.01953125,12.45703125,9.60546875,1.86328125,1.40234375,6.8984375,5.6171875,72.38671875,26.109375,70.4453125,22.4140625,5.69921875,4.5234375,10.81640625,6.88671875,2.84765625,1.80078125,9.03515625,5.703125,150.50390625,72.51953125,512.29296875,20,0,0,1,3,5,4,0,0,3,2,0,0,0,170.18,172.72,135.0,27.0,36.0,1,0,0,0,0,0,0,0,0,0,0,0,0,0,0,1,0,0,0,0,1,0,0,0
Red,False,0.126953125,0.03125,0.6090234375,0.3666210937499999,0.25515625,0.138515625,0.9140625,0.515625,0.0,0.0078125,26.615234375,12.8359375,34.146484375,18.25390625,30.578125,16.421875,43.240234375,26.75,1.1484375,0.265625,2.4921875,0.70703125,18.55078125,7.744140625,30.388671875,15.73828125,6.697265625,4.255859375,3.57421875,2.36328125,1.3671875,0.8359375,0.18359375,0.15234375,20.1796875,7.34375,20.427734375,7.7734375,1.80859375,1.41015625,6.8828125,5.28515625,4.626953125,4.08203125,6.8359375,5.1953125,71.810546875,72.671875,268.248046875,15,0,1,0,2,6,4,0,0,0,0,2,4,0,182.88,187.96,170.0,0.015625,0.0,0.2833203125,0.5616894531250001,0.2873046875,0.557939453125,0.125,0.5400390625,0.2509765625,0.046875,48.9287109375,26.634765625,28.3017578125,13.685546875,77.2177734375,52.044921875,56.955078125,37.82421875,2.0771484375,1.16796875,1.92578125,1.2734375,40.482421875,20.001953125,24.6328125,11.29296875,5.298828125,3.8095703125,2.3798828125,1.169921875,3.1474609375,2.8232421875,1.2890625,1.22265625,23.8984375,8.96875,14.662109375,4.69140625,8.3583984375,6.517578125,4.3515625,2.2197265625,16.671875,11.1484375,9.2880859375,6.7744140625,110.9443359375,275.1826171875,513.3095703125,28,0,1,0,7,8,3,0,0,0,4,3,1,0,190.5,203.2,170.0,31.0,28.0,0,0,0,0,0,0,0,0,0,1,0,0,0,0,0,1,0,0,0,0,1,0,0,0
Red,False,0.017578125,0.0009765625,0.4227490234375,0.5560107421875,0.157822265625,0.304853515625,0.03271484375,0.8232421875,0.00390625,0.080078125,76.818359375,31.10498046875,78.8564453125,40.39892578125,80.33251953125,33.896484375,146.822265625,100.33154296875,2.98583984375,0.70068359375,6.138671875,1.2119140625,56.32080078125,16.6259765625,65.78515625,31.23486328125,10.15234375,5.904296875,7.72998046875,5.1474609375,10.34521484375,8.57470703125,5.34130859375,4.0166015625,59.81591796875,21.009765625,56.41015625,22.62646484375,14.4033203125,7.740234375,11.8251953125,7.71875,2.59912109375,2.35498046875,10.62109375,10.0537109375,100.1630859375,279.83935546875,795.7431640625,30,0,2,0,2,5,7,0,0,1,2,1,1,0,177.8,182.88,170.0,0.000762939453125,0.28125,0.4480636596679688,0.5581047058105468,0.2952117919921875,0.5782012939453125,0.504150390625,0.0294189453125,0.5078277587890625,0.0039215087890625,74.43290710449219,33.81622314453125,76.34278869628906,40.129791259765625,141.44540405273438,92.81187438964844,99.25440979003906,61.33189392089844,6.5458526611328125,1.882965087890625,1.4082489013671875,1.32830810546875,40.87843322753906,14.474044799804688,57.89132690429688,26.288558959960938,16.195114135742188,6.5636749267578125,10.37420654296875,6.753662109375,17.359359741210938,12.77850341796875,8.077255249023438,7.087570190429688,54.90229797363281,19.482742309570312,55.40650939941406,24.994125366210938,11.03448486328125,7.9257354736328125,13.170074462890623,10.008804321289062,8.496124267578125,6.407745361328125,7.766204833984375,5.126861572265625,287.6418914794922,173.20938110351562,871.9222259521484,42,2,0,4,4,8,9,0,0,1,4,2,0,0,180.34,190.5,170.0,35.0,35.0,0,0,0,0,0,0,0,0,0,1,0,0,0,0,0,1,0,0,0,0,1,0,0,0
Red,False,1.0,0.0,0.52,0.32,0.0,0.0,0.0,0.0,0.0,0.0,19.0,10.0,28.0,9.0,21.0,12.0,32.0,13.0,1.0,0.0,0.0,0.0,17.0,8.0,26.0,7.0,2.0,2.0,2.0,2.0,0.0,0.0,0.0,0.0,13.0,6.0,24.0,8.0,3.0,1.0,4.0,1.0,3.0,3.0,0.0,0.0,33.0,0.0,163.0,1,0,1,0,1,1,0,0,0,0,0,1,0,0,180.34,177.8,155.0,0.5,0.0,0.535,0.375,0.255,0.25,0.75,0.0,0.0,0.0,84.0,43.5,82.5,32.25,108.0,63.5,100.0,49.5,11.0,2.5,0.25,0.25,61.0,24.0,60.75,15.25,14.5,11.0,10.5,7.5,8.5,8.5,11.25,9.5,65.25,28.0,72.75,26.75,15.0,12.75,8.0,4.5,3.75,2.75,1.75,1.0,250.0,13.5,698.0,8,1,0,1,2,2,1,0,0,0,0,0,2,0,175.26,177.8,155.0,29.0,26.0,0,0,0,0,0,0,1,0,0,0,0,0,0,0,0,0,0,1,0,0,0,0,1,0
Red,False,0.015625,0.0,0.45,0.4275,0.25,0.2,0.148468017578125,0.098388671875,0.0,0.0,66.5,29.6875,64.31230545043945,27.34375,89.75,48.0,85.53125,44.41152191162109,2.0,0.75,2.0546875,0.75,51.1875,18.3359375,49.6123046875,16.280410766601562,7.5,5.07647705078125,7.5,5.0,4.5,3.625,4.984375,3.9375,48.6875,17.0,47.11572265625,16.5,5.75,3.75,5.3125,3.4375,5.0625,3.5,3.875,2.5,99.2119140625,94.125,638.5,0,0,0,0,0,0,0,0,0,0,0,0,0,0,185.42,190.5,205.0,0.0471682548522949,0.0,0.45,0.4217682266235352,0.25,0.19173828125,0.1875,0.125,0.0,0.0,69.5,30.5,66.984375,27.8466796875,94.0,48.544921875,88.50390625,44.75,2.0,0.8125,2.015625,0.6640625,54.0,19.01513671875,51.483436584472656,16.9437255859375,7.91796875,5.430633544921875,7.75,5.0625,4.780975341796875,3.9373779296875,4.8994140625,3.84375,51.025390625,18.400863647460938,50.515625,17.5,5.75,3.75,5.5,3.5,5.375,3.6875,4.0,2.65625,104.865234375,89.5,655.8441009521484,0,0,0,0,0,0,0,0,0,0,0,0,0,0,190.5,195.58,205.0,30.0,28.0,0,0,0,0,0,1,0,0,0,0,0,0,0,0,0,1,0,0,0,0,1,0,0,0
Red,False,0.125,1.0,0.475,0.4675,0.4375,0.2575,0.25,0.0,0.0,0.0,129.125,60.5,126.125,63.0,149.625,78.0,136.5,73.375,1.0,0.875,4.125,0.625,76.5,25.0,88.375,35.625,28.25,17.375,21.375,13.0,24.375,18.125,16.375,14.375,111.375,48.125,108.5,50.0,12.125,8.5,10.75,8.125,5.625,3.875,6.875,4.875,129.375,115.375,888.75,12,0,3,0,3,3,1,0,0,0,2,0,1,0,180.34,185.42,155.0,0.0,2.0,0.43,0.47,0.0,0.0,0.0,0.0,0.0,0.0,57.0,25.0,98.0,47.0,57.0,25.0,114.0,59.0,3.0,0.0,2.0,0.0,28.0,5.0,82.0,39.0,14.0,7.0,13.0,7.0,15.0,13.0,3.0,1.0,54.0,24.0,56.0,26.0,3.0,1.0,13.0,6.0,0.0,0.0,29.0,15.0,34.0,69.0,293.0,1,0,0,1,0,0,1,0,0,0,0,0,0,0,182.88,180.34,155.0,28.0,28.0,0,0,0,0,0,0,1,0,0,0,0,0,0,0,0,1,0,0,0,0,1,0,0,0
Blue,False,0.5625,0.25,0.67,0.563125,0.0,0.3125,0.625,0.625,0.5,0.0,31.25,20.625,16.8125,9.25,46.1875,33.9375,24.9375,16.625,0.0625,0.0,1.375,0.625,24.25,15.375,14.6875,7.875,4.625,3.1875,2.0,1.25,2.375,2.0625,0.125,0.125,10.25,4.75,8.0625,3.9375,11.9375,8.6875,6.5,3.9375,9.0625,7.1875,2.25,1.375,51.75,64.625,172.3125,7,0,0,1,2,3,2,0,0,0,0,2,1,0,190.5,195.58,205.0,1.0,0.0,0.7749999999999999,0.625,0.0,0.0,0.0,0.0,0.0,0.0,15.5,12.5,5.0,3.0,23.5,20.0,6.0,4.0,0.0,0.0,0.0,0.0,8.5,6.0,4.0,2.0,3.5,3.0,1.0,1.0,3.5,3.5,0.0,0.0,6.0,4.5,3.0,1.5,6.5,6.0,2.0,1.5,3.0,2.0,0.0,0.0,50.5,0.0,69.5,2,0,2,0,2,2,0,0,0,0,0,2,0,0,185.42,190.5,253.0,23.0,30.0,0,0,0,0,0,1,0,0,0,0,0,0,0,0,0,1,0,0,0,0,1,0,0,0
Red,False,0.25,0.0,0.325,0.37,0.4375,0.33,0.25,2.0,0.75,1.25,110.5,35.5,112.5,41.75,128.5,51.75,146.75,74.25,3.0,1.75,2.5,1.0,99.0,27.0,92.0,31.25,9.0,6.0,6.0,2.0,2.5,2.5,14.5,8.5,76.25,16.75,95.75,29.0,12.0,6.5,7.75,5.0,22.25,12.25,9.0,7.75,224.5,60.5,777.75,8,0,2,0,2,2,1,0,0,0,1,1,0,0,170.18,175.26,125.0,0.0,0.0,0.4549999999999999,0.62,0.2,0.665,0.5,2.0,0.5,0.0,48.5,27.0,36.5,22.5,82.0,58.0,69.0,50.0,3.0,1.0,6.0,4.0,35.0,16.0,25.0,12.0,10.0,8.5,7.0,6.0,3.5,2.5,4.5,4.5,18.0,5.0,20.0,9.5,10.0,9.0,1.5,1.0,20.5,13.0,15.0,12.0,206.0,544.5,838.0,6,0,1,0,1,1,1,0,0,0,1,0,0,0,170.18,172.72,125.0,30.0,34.0,0,0,0,1,0,0,0,0,0,0,0,0,0,0,0,1,0,0,0,0,1,0,0,0
Red,False,0.75,0.0,0.59625,0.34875,0.0,0.0825,0.0,0.0,0.0,0.0,30.375,16.0,34.75,15.375,31.875,17.5,35.875,16.5,0.0,0.0,0.875,0.25,28.125,14.625,22.375,6.25,2.125,1.25,4.125,2.125,0.125,0.125,8.25,7.0,19.875,8.625,33.25,14.625,8.0,5.0,1.5,0.75,2.5,2.375,0.0,0.0,6.25,21.25,207.5,6,0,0,1,3,3,1,0,0,0,0,3,0,0,187.96,190.5,205.0,0.5625,0.0,0.505625,0.2299999999999999,0.17625,0.0,0.375,0.0,0.0,0.0,36.5,15.875,29.6875,15.0,65.25,41.8125,40.8125,25.3125,4.4375,1.625,0.5,0.0,30.625,11.9375,19.125,6.375,1.6875,0.875,7.875,6.5,4.1875,3.0625,2.6875,2.125,25.6875,9.25,23.5,9.875,1.25,0.75,2.8125,2.25,9.5625,5.875,3.375,2.875,214.4375,6.625,402.625,11,0,2,0,2,4,1,0,0,0,2,1,1,0,185.42,195.58,185.0,29.0,31.0,0,0,0,0,0,0,0,1,0,0,0,0,0,0,0,0,0,1,0,0,0,0,1,0
Blue,False,0.5,0.0,0.6950000000000001,0.29125,0.24875,0.25,0.0,0.75,0.0,0.0,26.875,16.0,20.75,11.0,35.0,22.375,35.0,24.5,1.25,0.625,1.75,0.75,21.375,11.625,16.625,8.375,1.5,0.875,2.625,2.0,4.0,3.5,1.5,0.625,8.5,6.875,6.125,1.0,0.75,0.25,2.875,2.0,17.625,8.875,11.75,8.0,80.0,106.25,273.75,6,0,2,0,2,3,1,0,0,0,0,3,0,0,172.72,175.26,145.0,0.5,0.125,0.46875,0.48,0.5125,0.0,0.0,1.0,0.0,0.5,76.125,29.125,55.125,26.125,98.75,48.75,122.75,90.25,3.5,2.0,0.0,0.0,63.0,20.125,45.5,17.875,9.375,6.25,6.5,5.125,3.75,2.75,3.125,3.125,52.75,15.625,37.0,11.625,6.75,5.375,5.125,3.5,16.625,8.125,13.0,11.0,335.375,187.625,714.0,8,1,1,0,1,2,2,0,0,1,0,1,0,0,167.64,167.64,135.0,27.0,34.0,0,0,0,0,0,0,0,0,0,0,1,0,0,0,0,1,0,0,0,0,1,0,0,0
Red,False,0.0,0.0,0.37,0.36,0.5,0.0,0.0,0.0,0.0,0.0,59.0,22.0,25.0,9.0,72.0,33.0,27.0,11.0,2.0,1.0,1.0,0.0,44.0,14.0,19.0,5.0,6.0,1.0,1.0,0.0,9.0,7.0,5.0,4.0,29.0,3.0,22.0,9.0,12.0,8.0,3.0,0.0,18.0,11.0,0.0,0.0,57.0,31.0,297.0,1,0,1,0,1,1,0,0,0,0,0,1,0,0,190.5,195.58,265.0,0.0,0.375,0.540625,0.389375,0.265,0.0,0.0,0.0,0.0,0.0,47.5,25.3125,31.75,10.875,89.1875,61.8125,50.125,28.5,3.9375,1.375,0.6875,0.0,38.4375,17.5,28.1875,8.0625,5.875,4.8125,2.875,2.25,3.1875,3.0,0.6875,0.5625,22.0,7.3125,23.625,6.3125,11.75,8.75,6.9375,3.4375,13.75,9.25,1.1875,1.125,328.0625,6.8125,671.25,13,0,3,0,3,4,1,0,0,0,3,1,0,0,187.96,190.5,265.0,30.0,29.0,0,0,0,0,1,0,0,0,0,0,0,0,0,0,0,0,0,1,0,0,1,0,0,0
Blue,False,0.03125,0.0625,0.4921875,0.3946875,0.60375,0.046875,1.09375,1.53125,0.0,0.5,53.34375,26.4375,41.25,15.71875,74.125,44.34375,52.625,24.96875,3.21875,1.75,1.6875,0.09375,36.21875,14.9375,31.21875,8.21875,12.3125,8.1875,4.0,2.28125,4.8125,3.3125,6.03125,5.21875,31.25,12.1875,33.46875,9.71875,12.46875,7.5625,7.09375,5.40625,9.625,6.6875,0.6875,0.59375,457.59375,30.3125,720.78125,12,0,1,0,4,5,1,0,0,0,2,0,3,0,177.8,182.88,155.0,0.2939453125,0.0078125,0.25794921875,0.281435546875,0.62744140625,0.0287060546875,0.0,0.0888671875,0.00244140625,0.0,160.55615234375,42.27392578125,93.9755859375,26.44384765625,165.35302734375,45.96923828125,97.9326171875,29.8798828125,1.6357421875,0.87744140625,2.07568359375,0.17529296875,125.9228515625,24.78369140625,73.26611328125,16.09521484375,20.8193359375,7.3828125,17.7333984375,9.13525390625,13.81396484375,10.107421875,2.97607421875,1.21337890625,147.92529296875,36.78955078125,86.63720703125,21.93212890625,9.54541015625,3.91064453125,4.5546875,2.42041015625,3.08544921875,1.57373046875,2.78369140625,2.09130859375,57.14892578125,33.07958984375,824.8544921875,30,1,0,1,4,8,4,0,0,0,5,3,0,0,177.8,185.42,155.0,26.0,29.0,0,0,0,0,0,0,1,0,0,0,0,0,0,0,0,0,0,1,0,0,0,0,1,0
Red,False,0.015625,0.0,0.45,0.4275,0.25,0.2,0.148468017578125,0.098388671875,0.0,0.0,66.5,29.6875,64.31230545043945,27.34375,89.75,48.0,85.53125,44.41152191162109,2.0,0.75,2.0546875,0.75,51.1875,18.3359375,49.6123046875,16.280410766601562,7.5,5.07647705078125,7.5,5.0,4.5,3.625,4.984375,3.9375,48.6875,17.0,47.11572265625,16.5,5.75,3.75,5.3125,3.4375,5.0625,3.5,3.875,2.5,99.2119140625,94.125,638.5,0,0,0,0,0,0,0,0,0,0,0,0,0,0,180.34,198.12,185.0,0.3125,0.0,0.5640624999999999,0.4453125,0.3184375,0.0709375,0.125,0.03125,0.09375,0.0,68.59375,37.40625,78.40625,33.1875,74.28125,42.75,94.03125,46.09375,1.96875,0.75,6.125,0.65625,41.25,15.6875,45.9375,9.84375,15.40625,10.15625,11.1875,5.0625,11.9375,11.5625,21.28125,18.28125,60.78125,32.46875,66.625,24.25,3.375,1.90625,10.28125,8.3125,4.4375,3.03125,1.5,0.625,47.71875,114.125,691.75,14,1,0,2,3,3,3,0,0,0,1,0,0,2,182.88,200.66,185.0,28.0,31.0,0,0,0,0,0,0,0,1,0,0,0,0,0,0,0,0,0,0,1,0,1,0,0,0
Red,False,0.75,0.0,0.47140625,0.565,0.1875,0.2175,0.09375,0.125,0.0,0.0,39.265625,15.984375,24.203125,12.0625,40.578125,17.296875,34.875,19.671875,1.0625,0.40625,4.296875,1.625,32.1875,11.671875,17.125,6.609375,6.203125,3.796875,2.09375,1.234375,0.875,0.515625,4.984375,4.21875,30.421875,9.921875,16.953125,5.875,2.046875,0.65625,3.375,3.0625,6.796875,5.40625,3.875,3.125,27.09375,105.8125,384.53125,14,0,4,0,4,6,1,0,1,0,0,4,1,0,190.5,203.2,205.0,0.171875,0.0,0.299375,0.40171875,0.109375,0.375,0.09375,0.625,0.5,0.0,83.703125,24.3125,142.328125,62.765625,92.65625,32.78125,182.734375,98.671875,2.078125,0.390625,10.765625,5.25,70.984375,17.03125,119.703125,43.9375,12.6875,7.25,14.8125,12.015625,0.03125,0.03125,7.8125,6.8125,62.734375,13.90625,107.5,35.5625,16.390625,7.21875,15.578125,11.203125,4.578125,3.1875,19.25,16.0,34.265625,335.03125,896.015625,16,1,5,0,5,5,2,0,0,0,1,1,2,1,187.96,193.04,205.0,32.0,35.0,0,0,0,0,0,1,0,0,0,0,0,0,0,0,0,0,0,1,0,0,1,0,0,0
Red,False,0.015625,0.0,0.45,0.4275,0.25,0.2,0.148468017578125,0.098388671875,0.0,0.0,66.5,29.6875,64.31230545043945,27.34375,89.75,48.0,85.53125,44.41152191162109,2.0,0.75,2.0546875,0.75,51.1875,18.3359375,49.6123046875,16.280410766601562,7.5,5.07647705078125,7.5,5.0,4.5,3.625,4.984375,3.9375,48.6875,17.0,47.11572265625,16.5,5.75,3.75,5.3125,3.4375,5.0625,3.5,3.875,2.5,99.2119140625,94.125,638.5,0,0,0,0,0,0,0,0,0,0,0,0,0,0,165.1,167.64,125.0,0.0,0.0,0.6100000000000001,0.3075,0.8200000000000001,0.125,3.0,0.0,0.25,0.75,21.5,13.0,26.75,13.5,42.25,29.25,55.25,41.25,5.25,4.0,1.5,0.5,15.75,8.0,15.5,4.5,4.75,4.25,9.75,8.0,1.0,0.75,1.5,1.0,7.25,2.75,14.5,3.5,2.25,1.0,8.75,7.0,12.0,9.25,3.5,3.0,466.75,99.75,647.25,7,0,0,1,2,2,1,0,0,0,0,0,2,0,162.56,160.02,135.0,25.0,22.0,0,0,0,1,0,0,0,0,0,0,0,0,0,0,0,1,0,0,0,0,1,0,0,0
Red,False,0.03125,0.0,0.3246875,0.4565625,0.0,0.4343749999999999,0.0,0.1875,0.0,0.0,146.71875,47.84375,140.90625,64.875,151.5,51.5,151.21875,74.90625,1.0625,0.0,9.0,5.25,100.1875,20.65625,119.125,46.9375,17.375,4.59375,9.8125,6.53125,29.15625,22.59375,11.96875,11.40625,137.15625,42.34375,114.75,48.875,8.96875,5.09375,19.3125,12.4375,0.59375,0.40625,6.84375,3.5625,37.71875,195.71875,890.0625,17,0,0,1,1,2,4,0,0,0,1,1,0,0,185.42,185.42,185.0,0.0,0.0009765625,0.50467041015625,0.5650244140625,0.0,0.6374951171875001,0.1298828125,0.539794921875,0.000244140625,0.03125,61.838623046875,31.658203125,42.280517578125,20.2080078125,72.05810546875,40.9501953125,52.259765625,28.5107421875,0.3916015625,0.0,4.426513671875,1.551513671875,43.90673828125,16.634033203125,24.56103515625,6.576416015625,5.82470703125,4.51611328125,10.812744140625,7.246826171875,12.107177734375,10.508056640625,6.90673828125,6.384765625,55.656005859375,26.729736328125,35.81884765625,15.064697265625,4.5556640625,3.553466796875,4.69384765625,3.981689453125,1.626953125,1.375,1.767822265625,1.16162109375,49.415771484375,164.51904296875,503.57177734375,33,0,2,0,4,6,7,0,0,2,2,0,1,1,187.96,190.5,185.0,33.0,28.0,0,0,0,0,0,0,0,1,0,0,0,0,0,0,0,1,0,0,0,0,1,0,0,0
Red,False,1.0,0.0,0.35,0.32,0.5,0.0,0.0,0.0,0.0,0.0,146.0,52.0,184.0,59.0,179.0,85.0,188.0,62.0,10.0,5.0,0.0,0.0,139.0,48.0,149.0,35.0,7.0,4.0,35.0,24.0,0.0,0.0,0.0,0.0,118.0,32.0,159.0,45.0,25.0,17.0,25.0,14.0,3.0,3.0,0.0,0.0,318.0,7.0,900.0,3,0,1,0,1,1,0,0,0,0,1,0,0,0,165.1,165.1,135.0,0.0,0.0,0.485,0.495,0.65,0.25,0.0,0.0,0.5,0.0,112.0,55.5,56.0,28.0,168.5,102.5,68.0,40.0,6.5,4.0,2.0,1.0,67.0,23.5,41.5,15.5,19.0,9.5,12.0,10.0,26.0,22.5,2.5,2.5,54.5,15.5,48.5,22.5,32.5,26.0,4.0,3.0,25.0,14.0,3.5,2.5,383.5,40.0,900.0,6,0,2,0,2,2,0,0,0,0,2,0,0,0,167.64,167.64,135.0,25.0,34.0,1,0,0,0,0,0,0,0,0,0,0,0,0,0,0,1,0,0,0,0,1,0,0,0
Red,False,1.0,0.0,0.4299999999999999,0.4399999999999999,0.0,0.125,0.5,0.5,0.0,0.5,54.0,20.5,54.0,30.0,58.5,25.0,75.0,49.5,0.0,0.0,2.5,0.5,41.0,12.0,32.0,14.0,6.0,5.5,10.0,8.0,7.0,3.0,12.0,8.0,43.5,11.5,32.0,11.0,3.5,2.5,9.0,6.5,7.0,6.5,13.0,12.5,19.0,209.5,471.0,4,0,0,1,1,1,1,0,0,0,0,1,0,0,172.72,182.88,125.0,0.0,0.0,0.4,0.51125,0.290625,0.583125,0.0,1.1875,0.625,0.125,112.1875,39.625,123.0625,59.875,153.75,78.0625,130.25,66.75,7.8125,2.125,5.0,3.0,90.125,24.625,92.3125,37.5,19.1875,13.3125,17.4375,10.9375,2.875,1.6875,13.3125,11.4375,83.1875,21.25,102.1875,42.9375,18.6875,10.625,16.4375,13.625,10.3125,7.75,4.4375,3.3125,221.125,202.0,893.6875,15,0,1,0,2,3,2,0,0,2,0,1,0,0,165.1,165.1,125.0,28.0,26.0,0,0,0,1,0,0,0,0,0,0,0,0,0,0,0,1,0,0,0,0,1,0,0,0
Blue,False,0.015625,0.0,0.45,0.4275,0.25,0.2,0.148468017578125,0.098388671875,0.0,0.0,66.5,29.6875,64.31230545043945,27.34375,89.75,48.0,85.53125,44.41152191162109,2.0,0.75,2.0546875,0.75,51.1875,18.3359375,49.6123046875,16.280410766601562,7.5,5.07647705078125,7.5,5.0,4.5,3.625,4.984375,3.9375,48.6875,17.0,47.11572265625,16.5,5.75,3.75,5.3125,3.4375,5.0625,3.5,3.875,2.5,99.2119140625,94.125,638.5,0,0,0,0,0,0,0,0,0,0,0,0,0,0,187.96,190.5,205.0,0.0,0.0,0.255,0.385,0.125,1.0,0.0,0.0,0.0,0.0,71.5,22.5,85.5,26.5,83.5,33.0,93.0,32.5,6.0,1.5,2.0,2.0,67.5,19.0,81.5,22.5,3.0,3.0,1.0,1.0,1.0,0.5,3.0,3.0,64.0,16.5,82.0,25.0,4.5,3.5,3.0,1.0,3.0,2.5,0.5,0.5,98.5,126.0,513.5,4,0,0,1,1,1,1,0,0,1,0,0,0,0,177.8,182.88,185.0,28.0,27.0,0,0,0,0,0,1,0,0,0,0,0,0,0,0,0,0,0,1,0,0,1,0,0,0
Red,False,0.0,0.0,0.41,0.3349999999999999,0.25,0.25,0.0,0.5,0.0,0.0,27.5,9.5,33.0,12.0,29.5,11.0,33.5,12.5,2.0,0.5,1.0,0.5,23.5,6.5,28.0,8.5,2.5,1.5,2.0,0.5,1.5,1.5,3.0,3.0,25.5,8.0,29.5,10.0,2.0,1.5,2.5,1.5,0.0,0.0,1.0,0.5,5.0,28.5,291.5,3,0,0,2,0,0,2,0,0,0,0,0,0,0,170.18,170.18,135.0,0.0,0.0,0.44,0.5,1.0,0.25,2.0,0.0,0.0,1.0,56.0,25.0,62.0,31.0,62.0,30.0,104.0,70.0,1.0,1.0,4.0,1.0,46.0,20.0,50.0,22.0,10.0,5.0,7.0,4.0,0.0,0.0,5.0,5.0,26.0,7.0,29.0,10.0,2.0,2.0,8.0,6.0,28.0,16.0,25.0,15.0,360.0,348.0,900.0,3,0,0,1,0,0,1,0,0,0,0,0,0,0,172.72,177.8,135.0,27.0,22.0,1,0,0,0,0,0,0,0,0,0,0,0,0,0,0,1,0,0,0,0,0,0,0,1
Blue,False,0.015625,0.0,0.45,0.4275,0.25,0.2,0.148468017578125,0.098388671875,0.0,0.0,66.5,29.6875,64.31230545043945,27.34375,89.75,48.0,85.53125,44.41152191162109,2.0,0.75,2.0546875,0.75,51.1875,18.3359375,49.6123046875,16.280410766601562,7.5,5.07647705078125,7.5,5.0,4.5,3.625,4.984375,3.9375,48.6875,17.0,47.11572265625,16.5,5.75,3.75,5.3125,3.4375,5.0625,3.5,3.875,2.5,99.2119140625,94.125,638.5,0,0,0,0,0,0,0,0,0,0,0,0,0,0,175.26,175.26,155.0,0.0,0.0,0.23,0.62,0.0,1.0,0.0,0.0,0.0,0.0,38.0,9.0,59.0,37.0,38.0,9.0,59.0,37.0,1.0,0.0,2.0,2.0,33.0,6.0,44.0,26.0,0.0,0.0,6.0,5.0,5.0,3.0,9.0,6.0,36.0,9.0,44.0,28.0,1.0,0.0,3.0,1.0,1.0,0.0,12.0,8.0,0.0,61.0,338.0,2,0,0,1,0,0,1,0,0,0,0,0,0,0,175.26,175.26,155.0,31.0,28.0,0,0,0,0,0,0,1,0,0,0,0,0,0,0,0,1,0,0,0,0,1,0,0,0
Red,False,0.03125,0.0,0.566640625,0.36337890625,0.574609375,0.11587890625,0.25,0.080078125,0.501953125,0.09375,93.857421875,53.26953125,39.603515625,14.37109375,138.435546875,93.08984375,45.91015625,19.6484375,4.154296875,2.3359375,1.8515625,0.546875,76.96484375,40.00390625,32.265625,9.5859375,10.59765625,7.619140625,4.759765625,2.33984375,6.294921875,5.646484375,2.578125,2.4453125,43.796875,17.9375,29.32421875,9.3828125,16.716796875,13.03515625,8.703125,4.439453125,33.34375,22.296875,1.576171875,0.548828125,219.888671875,103.365234375,554.619140625,26,0,1,0,7,8,2,0,0,0,4,3,1,0,190.5,203.2,170.0,0.25,0.000152587890625,0.4720992851257324,0.3571836090087891,0.4033740997314453,0.1329901885986328,1.112102508544922,0.0322418212890625,7.62939453125e-06,0.3129940032958984,74.03095626831055,33.8944206237793,91.415620803833,30.185148239135746,125.2192440032959,77.65802383422852,113.37518119812012,50.46794509887695,11.636157989501951,3.722692489624024,1.282236099243164,0.3310565948486328,67.9378890991211,28.810029983520508,66.29706954956055,15.319238662719728,4.125251770019531,3.501131057739258,10.80104637145996,4.556722640991211,1.9678153991699217,1.5832595825195312,14.3175048828125,10.309186935424805,44.35172653198242,11.810394287109377,86.85725975036621,28.014610290527344,1.0080928802490234,0.6015739440917969,1.0896759033203125,0.3958892822265625,28.6711368560791,21.482452392578125,3.4686851501464844,1.774648666381836,621.6858749389648,116.63115692138672,1219.143621444702,53,1,5,0,5,14,6,0,0,0,7,1,6,0,185.42,182.88,170.0,27.0,37.0,0,0,0,0,0,0,0,0,0,1,0,0,0,0,0,1,0,0,0,0,0,0,1,0
Red,True,0.0,0.0,0.5875,0.305,0.0625,0.165,0.0,0.5,0.5,0.0,127.5,73.0,94.0,31.0,154.5,99.0,111.0,47.25,1.0,0.25,3.5,0.75,89.25,44.5,81.0,20.75,22.25,15.0,11.0,8.5,16.0,13.5,2.0,1.75,105.75,57.25,82.75,24.25,21.25,15.25,11.25,6.75,0.5,0.5,0.0,0.0,179.25,61.5,658.0,8,0,3,0,3,3,0,0,0,1,1,1,0,0,165.1,162.56,135.0,0.125,0.0,0.363125,0.235,0.359375,0.020625,0.75,0.0625,0.5,0.0625,11.6875,8.1875,8.0,3.875,20.9375,17.0625,9.5,5.375,0.8125,0.6875,0.1875,0.0625,8.9375,5.625,6.4375,3.0,2.0,1.8125,1.5625,0.875,0.75,0.75,0.0,0.0,4.3125,1.75,5.5,2.25,3.5625,2.9375,2.4375,1.5625,3.8125,3.5,0.0625,0.0625,49.6875,12.1875,78.4375,7,5,5,0,5,5,0,0,0,0,0,2,3,0,170.18,167.64,135.0,32.0,28.0,0,0,0,0,0,0,0,0,0,0,1,0,0,0,0,1,0,0,0,0,1,0,0,0
Red,False,0.171875,1.03125,0.3656445312499999,0.603125,0.0431640625,0.28515625,0.466796875,0.3125,0.080078125,0.07421875,39.01953125,14.240234375,35.0625,20.83984375,54.4375,27.658203125,41.833984375,27.31640625,0.78125,0.13671875,0.88671875,0.56640625,37.09765625,13.12109375,28.1484375,14.97265625,1.515625,0.712890625,2.875,1.939453125,0.40625,0.40625,4.0390625,3.927734375,34.21484375,10.76171875,29.79296875,16.291015625,3.6875,2.869140625,2.61328125,2.224609375,1.1171875,0.609375,2.65625,2.32421875,71.890625,62.6953125,328.59375,19,2,2,0,2,5,5,0,0,0,2,1,2,0,190.5,195.58,240.0,0.033203125,0.259521484375,0.373984375,0.6195361328125,0.031982421875,0.430166015625,0.3502197265625,0.010009765625,0.2620849609375,0.25048828125,39.4193115234375,16.25244140625,48.8583984375,28.8134765625,54.077392578125,26.4024658203125,57.2596435546875,36.0693359375,0.0321044921875,0.031982421875,1.888916015625,0.888916015625,33.2242431640625,10.9505615234375,37.1806640625,19.1766357421875,3.2646484375,2.9739990234375,8.4666748046875,7.13671875,2.930419921875,2.327880859375,3.2110595703125,2.5001220703125,35.798583984375,15.1617431640625,35.6134033203125,19.3984375,0.9190673828125,0.0372314453125,1.67138671875,1.66259765625,2.70166015625,1.053466796875,11.5736083984375,7.75244140625,33.601318359375,145.72412109375,401.3885498046875,23,0,0,1,4,9,5,0,1,0,0,4,4,0,210.82,213.36,265.0,39.0,27.0,0,0,0,0,1,0,0,0,0,0,0,0,0,0,0,1,0,0,0,0,1,0,0,0
Red,False,0.0,0.0,0.5259375,0.3903124999999999,0.35,0.06875,0.0,0.3125,0.0,0.125,35.96875,17.6875,56.78125,24.84375,64.03125,41.5,92.90625,57.28125,4.09375,0.84375,1.1875,0.28125,30.90625,14.75,36.09375,10.875,3.0625,1.1875,13.34375,7.28125,2.0,1.75,7.34375,6.6875,26.46875,10.84375,41.8125,12.625,2.25,1.46875,10.9375,8.46875,7.25,5.375,4.03125,3.75,100.59375,185.0625,591.875,13,0,0,1,3,4,2,0,0,0,0,4,0,0,193.04,205.74,265.0,0.171875,0.9375,0.3985937499999999,0.5225,0.0,0.096875,0.0,0.0,0.0,0.0,30.03125,15.09375,44.171875,24.40625,37.1875,20.96875,56.578125,35.859375,0.5625,0.0,0.796875,0.296875,20.90625,8.75,40.421875,21.03125,4.859375,2.828125,2.8125,2.4375,4.265625,3.515625,0.9375,0.9375,22.8125,10.78125,33.65625,16.15625,4.1875,2.46875,1.921875,1.28125,3.03125,1.84375,8.59375,6.96875,20.453125,68.328125,313.453125,13,1,0,1,2,2,5,0,0,0,0,2,0,0,193.04,208.28,264.0,38.0,35.0,0,0,0,0,1,0,0,0,0,0,0,0,0,0,0,1,0,0,0,0,1,0,0,0
Red,True,0.015625,0.0,0.45,0.4275,0.25,0.2,0.148468017578125,0.098388671875,0.0,0.0,66.5,29.6875,64.31230545043945,27.34375,89.75,48.0,85.53125,44.41152191162109,2.0,0.75,2.0546875,0.75,51.1875,18.3359375,49.6123046875,16.280410766601562,7.5,5.07647705078125,7.5,5.0,4.5,3.625,4.984375,3.9375,48.6875,17.0,47.11572265625,16.5,5.75,3.75,5.3125,3.4375,5.0625,3.5,3.875,2.5,99.2119140625,94.125,638.5,0,0,0,0,0,0,0,0,0,0,0,0,0,0,167.64,167.64,145.0,0.0471682548522949,0.0,0.45,0.4217682266235352,0.25,0.19173828125,0.1875,0.125,0.0,0.0,69.5,30.5,66.984375,27.8466796875,94.0,48.544921875,88.50390625,44.75,2.0,0.8125,2.015625,0.6640625,54.0,19.01513671875,51.483436584472656,16.9437255859375,7.91796875,5.430633544921875,7.75,5.0625,4.780975341796875,3.9373779296875,4.8994140625,3.84375,51.025390625,18.400863647460938,50.515625,17.5,5.75,3.75,5.5,3.5,5.375,3.6875,4.0,2.65625,104.865234375,89.5,655.8441009521484,0,0,0,0,0,0,0,0,0,0,0,0,0,0,182.88,195.58,155.0,33.0,24.0,0,0,0,0,0,0,1,0,0,0,0,0,0,0,0,1,0,0,0,0,1,0,0,0
Red,False,0.015625,0.0,0.45,0.4275,0.25,0.2,0.148468017578125,0.098388671875,0.0,0.0,66.5,29.6875,64.31230545043945,27.34375,89.75,48.0,85.53125,44.41152191162109,2.0,0.75,2.0546875,0.75,51.1875,18.3359375,49.6123046875,16.280410766601562,7.5,5.07647705078125,7.5,5.0,4.5,3.625,4.984375,3.9375,48.6875,17.0,47.11572265625,16.5,5.75,3.75,5.3125,3.4375,5.0625,3.5,3.875,2.5,99.2119140625,94.125,638.5,0,0,0,0,0,0,0,0,0,0,0,0,0,0,160.02,160.02,115.0,0.0,0.5,0.4,0.25,0.63,0.0,1.5,0.0,0.0,0.0,117.0,48.5,133.0,33.5,166.0,95.5,152.0,48.0,11.0,6.0,0.0,0.0,95.5,33.5,112.5,20.5,17.5,11.0,17.0,11.5,4.0,4.0,3.5,1.5,82.5,26.0,115.0,23.0,13.0,7.5,14.5,9.0,21.5,15.0,3.5,1.5,480.5,33.5,900.0,6,0,1,0,1,1,1,0,0,0,1,0,0,0,162.56,160.02,115.0,33.0,26.0,0,0,0,0,0,0,0,0,0,0,0,0,0,1,0,1,0,0,0,0,1,0,0,0
Red,False,0.140625,0.5,0.16875,0.41234375,0.015625,0.08578125,0.015625,0.046875,0.046875,0.03125,59.078125,18.703125,42.15625,14.890625,64.3125,23.109375,46.8125,18.375,0.015625,0.015625,2.765625,0.703125,49.203125,11.765625,35.59375,11.203125,8.875,6.1875,4.640625,2.53125,1.0,0.75,1.921875,1.15625,48.171875,11.28125,35.59375,10.71875,4.046875,2.734375,3.953125,2.484375,6.859375,4.6875,2.609375,1.6875,14.921875,45.921875,371.625,15,0,2,0,2,4,3,0,0,1,1,2,0,0,187.96,190.5,205.0,0.64599609375,0.759765625,0.58005615234375,0.47830078125,0.148236083984375,0.070030517578125,0.039306640625,0.1488037109375,0.0,0.015869140625,33.4757080078125,17.3712158203125,31.9620361328125,14.7838134765625,44.4151611328125,27.9151611328125,40.8970947265625,22.7916259765625,0.8486328125,0.383544921875,1.1343994140625,0.3450927734375,24.943115234375,10.4930419921875,27.064208984375,11.084228515625,2.6884765625,1.687744140625,3.03662109375,2.2476806640625,5.8441162109375,5.1904296875,1.8612060546875,1.451904296875,25.0927734375,11.6102294921875,19.9959716796875,7.2337646484375,2.492919921875,1.86083984375,3.58935546875,2.0836181640625,5.8900146484375,3.900146484375,8.376708984375,5.4664306640625,72.701171875,31.4395751953125,276.5020751953125,35,3,0,1,2,6,8,0,0,0,0,6,0,0,185.42,193.04,205.0,39.0,33.0,0,0,0,0,0,1,0,0,0,0,0,0,0,0,0,0,0,1,0,0,1,0,0,0
Red,True,0.015625,0.0,0.45,0.4275,0.25,0.2,0.148468017578125,0.098388671875,0.0,0.0,66.5,29.6875,64.31230545043945,27.34375,89.75,48.0,85.53125,44.41152191162109,2.0,0.75,2.0546875,0.75,51.1875,18.3359375,49.6123046875,16.280410766601562,7.5,5.07647705078125,7.5,5.0,4.5,3.625,4.984375,3.9375,48.6875,17.0,47.11572265625,16.5,5.75,3.75,5.3125,3.4375,5.0625,3.5,3.875,2.5,99.2119140625,94.125,638.5,0,0,0,0,0,0,0,0,0,0,0,0,0,0,165.1,165.1,135.0,0.0471682548522949,0.0,0.45,0.4217682266235352,0.25,0.19173828125,0.1875,0.125,0.0,0.0,69.5,30.5,66.984375,27.8466796875,94.0,48.544921875,88.50390625,44.75,2.0,0.8125,2.015625,0.6640625,54.0,19.01513671875,51.483436584472656,16.9437255859375,7.91796875,5.430633544921875,7.75,5.0625,4.780975341796875,3.9373779296875,4.8994140625,3.84375,51.025390625,18.400863647460938,50.515625,17.5,5.75,3.75,5.5,3.5,5.375,3.6875,4.0,2.65625,104.865234375,89.5,655.8441009521484,0,0,0,0,0,0,0,0,0,0,0,0,0,0,170.18,165.1,135.0,30.0,32.0,1,0,0,0,0,0,0,0,0,0,0,0,0,0,0,1,0,0,0,0,1,0,0,0
Blue,False,0.0,0.5625,0.59125,0.3868749999999999,0.4,0.125,0.0625,0.25,0.0,0.0,55.9375,34.125,42.0625,16.0625,81.9375,55.9375,43.0,16.75,6.125,2.9375,1.125,0.25,50.3125,28.875,34.375,10.5625,2.375,2.0625,5.375,3.875,3.25,3.1875,2.3125,1.625,18.9375,6.375,34.375,9.9375,4.875,4.1875,2.625,1.5625,32.125,23.5625,5.0625,4.5625,278.4375,13.8125,517.4375,10,0,0,1,3,3,2,0,0,0,2,1,0,0,187.96,193.04,205.0,0.25,0.25,0.4225,0.5425,0.0,0.215,0.0,0.0,0.0,0.0,39.0,15.0,69.75,38.0,44.5,20.5,100.25,65.5,0.0,0.0,8.25,3.5,34.5,12.75,47.5,18.25,2.75,1.5,11.0,9.0,1.75,0.75,11.25,10.75,32.25,10.0,45.0,18.25,5.75,4.5,8.25,6.25,1.0,0.5,16.5,13.5,16.25,263.25,536.75,5,0,0,1,1,1,2,0,0,0,0,1,0,0,185.42,187.96,205.0,34.0,35.0,0,0,0,0,0,1,0,0,0,0,0,0,0,0,0,1,0,0,0,0,1,0,0,0
Red,False,0.0,0.0,0.49,0.3974999999999999,0.4425,0.25,1.5,0.75,0.75,0.25,66.75,27.75,62.75,23.0,94.25,50.75,76.0,34.75,6.0,2.0,1.0,0.5,50.0,13.75,53.0,17.5,2.75,1.25,6.5,2.5,14.0,12.75,3.25,3.0,56.0,19.5,50.5,14.0,4.5,4.0,5.25,3.5,6.25,4.25,7.0,5.5,280.0,96.75,633.5,7,0,0,1,2,2,1,0,0,0,0,0,2,0,170.18,175.26,135.0,0.1875,0.0,0.51111328125,0.49525390625,0.457265625,0.55369140625,0.046875,0.0,0.0625,0.81640625,50.603515625,26.4375,65.123046875,29.373046875,72.90234375,46.953125,140.140625,94.8515625,3.2421875,1.67578125,5.6796875,3.333984375,36.283203125,15.31640625,41.580078125,14.38671875,12.888671875,9.98046875,11.51171875,5.443359375,1.431640625,1.140625,12.03125,9.54296875,39.720703125,17.873046875,27.078125,5.326171875,4.119140625,3.494140625,8.775390625,6.9609375,6.763671875,5.0703125,29.26953125,17.0859375,84.716796875,387.0,772.9140625,24,0,2,0,3,6,4,0,0,1,3,2,0,0,175.26,180.34,135.0,31.0,34.0,1,0,0,0,0,0,0,0,0,0,0,0,0,0,0,1,0,0,0,0,0,0,1,0
Red,False,0.0,0.0,0.5825,0.2375,0.875,0.0625,0.0,0.5,0.0,0.0,79.5,46.5,75.75,20.25,124.0,87.75,96.75,39.75,5.0,4.5,2.25,0.5,59.75,31.25,55.75,8.25,13.75,10.75,6.25,3.25,6.0,4.5,13.75,8.75,46.75,23.5,69.0,17.5,7.25,6.0,6.75,2.75,25.5,17.0,0.0,0.0,498.0,11.0,900.0,9,0,3,0,3,3,0,0,0,1,2,0,0,0,185.42,187.96,170.0,0.5,0.0,0.4599999999999999,0.44,0.8300000000000001,0.0,1.0,0.0,0.0,0.0,72.5,33.0,88.5,43.5,89.0,47.5,104.5,59.0,2.0,1.5,0.5,0.0,62.5,26.0,65.5,27.5,7.5,5.0,16.0,10.5,2.5,2.0,7.0,5.5,48.0,19.0,79.0,36.5,8.5,3.5,9.5,7.0,16.0,10.5,0.0,0.0,349.0,20.0,762.5,6,1,2,0,2,2,0,0,0,0,1,0,1,0,180.34,182.88,170.0,34.0,24.0,0,0,0,0,0,0,0,0,0,1,0,0,0,0,0,1,0,0,0,0,1,0,0,0
Red,False,0.25,1.0,0.455,0.43875,0.395,0.394375,0.0,0.0,0.75,0.25,87.5625,38.8125,95.125,39.25,92.6875,43.875,114.9375,56.8125,2.25,0.5625,3.9375,1.5625,73.5625,27.9375,81.1875,28.3125,8.4375,6.6875,6.4375,5.1875,5.5625,4.1875,7.5,5.75,76.6875,31.5,77.9375,29.25,4.5625,3.3125,3.8125,1.5,6.3125,4.0,13.375,8.5,89.125,205.125,658.5625,13,0,4,0,4,4,1,0,0,1,1,1,0,1,187.96,195.58,205.0,0.0,0.0,0.55,0.345,0.0,0.745,0.0,1.0,0.0,0.0,34.0,17.5,52.5,17.0,81.0,61.0,64.5,27.5,0.5,0.0,4.5,3.5,13.5,5.0,45.5,11.5,8.0,4.0,4.5,3.5,12.5,8.5,2.5,2.0,30.0,13.5,40.5,11.0,1.0,1.0,4.5,3.5,3.0,3.0,7.5,2.5,60.5,347.5,599.5,4,1,0,1,1,1,1,0,0,0,0,1,0,0,185.42,195.58,185.0,28.0,36.0,0,0,0,0,0,0,0,1,0,0,0,0,0,0,0,1,0,0,0,0,1,0,0,0
Blue,False,0.0,1.0,0.47,0.5,0.5,0.0,0.0,1.0,0.0,0.0,73.0,35.0,63.0,32.0,74.0,36.0,86.0,52.0,2.0,1.0,0.0,0.0,47.0,15.0,45.0,19.0,21.0,15.0,16.0,11.0,5.0,5.0,2.0,2.0,50.0,21.0,38.0,14.0,19.0,12.0,13.0,10.0,4.0,2.0,12.0,8.0,81.0,33.0,404.0,2,0,0,1,0,0,1,0,0,0,0,0,0,0,167.64,172.72,135.0,0.4375,0.125,0.34625,0.4806249999999999,0.0,0.55125,0.0,0.0,0.0,0.0,97.0,34.0625,101.125,47.375,102.5,38.875,118.6875,63.9375,0.0,0.0,2.75,2.1875,79.25,22.5625,79.75,31.4375,13.875,7.9375,14.5,10.75,3.875,3.5625,6.875,5.1875,92.1875,31.3125,65.75,19.875,3.75,2.4375,9.0,7.125,1.0625,0.3125,26.375,20.375,7.9375,272.75,744.3125,11,0,2,0,2,3,2,0,0,1,1,1,0,0,167.64,170.18,135.0,35.0,32.0,1,0,0,0,0,0,0,0,0,0,0,0,0,0,0,0,0,1,0,0,1,0,0,0
Red,False,0.5,0.5,0.475,0.49,0.5,0.185,0.0,0.0,0.0,0.5,89.0,42.0,51.0,25.0,101.5,52.5,64.5,33.0,0.5,0.5,9.0,3.0,71.0,27.0,38.0,15.0,7.5,4.5,7.0,5.5,10.5,10.5,6.0,4.5,58.0,21.5,40.5,17.5,11.5,8.0,2.5,2.0,19.5,12.5,8.0,5.5,111.5,219.5,664.5,5,0,2,0,2,2,0,0,0,1,0,1,0,0,180.34,177.8,155.0,0.18359375,0.06640625,0.38697265625,0.3076953125,0.0009765625,0.5081640625,0.03125,0.15673828125,0.0,0.0,93.947265625,34.54443359375,134.31689453125,35.775390625,94.04248046875,34.5693359375,137.4052734375,38.7333984375,1.0341796875,0.001953125,1.6064453125,0.54345703125,64.34912109375,16.150390625,109.33203125,23.96728515625,20.103515625,12.24267578125,14.70947265625,4.79833984375,9.49462890625,6.1513671875,10.275390625,7.009765625,91.669921875,33.48291015625,129.61328125,33.607421875,1.26806640625,0.2646484375,0.78955078125,0.037109375,1.00927734375,0.796875,3.9140625,2.130859375,2.48974609375,38.708984375,749.9365234375,27,0,4,0,4,9,3,0,1,1,2,5,0,0,180.34,190.5,145.0,31.0,29.0,0,0,0,0,0,0,1,0,0,0,0,0,0,0,0,1,0,0,0,0,1,0,0,0
Red,False,0.06640625,0.546875,0.3596875,0.451015625,0.03125,0.21234375,0.0,0.28515625,0.25,0.0,98.09765625,48.26953125,95.9609375,45.7421875,107.59765625,57.64453125,125.1484375,74.33203125,0.14453125,0.0625,2.140625,0.68359375,75.328125,31.15625,71.58984375,27.1171875,18.22265625,13.76953125,16.74609375,11.8828125,4.546875,3.34375,7.625,6.7421875,93.859375,44.26953125,87.328125,39.10546875,3.88671875,3.6953125,3.39453125,2.60546875,0.3515625,0.3046875,5.23828125,4.03125,76.375,32.92578125,465.3984375,19,0,0,1,2,4,5,0,0,1,1,2,0,0,170.18,177.8,155.0,0.0019607543945312,0.6484375,0.4147600555419922,0.44544189453125,0.2018270111083984,0.3294635009765625,0.366943359375,0.080078125,0.4386062622070312,0.0313873291015625,75.39199829101562,30.034324645996094,128.1993865966797,55.01284790039063,86.93885803222656,40.43780517578125,139.5885009765625,65.27540588378906,2.990272521972656,0.9086151123046876,2.854736328125,0.94061279296875,71.4652328491211,26.873214721679688,105.64849853515624,37.65575408935547,3.2231216430664062,2.5199966430664062,14.982894897460938,10.954750061035156,0.703643798828125,0.64111328125,7.5679931640625,6.40234375,64.99256134033203,21.45166778564453,112.81976318359376,44.792091369628906,3.3854751586914062,2.492225646972656,11.434097290039062,8.192886352539062,7.013961791992188,6.090431213378906,3.945526123046875,2.027870178222656,104.56731414794922,62.39380645751953,576.2058181762695,35,0,3,0,3,11,7,0,0,0,1,2,7,1,177.8,180.34,155.0,36.0,31.0,0,0,0,0,0,0,1,0,0,0,0,0,0,0,0,0,0,1,0,0,1,0,0,0
Red,False,0.1328125,0.5703125,0.400810546875,0.3645556640625,0.1057519531249999,0.0635791015625,0.3203125,0.3974609375,0.37548828125,0.283203125,67.24462890625,23.52197265625,81.41259765625,28.15625,72.88623046875,28.26904296875,100.2421875,46.0517578125,4.40869140625,0.833984375,0.59521484375,0.25634765625,56.7021484375,15.2919921875,57.775390625,9.69287109375,6.3447265625,4.6689453125,9.32177734375,5.4765625,4.19775390625,3.56103515625,14.3154296875,12.98681640625,59.1474609375,19.39794921875,76.14794921875,25.15380859375,1.203125,1.18701171875,2.1669921875,0.77978515625,6.89404296875,2.93701171875,3.09765625,2.22265625,187.01708984375,24.1904296875,587.359375,31,0,1,0,3,7,5,0,0,1,4,2,0,0,175.26,180.34,155.0,0.001068115234375,0.25,0.389222526550293,0.4672396850585937,0.1537710952758789,0.2747281265258789,1.738300323486328,0.6290473937988281,0.5313758850097656,0.0312728881835937,39.517215728759766,16.55860137939453,57.49388885498047,27.350971221923828,49.45280838012695,24.968307495117188,78.2656021118164,45.846336364746094,1.78857421875,0.3728065490722656,2.7614974975585938,1.1723747253417969,27.921810150146484,7.102378845214844,38.17266082763672,15.794769287109377,3.7911376953125,2.970325469970703,14.060100555419922,7.990631103515625,7.804267883300781,6.485897064208984,5.261127471923828,3.565570831298828,33.213504791259766,11.40951919555664,40.589656829833984,16.372100830078125,5.414604187011719,4.403282165527344,10.38729476928711,6.562351226806641,0.8891067504882812,0.7458000183105469,6.516937255859375,4.416519165039063,30.677364349365234,390.5188102722168,664.6680107116699,44,0,2,0,7,13,6,0,0,0,5,2,6,0,172.72,180.34,155.0,35.0,31.0,0,0,0,0,0,0,1,0,0,0,0,0,0,0,0,1,0,0,0,0,0,0,1,0
Blue,False,0.140625,0.0,0.4366796875,0.4069921875,0.09109375,0.565078125,1.11328125,0.328125,0.0,0.03125,31.93359375,11.8984375,39.98046875,17.01171875,40.87109375,19.7578125,49.5078125,25.50390625,5.83984375,0.69140625,2.25,1.578125,27.88671875,8.3515625,28.50390625,10.38671875,2.234375,1.734375,9.07421875,5.55859375,1.8125,1.8125,2.40234375,1.06640625,25.02734375,6.84375,21.48046875,5.5234375,5.0625,3.8359375,9.7890625,6.63671875,1.84375,1.21875,8.7109375,4.8515625,215.578125,97.140625,467.29296875,19,0,2,0,2,5,4,0,0,0,2,1,2,0,182.88,187.96,205.0,0.0625,0.25,0.45625,0.456875,0.09375,0.0,0.0,0.5,0.0,0.0,144.75,66.8125,234.5,105.375,155.625,76.5,250.875,120.5,2.0625,0.4375,3.1875,0.0,108.6875,36.25,203.4375,82.8125,10.25,7.875,22.8125,14.75,25.8125,22.6875,8.25,7.8125,132.6875,58.6875,223.5,98.3125,9.8125,6.375,10.75,6.9375,2.25,1.75,0.25,0.125,52.5,69.0,829.9375,14,0,0,1,2,3,2,0,0,1,0,2,0,0,190.5,193.04,230.0,32.0,29.0,0,0,0,0,0,1,0,0,0,0,0,0,0,0,0,0,0,1,0,0,1,0,0,0
Blue,False,0.0,0.0,0.2953125,0.4434375,0.3540625,0.29625,0.75,0.03125,0.25,0.40625,94.875,30.0,104.4375,51.84375,120.65625,50.75,117.28125,63.9375,7.0,2.1875,3.875,1.28125,80.5625,21.59375,78.28125,28.65625,7.21875,4.46875,11.5625,9.34375,7.09375,3.9375,14.59375,13.84375,84.6875,26.25,85.53125,40.59375,9.75,3.4375,17.4375,10.46875,0.4375,0.3125,1.46875,0.78125,154.25,54.96875,757.78125,16,0,2,0,2,4,2,0,0,0,0,0,4,0,172.72,172.72,135.0,0.34375,0.625,0.20875,0.47109375,0.03640625,0.0028125,0.0,0.0,0.0,0.0,95.59375,25.953125,64.59375,24.734375,96.921875,27.28125,64.984375,25.125,0.46875,0.046875,2.015625,0.03125,86.640625,19.8125,46.703125,12.5625,6.640625,4.0,9.25,4.78125,2.3125,2.140625,8.640625,7.390625,81.421875,17.625,61.953125,22.953125,1.78125,1.46875,1.375,1.09375,12.390625,6.859375,1.265625,0.6875,23.796875,6.671875,420.9375,16,1,0,2,2,3,4,0,0,1,0,2,0,0,170.18,175.26,135.0,30.0,31.0,1,0,0,0,0,0,0,0,0,0,0,0,0,0,0,1,0,0,0,0,1,0,0,0
Red,True,0.69140625,0.5,0.3719140625,0.4352734375,0.2658203125,0.0,0.53515625,0.5,0.0,0.0,156.90625,52.96484375,147.67578125,68.16015625,164.1484375,59.640625,160.8203125,79.8046875,2.40625,1.1484375,4.68359375,0.0,121.51953125,30.08203125,115.2734375,43.32421875,23.8671875,13.109375,20.06640625,13.73046875,11.51953125,9.7734375,12.3359375,11.10546875,136.30859375,38.19921875,130.1796875,55.97265625,18.90234375,14.14453125,9.95703125,7.40234375,1.6953125,0.62109375,7.5390625,4.78515625,83.58203125,183.4453125,872.17578125,27,5,7,0,7,8,1,0,0,0,3,2,3,0,167.64,177.8,145.0,1.046875,0.00390625,0.3849609375,0.3074218749999999,0.438671875,0.0,0.71484375,0.06640625,0.0,0.0,342.48046875,128.42578125,188.68359375,55.3984375,358.59765625,141.4453125,191.44140625,58.12109375,3.31640625,1.46484375,3.140625,0.0,294.7265625,91.890625,163.328125,40.4609375,26.04296875,18.671875,16.20703125,8.31640625,21.7109375,17.86328125,9.1484375,6.62109375,317.28125,113.53515625,183.8984375,52.921875,13.09375,7.875,4.6875,2.390625,12.10546875,7.015625,0.09765625,0.0859375,166.171875,1.19921875,1193.6875,24,3,0,1,4,7,2,0,0,0,2,4,1,0,167.64,170.18,125.0,28.0,29.0,1,0,0,0,0,0,0,0,0,0,0,0,0,0,0,1,0,0,0,0,1,0,0,0
Blue,False,0.01171875,0.015625,0.6053906250000001,0.65578125,0.00390625,0.8459375,0.6484375,0.0234375,0.0,0.00390625,14.92578125,9.32421875,17.390625,10.5,21.57421875,14.76953125,38.96875,30.05859375,0.08203125,0.00390625,2.08984375,1.26953125,9.515625,4.8203125,13.50390625,7.08203125,4.32421875,3.43359375,2.375,2.0390625,1.0859375,1.0703125,1.51171875,1.37890625,9.58203125,5.3984375,6.48046875,3.00390625,4.75390625,3.5859375,3.46484375,2.19140625,0.58984375,0.33984375,7.4453125,5.3046875,18.67578125,171.44921875,252.4765625,17,0,3,0,3,6,3,0,0,0,1,2,3,0,187.96,195.58,170.0,0.5,0.015625,0.5170312499999999,0.42078125,0.24125,0.264375,0.6875,0.046875,0.25,0.0625,54.9375,30.609375,30.890625,12.828125,84.40625,53.4375,35.4375,16.0625,4.625,0.96875,0.96875,0.5,42.65625,19.890625,26.375,8.65625,4.75,3.203125,3.921875,3.578125,7.53125,7.515625,0.59375,0.59375,32.65625,14.875,25.25,8.765625,5.5625,4.078125,3.421875,2.78125,16.71875,11.65625,2.21875,1.28125,184.015625,44.6875,400.109375,14,0,0,2,3,4,3,0,0,0,1,1,2,0,177.8,187.96,170.0,32.0,31.0,0,0,0,0,0,0,0,0,0,1,0,0,0,0,0,1,0,0,0,0,1,0,0,0
Red,False,0.0,0.0,0.3974999999999999,0.355,0.0,0.165,0.0,0.0,0.0,0.0,172.5,68.0,130.75,49.0,187.5,82.5,158.25,75.25,0.0,0.0,0.75,0.5,146.25,47.0,102.75,30.0,9.75,7.25,10.0,6.5,16.5,13.75,18.0,12.5,155.5,57.75,110.25,34.25,17.0,10.25,18.5,13.25,0.0,0.0,2.0,1.5,38.5,90.75,645.0,8,0,0,2,1,1,2,0,0,0,0,0,0,1,167.64,167.64,125.0,0.0,0.5,0.43,0.40125,0.126875,0.485625,1.4375,0.25,0.5625,0.125,71.875,31.5625,75.0625,27.9375,118.875,74.875,109.9375,59.4375,2.5,0.625,7.1875,2.3125,56.6875,20.3125,59.25,17.6875,11.5625,8.125,11.0625,6.75,3.625,3.125,4.75,3.5,52.0625,17.4375,48.75,13.5625,11.875,7.875,12.5,8.1875,7.9375,6.25,13.8125,6.1875,288.8125,303.8125,877.0625,15,1,0,2,3,3,2,0,1,0,2,0,0,0,167.64,167.64,135.0,28.0,28.0,0,0,0,0,0,0,0,0,0,0,1,0,0,0,0,1,0,0,0,0,1,0,0,0
Blue,False,0.0,0.3125,0.411875,0.349375,0.03125,0.3125,0.0625,0.0,0.1875,0.25,162.875,68.125,187.5,67.4375,172.5,76.5,193.125,72.1875,6.375,0.0625,1.25,0.75,129.5,46.625,149.875,43.0625,17.5,10.5625,25.875,15.4375,15.875,10.9375,11.75,8.9375,157.0625,65.5,175.8125,59.25,4.75,2.1875,10.0625,7.125,1.0625,0.4375,1.625,1.0625,101.375,66.375,782.3125,11,0,1,0,1,2,3,0,0,0,0,1,1,0,187.96,185.42,170.0,0.1259765625,0.0,0.382294921875,0.4644921875,0.28515625,0.539306640625,0.078125,1.150390625,0.001953125,0.0009765625,58.6064453125,22.5576171875,56.80859375,27.0478515625,61.2177734375,25.0,62.7490234375,32.3291015625,4.9775390625,1.39453125,0.919921875,0.6337890625,43.759765625,12.9482421875,36.9892578125,12.5927734375,8.423828125,4.056640625,10.3203125,7.595703125,6.4228515625,5.552734375,9.4990234375,6.859375,50.5,16.619140625,46.5380859375,20.177734375,5.345703125,3.849609375,3.888671875,2.0693359375,2.7607421875,2.0888671875,6.3818359375,4.80078125,43.4892578125,95.505859375,504.8759765625,26,0,2,0,2,6,5,0,0,1,2,3,0,0,172.72,182.88,155.0,29.0,30.0,0,0,0,0,0,0,1,0,0,0,0,0,0,0,0,1,0,0,0,0,0,0,0,1
Red,False,0.015625,0.0,0.45,0.4275,0.25,0.2,0.148468017578125,0.098388671875,0.0,0.0,66.5,29.6875,64.31230545043945,27.34375,89.75,48.0,85.53125,44.41152191162109,2.0,0.75,2.0546875,0.75,51.1875,18.3359375,49.6123046875,16.280410766601562,7.5,5.07647705078125,7.5,5.0,4.5,3.625,4.984375,3.9375,48.6875,17.0,47.11572265625,16.5,5.75,3.75,5.3125,3.4375,5.0625,3.5,3.875,2.5,99.2119140625,94.125,638.5,0,0,0,0,0,0,0,0,0,0,0,0,0,0,177.8,187.96,170.0,0.0,0.0,0.315,0.585,0.415,0.5275,0.5,1.0,0.25,0.25,61.0,17.25,23.75,13.75,71.25,26.0,35.0,25.0,2.0,1.25,2.75,0.75,47.5,9.0,19.5,10.0,6.75,3.75,3.5,3.0,6.75,4.5,0.75,0.75,44.5,7.5,16.5,7.25,10.0,6.25,2.5,1.75,6.5,3.5,4.75,4.75,170.25,83.25,583.75,6,0,2,0,2,2,1,0,0,0,1,0,1,0,182.88,190.5,185.0,27.0,30.0,0,0,0,0,0,0,0,1,0,0,0,0,0,0,0,1,0,0,0,0,0,0,1,0
Blue,False,0.0,0.0,0.35,0.3349999999999999,0.0,0.2,0.0,0.0,1.0,0.0,162.0,46.0,155.5,57.5,177.5,60.0,179.0,77.0,1.5,0.0,3.5,1.0,147.0,37.5,137.0,45.5,11.0,4.5,16.5,11.0,4.0,4.0,2.0,1.0,143.0,37.5,139.0,50.0,8.5,2.0,16.5,7.5,10.5,6.5,0.0,0.0,289.0,78.0,900.0,6,0,0,2,0,0,2,0,0,0,0,0,0,0,167.64,165.1,135.0,0.0,0.5,0.4875,0.4825,0.165,0.0,0.75,0.0,0.0,0.5,96.75,52.25,112.75,49.25,121.25,75.75,123.0,58.75,2.0,0.5,0.0,0.0,71.75,32.0,89.5,31.5,20.0,15.25,11.25,7.5,5.0,5.0,12.0,10.25,80.75,39.5,97.75,38.75,14.25,11.0,14.0,9.75,1.75,1.75,1.0,0.75,25.0,140.75,522.0,7,0,1,0,1,1,2,0,0,0,1,0,0,0,180.34,185.42,135.0,28.0,29.0,0,0,0,0,0,0,0,0,0,0,1,0,0,0,0,1,0,0,0,0,1,0,0,0
Blue,False,0.015625,0.0,0.45,0.4275,0.25,0.2,0.148468017578125,0.098388671875,0.0,0.0,66.5,29.6875,64.31230545043945,27.34375,89.75,48.0,85.53125,44.41152191162109,2.0,0.75,2.0546875,0.75,51.1875,18.3359375,49.6123046875,16.280410766601562,7.5,5.07647705078125,7.5,5.0,4.5,3.625,4.984375,3.9375,48.6875,17.0,47.11572265625,16.5,5.75,3.75,5.3125,3.4375,5.0625,3.5,3.875,2.5,99.2119140625,94.125,638.5,0,0,0,0,0,0,0,0,0,0,0,0,0,0,180.34,177.8,155.0,0.515625,0.53515625,0.3893359375,0.3469921875,0.6638671875,0.033828125,0.390625,1.25,0.03125,0.53125,59.34375,24.51953125,51.62109375,18.50390625,87.796875,48.8515625,58.33984375,24.57421875,3.515625,2.0859375,0.32421875,0.0703125,50.328125,18.1640625,41.37109375,12.97265625,5.72265625,3.2265625,8.171875,4.19921875,3.29296875,3.12890625,2.078125,1.33203125,42.98046875,15.67578125,42.93359375,11.82421875,2.9765625,1.29296875,3.671875,1.82421875,13.38671875,7.55078125,5.015625,4.85546875,127.21875,39.98828125,418.59375,17,1,0,1,3,5,4,0,0,0,3,2,0,0,180.34,190.5,155.0,29.0,27.0,0,0,0,0,0,0,1,0,0,0,0,0,0,0,0,0,0,1,0,0,1,0,0,0
Red,False,0.0,0.0,0.375,0.415,0.375,0.435,0.0,0.0,0.0,0.0,72.0,25.5,73.0,32.0,120.5,71.0,125.0,79.5,2.0,1.5,8.0,3.0,54.5,13.0,46.5,12.0,12.0,8.0,18.5,12.5,5.5,4.5,8.0,7.5,58.0,14.5,53.5,20.5,10.0,8.0,15.5,7.5,4.0,3.0,4.0,4.0,93.5,538.0,900.0,6,0,0,1,1,1,1,0,0,0,1,0,0,0,182.88,185.42,170.0,0.5,0.0,0.77,0.205,0.0,0.165,0.0,0.5,1.0,0.0,32.0,18.0,42.5,17.0,36.5,22.5,83.0,49.0,0.0,0.0,4.5,1.5,27.5,14.0,31.0,9.0,4.5,4.0,6.0,4.5,0.0,0.0,5.5,3.5,25.0,11.5,25.0,8.0,3.5,3.0,2.5,1.5,3.5,3.5,15.0,7.5,49.5,214.0,454.0,4,0,0,1,1,1,1,0,0,0,0,1,0,0,187.96,187.96,170.0,26.0,23.0,0,0,0,0,0,0,0,0,0,1,0,0,0,0,0,1,0,0,0,0,0,0,1,0
Red,False,0.015625,0.0,0.45,0.4275,0.25,0.2,0.148468017578125,0.098388671875,0.0,0.0,66.5,29.6875,64.31230545043945,27.34375,89.75,48.0,85.53125,44.41152191162109,2.0,0.75,2.0546875,0.75,51.1875,18.3359375,49.6123046875,16.280410766601562,7.5,5.07647705078125,7.5,5.0,4.5,3.625,4.984375,3.9375,48.6875,17.0,47.11572265625,16.5,5.75,3.75,5.3125,3.4375,5.0625,3.5,3.875,2.5,99.2119140625,94.125,638.5,0,0,0,0,0,0,0,0,0,0,0,0,0,0,170.18,170.18,125.0,0.0,0.0,0.4649999999999999,0.445,0.25,0.0,0.0,0.5,0.0,0.0,123.5,60.0,71.5,35.0,148.5,80.0,74.0,37.5,2.0,1.0,1.5,0.0,65.5,22.0,45.0,16.5,22.5,14.5,12.0,9.0,35.5,23.5,14.5,9.5,93.0,40.0,64.5,31.0,23.0,15.5,7.0,4.0,7.5,4.5,0.0,0.0,178.0,26.5,495.0,4,0,1,0,1,1,1,0,0,0,1,0,0,0,167.64,165.1,125.0,28.0,29.0,0,0,0,0,0,0,0,0,0,0,0,0,0,1,0,1,0,0,0,0,1,0,0,0
Red,False,0.0,0.0,0.475,0.3825,0.2,0.25,0.75,0.25,0.25,0.0,95.25,45.5,98.0,38.5,110.5,59.25,112.0,50.75,9.75,2.0,1.5,0.25,56.25,17.5,81.75,29.0,26.5,17.75,13.0,7.0,12.5,10.25,3.25,2.5,75.75,30.25,76.75,25.75,19.5,15.25,18.5,11.5,0.0,0.0,2.75,1.25,319.25,53.5,900.0,9,0,1,0,1,2,1,0,0,0,2,0,0,0,175.26,185.42,155.0,1.0,0.0,0.37,0.26,0.0,0.0,0.0,0.0,0.0,0.0,40.0,15.0,23.0,6.0,40.0,15.0,23.0,6.0,0.0,0.0,0.0,0.0,35.0,11.0,17.0,2.0,4.0,3.0,1.0,0.0,1.0,1.0,5.0,4.0,38.0,14.0,23.0,6.0,0.0,0.0,0.0,0.0,2.0,1.0,0.0,0.0,1.0,0.0,107.0,1,0,1,0,1,1,0,0,0,0,0,1,0,0,177.8,185.42,155.0,34.0,27.0,0,0,0,0,0,0,1,0,0,0,0,0,0,0,0,1,0,0,0,0,1,0,0,0
Blue,False,0.000244140625,0.379150390625,0.3954809570312499,0.3975598144531249,0.29070556640625,0.07173828125,0.0194091796875,0.157470703125,0.125,0.126220703125,220.30859375,92.0892333984375,112.1727294921875,38.37890625,226.5958251953125,96.99169921875,114.1326904296875,40.2171630859375,2.6251220703125,0.7542724609375,0.805908203125,0.20849609375,196.0242919921875,75.6195068359375,96.428955078125,26.8502197265625,20.47265625,12.75634765625,11.836181640625,8.433837890625,3.8116455078125,3.71337890625,3.9075927734375,3.0948486328125,210.9647216796875,86.303466796875,105.45361328125,34.140869140625,8.437255859375,5.070556640625,4.9481201171875,3.1016845703125,0.9066162109375,0.7152099609375,1.77099609375,1.1363525390625,45.97802734375,26.1519775390625,671.2332763671875,34,0,4,0,4,8,6,0,0,3,2,1,1,1,177.8,177.8,155.0,0.71875,0.505126953125,0.3579901123046874,0.2574871826171875,0.0823974609375,0.06684814453125,0.0,0.000244140625,0.0001220703125,0.0001220703125,69.68780517578125,25.21783447265625,96.84869384765624,24.53387451171875,71.56805419921875,27.0518798828125,98.63995361328124,26.17822265625,0.37066650390625,0.0933837890625,1.5423583984375,0.2802734375,55.0084228515625,16.25555419921875,80.2774658203125,15.33319091796875,10.3585205078125,5.495849609375,13.089599609375,6.627685546875,4.32086181640625,3.4664306640625,3.48162841796875,2.572998046875,66.3165283203125,22.44683837890625,92.567138671875,21.80126953125,1.59393310546875,1.12548828125,3.49627685546875,2.21417236328125,1.77734375,1.6455078125,0.7852783203125,0.5184326171875,3.6357421875,15.012939453125,424.2823486328125,36,1,3,0,3,9,6,0,0,0,4,4,0,1,172.72,175.26,155.0,33.0,30.0,0,0,0,0,0,0,1,0,0,0,0,0,0,0,0,0,0,1,0,0,1,0,0,0
Red,False,0.015625,0.5,0.7301562500000001,0.346875,0.006875,0.1175,0.0625,0.234375,0.0,0.0,88.0625,41.421875,63.84375,12.109375,101.34375,54.703125,67.265625,14.65625,0.53125,0.0625,2.984375,0.546875,55.640625,20.703125,52.453125,6.96875,22.171875,13.640625,7.21875,3.40625,10.25,7.078125,4.171875,1.734375,85.421875,39.40625,58.421875,8.6875,2.421875,1.84375,1.1875,0.328125,0.21875,0.171875,4.234375,3.09375,10.265625,64.40625,368.171875,14,0,0,1,1,3,4,0,0,0,2,0,1,0,167.64,167.64,125.0,0.25,0.0,0.5075000000000001,0.3825,0.5,0.1,1.25,0.5,0.0,0.5,55.5,30.0,56.0,24.25,110.75,75.75,68.75,35.75,3.75,2.25,1.25,0.5,41.0,19.0,42.5,13.5,5.75,3.25,9.75,8.0,8.75,7.75,3.75,2.75,41.75,19.0,39.25,13.0,1.25,0.75,4.0,3.75,12.5,10.25,12.75,7.5,423.25,101.0,721.5,7,0,1,0,1,2,1,0,0,0,1,0,1,0,177.8,175.26,125.0,32.0,27.0,0,0,0,1,0,0,0,0,0,0,0,0,0,0,0,1,0,0,0,0,1,0,0,0
Red,False,0.377197265625,0.500244140625,0.3994140625,0.37672607421875,0.29913330078125,0.00138671875,1.10498046875,0.00146484375,0.0,0.015625,49.469482421875,18.45361328125,53.5185546875,21.00048828125,55.668701171875,24.21142578125,67.729248046875,34.051025390625,2.34814453125,0.9228515625,0.263671875,0.009765625,42.928955078125,14.335205078125,45.842041015625,15.161376953125,2.317626953125,1.404296875,3.84375,2.49072265625,4.222900390625,2.714111328125,3.832763671875,3.348388671875,39.606689453125,13.458984375,44.195556640625,16.411376953125,6.861083984375,3.12939453125,6.77978515625,2.71044921875,3.001708984375,1.865234375,2.543212890625,1.878662109375,140.026123046875,35.4111328125,461.1171875,31,1,0,1,5,10,3,0,0,1,3,2,4,0,185.42,198.12,185.0,0.1259808540344238,0.7658390998840332,0.3283528232574463,0.3841517114639282,0.0041375541687011,0.1557231760025024,6.198883056640625e-05,0.2501273155212402,7.152557373046875e-07,0.0078127384185791,169.77166748046875,59.57431411743164,103.57252025604248,38.331352949142456,173.80347895622253,63.49047541618347,107.85075831413268,41.42351961135864,0.6405391693115234,0.0389151573181152,4.831804275512695,1.3304812908172607,147.32338976860046,44.0127010345459,83.17181921005249,24.52563238143921,9.682266235351562,4.726542472839356,13.000196933746338,7.335240602493286,12.766011476516724,10.835070610046388,7.400504112243652,6.470479965209961,163.69344091415405,55.39887285232544,91.10290551185608,32.346380949020386,1.564742088317871,1.3511269092559814,2.6878790855407715,1.2786924839019775,4.513484477996826,2.82431435585022,9.78173565864563,4.706279516220093,18.635772705078125,89.50970983505249,799.2698979377747,59,1,4,0,4,16,7,0,0,1,6,9,0,0,185.42,190.5,185.0,33.0,36.0,0,0,0,0,0,0,0,1,0,0,0,0,0,0,0,1,0,0,0,0,1,0,0,0
Red,False,0.0,0.75,0.4825,0.5475,0.415,0.25,0.25,0.25,0.0,0.0,120.75,58.0,83.75,45.0,159.0,92.25,102.75,62.0,3.0,2.5,4.5,1.0,95.0,38.5,65.25,33.5,12.5,8.0,15.75,9.75,13.25,11.5,2.75,1.75,100.75,44.0,65.75,32.25,7.75,5.25,3.75,2.0,12.25,8.75,14.25,10.75,206.5,187.75,718.25,8,0,0,2,1,1,2,0,0,0,1,0,0,0,177.8,177.8,155.0,0.0,0.0,0.73,0.6,0.0,0.0,2.0,0.0,0.0,0.0,42.0,31.0,5.0,3.0,57.0,45.0,7.0,5.0,0.0,0.0,5.0,0.0,35.0,27.0,2.0,1.0,1.0,1.0,2.0,1.0,6.0,3.0,1.0,1.0,10.0,5.0,3.0,3.0,1.0,1.0,1.0,0.0,31.0,25.0,1.0,0.0,194.0,95.0,395.0,2,0,1,0,1,1,0,0,0,0,0,1,0,0,177.8,177.8,155.0,26.0,25.0,0,0,0,0,0,0,1,0,0,0,0,0,0,0,0,1,0,0,0,0,0,0,1,0
Red,False,0.0,0.0,0.6399999999999999,0.565,0.56,0.185,0.0,0.0,0.0,0.0,61.5,38.5,56.5,32.0,115.0,88.0,110.5,75.0,5.5,2.0,4.0,1.5,41.0,19.5,36.0,15.5,7.0,6.0,13.5,10.5,13.5,13.0,7.0,6.0,32.0,16.0,30.5,13.0,10.0,9.5,7.0,5.0,19.5,13.0,19.0,14.0,354.5,142.0,723.0,5,0,1,0,1,1,1,0,0,1,0,0,0,0,190.5,190.5,205.0,0.0,0.0,0.3125,0.44125,0.41625,0.0,0.25,0.0,0.0,0.0,24.75,7.25,30.0,16.75,25.875,7.875,30.625,17.375,0.75,0.5,0.0,0.0,21.625,4.625,23.75,12.5,0.875,0.625,3.25,1.375,2.25,2.0,3.0,2.875,23.625,6.75,25.5,12.875,0.125,0.0,0.25,0.25,1.0,0.5,4.25,3.625,18.25,3.75,226.0,6,0,0,1,2,2,2,0,0,0,0,1,1,0,177.8,185.42,205.0,28.0,31.0,0,0,0,0,0,1,0,0,0,0,0,0,0,0,0,1,0,0,0,0,1,0,0,0
Red,False,0.015625,0.0,0.45,0.4275,0.25,0.2,0.148468017578125,0.098388671875,0.0,0.0,66.5,29.6875,64.31230545043945,27.34375,89.75,48.0,85.53125,44.41152191162109,2.0,0.75,2.0546875,0.75,51.1875,18.3359375,49.6123046875,16.280410766601562,7.5,5.07647705078125,7.5,5.0,4.5,3.625,4.984375,3.9375,48.6875,17.0,47.11572265625,16.5,5.75,3.75,5.3125,3.4375,5.0625,3.5,3.875,2.5,99.2119140625,94.125,638.5,0,0,0,0,0,0,0,0,0,0,0,0,0,0,185.42,190.5,155.0,0.0,0.0,0.42,0.62,0.0,0.66,0.0,0.0,1.0,0.0,111.0,47.0,82.0,51.0,114.0,50.0,82.0,51.0,0.0,0.0,3.0,2.0,95.0,33.0,69.0,40.0,6.0,5.0,8.0,8.0,10.0,9.0,5.0,3.0,110.0,46.0,80.0,50.0,0.0,0.0,0.0,0.0,1.0,1.0,2.0,1.0,4.0,239.0,900.0,3,0,0,1,0,0,1,0,0,0,0,0,0,0,180.34,185.42,155.0,28.0,27.0,0,0,0,0,0,0,1,0,0,0,0,0,0,0,0,1,0,0,0,0,1,0,0,0
Red,False,0.0,0.0,0.28,0.6,0.0,0.66,0.0,0.0,0.0,0.0,7.0,2.0,56.0,34.0,22.0,16.0,194.0,154.0,2.0,0.0,3.0,2.0,6.0,1.0,55.0,33.0,1.0,1.0,1.0,1.0,0.0,0.0,0.0,0.0,7.0,2.0,16.0,5.0,0.0,0.0,0.0,0.0,0.0,0.0,40.0,29.0,0.0,833.0,900.0,3,0,0,1,0,0,1,0,0,0,0,0,0,0,177.8,177.8,145.0,0.0,0.0,0.525,0.77,0.175,0.475,0.0,2.5,0.5,0.0,39.0,20.5,24.5,14.5,60.0,38.5,39.0,29.0,8.5,2.5,4.5,2.0,28.0,12.5,14.5,5.5,8.5,6.0,5.0,4.0,2.5,2.0,5.0,5.0,30.5,15.5,17.5,9.0,6.0,3.5,2.0,1.0,2.5,1.5,5.0,4.5,267.5,165.0,668.5,5,0,0,1,1,1,1,0,0,0,1,0,0,0,175.26,175.26,145.0,28.0,32.0,0,0,1,0,0,0,0,0,0,0,0,0,0,0,0,1,0,0,0,0,0,0,1,0
Red,False,0.015625,0.0,0.45,0.4275,0.25,0.2,0.148468017578125,0.098388671875,0.0,0.0,66.5,29.6875,64.31230545043945,27.34375,89.75,48.0,85.53125,44.41152191162109,2.0,0.75,2.0546875,0.75,51.1875,18.3359375,49.6123046875,16.280410766601562,7.5,5.07647705078125,7.5,5.0,4.5,3.625,4.984375,3.9375,48.6875,17.0,47.11572265625,16.5,5.75,3.75,5.3125,3.4375,5.0625,3.5,3.875,2.5,99.2119140625,94.125,638.5,0,0,0,0,0,0,0,0,0,0,0,0,0,0,190.5,203.2,250.0,0.25,0.0,0.7375,0.72,0.265,0.525,0.25,0.0,0.0,0.0,44.0,32.75,87.5,64.0,78.5,65.0,134.0,106.25,2.75,1.0,4.0,2.25,24.25,14.75,42.5,22.75,12.5,11.25,40.25,36.75,7.25,6.75,4.75,4.5,17.75,10.25,26.5,9.75,21.5,18.25,28.5,26.25,4.75,4.25,32.5,28.0,111.75,626.75,874.5,9,0,1,0,1,1,2,0,0,0,0,1,0,0,182.88,187.96,247.0,36.0,32.0,0,0,0,0,1,0,0,0,0,0,0,0,0,0,0,1,0,0,0,0,0,0,1,0
Blue,False,0.015625,0.0,0.45,0.4275,0.25,0.2,0.148468017578125,0.098388671875,0.0,0.0,66.5,29.6875,64.31230545043945,27.34375,89.75,48.0,85.53125,44.41152191162109,2.0,0.75,2.0546875,0.75,51.1875,18.3359375,49.6123046875,16.280410766601562,7.5,5.07647705078125,7.5,5.0,4.5,3.625,4.984375,3.9375,48.6875,17.0,47.11572265625,16.5,5.75,3.75,5.3125,3.4375,5.0625,3.5,3.875,2.5,99.2119140625,94.125,638.5,0,0,0,0,0,0,0,0,0,0,0,0,0,0,162.56,172.72,135.0,0.28125,1.0625,0.32234375,0.3857812499999999,0.140625,0.213125,0.0,0.0,0.0,0.0,95.953125,32.09375,90.8125,34.453125,100.046875,36.046875,94.109375,37.53125,0.265625,0.265625,3.046875,0.9375,70.890625,17.125,80.40625,27.65625,15.65625,7.640625,6.375,4.625,9.40625,7.328125,4.03125,2.171875,92.703125,30.640625,84.0625,30.375,2.609375,1.171875,2.03125,0.96875,0.640625,0.28125,4.71875,3.109375,14.015625,54.796875,662.4375,17,0,3,0,3,4,3,0,0,1,2,1,0,0,162.56,180.34,135.0,26.0,30.0,1,0,0,0,0,0,0,0,0,0,0,0,0,0,0,1,0,0,0,0,0,0,1,0
Red,False,0.0,0.0625,0.51875,0.493125,0.6125,0.3325,1.75,0.8125,0.75,0.625,46.75,21.125,57.6875,22.875,86.25,56.1875,65.4375,29.75,3.0,1.4375,1.375,0.75,31.25,9.125,41.875,12.5,5.25,2.9375,8.9375,4.3125,10.25,9.0625,6.875,6.0625,40.3125,16.0625,52.9375,18.6875,1.625,1.0,1.0625,0.75,4.8125,4.0625,3.6875,3.4375,372.4375,155.625,824.0,12,0,0,1,1,2,3,0,0,0,1,0,1,0,175.26,180.34,145.0,0.5,0.0625,0.403359375,0.375625,0.11875,0.265625,0.140625,0.4609375,0.125,0.125,51.2421875,20.8125,49.5625,19.1953125,60.6328125,29.765625,63.078125,31.9296875,1.2734375,0.6796875,0.3984375,0.2890625,39.15625,12.3515625,36.6484375,11.0234375,7.21875,4.75,6.8359375,3.1875,4.8671875,3.7109375,6.078125,4.984375,40.6796875,13.296875,45.75,17.2265625,5.5234375,3.9140625,2.671875,1.09375,5.0390625,3.6015625,1.140625,0.875,92.75,27.03125,366.1640625,16,0,1,0,1,4,4,0,0,0,1,3,0,0,172.72,170.18,145.0,34.0,29.0,0,0,1,0,0,0,0,0,0,0,0,0,0,0,0,1,0,0,0,0,1,0,0,0
Red,False,0.5,1.0,0.175,0.365,0.0,0.0,0.0,0.0,0.0,0.0,21.5,6.5,16.0,6.0,21.5,6.5,16.0,6.0,0.5,0.0,0.0,0.0,15.5,5.0,10.5,2.5,3.5,1.0,1.0,0.0,2.5,0.5,4.5,3.5,19.0,4.5,13.5,5.0,0.0,0.0,0.0,0.0,2.5,2.0,2.5,1.0,4.0,1.0,128.5,2,0,0,1,1,1,1,0,0,0,0,1,0,0,193.04,193.04,170.0,0.25,0.0,0.51,0.455,0.0,0.375,0.0,0.25,0.0,0.0,62.25,32.0,52.75,23.0,66.75,36.5,57.25,26.5,0.0,0.0,0.75,0.5,47.0,20.75,44.5,17.25,9.5,6.75,6.0,4.5,5.75,4.5,2.25,1.25,50.75,25.25,40.5,15.5,11.0,6.25,7.25,4.0,0.5,0.5,5.0,3.5,13.5,79.25,360.25,5,0,1,0,1,2,1,0,0,0,0,2,0,0,182.88,185.42,170.0,25.0,33.0,0,0,0,0,0,0,0,0,0,1,0,0,0,0,0,1,0,0,0,0,0,0,1,0
Red,False,0.0,0.0,0.44,0.42,0.5,1.0,0.0,0.0,1.0,1.0,34.0,15.0,28.0,12.0,149.0,123.0,86.0,65.0,2.0,1.0,3.0,3.0,29.0,12.0,21.0,5.0,3.0,1.0,5.0,5.0,2.0,2.0,2.0,2.0,21.0,8.0,11.0,5.0,8.0,4.0,0.0,0.0,5.0,3.0,17.0,7.0,154.0,653.0,900.0,3,0,1,0,1,1,0,0,0,0,1,0,0,0,170.18,170.18,135.0,0.5,0.0,0.526875,0.420625,0.39,0.1525,0.5625,0.8125,0.0,0.0,55.6875,29.5,52.625,23.375,70.125,40.5625,63.375,32.1875,1.4375,0.75,1.3125,0.5,48.5,23.25,45.5625,16.9375,6.125,5.1875,3.6875,3.375,1.0625,1.0625,3.375,3.0625,40.875,19.0,38.5625,14.1875,9.25,5.75,7.4375,5.125,5.5625,4.75,6.625,4.0625,151.4375,41.625,327.5625,10,0,0,1,3,3,2,0,0,1,1,0,1,0,154.94,157.48,115.0,27.0,23.0,0,0,0,0,0,0,0,0,0,0,1,0,0,0,0,1,0,0,0,0,1,0,0,0
Red,False,0.5,0.0,0.51,0.48,0.0,0.15,0.5,1.0,0.0,0.0,65.0,33.5,34.5,17.0,133.5,90.5,52.5,31.0,0.0,0.0,9.0,1.5,58.0,28.0,30.0,13.5,6.5,5.0,4.0,3.0,0.5,0.5,0.5,0.5,18.5,8.0,18.0,5.0,12.0,7.0,5.5,4.0,34.5,18.5,11.0,8.0,225.5,266.0,654.5,5,0,0,1,1,1,1,0,0,0,0,0,1,0,177.8,180.34,170.0,0.0,0.125,0.40625,0.3875,0.56625,0.2275,1.75,0.75,0.125,0.0,147.25,60.5,92.25,36.125,191.375,98.625,107.0,48.625,7.25,3.625,4.875,1.625,123.875,42.375,77.25,24.75,22.25,17.0,9.375,6.375,1.125,1.125,5.625,5.0,106.25,31.0,84.875,32.0,17.375,12.625,5.875,3.125,23.625,16.875,1.5,1.0,357.875,117.25,900.0,12,0,0,1,3,3,1,0,0,1,2,0,0,0,175.26,195.58,170.0,27.0,22.0,0,0,0,0,0,0,1,0,0,0,0,0,0,0,0,0,0,0,1,0,1,0,0,0
Blue,False,0.06640625,0.265625,0.31984375,0.1802734374999999,0.791640625,0.13125,1.4765625,0.125,0.125,0.1875,52.4375,17.2890625,49.5703125,10.61328125,67.703125,31.015625,51.07421875,11.8046875,0.91015625,0.828125,2.8671875,0.75,40.51953125,9.84765625,46.10546875,9.23828125,5.6328125,3.40234375,2.375,0.953125,6.28515625,4.0390625,1.08984375,0.421875,46.9296875,14.98046875,44.22265625,9.31640625,1.078125,0.3828125,2.34765625,0.296875,4.4296875,1.92578125,3.0,1.0,57.09375,103.6328125,372.8046875,16,1,3,0,5,8,1,0,0,1,1,2,3,1,180.34,193.04,155.0,0.15625,0.09375,0.4015625,0.4271875,0.308125,0.395625,0.0,0.5,0.0,0.0,87.4375,34.15625,105.25,45.3125,95.625,41.46875,130.34375,68.375,5.6875,1.34375,2.28125,1.1875,62.15625,17.5625,62.0625,16.34375,10.96875,5.78125,26.53125,17.15625,14.3125,10.8125,16.65625,11.8125,72.71875,26.40625,94.5625,38.125,8.15625,4.5,8.96875,5.875,6.5625,3.25,1.71875,1.3125,155.9375,120.21875,940.78125,15,0,2,0,2,3,3,0,1,0,0,2,0,0,177.8,180.34,155.0,31.0,36.0,0,0,0,0,0,0,1,0,0,0,0,0,0,0,0,1,0,0,0,0,1,0,0,0
Blue,False,0.0,0.533203125,0.3229248046875,0.433115234375,0.479228515625,0.439140625,0.755859375,0.00048828125,0.25,0.0,54.044921875,17.97314453125,112.599609375,48.826171875,76.3408203125,37.5615234375,157.7197265625,86.71923828125,5.07470703125,2.177734375,5.36474609375,1.76171875,44.18798828125,11.3037109375,90.36279296875,29.8515625,5.2998046875,2.9052734375,13.83642578125,11.47265625,4.55712890625,3.76416015625,8.400390625,7.501953125,39.27294921875,10.00244140625,80.54052734375,27.09521484375,10.9580078125,6.63330078125,23.451171875,16.044921875,3.81396484375,1.33740234375,8.60791015625,5.68603515625,131.8623046875,271.28271484375,744.80712890625,28,1,0,1,2,5,7,0,0,0,2,0,3,0,165.1,170.18,135.0,0.5,0.2578125,0.34201171875,0.3646484375,0.18640625,0.3315625,0.078125,0.798828125,0.125,0.078125,49.529296875,18.927734375,69.40234375,24.982421875,65.380859375,31.462890625,72.220703125,27.32421875,4.3359375,2.60546875,3.263671875,1.1328125,40.3515625,12.123046875,60.322265625,19.046875,5.46484375,3.734375,6.625,4.07421875,3.712890625,3.0703125,2.455078125,1.861328125,37.26171875,10.6171875,54.259765625,15.990234375,7.890625,5.490234375,7.13671875,4.2109375,4.376953125,2.8203125,8.005859375,4.78125,143.74609375,61.048828125,457.587890625,22,0,2,0,2,4,6,0,0,0,2,1,1,0,165.1,167.64,135.0,34.0,32.0,1,0,0,0,0,0,0,0,0,0,0,0,0,0,0,1,0,0,0,0,1,0,0,0
Red,False,0.0,0.5,0.375,0.32,0.0,0.0,0.5,0.0,0.0,0.0,118.5,45.5,65.5,17.0,121.0,47.5,71.5,20.5,0.0,0.0,1.5,0.0,101.0,34.5,46.5,6.0,11.5,5.5,4.5,2.0,6.0,5.5,14.5,9.0,110.0,40.5,61.5,14.5,8.0,5.0,4.0,2.5,0.5,0.0,0.0,0.0,8.0,38.0,507.0,4,0,2,0,2,2,0,0,0,0,1,0,1,0,167.64,172.72,135.0,0.0,0.0,0.2,0.28,0.0,0.0,0.0,0.0,0.0,0.0,210.0,44.0,139.0,40.0,214.0,48.0,150.0,51.0,0.0,0.0,5.0,0.0,164.0,17.0,107.0,24.0,36.0,23.0,14.0,4.0,10.0,4.0,18.0,12.0,187.0,29.0,128.0,32.0,23.0,15.0,10.0,7.0,0.0,0.0,1.0,1.0,3.0,15.0,900.0,3,0,1,0,1,1,0,0,0,1,0,0,0,0,172.72,175.26,135.0,38.0,33.0,0,0,0,0,0,0,0,0,0,0,1,0,0,0,0,1,0,0,0,0,0,0,1,0
Red,False,0.875,0.125,0.545,0.33625,0.0,0.25,0.0,0.0,0.0,0.0,39.125,15.875,11.875,4.5,39.75,16.5,13.25,5.875,0.0,0.0,1.375,0.25,36.0,13.375,11.625,4.5,2.75,2.125,0.25,0.0,0.375,0.375,0.0,0.0,34.0,12.375,9.875,2.75,3.625,2.125,2.0,1.75,1.5,1.375,0.0,0.0,9.875,13.875,142.75,6,0,1,0,2,3,1,0,0,0,0,3,0,0,190.5,198.12,260.0,0.5056171417236328,0.408203125,0.4363431119918823,0.5346961164474487,0.0964943981170654,0.0006181001663208,0.2670421600341797,0.0156402587890625,0.015625,0.0156252384185791,22.654983162879944,9.47728192806244,34.78769385814667,25.47224247455597,27.23950397968292,13.54169535636902,60.15384089946747,49.05411350727081,0.9770138263702391,0.3128674030303955,0.0904732942581176,0.0006219148635864,18.664262294769287,6.510765552520752,22.785359740257263,15.171385407447817,2.531045079231262,1.7651432752609253,10.098220109939575,8.402602434158325,1.4596757888793943,1.2013731002807615,1.904114007949829,1.898254632949829,15.293754696846008,4.265935778617859,12.262380480766296,6.721146464347839,3.212090015411377,2.0668110847473145,10.131684064865112,8.0570228099823,4.149138450622559,3.1445350646972656,12.39362931251526,10.69407320022583,17.350325226783752,171.4107881784439,375.45244085788727,38,5,2,0,4,15,9,0,0,0,2,4,8,0,190.5,200.66,264.0,29.0,36.0,0,0,0,0,1,0,0,0,0,0,0,0,0,0,0,1,0,0,0,0,0,0,1,0
Red,False,0.0,0.0,0.46,0.3,0.5,0.0,2.0,0.0,0.0,1.0,69.0,32.0,78.0,24.0,145.0,102.0,87.0,33.0,4.0,2.0,0.0,0.0,62.0,29.0,60.0,14.0,3.0,0.0,11.0,5.0,4.0,3.0,7.0,5.0,54.0,20.0,72.0,20.0,14.0,11.0,6.0,4.0,1.0,1.0,0.0,0.0,452.0,36.0,900.0,3,0,1,0,1,1,0,0,0,0,1,0,0,0,170.18,170.18,135.0,0.0,0.0,0.426171875,0.516875,0.372734375,0.129375,1.625,0.0,0.1953125,0.125,24.8046875,10.8828125,17.0859375,8.546875,39.203125,24.734375,33.9765625,22.90625,4.59375,2.0703125,0.828125,0.578125,20.0,6.890625,12.765625,4.4765625,2.1484375,1.9765625,3.8125,3.6640625,2.65625,2.015625,0.5078125,0.40625,20.7578125,8.1015625,10.6640625,2.9609375,1.71875,0.9453125,0.3515625,0.3125,2.328125,1.8359375,6.0703125,5.2734375,119.96875,228.3515625,435.734375,19,0,1,0,3,5,3,0,0,0,3,0,2,0,167.64,170.18,135.0,32.0,30.0,1,0,0,0,0,0,0,0,0,0,0,0,0,0,0,1,0,0,0,0,1,0,0,0
Blue,False,0.015625,0.0,0.45,0.4275,0.25,0.2,0.148468017578125,0.098388671875,0.0,0.0,66.5,29.6875,64.31230545043945,27.34375,89.75,48.0,85.53125,44.41152191162109,2.0,0.75,2.0546875,0.75,51.1875,18.3359375,49.6123046875,16.280410766601562,7.5,5.07647705078125,7.5,5.0,4.5,3.625,4.984375,3.9375,48.6875,17.0,47.11572265625,16.5,5.75,3.75,5.3125,3.4375,5.0625,3.5,3.875,2.5,99.2119140625,94.125,638.5,0,0,0,0,0,0,0,0,0,0,0,0,0,0,182.88,187.96,170.0,0.53125,0.5625,0.355,0.3790624999999999,0.098125,0.535625,0.0,0.40625,0.09375,0.0,69.40625,25.59375,71.6875,27.21875,107.8125,59.3125,92.9375,47.34375,1.03125,0.28125,4.25,1.53125,59.125,18.25,52.5,14.90625,4.125,3.25,13.71875,8.53125,6.15625,4.09375,5.46875,3.78125,62.03125,20.46875,63.96875,20.375,3.75,1.96875,2.96875,2.6875,3.625,3.15625,4.75,4.15625,62.25,254.53125,773.375,16,0,2,0,2,3,3,0,0,1,1,1,0,0,185.42,193.04,170.0,30.0,29.0,0,0,0,0,0,0,0,0,0,1,0,0,0,0,0,1,0,0,0,0,1,0,0,0
Blue,False,0.0,0.0,0.345,0.3075,0.4575,0.415,0.25,0.0,0.0,0.0,132.5,39.0,130.25,37.0,135.75,41.25,132.25,39.0,3.25,1.5,2.0,0.75,118.0,32.5,100.0,25.5,6.0,1.75,19.75,7.0,8.5,4.75,10.5,4.5,123.0,34.0,125.0,34.75,3.75,1.5,4.25,1.75,5.75,3.5,1.0,0.5,90.0,28.0,743.25,7,0,2,0,2,2,1,0,0,1,0,0,1,0,185.42,193.04,185.0,0.0,0.0,0.3825,0.605,0.18,0.5,0.5,2.0,0.5,0.0,32.0,12.25,48.25,30.5,102.5,70.5,107.25,81.25,5.75,1.25,2.0,1.25,22.25,7.0,37.5,21.0,5.5,2.75,6.75,6.25,4.25,2.5,4.0,3.25,17.0,5.5,19.25,4.75,2.25,1.5,4.5,4.0,12.75,5.25,24.5,21.75,242.75,282.0,675.5,8,0,2,0,2,2,1,0,0,0,2,0,0,0,185.42,195.58,170.0,24.0,34.0,0,0,0,0,0,0,0,0,0,1,0,0,0,0,0,1,0,0,0,0,1,0,0,0
Red,False,0.0,0.0,0.350625,0.3984375,0.310625,0.21,0.28125,0.5625,0.0,0.96875,71.6875,25.15625,73.4375,32.75,84.8125,36.15625,114.8125,66.75,2.25,1.09375,6.21875,0.9375,57.46875,14.90625,60.125,22.96875,10.46875,6.625,6.03125,2.875,3.75,3.625,7.28125,6.90625,61.09375,17.9375,46.4375,16.4375,5.875,4.5625,6.125,4.8125,4.71875,2.65625,20.875,11.5,106.71875,258.28125,886.21875,17,0,2,0,2,4,2,0,0,2,1,0,1,0,187.96,198.12,185.0,0.5,0.5,0.73,0.54,0.0,0.0,1.0,0.0,0.0,0.0,20.0,14.5,33.0,19.0,51.5,44.0,43.5,28.5,0.5,0.0,0.0,0.0,16.0,11.5,17.5,7.0,4.0,3.0,14.0,10.5,0.0,0.0,1.5,1.5,3.0,1.0,3.5,1.5,1.5,1.5,23.5,15.0,15.5,12.0,6.0,2.5,121.5,68.5,249.0,3,0,0,2,0,0,2,0,0,0,0,0,0,0,180.34,195.58,185.0,32.0,34.0,0,0,0,0,0,0,0,1,0,0,0,0,0,0,0,1,0,0,0,0,0,0,1,0
Red,False,0.5,0.0,0.48,0.515,0.125,0.14,0.0,0.5,0.0,0.0,62.0,23.75,50.25,21.75,93.0,53.0,62.75,34.25,1.25,0.25,5.0,1.0,56.5,19.25,37.0,12.0,5.25,4.25,8.75,5.75,0.25,0.25,4.5,4.0,48.0,12.75,36.0,10.75,8.75,6.75,14.25,11.0,5.25,4.25,0.0,0.0,33.0,153.5,339.25,5,0,0,2,1,1,2,0,0,0,0,1,0,0,180.34,180.34,145.0,0.25,0.125,0.515,0.3921875,0.380625,0.095625,0.03125,0.15625,0.5,0.0,170.15625,89.0,166.59375,67.0,195.125,110.5625,184.84375,85.1875,8.03125,2.25,1.84375,0.40625,155.6875,79.4375,137.0625,47.375,10.5625,6.21875,21.9375,14.625,3.90625,3.34375,7.59375,5.0,143.0,73.875,129.65625,46.8125,25.65625,14.1875,34.9375,18.90625,1.5,0.9375,2.0,1.28125,148.5625,165.0,845.3125,16,0,0,1,2,3,3,0,0,0,3,0,0,0,172.72,180.34,145.0,28.0,31.0,0,0,1,0,0,0,0,0,0,0,0,0,0,0,0,1,0,0,0,0,1,0,0,0
Red,False,0.0625,0.875,0.3559375,0.446875,0.171875,0.0,0.03125,0.0,0.0,0.0,40.8125,14.21875,27.8125,10.0,47.21875,19.65625,40.34375,20.78125,1.25,0.6875,0.65625,0.0,27.25,6.4375,24.65625,7.96875,10.625,5.375,1.125,0.8125,2.9375,2.40625,2.03125,1.21875,39.25,12.9375,23.0,7.0625,0.53125,0.40625,1.9375,0.3125,1.03125,0.875,2.875,2.625,115.0625,18.3125,422.71875,12,1,3,0,3,4,2,0,0,1,2,0,1,0,185.42,198.12,185.0,0.25,0.171875,0.489375,0.34453125,0.27734375,0.10375,0.28125,0.15625,0.25,0.015625,147.25,71.78125,135.40625,48.421875,164.515625,86.796875,141.296875,54.046875,1.75,0.9375,7.40625,0.46875,119.734375,49.890625,99.625,22.828125,16.328125,13.734375,17.796875,9.65625,11.1875,8.15625,17.984375,15.9375,126.625,59.28125,130.125,46.203125,10.140625,6.375,3.78125,1.671875,10.484375,6.125,1.5,0.546875,138.65625,61.0,895.296875,20,0,2,0,3,5,2,0,0,0,4,0,1,0,180.34,187.96,170.0,30.0,30.0,0,0,0,0,0,0,0,0,0,1,0,0,0,0,0,0,0,1,0,0,1,0,0,0
Red,False,0.75,0.0,0.5843750000000001,0.38,0.039375,0.083125,0.3125,0.125,0.125,0.0,29.4375,15.1875,23.4375,9.5625,43.75,27.6875,34.3125,18.8125,1.3125,0.1875,1.125,0.5,22.4375,10.75,18.625,5.875,3.5,2.4375,2.375,1.9375,3.5,2.0,2.4375,1.75,19.625,7.4375,17.125,5.375,5.375,3.9375,3.25,2.3125,4.4375,3.8125,3.0625,1.875,68.75,40.125,224.5625,10,0,0,1,4,4,1,0,0,0,1,2,1,0,185.42,185.42,185.0,1.0,0.0,0.515,0.5800000000000001,0.25,0.5,0.0,1.0,0.0,0.5,43.0,23.5,18.5,11.0,65.5,45.0,79.5,68.0,1.0,0.5,1.5,1.0,24.0,9.0,15.0,8.5,16.5,12.0,3.5,2.5,2.5,2.5,0.0,0.0,12.5,5.0,5.5,1.0,24.5,16.0,1.5,1.5,6.0,2.5,11.5,8.5,76.5,293.0,462.5,4,0,2,0,2,2,0,0,0,0,0,2,0,0,190.5,200.66,185.0,27.0,27.0,0,0,0,0,0,0,0,1,0,0,0,0,0,0,0,1,0,0,0,0,1,0,0,0
Blue,False,0.015625,0.0,0.45,0.4275,0.25,0.2,0.148468017578125,0.098388671875,0.0,0.0,66.5,29.6875,64.31230545043945,27.34375,89.75,48.0,85.53125,44.41152191162109,2.0,0.75,2.0546875,0.75,51.1875,18.3359375,49.6123046875,16.280410766601562,7.5,5.07647705078125,7.5,5.0,4.5,3.625,4.984375,3.9375,48.6875,17.0,47.11572265625,16.5,5.75,3.75,5.3125,3.4375,5.0625,3.5,3.875,2.5,99.2119140625,94.125,638.5,0,0,0,0,0,0,0,0,0,0,0,0,0,0,160.02,157.48,115.0,0.0,1.0,0.25,0.48,0.0,1.0,0.0,0.0,0.0,0.0,145.0,37.0,196.0,96.0,146.0,38.0,200.0,98.0,2.0,0.0,1.0,1.0,97.0,7.0,137.0,57.0,24.0,11.0,46.0,29.0,24.0,19.0,13.0,10.0,139.0,32.0,186.0,89.0,6.0,5.0,10.0,7.0,0.0,0.0,0.0,0.0,4.0,38.0,900.0,3,0,0,1,0,0,1,0,0,0,0,0,0,0,154.94,165.1,115.0,29.0,31.0,0,0,0,0,0,0,0,0,0,0,0,0,0,1,0,1,0,0,0,0,1,0,0,0
Blue,False,1.03125,0.0,0.4884374999999999,0.388125,0.15625,0.011875,0.0,0.03125,0.03125,0.03125,105.59375,51.21875,94.03125,38.25,111.5,56.3125,99.6875,43.34375,0.5,0.375,4.46875,0.15625,83.6875,35.5625,51.75,11.0,15.09375,9.21875,17.0,6.78125,6.8125,6.4375,25.28125,20.46875,90.4375,40.34375,81.84375,28.90625,7.875,6.71875,11.40625,8.84375,7.28125,4.15625,0.78125,0.5,65.65625,72.65625,646.40625,13,0,1,0,4,5,1,0,0,0,2,3,0,0,182.88,190.5,170.0,0.0462646484375,0.1328125,0.322183837890625,0.2988037109375,0.363570556640625,0.20506103515625,0.5003662109375,0.25146484375,0.0003662109375,0.375732421875,52.224609375,16.0531005859375,59.234619140625,20.019287109375,59.9053955078125,22.8624267578125,71.0263671875,31.2540283203125,0.912109375,0.6058349609375,3.7354736328125,0.7501220703125,48.78564453125,13.357421875,52.1473388671875,15.672119140625,2.755615234375,2.1431884765625,5.983154296875,3.5791015625,0.683349609375,0.552490234375,1.1041259765625,0.76806640625,48.2205810546875,12.9014892578125,51.2734375,14.6845703125,3.206298828125,2.649169921875,3.5570068359375,2.56591796875,0.7977294921875,0.50244140625,4.4041748046875,2.768798828125,25.166015625,144.391845703125,533.359375,31,0,0,1,6,9,5,0,0,1,2,4,1,1,175.26,180.34,170.0,32.0,30.0,0,0,0,0,0,0,0,0,0,1,0,0,0,0,0,1,0,0,0,0,1,0,0,0
Red,True,0.015625,0.0,0.45,0.4275,0.25,0.2,0.148468017578125,0.098388671875,0.0,0.0,66.5,29.6875,64.31230545043945,27.34375,89.75,48.0,85.53125,44.41152191162109,2.0,0.75,2.0546875,0.75,51.1875,18.3359375,49.6123046875,16.280410766601562,7.5,5.07647705078125,7.5,5.0,4.5,3.625,4.984375,3.9375,48.6875,17.0,47.11572265625,16.5,5.75,3.75,5.3125,3.4375,5.0625,3.5,3.875,2.5,99.2119140625,94.125,638.5,0,0,0,0,0,0,0,0,0,0,0,0,0,0,177.8,177.8,170.0,0.0471682548522949,0.0,0.45,0.4217682266235352,0.25,0.19173828125,0.1875,0.125,0.0,0.0,69.5,30.5,66.984375,27.8466796875,94.0,48.544921875,88.50390625,44.75,2.0,0.8125,2.015625,0.6640625,54.0,19.01513671875,51.483436584472656,16.9437255859375,7.91796875,5.430633544921875,7.75,5.0625,4.780975341796875,3.9373779296875,4.8994140625,3.84375,51.025390625,18.400863647460938,50.515625,17.5,5.75,3.75,5.5,3.5,5.375,3.6875,4.0,2.65625,104.865234375,89.5,655.8441009521484,0,0,0,0,0,0,0,0,0,0,0,0,0,0,182.88,193.04,170.0,32.0,28.0,0,0,0,0,0,0,0,0,0,1,0,0,0,0,0,1,0,0,0,0,0,0,0,1
Blue,False,0.0,0.5,0.5800000000000001,0.8049999999999999,0.0,0.0,0.0,0.5,0.5,0.5,2.5,1.5,11.5,7.5,3.5,2.0,20.0,14.5,0.5,0.0,0.0,0.0,1.5,0.5,8.0,4.0,0.5,0.5,2.0,2.0,0.5,0.5,1.5,1.5,1.5,1.0,1.5,1.5,0.0,0.0,0.5,0.5,1.0,0.5,9.5,5.5,32.5,91.0,169.5,2,0,0,2,0,0,2,0,0,0,0,0,0,0,172.72,182.88,135.0,0.0,0.0,0.3775,0.4225,0.3325,0.55,0.25,0.25,0.75,0.0,60.0,23.75,58.25,24.5,123.5,79.0,78.0,42.25,8.25,3.75,5.0,2.0,55.75,19.75,38.75,10.75,3.5,3.25,13.25,8.75,0.75,0.75,6.25,5.0,36.0,7.75,50.5,18.5,5.75,4.25,3.5,2.75,18.25,11.75,4.25,3.25,392.0,95.25,824.75,8,0,2,0,2,2,1,0,0,1,0,0,1,0,170.18,177.8,135.0,35.0,28.0,1,0,0,0,0,0,0,0,0,0,0,0,0,0,0,1,0,0,0,0,1,0,0,0
Red,False,0.015625,0.0,0.45,0.4275,0.25,0.2,0.148468017578125,0.098388671875,0.0,0.0,66.5,29.6875,64.31230545043945,27.34375,89.75,48.0,85.53125,44.41152191162109,2.0,0.75,2.0546875,0.75,51.1875,18.3359375,49.6123046875,16.280410766601562,7.5,5.07647705078125,7.5,5.0,4.5,3.625,4.984375,3.9375,48.6875,17.0,47.11572265625,16.5,5.75,3.75,5.3125,3.4375,5.0625,3.5,3.875,2.5,99.2119140625,94.125,638.5,0,0,0,0,0,0,0,0,0,0,0,0,0,0,180.34,190.5,170.0,0.0471682548522949,0.0,0.45,0.4217682266235352,0.25,0.19173828125,0.1875,0.125,0.0,0.0,69.5,30.5,66.984375,27.8466796875,94.0,48.544921875,88.50390625,44.75,2.0,0.8125,2.015625,0.6640625,54.0,19.01513671875,51.483436584472656,16.9437255859375,7.91796875,5.430633544921875,7.75,5.0625,4.780975341796875,3.9373779296875,4.8994140625,3.84375,51.025390625,18.400863647460938,50.515625,17.5,5.75,3.75,5.5,3.5,5.375,3.6875,4.0,2.65625,104.865234375,89.5,655.8441009521484,0,0,0,0,0,0,0,0,0,0,0,0,0,0,177.8,180.34,170.0,23.0,24.0,0,0,0,0,0,0,0,0,0,1,0,0,0,0,0,1,0,0,0,0,1,0,0,0
Blue,False,1.0,0.0,0.29,0.58,0.0,0.25,1.0,1.0,0.0,1.0,75.0,22.0,95.0,56.0,82.0,29.0,137.0,95.0,0.0,0.0,4.0,1.0,54.0,9.0,55.0,28.0,8.0,8.0,18.0,14.0,13.0,5.0,22.0,14.0,65.0,14.0,51.0,18.0,7.0,5.0,18.0,13.0,3.0,3.0,26.0,25.0,25.0,419.0,846.0,3,0,0,1,0,0,1,0,0,0,0,0,0,0,172.72,182.88,125.0,0.0,1.5,0.255,0.4649999999999999,0.25,0.5,1.0,0.0,0.0,0.0,71.0,18.0,102.0,46.5,75.5,22.5,113.5,55.5,1.5,0.5,1.5,1.0,55.5,11.5,84.0,35.5,9.5,2.5,14.5,9.0,6.0,4.0,3.5,2.0,68.5,17.5,74.0,27.0,2.0,0.5,8.0,6.5,0.5,0.0,20.0,13.0,28.0,93.5,576.5,4,0,0,2,0,0,2,0,0,0,0,0,0,0,167.64,170.18,125.0,28.0,27.0,0,0,0,1,0,0,0,0,0,0,0,0,0,0,0,1,0,0,0,0,0,0,1,0
Red,False,0.015625,0.0,0.45,0.4275,0.25,0.2,0.148468017578125,0.098388671875,0.0,0.0,66.5,29.6875,64.31230545043945,27.34375,89.75,48.0,85.53125,44.41152191162109,2.0,0.75,2.0546875,0.75,51.1875,18.3359375,49.6123046875,16.280410766601562,7.5,5.07647705078125,7.5,5.0,4.5,3.625,4.984375,3.9375,48.6875,17.0,47.11572265625,16.5,5.75,3.75,5.3125,3.4375,5.0625,3.5,3.875,2.5,99.2119140625,94.125,638.5,0,0,0,0,0,0,0,0,0,0,0,0,0,0,185.42,200.66,170.0,0.0,0.5,0.37,0.4,0.16,0.6950000000000001,0.0,0.75,0.0,0.0,142.0,45.5,96.25,38.75,168.75,69.5,108.5,50.75,6.5,0.75,3.75,2.0,112.0,28.75,64.75,21.0,19.5,9.0,21.75,8.75,10.5,7.75,9.75,9.0,123.75,31.5,78.5,28.25,8.75,5.0,9.75,6.0,9.5,9.0,8.0,4.5,119.75,151.0,748.25,8,0,2,0,2,2,1,0,0,0,1,1,0,0,182.88,185.42,170.0,26.0,34.0,0,0,0,0,0,0,0,0,0,1,0,0,0,0,0,1,0,0,0,0,1,0,0,0
Blue,False,0.0,0.625,0.4937499999999999,0.5974999999999999,0.12,0.1375,0.625,0.0625,0.5,0.0,32.875,20.875,32.5,18.0625,47.625,34.4375,41.875,26.6875,2.0625,0.625,1.625,0.4375,19.6875,9.375,26.375,12.5,7.125,5.6875,5.1875,4.625,6.0625,5.8125,0.9375,0.9375,21.1875,11.25,22.9375,9.4375,6.8125,5.25,7.8125,6.875,4.875,4.375,1.75,1.75,126.0,86.1875,358.625,11,0,0,1,1,2,3,0,0,1,1,0,0,0,190.5,190.5,185.0,0.375,0.625,0.3882861328125,0.575068359375,0.5542431640625,0.2641992187499999,1.4443359375,0.06494140625,0.1259765625,0.1572265625,60.7158203125,27.05029296875,75.91259765625,45.30615234375,74.30078125,38.8154296875,99.51513671875,65.89306640625,2.08154296875,0.7919921875,2.52392578125,0.9912109375,48.76220703125,18.0732421875,57.13671875,28.4794921875,9.3046875,6.439453125,6.32275390625,4.87353515625,2.64892578125,2.53759765625,12.453125,11.953125,51.9130859375,19.87841796875,48.33056640625,22.6669921875,5.07177734375,4.39990234375,17.63720703125,14.775390625,3.73095703125,2.77197265625,9.94482421875,7.86376953125,71.41064453125,186.4501953125,555.17626953125,29,0,3,0,3,6,6,0,0,1,1,0,4,0,185.42,187.96,185.0,34.0,34.0,0,0,0,0,0,0,0,1,0,0,0,0,0,0,0,1,0,0,0,0,1,0,0,0
Blue,True,0.9375,0.0,0.44625,0.363125,0.175,0.0,0.0,0.125,0.0,0.0,84.625,41.125,67.875,21.8125,88.8125,45.1875,69.1875,23.0,0.4375,0.375,1.75,0.0,70.4375,31.75,45.3125,8.9375,10.75,6.9375,7.5,2.6875,3.4375,2.4375,15.0625,10.1875,68.25,29.625,64.0625,20.25,7.125,5.125,3.6875,1.5625,9.25,6.375,0.125,0.0,56.0625,4.25,324.5625,8,0,5,0,5,5,0,0,0,0,1,4,0,0,175.26,187.96,155.0,1.1171875,0.25390625,0.64931640625,0.3320703124999999,0.1577343749999999,0.0,0.1875,0.00390625,0.0,0.0,78.548828125,39.791015625,100.939453125,35.771484375,84.51953125,45.501953125,114.98046875,49.796875,3.619140625,1.330078125,0.63671875,0.0,62.63671875,29.376953125,86.68359375,25.162109375,4.88671875,2.689453125,8.146484375,5.373046875,11.025390625,7.724609375,6.109375,5.236328125,61.986328125,26.65625,96.345703125,32.4375,5.76953125,3.51953125,1.58203125,0.572265625,10.79296875,9.615234375,3.01171875,2.76171875,105.462890625,17.8828125,618.22265625,22,2,2,0,5,8,2,0,0,0,3,5,0,0,167.64,167.64,145.0,26.0,30.0,0,0,1,0,0,0,0,0,0,0,0,0,0,0,0,0,0,1,0,0,1,0,0,0
Red,False,1.0078125,0.0,0.4458203125,0.2870703125,0.6015625,0.062578125,0.53125,0.0,0.0234375,0.00390625,102.5078125,42.73046875,114.78125,31.37890625,118.1328125,57.34375,122.671875,37.92578125,1.6328125,1.28125,3.96484375,0.390625,70.59765625,25.15625,92.51171875,21.1328125,24.2109375,10.5078125,17.13671875,6.6484375,7.69921875,7.06640625,5.1328125,3.59765625,80.44140625,28.37109375,104.609375,25.94140625,11.625,8.12890625,8.328125,4.1796875,10.44140625,6.23046875,1.84375,1.2578125,140.6484375,46.08203125,666.4921875,23,0,2,0,4,6,3,0,0,1,2,2,1,0,187.96,190.5,170.0,0.08026123046875,0.15625,0.4690809249877929,0.4459241485595703,0.206911392211914,0.7022589874267577,0.5683631896972656,0.1271095275878906,0.005126953125,0.00469970703125,111.32440948486328,49.702110290527344,93.94483947753906,42.50920104980469,128.42766189575195,65.47491455078125,126.7218246459961,70.81114196777344,2.7554168701171875,1.1649284362792969,5.957550048828125,5.012355804443359,87.80745697021484,33.802120208740234,82.18325805664062,32.62709426879883,17.648094177246094,12.83686065673828,8.100898742675781,6.735435485839844,5.868858337402344,3.063129425048828,3.660682678222656,3.146671295166016,87.75368881225586,30.021827697753903,72.18396759033203,29.681182861328125,15.663734436035156,13.294212341308594,5.224132537841797,2.73196792602539,7.906986236572266,6.386070251464844,16.536739349365234,10.096050262451172,61.16596221923828,428.8334503173828,946.1088790893556,45,0,1,0,7,12,7,0,0,0,2,9,1,0,182.88,190.5,170.0,31.0,34.0,0,0,0,0,0,0,0,0,0,1,0,0,0,0,0,1,0,0,0,0,1,0,0,0
Red,False,0.75,0.0,0.4175,0.33,0.5800000000000001,0.425,0.0,0.5,0.0,0.0,85.0,29.25,82.75,30.25,91.25,34.75,100.0,44.5,1.75,1.25,3.5,1.75,66.0,16.5,59.75,14.25,14.0,9.25,13.5,9.5,5.0,3.5,9.5,6.5,72.5,21.25,76.75,26.0,10.0,6.5,3.5,1.75,2.5,1.5,2.5,2.5,20.0,143.75,622.25,6,0,2,0,2,2,1,0,0,0,0,2,0,0,187.96,187.96,170.0,0.0,0.5,0.56875,0.408125,0.59375,0.5,0.5,0.0,0.0,0.0,67.625,34.9375,186.1875,92.0,72.9375,39.8125,210.625,115.0625,2.6875,1.0625,0.75,0.5,55.5625,26.0625,126.625,43.8125,9.4375,7.25,41.1875,31.9375,2.625,1.625,18.375,16.25,59.75,28.5,157.9375,72.5,3.3125,2.875,22.1875,15.9375,4.5625,3.5625,6.0625,3.5625,76.125,32.5,1001.125,12,0,4,0,4,4,1,0,0,0,1,0,3,0,180.34,182.88,170.0,29.0,26.0,0,0,0,0,0,0,0,0,0,1,0,0,0,0,0,0,0,0,1,0,0,0,0,1
Red,True,0.5,0.0625,0.385224609375,0.323681640625,0.3465917968749999,0.023515625,0.072265625,0.0009765625,0.0009765625,0.0634765625,134.1357421875,51.2666015625,114.58984375,37.779296875,149.154296875,64.7607421875,124.5029296875,46.9208984375,2.4990234375,1.0498046875,3.4091796875,0.2890625,111.478515625,36.6923828125,89.2646484375,18.5830078125,17.697265625,10.4541015625,7.751953125,4.5869140625,4.9599609375,4.1201171875,17.5732421875,14.609375,124.6455078125,45.6220703125,106.537109375,32.1943359375,2.087890625,0.5546875,3.720703125,2.3349609375,7.40234375,5.08984375,4.33203125,3.25,75.46875,71.4345703125,787.1796875,28,0,1,0,5,9,2,0,0,0,5,3,1,0,182.88,193.04,170.0,0.17333984375,0.001953125,0.496602783203125,0.407855224609375,0.270965576171875,0.327208251953125,0.0,0.5362548828125,0.1572265625,0.0,194.875732421875,97.849853515625,214.8133544921875,90.94970703125,224.79541015625,127.16015625,236.9833984375,111.7884521484375,0.6505126953125,0.5242919921875,11.738525390625,3.5172119140625,160.439697265625,68.683837890625,168.2657470703125,54.75341796875,32.2923583984375,27.7100830078125,16.8291015625,11.02685546875,2.1436767578125,1.4559326171875,29.718505859375,25.16943359375,148.041259765625,60.3780517578125,196.2606201171875,77.8634033203125,27.7568359375,21.351318359375,16.41162109375,11.9456787109375,19.07763671875,16.1204833984375,2.14111328125,1.140625,105.1844482421875,356.22802734375,1354.6265869140625,38,2,3,0,3,10,4,0,0,2,3,5,0,0,180.34,187.96,170.0,25.0,33.0,0,0,0,0,0,0,0,0,0,1,0,0,0,0,0,1,0,0,0,0,0,0,1,0
Blue,False,0.1259765625,0.5078125,0.6350781249999999,0.5581396484375001,0.2207763671875,0.1853808593749999,0.03662109375,0.05224609375,0.0166015625,0.38037109375,39.8173828125,24.556640625,73.185546875,40.142578125,67.1259765625,49.439453125,98.3662109375,62.47705078125,2.578125,0.962890625,2.6171875,0.962890625,22.33154296875,9.16015625,51.00439453125,23.2705078125,5.3564453125,4.16845703125,11.60302734375,8.28955078125,12.12939453125,11.22802734375,10.578125,8.58251953125,25.83349609375,15.359375,52.4521484375,23.0009765625,13.0185546875,8.4189453125,12.02685546875,8.76708984375,0.96533203125,0.7783203125,8.70654296875,8.37451171875,126.337890625,142.33447265625,516.3525390625,32,0,4,0,4,6,6,0,0,3,1,2,0,0,170.18,182.88,170.0,0.0,0.375,0.4125,0.39375,0.28125,0.03125,0.125,0.25,0.0,0.0,66.375,29.0,86.5,33.0,87.0,46.5,97.125,41.25,13.875,3.5,0.625,0.125,38.875,8.125,67.0,21.875,5.875,2.125,13.875,6.625,21.625,18.75,5.625,4.5,59.625,25.125,73.625,25.75,6.125,3.75,8.625,4.75,0.625,0.125,4.25,2.5,292.0,20.125,851.625,11,0,4,0,4,4,0,0,0,1,2,0,1,0,185.42,190.5,170.0,32.0,27.0,0,0,0,0,0,0,0,0,0,1,0,0,0,0,0,1,0,0,0,0,1,0,0,0
Blue,False,0.5,0.0,0.3225,0.4175,0.39,0.25,0.0,0.0,0.5,0.25,57.0,20.0,80.25,34.25,73.25,32.25,129.25,80.75,6.25,3.5,3.25,1.5,52.75,17.5,61.5,19.75,3.5,1.75,8.25,4.75,0.75,0.75,10.5,9.75,48.75,16.5,61.0,20.5,5.5,2.75,14.25,10.75,2.75,0.75,5.0,3.0,254.25,125.75,685.75,7,0,2,0,2,2,1,0,0,1,0,1,0,0,175.26,182.88,170.0,0.047119140625,0.625,0.336177978515625,0.50561767578125,0.41447265625,0.7725390624999999,0.102294921875,1.14453125,0.001953125,0.0,41.0833740234375,13.47607421875,44.8243408203125,22.345947265625,57.1971435546875,26.9755859375,59.4483642578125,35.614501953125,1.6162109375,0.4248046875,1.394775390625,1.0986328125,36.5987548828125,10.9912109375,32.694091796875,11.993408203125,2.416015625,1.4375,9.8560791015625,8.636962890625,2.068603515625,1.04736328125,2.274169921875,1.715576171875,33.9334716796875,8.5198974609375,27.0548095703125,8.42236328125,5.15234375,3.428466796875,13.44140625,10.364013671875,1.99755859375,1.5277099609375,4.328125,3.5595703125,122.5240478515625,110.162841796875,458.7724609375,28,0,5,0,5,10,4,0,1,0,2,5,2,0,185.42,195.58,170.0,27.0,36.0,0,0,0,0,0,0,0,0,0,1,0,0,0,0,0,1,0,0,0,0,1,0,0,0
Blue,False,0.0,0.0,0.48,0.35,0.0,0.59,0.0,0.0,0.0,0.0,146.0,75.5,122.5,43.5,147.5,77.0,125.5,45.5,0.0,0.0,6.0,1.5,114.0,48.5,111.5,37.5,19.0,16.0,8.5,4.5,13.0,11.0,2.5,1.5,124.5,63.0,119.5,41.0,21.5,12.5,3.0,2.5,0.0,0.0,0.0,0.0,1.5,78.0,579.0,4,0,2,0,2,2,0,0,0,0,1,1,0,0,170.18,177.8,145.0,0.01171875,0.14453125,0.29578125,0.4652734374999999,0.2559375,0.3675390625,0.12890625,0.1328125,0.03125,0.00390625,136.32421875,42.6484375,134.42578125,62.625,158.36328125,62.44921875,162.26171875,89.859375,8.30859375,1.703125,3.23828125,1.34765625,112.6875,26.43359375,117.8046875,51.59765625,11.7109375,5.15625,13.93359375,8.62890625,11.92578125,11.05859375,2.6875,2.3984375,114.734375,31.25390625,118.69140625,50.23828125,12.48046875,7.03515625,11.7578125,8.890625,9.109375,4.359375,3.9765625,3.49609375,187.23828125,49.67578125,867.1953125,21,0,0,1,2,4,5,0,0,1,1,1,1,0,167.64,172.72,135.0,23.0,36.0,1,0,0,0,0,0,0,0,0,0,0,0,0,0,0,0,0,1,0,0,1,0,0,0
Blue,False,0.0644721984863281,0.015869140625,0.5023118019104004,0.4693439865112305,0.209346694946289,0.1457107925415039,0.0390853881835937,2.033802032470703,0.0039749145507812,4.38690185546875e-05,115.82691383361816,47.65420722961426,111.01805877685548,47.73978996276856,124.5053482055664,55.262245178222656,133.58315658569336,68.92638397216797,2.529609680175781,0.8367233276367188,4.704849243164063,1.033639907836914,91.3861141204834,31.7991943359375,85.1589241027832,29.44883155822754,10.82870101928711,7.253574371337891,14.1495361328125,9.37899398803711,13.612098693847656,8.601438522338867,11.709598541259766,8.911964416503906,96.2937717437744,34.45320129394531,95.38593673706056,34.73384475708008,4.931846618652344,3.6126861572265625,10.063003540039062,8.972450256347656,14.601295471191406,9.588319778442385,5.569118499755859,4.03349494934082,265.3591594696045,176.6025104522705,983.7400436401368,53,0,0,1,3,10,10,0,0,1,4,4,0,1,175.26,180.34,145.0,0.39453125,0.52734375,0.338125,0.4769140625,0.1825,0.00515625,0.67578125,0.69140625,0.0703125,0.5,76.89453125,29.8984375,54.21875,23.5390625,96.5859375,46.83203125,63.9765625,30.890625,5.2265625,1.79296875,1.50390625,0.01953125,62.1875,19.23046875,42.05859375,13.10546875,6.84375,4.40625,8.1640625,7.234375,7.86328125,6.26171875,3.99609375,3.19921875,55.28515625,16.8046875,42.66796875,14.67578125,13.5078125,8.75,9.58984375,7.01171875,8.1015625,4.34375,1.9609375,1.8515625,166.90234375,45.40234375,420.67578125,20,1,0,1,7,7,2,0,0,2,2,1,2,0,167.64,167.64,155.0,29.0,28.0,0,0,1,0,0,0,0,0,0,0,0,0,0,0,0,1,0,0,0,0,1,0,0,0
Blue,False,0.5,0.0,0.43,0.465,0.275,0.91,0.25,1.5,1.5,0.5,157.0,67.0,150.25,68.0,169.5,79.25,162.75,79.25,3.75,0.75,5.0,3.75,129.0,44.0,114.0,42.75,19.25,14.5,27.25,17.25,8.75,8.5,9.0,8.0,128.25,49.5,124.25,50.25,16.25,11.0,20.5,14.75,12.5,6.5,5.5,3.0,172.0,118.25,759.0,9,0,1,0,1,2,1,0,0,0,1,1,0,0,175.26,172.72,135.0,0.25,0.0,0.3825,0.3025,0.415,0.4024999999999999,2.0,0.25,1.0,0.5,141.5,54.75,134.25,41.75,170.25,82.25,161.25,65.5,2.25,1.0,8.25,2.5,123.25,45.75,117.5,28.5,8.25,3.25,10.0,6.75,10.0,5.75,6.75,6.5,116.5,37.75,106.0,28.75,10.75,6.25,10.0,5.25,14.25,10.75,18.25,7.75,59.5,277.25,900.0,9,0,0,1,2,2,1,0,0,0,2,0,0,0,162.56,162.56,125.0,23.0,35.0,0,0,0,1,0,0,0,0,0,0,0,0,0,0,0,1,0,0,0,0,1,0,0,0
Blue,False,0.0,0.0,0.37,0.5,0.0,0.0,0.0,1.0,0.0,0.0,32.0,12.0,63.0,32.0,32.0,12.0,104.0,62.0,8.0,0.0,0.0,0.0,29.0,10.0,53.0,25.0,3.0,2.0,9.0,6.0,0.0,0.0,1.0,1.0,19.0,4.0,11.0,5.0,6.0,4.0,22.0,13.0,7.0,4.0,30.0,14.0,143.0,148.0,409.0,2,0,0,1,0,0,1,0,0,0,0,0,0,0,177.8,185.42,155.0,0.25,0.0,0.3199999999999999,0.4875,0.0,0.5349999999999999,0.0,0.0,1.25,0.25,73.0,18.25,57.75,25.0,84.0,26.5,87.5,51.75,0.75,0.0,4.0,2.5,58.0,8.25,42.25,12.5,7.0,3.75,5.25,3.75,8.0,6.25,10.25,8.75,63.75,12.25,51.75,21.0,4.0,3.25,5.0,3.5,5.25,2.75,1.0,0.5,81.5,311.0,750.0,7,0,0,1,1,1,2,0,0,0,0,0,0,1,172.72,175.26,155.0,24.0,30.0,0,0,0,0,0,0,1,0,0,0,0,0,0,0,0,1,0,0,0,0,1,0,0,0
Red,False,1.0,0.0,0.5,0.47,0.0,0.5,1.0,0.0,0.0,0.0,63.0,32.0,73.0,35.0,86.0,52.0,74.0,36.0,0.0,0.0,2.0,1.0,45.0,19.0,47.0,15.0,16.0,11.0,21.0,15.0,2.0,2.0,5.0,5.0,38.0,14.0,50.0,21.0,13.0,10.0,19.0,12.0,12.0,8.0,4.0,2.0,33.0,81.0,404.0,2,0,1,0,1,1,0,0,0,0,0,0,1,0,172.72,175.26,135.0,2.0,0.0,0.36,0.32,0.33,0.0,0.0,0.0,0.0,0.0,134.0,49.0,132.0,43.0,135.0,50.0,137.0,48.0,3.0,1.0,0.0,0.0,122.0,42.0,100.0,24.0,8.0,5.0,23.0,11.0,4.0,2.0,9.0,8.0,125.0,45.0,129.0,42.0,2.0,0.0,3.0,1.0,7.0,4.0,0.0,0.0,29.0,17.0,890.0,3,0,1,0,1,1,0,0,0,0,0,1,0,0,172.72,165.1,135.0,34.0,24.0,1,0,0,0,0,0,0,0,0,0,0,0,0,0,0,1,0,0,0,0,1,0,0,0
Blue,False,0.015625,0.0,0.45,0.4275,0.25,0.2,0.148468017578125,0.098388671875,0.0,0.0,66.5,29.6875,64.31230545043945,27.34375,89.75,48.0,85.53125,44.41152191162109,2.0,0.75,2.0546875,0.75,51.1875,18.3359375,49.6123046875,16.280410766601562,7.5,5.07647705078125,7.5,5.0,4.5,3.625,4.984375,3.9375,48.6875,17.0,47.11572265625,16.5,5.75,3.75,5.3125,3.4375,5.0625,3.5,3.875,2.5,99.2119140625,94.125,638.5,0,0,0,0,0,0,0,0,0,0,0,0,0,0,180.34,177.8,155.0,0.0471682548522949,0.0,0.45,0.4217682266235352,0.25,0.19173828125,0.1875,0.125,0.0,0.0,69.5,30.5,66.984375,27.8466796875,94.0,48.544921875,88.50390625,44.75,2.0,0.8125,2.015625,0.6640625,54.0,19.01513671875,51.483436584472656,16.9437255859375,7.91796875,5.430633544921875,7.75,5.0625,4.780975341796875,3.9373779296875,4.8994140625,3.84375,51.025390625,18.400863647460938,50.515625,17.5,5.75,3.75,5.5,3.5,5.375,3.6875,4.0,2.65625,104.865234375,89.5,655.8441009521484,0,0,0,0,0,0,0,0,0,0,0,0,0,0,193.04,193.04,185.0,29.0,24.0,0,0,0,0,0,0,0,0,0,1,0,0,0,0,0,0,0,1,0,0,0,0,1,0
Blue,False,0.5,0.125,0.5265625,0.5159375,0.0,0.101875,0.0,0.25,0.09375,0.0,52.15625,26.375,34.4375,15.0625,56.84375,30.625,62.4375,40.1875,0.0,0.0,3.90625,1.1875,40.5625,17.46875,20.875,5.6875,6.71875,4.84375,4.0,1.8125,4.875,4.0625,9.5625,7.5625,39.84375,16.53125,29.625,10.78125,7.25,4.78125,3.1875,2.65625,5.0625,5.0625,1.625,1.625,10.34375,210.1875,434.375,14,0,0,1,1,2,4,0,0,0,1,1,0,0,180.34,182.88,170.0,0.5,0.25,0.3199999999999999,0.3225,0.165,0.375,0.0,0.0,0.0,0.5,107.75,33.75,132.0,42.75,112.5,37.5,143.25,52.25,1.5,0.5,4.5,2.25,86.75,25.75,113.5,31.75,14.25,4.25,11.0,6.0,6.75,3.75,7.5,5.0,102.0,31.25,113.75,31.5,4.0,1.75,5.5,2.75,1.75,0.75,12.75,8.5,22.0,149.0,695.0,7,0,0,1,2,2,1,0,0,0,1,1,0,0,182.88,185.42,170.0,28.0,28.0,0,0,0,0,0,0,0,0,0,1,0,0,0,0,0,1,0,0,0,0,1,0,0,0
Red,False,0.25,0.25,0.3925,0.3924999999999999,0.75,0.25,0.0,0.0,0.25,0.0,84.25,26.0,77.5,26.0,108.25,47.5,95.5,42.5,2.0,2.0,6.5,1.75,83.75,25.5,71.0,20.75,0.5,0.5,4.5,3.75,0.0,0.0,2.0,1.5,73.75,19.5,70.0,20.0,3.5,1.25,4.5,3.5,7.0,5.25,3.0,2.5,227.25,102.5,589.75,6,1,1,0,1,1,2,0,0,0,0,1,0,0,182.88,193.04,185.0,0.0,0.0,0.3399999999999999,0.545,0.665,0.25,1.0,0.0,0.0,0.0,49.5,15.5,70.5,41.5,58.5,23.5,149.0,112.5,4.0,3.0,4.5,2.0,43.0,10.0,52.5,31.0,3.5,3.0,7.0,3.5,3.0,2.5,11.0,7.0,36.0,8.5,26.5,9.0,4.5,3.5,1.0,0.5,9.0,3.5,43.0,32.0,274.0,397.0,900.0,6,1,1,0,1,1,1,0,0,0,1,0,0,0,187.96,200.66,185.0,31.0,25.0,0,0,0,0,0,0,0,1,0,0,0,0,0,0,0,1,0,0,0,0,1,0,0,0
Red,False,0.015625,0.0,0.45,0.4275,0.25,0.2,0.148468017578125,0.098388671875,0.0,0.0,66.5,29.6875,64.31230545043945,27.34375,89.75,48.0,85.53125,44.41152191162109,2.0,0.75,2.0546875,0.75,51.1875,18.3359375,49.6123046875,16.280410766601562,7.5,5.07647705078125,7.5,5.0,4.5,3.625,4.984375,3.9375,48.6875,17.0,47.11572265625,16.5,5.75,3.75,5.3125,3.4375,5.0625,3.5,3.875,2.5,99.2119140625,94.125,638.5,0,0,0,0,0,0,0,0,0,0,0,0,0,0,177.8,177.8,170.0,0.0,0.0,0.5375,0.38125,0.5625,0.2175,0.875,0.0,0.0,0.125,41.875,23.0,58.125,20.625,52.125,32.75,70.0,30.625,4.0,1.75,2.625,1.125,25.625,10.25,43.625,11.375,8.25,6.625,6.0,4.25,8.0,6.125,8.5,5.0,38.25,20.375,46.875,14.75,3.625,2.625,9.875,5.0,0.0,0.0,1.375,0.875,124.875,122.375,521.25,9,0,0,2,1,1,3,0,0,0,0,0,1,0,175.26,182.88,155.0,27.0,29.0,0,0,0,0,0,0,0,0,0,1,0,0,0,0,0,1,0,0,0,0,1,0,0,0
Blue,False,1.125,0.0,0.57125,0.32,0.52,0.095625,0.0,0.5,0.0,0.0,71.0,38.625,78.0625,26.3125,89.4375,56.125,85.8125,33.3125,5.625,3.25,4.75,0.5,49.125,22.9375,54.9375,13.875,9.5625,6.75,14.0,5.75,12.3125,8.9375,9.125,6.6875,51.0625,24.625,67.1875,20.125,8.75,6.0,10.0,5.875,11.1875,8.0,0.875,0.3125,174.125,42.5,703.8125,13,0,5,0,5,5,0,0,0,0,1,4,0,0,182.88,185.42,185.0,0.2864036560058594,0.002197265625,0.4962386131286621,0.3339385223388672,0.0395075988769531,0.5546728134155273,0.0005321502685546,1.0019989013671875,9.5367431640625e-06,0.0625,43.91300582885742,19.437456130981445,53.5526180267334,22.460893630981445,48.122745513916016,23.52186584472656,69.10319709777832,35.8848991394043,0.1369667053222656,0.071380615234375,2.5004959106445312,1.1665287017822266,33.421142578125,12.322853088378906,40.48494338989258,14.196664810180664,5.605613708496094,2.853588104248047,6.068183898925781,3.3096160888671875,4.886249542236328,4.261014938354492,6.999490737915039,4.954612731933594,38.18235969543457,15.811529159545898,39.09646224975586,14.039215087890623,2.1258678436279297,1.3968353271484375,2.634357452392578,1.765909194946289,3.604778289794922,2.2290916442871094,11.82179832458496,6.655769348144531,58.34407043457031,138.39153861999512,553.0162353515625,52,5,8,0,8,14,6,0,0,1,6,6,1,0,185.42,187.96,185.0,38.0,37.0,0,0,0,0,0,0,0,1,0,0,0,0,0,0,0,0,0,1,0,0,0,0,1,0
Red,False,0.0,0.0,0.47,0.41,0.53,0.0,0.0,0.0,0.0,0.0,57.0,27.0,77.0,32.0,98.0,63.0,82.0,36.0,13.0,7.0,4.0,0.0,35.0,11.0,41.0,5.0,13.0,8.0,13.0,11.0,9.0,8.0,23.0,16.0,32.0,9.0,62.0,19.0,19.0,13.0,15.0,13.0,6.0,5.0,0.0,0.0,348.0,27.0,900.0,3,0,1,0,1,1,0,0,0,1,0,0,0,0,172.72,172.72,145.0,0.0,0.125,0.4987499999999999,0.38,0.61875,0.15375,0.125,0.875,0.0,0.25,60.75,30.125,90.125,34.375,102.375,67.25,120.875,63.125,5.875,3.75,8.0,1.5,48.375,20.25,70.875,20.5,5.625,3.875,11.25,7.25,6.75,6.0,8.0,6.625,48.375,20.125,66.875,17.0,4.75,4.125,16.5,12.5,7.625,5.875,6.75,4.875,385.125,228.125,900.0,12,0,1,0,1,2,2,0,0,0,2,0,0,0,172.72,175.26,155.0,26.0,31.0,0,0,1,0,0,0,0,0,0,0,0,0,0,0,0,1,0,0,0,0,1,0,0,0
Red,False,0.015625,0.0,0.45,0.4275,0.25,0.2,0.148468017578125,0.098388671875,0.0,0.0,66.5,29.6875,64.31230545043945,27.34375,89.75,48.0,85.53125,44.41152191162109,2.0,0.75,2.0546875,0.75,51.1875,18.3359375,49.6123046875,16.280410766601562,7.5,5.07647705078125,7.5,5.0,4.5,3.625,4.984375,3.9375,48.6875,17.0,47.11572265625,16.5,5.75,3.75,5.3125,3.4375,5.0625,3.5,3.875,2.5,99.2119140625,94.125,638.5,0,0,0,0,0,0,0,0,0,0,0,0,0,0,180.34,182.88,205.0,0.625,0.0,0.39875,0.1825,0.0,0.25,0.0,0.375,0.0,0.0,53.375,21.875,43.0,11.375,55.0,23.5,43.0,11.375,0.625,0.0,0.25,0.25,35.625,10.25,34.625,6.375,6.375,2.625,3.75,1.0,11.375,9.0,4.625,4.0,41.25,12.125,41.5,10.875,4.25,4.25,0.5,0.25,7.875,5.5,1.0,0.25,20.5,2.125,295.5,6,0,0,1,1,2,2,0,0,0,0,2,0,0,187.96,193.04,205.0,33.0,31.0,0,0,0,0,0,0,0,1,0,0,0,0,0,0,0,1,0,0,0,0,1,0,0,0
Red,False,0.015625,0.0,0.45,0.4275,0.25,0.2,0.148468017578125,0.098388671875,0.0,0.0,66.5,29.6875,64.31230545043945,27.34375,89.75,48.0,85.53125,44.41152191162109,2.0,0.75,2.0546875,0.75,51.1875,18.3359375,49.6123046875,16.280410766601562,7.5,5.07647705078125,7.5,5.0,4.5,3.625,4.984375,3.9375,48.6875,17.0,47.11572265625,16.5,5.75,3.75,5.3125,3.4375,5.0625,3.5,3.875,2.5,99.2119140625,94.125,638.5,0,0,0,0,0,0,0,0,0,0,0,0,0,0,182.88,182.88,170.0,0.0,0.0,0.305,0.505,0.3,0.2,0.5,1.0,0.0,0.0,44.5,16.0,27.5,12.0,47.0,17.5,40.0,22.0,2.5,1.5,2.5,1.0,39.0,11.5,20.0,6.5,2.0,1.5,3.0,2.5,3.5,3.0,4.5,3.0,40.5,14.5,23.5,8.0,3.5,1.5,2.0,2.0,0.5,0.0,2.0,2.0,140.5,120.5,512.5,4,0,0,1,1,1,1,0,0,0,0,0,1,0,180.34,193.04,170.0,31.0,27.0,0,0,0,0,0,0,0,0,0,1,0,0,0,0,0,1,0,0,0,0,1,0,0,0
Blue,False,0.015625,0.0,0.45,0.4275,0.25,0.2,0.148468017578125,0.098388671875,0.0,0.0,66.5,29.6875,64.31230545043945,27.34375,89.75,48.0,85.53125,44.41152191162109,2.0,0.75,2.0546875,0.75,51.1875,18.3359375,49.6123046875,16.280410766601562,7.5,5.07647705078125,7.5,5.0,4.5,3.625,4.984375,3.9375,48.6875,17.0,47.11572265625,16.5,5.75,3.75,5.3125,3.4375,5.0625,3.5,3.875,2.5,99.2119140625,94.125,638.5,0,0,0,0,0,0,0,0,0,0,0,0,0,0,165.1,165.1,135.0,0.5,0.0,0.31,0.38,0.175,0.33,0.0,0.0,0.0,0.0,126.5,40.0,150.0,56.5,127.0,40.5,184.0,83.5,8.0,2.5,7.5,5.0,105.0,27.0,126.0,40.0,19.0,10.5,21.0,14.0,2.5,2.5,3.0,2.5,101.5,28.5,120.0,36.5,22.5,10.5,22.0,14.0,2.5,1.0,8.0,6.0,261.5,219.0,900.0,6,0,0,2,0,0,2,0,0,0,0,0,0,0,167.64,170.18,125.0,25.0,30.0,1,0,0,0,0,0,0,0,0,0,0,0,0,0,0,1,0,0,0,0,1,0,0,0
Red,False,0.015625,0.0,0.45,0.4275,0.25,0.2,0.148468017578125,0.098388671875,0.0,0.0,66.5,29.6875,64.31230545043945,27.34375,89.75,48.0,85.53125,44.41152191162109,2.0,0.75,2.0546875,0.75,51.1875,18.3359375,49.6123046875,16.280410766601562,7.5,5.07647705078125,7.5,5.0,4.5,3.625,4.984375,3.9375,48.6875,17.0,47.11572265625,16.5,5.75,3.75,5.3125,3.4375,5.0625,3.5,3.875,2.5,99.2119140625,94.125,638.5,0,0,0,0,0,0,0,0,0,0,0,0,0,0,172.72,180.34,155.0,1.0,0.0,0.38,0.33,0.165,0.0,0.0,0.0,0.0,0.5,95.0,37.5,133.5,44.5,119.0,58.0,160.5,70.0,3.5,1.0,2.0,0.0,76.5,26.5,108.0,31.5,11.5,5.0,15.5,6.0,7.0,6.0,10.0,7.0,91.0,35.5,126.5,38.5,3.0,1.0,4.0,3.5,1.0,1.0,3.0,2.5,157.5,97.0,900.0,6,0,1,0,1,1,1,0,0,0,1,0,0,0,167.64,167.64,155.0,24.0,31.0,0,0,0,0,0,0,1,0,0,0,0,0,0,0,0,1,0,0,0,0,0,0,1,0
Red,True,0.0,0.0,0.39,0.53,0.5,0.5,0.0,0.0,1.0,0.0,98.0,39.0,102.0,55.0,166.0,94.0,124.0,76.0,8.0,4.0,2.0,1.0,76.0,24.0,89.0,44.0,12.0,8.0,3.0,2.0,10.0,7.0,10.0,9.0,71.0,19.0,82.0,42.0,7.0,6.0,5.0,1.0,20.0,14.0,15.0,12.0,401.0,136.0,900.0,3,0,1,0,1,1,0,0,0,1,0,0,0,0,165.1,170.18,115.0,0.25,0.0,0.3925,0.2425,0.0,0.15,0.0,0.25,0.0,0.0,125.75,47.5,47.75,13.25,132.0,53.0,63.75,27.25,0.0,0.0,16.0,2.5,108.0,36.0,38.25,8.0,16.5,11.25,5.0,3.5,1.25,0.25,4.5,1.75,99.5,29.5,38.0,7.0,22.0,14.75,7.25,4.5,4.25,3.25,2.5,1.75,33.0,257.5,728.5,8,1,3,0,3,3,0,0,0,1,1,1,0,0,167.64,165.1,115.0,32.0,27.0,0,0,0,0,0,0,0,0,0,0,0,0,0,1,0,1,0,0,0,0,1,0,0,0
Blue,False,0.0,0.5,0.625,0.71,0.225,0.15,1.0,0.0,0.0,0.0,43.5,25.5,47.0,33.0,67.0,49.0,71.5,57.5,8.5,2.0,5.0,1.5,41.0,24.0,30.0,16.0,1.0,0.0,5.0,5.0,1.5,1.5,12.0,12.0,26.5,9.0,23.0,10.0,4.0,3.5,11.5,11.0,13.0,13.0,12.5,12.0,207.0,272.5,625.0,5,0,1,0,1,1,1,0,0,0,0,0,1,0,170.18,175.26,145.0,0.0051612854003906,0.5781631469726562,0.3338258361816406,0.4064642333984375,0.4102615356445312,0.3140792846679687,0.2510986328125,0.2656593322753906,0.5627517700195312,0.7502593994140625,111.76938247680664,38.13011932373047,101.04523849487305,43.75411224365234,162.28465270996094,80.01263809204102,107.47527694702148,49.03920364379883,2.9907798767089844,1.1294059753417969,1.5261383056640625,0.9575042724609376,80.8011245727539,19.674129486083984,82.59598159790039,32.64020538330078,11.37006378173828,4.688808441162109,11.928531646728516,7.340415954589844,19.598194122314453,13.767181396484377,6.520725250244141,3.773490905761719,102.23246002197266,32.894134521484375,84.57197189331055,33.09119415283203,4.893764495849609,1.6317901611328125,7.987167358398437,5.3573760986328125,4.643157958984375,3.604194641113281,8.486099243164062,5.3055419921875,205.3486442565918,54.461822509765625,640.5460548400879,44,0,0,1,4,11,8,0,0,0,6,3,2,0,167.64,177.8,145.0,37.0,36.0,0,0,1,0,0,0,0,0,0,0,0,0,0,0,0,1,0,0,0,0,1,0,0,0
Red,False,0.015625,0.0,0.45,0.4275,0.25,0.2,0.148468017578125,0.098388671875,0.0,0.0,66.5,29.6875,64.31230545043945,27.34375,89.75,48.0,85.53125,44.41152191162109,2.0,0.75,2.0546875,0.75,51.1875,18.3359375,49.6123046875,16.280410766601562,7.5,5.07647705078125,7.5,5.0,4.5,3.625,4.984375,3.9375,48.6875,17.0,47.11572265625,16.5,5.75,3.75,5.3125,3.4375,5.0625,3.5,3.875,2.5,99.2119140625,94.125,638.5,0,0,0,0,0,0,0,0,0,0,0,0,0,0,180.34,180.34,170.0,0.0,0.0,0.385,0.3475,0.355,0.025,0.25,0.125,0.125,0.25,94.0,36.125,117.0,43.5,138.375,77.375,153.0,78.875,5.375,1.875,0.625,0.125,70.25,16.875,81.0,16.875,13.375,9.5,11.75,6.0,10.375,9.75,24.25,20.625,85.125,29.75,106.625,36.5,4.625,2.25,7.375,5.125,4.25,4.125,3.0,1.875,366.875,70.625,900.0,12,0,0,3,1,1,3,0,0,0,1,0,0,0,182.88,190.5,170.0,32.0,28.0,0,0,0,0,0,0,0,0,0,1,0,0,0,0,0,1,0,0,0,0,0,0,1,0
Red,False,0.0,0.0,0.3,0.37,0.5,0.22,0.0,0.0,0.0,0.0,134.0,41.0,99.0,37.0,158.0,61.0,102.0,40.0,2.0,1.0,9.0,2.0,121.0,32.0,73.0,22.0,12.0,9.0,12.0,8.0,1.0,0.0,14.0,7.0,96.0,24.0,74.0,26.0,34.0,15.0,25.0,11.0,4.0,2.0,0.0,0.0,98.0,195.0,900.0,3,0,1,0,1,1,0,0,0,1,0,0,0,0,177.8,177.8,145.0,1.0,0.0,0.85,0.0,0.0,0.0,0.0,0.0,0.0,0.0,7.0,6.0,0.0,0.0,7.0,6.0,0.0,0.0,0.0,0.0,0.0,0.0,6.0,5.0,0.0,0.0,1.0,1.0,0.0,0.0,0.0,0.0,0.0,0.0,2.0,2.0,0.0,0.0,0.0,0.0,0.0,0.0,5.0,4.0,0.0,0.0,2.0,0.0,8.0,1,0,1,0,1,1,0,0,0,0,0,1,0,0,177.8,182.88,145.0,28.0,26.0,0,0,1,0,0,0,0,0,0,0,0,0,0,0,0,1,0,0,0,0,0,0,1,0
Red,False,0.5,0.0,0.37,0.36,0.3399999999999999,0.0,0.0,0.0,0.0,0.0,84.5,28.0,78.5,34.0,89.0,30.5,85.0,40.5,6.5,1.5,0.5,0.0,64.5,18.0,50.0,16.5,14.0,5.0,21.0,10.5,6.0,5.0,7.5,7.0,73.0,20.0,64.5,27.5,9.0,5.5,14.0,6.5,2.5,2.5,0.0,0.0,76.5,3.0,567.0,4,0,2,0,2,2,0,0,0,0,1,1,0,0,180.34,187.96,155.0,0.25,0.125,0.61625,0.33375,0.58875,0.03375,0.0,0.0,0.0,0.0,54.25,28.125,37.375,12.875,58.625,31.75,42.875,17.375,1.875,1.625,2.0,0.375,40.625,18.25,32.5,9.375,6.375,4.5,1.25,1.0,7.25,5.375,3.625,2.5,42.25,21.125,33.5,10.75,3.75,1.75,2.0,0.875,8.25,5.25,1.875,1.25,70.375,38.5,409.25,9,0,1,0,2,3,1,0,0,0,1,2,0,0,175.26,185.42,155.0,31.0,26.0,0,0,0,0,0,0,1,0,0,0,0,0,0,0,0,0,0,1,0,0,1,0,0,0
Blue,False,0.015625,0.0,0.45,0.4275,0.25,0.2,0.148468017578125,0.098388671875,0.0,0.0,66.5,29.6875,64.31230545043945,27.34375,89.75,48.0,85.53125,44.41152191162109,2.0,0.75,2.0546875,0.75,51.1875,18.3359375,49.6123046875,16.280410766601562,7.5,5.07647705078125,7.5,5.0,4.5,3.625,4.984375,3.9375,48.6875,17.0,47.11572265625,16.5,5.75,3.75,5.3125,3.4375,5.0625,3.5,3.875,2.5,99.2119140625,94.125,638.5,0,0,0,0,0,0,0,0,0,0,0,0,0,0,172.72,177.8,145.0,0.0,1.0,0.57,0.38,0.33,0.4,0.0,0.0,0.0,0.0,101.0,58.0,93.0,36.0,112.0,69.0,163.0,97.0,3.0,1.0,5.0,2.0,70.0,33.0,70.0,20.0,15.0,10.0,9.0,5.0,16.0,15.0,14.0,11.0,58.0,26.0,57.0,14.0,27.0,22.0,22.0,12.0,16.0,10.0,14.0,10.0,181.0,386.0,900.0,3,0,0,1,0,0,1,0,0,0,0,0,0,0,177.8,177.8,145.0,21.0,26.0,0,0,1,0,0,0,0,0,0,0,0,0,0,0,0,0,0,1,0,0,1,0,0,0
Blue,False,0.0,0.5,0.39,0.295,0.115,0.0,1.0,0.0,0.0,0.5,56.5,18.5,57.5,20.0,83.0,44.0,71.0,30.5,9.5,2.0,0.0,0.0,43.0,10.0,50.5,15.0,5.0,2.0,3.0,1.5,8.5,6.5,4.0,3.5,51.5,14.5,49.5,17.5,3.0,2.0,4.0,1.5,2.0,2.0,4.0,1.0,101.5,119.5,529.5,4,0,0,1,1,1,1,0,0,0,1,0,0,0,175.26,175.26,145.0,0.0,0.5,0.495,0.515,0.0,0.14,1.0,0.0,0.0,0.0,12.0,6.0,13.0,6.5,12.5,6.5,16.0,9.0,0.0,0.0,4.0,1.0,8.5,3.5,10.0,4.0,1.5,0.5,2.0,1.5,2.0,2.0,1.0,1.0,8.0,3.5,8.0,2.5,2.0,1.5,1.5,1.5,2.0,1.0,3.5,2.5,19.5,85.0,167.0,2,0,1,0,1,1,1,0,0,0,0,0,1,0,185.42,185.42,145.0,31.0,25.0,0,0,1,0,0,0,0,0,0,0,0,0,0,0,0,1,0,0,0,0,1,0,0,0
Red,False,1.0,0.0,0.5,0.52,0.0,0.0,0.0,0.0,0.0,0.0,73.0,37.0,46.0,24.0,75.0,39.0,46.0,24.0,0.0,0.0,2.0,0.0,56.0,23.0,33.0,11.0,8.0,5.0,5.0,5.0,9.0,9.0,8.0,8.0,64.0,32.0,46.0,24.0,4.0,3.0,0.0,0.0,5.0,2.0,0.0,0.0,77.0,20.0,361.0,2,0,0,1,0,0,1,0,0,0,0,0,0,0,177.8,177.8,185.0,1.0,0.0,0.82,0.67,0.0,0.5,0.0,0.0,0.0,0.0,51.0,42.0,34.0,23.0,95.0,86.0,193.0,179.0,1.0,0.0,6.0,3.0,22.0,16.0,19.0,10.0,14.0,12.0,7.0,5.0,15.0,14.0,8.0,8.0,23.0,16.0,18.0,10.0,26.0,24.0,13.0,11.0,2.0,2.0,3.0,2.0,151.0,588.0,900.0,3,0,0,1,0,0,1,0,0,0,0,0,0,0,190.5,190.5,185.0,26.0,27.0,0,0,0,0,0,0,0,1,0,0,0,0,0,0,0,1,0,0,0,0,0,0,1,0
Red,False,0.0,0.0,0.52,0.46,0.25,0.33,1.0,0.5,0.0,0.5,13.5,6.5,20.5,13.0,14.0,6.5,40.0,29.0,1.5,0.5,1.5,1.0,10.0,4.5,12.0,5.5,2.0,0.5,0.5,0.0,1.5,1.5,8.0,7.5,12.0,5.5,12.5,6.5,1.5,1.0,3.5,3.5,0.0,0.0,4.5,3.0,33.5,206.0,309.5,3,0,1,0,1,1,1,0,0,0,0,0,1,0,177.8,180.34,125.0,0.0,0.0,0.55,0.51,0.66,0.1,1.0,0.0,1.0,0.0,143.0,80.0,72.0,37.0,149.0,86.0,84.0,49.0,3.0,2.0,10.0,1.0,104.0,45.0,43.0,10.0,29.0,26.0,14.0,13.0,10.0,9.0,15.0,14.0,110.0,47.0,60.0,26.0,27.0,27.0,11.0,10.0,6.0,6.0,1.0,1.0,121.0,225.0,900.0,3,0,1,0,1,1,0,0,0,0,1,0,0,0,167.64,185.42,135.0,25.0,23.0,1,0,0,0,0,0,0,0,0,0,0,0,0,0,0,0,0,1,0,0,0,0,1,0
Blue,False,0.015625,0.0,0.45,0.4275,0.25,0.2,0.148468017578125,0.098388671875,0.0,0.0,66.5,29.6875,64.31230545043945,27.34375,89.75,48.0,85.53125,44.41152191162109,2.0,0.75,2.0546875,0.75,51.1875,18.3359375,49.6123046875,16.280410766601562,7.5,5.07647705078125,7.5,5.0,4.5,3.625,4.984375,3.9375,48.6875,17.0,47.11572265625,16.5,5.75,3.75,5.3125,3.4375,5.0625,3.5,3.875,2.5,99.2119140625,94.125,638.5,0,0,0,0,0,0,0,0,0,0,0,0,0,0,172.72,180.34,155.0,0.0,0.125,0.45875,0.4025,0.25625,0.5375,0.375,0.0,0.0,0.0,117.625,53.5,86.75,35.125,154.0,86.125,96.25,42.125,4.125,1.625,7.25,3.125,67.125,20.75,70.625,23.875,35.5,22.625,12.0,7.125,15.0,10.125,4.125,4.125,78.875,29.625,76.375,27.375,31.0,18.125,9.75,7.125,7.75,5.75,0.625,0.625,152.875,214.75,816.5,11,0,1,0,1,2,2,0,0,0,0,0,2,0,175.26,180.34,155.0,26.0,27.0,0,0,0,0,0,0,1,0,0,0,0,0,0,0,0,1,0,0,0,0,1,0,0,0
Blue,False,0.0,1.0,0.4,0.38,0.66,0.0,0.0,0.0,0.0,0.0,35.0,14.0,49.0,19.0,37.0,15.0,50.0,19.0,3.0,2.0,0.0,0.0,20.0,6.0,45.0,16.0,6.0,2.0,3.0,2.0,9.0,6.0,1.0,1.0,28.0,11.0,30.0,8.0,6.0,3.0,19.0,11.0,1.0,0.0,0.0,0.0,36.0,4.0,411.0,2,0,0,1,0,0,1,0,0,0,0,0,0,0,172.72,185.42,135.0,0.0,0.0,0.29,0.34,0.5,0.75,1.0,2.0,0.0,1.0,130.0,38.0,111.0,38.0,135.0,43.0,125.0,48.0,2.0,1.0,4.0,3.0,92.0,19.0,97.0,28.0,5.0,3.0,11.0,9.0,33.0,16.0,3.0,1.0,126.0,38.0,98.0,28.0,4.0,0.0,1.0,1.0,0.0,0.0,12.0,9.0,26.0,208.0,900.0,3,1,1,0,1,1,0,0,0,0,1,0,0,0,167.64,170.18,145.0,33.0,25.0,1,0,0,0,0,0,0,0,0,0,0,0,0,0,0,1,0,0,0,0,1,0,0,0
Red,False,0.0,0.0,0.4471875,0.3228125,0.3740625,0.394375,0.21875,0.6875,0.3125,0.34375,100.625,46.71875,112.65625,36.8125,123.75,68.75,172.34375,87.96875,1.59375,0.84375,6.625,2.34375,92.59375,41.875,92.0625,23.1875,6.0,3.09375,10.875,5.0,2.03125,1.75,9.71875,8.625,90.5625,39.28125,97.46875,28.75,3.4375,2.875,5.90625,2.8125,6.625,4.5625,9.28125,5.25,113.0625,307.75,894.0625,18,0,1,0,1,3,3,0,0,1,2,0,0,0,167.64,167.64,125.0,0.5,0.0,0.51,0.2249999999999999,0.425,0.0,0.5,0.0,0.0,0.0,119.0,61.0,116.0,23.5,155.5,93.5,126.5,33.0,4.5,3.0,0.5,0.0,85.5,35.5,96.5,13.5,30.0,22.5,17.0,9.0,3.5,3.0,2.5,1.0,79.0,34.5,110.0,20.5,24.0,15.5,6.0,3.0,16.0,11.0,0.0,0.0,294.5,21.0,900.0,6,0,2,0,2,2,0,0,0,0,2,0,0,0,162.56,162.56,135.0,30.0,28.0,0,0,0,1,0,0,0,0,0,0,0,0,0,0,0,1,0,0,0,0,1,0,0,0
Red,False,1.0,0.0,0.67,0.45,0.0,0.16,0.0,0.0,1.0,0.0,159.0,107.0,91.0,41.0,199.0,140.0,113.0,60.0,1.0,0.0,12.0,2.0,113.0,68.0,52.0,15.0,38.0,31.0,21.0,11.0,8.0,8.0,18.0,15.0,63.0,32.0,70.0,26.0,87.0,68.0,21.0,15.0,9.0,7.0,0.0,0.0,261.0,336.0,900.0,3,0,1,0,1,1,0,0,0,0,1,0,0,0,160.02,162.56,115.0,1.0,0.0,0.48,0.25,1.0,0.0,0.0,0.0,0.0,0.0,196.0,96.0,145.0,37.0,200.0,98.0,146.0,38.0,1.0,1.0,2.0,0.0,137.0,57.0,97.0,7.0,46.0,29.0,24.0,11.0,13.0,10.0,24.0,19.0,186.0,89.0,139.0,32.0,10.0,7.0,6.0,5.0,0.0,0.0,0.0,0.0,38.0,4.0,900.0,3,0,1,0,1,1,0,0,0,0,1,0,0,0,154.94,152.4,115.0,30.0,25.0,0,0,0,0,0,0,0,0,0,0,0,0,0,1,0,1,0,0,0,0,1,0,0,0
Red,False,0.0,0.0,0.3,0.505,0.56,0.71,2.5,0.5,1.5,1.0,96.5,29.5,97.5,51.0,101.0,33.0,141.5,90.5,6.0,3.5,5.0,3.0,79.0,20.0,75.0,31.5,10.0,5.0,9.0,7.0,7.5,4.5,13.5,12.5,88.5,26.0,81.0,39.5,5.0,2.5,12.5,8.0,3.0,1.0,4.0,3.5,195.5,359.0,891.5,6,0,0,1,1,1,1,0,0,0,0,0,1,0,175.26,175.26,145.0,0.0,0.0,0.4,0.45,0.33,0.0,5.0,0.0,0.0,0.0,83.0,34.0,72.0,33.0,92.0,41.0,88.0,47.0,6.0,2.0,1.0,0.0,58.0,20.0,43.0,13.0,16.0,8.0,14.0,10.0,9.0,6.0,15.0,10.0,74.0,29.0,61.0,25.0,8.0,5.0,5.0,4.0,1.0,0.0,6.0,4.0,236.0,137.0,900.0,3,1,1,0,1,1,0,0,0,0,1,0,0,0,180.34,180.34,145.0,28.0,22.0,0,0,1,0,0,0,0,0,0,0,0,0,0,0,0,0,0,0,1,0,1,0,0,0
Blue,False,0.0,1.0,0.34,0.53,0.0,0.0,0.0,0.0,0.0,0.0,138.0,48.0,166.0,88.0,157.0,64.0,182.0,101.0,5.0,0.0,2.0,0.0,111.0,36.0,104.0,34.0,24.0,10.0,35.0,28.0,3.0,2.0,27.0,26.0,114.0,34.0,132.0,65.0,24.0,14.0,23.0,17.0,0.0,0.0,11.0,6.0,37.0,117.0,900.0,3,0,0,1,0,0,1,0,0,0,0,0,0,0,175.26,175.26,155.0,0.0,0.25,0.32,0.4125,0.56,0.04,0.0,1.0,0.0,0.5,149.25,48.25,114.5,42.5,173.75,68.0,127.25,55.0,4.5,1.0,2.5,0.25,127.75,32.75,90.25,25.0,15.0,11.25,14.25,9.0,6.5,4.25,10.0,8.5,132.5,37.75,107.25,38.25,14.5,8.75,6.25,3.75,2.25,1.75,1.0,0.5,151.75,35.5,806.5,10,2,0,1,1,1,2,0,0,0,1,0,0,0,175.26,185.42,145.0,31.0,33.0,0,0,0,0,0,0,1,0,0,0,0,0,0,0,0,1,0,0,0,0,1,0,0,0
Blue,True,0.5625,0.51953125,0.615703125,0.3152734375,0.14890625,0.5029296875,0.125,0.03125,0.0,0.0,81.02734375,50.01171875,65.9453125,23.16015625,103.640625,70.625,78.96484375,34.890625,3.328125,0.640625,0.890625,0.51171875,60.21484375,31.6640625,56.41015625,15.9296875,11.32421875,8.90625,6.0234375,4.6015625,9.48828125,9.44140625,3.51171875,2.62890625,68.796875,41.5234375,58.3828125,16.29296875,3.51171875,2.77734375,4.1640625,3.48046875,8.71875,5.7109375,3.3984375,3.38671875,105.33203125,90.578125,702.7109375,20,1,0,1,5,7,2,0,0,0,2,4,1,0,193.04,195.58,231.0,0.91552734375,0.03125,0.5930126953125,0.3799365234375,0.192568359375,0.00580078125,0.50390625,0.5009765625,0.0,0.0,141.11181640625,82.921875,80.06396484375,30.912109375,247.435546875,173.45751953125,90.85888671875,40.6416015625,11.29345703125,2.48779296875,0.67822265625,0.017578125,119.89013671875,65.0244140625,67.46337890625,22.609375,7.7177734375,6.9404296875,12.53125,8.234375,13.50390625,10.95703125,0.0693359375,0.068359375,62.37939453125,28.46533203125,58.22119140625,17.9462890625,56.5390625,38.2548828125,21.1123046875,12.3330078125,22.193359375,16.20166015625,0.73046875,0.6328125,648.72509765625,10.431640625,926.50390625,24,5,7,0,7,11,1,0,0,0,2,9,0,0,185.42,195.58,240.0,37.0,32.0,0,0,0,0,1,0,0,0,0,0,0,0,0,0,0,1,0,0,0,0,1,0,0,0
Red,False,0.253662109375,0.1878128051757812,0.5018498992919922,0.4659657287597656,0.2936727905273437,0.5160407257080079,0.29803466796875,0.0718994140625,0.0039291381835937,0.0001220703125,45.34103393554688,22.595848083496094,69.15803527832031,29.44727325439453,52.36158752441406,28.72491455078125,77.66317749023438,37.81523895263672,4.168251037597656,0.6442489624023438,1.1104660034179688,0.6017608642578125,30.062217712402344,12.77155303955078,53.09698486328125,18.22368621826172,5.23687744140625,3.86346435546875,6.280113220214844,4.478050231933594,10.04193878173828,5.9608306884765625,9.78093719482422,6.745536804199219,36.93187713623047,16.03716278076172,58.54551696777344,22.95537567138672,3.8932418823242183,2.82818603515625,9.815536499023438,5.860252380371094,4.515914916992188,3.730499267578125,0.7969818115234375,0.6316452026367188,109.15606689453124,35.7293701171875,591.7634582519531,38,1,4,0,4,11,7,0,0,0,4,4,3,0,182.88,187.96,185.0,0.03125,0.0625,0.3259375,0.3075,0.1875,0.311875,0.28125,0.0,0.4375,0.15625,113.84375,33.46875,87.25,24.90625,127.65625,46.21875,94.625,31.25,0.875,0.4375,1.15625,0.5625,90.21875,18.84375,67.4375,14.625,15.65625,8.71875,15.8125,7.84375,7.96875,5.90625,4.0,2.4375,104.46875,27.375,80.875,21.25,6.65625,4.34375,5.90625,3.34375,2.71875,1.75,0.46875,0.3125,78.40625,58.1875,722.9375,14,1,5,0,5,5,1,0,0,2,1,0,2,0,175.26,180.34,185.0,36.0,23.0,0,0,0,0,0,0,0,1,0,0,0,0,0,0,0,1,0,0,0,0,0,0,1,0
Red,False,0.0,0.0,0.3325,0.46625,0.0,0.29125,0.25,0.5,0.0,0.0,83.125,26.0,73.375,32.875,93.75,35.25,81.25,39.5,1.875,0.0,3.375,1.25,65.625,15.875,57.5,20.0,7.625,4.25,10.375,9.0,9.875,5.875,5.5,3.875,69.125,18.25,65.375,27.75,13.125,6.875,8.0,5.125,0.875,0.875,0.0,0.0,89.875,86.375,485.5,9,0,0,2,1,1,3,0,0,0,0,0,1,0,172.72,177.8,155.0,0.77734375,0.0,0.5581640625,0.3744140625,0.5073046875,0.368359375,0.390625,0.171875,0.0078125,0.00390625,113.62890625,66.94140625,82.59375,32.0703125,192.40625,135.44921875,111.40234375,56.97265625,1.37109375,1.03125,6.51953125,2.3984375,91.77734375,48.22265625,62.78515625,16.6953125,13.1015625,10.5703125,11.6328125,8.6875,8.75,8.1484375,8.17578125,6.6875,79.32421875,37.9375,69.22265625,21.28515625,12.453125,11.296875,4.62890625,3.62109375,21.8515625,17.70703125,8.7421875,7.1640625,220.42578125,306.453125,891.0703125,25,1,2,0,2,4,5,0,0,0,3,1,0,0,175.26,180.34,155.0,26.0,29.0,0,0,0,0,0,0,1,0,0,0,0,0,0,0,0,0,0,1,0,0,1,0,0,0
Blue,False,0.5,0.0,0.35,0.41,0.4,0.25,0.5,0.5,0.0,0.0,92.0,36.0,34.0,14.0,108.5,49.5,40.0,20.0,3.0,2.0,4.0,1.0,76.5,25.5,26.5,8.0,8.0,5.5,3.0,1.5,7.5,5.0,4.5,4.5,60.5,16.0,31.0,11.5,1.5,0.5,2.0,1.5,30.0,19.5,1.0,1.0,218.5,106.5,584.0,5,0,2,0,2,2,0,0,0,0,0,1,1,0,177.8,182.88,155.0,0.0,0.0,0.4,0.2,0.28,0.55,0.0,0.0,0.0,0.0,116.0,47.0,70.0,14.0,133.0,63.0,79.0,20.0,7.0,2.0,9.0,5.0,78.0,29.0,61.0,11.0,15.0,6.0,8.0,3.0,23.0,12.0,1.0,0.0,86.0,26.0,56.0,9.0,23.0,17.0,13.0,4.0,7.0,4.0,1.0,1.0,163.0,273.0,900.0,3,0,1,0,1,1,0,0,0,0,1,0,0,0,175.26,177.8,155.0,25.0,33.0,0,0,0,0,0,0,1,0,0,0,0,0,0,0,0,1,0,0,0,0,1,0,0,0
Red,False,0.5,0.0,0.32,0.475,0.35,0.165,1.0,0.5,0.5,0.5,201.0,65.0,184.0,91.0,204.0,67.5,204.0,108.5,7.5,2.0,1.5,0.5,145.0,35.0,146.5,64.0,31.5,14.0,33.0,23.5,24.5,16.0,4.5,3.5,172.0,47.0,133.0,53.0,20.0,13.5,28.5,17.5,9.0,4.5,22.5,20.5,130.5,117.0,863.5,6,0,0,1,1,1,1,0,0,0,1,0,0,0,180.34,185.42,145.0,0.0,0.0,0.37,0.5,0.0,0.25,5.0,0.0,0.0,0.0,61.0,23.0,36.0,18.0,71.0,32.0,55.0,35.0,0.0,0.0,4.0,1.0,48.0,15.0,28.0,13.0,10.0,5.0,4.0,1.0,3.0,3.0,4.0,4.0,53.0,19.0,20.0,8.0,8.0,4.0,5.0,3.0,0.0,0.0,11.0,7.0,25.0,367.0,630.0,3,0,1,0,1,1,0,0,0,0,0,0,1,0,172.72,180.34,155.0,22.0,26.0,0,0,1,0,0,0,0,0,0,0,0,0,0,0,0,1,0,0,0,0,0,0,1,0
Blue,False,0.0,0.75,0.415,0.4075,0.3325,0.0625,0.25,0.5,0.0,0.0,91.75,41.0,118.0,45.0,99.0,48.0,132.25,54.5,10.75,3.0,1.25,0.25,60.75,15.25,101.0,35.75,7.75,4.25,12.75,6.25,23.25,21.5,4.25,3.0,84.25,35.25,105.25,37.5,6.25,5.5,4.25,2.5,1.25,0.25,8.5,5.0,202.0,40.25,803.25,8,0,3,0,3,3,0,0,0,1,1,0,1,0,185.42,190.5,170.0,0.0,0.0,0.57,0.4,0.0,0.33,0.0,0.0,0.0,0.0,52.0,30.0,20.0,8.0,54.0,32.0,22.0,10.0,0.0,0.0,3.0,1.0,39.0,20.0,18.0,7.0,8.0,8.0,0.0,0.0,5.0,2.0,2.0,1.0,17.0,4.0,13.0,6.0,28.0,22.0,7.0,2.0,7.0,4.0,0.0,0.0,87.0,48.0,290.0,1,0,1,0,1,1,0,0,0,0,0,1,0,0,185.42,185.42,170.0,27.0,30.0,0,0,0,0,0,0,0,0,0,1,0,0,0,0,0,1,0,0,0,0,1,0,0,0
Blue,False,0.1378173828125,0.8756103515625,0.366710205078125,0.3793298339843749,0.00889404296875,0.33239013671875,0.0086669921875,0.5093994140625,0.015869140625,0.0,23.259521484375,8.8577880859375,49.8804931640625,23.876953125,27.5506591796875,12.753173828125,79.9539794921875,50.2259521484375,0.59375,0.032958984375,1.3643798828125,0.932373046875,18.0428466796875,4.2293701171875,41.741943359375,16.903076171875,2.009765625,1.7738037109375,5.5126953125,4.677490234375,3.2069091796875,2.8546142578125,2.6258544921875,2.29638671875,18.70703125,5.7822265625,28.11328125,8.31201171875,3.2369384765625,2.097412109375,1.60693359375,1.0284423828125,1.3155517578125,0.9781494140625,20.1602783203125,14.5364990234375,6.95751953125,208.1650390625,393.80859375,38,3,2,0,4,7,7,0,0,2,3,2,0,0,180.34,187.96,185.0,1.01959228515625,0.0,0.4537454223632812,0.4522879028320312,0.0661334228515625,0.295511474609375,0.289794921875,1.3135986328125,0.0322265625,0.0,47.973876953125,21.01336669921875,57.8885498046875,23.07763671875,69.89608764648438,40.80239868164063,68.22073364257812,32.85345458984375,1.757415771484375,0.327911376953125,2.110443115234375,0.865753173828125,41.27853393554688,15.899169921875,49.062896728515625,16.137969970703125,4.90960693359375,3.435455322265625,5.1982421875,4.89886474609375,1.785736083984375,1.678741455078125,3.627410888671875,2.040802001953125,35.382537841796875,14.474945068359377,40.84405517578125,13.467620849609377,9.0394287109375,3.792327880859375,13.758758544921877,7.0802001953125,3.551910400390625,2.74609375,3.285736083984375,2.529815673828125,45.32257080078125,174.53164672851562,511.6092224121094,38,0,1,0,4,9,7,0,0,2,3,4,0,0,182.88,187.96,185.0,44.0,34.0,0,0,0,0,0,0,0,1,0,0,0,0,0,0,0,1,0,0,0,0,1,0,0,0
Red,False,0.125,0.06640625,0.3753125,0.441171875,0.12890625,0.451474609375,0.177734375,1.3154296875,0.728515625,0.1337890625,85.375,32.6865234375,76.4462890625,31.1787109375,97.6171875,43.962890625,123.876953125,74.1591796875,0.12890625,0.12890625,6.318359375,2.65234375,65.072265625,19.98046875,65.41796875,25.2353515625,12.6142578125,6.958984375,7.32421875,2.9716796875,7.6884765625,5.7470703125,3.7041015625,2.9716796875,76.1025390625,26.8037109375,62.7568359375,20.587890625,6.408203125,4.4677734375,9.7666015625,7.5126953125,2.8642578125,1.4150390625,3.9228515625,3.078125,66.0166015625,354.6044921875,834.533203125,29,0,0,2,2,5,6,0,0,2,1,0,2,0,177.8,185.42,145.0,0.234375,0.8125,0.3328125,0.3246875,0.25,0.1046875,0.296875,0.53125,0.0,0.0,76.828125,27.34375,79.203125,24.421875,84.84375,35.125,92.890625,34.921875,1.265625,0.875,3.078125,0.265625,65.34375,17.8125,69.046875,19.28125,4.203125,3.4375,6.578125,3.296875,7.28125,6.09375,3.578125,1.84375,69.890625,23.078125,65.59375,16.984375,4.203125,2.703125,3.53125,1.734375,2.734375,1.5625,10.078125,5.703125,22.921875,162.71875,545.359375,16,0,0,1,2,3,4,0,0,0,1,2,0,0,172.72,177.8,135.0,26.0,33.0,1,0,0,0,0,0,0,0,0,0,0,0,0,0,0,0,0,1,0,0,1,0,0,0
Blue,False,0.0,0.0,0.44,0.0,1.0,0.0,0.0,3.0,0.0,0.0,9.0,4.0,2.0,0.0,12.0,5.0,2.0,0.0,1.0,1.0,0.0,0.0,8.0,4.0,1.0,0.0,1.0,0.0,0.0,0.0,0.0,0.0,1.0,0.0,2.0,0.0,2.0,0.0,0.0,0.0,0.0,0.0,7.0,4.0,0.0,0.0,26.0,0.0,64.0,1,0,0,1,0,0,1,0,0,0,0,0,0,0,172.72,175.26,135.0,0.0,1.0,0.31,0.33,0.0,0.66,0.0,0.0,0.0,0.0,197.0,62.0,454.0,151.0,198.0,63.0,461.0,156.0,5.0,0.0,3.0,2.0,184.0,53.0,400.0,113.0,8.0,6.0,33.0,22.0,5.0,3.0,21.0,16.0,194.0,62.0,440.0,144.0,3.0,0.0,10.0,6.0,0.0,0.0,4.0,1.0,0.0,112.0,1340.0,5,1,0,1,0,0,1,0,0,0,0,0,0,0,167.64,165.1,135.0,29.0,28.0,1,0,0,0,0,0,0,0,0,0,0,0,0,0,0,1,0,0,0,0,1,0,0,0
Blue,False,0.0,0.0,0.5,0.54,0.33,0.0,2.0,0.0,0.0,0.0,6.0,3.0,11.0,6.0,8.0,5.0,14.0,8.0,3.0,1.0,1.0,0.0,4.0,1.0,9.0,4.0,2.0,2.0,2.0,2.0,0.0,0.0,0.0,0.0,5.0,2.0,9.0,5.0,1.0,1.0,2.0,1.0,0.0,0.0,0.0,0.0,72.0,0.0,99.0,1,0,0,1,0,0,1,0,0,0,0,0,0,0,172.72,175.26,145.0,0.0,0.14306640625,0.5214306640624999,0.181136474609375,0.6297534179687501,0.00260986328125,0.763916015625,0.00811767578125,0.00103759765625,0.0008544921875,30.290771484375,15.134765625,22.9769287109375,7.4893798828125,54.31573486328125,36.02703857421875,28.7581787109375,13.1778564453125,2.741943359375,1.5137939453125,0.0811767578125,0.02008056640625,26.47100830078125,12.08551025390625,18.62518310546875,5.10113525390625,3.23974609375,2.6014404296875,2.5521240234375,1.57171630859375,0.58001708984375,0.44781494140625,1.79962158203125,0.8165283203125,14.4989013671875,5.25335693359375,18.38983154296875,4.1165771484375,0.4259033203125,0.36962890625,0.85882568359375,0.41485595703125,15.365966796875,9.51177978515625,3.728271484375,2.95794677734375,160.44976806640625,8.70416259765625,272.94879150390625,33,0,2,0,2,9,6,0,0,0,4,1,4,0,170.18,177.8,145.0,24.0,30.0,0,0,1,0,0,0,0,0,0,0,0,0,0,0,0,0,0,0,1,0,1,0,0,0
Red,False,0.5625,0.0,0.3925,0.334375,0.0,0.03125,1.0,0.125,0.0,0.0,55.5,22.6875,41.0625,14.5,57.25,24.4375,41.75,15.1875,0.0,0.0,1.5,0.0625,35.75,9.8125,25.6875,4.8125,14.3125,8.1875,7.1875,3.625,5.4375,4.6875,8.1875,6.0625,49.1875,18.375,38.4375,13.0625,3.125,2.625,2.625,1.4375,3.1875,1.6875,0.0,0.0,27.0,39.4375,286.6875,6,0,0,3,2,2,3,0,0,0,0,0,2,0,177.8,190.5,155.0,1.25,0.25,0.495390625,0.345791015625,0.0156396484375,0.050888671875,0.2021484375,0.169921875,0.00830078125,0.0,52.6796875,26.07421875,52.0,18.71923828125,57.28955078125,29.87890625,53.40966796875,20.02197265625,0.49560546875,0.09912109375,1.31884765625,0.1103515625,44.12158203125,19.29833984375,43.025390625,12.57470703125,3.3125,2.31005859375,7.0380859375,4.28466796875,5.24560546875,4.4658203125,1.9365234375,1.85986328125,42.14404296875,19.60595703125,46.79296875,14.24853515625,5.19677734375,3.6279296875,3.68408203125,3.0576171875,5.3388671875,2.84033203125,1.52294921875,1.4130859375,50.58935546875,42.86767578125,249.740234375,25,0,4,0,4,9,3,0,0,0,3,3,3,0,175.26,182.88,155.0,27.0,26.0,0,0,0,0,0,0,1,0,0,0,0,0,0,0,0,1,0,0,0,0,0,0,1,0
Red,False,0.64111328125,0.015625,0.6126123046875,0.5802392578125,0.0,0.0737744140625,0.001953125,0.06298828125,0.0,0.00390625,21.8935546875,12.0517578125,16.2900390625,6.83349609375,23.3486328125,13.23828125,17.31396484375,7.6025390625,0.0,0.0,0.43115234375,0.08935546875,20.81396484375,11.171875,13.34619140625,4.671875,0.44970703125,0.26513671875,1.96728515625,1.259765625,0.6298828125,0.61474609375,0.9765625,0.90185546875,15.21044921875,7.01220703125,14.8642578125,5.9765625,1.958984375,1.072265625,1.22705078125,0.69140625,4.72412109375,3.96728515625,0.19873046875,0.16552734375,8.658203125,10.98193359375,136.7802734375,19,0,5,0,5,9,3,0,0,0,1,8,0,0,190.5,208.28,265.0,0.8125,0.0,0.55296875,0.77890625,0.01546875,0.0775,0.03125,0.1875,0.0,0.046875,46.703125,25.828125,36.21875,25.890625,52.5,31.015625,41.546875,30.953125,0.546875,0.140625,1.96875,0.515625,40.609375,20.265625,19.953125,10.15625,4.34375,4.0625,9.265625,8.734375,1.75,1.5,7.0,7.0,34.859375,16.5625,27.234375,18.859375,7.4375,5.84375,6.46875,5.265625,4.40625,3.421875,2.515625,1.765625,51.59375,36.40625,345.28125,15,0,0,1,2,4,3,0,0,0,1,3,0,0,193.04,198.12,265.0,36.0,33.0,0,0,0,0,1,0,0,0,0,0,0,0,0,0,0,0,0,0,1,0,1,0,0,0
Red,False,0.0,0.0,0.7175,0.62,0.1875,0.20625,0.0,0.5,0.5,0.125,46.625,30.25,11.0,6.625,51.75,34.375,27.5,21.625,1.375,0.25,1.875,0.625,43.125,27.0,6.25,2.875,2.75,2.75,2.875,1.875,0.75,0.5,1.875,1.875,4.375,1.375,6.25,3.625,3.125,3.0,0.375,0.375,39.125,25.875,4.375,2.625,149.0,65.625,318.375,5,0,2,0,2,3,1,0,0,0,0,3,0,0,190.5,200.66,260.0,0.53125,0.1875,0.431875,0.449296875,0.203125,0.0025,0.0,0.0078125,0.0,0.0,37.984375,17.5859375,35.21875,14.4765625,54.1796875,30.3359375,36.4375,15.390625,1.3203125,0.78125,0.1171875,0.015625,33.2890625,14.5390625,27.0078125,9.328125,2.8984375,1.75,3.0234375,1.5859375,1.796875,1.296875,5.1875,3.5625,24.8515625,8.6875,28.9375,10.609375,2.0703125,0.90625,5.90625,3.6171875,11.0625,7.9921875,0.375,0.25,89.65625,9.09375,333.7265625,14,0,1,0,2,5,3,0,0,0,0,5,0,0,182.88,190.5,260.0,30.0,30.0,0,0,0,0,1,0,0,0,0,0,0,0,0,0,0,1,0,0,0,0,0,0,1,0
Blue,False,0.25,0.25,0.4375,0.5349999999999999,0.325,0.915,0.25,1.75,0.0,0.0,101.0,37.0,58.0,25.0,121.5,54.0,74.5,39.25,5.75,2.75,3.5,3.0,85.75,26.25,50.25,17.25,10.75,7.0,3.0,3.0,4.5,3.75,4.75,4.75,79.25,22.5,43.75,14.25,9.75,5.5,6.75,4.75,12.0,9.0,7.5,6.0,172.75,145.75,571.75,5,0,1,0,1,2,1,0,0,0,1,1,0,0,182.88,185.42,185.0,0.015625,0.3125,0.47859375,0.5084375,0.1453125,0.703125,0.015625,0.5625,0.515625,0.15625,92.734375,43.328125,98.203125,45.75,131.71875,78.0625,136.25,80.0,6.9375,0.875,2.796875,1.703125,59.265625,22.171875,68.796875,23.171875,13.421875,6.71875,17.953125,11.859375,20.046875,14.4375,11.453125,10.71875,75.359375,30.890625,75.640625,32.078125,12.390625,8.4375,20.375,11.734375,4.984375,4.0,2.1875,1.9375,183.359375,175.703125,890.125,19,0,4,0,4,5,2,0,0,2,2,1,0,0,182.88,185.42,170.0,27.0,34.0,0,0,0,0,0,0,0,0,0,1,0,0,0,0,0,1,0,0,0,0,0,0,1,0
Blue,False,0.0,0.0,0.42,0.66,0.66,0.0,1.0,0.0,0.0,0.0,35.0,15.0,21.0,14.0,44.0,22.0,26.0,19.0,3.0,2.0,0.0,0.0,30.0,11.0,12.0,6.0,5.0,4.0,5.0,4.0,0.0,0.0,4.0,4.0,33.0,13.0,19.0,12.0,2.0,2.0,2.0,2.0,0.0,0.0,0.0,0.0,184.0,1.0,299.0,1,0,0,1,0,0,1,0,0,0,0,0,0,0,190.5,198.12,230.0,2.0,0.0,0.32,0.32,0.0,0.0,1.0,0.0,0.0,0.0,101.0,33.0,52.0,17.0,111.0,43.0,56.0,20.0,0.0,0.0,1.0,0.0,93.0,27.0,39.0,6.0,7.0,5.0,3.0,2.0,1.0,1.0,10.0,9.0,83.0,20.0,52.0,17.0,6.0,4.0,0.0,0.0,12.0,9.0,0.0,0.0,75.0,0.0,366.0,2,0,1,0,1,1,0,0,0,0,0,0,1,0,180.34,180.34,185.0,26.0,31.0,0,0,0,0,0,0,0,1,0,0,0,0,0,0,0,1,0,0,0,0,1,0,0,0
Red,False,0.0,0.0,0.41,0.265,0.5,0.5,0.5,1.0,0.0,0.0,23.5,11.0,8.5,3.5,34.5,21.5,21.0,14.5,0.5,0.5,0.5,0.5,23.0,11.0,6.0,2.0,0.5,0.0,1.0,0.5,0.0,0.0,1.5,1.0,8.5,3.0,6.0,1.5,0.0,0.0,1.0,0.5,15.0,8.0,1.5,1.5,80.5,108.0,244.5,2,0,0,1,1,1,1,0,0,0,0,0,1,0,177.8,180.34,155.0,0.0,0.0,0.36,0.3,0.72,0.0,0.5,0.0,0.0,0.0,33.0,23.5,24.5,14.0,84.5,69.0,35.0,23.5,5.0,2.5,3.5,0.0,15.0,9.0,11.0,3.5,5.5,3.5,5.5,3.5,12.5,11.0,8.0,7.0,13.0,6.5,11.5,4.0,14.5,12.5,12.5,9.5,5.5,4.5,0.5,0.5,292.0,114.5,486.0,4,0,2,0,2,2,0,0,0,0,1,0,1,0,177.8,177.8,155.0,25.0,27.0,0,0,0,0,0,0,1,0,0,0,0,0,0,0,0,1,0,0,0,0,1,0,0,0
Red,False,0.0,0.0,0.45,0.4,0.0,0.33,0.0,5.0,0.0,0.0,72.0,33.0,83.0,34.0,88.0,47.0,92.0,41.0,1.0,0.0,6.0,2.0,43.0,13.0,58.0,20.0,14.0,10.0,16.0,8.0,15.0,10.0,9.0,6.0,61.0,25.0,74.0,29.0,5.0,4.0,8.0,5.0,6.0,4.0,1.0,0.0,137.0,236.0,900.0,3,1,0,1,0,0,1,0,0,0,0,0,0,0,172.72,172.72,135.0,0.0,0.0,0.34,0.29,0.75,0.5,2.0,1.0,1.0,0.0,111.0,38.0,130.0,38.0,125.0,48.0,135.0,43.0,4.0,3.0,2.0,1.0,97.0,28.0,92.0,19.0,11.0,9.0,5.0,3.0,3.0,1.0,33.0,16.0,98.0,28.0,126.0,38.0,1.0,1.0,4.0,0.0,12.0,9.0,0.0,0.0,208.0,26.0,900.0,3,1,0,1,0,0,1,0,0,0,0,0,0,0,172.72,175.26,135.0,22.0,24.0,1,0,0,0,0,0,0,0,0,0,0,0,0,0,0,0,0,1,0,0,0,0,1,0
Red,False,0.0625,0.5,0.375,0.44375,0.015625,0.70875,0.75,0.6875,0.0,0.125,50.46875,18.09375,70.71875,32.03125,55.21875,22.0625,95.78125,53.40625,1.78125,0.28125,4.5625,3.25,41.6875,13.0,59.125,24.5,6.5,3.46875,9.28125,5.21875,2.28125,1.625,2.3125,2.3125,36.125,10.34375,47.53125,17.0625,11.5,6.0625,12.40625,8.40625,2.84375,1.6875,10.78125,6.5625,32.84375,204.34375,588.875,14,0,0,1,1,2,4,0,0,0,1,0,1,0,177.8,177.8,155.0,0.3125,0.5625,0.323125,0.370625,0.0,0.04375,0.375,0.625,0.0,0.0,71.0,24.0625,76.125,28.375,74.4375,26.8125,84.1875,34.875,0.0,0.0,2.875,0.4375,56.5625,14.6875,50.75,12.9375,6.1875,3.4375,15.3125,7.75,8.25,5.9375,10.0625,7.6875,65.125,20.375,65.25,22.0625,3.5625,2.0,6.625,4.1875,2.3125,1.6875,4.25,2.125,16.375,77.8125,441.4375,10,0,1,0,2,3,2,0,0,0,1,2,0,0,177.8,182.88,155.0,32.0,29.0,0,0,0,0,0,0,1,0,0,0,0,0,0,0,0,1,0,0,0,0,1,0,0,0
Blue,False,0.015625,0.0,0.45,0.4275,0.25,0.2,0.148468017578125,0.098388671875,0.0,0.0,66.5,29.6875,64.31230545043945,27.34375,89.75,48.0,85.53125,44.41152191162109,2.0,0.75,2.0546875,0.75,51.1875,18.3359375,49.6123046875,16.280410766601562,7.5,5.07647705078125,7.5,5.0,4.5,3.625,4.984375,3.9375,48.6875,17.0,47.11572265625,16.5,5.75,3.75,5.3125,3.4375,5.0625,3.5,3.875,2.5,99.2119140625,94.125,638.5,0,0,0,0,0,0,0,0,0,0,0,0,0,0,182.88,187.96,185.0,0.0,1.0,0.33,0.38,0.0,0.0,0.0,0.0,0.0,0.0,24.0,8.0,26.0,10.0,24.0,8.0,26.0,10.0,0.0,0.0,0.0,0.0,20.0,4.0,24.0,10.0,0.0,0.0,2.0,0.0,4.0,4.0,0.0,0.0,24.0,8.0,23.0,9.0,0.0,0.0,1.0,0.0,0.0,0.0,2.0,1.0,0.0,1.0,80.0,1,0,0,1,0,0,1,0,0,0,0,0,0,0,177.8,177.8,170.0,22.0,31.0,0,0,0,0,0,0,0,0,0,1,0,0,0,0,0,0,0,1,0,0,1,0,0,0
Blue,False,0.0,0.0,0.38,0.38,0.0,0.4,0.0,2.0,0.0,0.0,76.0,29.0,44.0,17.0,80.0,31.0,69.0,37.0,0.0,0.0,5.0,2.0,67.0,22.0,32.0,8.0,4.0,3.0,6.0,5.0,5.0,4.0,6.0,4.0,70.0,26.0,37.0,10.0,6.0,3.0,3.0,3.0,0.0,0.0,4.0,4.0,201.0,241.0,854.0,3,0,0,1,0,0,1,0,0,0,0,0,0,0,180.34,193.04,170.0,0.25,0.0,0.43125,0.44,0.0,0.41875,0.0,0.0,0.0,0.0,62.375,23.0,75.375,28.75,64.25,24.875,83.0,35.25,0.0,0.0,3.25,1.625,38.5,10.625,59.625,16.0,11.25,5.375,8.25,5.625,12.625,7.0,7.5,7.125,60.5,21.875,69.875,24.875,0.625,0.625,1.25,1.125,1.25,0.5,4.25,2.75,1.75,58.25,395.0,9,0,0,1,2,2,2,0,0,0,1,1,0,0,177.8,177.8,155.0,27.0,32.0,0,0,0,0,0,0,0,0,0,1,0,0,0,0,0,1,0,0,0,0,1,0,0,0
Red,False,0.0,0.875,0.35375,0.33875,0.545,0.0825,0.75,0.0,0.125,0.375,53.875,19.0,48.25,16.875,84.5,42.0,66.875,33.75,6.125,3.625,0.375,0.25,44.625,12.25,37.5,10.75,2.75,1.75,6.625,3.375,6.5,5.0,4.125,2.75,39.25,9.875,35.875,9.875,2.625,1.75,2.75,1.25,12.0,7.375,9.625,5.75,219.375,40.75,554.0,10,0,1,0,2,3,1,0,0,0,2,0,1,0,162.56,165.1,125.0,0.0,0.25,0.3725,0.325625,0.34375,0.1875,0.25,0.0625,0.0,0.5,25.9375,9.6875,59.625,20.1875,53.4375,32.125,82.0,40.5,3.8125,1.5,2.1875,0.5625,23.375,8.1875,52.875,16.5625,2.3125,1.25,4.5,1.6875,0.25,0.25,2.25,1.9375,19.4375,5.5,44.0,10.8125,1.625,1.625,1.3125,0.6875,4.875,2.5625,14.3125,8.6875,185.375,130.3125,612.3125,10,0,0,1,2,3,2,0,0,0,2,0,1,0,165.1,170.18,125.0,30.0,30.0,0,0,0,1,0,0,0,0,0,0,0,0,0,0,0,0,0,1,0,0,1,0,0,0
Red,False,0.375,0.0,0.5928125,0.4756249999999999,0.28125,0.2625,0.0,0.5625,0.0,0.0,36.125,22.1875,37.25,19.03125,46.71875,30.9375,52.78125,32.71875,1.0625,0.3125,3.15625,1.0625,20.46875,8.9375,23.59375,7.5625,7.34375,5.59375,6.28125,5.28125,8.3125,7.65625,7.375,6.1875,24.125,11.96875,25.5625,9.84375,8.96875,7.84375,9.65625,7.625,3.03125,2.375,2.03125,1.5625,114.71875,128.6875,438.96875,12,0,1,0,1,3,3,0,0,0,1,2,0,0,185.42,185.42,205.0,0.0,0.0,0.51,0.415,0.385,0.06,0.0,0.0,0.0,0.0,65.0,33.5,74.0,31.5,108.5,72.5,109.5,64.0,6.5,2.5,4.5,0.5,37.5,10.5,56.0,17.0,13.0,10.0,8.0,5.0,14.5,13.0,10.0,9.5,46.5,20.0,51.5,14.5,12.5,9.5,12.5,10.5,6.0,4.0,10.0,6.5,200.5,273.0,900.0,6,0,1,0,1,1,1,0,0,0,1,0,0,0,185.42,190.5,205.0,33.0,35.0,0,0,0,0,0,1,0,0,0,0,0,0,0,0,0,1,0,0,0,0,1,0,0,0
Red,False,0.5838699340820312,0.0039215087890625,0.4088999557495117,0.3487088012695312,0.1094369506835937,0.0363829803466796,0.0626068115234375,0.1289558410644531,0.015625,0.1250038146972656,118.6216812133789,52.71684646606445,157.43475341796875,50.82601547241211,126.09223556518556,59.26414108276367,161.2456283569336,53.89414978027344,0.754913330078125,0.313507080078125,3.4969635009765625,0.3614387512207031,84.79839324951172,25.950756072998047,136.18812942504883,35.050086975097656,9.96689224243164,8.02480697631836,14.523841857910156,9.745189666748049,23.856395721435547,18.741283416748047,6.722782135009766,6.030738830566406,105.52854919433594,45.24320983886719,149.67766189575195,46.07072067260742,7.434017181396484,3.495635986328125,7.501712799072266,4.572471618652344,5.659114837646484,3.9780006408691406,0.2553787231445312,0.1828231811523437,30.355365753173828,55.56258010864258,571.8735046386719,45,1,0,1,7,13,6,0,0,0,4,7,1,1,175.26,177.8,170.0,0.3359375,0.50390625,0.3322265625,0.43623046875,0.00244140625,0.78517578125,1.02734375,0.017578125,0.3359375,0.013671875,119.3828125,44.44921875,64.484375,27.5234375,170.59375,92.736328125,89.46875,51.232421875,0.51953125,0.0078125,7.783203125,5.01171875,91.599609375,26.998046875,54.78125,20.630859375,13.025390625,7.81640625,7.0546875,5.720703125,14.7578125,9.634765625,2.6484375,1.171875,106.92578125,36.033203125,48.734375,17.794921875,9.404296875,6.09375,8.86328125,5.20703125,3.052734375,2.322265625,6.88671875,4.521484375,29.58984375,294.50390625,713.49609375,30,2,0,1,5,6,4,0,0,1,1,4,0,0,187.96,190.5,170.0,31.0,31.0,0,0,0,0,0,0,0,0,0,1,0,0,0,0,0,1,0,0,0,0,1,0,0,0
Red,False,0.0,0.0,0.3359375,0.289375,0.3378125,0.17125,0.0,0.0,0.03125,0.0,128.6875,43.125,100.90625,31.53125,139.8125,52.78125,107.21875,37.46875,7.25,0.8125,5.59375,1.03125,97.875,26.46875,81.15625,17.15625,16.6875,9.59375,9.15625,5.875,14.125,7.0625,10.59375,8.5,102.03125,27.21875,91.6875,24.6875,14.625,9.65625,8.71875,6.84375,12.03125,6.25,0.5,0.0,173.3125,82.28125,805.25,17,1,3,0,3,4,2,0,0,0,3,1,0,0,180.34,177.8,155.0,0.03515625,0.0,0.43609375,0.477265625,0.5421875,0.1996484375,0.15625,0.2890625,0.25,0.0078125,86.59765625,34.6796875,66.84765625,30.75390625,123.65625,70.42578125,121.16015625,77.8671875,2.4296875,1.625,3.15625,1.34765625,70.5859375,21.3828125,47.3359375,16.44921875,9.37109375,7.859375,11.1796875,7.12109375,6.640625,5.4375,8.33203125,7.18359375,57.55078125,19.57421875,56.6328125,23.390625,6.7734375,4.90234375,3.6328125,3.48046875,22.2734375,10.203125,6.58203125,3.8828125,352.55859375,178.4921875,870.98828125,21,0,1,0,2,6,3,0,0,1,2,1,2,0,175.26,177.8,155.0,28.0,36.0,0,0,0,0,0,0,1,0,0,0,0,0,0,0,0,0,0,1,0,0,0,0,1,0
Blue,False,0.001953125,0.03125,0.5888134765624999,0.5125439453125,0.368583984375,0.2848242187499999,2.35107421875,0.021484375,0.00390625,0.0,58.31396484375,33.763671875,63.6875,35.30810546875,84.4365234375,57.37646484375,78.10693359375,47.5322265625,6.11083984375,2.1826171875,1.609375,1.02099609375,40.15087890625,18.38427734375,48.677734375,24.703125,13.20751953125,10.63134765625,9.8349609375,7.08056640625,4.95556640625,4.748046875,5.1748046875,3.5244140625,34.51025390625,14.2900390625,41.50634765625,20.03466796875,15.18896484375,12.587890625,5.23193359375,4.458984375,8.61474609375,6.8857421875,16.94921875,10.814453125,245.8671875,332.9765625,759.27734375,23,0,2,0,3,7,5,0,0,0,1,0,6,0,177.8,187.96,155.0,0.125,0.005126953125,0.486510009765625,0.517708740234375,0.22025146484375,0.491348876953125,0.0374755859375,0.9056396484375,0.0,0.5079345703125,98.781005859375,46.695556640625,59.216796875,30.72021484375,151.961181640625,97.0079345703125,80.853515625,51.191650390625,12.492919921875,3.29833984375,4.0574951171875,2.4654541015625,73.236572265625,25.9525146484375,48.7349853515625,22.779541015625,16.5904541015625,13.247802734375,5.4051513671875,3.368896484375,8.9539794921875,7.4952392578125,5.07666015625,4.57177734375,65.2366943359375,22.38525390625,40.841552734375,17.967041015625,22.1737060546875,15.393798828125,15.3243408203125,11.457275390625,11.37060546875,8.91650390625,3.0509033203125,1.2958984375,390.3731689453125,159.0703125,871.9921875,38,0,1,0,4,9,5,0,0,1,6,1,1,0,172.72,172.72,145.0,25.0,30.0,0,0,1,0,0,0,0,0,0,0,0,0,0,0,0,1,0,0,0,0,1,0,0,0
Red,False,0.015625,0.0,0.45,0.4275,0.25,0.2,0.148468017578125,0.098388671875,0.0,0.0,66.5,29.6875,64.31230545043945,27.34375,89.75,48.0,85.53125,44.41152191162109,2.0,0.75,2.0546875,0.75,51.1875,18.3359375,49.6123046875,16.280410766601562,7.5,5.07647705078125,7.5,5.0,4.5,3.625,4.984375,3.9375,48.6875,17.0,47.11572265625,16.5,5.75,3.75,5.3125,3.4375,5.0625,3.5,3.875,2.5,99.2119140625,94.125,638.5,0,0,0,0,0,0,0,0,0,0,0,0,0,0,167.64,167.64,115.0,0.0,0.0,0.39,0.4,0.16,0.0,0.0,1.0,0.5,0.0,57.5,19.5,105.5,34.5,95.0,51.5,127.5,54.0,9.0,1.0,0.5,0.0,36.5,7.0,73.5,15.0,8.0,5.0,28.0,18.0,13.0,7.5,4.0,1.5,44.0,10.5,88.5,23.5,8.5,6.5,16.5,10.5,5.0,2.5,0.5,0.5,386.0,86.5,900.0,6,0,0,1,1,1,1,0,0,0,1,0,0,0,165.1,165.1,115.0,26.0,33.0,0,0,0,0,0,0,0,0,0,0,0,0,0,1,0,1,0,0,0,0,1,0,0,0
Blue,False,0.015625,0.0,0.45,0.4275,0.25,0.2,0.148468017578125,0.098388671875,0.0,0.0,66.5,29.6875,64.31230545043945,27.34375,89.75,48.0,85.53125,44.41152191162109,2.0,0.75,2.0546875,0.75,51.1875,18.3359375,49.6123046875,16.280410766601562,7.5,5.07647705078125,7.5,5.0,4.5,3.625,4.984375,3.9375,48.6875,17.0,47.11572265625,16.5,5.75,3.75,5.3125,3.4375,5.0625,3.5,3.875,2.5,99.2119140625,94.125,638.5,0,0,0,0,0,0,0,0,0,0,0,0,0,0,190.5,185.42,185.0,0.0,0.0,0.55,0.52,0.0,0.0,0.0,0.0,0.0,0.0,18.0,10.0,23.0,12.0,25.0,17.0,23.0,12.0,0.0,0.0,3.0,0.0,13.0,5.0,19.0,9.0,4.0,4.0,0.0,0.0,1.0,1.0,4.0,3.0,17.0,9.0,18.0,7.0,1.0,1.0,5.0,5.0,0.0,0.0,0.0,0.0,0.0,57.0,177.0,1,0,0,1,0,0,1,0,0,0,0,0,0,0,180.34,180.34,170.0,23.0,33.0,0,0,0,0,0,0,0,0,0,1,0,0,0,0,0,0,0,1,0,0,1,0,0,0
Blue,False,0.015625,0.0,0.45,0.4275,0.25,0.2,0.148468017578125,0.098388671875,0.0,0.0,66.5,29.6875,64.31230545043945,27.34375,89.75,48.0,85.53125,44.41152191162109,2.0,0.75,2.0546875,0.75,51.1875,18.3359375,49.6123046875,16.280410766601562,7.5,5.07647705078125,7.5,5.0,4.5,3.625,4.984375,3.9375,48.6875,17.0,47.11572265625,16.5,5.75,3.75,5.3125,3.4375,5.0625,3.5,3.875,2.5,99.2119140625,94.125,638.5,0,0,0,0,0,0,0,0,0,0,0,0,0,0,180.34,187.96,170.0,0.0471682548522949,0.0,0.45,0.4217682266235352,0.25,0.19173828125,0.1875,0.125,0.0,0.0,69.5,30.5,66.984375,27.8466796875,94.0,48.544921875,88.50390625,44.75,2.0,0.8125,2.015625,0.6640625,54.0,19.01513671875,51.483436584472656,16.9437255859375,7.91796875,5.430633544921875,7.75,5.0625,4.780975341796875,3.9373779296875,4.8994140625,3.84375,51.025390625,18.400863647460938,50.515625,17.5,5.75,3.75,5.5,3.5,5.375,3.6875,4.0,2.65625,104.865234375,89.5,655.8441009521484,0,0,0,0,0,0,0,0,0,0,0,0,0,0,180.34,185.42,170.0,30.0,28.0,0,0,0,0,0,0,0,0,0,1,0,0,0,0,0,1,0,0,0,0,1,0,0,0
Blue,False,0.0,0.0,0.4499999999999999,0.25,0.5800000000000001,0.0,0.0,0.0,0.5,0.5,73.0,30.5,46.0,10.5,171.0,117.0,61.5,24.0,3.5,2.0,3.0,0.0,70.0,29.0,44.5,9.0,3.0,1.5,1.0,1.0,0.0,0.0,0.5,0.5,46.5,11.5,40.0,6.0,2.0,1.0,4.5,3.0,24.5,18.0,1.5,1.5,564.0,46.5,900.0,6,0,2,0,2,2,0,0,1,0,1,0,0,0,172.72,177.8,145.0,0.4375,0.125,0.3556249999999999,0.3306249999999999,0.0,0.0525,0.625,0.0,0.0,0.0,87.375,30.6875,127.5625,39.375,95.1875,38.5,177.1875,83.25,0.25,0.0,7.4375,0.625,73.9375,20.0625,94.375,21.6875,7.0625,5.3125,29.1875,13.875,6.375,5.3125,4.0,3.8125,79.9375,25.9375,97.8125,24.875,6.3125,3.75,27.8125,13.375,1.125,1.0,1.9375,1.125,20.5,254.9375,688.9375,11,0,0,1,3,3,2,0,0,0,0,2,1,0,182.88,182.88,145.0,24.0,26.0,0,0,1,0,0,0,0,0,0,0,0,0,0,0,0,1,0,0,0,0,0,0,1,0
Red,True,1.4065628051757812,0.0704345703125,0.5606775283813477,0.430397720336914,0.0001296997070312,0.0715191650390625,0.097747802734375,0.0625152587890625,0.001953125,3.0517578125e-05,23.965076446533203,12.2529296875,20.84170150756836,8.123798370361328,26.119388580322266,14.278213500976562,23.587627410888672,10.600040435791016,0.0005722045898437,0.0004348754882812,0.7168197631835938,0.1347808837890625,21.85031509399414,10.704818725585938,15.84612274169922,5.0794525146484375,1.4786529541015625,0.9433746337890624,1.4315834045410156,0.3590736389160156,0.6361083984375,0.604736328125,3.563995361328125,2.685272216796875,11.897754669189451,3.8603286743164062,16.762828826904297,5.3421630859375,1.940570831298828,1.4795188903808594,0.3356475830078125,0.0414924621582031,10.126750946044922,6.913082122802734,3.74322509765625,2.740142822265625,13.1982421875,41.428466796875,200.39913940429688,29,4,3,0,3,13,6,0,0,0,0,10,2,1,182.88,187.96,185.0,0.4375,0.0,0.410546875,0.429921875,0.59265625,0.0,0.6484375,0.0,0.0,0.0078125,113.421875,43.515625,82.7265625,34.625,135.8984375,62.8125,94.7578125,44.3671875,7.5234375,3.1875,0.21875,0.0,90.7890625,32.96875,62.2109375,21.71875,13.5078125,4.4609375,15.265625,9.171875,9.125,6.0859375,5.25,3.734375,89.1796875,28.71875,75.5546875,29.171875,7.6015625,5.25,6.1484375,4.9375,16.640625,9.546875,1.0234375,0.515625,248.296875,9.5234375,955.5,19,3,8,0,8,8,0,0,0,0,3,3,2,0,187.96,198.12,185.0,38.0,30.0,0,0,0,0,0,0,0,1,0,0,0,0,0,0,0,0,0,1,0,0,1,0,0,0
Blue,False,0.0703125,0.06884765625,0.4592138671875,0.366240234375,0.3806640624999999,0.0316552734375,0.06640625,0.03125,0.03125,0.1005859375,110.16162109375,50.27685546875,118.17138671875,39.23046875,124.19580078125,63.2001953125,132.25830078125,51.02880859375,10.51318359375,4.69482421875,0.83154296875,0.12890625,81.505859375,26.9873046875,83.765625,20.02099609375,12.45166015625,8.4638671875,13.927734375,4.29296875,16.2041015625,14.82568359375,20.47802734375,14.91650390625,98.3134765625,44.015625,109.0615234375,32.33154296875,4.59814453125,3.18994140625,7.74072265625,5.70849609375,7.25,3.0712890625,1.369140625,1.1904296875,205.4384765625,74.60205078125,858.7421875,33,0,0,2,3,7,5,0,0,1,5,0,1,0,182.88,195.58,185.0,0.625,0.0,0.548125,0.460625,0.306875,0.051875,0.25,0.0625,0.1875,0.0,63.1875,31.8125,53.8125,21.375,70.5625,38.5,63.0625,29.1875,0.9375,0.5,1.25,0.3125,42.5,16.375,29.875,4.6875,9.8125,5.3125,8.375,4.125,10.875,10.125,15.5625,12.5625,51.5625,23.9375,48.25,17.5,2.75,1.8125,3.5625,2.625,8.875,6.0625,2.0,1.25,43.4375,53.25,483.5,11,1,0,2,3,3,2,0,0,0,1,0,0,2,182.88,200.66,185.0,32.0,30.0,0,0,0,0,0,0,0,1,0,0,0,0,0,0,0,1,0,0,0,0,1,0,0,0
Red,False,0.0,0.0,0.50875,0.42,0.465,0.4,0.125,0.125,0.875,0.25,52.125,24.25,69.5,30.5,88.25,57.0,143.875,101.125,9.5,4.625,2.625,1.125,43.25,17.375,56.875,21.25,4.25,2.625,8.0,5.625,4.625,4.25,4.625,3.625,36.875,13.0,45.125,15.125,2.5,1.75,11.0,6.25,12.75,9.5,13.375,9.125,422.0,151.125,900.0,12,0,2,0,2,3,1,0,0,0,3,0,0,0,162.56,162.56,125.0,1.28125,0.0,0.4153125,0.23,0.546875,0.04125,0.0,0.0,0.0,0.0,80.28125,32.40625,77.125,25.46875,91.59375,41.71875,84.1875,32.28125,1.5,0.6875,3.59375,0.625,59.84375,18.25,53.15625,14.5,14.78125,9.40625,12.3125,5.5625,5.65625,4.75,11.65625,5.40625,69.0,24.53125,63.5625,14.59375,5.9375,4.5625,12.9375,10.5,5.34375,3.3125,0.625,0.375,52.59375,44.1875,618.375,14,2,3,0,3,5,1,0,0,0,1,3,0,1,160.02,167.64,135.0,32.0,30.0,0,0,0,1,0,0,0,0,0,0,0,0,0,0,0,0,0,1,0,0,1,0,0,0
Blue,True,0.125,0.0,0.459375,0.42,0.3475,0.3,0.5,0.0,0.0,0.0,122.375,52.0625,105.125,51.0625,162.125,85.8125,127.75,71.9375,5.125,1.4375,3.125,1.5,96.5,35.5625,67.875,23.375,16.5625,11.75,22.6875,18.8125,9.3125,4.75,14.5625,8.875,77.0625,23.3125,75.0,28.9375,26.6875,15.4375,28.0625,21.3125,18.625,13.3125,2.0625,0.8125,260.0,207.1875,1080.625,15,1,4,0,4,4,1,0,0,0,2,1,1,0,180.34,182.88,235.0,0.80419921875,0.0,0.52978271484375,0.3223828125,0.02956787109375,0.00396728515625,0.0316162109375,0.119384765625,0.0001220703125,0.0001220703125,47.2933349609375,23.9583740234375,29.0062255859375,8.770751953125,55.2152099609375,31.009033203125,31.6630859375,11.3018798828125,0.717041015625,0.1929931640625,1.081298828125,0.0157470703125,43.35791015625,21.299072265625,22.7421875,6.158447265625,1.627685546875,0.9620361328125,3.6822509765625,0.82177734375,2.3077392578125,1.697265625,2.581787109375,1.79052734375,31.5650634765625,11.9052734375,26.891357421875,7.3011474609375,3.4510498046875,2.47265625,0.9339599609375,0.4605712890625,12.2772216796875,9.5804443359375,1.180908203125,1.009033203125,43.524169921875,10.431396484375,234.78173828125,24,0,1,0,3,10,4,0,0,0,2,8,0,0,187.96,198.12,205.0,36.0,31.0,0,0,0,0,0,1,0,0,0,0,0,0,0,0,0,1,0,0,0,0,1,0,0,0
Blue,False,0.5762939453125,0.00787353515625,0.34851318359375,0.3857696533203125,0.125030517578125,0.0675076293945312,0.03326416015625,0.062530517578125,0.0,3.0517578125e-05,45.5260009765625,14.444610595703123,39.364105224609375,14.076171875,61.280853271484375,28.019287109375,56.712799072265625,27.17486572265625,0.39068603515625,0.125030517578125,3.347442626953125,0.50006103515625,35.0634765625,7.958343505859375,32.40374755859375,9.242523193359377,4.85675048828125,3.02667236328125,4.766021728515625,3.172027587890625,5.60577392578125,3.4595947265625,2.1943359375,1.66162109375,37.90988159179688,10.030364990234377,27.0142822265625,8.824432373046875,3.510894775390625,1.12615966796875,4.051849365234375,1.954010009765625,4.105224609375,3.2880859375,8.2979736328125,3.2977294921875,68.88192749023438,88.96755981445312,472.0596923828125,30,5,1,0,6,12,4,0,0,1,1,8,2,0,190.5,195.58,240.0,0.0966796875,0.140625,0.58271484375,0.516337890625,0.51041015625,0.2475,0.0087890625,0.0078125,0.0,0.001953125,62.7841796875,30.5615234375,61.251953125,36.37109375,74.1875,40.45703125,76.390625,50.2431640625,0.7822265625,0.5234375,3.283203125,1.0,53.4609375,23.4013671875,45.23828125,23.7626953125,6.5615234375,5.2236328125,8.94921875,7.0703125,2.76171875,1.9365234375,7.064453125,5.5380859375,42.263671875,14.431640625,54.4580078125,31.2900390625,2.27734375,1.9365234375,5.0908203125,3.8310546875,18.2431640625,14.193359375,1.703125,1.25,65.30078125,113.2607421875,554.767578125,19,0,1,0,3,8,3,0,0,0,1,6,1,0,198.12,200.66,255.0,36.0,32.0,0,0,0,0,1,0,0,0,0,0,0,0,0,0,0,1,0,0,0,0,1,0,0,0
Red,False,0.03515625,0.001953125,0.395498046875,0.432021484375,0.31564453125,0.48970703125,0.0654296875,0.646484375,0.0078125,0.16015625,109.63671875,42.2099609375,113.712890625,50.7978515625,114.6650390625,46.79296875,128.64453125,65.6630859375,3.9716796875,1.4013671875,4.27734375,1.423828125,83.6416015625,24.251953125,94.5703125,36.4697265625,13.3046875,7.80859375,9.4599609375,7.294921875,12.6904296875,10.1494140625,9.6826171875,7.033203125,93.6318359375,31.01953125,99.8203125,41.2529296875,10.806640625,6.48046875,12.650390625,8.4375,5.1982421875,4.7099609375,1.2421875,1.107421875,122.326171875,95.6787109375,858.486328125,27,0,2,0,2,5,6,0,0,1,2,1,1,0,177.8,182.88,170.0,0.6328125,0.50390625,0.4394006347656249,0.594423828125,0.170609130859375,0.04730712890625,0.1260986328125,0.00634765625,0.00244140625,0.005859375,32.298095703125,11.8890380859375,42.3529052734375,17.524658203125,59.2918701171875,38.2889404296875,51.963623046875,25.7899169921875,1.8751220703125,0.690673828125,1.57080078125,0.2686767578125,28.7841796875,8.7113037109375,29.525634765625,9.241455078125,3.024169921875,2.824951171875,8.6607666015625,4.8433837890625,0.48974609375,0.352783203125,4.16650390625,3.4398193359375,16.522216796875,4.9439697265625,27.29443359375,7.16064453125,5.4681396484375,2.7178955078125,9.6837158203125,6.7457275390625,10.3077392578125,4.2271728515625,5.374755859375,3.6182861328125,131.249267578125,86.7725830078125,352.4429931640625,35,0,2,0,4,10,4,0,0,1,6,3,0,0,187.96,193.04,170.0,35.0,33.0,0,0,0,0,0,0,0,0,0,1,0,0,0,0,0,1,0,0,0,0,0,0,1,0
Red,False,0.015625,0.625,0.445,0.43625,0.146875,0.4265625,1.328125,0.59375,0.5,0.0,67.703125,34.625,60.609375,22.765625,94.359375,59.140625,75.734375,36.265625,2.5625,0.5625,1.984375,1.390625,40.546875,17.265625,42.421875,10.15625,12.90625,8.546875,8.234375,6.921875,14.25,8.8125,9.953125,5.6875,42.34375,13.140625,50.0625,14.890625,11.15625,7.90625,5.328125,3.6875,14.203125,13.578125,5.21875,4.1875,221.859375,140.171875,699.484375,19,1,2,0,2,5,2,0,0,1,0,1,3,0,167.64,167.64,125.0,0.12890625,0.125,0.39439453125,0.41607421875,0.36259765625,0.3678125,0.26953125,0.0,0.25,0.0,122.19140625,54.30859375,87.025390625,25.486328125,124.9921875,57.001953125,102.19140625,39.880859375,1.697265625,1.076171875,5.58203125,1.8046875,93.54296875,33.84765625,74.96484375,19.23828125,16.994140625,10.384765625,9.912109375,4.9140625,11.654296875,10.076171875,2.1484375,1.333984375,107.33203125,43.09375,74.68359375,20.65625,11.943359375,9.748046875,11.1484375,4.193359375,2.916015625,1.466796875,1.193359375,0.63671875,103.66015625,44.615234375,588.63671875,24,2,3,0,3,8,2,0,0,0,4,3,1,0,162.56,165.1,125.0,31.0,30.0,0,0,0,1,0,0,0,0,0,0,0,0,0,0,0,1,0,0,0,0,0,0,1,0
Red,False,1.1328125,0.0,0.4697265625,0.353125,0.0,0.04953125,0.0,0.0078125,0.0,0.0,105.91015625,50.34375,93.08984375,30.0,115.45703125,57.84375,93.79296875,30.6875,1.0,0.0,4.69921875,0.51171875,78.5546875,34.56640625,65.21875,12.28515625,20.08203125,10.2578125,15.984375,7.6015625,7.2734375,5.51953125,11.88671875,10.11328125,77.09765625,36.0390625,87.87109375,27.20703125,12.23828125,5.67578125,4.84375,2.54296875,16.57421875,8.62890625,0.375,0.25,36.515625,43.50390625,492.65234375,21,0,2,0,3,6,3,0,0,0,3,3,0,0,172.72,172.72,155.0,0.2427978515625,0.00537109375,0.4619184875488281,0.444700927734375,0.3446427917480469,0.0462911987304687,0.5703887939453125,3.0517578125e-05,0.2578125,0.0078125,111.30271911621094,52.25700378417969,115.5478973388672,56.1898193359375,119.70106506347656,59.01234436035156,122.81829833984376,62.5843505859375,4.2058868408203125,0.7854461669921875,3.305892944335937,0.3203277587890625,65.72718811035156,16.772323608398438,62.65464782714844,13.960098266601562,22.767608642578125,15.72210693359375,19.834991455078125,12.545700073242188,22.80792236328125,19.7625732421875,33.058258056640625,29.68402099609375,100.4195556640625,45.00227355957031,109.91009521484376,53.01313781738281,7.01885986328125,4.578277587890625,5.506378173828125,3.080963134765625,3.864303588867188,2.67645263671875,0.1314239501953125,0.0957183837890625,89.96696472167969,38.60888671875,839.8665466308594,36,0,4,0,7,14,3,0,0,0,6,4,4,0,185.42,185.42,155.0,30.0,32.0,0,0,0,0,0,0,1,0,0,0,0,0,0,0,0,1,0,0,0,0,1,0,0,0
Red,False,0.015625,0.0,0.45,0.4275,0.25,0.2,0.148468017578125,0.098388671875,0.0,0.0,66.5,29.6875,64.31230545043945,27.34375,89.75,48.0,85.53125,44.41152191162109,2.0,0.75,2.0546875,0.75,51.1875,18.3359375,49.6123046875,16.280410766601562,7.5,5.07647705078125,7.5,5.0,4.5,3.625,4.984375,3.9375,48.6875,17.0,47.11572265625,16.5,5.75,3.75,5.3125,3.4375,5.0625,3.5,3.875,2.5,99.2119140625,94.125,638.5,0,0,0,0,0,0,0,0,0,0,0,0,0,0,177.8,177.8,155.0,0.0471682548522949,0.0,0.45,0.4217682266235352,0.25,0.19173828125,0.1875,0.125,0.0,0.0,69.5,30.5,66.984375,27.8466796875,94.0,48.544921875,88.50390625,44.75,2.0,0.8125,2.015625,0.6640625,54.0,19.01513671875,51.483436584472656,16.9437255859375,7.91796875,5.430633544921875,7.75,5.0625,4.780975341796875,3.9373779296875,4.8994140625,3.84375,51.025390625,18.400863647460938,50.515625,17.5,5.75,3.75,5.5,3.5,5.375,3.6875,4.0,2.65625,104.865234375,89.5,655.8441009521484,0,0,0,0,0,0,0,0,0,0,0,0,0,0,177.8,177.8,155.0,31.0,23.0,0,0,0,0,0,0,1,0,0,0,0,0,0,0,0,1,0,0,0,0,0,0,1,0
Blue,False,0.0,0.0,0.505,0.135,0.705,0.0,0.5,0.0,0.0,0.0,39.5,17.0,32.0,8.0,121.5,81.5,36.5,12.5,7.0,3.5,0.0,0.0,29.5,11.0,25.5,4.0,8.5,4.5,4.5,2.0,1.5,1.5,2.0,2.0,24.5,7.5,30.5,6.5,4.0,2.5,1.0,1.0,11.0,7.0,0.5,0.5,367.0,1.0,548.0,4,0,2,0,2,2,0,0,0,0,0,1,1,0,180.34,182.88,170.0,0.05517578125,0.687744140625,0.32225830078125,0.56638427734375,0.268634033203125,0.02726318359375,0.3798828125,0.258056640625,0.06298828125,0.0,35.7769775390625,17.8646240234375,40.8094482421875,20.2608642578125,48.490478515625,29.7821044921875,46.9866943359375,25.80859375,2.05322265625,1.030517578125,1.4915771484375,0.190673828125,29.133056640625,13.0350341796875,32.30224609375,13.2017822265625,3.477783203125,2.1717529296875,4.49658203125,3.5035400390625,3.1661376953125,2.6578369140625,4.0106201171875,3.5555419921875,23.4005126953125,8.0972900390625,29.0067138671875,12.5057373046875,6.1324462890625,4.1519775390625,5.3009033203125,3.412841796875,6.2440185546875,5.6153564453125,6.5018310546875,4.34228515625,56.59521484375,74.75830078125,319.6578369140625,27,0,0,1,4,9,5,0,0,1,2,4,2,0,182.88,187.96,170.0,27.0,39.0,0,0,0,0,0,0,0,0,0,1,0,0,0,0,0,1,0,0,0,0,1,0,0,0
Red,False,0.0,0.5,0.3125,0.3675,0.25,0.1775,1.75,0.75,0.25,0.5,38.25,13.25,46.75,18.0,57.25,31.25,60.0,31.0,0.5,0.5,2.25,1.25,28.75,7.75,37.0,12.25,6.25,3.5,3.5,1.75,3.25,2.0,6.25,4.0,30.75,9.75,39.25,13.75,2.75,1.0,1.0,0.5,4.75,2.5,6.5,3.75,85.25,173.5,460.75,6,0,1,0,1,1,2,0,0,0,0,0,1,0,162.56,162.56,125.0,0.0,0.0,0.68375,0.3612499999999999,0.8125,0.07,0.75,1.625,0.0,0.5,35.75,23.5,28.0,12.5,55.0,40.625,56.25,37.375,5.125,3.75,1.75,0.5,26.625,16.0,18.125,6.25,4.75,3.875,6.75,5.0,4.375,3.625,3.125,1.25,20.625,10.875,18.0,5.0,4.5,3.875,4.0,3.25,10.625,8.75,6.0,4.25,311.375,110.75,546.375,9,0,2,0,2,2,2,0,0,0,1,1,0,0,170.18,167.64,125.0,30.0,23.0,0,0,0,1,0,0,0,0,0,0,0,0,0,0,0,1,0,0,0,0,0,0,1,0
Blue,False,0.0625,0.0,0.56328125,0.3167578125,0.64921875,0.2317578125,0.5,0.16015625,0.00390625,0.1875,112.71484375,63.5390625,43.20703125,13.7421875,174.87109375,122.1796875,55.8203125,24.296875,4.30859375,2.671875,3.703125,1.09375,89.9296875,46.0078125,32.53125,7.171875,17.1953125,13.23828125,6.51953125,2.6796875,5.58984375,4.29296875,4.15625,3.890625,65.59375,27.875,36.6484375,11.765625,22.43359375,17.0703125,3.40625,0.87890625,24.6875,18.59375,3.15234375,1.09765625,253.77734375,174.73046875,725.23828125,24,0,1,0,6,7,2,0,0,0,4,2,1,0,190.5,203.2,170.0,0.875,0.75,0.5900000000000001,0.415,0.125,0.1025,0.25,0.25,0.0,0.0,101.875,46.5,71.75,39.0,105.75,50.125,85.875,51.75,0.125,0.125,3.375,0.5,88.75,36.125,46.25,19.25,10.875,8.25,5.5,4.5,2.25,2.125,20.0,15.25,94.0,39.125,69.375,37.25,2.125,2.125,0.5,0.25,5.75,5.25,1.875,1.5,12.625,103.75,511.25,9,0,2,0,2,3,1,0,0,0,0,3,0,0,190.5,195.58,170.0,27.0,30.0,0,0,0,0,0,0,0,0,0,1,0,0,0,0,0,1,0,0,0,0,1,0,0,0
Red,False,0.52734375,0.3125,0.3027734375,0.5337109375,0.010390625,0.1440234375,0.01171875,0.0,0.00390625,0.00390625,42.7734375,13.765625,37.40234375,18.7578125,56.23828125,25.16015625,50.67578125,29.8359375,0.08203125,0.015625,1.546875,0.765625,33.30859375,9.0234375,26.39453125,9.12890625,4.74609375,1.71484375,6.25390625,5.0390625,4.71875,3.02734375,4.75390625,4.58984375,37.13671875,9.83984375,27.24609375,11.6484375,3.05078125,2.26953125,5.43359375,4.1015625,2.5859375,1.65625,4.72265625,3.0078125,50.48046875,117.0390625,360.1484375,21,0,0,1,5,6,3,0,0,1,2,3,0,0,180.34,185.42,185.0,0.5,0.0,0.33625,0.390625,0.0,0.151875,0.25,0.25,0.0625,0.0,44.625,18.0,33.9375,13.25,63.125,34.875,42.0,20.5625,0.1875,0.0,3.5625,1.125,39.25,13.9375,25.25,6.1875,2.1875,1.1875,4.125,2.8125,3.1875,2.875,4.5625,4.25,38.0,13.8125,29.0,8.9375,3.5,2.1875,1.625,1.25,3.125,2.0,3.3125,3.0625,22.75,177.3125,432.125,13,0,1,0,1,3,2,0,0,0,1,1,1,0,187.96,193.04,185.0,35.0,29.0,0,0,0,0,0,0,0,1,0,0,0,0,0,0,0,1,0,0,0,0,1,0,0,0
Blue,False,0.015625,0.0,0.45,0.4275,0.25,0.2,0.148468017578125,0.098388671875,0.0,0.0,66.5,29.6875,64.31230545043945,27.34375,89.75,48.0,85.53125,44.41152191162109,2.0,0.75,2.0546875,0.75,51.1875,18.3359375,49.6123046875,16.280410766601562,7.5,5.07647705078125,7.5,5.0,4.5,3.625,4.984375,3.9375,48.6875,17.0,47.11572265625,16.5,5.75,3.75,5.3125,3.4375,5.0625,3.5,3.875,2.5,99.2119140625,94.125,638.5,0,0,0,0,0,0,0,0,0,0,0,0,0,0,172.72,172.72,145.0,0.0,0.0,0.48,0.405,0.2,0.055,0.0,1.0,0.0,0.0,109.5,51.5,102.0,45.5,162.0,99.0,116.0,56.0,6.0,2.0,4.5,0.5,73.0,22.0,88.5,35.5,10.0,7.5,12.5,9.0,26.5,22.0,1.0,1.0,83.0,31.0,87.0,37.5,14.0,10.5,14.0,7.0,12.5,10.0,1.0,1.0,364.0,25.0,746.0,5,0,1,0,1,1,1,0,0,0,1,0,0,0,172.72,172.72,145.0,26.0,29.0,0,0,1,0,0,0,0,0,0,0,0,0,0,0,0,1,0,0,0,0,1,0,0,0
Blue,False,0.0,0.0,0.4225,0.4912499999999999,0.15,0.47,1.25,0.0,0.125,0.0,93.25,39.375,139.625,64.375,134.625,75.5,174.75,95.25,1.375,0.75,5.375,2.375,71.125,20.875,112.25,42.875,14.5,11.625,23.25,19.0,7.625,6.875,4.125,2.5,74.125,27.125,95.125,33.25,11.125,6.75,21.25,15.625,8.0,5.5,23.25,15.5,149.875,310.0,866.75,12,0,1,0,1,2,2,0,0,0,1,1,0,0,180.34,185.42,155.0,1.0,0.0,0.35,0.3399999999999999,0.0,0.575,0.0,0.0,1.0,0.5,86.5,30.0,89.0,31.0,92.0,35.5,99.0,38.5,1.0,0.0,8.0,4.5,79.0,25.5,65.5,16.0,5.0,3.0,14.5,7.5,2.5,1.5,9.0,7.5,75.0,24.5,76.5,24.0,4.5,1.0,7.5,4.5,7.0,4.5,5.0,2.5,51.5,167.0,810.5,6,0,0,1,1,1,1,0,0,0,0,1,0,0,175.26,180.34,155.0,30.0,32.0,0,0,0,0,0,0,1,0,0,0,0,0,0,0,0,1,0,0,0,0,0,0,0,1
Blue,False,0.0,2.0,0.31,0.31,0.44,0.0,0.0,0.0,1.0,2.0,91.0,29.0,107.0,34.0,91.0,29.0,113.0,40.0,9.0,4.0,1.0,0.0,79.0,22.0,102.0,32.0,10.0,5.0,4.0,2.0,2.0,2.0,1.0,0.0,86.0,26.0,93.0,29.0,2.0,2.0,4.0,0.0,3.0,1.0,10.0,5.0,105.0,95.0,721.0,3,0,0,1,0,0,1,0,0,0,0,0,0,0,180.34,190.5,155.0,0.0,0.0,0.5175,0.5325,0.225,0.22,0.75,0.0,0.0,0.75,39.25,21.25,64.75,35.0,93.25,65.25,154.75,110.0,7.0,1.5,5.25,2.0,19.5,6.25,35.0,14.25,8.5,5.0,9.75,5.25,11.25,10.0,20.0,15.5,22.25,8.25,34.25,13.25,14.5,11.25,18.5,14.75,2.5,1.75,12.0,7.0,286.0,427.0,900.0,9,1,2,0,2,2,1,0,0,1,1,0,0,0,180.34,180.34,155.0,31.0,25.0,0,0,0,0,0,0,1,0,0,0,0,0,0,0,0,1,0,0,0,0,0,0,1,0
Red,False,0.125,0.5,0.2875,0.39375,0.09375,0.0925,0.125,1.0,0.0,0.0,147.625,43.125,119.6875,46.6875,151.6875,47.1875,131.125,55.375,0.9375,0.125,2.5,0.375,111.75,24.9375,96.8125,31.8125,23.1875,10.4375,9.6875,6.5625,12.6875,7.75,13.1875,8.3125,141.375,38.9375,106.125,38.6875,4.4375,3.0625,4.5625,3.25,1.8125,1.125,9.0,4.75,17.625,134.3125,791.25,12,0,3,0,3,3,2,0,0,0,1,1,1,0,198.12,195.58,185.0,0.0048828125,0.1578369140625,0.14068115234375,0.45239013671875,0.043994140625,0.07332275390625,0.133056640625,1.2987060546875,0.0025634765625,0.06298828125,11.9359130859375,6.2196044921875,15.2384033203125,8.5023193359375,16.878662109375,10.7252197265625,23.7247314453125,15.2279052734375,2.848876953125,0.41796875,0.363525390625,0.1712646484375,7.9237060546875,3.3546142578125,11.0125732421875,5.0269775390625,2.6175537109375,2.327880859375,2.00927734375,1.5322265625,1.3946533203125,0.537109375,2.216552734375,1.943115234375,5.0572509765625,1.3594970703125,8.1363525390625,3.95654296875,1.77294921875,0.9459228515625,2.1300048828125,1.5943603515625,5.105712890625,3.9141845703125,4.9720458984375,2.951416015625,47.3758544921875,73.5926513671875,221.3145751953125,27,0,0,1,4,8,6,0,0,1,3,4,0,0,182.88,180.34,185.0,27.0,37.0,0,0,0,0,0,0,0,1,0,0,0,0,0,0,0,1,0,0,0,0,1,0,0,0
Red,False,3.0,0.0,0.59,0.56,1.0,0.42,0.0,0.0,0.0,0.0,130.0,77.0,55.0,31.0,173.0,109.0,174.0,131.0,1.0,1.0,7.0,3.0,111.0,63.0,52.0,28.0,14.0,10.0,2.0,2.0,5.0,4.0,1.0,1.0,35.0,17.0,16.0,5.0,59.0,37.0,23.0,12.0,36.0,23.0,16.0,14.0,294.0,463.0,900.0,3,0,1,0,1,1,0,0,0,1,0,0,0,0,175.26,175.26,145.0,0.0,0.0,0.3525,0.5525,0.0,0.7825,1.5,0.0,0.75,0.0,40.5,15.25,40.5,21.5,68.75,42.5,64.25,42.0,0.75,0.0,7.75,5.5,26.25,6.0,23.25,7.75,8.0,5.25,7.5,5.75,6.25,4.0,9.75,8.0,30.0,9.25,17.75,5.75,6.5,5.5,7.0,5.25,4.0,0.5,15.75,10.5,59.5,416.25,690.75,7,1,0,3,0,0,3,0,0,0,0,0,0,0,175.26,182.88,145.0,33.0,31.0,0,0,1,0,0,0,0,0,0,0,0,0,0,0,0,1,0,0,0,0,1,0,0,0
Red,False,0.564453125,0.125,0.419404296875,0.32826171875,0.17138671875,0.042177734375,0.869140625,0.03125,0.009765625,0.0009765625,48.541015625,20.9873046875,51.6533203125,17.0576171875,59.8212890625,31.0615234375,59.8759765625,24.154296875,5.166015625,1.5048828125,0.1484375,0.0595703125,39.06640625,16.0712890625,41.724609375,9.16796875,6.9443359375,3.552734375,3.939453125,2.732421875,2.5302734375,1.36328125,5.9892578125,5.1572265625,37.2197265625,13.275390625,45.3798828125,14.0751953125,4.3525390625,2.494140625,3.9814453125,2.2939453125,6.96875,5.2177734375,2.2919921875,0.6884765625,145.7392578125,16.71875,479.724609375,31,3,1,0,4,8,3,0,0,0,2,0,6,0,167.64,170.18,135.0,0.0390625,0.01953125,0.4724673461914063,0.3047222900390625,0.5949208068847657,0.0178823852539062,1.071044921875,0.20721435546875,0.0019683837890625,0.0,188.44708251953125,87.13369750976562,103.06040954589844,32.36871337890625,313.6295318603516,192.1687164306641,135.2052001953125,62.75230407714844,9.102096557617188,4.78607177734375,0.6406707763671875,0.0335540771484375,161.22662353515625,67.77680969238281,93.084716796875,25.649444580078125,18.78822326660156,13.777206420898438,5.378326416015625,3.413543701171875,8.432235717773438,5.579681396484375,4.5973663330078125,3.30572509765625,114.57498168945312,34.85292053222656,97.85726928710938,29.52632141113281,3.218414306640625,1.0587310791015625,2.661773681640625,0.9183349609375,70.6536865234375,51.2220458984375,2.541366577148437,1.9240570068359373,667.4602203369141,2.1342010498046875,1258.3208465576172,63,7,3,0,5,12,5,0,0,0,7,3,2,0,167.64,172.72,135.0,36.0,33.0,0,0,1,0,0,0,0,0,0,0,0,0,0,0,0,1,0,0,0,0,1,0,0,0
Blue,False,0.5,0.0,0.415,0.415,0.5,0.0,0.0,0.5,0.0,0.0,27.0,11.0,26.0,16.0,31.0,14.0,35.5,25.0,0.5,0.5,0.5,0.0,22.0,6.5,21.0,11.5,2.0,2.0,4.5,4.5,3.0,2.5,0.5,0.0,13.5,5.0,12.0,6.0,6.5,4.5,8.5,5.5,7.0,1.5,5.5,4.5,47.0,68.5,180.5,2,0,0,2,0,0,2,0,0,0,0,0,0,0,167.64,170.18,125.0,0.0,0.0,0.44,0.54,0.5,0.26,0.0,2.0,1.0,1.0,81.0,36.0,50.0,27.0,85.0,40.0,82.0,55.0,2.0,1.0,15.0,4.0,56.0,15.0,32.0,12.0,6.0,4.0,9.0,9.0,19.0,17.0,9.0,6.0,76.0,33.0,38.0,16.0,5.0,3.0,10.0,9.0,0.0,0.0,2.0,2.0,53.0,427.0,900.0,3,0,0,1,0,0,1,0,0,0,0,0,0,0,162.56,162.56,125.0,27.0,24.0,0,0,0,1,0,0,0,0,0,0,0,0,0,0,0,1,0,0,0,0,1,0,0,0
Red,False,0.0,1.25,0.3974999999999999,0.4825,0.1875,0.0,1.0,0.0,0.0,0.0,48.75,22.25,48.5,22.75,63.25,33.75,62.5,33.5,2.5,1.5,0.0,0.0,44.5,20.0,38.0,16.0,3.0,1.25,7.25,4.5,1.25,1.0,3.25,2.25,23.5,8.0,33.75,11.0,2.75,1.75,8.0,7.0,22.5,12.5,6.75,4.75,146.25,15.5,311.25,5,1,0,1,1,1,2,0,0,0,1,0,0,0,187.96,190.5,170.0,0.0,0.0,0.3399999999999999,0.4499999999999999,0.29,0.435,0.0,1.0,0.0,0.0,151.5,52.0,118.0,53.5,172.5,70.5,146.5,80.5,7.0,2.0,6.0,2.5,125.5,34.0,98.0,39.0,4.5,2.5,11.0,7.5,21.5,15.5,9.0,7.0,129.5,39.0,103.5,44.5,8.5,5.0,9.0,6.0,13.5,8.0,5.5,3.0,128.5,179.5,900.0,6,0,1,0,1,1,1,0,0,1,0,0,0,0,182.88,180.34,170.0,26.0,27.0,0,0,0,0,0,0,0,0,0,1,0,0,0,0,0,1,0,0,0,0,1,0,0,0
Blue,False,0.0,0.0,0.4,0.62,0.0,0.75,0.0,0.0,2.0,0.0,67.0,27.0,29.0,18.0,152.0,107.0,106.0,88.0,0.0,0.0,4.0,3.0,66.0,26.0,15.0,6.0,1.0,1.0,3.0,3.0,0.0,0.0,11.0,9.0,45.0,19.0,21.0,12.0,7.0,3.0,4.0,3.0,15.0,5.0,4.0,3.0,237.0,469.0,900.0,3,0,0,1,0,0,1,0,0,0,0,0,0,0,165.1,162.56,125.0,0.0,0.0,0.47,0.51,0.0,0.55,0.0,0.0,0.0,0.0,53.0,25.0,129.0,67.0,59.0,31.0,153.0,83.0,0.0,0.0,9.0,5.0,39.0,13.0,83.0,31.0,11.0,9.0,16.0,9.0,3.0,3.0,30.0,27.0,47.0,22.0,71.0,24.0,2.0,1.0,49.0,39.0,4.0,2.0,9.0,4.0,18.0,347.0,900.0,3,0,0,1,0,0,1,0,0,0,0,0,0,0,167.64,167.64,125.0,24.0,26.0,0,0,0,1,0,0,0,0,0,0,0,0,0,0,0,1,0,0,0,0,1,0,0,0
Red,False,0.0,0.0,0.64,0.5449999999999999,0.8,0.0,0.0,1.0,0.0,1.5,20.5,13.0,51.5,26.0,105.0,86.0,130.5,98.0,5.5,4.5,0.0,0.0,13.0,6.5,44.5,20.5,1.5,1.5,5.0,3.5,6.0,5.0,2.0,2.0,11.5,6.0,31.0,13.5,2.5,2.0,6.5,4.0,6.5,5.0,14.0,8.5,652.0,121.0,900.0,6,0,2,0,2,2,0,0,0,1,1,0,0,0,170.18,170.18,135.0,0.0,0.0,0.34,0.26,0.66,0.25,1.0,0.0,0.0,0.0,91.0,31.0,78.0,21.0,103.0,41.0,82.0,24.0,3.0,2.0,4.0,1.0,64.0,13.0,47.0,4.0,14.0,8.0,4.0,0.0,13.0,10.0,27.0,17.0,86.0,28.0,77.0,21.0,4.0,3.0,1.0,0.0,1.0,0.0,0.0,0.0,123.0,31.0,900.0,3,1,1,0,1,1,0,0,0,0,1,0,0,0,162.56,162.56,145.0,28.0,33.0,1,0,0,0,0,0,0,0,0,0,0,0,0,0,0,1,0,0,0,0,0,0,1,0
Blue,False,0.5,0.0,0.5825,0.4474999999999999,0.0,0.165,0.0,0.0,0.0,0.0,47.75,24.0,61.5,28.75,50.75,27.0,63.75,31.0,0.0,0.0,1.75,0.5,43.25,21.25,37.75,11.5,4.25,2.5,8.25,4.25,0.25,0.25,15.5,13.0,28.75,11.25,58.5,27.25,16.0,10.0,3.0,1.5,3.0,2.75,0.0,0.0,8.5,42.5,366.0,5,0,0,1,2,2,1,0,0,0,0,2,0,0,187.96,190.5,205.0,0.0,0.0,0.42,0.33,0.25,0.125,0.5,0.0,0.0,0.0,119.0,43.0,171.0,36.5,124.5,47.0,172.5,38.0,1.0,0.5,3.0,0.5,114.5,39.0,168.0,34.5,1.5,1.0,1.0,0.0,3.0,3.0,2.0,2.0,115.0,40.0,169.5,35.0,3.5,2.5,1.5,1.5,0.5,0.5,0.0,0.0,25.5,1.0,583.5,4,0,2,0,2,2,0,0,0,0,1,0,1,0,182.88,177.8,185.0,29.0,37.0,0,0,0,0,0,0,0,1,0,0,0,0,0,0,0,0,0,1,0,0,0,0,1,0
Red,False,0.92578125,0.75,0.3466796875,0.48375,0.5734375,0.1045703125,0.0078125,0.0390625,0.03125,0.03125,72.56640625,29.7421875,67.76953125,33.26171875,88.54296875,43.73046875,81.390625,44.71875,1.22265625,0.80078125,3.6953125,0.33203125,68.12890625,26.3125,52.15625,21.1796875,2.328125,1.6953125,9.03515625,6.28515625,2.109375,1.734375,6.578125,5.796875,66.40625,24.3671875,54.49609375,25.37890625,3.40625,2.89453125,3.58203125,2.08203125,2.75390625,2.48046875,9.69140625,5.80078125,116.4375,38.77734375,617.515625,22,1,0,1,4,5,4,0,0,0,1,4,0,0,177.8,182.88,265.0,0.2578125,0.5,0.4807812499999999,0.34703125,0.187890625,0.52390625,0.0,0.0,0.0,0.0,139.6484375,63.59375,177.78125,69.8046875,151.7578125,74.7265625,188.34375,79.1640625,9.8046875,0.78125,1.328125,0.6328125,128.203125,53.140625,122.4375,44.5859375,6.1640625,5.5703125,52.4375,23.0234375,5.28125,4.8828125,2.90625,2.1953125,115.4140625,49.2109375,169.2109375,63.34375,17.65625,10.625,5.4765625,3.90625,6.578125,3.7578125,3.09375,2.5546875,120.1953125,41.875,959.1484375,20,0,3,0,3,6,2,0,0,0,3,3,0,0,193.04,203.2,240.0,41.0,32.0,0,0,0,0,1,0,0,0,0,0,0,0,0,0,0,1,0,0,0,0,1,0,0,0
Blue,False,0.25,1.0,0.225,0.2425,0.0,0.225,0.25,0.0,0.75,0.0,125.25,39.25,100.75,35.25,128.25,42.25,104.5,38.5,0.25,0.0,3.5,1.25,105.25,28.75,76.0,21.5,12.75,5.25,14.5,5.75,7.25,5.25,10.25,8.0,121.5,37.0,92.25,30.75,3.25,2.25,7.5,3.5,0.5,0.0,1.0,1.0,17.5,50.0,689.5,7,0,3,0,3,3,0,0,0,0,2,0,1,0,190.5,193.04,155.0,0.0,0.0,0.5549999999999999,0.595,0.43,0.0,1.0,0.5,0.0,0.5,74.0,43.0,22.5,12.5,118.0,84.5,30.5,20.5,6.5,2.5,0.5,0.0,64.0,34.0,15.0,7.5,4.5,3.5,1.5,1.5,5.5,5.5,6.0,3.5,40.5,13.5,19.5,9.5,5.5,5.0,3.0,3.0,28.0,24.5,0.0,0.0,341.5,23.5,604.0,5,0,2,0,2,2,0,0,0,0,0,0,2,0,180.34,185.42,170.0,28.0,20.0,0,0,0,0,0,0,1,0,0,0,0,0,0,0,0,1,0,0,0,0,1,0,0,0
Blue,False,0.75,0.25,0.4974999999999999,0.53,0.0,0.25,0.5,0.0,0.0,0.0,133.75,64.0,155.0,78.25,176.5,103.0,173.0,94.75,2.25,0.0,0.5,0.25,105.5,41.0,113.5,43.75,19.25,16.0,34.25,28.25,9.0,7.0,7.25,6.25,110.75,44.25,127.0,56.25,22.0,19.25,27.25,21.25,1.0,0.5,0.75,0.75,208.0,23.75,657.25,7,0,0,2,1,1,2,0,0,0,0,1,0,0,185.42,187.96,205.0,0.126953125,0.06640625,0.48763671875,0.5498828125,0.27326171875,0.251953125,0.5546875,0.00390625,0.0,0.03515625,21.87890625,9.99609375,28.81640625,19.001953125,31.4375,18.44921875,51.37890625,41.009765625,1.814453125,0.607421875,0.755859375,0.751953125,21.04296875,9.162109375,26.5703125,17.2890625,0.0078125,0.005859375,2.20703125,1.689453125,0.828125,0.828125,0.0390625,0.0234375,12.224609375,3.080078125,10.314453125,3.90625,0.16015625,0.10546875,1.123046875,1.091796875,9.494140625,6.810546875,17.37890625,14.00390625,91.904296875,185.541015625,362.87890625,16,0,0,3,3,5,5,0,0,0,0,2,3,0,190.5,190.5,205.0,31.0,42.0,0,0,0,0,0,1,0,0,0,0,0,0,0,0,0,1,0,0,0,0,1,0,0,0
Blue,False,1.09375,0.15625,0.4034375,0.4024999999999999,0.53125,0.01375,0.0,0.03125,0.0,0.5,127.34375,50.625,104.25,38.75,138.125,60.15625,108.5,42.15625,1.28125,0.78125,2.84375,0.09375,111.96875,37.78125,82.25,24.28125,6.96875,5.46875,10.78125,5.875,8.40625,7.375,11.21875,8.59375,110.03125,41.3125,94.9375,32.0,5.875,2.8125,5.75,4.3125,11.4375,6.5,3.5625,2.4375,105.625,43.3125,588.78125,15,1,2,0,2,4,2,0,0,0,2,2,0,0,182.88,185.42,185.0,0.0009765625,0.5009765625,0.4026562499999999,0.478203125,0.5205078125,0.1499804687499999,0.0,0.0078125,0.0009765625,0.0625,97.7880859375,40.052734375,58.00390625,27.0771484375,108.87109375,50.2939453125,73.0390625,40.8779296875,1.8408203125,0.6767578125,6.41796875,1.1796875,74.83984375,24.197265625,38.6396484375,14.12890625,10.37109375,6.962890625,7.0654296875,5.2705078125,12.5771484375,8.892578125,12.298828125,7.677734375,81.4599609375,30.64453125,47.1455078125,19.9453125,16.1630859375,9.2587890625,9.28125,5.9033203125,0.1650390625,0.1494140625,1.5771484375,1.228515625,106.1298828125,117.3876953125,798.875,30,0,2,0,5,8,3,0,0,1,6,1,0,0,185.42,187.96,185.0,24.0,27.0,0,0,0,0,0,0,0,1,0,0,0,0,0,0,0,1,0,0,0,0,1,0,0,0
Blue,False,0.0,0.0,0.535,0.33,0.0,0.115,0.0,1.5,0.0,0.0,127.0,55.5,124.5,66.5,160.0,83.5,127.5,69.0,0.0,0.0,7.5,1.5,109.0,43.0,120.0,64.0,14.0,10.0,4.5,2.5,4.0,2.5,0.0,0.0,89.5,34.5,103.0,54.5,31.5,17.0,21.0,11.5,6.0,4.0,0.5,0.5,109.0,88.0,557.0,4,0,1,0,1,1,1,0,0,0,0,1,0,0,182.88,190.5,155.0,0.0,0.25,0.3915625,0.47375,0.700625,0.396875,0.59375,1.390625,0.140625,0.03125,53.71875,21.140625,70.375,28.453125,84.515625,47.015625,97.09375,50.328125,3.96875,2.8125,3.8125,1.96875,37.171875,11.203125,49.390625,14.8125,14.9375,8.703125,13.84375,9.234375,1.609375,1.234375,7.140625,4.40625,43.875,15.40625,47.421875,12.109375,4.8125,2.84375,13.703125,9.8125,5.03125,2.890625,9.25,6.53125,302.90625,186.125,736.0,20,0,2,0,2,3,4,0,0,1,2,0,0,0,180.34,185.42,145.0,25.0,31.0,0,0,1,0,0,0,0,0,0,0,0,0,0,0,0,0,0,0,1,0,1,0,0,0
Red,False,0.0,0.0,0.8,0.57,0.66,1.0,1.0,3.0,1.0,2.0,5.0,4.0,14.0,8.0,10.0,7.0,64.0,48.0,3.0,2.0,1.0,1.0,4.0,3.0,13.0,8.0,1.0,1.0,1.0,0.0,0.0,0.0,0.0,0.0,2.0,1.0,6.0,1.0,1.0,1.0,0.0,0.0,2.0,2.0,8.0,7.0,164.0,297.0,485.0,2,0,0,1,0,0,1,0,0,0,0,0,0,0,162.56,162.56,115.0,0.0,0.0,0.58,0.56,0.0,0.2,0.0,1.0,0.0,0.0,118.0,69.0,99.0,56.0,147.0,90.0,136.0,85.0,2.0,0.0,5.0,1.0,89.0,45.0,66.0,33.0,10.0,6.0,23.0,15.0,19.0,18.0,10.0,8.0,82.0,43.0,64.0,29.0,35.0,25.0,27.0,21.0,1.0,1.0,8.0,6.0,62.0,472.0,900.0,3,0,0,1,0,0,1,0,0,0,0,0,0,0,167.64,162.56,125.0,32.0,26.0,0,0,0,0,0,0,0,0,0,0,0,0,0,1,0,1,0,0,0,0,1,0,0,0
Red,False,0.015625,0.0,0.45,0.4275,0.25,0.2,0.148468017578125,0.098388671875,0.0,0.0,66.5,29.6875,64.31230545043945,27.34375,89.75,48.0,85.53125,44.41152191162109,2.0,0.75,2.0546875,0.75,51.1875,18.3359375,49.6123046875,16.280410766601562,7.5,5.07647705078125,7.5,5.0,4.5,3.625,4.984375,3.9375,48.6875,17.0,47.11572265625,16.5,5.75,3.75,5.3125,3.4375,5.0625,3.5,3.875,2.5,99.2119140625,94.125,638.5,0,0,0,0,0,0,0,0,0,0,0,0,0,0,177.8,177.8,170.0,0.265625,0.0,0.56515625,0.37609375,0.11609375,0.29,0.1875,0.1875,0.0,0.015625,57.21875,33.296875,42.640625,21.640625,67.453125,43.015625,103.4375,77.5625,1.15625,0.515625,4.890625,1.6875,31.828125,15.34375,32.984375,15.1875,13.890625,7.640625,5.515625,3.125,11.5,10.3125,4.140625,3.328125,41.984375,21.859375,21.734375,6.46875,6.796875,4.25,6.53125,2.9375,8.4375,7.1875,14.375,12.234375,56.296875,249.78125,606.484375,13,0,3,0,3,4,3,0,0,0,0,2,2,0,185.42,193.04,170.0,26.0,35.0,0,0,0,0,0,0,0,0,0,1,0,0,0,0,0,1,0,0,0,0,0,0,1,0
Blue,False,0.0,0.25,0.5,0.54,0.05,0.1625,0.5,0.0,0.0,0.0,86.0,37.75,89.25,40.5,107.25,56.75,133.5,81.25,2.0,0.25,8.5,1.75,66.75,21.75,70.75,27.5,13.5,10.75,9.5,6.5,5.75,5.25,9.0,6.5,77.25,30.5,76.75,32.5,8.25,6.75,8.75,5.5,0.5,0.5,3.75,2.5,138.0,166.0,739.25,7,1,0,1,1,1,2,0,0,0,0,0,1,0,185.42,193.04,170.0,0.125,0.0,0.5462499999999999,0.68625,0.505,0.35625,0.0,0.375,0.0,0.0,19.875,10.25,24.25,13.0,27.25,17.25,31.0,19.75,3.125,1.75,1.375,0.75,12.375,5.5,20.25,9.875,2.75,1.75,2.375,1.875,4.75,3.0,1.625,1.25,16.25,7.375,18.0,7.25,1.0,0.875,1.25,1.0,2.625,2.0,5.0,4.75,86.625,113.375,329.75,7,0,2,0,2,2,2,0,0,0,0,2,0,0,185.42,187.96,185.0,25.0,35.0,0,0,0,0,0,0,0,1,0,0,0,0,0,0,0,1,0,0,0,0,0,0,0,1
Red,False,0.0,0.0,0.57,0.56,1.0,0.5,0.0,3.0,0.0,1.0,49.0,28.0,108.0,61.0,89.0,62.0,241.0,167.0,5.0,5.0,6.0,3.0,35.0,14.0,96.0,55.0,14.0,14.0,10.0,4.0,0.0,0.0,2.0,2.0,13.0,6.0,17.0,7.0,27.0,14.0,49.0,27.0,9.0,8.0,42.0,27.0,222.0,458.0,774.0,3,0,0,1,0,0,1,0,0,0,0,0,0,0,162.56,165.1,115.0,0.0,0.0,0.8,0.61,1.0,0.5,0.0,1.0,0.0,0.0,15.0,12.0,26.0,16.0,15.0,12.0,68.0,52.0,1.0,1.0,2.0,1.0,7.0,5.0,21.0,13.0,3.0,2.0,5.0,3.0,5.0,5.0,0.0,0.0,7.0,6.0,11.0,5.0,6.0,5.0,4.0,2.0,2.0,1.0,11.0,9.0,74.0,185.0,293.0,1,0,0,1,0,0,1,0,0,0,0,0,0,0,160.02,160.02,115.0,24.0,36.0,0,0,0,0,0,0,0,0,0,0,0,0,0,1,0,1,0,0,0,0,0,0,1,0
Blue,False,0.015625,0.0,0.45,0.4275,0.25,0.2,0.148468017578125,0.098388671875,0.0,0.0,66.5,29.6875,64.31230545043945,27.34375,89.75,48.0,85.53125,44.41152191162109,2.0,0.75,2.0546875,0.75,51.1875,18.3359375,49.6123046875,16.280410766601562,7.5,5.07647705078125,7.5,5.0,4.5,3.625,4.984375,3.9375,48.6875,17.0,47.11572265625,16.5,5.75,3.75,5.3125,3.4375,5.0625,3.5,3.875,2.5,99.2119140625,94.125,638.5,0,0,0,0,0,0,0,0,0,0,0,0,0,0,165.1,165.1,125.0,0.0,0.5,0.325,0.4075,0.535,0.3,0.0,0.25,0.0,0.25,192.25,65.75,242.5,97.75,202.75,73.75,249.25,103.5,6.25,3.5,4.75,1.5,164.5,51.0,190.25,63.75,21.5,9.0,45.75,27.75,6.25,5.75,6.5,6.25,174.0,57.75,213.5,81.25,12.25,6.5,16.5,9.75,6.0,1.5,12.5,6.75,176.75,51.25,895.5,9,0,1,0,1,1,2,0,0,1,0,0,0,0,165.1,165.1,125.0,26.0,29.0,0,0,0,1,0,0,0,0,0,0,0,0,0,0,0,0,0,0,1,0,1,0,0,0
Blue,False,0.0,0.0,0.3,0.47,0.0,0.5,0.0,1.0,1.0,0.0,50.0,15.0,40.0,19.0,121.0,74.0,179.0,130.0,3.0,0.0,4.0,2.0,35.0,7.0,25.0,7.0,8.0,4.0,9.0,6.0,7.0,4.0,6.0,6.0,41.0,12.0,27.0,9.0,4.0,3.0,7.0,6.0,5.0,0.0,6.0,4.0,196.0,483.0,900.0,3,0,0,1,0,0,1,0,0,0,0,0,0,0,170.18,175.26,170.0,0.0,0.0,0.59,0.72,0.3325,0.5,0.0,0.0,0.0,0.0,19.5,8.25,41.0,28.0,41.75,30.5,64.75,50.75,2.0,0.75,1.25,1.25,17.5,7.25,24.0,13.75,1.5,0.5,12.75,11.5,0.5,0.5,4.25,2.75,15.0,5.0,18.75,8.75,4.25,3.25,12.25,11.75,0.25,0.0,10.0,7.5,83.5,190.75,391.75,5,0,0,1,1,1,2,0,0,0,0,1,0,0,180.34,185.42,170.0,27.0,38.0,0,0,0,0,0,0,0,0,0,1,0,0,0,0,0,1,0,0,0,0,1,0,0,0
Red,True,0.25,0.0,0.51,0.36,0.41625,0.1875,0.0,1.375,0.0,0.125,89.375,41.625,65.75,19.125,110.375,61.25,72.25,25.625,1.625,0.875,0.875,0.25,73.625,29.875,43.875,6.625,12.75,8.875,8.625,3.0,3.0,2.875,13.25,9.5,71.625,30.25,59.5,15.375,6.0,3.875,5.875,3.5,11.75,7.5,0.375,0.25,143.125,33.125,685.875,9,0,4,0,4,4,0,0,0,0,2,2,0,0,165.1,167.64,125.0,0.1328125,0.03125,0.6004589843749999,0.246875,0.58451171875,0.06375,1.1875,0.0361328125,0.0048828125,0.001953125,95.3232421875,58.1533203125,62.81640625,17.794921875,121.3671875,81.4169921875,79.0283203125,31.53125,3.109375,1.5166015625,4.2080078125,0.63671875,50.67578125,23.6904296875,42.8740234375,5.1396484375,24.8193359375,20.037109375,12.5869140625,8.9296875,19.828125,14.42578125,7.35546875,3.7255859375,51.28125,23.220703125,48.2919921875,8.4482421875,33.6015625,26.9453125,13.7578125,8.86328125,10.4404296875,7.9873046875,0.7666015625,0.4833984375,229.9296875,143.669921875,789.984375,40,7,2,0,7,9,2,0,0,1,5,1,2,0,160.02,167.64,125.0,24.0,28.0,0,0,0,1,0,0,0,0,0,0,0,0,0,0,0,1,0,0,0,0,1,0,0,0
Red,False,0.0,0.53125,0.5272656250000001,0.4883984374999999,0.650859375,0.020625,0.1328125,0.12890625,0.01171875,0.13671875,7.90625,3.80078125,10.6328125,5.1796875,8.72265625,4.57421875,15.28515625,9.58984375,1.0234375,0.73828125,0.53125,0.03125,6.9453125,3.1640625,8.1875,3.5859375,0.8828125,0.55859375,2.01953125,1.30078125,0.078125,0.078125,0.42578125,0.29296875,5.9921875,2.76953125,7.3515625,2.8984375,1.35546875,0.7578125,2.28125,1.375,0.55859375,0.2734375,1.0,0.90625,22.83203125,16.46875,115.87890625,13,0,1,0,1,4,5,0,0,0,1,1,1,1,182.88,177.8,185.0,0.00152587890625,0.5625,0.4661273193359375,0.5162094116210937,0.090423583984375,0.156402587890625,0.00830078125,0.058837890625,0.015655517578125,0.007843017578125,100.86581420898438,46.6324462890625,117.68557739257812,59.25958251953125,131.89080810546875,75.62374877929688,137.50881958007812,75.66378784179688,7.091705322265625,0.76593017578125,0.816497802734375,0.6566162109375,55.756866455078125,17.948089599609375,87.78265380859375,37.57711791992188,18.39022827148437,7.127349853515625,17.7484130859375,10.50732421875,26.718719482421875,21.5570068359375,12.154510498046877,11.175140380859377,79.80459594726562,30.965484619140625,91.81301879882812,40.98825073242188,14.0689697265625,9.851470947265623,14.34014892578125,11.017608642578123,6.99224853515625,5.81549072265625,11.53240966796875,7.25372314453125,193.2837829589844,86.41876220703125,843.8444519042969,39,2,0,4,4,7,9,0,0,1,3,2,0,0,180.34,190.5,170.0,32.0,35.0,0,0,0,0,0,0,0,0,0,1,0,0,0,0,0,0,0,1,0,0,1,0,0,0
Red,False,0.015625,0.0,0.45,0.4275,0.25,0.2,0.148468017578125,0.098388671875,0.0,0.0,66.5,29.6875,64.31230545043945,27.34375,89.75,48.0,85.53125,44.41152191162109,2.0,0.75,2.0546875,0.75,51.1875,18.3359375,49.6123046875,16.280410766601562,7.5,5.07647705078125,7.5,5.0,4.5,3.625,4.984375,3.9375,48.6875,17.0,47.11572265625,16.5,5.75,3.75,5.3125,3.4375,5.0625,3.5,3.875,2.5,99.2119140625,94.125,638.5,0,0,0,0,0,0,0,0,0,0,0,0,0,0,182.88,180.34,155.0,0.265625,0.0,0.469453125,0.27625,0.0,0.0990625,0.0,0.015625,0.0,0.0,113.8203125,53.6875,129.1796875,35.0,116.9140625,56.6875,130.5859375,36.375,0.0,0.0,6.3984375,1.0234375,75.109375,30.1328125,102.4375,19.5703125,27.1640625,13.515625,17.96875,8.203125,11.546875,10.0390625,8.7734375,7.2265625,98.1953125,46.078125,121.7421875,30.4140625,11.4765625,5.3515625,6.6875,4.0859375,4.1484375,2.2578125,0.75,0.5,4.03125,53.0078125,692.3046875,20,0,2,0,3,5,3,0,0,0,3,2,0,0,172.72,172.72,155.0,28.0,29.0,0,1,0,0,0,0,0,0,0,0,0,0,0,0,0,1,0,0,0,0,1,0,0,0
Red,False,0.375,0.5352783203125,0.28917724609375,0.503634033203125,0.23820068359375,0.0634967041015625,0.0294189453125,0.4732666015625,0.29010009765625,0.00146484375,36.14215087890625,18.6533203125,41.3282470703125,18.054931640625,47.4879150390625,27.0404052734375,47.953369140625,23.3724365234375,1.867431640625,1.09783935546875,1.25555419921875,0.25103759765625,25.8006591796875,11.0543212890625,33.85870361328125,12.89697265625,5.66162109375,3.67987060546875,4.991943359375,2.75457763671875,4.67987060546875,3.91912841796875,2.47760009765625,2.40338134765625,27.1104736328125,12.065185546875,32.79681396484375,12.935546875,4.06585693359375,3.46356201171875,3.408935546875,1.70965576171875,4.9658203125,3.12457275390625,5.12249755859375,3.40972900390625,127.400390625,36.76141357421875,365.2095947265625,28,1,0,1,3,9,6,0,0,1,4,2,2,0,187.96,193.04,185.0,0.2519617080688476,0.5316781997680664,0.2867056465148925,0.4183034229278564,0.0082751083374023,0.0614463520050048,0.0001239776611328,0.5002546310424805,1.430511474609375e-06,0.0156254768371582,137.5433349609375,44.14862823486328,76.14504051208496,29.662705898284912,140.60695791244507,46.98095083236694,81.70151662826538,33.847039222717285,1.2810783386230469,0.0778303146362304,1.6636085510253906,0.6609625816345215,118.64677953720091,32.0254020690918,51.34363842010498,13.051264762878418,11.364532470703123,5.453084945678711,18.000393867492676,10.670481204986572,7.532022953033447,6.670141220092773,6.801008224487305,5.940959930419922,134.3868818283081,41.79774570465088,68.20581102371216,24.69276189804077,2.129484176635742,1.702253818511963,2.375758171081543,1.557384967803955,1.0269689559936523,0.6486287117004395,5.56347131729126,3.412559032440185,14.27154541015625,104.01941967010498,698.5397958755493,56,1,4,0,4,15,7,0,0,1,5,9,0,0,185.42,190.5,185.0,31.0,36.0,0,0,0,0,0,0,0,1,0,0,0,0,0,0,0,1,0,0,0,0,1,0,0,0
Blue,False,0.0,0.0,0.55,0.35,0.0,0.18,0.0,0.0,0.0,0.0,217.0,120.0,189.0,67.0,219.0,122.0,195.0,71.0,0.0,0.0,11.0,2.0,170.0,79.0,180.0,63.0,29.0,25.0,4.0,1.0,18.0,16.0,5.0,3.0,187.0,102.0,186.0,64.0,30.0,18.0,3.0,3.0,0.0,0.0,0.0,0.0,3.0,133.0,900.0,3,0,1,0,1,1,0,0,0,0,1,0,0,0,170.18,177.8,145.0,0.03125,0.3125,0.441328125,0.41109375,0.442734375,0.06578125,0.0,0.921875,0.3828125,0.65625,105.8671875,44.8671875,105.59375,39.0078125,125.125,60.8125,150.6640625,79.234375,4.265625,2.671875,2.734375,0.1484375,78.9765625,28.0234375,83.8828125,21.5625,23.1640625,14.0390625,15.9140625,12.2109375,3.7265625,2.8046875,5.796875,5.234375,91.7734375,34.21875,78.890625,20.828125,8.3984375,7.046875,8.6328125,6.7734375,5.6953125,3.6015625,18.0703125,11.40625,278.0078125,145.0390625,766.5859375,19,0,0,1,3,5,3,0,0,3,2,0,0,0,170.18,172.72,135.0,23.0,35.0,1,0,0,0,0,0,0,0,0,0,0,0,0,0,0,0,0,1,0,0,1,0,0,0
Red,False,0.00390625,0.265625,0.5046875,0.59546875,0.01953125,0.5745703125,0.078125,0.015625,0.00390625,0.0,70.01953125,41.13671875,55.8984375,29.265625,108.23046875,71.23828125,86.5703125,56.859375,0.08203125,0.0390625,3.60546875,2.07421875,54.2265625,29.26171875,41.796875,16.66796875,15.6015625,11.68359375,6.625,5.2421875,0.19140625,0.19140625,7.4765625,7.35546875,48.59765625,24.1953125,30.1640625,11.578125,6.80078125,5.48828125,7.3828125,5.16015625,14.62109375,11.453125,18.3515625,12.52734375,65.0859375,264.2578125,501.078125,23,0,1,0,3,5,4,0,0,1,2,2,0,0,185.42,190.5,205.0,0.0390625,0.5,0.3514404296875,0.4768408203124999,0.09955078125,0.665830078125,0.0,0.2900390625,0.0,0.0009765625,111.6884765625,37.37841796875,139.29638671875,65.60498046875,119.376953125,44.94287109375,170.80517578125,93.59619140625,3.20458984375,0.298828125,6.87744140625,3.8310546875,101.07275390625,28.02392578125,114.5078125,46.14990234375,7.48388671875,6.25390625,12.1259765625,8.7763671875,3.1318359375,3.1005859375,12.66259765625,10.6787109375,99.7109375,31.119140625,98.6865234375,37.54736328125,11.26416015625,5.86767578125,13.39794921875,9.20703125,0.71337890625,0.3916015625,27.2119140625,18.8505859375,21.24267578125,289.17333984375,907.7119140625,36,4,3,0,3,7,5,0,0,1,3,3,0,0,185.42,185.42,205.0,35.0,36.0,0,1,0,0,0,0,0,0,0,0,0,0,0,0,0,1,0,0,0,0,1,0,0,0
Red,False,1.0,0.0,0.51,0.4,0.0,0.6,0.0,0.0,0.0,0.0,122.0,63.0,60.0,24.0,172.0,106.0,71.0,35.0,0.0,0.0,5.0,3.0,106.0,50.0,48.0,13.0,7.0,7.0,9.0,8.0,9.0,6.0,3.0,3.0,72.0,32.0,36.0,12.0,22.0,10.0,21.0,10.0,28.0,21.0,3.0,2.0,144.0,138.0,804.0,3,0,1,0,1,1,0,0,0,0,0,1,0,0,182.88,182.88,170.0,0.0,0.0,0.41,0.28,0.285,0.11,0.0,0.0,0.0,1.0,128.5,53.0,105.0,31.0,140.5,63.5,112.0,36.0,3.5,2.0,5.0,1.0,95.5,24.0,86.0,18.0,14.5,11.0,13.0,8.5,18.5,18.0,6.0,4.5,118.0,47.0,99.0,26.5,10.0,5.5,5.5,4.5,0.5,0.5,0.5,0.0,236.5,57.0,900.0,6,1,2,0,2,2,0,0,0,1,1,0,0,0,177.8,180.34,170.0,25.0,28.0,0,0,0,0,0,0,1,0,0,0,0,0,0,0,0,0,0,1,0,0,1,0,0,0
Red,False,0.0,0.0,0.47,0.315,0.5,0.0,0.0,0.0,0.0,0.0,292.0,144.5,226.0,72.0,330.5,181.5,251.0,96.5,0.5,0.5,2.5,0.0,215.0,79.5,191.0,44.5,40.5,33.0,18.5,12.0,36.5,32.0,16.5,15.5,208.5,78.5,183.0,46.0,80.5,63.0,43.0,26.0,3.0,3.0,0.0,0.0,115.0,106.5,900.0,6,0,0,1,1,1,1,0,0,0,1,0,0,0,165.1,167.64,135.0,0.0,0.0,0.39125,0.67125,0.29,0.6875,0.375,0.0,0.25,0.125,61.75,26.0,54.0,28.375,98.375,57.75,75.625,46.75,1.25,0.625,0.875,0.75,42.25,14.125,46.5,22.75,5.625,3.375,2.25,1.625,13.875,8.5,5.25,4.0,50.125,18.625,43.625,19.875,7.875,4.5,4.5,2.75,3.75,2.875,5.875,5.75,147.125,66.875,458.0,10,1,3,0,3,3,1,0,0,1,2,0,0,0,167.64,172.72,135.0,29.0,30.0,0,0,0,0,0,0,0,0,0,0,1,0,0,0,0,1,0,0,0,0,1,0,0,0
Red,False,0.0,0.0,0.44,0.425,0.685,0.165,1.0,0.0,0.0,0.0,130.5,59.0,158.5,68.0,178.0,96.0,193.5,98.0,6.0,3.5,3.5,1.0,105.5,42.5,126.0,43.5,17.5,12.5,16.0,12.5,7.5,4.0,16.5,12.0,99.5,38.0,123.5,47.0,13.5,8.5,13.0,7.0,17.5,12.5,22.0,14.0,331.5,107.5,900.0,6,0,0,1,1,1,1,0,0,0,1,0,0,0,175.26,175.26,155.0,0.0,0.0,0.51,0.43,0.31,0.5,0.5,0.0,0.0,0.0,82.0,38.0,113.0,47.5,89.0,45.0,143.0,77.0,7.0,2.0,0.5,0.5,67.0,26.0,74.5,16.5,13.0,10.0,17.0,12.0,2.0,2.0,21.5,19.0,75.5,33.0,102.5,41.5,4.0,3.5,9.0,5.0,2.5,1.5,1.5,1.0,125.0,27.0,701.0,5,1,0,1,1,1,1,0,0,0,0,0,1,0,175.26,177.8,155.0,26.0,26.0,0,0,0,0,0,0,1,0,0,0,0,0,0,0,0,1,0,0,0,0,0,0,1,0
Red,False,0.25,0.5,0.68875,0.71,0.0,0.63125,0.0,0.25,0.0,0.0,49.125,30.0,27.375,16.25,57.625,38.0,50.5,37.875,0.25,0.0,3.375,2.0,30.75,14.375,22.75,12.625,11.625,9.25,3.25,2.375,6.75,6.375,1.375,1.25,33.625,17.125,19.75,10.625,12.25,10.625,3.125,2.5,3.25,2.25,4.5,3.125,36.875,180.625,392.5,9,0,1,0,1,2,2,0,0,1,0,1,0,0,177.8,177.8,170.0,0.0,0.0,0.605,0.205,0.75,0.125,0.0,0.0,0.0,0.0,95.0,57.0,89.5,23.5,151.0,111.5,118.5,50.5,4.0,3.0,4.5,1.0,69.5,36.5,72.5,12.5,17.5,14.5,4.5,1.5,8.0,6.0,12.5,9.5,66.5,35.0,86.0,21.0,7.5,7.0,3.5,2.5,21.0,15.0,0.0,0.0,394.0,22.0,900.0,6,0,2,0,2,2,0,0,0,1,1,0,0,0,185.42,187.96,170.0,39.0,33.0,0,0,0,0,0,0,0,0,0,1,0,0,0,0,0,1,0,0,0,0,1,0,0,0
Blue,False,0.0,0.0,0.37,0.24,0.0,0.0,0.0,0.0,0.0,0.0,275.0,104.0,270.0,67.0,278.0,106.0,272.0,69.0,2.0,0.0,3.0,0.0,246.0,85.0,249.0,57.0,25.0,17.0,17.0,6.0,4.0,2.0,4.0,4.0,248.0,94.0,254.0,64.0,27.0,10.0,16.0,3.0,0.0,0.0,0.0,0.0,1.0,125.0,900.0,3,0,1,0,1,1,0,0,0,1,0,0,0,0,170.18,172.72,115.0,0.0,0.0,0.8,0.43,0.0,1.0,0.0,0.0,0.0,0.0,5.0,4.0,76.0,33.0,9.0,8.0,119.0,66.0,0.0,0.0,2.0,2.0,2.0,2.0,74.0,32.0,3.0,2.0,2.0,1.0,0.0,0.0,0.0,0.0,2.0,2.0,4.0,0.0,3.0,2.0,2.0,1.0,0.0,0.0,70.0,32.0,2.0,267.0,299.0,1,1,0,1,0,0,1,0,0,0,0,0,0,0,170.18,170.18,115.0,31.0,38.0,0,0,0,0,0,0,0,0,0,0,0,0,0,1,0,1,0,0,0,0,1,0,0,0
Red,False,0.0,0.0,0.61,0.8,0.5,1.0,1.0,0.0,0.0,0.0,26.0,16.0,15.0,12.0,68.0,52.0,15.0,12.0,2.0,1.0,1.0,1.0,21.0,13.0,7.0,5.0,5.0,3.0,3.0,2.0,0.0,0.0,5.0,5.0,11.0,5.0,7.0,6.0,4.0,2.0,6.0,5.0,11.0,9.0,2.0,1.0,185.0,74.0,293.0,1,0,1,0,1,1,0,0,0,0,0,0,1,0,157.48000000000002,162.56,115.0,0.0,0.0,0.53,0.39,0.5,0.5,0.0,0.0,0.0,1.0,102.0,55.0,98.0,39.0,124.0,76.0,166.0,94.0,2.0,1.0,8.0,4.0,89.0,44.0,76.0,24.0,3.0,2.0,12.0,8.0,10.0,9.0,10.0,7.0,82.0,42.0,71.0,19.0,5.0,1.0,7.0,6.0,15.0,12.0,20.0,14.0,136.0,401.0,900.0,3,0,0,1,0,0,1,0,0,0,0,0,0,0,162.56,160.02,115.0,27.0,29.0,0,0,0,0,0,0,0,0,0,0,0,0,0,1,0,1,0,0,0,0,1,0,0,0
Blue,False,0.0625,0.125,0.484375,0.389375,0.7075,0.09375,1.1875,0.0625,0.0,0.0,52.6875,25.875,55.5,20.4375,62.25,33.6875,62.25,25.9375,2.4375,1.5,3.375,0.1875,35.4375,12.875,43.4375,12.4375,12.625,9.375,7.0,3.5625,4.625,3.625,5.0625,4.4375,34.5,14.375,44.9375,13.4375,8.9375,5.125,9.1875,5.8125,9.25,6.375,1.375,1.1875,196.1875,44.625,541.5625,9,0,1,0,3,4,1,0,0,0,1,0,3,0,177.8,182.88,155.0,0.00213623046875,0.5,0.3784450531005859,0.4344793701171875,0.3075421905517578,0.0494562530517578,0.4766006469726562,0.2580947875976562,0.0627517700195312,0.0625457763671875,52.03443145751953,22.117202758789062,60.98777770996094,27.701942443847656,55.90561676025391,25.93661499023437,70.53120422363281,36.69267272949219,3.5771484375,0.7456130981445312,1.5229949951171875,0.3447494506835937,36.84362030029297,10.204757690429688,39.34532165527344,14.58953857421875,6.582275390625,4.940650939941406,16.120201110839844,8.98126220703125,8.608535766601562,6.971794128417969,5.522254943847656,4.131141662597656,44.42700958251953,16.81903839111328,53.17931365966797,22.74420166015625,5.8292083740234375,3.806564331054688,4.774589538574219,3.124702453613281,1.7782135009765625,1.4916000366210938,3.03387451171875,1.833038330078125,45.35472869873047,62.0376205444336,429.33602142333984,41,0,2,0,7,13,5,0,0,0,5,2,6,0,172.72,180.34,155.0,25.0,31.0,0,0,0,0,0,0,1,0,0,0,0,0,0,0,0,0,0,1,0,0,0,0,1,0
Red,False,0.0,0.001953125,0.5093408203125,0.470048828125,0.0,0.274990234375,0.259765625,0.07958984375,0.00048828125,0.0625,109.67724609375,56.31640625,75.56103515625,34.416015625,130.1162109375,74.900390625,91.51953125,47.021484375,0.783203125,0.0,7.85302734375,2.10302734375,79.8134765625,31.26806640625,45.1220703125,11.15283203125,10.6494140625,9.0322265625,16.62548828125,10.49365234375,19.21435546875,16.01611328125,13.8134765625,12.76953125,97.31201171875,46.45947265625,63.6376953125,25.12939453125,9.111328125,7.10693359375,9.3876953125,7.96337890625,3.25390625,2.75,2.53564453125,1.3232421875,98.83154296875,239.0380859375,854.1435546875,32,0,2,0,4,6,6,0,0,2,2,0,1,1,187.96,190.5,185.0,0.125,0.0,0.505,0.34125,0.36625,0.0,1.375,0.0,0.125,0.25,47.75,24.5,48.875,18.375,74.0,47.375,85.25,51.375,6.5,2.625,0.25,0.0,35.375,14.125,44.125,15.5,7.75,5.75,2.375,1.0,4.625,4.625,2.375,1.875,30.625,10.875,42.625,14.75,7.0,4.625,6.25,3.625,10.125,9.0,0.0,0.0,477.375,11.625,708.0,8,0,4,0,4,4,0,0,0,0,1,1,2,0,185.42,182.88,185.0,28.0,35.0,0,0,0,0,0,0,0,1,0,0,0,0,0,0,0,1,0,0,0,0,1,0,0,0
Red,False,0.0,0.125,0.5825,0.34375,0.47,0.25,0.125,0.5,0.0,0.0,88.875,54.25,43.125,14.125,136.875,96.875,45.0,15.5,9.25,4.875,1.25,0.5,83.625,49.75,35.75,8.125,3.75,3.125,2.75,2.75,1.5,1.375,4.625,3.25,23.875,7.75,36.75,8.875,4.75,3.375,3.25,3.125,60.25,43.125,3.125,2.125,509.875,23.625,740.875,9,0,0,1,3,3,1,0,0,0,2,1,0,0,187.96,193.04,205.0,0.5,0.0,0.5128125,0.53,0.375,0.105,0.1875,0.25,0.0,0.0,37.53125,13.96875,25.40625,10.125,40.15625,16.59375,42.75,24.34375,1.125,0.8125,5.59375,2.25,31.375,10.34375,17.25,5.21875,4.40625,2.59375,3.1875,1.46875,1.75,1.03125,4.96875,3.4375,28.84375,8.84375,19.90625,6.75,2.09375,1.3125,1.75,1.125,6.59375,3.8125,3.75,2.25,50.1875,164.625,475.0625,13,0,4,0,4,5,1,0,1,0,0,3,1,0,190.5,203.2,205.0,34.0,32.0,0,0,0,0,0,1,0,0,0,0,0,0,0,0,0,1,0,0,0,0,0,0,1,0
Blue,False,0.0,0.0,0.5700000000000001,0.325,0.8,0.33,1.5,0.5,0.0,0.0,93.5,54.0,49.5,16.5,154.5,113.0,63.5,28.5,4.5,3.5,3.0,2.0,62.0,31.0,36.0,9.0,21.5,16.5,9.5,5.0,10.0,6.5,4.0,2.5,35.5,10.5,34.5,8.5,25.5,18.5,13.0,7.0,32.5,25.0,2.0,1.0,494.5,95.5,865.0,6,0,2,0,2,2,0,0,0,0,1,1,0,0,170.18,180.34,135.0,0.2578125,0.0,0.26353515625,0.55904296875,0.096640625,0.724765625,0.0625,0.28125,0.0,0.0078125,102.576171875,34.869140625,90.857421875,40.02734375,118.7109375,47.671875,99.830078125,48.619140625,2.19921875,0.58984375,3.185546875,2.142578125,93.939453125,28.42578125,81.744140625,32.798828125,7.52734375,5.658203125,7.763671875,5.95703125,1.109375,0.78515625,1.349609375,1.271484375,88.85546875,27.404296875,73.841796875,25.953125,3.76953125,2.03125,3.154296875,2.462890625,9.951171875,5.43359375,13.861328125,11.611328125,164.0625,52.142578125,479.2109375,27,0,1,0,5,7,3,0,0,3,3,1,0,0,170.18,175.26,135.0,25.0,31.0,1,0,0,0,0,0,0,0,0,0,0,0,0,0,0,1,0,0,0,0,1,0,0,0
Blue,False,0.625,0.125,0.61875,0.3275,0.0,0.0,1.0,0.0,0.0,0.0,25.75,13.25,37.875,9.875,27.0,14.5,38.0,10.0,0.125,0.0,1.25,0.0,15.875,5.75,30.625,6.125,7.625,5.375,4.125,0.625,2.25,2.125,3.125,3.125,20.5,9.5,36.5,8.625,1.375,0.875,0.625,0.625,3.875,2.875,0.75,0.625,34.25,8.125,248.375,5,0,0,1,3,3,1,0,0,0,0,1,2,0,190.5,195.58,205.0,0.5728073120117188,0.00439453125,0.5124772262573243,0.1478770446777343,0.0790151977539062,0.1093456268310546,0.0010643005371093,0.003997802734375,1.9073486328125e-05,0.125,60.82601165771485,25.87491226196289,63.1052360534668,21.92178726196289,63.24549102783203,28.043731689453125,75.20639419555664,32.769798278808594,0.2739334106445312,0.14276123046875,4.000991821289063,1.3330574035644531,46.84228515625,17.645706176757812,46.96988677978516,14.393329620361328,10.211227416992188,5.707176208496094,8.136367797851562,2.619232177734375,3.772499084472656,2.5220298767089844,7.998981475830078,4.909225463867188,51.36471939086914,19.6230583190918,55.19292449951172,17.07843017578125,4.251735687255859,2.793670654296875,4.268714904785156,2.531818389892578,5.209556579589844,3.4581832885742188,3.643596649169922,2.3115386962890625,31.688140869140625,86.78307723999023,655.032470703125,50,5,8,0,8,14,5,0,0,1,6,6,1,0,185.42,187.96,185.0,30.0,36.0,0,0,0,0,0,0,0,1,0,0,0,0,0,0,0,0,0,1,0,0,0,0,1,0
Blue,False,0.3193359375,0.0,0.4305859374999999,0.286669921875,0.5,0.046826171875,0.125,0.0029296875,0.0,0.125,144.4521484375,58.5966796875,117.7001953125,32.626953125,155.234375,67.43359375,121.2548828125,35.494140625,0.5078125,0.5,3.34765625,0.4169921875,119.267578125,42.923828125,85.841796875,15.8173828125,19.1953125,12.40625,15.6728515625,7.0654296875,5.9892578125,3.2666015625,16.185546875,9.744140625,120.6025390625,41.056640625,107.36328125,26.845703125,12.9013671875,8.6796875,8.4716796875,5.013671875,10.9482421875,8.8603515625,1.865234375,0.767578125,99.6650390625,53.7646484375,693.1181640625,27,0,0,1,5,8,3,0,0,1,2,4,1,0,180.34,175.26,145.0,0.1796875,0.0,0.38671875,0.368984375,0.203125,0.39984375,0.0078125,1.0078125,0.0,0.125,121.3828125,47.703125,187.9921875,70.75,144.3984375,69.25,297.640625,161.1796875,0.2890625,0.2734375,9.7578125,4.34375,101.09375,34.3125,160.6328125,52.7265625,8.203125,5.3671875,14.4609375,10.75,12.0859375,8.0234375,12.8984375,7.2734375,113.609375,42.4296875,134.59375,34.8359375,2.015625,1.3671875,3.90625,0.875,5.7578125,3.90625,49.4921875,35.0390625,23.6953125,576.9296875,1292.765625,23,0,0,1,6,6,2,0,0,0,2,4,0,0,172.72,177.8,145.0,23.0,31.0,0,0,1,0,0,0,0,0,0,0,0,0,0,0,0,1,0,0,0,0,1,0,0,0
Blue,False,0.125,0.5,0.5025000000000001,0.5237499999999999,0.1875,0.0,0.0,1.0,0.0,0.0,121.5,63.625,190.0,99.75,143.25,83.0,220.75,128.0,4.125,0.875,2.375,0.0,88.375,35.5,150.875,68.625,15.5,12.75,25.625,18.5,17.625,15.375,13.5,12.625,102.375,48.375,177.0,88.625,14.625,11.75,12.5,10.875,4.5,3.5,0.5,0.25,105.0,138.0,801.875,11,0,0,1,1,2,2,0,0,1,0,1,0,0,190.5,193.04,230.0,0.0,0.0,0.5700000000000001,0.3,0.765,0.0,0.0,0.5,0.0,0.0,63.0,34.5,39.5,15.0,95.0,61.5,41.5,17.0,7.5,4.5,0.5,0.0,52.5,26.5,27.5,6.5,9.5,7.5,7.0,5.0,1.0,0.5,5.0,3.5,33.5,13.5,31.5,11.0,23.0,15.5,8.0,4.0,6.5,5.5,0.0,0.0,273.5,0.0,480.5,4,1,2,0,2,2,0,0,0,0,1,1,0,0,190.5,200.66,205.0,29.0,25.0,0,0,0,0,0,1,0,0,0,0,0,0,0,0,0,1,0,0,0,0,1,0,0,0
Blue,False,0.0,0.0,0.56,0.57,0.5,1.0,3.0,0.0,1.0,0.0,108.0,61.0,49.0,28.0,241.0,167.0,89.0,62.0,6.0,3.0,5.0,5.0,96.0,55.0,35.0,14.0,10.0,4.0,14.0,14.0,2.0,2.0,0.0,0.0,17.0,7.0,13.0,6.0,49.0,27.0,27.0,14.0,42.0,27.0,9.0,8.0,458.0,222.0,774.0,3,0,1,0,1,1,0,0,0,0,0,1,0,0,162.56,165.1,115.0,0.0,0.0,0.57,0.8,1.0,0.66,3.0,1.0,2.0,1.0,14.0,8.0,5.0,4.0,64.0,48.0,10.0,7.0,1.0,1.0,3.0,2.0,13.0,8.0,4.0,3.0,1.0,0.0,1.0,1.0,0.0,0.0,0.0,0.0,6.0,1.0,2.0,1.0,0.0,0.0,1.0,1.0,8.0,7.0,2.0,2.0,297.0,164.0,485.0,2,0,1,0,1,1,0,0,0,0,0,0,1,0,162.56,165.1,115.0,21.0,30.0,0,0,0,0,0,0,0,0,0,0,0,0,0,1,0,1,0,0,0,0,1,0,0,0
Blue,False,0.0,0.0,0.2,0.51,0.0,1.0,0.0,0.0,0.0,0.0,5.0,1.0,31.0,16.0,5.0,1.0,32.0,17.0,0.0,0.0,1.0,1.0,5.0,1.0,24.0,9.0,0.0,0.0,1.0,1.0,0.0,0.0,6.0,6.0,4.0,0.0,30.0,15.0,1.0,1.0,0.0,0.0,0.0,0.0,1.0,1.0,0.0,3.0,127.0,1,0,0,1,0,0,1,0,0,0,0,0,0,0,177.8,182.88,185.0,0.5,0.5,0.525,0.475,0.5,0.25,0.0,0.0,0.5,0.0,28.5,15.0,17.0,8.0,62.5,47.0,29.0,20.0,1.0,1.0,1.0,0.5,28.5,15.0,12.0,4.5,0.0,0.0,3.0,1.5,0.0,0.0,2.0,2.0,13.5,4.0,16.0,7.0,1.0,0.5,1.0,1.0,14.0,10.5,0.0,0.0,205.5,8.0,279.5,3,1,1,0,1,1,1,0,0,0,0,1,0,0,182.88,193.04,185.0,27.0,31.0,0,0,0,0,0,0,0,1,0,0,0,0,0,0,0,1,0,0,0,0,1,0,0,0
Blue,False,1.015625,0.0,0.5316406250000001,0.344140625,0.203125,0.12515625,0.0625,0.0,0.046875,0.0078125,75.015625,37.4609375,65.5625,23.7578125,85.265625,45.6875,76.34375,32.8515625,1.265625,0.5625,2.9296875,0.78125,52.1953125,22.3125,51.0234375,15.265625,16.421875,9.015625,9.2734375,4.296875,6.3984375,6.1328125,5.265625,4.1953125,60.8828125,26.7421875,56.21875,17.8828125,9.25,7.2578125,5.65625,3.359375,4.8828125,3.4609375,3.6875,2.515625,55.296875,65.1640625,511.984375,20,0,2,0,3,5,3,0,0,1,2,2,0,0,187.96,190.5,170.0,0.0,0.0,0.51,0.44,0.32,0.39,0.0,0.5,0.0,0.0,120.0,52.0,62.5,29.5,168.5,96.0,66.0,32.5,8.0,1.5,5.5,2.0,90.0,30.5,40.5,14.0,14.0,9.0,11.5,5.5,16.0,12.5,10.5,10.0,94.5,29.0,57.0,26.5,6.5,5.0,5.5,3.0,19.0,18.0,0.0,0.0,212.5,76.0,675.5,5,0,2,0,2,2,0,0,0,0,1,1,0,0,182.88,185.42,170.0,31.0,34.0,0,0,0,0,0,0,0,0,0,1,0,0,0,0,0,1,0,0,0,0,1,0,0,0
Red,False,0.0,1.625,0.6375,0.4525,0.28375,0.2,0.75,0.5,0.0625,0.375,62.75,34.3125,109.4375,46.9375,93.9375,58.875,141.375,70.875,5.9375,2.0,8.25,3.0,48.875,23.5625,79.1875,25.9375,9.8125,7.6875,19.625,10.875,4.0625,3.0625,10.625,10.125,36.875,16.5625,65.0625,25.1875,19.5625,12.75,25.375,13.625,6.3125,5.0,19.0,8.125,189.25,263.25,697.25,13,0,2,0,2,3,2,0,0,0,1,0,2,0,175.26,180.34,145.0,0.046875,0.765625,0.401875,0.3921875,0.2640625,0.549375,0.578125,0.046875,0.0,0.125,38.625,16.0,73.125,30.046875,45.0,22.078125,91.203125,46.0,2.890625,1.359375,1.859375,0.59375,28.921875,10.28125,61.75,21.703125,7.65625,4.515625,7.78125,5.28125,2.046875,1.203125,3.59375,3.0625,31.28125,11.8125,48.6875,16.484375,3.859375,2.515625,6.515625,4.4375,3.484375,1.671875,17.921875,9.125,68.28125,108.484375,368.171875,13,1,1,0,3,4,3,0,0,0,2,0,2,0,170.18,162.56,145.0,27.0,27.0,0,0,1,0,0,0,0,0,0,0,0,0,0,0,0,0,0,1,0,0,1,0,0,0
Blue,False,0.015625,0.0,0.45,0.4275,0.25,0.2,0.148468017578125,0.098388671875,0.0,0.0,66.5,29.6875,64.31230545043945,27.34375,89.75,48.0,85.53125,44.41152191162109,2.0,0.75,2.0546875,0.75,51.1875,18.3359375,49.6123046875,16.280410766601562,7.5,5.07647705078125,7.5,5.0,4.5,3.625,4.984375,3.9375,48.6875,17.0,47.11572265625,16.5,5.75,3.75,5.3125,3.4375,5.0625,3.5,3.875,2.5,99.2119140625,94.125,638.5,0,0,0,0,0,0,0,0,0,0,0,0,0,0,170.18,170.18,125.0,0.0,0.0,0.48,0.52,0.5,0.0,0.0,0.0,0.0,0.0,223.0,109.0,111.0,58.0,271.0,147.0,116.0,63.0,4.0,2.0,3.0,0.0,119.0,41.0,60.0,22.0,41.0,27.0,22.0,17.0,63.0,41.0,29.0,19.0,164.0,70.0,97.0,50.0,44.0,30.0,14.0,8.0,15.0,9.0,0.0,0.0,340.0,42.0,900.0,3,0,1,0,1,1,0,0,0,0,1,0,0,0,167.64,165.1,125.0,23.0,29.0,0,0,0,0,0,0,0,0,0,0,0,0,0,1,0,1,0,0,0,0,1,0,0,0
Red,False,0.0,0.0,0.65,0.33,0.0,0.0,0.0,0.0,0.0,0.0,20.0,13.0,6.0,2.0,21.0,14.0,6.0,2.0,0.0,0.0,0.0,0.0,15.0,9.0,6.0,2.0,2.0,1.0,0.0,0.0,3.0,3.0,0.0,0.0,12.0,6.0,6.0,2.0,0.0,0.0,0.0,0.0,8.0,7.0,0.0,0.0,6.0,0.0,118.0,1,0,1,0,1,1,0,0,0,0,0,1,0,0,187.96,198.12,205.0,0.125,0.5,0.5925,0.56375,0.125,0.28125,0.125,0.0,0.0,0.0,43.625,27.375,42.25,24.125,45.875,29.375,56.5,37.875,1.375,0.375,2.25,0.75,23.75,9.25,27.5,11.375,5.625,4.625,6.0,5.25,14.25,13.5,8.75,7.5,30.5,16.75,27.375,11.875,12.5,10.25,12.375,10.25,0.625,0.375,2.5,2.0,47.875,188.125,446.75,7,0,3,0,3,3,1,0,0,0,0,1,0,2,185.42,200.66,205.0,32.0,35.0,0,0,0,0,0,1,0,0,0,0,0,0,0,0,0,1,0,0,0,0,1,0,0,0
Blue,False,0.0,0.125,0.3575,0.38625,0.225,0.165,0.5,0.625,0.5,0.25,68.5,25.25,92.375,31.75,90.5,42.375,105.875,43.5,4.0,0.875,0.75,0.5,51.5,14.25,69.75,17.0,9.5,4.875,11.875,5.625,7.5,6.125,10.75,9.125,64.625,23.125,88.875,29.375,2.25,1.0,1.125,0.5,1.625,1.125,2.375,1.875,133.875,148.25,748.0,9,0,0,1,1,1,3,0,0,0,0,0,1,0,175.26,180.34,145.0,0.0471682548522949,0.0,0.45,0.4217682266235352,0.25,0.19173828125,0.1875,0.125,0.0,0.0,69.5,30.5,66.984375,27.8466796875,94.0,48.544921875,88.50390625,44.75,2.0,0.8125,2.015625,0.6640625,54.0,19.01513671875,51.483436584472656,16.9437255859375,7.91796875,5.430633544921875,7.75,5.0625,4.780975341796875,3.9373779296875,4.8994140625,3.84375,51.025390625,18.400863647460938,50.515625,17.5,5.75,3.75,5.5,3.5,5.375,3.6875,4.0,2.65625,104.865234375,89.5,655.8441009521484,0,0,0,0,0,0,0,0,0,0,0,0,0,0,165.1,177.8,135.0,34.0,25.0,0,0,1,0,0,0,0,0,0,0,0,0,0,0,0,1,0,0,0,0,1,0,0,0
Red,False,0.0,0.0,0.41,0.7,0.5,1.0,0.0,0.0,0.0,0.0,31.0,13.0,103.0,73.0,37.0,18.0,132.0,98.0,4.0,2.0,3.0,3.0,23.0,9.0,82.0,57.0,7.0,3.0,15.0,10.0,1.0,1.0,6.0,6.0,22.0,7.0,38.0,21.0,9.0,6.0,13.0,11.0,0.0,0.0,52.0,41.0,201.0,244.0,581.0,2,1,0,1,0,0,1,0,0,0,0,0,0,0,185.42,180.34,170.0,0.0,0.0,0.25,0.46,0.0,0.6,0.0,0.0,0.0,0.0,84.0,21.0,101.0,47.0,128.0,65.0,180.0,121.0,0.0,0.0,5.0,3.0,69.0,11.0,69.0,18.0,5.0,2.0,18.0,15.0,10.0,8.0,14.0,14.0,84.0,21.0,92.0,38.0,0.0,0.0,1.0,1.0,0.0,0.0,8.0,8.0,0.0,478.0,900.0,3,0,0,1,0,0,1,0,0,0,0,0,0,0,182.88,185.42,170.0,30.0,26.0,0,0,0,0,0,0,0,0,0,1,0,0,0,0,0,0,0,1,0,0,1,0,0,0
Red,False,0.015625,0.0,0.45,0.4275,0.25,0.2,0.148468017578125,0.098388671875,0.0,0.0,66.5,29.6875,64.31230545043945,27.34375,89.75,48.0,85.53125,44.41152191162109,2.0,0.75,2.0546875,0.75,51.1875,18.3359375,49.6123046875,16.280410766601562,7.5,5.07647705078125,7.5,5.0,4.5,3.625,4.984375,3.9375,48.6875,17.0,47.11572265625,16.5,5.75,3.75,5.3125,3.4375,5.0625,3.5,3.875,2.5,99.2119140625,94.125,638.5,0,0,0,0,0,0,0,0,0,0,0,0,0,0,185.42,182.88,185.0,0.0471682548522949,0.0,0.45,0.4217682266235352,0.25,0.19173828125,0.1875,0.125,0.0,0.0,69.5,30.5,66.984375,27.8466796875,94.0,48.544921875,88.50390625,44.75,2.0,0.8125,2.015625,0.6640625,54.0,19.01513671875,51.483436584472656,16.9437255859375,7.91796875,5.430633544921875,7.75,5.0625,4.780975341796875,3.9373779296875,4.8994140625,3.84375,51.025390625,18.400863647460938,50.515625,17.5,5.75,3.75,5.5,3.5,5.375,3.6875,4.0,2.65625,104.865234375,89.5,655.8441009521484,0,0,0,0,0,0,0,0,0,0,0,0,0,0,182.88,190.5,170.0,32.0,28.0,0,0,0,0,0,0,0,1,0,0,0,0,0,0,0,0,0,1,0,0,1,0,0,0
Red,False,0.015625,0.0,0.45,0.4275,0.25,0.2,0.148468017578125,0.098388671875,0.0,0.0,66.5,29.6875,64.31230545043945,27.34375,89.75,48.0,85.53125,44.41152191162109,2.0,0.75,2.0546875,0.75,51.1875,18.3359375,49.6123046875,16.280410766601562,7.5,5.07647705078125,7.5,5.0,4.5,3.625,4.984375,3.9375,48.6875,17.0,47.11572265625,16.5,5.75,3.75,5.3125,3.4375,5.0625,3.5,3.875,2.5,99.2119140625,94.125,638.5,0,0,0,0,0,0,0,0,0,0,0,0,0,0,180.34,185.42,155.0,0.0,0.5,0.5425,0.2975,0.59,0.0,0.75,0.0,0.0,0.0,39.5,20.0,61.25,20.5,43.0,23.0,68.5,25.5,3.75,1.5,0.0,0.0,33.5,15.5,48.25,12.75,3.5,2.25,10.5,5.25,2.5,2.25,2.5,2.5,29.75,13.5,54.75,16.25,4.0,1.75,2.75,2.0,5.75,4.75,3.75,2.25,98.25,38.25,519.0,7,1,0,1,2,2,1,0,0,0,0,0,2,0,182.88,182.88,170.0,27.0,32.0,0,0,0,0,0,0,0,0,0,1,0,0,0,0,0,1,0,0,0,0,1,0,0,0
Blue,False,0.0,0.0,0.54,0.41,0.0,0.33,0.0,1.0,2.0,0.0,61.0,33.0,81.0,34.0,70.0,42.0,162.0,98.0,0.0,0.0,9.0,3.0,52.0,25.0,59.0,18.0,9.0,8.0,11.0,9.0,0.0,0.0,11.0,7.0,49.0,22.0,46.0,16.0,7.0,6.0,5.0,3.0,5.0,5.0,30.0,15.0,97.0,428.0,900.0,3,0,0,1,0,0,1,0,0,0,0,0,0,0,187.96,187.96,170.0,0.017578125,0.5625,0.33875,0.5302734375,0.28609375,0.1687890625,0.01171875,0.0,0.0,0.005859375,133.939453125,40.994140625,94.345703125,48.046875,141.234375,46.701171875,108.173828125,60.875,4.50390625,0.88671875,1.1328125,0.533203125,114.328125,28.220703125,64.892578125,21.990234375,14.556640625,8.412109375,10.4375,9.076171875,5.0546875,4.361328125,19.015625,16.98046875,117.525390625,32.8125,77.009765625,36.12890625,11.978515625,6.078125,14.181640625,9.732421875,4.435546875,2.103515625,3.154296875,2.185546875,100.6640625,56.869140625,530.5703125,22,0,0,1,4,5,5,0,0,1,1,1,2,0,190.5,190.5,170.0,23.0,33.0,0,0,0,0,0,0,0,0,0,1,0,0,0,0,0,0,0,1,0,0,1,0,0,0
Blue,False,0.072265625,0.501953125,0.4706640625,0.41560546875,0.01171875,0.6279296875,0.15625,0.0,0.0,0.00390625,57.34375,26.724609375,76.25,32.41015625,77.380859375,45.48046875,118.0546875,71.57421875,0.58984375,0.01171875,3.626953125,2.005859375,47.3828125,18.7265625,62.56640625,22.4140625,8.41015625,6.89453125,10.6171875,7.587890625,1.55078125,1.103515625,3.06640625,2.408203125,37.572265625,12.458984375,47.666015625,10.634765625,18.623046875,13.443359375,11.748046875,8.96875,1.1484375,0.822265625,16.8359375,12.806640625,64.857421875,269.533203125,746.6953125,23,0,1,0,2,4,6,0,0,0,0,2,1,1,187.96,185.42,230.0,0.1887435913085937,0.53759765625,0.5089319610595703,0.5474643325805664,0.0562295913696289,0.2500091552734375,0.02752685546875,0.0,0.0,3.814697265625e-06,29.71741485595703,11.941661834716797,58.5185775756836,22.909637451171875,31.234458923339844,13.206584930419922,63.66237258911133,27.02206039428711,1.713848114013672,0.3152885437011719,0.2542839050292969,0.250091552734375,21.440616607666016,7.595001220703125,53.67355728149414,18.85409164428711,3.557830810546875,1.1454010009765625,1.7482414245605469,1.709136962890625,4.718967437744141,3.2012596130371094,3.0967788696289062,2.3464088439941406,27.562206268310547,10.613025665283203,48.069091796875,15.771858215332031,1.2451438903808594,0.6744270324707031,0.6634635925292969,0.3615570068359375,0.910064697265625,0.6542091369628906,9.786022186279297,6.776222229003906,6.568000793457031,35.4010124206543,310.8689994812012,30,1,4,0,4,11,8,0,0,0,0,7,4,0,187.96,193.04,242.0,40.0,35.0,0,0,0,0,1,0,0,0,0,0,0,0,0,0,0,0,0,1,0,0,1,0,0,0
Blue,False,0.0,0.5,0.5025000000000001,0.4475,0.2075,0.0625,0.0,0.25,0.0,0.0,22.5,17.5,20.75,9.0,28.25,23.0,25.75,13.25,1.75,1.25,1.75,0.25,7.5,2.75,18.25,7.25,13.5,13.5,1.5,1.25,1.5,1.25,1.0,0.5,7.5,3.25,18.25,6.75,1.75,1.5,1.5,1.25,13.25,12.75,1.0,1.0,91.75,11.75,190.25,4,0,0,1,1,1,2,0,0,0,0,1,0,0,195.58,193.04,260.0,0.5,0.0,0.665,0.6100000000000001,0.2,0.3,0.5,0.0,0.0,0.0,44.0,29.5,75.0,45.0,66.0,49.0,137.0,99.5,2.5,1.0,4.0,1.5,25.5,13.5,41.0,16.5,7.0,5.5,27.5,22.5,11.5,10.5,6.5,6.0,30.5,17.5,41.0,16.5,10.0,9.5,10.0,8.5,3.5,2.5,24.0,20.0,133.5,507.5,849.0,6,0,1,0,1,1,1,0,0,0,0,1,0,0,182.88,187.96,247.0,34.0,32.0,0,0,0,0,1,0,0,0,0,0,0,0,0,0,0,1,0,0,0,0,0,0,1,0
Blue,False,0.015625,0.0,0.45,0.4275,0.25,0.2,0.148468017578125,0.098388671875,0.0,0.0,66.5,29.6875,64.31230545043945,27.34375,89.75,48.0,85.53125,44.41152191162109,2.0,0.75,2.0546875,0.75,51.1875,18.3359375,49.6123046875,16.280410766601562,7.5,5.07647705078125,7.5,5.0,4.5,3.625,4.984375,3.9375,48.6875,17.0,47.11572265625,16.5,5.75,3.75,5.3125,3.4375,5.0625,3.5,3.875,2.5,99.2119140625,94.125,638.5,0,0,0,0,0,0,0,0,0,0,0,0,0,0,157.48000000000002,160.02,115.0,0.0471682548522949,0.0,0.45,0.4217682266235352,0.25,0.19173828125,0.1875,0.125,0.0,0.0,69.5,30.5,66.984375,27.8466796875,94.0,48.544921875,88.50390625,44.75,2.0,0.8125,2.015625,0.6640625,54.0,19.01513671875,51.483436584472656,16.9437255859375,7.91796875,5.430633544921875,7.75,5.0625,4.780975341796875,3.9373779296875,4.8994140625,3.84375,51.025390625,18.400863647460938,50.515625,17.5,5.75,3.75,5.5,3.5,5.375,3.6875,4.0,2.65625,104.865234375,89.5,655.8441009521484,0,0,0,0,0,0,0,0,0,0,0,0,0,0,165.1,165.1,115.0,24.0,23.0,0,0,0,0,0,0,0,0,0,0,0,0,0,1,0,1,0,0,0,0,1,0,0,0
Red,False,0.015625,0.0,0.45,0.4275,0.25,0.2,0.148468017578125,0.098388671875,0.0,0.0,66.5,29.6875,64.31230545043945,27.34375,89.75,48.0,85.53125,44.41152191162109,2.0,0.75,2.0546875,0.75,51.1875,18.3359375,49.6123046875,16.280410766601562,7.5,5.07647705078125,7.5,5.0,4.5,3.625,4.984375,3.9375,48.6875,17.0,47.11572265625,16.5,5.75,3.75,5.3125,3.4375,5.0625,3.5,3.875,2.5,99.2119140625,94.125,638.5,0,0,0,0,0,0,0,0,0,0,0,0,0,0,175.26,175.26,145.0,0.0471682548522949,0.0,0.45,0.4217682266235352,0.25,0.19173828125,0.1875,0.125,0.0,0.0,69.5,30.5,66.984375,27.8466796875,94.0,48.544921875,88.50390625,44.75,2.0,0.8125,2.015625,0.6640625,54.0,19.01513671875,51.483436584472656,16.9437255859375,7.91796875,5.430633544921875,7.75,5.0625,4.780975341796875,3.9373779296875,4.8994140625,3.84375,51.025390625,18.400863647460938,50.515625,17.5,5.75,3.75,5.5,3.5,5.375,3.6875,4.0,2.65625,104.865234375,89.5,655.8441009521484,0,0,0,0,0,0,0,0,0,0,0,0,0,0,167.64,185.42,135.0,28.0,23.0,0,0,1,0,0,0,0,0,0,0,0,0,0,0,0,1,0,0,0,0,0,0,1,0
Blue,False,0.015625,0.0,0.45,0.4275,0.25,0.2,0.148468017578125,0.098388671875,0.0,0.0,66.5,29.6875,64.31230545043945,27.34375,89.75,48.0,85.53125,44.41152191162109,2.0,0.75,2.0546875,0.75,51.1875,18.3359375,49.6123046875,16.280410766601562,7.5,5.07647705078125,7.5,5.0,4.5,3.625,4.984375,3.9375,48.6875,17.0,47.11572265625,16.5,5.75,3.75,5.3125,3.4375,5.0625,3.5,3.875,2.5,99.2119140625,94.125,638.5,0,0,0,0,0,0,0,0,0,0,0,0,0,0,177.8,177.8,155.0,0.0,1.0,0.42,0.9,0.0,0.0,0.0,0.0,0.0,0.0,7.0,3.0,10.0,9.0,7.0,3.0,10.0,9.0,0.0,0.0,0.0,0.0,7.0,3.0,9.0,8.0,0.0,0.0,0.0,0.0,0.0,0.0,1.0,1.0,7.0,3.0,7.0,6.0,0.0,0.0,0.0,0.0,0.0,0.0,3.0,3.0,0.0,5.0,61.0,1,0,0,1,0,0,1,0,0,0,0,0,0,0,177.8,177.8,155.0,25.0,25.0,0,0,0,0,0,0,1,0,0,0,0,0,0,0,0,0,0,1,0,0,1,0,0,0
Blue,False,1.15625,0.0,0.394140625,0.352421875,0.23921875,0.011484375,0.15625,0.1328125,0.0,0.0,137.4609375,53.234375,89.953125,31.296875,141.2109375,56.71875,91.8828125,33.078125,2.0,0.625,1.8359375,0.0859375,117.3125,39.9765625,83.2109375,27.1328125,13.625,7.765625,3.9609375,2.0703125,6.5234375,5.4921875,2.78125,2.09375,127.03125,46.8125,88.6953125,30.8828125,5.671875,3.6796875,0.7109375,0.0546875,4.7578125,2.7421875,0.546875,0.359375,35.9453125,14.6015625,522.8359375,19,1,0,1,3,6,2,0,0,0,3,3,0,0,177.8,177.8,155.0,0.5,0.34375,0.49875,0.3390625,0.5546875,0.2075,0.5625,0.3125,0.5,0.03125,124.5,60.5625,117.8125,41.84375,156.03125,87.59375,129.59375,53.09375,3.5,1.875,5.8125,0.9375,93.46875,37.78125,92.25,27.65625,21.65625,17.46875,17.59375,8.3125,9.375,5.3125,7.96875,5.875,98.25,41.5625,110.25,38.40625,14.28125,11.75,4.5625,2.34375,11.96875,7.25,3.0,1.09375,252.3125,115.0,890.59375,17,0,2,0,3,5,1,0,0,0,4,0,1,0,180.34,187.96,170.0,27.0,30.0,0,0,0,0,0,0,1,0,0,0,0,0,0,0,0,1,0,0,0,0,1,0,0,0
Red,False,0.515625,0.0,0.4659375,0.33765625,0.09359375,0.265625,0.890625,0.265625,0.78125,0.0,61.0,23.890625,53.671875,21.265625,71.5,34.078125,68.828125,36.15625,4.140625,0.796875,2.1875,0.890625,37.828125,7.390625,37.28125,9.84375,10.28125,8.390625,9.140625,5.609375,12.890625,8.109375,7.25,5.8125,46.515625,12.109375,48.546875,16.953125,8.71875,8.078125,4.78125,4.21875,5.765625,3.703125,0.34375,0.09375,156.984375,138.0625,579.078125,17,1,4,0,4,6,1,0,0,0,2,2,2,0,172.72,180.34,145.0,0.234375,0.5078125,0.4586328125,0.304140625,0.3154687499999999,0.0,0.375,0.0078125,0.0,0.0,125.09765625,52.58203125,179.87890625,63.54296875,132.0390625,59.00390625,207.9609375,91.59375,7.23828125,2.66015625,1.2734375,0.0,97.2734375,34.75390625,157.3671875,48.32421875,9.7734375,5.37890625,16.29296875,10.74609375,18.05078125,12.44921875,6.21875,4.47265625,116.97265625,48.3125,170.69140625,56.875,4.5390625,2.0390625,3.1640625,1.14453125,3.5859375,2.23046875,6.0234375,5.5234375,169.92578125,35.765625,1071.4453125,21,2,2,0,5,7,2,0,0,0,3,4,0,0,167.64,167.64,145.0,32.0,29.0,0,0,1,0,0,0,0,0,0,0,0,0,0,0,0,1,0,0,0,0,1,0,0,0
Blue,False,0.0,0.5,0.4599999999999999,0.415,0.25,0.33,0.0,0.0,0.5,0.0,75.0,33.0,114.5,49.5,76.0,34.0,155.5,90.0,5.5,0.5,3.5,1.0,51.5,16.0,98.0,34.0,9.0,6.0,9.0,8.5,14.5,11.0,7.5,7.0,72.5,31.5,84.5,28.5,1.5,1.0,10.5,8.5,1.0,0.5,19.5,12.5,47.0,447.5,900.0,6,0,0,2,0,0,2,0,0,0,0,0,0,0,190.5,187.96,155.0,0.07830810546875,0.90625,0.32538330078125,0.4771502685546874,0.39262451171875,0.0043896484375,0.08148193359375,0.03228759765625,0.00030517578125,0.0006103515625,54.70751953125,16.23773193359375,78.78265380859375,31.20037841796875,61.79736328125,22.7196044921875,84.69366455078125,36.9468994140625,3.4661865234375,1.4102783203125,0.97418212890625,0.04730224609375,48.66583251953125,11.4405517578125,68.83941650390625,24.74322509765625,5.16571044921875,4.02667236328125,7.7750244140625,4.490234375,0.8759765625,0.7705078125,2.168212890625,1.9669189453125,49.87603759765625,12.42657470703125,63.70025634765625,19.3739013671875,3.36968994140625,2.89984130859375,11.773193359375,9.17498779296875,1.4617919921875,0.91131591796875,3.3092041015625,2.6514892578125,59.83563232421875,12.375244140625,419.473876953125,42,2,0,1,8,9,6,0,0,3,5,1,0,0,175.26,177.8,155.0,30.0,35.0,0,0,0,0,0,0,1,0,0,0,0,0,0,0,0,0,0,1,0,0,1,0,0,0
Red,False,0.0,0.0,0.33375,0.5825,0.04625,0.75,0.625,1.125,0.375,0.5,56.125,17.125,36.375,20.75,87.875,46.25,67.25,48.875,1.625,0.375,3.375,1.75,38.5,7.5,31.0,16.0,6.0,2.5,4.0,3.375,11.625,7.125,1.375,1.375,47.875,12.875,21.875,10.625,5.0,3.25,2.375,1.75,3.25,1.0,12.125,8.375,77.0,315.75,588.0,10,0,0,2,2,2,2,0,0,0,1,0,1,0,177.8,185.42,155.0,0.0625,0.0,0.4225,0.4425,0.2990625,0.2225,0.34375,0.5,0.125,0.5,53.71875,22.5625,35.84375,16.5625,95.90625,55.125,54.96875,33.3125,4.5625,1.3125,3.875,1.25,42.40625,12.5,29.90625,11.71875,7.65625,6.53125,4.90625,4.1875,3.65625,3.53125,1.03125,0.65625,40.96875,14.6875,27.0625,9.46875,7.4375,5.875,3.34375,3.15625,5.3125,2.0,5.4375,3.9375,199.53125,119.46875,548.8125,12,1,2,0,2,4,2,0,0,0,1,0,3,0,185.42,190.5,170.0,29.0,27.0,0,0,0,0,0,0,1,0,0,0,0,0,0,0,0,1,0,0,0,0,0,0,1,0
Red,False,0.1875,0.0,0.21921875,0.53390625,0.390625,0.56359375,0.0,0.75,0.25,0.125,54.21875,23.265625,50.765625,25.140625,68.6875,37.1875,73.984375,45.78125,0.640625,0.515625,3.78125,1.796875,36.09375,8.921875,37.828125,16.078125,7.96875,4.921875,7.6875,5.125,10.15625,9.421875,5.25,3.9375,45.5,16.703125,28.8125,10.859375,7.140625,5.390625,5.34375,4.0625,1.578125,1.171875,16.609375,10.21875,70.625,195.71875,517.1875,17,0,1,0,2,4,3,0,0,1,1,2,0,0,172.72,180.34,145.0,0.250030517578125,0.141357421875,0.395818920135498,0.4003117179870605,0.1176286506652832,0.2736909484863281,0.0714378356933593,0.9807701110839844,0.0078125,3.0517578125e-05,87.56505393981934,31.34789085388184,93.55624198913574,37.20369338989258,109.68984031677246,50.2073860168457,113.2219409942627,55.34381294250488,5.226615905761719,1.0271282196044922,5.777069091796875,1.6902542114257812,73.87456512451172,20.204856872558597,81.43462181091309,28.848262786865234,3.312673568725586,2.6435909271240234,6.229259490966797,4.161006927490234,10.377815246582031,8.499443054199219,5.892360687255859,4.194423675537109,75.6885986328125,21.015932083129883,80.74513053894043,26.95287322998047,6.301502227783203,5.568519592285156,10.284494400024414,8.039413452148438,5.574953079223633,4.763439178466797,2.5266170501708984,2.211406707763672,185.7532024383545,140.2761001586914,671.2097969055176,55,0,1,0,4,11,9,0,0,3,3,1,4,0,170.18,177.8,155.0,29.0,33.0,0,0,1,0,0,0,0,0,0,0,0,0,0,0,0,1,0,0,0,0,1,0,0,0
Red,False,0.0,0.0,0.3,0.46,0.4,0.0,0.0,0.0,0.0,2.0,36.0,11.0,54.0,25.0,80.0,48.0,83.0,51.0,5.0,2.0,0.0,0.0,28.0,6.0,45.0,18.0,8.0,5.0,5.0,3.0,0.0,0.0,4.0,4.0,30.0,6.0,32.0,11.0,6.0,5.0,1.0,1.0,0.0,0.0,21.0,13.0,155.0,453.0,900.0,3,0,1,0,1,1,0,0,0,1,0,0,0,0,160.02,160.02,135.0,0.0,0.0,0.43,0.8,1.0,0.0,0.0,0.0,0.0,0.0,76.0,33.0,5.0,4.0,119.0,66.0,9.0,8.0,2.0,2.0,0.0,0.0,74.0,32.0,2.0,2.0,2.0,1.0,3.0,2.0,0.0,0.0,0.0,0.0,4.0,0.0,2.0,2.0,2.0,1.0,3.0,2.0,70.0,32.0,0.0,0.0,267.0,2.0,299.0,1,1,1,0,1,1,0,0,0,0,0,1,0,0,167.64,175.26,135.0,25.0,25.0,0,0,0,0,0,0,0,0,0,0,1,0,0,0,0,1,0,0,0,0,1,0,0,0
Red,False,0.25,0.0,0.3824999999999999,0.4775,0.25,0.375,0.75,0.0,0.25,0.0,62.5,18.5,49.25,21.0,67.25,22.0,66.0,34.25,0.75,0.25,4.0,2.0,51.0,10.75,37.25,12.75,9.75,6.25,6.25,4.0,1.75,1.5,5.75,4.25,51.75,11.5,27.75,9.75,7.75,4.25,9.25,5.5,3.0,2.75,12.25,5.75,32.25,264.25,562.75,6,0,2,0,2,2,1,0,0,0,0,1,1,0,175.26,187.96,155.0,0.5,0.5,0.51078125,0.34158203125,0.031279296875,0.10177734375,0.404296875,0.33984375,0.0166015625,0.0,55.359375,28.1484375,48.0,17.4384765625,58.5791015625,30.7578125,50.8193359375,20.0439453125,0.9912109375,0.1982421875,0.6376953125,0.220703125,43.2431640625,18.5966796875,40.05078125,13.1494140625,4.625,3.6201171875,7.076171875,3.5693359375,7.4912109375,5.931640625,0.873046875,0.7197265625,43.2880859375,19.2119140625,41.5859375,12.4970703125,8.3935546875,6.255859375,3.3681640625,2.115234375,3.677734375,2.6806640625,3.0458984375,2.826171875,55.1787109375,27.7353515625,274.48046875,24,0,4,0,4,8,3,0,0,0,3,2,3,0,175.26,182.88,155.0,30.0,26.0,0,0,0,0,0,0,1,0,0,0,0,0,0,0,0,1,0,0,0,0,0,0,1,0
Blue,False,0.015625,0.0,0.45,0.4275,0.25,0.2,0.148468017578125,0.098388671875,0.0,0.0,66.5,29.6875,64.31230545043945,27.34375,89.75,48.0,85.53125,44.41152191162109,2.0,0.75,2.0546875,0.75,51.1875,18.3359375,49.6123046875,16.280410766601562,7.5,5.07647705078125,7.5,5.0,4.5,3.625,4.984375,3.9375,48.6875,17.0,47.11572265625,16.5,5.75,3.75,5.3125,3.4375,5.0625,3.5,3.875,2.5,99.2119140625,94.125,638.5,0,0,0,0,0,0,0,0,0,0,0,0,0,0,190.5,195.58,265.0,0.0471682548522949,0.0,0.45,0.4217682266235352,0.25,0.19173828125,0.1875,0.125,0.0,0.0,69.5,30.5,66.984375,27.8466796875,94.0,48.544921875,88.50390625,44.75,2.0,0.8125,2.015625,0.6640625,54.0,19.01513671875,51.483436584472656,16.9437255859375,7.91796875,5.430633544921875,7.75,5.0625,4.780975341796875,3.9373779296875,4.8994140625,3.84375,51.025390625,18.400863647460938,50.515625,17.5,5.75,3.75,5.5,3.5,5.375,3.6875,4.0,2.65625,104.865234375,89.5,655.8441009521484,0,0,0,0,0,0,0,0,0,0,0,0,0,0,190.5,193.04,235.0,30.0,33.0,0,0,0,0,1,0,0,0,0,0,0,0,0,0,0,0,0,1,0,0,1,0,0,0
Red,False,0.0,0.0,0.57,0.47,0.0,0.55,0.0,0.0,0.0,0.0,83.0,48.0,80.0,38.0,236.0,193.0,112.0,64.0,0.0,0.0,9.0,5.0,76.0,41.0,59.0,23.0,1.0,1.0,12.0,6.0,6.0,6.0,9.0,9.0,46.0,15.0,57.0,21.0,3.0,3.0,4.0,4.0,34.0,30.0,19.0,13.0,16.0,638.0,900.0,3,0,0,1,0,0,1,0,0,0,0,0,0,0,165.1,170.18,125.0,0.0,0.0,0.5425,0.4525,0.73,0.5700000000000001,0.25,1.25,0.0,0.0,49.375,26.5,74.875,28.125,99.5,70.75,118.25,65.125,4.125,3.125,4.0,1.0,33.5,13.375,54.375,16.625,5.125,3.375,8.125,3.375,10.75,9.75,12.375,8.125,33.0,14.375,56.625,14.625,5.125,4.75,9.375,5.125,11.25,7.375,8.875,8.375,265.0,254.5,778.25,9,1,0,1,1,1,3,0,0,0,0,1,0,0,167.64,167.64,125.0,31.0,31.0,0,0,0,0,0,0,0,0,0,0,1,0,0,0,0,1,0,0,0,0,1,0,0,0
Red,False,0.0,0.0,0.4,0.5,0.0,0.53,1.0,0.0,0.0,0.0,69.0,28.0,89.0,45.0,73.0,32.0,145.0,95.0,1.0,0.0,13.0,7.0,47.0,12.0,72.0,31.0,13.0,9.0,16.0,13.0,9.0,7.0,1.0,1.0,54.0,20.0,53.0,18.0,15.0,8.0,33.0,24.0,0.0,0.0,3.0,3.0,0.0,528.0,900.0,3,0,0,1,0,0,1,0,0,0,0,0,0,0,180.34,180.34,185.0,0.0,1.0,0.55,0.65,0.0,0.0,0.0,0.0,0.0,0.0,18.0,10.0,41.0,27.0,18.0,10.0,47.0,33.0,0.0,0.0,0.0,0.0,10.0,3.0,25.0,13.0,4.0,3.0,7.0,5.0,4.0,4.0,9.0,9.0,17.0,10.0,28.0,18.0,1.0,0.0,1.0,0.0,0.0,0.0,12.0,9.0,0.0,32.0,217.0,1,0,0,1,0,0,1,0,0,0,0,0,0,0,187.96,190.5,170.0,27.0,32.0,0,0,0,0,0,0,0,1,0,0,0,0,0,0,0,1,0,0,0,0,0,0,1,0
Red,False,0.0,0.0,0.2674999999999999,0.3225,0.5925,0.165,1.75,0.5,0.0,0.0,34.0,13.5,37.5,18.5,37.5,16.5,45.25,26.0,3.5,1.0,0.75,0.5,26.75,7.0,17.0,3.5,2.5,2.0,13.5,10.25,4.75,4.5,7.0,4.75,29.0,10.25,30.5,12.5,5.0,3.25,6.75,5.75,0.0,0.0,0.25,0.25,214.0,51.25,482.5,6,0,0,2,1,1,2,0,0,0,0,0,1,0,182.88,185.42,170.0,0.0,0.5,0.385,0.4349999999999999,0.285,0.125,0.25,0.0,0.0,0.0,78.75,30.0,95.75,39.5,106.25,54.0,135.25,72.75,5.0,1.25,3.0,0.5,61.25,19.0,74.5,24.25,12.5,6.25,10.25,6.75,5.0,4.75,11.0,8.5,66.0,20.25,77.25,27.0,3.5,1.5,12.0,8.75,9.25,8.25,6.5,3.75,230.0,213.5,820.75,8,1,1,0,1,2,1,0,0,0,1,0,1,0,182.88,190.5,155.0,25.0,35.0,0,0,0,0,0,0,1,0,0,0,0,0,0,0,0,1,0,0,0,0,1,0,0,0
Red,False,0.0,0.0,0.26,0.66,0.25,0.0,1.0,0.0,0.0,0.0,30.0,8.0,103.0,68.0,41.0,19.0,132.0,97.0,4.0,1.0,0.0,0.0,30.0,8.0,79.0,50.0,0.0,0.0,23.0,17.0,0.0,0.0,1.0,1.0,20.0,4.0,66.0,42.0,10.0,4.0,36.0,25.0,0.0,0.0,1.0,1.0,115.0,156.0,416.0,2,0,0,1,0,0,1,0,0,0,0,0,0,0,170.18,170.18,135.0,0.0,0.0,0.51,0.4625,0.4975,0.5,0.0,1.5,0.0,0.0,36.75,17.0,33.5,21.0,50.0,27.75,62.0,48.0,2.5,1.25,1.5,1.5,33.75,15.25,26.25,15.75,1.0,0.75,5.25,4.0,2.0,1.0,2.0,1.25,3.0,0.75,5.25,1.0,1.5,0.5,4.75,4.0,32.25,15.75,23.5,16.0,159.0,211.5,431.5,5,0,2,0,2,2,1,0,0,0,0,2,0,0,172.72,175.26,145.0,34.0,26.0,0,0,0,0,0,0,0,0,0,0,1,0,0,0,0,1,0,0,0,0,1,0,0,0
Red,False,0.0,0.0,0.4125,0.435,0.6225,0.425,0.5,1.0,1.0,1.0,112.0,45.75,80.0,32.0,131.0,60.25,92.5,43.25,7.25,3.5,3.0,1.75,83.25,26.75,67.0,24.75,19.75,13.25,11.25,6.0,9.0,5.75,1.75,1.25,80.0,28.0,58.25,19.5,12.75,9.0,8.5,4.25,19.25,8.75,13.25,8.25,254.0,183.0,743.0,8,0,1,0,1,2,1,0,0,0,1,1,0,0,180.34,187.96,145.0,0.25,0.0,0.3728125,0.6096874999999999,0.03125,0.4009375,1.03125,0.0,0.59375,0.125,22.15625,8.0,18.5,10.96875,27.875,13.3125,24.5625,16.625,0.53125,0.0625,1.875,0.78125,19.34375,6.6875,13.34375,6.90625,1.4375,0.59375,3.0625,2.5,1.375,0.71875,2.09375,1.5625,16.53125,4.0,10.53125,4.46875,1.71875,0.90625,2.21875,1.65625,3.90625,3.09375,5.75,4.84375,21.09375,64.65625,256.5,10,1,0,1,2,3,3,0,0,1,0,1,1,0,170.18,185.42,145.0,24.0,27.0,0,0,1,0,0,0,0,0,0,0,0,0,0,0,0,1,0,0,0,0,1,0,0,0
Red,False,0.015625,0.0,0.45,0.4275,0.25,0.2,0.148468017578125,0.098388671875,0.0,0.0,66.5,29.6875,64.31230545043945,27.34375,89.75,48.0,85.53125,44.41152191162109,2.0,0.75,2.0546875,0.75,51.1875,18.3359375,49.6123046875,16.280410766601562,7.5,5.07647705078125,7.5,5.0,4.5,3.625,4.984375,3.9375,48.6875,17.0,47.11572265625,16.5,5.75,3.75,5.3125,3.4375,5.0625,3.5,3.875,2.5,99.2119140625,94.125,638.5,0,0,0,0,0,0,0,0,0,0,0,0,0,0,180.34,193.04,170.0,0.0,0.0,0.42,0.3299999999999999,0.6,0.0,1.0,0.0,0.0,0.0,76.5,25.5,62.0,22.5,89.5,37.0,79.0,37.5,5.5,1.5,0.5,0.0,61.5,15.5,53.0,16.0,12.5,8.0,6.5,4.5,2.5,2.0,2.5,2.0,63.0,16.0,50.5,15.0,12.0,8.0,10.5,6.5,1.5,1.5,1.0,1.0,219.5,90.5,598.5,4,0,2,0,2,2,0,0,0,0,1,0,1,0,177.8,180.34,170.0,27.0,28.0,0,0,0,0,0,0,1,0,0,0,0,0,0,0,0,1,0,0,0,0,1,0,0,0
Red,False,0.5,0.0,0.435,0.365,1.0,0.0,0.5,0.0,0.0,0.0,49.5,21.0,88.5,33.5,49.5,21.0,104.5,46.5,1.5,1.5,0.0,0.0,33.0,8.5,54.5,10.5,11.0,9.0,11.0,4.0,5.5,3.5,23.0,19.0,43.5,16.5,70.0,21.0,2.5,1.5,18.0,12.5,3.5,3.0,0.5,0.0,27.5,102.5,506.0,4,0,0,1,1,1,1,0,0,0,0,0,1,0,177.8,180.34,155.0,0.0703125,0.0,0.5421875,0.50453125,0.084375,0.399296875,0.3125,0.578125,0.5,0.015625,58.1953125,30.359375,59.6953125,27.5078125,78.3125,49.8515625,115.3203125,73.734375,1.859375,0.25,6.3125,2.6953125,39.171875,13.765625,43.671875,15.8984375,11.7421875,9.71875,11.359375,7.2421875,7.28125,6.875,4.6640625,4.3671875,45.1015625,20.1484375,47.265625,18.78125,8.546875,6.8046875,6.265625,5.9609375,4.546875,3.40625,6.1640625,2.765625,148.1171875,356.984375,841.9765625,18,0,1,0,2,5,3,0,0,1,1,1,2,0,175.26,177.8,155.0,32.0,36.0,0,0,0,0,0,0,1,0,0,0,0,0,0,0,0,0,0,1,0,0,0,0,1,0
Red,False,0.125,0.625,0.51375,0.4775,0.58375,0.4775,0.375,0.5,0.875,0.0,132.5,63.0,86.875,35.25,160.5,87.0,113.125,59.125,7.5,4.375,2.75,1.625,89.75,32.0,63.0,19.0,36.375,25.75,14.625,9.0,6.375,5.25,9.25,7.25,90.0,33.5,73.75,27.5,24.375,15.75,10.625,6.125,18.125,13.75,2.5,1.625,396.0,105.125,900.0,12,0,4,0,4,4,0,0,0,0,4,0,0,0,185.42,187.96,170.0,0.5,0.00030517578125,0.4241985702514648,0.4443672180175781,0.4567481994628906,0.2659803771972656,0.2242050170898437,0.064483642578125,1.52587890625e-05,0.6259880065917969,79.0619125366211,31.788841247558597,91.83124160766602,35.370296478271484,129.4384880065918,79.31604766845703,105.75036239624023,46.93589019775391,9.272315979003906,2.445384979248047,2.564472198486328,0.6621131896972656,70.87577819824219,25.620059967041016,72.5941390991211,22.638477325439453,5.250503540039063,4.002262115478516,6.602092742919922,4.113445281982422,2.935630798339844,2.1665191650390625,12.635009765625,8.61837387084961,49.70345306396485,11.62078857421875,85.71451950073242,32.02922058105469,2.016185760498047,1.2031478881835938,2.179351806640625,0.791778564453125,27.342273712158203,18.96490478515625,3.9373703002929688,2.549297332763672,415.3717498779297,137.26231384277344,938.2872428894044,48,1,5,0,5,13,6,0,0,0,6,1,6,0,185.42,182.88,170.0,31.0,37.0,0,0,0,0,0,0,0,0,0,1,0,0,0,0,0,0,0,1,0,0,0,0,1,0
Red,False,0.0,0.25,0.4475,0.3975,0.6875,0.125,0.5,0.25,0.25,0.0,62.0,27.25,78.0,31.5,77.0,40.5,81.0,34.5,1.5,1.25,2.75,0.25,48.75,18.25,59.0,20.5,7.0,3.75,9.5,4.5,6.25,5.25,9.5,6.5,57.25,24.75,70.75,26.5,3.5,1.75,7.0,5.0,1.25,0.75,0.25,0.0,155.0,9.5,485.5,6,0,1,0,1,2,1,0,0,0,1,0,1,0,172.72,167.64,145.0,0.0,0.0,0.42,0.425,0.0,0.3,0.0,0.5,0.0,0.0,153.0,65.5,104.5,44.5,168.0,77.0,126.0,62.5,0.0,0.0,3.5,1.5,123.0,49.0,70.5,17.5,29.0,16.0,13.0,9.0,1.0,0.5,21.0,18.0,141.5,58.5,91.0,35.0,11.0,6.5,3.5,2.0,0.5,0.5,10.0,7.5,0.0,208.5,746.0,5,0,2,0,2,2,0,0,0,1,0,1,0,0,182.88,187.96,145.0,33.0,30.0,0,0,1,0,0,0,0,0,0,0,0,0,0,0,0,1,0,0,0,0,1,0,0,0
Red,False,0.0012531280517578,0.5007326602935791,0.2764698576927185,0.4234729433059692,0.1787105238437652,0.0303287124633789,0.0058666467666625,0.5004523992538452,9.5367431640625e-07,8.58306884765625e-06,34.89924228191376,8.758735418319702,50.749897718429565,20.01406228542328,45.82067263126373,19.023746132850647,66.9025651216507,35.20371699333191,4.04788601398468,0.9025505781173706,0.6037931442260742,0.1875314712524414,29.93678915500641,5.543447136878967,46.03752863407135,16.105504751205444,4.448820114135742,2.705577850341797,2.159679651260376,1.6695775985717771,0.5136330127716064,0.509710431098938,2.55268943309784,2.238979935646057,30.277576565742493,5.056374311447144,41.672194719314575,13.088064074516296,3.4236764907836914,2.58709716796875,4.686465740203857,4.286837100982666,1.1979892253875732,1.1152639389038086,4.391237258911133,2.6391611099243164,167.23085963726044,51.95580101013184,484.9729845523834,51,1,2,0,5,15,9,0,0,1,5,6,3,0,177.8,185.42,170.0,0.25390625,0.0625,0.788046875,0.5432421875,0.5103125,0.27703125,0.828125,1.03125,0.0,0.015625,21.23046875,11.671875,47.29296875,32.5078125,27.15625,16.84375,62.48046875,46.5,1.296875,0.53125,1.984375,1.4140625,15.1015625,7.48828125,40.77734375,27.4765625,5.39453125,3.51171875,6.1484375,4.7265625,0.734375,0.671875,0.3671875,0.3046875,14.359375,5.6875,20.85546875,12.546875,2.6171875,1.8203125,12.765625,9.5703125,4.25390625,4.1640625,13.671875,10.390625,94.62109375,81.34375,275.49609375,14,0,1,0,1,5,4,0,0,0,0,2,3,0,182.88,187.96,170.0,37.0,30.0,0,0,0,0,0,0,0,0,0,1,0,0,0,0,0,1,0,0,0,0,1,0,0,0
Red,False,0.0,0.0,0.0,0.0,0.0,1.0,0.0,1.0,0.0,0.0,3.0,0.0,1.0,0.0,3.0,0.0,6.0,5.0,0.0,0.0,1.0,1.0,3.0,0.0,1.0,0.0,0.0,0.0,0.0,0.0,0.0,0.0,0.0,0.0,3.0,0.0,1.0,0.0,0.0,0.0,0.0,0.0,0.0,0.0,0.0,0.0,3.0,44.0,72.0,1,0,0,1,0,0,1,0,0,0,0,0,0,0,172.72,172.72,155.0,0.0,0.5,0.475,0.665,0.0,0.5,0.5,0.5,0.0,0.0,50.5,22.0,66.5,46.0,66.0,33.5,95.5,72.0,0.0,0.0,4.0,2.0,37.0,12.0,47.5,32.0,7.0,5.0,15.5,11.5,6.5,5.0,3.5,2.5,47.5,19.0,36.5,22.5,2.5,2.5,2.5,2.0,0.5,0.5,27.5,21.5,0.0,319.5,536.5,5,0,0,2,0,0,2,0,0,0,0,0,0,0,177.8,177.8,155.0,28.0,25.0,0,0,0,0,0,0,1,0,0,0,0,0,0,0,0,1,0,0,0,0,1,0,0,0
Blue,False,0.0,0.0,0.3,0.53,0.0,1.0,0.0,2.0,0.0,0.0,13.0,4.0,13.0,7.0,15.0,6.0,26.0,18.0,0.0,0.0,1.0,1.0,12.0,4.0,9.0,4.0,1.0,0.0,2.0,1.0,0.0,0.0,2.0,2.0,13.0,4.0,8.0,3.0,0.0,0.0,2.0,1.0,0.0,0.0,3.0,3.0,0.0,216.0,297.0,1,0,0,1,0,0,1,0,0,0,0,0,0,0,177.8,180.34,155.0,0.0,0.0,0.33,0.51,0.0,0.75,0.0,4.0,0.0,0.0,68.0,23.0,137.0,70.0,114.0,62.0,195.0,116.0,0.0,0.0,8.0,6.0,48.0,10.0,129.0,64.0,11.0,8.0,6.0,5.0,9.0,5.0,2.0,1.0,60.0,16.0,46.0,19.0,8.0,7.0,1.0,1.0,0.0,0.0,90.0,50.0,0.0,581.0,900.0,3,0,0,1,0,0,1,0,0,0,0,0,0,0,172.72,172.72,155.0,25.0,35.0,0,0,0,0,0,0,1,0,0,0,0,0,0,0,0,1,0,0,0,0,1,0,0,0
Blue,False,0.015625,0.0,0.45,0.4275,0.25,0.2,0.148468017578125,0.098388671875,0.0,0.0,66.5,29.6875,64.31230545043945,27.34375,89.75,48.0,85.53125,44.41152191162109,2.0,0.75,2.0546875,0.75,51.1875,18.3359375,49.6123046875,16.280410766601562,7.5,5.07647705078125,7.5,5.0,4.5,3.625,4.984375,3.9375,48.6875,17.0,47.11572265625,16.5,5.75,3.75,5.3125,3.4375,5.0625,3.5,3.875,2.5,99.2119140625,94.125,638.5,0,0,0,0,0,0,0,0,0,0,0,0,0,0,160.02,165.1,125.0,0.0471682548522949,0.0,0.45,0.4217682266235352,0.25,0.19173828125,0.1875,0.125,0.0,0.0,69.5,30.5,66.984375,27.8466796875,94.0,48.544921875,88.50390625,44.75,2.0,0.8125,2.015625,0.6640625,54.0,19.01513671875,51.483436584472656,16.9437255859375,7.91796875,5.430633544921875,7.75,5.0625,4.780975341796875,3.9373779296875,4.8994140625,3.84375,51.025390625,18.400863647460938,50.515625,17.5,5.75,3.75,5.5,3.5,5.375,3.6875,4.0,2.65625,104.865234375,89.5,655.8441009521484,0,0,0,0,0,0,0,0,0,0,0,0,0,0,162.56,162.56,125.0,35.0,32.0,0,0,0,1,0,0,0,0,0,0,0,0,0,0,0,1,0,0,0,0,1,0,0,0
Red,False,0.5,0.0,0.28,0.42,0.0,0.3,1.0,0.5,0.0,0.0,66.0,25.5,92.5,33.0,75.0,33.0,105.0,45.0,1.0,0.0,3.0,1.5,54.5,17.5,73.0,22.0,6.5,5.0,13.0,5.5,5.0,3.0,6.5,5.5,56.5,19.5,71.0,18.0,1.5,1.5,3.0,2.0,8.0,4.5,18.5,13.0,110.5,122.0,674.0,5,0,0,1,1,1,1,0,0,1,0,0,0,0,190.5,190.5,185.0,0.0,0.0,0.55,0.405,0.71,0.5800000000000001,0.0,0.0,0.0,0.0,104.5,58.0,35.5,14.5,155.0,101.0,45.5,23.5,5.0,3.0,5.0,3.0,78.5,37.5,28.5,9.5,21.0,15.5,5.5,3.5,5.0,5.0,1.5,1.5,57.0,21.0,26.5,8.0,18.5,13.5,9.0,6.5,29.0,23.5,0.0,0.0,318.5,175.5,740.5,5,1,2,0,2,2,0,0,0,0,1,1,0,0,185.42,190.5,185.0,31.0,26.0,0,0,0,0,0,0,0,1,0,0,0,0,0,0,0,0,0,1,0,0,1,0,0,0
Red,False,0.1605224609375,0.3125,0.478161849975586,0.3618482971191406,0.4138227844238281,0.5045179748535156,1.1367263793945312,0.2542190551757812,0.01025390625,0.0093994140625,173.64881896972656,76.40422058105469,120.88967895507812,49.018402099609375,190.8553237915039,91.9498291015625,129.4436492919922,56.62228393554688,5.510833740234375,2.3298568725585938,1.91510009765625,1.0247116088867188,135.6149139404297,51.60424041748047,107.36651611328124,38.254188537597656,26.296188354492188,18.67372131347656,11.201797485351562,8.470870971679688,11.737716674804688,6.126258850097656,2.3213653564453125,2.2933425903320312,138.50737762451172,48.04365539550781,107.36793518066406,39.36236572265625,21.327468872070312,17.588424682617188,6.448265075683594,4.463935852050781,13.813972473144531,10.772140502929688,7.073478698730469,5.192100524902344,101.33192443847656,191.6669006347656,992.2177581787108,42,0,1,0,7,12,6,0,0,0,2,9,1,0,182.88,190.5,170.0,0.0421142578125,0.0,0.449896240234375,0.4799304199218749,0.31403564453125,0.071943359375,0.50146484375,0.1259765625,0.0,0.0,244.64404296875,108.750244140625,222.0347900390625,111.49267578125,280.4140625,142.9178466796875,258.172607421875,146.838623046875,12.571533203125,4.0438232421875,0.806640625,0.3975830078125,199.6619873046875,70.3406982421875,180.1058349609375,78.7401123046875,8.8035888671875,5.352294921875,35.21337890625,27.850830078125,36.178466796875,33.0572509765625,6.715576171875,4.9017333984375,219.839111328125,91.388671875,178.831787109375,76.505615234375,22.3729248046875,15.4940185546875,28.5340576171875,21.333740234375,2.4320068359375,1.8675537109375,14.6689453125,13.6533203125,446.55126953125,58.26806640625,1389.4229736328125,39,3,4,0,6,11,3,0,1,2,3,5,0,0,175.26,175.26,185.0,34.0,31.0,0,0,0,0,0,0,0,0,0,1,0,0,0,0,0,1,0,0,0,0,0,0,1,0
Blue,True,0.5,0.0,0.285,0.305,0.0,0.25,0.0,0.5,0.0,0.0,146.5,42.0,73.5,22.5,157.0,51.0,103.5,48.5,0.0,0.0,15.0,4.0,115.0,22.0,57.5,13.0,29.0,19.5,8.0,6.0,2.5,0.5,8.0,3.5,124.0,27.0,57.0,12.0,19.0,13.5,11.5,7.0,3.5,1.5,5.0,3.5,38.0,448.0,900.0,6,0,2,0,2,2,0,0,0,1,1,0,0,0,167.64,165.1,115.0,0.0,0.0,0.46,0.38,0.71,0.33,1.0,0.0,0.0,0.0,90.0,42.0,72.0,28.0,180.0,107.0,73.0,29.0,7.0,5.0,3.0,1.0,79.0,36.0,53.0,16.0,10.0,6.0,14.0,8.0,1.0,0.0,5.0,4.0,45.0,11.0,58.0,22.0,21.0,11.0,10.0,4.0,24.0,20.0,4.0,2.0,302.0,24.0,686.0,3,1,1,0,1,1,0,0,0,0,0,0,1,0,154.94,160.02,115.0,27.0,27.0,0,0,0,0,0,0,0,0,0,0,0,0,0,1,0,1,0,0,0,0,1,0,0,0
Red,False,0.005126953125,0.5009765625,0.4585669708251953,0.5250446319580078,0.2795361328125,0.0985594177246093,0.2509765625,0.126708984375,0.000244140625,0.1250076293945312,104.0218734741211,31.721755981445312,66.51383972167969,30.637771606445312,109.8138656616211,37.05026245117188,73.51344299316406,36.43363952636719,1.22381591796875,0.6270751953125,4.444938659667969,0.5881729125976562,70.07394409179688,10.822616577148438,52.28411865234375,20.425308227539062,23.425460815429688,11.816032409667969,6.311676025390625,4.621513366699219,10.522468566894531,9.083106994628906,7.918045043945312,5.590950012207031,98.24293518066406,28.112335205078125,60.80122375488281,26.65245056152344,2.5778732299804688,1.9438400268554688,3.3301239013671875,2.6039581298828125,3.2010650634765625,1.6655807495117188,2.3824920654296875,1.3813629150390625,50.20611572265625,52.44084167480469,460.7595672607422,48,0,1,0,2,9,9,0,0,3,5,1,0,0,175.26,177.8,155.0,0.4375,1.01025390625,0.385980224609375,0.314974365234375,0.164794921875,0.1336962890625,0.0,0.00048828125,0.000244140625,0.000244140625,64.3756103515625,25.4356689453125,82.6973876953125,26.0677490234375,68.1361083984375,29.103759765625,86.2799072265625,29.3564453125,0.7413330078125,0.186767578125,2.084716796875,0.560546875,51.016845703125,16.5111083984375,69.554931640625,18.6663818359375,9.717041015625,5.99169921875,10.17919921875,5.25537109375,3.6417236328125,2.932861328125,2.9632568359375,2.14599609375,59.633056640625,21.8936767578125,75.13427734375,21.6025390625,3.1878662109375,2.2509765625,5.9925537109375,3.4283447265625,1.5546875,1.291015625,1.570556640625,1.036865234375,5.271484375,29.02587890625,455.564697265625,34,1,3,0,3,8,6,0,0,0,4,3,0,1,172.72,175.26,155.0,30.0,30.0,0,0,0,0,0,0,1,0,0,0,0,0,0,0,0,1,0,0,0,0,1,0,0,0
Blue,False,1.0,0.0,0.49,0.15,0.0,0.0,0.0,0.0,0.0,0.0,145.0,72.0,161.0,25.0,149.0,76.0,161.0,25.0,2.0,0.0,1.0,0.0,109.0,43.0,143.0,16.0,31.0,24.0,17.0,8.0,5.0,5.0,1.0,1.0,106.0,50.0,160.0,24.0,31.0,19.0,1.0,1.0,8.0,3.0,0.0,0.0,20.0,0.0,900.0,3,0,1,0,1,1,0,0,0,0,1,0,0,0,162.56,162.56,135.0,0.0,0.0,0.330830078125,0.502109375,0.294501953125,0.63548828125,1.033203125,1.01953125,0.00390625,0.25,83.8828125,33.8232421875,68.1494140625,31.4453125,98.0986328125,46.537109375,91.2646484375,52.599609375,1.189453125,0.5751953125,5.3798828125,1.6806640625,59.0556640625,16.599609375,47.0283203125,15.32421875,16.2578125,10.068359375,15.8701171875,12.2783203125,8.5693359375,7.1552734375,5.2509765625,3.8427734375,67.21484375,22.87109375,42.810546875,13.853515625,13.4345703125,9.2060546875,15.5380859375,10.74609375,3.2333984375,1.74609375,9.80078125,6.845703125,42.4931640625,342.7958984375,650.359375,31,1,1,0,3,7,4,0,0,2,4,1,0,0,160.02,162.56,125.0,28.0,33.0,0,0,0,1,0,0,0,0,0,0,0,0,0,0,0,1,0,0,0,0,0,0,1,0
Blue,False,0.28125,0.34375,0.766875,0.426875,0.28125,0.04125,0.0,0.125,0.0,0.0,34.09375,26.0,15.875,7.34375,49.0625,40.15625,19.375,10.5625,1.34375,0.53125,0.4375,0.125,21.4375,14.59375,12.75,4.90625,9.59375,8.84375,2.4375,2.09375,3.0625,2.5625,0.6875,0.34375,9.90625,7.125,13.15625,5.4375,6.09375,5.21875,1.28125,0.5,18.09375,13.65625,1.4375,1.40625,166.1875,7.0,313.34375,10,0,1,0,1,3,3,0,0,0,1,2,0,0,193.04,203.2,265.0,0.55517578125,0.50048828125,0.362431640625,0.39094970703125,0.0820751953125,0.0834765624999999,0.00390625,0.0,0.0,0.0,58.48046875,18.958251953125,85.548095703125,35.75244140625,60.304931640625,20.70947265625,88.451416015625,38.5205078125,3.0869140625,0.504150390625,1.1396484375,0.44384765625,53.166015625,15.636962890625,77.419677734375,29.3212890625,2.84033203125,1.47607421875,5.15234375,3.58447265625,2.47412109375,1.84521484375,2.97607421875,2.8466796875,57.169189453125,18.3505859375,77.957763671875,30.081298828125,0.904296875,0.22314453125,7.01708984375,5.223388671875,0.406982421875,0.384521484375,0.5732421875,0.44775390625,17.86083984375,38.869140625,476.26953125,26,1,2,0,3,7,6,0,0,0,0,7,0,0,182.88,185.42,263.0,34.0,38.0,0,0,0,0,1,0,0,0,0,0,0,0,0,0,0,1,0,0,0,0,1,0,0,0
Blue,True,0.40869140625,1.52587890625e-05,0.5804075622558593,0.2462184143066406,0.6431240844726562,0.1946351623535156,0.3772735595703125,0.0079345703125,1.52587890625e-05,3.0517578125e-05,86.79800415039062,51.66813659667969,80.52903747558594,16.904495239257812,119.52073669433594,82.332763671875,104.4104461669922,38.98751831054688,1.6468353271484375,1.36810302734375,1.608978271484375,0.8305816650390625,60.63302612304688,31.00152587890625,71.39035034179688,12.226028442382812,9.8643798828125,6.102874755859375,6.796905517578125,2.9513092041015625,16.30059814453125,14.563735961914062,2.341781616210937,1.7271575927734375,55.864501953125,28.641860961914062,77.02587890625,13.916427612304688,2.692352294921875,1.74676513671875,1.7499237060546875,1.5804901123046875,28.24114990234375,21.279510498046875,1.75323486328125,1.4075775146484375,260.9681701660156,65.23133850097656,662.6864471435547,43,0,0,2,5,12,5,0,0,0,7,3,2,0,172.72,177.8,155.0,0.1875,0.0,0.5253125000000001,0.4015625,0.020625,0.0909375,0.78125,0.0,0.5,0.0625,40.8125,21.15625,48.5,17.875,50.65625,30.90625,77.25,40.5,0.28125,0.1875,5.25,0.75,34.96875,16.53125,37.125,9.40625,4.6875,3.53125,8.25,6.09375,1.15625,1.09375,3.125,2.375,37.46875,18.96875,36.8125,9.6875,2.75,1.6875,9.75,6.71875,0.59375,0.5,1.9375,1.46875,16.0,203.5625,357.4375,11,2,0,1,5,5,1,0,0,1,0,2,2,0,177.8,182.88,155.0,30.0,28.0,0,0,0,0,0,0,1,0,0,0,0,0,0,0,0,0,0,1,0,0,1,0,0,0
Blue,False,0.125,0.25,0.44875,0.38875,0.415,0.1875,0.375,0.125,0.0,0.0,54.375,24.75,68.0,23.875,70.5,37.375,80.5,33.875,3.875,2.0,1.75,0.375,35.875,12.75,55.875,14.875,12.25,7.75,8.0,5.125,6.25,4.25,4.125,3.875,31.0,10.75,54.875,15.875,12.875,8.25,10.375,5.625,10.5,5.75,2.75,2.375,263.375,65.25,625.125,7,0,1,0,2,3,1,0,0,0,1,0,2,0,177.8,182.88,155.0,0.251953125,0.0,0.37458984375,0.408984375,0.5703125,0.07861328125,0.15625,0.30078125,0.00390625,0.001953125,74.212890625,28.115234375,62.6171875,27.095703125,78.435546875,32.0,71.498046875,34.658203125,4.955078125,2.7890625,0.83984375,0.267578125,56.51953125,15.896484375,38.978515625,12.185546875,10.84765625,6.11328125,7.640625,4.19140625,6.845703125,6.10546875,15.998046875,10.71875,66.0,22.23828125,55.076171875,22.35546875,2.69140625,1.69921875,2.77734375,2.138671875,5.521484375,4.177734375,4.763671875,2.6015625,62.978515625,62.01171875,551.751953125,24,0,2,0,2,6,4,0,0,1,2,3,0,0,172.72,182.88,155.0,25.0,29.0,0,0,0,0,0,0,1,0,0,0,0,0,0,0,0,0,0,1,0,0,0,0,0,1
Blue,False,0.015625,0.0,0.45,0.4275,0.25,0.2,0.148468017578125,0.098388671875,0.0,0.0,66.5,29.6875,64.31230545043945,27.34375,89.75,48.0,85.53125,44.41152191162109,2.0,0.75,2.0546875,0.75,51.1875,18.3359375,49.6123046875,16.280410766601562,7.5,5.07647705078125,7.5,5.0,4.5,3.625,4.984375,3.9375,48.6875,17.0,47.11572265625,16.5,5.75,3.75,5.3125,3.4375,5.0625,3.5,3.875,2.5,99.2119140625,94.125,638.5,0,0,0,0,0,0,0,0,0,0,0,0,0,0,177.8,185.42,155.0,0.0,0.0,0.555,0.595,0.5,0.5,0.0,0.5,0.0,0.0,63.5,36.5,65.5,38.5,127.5,99.5,93.5,65.0,1.5,0.5,5.0,2.5,28.5,9.5,50.5,25.0,20.5,16.0,12.0,11.0,14.5,11.0,3.0,2.5,44.5,22.0,44.0,22.0,17.5,14.0,8.0,7.0,1.5,0.5,13.5,9.5,94.0,284.5,634.5,5,0,0,2,0,0,2,0,0,0,0,0,0,0,180.34,180.34,155.0,27.0,28.0,0,0,0,0,0,0,1,0,0,0,0,0,0,0,0,1,0,0,0,0,0,0,0,1
Blue,False,0.0,0.0,0.28,0.43,0.0,1.0,1.0,5.0,2.0,1.0,63.0,18.0,64.0,28.0,69.0,24.0,103.0,65.0,0.0,0.0,2.0,2.0,54.0,15.0,50.0,20.0,4.0,1.0,11.0,6.0,5.0,2.0,3.0,2.0,59.0,16.0,49.0,20.0,0.0,0.0,1.0,1.0,4.0,2.0,14.0,7.0,141.0,251.0,571.0,2,0,0,1,0,0,1,0,0,0,0,0,0,0,165.1,172.72,125.0,0.0,0.625,0.39375,0.3325,0.125,0.3375,1.375,0.125,0.125,0.125,177.5,68.75,122.5,40.5,191.0,80.75,138.625,54.875,1.25,0.375,7.125,1.875,153.5,52.75,96.375,24.5,15.25,8.125,18.625,10.875,8.75,7.875,7.5,5.125,158.875,55.625,109.375,33.75,9.25,6.375,2.875,2.5,9.375,6.75,10.25,4.25,65.5,203.375,897.375,12,0,1,0,2,3,1,0,0,0,3,0,0,0,167.64,175.26,125.0,25.0,21.0,0,0,0,1,0,0,0,0,0,0,0,0,0,0,0,1,0,0,0,0,1,0,0,0
Red,False,0.0,1.0,0.35,0.43,0.0,1.0,0.0,0.0,0.0,0.0,56.0,20.0,145.0,63.0,56.0,20.0,147.0,65.0,0.0,0.0,1.0,1.0,45.0,13.0,105.0,30.0,10.0,6.0,25.0,20.0,1.0,1.0,15.0,13.0,46.0,13.0,132.0,51.0,10.0,7.0,13.0,12.0,0.0,0.0,0.0,0.0,10.0,87.0,900.0,3,0,0,1,0,0,1,0,0,0,0,0,0,0,185.42,185.42,265.0,0.0,0.75,0.6012500000000001,0.52875,0.2,0.0,0.0,0.0,0.0,0.0,50.0,28.625,27.5,12.75,99.375,72.625,54.25,38.0,1.875,0.75,1.375,0.0,35.875,16.0,22.375,9.125,7.75,6.625,3.75,2.5,6.375,6.0,1.375,1.125,20.0,5.625,19.25,6.625,19.5,14.5,5.875,3.875,10.5,8.5,2.375,2.25,337.125,13.625,550.5,10,0,3,0,3,3,1,0,0,0,3,0,0,0,187.96,190.5,265.0,32.0,28.0,0,0,0,0,1,0,0,0,0,0,0,0,0,0,0,1,0,0,0,0,1,0,0,0
Blue,False,0.0,0.0,0.38,0.3,0.0,0.275,0.0,0.0,0.0,0.0,44.0,25.5,66.5,21.0,60.5,41.5,97.0,48.0,0.0,0.0,6.0,1.5,21.5,4.5,53.5,10.0,12.0,12.0,5.5,5.5,10.5,9.0,7.5,5.5,25.5,8.5,36.0,10.0,18.5,17.0,4.5,4.0,0.0,0.0,26.0,7.0,115.5,226.5,568.0,4,0,1,0,1,1,1,0,0,1,0,0,0,0,175.26,180.34,135.0,0.0,0.0,0.46,0.79,0.0,1.0,0.0,2.0,0.0,0.0,13.0,6.0,24.0,19.0,18.0,11.0,52.0,44.0,1.0,0.0,1.0,1.0,12.0,5.0,19.0,14.0,1.0,1.0,5.0,5.0,0.0,0.0,0.0,0.0,8.0,3.0,4.0,1.0,1.0,1.0,0.0,0.0,4.0,2.0,20.0,18.0,0.0,261.0,273.0,1,0,0,1,0,0,1,0,0,0,0,0,0,0,170.18,170.18,135.0,30.0,20.0,0,0,0,0,0,0,0,0,0,0,1,0,0,0,0,1,0,0,0,0,1,0,0,0
Red,False,0.0025062561035156,1.0014653205871582,0.382939715385437,0.5669458866119385,0.1974210476875305,0.0606574249267578,0.0117332935333251,0.0009047985076904,1.9073486328125e-06,1.71661376953125e-05,29.798484563827515,10.517470836639404,49.49979543685913,25.02812457084656,36.641345262527466,17.047492265701294,69.80513024330139,44.40743398666382,2.0957720279693604,0.8051011562347412,1.2075862884521484,0.3750629425048828,24.873578310012817,6.086894273757935,41.0750572681427,18.21100950241089,3.897640228271485,3.4111557006835938,3.319359302520752,2.3391551971435547,1.027266025543213,1.019420862197876,5.105378866195679,4.477959871292114,22.555153131484985,5.112748622894287,33.34438943862915,13.176128149032593,4.847352981567383,3.1741943359375,7.372931480407715,6.573674201965332,2.3959784507751465,2.230527877807617,8.782474517822266,5.278322219848633,122.46171927452087,81.91160202026367,409.9459691047669,49,1,2,0,5,15,8,0,0,1,5,6,3,0,177.8,185.42,170.0,0.092529296875,0.265625,0.3643676757812499,0.427607421875,0.72714111328125,0.2501220703125,0.000732421875,0.5029296875,0.000732421875,0.75146484375,52.44921875,17.106201171875,78.46923828125,33.03857421875,55.810791015625,19.724853515625,87.052734375,41.508056640625,1.82421875,1.211669921875,1.470947265625,0.500244140625,46.5712890625,12.71484375,69.294677734375,26.34423828125,4.51123046875,3.286376953125,6.96630859375,5.158203125,1.36669921875,1.10498046875,2.208251953125,1.5361328125,46.441162109375,12.802978515625,64.546875,24.369140625,4.41259765625,3.29833984375,5.114013671875,3.1318359375,1.595458984375,1.0048828125,8.808349609375,5.53759765625,28.33203125,76.78369140625,506.71875,29,0,0,1,6,8,5,0,0,1,2,4,0,1,175.26,180.34,170.0,37.0,29.0,0,0,0,0,0,0,0,0,0,1,0,0,0,0,0,1,0,0,0,0,1,0,0,0
Blue,False,0.03125,0.0,0.52328125,0.39828125,0.40625,0.2503125,0.125,0.0,0.09375,0.015625,108.03125,51.921875,107.125,40.515625,123.53125,66.375,128.6875,58.703125,2.53125,1.125,4.859375,1.5625,73.390625,28.625,82.046875,24.53125,23.84375,13.03125,15.546875,8.59375,10.796875,10.265625,9.53125,7.390625,93.765625,42.484375,93.4375,31.765625,7.5,4.515625,6.3125,3.71875,6.765625,4.921875,7.375,5.03125,88.59375,128.328125,886.96875,19,0,2,0,2,4,3,0,0,1,2,1,0,0,187.96,190.5,170.0,0.0,0.5,0.505,0.425,0.375,0.0,2.0,0.0,0.0,0.0,73.5,37.5,55.0,22.5,102.5,60.5,78.0,42.0,4.0,3.0,0.0,0.0,69.0,34.0,45.0,16.0,3.0,2.5,5.5,4.0,1.5,1.0,4.5,2.5,28.0,12.0,39.5,11.0,0.5,0.5,5.0,4.0,45.0,25.0,10.5,7.5,290.5,9.0,485.5,4,1,0,1,1,1,1,0,0,0,1,0,0,0,187.96,190.5,170.0,31.0,26.0,0,0,0,0,0,0,0,0,0,1,0,0,0,0,0,1,0,0,0,0,1,0,0,0
Blue,False,0.0,0.0,0.5081249999999999,0.475625,0.458125,0.0,1.0625,0.4375,0.5,0.125,32.75,16.625,37.9375,16.3125,75.375,56.125,85.4375,61.4375,5.625,2.4375,0.0625,0.0,29.9375,13.9375,29.0625,9.1875,1.3125,1.1875,5.3125,4.0625,1.5,1.5,3.5625,3.0625,12.25,4.75,13.4375,4.6875,3.0,2.1875,3.6875,2.3125,17.5,9.6875,20.8125,9.3125,359.0625,265.875,725.8125,12,0,1,0,1,2,3,0,0,0,1,1,0,0,180.34,193.04,170.0,0.009765625,0.315673828125,0.2813623046875,0.5747802734375,0.08798828125,0.1466455078125,0.26611328125,1.597412109375,0.005126953125,0.1259765625,22.871826171875,12.439208984375,27.476806640625,16.004638671875,32.75732421875,21.450439453125,43.449462890625,28.455810546875,4.69775390625,0.8359375,0.72705078125,0.342529296875,15.847412109375,6.709228515625,20.025146484375,10.053955078125,5.235107421875,4.65576171875,4.0185546875,3.064453125,1.789306640625,1.07421875,3.43310546875,2.88623046875,9.114501953125,2.718994140625,13.272705078125,6.9130859375,3.5458984375,1.891845703125,4.260009765625,3.188720703125,10.21142578125,7.828369140625,9.944091796875,5.90283203125,94.751708984375,94.185302734375,342.629150390625,26,0,0,1,4,8,5,0,0,1,3,4,0,0,182.88,180.34,185.0,36.0,37.0,0,0,0,0,0,0,0,1,0,0,0,0,0,0,0,1,0,0,0,0,1,0,0,0
Red,False,0.00054931640625,0.0664081573486328,0.3403988111019134,0.3567041146755219,0.3899532353878021,0.0103562450408935,0.0323166847229003,0.0393105745315551,2.384185791015625e-07,1.1920928955078125e-07,102.26255536079408,34.45486378669739,125.43778860569,44.90427923202515,113.86814475059508,44.12910783290863,140.36506688594818,58.97764146327973,6.926494717597961,2.885807156562805,5.591626048088074,0.0315115451812744,86.34939455986023,22.617250323295597,81.71861481666565,19.405076503753666,8.57588016986847,5.125455021858215,28.58100998401642,16.737496376037598,7.337280631065369,6.712158441543579,15.138163805007936,8.761706352233887,87.1528582572937,23.273290157318115,99.1040621995926,28.63055551052093,12.736611366271973,9.66783046722412,25.342856645584103,15.634495854377748,2.3730857372283936,1.5137431621551514,0.9908697605133056,0.6392278671264648,197.25422978401184,81.50506174564362,861.046921133995,61,0,0,1,3,16,8,0,0,5,6,1,4,0,177.8,180.34,155.0,0.1328125,0.53125,0.3596875,0.2605468749999999,0.58328125,0.2625,0.953125,0.25,0.25,0.375,66.875,23.578125,79.140625,19.2265625,90.40625,45.03125,82.1484375,21.609375,0.8203125,0.65625,4.734375,1.5,54.0390625,14.6953125,74.2109375,16.4765625,4.265625,3.8046875,3.75,1.90625,8.5703125,5.078125,1.1796875,0.84375,63.859375,21.9609375,68.4453125,16.6328125,2.15625,0.765625,4.6953125,0.59375,0.859375,0.8515625,6.0,2.0,69.1875,207.265625,588.609375,15,1,3,0,4,7,1,0,0,1,1,2,2,1,180.34,193.04,155.0,31.0,31.0,0,0,0,0,0,0,1,0,0,0,0,0,0,0,0,0,0,1,0,0,1,0,0,0
Red,True,0.0,0.0,0.745,0.565,1.0,0.4599999999999999,2.0,1.5,1.0,0.0,51.0,37.5,39.5,22.5,118.0,100.0,67.0,45.0,2.0,2.0,4.5,2.0,39.5,27.0,37.0,20.0,8.5,7.5,1.5,1.5,3.0,3.0,1.0,1.0,13.5,8.5,16.0,8.5,8.5,7.5,3.5,1.5,29.0,21.5,20.0,12.5,385.0,242.0,728.0,6,0,2,0,2,2,0,0,0,0,0,2,0,0,167.64,172.72,145.0,0.25,0.0,0.7262500000000001,0.4700000000000001,0.71875,0.04125,0.5,0.125,0.0,0.125,23.375,16.375,15.0,7.75,41.875,34.125,18.0,10.75,1.625,1.375,0.375,0.125,17.875,11.25,12.875,6.0,4.0,3.625,2.125,1.75,1.5,1.5,0.0,0.0,8.625,3.5,10.0,4.5,7.125,5.875,4.875,3.125,7.625,7.0,0.125,0.125,94.375,21.375,142.875,6,4,4,0,4,4,0,0,0,0,0,2,2,0,170.18,167.64,135.0,32.0,28.0,0,0,0,0,0,0,0,0,0,0,1,0,0,0,0,0,0,1,0,0,1,0,0,0
Blue,False,0.015625,0.0,0.45,0.4275,0.25,0.2,0.148468017578125,0.098388671875,0.0,0.0,66.5,29.6875,64.31230545043945,27.34375,89.75,48.0,85.53125,44.41152191162109,2.0,0.75,2.0546875,0.75,51.1875,18.3359375,49.6123046875,16.280410766601562,7.5,5.07647705078125,7.5,5.0,4.5,3.625,4.984375,3.9375,48.6875,17.0,47.11572265625,16.5,5.75,3.75,5.3125,3.4375,5.0625,3.5,3.875,2.5,99.2119140625,94.125,638.5,0,0,0,0,0,0,0,0,0,0,0,0,0,0,172.72,175.26,135.0,0.0,0.0,0.5225,0.495,0.665,0.3425,1.25,0.0,0.0,0.0,80.0,43.0,96.0,32.5,88.5,51.25,117.25,50.75,2.0,1.25,4.75,1.25,63.25,28.5,76.5,19.75,11.25,9.25,15.25,9.25,5.5,5.25,4.25,3.5,52.25,23.0,74.0,18.75,19.5,13.5,21.25,13.5,8.25,6.5,0.75,0.25,132.0,214.75,599.5,7,0,1,0,1,2,1,0,0,0,1,0,1,0,170.18,170.18,135.0,33.0,26.0,0,0,0,0,0,0,0,0,0,0,1,0,0,0,0,0,0,1,0,0,1,0,0,0
Blue,False,0.0,1.0,0.39,0.34,0.4,0.0,0.0,0.0,0.0,1.0,231.0,91.0,221.0,77.0,236.0,96.0,227.0,83.0,10.0,4.0,1.0,0.0,190.0,64.0,189.0,51.0,26.0,15.0,19.0,15.0,15.0,12.0,13.0,11.0,209.0,79.0,210.0,68.0,22.0,12.0,11.0,9.0,0.0,0.0,0.0,0.0,58.0,23.0,900.0,3,0,0,1,0,0,1,0,0,0,0,0,0,0,182.88,185.42,155.0,0.0,0.625,0.41375,0.35875,0.0625,0.625,0.125,0.0,0.375,0.5,116.75,49.25,121.0,47.875,124.0,55.0,132.25,57.375,2.75,0.125,2.5,1.5,93.0,35.25,88.75,26.125,13.0,7.125,21.75,14.875,10.75,6.875,10.5,6.875,111.125,47.0,107.625,38.5,3.5,1.375,10.125,7.25,2.125,0.875,3.25,2.125,100.75,108.75,664.625,8,0,1,0,1,2,2,0,0,0,0,1,1,0,187.96,185.42,170.0,29.0,28.0,0,0,0,0,0,0,1,0,0,0,0,0,0,0,0,1,0,0,0,0,1,0,0,0
Red,False,1.0,0.0,0.5700000000000001,0.315,0.275,0.05,0.0,1.0,0.0,0.0,113.5,65.0,70.5,24.0,177.0,124.5,96.5,44.5,4.5,2.5,5.5,0.5,81.5,40.5,51.0,9.5,18.0,12.5,10.5,7.5,14.0,12.0,9.0,7.0,66.0,28.5,55.5,14.5,37.0,26.5,14.0,8.5,10.5,10.0,1.0,1.0,410.5,221.5,900.0,6,0,1,0,1,1,1,0,0,0,1,0,0,0,182.88,185.42,170.0,0.5,0.0,0.54,0.41,0.0,0.75,0.0,0.5,0.0,0.0,99.5,52.0,85.5,36.0,108.5,61.0,89.5,39.0,0.0,0.0,1.5,1.0,76.0,34.5,78.0,31.5,14.0,9.5,7.0,4.0,9.5,8.0,0.5,0.5,85.5,42.5,63.0,23.0,13.0,8.5,12.5,6.0,1.0,1.0,10.0,7.0,26.0,141.5,581.5,4,0,1,0,1,1,1,0,0,0,0,1,0,0,182.88,185.42,170.0,26.0,33.0,0,0,0,0,0,0,0,0,0,1,0,0,0,0,0,1,0,0,0,0,0,0,1,0
Red,False,0.0,0.0,0.17,0.8200000000000001,0.0,0.915,1.0,0.0,0.5,0.0,16.0,5.0,35.5,32.5,26.5,14.5,54.0,50.5,1.5,0.0,3.5,3.0,12.0,3.5,6.0,3.5,1.0,0.5,26.5,26.5,3.0,1.0,3.0,2.5,15.0,4.0,3.5,2.0,1.0,1.0,2.5,2.5,0.0,0.0,29.5,28.0,3.5,225.5,348.5,3,0,0,2,0,0,2,0,0,0,0,0,0,0,187.96,190.5,247.0,0.0,0.0,0.795,0.71,0.375,0.0825,0.0,0.0,0.0,0.25,11.25,7.5,9.0,6.25,12.5,8.75,15.0,12.25,0.75,0.5,0.75,0.25,10.25,7.0,6.5,3.75,0.5,0.5,1.75,1.75,0.5,0.0,0.75,0.75,2.75,0.75,3.5,2.25,1.25,1.0,0.75,0.75,7.25,5.75,4.75,3.25,50.0,31.25,138.75,3,0,2,0,2,2,1,0,0,0,0,2,0,0,190.5,200.66,260.0,37.0,30.0,0,0,0,0,1,0,0,0,0,0,0,0,0,0,0,1,0,0,0,0,1,0,0,0
Red,False,0.015625,0.0,0.45,0.4275,0.25,0.2,0.148468017578125,0.098388671875,0.0,0.0,66.5,29.6875,64.31230545043945,27.34375,89.75,48.0,85.53125,44.41152191162109,2.0,0.75,2.0546875,0.75,51.1875,18.3359375,49.6123046875,16.280410766601562,7.5,5.07647705078125,7.5,5.0,4.5,3.625,4.984375,3.9375,48.6875,17.0,47.11572265625,16.5,5.75,3.75,5.3125,3.4375,5.0625,3.5,3.875,2.5,99.2119140625,94.125,638.5,0,0,0,0,0,0,0,0,0,0,0,0,0,0,177.8,177.8,145.0,0.0471682548522949,0.0,0.45,0.4217682266235352,0.25,0.19173828125,0.1875,0.125,0.0,0.0,69.5,30.5,66.984375,27.8466796875,94.0,48.544921875,88.50390625,44.75,2.0,0.8125,2.015625,0.6640625,54.0,19.01513671875,51.483436584472656,16.9437255859375,7.91796875,5.430633544921875,7.75,5.0625,4.780975341796875,3.9373779296875,4.8994140625,3.84375,51.025390625,18.400863647460938,50.515625,17.5,5.75,3.75,5.5,3.5,5.375,3.6875,4.0,2.65625,104.865234375,89.5,655.8441009521484,0,0,0,0,0,0,0,0,0,0,0,0,0,0,177.8,177.8,145.0,26.0,28.0,0,0,1,0,0,0,0,0,0,0,0,0,0,0,0,1,0,0,0,0,1,0,0,0
Blue,False,0.0,0.0,0.665,0.5349999999999999,0.0,0.33,0.0,0.0,0.0,0.0,87.5,44.0,87.0,44.5,93.5,50.0,91.5,49.0,0.0,0.0,3.5,1.0,78.5,38.5,52.5,17.0,8.5,5.0,7.5,4.5,0.5,0.5,27.0,23.0,52.5,20.5,81.0,41.5,31.0,20.0,6.0,3.0,4.0,3.5,0.0,0.0,14.0,85.0,518.0,4,0,0,1,1,1,1,0,0,0,0,1,0,0,187.96,190.5,205.0,0.125,0.75,0.351875,0.39375,0.34375,0.0,0.0625,0.0,0.0,0.0,45.625,15.4375,47.625,16.0,58.4375,26.3125,72.6875,37.5625,2.5,1.375,1.3125,0.0,31.5,6.875,41.3125,11.9375,12.25,6.75,2.25,1.625,1.875,1.8125,4.0625,2.4375,42.5,12.875,41.0,12.125,1.0625,0.8125,2.875,0.625,2.0625,1.75,3.75,3.25,230.125,33.625,631.4375,11,1,3,0,3,4,1,0,0,1,2,0,1,0,185.42,198.12,185.0,28.0,30.0,0,0,0,0,0,0,0,1,0,0,0,0,0,0,0,0,0,1,0,0,0,0,1,0
Red,False,0.0,0.0,0.4299999999999999,0.315,0.415,0.5,0.5,0.0,0.0,0.0,98.0,34.0,98.5,24.0,102.5,36.5,98.5,24.0,2.5,1.0,1.0,0.5,82.0,26.0,69.0,12.0,5.0,1.5,18.5,8.0,11.0,6.5,11.0,4.0,85.0,26.0,96.0,23.5,2.5,2.0,1.5,0.5,10.5,6.0,1.0,0.0,98.0,28.0,586.5,4,0,2,0,2,2,0,0,0,1,0,0,1,0,185.42,193.04,185.0,1.0,0.5,0.3399999999999999,0.385,0.0,0.25,0.0,0.0,0.0,1.0,53.5,17.5,97.0,41.5,59.0,21.0,117.5,58.5,0.0,0.0,5.0,2.5,42.5,12.5,73.0,24.5,7.5,2.5,15.0,10.0,3.5,2.5,9.0,7.0,50.0,16.5,66.5,21.0,1.0,0.5,6.0,4.5,2.5,0.5,24.5,16.0,16.0,216.0,490.0,4,0,0,1,1,1,1,0,0,0,0,1,0,0,182.88,185.42,170.0,23.0,28.0,0,0,0,0,0,0,0,0,0,1,0,0,0,0,0,1,0,0,0,0,1,0,0,0
Blue,False,0.0,0.0,0.51,0.47,0.55,0.0,0.0,0.0,0.0,0.0,129.0,67.0,53.0,25.0,153.0,83.0,59.0,31.0,9.0,5.0,0.0,0.0,83.0,31.0,39.0,13.0,16.0,9.0,11.0,9.0,30.0,27.0,3.0,3.0,71.0,24.0,47.0,22.0,49.0,39.0,2.0,1.0,9.0,4.0,4.0,2.0,347.0,18.0,900.0,3,0,1,0,1,1,0,0,0,0,1,0,0,0,167.64,167.64,135.0,0.375,0.0,0.5022265625,0.5305078125,0.41453125,0.3573828125,0.09375,0.0,0.125,0.6328125,42.20703125,21.875,35.24609375,14.74609375,68.8046875,44.90625,96.28125,67.703125,2.484375,1.3515625,7.359375,3.66796875,28.56640625,12.6328125,32.16015625,12.7734375,12.77734375,8.9609375,1.0234375,0.88671875,0.86328125,0.28125,2.0625,1.0859375,29.44140625,12.74609375,16.15625,3.65234375,2.23828125,1.98828125,1.55078125,0.921875,10.52734375,7.140625,17.5390625,10.171875,107.43359375,354.0,645.828125,21,0,2,0,3,6,3,0,0,1,3,2,0,0,175.26,180.34,135.0,34.0,34.0,1,0,0,0,0,0,0,0,0,0,0,0,0,0,0,1,0,0,0,0,0,0,1,0
Blue,False,0.0112342834472656,0.81640625,0.3226862239837647,0.7393922328948974,0.1929887962341308,0.0012362003326416,0.5340843200683594,0.031280517578125,0.03125,0.0312504768371582,27.309966325759888,8.954563856124878,66.57538771629333,49.94448494911194,36.479007959365845,17.083390712738037,117.30768179893494,97.10822701454164,1.9540276527404783,0.625734806060791,0.1809465885162353,0.0012438297271728,19.32852458953857,3.021531105041504,45.570719480514526,30.34277081489563,5.062090158462524,3.5302865505218506,18.19644021987915,16.80520486831665,2.919351577758789,2.4027462005615234,2.808228015899658,2.796509265899658,20.587509393692017,4.531871557235718,21.524760961532596,12.44229292869568,6.424180030822754,4.133622169494629,20.263368129730225,16.1140456199646,0.2982769012451172,0.2890701293945312,24.78725862503052,21.38814640045166,28.700650453567505,342.8215763568878,650.9048817157745,37,5,2,0,4,14,9,0,0,0,2,3,8,0,190.5,200.66,264.0,0.34375,0.875,0.4671875,0.495,0.0,0.19375,0.0,0.0,0.0,0.0,57.0625,29.1875,70.34375,38.8125,71.375,40.9375,95.15625,61.71875,1.125,0.0,1.59375,0.59375,41.8125,17.5,62.84375,32.0625,7.71875,5.65625,5.625,4.875,7.53125,6.03125,1.875,1.875,42.625,20.5625,57.3125,28.3125,8.375,4.9375,3.84375,2.5625,6.0625,3.6875,9.1875,7.9375,40.90625,130.65625,526.90625,12,1,0,1,2,2,4,0,0,0,0,2,0,0,193.04,208.28,264.0,35.0,35.0,0,0,0,0,1,0,0,0,0,0,0,0,0,0,0,0,0,1,0,0,1,0,0,0
Blue,False,0.5,0.25,0.475,0.3075,0.25,0.25,0.25,0.0,0.0,0.0,24.75,11.75,41.25,12.5,31.0,17.75,41.5,12.75,0.25,0.25,0.5,0.25,22.75,10.0,24.5,2.75,1.0,0.75,6.25,3.0,1.0,1.0,10.5,6.75,21.5,10.25,41.25,12.5,1.25,0.0,0.0,0.0,2.0,1.5,0.0,0.0,62.5,1.5,257.75,4,0,1,0,1,2,1,0,0,0,0,1,1,0,177.8,182.88,155.0,0.25,0.5,0.30125,0.3125,0.51625,0.29,0.25,1.0,0.0,0.5,68.0,19.0,61.0,23.0,80.875,31.375,76.125,36.375,8.5,4.25,2.0,0.75,57.375,14.0,39.125,8.625,7.75,3.875,11.25,8.125,2.875,1.125,10.625,6.25,54.125,11.125,50.5,16.5,7.25,5.25,7.5,4.75,6.625,2.625,3.0,1.75,145.125,108.25,748.875,9,0,3,0,3,3,1,0,0,0,1,1,0,1,172.72,185.42,155.0,32.0,28.0,0,0,0,0,0,0,1,0,0,0,0,0,0,0,0,0,0,1,0,0,1,0,0,0
Blue,False,0.0,0.0,0.38,0.24,0.0,0.0,0.0,0.0,0.0,0.0,221.0,85.0,116.0,28.0,222.0,86.0,122.0,33.0,0.0,0.0,3.0,0.0,187.0,64.0,79.0,7.0,22.0,10.0,8.0,3.0,12.0,11.0,29.0,18.0,206.0,76.0,112.0,26.0,14.0,9.0,4.0,2.0,1.0,0.0,0.0,0.0,16.0,14.0,900.0,3,0,1,0,1,1,0,0,0,0,1,0,0,0,167.64,172.72,135.0,0.0,0.0,0.65375,0.47125,0.78,0.305,1.125,0.625,0.0,0.0,96.375,53.0,89.25,40.75,119.25,73.125,106.75,55.375,2.875,1.5,2.625,1.0,83.0,41.5,76.125,28.875,11.25,9.375,6.375,5.75,2.125,2.125,6.75,6.125,70.75,35.0,63.125,23.375,14.5,8.5,12.875,9.25,11.125,9.5,13.25,8.125,240.875,83.25,541.125,9,0,0,1,3,3,1,0,0,1,1,0,1,0,154.94,157.48,115.0,37.0,23.0,0,0,0,0,0,0,0,0,0,0,1,0,0,0,0,1,0,0,0,0,1,0,0,0
Blue,False,0.587890625,0.015625,0.3158984375,0.25287109375,0.2548828125,0.057412109375,0.0,0.177734375,0.0048828125,0.0,134.1123046875,46.5478515625,89.951171875,21.8876953125,138.7060546875,48.9384765625,97.865234375,28.759765625,2.271484375,0.7548828125,2.1513671875,0.3505859375,94.845703125,22.5673828125,76.5322265625,17.1904296875,22.638671875,10.765625,10.466796875,2.2705078125,16.6279296875,13.21484375,2.9521484375,2.4267578125,113.8505859375,37.5791015625,76.2744140625,12.8642578125,18.0908203125,7.8212890625,8.109375,4.8408203125,2.1708984375,1.1474609375,5.5673828125,4.1826171875,53.2978515625,66.1591796875,749.708984375,27,1,0,1,3,7,4,0,0,0,4,3,0,0,177.8,185.42,155.0,0.3671875,0.1328125,0.4639453125,0.415390625,0.001953125,0.016328125,0.0625,0.3134765625,0.0,0.0,89.89453125,38.0888671875,81.6337890625,33.55078125,90.0849609375,38.138671875,82.810546875,34.466796875,0.068359375,0.00390625,2.212890625,0.0869140625,58.6982421875,17.30078125,61.6640625,20.9345703125,15.20703125,8.4853515625,10.4189453125,5.5966796875,15.9892578125,12.302734375,9.55078125,7.01953125,86.33984375,35.9658203125,77.2265625,31.21484375,1.5361328125,0.529296875,0.5791015625,0.07421875,2.0185546875,1.59375,3.828125,2.26171875,4.9794921875,16.41796875,599.873046875,24,0,4,0,4,9,2,0,1,1,2,5,0,0,180.34,190.5,145.0,28.0,29.0,0,0,0,0,0,0,1,0,0,0,0,0,0,0,0,0,0,1,0,0,1,0,0,0
Blue,False,0.0,2.0,0.0,0.33,0.0,0.0,0.0,0.0,0.0,0.0,6.0,0.0,12.0,4.0,6.0,0.0,12.0,4.0,0.0,0.0,0.0,0.0,5.0,0.0,12.0,4.0,1.0,0.0,0.0,0.0,0.0,0.0,0.0,0.0,6.0,0.0,7.0,2.0,0.0,0.0,0.0,0.0,0.0,0.0,5.0,2.0,5.0,2.0,63.0,1,0,0,1,0,0,1,0,0,0,0,0,0,0,193.04,193.04,170.0,0.0,0.0,0.4649999999999999,0.4,0.25,0.285,0.0,0.25,0.0,0.0,105.25,54.0,144.5,53.25,108.25,57.0,178.0,83.5,3.0,1.25,4.25,1.25,79.5,34.5,130.5,43.75,15.75,10.25,7.0,4.5,10.0,9.25,7.0,5.0,81.75,38.25,107.5,30.5,14.5,11.75,10.25,5.5,9.0,4.0,26.75,17.25,95.75,105.5,750.75,8,1,0,1,1,1,2,0,0,0,1,0,0,0,180.34,190.5,170.0,25.0,23.0,0,0,0,0,0,0,0,0,0,1,0,0,0,0,0,1,0,0,0,0,1,0,0,0
Blue,False,0.0,0.0,0.43,0.45,0.25,0.28,0.0,1.0,0.0,0.0,94.0,31.5,88.5,36.5,142.0,76.0,108.5,56.5,1.5,0.5,8.0,2.0,84.0,23.5,70.0,23.0,9.5,7.5,13.5,9.5,0.5,0.5,5.0,4.0,83.0,21.5,63.0,16.5,10.5,9.5,25.5,20.0,0.5,0.5,0.0,0.0,34.0,223.0,499.5,4,0,0,2,0,0,2,0,0,0,0,0,0,0,180.34,180.34,145.0,0.0,0.0,0.38,0.41,0.0,1.0,0.0,0.0,0.0,0.0,163.0,62.0,73.0,30.0,195.0,88.0,73.0,30.0,0.0,0.0,2.0,2.0,102.0,20.0,46.0,9.0,19.0,8.0,18.0,16.0,42.0,34.0,9.0,5.0,127.0,38.0,68.0,26.0,35.0,24.0,2.0,1.0,1.0,0.0,3.0,3.0,205.0,10.0,900.0,3,0,1,0,1,1,0,0,0,0,1,0,0,0,175.26,177.8,145.0,28.0,27.0,0,0,1,0,0,0,0,0,0,0,0,0,0,0,0,1,0,0,0,0,1,0,0,0
Red,False,0.75,0.0,0.38,0.39,0.415,0.315,0.25,1.25,0.0,0.0,74.25,29.75,51.0,18.75,85.75,40.0,78.5,44.75,2.5,1.5,4.25,1.75,62.0,20.25,38.0,9.5,9.5,7.5,8.0,5.75,2.75,2.0,5.0,3.5,50.75,15.75,32.25,7.5,18.75,11.5,15.0,8.75,4.75,2.5,3.75,2.5,129.75,164.75,532.5,6,0,0,1,1,1,2,0,0,0,0,1,0,0,177.8,180.34,135.0,0.0,0.0,0.27,0.36,0.0,0.5,0.0,0.0,0.0,0.0,97.0,27.0,95.0,35.0,97.0,27.0,102.0,41.0,0.0,0.0,6.0,3.0,70.0,13.0,78.0,25.0,12.0,4.0,16.0,9.0,15.0,10.0,1.0,1.0,89.0,24.0,73.0,29.0,8.0,3.0,13.0,4.0,0.0,0.0,9.0,2.0,0.0,43.0,900.0,3,0,0,1,0,0,1,0,0,0,0,0,0,0,170.18,172.72,145.0,27.0,29.0,1,0,0,0,0,0,0,0,0,0,0,0,0,0,0,1,0,0,0,0,1,0,0,0
Red,False,0.0,0.0,0.5,0.41,0.0,0.66,1.0,0.0,0.0,0.0,12.0,6.0,24.0,10.0,20.0,13.0,45.0,29.0,0.0,0.0,3.0,2.0,6.0,2.0,22.0,9.0,5.0,3.0,0.0,0.0,1.0,1.0,2.0,1.0,7.0,3.0,5.0,1.0,2.0,1.0,0.0,0.0,3.0,2.0,19.0,9.0,33.0,221.0,297.0,1,0,0,1,0,0,1,0,0,0,0,0,0,0,185.42,185.42,155.0,0.0,0.0,0.56,0.465,0.1,0.5,0.5,0.5,0.5,0.0,126.5,66.0,124.0,55.0,140.0,77.5,137.0,67.5,9.5,1.0,1.0,0.5,73.5,25.0,104.5,40.0,34.0,25.5,14.0,10.0,19.0,15.5,5.5,5.0,94.5,41.5,102.5,37.5,32.0,24.5,19.0,16.0,0.0,0.0,2.5,1.5,271.5,25.0,900.0,6,0,1,0,1,1,1,0,0,0,1,0,0,0,175.26,185.42,155.0,25.0,34.0,0,0,0,0,0,0,1,0,0,0,0,0,0,0,0,1,0,0,0,0,1,0,0,0
Blue,False,0.0,0.25,0.4125,0.405,0.3325,0.125,0.5,1.5,0.25,0.0,141.5,59.0,95.5,39.25,165.75,79.25,120.0,59.25,9.5,3.25,0.75,0.25,120.75,42.75,74.5,23.5,20.5,16.0,12.75,8.75,0.25,0.25,8.25,7.0,96.5,28.0,83.75,33.0,16.75,11.25,8.75,4.25,28.25,19.75,3.0,2.0,431.75,40.5,900.0,9,0,0,1,2,2,1,0,0,1,1,0,0,0,175.26,195.58,170.0,0.5,0.0,0.4875,0.395,0.3125,0.375,0.0,0.0,0.0,0.0,60.0,29.75,86.75,34.0,90.25,54.5,109.0,54.75,12.25,4.0,1.25,0.75,48.75,20.75,67.25,17.25,5.25,3.25,12.25,9.5,6.0,5.75,7.25,7.25,49.5,21.75,69.75,23.25,6.0,4.0,8.5,6.75,4.5,4.0,8.5,4.0,349.5,92.0,900.0,9,0,0,1,2,2,1,0,0,1,1,0,0,0,167.64,170.18,170.0,22.0,33.0,0,0,0,0,0,0,1,0,0,0,0,0,0,0,0,1,0,0,0,0,1,0,0,0
Red,False,0.0,1.0,0.35,0.54,0.33,1.0,2.0,0.0,1.0,0.0,14.0,5.0,55.0,30.0,41.0,30.0,57.0,31.0,3.0,1.0,2.0,2.0,8.0,0.0,54.0,29.0,2.0,1.0,1.0,1.0,4.0,4.0,0.0,0.0,12.0,3.0,55.0,30.0,0.0,0.0,0.0,0.0,2.0,2.0,0.0,0.0,222.0,38.0,452.0,2,0,0,1,0,0,1,0,0,0,0,0,0,0,170.18,170.18,155.0,0.5546875,0.0,0.396328125,0.418828125,0.014609375,0.36671875,0.78125,0.34375,0.015625,0.0078125,98.2578125,39.8828125,93.1875,40.140625,139.8125,76.8984375,139.8046875,81.9453125,0.7421875,0.0625,5.0390625,1.796875,75.5546875,22.4453125,66.5703125,20.390625,11.203125,7.140625,17.265625,11.375,11.5,10.296875,9.3515625,8.375,86.6484375,31.875,74.4453125,24.5703125,8.90625,6.59375,8.2578125,6.2421875,2.703125,1.4140625,10.484375,9.328125,69.8515625,385.90625,882.140625,22,1,2,0,2,3,5,0,0,0,2,1,0,0,175.26,180.34,155.0,23.0,29.0,0,0,0,0,0,0,1,0,0,0,0,0,0,0,0,1,0,0,0,0,1,0,0,0
Red,False,1.5,0.0,0.535,0.29,0.5,0.25,0.0,0.0,0.0,0.0,27.0,14.5,11.5,3.5,31.5,18.5,13.0,4.0,0.5,0.5,2.0,0.5,21.0,10.0,10.5,2.5,5.0,4.5,1.0,1.0,1.0,0.0,0.0,0.0,13.0,5.5,7.5,1.0,10.0,6.0,4.0,2.5,4.0,3.0,0.0,0.0,23.0,12.5,106.5,2,0,2,0,2,2,0,0,0,0,0,2,0,0,187.96,187.96,170.0,0.1337890625,0.25390625,0.4803369140625,0.4501611328125,0.1119873046875,0.18560546875,0.3232421875,0.0625,0.125,0.00048828125,104.708984375,54.51806640625,88.5419921875,38.03857421875,117.71142578125,66.47509765625,92.90185546875,41.9873046875,1.64306640625,0.4462890625,5.56103515625,1.537109375,52.685546875,10.7978515625,57.501953125,14.533203125,20.0107421875,14.08984375,18.177734375,12.765625,32.0126953125,29.63037109375,12.8623046875,10.73974609375,98.78369140625,50.76318359375,80.21044921875,33.3388671875,4.46875,2.67919921875,6.07177734375,4.16455078125,1.45654296875,1.07568359375,2.259765625,0.53515625,57.111328125,70.640625,757.984375,43,5,7,0,7,9,3,0,0,3,5,0,1,0,175.26,177.8,170.0,29.0,31.0,0,0,0,0,0,0,0,0,0,1,0,0,0,0,0,0,0,0,1,0,0,0,1,0
Red,False,0.0,0.0,0.58,0.57,0.4,0.5,1.0,0.0,0.0,0.0,85.0,50.0,45.0,26.0,128.0,88.0,76.0,55.0,5.0,2.0,6.0,3.0,62.0,30.0,30.0,13.0,17.0,15.0,7.0,5.0,6.0,5.0,8.0,8.0,28.0,9.0,34.0,17.0,16.0,15.0,2.0,1.0,41.0,26.0,9.0,8.0,374.0,388.0,900.0,3,0,1,0,1,1,0,0,0,0,1,0,0,0,170.18,172.72,125.0,0.0,0.0,0.55,0.285,0.81,0.25,2.0,0.0,0.5,0.5,15.0,7.0,41.5,23.0,22.5,13.5,74.5,54.5,4.5,3.0,2.0,1.0,11.5,5.0,23.0,7.0,2.5,1.5,16.5,14.0,1.0,0.5,2.0,2.0,8.5,3.5,21.0,6.0,3.5,1.0,13.5,11.0,3.0,2.5,7.0,6.0,232.5,161.5,518.5,4,0,0,1,1,1,1,0,0,0,0,0,1,0,162.56,160.02,135.0,33.0,21.0,0,0,0,1,0,0,0,0,0,0,0,0,0,0,0,1,0,0,0,0,1,0,0,0
Red,False,1.0,0.0,0.38,0.57,0.4,0.33,0.0,0.0,0.0,0.0,93.0,36.0,101.0,58.0,163.0,97.0,112.0,69.0,5.0,2.0,3.0,1.0,70.0,20.0,70.0,33.0,9.0,5.0,15.0,10.0,14.0,11.0,16.0,15.0,57.0,14.0,58.0,26.0,22.0,12.0,27.0,22.0,14.0,10.0,16.0,10.0,386.0,181.0,900.0,3,0,1,0,1,1,0,0,0,1,0,0,0,0,175.26,180.34,145.0,0.0,0.0,0.28,0.3875,0.5349999999999999,0.125,3.75,0.25,1.25,1.75,42.0,11.75,47.5,19.0,73.25,39.75,69.0,37.75,4.75,2.25,1.0,0.5,40.0,10.75,41.25,16.0,1.25,0.25,4.75,1.5,0.75,0.75,1.5,1.5,33.5,5.25,32.0,10.75,4.25,2.75,4.75,3.0,4.25,3.75,10.75,5.25,342.0,178.25,713.75,7,0,0,1,2,2,1,0,0,0,1,0,1,0,180.34,182.88,145.0,28.0,29.0,0,0,1,0,0,0,0,0,0,0,0,0,0,0,0,1,0,0,0,0,1,0,0,0
Red,False,0.0,1.0,0.45,0.605,0.1325,0.0,0.25,0.25,0.0,0.0,54.25,22.25,58.0,32.75,73.25,36.25,78.25,53.0,6.5,0.75,0.0,0.0,41.25,10.5,39.25,17.5,8.0,7.0,9.0,6.0,5.0,4.75,9.75,9.25,42.75,13.0,45.25,23.5,10.25,8.25,10.75,7.25,1.25,1.0,2.0,2.0,224.75,99.0,537.25,5,0,3,0,3,3,0,0,0,1,0,0,1,0,177.8,180.34,170.0,0.125,0.0,0.4565625,0.283515625,0.5484375,0.213515625,0.0,0.3203125,0.0078125,0.375,113.4296875,51.078125,58.4140625,17.484375,168.7421875,102.359375,71.640625,28.59375,4.6171875,2.34375,3.40625,1.1875,98.859375,40.015625,43.0625,9.34375,6.390625,4.4765625,11.0390625,4.359375,8.1796875,6.5859375,4.3125,3.78125,76.1875,25.75,50.296875,14.53125,8.8671875,7.140625,1.8125,0.7578125,28.375,18.1875,6.3046875,2.1953125,179.5546875,157.4609375,768.4765625,21,0,1,0,5,6,2,0,0,0,4,2,0,0,190.5,203.2,170.0,33.0,27.0,0,0,0,0,0,0,0,0,0,1,0,0,0,0,0,1,0,0,0,0,1,0,0,0
Red,False,0.0,0.0,0.45,0.47,0.71,0.0,3.0,2.0,0.0,0.0,24.0,11.0,51.0,24.0,127.0,110.0,80.0,52.0,7.0,5.0,1.0,0.0,24.0,11.0,46.0,20.0,0.0,0.0,1.0,1.0,0.0,0.0,4.0,3.0,12.0,4.0,40.0,17.0,1.0,1.0,10.0,6.0,11.0,6.0,1.0,1.0,664.0,64.0,900.0,3,0,1,0,1,1,0,0,0,0,1,0,0,0,180.34,180.34,185.0,0.0,0.0,0.52,0.5,0.5,0.0,1.0,0.0,0.0,0.0,48.0,25.0,46.0,23.0,59.0,33.0,47.0,24.0,2.0,1.0,2.0,0.0,42.0,19.0,41.0,20.0,1.0,1.0,2.0,0.0,5.0,5.0,3.0,3.0,40.0,19.0,43.0,20.0,7.0,5.0,3.0,3.0,1.0,1.0,0.0,0.0,51.0,0.0,267.0,1,0,1,0,1,1,0,0,0,0,0,0,1,0,182.88,177.8,185.0,26.0,37.0,0,0,0,0,0,0,0,1,0,0,0,0,0,0,0,1,0,0,0,0,0,0,1,0
Red,False,0.509796142578125,0.00152587890625,0.4005975341796874,0.342696533203125,0.0661895751953125,0.17930419921875,0.83203125,0.01953125,0.5003662109375,0.000213623046875,88.78753662109375,34.563690185546875,68.58529663085938,23.63720703125,105.7911376953125,51.14132690429688,98.7406005859375,52.866058349609375,0.1839599609375,0.080230712890625,3.474853515625,1.14642333984375,75.436279296875,25.974578857421875,54.452728271484375,12.08416748046875,8.84716796875,4.36236572265625,8.33599853515625,6.166656494140625,4.50408935546875,4.22674560546875,5.79656982421875,5.386383056640625,84.13583374023438,31.138397216796875,63.54830932617188,21.08551025390625,3.2677001953125,2.065704345703125,1.006500244140625,0.550506591796875,1.384002685546875,1.359588623046875,4.030487060546875,2.001190185546875,85.82058715820312,178.87875366210938,611.5061645507812,34,0,2,0,2,10,6,0,0,0,2,1,7,0,185.42,185.42,145.0,0.638671875,0.0,0.541171875,0.34333984375,0.0,0.09365234375,0.25,0.005859375,0.0,0.25,112.904296875,60.193359375,103.400390625,34.25390625,124.46875,68.8671875,105.509765625,35.98828125,0.015625,0.0,4.6953125,0.833984375,93.53515625,45.84765625,78.68359375,19.634765625,15.390625,11.8125,12.345703125,6.130859375,3.978515625,2.533203125,12.37109375,8.48828125,82.205078125,36.11328125,91.7265625,27.69140625,14.802734375,10.359375,8.943359375,5.02734375,15.896484375,13.720703125,2.73046875,1.53515625,45.330078125,76.529296875,486.236328125,24,0,0,1,4,7,3,0,0,1,1,4,1,0,180.34,175.26,145.0,30.0,23.0,0,0,1,0,0,0,0,0,0,0,0,0,0,0,0,1,0,0,0,0,1,0,0,0
Red,False,0.015625,0.0,0.45,0.4275,0.25,0.2,0.148468017578125,0.098388671875,0.0,0.0,66.5,29.6875,64.31230545043945,27.34375,89.75,48.0,85.53125,44.41152191162109,2.0,0.75,2.0546875,0.75,51.1875,18.3359375,49.6123046875,16.280410766601562,7.5,5.07647705078125,7.5,5.0,4.5,3.625,4.984375,3.9375,48.6875,17.0,47.11572265625,16.5,5.75,3.75,5.3125,3.4375,5.0625,3.5,3.875,2.5,99.2119140625,94.125,638.5,0,0,0,0,0,0,0,0,0,0,0,0,0,0,177.8,185.42,155.0,1.0,0.0,0.52,0.59,0.0,0.3,0.0,2.0,0.0,0.0,67.0,35.0,37.0,22.0,163.0,119.0,73.0,50.0,0.0,0.0,10.0,3.0,63.0,31.0,31.0,17.0,4.0,4.0,5.0,4.0,0.0,0.0,1.0,1.0,26.0,11.0,17.0,6.0,2.0,1.0,5.0,4.0,39.0,23.0,15.0,12.0,303.0,389.0,900.0,3,0,0,1,0,0,1,0,0,0,0,0,0,0,177.8,180.34,170.0,24.0,26.0,0,0,0,0,0,0,1,0,0,0,0,0,0,0,0,1,0,0,0,0,0,0,0,1
Red,False,0.0625,0.0,0.5818749999999999,0.353125,0.78125,0.09375,0.75,0.5,0.0,0.5625,93.375,41.6875,79.375,26.0,142.9375,82.125,84.9375,30.9375,4.4375,3.1875,1.3125,0.375,73.5625,27.125,67.4375,17.125,10.8125,7.125,8.4375,5.875,9.0,7.4375,3.5,3.0,70.8125,26.875,73.6875,23.625,8.1875,6.25,4.875,2.0,14.375,8.5625,0.8125,0.375,149.875,65.5625,574.0,13,0,0,1,2,2,3,0,0,0,2,0,0,0,170.18,167.64,125.0,0.0,0.0,0.3875,0.36,0.39,0.3,0.25,0.25,0.75,0.5,71.25,27.5,51.0,18.0,99.5,53.0,88.75,50.25,8.0,3.25,3.25,1.25,60.5,20.75,41.75,11.5,5.5,2.25,5.0,3.25,5.25,4.5,4.25,3.25,55.75,18.0,38.25,10.25,1.0,0.5,7.0,4.5,14.5,9.0,5.75,3.25,245.0,227.25,900.0,9,0,2,0,2,2,1,0,0,0,2,0,0,0,162.56,162.56,125.0,28.0,31.0,0,0,0,1,0,0,0,0,0,0,0,0,0,0,0,0,0,1,0,0,0,0,1,0
Blue,False,0.125,0.0,0.40125,0.4599999999999999,0.3525,0.0,0.75,0.0,0.0,0.0,55.0,20.75,55.375,30.0,112.5,72.625,77.625,50.625,8.875,3.25,1.0,0.0,44.25,13.875,34.25,12.75,3.375,1.75,15.75,13.0,7.375,5.125,5.375,4.25,45.375,14.5,43.0,19.75,2.5,1.5,5.625,4.5,7.125,4.75,6.75,5.75,423.875,13.25,769.25,10,0,2,0,2,3,1,0,0,0,2,0,1,0,185.42,195.58,185.0,0.008056640625,0.00390625,0.5069699096679687,0.5567770385742188,0.27100830078125,0.229794921875,0.2366943359375,0.12774658203125,0.00079345703125,0.032318115234375,74.48074340820312,40.65982055664063,63.534912109375,36.3841552734375,111.08078002929688,74.42770385742188,103.89596557617188,72.2347412109375,2.8597412109375,0.9068603515625,6.188751220703125,1.590576171875,51.0604248046875,20.04705810546875,39.119140625,18.60272216796875,10.227874755859377,9.486236572265623,13.48321533203125,8.53741455078125,13.19244384765625,11.12652587890625,10.93255615234375,9.2440185546875,45.58511352539063,19.068145751953125,38.41119384765625,19.809112548828125,24.052520751953125,17.7244873046875,11.60089111328125,9.123138427734377,4.843109130859375,3.8671875,13.5228271484375,7.451904296875,151.83035278320312,383.2957763671875,865.0500183105469,36,1,0,2,3,9,7,0,0,1,2,2,4,0,185.42,195.58,205.0,31.0,34.0,0,0,0,0,0,0,0,1,0,0,0,0,0,0,0,0,0,1,0,0,1,0,0,0
Blue,False,1.3125,0.0,0.40828125,0.33484375,0.1484375,0.02296875,0.3125,0.265625,0.0,0.0,120.921875,47.46875,93.90625,30.59375,124.421875,50.4375,97.765625,34.15625,1.0,0.25,2.671875,0.171875,102.625,35.953125,82.421875,23.265625,13.25,6.53125,6.921875,4.140625,5.046875,4.984375,4.5625,3.1875,113.0625,42.625,92.390625,29.765625,4.34375,2.359375,0.421875,0.109375,3.515625,2.484375,1.09375,0.71875,49.890625,22.203125,531.671875,17,1,0,1,3,5,2,0,0,0,3,2,0,0,177.8,177.8,155.0,0.0039215087890625,0.296875,0.4595201110839844,0.5108837890625,0.4036540222167969,0.3289270019531249,0.73388671875,0.16015625,0.8772125244140625,0.062774658203125,64.78399658203125,28.068649291992188,102.39877319335938,51.02569580078125,87.87771606445312,48.8756103515625,121.177001953125,67.55081176757812,4.9805450439453125,1.817230224609375,2.70947265625,0.8812255859375,58.93046569824219,22.74642944335937,79.2969970703125,31.311508178710938,5.4462432861328125,5.0399932861328125,15.965789794921877,12.909500122070312,0.40728759765625,0.2822265625,7.135986328125,6.8046875,44.98512268066406,10.903335571289062,84.6395263671875,38.58418273925781,5.7709503173828125,4.9844512939453125,15.868194580078123,11.385772705078123,14.027923583984377,12.180862426757812,1.89105224609375,1.0557403564453125,202.13462829589844,102.78761291503906,638.4116363525391,33,0,3,0,3,11,6,0,0,0,1,2,7,1,177.8,180.34,155.0,27.0,30.0,0,0,0,0,0,0,1,0,0,0,0,0,0,0,0,1,0,0,0,0,1,0,0,0
Blue,False,0.1677398681640625,0.007843017578125,0.4877999114990234,0.3174176025390625,0.2188739013671875,0.0727659606933593,0.125213623046875,0.2579116821289062,0.03125,0.2500076293945312,169.2433624267578,82.4336929321289,218.8695068359375,64.65203094482422,183.1844711303711,94.52828216552734,226.4912567138672,70.78829956054688,1.50982666015625,0.62701416015625,6.993927001953125,0.7228775024414062,118.59678649902344,38.901512145996094,184.37625885009768,40.10017395019531,14.93378448486328,13.04961395263672,24.047683715820312,15.490379333496094,35.712791442871094,30.482566833496094,10.445564270019531,9.061477661132812,156.05709838867188,74.48641967773438,208.3553237915039,58.14144134521485,9.868034362792969,5.99127197265625,10.003425598144531,6.144943237304688,3.3182296752929688,1.9560012817382808,0.5107574462890625,0.3656463623046875,55.710731506347656,111.12516021728516,804.7470092773438,43,1,0,1,7,12,6,0,0,0,4,6,1,1,175.26,177.8,170.0,0.75,0.0,0.58375,0.275,0.25,0.125,0.0,0.5,0.0,0.0,42.375,23.125,42.375,12.625,47.0,27.25,44.0,14.0,1.0,1.0,1.5,0.125,34.5,16.125,30.625,6.375,4.5,3.625,8.25,3.625,3.375,3.375,3.5,2.625,31.625,15.875,38.125,9.5,3.0,2.0,2.125,1.5,7.75,5.25,2.125,1.625,61.125,21.5,341.25,7,0,1,0,2,3,1,0,0,1,0,2,0,0,182.88,185.42,170.0,31.0,25.0,0,0,0,0,0,0,0,0,0,1,0,0,0,0,0,1,0,0,0,0,1,0,0,0
Red,False,0.0625,0.125,0.431875,0.365,0.375,0.62375,0.5625,0.0,0.875,0.3125,84.6875,34.9375,70.5,22.8125,104.3125,52.4375,77.25,28.5,1.75,0.875,2.3125,1.125,71.4375,24.6875,58.875,15.25,8.3125,6.4375,9.625,5.6875,4.9375,3.8125,2.0,1.875,69.9375,26.75,64.75,19.5,9.3125,4.6875,4.8125,2.6875,5.4375,3.5,0.9375,0.625,114.8125,90.375,545.875,11,1,5,0,5,5,0,0,0,2,1,0,2,0,175.26,180.34,185.0,0.78125,0.0,0.6509375,0.4,0.125,0.125,0.0,0.125,0.0,0.0,37.125,18.46875,52.46875,17.75,45.59375,26.6875,80.96875,44.8125,0.875,0.375,1.0625,0.25,26.84375,9.625,37.375,8.25,5.875,4.59375,12.0,7.78125,4.40625,4.25,3.09375,1.71875,23.625,7.4375,47.03125,13.90625,8.65625,7.1875,4.4375,3.34375,4.84375,3.84375,1.0,0.5,78.9375,58.3125,354.625,11,0,1,0,2,4,2,0,0,0,0,4,0,0,175.26,187.96,170.0,23.0,32.0,0,0,0,0,0,0,0,0,0,1,0,0,0,0,0,0,0,1,0,0,1,0,0,0
Blue,False,0.96875,0.0,0.43078125,0.419375,0.3125,0.278125,0.5,0.328125,0.0,0.0,198.4375,82.328125,150.71875,61.390625,207.34375,90.625,165.578125,74.5,2.125,1.125,5.453125,2.09375,146.703125,48.828125,129.203125,47.6875,46.8125,29.078125,16.484375,8.96875,4.921875,4.421875,5.03125,4.734375,179.875,72.15625,131.421875,51.234375,12.546875,6.25,11.296875,5.28125,6.015625,3.921875,8.0,4.875,20.90625,143.34375,749.375,16,0,0,1,4,5,2,0,0,0,1,4,0,0,160.02,170.18,135.0,0.0,0.0625,0.431875,0.278125,0.3243749999999999,0.050625,0.0,0.0,0.0,0.0625,147.375,63.375,133.125,39.1875,189.1875,103.3125,141.625,46.75,6.5,2.1875,7.625,0.375,98.5,30.1875,108.0,23.8125,26.5,16.8125,16.375,9.0,22.375,16.375,8.75,6.375,121.1875,45.125,116.875,28.8125,19.125,13.6875,15.75,9.875,7.0625,4.5625,0.5,0.5,133.5625,69.75,900.0,15,0,0,3,2,2,3,0,0,0,2,0,0,0,165.1,162.56,125.0,24.0,30.0,0,0,0,1,0,0,0,0,0,0,0,0,0,0,0,1,0,0,0,0,1,0,0,0
Red,False,1.0391845703125,0.0,0.5074908447265625,0.5845758056640625,0.132266845703125,0.09102294921875,0.57958984375,0.627197265625,0.064453125,0.0,30.94775390625,16.0267333984375,54.777099609375,26.1552734375,51.79217529296875,34.60479736328125,72.44146728515625,42.7069091796875,3.51483154296875,0.65582275390625,2.22088623046875,0.73150634765625,22.55706787109375,9.79833984375,44.12579345703125,16.27593994140625,5.8192138671875,3.87091064453125,9.396484375,8.7977294921875,2.57147216796875,2.35748291015625,1.25482177734375,1.08160400390625,19.76507568359375,8.94989013671875,28.6881103515625,9.93524169921875,8.078857421875,4.58465576171875,19.51751708984375,11.160400390625,3.10382080078125,2.4921875,6.57147216796875,5.05963134765625,52.6451416015625,228.06329345703125,498.2184448242188,36,0,1,0,4,9,6,0,0,2,3,4,0,0,182.88,187.96,185.0,0.75439453125,0.00048828125,0.4788281249999999,0.3534521484375,0.0982666015625,0.0027734375,0.2099609375,0.0029296875,0.0,0.03125,37.93896484375,16.9072265625,42.037109375,16.0009765625,47.33740234375,25.4228515625,47.45849609375,21.10205078125,2.6962890625,0.845703125,0.52734375,0.01953125,31.85791015625,12.67041015625,31.68408203125,8.32275390625,3.63525390625,1.80859375,3.6875,1.9814453125,2.44580078125,2.42822265625,6.66552734375,5.69677734375,26.21337890625,9.91796875,37.39111328125,12.82275390625,5.72216796875,3.2587890625,3.5595703125,2.4208984375,6.00341796875,3.73046875,1.08642578125,0.75732421875,159.05224609375,32.822265625,397.234375,29,1,0,1,5,9,3,0,0,1,3,2,3,0,185.42,198.12,185.0,34.0,33.0,0,0,0,0,0,0,0,1,0,0,0,0,0,0,0,1,0,0,0,0,1,0,0,0
Red,False,0.0,0.25,0.6174999999999999,0.58,0.525,0.0,0.0,0.0,0.0,0.0,47.25,24.25,50.25,29.25,79.5,53.5,130.5,105.5,5.0,3.0,0.0,0.0,35.0,15.25,42.0,21.75,7.75,4.5,5.0,4.25,4.5,4.5,3.25,3.25,31.5,12.25,26.0,8.25,4.5,3.75,7.25,6.0,11.25,8.25,17.0,15.0,375.75,19.25,528.0,5,1,1,0,1,2,1,0,0,1,0,1,0,0,167.64,167.64,135.0,0.0,0.0,0.48,0.4825,0.25375,0.47125,0.875,0.5,0.125,0.25,83.75,40.125,45.125,21.875,122.75,74.75,101.875,74.875,5.0,1.25,12.375,3.625,64.375,26.625,27.5,10.375,15.125,10.25,11.125,5.5,4.25,3.25,6.5,6.0,56.125,19.875,23.5,8.125,20.75,14.75,16.0,9.375,6.875,5.5,5.625,4.375,221.625,312.625,854.125,12,1,0,2,2,2,2,0,0,0,2,0,0,0,167.64,167.64,135.0,34.0,28.0,0,0,0,0,0,0,0,0,0,0,1,0,0,0,0,1,0,0,0,0,1,0,0,0
Red,False,0.0625,0.0,0.459375,0.4731249999999999,0.0,0.25875,0.0,0.375,0.0,0.0,143.4375,66.6875,129.8125,62.75,147.0,70.0,143.4375,75.8125,2.125,0.0,5.0,2.5,94.375,28.3125,113.25,50.875,14.75,8.1875,11.625,7.0625,34.3125,30.1875,4.9375,4.8125,126.3125,56.6875,85.5,32.75,15.9375,9.1875,36.625,23.875,1.1875,0.8125,7.6875,6.125,75.4375,181.4375,880.125,14,0,0,1,1,2,3,0,0,0,1,1,0,0,185.42,185.42,185.0,0.140625,0.1376953125,0.4784277343749999,0.54248046875,0.1513281249999999,0.063310546875,0.1328125,0.0625,0.0625,0.201171875,68.3232421875,33.5537109375,86.3427734375,49.4609375,89.3916015625,52.400390625,108.5166015625,69.0576171875,8.0263671875,1.3896484375,1.6630859375,0.2578125,38.01171875,10.974609375,61.53125,27.0419921875,16.9033203125,10.927734375,7.85546875,7.5859375,13.408203125,11.6513671875,16.9560546875,14.8330078125,52.626953125,23.03125,70.123046875,36.6630859375,7.1962890625,5.3798828125,13.4814453125,10.4169921875,8.5,5.142578125,2.73828125,2.380859375,200.876953125,149.2041015625,817.484375,30,0,0,2,3,6,5,0,0,1,4,0,1,0,182.88,195.58,185.0,32.0,32.0,0,0,0,0,0,0,0,1,0,0,0,0,0,0,0,1,0,0,0,0,1,0,0,0
Red,False,0.0,0.5,0.24,0.41,0.0,0.495,0.0,0.0,0.0,0.0,227.0,55.5,183.0,75.0,232.0,60.0,188.0,79.5,0.5,0.0,6.0,2.5,200.5,36.5,137.0,38.0,15.5,11.0,19.0,13.0,11.0,8.0,27.0,24.0,225.0,54.5,172.5,68.5,1.5,1.0,8.0,5.0,0.5,0.0,2.5,1.5,0.0,124.5,900.0,6,0,0,2,0,0,2,0,0,0,0,0,0,0,190.5,198.12,185.0,0.25,0.0,0.2775,0.3349999999999999,0.0,0.5,0.0,0.75,0.0,0.0,68.75,23.75,58.0,21.75,71.0,26.0,58.0,21.75,1.25,0.0,0.5,0.5,39.25,5.5,41.25,11.75,8.75,2.25,7.5,2.0,20.75,16.0,9.25,8.0,61.5,18.25,55.0,20.75,2.5,2.5,1.0,0.5,4.75,3.0,2.0,0.5,34.0,4.25,475.0,5,0,0,1,1,1,2,0,0,0,0,1,0,0,187.96,193.04,205.0,23.0,31.0,0,0,0,0,0,0,0,1,0,0,0,0,0,0,0,1,0,0,0,0,1,0,0,0
Blue,False,0.0,0.0,0.42125,0.546875,0.62125,0.42,0.5625,1.125,0.0,0.9375,68.375,29.3125,87.875,50.5,83.625,41.3125,153.625,102.5,3.5,2.1875,6.4375,1.875,53.9375,17.8125,68.25,33.9375,10.9375,8.25,7.0625,4.75,3.5,3.25,12.5625,11.8125,52.1875,16.875,43.875,20.875,7.75,7.125,8.25,6.625,8.4375,5.3125,35.75,23.0,152.4375,358.5625,872.4375,14,0,2,0,2,3,2,0,0,1,1,0,1,0,187.96,198.12,185.0,0.0,1.0,0.75,0.7,0.0,0.0,0.0,0.0,0.0,0.0,4.0,3.0,10.0,7.0,5.0,4.0,10.0,7.0,0.0,0.0,0.0,0.0,2.0,1.0,5.0,3.0,2.0,2.0,5.0,4.0,0.0,0.0,0.0,0.0,0.0,0.0,2.0,1.0,4.0,3.0,5.0,4.0,0.0,0.0,3.0,2.0,0.0,3.0,20.0,1,0,0,1,0,0,1,0,0,0,0,0,0,0,187.96,187.96,185.0,32.0,30.0,0,0,0,0,0,0,0,1,0,0,0,0,0,0,0,1,0,0,0,0,1,0,0,0
Red,False,0.015625,0.0,0.45,0.4275,0.25,0.2,0.148468017578125,0.098388671875,0.0,0.0,66.5,29.6875,64.31230545043945,27.34375,89.75,48.0,85.53125,44.41152191162109,2.0,0.75,2.0546875,0.75,51.1875,18.3359375,49.6123046875,16.280410766601562,7.5,5.07647705078125,7.5,5.0,4.5,3.625,4.984375,3.9375,48.6875,17.0,47.11572265625,16.5,5.75,3.75,5.3125,3.4375,5.0625,3.5,3.875,2.5,99.2119140625,94.125,638.5,0,0,0,0,0,0,0,0,0,0,0,0,0,0,180.34,187.96,170.0,0.0,0.03125,0.6140625,0.2715625,0.4825,0.52875,1.375,0.09375,0.5,0.125,76.875,47.21875,47.78125,17.65625,135.8125,92.875,56.875,24.125,6.25,1.9375,1.9375,1.0,60.3125,31.78125,41.75,12.3125,5.5,4.40625,4.84375,4.15625,11.0625,11.03125,1.1875,1.1875,37.3125,19.75,39.5,11.53125,8.125,6.15625,3.84375,3.5625,31.4375,21.3125,4.4375,2.5625,339.03125,67.375,638.21875,13,0,0,2,2,3,3,0,0,0,1,0,2,0,177.8,187.96,170.0,30.0,30.0,0,0,0,0,0,0,0,0,0,1,0,0,0,0,0,1,0,0,0,0,1,0,0,0
Blue,False,0.6083984375,0.0,0.4295654296875,0.144765625,0.0591357421875,0.0079345703125,0.063232421875,0.23876953125,0.000244140625,0.000244140625,47.586669921875,17.916748046875,38.012451171875,7.54150390625,54.430419921875,24.01806640625,43.326171875,12.603759765625,1.43408203125,0.385986328125,2.16259765625,0.031494140625,41.7158203125,13.59814453125,29.484375,4.31689453125,3.25537109375,1.924072265625,6.364501953125,1.6435546875,2.615478515625,2.39453125,2.16357421875,1.5810546875,42.130126953125,14.810546875,33.78271484375,4.602294921875,1.902099609375,0.9453125,1.867919921875,0.921142578125,3.554443359375,2.160888671875,2.36181640625,2.01806640625,55.04833984375,20.86279296875,334.5634765625,23,0,1,0,3,9,4,0,0,0,2,7,0,0,187.96,198.12,205.0,0.615234375,0.0,0.4351171875,0.545390625,0.411484375,0.06609375,0.02734375,0.126953125,0.0,0.0,133.21875,52.79296875,85.357421875,47.98828125,152.84375,70.83203125,88.724609375,51.3046875,4.59375,1.578125,3.263671875,0.384765625,103.521484375,34.8203125,50.173828125,19.833984375,19.830078125,10.9140625,12.076171875,8.69140625,9.8671875,7.05859375,23.107421875,19.462890625,120.373046875,43.890625,78.931640625,43.771484375,7.16015625,4.54296875,6.234375,4.15625,5.685546875,4.359375,0.19140625,0.060546875,139.8515625,27.587890625,749.48046875,21,1,1,0,6,8,2,0,0,0,2,4,2,0,195.58,200.66,205.0,30.0,28.0,0,0,0,0,0,1,0,0,0,0,0,0,0,0,0,1,0,0,0,0,1,0,0,0
Blue,False,0.015625,0.0,0.45,0.4275,0.25,0.2,0.148468017578125,0.098388671875,0.0,0.0,66.5,29.6875,64.31230545043945,27.34375,89.75,48.0,85.53125,44.41152191162109,2.0,0.75,2.0546875,0.75,51.1875,18.3359375,49.6123046875,16.280410766601562,7.5,5.07647705078125,7.5,5.0,4.5,3.625,4.984375,3.9375,48.6875,17.0,47.11572265625,16.5,5.75,3.75,5.3125,3.4375,5.0625,3.5,3.875,2.5,99.2119140625,94.125,638.5,0,0,0,0,0,0,0,0,0,0,0,0,0,0,177.8,182.88,145.0,0.0625,0.5,0.41375,0.49875,0.334375,0.37375,0.0,0.75,0.0625,1.25,85.8125,35.0625,81.6875,41.625,127.0625,75.3125,129.6875,84.0,4.5625,1.1875,3.125,1.3125,64.375,20.125,67.9375,29.6875,16.5,10.5,9.4375,7.875,4.9375,4.4375,4.3125,4.0625,76.75,28.4375,72.0,33.6875,2.6875,1.875,6.9375,5.4375,6.375,4.75,2.75,2.5,368.9375,200.4375,865.0,15,0,0,1,1,1,4,0,0,0,1,0,0,0,172.72,175.26,145.0,26.0,25.0,0,0,1,0,0,0,0,0,0,0,0,0,0,0,0,0,0,1,0,0,1,0,0,0
Blue,False,0.0,0.125,0.42671875,0.43125,0.2375,0.53125,0.28125,0.921875,0.25,0.25,76.484375,31.625,68.125,28.390625,93.265625,47.53125,94.15625,52.859375,2.546875,1.359375,0.796875,0.578125,57.3125,18.703125,51.296875,17.046875,10.4375,6.5,9.671875,5.375,8.734375,6.421875,7.15625,5.96875,59.359375,19.59375,61.5,24.453125,8.046875,5.828125,4.34375,2.1875,9.078125,6.203125,2.28125,1.75,161.5,52.0625,526.328125,15,0,1,0,1,3,4,0,0,0,1,2,0,0,172.72,170.18,145.0,0.0,0.8125,0.401875,0.573125,0.020625,0.130625,0.0,0.25,0.0,0.0,42.4375,17.4375,64.1875,34.8125,43.4375,18.375,75.125,43.625,0.625,0.125,1.1875,0.1875,33.8125,11.8125,52.625,26.4375,4.3125,3.0625,7.875,5.75,4.3125,2.5625,3.6875,2.625,38.5,15.3125,47.9375,21.8125,3.9375,2.125,9.625,7.5,0.0,0.0,6.625,5.5,25.0,48.1875,296.625,10,0,3,0,3,3,2,0,0,1,1,0,0,0,172.72,172.72,145.0,28.0,32.0,0,0,1,0,0,0,0,0,0,0,0,0,0,0,0,1,0,0,0,0,1,0,0,0
Blue,False,0.0,0.0,0.4925,0.42125,0.0,0.30375,0.5,0.5,0.125,0.0,67.25,32.0,56.875,22.5,102.25,64.75,73.0,37.125,0.375,0.0,7.125,2.25,57.5,24.875,42.5,11.375,4.375,2.375,8.25,5.625,5.375,4.75,6.125,5.5,55.0,24.625,47.0,13.875,7.0,4.375,3.25,2.5,5.25,3.0,6.625,6.125,43.5,354.625,794.25,12,0,1,0,1,2,2,0,0,0,1,0,1,0,187.96,193.04,185.0,0.275634765625,0.751220703125,0.37342041015625,0.5786596679687499,0.0177880859375,0.6647802734375,0.017333984375,1.018798828125,0.03173828125,0.0,35.51904296875,13.715576171875,77.760986328125,43.75390625,44.101318359375,21.50634765625,135.907958984375,95.451904296875,1.1875,0.06591796875,2.728759765625,1.86474609375,28.085693359375,7.458740234375,62.48388671875,30.80615234375,4.01953125,3.547607421875,11.025390625,9.35498046875,3.413818359375,2.709228515625,4.251708984375,3.5927734375,26.4140625,7.564453125,35.2265625,13.6240234375,6.473876953125,4.19482421875,3.2138671875,2.056884765625,2.631103515625,1.956298828125,39.320556640625,28.072998046875,13.9150390625,414.330078125,717.6171875,37,3,2,0,4,7,6,0,0,2,3,2,0,0,180.34,187.96,185.0,29.0,44.0,0,0,0,0,0,0,0,1,0,0,0,0,0,0,0,1,0,0,0,0,1,0,0,0
Blue,False,0.03570556640625,0.080078125,0.443199462890625,0.279083251953125,0.4463043212890625,0.5185546875,0.5938720703125,0.0050048828125,0.0,0.0,75.3858642578125,35.39276123046875,62.01019287109375,17.00946044921875,134.677001953125,86.9046630859375,68.29876708984375,23.2969970703125,15.02069091796875,6.66009521484375,1.533203125,1.072265625,58.054931640625,23.4215087890625,52.48699951171875,12.78131103515625,9.624755859375,6.34136962890625,7.0496826171875,3.26446533203125,7.7061767578125,5.6298828125,2.4735107421875,0.96368408203125,44.4981689453125,12.85345458984375,56.08355712890625,13.5345458984375,6.55084228515625,4.45965576171875,4.363037109375,2.861572265625,24.33685302734375,18.07965087890625,1.5635986328125,0.61334228515625,528.697021484375,65.36029052734375,1115.0213623046875,35,1,5,0,5,11,4,0,0,0,7,3,1,0,187.96,187.96,205.0,0.0,0.0,0.2811083984375,0.258896484375,0.3072119140625,0.026484375,0.0673828125,0.001953125,0.0,0.5078125,136.19775390625,38.99609375,75.1943359375,21.56494140625,174.85791015625,72.9853515625,78.703125,25.02685546875,12.62548828125,4.9462890625,0.474609375,0.0859375,113.56201171875,27.1044921875,62.18994140625,13.1279296875,18.30859375,8.92724609375,8.29296875,5.04296875,4.3271484375,2.96435546875,4.71142578125,3.39404296875,111.64892578125,19.236328125,70.04638671875,18.6884765625,3.43017578125,2.310546875,3.63232421875,2.01708984375,21.11865234375,17.44921875,1.515625,0.859375,277.4580078125,19.10400390625,880.53076171875,32,0,5,0,5,9,3,0,0,0,6,0,3,0,187.96,200.66,205.0,31.0,30.0,0,0,0,0,0,1,0,0,0,0,0,0,0,0,0,1,0,0,0,0,1,0,0,0
Blue,False,1.5,0.0,0.3475,0.1925,0.25,0.1425,0.0,0.0,0.25,0.0,29.0,11.5,27.25,13.0,36.0,16.0,34.25,19.25,0.25,0.25,3.0,1.0,27.25,10.25,19.5,8.0,1.25,0.75,5.5,2.75,0.5,0.5,2.25,2.25,17.0,5.25,18.5,6.25,2.5,1.75,3.75,3.5,9.5,4.5,5.0,3.25,35.0,83.25,315.5,5,0,0,1,2,2,1,0,0,0,0,2,0,0,180.34,185.42,170.0,0.0,0.125,0.40625,0.435,0.2575,0.1875,0.125,0.0,0.0,0.25,125.875,51.125,109.0,44.25,146.875,71.25,124.125,58.25,4.25,0.875,4.875,0.25,104.375,32.875,87.875,27.75,13.125,10.0,14.25,10.25,8.375,8.25,6.875,6.25,109.625,39.0,97.75,37.625,14.25,10.625,6.875,3.875,2.0,1.5,4.375,2.75,340.75,47.375,810.875,10,0,2,0,2,3,1,0,0,0,2,0,1,0,182.88,190.5,170.0,23.0,28.0,0,0,0,0,0,0,0,0,0,1,0,0,0,0,0,1,0,0,0,0,1,0,0,0
Red,False,0.5,0.5,0.4525,0.5125,0.415,0.25,0.0,0.25,0.0,0.0,69.25,31.25,86.25,47.25,83.75,44.0,109.25,68.0,4.25,2.5,0.25,0.25,58.25,22.75,54.0,22.25,8.75,6.75,21.5,15.0,2.25,1.75,10.75,10.0,29.25,8.25,30.75,11.75,21.5,13.75,51.0,32.5,18.5,9.25,4.5,3.0,174.5,146.25,530.5,6,0,1,0,1,1,2,0,0,0,0,1,0,0,180.34,180.34,205.0,0.125,0.5,0.53,0.62625,0.0,0.625,0.25,1.25,1.0,0.0,46.5,28.25,25.625,14.5,75.375,53.875,41.875,29.25,0.125,0.0,1.75,1.25,34.5,19.75,22.375,11.75,8.25,5.375,3.0,2.5,3.75,3.125,0.25,0.25,16.5,7.5,8.125,3.875,21.875,15.375,13.0,7.875,8.125,5.375,4.5,2.75,73.5,119.25,260.625,6,0,0,1,1,2,2,0,0,0,0,2,0,0,190.5,195.58,205.0,33.0,22.0,0,0,0,0,0,1,0,0,0,0,0,0,0,0,0,1,0,0,0,0,1,0,0,0
Red,False,0.015625,0.0,0.45,0.4275,0.25,0.2,0.148468017578125,0.098388671875,0.0,0.0,66.5,29.6875,64.31230545043945,27.34375,89.75,48.0,85.53125,44.41152191162109,2.0,0.75,2.0546875,0.75,51.1875,18.3359375,49.6123046875,16.280410766601562,7.5,5.07647705078125,7.5,5.0,4.5,3.625,4.984375,3.9375,48.6875,17.0,47.11572265625,16.5,5.75,3.75,5.3125,3.4375,5.0625,3.5,3.875,2.5,99.2119140625,94.125,638.5,0,0,0,0,0,0,0,0,0,0,0,0,0,0,175.26,175.26,155.0,0.5,0.25,0.6125,0.4375,0.1775,0.0675,0.0,0.0,0.0,0.0,49.5,19.25,36.75,16.75,58.25,26.5,47.75,25.75,1.75,1.25,3.0,0.75,37.25,10.5,32.0,12.75,6.75,4.0,2.5,2.0,5.5,4.75,2.25,2.0,40.5,14.25,31.0,12.5,4.5,2.5,3.0,1.75,4.5,2.5,2.75,2.5,79.75,77.0,480.5,7,0,1,0,1,2,1,0,0,0,1,1,0,0,175.26,185.42,155.0,27.0,26.0,0,0,0,0,0,0,1,0,0,0,0,0,0,0,0,1,0,0,0,0,1,0,0,0
Red,False,0.015625,0.0,0.45,0.4275,0.25,0.2,0.148468017578125,0.098388671875,0.0,0.0,66.5,29.6875,64.31230545043945,27.34375,89.75,48.0,85.53125,44.41152191162109,2.0,0.75,2.0546875,0.75,51.1875,18.3359375,49.6123046875,16.280410766601562,7.5,5.07647705078125,7.5,5.0,4.5,3.625,4.984375,3.9375,48.6875,17.0,47.11572265625,16.5,5.75,3.75,5.3125,3.4375,5.0625,3.5,3.875,2.5,99.2119140625,94.125,638.5,0,0,0,0,0,0,0,0,0,0,0,0,0,0,177.8,177.8,145.0,0.0,0.0,0.3,0.22,0.5,0.0,0.0,0.0,1.0,1.0,90.0,27.0,85.0,19.0,148.0,80.0,101.0,32.0,4.0,2.0,4.0,0.0,85.0,25.0,83.0,17.0,5.0,2.0,1.0,1.0,0.0,0.0,1.0,1.0,77.0,18.0,73.0,10.0,4.0,2.0,9.0,6.0,9.0,7.0,3.0,3.0,295.0,93.0,900.0,3,0,1,0,1,1,0,0,1,0,0,0,0,0,172.72,177.8,145.0,28.0,23.0,0,0,1,0,0,0,0,0,0,0,0,0,0,0,0,1,0,0,0,0,1,0,0,0
Red,False,0.5,0.0,0.37,0.38,0.375,0.33,0.5,0.0,0.5,0.5,86.0,32.0,73.0,27.5,97.0,42.5,89.5,42.5,2.0,1.5,2.0,1.0,81.0,28.0,47.0,12.5,4.0,3.0,7.0,3.0,1.0,1.0,19.0,12.0,53.5,11.5,66.5,24.0,15.0,9.0,4.5,2.0,17.5,11.5,2.0,1.5,166.0,74.0,655.5,5,0,2,0,2,2,0,0,0,0,1,1,0,0,170.18,175.26,125.0,0.5,0.0,0.405,0.325,0.5,0.305,0.0,0.5,0.0,0.0,131.0,53.5,133.5,44.5,136.5,58.5,162.5,70.0,1.5,1.0,12.5,3.0,109.5,41.5,118.0,31.0,11.5,5.5,6.0,4.5,10.0,6.5,9.5,9.0,108.0,41.5,113.0,35.5,10.5,4.5,11.0,6.5,12.5,7.5,9.5,2.5,72.0,271.5,900.0,6,0,0,1,1,1,1,0,0,0,1,0,0,0,162.56,162.56,125.0,29.0,35.0,0,0,0,1,0,0,0,0,0,0,0,0,0,0,0,1,0,0,0,0,1,0,0,0
Red,False,0.015625,0.0,0.45,0.4275,0.25,0.2,0.148468017578125,0.098388671875,0.0,0.0,66.5,29.6875,64.31230545043945,27.34375,89.75,48.0,85.53125,44.41152191162109,2.0,0.75,2.0546875,0.75,51.1875,18.3359375,49.6123046875,16.280410766601562,7.5,5.07647705078125,7.5,5.0,4.5,3.625,4.984375,3.9375,48.6875,17.0,47.11572265625,16.5,5.75,3.75,5.3125,3.4375,5.0625,3.5,3.875,2.5,99.2119140625,94.125,638.5,0,0,0,0,0,0,0,0,0,0,0,0,0,0,180.34,180.34,230.0,0.0,0.0,0.3,0.4,0.11,0.0,0.0,0.0,0.0,0.0,84.0,26.0,117.0,47.0,120.0,46.0,121.0,51.0,9.0,1.0,0.0,0.0,77.0,20.0,103.0,36.0,7.0,6.0,6.0,5.0,0.0,0.0,8.0,6.0,65.0,14.0,114.0,45.0,11.0,7.0,2.0,1.0,8.0,5.0,1.0,1.0,190.0,5.0,900.0,3,0,0,1,0,0,1,0,0,0,0,0,0,0,190.5,195.58,240.0,31.0,24.0,0,0,0,0,1,0,0,0,0,0,0,0,0,0,0,1,0,0,0,0,1,0,0,0
Blue,False,0.0,0.0,0.0,0.0,1.0,0.0,1.0,0.0,0.0,0.0,1.0,0.0,3.0,0.0,6.0,5.0,3.0,0.0,1.0,1.0,0.0,0.0,1.0,0.0,3.0,0.0,0.0,0.0,0.0,0.0,0.0,0.0,0.0,0.0,1.0,0.0,3.0,0.0,0.0,0.0,0.0,0.0,0.0,0.0,0.0,0.0,44.0,3.0,72.0,1,0,1,0,1,1,0,0,0,0,0,0,1,0,177.8,177.8,155.0,0.0,0.0,0.435,0.345,0.45,0.0,1.5,0.0,0.0,1.5,32.5,14.5,64.5,23.0,119.5,83.5,146.5,87.0,7.0,3.0,1.5,0.0,20.0,5.5,41.0,10.5,6.0,3.0,8.5,3.5,6.5,6.0,15.0,9.0,24.5,8.5,43.5,13.5,4.0,3.5,8.0,4.5,4.0,2.5,13.0,5.0,346.0,314.0,900.0,6,1,2,0,2,2,0,0,0,1,1,0,0,0,180.34,180.34,155.0,27.0,24.0,0,0,0,0,0,0,1,0,0,0,0,0,0,0,0,1,0,0,0,0,0,0,1,0
Blue,False,0.0010986328125,0.1328163146972656,0.3907976222038269,0.4134082293510437,0.4499064707756043,0.0207124900817871,0.0646333694458007,0.0786211490631103,4.76837158203125e-07,2.384185791015625e-07,77.52511072158813,30.909727573394772,110.87557721138,46.80855846405029,100.7362895011902,50.25821566581726,139.73013377189636,73.95528292655945,7.852989435195923,3.7716143131256095,1.1832520961761477,0.0630230903625488,66.69878911972046,24.234500646591187,64.4372296333313,16.810153007507324,7.1517603397369385,3.2509100437164307,34.16201996803284,21.474992752075195,3.674561262130737,3.424316883087158,12.27632761001587,8.523412704467773,61.3057165145874,20.54658031463623,75.20812439918518,26.26111102104187,12.473222732543944,7.335660934448242,33.68571329116821,19.268991708755493,3.746171474456787,3.0274863243103027,1.9817395210266116,1.2784557342529297,274.5084595680237,95.01012349128725,822.0938422679901,58,0,0,1,3,15,8,0,0,4,6,1,4,0,177.8,180.34,155.0,0.0,0.0,0.371875,0.28875,0.675625,0.0125,0.0,0.0,0.0625,0.0,117.375,43.25,74.8125,25.0625,138.625,61.5625,87.4375,36.9375,4.5,1.625,5.1875,0.0625,96.75,30.9375,56.3125,13.3125,10.375,7.1875,8.3125,4.75,10.25,5.125,10.1875,7.0,81.0625,23.4375,70.375,23.375,12.25,7.3125,4.4375,1.6875,24.0625,12.5,0.0,0.0,278.625,44.5625,710.5,14,1,3,0,3,4,1,0,0,0,3,1,0,0,180.34,177.8,155.0,31.0,28.0,0,0,0,0,0,0,1,0,0,0,0,0,0,0,0,0,0,1,0,0,0,0,1,0
Red,False,0.0103225708007812,0.1563262939453125,0.3676516723632812,0.282928466796875,0.8205230712890625,0.6281585693359375,0.502197265625,0.5313186645507812,1.1255035400390625,1.500518798828125,119.53876495361328,44.26023864746094,83.0904769897461,23.508224487304688,219.56930541992188,127.02527618408205,94.95055389404295,33.078407287597656,2.9815597534179688,2.2588119506835938,3.052276611328125,1.915008544921875,93.6022491455078,26.34825897216797,66.19196319580078,16.280410766601562,9.740127563476562,5.377616882324219,7.857063293457031,2.6808319091796875,16.196388244628906,12.53436279296875,9.04145050048828,4.5469818115234375,106.46492004394533,35.78826904296875,73.1439437866211,19.182388305664062,3.7875289916992183,1.263580322265625,1.974334716796875,0.714752197265625,9.28631591796875,7.208389282226562,7.972198486328125,3.611083984375,407.6972885131836,82.92364501953125,867.0921096801758,42,0,0,1,4,11,7,0,0,0,6,3,2,0,167.64,177.8,145.0,0.875,0.0,0.3625,0.42625,0.35,0.0,0.0,0.25,0.0,0.0,50.25,18.25,31.75,11.625,57.625,25.375,33.375,13.0,0.875,0.75,0.5,0.0,41.875,14.5,22.625,4.875,5.5,1.875,2.0,1.375,2.875,1.875,7.125,5.375,40.5,12.25,30.125,10.5,0.25,0.25,1.375,1.125,9.5,5.75,0.25,0.0,86.125,5.5,235.125,6,0,4,0,4,4,0,0,0,0,1,3,0,0,175.26,187.96,155.0,36.0,26.0,0,0,1,0,0,0,0,0,0,0,0,0,0,0,0,1,0,0,0,0,0,0,1,0
Red,False,0.267578125,0.5078125,0.410673828125,0.450322265625,0.223974609375,0.2312109375,0.646484375,0.125,0.25,0.0009765625,54.41796875,23.0361328125,52.083984375,19.0771484375,73.4228515625,39.9501953125,59.8037109375,25.974609375,2.2861328125,0.892578125,4.1220703125,2.07421875,34.37109375,8.595703125,39.00390625,10.06640625,11.021484375,8.1796875,8.35546875,5.53125,9.025390625,6.2607421875,4.724609375,3.4794921875,46.5673828125,17.5263671875,41.4208984375,13.677734375,4.9375,3.3583984375,6.1435546875,4.3291015625,2.9130859375,2.1513671875,4.51953125,1.0703125,114.22265625,109.28125,615.96875,40,5,7,0,7,9,2,0,0,3,5,0,1,0,175.26,177.8,170.0,0.485595703125,0.0107421875,0.4738369750976562,0.33940185546875,0.5492855834960938,0.0925823974609375,1.140777587890625,6.103515625e-05,0.515625,0.015625,97.60543823242188,47.514007568359375,76.09579467773438,26.379638671875,113.40213012695312,60.024688720703125,83.6365966796875,32.168701171875,1.411773681640625,0.570892333984375,5.611785888671875,0.640655517578125,55.454376220703125,14.544647216796877,54.30929565429688,14.920196533203123,17.53521728515625,11.4442138671875,10.66998291015625,5.091400146484375,24.6158447265625,21.525146484375,11.11651611328125,6.3680419921875,81.839111328125,37.00454711914063,68.8201904296875,22.026275634765625,8.0377197265625,5.15655517578125,7.01275634765625,4.16192626953125,7.728607177734375,5.3529052734375,0.262847900390625,0.191436767578125,147.93392944335938,77.2177734375,779.7330932617188,33,0,4,0,6,13,3,0,0,0,5,4,4,0,185.42,185.42,155.0,31.0,31.0,0,0,0,0,0,0,1,0,0,0,0,0,0,0,0,0,0,1,0,0,1,0,0,0
Blue,False,0.0,0.25,0.473125,0.371875,0.0,0.20375,0.0,0.5,0.1875,0.0,54.3125,23.75,53.875,20.125,63.6875,32.25,109.875,70.375,0.0,0.0,7.8125,2.375,37.125,10.9375,37.75,11.375,10.4375,7.6875,8.0,3.625,6.75,5.125,8.125,5.125,42.6875,16.0625,47.25,14.5625,11.5,7.5625,3.375,2.3125,0.125,0.125,3.25,3.25,9.6875,390.375,731.75,13,0,0,1,1,1,4,0,0,0,1,0,0,0,180.34,182.88,170.0,0.251953125,0.015625,0.61015625,0.5362792968750001,0.441552734375,0.3707617187499999,0.0732421875,0.1044921875,0.033203125,0.7607421875,64.634765625,39.11328125,96.37109375,51.28515625,119.251953125,88.87890625,146.732421875,95.9541015625,5.15625,1.92578125,5.234375,1.92578125,40.6630859375,18.3203125,58.0087890625,22.541015625,10.712890625,8.3369140625,20.2060546875,14.5791015625,13.2587890625,12.4560546875,18.15625,14.1650390625,39.6669921875,23.71875,67.904296875,29.001953125,23.037109375,13.837890625,21.0537109375,15.5341796875,1.9306640625,1.556640625,7.4130859375,6.7490234375,222.67578125,273.6689453125,895.705078125,31,0,4,0,4,6,5,0,0,3,1,2,0,0,170.18,182.88,170.0,28.0,31.0,0,0,0,0,0,0,0,0,0,1,0,0,0,0,0,1,0,0,0,0,1,0,0,0
Red,False,0.0,0.0,0.0,0.66,0.0,1.0,0.0,2.0,0.0,0.0,3.0,0.0,3.0,2.0,5.0,2.0,8.0,6.0,0.0,0.0,1.0,1.0,3.0,0.0,2.0,1.0,0.0,0.0,0.0,0.0,0.0,0.0,1.0,1.0,3.0,0.0,3.0,2.0,0.0,0.0,0.0,0.0,0.0,0.0,0.0,0.0,0.0,105.0,137.0,1,0,0,1,0,0,1,0,0,0,0,0,0,0,172.72,172.72,125.0,0.5,0.0,0.4549999999999999,0.425,0.25,0.2,0.5,1.0,0.0,0.0,37.0,18.0,48.0,26.5,57.5,37.5,69.5,45.5,3.5,1.5,2.5,1.0,26.0,10.0,35.0,16.0,4.5,2.5,9.5,8.0,6.5,5.5,3.5,2.5,27.5,12.0,19.5,6.0,1.5,0.5,8.0,7.5,8.0,5.5,20.5,13.0,250.5,187.0,543.0,4,0,1,0,1,1,1,0,0,0,0,0,1,0,177.8,175.26,125.0,31.0,26.0,0,0,0,1,0,0,0,0,0,0,0,0,0,0,0,1,0,0,0,0,1,0,0,0
Red,False,0.015625,0.0,0.45,0.4275,0.25,0.2,0.148468017578125,0.098388671875,0.0,0.0,66.5,29.6875,64.31230545043945,27.34375,89.75,48.0,85.53125,44.41152191162109,2.0,0.75,2.0546875,0.75,51.1875,18.3359375,49.6123046875,16.280410766601562,7.5,5.07647705078125,7.5,5.0,4.5,3.625,4.984375,3.9375,48.6875,17.0,47.11572265625,16.5,5.75,3.75,5.3125,3.4375,5.0625,3.5,3.875,2.5,99.2119140625,94.125,638.5,0,0,0,0,0,0,0,0,0,0,0,0,0,0,187.96,190.5,170.0,0.25,0.0,0.44625,0.3712499999999999,0.61375,0.10375,0.5,0.125,0.375,0.0,85.375,36.625,89.625,32.75,94.125,44.0,108.125,48.375,1.875,1.0,2.5,0.625,60.0,19.75,49.75,6.375,12.625,5.625,12.75,5.25,12.75,11.25,27.125,21.125,75.125,29.875,79.5,25.0,4.5,3.625,6.125,5.25,5.75,3.125,4.0,2.5,54.875,106.5,750.0,10,1,0,2,2,2,2,0,0,0,1,0,0,1,182.88,200.66,185.0,31.0,30.0,0,0,0,0,0,0,0,1,0,0,0,0,0,0,0,0,0,1,0,0,1,0,0,0
Red,False,0.5,0.25,0.363125,0.365625,0.25,0.2299999999999999,0.0,0.25,0.25,0.5,176.0625,66.0625,135.125,49.1875,199.25,88.75,147.9375,59.875,1.125,0.5,8.4375,2.3125,150.25,48.5,115.75,34.9375,20.0625,12.0,13.5,8.5,5.75,5.5625,5.875,5.75,156.125,52.1875,119.5625,39.5625,13.375,7.8125,12.0,7.25,6.5625,6.0625,3.5625,2.375,160.9375,194.4375,889.5625,15,0,0,1,2,3,2,0,0,1,2,0,0,0,177.8,187.96,170.0,0.0,0.5,0.4,0.485,0.3349999999999999,0.125,0.5,1.0,0.0,0.0,71.5,33.0,81.0,38.0,76.0,37.0,109.5,57.0,9.5,2.0,2.5,0.5,45.5,10.5,70.0,30.5,9.5,7.5,6.5,3.5,16.5,15.0,4.5,4.0,66.5,28.5,63.5,26.0,4.5,4.0,4.5,4.0,0.5,0.5,13.0,8.0,136.0,74.5,706.5,5,0,2,0,2,2,0,0,0,1,0,0,1,0,185.42,190.5,170.0,27.0,27.0,0,0,0,0,0,0,0,0,0,1,0,0,0,0,0,1,0,0,0,0,1,0,0,0
Red,False,0.015625,0.0,0.45,0.4275,0.25,0.2,0.148468017578125,0.098388671875,0.0,0.0,66.5,29.6875,64.31230545043945,27.34375,89.75,48.0,85.53125,44.41152191162109,2.0,0.75,2.0546875,0.75,51.1875,18.3359375,49.6123046875,16.280410766601562,7.5,5.07647705078125,7.5,5.0,4.5,3.625,4.984375,3.9375,48.6875,17.0,47.11572265625,16.5,5.75,3.75,5.3125,3.4375,5.0625,3.5,3.875,2.5,99.2119140625,94.125,638.5,0,0,0,0,0,0,0,0,0,0,0,0,0,0,180.34,185.42,155.0,1.0,0.0,0.17,0.41,0.0,0.25,1.0,0.0,0.0,0.0,73.0,13.0,29.0,12.0,80.0,20.0,30.0,13.0,1.0,0.0,4.0,1.0,67.0,11.0,27.0,10.0,2.0,0.0,0.0,0.0,4.0,2.0,2.0,2.0,69.0,11.0,26.0,9.0,3.0,1.0,2.0,2.0,1.0,1.0,1.0,1.0,12.0,178.0,454.0,2,0,1,0,1,1,0,0,0,0,0,0,1,0,177.8,182.88,155.0,25.0,25.0,0,0,0,0,0,0,1,0,0,0,0,0,0,0,0,1,0,0,0,0,1,0,0,0
Red,False,0.0,0.0,0.615,0.62,0.0,0.41,0.0,4.0,1.5,1.0,37.0,21.5,36.0,22.5,45.5,28.5,78.0,62.0,0.0,0.0,9.5,3.5,29.5,16.5,33.5,21.0,5.0,2.5,1.0,0.0,2.5,2.5,1.5,1.5,19.0,10.0,18.0,5.5,6.5,5.0,1.5,1.0,11.5,6.5,16.5,16.0,94.0,424.0,625.0,5,0,0,2,0,0,2,0,0,0,0,0,0,0,175.26,175.26,145.0,0.0,0.0,0.24,0.38,0.5,1.0,1.0,1.0,3.0,2.0,91.0,22.0,86.0,33.0,99.0,29.0,171.0,109.0,4.0,2.0,3.0,3.0,73.0,15.0,71.0,22.0,8.0,2.0,7.0,4.0,10.0,5.0,8.0,7.0,89.0,22.0,84.0,31.0,0.0,0.0,0.0,0.0,2.0,0.0,2.0,2.0,55.0,531.0,900.0,3,0,0,1,0,0,1,0,0,0,0,0,0,0,175.26,175.26,145.0,25.0,28.0,0,0,1,0,0,0,0,0,0,0,0,0,0,0,0,1,0,0,0,0,0,0,0,1
Blue,False,0.5,0.5,0.5349999999999999,0.5900000000000001,0.0,0.5,1.0,0.0,0.0,0.0,126.5,62.0,98.0,56.5,166.0,97.0,119.0,74.5,2.5,0.0,1.0,0.5,98.0,38.0,72.0,33.5,16.5,13.0,17.5,15.5,12.0,11.0,8.5,7.5,111.5,48.5,79.0,40.5,15.0,13.5,17.5,14.5,0.0,0.0,1.5,1.5,207.0,21.5,583.5,4,0,0,2,0,0,2,0,0,0,0,0,0,0,185.42,187.96,205.0,0.0,0.0,0.2,0.64,0.0,1.0,0.0,0.0,0.0,0.0,10.0,2.0,37.0,24.0,10.0,2.0,45.0,28.0,0.0,0.0,2.0,2.0,8.0,1.0,33.0,22.0,1.0,1.0,3.0,2.0,1.0,0.0,1.0,0.0,9.0,2.0,14.0,9.0,1.0,0.0,13.0,7.0,0.0,0.0,10.0,8.0,0.0,19.0,61.0,1,1,0,1,0,0,1,0,0,0,0,0,0,0,195.58,195.58,205.0,31.0,28.0,0,0,0,0,0,1,0,0,0,0,0,0,0,0,0,1,0,0,0,0,1,0,0,0
Blue,False,1.0,0.0,0.23,0.32,0.0,0.64,0.0,1.0,1.0,0.0,86.0,20.0,67.0,22.0,102.0,36.0,138.0,70.0,0.0,0.0,14.0,9.0,75.0,16.0,55.0,13.0,11.0,4.0,5.0,2.0,0.0,0.0,7.0,7.0,74.0,15.0,61.0,18.0,3.0,0.0,4.0,2.0,9.0,5.0,2.0,2.0,16.0,395.0,900.0,3,0,0,1,0,0,1,0,0,0,0,0,0,0,167.64,172.72,135.0,0.0,0.0,0.36,0.36,0.0,0.75,0.0,1.0,1.0,1.0,111.0,41.0,123.0,45.0,142.0,70.0,144.0,66.0,1.0,0.0,4.0,3.0,74.0,19.0,117.0,40.0,8.0,4.0,5.0,4.0,29.0,18.0,1.0,1.0,105.0,37.0,77.0,15.0,3.0,1.0,11.0,7.0,3.0,3.0,35.0,23.0,112.0,328.0,900.0,3,0,0,1,0,0,1,0,0,0,0,0,0,0,170.18,170.18,125.0,23.0,28.0,0,0,0,1,0,0,0,0,0,0,0,0,0,0,0,1,0,0,0,0,1,0,0,0
Red,False,0.5625,0.0,0.3818749999999999,0.245625,0.410625,0.09375,0.0625,0.5,0.1875,0.3125,57.0625,21.6875,41.375,10.625,64.625,27.28125,45.625,14.75,2.3125,1.46875,0.09375,0.09375,46.5,15.09375,29.3125,4.40625,4.75,1.625,8.65625,4.65625,5.8125,4.96875,3.40625,1.5625,48.21875,15.375,38.46875,8.15625,0.8125,0.8125,1.03125,0.90625,8.03125,5.5,1.875,1.5625,121.375,27.8125,441.84375,13,0,6,0,6,6,0,0,0,1,2,2,1,0,177.8,185.42,145.0,0.97119140625,0.021484375,0.5076739501953125,0.3988037109375,0.0985711669921875,0.045164794921875,0.28155517578125,0.0001220703125,0.03125,0.03125,112.21087646484376,58.02801513671875,99.19158935546876,37.75927734375,121.80426025390624,66.04937744140625,110.273193359375,47.33740234375,1.82354736328125,0.14178466796875,4.22357177734375,0.28131103515625,68.90875244140625,23.08929443359375,76.61859130859375,24.84039306640625,26.0704345703125,18.888427734375,16.3399658203125,8.18280029296875,17.231689453125,16.05029296875,6.2330322265625,4.736083984375,92.67822265625,45.00909423828125,84.640380859375,29.05255126953125,13.075439453125,9.3131103515625,14.0255126953125,8.3238525390625,6.45721435546875,3.705810546875,0.52569580078125,0.38287353515625,74.86785888671875,33.435546875,659.4661865234375,30,0,4,0,5,12,3,0,0,0,4,4,4,0,185.42,185.42,155.0,26.0,31.0,0,0,0,0,0,0,1,0,0,0,0,0,0,0,0,1,0,0,0,0,1,0,0,0
Red,False,0.015625,0.0,0.45,0.4275,0.25,0.2,0.148468017578125,0.098388671875,0.0,0.0,66.5,29.6875,64.31230545043945,27.34375,89.75,48.0,85.53125,44.41152191162109,2.0,0.75,2.0546875,0.75,51.1875,18.3359375,49.6123046875,16.280410766601562,7.5,5.07647705078125,7.5,5.0,4.5,3.625,4.984375,3.9375,48.6875,17.0,47.11572265625,16.5,5.75,3.75,5.3125,3.4375,5.0625,3.5,3.875,2.5,99.2119140625,94.125,638.5,0,0,0,0,0,0,0,0,0,0,0,0,0,0,180.34,195.58,185.0,0.0625,0.375,0.48375,0.39859375,0.40625,0.005,0.0,0.015625,0.0,0.0,44.96875,23.171875,50.4375,18.953125,76.359375,47.671875,52.875,20.78125,2.640625,1.5625,0.234375,0.03125,39.578125,19.078125,42.015625,13.65625,3.796875,2.5,5.046875,3.171875,1.59375,1.59375,3.375,2.125,24.703125,9.375,37.875,11.21875,4.140625,1.8125,11.8125,7.234375,16.125,11.984375,0.75,0.5,176.3125,18.1875,490.453125,13,0,1,0,2,4,3,0,0,0,0,4,0,0,182.88,190.5,260.0,30.0,30.0,0,0,0,0,1,0,0,0,0,0,0,0,0,0,0,0,0,0,1,0,0,0,1,0
Red,False,0.50732421875,0.3756256103515625,0.5436997985839844,0.5119314575195313,0.5873455810546875,0.0320814514160156,0.5960693359375,0.143798828125,0.0078582763671875,0.000244140625,26.68206787109375,15.191696166992188,19.316070556640625,8.894546508789062,35.723175048828125,23.4498291015625,29.32635498046875,18.63047790527344,1.3365020751953125,1.2884979248046875,1.2209320068359375,0.203521728515625,21.124435424804688,11.543106079101562,15.1939697265625,5.4473724365234375,2.4737548828125,1.7269287109375,2.5602264404296875,1.9561004638671875,3.0838775634765625,1.921661376953125,1.5618743896484375,1.4910736083984375,14.863754272460938,6.0743255615234375,12.091033935546877,3.9107513427734375,2.786483764648437,1.6563720703125,5.631072998046875,3.720504760742188,9.031829833984377,7.46099853515625,1.593963623046875,1.2632904052734375,131.3121337890625,42.458740234375,283.52691650390625,35,1,4,0,4,11,6,0,0,0,4,4,3,0,182.88,187.96,185.0,0.001953125,1.001953125,0.3853124999999999,0.49640625,0.041015625,0.2999609374999999,0.0,0.015625,0.001953125,0.125,76.576171875,30.10546875,52.0078125,24.154296875,91.7421875,43.587890625,77.078125,47.755859375,2.681640625,0.353515625,5.8359375,2.359375,58.6796875,17.39453125,38.279296875,14.2578125,10.7421875,6.92578125,6.130859375,4.541015625,7.154296875,5.78515625,7.59765625,5.35546875,57.919921875,19.2890625,35.291015625,13.890625,18.326171875,10.517578125,13.5625,7.806640625,0.330078125,0.298828125,3.154296875,2.45703125,183.259765625,147.775390625,697.75,27,0,2,0,5,7,3,0,0,1,5,1,0,0,185.42,187.96,185.0,35.0,27.0,0,0,0,0,0,0,0,1,0,0,0,0,0,0,0,1,0,0,0,0,1,0,0,0
Blue,False,0.015625,0.0,0.45,0.4275,0.25,0.2,0.148468017578125,0.098388671875,0.0,0.0,66.5,29.6875,64.31230545043945,27.34375,89.75,48.0,85.53125,44.41152191162109,2.0,0.75,2.0546875,0.75,51.1875,18.3359375,49.6123046875,16.280410766601562,7.5,5.07647705078125,7.5,5.0,4.5,3.625,4.984375,3.9375,48.6875,17.0,47.11572265625,16.5,5.75,3.75,5.3125,3.4375,5.0625,3.5,3.875,2.5,99.2119140625,94.125,638.5,0,0,0,0,0,0,0,0,0,0,0,0,0,0,172.72,165.1,135.0,0.5625,0.125,0.3246875,0.4115625,0.28125,0.09625,0.0,0.0,0.0,0.0,59.90625,21.1875,47.625,19.90625,63.09375,24.09375,53.21875,25.0625,0.53125,0.53125,3.09375,0.875,41.78125,10.25,38.8125,13.3125,8.3125,4.28125,4.75,4.25,9.8125,6.65625,4.0625,2.34375,56.40625,19.28125,43.125,15.75,2.21875,1.34375,2.0625,1.9375,1.28125,0.5625,2.4375,2.21875,11.03125,80.59375,434.875,14,0,3,0,3,4,2,0,0,1,2,1,0,0,162.56,180.34,135.0,23.0,29.0,1,0,0,0,0,0,0,0,0,0,0,0,0,0,0,1,0,0,0,0,0,0,1,0
Red,True,0.25,0.0,0.56875,0.33,0.575,0.0,1.0,0.0,0.0,0.0,79.75,46.125,32.25,10.125,133.25,93.625,40.5,17.875,2.25,1.875,1.25,0.0,63.0,31.125,24.75,3.75,14.125,12.5,4.375,3.625,2.625,2.5,3.125,2.75,33.125,11.625,27.0,6.875,11.375,8.875,4.125,2.625,35.25,25.625,1.125,0.625,426.0,4.375,661.25,10,0,4,0,4,4,0,0,0,0,2,1,1,0,180.34,182.88,235.0,0.08209228515625,0.0,0.6032232666015624,0.32638427734375,0.430985107421875,0.03,1.0997314453125,0.0625,0.0,0.0,191.5191650390625,113.56646728515624,178.015380859375,57.53863525390625,207.12646484375,128.74755859375,190.6591796875,69.1192626953125,6.72235107421875,2.26837158203125,4.65325927734375,0.25,131.9869384765625,64.71600341796875,134.38543701171875,33.9404296875,26.0989990234375,21.1865234375,37.68804931640625,19.17364501953125,33.4332275390625,27.6639404296875,5.94189453125,4.424560546875,153.81719970703125,86.0531005859375,145.938232421875,44.25665283203125,28.873046875,21.6837158203125,31.85687255859375,13.21795654296875,8.82891845703125,5.82965087890625,0.22027587890625,0.06402587890625,263.73858642578125,5.565673828125,1286.5638427734375,42,8,3,0,11,14,1,0,0,0,5,4,5,0,193.04,213.36,205.0,35.0,27.0,0,0,0,0,0,1,0,0,0,0,0,0,0,0,0,1,0,0,0,0,1,0,0,0
Red,False,0.0,0.125,0.4237499999999999,0.6487499999999999,0.125,0.3325,0.625,0.5,0.0,0.0,41.625,16.875,96.0,52.75,54.5,27.75,157.625,104.0,0.5,0.25,3.25,2.0,32.5,10.375,72.375,34.375,4.625,3.375,17.875,13.25,4.5,3.125,5.75,5.125,35.125,13.375,49.75,22.0,4.0,2.0,9.5,8.25,2.5,1.5,36.75,22.5,34.0,229.375,425.5,9,0,0,1,1,1,3,0,0,0,0,0,1,0,160.02,160.02,125.0,0.5,0.0,0.62,0.47,0.3325,0.375,0.0,0.75,0.0,0.25,70.75,39.25,42.5,15.25,97.75,63.5,49.5,22.25,1.25,0.75,0.75,0.5,58.25,29.75,30.75,7.25,10.5,7.75,7.25,4.0,2.0,1.75,4.5,4.0,37.25,17.5,35.0,9.75,10.0,6.75,6.75,5.0,23.5,15.0,0.75,0.5,168.25,66.25,471.75,6,0,3,0,3,3,0,0,0,0,1,2,0,0,165.1,167.64,125.0,30.0,24.0,0,0,0,1,0,0,0,0,0,0,0,0,0,0,0,1,0,0,0,0,1,0,0,0
Blue,False,0.0,1.0,0.6,0.58,1.0,0.37,0.0,0.0,0.0,1.0,84.0,51.0,50.0,29.0,109.0,72.0,77.0,45.0,1.0,1.0,16.0,6.0,77.0,44.0,38.0,21.0,4.0,4.0,5.0,3.0,3.0,3.0,7.0,5.0,26.0,12.0,29.0,14.0,21.0,15.0,5.0,4.0,37.0,24.0,16.0,11.0,221.0,439.0,900.0,3,0,1,0,1,1,0,0,0,1,0,0,0,0,180.34,177.8,155.0,0.265625,0.140625,0.40162109375,0.379111328125,0.2115039062499999,0.127158203125,0.640625,0.794921875,0.7509765625,0.56640625,82.4892578125,26.0439453125,68.8251953125,23.3125,93.7724609375,35.5380859375,106.484375,59.103515625,6.8173828125,1.66796875,1.1904296875,0.5126953125,75.404296875,21.583984375,50.55078125,9.3857421875,3.689453125,1.337890625,7.6435546875,5.953125,3.3955078125,3.1220703125,10.630859375,7.9736328125,66.294921875,17.7958984375,62.2958984375,19.3076171875,2.40625,2.3740234375,2.333984375,0.5595703125,13.7880859375,5.8740234375,4.1953125,3.4453125,374.0341796875,46.380859375,745.71875,29,0,1,0,3,7,4,0,0,1,4,2,0,0,175.26,180.34,155.0,30.0,35.0,0,0,0,0,0,0,1,0,0,0,0,0,0,0,0,1,0,0,0,0,1,0,0,0
Red,False,0.0,0.0,0.44,0.38,0.0,0.0,0.0,0.0,0.0,0.0,56.0,25.0,117.0,45.0,64.0,32.0,117.0,45.0,0.0,0.0,0.0,0.0,44.0,15.0,100.0,32.0,5.0,4.0,14.0,10.0,7.0,6.0,3.0,3.0,55.0,25.0,113.0,41.0,1.0,0.0,4.0,4.0,0.0,0.0,0.0,0.0,2.0,1.0,264.0,1,0,0,1,0,0,1,0,0,0,0,0,0,0,185.42,185.42,170.0,0.5,0.5,0.5349999999999999,0.72,0.1,1.0,0.5,0.5,0.0,0.0,18.0,10.0,24.0,17.0,24.0,15.0,34.0,23.5,2.5,0.5,1.0,1.0,11.5,4.5,22.5,15.5,2.5,2.0,1.0,1.0,4.0,3.5,0.5,0.5,11.5,6.0,5.5,2.5,4.5,3.0,4.5,3.5,2.0,1.0,14.0,11.0,64.5,115.5,243.5,2,0,1,0,1,1,1,0,0,0,0,1,0,0,182.88,185.42,185.0,31.0,27.0,0,0,0,0,0,0,0,0,0,1,0,0,0,0,0,1,0,0,0,0,1,0,0,0
Blue,False,0.015625,0.0,0.45,0.4275,0.25,0.2,0.148468017578125,0.098388671875,0.0,0.0,66.5,29.6875,64.31230545043945,27.34375,89.75,48.0,85.53125,44.41152191162109,2.0,0.75,2.0546875,0.75,51.1875,18.3359375,49.6123046875,16.280410766601562,7.5,5.07647705078125,7.5,5.0,4.5,3.625,4.984375,3.9375,48.6875,17.0,47.11572265625,16.5,5.75,3.75,5.3125,3.4375,5.0625,3.5,3.875,2.5,99.2119140625,94.125,638.5,0,0,0,0,0,0,0,0,0,0,0,0,0,0,167.64,172.72,135.0,0.0,0.0,0.42,0.44,1.0,0.5,0.0,0.0,1.0,1.0,28.0,12.0,34.0,15.0,86.0,65.0,149.0,123.0,3.0,3.0,2.0,1.0,21.0,5.0,29.0,12.0,5.0,5.0,3.0,1.0,2.0,2.0,2.0,2.0,11.0,5.0,21.0,8.0,0.0,0.0,8.0,4.0,17.0,7.0,5.0,3.0,653.0,154.0,900.0,3,0,0,1,0,0,1,0,0,0,0,0,0,0,175.26,175.26,135.0,37.0,24.0,0,0,0,0,0,0,0,0,0,0,1,0,0,0,0,1,0,0,0,0,1,0,0,0
Red,False,0.0,0.75,0.3521875,0.411875,0.1425,0.0,0.15625,0.125,0.0,0.125,151.46875,52.90625,188.3125,78.25,154.9375,54.375,190.5,80.3125,4.0625,0.25,1.1875,0.0,132.84375,40.34375,143.6875,49.34375,8.375,4.4375,28.125,15.25,10.25,8.125,16.5,13.65625,147.90625,50.71875,181.8125,74.0,2.9375,1.8125,4.25,2.5,0.625,0.375,2.25,1.75,41.21875,28.25,799.0,16,0,1,0,2,3,3,0,0,1,1,0,1,0,170.18,180.34,155.0,0.00048828125,0.75830078125,0.3509619140625,0.4951196289062499,0.0814111328125,0.1434765625,0.038818359375,0.31494140625,0.25,0.25244140625,96.6171875,32.178466796875,71.345458984375,29.7578125,103.191650390625,37.9833984375,75.265380859375,33.434326171875,3.250244140625,0.508544921875,1.61181640625,0.4169921875,88.048583984375,26.239013671875,53.85791015625,16.700439453125,5.9453125,3.5126953125,11.67236328125,8.86767578125,2.623291015625,2.4267578125,5.815185546875,4.189697265625,85.929443359375,25.60693359375,58.9072265625,22.28173828125,8.87451171875,5.14111328125,8.896240234375,5.203369140625,1.813232421875,1.430419921875,3.5419921875,2.272705078125,57.9560546875,52.303955078125,442.466552734375,31,0,4,0,4,7,6,0,0,3,1,1,1,1,177.8,177.8,155.0,34.0,33.0,0,0,0,0,0,0,1,0,0,0,0,0,0,0,0,1,0,0,0,0,0,0,1,0
Red,False,0.0,0.0,0.4,0.35,0.25,0.5700000000000001,0.5,0.0,0.0,0.0,125.5,49.0,180.0,63.5,132.5,54.5,206.5,87.0,3.0,1.0,7.5,1.5,93.0,25.5,145.5,37.5,13.0,6.5,15.0,10.0,19.5,17.0,19.5,16.0,118.5,45.0,171.0,57.5,7.0,4.0,7.5,5.5,0.0,0.0,1.5,0.5,94.5,121.5,900.0,6,0,0,2,0,0,2,0,0,0,0,0,0,0,185.42,187.96,170.0,0.5078125,0.125,0.57609375,0.4264843749999999,0.020625,0.5540625,0.65625,2.0625,0.0,0.03125,40.4609375,21.34375,91.5859375,63.015625,50.3125,29.6875,120.9609375,90.0,1.59375,0.0625,3.96875,2.828125,29.203125,13.9765625,79.5546875,53.953125,9.7890625,6.0234375,11.296875,8.453125,1.46875,1.34375,0.734375,0.609375,26.71875,9.375,38.7109375,23.09375,5.234375,3.640625,25.53125,19.140625,8.5078125,8.328125,27.34375,20.78125,124.2421875,162.6875,475.9921875,13,0,1,0,1,4,4,0,0,0,0,2,2,0,182.88,187.96,170.0,25.0,30.0,0,0,0,0,0,0,0,0,0,1,0,0,0,0,0,1,0,0,0,0,1,0,0,0
Red,False,0.75,0.070556640625,0.5783544921875,0.37726806640625,0.4764013671875,0.126993408203125,0.058837890625,0.946533203125,0.5802001953125,0.0029296875,70.2843017578125,37.306640625,63.656494140625,24.10986328125,92.975830078125,54.080810546875,76.90673828125,34.744873046875,3.73486328125,2.1956787109375,2.5111083984375,0.5020751953125,50.601318359375,22.108642578125,50.7174072265625,15.7939453125,11.3232421875,7.3597412109375,8.98388671875,4.5091552734375,8.3597412109375,7.8382568359375,3.9552001953125,3.8067626953125,52.220947265625,24.13037109375,59.5936279296875,21.87109375,8.1317138671875,6.9271240234375,2.81787109375,1.4193115234375,9.931640625,6.2491455078125,1.2449951171875,0.8194580078125,254.80078125,69.5228271484375,668.419189453125,27,1,0,1,3,9,5,0,0,1,4,2,2,0,187.96,193.04,185.0,0.1456146240234375,0.0087890625,0.3949544525146484,0.2957540893554687,0.1580303955078125,0.2186912536621093,0.0021286010742187,0.00799560546875,3.814697265625e-05,0.25,102.65202331542967,39.74982452392578,124.2104721069336,43.84357452392578,107.49098205566406,44.08746337890625,148.41278839111328,65.53959655761719,0.5478668212890625,0.2855224609375,8.001983642578125,2.6661148071289062,76.6845703125,25.291412353515625,92.93977355957033,28.786659240722656,19.42245483398437,10.414352416992188,16.272735595703125,5.23846435546875,6.5449981689453125,4.044059753417969,14.997962951660156,9.818450927734377,96.72943878173828,35.246116638183594,108.38584899902344,34.1568603515625,4.503471374511719,3.58734130859375,8.537429809570312,5.063636779785156,1.4191131591796875,0.9163665771484376,7.287193298339844,4.623077392578125,59.37628173828125,173.56615447998047,1248.06494140625,49,5,8,0,8,13,5,0,0,1,6,5,1,0,185.42,187.96,185.0,31.0,36.0,0,0,0,0,0,0,0,1,0,0,0,0,0,0,0,1,0,0,0,0,0,0,1,0
Blue,False,0.0,0.25,0.515,0.2774999999999999,0.4399999999999999,0.0,0.25,0.0,0.0,0.0,83.75,46.5,57.25,16.25,111.75,71.75,58.0,17.0,10.5,5.75,0.5,0.0,77.25,41.5,46.5,8.25,4.5,3.25,2.5,2.5,2.0,1.75,8.25,5.5,35.75,12.5,49.5,9.75,7.5,5.75,4.5,4.25,40.5,28.25,3.25,2.25,345.75,10.25,581.75,6,0,0,1,2,2,1,0,0,0,1,1,0,0,187.96,193.04,205.0,0.0,0.0,0.27,0.44,0.83,0.0,1.0,0.0,0.0,0.0,70.0,19.0,47.0,21.0,85.0,33.0,136.0,103.0,6.0,5.0,1.0,0.0,61.0,12.0,15.0,4.0,4.0,3.0,11.0,4.0,5.0,4.0,21.0,13.0,48.0,9.0,41.0,15.0,7.0,5.0,0.0,0.0,15.0,5.0,6.0,6.0,511.0,120.0,900.0,3,1,1,0,1,1,0,0,0,0,1,0,0,0,187.96,200.66,185.0,34.0,24.0,0,0,0,0,0,1,0,0,0,0,0,0,0,0,0,1,0,0,0,0,1,0,0,0
Red,False,0.0625,0.0,0.375,0.3675,0.49,0.020625,1.9375,0.1875,0.0625,0.0,44.875,19.625,29.0625,7.875,58.5625,32.8125,44.625,21.0625,2.3125,1.1875,4.0625,0.1875,35.375,12.0,24.6875,4.375,6.875,5.5625,1.75,1.75,2.625,2.0625,2.625,1.75,32.75,11.5625,23.625,5.0625,6.5625,4.4375,4.25,2.625,5.5625,3.625,1.1875,0.1875,95.0625,123.5625,366.625,9,0,0,1,4,4,1,0,0,0,1,0,3,0,165.1,165.1,135.0,0.3828125,1.0,0.323828125,0.350546875,0.031640625,0.0,0.0703125,1.0,0.0,0.0,175.8125,46.9296875,184.3515625,78.3203125,185.296875,55.28125,202.640625,93.609375,0.8125,0.296875,2.3671875,0.0,145.0390625,31.1640625,154.546875,54.6484375,20.734375,8.21875,14.1328125,10.4609375,10.0390625,7.546875,15.671875,13.2109375,167.6171875,42.3984375,165.359375,66.9453125,5.8046875,3.2890625,3.9140625,1.8046875,2.390625,1.2421875,15.078125,9.5703125,25.1640625,111.890625,911.3515625,24,5,7,0,7,7,1,0,0,0,3,2,2,0,167.64,177.8,145.0,30.0,27.0,1,0,0,0,0,0,0,0,0,0,0,0,0,0,0,0,0,1,0,0,1,0,0,0
Blue,False,0.015625,0.0,0.45,0.4275,0.25,0.2,0.148468017578125,0.098388671875,0.0,0.0,66.5,29.6875,64.31230545043945,27.34375,89.75,48.0,85.53125,44.41152191162109,2.0,0.75,2.0546875,0.75,51.1875,18.3359375,49.6123046875,16.280410766601562,7.5,5.07647705078125,7.5,5.0,4.5,3.625,4.984375,3.9375,48.6875,17.0,47.11572265625,16.5,5.75,3.75,5.3125,3.4375,5.0625,3.5,3.875,2.5,99.2119140625,94.125,638.5,0,0,0,0,0,0,0,0,0,0,0,0,0,0,180.34,182.88,155.0,0.0,0.0,0.4375,0.305,0.235,0.665,0.5,2.0,0.25,0.25,11.5,6.5,16.75,6.0,23.0,17.75,20.0,9.0,3.25,1.5,1.25,1.0,8.0,3.25,15.0,4.75,3.0,2.75,0.75,0.25,0.5,0.5,1.0,1.0,5.0,1.75,11.5,2.5,1.75,1.25,2.75,1.5,4.75,3.5,2.5,2.0,206.5,99.75,366.25,5,0,1,0,1,1,2,0,0,1,0,0,0,0,175.26,175.26,145.0,25.0,32.0,0,0,1,0,0,0,0,0,0,0,0,0,0,0,0,1,0,0,0,0,1,0,0,0
Red,False,0.015625,0.0,0.45,0.4275,0.25,0.2,0.148468017578125,0.098388671875,0.0,0.0,66.5,29.6875,64.31230545043945,27.34375,89.75,48.0,85.53125,44.41152191162109,2.0,0.75,2.0546875,0.75,51.1875,18.3359375,49.6123046875,16.280410766601562,7.5,5.07647705078125,7.5,5.0,4.5,3.625,4.984375,3.9375,48.6875,17.0,47.11572265625,16.5,5.75,3.75,5.3125,3.4375,5.0625,3.5,3.875,2.5,99.2119140625,94.125,638.5,0,0,0,0,0,0,0,0,0,0,0,0,0,0,177.8,177.8,185.0,0.125,0.0,0.65,0.41875,0.125,0.39375,0.625,0.5,0.0,0.125,26.375,12.5,37.25,14.5,30.75,16.75,53.875,28.25,2.125,0.125,3.25,1.5,20.125,8.125,30.5,9.25,4.0,2.375,3.375,1.875,2.25,2.0,3.375,3.375,24.75,11.625,32.125,11.875,1.5,0.75,1.375,0.5,0.125,0.125,3.75,2.125,52.625,203.75,441.0,8,0,0,1,1,1,3,0,0,0,0,0,1,0,175.26,185.42,185.0,26.0,32.0,0,0,0,0,0,0,0,1,0,0,0,0,0,0,0,1,0,0,0,0,1,0,0,0
Red,False,0.025390625,0.75,0.4884375,0.720263671875,0.041328125,0.14923828125,0.251953125,0.130859375,0.0048828125,0.0068359375,34.2275390625,15.751953125,54.908203125,36.8125,45.9833984375,26.90625,96.5966796875,73.54296875,2.015625,0.1005859375,1.1533203125,0.3330078125,28.890625,11.5771484375,36.0029296875,18.6162109375,1.9326171875,1.8037109375,10.3447265625,9.6357421875,3.404296875,2.37109375,8.560546875,8.560546875,25.8984375,9.1748046875,27.0498046875,11.6650390625,7.8642578125,6.2158203125,21.998046875,20.4150390625,0.46484375,0.361328125,5.8603515625,4.732421875,77.986328125,249.59765625,436.36328125,24,0,0,2,3,4,7,0,0,0,1,2,1,0,182.88,187.96,205.0,1.0,0.0,0.7,0.75,0.0,0.0,0.0,0.0,0.0,0.0,10.0,7.0,4.0,3.0,10.0,7.0,5.0,4.0,0.0,0.0,0.0,0.0,5.0,3.0,2.0,1.0,5.0,4.0,2.0,2.0,0.0,0.0,0.0,0.0,2.0,1.0,0.0,0.0,5.0,4.0,4.0,3.0,3.0,2.0,0.0,0.0,3.0,0.0,20.0,1,0,1,0,1,1,0,0,0,0,0,1,0,0,185.42,190.5,253.0,35.0,29.0,0,0,0,0,0,1,0,0,0,0,0,0,0,0,0,1,0,0,0,0,1,0,0,0
Blue,False,0.5,0.0,0.51,0.385,0.0,0.06,0.5,0.5,0.0,0.0,117.0,54.5,73.0,27.5,132.0,69.0,83.5,33.0,0.0,0.0,6.0,0.5,59.5,17.0,48.5,8.0,36.0,21.5,8.5,4.0,21.5,16.0,16.0,15.5,105.0,44.5,64.5,22.0,8.0,7.0,8.5,5.5,4.0,3.0,0.0,0.0,85.0,235.0,900.0,6,0,2,0,2,2,0,0,0,0,2,0,0,0,175.26,177.8,155.0,0.25,0.0,0.48,0.375,0.875,0.015,0.5,0.0,0.0,0.0,140.25,65.0,91.25,35.0,180.25,99.0,101.0,44.75,2.0,1.75,6.25,0.25,97.0,37.0,68.75,19.25,28.5,17.75,12.75,7.0,14.75,10.25,9.75,8.75,109.75,43.25,81.0,28.0,19.25,14.0,9.5,6.25,11.25,7.75,0.75,0.75,258.75,169.75,880.5,9,0,3,0,3,3,0,0,0,0,2,0,1,0,180.34,185.42,155.0,30.0,28.0,0,0,0,0,0,0,1,0,0,0,0,0,0,0,0,1,0,0,0,0,1,0,0,0
Red,False,0.015625,0.0,0.45,0.4275,0.25,0.2,0.148468017578125,0.098388671875,0.0,0.0,66.5,29.6875,64.31230545043945,27.34375,89.75,48.0,85.53125,44.41152191162109,2.0,0.75,2.0546875,0.75,51.1875,18.3359375,49.6123046875,16.280410766601562,7.5,5.07647705078125,7.5,5.0,4.5,3.625,4.984375,3.9375,48.6875,17.0,47.11572265625,16.5,5.75,3.75,5.3125,3.4375,5.0625,3.5,3.875,2.5,99.2119140625,94.125,638.5,0,0,0,0,0,0,0,0,0,0,0,0,0,0,190.5,198.12,230.0,0.0,0.0,0.44,0.27,0.0,0.83,0.0,1.0,0.0,0.0,47.0,21.0,70.0,19.0,136.0,103.0,85.0,33.0,1.0,0.0,6.0,5.0,15.0,4.0,61.0,12.0,11.0,4.0,4.0,3.0,21.0,13.0,5.0,4.0,41.0,15.0,48.0,9.0,0.0,0.0,7.0,5.0,6.0,6.0,15.0,5.0,120.0,511.0,900.0,3,1,0,1,0,0,1,0,0,0,0,0,0,0,185.42,195.58,185.0,26.0,35.0,0,0,0,0,0,0,0,1,0,0,0,0,0,0,0,1,0,0,0,0,1,0,0,0
Red,False,0.0,0.0,0.62,0.25,0.0,0.0,1.0,0.0,0.0,0.0,8.0,5.0,4.0,1.0,8.0,5.0,4.0,1.0,1.0,0.0,0.0,0.0,8.0,5.0,3.0,1.0,0.0,0.0,1.0,0.0,0.0,0.0,0.0,0.0,8.0,5.0,4.0,1.0,0.0,0.0,0.0,0.0,0.0,0.0,0.0,0.0,32.0,0.0,66.0,1,0,1,0,1,1,0,0,0,0,0,0,1,0,177.8,180.34,125.0,0.0,0.0,0.31,0.375,0.225,0.0,2.0,0.5,0.5,0.5,96.5,30.5,106.5,38.0,112.5,44.5,132.0,61.5,9.0,2.0,0.0,0.0,79.0,17.5,94.0,31.0,5.5,2.5,9.0,4.0,12.0,10.5,3.5,3.0,91.0,27.0,85.0,22.0,2.0,1.0,7.5,5.0,3.5,2.5,14.0,11.0,148.0,158.5,714.0,5,0,0,1,1,1,1,0,0,0,0,0,1,0,170.18,175.26,135.0,25.0,31.0,1,0,0,0,0,0,0,0,0,0,0,0,0,0,0,0,0,1,0,0,1,0,0,0
Blue,False,0.0625,0.0,0.4165625,0.3465625,0.3125,0.250625,0.25,0.0,0.1875,0.03125,148.0625,60.84375,134.25,45.03125,168.0625,79.75,148.375,57.40625,3.0625,1.25,5.71875,2.125,104.78125,33.25,104.09375,26.0625,31.6875,17.0625,16.09375,8.1875,11.59375,10.53125,14.0625,10.78125,131.53125,50.96875,120.875,38.53125,10.0,6.03125,8.625,4.4375,6.53125,3.84375,4.75,2.0625,40.1875,150.65625,873.9375,16,0,2,0,2,3,3,0,0,0,2,1,0,0,187.96,190.5,170.0,0.0,1.0,0.38,0.48,0.0,0.66,0.0,1.0,0.0,0.0,21.0,8.0,39.0,19.0,36.0,22.0,67.0,44.0,1.0,0.0,3.0,2.0,11.0,1.0,29.0,12.0,10.0,7.0,6.0,4.0,0.0,0.0,4.0,3.0,15.0,2.0,15.0,7.0,6.0,6.0,8.0,3.0,0.0,0.0,16.0,9.0,5.0,458.0,625.0,3,1,0,1,0,0,1,0,0,0,0,0,0,0,182.88,190.5,185.0,30.0,25.0,0,0,0,0,0,0,0,0,0,1,0,0,0,0,0,1,0,0,0,0,0,0,1,0
Blue,False,0.0,0.25,0.4275,0.38,0.4075,0.1475,0.25,0.75,0.0,0.5,69.5,30.25,83.25,31.75,111.75,69.5,101.75,49.25,5.75,2.5,10.0,2.0,54.75,19.5,61.75,16.0,7.25,4.75,9.5,6.5,7.5,6.0,12.0,9.25,57.75,21.25,62.75,15.0,6.5,5.25,13.0,11.0,5.25,3.75,7.5,5.75,297.25,293.25,900.0,9,0,1,0,1,1,2,0,0,0,1,0,0,0,172.72,175.26,155.0,0.03125,0.0625,0.25361328125,0.347412109375,0.102109375,0.3759765625,1.11328125,0.529296875,0.0,0.125,135.619140625,36.5390625,82.0654296875,28.146484375,195.6484375,89.564453125,96.3486328125,41.943359375,10.1279296875,0.859375,0.37890625,0.376953125,107.720703125,21.81640625,65.201171875,17.1728515625,25.0390625,11.86328125,9.9765625,6.6015625,2.859375,2.859375,6.8876953125,4.3720703125,101.5625,19.36328125,74.634765625,23.220703125,28.4140625,13.921875,6.0390625,3.9296875,5.642578125,3.25390625,1.3916015625,0.99609375,329.6279296875,44.1474609375,824.0126953125,25,0,1,0,5,8,3,0,0,1,5,2,0,0,177.8,180.34,145.0,30.0,30.0,0,0,1,0,0,0,0,0,0,0,0,0,0,0,0,1,0,0,0,0,1,0,0,0
Blue,False,0.2822265625,0.03125,0.565224609375,0.6604785156249999,0.0,0.147548828125,0.00390625,0.1259765625,0.0,0.0078125,25.787109375,12.103515625,20.580078125,7.6669921875,27.697265625,13.4765625,22.6279296875,9.205078125,0.0,0.0,0.8623046875,0.1787109375,23.6279296875,10.34375,17.6923828125,5.34375,0.8994140625,0.5302734375,0.9345703125,0.51953125,1.259765625,1.2294921875,1.953125,1.8037109375,17.4208984375,7.0244140625,17.728515625,5.953125,3.91796875,2.14453125,2.4541015625,1.3828125,4.4482421875,2.9345703125,0.3974609375,0.3310546875,10.31640625,21.9638671875,154.560546875,18,0,5,0,5,8,3,0,0,0,1,7,0,0,190.5,208.28,265.0,0.3774871826171875,0.0751953125,0.5178639221191406,0.4349286651611328,0.1124591827392578,0.500018310546875,0.0550537109375,0.0,0.0,7.62939453125e-06,47.43482971191406,17.883323669433594,99.0371551513672,33.81927490234375,50.46891784667969,20.413169860839844,108.32474517822266,41.04412078857422,3.427696228027344,0.6305770874023438,0.5085678100585938,0.50018310546875,33.88123321533203,11.19000244140625,89.34711456298828,25.70818328857422,4.11566162109375,0.290802001953125,3.4964828491210938,3.41827392578125,9.43793487548828,6.402519226074219,6.1935577392578125,4.692817687988281,43.12441253662109,15.226051330566406,83.13818359375,24.543716430664062,2.4902877807617188,1.3488540649414062,1.3269271850585938,0.723114013671875,1.82012939453125,1.3084182739257812,14.572044372558594,8.552444458007812,13.136001586914062,63.802024841308594,502.7379989624024,29,1,4,0,4,11,7,0,0,0,0,7,4,0,187.96,193.04,242.0,36.0,35.0,0,0,0,0,1,0,0,0,0,0,0,0,0,0,0,0,0,0,1,0,1,0,0,0
Blue,False,0.0234375,0.03125,0.6407812500000001,0.6515625,0.0078125,0.691875,1.296875,0.046875,0.0,0.0078125,22.8515625,14.6484375,31.78125,19.0,36.1484375,25.5390625,74.9375,58.1171875,0.1640625,0.0078125,3.1796875,1.5390625,14.03125,6.640625,24.0078125,12.1640625,6.6484375,5.8671875,4.75,4.078125,2.171875,2.140625,3.0234375,2.7578125,14.1640625,7.796875,9.9609375,4.0078125,7.5078125,6.171875,6.9296875,4.3828125,1.1796875,0.6796875,14.890625,10.609375,37.3515625,323.8984375,447.953125,16,0,3,0,3,5,3,0,0,0,1,2,2,0,187.96,195.58,170.0,0.0,1.0625,0.39453125,0.4067968749999999,0.30171875,0.04125,0.265625,0.2578125,0.0234375,0.2734375,12.8125,5.6015625,14.265625,6.359375,14.4453125,7.1484375,23.5703125,15.1796875,1.046875,0.4765625,1.0625,0.0625,10.890625,4.328125,11.375,4.171875,1.765625,1.1171875,2.0390625,1.6015625,0.15625,0.15625,0.8515625,0.5859375,8.984375,3.5390625,9.703125,2.796875,2.7109375,1.515625,2.5625,1.75,1.1171875,0.546875,2.0,1.8125,26.6640625,32.9375,174.7578125,12,0,1,0,1,4,4,0,0,0,1,1,1,1,182.88,177.8,185.0,31.0,32.0,0,0,0,0,0,0,0,0,0,1,0,0,0,0,0,1,0,0,0,0,0,0,1,0
Red,False,0.015625,0.0,0.45,0.4275,0.25,0.2,0.148468017578125,0.098388671875,0.0,0.0,66.5,29.6875,64.31230545043945,27.34375,89.75,48.0,85.53125,44.41152191162109,2.0,0.75,2.0546875,0.75,51.1875,18.3359375,49.6123046875,16.280410766601562,7.5,5.07647705078125,7.5,5.0,4.5,3.625,4.984375,3.9375,48.6875,17.0,47.11572265625,16.5,5.75,3.75,5.3125,3.4375,5.0625,3.5,3.875,2.5,99.2119140625,94.125,638.5,0,0,0,0,0,0,0,0,0,0,0,0,0,0,172.72,182.88,125.0,0.03125,0.25,0.31,0.5825,0.04375,0.853125,1.65625,0.1875,0.0,0.0,40.40625,13.25,46.21875,23.53125,51.71875,23.28125,69.46875,43.53125,1.125,0.125,3.96875,2.78125,26.09375,6.53125,30.84375,11.3125,7.8125,3.09375,8.46875,5.84375,6.5,3.625,6.90625,6.375,33.6875,8.28125,35.125,15.78125,4.3125,2.8125,3.65625,2.375,2.40625,2.15625,7.4375,5.375,24.71875,255.34375,552.96875,16,1,2,0,2,4,2,0,0,1,0,1,2,0,167.64,167.64,125.0,27.0,30.0,0,0,0,1,0,0,0,0,0,0,0,0,0,0,0,1,0,0,0,0,1,0,0,0
Red,False,0.0166053771972656,0.377197265625,0.4779327392578125,0.4141104507446289,0.2546399307250976,0.6044315719604492,0.6787567138671875,0.0003242492675781,0.131103515625,0.0040550231933593,76.62348937988281,36.979957580566406,61.94910430908203,32.16202926635742,96.9765625,54.9486198425293,72.85543060302734,42.67142868041992,1.6964263916015625,0.2566566467285156,3.1889724731445312,1.8829879760742188,64.49216842651367,28.182029724121094,43.53541564941406,17.87432098388672,9.749942779541016,6.4866943359375,8.58990478515625,7.147090911865234,2.381378173828125,2.3112335205078125,9.82378387451172,7.140617370605469,56.431251525878906,21.312641143798828,30.553810119628903,11.816112518310549,19.34635162353516,15.078754425048828,11.373355865478516,8.820892333984375,0.84588623046875,0.58856201171875,20.02193832397461,11.5250244140625,36.20295715332031,182.21360778808597,477.2125549316406,44,2,5,0,5,12,7,0,0,1,1,2,8,0,182.88,193.04,170.0,0.8173828125,3.0517578125e-05,0.5208151245117187,0.3724368286132812,0.2862481689453125,0.3892703247070312,0.754547119140625,0.015869140625,3.0517578125e-05,6.103515625e-05,54.59600830078125,26.33627319335937,57.05807495117188,20.808990478515625,64.04147338867188,35.66552734375,63.820892333984375,26.97503662109375,1.293670654296875,0.7362060546875,3.21795654296875,1.661163330078125,40.26605224609375,16.0030517578125,44.78070068359375,12.452056884765623,10.728759765625,7.20574951171875,8.59381103515625,4.902618408203125,3.6011962890625,3.127471923828125,3.683563232421875,3.454315185546875,45.72900390625,20.283721923828125,51.0517578125,15.832855224609377,3.38470458984375,2.4935302734375,2.499847412109375,2.160980224609375,5.4822998046875,3.55902099609375,3.5064697265625,2.815155029296875,53.93634033203125,130.46267700195312,425.3728942871094,40,0,0,2,5,11,5,0,0,0,6,3,2,0,172.72,177.8,155.0,29.0,30.0,0,0,0,0,0,0,1,0,0,0,0,0,0,0,0,0,0,1,0,0,0,0,1,0
Red,False,0.06640625,0.51904296875,0.34796875,0.559072265625,0.06396484375,0.36033203125,0.700439453125,0.02001953125,0.524169921875,0.5009765625,73.838623046875,30.5048828125,72.716796875,40.626953125,101.15478515625,48.804931640625,82.519287109375,48.138671875,0.064208984375,0.06396484375,1.77783203125,0.77783203125,63.448486328125,21.901123046875,56.361328125,26.353271484375,4.529296875,3.947998046875,10.933349609375,9.2734375,5.86083984375,4.65576171875,5.422119140625,5.000244140625,67.59716796875,28.323486328125,69.226806640625,38.796875,0.838134765625,0.074462890625,0.3427734375,0.3251953125,5.4033203125,2.10693359375,3.147216796875,1.5048828125,67.20263671875,131.4482421875,549.777099609375,22,0,0,1,4,9,4,0,1,0,0,4,4,0,210.82,213.36,265.0,0.5625,0.6875,0.85375,0.45375,0.0625,0.0825,0.0,0.25,0.0,0.0,43.1875,35.0,26.75,12.6875,66.125,56.3125,31.75,17.125,0.6875,0.0625,0.875,0.25,24.875,17.1875,22.5,9.8125,13.1875,12.6875,2.875,2.1875,5.125,5.125,1.375,0.6875,17.8125,14.25,22.3125,8.875,9.1875,7.4375,1.5625,1.0,16.1875,13.3125,2.875,2.8125,172.375,14.0,373.6875,9,0,1,0,1,2,3,0,0,0,1,1,0,0,193.04,203.2,265.0,26.0,34.0,0,0,0,0,1,0,0,0,0,0,0,0,0,0,0,1,0,0,0,0,1,0,0,0
Blue,False,0.0,0.0,0.27,0.23,0.0,0.07,0.0,0.0,0.0,0.0,168.0,46.0,77.0,18.0,180.0,55.0,103.0,38.0,0.0,0.0,14.0,1.0,128.0,24.0,56.0,8.0,36.0,21.0,5.0,3.0,4.0,1.0,16.0,7.0,152.0,34.0,69.0,13.0,16.0,12.0,5.0,3.0,0.0,0.0,3.0,2.0,9.0,370.0,900.0,3,0,1,0,1,1,0,0,0,0,1,0,0,0,167.64,165.1,115.0,0.0,0.0,0.42,0.2,0.83,0.0,2.0,0.0,0.0,0.0,164.0,70.0,141.0,29.0,228.0,132.0,170.0,49.0,6.0,5.0,0.0,0.0,132.0,49.0,123.0,21.0,24.0,13.0,12.0,5.0,8.0,8.0,6.0,3.0,120.0,41.0,134.0,26.0,8.0,4.0,7.0,3.0,36.0,25.0,0.0,0.0,435.0,0.0,900.0,3,0,1,0,1,1,0,0,0,0,1,0,0,0,162.56,160.02,115.0,27.0,26.0,0,0,0,0,0,0,0,0,0,0,0,0,0,1,0,1,0,0,0,0,1,0,0,0
Blue,False,0.0,0.0,0.32,0.425,0.0,0.165,0.0,0.0,0.0,0.0,176.5,55.0,187.5,77.5,207.0,82.0,211.0,98.0,7.5,0.0,3.5,1.0,143.5,32.5,161.0,56.0,19.5,11.0,20.5,16.0,13.5,11.5,6.0,5.5,154.5,40.0,167.5,65.0,19.5,12.5,20.0,12.5,2.5,2.5,0.0,0.0,181.5,153.5,900.0,6,0,0,2,0,0,2,0,0,0,0,0,0,0,172.72,177.8,155.0,0.046875,0.25,0.316171875,0.385234375,0.62875,0.07890625,0.484375,0.1171875,0.0625,0.578125,61.5703125,22.1953125,63.453125,24.03125,76.9296875,32.7890625,78.140625,36.15625,1.78125,1.234375,1.484375,0.3203125,54.2265625,18.515625,52.0546875,16.4921875,6.6484375,3.1796875,5.546875,3.6875,0.6953125,0.5,5.8515625,3.8515625,41.328125,12.1875,49.9296875,17.5625,13.4296875,6.2578125,7.4609375,2.515625,6.8125,3.75,6.0625,3.953125,92.4375,122.0703125,465.8671875,17,0,0,1,2,3,5,0,0,1,0,1,1,0,172.72,180.34,155.0,26.0,30.0,0,0,0,0,0,0,1,0,0,0,0,0,0,0,0,0,0,1,0,0,1,0,0,0
Red,False,0.515625,0.0,0.5015624999999999,0.2940625,0.32578125,0.0478125,0.0,0.0,0.0,0.0,86.296875,38.1875,52.5625,16.609375,97.515625,47.453125,54.6875,18.328125,1.609375,0.5625,1.65625,0.265625,76.40625,29.28125,42.875,11.171875,3.328125,3.140625,3.875,1.046875,6.5625,5.765625,5.8125,4.390625,71.828125,28.421875,50.421875,15.6875,4.3125,3.25,1.953125,0.8125,10.15625,6.515625,0.1875,0.109375,60.390625,4.75,418.296875,15,0,3,0,3,6,1,0,0,0,3,3,0,0,193.04,203.2,240.0,0.62451171875,0.625,0.4514501953125,0.49220703125,0.26953125,0.1253125,0.5,0.5,0.0,0.0,122.35302734375,55.13623046875,158.29345703125,84.5966796875,135.13134765625,66.46728515625,262.70166015625,173.7548828125,0.921875,0.2890625,11.0126953125,2.39453125,101.62255859375,40.4345703125,132.7685546875,64.24560546875,18.875,13.10595703125,8.6533203125,7.5166015625,1.85546875,1.595703125,16.87158203125,12.83447265625,95.96240234375,39.26416015625,86.9462890625,35.55322265625,23.13134765625,13.205078125,56.22216796875,37.91845703125,3.25927734375,2.6669921875,15.125,11.125,32.94384765625,630.5419921875,1151.77099609375,29,4,9,0,9,10,2,0,0,0,2,8,0,0,193.04,195.58,238.0,32.0,30.0,0,0,0,0,1,0,0,0,0,0,0,0,0,0,0,1,0,0,0,0,1,0,0,0
Red,False,0.0,0.5,0.43,0.495,0.0,0.5800000000000001,1.0,0.5,0.0,0.0,50.0,25.5,58.0,30.0,61.0,35.5,82.5,51.0,0.5,0.0,7.0,4.5,30.5,9.5,41.0,16.5,14.0,11.0,6.5,3.5,5.5,5.0,10.5,10.0,27.0,8.5,32.0,10.0,13.5,10.5,10.0,9.0,9.5,6.5,16.0,11.0,22.5,353.0,567.0,4,0,0,2,0,0,2,0,0,0,0,0,0,0,182.88,182.88,155.0,0.0,0.0,0.33,0.39,0.37,0.33,2.0,0.0,0.0,0.0,121.0,41.0,156.0,61.0,152.0,69.0,180.0,84.0,8.0,3.0,6.0,2.0,100.0,29.0,133.0,46.0,13.0,8.0,5.0,3.0,8.0,4.0,18.0,12.0,100.0,28.0,116.0,38.0,12.0,7.0,13.0,7.0,9.0,6.0,27.0,16.0,211.0,215.0,900.0,3,0,0,1,0,0,1,0,0,0,0,0,0,0,175.26,175.26,155.0,33.0,26.0,0,0,0,0,0,0,1,0,0,0,0,0,0,0,0,1,0,0,0,0,1,0,0,0
Blue,False,0.015625,0.0,0.45,0.4275,0.25,0.2,0.148468017578125,0.098388671875,0.0,0.0,66.5,29.6875,64.31230545043945,27.34375,89.75,48.0,85.53125,44.41152191162109,2.0,0.75,2.0546875,0.75,51.1875,18.3359375,49.6123046875,16.280410766601562,7.5,5.07647705078125,7.5,5.0,4.5,3.625,4.984375,3.9375,48.6875,17.0,47.11572265625,16.5,5.75,3.75,5.3125,3.4375,5.0625,3.5,3.875,2.5,99.2119140625,94.125,638.5,0,0,0,0,0,0,0,0,0,0,0,0,0,0,182.88,182.88,170.0,0.0,1.0,0.59,0.52,0.3,0.0,2.0,0.0,0.0,0.0,37.0,22.0,67.0,35.0,73.0,50.0,163.0,119.0,10.0,3.0,0.0,0.0,31.0,17.0,63.0,31.0,5.0,4.0,4.0,4.0,1.0,1.0,0.0,0.0,17.0,6.0,26.0,11.0,5.0,4.0,2.0,1.0,15.0,12.0,39.0,23.0,389.0,303.0,900.0,3,0,1,0,1,1,0,0,0,1,0,0,0,0,175.26,182.88,155.0,25.0,29.0,0,0,0,0,0,0,1,0,0,0,0,0,0,0,0,0,0,1,0,0,1,0,0,0
Blue,False,0.0,0.0,0.11,0.66,0.0,0.0,3.0,0.0,0.0,0.0,9.0,1.0,18.0,12.0,9.0,1.0,67.0,51.0,2.0,0.0,0.0,0.0,8.0,0.0,17.0,11.0,1.0,1.0,1.0,1.0,0.0,0.0,0.0,0.0,8.0,0.0,5.0,3.0,1.0,1.0,1.0,1.0,0.0,0.0,12.0,8.0,21.0,113.0,214.0,1,0,0,1,0,0,1,0,0,0,0,0,0,0,165.1,165.1,135.0,0.0471682548522949,0.0,0.45,0.4217682266235352,0.25,0.19173828125,0.1875,0.125,0.0,0.0,69.5,30.5,66.984375,27.8466796875,94.0,48.544921875,88.50390625,44.75,2.0,0.8125,2.015625,0.6640625,54.0,19.01513671875,51.483436584472656,16.9437255859375,7.91796875,5.430633544921875,7.75,5.0625,4.780975341796875,3.9373779296875,4.8994140625,3.84375,51.025390625,18.400863647460938,50.515625,17.5,5.75,3.75,5.5,3.5,5.375,3.6875,4.0,2.65625,104.865234375,89.5,655.8441009521484,0,0,0,0,0,0,0,0,0,0,0,0,0,0,172.72,175.26,135.0,28.0,28.0,1,0,0,0,0,0,0,0,0,0,0,0,0,0,0,1,0,0,0,0,1,0,0,0
Red,False,0.0,0.25,0.215,0.44625,0.25,0.85375,1.0,0.125,0.125,0.125,30.25,7.625,74.0,35.0,38.625,14.875,89.625,47.125,3.25,1.5,1.875,1.5,24.5,3.75,63.5,27.5,4.25,3.125,7.75,5.625,1.5,0.75,2.75,1.875,24.125,4.125,38.125,12.875,3.0,1.875,7.125,3.0,3.125,1.625,28.75,19.125,80.375,318.375,602.625,8,0,1,0,1,2,2,0,0,0,0,0,2,0,170.18,180.34,135.0,0.0471682548522949,0.0,0.45,0.4217682266235352,0.25,0.19173828125,0.1875,0.125,0.0,0.0,69.5,30.5,66.984375,27.8466796875,94.0,48.544921875,88.50390625,44.75,2.0,0.8125,2.015625,0.6640625,54.0,19.01513671875,51.483436584472656,16.9437255859375,7.91796875,5.430633544921875,7.75,5.0625,4.780975341796875,3.9373779296875,4.8994140625,3.84375,51.025390625,18.400863647460938,50.515625,17.5,5.75,3.75,5.5,3.5,5.375,3.6875,4.0,2.65625,104.865234375,89.5,655.8441009521484,0,0,0,0,0,0,0,0,0,0,0,0,0,0,162.56,162.56,135.0,25.0,27.0,1,0,0,0,0,0,0,0,0,0,0,0,0,0,0,1,0,0,0,0,1,0,0,0
Red,False,0.015625,0.0,0.45,0.4275,0.25,0.2,0.148468017578125,0.098388671875,0.0,0.0,66.5,29.6875,64.31230545043945,27.34375,89.75,48.0,85.53125,44.41152191162109,2.0,0.75,2.0546875,0.75,51.1875,18.3359375,49.6123046875,16.280410766601562,7.5,5.07647705078125,7.5,5.0,4.5,3.625,4.984375,3.9375,48.6875,17.0,47.11572265625,16.5,5.75,3.75,5.3125,3.4375,5.0625,3.5,3.875,2.5,99.2119140625,94.125,638.5,0,0,0,0,0,0,0,0,0,0,0,0,0,0,162.56,162.56,115.0,0.0471682548522949,0.0,0.45,0.4217682266235352,0.25,0.19173828125,0.1875,0.125,0.0,0.0,69.5,30.5,66.984375,27.8466796875,94.0,48.544921875,88.50390625,44.75,2.0,0.8125,2.015625,0.6640625,54.0,19.01513671875,51.483436584472656,16.9437255859375,7.91796875,5.430633544921875,7.75,5.0625,4.780975341796875,3.9373779296875,4.8994140625,3.84375,51.025390625,18.400863647460938,50.515625,17.5,5.75,3.75,5.5,3.5,5.375,3.6875,4.0,2.65625,104.865234375,89.5,655.8441009521484,0,0,0,0,0,0,0,0,0,0,0,0,0,0,162.56,165.1,115.0,32.0,30.0,0,0,0,0,0,0,0,0,0,0,0,0,0,1,0,1,0,0,0,0,1,0,0,0
Blue,False,0.125,0.0,0.415,0.34875,0.0,0.0625,1.0,0.25,0.0,0.0,45.0,20.375,36.125,14.0,48.5,23.875,37.5,15.375,0.0,0.0,3.0,0.125,31.5,11.625,25.375,7.625,11.625,7.375,7.375,3.25,1.875,1.375,3.375,3.125,39.375,15.75,30.875,11.125,5.25,4.25,5.25,2.875,0.375,0.375,0.0,0.0,26.0,78.875,296.375,5,0,0,3,1,1,3,0,0,0,0,0,1,0,177.8,190.5,155.0,0.625,0.125,0.32625,0.37125,0.0,0.0875,0.75,0.25,0.0,0.0,96.0,33.125,86.25,31.75,102.875,38.625,102.375,44.75,0.0,0.0,5.75,0.875,87.125,27.375,61.5,17.875,5.375,2.875,13.625,6.5,3.5,2.875,11.125,7.375,84.25,25.75,71.5,23.125,7.125,4.0,12.25,7.375,4.625,3.375,2.5,1.25,32.75,127.625,605.875,9,0,1,0,2,3,1,0,0,0,1,2,0,0,177.8,182.88,155.0,27.0,29.0,0,0,0,0,0,0,1,0,0,0,0,0,0,0,0,1,0,0,0,0,1,0,0,0
Blue,False,0.00390625,0.0625,0.537626953125,0.425087890625,0.45716796875,0.5696484374999999,1.7021484375,0.04296875,0.0078125,0.0,49.6279296875,24.52734375,48.375,22.6162109375,68.873046875,40.7529296875,68.2138671875,40.064453125,5.2216796875,2.365234375,3.21875,2.0419921875,34.3017578125,11.7685546875,38.35546875,15.40625,11.4150390625,9.2626953125,8.669921875,6.1611328125,3.9111328125,3.49609375,1.349609375,1.048828125,30.0205078125,8.580078125,36.0126953125,15.0693359375,13.3779296875,10.17578125,4.4638671875,2.91796875,6.2294921875,5.771484375,7.8984375,4.62890625,169.734375,286.953125,618.5546875,20,0,2,0,2,6,5,0,0,0,0,0,6,0,177.8,187.96,155.0,0.1289443969726562,0.03173828125,0.4046236038208008,0.298687973022461,0.4186933898925781,0.0114215850830078,0.0781707763671875,1.0676040649414062,0.0079498291015625,8.7738037109375e-05,152.65382766723633,47.30841445922852,155.03611755371094,52.47957992553711,161.0106964111328,55.52449035644531,167.16631317138672,63.85276794433594,5.0592193603515625,1.6734466552734375,2.409698486328125,0.0672798156738281,123.7722282409668,29.598388671875,124.3178482055664,33.89766311645508,10.65740203857422,6.507148742675781,13.299072265625,6.757987976074219,18.224197387695312,11.202877044677734,17.41919708251953,11.823928833007812,145.58754348754883,43.90640258789063,151.7718734741211,49.46768951416016,3.863693237304688,1.225372314453125,3.126007080078125,2.9449005126953125,3.2025909423828125,2.1766395568847656,0.1382369995117187,0.0669898986816406,151.71831893920898,31.205020904541016,1067.4800872802734,50,0,0,1,3,10,9,0,0,1,4,4,0,1,175.26,180.34,145.0,25.0,28.0,0,0,1,0,0,0,0,0,0,0,0,0,0,0,0,1,0,0,0,0,1,0,0,0
Red,False,0.015625,0.0,0.45,0.4275,0.25,0.2,0.148468017578125,0.098388671875,0.0,0.0,66.5,29.6875,64.31230545043945,27.34375,89.75,48.0,85.53125,44.41152191162109,2.0,0.75,2.0546875,0.75,51.1875,18.3359375,49.6123046875,16.280410766601562,7.5,5.07647705078125,7.5,5.0,4.5,3.625,4.984375,3.9375,48.6875,17.0,47.11572265625,16.5,5.75,3.75,5.3125,3.4375,5.0625,3.5,3.875,2.5,99.2119140625,94.125,638.5,0,0,0,0,0,0,0,0,0,0,0,0,0,0,162.56,160.02,115.0,0.0471682548522949,0.0,0.45,0.4217682266235352,0.25,0.19173828125,0.1875,0.125,0.0,0.0,69.5,30.5,66.984375,27.8466796875,94.0,48.544921875,88.50390625,44.75,2.0,0.8125,2.015625,0.6640625,54.0,19.01513671875,51.483436584472656,16.9437255859375,7.91796875,5.430633544921875,7.75,5.0625,4.780975341796875,3.9373779296875,4.8994140625,3.84375,51.025390625,18.400863647460938,50.515625,17.5,5.75,3.75,5.5,3.5,5.375,3.6875,4.0,2.65625,104.865234375,89.5,655.8441009521484,0,0,0,0,0,0,0,0,0,0,0,0,0,0,165.1,170.18,115.0,29.0,31.0,0,0,0,0,0,0,0,0,0,0,0,0,0,1,0,1,0,0,0,0,1,0,0,0
Red,True,0.015625,0.0,0.45,0.4275,0.25,0.2,0.148468017578125,0.098388671875,0.0,0.0,66.5,29.6875,64.31230545043945,27.34375,89.75,48.0,85.53125,44.41152191162109,2.0,0.75,2.0546875,0.75,51.1875,18.3359375,49.6123046875,16.280410766601562,7.5,5.07647705078125,7.5,5.0,4.5,3.625,4.984375,3.9375,48.6875,17.0,47.11572265625,16.5,5.75,3.75,5.3125,3.4375,5.0625,3.5,3.875,2.5,99.2119140625,94.125,638.5,0,0,0,0,0,0,0,0,0,0,0,0,0,0,165.1,165.1,115.0,0.0471682548522949,0.0,0.45,0.4217682266235352,0.25,0.19173828125,0.1875,0.125,0.0,0.0,69.5,30.5,66.984375,27.8466796875,94.0,48.544921875,88.50390625,44.75,2.0,0.8125,2.015625,0.6640625,54.0,19.01513671875,51.483436584472656,16.9437255859375,7.91796875,5.430633544921875,7.75,5.0625,4.780975341796875,3.9373779296875,4.8994140625,3.84375,51.025390625,18.400863647460938,50.515625,17.5,5.75,3.75,5.5,3.5,5.375,3.6875,4.0,2.65625,104.865234375,89.5,655.8441009521484,0,0,0,0,0,0,0,0,0,0,0,0,0,0,154.94,160.02,115.0,22.0,27.0,0,0,0,0,0,0,0,0,0,0,0,0,0,1,0,1,0,0,0,0,1,0,0,0
Blue,False,0.015625,0.0,0.45,0.4275,0.25,0.2,0.148468017578125,0.098388671875,0.0,0.0,66.5,29.6875,64.31230545043945,27.34375,89.75,48.0,85.53125,44.41152191162109,2.0,0.75,2.0546875,0.75,51.1875,18.3359375,49.6123046875,16.280410766601562,7.5,5.07647705078125,7.5,5.0,4.5,3.625,4.984375,3.9375,48.6875,17.0,47.11572265625,16.5,5.75,3.75,5.3125,3.4375,5.0625,3.5,3.875,2.5,99.2119140625,94.125,638.5,0,0,0,0,0,0,0,0,0,0,0,0,0,0,167.64,162.56,115.0,0.0471682548522949,0.0,0.45,0.4217682266235352,0.25,0.19173828125,0.1875,0.125,0.0,0.0,69.5,30.5,66.984375,27.8466796875,94.0,48.544921875,88.50390625,44.75,2.0,0.8125,2.015625,0.6640625,54.0,19.01513671875,51.483436584472656,16.9437255859375,7.91796875,5.430633544921875,7.75,5.0625,4.780975341796875,3.9373779296875,4.8994140625,3.84375,51.025390625,18.400863647460938,50.515625,17.5,5.75,3.75,5.5,3.5,5.375,3.6875,4.0,2.65625,104.865234375,89.5,655.8441009521484,0,0,0,0,0,0,0,0,0,0,0,0,0,0,167.64,162.56,125.0,34.0,25.0,0,0,0,0,0,0,0,0,0,0,0,0,0,1,0,1,0,0,0,0,1,0,0,0
Red,False,0.015625,0.0,0.45,0.4275,0.25,0.2,0.148468017578125,0.098388671875,0.0,0.0,66.5,29.6875,64.31230545043945,27.34375,89.75,48.0,85.53125,44.41152191162109,2.0,0.75,2.0546875,0.75,51.1875,18.3359375,49.6123046875,16.280410766601562,7.5,5.07647705078125,7.5,5.0,4.5,3.625,4.984375,3.9375,48.6875,17.0,47.11572265625,16.5,5.75,3.75,5.3125,3.4375,5.0625,3.5,3.875,2.5,99.2119140625,94.125,638.5,0,0,0,0,0,0,0,0,0,0,0,0,0,0,157.48000000000002,157.48,115.0,0.0471682548522949,0.0,0.45,0.4217682266235352,0.25,0.19173828125,0.1875,0.125,0.0,0.0,69.5,30.5,66.984375,27.8466796875,94.0,48.544921875,88.50390625,44.75,2.0,0.8125,2.015625,0.6640625,54.0,19.01513671875,51.483436584472656,16.9437255859375,7.91796875,5.430633544921875,7.75,5.0625,4.780975341796875,3.9373779296875,4.8994140625,3.84375,51.025390625,18.400863647460938,50.515625,17.5,5.75,3.75,5.5,3.5,5.375,3.6875,4.0,2.65625,104.865234375,89.5,655.8441009521484,0,0,0,0,0,0,0,0,0,0,0,0,0,0,167.64,165.1,125.0,27.0,28.0,0,0,0,0,0,0,0,0,0,0,0,0,0,1,0,0,0,1,0,0,1,0,0,0
Red,False,0.015625,0.0,0.45,0.4275,0.25,0.2,0.148468017578125,0.098388671875,0.0,0.0,66.5,29.6875,64.31230545043945,27.34375,89.75,48.0,85.53125,44.41152191162109,2.0,0.75,2.0546875,0.75,51.1875,18.3359375,49.6123046875,16.280410766601562,7.5,5.07647705078125,7.5,5.0,4.5,3.625,4.984375,3.9375,48.6875,17.0,47.11572265625,16.5,5.75,3.75,5.3125,3.4375,5.0625,3.5,3.875,2.5,99.2119140625,94.125,638.5,0,0,0,0,0,0,0,0,0,0,0,0,0,0,160.02,160.02,115.0,0.0471682548522949,0.0,0.45,0.4217682266235352,0.25,0.19173828125,0.1875,0.125,0.0,0.0,69.5,30.5,66.984375,27.8466796875,94.0,48.544921875,88.50390625,44.75,2.0,0.8125,2.015625,0.6640625,54.0,19.01513671875,51.483436584472656,16.9437255859375,7.91796875,5.430633544921875,7.75,5.0625,4.780975341796875,3.9373779296875,4.8994140625,3.84375,51.025390625,18.400863647460938,50.515625,17.5,5.75,3.75,5.5,3.5,5.375,3.6875,4.0,2.65625,104.865234375,89.5,655.8441009521484,0,0,0,0,0,0,0,0,0,0,0,0,0,0,157.48000000000002,162.56,115.0,36.0,26.0,0,0,0,0,0,0,0,0,0,0,0,0,0,1,0,0,0,1,0,0,1,0,0,0
Red,False,0.015625,0.0,0.45,0.4275,0.25,0.2,0.148468017578125,0.098388671875,0.0,0.0,66.5,29.6875,64.31230545043945,27.34375,89.75,48.0,85.53125,44.41152191162109,2.0,0.75,2.0546875,0.75,51.1875,18.3359375,49.6123046875,16.280410766601562,7.5,5.07647705078125,7.5,5.0,4.5,3.625,4.984375,3.9375,48.6875,17.0,47.11572265625,16.5,5.75,3.75,5.3125,3.4375,5.0625,3.5,3.875,2.5,99.2119140625,94.125,638.5,0,0,0,0,0,0,0,0,0,0,0,0,0,0,154.94,165.1,115.0,0.0471682548522949,0.0,0.45,0.4217682266235352,0.25,0.19173828125,0.1875,0.125,0.0,0.0,69.5,30.5,66.984375,27.8466796875,94.0,48.544921875,88.50390625,44.75,2.0,0.8125,2.015625,0.6640625,54.0,19.01513671875,51.483436584472656,16.9437255859375,7.91796875,5.430633544921875,7.75,5.0625,4.780975341796875,3.9373779296875,4.8994140625,3.84375,51.025390625,18.400863647460938,50.515625,17.5,5.75,3.75,5.5,3.5,5.375,3.6875,4.0,2.65625,104.865234375,89.5,655.8441009521484,0,0,0,0,0,0,0,0,0,0,0,0,0,0,154.94,152.4,115.0,31.0,25.0,0,0,0,0,0,0,0,0,0,0,0,0,0,1,0,1,0,0,0,0,1,0,0,0
Blue,False,0.015625,0.0,0.45,0.4275,0.25,0.2,0.148468017578125,0.098388671875,0.0,0.0,66.5,29.6875,64.31230545043945,27.34375,89.75,48.0,85.53125,44.41152191162109,2.0,0.75,2.0546875,0.75,51.1875,18.3359375,49.6123046875,16.280410766601562,7.5,5.07647705078125,7.5,5.0,4.5,3.625,4.984375,3.9375,48.6875,17.0,47.11572265625,16.5,5.75,3.75,5.3125,3.4375,5.0625,3.5,3.875,2.5,99.2119140625,94.125,638.5,0,0,0,0,0,0,0,0,0,0,0,0,0,0,160.02,162.56,115.0,0.0471682548522949,0.0,0.45,0.4217682266235352,0.25,0.19173828125,0.1875,0.125,0.0,0.0,69.5,30.5,66.984375,27.8466796875,94.0,48.544921875,88.50390625,44.75,2.0,0.8125,2.015625,0.6640625,54.0,19.01513671875,51.483436584472656,16.9437255859375,7.91796875,5.430633544921875,7.75,5.0625,4.780975341796875,3.9373779296875,4.8994140625,3.84375,51.025390625,18.400863647460938,50.515625,17.5,5.75,3.75,5.5,3.5,5.375,3.6875,4.0,2.65625,104.865234375,89.5,655.8441009521484,0,0,0,0,0,0,0,0,0,0,0,0,0,0,160.02,160.02,115.0,29.0,33.0,0,0,0,0,0,0,0,0,0,0,0,0,0,1,0,1,0,0,0,0,1,0,0,0
Red,False,0.015625,0.0,0.45,0.4275,0.25,0.2,0.148468017578125,0.098388671875,0.0,0.0,66.5,29.6875,64.31230545043945,27.34375,89.75,48.0,85.53125,44.41152191162109,2.0,0.75,2.0546875,0.75,51.1875,18.3359375,49.6123046875,16.280410766601562,7.5,5.07647705078125,7.5,5.0,4.5,3.625,4.984375,3.9375,48.6875,17.0,47.11572265625,16.5,5.75,3.75,5.3125,3.4375,5.0625,3.5,3.875,2.5,99.2119140625,94.125,638.5,0,0,0,0,0,0,0,0,0,0,0,0,0,0,180.34,180.34,185.0,0.0,0.0,0.64,0.2,1.0,0.0,0.0,0.0,0.0,0.0,37.0,24.0,10.0,2.0,45.0,28.0,10.0,2.0,2.0,2.0,0.0,0.0,33.0,22.0,8.0,1.0,3.0,2.0,1.0,1.0,1.0,0.0,1.0,0.0,14.0,9.0,9.0,2.0,13.0,7.0,1.0,0.0,10.0,8.0,0.0,0.0,19.0,0.0,61.0,1,1,1,0,1,1,0,0,0,0,0,1,0,0,190.5,200.66,205.0,27.0,25.0,0,0,0,0,0,1,0,0,0,0,0,0,0,0,0,1,0,0,0,0,1,0,0,0
Red,False,0.0,0.0,0.675,0.395,0.415,0.125,0.0,0.5,0.0,0.0,39.0,33.0,25.5,10.0,50.5,44.0,35.5,18.5,3.5,2.5,3.5,0.5,9.0,3.5,20.5,6.5,27.0,27.0,3.0,2.5,3.0,2.5,2.0,1.0,9.0,4.5,22.5,7.5,3.5,3.0,3.0,2.5,26.5,25.5,0.0,0.0,183.5,21.5,347.5,3,0,0,1,1,1,1,0,0,0,0,1,0,0,195.58,193.04,260.0,0.75,0.25,0.5900000000000001,0.3425,0.0,0.5,0.0,0.0,0.0,0.0,62.25,23.75,17.75,7.0,63.5,25.0,20.5,9.75,0.0,0.0,2.75,0.5,56.0,18.75,17.25,7.0,5.5,4.25,0.5,0.0,0.75,0.75,0.0,0.0,54.0,18.75,13.75,3.5,7.25,4.25,4.0,3.5,1.0,0.75,0.0,0.0,17.75,27.75,252.5,5,0,1,0,1,2,1,0,0,0,0,2,0,0,190.5,198.12,260.0,34.0,28.0,0,0,0,0,1,0,0,0,0,0,0,0,0,0,0,1,0,0,0,0,1,0,0,0
Red,False,0.5625,0.0,0.3975,0.374375,0.4575,0.160625,0.125,1.0,0.0,0.0,77.4375,30.25,72.75,27.625,87.25,39.625,90.1875,38.9375,3.25,1.5,3.1875,1.9375,67.8125,22.875,65.4375,22.9375,7.8125,5.5625,3.6875,2.25,1.8125,1.8125,3.625,2.4375,54.1875,14.4375,49.0625,14.5625,15.0625,8.625,19.625,10.625,8.1875,7.1875,4.0625,2.4375,67.0,157.1875,489.125,11,0,1,0,2,3,2,0,0,0,0,3,0,0,172.72,177.8,155.0,0.265625,0.0625,0.359375,0.3310937499999999,0.1665625,0.125,0.90625,0.5,0.5,0.75,78.75,27.15625,82.28125,23.453125,104.8125,52.0625,87.296875,27.21875,0.640625,0.3125,4.46875,1.0,65.078125,17.390625,73.421875,18.953125,3.53125,2.609375,6.5,2.8125,10.140625,7.15625,2.359375,1.6875,75.71875,25.921875,76.890625,22.265625,2.3125,0.53125,0.390625,0.1875,0.71875,0.703125,5.0,1.0,16.375,292.53125,618.21875,13,1,3,0,3,6,1,0,0,1,1,2,1,1,180.34,193.04,155.0,31.0,30.0,0,0,0,0,0,0,1,0,0,0,0,0,0,0,0,1,0,0,0,0,1,0,0,0
Red,True,0.0,0.5,0.3,0.315,1.0,0.08,0.0,1.0,0.0,0.0,220.5,69.5,171.0,55.0,228.5,77.0,183.5,67.0,1.0,1.0,5.0,0.5,193.5,49.5,127.5,24.0,16.0,12.5,24.5,15.0,11.0,7.5,19.0,16.0,205.0,60.5,161.5,49.5,13.0,7.5,7.5,4.5,2.5,1.5,2.0,1.0,42.5,68.0,1200.0,8,1,0,1,1,1,1,0,0,0,1,0,0,0,175.26,185.42,145.0,0.375,0.0,0.540625,0.463125,0.04125,0.061875,0.5625,0.0,0.0,0.125,23.625,12.3125,19.0,8.75,30.3125,18.8125,35.5,22.0,0.5625,0.375,2.5,0.5,16.9375,7.0625,12.25,2.8125,5.375,4.0625,2.5,2.1875,1.3125,1.1875,4.25,3.75,21.9375,10.9375,13.625,4.375,0.5,0.375,3.5,3.4375,1.1875,1.0,1.875,0.9375,29.0,146.125,301.875,9,1,0,1,4,4,1,0,0,1,0,2,1,0,177.8,182.88,155.0,32.0,27.0,0,0,0,0,0,0,1,0,0,0,0,0,0,0,0,1,0,0,0,0,1,0,0,0
Blue,False,1.0,0.0,0.58,0.63,0.0,0.0,0.0,2.0,0.0,0.0,62.0,36.0,22.0,14.0,83.0,55.0,76.0,64.0,0.0,0.0,1.0,0.0,33.0,13.0,15.0,9.0,27.0,21.0,7.0,5.0,2.0,2.0,0.0,0.0,3.0,1.0,3.0,0.0,47.0,30.0,3.0,3.0,12.0,5.0,16.0,11.0,137.0,193.0,437.0,2,0,1,0,1,1,0,0,0,0,0,1,0,0,190.5,200.66,185.0,1.0,0.0,0.52,0.5,0.0,0.0,0.0,0.0,0.0,0.0,42.0,22.0,10.0,5.0,42.0,22.0,10.0,5.0,0.0,0.0,0.0,0.0,42.0,22.0,9.0,4.0,0.0,0.0,0.0,0.0,0.0,0.0,1.0,1.0,19.0,6.0,10.0,5.0,2.0,1.0,0.0,0.0,21.0,15.0,0.0,0.0,18.0,0.0,71.0,1,1,1,0,1,1,0,0,0,0,0,1,0,0,182.88,193.04,185.0,26.0,31.0,0,0,0,0,0,0,0,1,0,0,0,0,0,0,0,1,0,0,0,0,1,0,0,0
Red,False,0.029296875,0.095703125,0.412109375,0.4039648437499999,0.4353125,0.1259765625,0.375,0.0078125,0.125,0.0,60.90625,22.806640625,40.474609375,13.859375,95.986328125,48.79296875,76.7265625,45.158203125,3.8828125,1.4375,0.7109375,0.126953125,54.0390625,18.392578125,30.603515625,7.37109375,6.5078125,4.3671875,5.0859375,3.375,0.359375,0.046875,4.78515625,3.11328125,36.310546875,12.24609375,31.87109375,8.388671875,5.7890625,2.78515625,5.615234375,3.109375,18.806640625,7.775390625,2.98828125,2.361328125,207.228515625,104.41015625,654.98046875,18,1,0,1,4,6,4,0,0,0,2,3,1,0,193.04,198.12,245.0,0.193359375,0.28125,0.4954296875,0.6526757812499999,0.0208203125,0.165,0.017578125,0.015625,0.0,0.00390625,88.568359375,36.123046875,109.50390625,67.7421875,97.375,44.9140625,138.78125,94.486328125,0.564453125,0.046875,3.56640625,1.0,70.921875,22.802734375,84.4765625,44.525390625,12.123046875,9.447265625,14.8984375,13.140625,5.5234375,3.873046875,10.12890625,10.076171875,78.52734375,26.86328125,96.916015625,58.580078125,3.5546875,2.873046875,9.181640625,6.662109375,6.486328125,6.38671875,3.40625,2.5,29.6015625,177.521484375,819.53515625,18,0,1,0,3,7,3,0,0,0,1,5,1,0,198.12,200.66,255.0,31.0,32.0,0,0,0,0,1,0,0,0,0,0,0,0,0,0,0,1,0,0,0,0,1,0,0,0
Red,False,0.46875,0.625,0.405625,0.289375,0.5,0.209375,0.59375,0.0625,0.0,0.0,97.65625,39.6875,106.40625,29.84375,113.6875,55.25,133.78125,50.84375,2.53125,1.75,3.15625,0.53125,83.6875,28.625,96.09375,23.5625,6.40625,4.875,6.15625,3.59375,7.5625,6.1875,4.15625,2.6875,83.78125,31.15625,84.1875,17.96875,8.40625,5.40625,5.0625,2.46875,5.46875,3.125,17.15625,9.40625,45.84375,311.4375,696.71875,14,0,0,1,2,3,3,0,0,0,1,2,0,0,172.72,177.8,135.0,0.12890625,0.25,0.47880859375,0.3965234374999999,0.3427734375,0.08435546875,0.73828125,0.0625,0.01953125,0.001953125,45.08203125,22.974609375,47.306640625,19.115234375,67.642578125,43.123046875,63.751953125,33.30859375,7.33203125,3.009765625,0.296875,0.119140625,36.1328125,17.142578125,36.44921875,11.3359375,6.888671875,4.10546875,5.87890625,3.46484375,2.060546875,1.7265625,4.978515625,4.314453125,27.439453125,10.55078125,34.759765625,13.150390625,6.705078125,3.98828125,7.962890625,4.587890625,10.9375,8.435546875,4.583984375,1.376953125,277.478515625,33.4375,565.44921875,29,3,1,0,4,7,3,0,0,0,2,0,5,0,167.64,170.18,135.0,33.0,35.0,1,0,0,0,0,0,0,0,0,0,0,0,0,0,0,1,0,0,0,0,1,0,0,0
Blue,True,0.3466796875,0.00390625,0.42320556640625,0.33571044921875,0.54193115234375,0.36441650390625,0.0,0.072509765625,0.314453125,0.0,188.75146484375,79.69970703125,201.626708984375,70.8994140625,196.5908203125,87.3203125,209.966796875,78.576904296875,1.301025390625,1.048583984375,6.47705078125,2.034423828125,172.87939453125,66.36767578125,160.531494140625,43.5068359375,12.584716796875,10.420166015625,23.658203125,16.0537109375,3.287353515625,2.911865234375,17.43701171875,11.3388671875,168.08251953125,66.756103515625,186.521240234375,58.726806640625,10.513671875,6.70263671875,12.8232421875,10.891357421875,10.1552734375,6.240966796875,2.2822265625,1.28125,148.368896484375,92.4560546875,1209.253173828125,33,1,3,0,3,9,4,0,0,1,3,5,0,0,180.34,187.96,170.0,0.084228515625,0.0,0.41979248046875,0.38986083984375,0.3380712890625,0.14388671875,0.0029296875,0.251953125,0.0,0.0,261.2880859375,106.50048828125,243.069580078125,106.9853515625,296.828125,140.835693359375,263.34521484375,126.67724609375,8.14306640625,3.087646484375,1.61328125,0.795166015625,223.323974609375,74.681396484375,212.211669921875,86.480224609375,7.607177734375,4.70458984375,18.4267578125,10.70166015625,30.35693359375,27.114501953125,12.43115234375,9.803466796875,233.67822265625,85.77734375,229.66357421875,99.01123046875,24.745849609375,17.988037109375,12.068115234375,6.66748046875,2.864013671875,2.735107421875,1.337890625,1.306640625,273.1025390625,54.5361328125,1278.845947265625,34,2,4,0,6,11,2,0,1,2,3,5,0,0,175.26,175.26,185.0,32.0,31.0,0,0,0,0,0,0,0,0,0,1,0,0,0,0,0,0,0,1,0,0,0,0,1,0
Red,False,0.015625,0.0,0.45,0.4275,0.25,0.2,0.148468017578125,0.098388671875,0.0,0.0,66.5,29.6875,64.31230545043945,27.34375,89.75,48.0,85.53125,44.41152191162109,2.0,0.75,2.0546875,0.75,51.1875,18.3359375,49.6123046875,16.280410766601562,7.5,5.07647705078125,7.5,5.0,4.5,3.625,4.984375,3.9375,48.6875,17.0,47.11572265625,16.5,5.75,3.75,5.3125,3.4375,5.0625,3.5,3.875,2.5,99.2119140625,94.125,638.5,0,0,0,0,0,0,0,0,0,0,0,0,0,0,172.72,170.18,135.0,0.0,0.0,0.5449999999999999,0.31,0.8300000000000001,0.185,1.5,0.0,0.0,0.0,150.0,81.0,176.0,54.0,156.0,86.5,201.5,76.5,2.0,1.5,7.5,1.5,119.5,54.0,144.0,34.5,19.5,16.5,24.5,13.5,11.0,10.5,7.5,6.0,103.5,46.0,144.0,36.5,30.0,22.0,30.5,17.0,16.5,13.0,1.5,0.5,181.0,240.5,900.0,6,0,1,0,1,1,1,0,0,0,1,0,0,0,170.18,170.18,135.0,27.0,26.0,0,0,0,0,0,0,0,0,0,0,1,0,0,0,0,1,0,0,0,0,1,0,0,0
Red,False,0.0,0.0,0.44,0.625,0.33,0.5,0.0,0.5,0.0,0.0,63.5,35.0,48.5,31.0,99.5,63.5,162.5,128.5,4.5,3.0,1.5,1.0,53.0,26.5,39.0,23.0,6.5,4.5,8.0,6.5,4.0,4.0,1.5,1.5,20.0,5.5,30.0,15.0,15.0,11.5,10.0,9.5,28.5,18.0,8.5,6.5,395.5,15.5,533.5,4,0,0,1,1,1,1,0,0,0,1,0,0,0,177.8,177.8,135.0,0.0,0.25,0.3975,0.375,0.25,0.455,0.75,0.25,0.25,0.25,155.0,59.5,121.0,45.0,162.0,65.5,135.25,55.75,1.5,0.75,5.25,1.75,121.0,36.5,93.75,27.0,19.5,10.25,18.25,10.75,14.5,12.75,9.0,7.25,151.75,57.25,114.75,41.5,2.5,1.75,1.75,1.0,0.75,0.5,4.5,2.5,36.0,146.75,894.75,9,0,1,0,1,2,1,0,0,0,2,0,0,0,167.64,175.26,125.0,27.0,21.0,1,0,0,0,0,0,0,0,0,0,0,0,0,0,0,0,0,1,0,0,1,0,0,0
Blue,False,0.0,0.0,0.33,0.6,0.1,0.0,0.0,0.0,1.0,0.0,209.0,70.0,204.0,124.0,213.0,73.0,219.0,137.0,10.0,1.0,0.0,0.0,155.0,38.0,170.0,95.0,31.0,16.0,29.0,26.0,23.0,16.0,5.0,3.0,181.0,52.0,143.0,70.0,21.0,14.0,17.0,14.0,7.0,4.0,44.0,40.0,109.0,154.0,827.0,3,0,0,1,0,0,1,0,0,0,0,0,0,0,180.34,185.42,145.0,0.5,0.5,0.46,0.4,0.0,0.0,0.0,0.0,0.0,0.0,94.5,31.0,81.5,31.5,94.5,31.0,81.5,31.5,0.0,0.0,0.5,0.0,68.5,16.0,66.5,20.5,25.0,14.0,8.5,5.5,1.0,1.0,6.5,5.5,90.5,27.5,80.0,30.0,1.0,0.5,0.0,0.0,3.0,3.0,1.5,1.5,1.5,8.0,408.0,4,0,1,0,1,1,1,0,0,0,0,1,0,0,182.88,180.34,155.0,21.0,26.0,0,0,1,0,0,0,0,0,0,0,0,0,0,0,0,1,0,0,0,0,0,0,1,0
Blue,False,0.0,0.0,0.13,0.58,0.0,0.6,0.0,1.0,0.0,0.0,22.0,3.0,55.0,32.0,23.0,4.0,73.0,49.0,0.0,0.0,5.0,3.0,21.0,3.0,51.0,29.0,0.0,0.0,3.0,2.0,1.0,0.0,1.0,1.0,22.0,3.0,16.0,5.0,0.0,0.0,3.0,2.0,0.0,0.0,36.0,25.0,0.0,235.0,448.0,2,0,0,1,0,0,1,0,0,0,0,0,0,0,190.5,190.5,185.0,0.25,0.0,0.315,0.3575,0.1875,0.185,0.25,0.0,0.0,0.0,165.25,52.25,129.375,45.375,166.375,53.375,135.25,48.75,0.875,0.25,3.0,0.75,128.5,34.875,105.625,31.625,23.375,11.875,6.375,3.125,13.375,5.5,17.375,10.625,156.75,46.875,121.25,41.375,5.875,4.125,6.125,3.5,2.625,1.25,2.0,0.5,26.25,47.625,682.5,9,0,3,0,3,3,1,0,0,0,1,1,1,0,198.12,195.58,185.0,31.0,26.0,0,0,0,0,0,0,0,1,0,0,0,0,0,0,0,0,0,1,0,0,1,0,0,0
Red,False,0.359375,0.0,0.4134375,0.27796875,0.40625,0.2696874999999999,0.015625,0.015625,0.0,0.25,156.765625,64.40625,173.984375,48.5,169.796875,76.5,190.28125,63.359375,0.578125,0.546875,6.515625,1.6875,123.1875,43.625,141.265625,28.453125,13.40625,7.734375,10.921875,6.5,20.171875,13.046875,21.796875,13.546875,146.21875,56.859375,166.1875,45.671875,3.03125,2.734375,4.8125,1.75,7.515625,4.8125,2.984375,1.078125,47.390625,185.859375,1089.53125,18,0,0,1,6,6,1,0,0,0,2,4,0,0,172.72,177.8,145.0,0.078125,0.0390625,0.4849346923828125,0.249444580078125,0.6598416137695313,0.0357647705078125,0.14208984375,0.4144287109375,0.003936767578125,0.0,174.8941650390625,81.26739501953125,120.12081909179688,33.7374267578125,222.25906372070312,125.33743286132812,151.410400390625,63.50460815429688,5.204193115234375,2.5721435546875,1.281341552734375,0.067108154296875,142.4532470703125,58.553619384765625,107.16943359375,26.29888916015625,19.576446533203125,12.554412841796877,7.75665283203125,3.82708740234375,12.864471435546877,10.15936279296875,5.194732666015625,3.6114501953125,126.14996337890624,45.705841064453125,114.71453857421876,31.052642822265625,3.43682861328125,2.117462158203125,4.32354736328125,1.836669921875,45.307373046875,33.444091796875,1.082733154296875,0.848114013671875,366.9204406738281,4.268402099609375,1020.6416931152344,58,7,3,0,5,11,5,0,0,0,7,3,1,0,167.64,172.72,135.0,31.0,33.0,0,0,1,0,0,0,0,0,0,0,0,0,0,0,0,1,0,0,0,0,1,0,0,0
Blue,False,0.0,0.0,0.45,0.42,0.25,0.0,1.0,0.0,0.0,0.0,22.0,10.0,14.0,6.0,26.0,13.0,14.0,6.0,4.0,1.0,1.0,0.0,18.0,6.0,13.0,5.0,4.0,4.0,1.0,1.0,0.0,0.0,0.0,0.0,18.0,7.0,12.0,5.0,4.0,3.0,2.0,1.0,0.0,0.0,0.0,0.0,42.0,17.0,138.0,1,0,1,0,1,1,0,0,0,0,0,0,1,0,187.96,203.2,240.0,0.0,0.5,0.6125,0.4475,0.4,0.0,0.0,0.0,0.0,0.0,68.0,38.25,34.0,12.5,163.75,123.25,61.5,38.0,3.75,1.5,2.75,0.0,44.75,18.0,25.75,7.25,12.5,10.25,6.5,4.0,10.75,10.0,1.75,1.25,33.0,9.25,28.5,8.25,14.0,12.0,2.75,1.75,21.0,17.0,2.75,2.5,601.25,23.25,900.0,9,0,3,0,3,3,0,0,0,0,3,0,0,0,187.96,190.5,265.0,37.0,28.0,0,0,0,0,1,0,0,0,0,0,0,0,0,0,0,1,0,0,0,0,1,0,0,0
Red,False,0.015625,0.0,0.45,0.4275,0.25,0.2,0.148468017578125,0.098388671875,0.0,0.0,66.5,29.6875,64.31230545043945,27.34375,89.75,48.0,85.53125,44.41152191162109,2.0,0.75,2.0546875,0.75,51.1875,18.3359375,49.6123046875,16.280410766601562,7.5,5.07647705078125,7.5,5.0,4.5,3.625,4.984375,3.9375,48.6875,17.0,47.11572265625,16.5,5.75,3.75,5.3125,3.4375,5.0625,3.5,3.875,2.5,99.2119140625,94.125,638.5,0,0,0,0,0,0,0,0,0,0,0,0,0,0,185.42,185.42,265.0,0.0,0.0,0.4,0.3,0.0,0.11,0.0,0.0,0.0,0.0,117.0,47.0,84.0,26.0,121.0,51.0,120.0,46.0,0.0,0.0,9.0,1.0,103.0,36.0,77.0,20.0,6.0,5.0,7.0,6.0,8.0,6.0,0.0,0.0,114.0,45.0,65.0,14.0,2.0,1.0,11.0,7.0,1.0,1.0,8.0,5.0,5.0,190.0,900.0,3,0,1,0,1,1,0,0,0,0,1,0,0,0,190.5,198.12,242.0,32.0,27.0,0,0,0,0,1,0,0,0,0,0,0,0,0,0,0,1,0,0,0,0,1,0,0,0
Red,False,0.0,0.0,0.56,0.5525,0.36125,0.50625,0.0,2.375,1.25,0.25,75.375,42.25,47.125,25.75,136.5,97.125,59.5,37.5,6.625,2.25,7.0,4.0,48.25,19.25,31.625,15.0,22.375,19.625,7.875,4.875,4.75,3.375,7.625,5.875,37.375,11.5,31.375,12.875,18.375,15.25,10.875,8.25,19.625,15.5,4.875,4.625,398.25,257.0,887.375,12,0,1,0,2,3,1,0,0,2,0,1,0,0,165.1,165.1,125.0,0.2578125,0.25,0.3187890625,0.5921484375,0.0651953125,0.515625,0.5390625,0.0,0.5,0.0,45.3828125,14.6171875,25.05078125,13.97265625,48.984375,18.00390625,33.3828125,20.76171875,0.39453125,0.15234375,2.1640625,1.609375,34.0859375,7.6953125,17.9296875,8.4765625,6.98828125,3.76953125,3.82421875,2.828125,4.30859375,3.15234375,3.296875,2.66796875,41.6640625,13.1875,20.3671875,10.3125,1.88671875,0.49609375,3.296875,2.38671875,1.83203125,0.93359375,1.38671875,1.2734375,60.3203125,45.23046875,277.2734375,21,2,3,0,3,7,2,0,0,0,3,3,1,0,162.56,165.1,125.0,25.0,30.0,0,0,0,1,0,0,0,0,0,0,0,0,0,0,0,1,0,0,0,0,0,0,1,0
Blue,False,0.0,0.0,0.424375,0.315625,0.248125,0.5687500000000001,0.4375,1.375,0.625,0.6875,52.25,22.4375,67.3125,20.625,75.5,43.5,165.6875,103.9375,1.1875,0.6875,4.25,2.6875,46.1875,18.75,55.125,14.375,3.0,1.1875,9.75,5.0,3.0625,2.5,2.4375,1.25,42.125,16.5625,57.9375,15.5,0.875,0.75,2.8125,1.625,9.25,5.125,6.5625,3.5,222.125,440.5,888.125,15,0,1,0,1,2,3,0,0,0,2,0,0,0,167.64,167.64,125.0,0.0234375,0.2890625,0.2615625,0.4605468749999999,0.291875,0.235078125,0.2578125,0.265625,0.0625,0.0078125,114.6484375,32.296875,119.8515625,54.25,137.7265625,52.8984375,152.5234375,85.71875,7.6171875,1.40625,4.4765625,1.6953125,96.375,20.8671875,96.609375,38.1953125,11.421875,5.3125,18.8671875,12.2578125,6.8515625,6.1171875,4.375,3.796875,92.46875,20.5078125,98.3828125,38.4765625,15.9609375,10.0703125,17.515625,12.78125,6.21875,1.71875,3.953125,2.9921875,199.4765625,95.3515625,834.390625,18,0,0,1,2,4,4,0,0,1,1,1,1,0,167.64,172.72,135.0,29.0,36.0,0,0,0,1,0,0,0,0,0,0,0,0,0,0,0,1,0,0,0,0,1,0,0,0
Blue,False,0.734375,0.265625,0.527890625,0.43078125,0.00390625,0.03265625,0.125,0.626953125,0.0,0.0,46.7890625,22.177734375,40.267578125,17.1015625,47.169921875,22.27734375,42.62109375,18.93359375,0.13671875,0.0078125,2.42578125,0.173828125,30.396484375,9.6015625,37.328125,14.869140625,9.4140625,6.970703125,1.837890625,1.193359375,6.978515625,5.60546875,1.1015625,1.0390625,43.6796875,19.931640625,31.453125,12.4296875,1.072265625,1.05859375,1.158203125,0.1484375,2.037109375,1.1875,7.65625,4.5234375,9.958984375,30.8359375,299.74609375,21,0,4,0,4,8,2,0,1,1,1,5,0,0,180.34,190.5,145.0,0.125,0.0,0.46875,0.3037499999999999,0.25,0.09625,0.125,0.0,0.25,0.0,123.0,58.75,131.125,40.75,130.5,65.875,146.75,52.875,2.625,0.875,6.25,1.0,80.875,30.875,103.5,26.0,26.375,16.125,15.375,6.125,15.75,11.75,12.25,8.625,111.25,49.625,118.625,33.75,6.625,5.125,5.875,2.875,5.125,4.0,6.625,4.125,97.625,97.875,811.875,10,0,4,0,4,4,0,0,0,1,1,1,1,0,177.8,180.34,155.0,28.0,28.0,0,0,0,0,0,0,1,0,0,0,0,0,0,0,0,1,0,0,0,0,1,0,0,0
Red,False,0.0,0.25,0.4175,0.545,0.25,0.3325,0.0,0.0,0.0,0.5,178.75,77.75,182.0,99.75,250.75,147.0,212.5,126.5,1.25,0.5,1.75,1.25,137.5,45.5,138.0,65.0,27.25,20.5,33.5,25.75,14.0,11.75,10.5,9.0,159.25,64.5,158.75,80.75,17.75,11.5,15.75,13.75,1.75,1.75,7.5,5.25,69.0,328.5,900.0,9,0,1,0,1,1,2,0,0,1,0,0,0,0,172.72,177.8,155.0,0.0009765625,0.5040283203125,0.471942138671875,0.5584423828125,0.092064208984375,0.3722021484375,0.8232421875,0.155517578125,0.14306640625,0.007080078125,58.6328125,26.1246337890625,72.8118896484375,39.980712890625,66.2437744140625,32.19921875,103.6064453125,66.6116943359375,2.50048828125,0.630615234375,1.17919921875,0.594970703125,45.5196533203125,15.8056640625,58.4410400390625,27.8182373046875,5.3468017578125,3.5692138671875,12.242919921875,10.33349609375,7.766357421875,6.749755859375,2.1279296875,1.8289794921875,41.8570556640625,15.677001953125,45.8336181640625,20.40234375,10.6038818359375,6.9248046875,16.5599365234375,13.3311767578125,6.171875,3.5228271484375,10.4183349609375,6.2471923828125,94.1357421875,125.14013671875,414.09814453125,30,0,0,1,4,9,5,0,0,0,4,2,3,0,177.8,172.72,155.0,36.0,31.0,0,0,0,0,0,0,1,0,0,0,0,0,0,0,0,1,0,0,0,0,1,0,0,0
Red,False,0.0,0.0,0.47,0.38,0.33,0.0,0.0,0.0,0.0,0.0,105.0,50.0,127.0,49.0,148.0,87.0,178.0,97.0,6.0,2.0,4.0,0.0,96.0,42.0,100.0,31.0,7.0,6.0,15.0,9.0,2.0,2.0,12.0,9.0,103.0,49.0,115.0,37.0,2.0,1.0,7.0,7.0,0.0,0.0,5.0,5.0,255.0,179.0,900.0,3,0,1,0,1,1,0,0,0,0,1,0,0,0,167.64,167.64,155.0,0.5,0.0,0.17,0.195,0.0,0.45,0.5,0.0,0.5,0.0,110.5,38.5,116.5,45.5,113.5,41.5,119.0,48.0,0.5,0.0,6.0,2.5,94.5,25.5,95.0,32.0,9.5,7.5,13.0,7.5,6.5,5.5,8.5,6.0,105.0,34.0,105.5,39.5,5.5,4.5,11.0,6.0,0.0,0.0,0.0,0.0,20.0,40.0,479.0,4,0,2,0,2,2,0,0,0,0,1,0,1,0,190.5,193.04,155.0,30.0,27.0,0,0,0,0,0,0,1,0,0,0,0,0,0,0,0,0,0,1,0,0,1,0,0,0
Red,False,0.015625,0.0,0.45,0.4275,0.25,0.2,0.148468017578125,0.098388671875,0.0,0.0,66.5,29.6875,64.31230545043945,27.34375,89.75,48.0,85.53125,44.41152191162109,2.0,0.75,2.0546875,0.75,51.1875,18.3359375,49.6123046875,16.280410766601562,7.5,5.07647705078125,7.5,5.0,4.5,3.625,4.984375,3.9375,48.6875,17.0,47.11572265625,16.5,5.75,3.75,5.3125,3.4375,5.0625,3.5,3.875,2.5,99.2119140625,94.125,638.5,0,0,0,0,0,0,0,0,0,0,0,0,0,0,162.56,165.1,115.0,0.0471682548522949,0.0,0.45,0.4217682266235352,0.25,0.19173828125,0.1875,0.125,0.0,0.0,69.5,30.5,66.984375,27.8466796875,94.0,48.544921875,88.50390625,44.75,2.0,0.8125,2.015625,0.6640625,54.0,19.01513671875,51.483436584472656,16.9437255859375,7.91796875,5.430633544921875,7.75,5.0625,4.780975341796875,3.9373779296875,4.8994140625,3.84375,51.025390625,18.400863647460938,50.515625,17.5,5.75,3.75,5.5,3.5,5.375,3.6875,4.0,2.65625,104.865234375,89.5,655.8441009521484,0,0,0,0,0,0,0,0,0,0,0,0,0,0,162.56,165.1,115.0,23.0,20.0,0,0,0,0,0,0,0,0,0,0,0,0,0,1,0,1,0,0,0,0,1,0,0,0
Blue,False,0.0,0.0,0.41,0.38,1.0,0.0,0.0,0.0,0.0,0.0,73.0,30.0,163.0,62.0,73.0,30.0,195.0,88.0,2.0,2.0,0.0,0.0,46.0,9.0,102.0,20.0,18.0,16.0,19.0,8.0,9.0,5.0,42.0,34.0,68.0,26.0,127.0,38.0,2.0,1.0,35.0,24.0,3.0,3.0,1.0,0.0,10.0,205.0,900.0,3,0,0,1,0,0,1,0,0,0,0,0,0,0,177.8,180.34,155.0,0.0475387573242187,0.25390625,0.39662841796875,0.4083753013610839,0.5236786651611328,0.1964089775085449,0.0040225982666015,0.5184402465820312,8.0108642578125e-05,9.72747802734375e-05,76.22663688659668,29.346813201904297,110.801420211792,45.899539947509766,79.9815845489502,32.05247688293457,139.4231300354004,69.42305755615234,0.7750263214111328,0.5676288604736328,5.723056793212891,2.0215415954589844,56.32468986511231,14.433263778686523,75.41966819763184,21.674409866333008,12.72234344482422,8.268354415893555,27.185531616210938,18.436603546142575,7.179603576660156,6.645195007324219,8.196220397949219,5.78852653503418,70.63823127746582,25.069955825805664,86.54406356811523,29.972394943237305,5.35917854309082,4.082681655883789,11.474288940429688,6.657489776611328,0.229227066040039,0.1941757202148437,12.78306770324707,9.269655227661133,33.76460838317871,175.5280933380127,610.7044105529785,45,0,0,2,6,10,10,0,0,1,2,5,2,0,175.26,185.42,155.0,31.0,38.0,0,0,0,0,0,0,1,0,0,0,0,0,0,0,0,0,0,1,0,0,0,0,1,0
Blue,False,0.015625,0.0,0.45,0.4275,0.25,0.2,0.148468017578125,0.098388671875,0.0,0.0,66.5,29.6875,64.31230545043945,27.34375,89.75,48.0,85.53125,44.41152191162109,2.0,0.75,2.0546875,0.75,51.1875,18.3359375,49.6123046875,16.280410766601562,7.5,5.07647705078125,7.5,5.0,4.5,3.625,4.984375,3.9375,48.6875,17.0,47.11572265625,16.5,5.75,3.75,5.3125,3.4375,5.0625,3.5,3.875,2.5,99.2119140625,94.125,638.5,0,0,0,0,0,0,0,0,0,0,0,0,0,0,177.8,177.8,145.0,0.0,1.0,0.25,0.37,0.0,0.0,0.0,0.0,0.0,0.0,51.0,13.0,24.0,9.0,51.0,13.0,25.0,10.0,0.0,0.0,0.0,0.0,37.0,4.0,24.0,9.0,1.0,1.0,0.0,0.0,13.0,8.0,0.0,0.0,51.0,13.0,22.0,9.0,0.0,0.0,2.0,0.0,0.0,0.0,0.0,0.0,0.0,3.0,141.0,1,0,0,1,0,0,1,0,0,0,0,0,0,0,175.26,175.26,145.0,23.0,25.0,0,0,1,0,0,0,0,0,0,0,0,0,0,0,0,1,0,0,0,0,1,0,0,0
Red,True,0.8515625,0.5,0.423359375,0.4075,0.146875,0.209140625,0.015625,0.078125,0.0625,0.0625,109.1328125,49.484375,98.5390625,45.5234375,134.0859375,72.4609375,114.78125,58.4375,1.4453125,0.6015625,4.390625,0.6640625,101.2578125,43.625,80.3125,31.359375,4.65625,3.390625,10.0703125,7.5703125,3.21875,2.46875,8.15625,6.59375,101.8125,43.734375,83.9921875,36.7578125,3.8125,2.7890625,7.1640625,4.1640625,3.5078125,2.9609375,7.3828125,4.6015625,119.875,70.5546875,788.03125,20,0,0,1,4,5,3,0,0,0,1,4,0,0,177.8,182.88,265.0,0.125,0.0390625,0.67140625,0.360546875,0.2978125,0.005859375,0.25,0.0625,0.0,0.0,125.0546875,79.0234375,95.890625,36.3203125,159.28125,110.25,114.9296875,54.78125,3.65625,1.28125,0.78125,0.0234375,96.4296875,52.328125,77.8203125,22.859375,14.6484375,12.8125,12.046875,9.203125,13.9765625,13.8828125,6.0234375,4.2578125,112.59375,69.046875,85.765625,27.5859375,7.0234375,5.5546875,5.328125,3.9609375,5.4375,4.421875,4.796875,4.7734375,203.6640625,68.15625,958.421875,18,0,0,1,4,6,2,0,0,0,2,3,1,0,193.04,195.58,231.0,40.0,37.0,0,0,0,0,1,0,0,0,0,0,0,0,0,0,0,1,0,0,0,0,1,0,0,0
Red,False,0.7890625,0.0546875,0.41625,0.393828125,0.365,0.0103125,1.3515625,0.3828125,0.140625,0.0,123.7890625,51.796875,83.4375,33.078125,155.171875,77.6640625,100.953125,45.78125,9.453125,3.5859375,3.0078125,0.0390625,103.375,36.4609375,71.1171875,24.2109375,8.6875,5.8125,7.328125,5.46875,11.7265625,9.5234375,4.9921875,3.3984375,85.5703125,29.609375,68.3359375,23.3515625,22.015625,13.5,14.1796875,9.0234375,16.203125,8.6875,0.921875,0.703125,273.8046875,40.8046875,643.3515625,19,1,0,1,7,7,1,0,0,2,2,1,2,0,167.64,167.64,155.0,0.03125,0.0,0.3718749999999999,0.4153125,0.1871875,0.53125,0.78125,0.53125,0.5625,0.0,97.0,33.78125,77.34375,34.53125,116.0,52.15625,99.65625,56.3125,8.28125,1.59375,3.375,1.78125,62.65625,12.78125,53.5625,17.6875,11.5625,7.78125,13.28125,8.21875,22.78125,13.21875,10.5,8.625,76.03125,18.21875,72.09375,29.90625,12.4375,11.15625,4.5625,4.4375,8.53125,4.40625,0.6875,0.1875,263.96875,216.125,960.15625,16,1,4,0,4,5,1,0,0,0,2,2,1,0,172.72,180.34,145.0,27.0,32.0,0,0,1,0,0,0,0,0,0,0,0,0,0,0,0,1,0,0,0,0,1,0,0,0
Red,False,0.5,0.0,0.4649999999999999,0.49,0.0,0.5,0.0,0.0,0.0,0.0,151.0,57.5,203.0,109.0,162.0,68.0,219.5,124.0,2.5,0.0,0.5,0.5,124.5,35.5,142.0,56.0,13.0,8.5,33.5,26.5,13.5,13.5,27.5,26.5,119.0,35.5,145.5,63.0,32.0,22.0,54.5,43.0,0.0,0.0,3.0,3.0,64.5,79.5,522.0,4,0,0,1,1,1,1,0,0,0,0,1,0,0,175.26,167.64,135.0,0.0,0.0,0.365,0.43,0.0,0.33,0.0,0.0,0.0,0.0,160.0,56.0,163.5,70.0,186.0,81.0,216.5,121.5,0.0,0.0,1.5,1.0,136.5,39.0,117.5,39.0,10.5,7.5,16.0,12.0,13.0,9.5,30.0,19.0,131.0,39.5,124.5,42.5,29.0,16.5,35.0,24.5,0.0,0.0,4.0,3.0,77.0,181.5,900.0,6,0,0,2,0,0,2,0,0,0,0,0,0,0,167.64,167.64,125.0,32.0,28.0,0,0,0,0,0,0,0,0,0,0,1,0,0,0,0,1,0,0,0,0,1,0,0,0
Red,True,0.015625,0.0,0.45,0.4275,0.25,0.2,0.148468017578125,0.098388671875,0.0,0.0,66.5,29.6875,64.31230545043945,27.34375,89.75,48.0,85.53125,44.41152191162109,2.0,0.75,2.0546875,0.75,51.1875,18.3359375,49.6123046875,16.280410766601562,7.5,5.07647705078125,7.5,5.0,4.5,3.625,4.984375,3.9375,48.6875,17.0,47.11572265625,16.5,5.75,3.75,5.3125,3.4375,5.0625,3.5,3.875,2.5,99.2119140625,94.125,638.5,0,0,0,0,0,0,0,0,0,0,0,0,0,0,172.72,175.26,135.0,0.0471682548522949,0.0,0.45,0.4217682266235352,0.25,0.19173828125,0.1875,0.125,0.0,0.0,69.5,30.5,66.984375,27.8466796875,94.0,48.544921875,88.50390625,44.75,2.0,0.8125,2.015625,0.6640625,54.0,19.01513671875,51.483436584472656,16.9437255859375,7.91796875,5.430633544921875,7.75,5.0625,4.780975341796875,3.9373779296875,4.8994140625,3.84375,51.025390625,18.400863647460938,50.515625,17.5,5.75,3.75,5.5,3.5,5.375,3.6875,4.0,2.65625,104.865234375,89.5,655.8441009521484,0,0,0,0,0,0,0,0,0,0,0,0,0,0,167.64,170.18,145.0,24.0,25.0,1,0,0,0,0,0,0,0,0,0,0,0,0,0,0,0,0,1,0,0,1,0,0,0
Red,False,0.0,0.0,0.8,0.66,1.0,0.0,0.0,2.0,0.0,0.0,5.0,4.0,6.0,4.0,9.0,7.0,11.0,6.0,1.0,1.0,0.0,0.0,2.0,1.0,3.0,1.0,3.0,3.0,1.0,1.0,0.0,0.0,2.0,2.0,4.0,3.0,4.0,3.0,0.0,0.0,0.0,0.0,1.0,1.0,2.0,1.0,74.0,44.0,138.0,1,0,0,1,0,0,1,0,0,0,0,0,0,0,175.26,175.26,155.0,0.0471682548522949,0.0,0.45,0.4217682266235352,0.25,0.19173828125,0.1875,0.125,0.0,0.0,69.5,30.5,66.984375,27.8466796875,94.0,48.544921875,88.50390625,44.75,2.0,0.8125,2.015625,0.6640625,54.0,19.01513671875,51.483436584472656,16.9437255859375,7.91796875,5.430633544921875,7.75,5.0625,4.780975341796875,3.9373779296875,4.8994140625,3.84375,51.025390625,18.400863647460938,50.515625,17.5,5.75,3.75,5.5,3.5,5.375,3.6875,4.0,2.65625,104.865234375,89.5,655.8441009521484,0,0,0,0,0,0,0,0,0,0,0,0,0,0,185.42,185.42,170.0,26.0,30.0,0,0,0,0,0,0,0,0,0,1,0,0,0,0,0,1,0,0,0,0,1,0,0,0
Red,True,0.015625,0.0,0.45,0.4275,0.25,0.2,0.148468017578125,0.098388671875,0.0,0.0,66.5,29.6875,64.31230545043945,27.34375,89.75,48.0,85.53125,44.41152191162109,2.0,0.75,2.0546875,0.75,51.1875,18.3359375,49.6123046875,16.280410766601562,7.5,5.07647705078125,7.5,5.0,4.5,3.625,4.984375,3.9375,48.6875,17.0,47.11572265625,16.5,5.75,3.75,5.3125,3.4375,5.0625,3.5,3.875,2.5,99.2119140625,94.125,638.5,0,0,0,0,0,0,0,0,0,0,0,0,0,0,172.72,172.72,135.0,0.0471682548522949,0.0,0.45,0.4217682266235352,0.25,0.19173828125,0.1875,0.125,0.0,0.0,69.5,30.5,66.984375,27.8466796875,94.0,48.544921875,88.50390625,44.75,2.0,0.8125,2.015625,0.6640625,54.0,19.01513671875,51.483436584472656,16.9437255859375,7.91796875,5.430633544921875,7.75,5.0625,4.780975341796875,3.9373779296875,4.8994140625,3.84375,51.025390625,18.400863647460938,50.515625,17.5,5.75,3.75,5.5,3.5,5.375,3.6875,4.0,2.65625,104.865234375,89.5,655.8441009521484,0,0,0,0,0,0,0,0,0,0,0,0,0,0,180.34,180.34,145.0,21.0,22.0,0,0,1,0,0,0,0,0,0,0,0,0,0,0,0,0,0,1,0,0,1,0,0,0
Blue,False,0.125,0.25,0.42375,0.32,0.25,0.2475,0.125,0.0,0.75,0.625,133.375,53.875,117.0,35.625,159.625,75.875,127.5,45.0,1.5,0.75,3.625,1.25,110.875,36.375,97.75,23.5,14.625,10.875,15.25,8.375,7.875,6.625,4.0,3.75,113.875,43.5,108.5,31.0,16.625,8.375,6.625,3.375,2.875,2.0,1.875,1.25,113.625,177.75,805.75,10,1,4,0,4,4,0,0,0,2,1,0,1,0,175.26,180.34,185.0,0.18505859375,0.53125,0.3187353515625,0.41521484375,0.4542822265625,0.000244140625,0.00146484375,0.005859375,0.00146484375,0.5029296875,80.8984375,24.21240234375,120.9384765625,50.0771484375,84.62158203125,27.44970703125,125.10546875,54.01611328125,2.6484375,1.42333984375,0.94189453125,0.00048828125,73.142578125,18.4296875,106.58935546875,39.6884765625,5.0224609375,3.57275390625,11.9326171875,8.31640625,2.7333984375,2.2099609375,2.41650390625,2.072265625,71.88232421875,17.60595703125,103.09375,38.73828125,5.8251953125,4.5966796875,8.22802734375,5.263671875,3.19091796875,2.009765625,9.61669921875,6.0751953125,53.6640625,37.5673828125,727.4375,28,0,0,1,6,8,4,0,0,1,2,4,0,1,175.26,180.34,170.0,23.0,29.0,0,0,0,0,0,0,0,0,0,1,0,0,0,0,0,0,0,1,0,0,1,0,0,0
Blue,False,0.015625,0.0,0.45,0.4275,0.25,0.2,0.148468017578125,0.098388671875,0.0,0.0,66.5,29.6875,64.31230545043945,27.34375,89.75,48.0,85.53125,44.41152191162109,2.0,0.75,2.0546875,0.75,51.1875,18.3359375,49.6123046875,16.280410766601562,7.5,5.07647705078125,7.5,5.0,4.5,3.625,4.984375,3.9375,48.6875,17.0,47.11572265625,16.5,5.75,3.75,5.3125,3.4375,5.0625,3.5,3.875,2.5,99.2119140625,94.125,638.5,0,0,0,0,0,0,0,0,0,0,0,0,0,0,180.34,185.42,170.0,0.0,0.0,0.2799999999999999,0.335,0.415,0.0,0.5,1.0,0.0,0.0,116.5,28.0,99.0,38.0,121.0,32.5,99.0,38.0,2.5,1.0,0.5,0.0,108.0,22.0,73.5,21.0,6.0,4.0,11.5,7.0,2.5,2.0,14.0,10.0,104.5,21.0,93.0,35.5,5.5,3.0,6.0,2.5,6.5,4.0,0.0,0.0,58.0,3.0,571.5,4,0,0,2,0,0,2,0,0,0,0,0,0,0,177.8,180.34,170.0,27.0,30.0,0,0,0,0,0,0,0,0,0,1,0,0,0,0,0,1,0,0,0,0,1,0,0,0
Red,False,0.015625,0.0,0.45,0.4275,0.25,0.2,0.148468017578125,0.098388671875,0.0,0.0,66.5,29.6875,64.31230545043945,27.34375,89.75,48.0,85.53125,44.41152191162109,2.0,0.75,2.0546875,0.75,51.1875,18.3359375,49.6123046875,16.280410766601562,7.5,5.07647705078125,7.5,5.0,4.5,3.625,4.984375,3.9375,48.6875,17.0,47.11572265625,16.5,5.75,3.75,5.3125,3.4375,5.0625,3.5,3.875,2.5,99.2119140625,94.125,638.5,0,0,0,0,0,0,0,0,0,0,0,0,0,0,167.64,172.72,135.0,0.0471682548522949,0.0,0.45,0.4217682266235352,0.25,0.19173828125,0.1875,0.125,0.0,0.0,69.5,30.5,66.984375,27.8466796875,94.0,48.544921875,88.50390625,44.75,2.0,0.8125,2.015625,0.6640625,54.0,19.01513671875,51.483436584472656,16.9437255859375,7.91796875,5.430633544921875,7.75,5.0625,4.780975341796875,3.9373779296875,4.8994140625,3.84375,51.025390625,18.400863647460938,50.515625,17.5,5.75,3.75,5.5,3.5,5.375,3.6875,4.0,2.65625,104.865234375,89.5,655.8441009521484,0,0,0,0,0,0,0,0,0,0,0,0,0,0,172.72,175.26,135.0,34.0,34.0,1,0,0,0,0,0,0,0,0,0,0,0,0,0,0,0,0,1,0,0,1,0,0,0
Red,False,0.015625,0.0,0.45,0.4275,0.25,0.2,0.148468017578125,0.098388671875,0.0,0.0,66.5,29.6875,64.31230545043945,27.34375,89.75,48.0,85.53125,44.41152191162109,2.0,0.75,2.0546875,0.75,51.1875,18.3359375,49.6123046875,16.280410766601562,7.5,5.07647705078125,7.5,5.0,4.5,3.625,4.984375,3.9375,48.6875,17.0,47.11572265625,16.5,5.75,3.75,5.3125,3.4375,5.0625,3.5,3.875,2.5,99.2119140625,94.125,638.5,0,0,0,0,0,0,0,0,0,0,0,0,0,0,177.8,177.8,145.0,0.0471682548522949,0.0,0.45,0.4217682266235352,0.25,0.19173828125,0.1875,0.125,0.0,0.0,69.5,30.5,66.984375,27.8466796875,94.0,48.544921875,88.50390625,44.75,2.0,0.8125,2.015625,0.6640625,54.0,19.01513671875,51.483436584472656,16.9437255859375,7.91796875,5.430633544921875,7.75,5.0625,4.780975341796875,3.9373779296875,4.8994140625,3.84375,51.025390625,18.400863647460938,50.515625,17.5,5.75,3.75,5.5,3.5,5.375,3.6875,4.0,2.65625,104.865234375,89.5,655.8441009521484,0,0,0,0,0,0,0,0,0,0,0,0,0,0,172.72,180.34,155.0,30.0,26.0,0,0,1,0,0,0,0,0,0,0,0,0,0,0,0,1,0,0,0,0,0,0,1,0
Red,False,0.015625,0.0,0.45,0.4275,0.25,0.2,0.148468017578125,0.098388671875,0.0,0.0,66.5,29.6875,64.31230545043945,27.34375,89.75,48.0,85.53125,44.41152191162109,2.0,0.75,2.0546875,0.75,51.1875,18.3359375,49.6123046875,16.280410766601562,7.5,5.07647705078125,7.5,5.0,4.5,3.625,4.984375,3.9375,48.6875,17.0,47.11572265625,16.5,5.75,3.75,5.3125,3.4375,5.0625,3.5,3.875,2.5,99.2119140625,94.125,638.5,0,0,0,0,0,0,0,0,0,0,0,0,0,0,172.72,177.8,135.0,0.0471682548522949,0.0,0.45,0.4217682266235352,0.25,0.19173828125,0.1875,0.125,0.0,0.0,69.5,30.5,66.984375,27.8466796875,94.0,48.544921875,88.50390625,44.75,2.0,0.8125,2.015625,0.6640625,54.0,19.01513671875,51.483436584472656,16.9437255859375,7.91796875,5.430633544921875,7.75,5.0625,4.780975341796875,3.9373779296875,4.8994140625,3.84375,51.025390625,18.400863647460938,50.515625,17.5,5.75,3.75,5.5,3.5,5.375,3.6875,4.0,2.65625,104.865234375,89.5,655.8441009521484,0,0,0,0,0,0,0,0,0,0,0,0,0,0,172.72,175.26,125.0,21.0,28.0,1,0,0,0,0,0,0,0,0,0,0,0,0,0,0,0,0,0,1,0,1,0,0,0
Red,False,0.0,0.89453125,0.5025976562500001,0.614609375,0.27953125,0.00390625,0.0,0.505859375,0.0078125,0.50390625,15.1015625,8.97265625,19.736328125,12.34375,33.97265625,26.22265625,24.251953125,16.783203125,2.984375,1.19140625,1.568359375,0.015625,8.498046875,2.5078125,10.216796875,4.8046875,5.189453125,5.0546875,3.94140625,2.484375,1.4140625,1.41015625,5.578125,5.0546875,8.494140625,3.314453125,12.1015625,5.56640625,2.271484375,1.38671875,4.576171875,4.501953125,4.3359375,4.271484375,3.05859375,2.275390625,105.828125,46.47265625,253.171875,20,0,1,0,2,4,6,0,0,0,4,0,0,0,177.8,177.8,155.0,0.0,0.0,0.61,0.485,0.25,0.5,0.5,0.0,0.0,0.5,63.5,38.0,79.5,34.5,88.5,63.0,110.0,61.5,7.0,2.0,2.5,1.5,35.5,17.0,60.5,16.5,12.0,6.5,14.0,13.0,16.0,14.5,5.0,5.0,59.0,33.5,67.5,26.0,4.5,4.5,7.5,6.0,0.0,0.0,4.5,2.5,243.5,210.5,900.0,6,0,0,2,0,0,2,0,0,0,0,0,0,0,175.26,182.88,155.0,33.0,28.0,0,0,0,0,0,0,1,0,0,0,0,0,0,0,0,1,0,0,0,0,1,0,0,0
Red,False,0.015625,0.0,0.45,0.4275,0.25,0.2,0.148468017578125,0.098388671875,0.0,0.0,66.5,29.6875,64.31230545043945,27.34375,89.75,48.0,85.53125,44.41152191162109,2.0,0.75,2.0546875,0.75,51.1875,18.3359375,49.6123046875,16.280410766601562,7.5,5.07647705078125,7.5,5.0,4.5,3.625,4.984375,3.9375,48.6875,17.0,47.11572265625,16.5,5.75,3.75,5.3125,3.4375,5.0625,3.5,3.875,2.5,99.2119140625,94.125,638.5,0,0,0,0,0,0,0,0,0,0,0,0,0,0,187.96,187.96,170.0,0.0,0.0,0.49,0.54,0.2,0.0,0.0,0.0,0.0,0.0,73.0,36.0,75.0,41.0,158.0,114.0,96.0,61.0,15.0,3.0,0.0,0.0,55.0,23.0,60.0,26.0,5.0,4.0,11.0,11.0,13.0,9.0,4.0,4.0,67.0,33.0,70.0,37.0,4.0,1.0,5.0,4.0,2.0,2.0,0.0,0.0,318.0,68.0,900.0,3,0,1,0,1,1,0,0,0,0,1,0,0,0,180.34,180.34,170.0,23.0,32.0,0,0,0,0,0,0,0,0,0,1,0,0,0,0,0,0,0,1,0,0,0,0,1,0
Red,False,0.0,0.25,0.5874999999999999,0.5549999999999999,0.24,0.275,1.25,0.125,1.0,0.0,60.75,39.75,51.0,27.125,90.25,66.875,68.75,43.375,4.125,1.25,3.25,0.875,34.375,16.75,38.75,16.0,14.25,11.375,10.375,9.25,12.125,11.625,1.875,1.875,38.375,20.5,38.875,15.875,12.625,10.5,11.625,10.75,9.75,8.75,0.5,0.5,252.0,169.375,686.25,10,0,0,1,1,2,2,0,0,1,1,0,0,0,190.5,190.5,185.0,0.5,0.0,0.52875,0.36,0.07875,0.16625,0.625,0.25,0.25,0.0,44.875,21.375,41.875,17.125,72.5,45.375,63.625,35.625,2.625,0.375,2.25,1.0,30.875,12.5,32.25,9.75,7.0,4.875,4.75,3.875,7.0,4.0,4.875,3.5,32.25,11.875,30.25,8.75,6.75,4.875,5.5,4.625,5.875,4.625,6.125,3.75,134.5,80.25,418.125,9,0,0,1,3,3,1,0,0,0,1,1,1,0,185.42,185.42,185.0,33.0,26.0,0,0,0,0,0,0,0,1,0,0,0,0,0,0,0,1,0,0,0,0,1,0,0,0
Red,False,0.015625,0.0,0.45,0.4275,0.25,0.2,0.148468017578125,0.098388671875,0.0,0.0,66.5,29.6875,64.31230545043945,27.34375,89.75,48.0,85.53125,44.41152191162109,2.0,0.75,2.0546875,0.75,51.1875,18.3359375,49.6123046875,16.280410766601562,7.5,5.07647705078125,7.5,5.0,4.5,3.625,4.984375,3.9375,48.6875,17.0,47.11572265625,16.5,5.75,3.75,5.3125,3.4375,5.0625,3.5,3.875,2.5,99.2119140625,94.125,638.5,0,0,0,0,0,0,0,0,0,0,0,0,0,0,172.72,172.72,155.0,0.0,1.0,0.5,0.52,0.0,0.0,0.0,0.0,0.0,0.0,10.0,5.0,42.0,22.0,10.0,5.0,42.0,22.0,0.0,0.0,0.0,0.0,9.0,4.0,42.0,22.0,0.0,0.0,0.0,0.0,1.0,1.0,0.0,0.0,10.0,5.0,19.0,6.0,0.0,0.0,2.0,1.0,0.0,0.0,21.0,15.0,0.0,18.0,71.0,1,1,0,1,0,0,1,0,0,0,0,0,0,0,187.96,190.5,170.0,34.0,25.0,0,0,0,0,0,0,0,0,0,1,0,0,0,0,0,1,0,0,0,0,1,0,0,0
Red,False,1.0,0.0,0.58,0.38,0.0,0.5,0.0,0.0,0.0,0.0,43.0,25.0,65.0,25.0,44.0,26.0,68.0,27.0,0.0,0.0,2.0,1.0,32.0,15.0,60.0,23.0,6.0,5.0,5.0,2.0,5.0,5.0,0.0,0.0,28.0,14.0,45.0,15.0,13.0,9.0,16.0,8.0,2.0,2.0,4.0,2.0,17.0,43.0,263.0,1,0,1,0,1,1,0,0,0,0,0,1,0,0,182.88,185.42,170.0,1.0,0.0,0.48,0.38,0.66,0.0,1.0,0.0,0.0,0.0,39.0,19.0,21.0,8.0,67.0,44.0,36.0,22.0,3.0,2.0,1.0,0.0,29.0,12.0,11.0,1.0,6.0,4.0,10.0,7.0,4.0,3.0,0.0,0.0,15.0,7.0,15.0,2.0,8.0,3.0,6.0,6.0,16.0,9.0,0.0,0.0,458.0,5.0,625.0,3,1,1,0,1,1,0,0,0,0,0,0,1,0,180.34,182.88,170.0,32.0,23.0,0,0,0,0,0,0,0,0,0,1,0,0,0,0,0,0,0,1,0,0,1,0,0,0
Blue,False,0.0,0.0,0.425625,0.4,0.75,0.21,0.375,0.5,0.0,0.0,60.0625,18.9375,47.8125,18.25,65.3125,24.1875,82.5,46.6875,2.25,1.625,11.1875,4.5,48.75,12.6875,33.5,10.4375,7.8125,4.1875,6.375,2.9375,3.5,2.0625,7.9375,4.875,54.6875,15.6875,36.8125,11.5,4.1875,2.625,3.5,2.25,1.1875,0.625,7.5,4.5,94.375,329.25,916.125,12,0,4,0,4,4,1,0,1,0,0,2,1,0,190.5,203.2,205.0,1.2919921875,0.51953125,0.5001123046875,0.3566015624999999,0.29647216796875,0.14006103515625,0.07861328125,0.297607421875,0.0,0.03173828125,63.951416015625,32.742431640625,48.924072265625,20.567626953125,85.830322265625,53.830322265625,66.794189453125,36.583251953125,1.697265625,0.76708984375,2.268798828125,0.690185546875,48.88623046875,20.986083984375,40.12841796875,14.16845703125,5.376953125,3.37548828125,5.0732421875,3.495361328125,9.688232421875,8.380859375,3.722412109375,2.90380859375,47.185546875,21.220458984375,36.991943359375,12.467529296875,4.98583984375,3.7216796875,7.1787109375,4.167236328125,11.780029296875,7.80029296875,4.75341796875,3.932861328125,145.40234375,56.879150390625,519.004150390625,34,3,0,1,2,6,7,0,0,0,0,6,0,0,185.42,193.04,205.0,31.0,32.0,0,0,0,0,0,1,0,0,0,0,0,0,0,0,0,0,0,1,0,0,1,0,0,0
Red,False,0.015625,0.0,0.45,0.4275,0.25,0.2,0.148468017578125,0.098388671875,0.0,0.0,66.5,29.6875,64.31230545043945,27.34375,89.75,48.0,85.53125,44.41152191162109,2.0,0.75,2.0546875,0.75,51.1875,18.3359375,49.6123046875,16.280410766601562,7.5,5.07647705078125,7.5,5.0,4.5,3.625,4.984375,3.9375,48.6875,17.0,47.11572265625,16.5,5.75,3.75,5.3125,3.4375,5.0625,3.5,3.875,2.5,99.2119140625,94.125,638.5,0,0,0,0,0,0,0,0,0,0,0,0,0,0,165.1,162.56,115.0,0.0,0.0,0.23,0.27,0.07,0.0,0.0,0.0,0.0,0.0,77.0,18.0,168.0,46.0,103.0,38.0,180.0,55.0,14.0,1.0,0.0,0.0,56.0,8.0,128.0,24.0,5.0,3.0,36.0,21.0,16.0,7.0,4.0,1.0,69.0,13.0,152.0,34.0,5.0,3.0,16.0,12.0,3.0,2.0,0.0,0.0,370.0,9.0,900.0,3,0,0,1,0,0,1,0,0,0,0,0,0,0,165.1,165.1,115.0,28.0,32.0,0,0,0,0,0,0,0,0,0,0,0,0,0,1,0,1,0,0,0,0,1,0,0,0
Red,False,0.015625,0.0,0.45,0.4275,0.25,0.2,0.148468017578125,0.098388671875,0.0,0.0,66.5,29.6875,64.31230545043945,27.34375,89.75,48.0,85.53125,44.41152191162109,2.0,0.75,2.0546875,0.75,51.1875,18.3359375,49.6123046875,16.280410766601562,7.5,5.07647705078125,7.5,5.0,4.5,3.625,4.984375,3.9375,48.6875,17.0,47.11572265625,16.5,5.75,3.75,5.3125,3.4375,5.0625,3.5,3.875,2.5,99.2119140625,94.125,638.5,0,0,0,0,0,0,0,0,0,0,0,0,0,0,165.1,165.1,145.0,0.0471682548522949,0.0,0.45,0.4217682266235352,0.25,0.19173828125,0.1875,0.125,0.0,0.0,69.5,30.5,66.984375,27.8466796875,94.0,48.544921875,88.50390625,44.75,2.0,0.8125,2.015625,0.6640625,54.0,19.01513671875,51.483436584472656,16.9437255859375,7.91796875,5.430633544921875,7.75,5.0625,4.780975341796875,3.9373779296875,4.8994140625,3.84375,51.025390625,18.400863647460938,50.515625,17.5,5.75,3.75,5.5,3.5,5.375,3.6875,4.0,2.65625,104.865234375,89.5,655.8441009521484,0,0,0,0,0,0,0,0,0,0,0,0,0,0,172.72,175.26,145.0,27.0,22.0,0,0,1,0,0,0,0,0,0,0,0,0,0,0,0,1,0,0,0,0,1,0,0,0
Red,False,0.0,0.0,0.21,0.47,0.0,0.66,0.0,5.0,0.0,0.0,69.0,15.0,98.0,47.0,106.0,50.0,144.0,93.0,10.0,0.0,3.0,2.0,64.0,12.0,70.0,22.0,1.0,1.0,20.0,19.0,4.0,2.0,8.0,6.0,53.0,8.0,72.0,27.0,13.0,7.0,14.0,11.0,3.0,0.0,12.0,9.0,409.0,188.0,900.0,3,0,0,1,0,0,1,0,0,0,0,0,0,0,165.1,165.1,135.0,0.0471682548522949,0.0,0.45,0.4217682266235352,0.25,0.19173828125,0.1875,0.125,0.0,0.0,69.5,30.5,66.984375,27.8466796875,94.0,48.544921875,88.50390625,44.75,2.0,0.8125,2.015625,0.6640625,54.0,19.01513671875,51.483436584472656,16.9437255859375,7.91796875,5.430633544921875,7.75,5.0625,4.780975341796875,3.9373779296875,4.8994140625,3.84375,51.025390625,18.400863647460938,50.515625,17.5,5.75,3.75,5.5,3.5,5.375,3.6875,4.0,2.65625,104.865234375,89.5,655.8441009521484,0,0,0,0,0,0,0,0,0,0,0,0,0,0,170.18,177.8,145.0,31.0,23.0,1,0,0,0,0,0,0,0,0,0,0,0,0,0,0,0,0,1,0,0,0,0,1,0
Blue,False,0.0,0.0,0.64,0.0,1.0,0.0,0.0,0.0,0.0,0.0,17.0,11.0,5.0,0.0,88.0,66.0,7.0,2.0,2.0,2.0,0.0,0.0,15.0,9.0,5.0,0.0,2.0,2.0,0.0,0.0,0.0,0.0,0.0,0.0,2.0,2.0,5.0,0.0,0.0,0.0,0.0,0.0,15.0,9.0,0.0,0.0,231.0,0.0,290.0,1,0,1,0,1,1,0,0,0,0,0,1,0,0,180.34,182.88,170.0,0.0,2.0,0.32,0.32,0.0,0.0,0.0,1.0,0.0,0.0,52.0,17.0,101.0,33.0,56.0,20.0,111.0,43.0,1.0,0.0,0.0,0.0,39.0,6.0,93.0,27.0,3.0,2.0,7.0,5.0,10.0,9.0,1.0,1.0,52.0,17.0,83.0,20.0,0.0,0.0,6.0,4.0,0.0,0.0,12.0,9.0,0.0,75.0,366.0,2,0,0,1,0,0,1,0,0,0,0,0,0,0,182.88,182.88,170.0,26.0,27.0,0,0,0,0,0,0,0,0,0,1,0,0,0,0,0,1,0,0,0,0,1,0,0,0
Red,False,0.5039234161376953,0.0633563995361328,0.3334112930297851,0.3566068458557129,0.0165502166748046,0.1228927040100097,0.0002479553222656,0.0005092620849609,2.86102294921875e-06,0.0312509536743164,210.086669921875,72.29725646972656,111.29008102416992,39.325411796569824,216.2139158248901,77.96190166473389,122.40303325653076,47.69407844543457,0.5621566772460938,0.1556606292724609,3.327217102050781,1.321925163269043,184.29355907440183,54.0508041381836,75.68727684020996,16.102529525756836,15.72906494140625,9.906169891357422,25.00078773498535,14.340962409973145,10.064045906066896,8.340282440185547,10.60201644897461,8.881919860839844,204.7737636566162,68.59549140930176,103.41162204742432,34.38552379608154,3.2589683532714844,2.404507637023926,2.751516342163086,2.11476993560791,2.0539379119873047,1.297257423400879,5.12694263458252,2.825118064880371,17.5430908203125,191.03883934021,1040.0795917510986,54,1,4,0,4,15,6,0,0,1,5,9,0,0,185.42,190.5,185.0,0.25,0.25,0.7575000000000001,0.415,0.0,0.0,1.0,0.0,0.0,0.0,10.5,6.5,10.75,3.75,13.0,9.0,11.0,4.0,0.25,0.0,0.5,0.0,4.75,1.5,8.25,2.25,4.25,3.75,1.25,0.25,1.5,1.25,1.25,1.25,8.0,4.0,9.0,2.25,0.75,0.75,0.25,0.25,1.75,1.75,1.5,1.25,51.5,5.25,139.75,3,0,0,1,2,2,1,0,0,0,0,1,1,0,190.5,195.58,205.0,35.0,30.0,0,0,0,0,0,0,0,1,0,0,0,0,0,0,0,1,0,0,0,0,0,0,1,0
Red,False,0.5,0.0,0.46,0.4075,0.79,0.28875,0.0,0.0,0.5,0.5,114.125,49.625,86.25,29.5,123.375,58.75,119.875,59.625,1.5,1.125,5.875,2.125,95.125,34.875,76.375,21.625,12.875,10.375,5.875,5.375,6.125,4.375,4.0,2.5,102.375,42.0,78.875,23.5,4.125,2.625,1.625,1.0,7.625,5.0,5.75,5.0,132.25,272.25,854.125,11,0,4,0,4,4,0,0,0,1,1,1,0,1,187.96,195.58,205.0,0.1875,0.3125,0.336875,0.355,0.5625,0.0275,0.0,0.0625,0.0,0.0,150.6875,52.25,147.5,49.5,166.25,66.3125,155.0,55.3125,0.5625,0.5625,2.6875,0.1875,137.9375,40.5625,112.5,27.5625,6.9375,5.9375,17.5625,8.75,5.8125,5.75,17.4375,13.1875,143.0625,47.625,138.875,43.0,5.75,3.625,6.5,4.625,1.875,1.0,2.125,1.875,73.25,40.625,714.5625,13,1,2,0,2,3,2,0,0,0,2,1,0,0,182.88,185.42,185.0,27.0,23.0,0,0,0,0,0,0,0,1,0,0,0,0,0,0,0,1,0,0,0,0,1,0,0,0
Blue,False,0.0,0.0,0.4,0.41,0.05,0.8200000000000001,0.5,2.0,1.0,0.0,171.0,67.0,158.5,62.0,192.0,87.5,172.5,74.5,5.5,0.5,8.0,5.5,141.0,45.0,115.0,33.5,23.5,16.0,32.5,18.5,6.5,6.0,11.0,10.0,116.5,34.0,125.5,40.5,30.5,21.0,27.0,19.5,24.0,12.0,6.0,2.0,277.0,171.5,900.0,6,0,1,0,1,1,1,0,0,0,1,0,0,0,175.26,172.72,135.0,0.0,0.0,0.41,0.58,0.13,0.5800000000000001,1.0,0.0,0.5,0.5,28.5,14.5,59.0,31.5,53.0,37.0,72.0,43.5,7.5,2.0,2.5,1.5,18.5,6.5,43.5,18.5,5.0,4.5,5.5,4.5,5.0,3.5,10.0,8.5,22.5,9.0,42.5,19.0,5.0,4.5,5.0,3.0,1.0,1.0,11.5,9.5,213.5,149.5,591.5,4,0,0,1,1,1,1,0,0,0,1,0,0,0,167.64,175.26,125.0,23.0,31.0,0,0,0,1,0,0,0,0,0,0,0,0,0,0,0,1,0,0,0,0,1,0,0,0
Red,False,0.0,0.0,0.415,0.5525,0.285,0.5,1.0,0.25,0.0,0.0,46.5,19.5,61.0,34.25,56.0,28.5,65.25,38.5,2.25,0.75,0.75,0.5,37.0,13.25,37.5,15.25,5.0,2.5,7.5,5.25,4.5,3.75,16.0,13.75,42.25,16.75,54.0,28.25,0.25,0.25,1.75,1.25,4.0,2.5,5.25,4.75,99.25,21.5,403.25,6,0,0,1,1,1,2,0,0,0,0,0,1,0,177.8,185.42,155.0,0.0,0.0,0.7,0.73,0.36,0.0,1.0,1.0,0.0,1.0,85.0,60.0,15.0,11.0,167.0,137.0,28.0,24.0,11.0,4.0,1.0,0.0,76.0,51.0,12.0,8.0,5.0,5.0,2.0,2.0,4.0,4.0,1.0,1.0,22.0,4.0,9.0,5.0,10.0,10.0,6.0,6.0,53.0,46.0,0.0,0.0,627.0,19.0,796.0,3,0,1,0,1,1,0,0,0,0,0,0,1,0,180.34,185.42,170.0,32.0,20.0,0,0,0,0,0,0,1,0,0,0,0,0,0,0,0,1,0,0,0,0,1,0,0,0
Red,False,1.0,0.5,0.225,0.495,0.0,0.25,0.0,0.0,0.0,0.0,38.0,9.5,60.5,22.0,38.5,10.0,83.0,42.0,0.5,0.0,1.0,0.5,28.5,4.0,49.0,14.0,9.0,5.0,6.5,4.0,0.5,0.5,5.0,4.0,38.0,9.5,49.5,16.5,0.0,0.0,0.5,0.0,0.0,0.0,10.5,5.5,2.0,115.5,462.5,4,0,0,2,0,0,2,0,0,0,0,0,0,0,195.58,195.58,250.0,0.0,0.0,0.581875,0.4806249999999999,0.5,0.1375,0.0,0.625,0.0,0.25,20.9375,11.375,41.5625,27.6875,51.0625,40.0,111.8125,90.5625,3.1875,0.6875,2.375,0.5625,16.8125,8.5,24.1875,12.75,2.125,1.375,6.6875,5.5625,2.0,1.5,10.6875,9.375,9.9375,2.6875,14.625,4.25,4.5,2.9375,18.875,15.9375,6.5,5.75,8.0625,7.5,107.1875,370.125,594.75,11,0,0,1,3,3,2,0,0,0,0,3,0,0,193.04,205.74,265.0,31.0,37.0,0,0,0,0,1,0,0,0,0,0,0,0,0,0,0,0,0,1,0,0,1,0,0,0
Red,False,0.0,0.0,0.75,0.37,0.0,0.5,0.0,0.0,0.0,0.0,8.0,6.0,16.0,6.0,10.0,8.0,17.0,7.0,0.0,0.0,2.0,1.0,2.0,0.0,12.0,4.0,5.0,5.0,2.0,2.0,1.0,1.0,2.0,0.0,5.0,3.0,9.0,1.0,3.0,3.0,3.0,2.0,0.0,0.0,4.0,3.0,0.0,93.0,210.0,1,0,0,1,0,0,1,0,0,0,0,0,0,0,190.5,190.5,205.0,0.25390625,0.1328125,0.3352734375,0.769765625,0.0465234375,0.50390625,0.109375,0.0078125,0.0,0.0703125,26.7578125,8.9921875,54.6328125,37.00390625,28.875,10.8984375,99.7578125,81.01953125,1.62890625,0.21484375,1.51171875,1.50390625,25.0859375,7.32421875,50.140625,33.578125,0.015625,0.01171875,4.4140625,3.37890625,1.65625,1.65625,0.078125,0.046875,20.44921875,5.16015625,17.62890625,6.8125,0.3203125,0.2109375,2.24609375,2.18359375,5.98828125,3.62109375,34.7578125,28.0078125,20.80859375,371.08203125,499.7578125,15,0,0,3,3,4,5,0,0,0,0,2,2,0,190.5,190.5,205.0,28.0,42.0,0,0,0,0,0,1,0,0,0,0,0,0,0,0,0,1,0,0,0,0,1,0,0,0
Blue,False,0.0,0.0,0.48,0.5,0.0,0.0,0.0,0.0,0.0,0.0,168.0,82.0,167.0,85.0,177.0,91.0,168.0,86.0,0.0,0.0,4.0,0.0,150.0,71.0,105.0,34.0,17.0,10.0,13.0,8.0,1.0,1.0,49.0,43.0,103.0,40.0,155.0,79.0,62.0,40.0,12.0,6.0,3.0,2.0,0.0,0.0,26.0,89.0,900.0,3,0,0,1,0,0,1,0,0,0,0,0,0,0,187.96,190.5,205.0,0.25,0.0,0.5225,0.5225,0.35,0.7125,0.0,0.75,0.0,0.0,32.75,16.5,41.5,20.0,39.5,22.5,52.0,30.5,3.25,1.5,2.75,1.5,24.75,11.0,33.5,13.75,3.5,2.5,4.75,3.75,4.5,3.0,3.25,2.5,25.5,10.75,34.0,13.5,2.0,1.75,2.5,2.0,5.25,4.0,5.0,4.5,92.25,224.75,523.5,6,0,2,0,2,2,1,0,0,0,0,2,0,0,185.42,187.96,185.0,28.0,34.0,0,0,0,0,0,0,0,1,0,0,0,0,0,0,0,0,0,1,0,0,0,0,0,1
Blue,False,0.625,0.0,0.4865625,0.3396875,0.296875,0.0459375,0.625,0.53125,0.0,0.0,148.84375,63.9375,127.8125,41.1875,154.84375,68.875,134.53125,47.3125,1.0,0.5,4.34375,0.34375,124.25,46.90625,115.84375,33.53125,17.5,10.0625,7.84375,5.28125,7.09375,6.96875,4.125,2.375,142.125,59.25,124.78125,39.53125,2.6875,1.71875,0.84375,0.21875,4.03125,2.96875,2.1875,1.4375,96.78125,44.40625,664.34375,15,1,0,1,3,4,2,0,0,0,3,1,0,0,177.8,177.8,155.0,0.875,0.0205078125,0.44196044921875,0.29994873046875,0.32958984375,0.267392578125,0.0,0.0009765625,0.00048828125,0.00048828125,68.751220703125,30.871337890625,72.394775390625,21.135498046875,75.272216796875,37.20751953125,78.559814453125,26.712890625,0.482666015625,0.37353515625,3.16943359375,1.12109375,53.03369140625,20.022216796875,58.10986328125,12.332763671875,13.43408203125,8.9833984375,11.3583984375,7.5107421875,2.283447265625,1.86572265625,2.926513671875,1.2919921875,59.26611328125,23.787353515625,66.2685546875,17.205078125,6.375732421875,4.501953125,5.985107421875,3.856689453125,3.109375,2.58203125,0.14111328125,0.07373046875,10.54296875,55.0517578125,512.12939453125,32,1,3,0,3,8,5,0,0,0,4,3,0,1,172.72,175.26,155.0,27.0,30.0,0,0,0,0,0,0,1,0,0,0,0,0,0,0,0,1,0,0,0,0,1,0,0,0
Blue,False,0.125,0.25,0.339375,0.423125,0.5625,0.1925,0.0,0.0,0.0,0.0,103.8125,37.375,80.25,33.8125,109.1875,42.1875,91.4375,44.125,1.0625,1.0625,6.1875,1.75,73.5625,17.5,70.625,25.625,15.625,8.5625,7.5,6.5,14.625,11.3125,2.125,1.6875,98.8125,34.5625,71.25,25.5,4.4375,2.6875,4.125,3.875,0.5625,0.125,4.875,4.4375,20.0625,161.1875,691.75,13,0,3,0,3,3,2,0,0,1,2,0,0,0,162.56,180.34,135.0,0.0,0.0,0.3,0.43,0.055,0.325,1.0,1.5,0.0,0.5,80.5,22.5,113.5,46.5,97.0,36.5,179.5,106.0,4.5,0.5,9.0,3.0,67.5,15.0,84.0,22.5,9.5,4.5,10.0,7.5,3.5,3.0,19.5,16.5,69.0,17.0,90.0,28.5,9.5,3.5,12.5,9.5,2.0,2.0,11.0,8.5,56.5,413.0,864.5,6,0,0,2,0,0,2,0,0,0,0,0,0,0,170.18,170.18,135.0,29.0,28.0,1,0,0,0,0,0,0,0,0,0,0,0,0,0,0,0,0,1,0,0,1,0,0,0
Blue,False,0.5,1.0,0.4575,0.55,0.0,0.7625,0.0,0.5,0.0,0.0,71.25,35.0,46.75,25.5,87.25,50.0,73.0,48.75,0.5,0.0,4.75,3.0,45.5,14.75,37.5,18.25,14.25,9.5,6.5,4.75,11.5,10.75,2.75,2.5,55.25,24.25,34.5,17.25,9.5,6.25,3.25,2.0,6.5,4.5,9.0,6.25,40.75,246.25,599.0,8,0,1,0,1,1,2,0,0,1,0,0,0,0,177.8,177.8,170.0,0.0,0.0,0.31,0.52,0.165,1.0,0.0,0.0,0.0,0.0,31.0,9.5,55.0,31.0,55.5,34.0,101.5,75.5,2.0,0.5,2.5,2.5,27.0,7.5,32.0,13.5,3.0,1.0,16.5,14.0,1.0,1.0,6.5,3.5,25.0,6.0,25.5,7.5,5.5,3.5,9.5,8.5,0.5,0.0,20.0,15.0,52.0,348.5,597.5,4,0,0,1,1,1,1,0,0,0,0,1,0,0,180.34,185.42,170.0,38.0,37.0,0,0,0,0,0,0,0,0,0,1,0,0,0,0,0,1,0,0,0,0,1,0,0,0
Blue,False,0.015625,0.0,0.45,0.4275,0.25,0.2,0.148468017578125,0.098388671875,0.0,0.0,66.5,29.6875,64.31230545043945,27.34375,89.75,48.0,85.53125,44.41152191162109,2.0,0.75,2.0546875,0.75,51.1875,18.3359375,49.6123046875,16.280410766601562,7.5,5.07647705078125,7.5,5.0,4.5,3.625,4.984375,3.9375,48.6875,17.0,47.11572265625,16.5,5.75,3.75,5.3125,3.4375,5.0625,3.5,3.875,2.5,99.2119140625,94.125,638.5,0,0,0,0,0,0,0,0,0,0,0,0,0,0,182.88,177.8,185.0,0.0,0.5,0.28,0.4499999999999999,0.5,0.0,0.0,0.0,0.0,0.0,118.5,34.5,96.0,32.5,118.5,34.5,97.0,33.5,0.5,0.5,1.5,0.0,106.5,25.0,78.5,21.0,5.5,4.0,11.5,6.0,6.5,5.5,6.0,5.5,116.5,34.5,89.5,27.5,2.0,0.0,4.0,2.5,0.0,0.0,2.5,2.5,0.5,1.5,472.0,4,0,0,1,1,1,1,0,0,0,1,0,0,0,187.96,187.96,185.0,37.0,32.0,0,0,0,0,0,0,0,1,0,0,0,0,0,0,0,0,0,1,0,0,1,0,0,0
Blue,False,0.25,0.0,0.473125,0.25703125,0.596875,0.42703125,0.0,0.640625,0.015625,0.75,80.859375,37.15625,39.828125,10.96875,138.484375,90.71875,65.28125,32.1875,5.234375,2.6875,5.8125,2.375,62.71875,22.03125,31.125,5.6875,7.78125,5.953125,6.078125,2.71875,10.359375,9.171875,2.625,2.5625,62.375,22.5,32.59375,7.0625,12.734375,11.28125,2.625,1.515625,5.75,3.375,4.609375,2.390625,189.109375,278.921875,776.953125,18,0,1,0,4,5,2,0,0,0,4,1,0,0,190.5,203.2,170.0,0.0,0.0,0.62,0.36,0.5,0.07,0.0,0.5,0.0,0.0,133.5,84.0,143.0,41.5,138.5,89.0,157.0,53.0,5.0,2.5,4.5,0.5,104.0,56.0,126.0,29.5,15.5,14.5,9.0,6.0,14.0,13.5,8.0,6.0,95.5,54.5,125.0,32.0,28.0,23.5,15.5,8.0,10.0,6.0,2.5,1.5,155.5,41.0,741.5,5,1,0,1,1,1,1,0,0,0,1,0,0,0,180.34,190.5,170.0,27.0,23.0,0,0,0,0,0,0,0,0,0,1,0,0,0,0,0,1,0,0,0,0,1,0,0,0
Blue,False,0.25,0.5,0.4275,0.5375,0.33,0.375,0.75,0.25,0.0,0.0,40.75,17.5,51.0,26.75,44.0,20.75,71.0,43.75,1.75,1.0,2.5,0.75,23.75,6.5,40.75,18.75,14.5,9.5,4.0,2.25,2.5,1.5,6.25,5.75,30.0,9.5,38.75,17.75,8.75,6.5,6.75,4.25,2.0,1.5,5.5,4.75,53.75,94.5,350.25,4,0,1,0,1,2,1,0,0,0,0,0,2,0,177.8,182.88,155.0,0.5,0.0,0.5249999999999999,0.485,0.5,0.25,1.5,0.0,0.5,0.0,40.0,16.0,30.5,10.0,44.5,20.0,35.0,14.5,0.5,0.5,2.0,1.0,31.0,10.5,26.5,6.5,7.5,4.5,2.5,2.0,1.5,1.0,1.5,1.5,32.5,9.0,23.5,7.5,1.5,1.5,1.5,1.0,6.0,5.5,5.5,1.5,28.5,55.5,225.5,3,0,2,0,2,2,0,0,0,0,0,1,1,0,175.26,187.96,155.0,25.0,29.0,0,0,0,0,0,0,1,0,0,0,0,0,0,0,0,0,0,1,0,0,1,0,0,0
Red,False,0.875,0.25,0.40125,0.3612499999999999,0.0,0.035,0.25,0.0,0.0,0.0,92.75,35.375,101.125,31.75,93.375,36.0,103.375,33.5,0.5,0.0,0.875,0.25,77.875,24.125,75.75,18.375,7.125,4.625,22.375,10.75,7.75,6.625,3.0,2.625,88.875,32.875,95.625,28.75,1.625,0.5,3.625,1.75,2.25,2.0,1.875,1.25,15.0,26.875,477.875,8,0,0,1,3,3,1,0,0,0,0,2,1,0,182.88,182.88,145.0,0.0625,0.125,0.2072265625,0.38482421875,0.13421875,0.751953125,2.2265625,0.05859375,0.0,0.25,117.23828125,26.078125,82.130859375,30.29296875,140.296875,46.12890625,95.697265625,42.88671875,6.255859375,0.71875,0.7578125,0.75390625,102.44140625,18.6328125,60.40234375,18.345703125,14.078125,6.7265625,12.953125,7.203125,0.71875,0.71875,8.775390625,4.744140625,103.125,17.7265625,78.26953125,27.44140625,4.828125,2.84375,1.078125,0.859375,9.28515625,5.5078125,2.783203125,1.9921875,176.255859375,62.294921875,748.025390625,22,0,1,0,5,7,3,0,0,0,5,2,0,0,177.8,180.34,145.0,25.0,30.0,0,0,1,0,0,0,0,0,0,0,0,0,0,0,0,0,0,1,0,0,1,0,0,0
Blue,False,0.0,0.0,0.232216796875,0.3277929687499999,0.114423828125,0.05296875,0.134765625,0.00390625,0.0,0.015625,127.3955078125,28.9921875,104.388671875,34.1298828125,135.7158203125,36.970703125,106.40625,36.0537109375,7.2509765625,0.892578125,0.94921875,0.171875,97.1240234375,16.208984375,83.3798828125,21.255859375,21.6171875,6.8544921875,11.5859375,6.0859375,8.654296875,5.9287109375,9.4228515625,6.7880859375,117.2978515625,22.47265625,97.0927734375,30.376953125,3.8603515625,2.62109375,4.2646484375,2.0341796875,6.2373046875,3.8984375,3.03125,1.71875,70.916015625,22.2080078125,861.0615234375,29,0,5,0,5,8,3,0,0,0,5,0,3,0,187.96,200.66,205.0,0.34375,0.0,0.40875,0.4734374999999999,0.21875,0.25,0.1875,1.25,0.0,0.0,121.40625,39.625,139.65625,76.53125,134.3125,51.5625,151.46875,88.34375,4.15625,0.78125,3.53125,1.5,100.96875,29.0625,109.40625,49.875,20.375,10.5,14.625,13.03125,0.0625,0.0625,15.625,13.625,82.46875,20.8125,109.0,55.125,29.78125,12.4375,28.15625,20.40625,9.15625,6.375,2.5,1.0,52.53125,186.0625,892.03125,13,1,5,0,5,5,1,0,0,0,1,1,2,1,187.96,193.04,205.0,30.0,34.0,0,0,0,0,0,1,0,0,0,0,0,0,0,0,0,1,0,0,0,0,1,0,0,0
Red,False,0.0,0.25,0.285,0.4925,0.125,0.665,0.75,0.5,0.75,0.25,32.5,9.25,65.0,29.25,54.0,29.5,111.0,72.0,4.0,0.25,3.0,2.0,23.0,4.25,53.25,22.0,2.0,0.75,5.75,4.5,7.5,4.25,6.0,2.75,28.0,7.75,23.0,6.25,3.75,1.25,6.75,3.0,0.75,0.25,35.25,20.0,121.0,240.75,591.5,7,0,0,3,0,0,3,0,0,0,0,0,0,0,172.72,167.64,155.0,0.5,0.0,0.56,0.275,0.385,0.5,1.5,1.0,0.5,0.5,36.0,20.5,52.5,16.5,69.0,51.5,82.5,45.0,7.5,2.5,2.0,1.5,34.0,19.0,44.5,10.5,0.0,0.0,4.0,3.0,2.0,1.5,4.0,3.0,15.5,5.5,36.0,7.5,0.5,0.0,3.5,2.0,20.0,15.0,13.0,7.0,488.0,230.0,900.0,6,0,1,0,1,1,1,0,0,0,1,0,0,0,180.34,185.42,155.0,32.0,31.0,0,0,0,0,0,0,1,0,0,0,0,0,0,0,0,0,0,1,0,0,1,0,0,0
Blue,False,0.0,0.75,0.3375,0.3675,0.5900000000000001,0.165,0.5,0.0,0.25,0.75,72.75,25.0,77.5,27.75,134.0,71.0,113.75,60.5,10.25,6.25,0.75,0.5,57.25,13.5,62.0,19.5,4.5,2.5,11.25,5.75,11.0,9.0,4.25,2.5,56.5,14.75,57.75,15.75,5.25,3.5,4.5,2.5,11.0,6.75,15.25,9.5,404.75,63.5,900.0,9,0,1,0,1,2,1,0,0,0,2,0,0,0,162.56,165.1,125.0,0.0,0.515625,0.3740234375,0.359296875,0.3728125,0.163125,0.15625,0.59765625,0.25,0.15625,80.05859375,31.85546875,103.8046875,36.96484375,110.76171875,55.92578125,109.44140625,41.6484375,8.671875,5.2109375,4.52734375,1.265625,67.703125,22.24609375,88.64453125,27.09375,8.9296875,6.46875,12.25,7.1484375,3.42578125,3.140625,2.91015625,2.72265625,60.5234375,17.234375,86.51953125,26.98046875,14.78125,10.98046875,14.2734375,8.421875,4.75390625,3.640625,3.01171875,1.5625,269.4921875,88.09765625,707.17578125,21,0,2,0,2,4,5,0,0,0,2,1,1,0,165.1,167.64,135.0,29.0,32.0,0,0,0,1,0,0,0,0,0,0,0,0,0,0,0,0,0,1,0,0,1,0,0,0
Red,False,0.0,0.0,0.57,0.53,0.12,0.37,0.0,0.0,0.0,0.0,77.0,44.0,67.0,36.0,135.0,98.0,114.0,76.0,8.0,1.0,8.0,3.0,51.0,21.0,35.0,11.0,7.0,5.0,18.0,13.0,19.0,18.0,14.0,12.0,48.0,20.0,44.0,21.0,17.0,16.0,13.0,9.0,12.0,8.0,10.0,6.0,352.0,181.0,900.0,3,0,1,0,1,1,0,0,0,1,0,0,0,0,190.5,190.5,205.0,0.0078125,0.53125,0.409375,0.4809374999999999,0.0390625,0.149140625,0.15625,0.03125,0.0078125,0.0,94.0390625,54.2734375,65.796875,25.53125,109.4609375,68.4765625,78.140625,35.71875,0.1640625,0.078125,4.2109375,1.1484375,71.453125,38.5234375,52.59375,15.3359375,22.203125,15.3671875,6.25,3.484375,0.3828125,0.3828125,6.953125,6.7109375,80.1953125,43.390625,44.328125,11.15625,12.6015625,9.9765625,11.765625,7.3203125,1.2421875,0.90625,9.703125,7.0546875,27.171875,171.515625,456.15625,21,0,1,0,3,4,4,0,0,1,2,1,0,0,185.42,190.5,205.0,27.0,34.0,0,0,0,0,0,1,0,0,0,0,0,0,0,0,0,1,0,0,0,0,1,0,0,0
Red,True,0.46875,0.015625,0.527265625,0.23828125,0.5109374999999999,0.0,0.75,0.015625,0.0,0.0,56.1953125,28.1640625,90.7578125,25.0859375,61.078125,33.0078125,126.921875,61.1875,6.4765625,4.3203125,2.546875,0.0,45.546875,19.5078125,77.734375,16.6484375,2.546875,1.7578125,7.5859375,5.4921875,8.1015625,6.8984375,5.4375,2.9453125,45.9453125,21.625,85.3828125,22.75,4.078125,2.078125,4.328125,1.2890625,6.171875,4.4609375,1.046875,1.046875,210.8515625,4.53125,642.890625,16,1,2,0,5,7,1,0,0,0,3,4,0,0,167.64,167.64,145.0,0.09375,0.0,0.4440625,0.259375,0.7246874999999999,0.1196875,1.03125,0.0,0.0,0.0,124.625,53.71875,147.34375,36.53125,141.71875,69.84375,171.09375,57.75,2.78125,2.40625,5.46875,0.8125,94.875,32.4375,106.875,16.71875,15.53125,8.84375,13.5625,7.25,14.21875,12.4375,26.90625,12.5625,115.59375,48.15625,129.15625,26.78125,3.8125,3.3125,6.46875,5.125,5.21875,2.25,11.71875,4.625,259.5,153.84375,1304.9375,25,6,6,0,6,6,0,0,0,0,4,2,0,0,170.18,177.8,135.0,29.0,28.0,0,0,1,0,0,0,0,0,0,0,0,0,0,0,0,1,0,0,0,0,1,0,0,0
Blue,False,0.0,0.0,0.4449999999999999,0.525,0.185,0.33,0.5,1.0,0.0,0.0,57.0,26.0,67.0,36.0,63.0,31.0,82.5,51.0,6.0,1.0,1.5,1.0,42.5,13.0,29.0,7.0,5.0,4.0,27.0,20.5,9.5,9.0,11.0,8.5,47.0,19.5,53.0,24.0,10.0,6.5,13.5,11.5,0.0,0.0,0.5,0.5,251.0,99.5,709.0,5,0,0,2,0,0,2,0,0,0,0,0,0,0,182.88,185.42,170.0,0.0,0.0,0.41625,0.315,0.12875,0.93625,0.375,0.625,0.25,0.125,36.75,12.625,45.875,15.875,47.3125,22.4375,60.6875,28.75,3.875,0.75,1.375,1.1875,28.8125,6.8125,39.0625,10.5625,3.5,2.375,3.75,3.25,4.4375,3.4375,3.0625,2.0625,30.5,9.6875,36.125,10.5,3.25,2.0625,3.75,1.75,3.0,0.875,6.0,3.625,94.25,93.0625,457.625,10,0,0,2,1,1,4,0,0,0,0,0,1,0,177.8,180.34,155.0,24.0,35.0,0,0,0,0,0,0,1,0,0,0,0,0,0,0,0,1,0,0,0,0,1,0,0,0
Red,False,0.015625,0.0,0.45,0.4275,0.25,0.2,0.148468017578125,0.098388671875,0.0,0.0,66.5,29.6875,64.31230545043945,27.34375,89.75,48.0,85.53125,44.41152191162109,2.0,0.75,2.0546875,0.75,51.1875,18.3359375,49.6123046875,16.280410766601562,7.5,5.07647705078125,7.5,5.0,4.5,3.625,4.984375,3.9375,48.6875,17.0,47.11572265625,16.5,5.75,3.75,5.3125,3.4375,5.0625,3.5,3.875,2.5,99.2119140625,94.125,638.5,0,0,0,0,0,0,0,0,0,0,0,0,0,0,177.8,180.34,155.0,0.0,0.0,0.31,0.36,0.2,0.0,0.0,0.0,0.0,0.0,140.0,44.0,111.0,41.0,153.0,56.0,143.0,69.0,10.0,2.0,1.0,0.0,114.0,27.0,94.0,28.0,23.0,15.0,12.0,9.0,3.0,2.0,5.0,4.0,118.0,29.0,88.0,26.0,22.0,15.0,21.0,13.0,0.0,0.0,2.0,2.0,223.0,181.0,900.0,3,0,1,0,1,1,0,0,0,0,1,0,0,0,177.8,180.34,170.0,24.0,28.0,0,0,0,0,0,0,1,0,0,0,0,0,0,0,0,1,0,0,0,0,1,0,0,0
Blue,False,0.0,0.0,0.415,0.41,0.625,0.25,0.0,1.0,0.0,0.0,122.0,49.5,97.0,35.0,127.0,54.5,107.0,43.5,6.5,2.0,1.0,0.5,97.5,32.5,81.0,24.5,12.5,6.5,13.5,9.0,12.0,10.5,2.5,1.5,106.0,39.0,82.5,26.0,10.5,6.0,14.0,8.5,5.5,4.5,0.5,0.5,116.0,52.0,586.0,5,0,1,0,1,1,1,0,0,0,0,1,0,0,180.34,187.96,145.0,0.5,0.0,0.473125,0.376875,0.3775,0.364375,0.75,0.0,0.28125,0.125,81.90625,36.5625,100.90625,39.21875,99.15625,51.8125,132.125,66.8125,2.875,1.375,3.71875,1.875,59.71875,21.375,68.40625,18.34375,14.03125,9.4375,24.875,14.65625,8.15625,5.75,7.625,6.21875,55.09375,19.90625,79.3125,29.71875,13.78125,8.15625,16.46875,7.78125,13.03125,8.5,5.125,1.71875,198.8125,143.3125,814.0,16,0,0,1,1,3,3,0,0,0,2,1,0,0,172.72,185.42,135.0,24.0,26.0,0,0,1,0,0,0,0,0,0,0,0,0,0,0,0,1,0,0,0,0,1,0,0,0
Red,False,0.015625,0.0,0.45,0.4275,0.25,0.2,0.148468017578125,0.098388671875,0.0,0.0,66.5,29.6875,64.31230545043945,27.34375,89.75,48.0,85.53125,44.41152191162109,2.0,0.75,2.0546875,0.75,51.1875,18.3359375,49.6123046875,16.280410766601562,7.5,5.07647705078125,7.5,5.0,4.5,3.625,4.984375,3.9375,48.6875,17.0,47.11572265625,16.5,5.75,3.75,5.3125,3.4375,5.0625,3.5,3.875,2.5,99.2119140625,94.125,638.5,0,0,0,0,0,0,0,0,0,0,0,0,0,0,170.18,170.18,135.0,0.125,0.0,0.4599999999999999,0.235,0.48,0.04125,2.875,0.375,0.125,0.0,72.75,34.25,52.125,12.75,99.125,59.625,83.25,39.125,2.625,1.375,6.125,0.375,54.75,19.0,45.375,7.75,12.75,11.125,2.5,2.5,5.25,4.125,4.25,2.5,52.5,20.125,42.25,8.125,11.125,7.875,7.5,4.25,9.125,6.25,2.375,0.375,133.125,247.125,607.25,8,0,0,1,3,3,1,0,0,0,1,0,2,0,165.1,165.1,135.0,26.0,29.0,1,0,0,0,0,0,0,0,0,0,0,0,0,0,0,1,0,0,0,0,0,0,1,0
Red,False,0.0,0.0,0.65,0.55,0.0,0.6,0.0,0.0,0.0,0.0,75.0,49.0,83.0,46.0,144.0,117.0,126.0,86.0,2.0,0.0,5.0,3.0,35.0,16.0,63.0,28.0,30.0,26.0,16.0,15.0,10.0,7.0,4.0,3.0,45.0,25.0,48.0,19.0,29.0,24.0,13.0,11.0,1.0,0.0,22.0,16.0,148.0,384.0,767.0,3,0,0,1,0,0,1,0,0,0,0,0,0,0,180.34,180.34,155.0,0.0,0.0,0.38,0.4,0.22,0.0,0.0,0.0,0.0,0.0,116.0,45.0,174.0,71.0,117.0,46.0,175.0,72.0,9.0,2.0,0.0,0.0,96.0,30.0,127.0,30.0,18.0,13.0,23.0,18.0,2.0,2.0,24.0,23.0,111.0,41.0,161.0,64.0,5.0,4.0,12.0,6.0,0.0,0.0,1.0,1.0,65.0,14.0,900.0,3,1,0,1,0,0,1,0,0,0,0,0,0,0,175.26,177.8,155.0,28.0,25.0,0,0,0,0,0,0,1,0,0,0,0,0,0,0,0,0,0,0,1,0,0,0,1,0
Red,False,0.0,0.0,0.39,0.33,0.33,0.37,0.0,2.0,0.0,0.0,156.0,61.0,121.0,41.0,180.0,84.0,152.0,69.0,6.0,2.0,8.0,3.0,133.0,46.0,100.0,29.0,5.0,3.0,13.0,8.0,18.0,12.0,8.0,4.0,116.0,38.0,100.0,28.0,13.0,7.0,12.0,7.0,27.0,16.0,9.0,6.0,215.0,211.0,900.0,3,0,1,0,1,1,0,0,0,1,0,0,0,0,182.88,180.34,170.0,0.0,0.0,0.64,0.12,1.0,0.0,0.0,0.0,0.0,0.0,75.0,48.0,32.0,4.0,161.0,131.0,72.0,44.0,4.0,4.0,1.0,0.0,43.0,24.0,27.0,3.0,26.0,22.0,5.0,1.0,6.0,2.0,0.0,0.0,26.0,9.0,29.0,2.0,9.0,9.0,3.0,2.0,40.0,30.0,0.0,0.0,640.0,2.0,900.0,3,0,1,0,1,1,0,0,0,0,1,0,0,0,185.42,187.96,170.0,26.0,33.0,0,0,0,0,0,0,0,0,0,1,0,0,0,0,0,1,0,0,0,0,1,0,0,0
Red,False,3.0,0.0,0.59,0.44,0.33,0.0,1.0,1.0,0.0,0.0,202.0,120.0,277.0,122.0,248.0,166.0,282.0,126.0,3.0,1.0,0.0,0.0,127.0,60.0,239.0,92.0,14.0,13.0,35.0,27.0,61.0,47.0,3.0,3.0,193.0,113.0,273.0,119.0,2.0,1.0,1.0,1.0,7.0,6.0,3.0,2.0,379.0,19.0,1500.0,5,0,1,0,1,1,0,0,0,0,1,0,0,0,177.8,177.8,170.0,0.0,0.125,0.35044921875,0.34736328125,0.36318359375,0.04703125,0.14453125,0.001953125,0.001953125,0.126953125,157.271484375,55.533203125,93.1796875,33.55859375,185.30859375,81.521484375,113.005859375,51.841796875,1.998046875,1.099609375,6.818359375,0.578125,128.95703125,38.384765625,74.529296875,19.166015625,25.39453125,15.908203125,10.50390625,7.173828125,2.919921875,1.240234375,8.146484375,7.21875,148.291015625,51.244140625,77.07421875,22.388671875,2.17578125,1.109375,7.44140625,4.669921875,6.8046875,3.1796875,8.6640625,6.5,130.9375,142.869140625,886.359375,25,0,1,0,5,8,2,0,0,0,5,2,1,0,182.88,193.04,170.0,28.0,25.0,0,0,0,0,0,0,0,0,0,1,0,0,0,0,0,0,0,0,1,0,1,0,0,0
Red,False,0.5,0.0,0.4599999999999999,0.555,0.0,0.5,0.0,0.0,0.5,0.5,52.0,19.5,32.5,15.0,61.0,27.0,69.0,48.5,0.5,0.0,1.0,1.0,40.0,10.5,20.5,7.0,6.0,3.5,4.5,3.5,6.0,5.5,7.5,4.5,40.5,12.5,28.5,12.0,2.0,1.5,2.0,2.0,9.5,5.5,2.0,1.0,114.0,163.0,600.0,4,0,0,1,1,1,1,0,0,0,0,0,0,1,172.72,175.26,155.0,0.0,0.0,0.4,0.38,0.0,0.22,0.0,0.0,0.0,0.0,174.0,71.0,116.0,45.0,175.0,72.0,117.0,46.0,0.0,0.0,9.0,2.0,127.0,30.0,96.0,30.0,23.0,18.0,18.0,13.0,24.0,23.0,2.0,2.0,161.0,64.0,111.0,41.0,12.0,6.0,5.0,4.0,1.0,1.0,0.0,0.0,14.0,65.0,900.0,3,1,1,0,1,1,0,0,0,1,0,0,0,0,177.8,180.34,170.0,29.0,28.0,0,0,0,0,0,0,1,0,0,0,0,0,0,0,0,1,0,0,0,0,1,0,0,0
Red,False,0.0,0.0,0.290625,0.3268749999999999,0.458125,0.2625,1.5,0.0625,0.5,0.8125,61.75,21.0,75.875,28.6875,102.3125,55.5,93.5625,44.875,6.0,2.375,1.75,0.5625,56.125,17.1875,62.5625,18.3125,4.4375,2.9375,10.125,7.6875,1.1875,0.875,3.1875,2.6875,56.375,18.5,68.0625,25.1875,4.5,1.875,6.875,2.9375,0.875,0.625,0.9375,0.5625,249.5,68.9375,615.5625,13,0,2,0,2,4,1,0,0,0,0,0,4,0,172.72,172.72,135.0,0.03125,0.015625,0.4142187499999999,0.33,0.58078125,0.125,0.375,1.265625,0.0,0.0,148.515625,65.875,90.359375,28.03125,161.578125,77.28125,97.921875,34.828125,4.125,1.921875,1.84375,0.5,119.015625,45.734375,58.609375,7.734375,11.234375,6.25,16.46875,9.8125,18.265625,13.890625,15.28125,10.484375,132.34375,56.15625,87.046875,26.4375,4.578125,1.703125,3.3125,1.59375,11.59375,8.015625,0.0,0.0,103.453125,42.40625,809.21875,17,0,0,1,6,6,1,0,0,1,3,1,1,0,165.1,167.64,135.0,30.0,32.0,1,0,0,0,0,0,0,0,0,0,0,0,0,0,0,1,0,0,0,0,1,0,0,0
Red,False,0.25,0.0,0.398125,0.45421875,0.0259375,0.6796875,0.03125,0.0,0.03125,0.0,79.671875,31.375,99.734375,46.046875,85.3125,36.46875,128.640625,71.171875,0.375,0.046875,8.484375,5.21875,58.1875,17.359375,62.546875,18.875,16.0625,10.140625,14.640625,9.25,5.421875,3.875,22.546875,17.921875,73.5,27.078125,64.65625,18.59375,5.296875,3.734375,20.984375,16.546875,0.875,0.5625,14.09375,10.90625,5.5625,336.34375,793.0,20,0,0,1,1,3,4,0,0,0,2,1,0,0,185.42,190.5,155.0,1.0078125,0.0,0.338359375,0.4459375,0.46125,0.314453125,0.625,1.203125,0.015625,0.0078125,75.8515625,24.4609375,65.46875,32.3828125,79.7421875,28.0,96.9921875,58.6328125,1.8203125,1.15625,2.359375,1.0703125,57.078125,13.5859375,48.9140625,20.7421875,13.390625,6.453125,8.5625,6.765625,5.3828125,4.421875,7.9921875,4.875,62.0,15.953125,42.3046875,17.421875,4.765625,2.796875,6.109375,4.5546875,9.0859375,5.7109375,17.0546875,10.40625,29.9140625,244.046875,657.0078125,19,0,2,0,2,5,3,0,0,1,1,3,0,0,172.72,182.88,155.0,34.0,29.0,0,0,0,0,0,0,1,0,0,0,0,0,0,0,0,1,0,0,0,0,0,0,0,1
Red,False,0.0,0.0,0.495,0.425,0.37,0.125,0.5,0.5,0.0,0.5,37.5,18.5,65.5,29.5,63.5,38.0,115.5,75.5,9.0,2.5,2.5,0.5,24.0,8.0,50.0,16.5,7.0,4.0,9.5,7.5,6.5,6.5,6.0,5.5,24.5,8.0,51.0,18.5,9.5,9.0,8.0,5.5,3.5,1.5,6.5,5.5,421.5,120.0,900.0,6,0,0,1,1,1,1,0,0,1,0,0,0,0,175.26,175.26,185.0,0.0,0.0,0.7,0.41,1.0,0.5,0.0,0.0,0.0,0.0,103.0,73.0,31.0,13.0,132.0,98.0,37.0,18.0,3.0,3.0,4.0,2.0,82.0,57.0,23.0,9.0,15.0,10.0,7.0,3.0,6.0,6.0,1.0,1.0,38.0,21.0,22.0,7.0,13.0,11.0,9.0,6.0,52.0,41.0,0.0,0.0,244.0,201.0,581.0,2,1,1,0,1,1,0,0,0,0,0,1,0,0,185.42,190.5,185.0,27.0,26.0,0,0,0,0,0,0,0,1,0,0,0,0,0,0,0,1,0,0,0,0,1,0,0,0
Blue,False,0.015625,0.0,0.45,0.4275,0.25,0.2,0.148468017578125,0.098388671875,0.0,0.0,66.5,29.6875,64.31230545043945,27.34375,89.75,48.0,85.53125,44.41152191162109,2.0,0.75,2.0546875,0.75,51.1875,18.3359375,49.6123046875,16.280410766601562,7.5,5.07647705078125,7.5,5.0,4.5,3.625,4.984375,3.9375,48.6875,17.0,47.11572265625,16.5,5.75,3.75,5.3125,3.4375,5.0625,3.5,3.875,2.5,99.2119140625,94.125,638.5,0,0,0,0,0,0,0,0,0,0,0,0,0,0,170.18,172.72,125.0,1.0,0.0,0.34,0.27,0.0,0.0,1.0,1.0,0.0,0.0,29.0,10.0,11.0,3.0,39.0,20.0,11.0,3.0,1.0,0.0,0.0,0.0,22.0,7.0,8.0,2.0,2.0,0.0,2.0,1.0,5.0,3.0,1.0,0.0,21.0,7.0,11.0,3.0,1.0,0.0,0.0,0.0,7.0,3.0,0.0,0.0,113.0,0.0,186.0,1,0,1,0,1,1,0,0,0,0,0,0,1,0,177.8,175.26,125.0,33.0,26.0,0,0,0,1,0,0,0,0,0,0,0,0,0,0,0,1,0,0,0,0,1,0,0,0
Blue,False,0.015625,0.0,0.45,0.4275,0.25,0.2,0.148468017578125,0.098388671875,0.0,0.0,66.5,29.6875,64.31230545043945,27.34375,89.75,48.0,85.53125,44.41152191162109,2.0,0.75,2.0546875,0.75,51.1875,18.3359375,49.6123046875,16.280410766601562,7.5,5.07647705078125,7.5,5.0,4.5,3.625,4.984375,3.9375,48.6875,17.0,47.11572265625,16.5,5.75,3.75,5.3125,3.4375,5.0625,3.5,3.875,2.5,99.2119140625,94.125,638.5,0,0,0,0,0,0,0,0,0,0,0,0,0,0,180.34,177.8,155.0,0.0,0.0,0.41,0.5,0.66,0.0,0.0,1.0,0.0,0.0,24.0,10.0,12.0,6.0,45.0,29.0,20.0,13.0,3.0,2.0,0.0,0.0,22.0,9.0,6.0,2.0,0.0,0.0,5.0,3.0,2.0,1.0,1.0,1.0,5.0,1.0,7.0,3.0,0.0,0.0,2.0,1.0,19.0,9.0,3.0,2.0,221.0,33.0,297.0,1,0,1,0,1,1,0,0,0,0,0,1,0,0,180.34,180.34,155.0,30.0,28.0,0,0,0,0,0,0,1,0,0,0,0,0,0,0,0,1,0,0,0,0,1,0,0,0
Red,False,0.015625,0.0,0.45,0.4275,0.25,0.2,0.148468017578125,0.098388671875,0.0,0.0,66.5,29.6875,64.31230545043945,27.34375,89.75,48.0,85.53125,44.41152191162109,2.0,0.75,2.0546875,0.75,51.1875,18.3359375,49.6123046875,16.280410766601562,7.5,5.07647705078125,7.5,5.0,4.5,3.625,4.984375,3.9375,48.6875,17.0,47.11572265625,16.5,5.75,3.75,5.3125,3.4375,5.0625,3.5,3.875,2.5,99.2119140625,94.125,638.5,0,0,0,0,0,0,0,0,0,0,0,0,0,0,193.04,193.04,170.0,1.0,0.0,0.365,0.385,0.5,0.285,0.0,0.0,0.5,0.0,46.0,19.0,48.5,26.0,60.0,28.0,62.5,38.5,0.5,0.5,6.0,2.0,42.5,16.5,34.0,16.0,2.5,1.5,10.0,5.5,1.0,1.0,4.5,4.5,27.0,8.5,31.0,12.5,5.0,3.5,7.5,7.0,14.0,7.0,10.0,6.5,68.0,161.5,568.0,4,0,0,1,1,1,1,0,0,0,0,1,0,0,180.34,185.42,170.0,24.0,22.0,0,0,0,0,0,0,0,0,0,1,0,0,0,0,0,1,0,0,0,0,1,0,0,0
Red,False,0.0,1.0,0.51,0.39,0.5,0.66,0.0,0.0,1.0,0.0,43.0,22.0,73.0,29.0,45.0,24.0,128.0,83.0,2.0,1.0,3.0,2.0,20.0,8.0,70.0,27.0,3.0,1.0,2.0,2.0,20.0,13.0,1.0,0.0,39.0,20.0,34.0,4.0,2.0,1.0,0.0,0.0,2.0,1.0,39.0,25.0,88.0,488.0,900.0,3,0,0,1,0,0,1,0,0,0,0,0,0,0,190.5,187.96,155.0,0.0,0.25,0.3725,0.46,0.515,0.375,0.25,0.0,0.0,0.5,95.75,32.25,111.0,44.5,110.75,45.5,141.25,72.5,4.5,1.75,0.75,0.5,82.75,24.75,92.75,31.5,10.25,5.0,13.5,9.5,2.75,2.5,4.75,3.5,84.25,25.0,89.5,32.25,7.5,4.25,12.75,6.75,4.0,3.0,8.75,5.5,274.5,88.75,721.75,7,0,2,0,2,2,1,0,0,0,1,0,1,0,182.88,190.5,170.0,30.0,28.0,0,0,0,0,0,0,0,0,0,1,0,0,0,0,0,0,0,1,0,0,1,0,0,0
Red,False,0.0,0.0,0.41,0.35,0.195,0.14,0.0,0.0,0.0,0.0,69.0,29.0,164.0,56.5,82.5,42.0,189.0,76.5,7.5,1.5,7.0,1.0,46.5,13.5,135.5,35.0,14.5,8.5,18.0,12.5,8.0,7.0,10.5,9.0,63.5,25.0,147.0,41.5,4.5,3.0,17.0,15.0,1.0,1.0,0.0,0.0,188.0,108.5,900.0,6,0,0,1,1,1,1,0,0,0,1,0,0,0,180.34,180.34,170.0,0.0,1.0,0.27,0.58,0.6,0.25,1.0,2.0,0.0,0.0,40.0,11.0,65.0,38.0,46.0,16.0,103.0,60.0,5.0,3.0,4.0,1.0,33.0,7.0,59.0,33.0,5.0,3.0,4.0,3.0,2.0,1.0,2.0,2.0,37.0,9.0,36.0,17.0,2.0,1.0,5.0,5.0,1.0,1.0,24.0,16.0,122.0,141.0,513.0,2,0,1,0,1,1,0,0,0,0,0,0,1,0,185.42,190.5,170.0,32.0,27.0,0,0,0,0,0,0,0,0,0,1,0,0,0,0,0,1,0,0,0,0,1,0,0,0
Blue,False,0.27734375,0.0,0.4823437499999999,0.3166796875,0.0,0.1873046875,0.5,0.01171875,0.0,0.5,174.80859375,89.38671875,177.80078125,57.5078125,186.9375,99.734375,182.01953125,60.9765625,0.03125,0.0,9.390625,1.66796875,145.0703125,66.6953125,134.3671875,31.26953125,24.78125,19.625,23.69140625,11.26171875,4.95703125,3.06640625,19.7421875,14.9765625,128.41015625,52.2265625,157.453125,45.3828125,23.60546875,16.71875,14.88671875,9.0546875,22.79296875,20.44140625,5.4609375,3.0703125,79.66015625,143.05859375,781.47265625,23,0,0,1,3,6,3,0,0,1,1,3,1,0,180.34,175.26,145.0,0.0,0.625,0.43375,0.54625,0.04125,0.26125,0.0,0.5,0.0,0.0,55.875,23.875,77.375,38.625,57.875,25.75,88.25,49.25,1.25,0.25,2.375,0.375,44.625,15.625,63.25,27.875,7.625,5.125,9.75,7.5,3.625,3.125,4.375,3.25,51.0,20.625,59.875,23.625,4.875,3.25,13.25,11.0,0.0,0.0,4.25,4.0,40.0,85.375,402.25,9,0,3,0,3,3,1,0,0,1,1,0,0,0,172.72,172.72,145.0,22.0,32.0,0,0,1,0,0,0,0,0,0,0,0,0,0,0,0,1,0,0,0,0,1,0,0,0
Red,False,0.015625,0.0,0.45,0.4275,0.25,0.2,0.148468017578125,0.098388671875,0.0,0.0,66.5,29.6875,64.31230545043945,27.34375,89.75,48.0,85.53125,44.41152191162109,2.0,0.75,2.0546875,0.75,51.1875,18.3359375,49.6123046875,16.280410766601562,7.5,5.07647705078125,7.5,5.0,4.5,3.625,4.984375,3.9375,48.6875,17.0,47.11572265625,16.5,5.75,3.75,5.3125,3.4375,5.0625,3.5,3.875,2.5,99.2119140625,94.125,638.5,0,0,0,0,0,0,0,0,0,0,0,0,0,0,175.26,175.26,145.0,0.0206451416015625,0.312652587890625,0.3553033447265624,0.32585693359375,0.641046142578125,0.756317138671875,0.00439453125,0.0626373291015625,0.251007080078125,0.00103759765625,153.07752990722656,55.52047729492188,75.18095397949219,25.01644897460937,268.1386108398437,145.05055236816406,90.90110778808594,37.15681457519531,2.963119506835937,1.5176239013671875,2.10455322265625,1.83001708984375,116.20449829101562,30.696517944335938,59.38392639160156,17.560821533203125,12.480255126953123,6.7552337646484375,7.7141265869140625,3.361663818359375,24.39277648925781,18.0687255859375,8.082901000976562,4.093963623046875,128.92984008789062,40.5765380859375,57.28788757324219,16.364776611328125,7.575057983398437,2.52716064453125,3.94866943359375,1.42950439453125,16.5726318359375,12.416778564453123,13.94439697265625,7.22216796875,284.3945770263672,110.8472900390625,834.1842193603516,39,0,0,1,4,10,7,0,0,0,5,3,2,0,167.64,177.8,145.0,28.0,35.0,0,0,1,0,0,0,0,0,0,0,0,0,0,0,0,0,0,0,1,0,1,0,0,0
Blue,False,0.468994140625,0.0,0.4760153198242187,0.4752130126953125,0.5670932006835938,0.137525634765625,0.5086669921875,0.14581298828125,0.250152587890625,0.314483642578125,95.67840576171876,37.142852783203125,66.06396484375,28.291778564453125,116.4354248046875,56.5704345703125,77.33544921875,37.64996337890625,3.05364990234375,2.021942138671875,1.5615234375,0.32269287109375,77.50149536132812,24.96728515625,53.703948974609375,19.46884155273437,14.214569091796877,8.467742919921875,7.1494140625,4.368408203125,3.96234130859375,3.70782470703125,5.210601806640625,4.45452880859375,73.3529052734375,23.277587890625,58.320343017578125,23.353912353515625,6.537841796875,2.804107666015625,6.479736328125,3.724884033203125,15.78765869140625,11.0611572265625,1.263885498046875,1.212982177734375,254.59591674804688,31.909942626953125,631.7931213378906,41,0,0,1,6,10,6,0,0,2,4,2,2,0,175.26,180.34,170.0,0.0,0.0,0.6475,0.28625,0.9375,0.0,1.0,0.0,0.0,0.0,28.25,16.875,57.375,16.0,37.875,25.625,61.25,19.125,1.375,1.125,0.5,0.0,24.125,13.125,42.25,6.625,2.875,2.5,9.375,5.875,1.25,1.25,5.75,3.5,16.5,8.0,45.875,8.0,2.625,1.75,11.375,7.875,9.125,7.125,0.125,0.125,131.25,29.0,502.25,7,0,4,0,4,4,0,0,0,0,1,0,3,0,180.34,182.88,170.0,30.0,26.0,0,0,0,0,0,0,0,0,0,1,0,0,0,0,0,0,0,1,0,0,0,0,0,1
Red,False,0.015625,0.0,0.45,0.4275,0.25,0.2,0.148468017578125,0.098388671875,0.0,0.0,66.5,29.6875,64.31230545043945,27.34375,89.75,48.0,85.53125,44.41152191162109,2.0,0.75,2.0546875,0.75,51.1875,18.3359375,49.6123046875,16.280410766601562,7.5,5.07647705078125,7.5,5.0,4.5,3.625,4.984375,3.9375,48.6875,17.0,47.11572265625,16.5,5.75,3.75,5.3125,3.4375,5.0625,3.5,3.875,2.5,99.2119140625,94.125,638.5,0,0,0,0,0,0,0,0,0,0,0,0,0,0,190.5,190.5,185.0,0.0,0.0,0.54,0.625,0.3,0.25,1.0,0.25,0.75,0.75,22.25,12.25,22.0,15.25,55.25,39.75,54.75,45.5,2.5,1.5,1.75,0.5,13.75,6.25,18.25,11.75,6.5,4.25,1.75,1.75,2.0,1.75,2.0,1.75,14.75,6.0,12.75,6.25,4.25,3.5,2.5,2.5,3.25,2.75,6.75,6.5,228.75,112.75,414.25,5,0,0,1,2,2,1,0,0,0,0,0,2,0,195.58,200.66,185.0,26.0,32.0,0,0,0,0,0,0,0,1,0,0,0,0,0,0,0,0,0,1,0,0,1,0,0,0
Blue,False,0.0,0.5,0.665,0.75,0.54,0.0,0.0,0.5,0.0,0.0,81.5,29.0,63.5,41.0,126.0,65.0,77.5,54.0,6.5,1.0,1.0,0.0,63.5,16.0,42.5,21.5,5.5,5.0,6.0,5.5,12.5,8.0,15.0,14.0,73.0,23.0,56.0,34.5,6.0,3.5,5.0,4.0,2.5,2.5,2.5,2.5,138.0,57.0,492.0,4,0,1,0,1,1,1,0,0,0,1,0,0,0,170.18,167.64,145.0,0.0,0.0,0.41,0.63,0.0,0.28,2.0,0.0,0.0,0.0,12.0,5.0,11.0,7.0,13.0,6.0,16.0,11.0,0.0,0.0,7.0,2.0,8.0,3.0,8.0,4.0,3.0,1.0,3.0,3.0,1.0,1.0,0.0,0.0,6.0,2.0,6.0,2.0,2.0,1.0,3.0,3.0,4.0,2.0,2.0,2.0,39.0,168.0,255.0,1,0,1,0,1,1,0,0,0,0,0,0,1,0,185.42,185.42,145.0,27.0,25.0,0,0,1,0,0,0,0,0,0,0,0,0,0,0,0,1,0,0,0,0,1,0,0,0
Blue,False,0.015625,0.0,0.45,0.4275,0.25,0.2,0.148468017578125,0.098388671875,0.0,0.0,66.5,29.6875,64.31230545043945,27.34375,89.75,48.0,85.53125,44.41152191162109,2.0,0.75,2.0546875,0.75,51.1875,18.3359375,49.6123046875,16.280410766601562,7.5,5.07647705078125,7.5,5.0,4.5,3.625,4.984375,3.9375,48.6875,17.0,47.11572265625,16.5,5.75,3.75,5.3125,3.4375,5.0625,3.5,3.875,2.5,99.2119140625,94.125,638.5,0,0,0,0,0,0,0,0,0,0,0,0,0,0,187.96,198.12,205.0,0.0,0.0,0.295,0.2325,0.8325,0.0,0.5,0.0,0.0,0.0,43.5,12.5,40.0,20.5,45.75,13.75,40.25,20.75,1.5,1.0,0.0,0.0,37.25,7.25,32.5,16.0,1.75,1.25,4.5,1.75,4.5,4.0,3.0,2.75,41.25,11.5,39.0,19.75,0.25,0.0,0.5,0.5,2.0,1.0,0.5,0.25,36.5,1.5,334.0,5,0,0,1,2,2,1,0,0,0,0,1,1,0,177.8,185.42,205.0,31.0,31.0,0,0,0,0,0,1,0,0,0,0,0,0,0,0,0,1,0,0,0,0,1,0,0,0
Blue,False,0.0,0.0,0.48,0.52,0.125,0.3399999999999999,0.0,1.0,1.0,0.5,35.5,16.0,27.5,14.5,98.5,73.5,64.0,44.5,3.0,0.5,8.5,2.0,27.5,9.0,14.5,4.5,5.5,4.5,9.0,6.0,2.5,2.5,4.0,4.0,28.0,10.0,18.0,6.5,7.5,6.0,8.0,7.0,0.0,0.0,1.5,1.0,177.0,342.5,749.5,5,0,1,0,1,1,1,0,0,0,1,0,0,0,185.42,195.58,185.0,0.0,0.5,0.55,0.55,0.35,0.2,0.25,1.25,0.75,1.25,29.5,16.75,48.0,31.25,53.75,38.5,78.75,59.75,3.0,0.75,3.0,1.0,21.0,9.25,29.75,16.0,6.75,6.0,10.5,7.75,1.75,1.5,7.75,7.5,20.25,8.25,20.75,9.75,7.0,6.5,7.25,5.75,2.25,2.0,20.0,15.75,244.0,336.5,722.75,7,0,1,0,1,1,2,0,0,0,0,0,1,0,187.96,187.96,185.0,25.0,31.0,0,0,0,0,0,0,0,1,0,0,0,0,0,0,0,0,0,1,0,0,1,0,0,0
Red,False,0.015625,0.0,0.45,0.4275,0.25,0.2,0.148468017578125,0.098388671875,0.0,0.0,66.5,29.6875,64.31230545043945,27.34375,89.75,48.0,85.53125,44.41152191162109,2.0,0.75,2.0546875,0.75,51.1875,18.3359375,49.6123046875,16.280410766601562,7.5,5.07647705078125,7.5,5.0,4.5,3.625,4.984375,3.9375,48.6875,17.0,47.11572265625,16.5,5.75,3.75,5.3125,3.4375,5.0625,3.5,3.875,2.5,99.2119140625,94.125,638.5,0,0,0,0,0,0,0,0,0,0,0,0,0,0,177.8,177.8,155.0,0.0,0.5,0.325,0.455,0.355,0.135,0.0,0.0,0.0,0.0,89.0,29.5,66.5,30.5,106.5,44.0,88.5,48.5,3.5,2.5,6.0,1.5,65.5,13.0,57.0,22.5,13.5,8.0,5.0,4.0,10.0,8.5,4.5,4.0,74.0,22.5,55.0,22.0,9.0,5.0,6.0,3.5,6.0,2.0,5.5,5.0,154.5,154.0,900.0,6,0,1,0,1,1,1,0,0,0,1,0,0,0,175.26,185.42,155.0,24.0,26.0,0,0,0,0,0,0,1,0,0,0,0,0,0,0,0,1,0,0,0,0,1,0,0,0
Red,False,0.0,0.0,0.415,0.3399999999999999,0.5,0.5,0.0,0.5,0.0,0.0,100.5,41.0,127.5,45.5,139.5,77.5,128.0,46.0,3.0,1.0,1.0,0.5,71.0,21.0,94.0,26.0,14.5,8.5,18.5,8.0,15.0,11.5,15.0,11.5,91.0,34.5,117.5,39.5,8.5,6.0,10.0,6.0,1.0,0.5,0.0,0.0,213.5,42.0,880.5,6,0,1,0,1,1,1,0,0,1,0,0,0,0,172.72,177.8,145.0,0.0,0.0,0.36,0.27,0.5,0.0,0.0,0.0,0.0,0.0,95.0,35.0,97.0,27.0,102.0,41.0,97.0,27.0,6.0,3.0,0.0,0.0,78.0,25.0,70.0,13.0,16.0,9.0,12.0,4.0,1.0,1.0,15.0,10.0,73.0,29.0,89.0,24.0,13.0,4.0,8.0,3.0,9.0,2.0,0.0,0.0,43.0,0.0,900.0,3,0,1,0,1,1,0,0,0,0,1,0,0,0,172.72,172.72,145.0,31.0,23.0,0,0,1,0,0,0,0,0,0,0,0,0,0,0,0,1,0,0,0,0,1,0,0,0
Blue,False,0.75,0.0,0.415,0.3325,0.7,0.0,0.0,0.5,0.0,0.0,71.5,27.5,44.5,13.25,86.25,41.75,47.75,16.0,1.75,1.5,1.0,0.0,58.75,21.0,34.25,6.75,7.0,2.75,4.0,2.75,5.75,3.75,6.25,3.75,56.0,19.5,41.25,11.0,0.5,0.5,2.75,2.25,15.0,7.5,0.5,0.0,169.25,11.0,364.25,5,0,3,0,3,3,0,0,0,0,1,2,0,0,175.26,187.96,155.0,1.0,0.0,0.5015625,0.3731640625,0.06255859375,0.2035546875,0.80859375,0.6796875,0.033203125,0.0,91.71875,46.296875,67.0,25.876953125,98.158203125,51.515625,72.638671875,31.087890625,1.982421875,0.396484375,1.275390625,0.44140625,75.486328125,34.193359375,55.1015625,18.298828125,9.25,7.240234375,10.15234375,6.138671875,6.982421875,4.86328125,1.74609375,1.439453125,67.576171875,28.423828125,58.171875,19.994140625,16.787109375,12.51171875,6.736328125,4.23046875,7.35546875,5.361328125,2.091796875,1.65234375,110.357421875,52.470703125,442.9609375,23,0,4,0,4,8,2,0,0,0,3,2,3,0,175.26,182.88,155.0,26.0,25.0,0,0,1,0,0,0,0,0,0,0,0,0,0,0,0,0,0,1,0,0,0,0,1,0
Red,False,0.0,0.0,0.43,0.265,0.495,0.0,0.0,0.0,0.0,0.0,36.5,12.0,7.0,2.0,46.0,19.5,8.0,3.0,3.0,1.5,0.0,0.0,33.5,11.5,3.5,0.5,1.0,0.5,1.5,1.0,2.0,0.0,2.0,0.5,4.0,0.5,5.5,1.0,0.0,0.0,1.5,1.0,32.5,11.5,0.0,0.0,130.0,6.0,182.0,2,0,2,0,2,2,0,0,0,0,0,2,0,0,172.72,175.26,145.0,0.0,0.0,0.83,0.54,1.0,0.42,1.0,3.0,2.0,0.0,42.0,35.0,42.0,23.0,120.0,107.0,80.0,54.0,1.0,1.0,7.0,3.0,30.0,23.0,40.0,21.0,8.0,8.0,2.0,2.0,4.0,4.0,0.0,0.0,22.0,16.0,30.0,16.0,9.0,8.0,4.0,2.0,11.0,11.0,8.0,5.0,353.0,296.0,775.0,3,0,1,0,1,1,0,0,0,0,0,1,0,0,167.64,172.72,145.0,26.0,32.0,0,0,0,0,0,0,0,0,0,0,1,0,0,0,0,1,0,0,0,0,0,0,1,0
Red,False,0.0,0.25,0.4275,0.2875,0.125,0.75,0.25,0.0,0.75,0.0,88.5,40.5,85.0,26.75,100.0,49.0,88.5,29.75,0.5,0.25,1.0,1.0,69.0,26.5,58.5,10.25,8.0,6.25,14.5,6.75,11.5,7.75,12.0,9.75,80.25,37.0,76.25,23.0,4.0,1.75,4.25,1.5,4.25,1.75,4.5,2.25,99.5,37.5,429.25,5,0,1,0,1,2,1,0,0,0,0,1,1,0,187.96,185.42,170.0,0.0,0.6875,0.5675,0.278125,0.609375,0.415,1.125,0.625,0.0,0.0625,92.0,52.125,90.625,25.6875,136.0625,90.1875,111.1875,45.1875,3.0,1.75,6.625,1.875,67.9375,33.5625,67.5,11.3125,14.3125,11.9375,17.1875,8.625,9.75,6.625,5.9375,5.75,57.5,29.125,78.5,19.8125,12.5625,10.5,6.125,3.6875,21.9375,12.5,6.0,2.1875,324.625,128.0,881.1875,14,0,2,0,2,4,1,0,0,0,3,0,1,0,180.34,187.96,170.0,28.0,29.0,0,0,0,0,0,0,1,0,0,0,0,0,0,0,0,1,0,0,0,0,1,0,0,0
Red,False,0.015625,0.0,0.45,0.4275,0.25,0.2,0.148468017578125,0.098388671875,0.0,0.0,66.5,29.6875,64.31230545043945,27.34375,89.75,48.0,85.53125,44.41152191162109,2.0,0.75,2.0546875,0.75,51.1875,18.3359375,49.6123046875,16.280410766601562,7.5,5.07647705078125,7.5,5.0,4.5,3.625,4.984375,3.9375,48.6875,17.0,47.11572265625,16.5,5.75,3.75,5.3125,3.4375,5.0625,3.5,3.875,2.5,99.2119140625,94.125,638.5,0,0,0,0,0,0,0,0,0,0,0,0,0,0,175.26,175.26,155.0,0.9423828125,0.04296875,0.485347900390625,0.457607421875,0.197142333984375,0.09032958984375,0.5631103515625,0.000244140625,0.0625,0.0625,58.4217529296875,28.0560302734375,60.3831787109375,27.5185546875,61.6085205078125,31.0987548828125,63.54638671875,30.6748046875,1.6470947265625,0.2835693359375,3.4471435546875,0.5626220703125,33.8175048828125,12.1785888671875,42.2371826171875,13.6807861328125,17.140869140625,9.77685546875,8.679931640625,6.3656005859375,7.46337890625,6.1005859375,9.466064453125,7.47216796875,53.3564453125,25.0181884765625,55.28076171875,24.1051025390625,3.15087890625,1.626220703125,4.051025390625,2.647705078125,1.9144287109375,1.41162109375,1.0513916015625,0.7657470703125,32.7357177734375,29.87109375,418.932373046875,27,0,4,0,4,11,3,0,0,0,3,4,4,0,185.42,185.42,155.0,30.0,31.0,0,0,0,0,0,0,1,0,0,0,0,0,0,0,0,1,0,0,0,0,1,0,0,0
Blue,False,0.25,0.0,0.6625000000000001,0.3,0.29,0.19125,0.0,0.0,0.0,0.0,62.0,38.25,70.125,22.625,85.875,61.25,83.625,34.625,7.25,3.5,3.5,1.0,36.25,17.875,51.875,10.75,13.125,10.5,7.0,2.5,12.625,9.875,11.25,9.375,44.125,24.25,63.375,19.25,9.5,7.0,5.0,2.75,8.375,7.0,1.75,0.625,222.25,84.0,749.625,10,0,4,0,4,4,0,0,0,0,1,3,0,0,182.88,185.42,185.0,0.25,0.0,0.4875,0.3399999999999999,0.35,0.125,0.0,0.0,0.25,0.0,83.75,42.25,84.5,26.25,114.5,66.5,92.0,33.25,6.5,3.0,1.25,0.5,57.25,23.0,74.75,20.75,13.25,8.75,6.75,3.25,13.25,10.5,3.0,2.25,61.5,26.5,81.75,23.5,8.5,7.5,2.5,2.5,13.75,8.25,0.25,0.25,453.75,53.0,1045.0,9,0,3,0,3,3,0,0,0,0,2,1,0,0,180.34,187.96,185.0,37.0,35.0,0,0,0,0,0,0,0,1,0,0,0,0,0,0,0,0,0,1,0,0,1,0,0,0
Red,True,0.0,0.0,0.44166015625,0.38421875,0.58900390625,0.2709765625,2.06640625,0.0390625,0.0078125,0.5,140.765625,61.646484375,93.298828125,35.890625,161.197265625,80.07421875,116.529296875,58.19921875,1.37890625,1.150390625,9.759765625,2.361328125,99.111328125,32.19921875,70.056640625,18.6484375,29.515625,18.13671875,16.740234375,11.556640625,12.138671875,11.310546875,6.501953125,5.685546875,109.4296875,41.7421875,67.62109375,20.70703125,24.869140625,16.412109375,20.076171875,11.4921875,6.466796875,3.4921875,5.6015625,3.69140625,81.986328125,401.591796875,851.71875,29,0,1,0,3,7,3,0,0,2,4,1,0,0,160.02,162.56,125.0,0.265625,0.0625,0.5809179687499999,0.27375,0.1690234374999999,0.1275,0.375,0.072265625,0.009765625,0.00390625,147.646484375,89.306640625,98.6328125,29.58984375,176.734375,115.833984375,123.056640625,50.0625,5.21875,2.033203125,7.416015625,1.2734375,77.3515625,35.380859375,66.748046875,9.279296875,34.638671875,27.07421875,22.173828125,15.859375,35.65625,26.8515625,9.7109375,4.451171875,84.5625,39.44140625,71.583984375,12.896484375,56.203125,43.890625,25.515625,15.7265625,6.880859375,5.974609375,1.533203125,0.966796875,175.859375,284.33984375,1130.96875,38,6,2,0,6,8,2,0,0,1,5,1,1,0,160.02,167.64,125.0,33.0,28.0,0,0,0,1,0,0,0,0,0,0,0,0,0,0,0,0,0,1,0,0,1,0,0,0
Red,False,0.515625,0.0,0.3270703125,0.3780859375,0.19328125,0.44953125,0.125,0.5625,0.0,0.015625,195.15234375,67.73828125,146.71484375,54.0546875,226.421875,92.34375,164.66015625,71.23828125,4.3984375,1.1796875,4.37109375,2.28515625,178.87890625,54.8515625,128.48828125,39.59765625,14.0546875,11.31640625,15.52734375,11.9140625,2.21875,1.5703125,2.69921875,2.54296875,167.7109375,52.80859375,138.68359375,47.90625,7.5390625,4.0625,6.30859375,4.92578125,19.90234375,10.8671875,1.72265625,1.22265625,328.125,82.28515625,897.421875,26,0,1,0,5,7,2,0,0,3,3,1,0,0,170.18,175.26,135.0,0.0,0.0,0.435,0.3199999999999999,0.41,0.18,0.5,0.0,0.5,0.0,179.0,75.0,173.5,56.5,236.0,121.5,227.0,101.5,16.0,7.0,5.5,1.0,127.0,38.0,130.0,29.5,39.0,27.0,29.0,18.0,13.0,10.0,14.5,9.0,156.5,56.0,148.5,40.5,19.0,16.5,25.0,16.0,3.5,2.5,0.0,0.0,449.0,111.0,1500.0,10,2,2,0,2,2,0,0,0,0,2,0,0,0,172.72,172.72,135.0,30.0,29.0,1,0,0,0,0,0,0,0,0,0,0,0,0,0,0,1,0,0,0,0,1,0,0,0
Blue,False,1.0625,0.0,0.506875,0.34625,0.3125,0.02375,0.0,0.0625,0.0625,0.0625,77.1875,38.4375,65.0625,23.5,85.0,45.625,74.375,31.6875,1.0,0.75,0.9375,0.3125,58.375,25.125,51.5,13.0,14.1875,9.4375,8.0,5.5625,4.625,3.875,5.5625,4.9375,64.875,28.6875,54.6875,16.8125,6.75,5.4375,8.8125,5.6875,5.5625,4.3125,1.5625,1.0,92.3125,38.3125,392.8125,10,0,1,0,3,4,1,0,0,0,1,3,0,0,182.88,190.5,170.0,0.0030517578125,0.125,0.502254638671875,0.5624188232421874,0.18084716796875,0.31280517578125,0.0166015625,0.11767578125,0.03131103515625,0.01568603515625,78.73162841796875,40.264892578125,101.37115478515624,54.5191650390625,138.7816162109375,96.24749755859376,137.01763916015625,84.32757568359375,6.18341064453125,1.5318603515625,1.63299560546875,1.313232421875,59.51373291015625,26.89617919921875,66.5653076171875,29.15423583984375,10.78045654296875,6.25469970703125,19.496826171875,12.0146484375,8.43743896484375,7.114013671875,15.30902099609375,13.35028076171875,50.60919189453125,20.93096923828125,67.62603759765625,29.97650146484375,14.137939453125,7.70294189453125,19.6802978515625,14.03521728515625,13.9844970703125,11.6309814453125,14.0648193359375,10.5074462890625,279.56756591796875,133.8375244140625,787.6889038085938,36,2,0,4,4,7,8,0,0,1,3,2,0,0,180.34,190.5,170.0,31.0,34.0,0,0,0,0,0,0,0,0,0,1,0,0,0,0,0,1,0,0,0,0,1,0,0,0
Red,False,0.5,0.0,0.35,0.5700000000000001,0.33,0.3,0.5,1.5,0.0,0.0,30.5,10.5,50.0,26.5,40.5,19.0,94.0,69.5,3.0,2.0,2.5,1.5,21.0,5.5,33.0,14.0,7.0,4.0,12.0,9.5,2.5,1.0,5.0,3.0,15.5,3.5,21.5,7.0,12.5,6.0,22.0,14.5,2.5,1.0,6.5,5.0,97.5,237.5,469.0,4,0,0,1,1,1,1,0,0,0,0,1,0,0,177.8,180.34,135.0,0.0,0.06640625,0.435849609375,0.45623046875,0.62845703125,0.37828125,0.51171875,0.0009765625,0.5,0.0,56.08984375,24.9462890625,107.19921875,48.65234375,89.681640625,55.123046875,184.439453125,112.4384765625,4.1494140625,2.35546875,8.7294921875,2.5234375,45.3759765625,17.607421875,77.7255859375,24.703125,6.599609375,3.810546875,15.6728515625,11.9453125,4.1142578125,3.5283203125,13.80078125,12.00390625,35.5458984375,12.0048828125,75.0810546875,26.1904296875,13.916015625,10.2666015625,21.90234375,15.08984375,6.6279296875,2.6748046875,10.2158203125,7.3720703125,171.724609375,380.5654296875,893.6142578125,26,1,0,1,2,4,7,0,0,0,2,0,2,0,165.1,170.18,135.0,27.0,33.0,1,0,0,0,0,0,0,0,0,0,0,0,0,0,0,1,0,0,0,0,1,0,0,0
Blue,False,0.03125,0.625,0.4371875,0.3868749999999999,0.090625,0.90625,0.03125,1.125,0.03125,0.3125,91.46875,37.65625,130.40625,49.5,107.4375,52.125,144.5,63.0,8.875,0.75,1.59375,1.40625,65.53125,23.34375,97.59375,27.34375,12.84375,6.4375,25.90625,15.71875,13.09375,7.875,6.90625,6.4375,78.71875,29.78125,111.28125,38.15625,6.78125,3.875,14.75,7.46875,5.96875,4.0,4.375,3.875,169.71875,105.40625,880.25,16,0,4,0,4,4,2,0,0,1,2,1,0,0,182.88,185.42,170.0,0.50390625,0.03125,0.5903125,0.55255859375,0.38310546875,0.5415234375,0.146484375,0.208984375,0.06640625,0.521484375,63.26953125,36.2265625,98.7421875,53.5703125,110.50390625,80.7578125,137.46484375,87.908203125,6.3125,1.8515625,5.46875,2.8515625,41.326171875,17.640625,63.017578125,24.08203125,11.42578125,8.673828125,26.412109375,22.158203125,10.517578125,9.912109375,9.3125,7.330078125,39.333984375,21.4375,63.80859375,26.00390625,20.07421875,11.67578125,24.107421875,18.068359375,3.861328125,3.11328125,10.826171875,9.498046875,199.3515625,350.337890625,891.41015625,28,0,4,0,4,6,4,0,0,3,1,2,0,0,170.18,182.88,170.0,33.0,31.0,0,0,0,0,0,0,0,0,0,1,0,0,0,0,0,0,0,1,0,0,1,0,0,0
Blue,False,0.0,0.5,0.355,0.44,0.225,0.25,1.0,1.0,0.5,0.0,126.0,44.0,111.0,48.5,141.5,58.5,115.0,50.5,10.0,2.5,1.5,0.5,110.5,32.5,89.0,34.0,15.0,11.0,12.5,7.5,0.5,0.5,9.5,7.0,109.0,32.0,106.5,46.0,6.5,3.5,3.5,1.5,10.5,8.5,1.0,1.0,338.5,74.0,900.0,6,0,0,1,1,1,1,0,0,1,0,0,0,0,175.26,195.58,170.0,0.0,0.0,0.475,0.5125,0.3,0.5,0.5,0.0,0.25,0.0,106.5,48.75,122.25,54.75,144.25,83.0,159.5,90.5,2.75,1.5,1.75,0.75,82.25,28.75,93.5,32.75,16.0,13.25,20.5,17.0,8.25,6.75,8.25,5.0,87.25,34.25,106.25,42.5,8.25,6.5,15.5,12.25,11.0,8.0,0.5,0.0,292.75,95.0,833.5,9,0,1,0,1,2,1,0,0,0,1,1,0,0,180.34,185.42,155.0,22.0,30.0,0,0,0,0,0,0,1,0,0,0,0,0,0,0,0,1,0,0,0,0,1,0,0,0
Red,False,0.0,0.0,0.58,0.24,0.55,0.0,0.0,2.0,0.0,0.0,122.0,71.0,49.0,12.0,212.0,153.0,65.0,27.0,9.0,5.0,1.0,0.0,93.0,50.0,32.0,3.0,20.0,15.0,5.0,1.0,9.0,6.0,12.0,8.0,52.0,16.0,39.0,9.0,53.0,39.0,10.0,3.0,17.0,16.0,0.0,0.0,623.0,78.0,900.0,3,0,1,0,1,1,0,0,0,0,1,0,0,0,182.88,185.42,170.0,0.0,0.0,0.51,0.65,0.165,0.0,0.5,0.5,0.0,0.0,16.5,8.5,11.0,6.5,18.5,10.5,14.5,10.0,3.0,0.5,0.0,0.0,12.5,5.0,8.5,4.0,0.0,0.0,2.0,2.0,4.0,3.5,0.5,0.5,13.5,6.0,10.5,6.0,2.5,2.5,0.5,0.5,0.5,0.0,0.0,0.0,84.5,0.0,174.5,2,0,2,0,2,2,0,0,0,0,0,0,1,0,177.8,180.34,170.0,25.0,33.0,0,0,0,0,0,0,0,0,0,1,0,0,0,0,0,1,0,0,0,0,1,0,0,0
Red,False,0.015625,0.0,0.45,0.4275,0.25,0.2,0.148468017578125,0.098388671875,0.0,0.0,66.5,29.6875,64.31230545043945,27.34375,89.75,48.0,85.53125,44.41152191162109,2.0,0.75,2.0546875,0.75,51.1875,18.3359375,49.6123046875,16.280410766601562,7.5,5.07647705078125,7.5,5.0,4.5,3.625,4.984375,3.9375,48.6875,17.0,47.11572265625,16.5,5.75,3.75,5.3125,3.4375,5.0625,3.5,3.875,2.5,99.2119140625,94.125,638.5,0,0,0,0,0,0,0,0,0,0,0,0,0,0,154.94,154.94,135.0,0.0,0.0,0.49,0.625,0.2575,0.7925,1.75,1.0,0.25,0.5,51.5,25.25,43.25,27.75,95.5,61.5,117.75,97.75,6.0,1.5,5.75,4.25,41.75,20.25,27.0,13.75,6.25,2.5,6.25,5.0,3.5,2.5,10.0,9.0,33.25,11.75,23.0,9.25,8.5,4.5,11.0,9.75,9.75,9.0,9.25,8.75,280.25,389.25,808.25,9,1,0,2,1,1,2,0,0,0,1,0,0,0,167.64,167.64,135.0,27.0,28.0,0,0,0,0,0,0,0,0,0,0,1,0,0,0,0,1,0,0,0,0,1,0,0,0
Red,False,0.0,0.25,0.4634375,0.4525,0.475,0.0625,0.5625,0.84375,0.5,0.5,61.96875,27.25,58.25,24.78125,94.53125,58.0625,109.3125,72.71875,5.09375,2.71875,0.59375,0.15625,50.625,19.40625,42.59375,14.09375,8.875,6.0,11.34375,7.75,2.46875,1.84375,4.3125,2.9375,39.71875,12.1875,49.0,18.90625,4.09375,2.65625,4.6875,2.375,18.15625,12.40625,4.5625,3.5,323.0,56.125,654.65625,13,0,1,0,1,3,3,0,0,0,1,2,0,0,172.72,170.18,145.0,0.0,0.5,0.485,0.405,0.375,0.25,0.0,0.5,0.5,0.0,46.0,22.5,65.0,27.0,75.0,48.0,70.0,32.0,2.0,1.5,5.5,0.5,37.5,16.5,54.0,23.0,6.0,4.5,7.0,2.0,2.5,1.5,4.0,2.0,40.5,19.5,62.5,26.0,3.0,1.5,2.0,1.0,2.5,1.5,0.5,0.0,262.0,19.0,573.0,4,0,1,0,1,1,1,0,0,0,1,0,0,0,172.72,167.64,145.0,28.0,32.0,0,0,1,0,0,0,0,0,0,0,0,0,0,0,0,1,0,0,0,0,1,0,0,0
Red,False,1.1103515625,0.0009765625,0.39486328125,0.4318994140625,0.004150390625,0.1669531249999999,0.0078125,0.0,0.0,0.0,56.9609375,17.91650390625,80.09619140625,39.5048828125,60.60986328125,21.4189453125,85.90283203125,45.041015625,0.173828125,0.00830078125,2.279296875,0.8876953125,52.33203125,15.27392578125,69.83935546875,30.642578125,2.6806640625,0.9521484375,5.3046875,4.1689453125,1.9482421875,1.6904296875,4.9521484375,4.693359375,54.33837890625,16.701171875,70.91552734375,32.16259765625,1.80859375,0.4462890625,8.0341796875,6.44677734375,0.81396484375,0.76904296875,1.146484375,0.8955078125,16.7216796875,75.73828125,472.5390625,24,1,2,0,3,7,5,0,0,0,0,7,0,0,182.88,185.42,263.0,0.703125,1.0,0.49671875,0.485,0.29375,0.25828125,0.03125,0.15625,0.125,0.125,127.265625,66.96875,137.078125,71.046875,177.171875,112.921875,169.5625,96.875,2.890625,1.203125,2.78125,0.328125,117.515625,59.25,106.625,46.71875,4.3125,3.78125,17.140625,13.140625,5.4375,3.9375,13.3125,11.1875,118.625,59.46875,107.984375,53.515625,1.625,1.578125,14.328125,8.328125,7.015625,5.921875,14.765625,9.203125,237.75,122.109375,1096.0625,18,0,0,1,4,4,3,0,0,0,1,3,0,0,177.8,182.88,265.0,38.0,40.0,0,0,0,0,1,0,0,0,0,0,0,0,0,0,0,1,0,0,0,0,1,0,0,0
Red,False,0.0,0.001953125,0.4364453124999999,0.46037109375,0.1528125,0.3883984375,0.25390625,0.0,0.0,0.0,136.34765625,59.4296875,136.654296875,59.607421875,154.837890625,75.908203125,160.447265625,81.0703125,2.89453125,0.390625,7.806640625,2.849609375,91.10546875,28.849609375,118.27734375,45.201171875,24.47265625,13.96484375,10.833984375,7.16015625,20.76953125,16.615234375,7.54296875,7.24609375,112.32421875,42.3203125,107.572265625,41.00390625,20.359375,14.78125,14.291015625,9.267578125,3.6640625,2.328125,14.791015625,9.3359375,75.0703125,372.498046875,872.333984375,25,1,1,0,2,6,4,0,0,1,3,1,1,0,177.8,190.5,170.0,0.0,0.5625,0.27875,0.456875,0.359375,0.07,0.0625,0.25,0.0,0.0,86.875,28.125,156.4375,70.875,101.125,40.75,179.9375,92.25,2.6875,1.5,7.625,1.0,80.375,23.5,117.125,42.75,3.0,2.0625,19.1875,14.25,3.5,2.5625,20.125,13.875,81.0625,24.6875,138.3125,61.125,4.3125,2.75,14.5625,7.3125,1.5,0.6875,3.5625,2.4375,78.0,118.1875,701.75,13,0,1,0,1,1,4,0,0,1,0,0,0,0,177.8,190.5,170.0,34.0,39.0,0,0,0,0,0,0,0,0,0,1,0,0,0,0,0,1,0,0,0,0,1,0,0,0
Blue,False,0.015625,0.0,0.45,0.4275,0.25,0.2,0.148468017578125,0.098388671875,0.0,0.0,66.5,29.6875,64.31230545043945,27.34375,89.75,48.0,85.53125,44.41152191162109,2.0,0.75,2.0546875,0.75,51.1875,18.3359375,49.6123046875,16.280410766601562,7.5,5.07647705078125,7.5,5.0,4.5,3.625,4.984375,3.9375,48.6875,17.0,47.11572265625,16.5,5.75,3.75,5.3125,3.4375,5.0625,3.5,3.875,2.5,99.2119140625,94.125,638.5,0,0,0,0,0,0,0,0,0,0,0,0,0,0,170.18,170.18,135.0,0.25,0.1328125,0.450625,0.42234375,0.2578125,0.40294921875,0.35546875,0.630859375,0.45703125,0.267578125,92.75,41.373046875,83.892578125,30.357421875,108.234375,54.92578125,102.75390625,46.318359375,0.2578125,0.2578125,8.63671875,3.3046875,70.14453125,25.9609375,68.8359375,21.470703125,14.228515625,8.91796875,11.6484375,5.943359375,8.376953125,6.494140625,3.408203125,2.943359375,80.205078125,33.607421875,71.513671875,21.17578125,6.81640625,4.935546875,5.533203125,4.025390625,5.728515625,2.830078125,6.845703125,5.15625,96.033203125,257.208984375,769.06640625,26,0,0,2,2,5,5,0,0,2,1,0,2,0,177.8,185.42,145.0,31.0,26.0,1,0,0,0,0,0,0,0,0,0,0,0,0,0,0,1,0,0,0,0,0,0,1,0
Red,False,0.1328125,0.09375,0.469375,0.47203125,0.0625,0.4246875,0.0,0.5703125,0.5,0.0,192.1953125,95.5390625,168.921875,81.484375,211.1953125,114.2890625,227.296875,138.6640625,0.2890625,0.125,3.28125,1.3671875,147.65625,62.3125,126.1796875,47.234375,35.4453125,26.5390625,29.4921875,22.765625,9.09375,6.6875,13.25,11.484375,183.71875,87.5390625,159.65625,74.2109375,7.7734375,7.390625,6.7890625,5.2109375,0.703125,0.609375,2.4765625,2.0625,152.75,60.8515625,838.796875,18,0,0,1,2,4,4,0,0,1,1,2,0,0,170.18,177.8,155.0,0.125,0.0,0.33375,0.24125,0.82125,0.1875,0.125,1.0,0.375,0.625,91.125,33.375,78.75,20.25,106.25,44.5625,87.25,28.5,3.625,2.9375,0.1875,0.1875,76.0,23.1875,55.625,8.8125,5.5,2.25,16.3125,8.3125,9.625,7.9375,6.8125,3.125,81.4375,26.75,72.9375,15.3125,1.625,1.625,2.0625,1.8125,8.0625,5.0,3.75,3.125,237.75,55.625,791.6875,12,0,5,0,5,5,0,0,0,1,2,1,1,0,177.8,185.42,145.0,35.0,25.0,0,0,0,0,0,0,1,0,0,0,0,0,0,0,0,0,0,1,0,0,1,0,0,0
Red,False,1.0,0.0,0.31,0.11,1.0,0.0,0.0,1.0,0.0,0.0,29.0,9.0,9.0,1.0,32.0,10.0,9.0,1.0,1.0,1.0,1.0,0.0,28.0,9.0,8.0,1.0,0.0,0.0,0.0,0.0,1.0,0.0,1.0,0.0,11.0,4.0,9.0,1.0,4.0,2.0,0.0,0.0,14.0,3.0,0.0,0.0,94.0,0.0,133.0,1,0,0,1,0,0,1,0,0,0,0,0,0,0,167.64,170.18,125.0,1.0,0.0,0.52,0.42,0.665,0.75,0.0,1.5,0.0,0.5,98.5,47.5,60.0,17.5,133.5,78.0,69.0,26.5,2.5,1.5,1.5,1.0,82.5,37.5,45.5,10.5,12.0,6.5,10.5,4.0,4.0,3.5,4.0,3.0,59.5,24.0,54.0,13.5,3.0,2.5,4.5,3.0,36.0,21.0,1.5,1.0,199.5,132.5,715.5,5,0,2,0,2,2,0,0,0,0,1,1,0,0,165.1,167.64,125.0,27.0,23.0,0,0,0,1,0,0,0,0,0,0,0,0,0,0,0,1,0,0,0,0,1,0,0,0
Blue,False,0.0,0.0,0.5,0.3975,0.8875,0.0,2.0,0.25,1.25,1.75,75.25,41.0,34.25,15.5,148.0,109.5,63.0,39.5,4.0,3.0,3.25,0.0,67.0,35.75,28.0,11.25,3.75,2.0,3.75,2.25,4.5,3.25,2.5,2.0,29.0,7.25,18.0,5.75,1.5,0.75,1.5,1.25,44.75,33.0,14.75,8.5,481.25,165.75,866.5,9,0,0,2,1,1,2,0,0,0,0,0,1,0,175.26,185.42,135.0,0.0,0.0,0.56,0.1,0.75,1.0,1.0,0.0,1.0,1.0,37.0,21.0,20.0,2.0,103.0,78.0,44.0,25.0,4.0,3.0,1.0,1.0,34.0,19.0,20.0,2.0,1.0,1.0,0.0,0.0,2.0,1.0,0.0,0.0,10.0,4.0,19.0,1.0,1.0,1.0,0.0,0.0,26.0,16.0,1.0,1.0,613.0,21.0,900.0,3,0,1,0,1,1,0,0,0,0,1,0,0,0,165.1,170.18,135.0,27.0,23.0,1,0,0,0,0,0,0,0,0,0,0,0,0,0,0,1,0,0,0,0,1,0,0,0
Red,False,0.0,0.0,0.0,1.0,0.0,0.0,0.0,0.0,0.0,0.0,0.0,0.0,18.0,18.0,0.0,0.0,21.0,21.0,2.0,0.0,0.0,0.0,0.0,0.0,14.0,14.0,0.0,0.0,4.0,4.0,0.0,0.0,0.0,0.0,0.0,0.0,2.0,2.0,0.0,0.0,2.0,2.0,0.0,0.0,14.0,14.0,0.0,1.0,52.0,1,0,0,1,0,0,1,0,0,0,0,0,0,0,177.8,177.8,170.0,0.75,1.5,0.42,0.5,0.25,0.205,0.5,0.5,0.0,0.0,190.75,83.0,140.5,77.0,193.5,85.25,167.75,101.5,0.25,0.25,4.75,1.0,164.5,62.25,92.5,38.5,21.75,16.5,10.0,9.0,4.5,4.25,38.0,29.5,185.0,78.25,135.75,73.5,1.25,1.25,1.0,0.5,4.5,3.5,3.75,3.0,13.25,205.5,944.5,8,0,2,0,2,2,1,0,0,0,0,2,0,0,190.5,195.58,170.0,29.0,29.0,0,0,0,0,0,0,0,0,0,1,0,0,0,0,0,0,0,1,0,0,1,0,0,0
Blue,False,0.015625,0.0,0.45,0.4275,0.25,0.2,0.148468017578125,0.098388671875,0.0,0.0,66.5,29.6875,64.31230545043945,27.34375,89.75,48.0,85.53125,44.41152191162109,2.0,0.75,2.0546875,0.75,51.1875,18.3359375,49.6123046875,16.280410766601562,7.5,5.07647705078125,7.5,5.0,4.5,3.625,4.984375,3.9375,48.6875,17.0,47.11572265625,16.5,5.75,3.75,5.3125,3.4375,5.0625,3.5,3.875,2.5,99.2119140625,94.125,638.5,0,0,0,0,0,0,0,0,0,0,0,0,0,0,177.8,182.88,155.0,0.25,1.5,0.4675,0.5349999999999999,0.51,0.6,0.0,0.0,0.0,0.25,78.75,34.5,116.0,63.75,168.75,102.75,150.0,90.5,5.25,2.25,4.75,1.25,68.0,25.5,96.0,49.25,4.75,4.0,12.5,9.0,6.0,5.0,7.5,5.5,51.0,18.0,63.5,29.5,13.75,7.5,33.75,22.0,14.0,9.0,18.75,12.25,397.5,231.5,900.0,9,0,1,0,1,1,2,0,0,0,1,0,0,0,180.34,185.42,155.0,25.0,27.0,0,0,0,0,0,0,1,0,0,0,0,0,0,0,0,1,0,0,0,0,0,0,1,0
Red,False,0.0,0.0,0.66,0.11,0.0,0.0,0.0,3.0,0.0,0.0,18.0,12.0,9.0,1.0,67.0,51.0,9.0,1.0,0.0,0.0,2.0,0.0,17.0,11.0,8.0,0.0,1.0,1.0,1.0,1.0,0.0,0.0,0.0,0.0,5.0,3.0,8.0,0.0,1.0,1.0,1.0,1.0,12.0,8.0,0.0,0.0,113.0,21.0,214.0,1,0,1,0,1,1,0,0,0,0,0,1,0,0,182.88,190.5,155.0,0.5,0.25,0.48,0.374375,0.53125,0.19125,0.0625,0.3125,1.0,0.0,100.3125,46.0,97.1875,35.0,144.25,84.125,116.6875,54.375,3.0625,1.5,3.6875,0.8125,79.375,30.875,73.125,19.75,13.125,8.4375,16.875,10.25,7.8125,6.6875,7.1875,5.0,88.0,38.75,85.3125,27.625,10.3125,6.375,7.875,4.8125,2.0,0.875,4.0,2.5625,142.125,225.0,790.625,13,0,0,1,1,2,3,0,0,0,2,0,0,0,172.72,180.34,145.0,24.0,30.0,0,0,1,0,0,0,0,0,0,0,0,0,0,0,0,0,0,0,1,0,1,0,0,0
Blue,False,0.152587890625,0.0157470703125,0.3070263671875,0.311539306640625,0.25006103515625,0.1350152587890625,0.0665283203125,0.12506103515625,0.0,6.103515625e-05,58.052001953125,15.88922119140625,65.72821044921875,22.15234375,88.56170654296875,42.03857421875,100.42559814453124,48.3497314453125,0.7813720703125,0.25006103515625,6.69488525390625,1.0001220703125,43.126953125,7.91668701171875,57.8074951171875,16.48504638671875,4.7135009765625,2.0533447265625,6.53204345703125,4.34405517578125,10.2115478515625,5.919189453125,1.388671875,1.3232421875,49.81976318359375,12.06072998046875,43.028564453125,12.64886474609375,4.02178955078125,1.2523193359375,6.10369873046875,2.90802001953125,4.21044921875,2.576171875,16.595947265625,6.595458984375,134.76385498046875,177.93511962890625,765.119384765625,29,5,1,0,6,11,4,0,0,1,1,7,2,0,190.5,195.58,240.0,0.6875,0.75,0.474375,0.6,0.0,0.3875,0.0,0.0,0.0,0.0,101.125,52.375,107.6875,64.625,129.75,75.875,156.3125,109.4375,2.25,0.0,3.1875,1.1875,76.625,33.0,98.6875,56.125,12.4375,9.3125,6.25,5.75,12.0625,10.0625,2.75,2.75,74.25,36.125,88.625,48.625,14.75,8.875,4.6875,4.125,12.125,7.375,14.375,11.875,81.8125,258.3125,874.8125,11,1,0,1,2,2,3,0,0,0,0,2,0,0,193.04,208.28,264.0,35.0,34.0,0,0,0,0,1,0,0,0,0,0,0,0,0,0,0,1,0,0,0,0,1,0,0,0
Red,False,0.0,0.0,0.415,0.3349999999999999,0.165,0.6,0.5,0.5,0.5,0.0,79.0,33.5,64.5,22.0,108.0,60.0,68.0,25.5,4.5,1.5,6.0,2.0,71.5,26.5,48.5,10.5,6.0,5.5,3.5,1.5,1.5,1.5,12.5,10.0,54.0,13.5,59.0,18.0,9.5,7.5,4.0,2.5,15.5,12.5,1.5,1.5,266.0,60.5,749.5,5,0,2,0,2,2,0,0,0,1,0,0,1,0,170.18,177.8,135.0,0.75,0.0,0.494453125,0.721015625,0.3290625,0.214765625,0.1875,0.0,0.25,0.265625,32.4140625,16.75,29.4921875,15.4921875,49.609375,30.8125,53.5625,37.40625,0.96875,0.703125,2.71875,1.3359375,28.1328125,14.265625,24.3203125,12.546875,2.5546875,1.921875,1.046875,0.7734375,1.7265625,0.5625,4.125,2.171875,16.8828125,6.4921875,14.3125,5.3046875,1.4765625,0.9765625,1.1015625,0.84375,14.0546875,9.28125,14.078125,9.34375,84.8671875,190.0,391.65625,18,0,2,0,2,5,3,0,0,1,2,2,0,0,175.26,180.34,135.0,28.0,34.0,1,0,0,0,0,0,0,0,0,0,0,0,0,0,0,1,0,0,0,0,0,0,1,0
Red,False,0.015625,0.0,0.45,0.4275,0.25,0.2,0.148468017578125,0.098388671875,0.0,0.0,66.5,29.6875,64.31230545043945,27.34375,89.75,48.0,85.53125,44.41152191162109,2.0,0.75,2.0546875,0.75,51.1875,18.3359375,49.6123046875,16.280410766601562,7.5,5.07647705078125,7.5,5.0,4.5,3.625,4.984375,3.9375,48.6875,17.0,47.11572265625,16.5,5.75,3.75,5.3125,3.4375,5.0625,3.5,3.875,2.5,99.2119140625,94.125,638.5,0,0,0,0,0,0,0,0,0,0,0,0,0,0,177.8,177.8,170.0,1.0,1.0,0.3,0.44,0.0,0.5,0.0,0.0,0.0,2.0,81.0,25.0,170.0,75.0,92.0,32.0,211.0,109.0,0.0,0.0,10.0,5.0,61.0,15.0,126.0,45.0,13.0,5.0,30.0,20.0,7.0,5.0,14.0,10.0,77.0,24.0,109.0,34.0,1.0,1.0,12.0,9.0,3.0,0.0,49.0,32.0,31.0,432.0,900.0,3,0,0,1,0,0,1,0,0,0,0,0,0,0,182.88,185.42,170.0,31.0,27.0,0,0,0,0,0,0,0,0,0,1,0,0,0,0,0,1,0,0,0,0,1,0,0,0
Red,False,0.015625,0.0,0.45,0.4275,0.25,0.2,0.148468017578125,0.098388671875,0.0,0.0,66.5,29.6875,64.31230545043945,27.34375,89.75,48.0,85.53125,44.41152191162109,2.0,0.75,2.0546875,0.75,51.1875,18.3359375,49.6123046875,16.280410766601562,7.5,5.07647705078125,7.5,5.0,4.5,3.625,4.984375,3.9375,48.6875,17.0,47.11572265625,16.5,5.75,3.75,5.3125,3.4375,5.0625,3.5,3.875,2.5,99.2119140625,94.125,638.5,0,0,0,0,0,0,0,0,0,0,0,0,0,0,170.18,170.18,135.0,0.0,0.0,0.5175,0.4825,0.56,0.6100000000000001,0.25,1.25,0.0,0.0,168.75,87.0,165.5,75.5,186.5,102.25,195.5,99.75,4.75,2.0,4.25,2.0,147.0,69.0,140.25,52.75,17.5,13.75,11.75,10.5,4.25,4.25,13.5,12.25,137.5,69.0,118.25,43.75,29.0,17.0,24.75,17.5,2.25,1.0,22.5,14.25,220.75,166.5,809.25,8,0,0,1,2,2,1,0,0,1,1,0,0,0,154.94,157.48,115.0,20.0,22.0,0,0,0,0,0,0,0,0,0,0,1,0,0,0,0,1,0,0,0,0,1,0,0,0
Red,False,0.0,0.25,0.4575,0.405,0.5125,0.625,0.75,0.0,0.0,0.0,122.25,55.0,99.5,40.25,160.0,86.25,103.5,43.25,8.25,3.25,3.5,1.25,86.25,30.5,80.25,25.75,25.0,17.25,15.0,10.25,11.0,7.25,4.25,4.25,95.75,36.25,92.75,34.75,11.0,7.25,5.5,4.25,15.5,11.5,1.25,1.25,207.75,90.5,733.0,8,0,1,0,1,2,1,0,0,0,0,0,2,0,175.26,180.34,155.0,0.002197265625,0.2656326293945312,0.3815952444076538,0.3668164587020874,0.4498129415512085,0.0414249801635742,0.1292667388916015,0.1572422981262207,9.5367431640625e-07,4.76837158203125e-07,81.05022144317627,31.81945514678955,108.75115442276,41.617116928100586,112.47257900238036,59.51643133163452,131.46026754379272,61.9105658531189,4.705978870391846,2.5432286262512207,2.366504192352295,0.1260461807250976,72.39757823944092,26.469001293182373,80.8744592666626,22.62030601501465,5.303520679473877,2.5018200874328613,22.324039936065677,14.94998550415039,3.3491225242614746,2.8486337661743164,5.552655220031738,4.046825408935547,62.611433029174805,21.09316062927246,88.41624879837036,29.52222204208374,10.94644546508789,4.671321868896484,16.371426582336426,9.537983417510986,7.492342948913574,6.0549726486206055,3.963479042053223,2.55691146850586,210.01691913604736,92.02024698257446,744.1876845359802,55,0,0,1,3,14,8,0,0,3,6,1,4,0,177.8,180.34,155.0,27.0,30.0,0,0,0,0,0,0,1,0,0,0,0,0,0,0,0,1,0,0,0,0,0,0,1,0
Red,False,0.109375,0.0,0.37265625,0.47765625,0.02921875,0.2334375,1.5625,0.6875,0.03125,0.015625,95.515625,36.765625,88.375,44.28125,136.625,76.796875,147.609375,97.890625,1.484375,0.125,6.078125,1.59375,71.109375,17.890625,58.140625,17.78125,11.40625,8.28125,17.53125,15.75,13.0,10.59375,12.703125,10.75,81.296875,26.75,69.890625,29.140625,12.8125,9.1875,13.515625,11.484375,1.40625,0.828125,4.96875,3.65625,89.703125,355.8125,864.28125,19,1,2,0,2,3,4,0,0,0,2,1,0,0,175.26,180.34,155.0,0.0,0.0,0.41,0.4499999999999999,0.07,0.25,0.5,0.0,0.0,0.0,59.5,24.0,90.5,36.0,80.5,42.0,127.5,68.5,6.0,0.5,6.0,1.0,47.5,15.0,69.0,21.5,8.0,5.5,9.5,7.5,4.0,3.5,12.0,7.0,53.0,20.5,62.5,17.0,4.0,2.0,19.0,13.5,2.5,1.5,9.0,5.5,44.0,377.0,741.5,5,1,1,0,1,1,1,0,0,0,0,0,1,0,182.88,190.5,155.0,28.0,34.0,0,0,0,0,0,0,1,0,0,0,0,0,0,0,0,1,0,0,0,0,1,0,0,0
Blue,False,0.0,0.0,0.34,0.48,0.14,0.5,0.0,1.0,0.0,0.0,177.0,61.0,105.0,51.0,200.0,81.0,112.0,57.0,14.0,2.0,4.0,2.0,128.0,29.0,71.0,26.0,20.0,10.0,18.0,9.0,29.0,22.0,16.0,16.0,165.0,53.0,95.0,46.0,11.0,8.0,10.0,5.0,1.0,0.0,0.0,0.0,101.0,152.0,900.0,3,0,1,0,1,1,0,0,0,0,1,0,0,0,182.88,185.42,170.0,0.0,0.0,0.365,0.53,0.08,0.5,1.0,4.0,1.0,0.0,44.0,16.5,33.5,18.0,185.0,133.0,77.5,51.5,4.5,0.5,2.0,1.5,34.5,12.0,23.0,10.0,6.0,3.5,5.5,4.5,3.5,1.0,5.0,3.5,15.0,4.0,14.5,4.5,3.5,2.0,7.0,6.0,25.5,10.5,12.0,7.5,485.5,240.0,900.0,6,0,2,0,2,2,0,0,0,0,2,0,0,0,185.42,195.58,170.0,33.0,33.0,0,0,0,0,0,0,0,0,0,1,0,0,0,0,0,1,0,0,0,0,1,0,0,0
Red,False,0.0,0.0,0.73,0.7,0.0,0.36,1.0,1.0,1.0,0.0,15.0,11.0,85.0,60.0,28.0,24.0,167.0,137.0,1.0,0.0,11.0,4.0,12.0,8.0,76.0,51.0,2.0,2.0,5.0,5.0,1.0,1.0,4.0,4.0,9.0,5.0,22.0,4.0,6.0,6.0,10.0,10.0,0.0,0.0,53.0,46.0,19.0,627.0,796.0,3,0,0,1,0,0,1,0,0,0,0,0,0,0,170.18,170.18,145.0,0.5,0.0,0.3456249999999999,0.589375,0.0625,0.301875,0.0625,0.0,0.1875,0.25,24.3125,8.0,26.0,14.9375,34.75,17.625,34.125,22.25,1.0625,0.125,1.75,0.5625,20.6875,5.375,18.6875,9.8125,1.875,1.1875,4.125,3.0,1.75,1.4375,3.1875,2.125,18.0625,5.0,14.0625,5.9375,3.4375,1.8125,3.4375,2.3125,2.8125,1.1875,8.5,6.6875,39.1875,71.3125,244.0,9,1,0,1,1,2,3,0,0,1,0,1,0,0,170.18,185.42,145.0,26.0,27.0,0,0,1,0,0,0,0,0,0,0,0,0,0,0,0,1,0,0,0,0,1,0,0,0
Blue,False,0.0,0.5,0.33625,0.41125,0.0,0.4599999999999999,0.0,0.5,0.5,0.0,193.125,69.125,159.25,62.375,196.5,72.5,172.875,73.75,0.25,0.0,9.875,4.625,165.5,51.0,136.5,44.875,20.125,11.0,13.0,8.0,7.5,7.125,9.75,9.5,171.25,57.375,133.125,47.125,21.75,11.625,19.0,10.5,0.125,0.125,7.125,4.75,25.875,229.875,879.125,12,0,0,1,2,2,2,0,0,1,1,0,0,0,177.8,187.96,170.0,0.00439453125,0.28125,0.371259765625,0.4203466796875,0.27662109375,0.138427734375,0.05517578125,0.13818359375,0.0048828125,0.0009765625,72.32080078125,28.810546875,51.66748046875,21.08740234375,85.15185546875,39.0009765625,69.8955078125,37.50244140625,4.6572265625,1.107421875,5.45703125,1.0869140625,56.240234375,15.73681640625,37.36376953125,12.91845703125,11.9326171875,8.94140625,7.712890625,3.4521484375,4.14794921875,4.13232421875,6.5908203125,4.716796875,57.44189453125,16.76318359375,43.56103515625,15.951171875,13.1103515625,10.9775390625,4.82177734375,2.78466796875,1.7685546875,1.06982421875,3.28466796875,2.3515625,60.17626953125,215.11865234375,679.40087890625,29,0,1,0,2,5,7,0,0,0,3,1,1,0,180.34,187.96,170.0,27.0,33.0,0,0,0,0,0,0,0,0,0,1,0,0,0,0,0,1,0,0,0,0,1,0,0,0
Red,False,0.0,0.0,0.57,0.31,0.0,1.0,0.0,0.0,0.0,0.0,87.0,50.0,105.0,33.0,100.0,63.0,134.0,56.0,6.0,0.0,3.0,3.0,46.0,19.0,89.0,17.0,13.0,6.0,14.0,14.0,28.0,25.0,2.0,2.0,86.0,49.0,99.0,30.0,1.0,1.0,3.0,2.0,0.0,0.0,3.0,1.0,78.0,183.0,900.0,3,0,0,1,0,0,1,0,0,0,0,0,0,0,175.26,182.88,155.0,0.140625,0.0,0.424375,0.3590625,0.16875,0.29859375,0.625,0.15625,0.0,0.03125,62.390625,24.71875,79.390625,29.015625,70.625,32.703125,153.640625,84.46875,1.71875,0.5,4.625,1.390625,46.34375,11.53125,62.34375,16.796875,9.484375,7.4375,11.71875,7.484375,6.5625,5.75,5.328125,4.734375,54.203125,18.296875,62.53125,19.5625,5.09375,3.609375,4.53125,3.921875,3.09375,2.8125,12.328125,5.53125,58.234375,304.96875,783.953125,15,0,1,0,2,4,3,0,0,1,0,1,2,0,175.26,177.8,155.0,28.0,36.0,0,0,0,0,0,0,1,0,0,0,0,0,0,0,0,1,0,0,0,0,0,0,1,0
Red,False,0.1875,0.5,0.59875,0.355,0.10375,0.0525,0.0,0.1875,0.125,0.0,35.875,18.0,22.25,8.25,43.3125,24.375,34.8125,19.3125,0.5625,0.3125,1.25,0.375,28.875,12.0625,18.25,6.0625,6.0,5.0625,2.125,0.875,1.0,0.875,1.875,1.3125,23.125,9.25,19.875,7.1875,5.875,4.0,1.75,0.9375,6.875,4.75,0.625,0.125,50.125,49.625,206.625,10,0,2,0,2,2,3,0,0,0,0,2,0,0,177.8,180.34,135.0,0.0,0.0,0.39234375,0.58375,0.24546875,0.25875,1.25,0.0,0.390625,0.25,21.609375,8.765625,14.171875,8.09375,47.40625,33.46875,33.953125,26.8125,3.1875,1.140625,1.65625,1.15625,17.0,5.78125,10.53125,4.953125,1.296875,0.953125,2.625,2.328125,3.3125,2.03125,1.015625,0.8125,15.515625,4.203125,7.328125,2.921875,1.4375,0.890625,0.703125,0.625,4.65625,3.671875,6.140625,4.546875,160.9375,181.703125,447.46875,17,0,1,0,3,4,3,0,0,0,3,0,1,0,167.64,170.18,135.0,31.0,30.0,1,0,0,0,0,0,0,0,0,0,0,0,0,0,0,1,0,0,0,0,1,0,0,0
Red,False,0.015625,0.0,0.45,0.4275,0.25,0.2,0.148468017578125,0.098388671875,0.0,0.0,66.5,29.6875,64.31230545043945,27.34375,89.75,48.0,85.53125,44.41152191162109,2.0,0.75,2.0546875,0.75,51.1875,18.3359375,49.6123046875,16.280410766601562,7.5,5.07647705078125,7.5,5.0,4.5,3.625,4.984375,3.9375,48.6875,17.0,47.11572265625,16.5,5.75,3.75,5.3125,3.4375,5.0625,3.5,3.875,2.5,99.2119140625,94.125,638.5,0,0,0,0,0,0,0,0,0,0,0,0,0,0,170.18,170.18,125.0,1.0,0.0,0.38,0.4,0.0,0.66,0.0,0.0,0.0,0.0,49.0,19.0,35.0,14.0,50.0,19.0,37.0,15.0,0.0,0.0,3.0,2.0,45.0,16.0,20.0,6.0,3.0,2.0,6.0,2.0,1.0,1.0,9.0,6.0,30.0,8.0,28.0,11.0,19.0,11.0,6.0,3.0,0.0,0.0,1.0,0.0,4.0,36.0,411.0,2,0,1,0,1,1,0,0,0,0,0,1,0,0,170.18,175.26,125.0,28.0,29.0,1,0,0,0,0,0,0,0,0,0,0,0,0,0,0,1,0,0,0,0,1,0,0,0
Red,False,0.125,0.0,0.325,0.375,0.348125,0.165,0.6875,1.0,0.25,0.0,50.4375,15.125,30.6875,12.125,121.8125,68.25,43.9375,24.625,5.125,1.625,0.75,0.5,44.8125,11.0,22.8125,6.4375,4.3125,3.0625,5.8125,4.375,1.3125,1.0625,2.0625,1.3125,38.9375,10.375,27.125,8.9375,0.875,0.75,2.6875,2.3125,10.625,4.0,0.875,0.875,317.0625,74.9375,663.625,10,1,2,0,2,4,1,0,0,0,1,0,3,0,185.42,190.5,170.0,0.007843017578125,0.59375,0.4090402221679687,0.5017675781250001,0.5273080444335938,0.40785400390625,1.4677734375,0.3203125,0.754425048828125,0.12554931640625,88.5679931640625,35.137298583984375,147.79754638671875,72.0513916015625,109.75543212890624,55.751220703125,172.35400390625,93.10162353515624,2.961090087890625,1.63446044921875,1.4189453125,0.762451171875,80.86093139648438,28.49285888671875,118.593994140625,48.62301635742188,6.892486572265625,6.079986572265625,20.93157958984375,15.819000244140623,0.8145751953125,0.564453125,8.27197265625,7.609375,62.970245361328125,11.806671142578123,126.279052734375,58.168365478515625,7.541900634765625,5.968902587890625,17.73638916015625,11.77154541015625,18.05584716796875,17.361724853515625,3.7821044921875,2.111480712890625,240.26925659179688,123.57522583007812,842.8232727050781,31,0,3,0,3,10,6,0,0,0,1,2,7,0,177.8,180.34,155.0,26.0,30.0,0,0,0,0,0,0,1,0,0,0,0,0,0,0,0,0,0,1,0,0,1,0,0,0
Red,False,0.0,0.0,0.525,0.2725,0.0,0.2075,1.0,0.0,0.25,0.0,78.5,38.0,57.75,13.0,95.5,51.5,60.0,15.25,0.75,0.0,4.25,0.5,62.0,26.75,48.0,7.75,7.75,3.75,5.5,2.25,8.75,7.5,4.25,3.0,65.0,30.25,55.0,11.75,3.0,1.75,0.5,0.0,10.5,6.0,2.25,1.25,73.0,61.25,718.5,9,0,1,0,1,2,1,0,0,0,1,0,1,0,187.96,193.04,185.0,0.25,0.0,0.44,0.2225,0.3325,0.0,1.75,0.0,0.25,0.5,39.5,17.0,41.75,10.75,62.0,35.75,61.5,24.75,3.0,1.25,0.5,0.0,33.75,13.25,35.25,8.0,4.5,2.5,3.75,1.0,1.25,1.25,2.75,1.75,22.25,5.75,40.25,10.5,8.0,4.25,1.5,0.25,9.25,7.0,0.0,0.0,306.75,9.25,546.0,5,0,3,0,3,3,0,0,0,0,1,1,1,0,185.42,182.88,185.0,29.0,34.0,0,0,0,0,0,0,0,1,0,0,0,0,0,0,0,1,0,0,0,0,1,0,0,0
Red,False,0.0,0.00390625,0.428681640625,0.45009765625,0.0,0.38998046875,0.51953125,0.1591796875,0.0009765625,0.125,107.3544921875,45.6328125,78.1220703125,32.83203125,126.232421875,63.80078125,99.0390625,48.04296875,0.56640625,0.0,3.7060546875,2.2060546875,77.626953125,23.5361328125,54.244140625,16.3056640625,11.298828125,8.064453125,11.2509765625,4.9873046875,18.4287109375,14.0322265625,12.626953125,11.5390625,94.6240234375,35.9189453125,62.275390625,20.2587890625,6.22265625,4.2138671875,10.775390625,9.9267578125,6.5078125,5.5,5.0712890625,2.646484375,32.6630859375,314.076171875,808.287109375,29,0,2,0,4,6,5,0,0,2,2,0,1,1,187.96,190.5,185.0,0.28125,0.275390625,0.4668554687499999,0.4949609375,0.1426562499999999,0.12662109375,0.265625,0.125,0.125,0.40234375,63.646484375,31.107421875,60.685546875,31.921875,94.783203125,58.80078125,83.033203125,52.115234375,4.052734375,0.779296875,2.326171875,0.515625,40.0234375,15.94921875,41.0625,15.083984375,11.806640625,5.85546875,5.7109375,5.171875,11.81640625,9.302734375,13.912109375,11.666015625,40.25390625,16.0625,40.24609375,16.326171875,6.392578125,4.759765625,14.962890625,10.833984375,17.0,10.28515625,5.4765625,4.76171875,237.75390625,133.408203125,734.96875,27,0,0,2,3,5,5,0,0,0,4,0,1,0,182.88,195.58,185.0,27.0,31.0,0,0,0,0,0,0,0,1,0,0,0,0,0,0,0,1,0,0,0,0,1,0,0,0
Red,False,0.0,0.0,0.5900000000000001,0.79,0.75,0.165,0.0,0.0,0.0,0.5,21.5,14.0,7.0,5.5,24.0,16.5,17.0,15.5,1.5,1.0,1.5,0.5,19.5,13.0,2.0,0.5,1.0,1.0,3.5,3.5,1.0,0.0,1.5,1.5,4.5,0.5,4.0,2.5,2.5,2.0,1.5,1.5,14.5,11.5,1.5,1.5,100.0,55.5,236.5,2,0,2,0,2,2,0,0,0,0,0,2,0,0,190.5,200.66,260.0,0.564453125,0.0625,0.50044921875,0.3209570312499999,0.0,0.29509765625,0.0078125,0.251953125,0.0,0.015625,40.57421875,17.20703125,40.16015625,14.333984375,42.39453125,17.953125,44.255859375,17.41015625,0.0,0.0,1.724609375,0.357421875,36.255859375,13.6875,34.384765625,9.6875,1.798828125,1.060546875,1.869140625,1.0390625,2.51953125,2.458984375,3.90625,3.607421875,31.841796875,12.048828125,34.45703125,10.90625,7.8359375,4.2890625,4.908203125,2.765625,0.896484375,0.869140625,0.794921875,0.662109375,13.6328125,43.927734375,268.12109375,17,0,5,0,5,7,3,0,0,0,1,6,0,0,190.5,208.28,265.0,29.0,36.0,0,0,0,0,1,0,0,0,0,0,0,0,0,0,0,1,0,0,0,0,0,0,0,1
Red,False,0.0,0.0,0.6475,0.3924999999999999,0.625,0.14,1.5,0.25,0.0,1.0,53.5,34.0,44.0,21.0,69.0,47.25,90.5,61.75,7.25,4.5,3.5,1.0,42.25,26.0,30.25,10.5,6.5,4.75,11.5,10.0,4.75,3.25,2.25,0.5,25.25,10.75,24.0,6.0,9.0,7.75,8.0,6.5,19.25,15.5,12.0,8.5,351.75,221.5,745.75,7,0,2,0,2,2,1,0,0,0,1,1,0,0,170.18,167.64,125.0,0.0625,0.5,0.29,0.4449999999999999,0.0875,0.70625,0.3125,0.375,0.0,0.0,68.8125,22.5,74.4375,34.0625,81.4375,33.5625,97.9375,53.0625,2.25,0.25,4.9375,2.5625,46.1875,11.0625,50.6875,16.625,13.625,6.1875,13.9375,8.6875,9.0,5.25,9.8125,8.75,55.375,12.5625,54.25,20.5625,8.625,5.625,7.3125,4.75,4.8125,4.3125,12.875,8.75,49.4375,239.6875,758.9375,14,1,2,0,2,3,2,0,0,1,0,1,1,0,167.64,167.64,125.0,22.0,30.0,0,0,0,1,0,0,0,0,0,0,0,0,0,0,0,0,0,1,0,0,1,0,0,0
Red,False,0.0,0.5,0.384375,0.40375,0.285,0.0,0.3125,0.25,0.0,0.25,125.9375,48.8125,155.625,63.5,132.875,51.75,160.0,67.625,3.125,0.5,2.375,0.0,97.6875,29.6875,104.375,31.6875,10.75,3.875,30.25,16.5,17.5,15.25,21.0,15.3125,118.8125,44.4375,146.625,58.0,5.875,3.625,5.5,3.0,1.25,0.75,3.5,2.5,72.4375,50.5,852.0,13,0,1,0,2,3,2,0,0,1,1,0,1,0,170.18,180.34,155.0,0.25,0.0,0.5531250000000001,0.359375,0.59375,0.091875,1.25,1.0625,0.0,0.0,76.6875,34.875,78.625,25.375,88.6875,44.75,92.0625,37.625,2.0,1.0,3.6875,0.6875,65.5,26.8125,63.6875,16.0625,9.0,6.125,9.6875,5.5625,2.1875,1.9375,5.25,3.75,67.25,28.5,72.5625,22.0625,2.375,1.4375,1.6875,0.4375,7.0625,4.9375,4.375,2.875,187.5625,78.8125,582.6875,12,1,0,1,3,3,2,0,0,0,3,0,0,0,177.8,177.8,155.0,34.0,27.0,0,0,0,0,0,0,1,0,0,0,0,0,0,0,0,1,0,0,0,0,1,0,0,0
Blue,False,0.625,0.0,0.4859375,0.6078125000000001,0.0309375,0.155,0.0625,0.375,0.0,0.09375,66.40625,34.65625,51.4375,31.78125,73.0,40.03125,62.09375,41.90625,1.09375,0.28125,2.9375,1.03125,56.21875,25.53125,33.90625,15.3125,6.6875,6.125,11.53125,10.46875,3.5,3.0,6.0,6.0,47.71875,21.125,35.46875,19.71875,14.875,11.6875,10.9375,8.53125,3.8125,1.84375,5.03125,3.53125,90.1875,70.8125,551.5625,14,0,0,1,1,3,3,0,0,0,1,2,0,0,193.04,198.12,265.0,1.125,0.375,0.7575000000000001,0.2875,0.125,0.165,0.0,0.5,0.0,0.0,65.375,50.0,26.5,8.375,111.25,92.625,31.5,12.25,0.375,0.125,1.75,0.5,43.75,29.375,20.0,4.625,19.375,18.375,3.75,2.375,2.25,2.25,2.75,1.375,16.625,10.5,22.625,5.75,16.375,12.875,3.125,2.0,32.375,26.625,0.75,0.625,342.75,15.0,608.375,8,0,1,0,1,2,2,0,0,0,1,1,0,0,193.04,203.2,265.0,32.0,34.0,0,0,0,0,1,0,0,0,0,0,0,0,0,0,0,1,0,0,0,0,1,0,0,0
Blue,False,0.0,0.0,0.2,0.275,0.5,0.25,0.5,0.5,0.5,0.5,48.0,10.5,47.0,14.0,56.5,17.5,77.0,41.5,2.5,0.5,2.0,1.0,47.0,9.5,44.5,13.0,0.5,0.5,2.5,1.0,0.5,0.5,0.0,0.0,41.0,5.5,40.0,9.5,5.5,3.5,2.5,1.0,1.5,1.5,4.5,3.5,84.0,175.5,527.5,4,0,0,1,1,1,1,0,0,0,0,0,1,0,180.34,182.88,145.0,0.0,0.0,0.73,0.88,0.0,0.25,0.0,1.0,0.0,0.0,26.0,19.0,36.0,32.0,30.0,23.0,66.0,62.0,0.0,0.0,12.0,3.0,21.0,14.0,34.0,30.0,3.0,3.0,0.0,0.0,2.0,2.0,2.0,2.0,14.0,8.0,10.0,6.0,6.0,5.0,0.0,0.0,6.0,6.0,26.0,26.0,7.0,248.0,350.0,2,0,0,1,0,0,1,0,0,0,0,0,0,0,175.26,175.26,145.0,29.0,24.0,0,0,1,0,0,0,0,0,0,0,0,0,0,0,0,1,0,0,0,0,1,0,0,0
Red,False,0.015625,0.0,0.45,0.4275,0.25,0.2,0.148468017578125,0.098388671875,0.0,0.0,66.5,29.6875,64.31230545043945,27.34375,89.75,48.0,85.53125,44.41152191162109,2.0,0.75,2.0546875,0.75,51.1875,18.3359375,49.6123046875,16.280410766601562,7.5,5.07647705078125,7.5,5.0,4.5,3.625,4.984375,3.9375,48.6875,17.0,47.11572265625,16.5,5.75,3.75,5.3125,3.4375,5.0625,3.5,3.875,2.5,99.2119140625,94.125,638.5,0,0,0,0,0,0,0,0,0,0,0,0,0,0,172.72,172.72,155.0,0.0471682548522949,0.0,0.45,0.4217682266235352,0.25,0.19173828125,0.1875,0.125,0.0,0.0,69.5,30.5,66.984375,27.8466796875,94.0,48.544921875,88.50390625,44.75,2.0,0.8125,2.015625,0.6640625,54.0,19.01513671875,51.483436584472656,16.9437255859375,7.91796875,5.430633544921875,7.75,5.0625,4.780975341796875,3.9373779296875,4.8994140625,3.84375,51.025390625,18.400863647460938,50.515625,17.5,5.75,3.75,5.5,3.5,5.375,3.6875,4.0,2.65625,104.865234375,89.5,655.8441009521484,0,0,0,0,0,0,0,0,0,0,0,0,0,0,177.8,177.8,155.0,28.0,26.0,0,0,0,0,0,0,1,0,0,0,0,0,0,0,0,1,0,0,0,0,1,0,0,0
Blue,False,0.25,0.0,0.4025,0.42,0.375,0.0,0.5,0.0,0.0,0.0,80.0,29.5,70.75,40.0,100.0,47.25,102.25,69.25,5.75,2.5,2.0,0.0,61.5,17.75,44.5,18.5,4.75,1.5,16.5,13.0,13.75,10.25,9.75,8.5,68.75,25.0,52.0,24.5,3.0,1.0,5.25,4.0,8.25,3.5,13.5,11.5,205.75,26.5,638.5,7,0,2,0,2,2,1,0,0,0,1,0,1,0,185.42,195.58,185.0,0.0,0.5,0.44625,0.34375,0.0,0.0775,0.0,0.0,0.375,0.0,68.625,27.5,77.75,28.25,74.375,32.5,94.75,42.75,0.0,0.0,3.625,0.75,50.25,14.875,48.5,12.75,5.875,2.375,14.0,5.25,12.5,10.25,15.25,10.25,51.375,17.125,72.5,25.125,17.0,10.125,4.75,2.625,0.25,0.25,0.5,0.5,19.375,138.75,563.5,10,0,0,1,1,1,3,0,0,0,1,0,0,0,180.34,182.88,170.0,30.0,27.0,0,0,0,0,0,0,0,1,0,0,0,0,0,0,0,0,0,1,0,0,1,0,0,0
Red,False,0.015625,0.0,0.45,0.4275,0.25,0.2,0.148468017578125,0.098388671875,0.0,0.0,66.5,29.6875,64.31230545043945,27.34375,89.75,48.0,85.53125,44.41152191162109,2.0,0.75,2.0546875,0.75,51.1875,18.3359375,49.6123046875,16.280410766601562,7.5,5.07647705078125,7.5,5.0,4.5,3.625,4.984375,3.9375,48.6875,17.0,47.11572265625,16.5,5.75,3.75,5.3125,3.4375,5.0625,3.5,3.875,2.5,99.2119140625,94.125,638.5,0,0,0,0,0,0,0,0,0,0,0,0,0,0,170.18,170.18,135.0,0.0,0.0,0.515,0.35,0.125,0.08,0.0,0.0,1.0,0.0,152.0,78.0,158.0,54.0,177.0,101.0,181.0,75.5,2.0,0.5,3.0,0.5,99.5,39.0,132.0,33.5,21.5,13.0,22.0,17.0,31.0,26.0,4.0,3.5,145.5,72.5,145.5,44.5,6.5,5.5,12.5,9.5,0.0,0.0,0.0,0.0,202.5,8.0,900.0,6,0,2,0,2,2,0,0,0,1,1,0,0,0,165.1,162.56,135.0,34.0,31.0,0,0,0,0,0,0,0,0,0,0,1,0,0,0,0,1,0,0,0,0,1,0,0,0
Blue,False,0.0,0.0,0.42,0.45,0.0,0.25,0.0,1.0,0.0,0.0,14.0,6.0,22.0,10.0,14.0,6.0,26.0,13.0,1.0,0.0,4.0,1.0,13.0,5.0,18.0,6.0,1.0,1.0,4.0,4.0,0.0,0.0,0.0,0.0,12.0,5.0,18.0,7.0,2.0,1.0,4.0,3.0,0.0,0.0,0.0,0.0,17.0,42.0,138.0,1,0,0,1,0,0,1,0,0,0,0,0,0,0,195.58,193.04,260.0,0.0,0.0,0.0,0.71,0.0,1.0,2.0,0.0,1.0,0.0,3.0,0.0,7.0,5.0,8.0,5.0,21.0,19.0,0.0,0.0,1.0,1.0,1.0,0.0,7.0,5.0,0.0,0.0,0.0,0.0,2.0,0.0,0.0,0.0,3.0,0.0,1.0,0.0,0.0,0.0,0.0,0.0,0.0,0.0,6.0,5.0,6.0,101.0,140.0,1,0,0,1,0,0,1,0,0,0,0,0,0,0,187.96,190.5,247.0,34.0,36.0,0,0,0,0,1,0,0,0,0,0,0,0,0,0,0,1,0,0,0,0,1,0,0,0
Blue,False,0.0,0.0,0.7,0.66,1.0,0.0,1.0,0.0,0.0,0.0,10.0,7.0,3.0,2.0,10.0,7.0,3.0,2.0,1.0,1.0,0.0,0.0,6.0,4.0,1.0,0.0,4.0,3.0,1.0,1.0,0.0,0.0,1.0,1.0,4.0,2.0,1.0,0.0,3.0,3.0,2.0,2.0,3.0,2.0,0.0,0.0,10.0,10.0,38.0,1,0,1,0,1,1,0,0,0,0,0,0,1,0,175.26,187.96,155.0,1.03125,0.0703125,0.468671875,0.343984375,0.827734375,0.06765625,0.78125,0.5,0.0625,0.0625,60.6875,31.0390625,33.2421875,12.0078125,108.59375,70.703125,37.6796875,16.1484375,3.03125,2.171875,0.6484375,0.140625,48.65625,23.328125,26.7421875,8.9453125,7.4453125,3.453125,5.34375,2.3984375,4.5859375,4.2578125,1.15625,0.6640625,39.9609375,16.3515625,24.8671875,7.6484375,4.953125,2.5859375,7.34375,3.6484375,15.7734375,12.1015625,1.03125,0.7109375,153.4375,32.9765625,424.1875,15,1,0,1,3,5,3,0,0,0,3,2,0,0,180.34,190.5,155.0,29.0,26.0,0,0,0,0,0,0,1,0,0,0,0,0,0,0,0,1,0,0,0,0,1,0,0,0
Red,True,0.015625,0.0,0.45,0.4275,0.25,0.2,0.148468017578125,0.098388671875,0.0,0.0,66.5,29.6875,64.31230545043945,27.34375,89.75,48.0,85.53125,44.41152191162109,2.0,0.75,2.0546875,0.75,51.1875,18.3359375,49.6123046875,16.280410766601562,7.5,5.07647705078125,7.5,5.0,4.5,3.625,4.984375,3.9375,48.6875,17.0,47.11572265625,16.5,5.75,3.75,5.3125,3.4375,5.0625,3.5,3.875,2.5,99.2119140625,94.125,638.5,0,0,0,0,0,0,0,0,0,0,0,0,0,0,167.64,165.1,135.0,1.09375,0.0078125,0.439921875,0.3048437499999999,0.21734375,0.0,1.4296875,0.1328125,0.0,0.0,230.9609375,105.8515625,180.3671875,48.796875,256.1953125,126.890625,184.8828125,53.2421875,3.6328125,0.9296875,1.28125,0.0,189.453125,70.78125,142.65625,27.921875,19.0859375,15.34375,24.4140625,10.6328125,22.421875,19.7265625,13.296875,10.2421875,194.5625,83.0703125,173.796875,43.84375,16.1875,9.75,6.375,4.78125,20.2109375,13.03125,0.1953125,0.171875,220.34375,2.3984375,1047.375,19,2,0,1,4,6,2,0,0,0,2,3,1,0,167.64,170.18,125.0,27.0,28.0,1,0,0,0,0,0,0,0,0,0,0,0,0,0,0,1,0,0,0,0,1,0,0,0
Red,False,0.015625,0.0,0.45,0.4275,0.25,0.2,0.148468017578125,0.098388671875,0.0,0.0,66.5,29.6875,64.31230545043945,27.34375,89.75,48.0,85.53125,44.41152191162109,2.0,0.75,2.0546875,0.75,51.1875,18.3359375,49.6123046875,16.280410766601562,7.5,5.07647705078125,7.5,5.0,4.5,3.625,4.984375,3.9375,48.6875,17.0,47.11572265625,16.5,5.75,3.75,5.3125,3.4375,5.0625,3.5,3.875,2.5,99.2119140625,94.125,638.5,0,0,0,0,0,0,0,0,0,0,0,0,0,0,180.34,180.34,145.0,0.25,0.0,0.31,0.2975,0.0,0.125,0.0,0.5,0.0,0.0,35.0,11.75,23.25,8.0,35.0,11.75,24.0,8.75,0.0,0.0,1.0,0.25,25.0,7.25,16.75,4.25,8.25,3.75,3.75,1.5,1.75,0.75,2.75,2.25,33.75,10.5,21.75,7.25,0.5,0.5,1.5,0.75,0.75,0.75,0.0,0.0,13.0,18.75,178.75,3,0,0,3,0,0,3,0,0,0,0,0,0,0,177.8,190.5,155.0,26.0,26.0,0,0,0,0,0,0,1,0,0,0,0,0,0,0,0,0,0,0,1,0,1,0,0,0
Red,False,0.53125,0.28125,0.5932421875,0.47822265625,0.1730078125,0.25431640625,0.28125,0.58984375,0.501953125,0.1328125,59.978515625,29.087890625,57.650390625,23.625,73.544921875,41.076171875,82.96875,47.20703125,5.634765625,1.3359375,2.380859375,1.025390625,48.80859375,20.16796875,39.1015625,8.771484375,4.37890625,2.67578125,12.287109375,8.90625,6.791015625,6.244140625,6.26171875,5.947265625,37.58984375,14.591796875,48.591796875,16.615234375,4.8125,4.748046875,1.66796875,1.119140625,17.576171875,9.748046875,7.390625,5.890625,179.068359375,85.76171875,591.4375,26,0,1,0,3,7,3,0,0,1,4,2,0,0,175.26,180.34,155.0,0.53125,0.125,0.43875,0.4521874999999999,0.333125,0.0,0.8125,0.0,0.0,0.5,77.5,31.3125,59.5625,23.90625,79.625,33.125,60.59375,24.4375,1.28125,0.625,0.9375,0.0,68.15625,24.78125,44.84375,14.90625,4.0625,2.21875,10.0,5.625,5.28125,4.3125,4.71875,3.375,75.4375,29.84375,58.78125,23.53125,1.625,1.0625,0.78125,0.375,0.4375,0.40625,0.0,0.0,25.75,16.0625,336.4375,10,1,3,0,3,5,1,0,0,0,1,2,1,1,180.34,193.04,155.0,35.0,30.0,0,0,0,0,0,0,1,0,0,0,0,0,0,0,0,1,0,0,0,0,1,0,0,0
Red,False,0.015625,0.0,0.45,0.4275,0.25,0.2,0.148468017578125,0.098388671875,0.0,0.0,66.5,29.6875,64.31230545043945,27.34375,89.75,48.0,85.53125,44.41152191162109,2.0,0.75,2.0546875,0.75,51.1875,18.3359375,49.6123046875,16.280410766601562,7.5,5.07647705078125,7.5,5.0,4.5,3.625,4.984375,3.9375,48.6875,17.0,47.11572265625,16.5,5.75,3.75,5.3125,3.4375,5.0625,3.5,3.875,2.5,99.2119140625,94.125,638.5,0,0,0,0,0,0,0,0,0,0,0,0,0,0,180.34,185.42,145.0,0.5546875,0.0,0.3646875,0.303359375,0.0,0.274609375,1.0,0.0234375,0.0,0.0,145.6171875,54.7734375,146.6015625,45.015625,154.875,62.46875,151.0390625,48.953125,0.0625,0.0,8.78125,2.3359375,120.140625,38.390625,113.734375,24.5390625,20.5625,13.25,16.3828125,6.5234375,4.9140625,3.1328125,16.484375,13.953125,113.8203125,34.453125,133.90625,38.765625,30.2109375,19.4375,8.7734375,4.109375,1.5859375,0.8828125,3.921875,2.140625,5.3203125,177.1171875,735.9453125,20,0,0,1,3,5,3,0,0,1,1,2,1,0,180.34,175.26,145.0,21.0,22.0,0,1,0,0,0,0,0,0,0,0,0,0,0,0,0,1,0,0,0,0,1,0,0,0
Blue,False,0.5087890625,0.0009765625,0.54765625,0.356904296875,0.196533203125,0.005546875,0.419921875,0.005859375,0.0,0.0625,32.8779296875,15.814453125,33.07421875,14.001953125,50.6748046875,31.845703125,43.9169921875,24.2041015625,4.392578125,1.69140625,0.0546875,0.0390625,30.7158203125,14.3408203125,24.3681640625,7.6455078125,1.2705078125,0.6171875,3.375,1.962890625,0.8916015625,0.8564453125,5.3310546875,4.3935546875,21.4267578125,7.8359375,25.7822265625,9.6455078125,2.4443359375,1.517578125,5.119140625,2.841796875,9.0068359375,6.4609375,2.1728515625,1.5146484375,267.1044921875,38.64453125,474.46875,27,1,0,1,5,8,3,0,0,1,3,1,3,0,185.42,198.12,185.0,0.0078125,0.5,0.329140625,0.44375,0.27296875,0.5096875,0.5703125,0.859375,0.2578125,0.5859375,77.0,25.3671875,62.4296875,29.8046875,102.84375,46.0234375,90.5078125,50.7265625,3.703125,1.2890625,3.4140625,2.078125,61.546875,16.265625,41.953125,15.0234375,10.921875,5.2265625,10.234375,5.71875,4.53125,3.875,10.2421875,9.0625,69.3125,21.09375,48.46875,19.2421875,2.8984375,1.2890625,7.046875,6.4453125,4.7890625,2.984375,6.9140625,4.1171875,170.265625,335.7890625,888.28125,22,0,6,0,6,6,2,0,0,1,3,0,2,0,190.5,198.12,205.0,32.0,32.0,0,0,0,0,0,0,0,1,0,0,0,0,0,0,0,1,0,0,0,0,1,0,0,0
Blue,False,0.5,0.0,0.5075000000000001,0.3,0.5,0.25,0.0,1.0,0.0,0.0,69.75,36.25,76.75,23.25,79.0,44.5,80.0,26.0,2.0,2.0,1.0,0.25,55.0,23.25,57.25,12.75,9.0,7.25,14.5,7.25,5.75,5.75,5.0,3.25,55.25,26.75,68.25,17.0,6.0,4.0,4.25,3.0,8.5,5.5,4.25,3.25,122.25,39.0,610.5,6,0,1,0,1,2,1,0,0,1,0,1,0,0,182.88,185.42,170.0,0.1103515625,0.37548828125,0.3945166015625,0.4727685546875,0.53726806640625,0.0545263671875,0.759765625,0.51611328125,0.1259765625,0.0,63.553955078125,33.729248046875,66.618896484375,30.521728515625,88.98095703125,57.564208984375,78.973388671875,41.6171875,2.1064453125,2.06103515625,2.983154296875,0.38134765625,54.26611328125,26.070068359375,50.6044921875,17.403564453125,4.95556640625,4.343505859375,8.9931640625,7.007080078125,4.332275390625,3.315673828125,7.021240234375,6.111083984375,38.801025390625,14.194580078125,50.013427734375,20.011474609375,12.264892578125,8.303955078125,10.601806640625,6.82568359375,12.488037109375,11.230712890625,6.003662109375,3.6845703125,109.1904296875,149.5166015625,567.315673828125,26,0,0,1,4,9,4,0,0,1,2,4,2,0,182.88,187.96,170.0,24.0,38.0,0,0,0,0,0,0,0,0,0,1,0,0,0,0,0,1,0,0,0,0,1,0,0,0
Red,False,0.0,0.0,0.625,0.43,0.47,0.33,0.0,3.0,0.5,0.5,19.0,12.0,22.5,10.0,40.0,32.5,28.0,15.0,6.5,3.0,1.5,1.0,12.0,5.5,19.0,7.5,6.0,5.5,1.5,0.5,1.0,1.0,2.0,2.0,7.0,2.5,14.0,4.0,2.5,2.5,3.5,2.0,9.5,7.0,5.0,4.0,357.0,124.5,577.5,4,0,1,0,1,1,1,0,0,1,0,0,0,0,175.26,175.26,145.0,0.0,0.0,0.22,0.3,0.0,0.5,0.0,0.0,1.0,1.0,85.0,19.0,90.0,27.0,101.0,32.0,148.0,80.0,4.0,0.0,4.0,2.0,83.0,17.0,85.0,25.0,1.0,1.0,5.0,2.0,1.0,1.0,0.0,0.0,73.0,10.0,77.0,18.0,9.0,6.0,4.0,2.0,3.0,3.0,9.0,7.0,93.0,295.0,900.0,3,0,0,1,0,0,1,0,0,0,0,0,0,0,180.34,182.88,145.0,32.0,29.0,0,0,1,0,0,0,0,0,0,0,0,0,0,0,0,1,0,0,0,0,1,0,0,0
Red,False,0.015625,0.0,0.45,0.4275,0.25,0.2,0.148468017578125,0.098388671875,0.0,0.0,66.5,29.6875,64.31230545043945,27.34375,89.75,48.0,85.53125,44.41152191162109,2.0,0.75,2.0546875,0.75,51.1875,18.3359375,49.6123046875,16.280410766601562,7.5,5.07647705078125,7.5,5.0,4.5,3.625,4.984375,3.9375,48.6875,17.0,47.11572265625,16.5,5.75,3.75,5.3125,3.4375,5.0625,3.5,3.875,2.5,99.2119140625,94.125,638.5,0,0,0,0,0,0,0,0,0,0,0,0,0,0,182.88,185.42,155.0,0.0,0.0,0.0,0.0,0.0,0.5,1.0,0.0,0.0,0.0,0.0,0.0,2.0,0.0,0.0,0.0,2.0,0.0,0.0,0.0,2.0,1.0,0.0,0.0,0.0,0.0,0.0,0.0,0.0,0.0,0.0,0.0,2.0,0.0,0.0,0.0,2.0,0.0,0.0,0.0,0.0,0.0,0.0,0.0,0.0,0.0,17.0,22.0,58.0,1,0,1,0,1,1,0,0,0,0,0,0,1,0,190.5,193.04,155.0,29.0,27.0,0,0,0,0,0,0,1,0,0,0,0,0,0,0,0,1,0,0,0,0,1,0,0,0
Red,False,1.0,0.0,0.525,0.345,0.36,0.0,0.0,0.0,0.0,0.5,75.0,35.0,81.5,29.5,78.5,37.5,83.5,31.5,5.5,4.0,0.5,0.0,70.5,31.0,67.0,21.5,3.0,2.5,9.5,3.5,1.5,1.5,5.0,4.5,63.5,29.0,71.0,25.0,10.0,5.5,10.5,4.5,1.5,0.5,0.0,0.0,137.5,11.5,471.5,4,0,2,0,2,2,0,0,0,1,0,1,0,0,175.26,182.88,170.0,0.5,0.0,0.45625,0.3940625,0.69375,0.4340625,0.0,1.28125,0.03125,0.5,82.71875,35.3125,40.65625,16.9375,101.96875,51.4375,62.5625,37.375,4.46875,2.375,4.625,1.75,69.4375,26.0625,27.25,7.375,8.5625,5.90625,8.15625,4.4375,4.71875,3.34375,5.25,5.125,73.75,29.0,31.1875,10.125,7.46875,5.5625,4.25,3.03125,1.5,0.75,5.21875,3.78125,138.21875,186.84375,653.90625,15,0,1,0,3,4,2,0,0,0,3,1,0,0,190.5,203.2,170.0,27.0,27.0,0,0,0,0,0,0,0,0,0,1,0,0,0,0,0,1,0,0,0,0,1,0,0,0
Red,False,0.0,0.0,0.42,0.63,0.12,0.0,1.0,1.0,0.0,0.0,42.0,18.0,73.0,46.0,50.0,24.0,100.0,72.0,8.0,1.0,0.0,0.0,26.0,2.0,26.0,8.0,6.0,6.0,30.0,24.0,10.0,10.0,17.0,14.0,33.0,12.0,59.0,33.0,9.0,6.0,13.0,12.0,0.0,0.0,1.0,1.0,362.0,128.0,900.0,3,0,0,1,0,0,1,0,0,0,0,0,0,0,182.88,185.42,170.0,0.5,1.0,0.435,0.605,0.0,0.5,0.5,0.5,0.0,0.0,20.5,9.0,30.0,19.5,23.0,11.5,66.0,49.5,0.5,0.0,1.0,0.5,15.5,7.0,22.5,13.5,5.0,2.0,4.0,2.5,0.0,0.0,3.5,3.5,13.0,4.0,16.5,8.5,3.5,2.0,2.5,1.5,4.0,3.0,11.0,9.5,36.5,49.0,182.5,2,0,1,0,1,1,1,0,0,0,0,0,1,0,177.8,182.88,155.0,24.0,25.0,0,0,0,0,0,0,1,0,0,0,0,0,0,0,0,1,0,0,0,0,0,0,1,0
Blue,False,0.634765625,6.103515625e-05,0.4416302490234375,0.3748736572265625,0.572496337890625,0.7785406494140625,1.50909423828125,0.03173828125,6.103515625e-05,0.0001220703125,79.1920166015625,34.67254638671875,87.11614990234375,31.61798095703125,98.08294677734376,53.3310546875,100.64178466796876,43.9500732421875,2.58734130859375,1.472412109375,5.4359130859375,3.32232666015625,58.5321044921875,21.006103515625,71.5614013671875,21.90411376953125,16.45751953125,10.4114990234375,11.1876220703125,5.80523681640625,4.202392578125,3.25494384765625,4.36712646484375,3.90863037109375,66.4580078125,25.56744384765625,75.103515625,21.66571044921875,4.7694091796875,2.987060546875,4.99969482421875,4.32196044921875,7.964599609375,6.1180419921875,7.012939453125,5.63031005859375,105.8726806640625,258.92535400390625,699.7457885742188,39,0,0,2,5,10,5,0,0,0,6,2,2,0,172.72,177.8,155.0,0.53515625,0.015625,0.45134765625,0.30064453125,0.44794921875,0.462421875,1.29296875,0.25,0.5,0.001953125,81.8359375,36.072265625,74.16796875,20.154296875,119.845703125,69.900390625,89.607421875,33.94921875,3.572265625,1.78515625,8.244140625,4.1484375,50.7421875,14.19140625,56.0078125,9.1328125,16.04296875,12.359375,11.7109375,7.0625,15.05078125,9.521484375,6.44921875,3.958984375,66.134765625,25.052734375,57.841796875,12.35546875,9.875,6.716796875,10.287109375,6.658203125,5.826171875,4.302734375,6.0390625,1.140625,226.4453125,216.5625,1080.9375,39,5,7,0,7,9,1,0,0,3,5,0,1,0,175.26,177.8,170.0,29.0,30.0,0,0,0,0,0,0,1,0,0,0,0,0,0,0,0,0,0,1,0,0,0,0,1,0
Blue,False,0.0,0.0,0.25,0.55,0.0,1.0,0.0,1.0,0.0,0.0,27.0,7.0,43.0,24.0,27.0,7.0,46.0,27.0,0.0,0.0,2.0,2.0,21.0,2.0,39.0,23.0,2.0,1.0,4.0,1.0,4.0,4.0,0.0,0.0,25.0,5.0,35.0,16.0,2.0,2.0,2.0,2.0,0.0,0.0,6.0,6.0,16.0,31.0,167.0,1,0,0,1,0,0,1,0,0,0,0,0,0,0,177.8,177.8,135.0,0.0,0.0,0.45,0.54,0.0,0.62,1.0,1.0,1.0,1.0,40.0,18.0,68.0,37.0,137.0,109.0,129.0,95.0,0.0,0.0,8.0,5.0,23.0,5.0,53.0,28.0,14.0,12.0,13.0,8.0,3.0,1.0,2.0,1.0,26.0,9.0,31.0,12.0,6.0,3.0,6.0,4.0,8.0,6.0,31.0,21.0,68.0,609.0,900.0,3,0,0,1,0,0,1,0,0,0,0,0,0,0,175.26,180.34,135.0,27.0,25.0,1,0,0,0,0,0,0,0,0,0,0,0,0,0,0,0,0,1,0,0,0,0,1,0
Red,False,0.015625,0.0,0.45,0.4275,0.25,0.2,0.148468017578125,0.098388671875,0.0,0.0,66.5,29.6875,64.31230545043945,27.34375,89.75,48.0,85.53125,44.41152191162109,2.0,0.75,2.0546875,0.75,51.1875,18.3359375,49.6123046875,16.280410766601562,7.5,5.07647705078125,7.5,5.0,4.5,3.625,4.984375,3.9375,48.6875,17.0,47.11572265625,16.5,5.75,3.75,5.3125,3.4375,5.0625,3.5,3.875,2.5,99.2119140625,94.125,638.5,0,0,0,0,0,0,0,0,0,0,0,0,0,0,175.26,175.26,155.0,0.046875,0.0625,0.6215625,0.503125,0.015625,0.38375,0.59375,0.09375,0.0,0.015625,39.703125,25.296875,58.5625,34.0,61.296875,45.078125,140.875,109.234375,0.328125,0.015625,5.359375,2.078125,25.0625,12.28125,46.015625,23.328125,12.296875,10.734375,6.5,5.15625,2.34375,2.28125,6.046875,5.515625,24.328125,12.59375,15.921875,5.015625,15.015625,12.34375,13.859375,8.765625,0.359375,0.359375,28.78125,20.21875,30.703125,573.796875,757.90625,15,0,3,0,3,4,3,0,0,0,1,2,1,0,187.96,195.58,170.0,26.0,31.0,0,0,0,0,0,0,0,0,0,1,0,0,0,0,0,1,0,0,0,0,1,0,0,0
Red,False,0.015625,0.0,0.45,0.4275,0.25,0.2,0.148468017578125,0.098388671875,0.0,0.0,66.5,29.6875,64.31230545043945,27.34375,89.75,48.0,85.53125,44.41152191162109,2.0,0.75,2.0546875,0.75,51.1875,18.3359375,49.6123046875,16.280410766601562,7.5,5.07647705078125,7.5,5.0,4.5,3.625,4.984375,3.9375,48.6875,17.0,47.11572265625,16.5,5.75,3.75,5.3125,3.4375,5.0625,3.5,3.875,2.5,99.2119140625,94.125,638.5,0,0,0,0,0,0,0,0,0,0,0,0,0,0,167.64,172.72,135.0,0.0,0.5,0.355,0.505,0.54,0.33,0.0,0.0,0.5,0.5,78.5,28.0,69.0,35.5,130.0,72.0,125.5,85.0,6.5,3.5,1.5,1.0,59.5,14.0,49.0,23.0,4.0,3.0,11.5,7.5,15.0,11.0,8.5,5.0,52.0,11.5,41.5,16.5,6.5,5.0,6.0,5.0,20.0,11.5,21.5,14.0,414.5,111.0,900.0,6,0,1,0,1,1,1,0,0,0,1,0,0,0,162.56,165.1,125.0,23.0,29.0,0,0,0,1,0,0,0,0,0,0,0,0,0,0,0,1,0,0,0,0,0,0,1,0
Blue,False,0.015625,0.0,0.45,0.4275,0.25,0.2,0.148468017578125,0.098388671875,0.0,0.0,66.5,29.6875,64.31230545043945,27.34375,89.75,48.0,85.53125,44.41152191162109,2.0,0.75,2.0546875,0.75,51.1875,18.3359375,49.6123046875,16.280410766601562,7.5,5.07647705078125,7.5,5.0,4.5,3.625,4.984375,3.9375,48.6875,17.0,47.11572265625,16.5,5.75,3.75,5.3125,3.4375,5.0625,3.5,3.875,2.5,99.2119140625,94.125,638.5,0,0,0,0,0,0,0,0,0,0,0,0,0,0,177.8,180.34,125.0,0.28125,0.0625,0.26625,0.5771875,0.61375,0.40625,0.625,0.75,0.78125,1.28125,51.09375,18.4375,78.21875,47.3125,78.25,43.0625,118.125,81.59375,4.5,1.59375,2.0625,1.53125,41.03125,11.5625,69.1875,38.9375,7.9375,5.1875,3.3125,3.21875,2.125,1.6875,5.71875,5.15625,44.125,12.65625,52.84375,30.96875,1.4375,1.40625,4.125,3.34375,5.53125,4.375,21.25,13.0,110.5625,412.65625,832.46875,14,0,2,0,2,3,3,0,0,0,1,0,2,0,175.26,180.34,135.0,24.0,30.0,1,0,0,0,0,0,0,0,0,0,0,0,0,0,0,0,0,1,0,0,1,0,0,0
Blue,False,0.015625,0.0,0.45,0.4275,0.25,0.2,0.148468017578125,0.098388671875,0.0,0.0,66.5,29.6875,64.31230545043945,27.34375,89.75,48.0,85.53125,44.41152191162109,2.0,0.75,2.0546875,0.75,51.1875,18.3359375,49.6123046875,16.280410766601562,7.5,5.07647705078125,7.5,5.0,4.5,3.625,4.984375,3.9375,48.6875,17.0,47.11572265625,16.5,5.75,3.75,5.3125,3.4375,5.0625,3.5,3.875,2.5,99.2119140625,94.125,638.5,0,0,0,0,0,0,0,0,0,0,0,0,0,0,180.34,182.88,170.0,0.0,0.0,0.28,0.41,0.0,0.0,0.0,0.0,0.0,0.0,45.0,13.0,12.0,5.0,47.0,15.0,12.0,5.0,0.0,0.0,1.0,0.0,37.0,10.0,10.0,4.0,1.0,0.0,2.0,1.0,7.0,3.0,0.0,0.0,45.0,13.0,12.0,5.0,0.0,0.0,0.0,0.0,0.0,0.0,0.0,0.0,32.0,6.0,300.0,1,0,1,0,1,1,0,0,0,0,0,0,0,1,182.88,182.88,170.0,26.0,23.0,0,0,0,0,0,0,0,0,0,1,0,0,0,0,0,1,0,0,0,0,1,0,0,0
Red,False,1.265625,0.0078125,0.37880126953125,0.32884765625,0.34121826171875,0.0946142578125,0.252197265625,0.0126953125,0.0048828125,0.01171875,60.59619140625,21.778076171875,69.705810546875,22.04931640625,97.583740234375,57.577880859375,88.92724609375,38.579833984375,3.750244140625,1.38134765625,3.1416015625,0.537353515625,55.568359375,17.422607421875,49.05126953125,10.48291015625,4.04833984375,3.64990234375,16.321533203125,8.686767578125,0.9794921875,0.70556640625,4.3330078125,2.879638671875,31.04443359375,9.887939453125,52.5888671875,13.3212890625,8.936279296875,3.435791015625,13.367431640625,7.491455078125,20.615478515625,8.454345703125,3.74951171875,1.236572265625,262.49853515625,123.545166015625,643.885986328125,34,0,2,0,4,10,3,0,0,1,6,3,0,0,187.96,193.04,170.0,0.5625,0.0,0.441875,0.3,0.25,0.25,0.0,0.25,0.0,0.0,59.25,23.9375,100.9375,33.5,76.1875,40.375,140.9375,70.625,1.75,0.75,2.125,0.5,43.6875,11.25,72.75,16.5,10.75,8.1875,22.0,13.5625,4.8125,4.5,6.1875,3.4375,45.25,13.875,92.0625,27.8125,11.3125,8.375,6.875,4.6875,2.6875,1.6875,2.0,1.0,107.875,116.625,648.25,10,0,1,0,2,3,2,0,0,0,0,3,0,0,175.26,187.96,170.0,32.0,32.0,0,0,0,0,0,0,0,0,0,1,0,0,0,0,0,0,0,1,0,0,1,0,0,0
Red,False,0.015625,0.0,0.45,0.4275,0.25,0.2,0.148468017578125,0.098388671875,0.0,0.0,66.5,29.6875,64.31230545043945,27.34375,89.75,48.0,85.53125,44.41152191162109,2.0,0.75,2.0546875,0.75,51.1875,18.3359375,49.6123046875,16.280410766601562,7.5,5.07647705078125,7.5,5.0,4.5,3.625,4.984375,3.9375,48.6875,17.0,47.11572265625,16.5,5.75,3.75,5.3125,3.4375,5.0625,3.5,3.875,2.5,99.2119140625,94.125,638.5,0,0,0,0,0,0,0,0,0,0,0,0,0,0,170.18,175.26,170.0,0.0,0.0,0.4,0.39,0.4,0.0,2.0,0.0,0.0,2.0,25.0,10.0,79.0,31.0,60.0,37.0,172.0,100.0,10.0,4.0,0.0,0.0,15.0,4.0,47.0,14.0,3.0,0.0,9.0,3.0,7.0,6.0,23.0,14.0,22.0,8.0,46.0,15.0,1.0,1.0,12.0,6.0,2.0,1.0,21.0,10.0,209.0,432.0,900.0,3,1,1,0,1,1,0,0,0,1,0,0,0,0,180.34,180.34,155.0,27.0,24.0,0,0,0,0,0,0,1,0,0,0,0,0,0,0,0,1,0,0,0,0,0,0,1,0
Red,False,0.5,0.25,0.4675,0.4825,0.25,0.0,0.0,0.0,0.0,0.0,56.5,25.75,69.75,29.5,57.25,26.5,79.0,38.5,0.75,0.5,0.5,0.0,38.25,12.0,50.25,15.5,13.0,9.5,8.5,6.25,5.25,4.25,11.0,7.75,53.25,23.5,61.0,24.25,3.0,2.25,8.5,5.25,0.25,0.0,0.25,0.0,19.25,20.75,440.75,6,0,0,1,2,2,1,0,0,0,1,1,0,0,175.26,177.8,185.0,0.0078468322753906,0.1267127990722656,0.3268225860595702,0.3732136917114257,0.0331004333496093,0.2457854080200195,0.0004959106445312,0.0010185241699218,5.7220458984375e-06,0.0625019073486328,150.17333984375,52.594512939453125,112.58016204833984,40.65082359313965,162.42783164978027,63.92380332946777,134.80606651306152,57.38815689086914,1.1243133544921875,0.3113212585449219,6.6544342041015625,2.643850326538086,132.5871181488037,40.10160827636719,84.37455368041992,23.205059051513672,7.4581298828125,3.812339782714844,17.001575469970703,9.681924819946287,10.128091812133787,8.680564880371094,11.20403289794922,7.763839721679687,144.54752731323242,49.19098281860352,96.82324409484865,30.77104759216309,4.517936706542969,2.809015274047852,5.503032684326172,4.22953987121582,1.1078758239746094,0.5945148468017578,10.25388526916504,5.650236129760742,32.086181640625,382.0776786804199,1123.1591835021973,50,1,4,0,4,14,6,0,0,1,5,8,0,0,185.42,190.5,185.0,42.0,35.0,0,0,0,0,0,0,0,1,0,0,0,0,0,0,0,0,0,1,0,0,1,0,0,0
Red,False,0.0,0.0,0.52,0.32,0.0,0.0,5.0,1.0,0.0,1.0,34.0,18.0,37.0,12.0,102.0,70.0,204.0,138.0,1.0,0.0,3.0,0.0,23.0,9.0,29.0,7.0,5.0,4.0,7.0,5.0,6.0,5.0,1.0,0.0,15.0,6.0,10.0,2.0,5.0,5.0,1.0,1.0,14.0,7.0,26.0,9.0,209.0,532.0,900.0,3,0,0,1,0,0,1,0,0,0,0,0,0,0,187.96,187.96,170.0,0.0,0.0,0.39,0.4,0.0,0.4,0.0,2.0,2.0,0.0,79.0,31.0,25.0,10.0,172.0,100.0,60.0,37.0,0.0,0.0,10.0,4.0,47.0,14.0,15.0,4.0,9.0,3.0,3.0,0.0,23.0,14.0,7.0,6.0,46.0,15.0,22.0,8.0,12.0,6.0,1.0,1.0,21.0,10.0,2.0,1.0,432.0,209.0,900.0,3,1,0,1,0,0,1,0,0,0,0,0,0,0,182.88,182.88,170.0,28.0,28.0,0,0,0,0,0,0,0,0,0,1,0,0,0,0,0,1,0,0,0,0,0,0,1,0
Red,True,0.015625,0.0,0.45,0.4275,0.25,0.2,0.148468017578125,0.098388671875,0.0,0.0,66.5,29.6875,64.31230545043945,27.34375,89.75,48.0,85.53125,44.41152191162109,2.0,0.75,2.0546875,0.75,51.1875,18.3359375,49.6123046875,16.280410766601562,7.5,5.07647705078125,7.5,5.0,4.5,3.625,4.984375,3.9375,48.6875,17.0,47.11572265625,16.5,5.75,3.75,5.3125,3.4375,5.0625,3.5,3.875,2.5,99.2119140625,94.125,638.5,0,0,0,0,0,0,0,0,0,0,0,0,0,0,170.18,170.18,145.0,0.0471682548522949,0.0,0.45,0.4217682266235352,0.25,0.19173828125,0.1875,0.125,0.0,0.0,69.5,30.5,66.984375,27.8466796875,94.0,48.544921875,88.50390625,44.75,2.0,0.8125,2.015625,0.6640625,54.0,19.01513671875,51.483436584472656,16.9437255859375,7.91796875,5.430633544921875,7.75,5.0625,4.780975341796875,3.9373779296875,4.8994140625,3.84375,51.025390625,18.400863647460938,50.515625,17.5,5.75,3.75,5.5,3.5,5.375,3.6875,4.0,2.65625,104.865234375,89.5,655.8441009521484,0,0,0,0,0,0,0,0,0,0,0,0,0,0,162.56,162.56,145.0,25.0,32.0,0,0,1,0,0,0,0,0,0,0,0,0,0,0,0,1,0,0,0,0,0,0,1,0
Red,False,0.015625,0.0,0.45,0.4275,0.25,0.2,0.148468017578125,0.098388671875,0.0,0.0,66.5,29.6875,64.31230545043945,27.34375,89.75,48.0,85.53125,44.41152191162109,2.0,0.75,2.0546875,0.75,51.1875,18.3359375,49.6123046875,16.280410766601562,7.5,5.07647705078125,7.5,5.0,4.5,3.625,4.984375,3.9375,48.6875,17.0,47.11572265625,16.5,5.75,3.75,5.3125,3.4375,5.0625,3.5,3.875,2.5,99.2119140625,94.125,638.5,0,0,0,0,0,0,0,0,0,0,0,0,0,0,170.18,177.8,170.0,0.0471682548522949,0.0,0.45,0.4217682266235352,0.25,0.19173828125,0.1875,0.125,0.0,0.0,69.5,30.5,66.984375,27.8466796875,94.0,48.544921875,88.50390625,44.75,2.0,0.8125,2.015625,0.6640625,54.0,19.01513671875,51.483436584472656,16.9437255859375,7.91796875,5.430633544921875,7.75,5.0625,4.780975341796875,3.9373779296875,4.8994140625,3.84375,51.025390625,18.400863647460938,50.515625,17.5,5.75,3.75,5.5,3.5,5.375,3.6875,4.0,2.65625,104.865234375,89.5,655.8441009521484,0,0,0,0,0,0,0,0,0,0,0,0,0,0,182.88,195.58,170.0,28.0,32.0,0,0,0,0,0,0,0,0,0,1,0,0,0,0,0,1,0,0,0,0,1,0,0,0
Blue,False,0.0,0.0,0.66,0.69,0.85,0.0,0.0,2.0,0.0,1.0,12.0,8.0,36.0,25.0,104.0,84.0,109.0,89.0,7.0,6.0,0.0,0.0,11.0,7.0,23.0,15.0,0.0,0.0,9.0,6.0,1.0,1.0,4.0,4.0,2.0,0.0,17.0,8.0,1.0,1.0,6.0,5.0,9.0,7.0,13.0,12.0,835.0,5.0,900.0,3,0,1,0,1,1,0,0,0,0,1,0,0,0,170.18,170.18,135.0,0.0471682548522949,0.0,0.45,0.4217682266235352,0.25,0.19173828125,0.1875,0.125,0.0,0.0,69.5,30.5,66.984375,27.8466796875,94.0,48.544921875,88.50390625,44.75,2.0,0.8125,2.015625,0.6640625,54.0,19.01513671875,51.483436584472656,16.9437255859375,7.91796875,5.430633544921875,7.75,5.0625,4.780975341796875,3.9373779296875,4.8994140625,3.84375,51.025390625,18.400863647460938,50.515625,17.5,5.75,3.75,5.5,3.5,5.375,3.6875,4.0,2.65625,104.865234375,89.5,655.8441009521484,0,0,0,0,0,0,0,0,0,0,0,0,0,0,165.1,162.56,125.0,27.0,23.0,1,0,0,0,0,0,0,0,0,0,0,0,0,0,0,1,0,0,0,0,1,0,0,0
Blue,False,0.015625,0.0,0.45,0.4275,0.25,0.2,0.148468017578125,0.098388671875,0.0,0.0,66.5,29.6875,64.31230545043945,27.34375,89.75,48.0,85.53125,44.41152191162109,2.0,0.75,2.0546875,0.75,51.1875,18.3359375,49.6123046875,16.280410766601562,7.5,5.07647705078125,7.5,5.0,4.5,3.625,4.984375,3.9375,48.6875,17.0,47.11572265625,16.5,5.75,3.75,5.3125,3.4375,5.0625,3.5,3.875,2.5,99.2119140625,94.125,638.5,0,0,0,0,0,0,0,0,0,0,0,0,0,0,160.02,160.02,135.0,0.0,0.0,0.24,0.37,0.0,0.0,0.0,0.0,0.0,0.0,270.0,67.0,275.0,104.0,272.0,69.0,278.0,106.0,3.0,0.0,2.0,0.0,249.0,57.0,246.0,85.0,17.0,6.0,25.0,17.0,4.0,4.0,4.0,2.0,254.0,64.0,248.0,94.0,16.0,3.0,27.0,10.0,0.0,0.0,0.0,0.0,125.0,1.0,900.0,3,0,0,1,0,0,1,0,0,0,0,0,0,0,167.64,165.1,135.0,25.0,28.0,0,0,0,0,0,0,0,0,0,0,1,0,0,0,0,1,0,0,0,0,1,0,0,0
Blue,False,0.75,0.041015625,0.4139208984375,0.2898974609375,0.6591796875,0.03478515625,0.0,0.001953125,0.0009765625,0.0009765625,82.50244140625,35.74267578125,97.78955078125,27.27099609375,86.54443359375,39.4150390625,99.11962890625,28.42578125,0.96533203125,0.7470703125,2.3388671875,0.2421875,61.0673828125,20.04443359375,76.2197265625,15.66552734375,18.8681640625,13.966796875,15.716796875,9.021484375,2.56689453125,1.7314453125,5.85302734375,2.583984375,74.5322265625,31.57470703125,88.537109375,22.41015625,5.75146484375,3.00390625,8.97021484375,4.71337890625,2.21875,1.1640625,0.2822265625,0.1474609375,13.0859375,37.103515625,629.2587890625,30,1,3,0,3,7,5,0,0,0,4,2,0,1,172.72,175.26,155.0,0.1566162109375,0.8125,0.3407666015625,0.484300537109375,0.2852490234375,0.008779296875,0.1629638671875,0.0645751953125,0.0006103515625,0.001220703125,62.4150390625,17.4754638671875,102.5653076171875,36.4007568359375,65.5947265625,20.439208984375,105.3873291015625,38.893798828125,2.932373046875,0.820556640625,1.9483642578125,0.0946044921875,57.3316650390625,13.881103515625,92.6788330078125,29.4864501953125,3.3314208984375,2.0533447265625,7.550048828125,4.98046875,1.751953125,1.541015625,2.33642578125,1.933837890625,55.7520751953125,12.8531494140625,83.4005126953125,22.747802734375,3.7393798828125,2.7996826171875,16.54638671875,12.3499755859375,2.923583984375,1.8226318359375,2.618408203125,1.302978515625,46.6712646484375,16.75048828125,443.94775390625,40,2,0,1,8,9,5,0,0,3,5,1,0,0,175.26,177.8,155.0,29.0,35.0,0,0,0,0,0,0,1,0,0,0,0,0,0,0,0,1,0,0,0,0,1,0,0,0
Red,False,0.0,0.0,0.83,0.81,0.33,1.0,0.0,0.0,1.0,0.0,6.0,5.0,27.0,22.0,24.0,23.0,31.0,26.0,3.0,1.0,1.0,1.0,2.0,1.0,27.0,22.0,2.0,2.0,0.0,0.0,2.0,2.0,0.0,0.0,3.0,2.0,0.0,0.0,0.0,0.0,2.0,2.0,3.0,3.0,25.0,20.0,111.0,107.0,263.0,1,0,0,1,0,0,1,0,0,0,0,0,0,0,203.2,203.2,255.0,0.125,0.75,0.3775,0.4671875,0.0625,0.01,0.0,0.03125,0.0,0.0,35.9375,14.34375,41.875,17.90625,40.71875,18.34375,44.75,19.5625,1.28125,0.125,0.46875,0.0625,31.15625,10.15625,37.03125,14.3125,1.59375,1.0,2.09375,1.34375,3.1875,3.1875,2.75,2.25,27.40625,8.75,30.75,11.4375,6.28125,3.625,9.625,5.46875,2.25,1.96875,1.5,1.0,35.625,36.375,257.90625,10,0,1,0,2,3,3,0,0,0,0,3,0,0,182.88,190.5,260.0,33.0,29.0,0,0,0,0,1,0,0,0,0,0,0,0,0,0,0,0,0,0,1,0,0,0,1,0
Red,False,0.375,0.0,0.4384375,0.4878125,0.78125,0.4671875,0.0,0.5,0.5,0.25,106.4375,46.53125,70.53125,32.28125,132.375,71.375,84.96875,46.5625,1.28125,1.03125,4.5625,1.59375,70.1875,17.84375,44.65625,14.15625,15.9375,9.84375,15.375,10.25,20.3125,18.84375,10.5,7.875,89.0,33.40625,55.625,21.71875,14.28125,10.78125,10.6875,8.125,3.15625,2.34375,4.21875,2.4375,141.25,159.4375,767.375,16,0,1,0,2,4,2,0,0,1,1,2,0,0,172.72,180.34,145.0,0.0,0.2861328125,0.462861328125,0.36227294921875,0.5995068359375,0.0052197265625,0.52783203125,0.0162353515625,0.0020751953125,0.001708984375,29.58154296875,12.26953125,43.953857421875,14.978759765625,45.6314697265625,27.0540771484375,52.516357421875,23.355712890625,2.48388671875,1.027587890625,0.162353515625,0.0401611328125,21.9420166015625,6.1710205078125,35.2503662109375,10.2022705078125,6.4794921875,5.202880859375,5.104248046875,3.1434326171875,1.1600341796875,0.8956298828125,3.5992431640625,1.633056640625,26.997802734375,10.5067138671875,34.7796630859375,8.233154296875,0.851806640625,0.7392578125,1.7176513671875,0.8297119140625,1.73193359375,1.0235595703125,7.45654296875,5.9158935546875,88.8995361328125,17.4083251953125,278.8975830078125,32,0,2,0,2,8,6,0,0,0,4,1,3,0,170.18,177.8,145.0,28.0,29.0,0,0,1,0,0,0,0,0,0,0,0,0,0,0,0,1,0,0,0,0,1,0,0,0
Red,False,0.015625,0.0,0.45,0.4275,0.25,0.2,0.148468017578125,0.098388671875,0.0,0.0,66.5,29.6875,64.31230545043945,27.34375,89.75,48.0,85.53125,44.41152191162109,2.0,0.75,2.0546875,0.75,51.1875,18.3359375,49.6123046875,16.280410766601562,7.5,5.07647705078125,7.5,5.0,4.5,3.625,4.984375,3.9375,48.6875,17.0,47.11572265625,16.5,5.75,3.75,5.3125,3.4375,5.0625,3.5,3.875,2.5,99.2119140625,94.125,638.5,0,0,0,0,0,0,0,0,0,0,0,0,0,0,165.1,170.18,125.0,0.0,0.5,0.765,0.59,0.5,0.0,0.0,0.0,0.0,0.0,14.5,10.5,17.5,10.5,47.0,43.0,25.0,18.0,1.0,1.0,0.0,0.0,11.0,7.5,8.0,2.5,3.5,3.0,9.0,7.5,0.0,0.0,0.5,0.5,6.0,3.5,6.0,1.5,5.0,3.5,11.5,9.0,3.5,3.5,0.0,0.0,113.5,22.5,156.0,2,1,1,0,1,1,1,0,0,0,0,1,0,0,167.64,167.64,135.0,31.0,33.0,0,0,0,0,0,0,0,0,0,0,1,0,0,0,0,1,0,0,0,0,1,0,0,0
Red,False,0.00390625,0.00390625,0.3506249999999999,0.4928125,0.08203125,0.399921875,0.0,0.03125,0.00390625,0.25,97.15234375,36.2109375,76.015625,34.30859375,113.484375,50.17578125,98.15625,55.51171875,4.36328125,0.70703125,6.671875,3.71875,68.359375,17.7890625,53.55859375,18.515625,14.484375,6.8515625,7.26171875,5.08203125,14.30859375,11.5703125,15.1953125,10.7109375,89.83984375,31.578125,57.58203125,22.78125,6.65234375,4.03515625,17.125,10.61328125,0.66015625,0.59765625,1.30859375,0.9140625,109.51953125,260.55078125,897.5,25,0,2,0,5,7,2,0,0,1,5,1,0,0,185.42,187.96,185.0,0.078369140625,0.0,0.514981689453125,0.749151611328125,0.06453369140625,0.1820458984375,1.1591796875,1.25439453125,0.12890625,0.0,33.8955078125,18.053466796875,53.55419921875,28.310546875,47.5843505859375,29.2095947265625,74.8829345703125,48.413818359375,2.0296630859375,0.3116455078125,3.4417724609375,1.4630126953125,22.1141357421875,9.5966796875,39.2515869140625,15.5518798828125,6.638427734375,3.7418212890625,11.79296875,10.595458984375,5.1429443359375,4.7149658203125,2.5096435546875,2.1632080078125,26.5301513671875,12.8997802734375,31.376220703125,12.8704833984375,6.15771484375,4.1693115234375,9.0350341796875,5.32080078125,1.2076416015625,0.984375,13.1429443359375,10.1192626953125,70.290283203125,199.1265869140625,498.4368896484375,34,0,1,0,4,8,6,0,0,2,3,3,0,0,182.88,187.96,185.0,26.0,33.0,0,0,0,0,0,0,0,1,0,0,0,0,0,0,0,1,0,0,0,0,1,0,0,0
Red,False,0.0,0.0,0.415,0.33,0.53,0.1,0.5,0.5,0.5,1.0,73.5,30.0,74.0,25.0,92.0,47.0,99.5,49.5,12.0,5.5,2.5,0.5,57.0,18.5,57.5,13.0,8.0,4.5,8.0,5.5,8.5,7.0,8.5,6.5,66.5,25.0,58.5,15.5,2.0,1.0,12.0,7.0,5.0,4.0,3.5,2.5,243.0,172.5,900.0,6,0,2,0,2,2,0,0,0,0,2,0,0,0,162.56,162.56,125.0,0.0,0.5,0.355,0.29125,0.1875,0.125,0.5,0.125,0.0,0.0,23.875,8.375,50.25,15.375,28.875,13.25,57.0,22.0,3.625,1.0,0.375,0.125,20.75,6.375,41.75,10.125,2.625,1.5,6.0,3.375,0.5,0.5,2.5,1.875,20.875,6.0,43.0,10.625,1.25,1.25,2.625,1.375,1.75,1.125,4.625,3.375,88.75,13.625,324.625,7,0,0,1,1,2,2,0,0,0,1,0,1,0,165.1,170.18,125.0,31.0,29.0,0,0,0,1,0,0,0,0,0,0,0,0,0,0,0,0,0,1,0,0,1,0,0,0
Red,False,0.0,0.0,0.5912499999999999,0.47,0.5,0.0,0.75,0.0,0.0,0.0,29.125,13.875,23.625,12.5,33.625,18.375,28.0,16.375,2.5,1.25,1.375,0.0,22.5,8.375,10.0,2.875,2.625,2.375,4.75,2.875,4.0,3.125,8.875,6.75,25.375,11.375,20.625,10.0,2.375,1.25,3.0,2.5,1.375,1.25,0.0,0.0,81.75,48.5,332.25,7,0,4,0,4,4,0,0,1,0,0,2,1,0,190.5,203.2,205.0,0.0714111328125,0.16015625,0.55639892578125,0.29816650390625,0.4726086425781249,0.037109375,0.187744140625,0.010009765625,0.0,0.0,78.771728515625,46.7855224609375,33.0203857421875,10.0189208984375,132.35400390625,96.809326171875,39.5975341796875,16.593994140625,9.0413818359375,4.3201904296875,1.06640625,0.14453125,59.10986328125,28.843017578125,29.9739990234375,8.5626220703125,11.24951171875,9.6827392578125,1.099365234375,0.5289306640625,8.412353515625,8.259765625,1.947021484375,0.9273681640625,35.996337890625,12.7069091796875,28.1671142578125,7.069091796875,9.1016845703125,6.9193115234375,2.72607421875,1.72314453125,33.6737060546875,27.1593017578125,2.127197265625,1.2266845703125,447.39404296875,23.7205810546875,730.042724609375,30,1,5,0,5,10,4,0,0,0,6,3,1,0,187.96,187.96,205.0,31.0,31.0,0,0,0,0,0,1,0,0,0,0,0,0,0,0,0,0,0,1,0,0,1,0,0,0
Blue,False,0.015625,0.0,0.45,0.4275,0.25,0.2,0.148468017578125,0.098388671875,0.0,0.0,66.5,29.6875,64.31230545043945,27.34375,89.75,48.0,85.53125,44.41152191162109,2.0,0.75,2.0546875,0.75,51.1875,18.3359375,49.6123046875,16.280410766601562,7.5,5.07647705078125,7.5,5.0,4.5,3.625,4.984375,3.9375,48.6875,17.0,47.11572265625,16.5,5.75,3.75,5.3125,3.4375,5.0625,3.5,3.875,2.5,99.2119140625,94.125,638.5,0,0,0,0,0,0,0,0,0,0,0,0,0,0,182.88,185.42,170.0,0.03515625,0.125,0.2975,0.480546875,0.0721875,0.337578125,0.0234375,0.0,0.0,0.01171875,202.87890625,56.98828125,145.69140625,71.09375,214.46875,66.40234375,172.34765625,95.75,7.0078125,0.7734375,2.265625,1.06640625,168.65625,33.44140625,97.78515625,28.98046875,24.11328125,14.82421875,14.875,13.15234375,10.109375,8.72265625,33.03125,28.9609375,190.05078125,50.625,126.01953125,58.2578125,7.95703125,4.15625,15.36328125,10.46484375,4.87109375,2.20703125,4.30859375,2.37109375,158.328125,96.73828125,798.140625,21,0,0,1,4,5,4,0,0,1,1,1,2,0,190.5,190.5,170.0,32.0,32.0,0,0,0,0,0,0,0,0,0,1,0,0,0,0,0,0,0,1,0,0,1,0,0,0
Red,False,0.015625,0.0,0.45,0.4275,0.25,0.2,0.148468017578125,0.098388671875,0.0,0.0,66.5,29.6875,64.31230545043945,27.34375,89.75,48.0,85.53125,44.41152191162109,2.0,0.75,2.0546875,0.75,51.1875,18.3359375,49.6123046875,16.280410766601562,7.5,5.07647705078125,7.5,5.0,4.5,3.625,4.984375,3.9375,48.6875,17.0,47.11572265625,16.5,5.75,3.75,5.3125,3.4375,5.0625,3.5,3.875,2.5,99.2119140625,94.125,638.5,0,0,0,0,0,0,0,0,0,0,0,0,0,0,187.96,190.5,205.0,0.125,0.0,0.41875,0.4662499999999999,0.0,0.5175,0.0,0.75,0.0,0.0,119.875,48.375,91.625,43.5,126.0,54.0,109.875,60.625,0.25,0.0,10.0,5.0,83.75,22.625,76.5,30.75,16.5,8.375,6.25,4.125,19.625,17.375,8.875,8.625,97.625,34.375,68.0,25.5,19.875,12.375,11.25,7.75,2.375,1.625,12.375,10.25,61.875,336.875,860.25,11,0,0,1,1,1,3,0,0,0,0,1,0,0,185.42,185.42,185.0,28.0,32.0,0,0,0,0,0,0,0,1,0,0,0,0,0,0,0,0,0,1,0,0,1,0,0,0
Blue,False,0.015625,0.0,0.45,0.4275,0.25,0.2,0.148468017578125,0.098388671875,0.0,0.0,66.5,29.6875,64.31230545043945,27.34375,89.75,48.0,85.53125,44.41152191162109,2.0,0.75,2.0546875,0.75,51.1875,18.3359375,49.6123046875,16.280410766601562,7.5,5.07647705078125,7.5,5.0,4.5,3.625,4.984375,3.9375,48.6875,17.0,47.11572265625,16.5,5.75,3.75,5.3125,3.4375,5.0625,3.5,3.875,2.5,99.2119140625,94.125,638.5,0,0,0,0,0,0,0,0,0,0,0,0,0,0,167.64,167.64,135.0,0.0471682548522949,0.0,0.45,0.4217682266235352,0.25,0.19173828125,0.1875,0.125,0.0,0.0,69.5,30.5,66.984375,27.8466796875,94.0,48.544921875,88.50390625,44.75,2.0,0.8125,2.015625,0.6640625,54.0,19.01513671875,51.483436584472656,16.9437255859375,7.91796875,5.430633544921875,7.75,5.0625,4.780975341796875,3.9373779296875,4.8994140625,3.84375,51.025390625,18.400863647460938,50.515625,17.5,5.75,3.75,5.5,3.5,5.375,3.6875,4.0,2.65625,104.865234375,89.5,655.8441009521484,0,0,0,0,0,0,0,0,0,0,0,0,0,0,167.64,167.64,125.0,34.0,26.0,1,0,0,0,0,0,0,0,0,0,0,0,0,0,0,1,0,0,0,0,1,0,0,0
Blue,False,1.578125,0.109375,0.4225,0.43765625,0.45,0.020625,1.703125,0.765625,0.28125,0.0,133.578125,56.59375,87.875,38.15625,175.34375,89.328125,106.90625,52.5625,11.90625,5.171875,3.015625,0.078125,107.75,36.921875,69.234375,24.421875,11.375,6.625,13.65625,9.9375,14.453125,13.046875,4.984375,3.796875,70.140625,22.21875,60.671875,20.703125,31.03125,17.0,25.359375,16.046875,32.40625,17.375,1.84375,1.40625,417.609375,65.609375,809.703125,17,1,0,1,6,6,1,0,0,2,2,1,1,0,167.64,167.64,155.0,0.50006103515625,0.28271484375,0.441637840270996,0.3906234359741211,0.2352573013305664,0.2673818969726562,0.1428756713867187,0.9615402221679688,0.015625,6.103515625e-05,96.13010787963869,34.69578170776367,73.11248397827148,27.40738677978516,124.37968063354492,61.414772033691406,91.4438819885254,44.687625885009766,7.453231811523437,2.0542564392089844,4.55413818359375,1.3805084228515625,74.74913024902344,16.409713745117188,63.86924362182617,21.69652557373047,5.625347137451172,4.287181854248047,6.458518981933594,3.3220138549804688,15.755630493164062,13.998886108398438,2.7847213745117188,2.3888473510742188,75.377197265625,16.031864166259766,60.49026107788086,16.905746459960938,9.603004455566406,9.137039184570312,7.568988800048828,6.078826904296875,11.149906158447266,9.526878356933594,5.053234100341797,4.422813415527344,355.506404876709,150.5522003173828,865.4195938110352,53,0,1,0,4,11,8,0,0,3,3,1,4,0,170.18,177.8,155.0,27.0,32.0,0,0,1,0,0,0,0,0,0,0,0,0,0,0,0,1,0,0,0,0,1,0,0,0
Red,False,0.321044921875,0.625,0.6263236999511719,0.3236965942382812,0.5776455688476563,0.0090359497070312,2.2734527587890625,0.5084381103515625,0.0205078125,0.018798828125,105.29763793945312,70.80844116210938,41.77935791015625,18.03680419921875,131.7106475830078,94.899658203125,51.887298583984375,26.24456787109375,3.02166748046875,2.6597137451171875,1.8302001953125,0.0494232177734375,89.22982788085938,58.20848083496094,32.7330322265625,12.508377075195312,14.592376708984377,11.347442626953123,7.403594970703125,3.941741943359375,1.475433349609375,1.2525177001953125,1.642730712890625,1.5866851806640625,49.01475524902344,27.087310791015625,32.735870361328125,10.7247314453125,28.654937744140625,22.17684936523437,2.8965301513671875,1.9278717041015625,27.627944946289062,21.54428100585937,6.1469573974609375,5.384201049804688,132.66384887695312,146.33380126953125,484.4355163574219,37,0,1,0,7,12,5,0,0,0,2,9,1,0,182.88,190.5,170.0,0.693359375,0.0078125,0.4464111328125,0.3414208984375,0.0838623046875,0.4788330078125,0.0,0.14501953125,0.62890625,0.0,177.5029296875,79.3994140625,161.25341796875,59.798828125,186.181640625,87.640625,169.93359375,68.15380859375,0.60205078125,0.09716796875,4.9541015625,2.06884765625,163.7587890625,68.7353515625,139.06298828125,42.013671875,10.16943359375,7.84033203125,9.31640625,6.107421875,3.57470703125,2.82373046875,12.8740234375,11.677734375,154.1650390625,65.51220703125,145.04248046875,48.45361328125,11.02734375,6.4052734375,11.646484375,8.78271484375,12.310546875,7.48193359375,4.564453125,2.5625,59.73779296875,114.912109375,918.50634765625,28,1,3,0,3,8,4,0,0,1,2,5,0,0,180.34,187.96,170.0,33.0,32.0,0,0,0,0,0,0,0,0,0,1,0,0,0,0,0,1,0,0,0,0,0,0,1,0
Red,False,0.28125,0.0,0.3375,0.3546875,0.03125,0.1715625,0.03125,0.09375,0.09375,0.0625,116.15625,37.40625,67.3125,21.78125,126.625,46.21875,76.625,28.75,0.03125,0.03125,5.53125,1.40625,96.40625,23.53125,54.1875,14.40625,17.75,12.375,9.28125,5.0625,2.0,1.5,3.84375,2.3125,94.34375,22.5625,54.1875,13.4375,8.09375,5.46875,7.90625,4.96875,13.71875,9.375,5.21875,3.375,29.84375,90.84375,699.25,14,0,2,0,2,4,2,0,0,1,1,2,0,0,187.96,190.5,205.0,0.216796875,0.0,0.389130859375,0.28953125,0.118271484375,0.015869140625,0.12646484375,0.4775390625,0.00048828125,0.00048828125,78.17333984375,27.83349609375,74.02490234375,15.0830078125,91.86083984375,40.0361328125,84.65234375,25.20751953125,2.8681640625,0.77197265625,4.3251953125,0.06298828125,66.431640625,19.1962890625,56.96875,8.6337890625,6.5107421875,3.84814453125,12.72900390625,3.287109375,5.23095703125,4.7890625,4.3271484375,3.162109375,67.26025390625,21.62109375,65.5654296875,9.20458984375,3.80419921875,1.890625,3.73583984375,1.84228515625,7.10888671875,4.32177734375,4.7236328125,4.0361328125,109.0966796875,41.7255859375,625.126953125,22,0,1,0,3,8,4,0,0,0,2,6,0,0,187.96,198.12,205.0,38.0,30.0,0,0,0,0,0,1,0,0,0,0,0,0,0,0,0,0,0,1,0,0,1,0,0,0
Blue,False,0.125,0.0,0.433125,0.373125,0.375,0.50125,0.5,0.0,0.375,0.0625,86.125,36.6875,79.5,29.0625,125.125,74.5,105.75,51.8125,2.125,1.5,8.4375,4.25,65.5625,22.5,61.1875,17.125,15.375,9.125,13.1875,8.375,5.1875,5.0625,5.125,3.5625,64.0625,21.9375,63.75,21.0625,9.0,7.0625,6.25,3.875,13.0625,7.6875,9.5,4.125,47.375,299.3125,847.875,13,0,2,0,2,2,3,0,0,0,1,1,0,0,187.96,190.5,170.0,0.0,0.0,0.22,0.54,0.0,1.0,1.0,0.0,0.0,0.0,93.0,21.0,84.0,46.0,99.0,26.0,102.0,62.0,1.0,0.0,4.0,4.0,68.0,10.0,61.0,25.0,17.0,6.0,12.0,10.0,8.0,5.0,11.0,11.0,91.0,20.0,72.0,37.0,0.0,0.0,1.0,1.0,2.0,1.0,11.0,8.0,44.0,192.0,900.0,3,0,0,1,0,0,1,0,0,0,0,0,0,0,182.88,182.88,170.0,30.0,29.0,0,0,0,0,0,0,0,0,0,1,0,0,0,0,0,1,0,0,0,0,1,0,0,0
Blue,False,0.25,0.0,0.5275,0.2375,0.5,0.1925,0.25,0.0,0.5,0.0,105.0,58.5,142.25,36.5,116.0,68.75,173.5,60.75,3.25,1.75,7.5,2.0,82.75,43.75,116.0,27.0,15.75,9.25,20.75,7.25,6.5,5.5,5.5,2.25,87.5,43.25,126.25,27.5,7.25,7.25,6.75,3.75,10.25,8.0,9.25,5.25,143.25,176.75,723.75,7,0,3,0,3,3,0,0,0,0,1,1,1,0,177.8,180.34,155.0,0.3125,0.1875,0.433125,0.444375,0.61625,0.79125,0.0,1.0,0.0,0.0,54.875,23.3125,69.5,31.625,71.25,37.9375,115.6875,73.75,6.375,2.6875,2.5625,2.375,33.3125,10.125,45.125,14.6875,11.9375,6.5625,16.0625,11.3125,9.625,6.625,8.3125,5.625,34.4375,12.8125,54.125,20.25,11.3125,7.0,11.9375,8.75,9.125,3.5,3.4375,2.625,292.875,188.4375,981.5625,12,0,2,0,2,3,2,0,1,0,0,2,0,0,177.8,180.34,155.0,27.0,35.0,0,0,0,0,0,0,1,0,0,0,0,0,0,0,0,1,0,0,0,0,1,0,0,0
Blue,False,0.0,0.375,0.585,0.33625,0.71875,0.17,0.25,0.25,0.0,0.125,92.0,53.25,98.25,32.375,122.125,81.375,135.375,67.375,2.0,1.5,10.25,1.75,66.875,32.125,74.0,16.625,15.625,12.875,18.375,10.25,9.5,8.25,5.875,5.5,65.0,35.25,81.0,22.625,16.125,13.0,11.25,7.375,10.875,5.0,6.0,2.375,199.25,232.0,862.375,11,0,2,0,2,3,1,0,0,0,2,0,1,0,180.34,187.96,170.0,1.015625,0.0,0.45671875,0.341875,0.2625,0.12890625,0.25,0.40625,0.03125,0.015625,68.703125,29.921875,38.9375,13.765625,72.484375,33.0,43.984375,18.265625,0.640625,0.3125,0.71875,0.140625,53.15625,21.171875,28.828125,6.484375,10.78125,5.90625,4.125,2.53125,4.765625,2.84375,5.984375,4.75,48.0,14.90625,34.609375,11.84375,8.53125,5.59375,3.21875,1.109375,12.171875,9.421875,1.109375,0.8125,35.828125,38.09375,414.015625,16,0,2,0,2,5,2,0,0,1,1,3,0,0,172.72,182.88,155.0,29.0,29.0,0,0,0,0,0,0,1,0,0,0,0,0,0,0,0,1,0,0,0,0,0,0,0,1
Blue,False,0.0,0.5,0.47,0.305,0.3,0.0,0.5,0.0,0.0,0.0,38.5,20.0,29.5,10.5,47.5,28.5,31.0,12.0,4.0,1.5,0.0,0.0,34.5,17.0,28.0,9.5,2.0,1.5,1.0,1.0,2.0,1.5,0.5,0.0,18.5,6.0,20.0,3.5,2.0,1.5,3.0,2.5,18.0,12.5,6.5,4.5,117.5,4.5,263.5,3,0,0,1,1,1,1,0,0,0,0,1,0,0,187.96,193.04,205.0,0.03125,0.5,0.51578125,0.5826562500000001,0.1602343749999999,0.149765625,0.0,1.0,0.0,0.0703125,50.078125,26.8515625,68.8671875,41.3828125,68.4609375,45.0078125,92.5546875,61.7109375,5.375,1.46875,1.0859375,0.6875,28.5703125,7.828125,51.015625,25.8203125,9.0078125,7.6953125,12.8203125,10.8984375,12.5,11.328125,5.03125,4.6640625,34.9765625,14.328125,49.3203125,27.125,14.5859375,12.1875,13.5234375,10.9296875,0.515625,0.3359375,6.0234375,3.328125,180.375,134.84375,525.78125,19,0,0,1,4,4,4,0,0,1,2,1,0,0,193.04,200.66,205.0,33.0,32.0,0,0,0,0,0,1,0,0,0,0,0,0,0,0,0,1,0,0,0,0,1,0,0,0
Blue,False,0.015625,0.0,0.45,0.4275,0.25,0.2,0.148468017578125,0.098388671875,0.0,0.0,66.5,29.6875,64.31230545043945,27.34375,89.75,48.0,85.53125,44.41152191162109,2.0,0.75,2.0546875,0.75,51.1875,18.3359375,49.6123046875,16.280410766601562,7.5,5.07647705078125,7.5,5.0,4.5,3.625,4.984375,3.9375,48.6875,17.0,47.11572265625,16.5,5.75,3.75,5.3125,3.4375,5.0625,3.5,3.875,2.5,99.2119140625,94.125,638.5,0,0,0,0,0,0,0,0,0,0,0,0,0,0,175.26,177.8,145.0,0.0471682548522949,0.0,0.45,0.4217682266235352,0.25,0.19173828125,0.1875,0.125,0.0,0.0,69.5,30.5,66.984375,27.8466796875,94.0,48.544921875,88.50390625,44.75,2.0,0.8125,2.015625,0.6640625,54.0,19.01513671875,51.483436584472656,16.9437255859375,7.91796875,5.430633544921875,7.75,5.0625,4.780975341796875,3.9373779296875,4.8994140625,3.84375,51.025390625,18.400863647460938,50.515625,17.5,5.75,3.75,5.5,3.5,5.375,3.6875,4.0,2.65625,104.865234375,89.5,655.8441009521484,0,0,0,0,0,0,0,0,0,0,0,0,0,0,177.8,180.34,155.0,27.0,31.0,0,0,0,0,0,0,1,0,0,0,0,0,0,0,0,1,0,0,0,0,0,0,1,0
Blue,False,0.015625,0.0,0.45,0.4275,0.25,0.2,0.148468017578125,0.098388671875,0.0,0.0,66.5,29.6875,64.31230545043945,27.34375,89.75,48.0,85.53125,44.41152191162109,2.0,0.75,2.0546875,0.75,51.1875,18.3359375,49.6123046875,16.280410766601562,7.5,5.07647705078125,7.5,5.0,4.5,3.625,4.984375,3.9375,48.6875,17.0,47.11572265625,16.5,5.75,3.75,5.3125,3.4375,5.0625,3.5,3.875,2.5,99.2119140625,94.125,638.5,0,0,0,0,0,0,0,0,0,0,0,0,0,0,177.8,180.34,170.0,0.0471682548522949,0.0,0.45,0.4217682266235352,0.25,0.19173828125,0.1875,0.125,0.0,0.0,69.5,30.5,66.984375,27.8466796875,94.0,48.544921875,88.50390625,44.75,2.0,0.8125,2.015625,0.6640625,54.0,19.01513671875,51.483436584472656,16.9437255859375,7.91796875,5.430633544921875,7.75,5.0625,4.780975341796875,3.9373779296875,4.8994140625,3.84375,51.025390625,18.400863647460938,50.515625,17.5,5.75,3.75,5.5,3.5,5.375,3.6875,4.0,2.65625,104.865234375,89.5,655.8441009521484,0,0,0,0,0,0,0,0,0,0,0,0,0,0,180.34,180.34,170.0,28.0,26.0,0,0,0,0,0,0,0,0,0,1,0,0,0,0,0,1,0,0,0,0,1,0,0,0
Blue,False,0.015625,0.0,0.45,0.4275,0.25,0.2,0.148468017578125,0.098388671875,0.0,0.0,66.5,29.6875,64.31230545043945,27.34375,89.75,48.0,85.53125,44.41152191162109,2.0,0.75,2.0546875,0.75,51.1875,18.3359375,49.6123046875,16.280410766601562,7.5,5.07647705078125,7.5,5.0,4.5,3.625,4.984375,3.9375,48.6875,17.0,47.11572265625,16.5,5.75,3.75,5.3125,3.4375,5.0625,3.5,3.875,2.5,99.2119140625,94.125,638.5,0,0,0,0,0,0,0,0,0,0,0,0,0,0,167.64,165.1,115.0,0.0471682548522949,0.0,0.45,0.4217682266235352,0.25,0.19173828125,0.1875,0.125,0.0,0.0,69.5,30.5,66.984375,27.8466796875,94.0,48.544921875,88.50390625,44.75,2.0,0.8125,2.015625,0.6640625,54.0,19.01513671875,51.483436584472656,16.9437255859375,7.91796875,5.430633544921875,7.75,5.0625,4.780975341796875,3.9373779296875,4.8994140625,3.84375,51.025390625,18.400863647460938,50.515625,17.5,5.75,3.75,5.5,3.5,5.375,3.6875,4.0,2.65625,104.865234375,89.5,655.8441009521484,0,0,0,0,0,0,0,0,0,0,0,0,0,0,165.1,165.1,115.0,26.0,32.0,0,0,0,0,0,0,0,0,0,0,0,0,0,1,0,1,0,0,0,0,1,0,0,0
Blue,False,0.0,1.0,0.5,0.21,0.0,0.0,0.0,0.0,0.0,0.0,22.0,11.0,23.0,5.0,23.0,12.0,23.0,5.0,2.0,0.0,0.0,0.0,13.0,5.0,21.0,4.0,4.0,3.0,2.0,1.0,5.0,3.0,0.0,0.0,16.0,7.0,17.0,3.0,6.0,4.0,5.0,2.0,0.0,0.0,1.0,0.0,4.0,18.0,159.0,1,0,0,1,0,0,1,0,0,0,0,0,0,0,175.26,175.26,145.0,0.125,0.5,0.4253125,0.4717187499999999,0.02203125,0.21453125,0.9453125,1.3125,0.0,0.25,43.578125,16.9765625,40.875,17.7890625,57.0546875,29.359375,58.125,33.2421875,0.3515625,0.0859375,2.9609375,1.7890625,35.5234375,11.1875,33.6328125,12.953125,4.5859375,3.375,3.625,2.234375,3.46875,2.4140625,3.6171875,2.6015625,34.7890625,11.609375,27.6484375,8.9921875,5.1328125,2.9609375,4.5546875,2.890625,3.65625,2.40625,8.671875,5.90625,39.7265625,166.546875,370.796875,18,0,3,0,3,5,3,0,0,0,3,1,1,0,180.34,177.8,145.0,30.0,27.0,0,0,1,0,0,0,0,0,0,0,0,0,0,0,0,1,0,0,0,0,1,0,0,0
Red,False,0.0,0.0,0.39,0.63,0.8300000000000001,0.055,1.0,1.0,0.5,0.5,47.0,16.5,23.5,14.5,63.5,31.0,36.0,27.0,3.0,2.5,4.5,0.5,39.0,10.0,19.0,11.0,3.5,2.5,3.0,2.0,4.5,4.0,1.5,1.5,29.0,7.0,14.0,5.5,5.0,2.5,2.0,1.5,13.0,7.0,7.5,7.5,286.5,123.5,579.5,4,0,2,0,2,2,0,0,0,0,1,0,1,0,182.88,190.5,185.0,0.0,0.0,0.755,0.3325,0.875,0.0,1.0,0.0,0.0,0.0,32.5,20.75,39.75,14.0,41.75,28.25,43.5,17.25,1.75,1.25,0.0,0.0,28.25,17.25,28.5,5.25,1.75,1.0,8.75,6.75,2.5,2.5,2.5,2.0,14.0,7.0,31.75,8.0,2.25,1.5,7.75,5.75,16.25,12.25,0.25,0.25,219.5,4.0,416.5,5,0,3,0,3,3,0,0,0,0,1,0,2,0,180.34,182.88,170.0,29.0,25.0,0,0,0,0,0,0,0,0,0,1,0,0,0,0,0,0,0,1,0,0,0,0,0,1
Red,False,0.015625,0.0,0.45,0.4275,0.25,0.2,0.148468017578125,0.098388671875,0.0,0.0,66.5,29.6875,64.31230545043945,27.34375,89.75,48.0,85.53125,44.41152191162109,2.0,0.75,2.0546875,0.75,51.1875,18.3359375,49.6123046875,16.280410766601562,7.5,5.07647705078125,7.5,5.0,4.5,3.625,4.984375,3.9375,48.6875,17.0,47.11572265625,16.5,5.75,3.75,5.3125,3.4375,5.0625,3.5,3.875,2.5,99.2119140625,94.125,638.5,0,0,0,0,0,0,0,0,0,0,0,0,0,0,177.8,182.88,185.0,0.0,0.0,0.08,0.265,0.665,0.0,1.0,0.0,0.0,0.0,56.0,9.0,75.0,40.0,59.5,10.5,75.5,40.5,2.0,1.0,0.0,0.0,50.5,5.5,60.0,31.0,2.5,1.5,9.0,3.5,3.0,2.0,6.0,5.5,52.5,8.0,74.0,39.5,0.5,0.0,0.0,0.0,3.0,1.0,1.0,0.5,70.0,3.0,541.0,4,0,0,1,1,1,1,0,0,0,0,0,1,0,177.8,185.42,205.0,26.0,30.0,0,0,0,0,0,1,0,0,0,0,0,0,0,0,0,1,0,0,0,0,1,0,0,0
Blue,False,0.0,0.5,0.4649999999999999,0.54,0.08,0.35,0.5,0.25,0.0,0.0,62.5,37.5,57.0,28.25,70.5,44.75,74.5,44.75,3.25,0.5,1.5,0.75,38.75,16.5,46.5,19.0,11.5,9.75,8.75,7.5,12.25,11.25,1.75,1.75,48.75,26.0,45.75,17.75,11.25,10.0,10.25,9.5,2.5,1.5,1.0,1.0,73.0,73.75,472.5,7,0,0,1,1,1,2,0,0,1,0,0,0,0,190.5,190.5,185.0,0.0,1.0,0.53,0.39,0.5,0.0,0.5,0.5,1.5,0.5,14.0,7.5,37.0,20.5,44.5,35.0,47.5,30.5,1.0,0.5,1.0,0.0,11.0,5.5,29.5,15.0,1.5,1.0,4.0,2.5,1.5,1.0,3.5,3.0,8.5,2.5,13.5,4.5,1.0,1.0,0.5,0.5,4.5,4.0,23.0,15.5,223.0,242.0,545.5,4,0,1,0,1,1,1,0,0,0,0,0,1,0,187.96,187.96,185.0,33.0,31.0,0,0,0,0,0,0,0,1,0,0,0,0,0,0,0,1,0,0,0,0,1,0,0,0
Red,False,0.0,0.5,0.35,0.585,0.25,0.33,1.5,1.0,1.5,0.5,30.0,10.5,47.0,24.5,65.0,43.0,131.0,103.0,1.0,0.5,4.0,2.0,20.0,3.5,38.5,19.0,1.0,0.5,4.5,4.0,9.0,6.5,4.0,1.5,24.0,8.5,19.0,7.5,4.5,1.5,4.5,1.0,1.5,0.5,23.5,16.0,180.0,268.5,662.0,5,0,0,2,0,0,2,0,0,0,0,0,0,0,172.72,167.64,155.0,0.0,0.0,0.34375,0.3575,0.35125,0.025,0.0,0.0,0.125,0.0,151.75,52.5,114.625,42.125,186.25,82.125,131.875,57.875,7.0,1.25,3.375,0.125,125.5,36.875,86.625,21.625,13.75,9.375,13.625,8.5,12.5,6.25,14.375,12.0,135.125,41.875,108.75,39.75,15.5,9.625,5.875,2.375,1.125,1.0,0.0,0.0,344.25,27.125,900.0,12,1,3,0,3,3,1,0,0,0,3,0,0,0,180.34,177.8,155.0,32.0,27.0,0,0,0,0,0,0,1,0,0,0,0,0,0,0,0,0,0,1,0,0,0,0,1,0
Red,False,0.09375,0.53125,0.40375,0.424375,0.528125,0.09875,0.15625,0.09375,0.0,0.25,55.25,23.0,97.25,42.09375,67.0,34.15625,114.40625,55.0,3.78125,2.71875,2.71875,0.1875,41.84375,15.5625,79.5,28.40625,10.3125,5.03125,10.5625,7.5625,3.09375,2.40625,7.1875,6.125,46.5625,18.625,67.375,22.96875,2.71875,1.03125,13.03125,8.875,5.96875,3.34375,16.84375,10.25,114.5625,74.96875,491.34375,12,1,1,0,3,4,2,0,0,0,2,0,2,0,170.18,162.56,145.0,0.5,0.0,0.47,0.265,0.4,0.0,0.0,0.0,0.0,0.0,94.0,37.0,67.0,17.5,104.5,46.5,72.5,22.0,2.5,2.0,0.0,0.0,73.5,27.0,52.5,8.5,9.0,2.5,3.0,1.5,11.5,7.5,11.5,7.5,82.0,29.0,66.5,17.0,1.0,1.0,0.5,0.5,11.0,7.0,0.0,0.0,196.5,0.0,483.5,4,0,2,0,2,2,0,0,0,0,1,1,0,0,175.26,187.96,155.0,27.0,26.0,0,0,1,0,0,0,0,0,0,0,0,0,0,0,0,1,0,0,0,0,0,0,1,0
Red,False,0.0,0.75,0.5137499999999999,0.41,0.2075,0.0,0.0,0.75,0.0,0.125,37.375,10.375,44.25,14.0,38.5,11.25,49.0,18.375,1.5,0.375,0.375,0.0,31.125,6.125,30.75,6.5,2.0,0.875,6.625,3.0,4.25,3.375,6.875,4.5,34.125,8.5,41.25,12.75,2.625,1.75,1.25,0.5,0.625,0.125,1.75,0.75,40.875,19.5,256.5,7,0,0,1,1,1,3,0,0,0,1,0,0,0,162.56,165.1,125.0,0.0,0.0,0.41,0.34,0.0,0.5,0.0,1.0,0.0,0.0,114.0,47.0,141.0,49.0,122.0,54.0,186.0,88.0,1.0,0.0,8.0,4.0,100.0,41.0,116.0,27.0,14.0,6.0,9.0,7.0,0.0,0.0,16.0,15.0,102.0,41.0,106.0,34.0,12.0,6.0,17.0,11.0,0.0,0.0,18.0,4.0,0.0,462.0,900.0,3,0,0,1,0,0,1,0,0,0,0,0,0,0,162.56,162.56,125.0,30.0,34.0,0,0,0,1,0,0,0,0,0,0,0,0,0,0,0,1,0,0,0,0,1,0,0,0
Blue,False,0.0,0.125,0.39375,0.33625,0.22875,0.10125,0.0,0.0,0.0,0.125,175.75,70.75,169.25,56.375,202.375,94.625,178.25,64.5,6.0,1.375,5.25,0.75,109.0,27.375,135.0,32.625,28.0,15.625,18.75,13.0,38.75,27.75,15.5,10.75,152.375,58.25,155.75,47.625,15.25,8.375,12.5,7.75,8.125,4.125,1.0,1.0,104.125,46.5,900.0,12,0,0,3,1,1,3,0,0,0,1,0,0,0,165.1,162.56,125.0,0.046875,0.578125,0.303125,0.4510937499999999,0.58375,0.05015625,0.515625,0.53125,0.125,0.015625,132.296875,42.59375,120.703125,52.5,170.453125,76.796875,129.046875,59.4375,5.234375,2.8125,1.953125,0.390625,111.75,26.734375,105.21875,43.390625,8.84375,5.625,12.734375,6.515625,11.703125,10.234375,2.75,2.59375,106.9375,31.015625,106.765625,44.953125,12.921875,8.140625,12.03125,6.5625,12.4375,3.4375,1.90625,0.984375,305.953125,27.703125,768.78125,15,0,0,1,2,4,3,0,0,1,1,1,1,0,167.64,172.72,135.0,30.0,35.0,0,0,0,1,0,0,0,0,0,0,0,0,0,0,0,1,0,0,0,0,1,0,0,0
Red,False,0.015625,0.0,0.45,0.4275,0.25,0.2,0.148468017578125,0.098388671875,0.0,0.0,66.5,29.6875,64.31230545043945,27.34375,89.75,48.0,85.53125,44.41152191162109,2.0,0.75,2.0546875,0.75,51.1875,18.3359375,49.6123046875,16.280410766601562,7.5,5.07647705078125,7.5,5.0,4.5,3.625,4.984375,3.9375,48.6875,17.0,47.11572265625,16.5,5.75,3.75,5.3125,3.4375,5.0625,3.5,3.875,2.5,99.2119140625,94.125,638.5,0,0,0,0,0,0,0,0,0,0,0,0,0,0,190.5,190.5,185.0,0.0471682548522949,0.0,0.45,0.4217682266235352,0.25,0.19173828125,0.1875,0.125,0.0,0.0,69.5,30.5,66.984375,27.8466796875,94.0,48.544921875,88.50390625,44.75,2.0,0.8125,2.015625,0.6640625,54.0,19.01513671875,51.483436584472656,16.9437255859375,7.91796875,5.430633544921875,7.75,5.0625,4.780975341796875,3.9373779296875,4.8994140625,3.84375,51.025390625,18.400863647460938,50.515625,17.5,5.75,3.75,5.5,3.5,5.375,3.6875,4.0,2.65625,104.865234375,89.5,655.8441009521484,0,0,0,0,0,0,0,0,0,0,0,0,0,0,185.42,190.5,170.0,30.0,26.0,0,0,0,0,0,0,0,1,0,0,0,0,0,0,0,1,0,0,0,0,1,0,0,0
Blue,False,0.25,0.0,0.46,0.7224999999999999,0.0,0.75,0.5,0.5,0.0,0.0,23.0,14.5,12.25,8.0,36.75,27.75,33.75,27.5,0.25,0.0,1.5,1.5,17.0,10.5,10.75,6.5,2.5,1.75,1.0,1.0,3.5,2.25,0.5,0.5,9.0,4.0,3.25,1.75,12.75,9.75,3.0,1.75,1.25,0.75,6.0,4.5,35.0,144.5,224.25,5,0,0,1,1,1,2,0,0,0,0,1,0,0,190.5,195.58,205.0,0.25,0.75,0.62,0.49,0.25,0.5,0.0,0.0,0.0,0.0,55.5,32.75,48.25,24.75,63.75,39.75,61.0,36.25,1.5,0.25,0.5,0.5,42.5,20.75,41.5,19.5,11.75,10.75,3.75,2.75,1.25,1.25,3.0,2.5,45.5,24.75,42.25,20.25,8.25,6.75,1.5,0.75,1.75,1.25,4.5,3.75,41.0,56.0,291.5,4,0,1,0,1,1,2,0,0,0,0,1,0,0,190.5,187.96,205.0,22.0,33.0,0,0,0,0,0,1,0,0,0,0,0,0,0,0,0,1,0,0,0,0,1,0,0,0
Red,False,0.0,0.0,0.355,0.395,0.5,0.355,2.5,0.5,0.5,1.0,65.5,23.5,64.5,26.0,103.5,59.5,81.0,42.0,1.0,1.0,3.5,2.5,49.5,13.5,52.0,17.5,10.5,6.0,5.0,3.5,5.5,4.0,7.5,5.0,50.5,16.5,57.5,20.5,5.5,2.0,1.0,1.0,9.5,5.0,6.0,4.5,170.5,234.0,735.5,5,0,1,0,1,1,1,0,0,0,0,0,1,0,162.56,162.56,125.0,0.0471682548522949,0.0,0.45,0.4217682266235352,0.25,0.19173828125,0.1875,0.125,0.0,0.0,69.5,30.5,66.984375,27.8466796875,94.0,48.544921875,88.50390625,44.75,2.0,0.8125,2.015625,0.6640625,54.0,19.01513671875,51.483436584472656,16.9437255859375,7.91796875,5.430633544921875,7.75,5.0625,4.780975341796875,3.9373779296875,4.8994140625,3.84375,51.025390625,18.400863647460938,50.515625,17.5,5.75,3.75,5.5,3.5,5.375,3.6875,4.0,2.65625,104.865234375,89.5,655.8441009521484,0,0,0,0,0,0,0,0,0,0,0,0,0,0,177.8,175.26,125.0,29.0,26.0,0,0,0,1,0,0,0,0,0,0,0,0,0,0,0,1,0,0,0,0,1,0,0,0
Red,False,1.0,0.0,0.66,0.43,0.0,0.0,0.0,0.0,0.0,0.0,30.0,20.0,23.0,10.0,30.0,20.0,23.0,10.0,0.0,0.0,0.0,0.0,22.0,12.0,17.0,5.0,8.0,8.0,5.0,4.0,0.0,0.0,1.0,1.0,24.0,14.0,23.0,10.0,0.0,0.0,0.0,0.0,6.0,6.0,0.0,0.0,3.0,0.0,88.0,1,0,1,0,1,1,0,0,0,0,0,1,0,0,182.88,180.34,155.0,0.75,0.5,0.4325,0.4624999999999999,0.0,0.07,0.5,0.0,0.0,0.0,45.5,17.75,43.25,21.5,46.75,19.0,47.75,25.0,0.0,0.0,1.75,0.5,39.75,12.25,36.5,16.75,2.25,2.25,2.75,1.5,3.5,3.25,4.0,3.25,40.75,15.75,34.25,16.5,3.25,1.0,5.25,2.5,1.5,1.0,3.75,2.5,14.0,53.75,227.75,5,0,0,1,2,2,1,0,0,0,0,1,1,0,182.88,182.88,145.0,25.0,25.0,0,0,1,0,0,0,0,0,0,0,0,0,0,0,0,0,0,1,0,0,0,0,1,0
Red,False,0.0,1.0,0.4,0.72,0.0,0.25,1.0,0.0,0.0,0.0,81.0,33.0,94.0,68.0,100.0,46.0,121.0,91.0,0.0,0.0,4.0,1.0,61.0,19.0,58.0,42.0,8.0,5.0,29.0,21.0,12.0,9.0,7.0,5.0,78.0,30.0,57.0,38.0,3.0,3.0,5.0,4.0,0.0,0.0,32.0,26.0,0.0,294.0,641.0,3,0,0,1,0,0,1,0,0,0,0,0,0,0,177.8,177.8,155.0,0.93798828125,0.0,0.3420306396484375,0.400426025390625,0.3841864013671875,0.27505126953125,0.017333984375,0.2916259765625,0.50030517578125,0.62896728515625,152.3568115234375,50.28570556640625,112.1279296875,45.58355712890625,162.870849609375,60.140869140625,122.6708984375,54.2999267578125,2.1072998046875,1.04388427734375,3.123046875,0.6453857421875,118.00299072265624,27.9345703125,94.40789794921876,33.93768310546875,26.42913818359375,14.93548583984375,8.298828125,3.73681640625,7.9246826171875,7.4156494140625,9.42120361328125,7.9090576171875,130.705810546875,39.55517578125,99.64068603515624,38.70782470703125,13.07568359375,5.60821533203125,10.95947265625,5.44976806640625,8.5753173828125,5.122314453125,1.52777099609375,1.42596435546875,164.19183349609375,63.81988525390625,831.5862426757812,39,0,0,1,6,9,6,0,0,2,4,2,1,0,175.26,180.34,170.0,25.0,29.0,0,0,0,0,0,0,0,0,0,1,0,0,0,0,0,1,0,0,0,0,0,0,1,0
Blue,False,0.0,0.0,0.32,0.54,0.0,1.0,0.0,0.0,0.0,0.0,243.0,79.0,370.0,202.0,265.0,100.0,403.0,232.0,5.0,0.0,1.0,1.0,206.0,50.0,259.0,106.0,17.0,9.0,61.0,48.0,20.0,20.0,50.0,48.0,202.0,53.0,259.0,112.0,41.0,26.0,105.0,84.0,0.0,0.0,6.0,6.0,128.0,159.0,900.0,3,0,0,1,0,0,1,0,0,0,0,0,0,0,175.26,167.64,135.0,0.0,0.0,0.535,0.355,0.33,0.0,1.5,0.0,0.0,1.0,157.5,88.5,166.5,62.5,206.5,135.5,187.0,81.5,4.0,1.0,0.0,0.0,118.5,58.0,136.0,42.0,34.0,25.5,13.5,7.0,5.0,5.0,17.0,13.5,129.5,65.0,159.5,59.5,24.5,20.0,5.0,1.5,3.5,3.5,2.0,1.5,50.0,280.5,900.0,6,0,1,0,1,1,1,0,0,0,1,0,0,0,180.34,185.42,135.0,31.0,28.0,0,0,0,0,0,0,0,0,0,0,1,0,0,0,0,1,0,0,0,0,1,0,0,0
Red,False,0.0042724609375,0.0,0.2968901062011718,0.398958740234375,0.4550843811035156,0.0989125061035156,0.9532012939453124,0.5161895751953125,0.1255035400390625,0.125091552734375,39.06886291503906,14.234405517578123,43.97555541992188,18.403884887695312,42.81123352050781,17.87322998046875,59.062408447265625,32.385345458984375,1.154296875,0.4912261962890625,1.045989990234375,0.6894989013671875,30.687240600585938,8.409515380859375,34.690643310546875,13.1790771484375,4.16455078125,2.8813018798828125,7.240402221679687,3.9625244140625,4.217071533203125,2.943588256835937,2.0445098876953125,1.2622833251953125,30.854019165039062,8.638076782226562,33.35862731933594,11.4884033203125,5.658416748046875,3.613128662109375,5.5491790771484375,4.2494049072265625,2.556427001953125,1.9832000732421875,5.0677490234375,2.66607666015625,56.70945739746094,103.0752410888672,347.6720428466797,39,0,2,0,7,13,4,0,0,0,5,2,6,0,172.72,180.34,155.0,0.884765625,0.0859375,0.5006958007812501,0.45521484375,0.39428466796875,0.0206591796875,1.126220703125,0.00048828125,0.125,0.125,38.843505859375,19.112060546875,55.766357421875,25.037109375,41.217041015625,21.197509765625,58.0927734375,27.349609375,1.294189453125,0.567138671875,0.894287109375,0.125244140625,23.635009765625,8.357177734375,41.474365234375,15.361572265625,9.28173828125,5.5537109375,8.35986328125,5.731201171875,5.9267578125,5.201171875,5.93212890625,3.9443359375,33.712890625,16.036376953125,52.5615234375,23.210205078125,2.3017578125,1.25244140625,2.10205078125,1.29541015625,2.828857421875,1.8232421875,1.102783203125,0.531494140625,44.471435546875,25.7421875,326.86474609375,25,0,4,0,4,10,3,0,0,0,3,3,4,0,185.42,185.42,155.0,30.0,31.0,0,0,0,0,0,0,1,0,0,0,0,0,0,0,0,0,0,1,0,0,1,0,0,0
Red,False,0.0009765625,0.5166015625,0.331923828125,0.4102392578125,0.162822265625,0.286953125,0.07763671875,0.6298828125,0.5,0.5048828125,166.234375,54.35693359375,125.69091796875,49.515625,179.38330078125,65.966796875,133.53076171875,56.86865234375,5.50048828125,1.01708984375,3.2236328125,0.833984375,149.09716796875,42.47802734375,96.7158203125,29.40087890625,11.890625,7.025390625,18.3447265625,12.7353515625,5.24658203125,4.853515625,10.63037109375,7.37939453125,148.85888671875,43.2138671875,102.814453125,36.5634765625,15.7490234375,10.2822265625,15.79248046875,8.40673828125,1.62646484375,0.86083984375,7.083984375,4.54541015625,113.912109375,101.60791015625,698.93310546875,30,0,4,0,4,7,5,0,0,3,1,1,1,1,177.8,177.8,155.0,0.46875,0.53125,0.47578125,0.4915625,0.0078125,0.0653125,0.25,1.25390625,0.0,0.0,76.578125,34.35546875,53.53515625,24.203125,77.33984375,34.5546875,58.2421875,27.8671875,0.2734375,0.015625,3.8515625,0.34765625,49.79296875,15.203125,47.65625,19.73828125,13.828125,8.94140625,3.67578125,2.38671875,12.95703125,10.2109375,2.203125,2.078125,72.359375,31.86328125,39.90625,16.859375,0.14453125,0.1171875,0.31640625,0.296875,4.07421875,2.375,13.3125,7.046875,16.91796875,59.671875,413.4921875,20,0,4,0,4,7,2,0,1,1,1,4,0,0,180.34,190.5,145.0,32.0,28.0,0,0,0,0,0,0,1,0,0,0,0,0,0,0,0,0,0,1,0,0,1,0,0,0
Red,False,0.0,0.0,0.27,0.415,0.8200000000000001,0.1,0.0,0.5,0.0,0.5,154.5,43.5,158.0,62.5,168.5,53.5,170.5,73.0,8.5,6.0,5.5,1.0,127.0,29.0,130.5,43.5,22.0,10.0,21.5,13.5,5.5,4.5,6.0,5.5,131.0,31.5,118.0,37.5,11.5,9.0,18.0,13.5,12.0,3.0,22.0,11.5,298.5,86.5,900.0,6,0,1,0,1,1,1,0,0,1,0,0,0,0,165.1,165.1,125.0,0.9375,0.0,0.4615625,0.45875,0.125,0.30625,1.0,0.65625,0.0,0.0,69.875,31.65625,71.4375,34.78125,86.6875,47.25,94.15625,55.0,0.25,0.25,6.90625,3.1875,43.40625,13.65625,56.40625,22.375,23.625,16.15625,11.96875,9.9375,2.84375,1.84375,3.0625,2.46875,50.75,19.3125,45.84375,18.46875,10.09375,6.5,9.59375,6.5625,9.03125,5.84375,16.0,9.75,25.8125,231.6875,607.75,13,0,0,1,4,4,2,0,0,0,1,3,0,0,160.02,170.18,135.0,28.0,24.0,0,0,0,1,0,0,0,0,0,0,0,0,0,0,0,1,0,0,0,0,1,0,0,0
Red,False,0.0,0.0,0.323125,0.6124999999999999,0.169375,0.74375,0.125,0.0625,0.0,0.0625,133.9375,40.375,103.25,63.625,185.9375,86.4375,132.5625,91.75,10.0,1.8125,3.4375,1.9375,102.125,21.1875,82.3125,46.25,25.375,13.0625,12.625,9.875,6.4375,6.125,8.3125,7.5,114.125,27.8125,85.0625,48.5,14.1875,9.25,14.6875,12.1875,5.625,3.3125,3.5,2.9375,242.0,200.4375,849.9375,13,0,0,5,0,0,5,0,0,0,0,0,0,0,182.88,182.88,155.0,0.00439453125,0.5312652587890625,0.2931904888153076,0.3336329174041748,0.239625883102417,0.0828499603271484,0.2585334777832031,0.3144845962524414,1.9073486328125e-06,9.5367431640625e-07,69.10044288635254,19.6389102935791,85.50230884552002,29.23423385620117,81.94515800476074,32.03286266326904,94.92053508758544,37.82113170623779,3.4119577407836914,1.0864572525024414,1.7330083847045898,0.2520923614501953,62.79515647888184,15.938002586364746,67.7489185333252,19.240612030029297,4.607041358947754,2.0036401748657227,11.648079872131348,6.899971008300781,1.6982450485229492,1.6972675323486328,6.105310440063477,3.0936508178710938,58.22286605834961,12.186321258544922,73.83249759674072,22.04444408416748,5.892890930175781,3.3426437377929688,3.742853164672852,2.0759668350219727,4.984685897827148,4.109945297241211,7.926958084106445,5.113822937011719,147.03383827209473,50.040493965148926,588.3753690719604,52,0,0,1,3,13,8,0,0,3,5,1,4,0,177.8,180.34,155.0,30.0,30.0,0,0,0,0,0,0,1,0,0,0,0,0,0,0,0,1,0,0,0,0,0,0,1,0
Blue,False,0.25,0.25,0.3525,0.3425,0.0,0.175,1.5,0.5,0.0,0.0,111.0,41.25,86.5,28.5,119.75,48.25,118.75,54.5,0.0,0.0,7.5,1.75,100.25,33.75,61.0,16.75,5.75,3.75,16.25,7.0,5.0,3.75,9.25,4.75,98.5,33.5,70.0,21.25,11.25,7.0,11.5,4.75,1.25,0.75,5.0,2.5,58.5,219.25,704.75,7,0,1,0,1,2,1,0,0,0,1,1,0,0,177.8,182.88,155.0,0.5,0.125,0.551875,0.375,0.0575,0.25,0.0,0.25,0.0,0.0,42.1875,21.1875,41.0625,11.0,47.3125,26.1875,45.1875,15.0625,5.3125,0.625,0.25,0.25,30.625,12.1875,30.75,5.8125,5.8125,4.75,8.1875,4.0,5.75,4.25,2.125,1.1875,30.4375,11.4375,36.125,7.0,6.4375,5.125,3.6875,3.1875,5.3125,4.625,1.25,0.8125,44.875,20.75,292.875,9,0,1,0,1,3,2,0,0,1,1,1,0,0,172.72,177.8,155.0,28.0,32.0,0,0,0,0,0,0,1,0,0,0,0,0,0,0,0,1,0,0,0,0,0,0,1,0
Red,False,0.015625,0.0,0.45,0.4275,0.25,0.2,0.148468017578125,0.098388671875,0.0,0.0,66.5,29.6875,64.31230545043945,27.34375,89.75,48.0,85.53125,44.41152191162109,2.0,0.75,2.0546875,0.75,51.1875,18.3359375,49.6123046875,16.280410766601562,7.5,5.07647705078125,7.5,5.0,4.5,3.625,4.984375,3.9375,48.6875,17.0,47.11572265625,16.5,5.75,3.75,5.3125,3.4375,5.0625,3.5,3.875,2.5,99.2119140625,94.125,638.5,0,0,0,0,0,0,0,0,0,0,0,0,0,0,172.72,182.88,135.0,0.0,0.0,0.31,0.45,0.0,1.0,0.0,0.0,0.0,0.0,83.0,26.0,62.0,28.0,84.0,27.0,133.0,94.0,1.0,0.0,2.0,2.0,64.0,13.0,39.0,13.0,8.0,3.0,8.0,6.0,11.0,10.0,15.0,9.0,80.0,24.0,56.0,23.0,3.0,2.0,4.0,4.0,0.0,0.0,2.0,1.0,46.0,271.0,900.0,3,0,0,1,0,0,1,0,0,0,0,0,0,0,172.72,175.26,155.0,34.0,29.0,0,0,0,0,0,0,1,0,0,0,0,0,0,0,0,1,0,0,0,0,1,0,0,0
Blue,False,0.0,0.0,0.51,0.33,0.6,0.66,3.0,1.0,0.0,0.0,89.0,46.0,53.0,18.0,177.0,132.0,73.0,35.0,5.0,3.0,6.0,4.0,57.0,23.0,36.0,9.0,22.0,17.0,13.0,8.0,10.0,6.0,4.0,1.0,39.0,11.0,26.0,5.0,37.0,25.0,23.0,11.0,13.0,10.0,4.0,2.0,475.0,191.0,900.0,3,0,1,0,1,1,0,0,0,0,1,0,0,0,170.18,180.34,135.0,0.875,0.25,0.3725,0.33125,0.0,0.1025,0.0,0.0,0.0,0.0,148.0,53.125,104.25,32.75,151.0,55.75,105.375,33.875,0.0,0.0,1.5,0.375,122.5,36.125,92.5,23.875,21.75,13.875,8.0,5.5,3.75,3.125,3.75,3.375,141.375,50.625,99.5,29.75,4.5,1.875,4.0,2.25,2.125,0.625,0.75,0.75,15.875,31.5,658.625,8,0,2,0,2,3,1,0,0,1,1,1,0,0,167.64,170.18,135.0,24.0,31.0,1,0,0,0,0,0,0,0,0,0,0,0,0,0,0,1,0,0,0,0,1,0,0,0
Red,False,0.015625,0.0,0.45,0.4275,0.25,0.2,0.148468017578125,0.098388671875,0.0,0.0,66.5,29.6875,64.31230545043945,27.34375,89.75,48.0,85.53125,44.41152191162109,2.0,0.75,2.0546875,0.75,51.1875,18.3359375,49.6123046875,16.280410766601562,7.5,5.07647705078125,7.5,5.0,4.5,3.625,4.984375,3.9375,48.6875,17.0,47.11572265625,16.5,5.75,3.75,5.3125,3.4375,5.0625,3.5,3.875,2.5,99.2119140625,94.125,638.5,0,0,0,0,0,0,0,0,0,0,0,0,0,0,157.48000000000002,157.48000000000002,115.0,0.0471682548522949,0.0,0.45,0.4217682266235352,0.25,0.19173828125,0.1875,0.125,0.0,0.0,69.5,30.5,66.984375,27.8466796875,94.0,48.544921875,88.50390625,44.75,2.0,0.8125,2.015625,0.6640625,54.0,19.01513671875,51.483436584472656,16.9437255859375,7.91796875,5.430633544921875,7.75,5.0625,4.780975341796875,3.9373779296875,4.8994140625,3.84375,51.025390625,18.400863647460938,50.515625,17.5,5.75,3.75,5.5,3.5,5.375,3.6875,4.0,2.65625,104.865234375,89.5,655.8441009521484,0,0,0,0,0,0,0,0,0,0,0,0,0,0,162.56,160.02,115.0,26.0,25.0,0,0,0,0,0,0,0,0,0,0,0,0,0,1,0,1,0,0,0,0,1,0,0,0
Blue,True,0.015625,0.0,0.45,0.4275,0.25,0.2,0.148468017578125,0.098388671875,0.0,0.0,66.5,29.6875,64.31230545043945,27.34375,89.75,48.0,85.53125,44.41152191162109,2.0,0.75,2.0546875,0.75,51.1875,18.3359375,49.6123046875,16.280410766601562,7.5,5.07647705078125,7.5,5.0,4.5,3.625,4.984375,3.9375,48.6875,17.0,47.11572265625,16.5,5.75,3.75,5.3125,3.4375,5.0625,3.5,3.875,2.5,99.2119140625,94.125,638.5,0,0,0,0,0,0,0,0,0,0,0,0,0,0,182.88,193.04,185.0,0.0471682548522949,0.0,0.45,0.4217682266235352,0.25,0.19173828125,0.1875,0.125,0.0,0.0,69.5,30.5,66.984375,27.8466796875,94.0,48.544921875,88.50390625,44.75,2.0,0.8125,2.015625,0.6640625,54.0,19.01513671875,51.483436584472656,16.9437255859375,7.91796875,5.430633544921875,7.75,5.0625,4.780975341796875,3.9373779296875,4.8994140625,3.84375,51.025390625,18.400863647460938,50.515625,17.5,5.75,3.75,5.5,3.5,5.375,3.6875,4.0,2.65625,104.865234375,89.5,655.8441009521484,0,0,0,0,0,0,0,0,0,0,0,0,0,0,187.96,190.5,170.0,30.0,25.0,0,0,0,0,0,0,0,1,0,0,0,0,0,0,0,1,0,0,0,0,1,0,0,0
Blue,False,0.0,0.0,0.52,0.4649999999999999,0.4425,0.3925,0.0,1.75,0.5,0.5,86.75,45.5,57.25,27.5,139.0,94.25,74.0,43.0,6.25,2.5,6.0,3.0,56.5,19.5,38.25,14.0,22.75,19.25,8.75,4.75,7.5,6.75,10.25,8.75,48.75,14.0,40.75,15.75,21.75,17.5,9.75,5.5,16.25,14.0,6.75,6.25,353.5,231.0,874.75,9,0,1,0,1,2,1,0,0,1,0,1,0,0,165.1,165.1,125.0,0.0,0.0,0.655,0.185,0.63,0.0,0.0,0.5,0.0,0.0,70.0,44.0,24.0,3.0,93.0,62.5,47.0,23.5,6.5,4.0,0.0,0.0,59.5,36.0,20.5,2.0,6.0,4.5,1.0,0.0,4.5,3.5,2.5,1.0,28.5,11.5,22.0,3.0,6.0,4.5,1.0,0.0,35.5,28.0,1.0,0.0,420.5,0.0,591.5,4,0,2,0,2,2,0,0,0,0,1,1,0,0,170.18,167.64,125.0,25.0,22.0,0,0,0,1,0,0,0,0,0,0,0,0,0,0,0,1,0,0,0,0,0,0,1,0
Red,False,0.015625,0.0,0.45,0.4275,0.25,0.2,0.148468017578125,0.098388671875,0.0,0.0,66.5,29.6875,64.31230545043945,27.34375,89.75,48.0,85.53125,44.41152191162109,2.0,0.75,2.0546875,0.75,51.1875,18.3359375,49.6123046875,16.280410766601562,7.5,5.07647705078125,7.5,5.0,4.5,3.625,4.984375,3.9375,48.6875,17.0,47.11572265625,16.5,5.75,3.75,5.3125,3.4375,5.0625,3.5,3.875,2.5,99.2119140625,94.125,638.5,0,0,0,0,0,0,0,0,0,0,0,0,0,0,175.26,175.26,145.0,0.0,0.5,0.58,0.365,0.5,0.5,0.5,0.0,0.0,0.0,25.5,14.5,31.5,12.0,37.0,25.5,32.0,12.5,0.5,0.5,1.0,0.5,21.5,11.0,12.0,1.5,2.0,1.5,11.5,5.0,2.0,2.0,8.0,5.5,21.0,11.5,31.5,12.0,0.5,0.0,0.0,0.0,4.0,3.0,0.0,0.0,122.0,3.0,374.5,3,0,1,0,1,1,1,0,0,0,0,0,1,0,177.8,182.88,155.0,25.0,31.0,0,0,0,0,0,0,1,0,0,0,0,0,0,0,0,1,0,0,0,0,0,0,1,0
Blue,False,0.0,0.0,0.31,0.5,0.2,0.0,1.0,1.0,0.0,1.0,54.0,17.0,86.0,43.0,55.0,18.0,130.0,83.0,10.0,2.0,0.0,0.0,45.0,12.0,81.0,38.0,4.0,1.0,3.0,3.0,5.0,4.0,2.0,2.0,47.0,12.0,46.0,13.0,4.0,2.0,14.0,10.0,3.0,3.0,26.0,20.0,90.0,254.0,599.0,2,0,0,1,0,0,1,0,0,0,0,0,0,0,170.18,175.26,135.0,0.0,0.0,0.35,0.55,0.11,0.4,2.0,0.0,0.0,0.0,34.0,12.0,88.0,49.0,60.0,33.0,189.0,141.0,9.0,1.0,10.0,4.0,28.0,6.0,55.0,22.0,4.0,4.0,13.0,11.0,2.0,2.0,20.0,16.0,14.0,3.0,45.0,15.0,18.0,7.0,25.0,19.0,2.0,2.0,18.0,15.0,50.0,620.0,900.0,3,0,0,1,0,0,1,0,0,0,0,0,0,0,170.18,170.18,135.0,30.0,28.0,1,0,0,0,0,0,0,0,0,0,0,0,0,0,0,1,0,0,0,0,1,0,0,0
Blue,False,0.0,1.0,0.27,0.4,0.12,0.0,2.0,1.0,0.0,0.0,142.0,39.0,122.0,49.0,155.0,51.0,125.0,50.0,8.0,1.0,1.0,0.0,131.0,32.0,106.0,41.0,10.0,6.0,13.0,6.0,1.0,1.0,3.0,2.0,124.0,28.0,120.0,47.0,3.0,0.0,0.0,0.0,15.0,11.0,2.0,2.0,250.0,108.0,900.0,3,0,0,1,0,0,1,0,0,0,0,0,0,0,175.26,195.58,170.0,0.0,0.0,0.47,0.405,0.5,0.355,0.0,0.0,0.0,0.0,99.5,45.5,95.5,37.0,102.5,48.5,115.5,55.5,1.5,0.5,9.5,4.0,64.0,18.0,74.0,19.5,21.5,14.0,10.5,8.0,14.0,13.5,11.0,9.5,87.5,36.5,81.0,26.0,6.5,5.0,8.5,5.0,5.5,4.0,6.0,6.0,41.0,317.0,900.0,6,0,0,2,0,0,2,0,0,0,0,0,0,0,177.8,177.8,170.0,21.0,28.0,0,0,0,0,0,0,1,0,0,0,0,0,0,0,0,1,0,0,0,0,0,0,1,0
Red,False,0.015625,0.0,0.45,0.4275,0.25,0.2,0.148468017578125,0.098388671875,0.0,0.0,66.5,29.6875,64.31230545043945,27.34375,89.75,48.0,85.53125,44.41152191162109,2.0,0.75,2.0546875,0.75,51.1875,18.3359375,49.6123046875,16.280410766601562,7.5,5.07647705078125,7.5,5.0,4.5,3.625,4.984375,3.9375,48.6875,17.0,47.11572265625,16.5,5.75,3.75,5.3125,3.4375,5.0625,3.5,3.875,2.5,99.2119140625,94.125,638.5,0,0,0,0,0,0,0,0,0,0,0,0,0,0,190.5,190.5,205.0,0.0,0.0,0.81,0.83,1.0,0.33,0.0,0.0,0.0,1.0,27.0,22.0,6.0,5.0,31.0,26.0,24.0,23.0,1.0,1.0,3.0,1.0,27.0,22.0,2.0,1.0,0.0,0.0,2.0,2.0,0.0,0.0,2.0,2.0,0.0,0.0,3.0,2.0,2.0,2.0,0.0,0.0,25.0,20.0,3.0,3.0,107.0,111.0,263.0,1,0,1,0,1,1,0,0,0,0,0,1,0,0,190.5,200.66,260.0,28.0,29.0,0,0,0,0,1,0,0,0,0,0,0,0,0,0,0,1,0,0,0,0,1,0,0,0
Red,True,0.015625,0.0,0.45,0.4275,0.25,0.2,0.148468017578125,0.098388671875,0.0,0.0,66.5,29.6875,64.31230545043945,27.34375,89.75,48.0,85.53125,44.41152191162109,2.0,0.75,2.0546875,0.75,51.1875,18.3359375,49.6123046875,16.280410766601562,7.5,5.07647705078125,7.5,5.0,4.5,3.625,4.984375,3.9375,48.6875,17.0,47.11572265625,16.5,5.75,3.75,5.3125,3.4375,5.0625,3.5,3.875,2.5,99.2119140625,94.125,638.5,0,0,0,0,0,0,0,0,0,0,0,0,0,0,195.58,195.58,205.0,0.0471682548522949,0.0,0.45,0.4217682266235352,0.25,0.19173828125,0.1875,0.125,0.0,0.0,69.5,30.5,66.984375,27.8466796875,94.0,48.544921875,88.50390625,44.75,2.0,0.8125,2.015625,0.6640625,54.0,19.01513671875,51.483436584472656,16.9437255859375,7.91796875,5.430633544921875,7.75,5.0625,4.780975341796875,3.9373779296875,4.8994140625,3.84375,51.025390625,18.400863647460938,50.515625,17.5,5.75,3.75,5.5,3.5,5.375,3.6875,4.0,2.65625,104.865234375,89.5,655.8441009521484,0,0,0,0,0,0,0,0,0,0,0,0,0,0,190.5,200.66,205.0,28.0,24.0,0,0,0,0,0,1,0,0,0,0,0,0,0,0,0,1,0,0,0,0,1,0,0,0
Red,False,0.0644545555114746,0.0,0.382184739112854,0.5430118465423583,0.1672390937805176,0.222598934173584,0.1304664611816406,2.288818359375e-05,0.0001220703125,0.2812881469726562,100.03143692016602,39.12381076812744,210.8225736618042,112.83334922790527,126.47896909713744,64.63181161880493,266.099986076355,162.34519004821777,2.4844651222229004,0.5672988891601562,3.646235466003418,1.117666721343994,91.45387887954712,33.19692373275757,164.3362174034119,79.4229588508606,8.048020839691162,5.553624629974365,36.57099437713623,26.44098949432373,0.5295372009277344,0.3732624053955078,9.915361881256104,6.969400882720947,87.85862636566162,31.06484270095825,181.72969484329224,94.00290727615356,10.213141918182371,6.820298671722412,22.428610801696777,14.474364280700684,1.9596686363220213,1.2386693954467771,6.6642680168151855,4.356077671051025,81.7558946609497,225.33388090133667,877.9635663032532,65,11,3,0,3,12,10,0,0,0,1,6,4,1,175.26,177.8,155.0,0.15625,0.078125,0.419869384765625,0.30888916015625,0.3196832275390625,0.071529541015625,0.2841796875,0.828857421875,0.00787353515625,0.0,187.788330078125,72.5347900390625,174.24163818359375,54.474853515625,208.51812744140625,91.67486572265624,186.82080078125,67.00921630859375,7.40838623046875,2.144287109375,2.56268310546875,0.13421630859375,142.906494140625,41.10723876953125,148.3388671875,39.5977783203125,29.15289306640625,19.10882568359375,15.5133056640625,7.6541748046875,15.72894287109375,12.3187255859375,10.38946533203125,7.222900390625,171.2999267578125,59.41168212890625,166.4290771484375,49.10528564453125,5.8736572265625,4.23492431640625,5.6470947265625,3.67333984375,10.61474609375,8.88818359375,2.16546630859375,1.69622802734375,201.84088134765625,8.53680419921875,1185.2833862304688,55,7,3,0,5,10,5,0,0,0,7,2,1,0,167.64,172.72,135.0,35.0,32.0,0,0,1,0,0,0,0,0,0,0,0,0,0,0,0,1,0,0,0,0,1,0,0,0
Red,False,0.015625,0.0,0.45,0.4275,0.25,0.2,0.148468017578125,0.098388671875,0.0,0.0,66.5,29.6875,64.31230545043945,27.34375,89.75,48.0,85.53125,44.41152191162109,2.0,0.75,2.0546875,0.75,51.1875,18.3359375,49.6123046875,16.280410766601562,7.5,5.07647705078125,7.5,5.0,4.5,3.625,4.984375,3.9375,48.6875,17.0,47.11572265625,16.5,5.75,3.75,5.3125,3.4375,5.0625,3.5,3.875,2.5,99.2119140625,94.125,638.5,0,0,0,0,0,0,0,0,0,0,0,0,0,0,193.04,200.66,205.0,0.0471682548522949,0.0,0.45,0.4217682266235352,0.25,0.19173828125,0.1875,0.125,0.0,0.0,69.5,30.5,66.984375,27.8466796875,94.0,48.544921875,88.50390625,44.75,2.0,0.8125,2.015625,0.6640625,54.0,19.01513671875,51.483436584472656,16.9437255859375,7.91796875,5.430633544921875,7.75,5.0625,4.780975341796875,3.9373779296875,4.8994140625,3.84375,51.025390625,18.400863647460938,50.515625,17.5,5.75,3.75,5.5,3.5,5.375,3.6875,4.0,2.65625,104.865234375,89.5,655.8441009521484,0,0,0,0,0,0,0,0,0,0,0,0,0,0,180.34,180.34,185.0,29.0,25.0,0,0,0,0,0,1,0,0,0,0,0,0,0,0,0,0,0,1,0,0,1,0,0,0
Red,False,0.015625,0.0,0.45,0.4275,0.25,0.2,0.148468017578125,0.098388671875,0.0,0.0,66.5,29.6875,64.31230545043945,27.34375,89.75,48.0,85.53125,44.41152191162109,2.0,0.75,2.0546875,0.75,51.1875,18.3359375,49.6123046875,16.280410766601562,7.5,5.07647705078125,7.5,5.0,4.5,3.625,4.984375,3.9375,48.6875,17.0,47.11572265625,16.5,5.75,3.75,5.3125,3.4375,5.0625,3.5,3.875,2.5,99.2119140625,94.125,638.5,0,0,0,0,0,0,0,0,0,0,0,0,0,0,175.26,175.26,135.0,0.0471682548522949,0.0,0.45,0.4217682266235352,0.25,0.19173828125,0.1875,0.125,0.0,0.0,69.5,30.5,66.984375,27.8466796875,94.0,48.544921875,88.50390625,44.75,2.0,0.8125,2.015625,0.6640625,54.0,19.01513671875,51.483436584472656,16.9437255859375,7.91796875,5.430633544921875,7.75,5.0625,4.780975341796875,3.9373779296875,4.8994140625,3.84375,51.025390625,18.400863647460938,50.515625,17.5,5.75,3.75,5.5,3.5,5.375,3.6875,4.0,2.65625,104.865234375,89.5,655.8441009521484,0,0,0,0,0,0,0,0,0,0,0,0,0,0,170.18,170.18,135.0,23.0,26.0,0,1,0,0,0,0,0,0,0,0,0,0,0,0,0,1,0,0,0,0,1,0,0,0
Blue,False,0.0,0.0,0.5,0.36,0.08,0.25,1.0,0.0,0.0,1.0,24.0,12.0,46.0,17.0,45.0,31.0,120.0,84.0,12.0,1.0,4.0,1.0,12.0,3.0,35.0,8.0,7.0,4.0,8.0,6.0,5.0,5.0,3.0,3.0,16.0,5.0,36.0,10.0,8.0,7.0,10.0,7.0,0.0,0.0,0.0,0.0,298.0,238.0,900.0,3,0,0,1,0,0,1,0,0,0,0,0,0,0,175.26,175.26,185.0,0.0,0.0078125,0.36736328125,0.4101953125,0.0,0.1199609375,0.0390625,0.318359375,0.001953125,0.25,129.708984375,49.265625,105.244140625,40.6640625,141.46484375,60.6015625,116.078125,51.0859375,0.1328125,0.0,1.412109375,0.412109375,90.25390625,22.072265625,72.48828125,19.611328125,11.59765625,7.12890625,15.501953125,5.974609375,27.857421875,20.064453125,17.25390625,15.078125,123.248046875,44.837890625,91.55078125,29.517578125,6.4453125,4.427734375,10.55078125,8.853515625,0.015625,0.0,3.142578125,2.29296875,63.326171875,83.15234375,716.57421875,26,0,2,0,4,6,4,0,0,2,2,0,1,1,187.96,190.5,185.0,26.0,27.0,0,0,0,0,0,0,0,1,0,0,0,0,0,0,0,1,0,0,0,0,1,0,0,0
Blue,False,0.0,0.0,0.5,0.31,0.0,0.2,1.0,1.0,1.0,0.0,86.0,43.0,54.0,17.0,130.0,83.0,55.0,18.0,0.0,0.0,10.0,2.0,81.0,38.0,45.0,12.0,3.0,3.0,4.0,1.0,2.0,2.0,5.0,4.0,46.0,13.0,47.0,12.0,14.0,10.0,4.0,2.0,26.0,20.0,3.0,3.0,254.0,90.0,599.0,2,0,1,0,1,1,0,0,0,0,0,0,1,0,170.18,177.8,135.0,0.25,0.5,0.31875,0.51625,0.125,0.055,0.0,0.0,0.0,0.0,132.625,47.75,88.5,43.625,137.375,51.375,96.875,51.25,0.125,0.125,3.375,0.5,95.125,26.0,79.25,36.25,28.25,15.125,6.0,5.0,9.25,6.625,3.25,2.375,126.625,45.125,80.5,37.0,4.875,2.375,3.25,2.75,1.125,0.25,4.75,3.875,9.125,44.375,483.5,10,0,3,0,3,3,1,0,0,1,2,0,0,0,162.56,180.34,135.0,27.0,29.0,1,0,0,0,0,0,0,0,0,0,0,0,0,0,0,1,0,0,0,0,0,0,1,0
Red,False,0.5,0.265625,0.46125,0.3246875,0.515625,0.3958984375,0.7109375,0.26171875,0.9140625,0.53515625,140.5,62.74609375,129.78515625,40.71484375,154.46875,74.8515625,143.5078125,51.63671875,0.515625,0.515625,5.2734375,1.609375,108.2890625,41.921875,106.671875,26.94140625,21.45703125,12.8359375,17.296875,8.88671875,10.75390625,7.98828125,5.81640625,4.88671875,129.41015625,54.21484375,124.02734375,36.3515625,4.6328125,3.87109375,2.06640625,2.05078125,6.45703125,4.66015625,3.69140625,2.3125,161.06640625,108.41796875,869.1328125,23,0,0,2,2,5,4,0,0,2,1,0,2,0,177.8,185.42,145.0,0.2578125,0.5,0.4376171875,0.353046875,0.275546875,0.1687109375,0.4765625,0.125,0.0390625,0.00390625,52.1640625,25.94921875,49.61328125,18.23046875,73.28515625,45.24609375,65.50390625,31.6171875,2.6640625,1.01953125,0.59375,0.23828125,41.265625,18.28515625,40.8984375,12.671875,7.77734375,5.2109375,4.7578125,1.9296875,3.12109375,2.453125,3.95703125,3.62890625,35.87890625,15.1015625,38.51953125,13.30078125,4.41015625,1.9765625,6.92578125,3.17578125,11.875,8.87109375,4.16796875,1.75390625,148.95703125,35.875,461.8984375,26,3,1,0,4,6,3,0,0,0,2,0,4,0,167.64,170.18,135.0,26.0,35.0,1,0,0,0,0,0,0,0,0,0,0,0,0,0,0,0,0,1,0,0,1,0,0,0
Blue,False,0.015625,0.0,0.45,0.4275,0.25,0.2,0.148468017578125,0.098388671875,0.0,0.0,66.5,29.6875,64.31230545043945,27.34375,89.75,48.0,85.53125,44.41152191162109,2.0,0.75,2.0546875,0.75,51.1875,18.3359375,49.6123046875,16.280410766601562,7.5,5.07647705078125,7.5,5.0,4.5,3.625,4.984375,3.9375,48.6875,17.0,47.11572265625,16.5,5.75,3.75,5.3125,3.4375,5.0625,3.5,3.875,2.5,99.2119140625,94.125,638.5,0,0,0,0,0,0,0,0,0,0,0,0,0,0,172.72,180.34,135.0,0.1328125,0.4140625,0.4382714843749999,0.30900390625,0.6203515625,0.303681640625,0.0625,0.12890625,0.001953125,0.125,93.2734375,42.3017578125,49.5576171875,17.05078125,116.5380859375,62.146484375,63.6552734375,29.8349609375,2.2548828125,1.4072265625,3.869140625,1.701171875,76.1572265625,31.2939453125,42.1806640625,11.7421875,12.9189453125,8.4912109375,5.6171875,3.8369140625,4.197265625,2.5166015625,1.759765625,1.4716796875,55.8076171875,17.5498046875,35.130859375,9.0849609375,10.4091796875,4.84765625,7.861328125,4.44140625,27.056640625,19.904296875,6.5654296875,3.5244140625,304.2236328125,132.46875,703.623046875,27,0,0,1,2,5,6,0,0,1,2,2,0,0,185.42,182.88,135.0,27.0,32.0,1,0,0,0,0,0,0,0,0,0,0,0,0,0,0,1,0,0,0,0,1,0,0,0
Red,False,0.5,0.0,0.215,0.3,0.0,0.0,0.0,0.5,0.0,0.0,8.5,3.5,3.0,1.5,9.0,4.0,3.0,1.5,0.5,0.0,0.0,0.0,7.5,3.0,2.5,1.5,0.5,0.5,0.0,0.0,0.5,0.0,0.5,0.0,3.0,0.5,3.0,1.5,0.0,0.0,0.0,0.0,5.5,3.0,0.0,0.0,9.0,3.5,50.0,2,0,0,1,1,1,1,0,0,0,0,1,0,0,187.96,193.04,205.0,0.5,0.0,0.5225,0.4024999999999999,0.2275,0.2075,0.0,0.25,0.75,0.0,57.75,31.25,50.25,21.5,75.25,46.0,83.25,48.75,2.75,1.0,3.0,1.25,40.0,17.5,28.5,4.75,10.25,7.25,8.5,6.5,7.5,6.5,13.25,10.25,43.25,19.75,39.0,14.0,7.0,6.25,7.25,5.5,7.5,5.25,4.0,2.0,104.75,154.0,600.0,7,1,0,2,1,1,2,0,0,0,0,0,0,1,182.88,200.66,185.0,30.0,29.0,0,0,0,0,0,0,0,1,0,0,0,0,0,0,0,1,0,0,0,0,1,0,0,0
Red,True,0.291229248046875,0.017578125,0.3799089050292968,0.2315081787109375,0.316060791015625,0.0573825073242187,0.0042572021484375,0.0159912109375,7.62939453125e-05,0.5,66.30404663085938,21.49964904785156,71.42094421386719,22.68714904785156,69.98196411132812,25.1749267578125,90.82557678222656,41.079193115234375,1.095733642578125,0.571044921875,3.00396728515625,0.3322296142578125,46.369140625,11.58282470703125,49.87954711914063,10.573318481445312,12.84490966796875,5.828704833984375,8.54547119140625,3.4769287109375,7.089996337890625,4.0881195068359375,12.995925903320312,8.63690185546875,63.45887756347656,19.492233276367188,60.77169799804688,17.313720703125,1.0069427490234375,0.1746826171875,5.074859619140625,2.1272735595703125,1.838226318359375,1.832733154296875,5.574386596679688,3.24615478515625,99.7525634765625,69.13230895996094,996.1298828125,44,4,8,0,8,13,4,0,0,1,6,5,1,0,185.42,187.96,185.0,0.875,0.0,0.46109375,0.44984375,0.8053125,0.0,1.296875,0.0,0.0,0.015625,49.84375,22.03125,26.453125,11.25,65.796875,35.625,44.515625,25.734375,2.046875,1.375,0.4375,0.0,45.578125,18.9375,17.421875,4.4375,3.015625,1.921875,4.53125,3.34375,1.25,1.171875,4.5,3.46875,22.359375,6.4375,21.109375,7.34375,3.203125,2.5,4.296875,2.875,24.28125,13.09375,1.046875,1.03125,218.59375,0.046875,411.0,14,2,7,0,7,7,0,0,0,0,2,3,2,0,187.96,198.12,185.0,36.0,30.0,0,0,0,0,0,0,0,1,0,0,0,0,0,0,0,0,0,1,0,0,1,0,0,0
Red,True,0.0,0.0,0.4525,0.4725,0.5800000000000001,0.375,0.75,0.0,0.5,0.25,117.5,50.0,92.0,42.75,190.75,113.5,135.25,79.5,2.5,1.25,0.75,0.5,78.5,26.25,78.0,32.5,11.25,6.75,3.5,2.25,27.75,17.0,10.5,8.0,94.25,35.25,81.25,35.75,15.75,9.0,8.0,4.5,7.5,5.75,2.75,2.5,294.25,129.75,900.0,9,0,3,0,3,3,0,0,0,1,2,0,0,0,167.64,172.72,135.0,0.5,0.0,0.5825,0.6100000000000001,0.4375,0.0825,1.0,0.25,0.0,0.25,30.75,18.75,24.0,13.5,67.75,54.25,30.0,19.5,2.25,1.75,0.75,0.25,20.75,9.5,19.75,10.0,7.0,6.25,4.25,3.5,3.0,3.0,0.0,0.0,11.25,3.0,14.0,7.0,13.25,10.75,9.75,6.25,6.25,5.0,0.25,0.25,184.75,42.75,269.75,5,3,3,0,3,3,0,0,0,0,0,1,2,0,170.18,167.64,135.0,29.0,27.0,0,0,0,0,0,0,0,0,0,0,1,0,0,0,0,1,0,0,0,0,1,0,0,0
Red,False,0.0,0.0,0.5125,0.46375,0.7424999999999999,0.54,1.125,0.25,0.0,0.875,71.75,36.625,65.75,31.0,96.25,57.625,112.25,70.0,5.0,3.375,2.875,0.75,51.875,21.625,51.5,21.875,13.875,9.5,8.125,4.5,6.0,5.5,6.125,4.625,48.375,18.75,39.75,16.75,10.5,9.25,5.5,4.25,12.875,8.625,20.5,10.0,261.875,196.125,844.875,11,0,2,0,2,3,1,0,0,1,1,0,1,0,187.96,198.12,185.0,0.0,0.0625,0.598125,0.213125,0.665,0.5575,0.75,0.1875,0.0,0.25,43.75,24.4375,30.5625,13.3125,76.625,50.75,42.75,23.25,2.5,0.875,1.875,1.0,35.625,17.5625,27.5,10.625,5.0,3.8125,1.6875,1.3125,3.125,3.0625,1.375,1.375,26.625,14.5,23.0,8.0625,5.25,3.3125,2.6875,2.125,11.875,6.625,4.875,3.125,157.0625,91.75,376.4375,10,0,0,2,1,2,3,0,0,0,0,0,2,0,177.8,187.96,170.0,31.0,30.0,0,0,0,0,0,0,0,0,0,1,0,0,0,0,0,1,0,0,0,0,1,0,0,0
Red,False,0.015625,0.0,0.45,0.4275,0.25,0.2,0.148468017578125,0.098388671875,0.0,0.0,66.5,29.6875,64.31230545043945,27.34375,89.75,48.0,85.53125,44.41152191162109,2.0,0.75,2.0546875,0.75,51.1875,18.3359375,49.6123046875,16.280410766601562,7.5,5.07647705078125,7.5,5.0,4.5,3.625,4.984375,3.9375,48.6875,17.0,47.11572265625,16.5,5.75,3.75,5.3125,3.4375,5.0625,3.5,3.875,2.5,99.2119140625,94.125,638.5,0,0,0,0,0,0,0,0,0,0,0,0,0,0,182.88,182.88,185.0,0.0,1.0,0.27,0.61,0.0,0.0,0.0,0.0,0.0,0.0,11.0,3.0,26.0,16.0,11.0,3.0,28.0,18.0,0.0,0.0,0.0,0.0,8.0,1.0,22.0,13.0,0.0,0.0,4.0,3.0,3.0,2.0,0.0,0.0,10.0,3.0,15.0,7.0,1.0,0.0,6.0,4.0,0.0,0.0,5.0,5.0,0.0,3.0,44.0,1,0,0,1,0,0,1,0,0,0,0,0,0,0,187.96,187.96,185.0,28.0,32.0,0,0,0,0,0,0,0,1,0,0,0,0,0,0,0,1,0,0,0,0,1,0,0,0
Blue,False,0.015625,0.0,0.45,0.4275,0.25,0.2,0.148468017578125,0.098388671875,0.0,0.0,66.5,29.6875,64.31230545043945,27.34375,89.75,48.0,85.53125,44.41152191162109,2.0,0.75,2.0546875,0.75,51.1875,18.3359375,49.6123046875,16.280410766601562,7.5,5.07647705078125,7.5,5.0,4.5,3.625,4.984375,3.9375,48.6875,17.0,47.11572265625,16.5,5.75,3.75,5.3125,3.4375,5.0625,3.5,3.875,2.5,99.2119140625,94.125,638.5,0,0,0,0,0,0,0,0,0,0,0,0,0,0,175.26,187.96,155.0,0.25,0.5,0.4075,0.445,0.4375,0.5,1.0,1.0,0.0,0.75,36.25,14.0,41.5,19.0,64.5,36.75,43.25,20.5,7.0,2.75,1.25,0.75,23.0,5.25,39.0,17.25,5.5,3.25,1.25,1.0,7.75,5.5,1.25,0.75,28.0,7.5,33.75,14.75,6.25,4.75,5.75,2.75,2.0,1.75,2.0,1.5,282.75,52.5,585.75,8,1,1,0,1,1,2,0,0,0,1,0,0,0,182.88,180.34,155.0,29.0,26.0,0,0,0,0,0,0,1,0,0,0,0,0,0,0,0,1,0,0,0,0,1,0,0,0
Blue,False,0.0,0.0,0.33,0.51,0.66,0.6,1.0,3.0,0.0,0.0,53.0,18.0,89.0,46.0,73.0,35.0,177.0,132.0,6.0,4.0,5.0,3.0,36.0,9.0,57.0,23.0,13.0,8.0,22.0,17.0,4.0,1.0,10.0,6.0,26.0,5.0,39.0,11.0,23.0,11.0,37.0,25.0,4.0,2.0,13.0,10.0,191.0,475.0,900.0,3,0,0,1,0,0,1,0,0,0,0,0,0,0,177.8,180.34,135.0,0.375,0.0,0.5675,0.3399999999999999,0.2075,0.105,0.0,0.375,0.25,0.0,60.75,29.0,36.5,13.5,75.625,41.75,61.625,35.625,1.125,0.625,2.5,0.75,48.75,19.125,30.5,10.125,10.0,8.125,3.25,1.75,2.0,1.75,2.75,1.625,42.25,15.5,34.75,12.375,4.75,4.0,1.5,0.875,13.75,9.5,0.25,0.25,100.25,95.25,375.25,9,0,2,0,2,2,2,0,0,0,0,2,0,0,177.8,180.34,135.0,26.0,31.0,1,0,0,0,0,0,0,0,0,0,0,0,0,0,0,1,0,0,0,0,1,0,0,0
Red,False,0.2578887939453125,0.0634765625,0.5292472076416016,0.2073759460449218,0.5873867797851562,0.0228431701660156,0.156341552734375,2.1352081298828125,0.015899658203125,0.0001754760742187,77.30765533447266,29.61682891845703,91.07223510742188,17.95915985107422,83.02139282226562,35.048980712890625,98.33262634277344,24.705535888671875,2.118438720703125,1.346893310546875,4.81939697265625,0.1345596313476562,57.5444564819336,18.19677734375,77.63569641113281,10.795326232910156,8.314804077148438,5.0142974853515625,9.59814453125,4.5159759521484375,11.448394775390623,6.405754089355469,3.8383941650390634,2.647857666015625,71.17508697509766,24.81280517578125,88.54374694824219,15.935379028320312,0.727386474609375,0.45074462890625,2.25201416015625,1.889801025390625,5.405181884765625,4.353279113769531,0.2764739990234375,0.1339797973632812,110.43663787841795,48.41004180908203,634.9601745605469,45,0,0,1,3,10,8,0,0,1,4,4,0,1,175.26,180.34,145.0,0.71875,0.0,0.436875,0.2759374999999999,0.8125,0.289375,0.03125,0.03125,0.0,0.5,94.53125,41.8125,119.96875,32.0,103.59375,50.0,141.5625,50.71875,1.15625,1.09375,5.03125,1.375,75.375,30.25,92.53125,15.90625,9.8125,6.46875,8.84375,5.0,9.34375,5.09375,18.59375,11.09375,77.4375,30.71875,112.375,28.34375,2.0625,1.46875,2.625,1.5,15.03125,9.625,4.96875,2.15625,80.78125,178.71875,679.0625,13,0,0,1,5,5,1,0,0,0,1,4,0,0,172.72,177.8,145.0,28.0,30.0,0,0,1,0,0,0,0,0,0,0,0,0,0,0,0,1,0,0,0,0,1,0,0,0
Red,False,0.015625,0.0,0.45,0.4275,0.25,0.2,0.148468017578125,0.098388671875,0.0,0.0,66.5,29.6875,64.31230545043945,27.34375,89.75,48.0,85.53125,44.41152191162109,2.0,0.75,2.0546875,0.75,51.1875,18.3359375,49.6123046875,16.280410766601562,7.5,5.07647705078125,7.5,5.0,4.5,3.625,4.984375,3.9375,48.6875,17.0,47.11572265625,16.5,5.75,3.75,5.3125,3.4375,5.0625,3.5,3.875,2.5,99.2119140625,94.125,638.5,0,0,0,0,0,0,0,0,0,0,0,0,0,0,177.8,180.34,170.0,0.0471682548522949,0.0,0.45,0.4217682266235352,0.25,0.19173828125,0.1875,0.125,0.0,0.0,69.5,30.5,66.984375,27.8466796875,94.0,48.544921875,88.50390625,44.75,2.0,0.8125,2.015625,0.6640625,54.0,19.01513671875,51.483436584472656,16.9437255859375,7.91796875,5.430633544921875,7.75,5.0625,4.780975341796875,3.9373779296875,4.8994140625,3.84375,51.025390625,18.400863647460938,50.515625,17.5,5.75,3.75,5.5,3.5,5.375,3.6875,4.0,2.65625,104.865234375,89.5,655.8441009521484,0,0,0,0,0,0,0,0,0,0,0,0,0,0,175.26,182.88,155.0,26.0,29.0,0,0,0,0,0,0,1,0,0,0,0,0,0,0,0,0,0,0,1,0,1,0,0,0
Red,False,0.0625,1.125,0.48,0.438125,0.19625,0.57125,0.0,0.8125,0.1875,0.0,71.8125,35.1875,82.375,34.4375,101.625,62.625,113.875,63.6875,1.0625,0.5625,4.5,1.0625,59.25,24.5,66.0,23.8125,5.25,4.5,8.4375,6.0625,7.3125,6.1875,7.9375,4.5625,63.0625,27.9375,70.9375,24.75,4.5,3.9375,4.9375,4.375,4.25,3.3125,6.5,5.3125,91.5,183.0625,646.75,13,0,2,0,2,3,2,0,0,1,1,1,0,0,185.42,193.04,170.0,0.25,0.5,0.38375,0.5575,0.1875,0.0,0.125,0.0,0.0,0.0,30.25,10.875,28.25,16.0,44.875,21.625,31.375,19.125,1.0,0.75,1.625,0.0,24.0,7.75,23.625,11.875,5.5,2.5,1.5,1.25,0.75,0.625,3.125,2.875,28.0,9.75,21.0,11.25,1.125,0.625,2.75,1.25,1.125,0.5,4.5,3.5,134.25,34.25,362.875,8,1,3,0,3,3,1,0,0,1,1,0,1,0,185.42,198.12,185.0,28.0,29.0,0,0,0,0,0,0,0,1,0,0,0,0,0,0,0,1,0,0,0,0,0,0,1,0
Red,False,0.0,0.5,0.445,0.41,0.415,0.115,0.5,0.5,0.0,0.0,65.0,29.5,72.5,30.5,123.5,82.0,92.5,48.5,6.5,3.0,9.0,2.0,54.5,22.0,61.5,22.0,3.5,1.5,7.0,5.0,7.0,6.0,4.0,3.5,46.5,16.5,50.5,14.0,8.0,5.5,7.0,5.0,10.5,7.5,15.0,11.5,380.5,257.5,900.0,6,0,1,0,1,1,1,0,0,0,1,0,0,0,172.72,175.26,155.0,0.0625,0.0,0.39375,0.420625,0.194375,0.6625,0.5625,1.0625,0.125,0.0,100.0,34.5625,80.6875,38.0625,121.0,54.3125,99.3125,55.625,5.5625,1.1875,1.75,1.5625,63.3125,15.5625,52.125,18.375,11.125,7.5625,15.5625,8.4375,25.5625,11.4375,13.0,11.25,77.0625,20.4375,75.1875,33.8125,5.875,5.3125,4.125,3.875,17.0625,8.8125,1.375,0.375,198.9375,218.25,1020.3125,13,1,4,0,4,4,1,0,0,0,1,2,1,0,172.72,180.34,145.0,30.0,32.0,0,0,1,0,0,0,0,0,0,0,0,0,0,0,0,1,0,0,0,0,1,0,0,0
Red,False,0.0,0.5,0.4649999999999999,0.54,0.7,0.75,0.5,0.0,0.0,0.0,63.5,28.5,48.0,22.0,87.5,49.0,75.5,48.0,3.0,1.5,1.5,1.0,53.5,22.5,40.5,17.0,6.5,3.0,5.0,3.0,3.5,3.0,2.5,2.0,45.5,16.0,28.0,9.5,10.0,6.5,4.5,3.5,8.0,6.0,15.5,9.0,292.0,99.5,543.5,4,0,2,0,2,2,0,0,0,0,1,0,1,0,182.88,190.5,170.0,0.25,0.5,0.4675,0.36,0.5,0.165,0.25,0.0,0.5,1.25,92.75,40.75,106.0,35.25,112.25,54.75,121.0,48.0,3.0,1.5,1.25,0.5,76.75,26.75,83.5,20.0,7.25,5.75,16.5,9.75,8.75,8.25,6.0,5.5,76.75,32.0,94.0,28.0,12.25,6.75,8.25,4.75,3.75,2.0,3.75,2.5,149.25,98.5,711.5,7,1,3,0,3,3,0,0,0,2,0,0,1,0,175.26,180.34,185.0,28.0,22.0,0,0,0,0,0,0,0,0,0,1,0,0,0,0,0,1,0,0,0,0,0,0,1,0
Red,False,0.015625,0.0,0.45,0.4275,0.25,0.2,0.148468017578125,0.098388671875,0.0,0.0,66.5,29.6875,64.31230545043945,27.34375,89.75,48.0,85.53125,44.41152191162109,2.0,0.75,2.0546875,0.75,51.1875,18.3359375,49.6123046875,16.280410766601562,7.5,5.07647705078125,7.5,5.0,4.5,3.625,4.984375,3.9375,48.6875,17.0,47.11572265625,16.5,5.75,3.75,5.3125,3.4375,5.0625,3.5,3.875,2.5,99.2119140625,94.125,638.5,0,0,0,0,0,0,0,0,0,0,0,0,0,0,195.58,193.04,260.0,0.0471682548522949,0.0,0.45,0.4217682266235352,0.25,0.19173828125,0.1875,0.125,0.0,0.0,69.5,30.5,66.984375,27.8466796875,94.0,48.544921875,88.50390625,44.75,2.0,0.8125,2.015625,0.6640625,54.0,19.01513671875,51.483436584472656,16.9437255859375,7.91796875,5.430633544921875,7.75,5.0625,4.780975341796875,3.9373779296875,4.8994140625,3.84375,51.025390625,18.400863647460938,50.515625,17.5,5.75,3.75,5.5,3.5,5.375,3.6875,4.0,2.65625,104.865234375,89.5,655.8441009521484,0,0,0,0,0,0,0,0,0,0,0,0,0,0,187.96,203.2,240.0,34.0,37.0,0,0,0,0,1,0,0,0,0,0,0,0,0,0,0,1,0,0,0,0,1,0,0,0
Red,False,0.0,1.0,0.3,0.36,0.0,0.66,0.0,0.0,0.0,0.0,225.0,69.0,200.0,72.0,225.0,69.0,202.0,74.0,1.0,0.0,3.0,2.0,195.0,45.0,175.0,51.0,18.0,17.0,14.0,11.0,12.0,7.0,11.0,10.0,224.0,69.0,193.0,67.0,0.0,0.0,2.0,2.0,1.0,0.0,5.0,3.0,0.0,71.0,900.0,3,0,0,1,0,0,1,0,0,0,0,0,0,0,190.5,198.12,185.0,0.0,0.5,0.5549999999999999,0.47,0.08,0.5,0.0,0.0,0.0,0.0,98.0,55.0,117.5,55.5,140.0,91.5,132.5,70.5,14.5,1.0,0.5,0.5,50.5,16.0,80.0,28.5,12.0,8.5,16.5,10.5,35.5,30.5,21.0,16.5,82.0,39.5,111.0,49.0,15.5,15.5,5.5,5.5,0.5,0.0,1.0,1.0,259.5,7.5,720.0,5,0,1,0,1,1,1,0,0,1,0,0,0,0,182.88,185.42,185.0,22.0,31.0,0,0,0,0,0,0,0,1,0,0,0,0,0,0,0,1,0,0,0,0,1,0,0,0
Red,False,0.015625,0.0,0.45,0.4275,0.25,0.2,0.148468017578125,0.098388671875,0.0,0.0,66.5,29.6875,64.31230545043945,27.34375,89.75,48.0,85.53125,44.41152191162109,2.0,0.75,2.0546875,0.75,51.1875,18.3359375,49.6123046875,16.280410766601562,7.5,5.07647705078125,7.5,5.0,4.5,3.625,4.984375,3.9375,48.6875,17.0,47.11572265625,16.5,5.75,3.75,5.3125,3.4375,5.0625,3.5,3.875,2.5,99.2119140625,94.125,638.5,0,0,0,0,0,0,0,0,0,0,0,0,0,0,172.72,172.72,125.0,0.0,0.0,0.44,0.57,0.62,0.5,2.0,0.0,1.0,1.0,27.0,12.0,80.0,46.0,37.0,21.0,144.0,107.0,8.0,5.0,4.0,2.0,21.0,9.0,43.0,14.0,5.0,3.0,33.0,28.0,1.0,0.0,4.0,4.0,14.0,5.0,39.0,12.0,7.0,2.0,27.0,22.0,6.0,5.0,14.0,12.0,360.0,323.0,900.0,3,0,0,1,0,0,1,0,0,0,0,0,0,0,162.56,160.02,135.0,30.0,20.0,0,0,0,1,0,0,0,0,0,0,0,0,0,0,0,1,0,0,0,0,1,0,0,0
Red,False,0.0,0.0,0.4,0.26,0.33,0.0,1.0,0.0,0.0,1.0,15.0,6.0,19.0,5.0,15.0,6.0,19.0,5.0,3.0,1.0,0.0,0.0,13.0,5.0,14.0,2.0,1.0,0.0,4.0,2.0,1.0,1.0,1.0,1.0,13.0,4.0,17.0,3.0,2.0,2.0,2.0,2.0,0.0,0.0,0.0,0.0,27.0,4.0,112.0,1,0,1,0,1,1,0,0,0,0,0,0,1,0,190.5,195.58,185.0,1.0,0.0,0.41,0.3149999999999999,0.5800000000000001,0.2075,0.0,0.0,0.0,0.0,150.25,59.25,140.5,43.0,158.75,67.5,144.75,46.25,2.0,1.25,3.75,1.25,129.25,42.75,121.75,28.25,11.75,8.75,10.75,9.75,9.25,7.75,8.0,5.0,134.75,48.0,137.75,42.0,7.25,5.25,2.25,1.0,8.25,6.0,0.5,0.0,117.5,72.5,808.25,8,0,3,0,3,3,0,0,0,0,1,1,0,1,187.96,195.58,205.0,26.0,27.0,0,0,0,0,0,0,0,1,0,0,0,0,0,0,0,1,0,0,0,0,1,0,0,0
Red,False,0.015625,0.0,0.45,0.4275,0.25,0.2,0.148468017578125,0.098388671875,0.0,0.0,66.5,29.6875,64.31230545043945,27.34375,89.75,48.0,85.53125,44.41152191162109,2.0,0.75,2.0546875,0.75,51.1875,18.3359375,49.6123046875,16.280410766601562,7.5,5.07647705078125,7.5,5.0,4.5,3.625,4.984375,3.9375,48.6875,17.0,47.11572265625,16.5,5.75,3.75,5.3125,3.4375,5.0625,3.5,3.875,2.5,99.2119140625,94.125,638.5,0,0,0,0,0,0,0,0,0,0,0,0,0,0,170.18,170.18,145.0,0.0471682548522949,0.0,0.45,0.4217682266235352,0.25,0.19173828125,0.1875,0.125,0.0,0.0,69.5,30.5,66.984375,27.8466796875,94.0,48.544921875,88.50390625,44.75,2.0,0.8125,2.015625,0.6640625,54.0,19.01513671875,51.483436584472656,16.9437255859375,7.91796875,5.430633544921875,7.75,5.0625,4.780975341796875,3.9373779296875,4.8994140625,3.84375,51.025390625,18.400863647460938,50.515625,17.5,5.75,3.75,5.5,3.5,5.375,3.6875,4.0,2.65625,104.865234375,89.5,655.8441009521484,0,0,0,0,0,0,0,0,0,0,0,0,0,0,180.34,185.42,170.0,26.0,19.0,0,0,0,0,0,0,1,0,0,0,0,0,0,0,0,1,0,0,0,0,1,0,0,0
Red,False,0.015625,0.0,0.45,0.4275,0.25,0.2,0.148468017578125,0.098388671875,0.0,0.0,66.5,29.6875,64.31230545043945,27.34375,89.75,48.0,85.53125,44.41152191162109,2.0,0.75,2.0546875,0.75,51.1875,18.3359375,49.6123046875,16.280410766601562,7.5,5.07647705078125,7.5,5.0,4.5,3.625,4.984375,3.9375,48.6875,17.0,47.11572265625,16.5,5.75,3.75,5.3125,3.4375,5.0625,3.5,3.875,2.5,99.2119140625,94.125,638.5,0,0,0,0,0,0,0,0,0,0,0,0,0,0,170.18,170.18,155.0,0.0,0.0,0.3725,0.438125,0.3875,0.538125,0.0,0.5625,0.0625,0.0,110.4375,40.625,67.3125,28.875,146.9375,71.875,84.125,44.75,6.9375,2.75,6.25,2.5,84.875,23.125,46.5,14.75,16.125,10.8125,14.3125,7.875,9.4375,6.6875,6.5,6.25,92.5,28.0,50.375,17.25,14.9375,11.125,8.5,6.0625,3.0,1.5,8.4375,5.5625,238.4375,151.6875,855.8125,13,0,1,0,2,3,2,0,0,0,3,0,0,0,190.5,203.2,170.0,23.0,26.0,0,0,0,0,0,0,0,0,0,1,0,0,0,0,0,1,0,0,0,0,1,0,0,0
Blue,False,0.0,1.0,0.485,0.455,0.55,0.0,0.0,0.0,0.0,0.0,78.0,33.5,43.0,14.0,150.5,98.5,61.0,30.0,3.5,2.0,0.5,0.0,61.5,20.0,31.5,6.5,14.0,11.5,11.0,7.0,2.5,2.0,0.5,0.5,51.0,14.5,41.0,12.5,1.0,0.0,0.5,0.5,26.0,19.0,1.5,1.0,507.5,4.5,900.0,6,0,2,0,2,2,0,0,0,0,2,0,0,0,187.96,190.5,265.0,0.0,0.0,0.72375,0.22125,1.0,0.025,0.0,1.25,0.0,0.5,16.875,11.75,25.125,12.375,40.125,34.0,46.625,33.125,1.375,1.375,0.75,0.125,13.625,9.0,20.375,9.5,2.25,1.75,2.375,2.125,1.0,1.0,2.375,0.75,3.875,1.375,14.25,4.5,4.0,2.875,10.75,7.875,9.0,7.5,0.125,0.0,172.375,45.25,289.5,8,0,0,1,3,3,1,0,0,0,0,3,0,0,193.04,205.74,265.0,27.0,36.0,0,0,0,0,1,0,0,0,0,0,0,0,0,0,0,1,0,0,0,0,1,0,0,0
Red,False,0.015625,0.0,0.45,0.4275,0.25,0.2,0.148468017578125,0.098388671875,0.0,0.0,66.5,29.6875,64.31230545043945,27.34375,89.75,48.0,85.53125,44.41152191162109,2.0,0.75,2.0546875,0.75,51.1875,18.3359375,49.6123046875,16.280410766601562,7.5,5.07647705078125,7.5,5.0,4.5,3.625,4.984375,3.9375,48.6875,17.0,47.11572265625,16.5,5.75,3.75,5.3125,3.4375,5.0625,3.5,3.875,2.5,99.2119140625,94.125,638.5,0,0,0,0,0,0,0,0,0,0,0,0,0,0,162.56,162.56,125.0,0.0,0.0,0.28,0.72,0.0,0.66,0.0,0.0,0.0,0.0,7.0,2.0,37.0,27.0,24.0,19.0,59.0,47.0,0.0,0.0,3.0,2.0,5.0,1.0,31.0,22.0,1.0,0.0,5.0,5.0,1.0,1.0,1.0,0.0,7.0,2.0,9.0,5.0,0.0,0.0,5.0,3.0,0.0,0.0,23.0,19.0,0.0,246.0,283.0,1,0,0,1,0,0,1,0,0,0,0,0,0,0,167.64,175.26,125.0,23.0,31.0,0,0,0,1,0,0,0,0,0,0,0,0,0,0,0,1,0,0,0,0,1,0,0,0
Blue,False,0.0146484375,0.751251220703125,0.4673995971679688,0.4238629150390625,0.174691162109375,0.0641629028320312,0.192138671875,0.28759765625,0.015716552734375,0.00048828125,26.3641357421875,13.383392333984377,28.63214111328125,11.789093017578123,31.44635009765625,17.899658203125,37.6527099609375,20.260955810546875,0.673004150390625,0.576995849609375,1.441864013671875,0.40704345703125,19.24887084960937,8.086212158203125,26.387939453125,9.894744873046877,1.947509765625,1.453857421875,1.120452880859375,0.912200927734375,5.167755126953125,3.84332275390625,1.123748779296875,0.982147216796875,20.727508544921875,9.148651123046877,22.18206787109375,7.821502685546875,1.572967529296875,1.312744140625,3.26214599609375,1.441009521484375,4.06365966796875,2.9219970703125,3.18792724609375,2.526580810546875,68.624267578125,45.91748046875,293.0538330078125,34,1,4,0,4,10,6,0,0,0,4,4,2,0,182.88,187.96,185.0,0.078125,0.640625,0.3159375,0.61453125,0.076484375,0.1640625,0.0078125,0.265625,0.0,0.0,35.78125,17.234375,36.2890625,16.5390625,52.140625,31.390625,45.1328125,24.3984375,1.296875,0.484375,0.96875,0.3359375,27.1484375,11.6171875,30.46875,11.28125,5.109375,2.59375,2.4453125,2.0703125,3.5234375,3.0234375,3.375,3.1875,24.765625,9.6015625,28.0234375,10.265625,3.3515625,2.359375,1.8515625,1.765625,7.6640625,5.2734375,6.4140625,4.5078125,69.7578125,79.4375,252.8671875,14,0,1,0,4,5,3,0,0,0,2,3,0,0,187.96,190.5,185.0,35.0,32.0,0,0,0,0,0,0,0,1,0,0,0,0,0,0,0,1,0,0,0,0,1,0,0,0
Blue,False,0.0078125,0.125,0.44525390625,0.45017578125,0.3143359375,0.389296875,1.404296875,0.0859375,0.015625,0.0,61.255859375,25.0546875,69.75,34.232421875,85.74609375,48.505859375,85.427734375,49.12890625,5.443359375,1.73046875,2.4375,1.083984375,45.603515625,13.537109375,55.7109375,23.8125,11.830078125,8.525390625,11.33984375,8.322265625,3.822265625,2.9921875,2.69921875,2.09765625,46.041015625,14.16015625,55.025390625,24.138671875,9.755859375,6.3515625,5.927734375,3.8359375,5.458984375,4.54296875,8.796875,6.2578125,196.46875,216.90625,665.109375,18,0,2,0,2,5,5,0,0,0,0,0,5,0,177.8,187.96,155.0,0.0,0.5,0.383125,0.3175,0.6512500000000001,0.19375,1.1875,0.78125,0.28125,0.0625,80.4375,31.28125,102.75,32.90625,118.03125,63.03125,142.1875,67.65625,3.9375,2.625,2.625,0.9375,53.34375,15.40625,75.78125,19.625,23.875,13.40625,16.6875,8.46875,3.21875,2.46875,10.28125,4.8125,70.75,24.8125,80.84375,21.21875,6.625,3.6875,10.40625,5.625,3.0625,2.78125,11.5,6.0625,248.8125,229.25,900.0,18,0,2,0,2,3,3,0,0,1,2,0,0,0,180.34,185.42,145.0,24.0,30.0,0,0,1,0,0,0,0,0,0,0,0,0,0,0,0,1,0,0,0,0,1,0,0,0
Blue,False,0.0,0.0,0.12,0.64,0.0,1.0,0.0,0.0,0.0,0.0,32.0,4.0,75.0,48.0,72.0,44.0,161.0,131.0,1.0,0.0,4.0,4.0,27.0,3.0,43.0,24.0,5.0,1.0,26.0,22.0,0.0,0.0,6.0,2.0,29.0,2.0,26.0,9.0,3.0,2.0,9.0,9.0,0.0,0.0,40.0,30.0,2.0,640.0,900.0,3,0,0,1,0,0,1,0,0,0,0,0,0,0,180.34,185.42,170.0,0.0,0.0,0.24,0.58,0.0,0.55,2.0,0.0,0.0,0.0,49.0,12.0,122.0,71.0,65.0,27.0,212.0,153.0,1.0,0.0,9.0,5.0,32.0,3.0,93.0,50.0,5.0,1.0,20.0,15.0,12.0,8.0,9.0,6.0,39.0,9.0,52.0,16.0,10.0,3.0,53.0,39.0,0.0,0.0,17.0,16.0,78.0,623.0,900.0,3,0,0,1,0,0,1,0,0,0,0,0,0,0,177.8,177.8,170.0,37.0,27.0,0,0,0,0,0,0,0,0,0,1,0,0,0,0,0,1,0,0,0,0,1,0,0,0
Red,False,0.0,0.0,0.48,0.34,0.5,0.14,1.0,0.0,0.0,0.0,105.0,51.0,177.0,61.0,112.0,57.0,200.0,81.0,4.0,2.0,14.0,2.0,71.0,26.0,128.0,29.0,18.0,9.0,20.0,10.0,16.0,16.0,29.0,22.0,95.0,46.0,165.0,53.0,10.0,5.0,11.0,8.0,0.0,0.0,1.0,0.0,152.0,101.0,900.0,3,0,0,1,0,0,1,0,0,0,0,0,0,0,185.42,187.96,170.0,0.375,0.625,0.31375,0.39,0.125,0.055,0.0,0.125,0.0,0.0,118.375,38.5,149.0,52.0,119.5,39.625,157.0,58.625,0.125,0.125,3.375,0.375,112.875,35.125,110.0,30.125,3.875,1.875,27.125,13.5,1.625,1.5,11.875,8.375,109.125,33.25,135.75,42.0,7.5,4.25,9.0,6.25,1.75,1.0,4.25,3.75,4.5,44.25,529.125,10,1,2,0,2,2,2,0,0,0,1,1,0,0,182.88,185.42,185.0,24.0,23.0,0,0,0,0,0,0,0,0,0,1,0,0,0,0,0,1,0,0,0,0,1,0,0,0
Red,False,0.015625,0.0,0.45,0.4275,0.25,0.2,0.148468017578125,0.098388671875,0.0,0.0,66.5,29.6875,64.31230545043945,27.34375,89.75,48.0,85.53125,44.41152191162109,2.0,0.75,2.0546875,0.75,51.1875,18.3359375,49.6123046875,16.280410766601562,7.5,5.07647705078125,7.5,5.0,4.5,3.625,4.984375,3.9375,48.6875,17.0,47.11572265625,16.5,5.75,3.75,5.3125,3.4375,5.0625,3.5,3.875,2.5,99.2119140625,94.125,638.5,0,0,0,0,0,0,0,0,0,0,0,0,0,0,165.1,165.1,135.0,0.0471682548522949,0.0,0.45,0.4217682266235352,0.25,0.19173828125,0.1875,0.125,0.0,0.0,69.5,30.5,66.984375,27.8466796875,94.0,48.544921875,88.50390625,44.75,2.0,0.8125,2.015625,0.6640625,54.0,19.01513671875,51.483436584472656,16.9437255859375,7.91796875,5.430633544921875,7.75,5.0625,4.780975341796875,3.9373779296875,4.8994140625,3.84375,51.025390625,18.400863647460938,50.515625,17.5,5.75,3.75,5.5,3.5,5.375,3.6875,4.0,2.65625,104.865234375,89.5,655.8441009521484,0,0,0,0,0,0,0,0,0,0,0,0,0,0,182.88,190.5,155.0,27.0,24.0,0,0,1,0,0,0,0,0,0,0,0,0,0,0,0,1,0,0,0,0,0,0,0,1
Red,False,0.0,1.0,0.6,0.62,0.0,1.0,0.0,0.0,0.0,0.0,25.0,15.0,32.0,20.0,56.0,41.0,44.0,29.0,1.0,0.0,1.0,1.0,13.0,6.0,22.0,12.0,11.0,9.0,10.0,8.0,1.0,0.0,0.0,0.0,14.0,5.0,16.0,7.0,11.0,10.0,13.0,10.0,0.0,0.0,3.0,3.0,163.0,37.0,267.0,1,0,0,1,0,0,1,0,0,0,0,0,0,0,185.42,187.96,205.0,0.25,0.0,0.445,0.5775,0.375,0.0,0.0,0.0,0.0,0.0,79.0,34.25,152.0,90.5,92.5,46.0,165.5,103.0,7.25,1.75,0.75,0.0,54.75,16.0,118.75,67.25,6.0,2.5,29.25,20.0,18.25,15.75,4.0,3.25,62.75,22.75,145.0,85.25,7.25,4.5,6.0,4.75,9.0,7.0,1.0,0.5,204.0,25.0,703.75,8,0,0,1,1,1,2,0,0,0,0,1,0,0,190.5,193.04,230.0,30.0,28.0,0,0,0,0,0,1,0,0,0,0,0,0,0,0,0,1,0,0,0,0,1,0,0,0
Red,False,1.125,0.0,0.56375,0.28,0.5,0.0,0.0,0.5,0.0,0.0,37.5,21.875,51.875,18.0,58.375,42.75,79.875,44.25,1.5,1.5,2.25,0.0,26.375,12.5,30.5,4.0,8.5,7.375,13.0,8.125,2.625,2.0,8.375,5.875,21.5,9.75,39.125,9.625,10.625,8.75,12.75,8.375,5.375,3.375,0.0,0.0,130.75,47.25,396.5,7,0,1,0,2,3,1,0,0,0,0,3,0,0,175.26,187.96,170.0,0.0,0.25,0.3808984374999999,0.3747265625,0.2263671875,0.0940625,0.2890625,0.00390625,0.00390625,0.25390625,164.54296875,62.06640625,105.359375,41.1171875,168.6171875,66.04296875,132.01171875,65.68359375,1.99609375,1.19921875,11.63671875,1.15625,142.9140625,47.76953125,88.05859375,28.33203125,19.7890625,12.81640625,8.0078125,5.34765625,1.83984375,1.48046875,9.29296875,7.4375,151.58203125,56.48828125,85.1484375,26.77734375,3.3515625,1.21875,2.8828125,1.33984375,9.609375,4.359375,17.328125,13.0,75.875,200.73828125,872.71875,22,0,1,0,5,7,2,0,0,0,4,2,1,0,182.88,193.04,170.0,32.0,24.0,0,0,0,0,0,0,0,0,0,1,0,0,0,0,0,1,0,0,0,0,1,0,0,0
Red,True,0.5,0.0,0.4725,0.4674999999999999,0.4625,0.125,0.75,1.25,0.0,0.0,100.5,44.75,78.25,32.25,123.5,65.25,104.5,55.25,8.25,4.0,1.0,0.5,84.5,30.75,51.75,12.5,13.25,11.5,17.75,13.5,2.75,2.5,8.75,6.25,65.5,22.0,60.25,18.5,12.75,8.75,11.0,8.0,22.25,14.0,7.0,5.75,290.5,67.25,877.0,9,0,3,0,3,3,0,0,0,0,2,1,0,0,162.56,165.1,125.0,0.53125,0.125,0.5518359374999999,0.2575,0.3380468749999999,0.095,0.75,0.14453125,0.01953125,0.0078125,80.29296875,45.61328125,75.265625,23.1796875,105.46875,67.66796875,88.11328125,34.125,6.4375,4.06640625,2.83203125,0.546875,45.703125,19.76171875,54.49609375,9.55859375,17.27734375,13.1484375,13.34765625,7.71875,17.3125,12.703125,7.421875,5.90234375,49.125,19.8828125,62.16796875,14.79296875,18.40625,14.78125,10.03125,6.453125,12.76171875,10.94921875,3.06640625,1.93359375,265.71875,77.6796875,761.9375,33,5,2,0,5,7,2,0,0,1,4,1,1,0,160.02,167.64,125.0,29.0,27.0,0,0,0,1,0,0,0,0,0,0,0,0,0,0,0,1,0,0,0,0,1,0,0,0
Red,False,0.5,0.5,0.575,0.525,0.0,0.0,0.0,0.0,0.0,0.0,41.0,20.0,45.5,23.0,42.0,21.0,46.5,24.0,0.0,0.0,0.5,0.0,35.0,15.5,34.0,14.5,4.5,3.0,4.0,2.0,1.5,1.5,7.5,6.5,33.5,13.0,41.0,19.5,6.5,6.0,3.5,2.5,1.0,1.0,1.0,1.0,1.5,26.5,173.5,2,0,0,1,1,1,1,0,0,0,0,1,0,0,185.42,187.96,205.0,0.142822265625,0.3203125,0.5527978515625,0.3263330078124999,0.51521728515625,0.07421875,0.37548828125,0.02001953125,0.0,0.0,63.54345703125,40.571044921875,29.040771484375,10.037841796875,110.7080078125,86.61865234375,32.195068359375,13.18798828125,2.082763671875,1.640380859375,2.1328125,0.2890625,57.2197265625,35.68603515625,25.947998046875,7.125244140625,4.4990234375,3.365478515625,1.19873046875,1.057861328125,1.82470703125,1.51953125,1.89404296875,1.854736328125,22.99267578125,8.413818359375,25.334228515625,7.13818359375,5.203369140625,3.838623046875,0.4521484375,0.4462890625,35.347412109375,28.318603515625,3.25439453125,2.453369140625,394.7880859375,16.441162109375,560.08544921875,27,1,5,0,5,9,4,0,0,0,5,3,1,0,187.96,187.96,205.0,34.0,31.0,0,0,0,0,0,1,0,0,0,0,0,0,0,0,0,1,0,0,0,0,1,0,0,0
Red,False,0.05859375,0.19140625,0.48421875,0.5979296875,0.670625,0.251953125,0.75,0.015625,0.25,0.0,33.8125,15.61328125,25.94921875,15.71875,55.97265625,32.5859375,67.453125,50.31640625,2.765625,1.875,0.421875,0.25390625,31.078125,13.78515625,18.20703125,8.7421875,2.015625,1.734375,4.171875,3.75,0.71875,0.09375,3.5703125,3.2265625,24.62109375,9.4921875,13.7421875,5.77734375,3.578125,2.5703125,6.23046875,5.21875,5.61328125,3.55078125,5.9765625,4.72265625,222.45703125,18.8203125,409.9609375,15,1,0,1,4,6,3,0,0,0,2,3,1,0,193.04,198.12,245.0,0.30517578125,0.031494140625,0.404052734375,0.28307861328125,0.5001220703125,0.070030517578125,0.133056640625,0.2501220703125,0.0,0.0001220703125,61.10400390625,19.7784423828125,43.4564208984375,14.3046875,91.1234130859375,44.0771484375,64.8511962890625,31.699462890625,0.562744140625,0.5001220703125,8.3897705078125,1.000244140625,43.25390625,9.8333740234375,38.614990234375,9.9700927734375,3.427001953125,1.106689453125,2.0640869140625,1.6881103515625,14.423095703125,8.83837890625,2.77734375,2.646484375,49.6395263671875,13.1214599609375,38.05712890625,10.2977294921875,3.0435791015625,1.504638671875,4.2073974609375,2.8160400390625,8.4208984375,5.15234375,1.19189453125,1.19091796875,79.5277099609375,163.8702392578125,630.23876953125,26,5,1,0,6,10,4,0,0,0,1,7,2,0,190.5,195.58,240.0,31.0,35.0,0,0,0,0,1,0,0,0,0,0,0,0,0,0,0,1,0,0,0,0,1,0,0,0
Red,False,0.75,0.0,0.6756249999999999,0.54125,0.5625,0.025,0.0,0.125,0.0,0.0,43.25,29.375,40.5,24.0625,59.4375,42.875,65.5625,45.4375,1.125,0.625,2.3125,0.125,25.9375,13.875,21.1875,8.125,9.6875,8.1875,9.5625,7.5625,7.625,7.3125,9.75,8.375,21.25,10.9375,22.125,8.6875,15.9375,13.6875,15.3125,13.25,6.0625,4.75,3.0625,2.125,168.4375,137.375,447.9375,10,0,1,0,1,3,2,0,0,0,1,2,0,0,185.42,185.42,205.0,0.0,0.0,0.7725,0.43,0.5,0.0,0.5,0.0,0.0,0.0,24.25,13.75,18.25,10.0,27.25,16.75,22.0,13.75,1.0,0.5,1.75,0.0,19.0,9.75,5.0,1.75,2.25,1.75,4.5,2.75,3.0,2.25,8.75,5.5,21.75,11.75,14.25,7.0,0.75,0.5,4.0,3.0,1.75,1.5,0.0,0.0,43.5,36.0,234.5,5,0,3,0,3,3,0,0,1,0,0,1,1,0,190.5,203.2,205.0,32.0,31.0,0,0,0,0,0,1,0,0,0,0,0,0,0,0,0,1,0,0,0,0,0,0,1,0
Red,False,0.015625,0.0,0.45,0.4275,0.25,0.2,0.148468017578125,0.098388671875,0.0,0.0,66.5,29.6875,64.31230545043945,27.34375,89.75,48.0,85.53125,44.41152191162109,2.0,0.75,2.0546875,0.75,51.1875,18.3359375,49.6123046875,16.280410766601562,7.5,5.07647705078125,7.5,5.0,4.5,3.625,4.984375,3.9375,48.6875,17.0,47.11572265625,16.5,5.75,3.75,5.3125,3.4375,5.0625,3.5,3.875,2.5,99.2119140625,94.125,638.5,0,0,0,0,0,0,0,0,0,0,0,0,0,0,167.64,165.1,135.0,0.0471682548522949,0.0,0.45,0.4217682266235352,0.25,0.19173828125,0.1875,0.125,0.0,0.0,69.5,30.5,66.984375,27.8466796875,94.0,48.544921875,88.50390625,44.75,2.0,0.8125,2.015625,0.6640625,54.0,19.01513671875,51.483436584472656,16.9437255859375,7.91796875,5.430633544921875,7.75,5.0625,4.780975341796875,3.9373779296875,4.8994140625,3.84375,51.025390625,18.400863647460938,50.515625,17.5,5.75,3.75,5.5,3.5,5.375,3.6875,4.0,2.65625,104.865234375,89.5,655.8441009521484,0,0,0,0,0,0,0,0,0,0,0,0,0,0,170.18,172.72,115.0,27.0,31.0,0,0,0,0,0,0,0,0,0,0,1,0,0,0,0,1,0,0,0,0,1,0,0,0
Red,False,0.03125,0.0,0.3865625,0.41375,0.1340625,0.3425,0.0,0.0,0.0,0.25,131.5625,51.0,203.625,87.78125,143.25,60.875,225.65625,106.5625,3.59375,0.84375,5.25,2.0,90.90625,21.25,162.71875,53.25,21.375,12.75,19.0625,14.25,19.28125,17.0,21.84375,20.28125,114.1875,39.15625,156.46875,58.96875,16.375,11.40625,38.65625,23.8125,1.0,0.4375,8.5,5.0,46.625,242.09375,890.375,17,0,3,0,3,3,3,0,1,0,1,1,0,0,167.64,177.8,135.0,0.0625,0.625,0.4326562500000001,0.4821875,0.26546875,0.1315625,0.0,1.84375,0.765625,0.3125,79.734375,29.734375,90.1875,36.015625,94.25,40.625,105.328125,48.46875,0.53125,0.34375,1.46875,0.296875,59.953125,18.046875,75.765625,26.125,14.328125,7.078125,9.828125,6.421875,5.453125,4.609375,4.59375,3.46875,72.546875,24.4375,58.78125,16.65625,1.796875,1.09375,4.265625,3.546875,5.390625,4.203125,27.140625,15.8125,145.015625,115.078125,633.171875,16,0,0,1,3,4,3,0,0,3,1,0,0,0,170.18,172.72,135.0,30.0,35.0,1,0,0,0,0,0,0,0,0,0,0,0,0,0,0,0,0,1,0,0,1,0,0,0
Blue,False,0.0,0.0,0.52,0.55,0.0,0.0,0.0,0.0,0.0,0.0,23.0,12.0,18.0,10.0,23.0,12.0,25.0,17.0,3.0,0.0,0.0,0.0,19.0,9.0,13.0,5.0,0.0,0.0,4.0,4.0,4.0,3.0,1.0,1.0,18.0,7.0,17.0,9.0,5.0,5.0,1.0,1.0,0.0,0.0,0.0,0.0,57.0,0.0,177.0,1,0,1,0,1,1,0,0,0,0,0,0,0,0,177.8,180.34,170.0,0.25,0.0,0.55,0.3375,0.25,0.4575,0.25,0.0,0.0,0.25,48.75,22.0,64.5,24.0,57.5,30.5,93.75,47.5,4.25,0.25,3.5,2.0,36.25,13.25,55.0,17.5,8.0,4.75,6.75,3.75,4.5,4.0,2.75,2.75,45.5,20.25,55.25,18.75,3.0,1.5,2.75,1.0,0.25,0.25,6.5,4.25,105.25,295.5,710.0,7,0,0,1,1,1,2,0,0,0,0,0,1,0,175.26,185.42,185.0,33.0,31.0,0,0,0,0,0,0,0,0,0,1,0,0,0,0,0,1,0,0,0,0,1,0,0,0
Blue,False,0.015625,0.0,0.45,0.4275,0.25,0.2,0.148468017578125,0.098388671875,0.0,0.0,66.5,29.6875,64.31230545043945,27.34375,89.75,48.0,85.53125,44.41152191162109,2.0,0.75,2.0546875,0.75,51.1875,18.3359375,49.6123046875,16.280410766601562,7.5,5.07647705078125,7.5,5.0,4.5,3.625,4.984375,3.9375,48.6875,17.0,47.11572265625,16.5,5.75,3.75,5.3125,3.4375,5.0625,3.5,3.875,2.5,99.2119140625,94.125,638.5,0,0,0,0,0,0,0,0,0,0,0,0,0,0,165.1,170.18,135.0,0.5625,0.125,0.4325,0.594375,0.2275,0.0625,1.25,0.5,0.5625,1.5625,82.1875,34.875,119.4375,73.625,112.5,61.125,133.25,85.1875,8.0,2.1875,0.125,0.0625,62.0625,21.125,104.375,58.875,15.875,10.375,5.625,5.4375,4.25,3.375,9.4375,9.3125,69.25,24.3125,95.6875,57.9375,2.875,2.8125,7.25,5.6875,10.0625,7.75,16.5,10.0,200.125,212.3125,764.9375,11,0,2,0,2,3,2,0,0,0,1,0,2,0,175.26,180.34,135.0,23.0,30.0,1,0,0,0,0,0,0,0,0,0,0,0,0,0,0,1,0,0,0,0,1,0,0,0
Red,False,0.015625,0.0,0.45,0.4275,0.25,0.2,0.148468017578125,0.098388671875,0.0,0.0,66.5,29.6875,64.31230545043945,27.34375,89.75,48.0,85.53125,44.41152191162109,2.0,0.75,2.0546875,0.75,51.1875,18.3359375,49.6123046875,16.280410766601562,7.5,5.07647705078125,7.5,5.0,4.5,3.625,4.984375,3.9375,48.6875,17.0,47.11572265625,16.5,5.75,3.75,5.3125,3.4375,5.0625,3.5,3.875,2.5,99.2119140625,94.125,638.5,0,0,0,0,0,0,0,0,0,0,0,0,0,0,185.42,185.42,155.0,0.0471682548522949,0.0,0.45,0.4217682266235352,0.25,0.19173828125,0.1875,0.125,0.0,0.0,69.5,30.5,66.984375,27.8466796875,94.0,48.544921875,88.50390625,44.75,2.0,0.8125,2.015625,0.6640625,54.0,19.01513671875,51.483436584472656,16.9437255859375,7.91796875,5.430633544921875,7.75,5.0625,4.780975341796875,3.9373779296875,4.8994140625,3.84375,51.025390625,18.400863647460938,50.515625,17.5,5.75,3.75,5.5,3.5,5.375,3.6875,4.0,2.65625,104.865234375,89.5,655.8441009521484,0,0,0,0,0,0,0,0,0,0,0,0,0,0,180.34,180.34,155.0,24.0,28.0,0,0,0,0,0,0,1,0,0,0,0,0,0,0,0,1,0,0,0,0,1,0,0,0
Blue,False,0.0,0.0,0.39,0.37,0.0,0.71,0.0,0.0,0.0,0.0,66.0,26.0,87.0,33.0,71.0,31.0,107.0,48.0,1.0,0.0,7.0,5.0,56.0,19.0,52.0,10.0,6.0,4.0,19.0,10.0,4.0,3.0,16.0,13.0,57.0,20.0,67.0,22.0,5.0,2.0,13.0,7.0,4.0,4.0,7.0,4.0,8.0,229.0,900.0,3,0,0,1,0,0,1,0,0,0,0,0,0,0,175.26,180.34,155.0,0.0471682548522949,0.0,0.45,0.4217682266235352,0.25,0.19173828125,0.1875,0.125,0.0,0.0,69.5,30.5,66.984375,27.8466796875,94.0,48.544921875,88.50390625,44.75,2.0,0.8125,2.015625,0.6640625,54.0,19.01513671875,51.483436584472656,16.9437255859375,7.91796875,5.430633544921875,7.75,5.0625,4.780975341796875,3.9373779296875,4.8994140625,3.84375,51.025390625,18.400863647460938,50.515625,17.5,5.75,3.75,5.5,3.5,5.375,3.6875,4.0,2.65625,104.865234375,89.5,655.8441009521484,0,0,0,0,0,0,0,0,0,0,0,0,0,0,180.34,190.5,155.0,31.0,30.0,0,0,0,0,0,0,1,0,0,0,0,0,0,0,0,0,0,0,1,0,1,0,0,0
Red,False,0.125,0.0,0.44,0.47,0.175,0.4125,0.625,0.75,0.0,0.0,83.625,37.0,85.875,41.125,108.875,59.125,114.875,65.125,2.5,0.5,8.875,4.125,57.375,19.125,57.375,19.25,16.25,9.375,13.875,9.375,10.0,8.5,14.625,12.5,59.75,19.125,53.5,18.125,14.25,9.25,14.625,9.5,9.625,8.625,17.75,13.5,96.875,426.375,917.875,12,1,2,0,2,3,1,0,0,1,0,1,1,0,167.64,167.64,125.0,1.5625,0.0,0.410625,0.32,0.09375,0.0825,0.0,0.0,0.0,0.0,97.5625,37.8125,100.25,42.9375,102.1875,42.4375,114.375,56.5625,2.0,0.375,5.1875,1.25,75.6875,22.5,71.3125,26.0,15.5625,10.8125,13.625,8.125,6.3125,4.5,15.3125,8.8125,83.0,26.0625,76.125,23.1875,11.875,9.125,22.875,19.0,2.6875,2.625,1.25,0.75,52.1875,86.375,636.75,12,2,3,0,3,4,1,0,0,0,1,3,0,0,160.02,167.64,135.0,30.0,29.0,0,0,0,1,0,0,0,0,0,0,0,0,0,0,0,1,0,0,0,0,1,0,0,0
Red,False,0.5,0.0,0.3725,0.255,0.4325,0.25,0.5,0.0,0.0,0.0,59.0,20.0,52.0,20.0,69.75,30.75,57.25,24.75,7.0,2.5,1.0,0.5,50.75,17.0,33.25,6.25,7.5,2.75,11.5,8.25,0.75,0.25,7.25,5.5,51.25,14.25,39.0,12.0,3.5,2.5,10.0,7.5,4.25,3.25,3.0,0.5,112.25,43.5,521.75,5,0,3,0,3,3,0,0,0,0,1,1,0,1,172.72,185.42,155.0,0.0703125,0.03125,0.5326953125,0.3712890625,0.5658984375,0.32484375,0.5859375,0.5,0.0,0.00390625,93.671875,46.14453125,71.3359375,22.30859375,144.69140625,91.80078125,87.21484375,35.8984375,4.14453125,2.5703125,6.48828125,2.296875,56.484375,17.3828125,48.015625,7.265625,21.0859375,16.71875,15.421875,9.125,16.1015625,12.04296875,7.8984375,5.91796875,70.26953125,29.10546875,58.68359375,16.7109375,14.75,11.43359375,9.57421875,5.31640625,8.65234375,5.60546875,3.078125,0.28125,279.890625,255.125,1185.875,35,5,7,0,7,8,1,0,0,3,5,0,0,0,175.26,177.8,170.0,27.0,30.0,0,0,0,0,0,0,1,0,0,0,0,0,0,0,0,1,0,0,0,0,0,0,1,0
Blue,False,0.0,0.5,0.425,0.47,0.665,0.25,0.5,0.0,0.0,0.0,131.5,54.0,120.0,53.5,158.0,76.5,123.0,55.5,5.5,2.5,6.0,1.5,102.5,36.0,97.5,36.5,18.0,11.5,17.0,11.5,11.0,6.5,5.5,5.5,119.5,43.5,113.5,48.5,5.0,4.5,4.0,2.5,7.0,6.0,2.5,2.5,85.5,138.0,715.0,5,0,1,0,1,1,1,0,0,0,0,0,1,0,175.26,180.34,155.0,0.0950775146484375,0.5078125,0.4532568359375,0.3267506027221679,0.0473573303222656,0.0328179550170898,0.0080451965332031,0.0368804931640625,0.0001602172851562,0.0001945495605468,73.45327377319336,31.693626403808597,108.60284042358398,35.79907989501953,75.96316909790039,33.10495376586914,116.84626007080078,42.84611511230469,0.5500526428222656,0.1352577209472656,0.4461135864257812,0.0430831909179687,49.64937973022461,13.866527557373049,80.83933639526367,18.348819732666016,12.444686889648438,7.536708831787109,22.371063232421875,13.873207092285156,11.359207153320312,10.290390014648438,5.3924407958984375,3.57705307006836,69.27646255493164,29.139911651611328,101.08812713623048,30.94478988647461,3.7183570861816406,2.165363311767578,5.948577880859375,3.314979553222656,0.4584541320800781,0.3883514404296875,1.5661354064941406,1.5393104553222656,24.529216766357425,21.05618667602539,470.408821105957,42,0,0,2,6,10,9,0,0,1,2,5,2,0,175.26,185.42,155.0,26.0,37.0,0,0,0,0,0,0,1,0,0,0,0,0,0,0,0,1,0,0,0,0,0,0,1,0
Red,False,0.5,0.08203125,0.417841796875,0.339794921875,0.318359375,0.0695703125,0.0,0.00390625,0.001953125,0.001953125,43.0048828125,20.4853515625,61.5791015625,21.5419921875,51.0888671875,27.830078125,64.2392578125,23.8515625,0.9306640625,0.494140625,3.677734375,0.484375,34.134765625,13.0888671875,46.439453125,13.3310546875,5.736328125,4.93359375,8.43359375,5.04296875,3.1337890625,2.462890625,6.7060546875,3.16796875,37.064453125,16.1494140625,51.07421875,14.8203125,3.5029296875,3.0078125,9.9404296875,6.4267578125,2.4375,1.328125,0.564453125,0.294921875,20.171875,72.20703125,358.517578125,27,1,3,0,3,7,4,0,0,0,4,2,0,1,172.72,175.26,155.0,0.25299072265625,0.1015625,0.2766218948364258,0.4001714324951172,0.0982297897338867,0.7716876220703125,1.632955551147461,0.0639762878417968,0.0001983642578125,0.0009803771972656,125.48834037780762,35.756025314331055,161.76926040649414,65.01425743103027,135.21103858947754,44.68919372558594,169.70349311828613,71.40701293945312,2.962535858154297,0.5738105773925781,2.332141876220703,1.895591735839844,95.2975616455078,18.906726837158203,142.12836265563965,50.52293395996094,23.075544357299805,12.562677383422852,11.794322967529297,8.34347915649414,7.115234375,4.28662109375,7.846574783325195,6.147844314575195,119.63502883911131,32.05330467224121,150.8297939300537,57.79609298706055,3.836151123046875,2.4215240478515625,6.406972885131836,4.2154541015625,2.017160415649414,1.2811965942382812,4.532493591308594,3.0027103424072266,57.98671531677246,114.10614585876463,901.5820636749268,55,2,6,0,6,13,7,0,0,2,6,5,0,0,177.8,182.88,170.0,29.0,32.0,0,0,0,0,0,0,1,0,0,0,0,0,0,0,0,1,0,0,0,0,0,0,1,0
Blue,False,0.5,0.0,0.5075,0.4425,0.1875,0.3,0.0,0.0,0.25,0.0,132.5,64.0,109.75,49.75,184.75,112.0,161.5,92.5,3.0,1.0,3.75,1.25,97.5,36.25,89.5,32.75,21.5,17.75,15.75,13.75,13.5,10.0,4.5,3.25,107.25,44.25,89.25,35.5,9.5,7.5,8.75,7.0,15.75,12.25,11.75,7.25,193.0,247.0,900.0,9,0,1,0,1,1,2,0,0,0,1,0,0,0,180.34,182.88,170.0,0.0,0.25,0.3,0.5974999999999999,0.2,0.5,0.0,0.0,0.0,0.0,174.25,53.75,150.25,91.5,202.75,77.0,158.25,98.75,2.25,1.0,4.75,1.75,150.0,36.75,118.5,63.5,12.0,8.0,17.75,14.5,12.25,9.0,14.0,13.5,142.75,35.25,118.0,66.5,25.25,14.75,30.0,23.75,6.25,3.75,2.25,1.25,85.75,107.75,756.0,8,0,0,3,0,0,3,0,0,0,0,0,0,0,182.88,187.96,170.0,25.0,35.0,0,0,0,0,0,0,0,0,0,1,0,0,0,0,0,0,0,1,0,0,1,0,0,0
Blue,False,0.0,0.5,0.465,0.38,0.5,0.75,1.5,0.5,0.5,0.5,149.0,65.0,128.0,47.0,156.0,71.0,149.5,65.5,3.0,1.5,4.5,2.5,122.0,45.0,96.5,27.0,17.0,10.5,24.5,15.5,10.0,9.5,7.0,4.5,144.5,61.5,119.5,42.0,3.0,2.5,2.5,2.0,1.5,1.0,6.0,3.0,68.0,212.5,889.5,6,0,1,0,1,1,1,0,0,0,1,0,0,0,167.64,175.26,125.0,0.0,0.25,0.345,0.4425,0.29,0.33,1.0,1.25,1.0,0.5,23.0,7.5,23.75,9.5,60.0,38.75,43.75,27.0,2.0,0.75,1.5,1.0,12.0,1.5,19.5,6.0,7.0,3.75,1.75,1.25,4.0,2.25,2.5,2.25,19.25,5.25,18.75,5.75,3.5,2.0,0.25,0.0,0.25,0.25,4.75,3.75,186.75,292.5,596.0,6,0,0,1,1,1,2,0,0,0,0,0,1,0,175.26,180.34,145.0,20.0,33.0,1,0,0,0,0,0,0,0,0,0,0,0,0,0,0,1,0,0,0,0,1,0,0,0
Blue,False,0.0,0.0,0.38125,0.4237499999999999,0.41625,0.025,1.0,0.125,0.0,0.625,88.5,35.0,109.75,47.375,158.625,94.0,132.125,68.75,8.0,2.75,1.5,0.125,80.25,29.375,90.125,29.625,5.875,3.875,15.25,13.375,2.375,1.75,4.375,4.375,83.75,32.0,98.125,40.375,3.0,1.75,9.75,5.875,1.75,1.25,1.875,1.125,340.0,44.875,819.125,11,0,2,0,2,3,1,0,0,0,0,0,3,0,172.72,172.72,135.0,0.6875,0.0,0.48875,0.341875,0.5475,0.1,0.0625,0.375,0.0625,0.0,91.8125,40.9375,72.0625,20.25,135.5,82.625,79.9375,28.0625,6.75,4.75,1.4375,0.5,61.875,20.5625,63.125,15.125,20.375,13.0625,7.5,4.6875,9.5625,7.3125,1.4375,0.4375,64.0625,21.75,64.3125,17.25,13.25,8.625,6.75,2.25,14.5,10.5625,1.0,0.75,361.25,44.375,720.9375,9,0,3,0,3,4,1,0,0,0,1,2,1,0,172.72,172.72,135.0,29.0,24.0,1,0,0,0,0,0,0,0,0,0,0,0,0,0,0,1,0,0,0,0,1,0,0,0
Red,False,0.0,0.0,0.2925,0.2875,0.65,0.075,2.875,0.125,0.25,0.5,12.125,4.25,16.5,8.125,36.625,25.625,57.375,47.875,2.875,2.25,1.25,0.75,9.875,2.875,12.625,4.625,1.875,1.375,2.875,2.75,0.375,0.0,1.0,0.75,7.375,2.5,9.875,2.25,1.875,0.875,0.375,0.25,2.875,0.875,6.25,5.625,293.25,227.5,596.625,8,0,0,2,2,2,2,0,0,0,1,0,1,0,172.72,185.42,155.0,0.26953125,0.0001220703125,0.363260498046875,0.379747314453125,0.14499267578125,0.5570812988281251,0.0181884765625,0.0634765625,0.0001220703125,0.000244140625,90.384033203125,33.3450927734375,110.2322998046875,39.2359619140625,111.1658935546875,53.662109375,134.2835693359375,61.900146484375,3.1746826171875,0.94482421875,7.871826171875,3.6446533203125,65.064208984375,18.01220703125,87.122802734375,22.8082275390625,17.9150390625,9.822998046875,15.375244140625,9.6104736328125,7.40478515625,5.5098876953125,7.7342529296875,6.8172607421875,77.916015625,26.1348876953125,93.20703125,25.3314208984375,6.538818359375,3.97412109375,5.9993896484375,4.6439208984375,5.92919921875,3.236083984375,11.02587890625,9.2606201171875,99.745361328125,343.8507080078125,883.4915771484375,37,0,0,2,5,9,5,0,0,0,6,1,2,0,172.72,177.8,155.0,32.0,29.0,0,0,0,0,0,0,1,0,0,0,0,0,0,0,0,0,0,1,0,0,0,0,1,0
Red,False,0.0,0.0,0.3,0.35,0.35,0.0,0.0,0.0,0.0,0.0,110.0,33.0,203.0,73.0,110.0,33.0,216.0,85.0,14.0,5.0,0.0,0.0,85.0,18.0,170.0,51.0,23.0,13.0,28.0,18.0,2.0,2.0,5.0,4.0,90.0,27.0,175.0,57.0,19.0,6.0,20.0,10.0,1.0,0.0,8.0,6.0,451.0,0.0,900.0,3,0,0,1,0,0,1,0,0,0,0,0,0,0,167.64,170.18,125.0,0.0,0.03125,0.3380468749999999,0.39859375,0.085625,0.32625,0.3125,1.1953125,0.5,0.3125,63.1171875,23.7109375,64.609375,26.9296875,69.5234375,29.8515625,74.8828125,35.296875,2.34375,0.421875,7.0546875,2.53125,53.40625,15.4921875,52.2890625,18.1875,3.859375,2.9375,9.5,6.296875,5.8515625,5.28125,2.8203125,2.4453125,56.046875,18.46875,60.0390625,23.9609375,5.5625,3.9609375,2.546875,1.84375,1.5078125,1.28125,2.0234375,1.125,100.984375,104.1953125,514.3515625,18,0,2,0,2,3,5,0,0,0,1,1,1,0,165.1,167.64,135.0,28.0,31.0,0,0,0,1,0,0,0,0,0,0,0,0,0,0,0,1,0,0,0,0,1,0,0,0
Red,False,0.015625,0.0,0.45,0.4275,0.25,0.2,0.148468017578125,0.098388671875,0.0,0.0,66.5,29.6875,64.31230545043945,27.34375,89.75,48.0,85.53125,44.41152191162109,2.0,0.75,2.0546875,0.75,51.1875,18.3359375,49.6123046875,16.280410766601562,7.5,5.07647705078125,7.5,5.0,4.5,3.625,4.984375,3.9375,48.6875,17.0,47.11572265625,16.5,5.75,3.75,5.3125,3.4375,5.0625,3.5,3.875,2.5,99.2119140625,94.125,638.5,0,0,0,0,0,0,0,0,0,0,0,0,0,0,190.5,190.5,185.0,0.0,1.0,0.36,0.48,0.0,0.0,0.0,0.0,0.0,0.0,22.0,8.0,37.0,18.0,22.0,8.0,39.0,20.0,3.0,0.0,0.0,0.0,18.0,5.0,35.0,16.0,1.0,1.0,2.0,2.0,3.0,2.0,0.0,0.0,21.0,7.0,18.0,4.0,1.0,1.0,6.0,5.0,0.0,0.0,13.0,9.0,0.0,9.0,79.0,1,0,0,1,0,0,1,0,0,0,0,0,0,0,187.96,193.04,205.0,30.0,33.0,0,0,0,0,0,1,0,0,0,0,0,0,0,0,0,0,0,1,0,0,1,0,0,0
Red,False,0.015625,0.0,0.45,0.4275,0.25,0.2,0.148468017578125,0.098388671875,0.0,0.0,66.5,29.6875,64.31230545043945,27.34375,89.75,48.0,85.53125,44.41152191162109,2.0,0.75,2.0546875,0.75,51.1875,18.3359375,49.6123046875,16.280410766601562,7.5,5.07647705078125,7.5,5.0,4.5,3.625,4.984375,3.9375,48.6875,17.0,47.11572265625,16.5,5.75,3.75,5.3125,3.4375,5.0625,3.5,3.875,2.5,99.2119140625,94.125,638.5,0,0,0,0,0,0,0,0,0,0,0,0,0,0,180.34,180.34,155.0,0.0,0.0,0.4,0.375,0.0,1.0,1.0,0.0,0.5,0.0,130.0,51.5,169.5,60.5,162.5,80.0,175.0,64.0,0.5,0.0,1.5,1.5,101.5,29.5,152.0,49.5,16.0,11.5,11.0,8.0,12.5,10.5,6.5,3.0,126.5,49.5,167.5,60.0,3.5,2.0,2.0,0.5,0.0,0.0,0.0,0.0,201.5,42.0,900.0,6,0,1,0,1,1,1,0,0,0,1,0,0,0,180.34,185.42,155.0,27.0,29.0,0,0,0,0,0,0,1,0,0,0,0,0,0,0,0,0,0,0,1,0,1,0,0,0
Blue,False,0.0,0.0,0.44,0.32,0.25,0.14,0.0,0.0,0.0,0.0,76.0,34.0,218.0,71.0,80.0,38.0,259.0,105.0,8.0,2.0,7.0,1.0,48.0,12.0,185.0,47.0,20.0,14.0,18.0,12.0,8.0,8.0,15.0,12.0,69.0,29.0,202.0,56.0,5.0,3.0,16.0,15.0,2.0,2.0,0.0,0.0,136.0,163.0,900.0,3,0,0,1,0,0,1,0,0,0,0,0,0,0,180.34,180.34,170.0,0.0087890625,0.5625,0.36251953125,0.460693359375,0.4132421874999999,0.13685546875,0.1103515625,0.2763671875,0.009765625,0.001953125,34.6416015625,15.62109375,41.3349609375,18.1748046875,51.3037109375,30.001953125,54.791015625,29.0048828125,2.314453125,1.21484375,3.9140625,1.173828125,26.48046875,8.4736328125,29.7275390625,10.8369140625,5.865234375,4.8828125,6.42578125,3.904296875,2.2958984375,2.2646484375,5.181640625,3.43359375,22.8837890625,6.5263671875,29.1220703125,10.90234375,8.220703125,6.955078125,5.6435546875,2.5693359375,3.537109375,2.1396484375,6.5693359375,4.703125,66.3525390625,190.2373046875,458.8017578125,26,0,1,0,2,5,6,0,0,0,3,1,1,0,180.34,187.96,170.0,31.0,33.0,0,0,0,0,0,0,0,0,0,1,0,0,0,0,0,1,0,0,0,0,1,0,0,0
Blue,False,0.75,0.0,0.476875,0.565625,0.5625,0.604375,0.0,0.0,0.0,0.5,86.875,42.0625,68.0625,34.5625,108.75,61.75,86.9375,53.125,1.5625,1.0625,3.125,1.1875,56.375,15.6875,40.3125,12.3125,11.875,9.6875,14.75,11.5,18.625,16.6875,13.0,10.75,61.0,22.8125,44.25,17.4375,20.5625,15.5625,15.375,12.25,5.3125,3.6875,8.4375,4.875,129.5,214.875,634.75,13,0,1,0,1,3,2,0,0,0,1,2,0,0,172.72,180.34,145.0,0.5,0.25,0.4024999999999999,0.6737500000000001,0.0625,0.1875,0.1875,0.0625,0.0,0.0,17.0,7.75,23.4375,11.1875,19.5,10.25,28.0625,15.25,0.1875,0.0625,0.4375,0.1875,13.6875,5.5,15.8125,6.375,2.75,1.75,3.6875,2.125,0.5625,0.5,3.9375,2.6875,14.9375,5.8125,20.75,9.0625,0.375,0.25,0.125,0.125,1.6875,1.6875,2.5625,2.0,17.9375,15.4375,150.0,8,1,3,0,3,4,1,0,0,0,1,2,1,0,170.18,185.42,145.0,28.0,30.0,0,0,1,0,0,0,0,0,0,0,0,0,0,0,0,1,0,0,0,0,1,0,0,0
Red,False,0.015625,0.0625,0.56875,0.391875,0.078125,0.29828125,0.3125,0.0625,0.015625,0.0,180.078125,106.546875,117.59375,43.0625,210.921875,134.953125,138.28125,60.4375,0.328125,0.15625,8.421875,2.296875,135.90625,75.046875,93.1875,24.671875,43.40625,30.734375,12.5,6.96875,0.765625,0.765625,11.90625,11.421875,152.390625,84.78125,78.65625,17.3125,25.203125,19.953125,23.53125,14.640625,2.484375,1.8125,15.40625,11.109375,54.34375,339.03125,877.3125,20,0,1,0,3,4,3,0,0,1,2,1,0,0,185.42,190.5,205.0,0.03125,0.0,0.433125,0.338125,0.6515625,0.095625,0.0,0.0,0.0,0.0,158.59375,68.375,97.125,31.21875,177.03125,83.90625,101.375,34.65625,3.21875,1.125,3.3125,0.53125,140.8125,52.5625,78.75,20.34375,6.65625,6.28125,6.75,2.09375,11.125,9.53125,11.625,8.78125,133.65625,51.84375,92.84375,29.375,8.625,6.5,3.90625,1.625,16.3125,10.03125,0.375,0.21875,116.78125,9.5,801.59375,14,0,3,0,3,5,1,0,0,0,3,2,0,0,193.04,203.2,240.0,34.0,31.0,0,0,0,0,1,0,0,0,0,0,0,0,0,0,0,1,0,0,0,0,1,0,0,0
Blue,False,0.0,0.0,0.63,0.42,0.0,0.12,1.0,1.0,0.0,0.0,73.0,46.0,42.0,18.0,100.0,72.0,50.0,24.0,0.0,0.0,8.0,1.0,26.0,8.0,26.0,2.0,30.0,24.0,6.0,6.0,17.0,14.0,10.0,10.0,59.0,33.0,33.0,12.0,13.0,12.0,9.0,6.0,1.0,1.0,0.0,0.0,128.0,362.0,900.0,3,0,1,0,1,1,0,0,0,0,1,0,0,0,175.26,177.8,155.0,0.0,0.0,0.41875,0.4175,0.5700000000000001,0.0,0.625,0.5,0.0,0.5,147.875,60.625,150.25,64.0,148.75,61.5,156.0,69.25,2.25,1.0,4.75,0.0,124.375,45.375,115.75,37.375,10.5,5.75,18.5,14.0,13.0,9.5,16.0,12.625,141.625,56.875,142.25,60.0,3.75,2.25,8.0,4.0,2.5,1.5,0.0,0.0,36.875,59.0,804.0,10,0,1,0,2,3,1,0,0,1,1,0,1,0,170.18,180.34,155.0,29.0,34.0,0,0,0,0,0,0,1,0,0,0,0,0,0,0,0,1,0,0,0,0,1,0,0,0
Blue,True,0.015625,0.0,0.45,0.4275,0.25,0.2,0.148468017578125,0.098388671875,0.0,0.0,66.5,29.6875,64.31230545043945,27.34375,89.75,48.0,85.53125,44.41152191162109,2.0,0.75,2.0546875,0.75,51.1875,18.3359375,49.6123046875,16.280410766601562,7.5,5.07647705078125,7.5,5.0,4.5,3.625,4.984375,3.9375,48.6875,17.0,47.11572265625,16.5,5.75,3.75,5.3125,3.4375,5.0625,3.5,3.875,2.5,99.2119140625,94.125,638.5,0,0,0,0,0,0,0,0,0,0,0,0,0,0,180.34,182.88,170.0,0.0471682548522949,0.0,0.45,0.4217682266235352,0.25,0.19173828125,0.1875,0.125,0.0,0.0,69.5,30.5,66.984375,27.8466796875,94.0,48.544921875,88.50390625,44.75,2.0,0.8125,2.015625,0.6640625,54.0,19.01513671875,51.483436584472656,16.9437255859375,7.91796875,5.430633544921875,7.75,5.0625,4.780975341796875,3.9373779296875,4.8994140625,3.84375,51.025390625,18.400863647460938,50.515625,17.5,5.75,3.75,5.5,3.5,5.375,3.6875,4.0,2.65625,104.865234375,89.5,655.8441009521484,0,0,0,0,0,0,0,0,0,0,0,0,0,0,182.88,190.5,185.0,23.0,25.0,0,0,0,0,0,0,0,1,0,0,0,0,0,0,0,1,0,0,0,0,0,0,1,0
Red,False,0.015625,0.0,0.45,0.4275,0.25,0.2,0.148468017578125,0.098388671875,0.0,0.0,66.5,29.6875,64.31230545043945,27.34375,89.75,48.0,85.53125,44.41152191162109,2.0,0.75,2.0546875,0.75,51.1875,18.3359375,49.6123046875,16.280410766601562,7.5,5.07647705078125,7.5,5.0,4.5,3.625,4.984375,3.9375,48.6875,17.0,47.11572265625,16.5,5.75,3.75,5.3125,3.4375,5.0625,3.5,3.875,2.5,99.2119140625,94.125,638.5,0,0,0,0,0,0,0,0,0,0,0,0,0,0,190.5,187.96,155.0,0.0,0.0006103515625,0.4583971405029297,0.3787344360351563,0.2534963989257812,0.0319607543945312,0.4484100341796875,0.12896728515625,3.0517578125e-05,0.2519760131835937,85.12382507324219,34.57768249511719,140.66248321533203,48.74059295654297,130.8769760131836,75.63209533691406,166.50072479248047,69.87178039550781,15.544631958007812,2.8907699584960938,3.128944396972656,0.3242263793945312,71.75155639648438,24.24011993408203,125.1882781982422,37.276954650878906,8.501007080078125,6.004524230957031,10.204185485839844,7.226890563964844,4.871261596679688,4.333038330078125,5.27001953125,4.236747741699219,65.40690612792969,19.2415771484375,132.42903900146484,44.058441162109375,4.032371520996094,2.4062957763671875,2.35870361328125,0.58355712890625,15.684547424316406,12.9298095703125,5.8747406005859375,4.098594665527344,342.7434997558594,186.52462768554688,976.5744857788086,45,1,5,0,5,12,6,0,0,0,5,1,6,0,185.42,182.88,170.0,29.0,36.0,0,0,0,0,0,0,0,0,0,1,0,0,0,0,0,0,0,1,0,0,0,0,1,0
Blue,True,0.015625,0.0,0.45,0.4275,0.25,0.2,0.148468017578125,0.098388671875,0.0,0.0,66.5,29.6875,64.31230545043945,27.34375,89.75,48.0,85.53125,44.41152191162109,2.0,0.75,2.0546875,0.75,51.1875,18.3359375,49.6123046875,16.280410766601562,7.5,5.07647705078125,7.5,5.0,4.5,3.625,4.984375,3.9375,48.6875,17.0,47.11572265625,16.5,5.75,3.75,5.3125,3.4375,5.0625,3.5,3.875,2.5,99.2119140625,94.125,638.5,0,0,0,0,0,0,0,0,0,0,0,0,0,0,187.96,200.66,185.0,0.0471682548522949,0.0,0.45,0.4217682266235352,0.25,0.19173828125,0.1875,0.125,0.0,0.0,69.5,30.5,66.984375,27.8466796875,94.0,48.544921875,88.50390625,44.75,2.0,0.8125,2.015625,0.6640625,54.0,19.01513671875,51.483436584472656,16.9437255859375,7.91796875,5.430633544921875,7.75,5.0625,4.780975341796875,3.9373779296875,4.8994140625,3.84375,51.025390625,18.400863647460938,50.515625,17.5,5.75,3.75,5.5,3.5,5.375,3.6875,4.0,2.65625,104.865234375,89.5,655.8441009521484,0,0,0,0,0,0,0,0,0,0,0,0,0,0,185.42,195.58,185.0,24.0,35.0,0,0,0,0,1,0,0,0,0,0,0,0,0,0,0,1,0,0,0,0,1,0,0,0
Red,False,0.0,0.0,0.45,0.31,1.0,0.0,0.0,0.0,0.0,0.0,62.0,28.0,83.0,26.0,133.0,94.0,84.0,27.0,2.0,2.0,1.0,0.0,39.0,13.0,64.0,13.0,8.0,6.0,8.0,3.0,15.0,9.0,11.0,10.0,56.0,23.0,80.0,24.0,4.0,4.0,3.0,2.0,2.0,1.0,0.0,0.0,271.0,46.0,900.0,3,0,1,0,1,1,0,0,0,1,0,0,0,0,172.72,177.8,145.0,0.5,0.0,0.59,0.37,0.75,0.03,0.0,0.0,0.0,0.0,108.5,65.0,43.5,16.0,188.5,133.0,56.0,28.5,3.0,2.5,8.5,0.5,70.0,35.0,34.5,9.5,28.0,22.5,4.5,3.0,10.5,7.5,4.5,3.5,64.5,31.5,36.0,10.0,21.5,18.0,6.0,4.5,22.5,15.5,1.5,1.5,479.5,183.5,900.0,6,0,2,0,2,2,0,0,0,0,2,0,0,0,180.34,185.42,155.0,30.0,27.0,0,0,0,0,0,0,1,0,0,0,0,0,0,0,0,1,0,0,0,0,1,0,0,0
Red,False,0.015625,0.0,0.45,0.4275,0.25,0.2,0.148468017578125,0.098388671875,0.0,0.0,66.5,29.6875,64.31230545043945,27.34375,89.75,48.0,85.53125,44.41152191162109,2.0,0.75,2.0546875,0.75,51.1875,18.3359375,49.6123046875,16.280410766601562,7.5,5.07647705078125,7.5,5.0,4.5,3.625,4.984375,3.9375,48.6875,17.0,47.11572265625,16.5,5.75,3.75,5.3125,3.4375,5.0625,3.5,3.875,2.5,99.2119140625,94.125,638.5,0,0,0,0,0,0,0,0,0,0,0,0,0,0,177.8,177.8,135.0,0.0,0.0,0.33,0.48,0.0,1.0,1.0,0.0,0.0,0.0,100.0,33.0,206.0,100.0,109.0,41.0,225.0,116.0,1.0,0.0,3.0,3.0,56.0,6.0,170.0,73.0,21.0,12.0,12.0,8.0,23.0,15.0,24.0,19.0,98.0,33.0,184.0,87.0,2.0,0.0,4.0,1.0,0.0,0.0,18.0,12.0,0.0,124.0,900.0,3,0,0,1,0,0,1,0,0,0,0,0,0,0,167.64,165.1,135.0,27.0,27.0,1,0,0,0,0,0,0,0,0,0,0,0,0,0,0,0,0,1,0,0,1,0,0,0
Red,False,0.0,0.0,0.55,0.35,0.4,0.11,0.0,2.0,0.0,0.0,88.0,49.0,34.0,12.0,189.0,141.0,60.0,33.0,10.0,4.0,9.0,1.0,55.0,22.0,28.0,6.0,13.0,11.0,4.0,4.0,20.0,16.0,2.0,2.0,45.0,15.0,14.0,3.0,25.0,19.0,18.0,7.0,18.0,15.0,2.0,2.0,620.0,50.0,900.0,3,0,1,0,1,1,0,0,0,0,1,0,0,0,172.72,172.72,145.0,0.0,0.0,0.38,0.44,0.0,0.6,0.0,1.0,0.0,0.0,136.0,52.0,78.0,35.0,164.0,75.0,117.0,68.0,0.0,0.0,5.0,3.0,97.0,33.0,50.0,13.0,37.0,18.0,19.0,14.0,2.0,1.0,9.0,8.0,123.0,45.0,61.0,23.0,12.0,6.0,4.0,2.0,1.0,1.0,13.0,10.0,0.0,309.0,900.0,3,0,1,0,1,1,0,0,0,1,0,0,0,0,182.88,187.96,145.0,28.0,29.0,0,0,1,0,0,0,0,0,0,0,0,0,0,0,0,1,0,0,0,0,1,0,0,0
Red,False,0.015625,0.0,0.45,0.4275,0.25,0.2,0.148468017578125,0.098388671875,0.0,0.0,66.5,29.6875,64.31230545043945,27.34375,89.75,48.0,85.53125,44.41152191162109,2.0,0.75,2.0546875,0.75,51.1875,18.3359375,49.6123046875,16.280410766601562,7.5,5.07647705078125,7.5,5.0,4.5,3.625,4.984375,3.9375,48.6875,17.0,47.11572265625,16.5,5.75,3.75,5.3125,3.4375,5.0625,3.5,3.875,2.5,99.2119140625,94.125,638.5,0,0,0,0,0,0,0,0,0,0,0,0,0,0,182.88,182.88,170.0,0.0471682548522949,0.0,0.45,0.4217682266235352,0.25,0.19173828125,0.1875,0.125,0.0,0.0,69.5,30.5,66.984375,27.8466796875,94.0,48.544921875,88.50390625,44.75,2.0,0.8125,2.015625,0.6640625,54.0,19.01513671875,51.483436584472656,16.9437255859375,7.91796875,5.430633544921875,7.75,5.0625,4.780975341796875,3.9373779296875,4.8994140625,3.84375,51.025390625,18.400863647460938,50.515625,17.5,5.75,3.75,5.5,3.5,5.375,3.6875,4.0,2.65625,104.865234375,89.5,655.8441009521484,0,0,0,0,0,0,0,0,0,0,0,0,0,0,180.34,180.34,185.0,27.0,30.0,0,0,0,0,0,0,0,1,0,0,0,0,0,0,0,1,0,0,0,0,1,0,0,0
Red,False,0.015625,0.0,0.45,0.4275,0.25,0.2,0.148468017578125,0.098388671875,0.0,0.0,66.5,29.6875,64.31230545043945,27.34375,89.75,48.0,85.53125,44.41152191162109,2.0,0.75,2.0546875,0.75,51.1875,18.3359375,49.6123046875,16.280410766601562,7.5,5.07647705078125,7.5,5.0,4.5,3.625,4.984375,3.9375,48.6875,17.0,47.11572265625,16.5,5.75,3.75,5.3125,3.4375,5.0625,3.5,3.875,2.5,99.2119140625,94.125,638.5,0,0,0,0,0,0,0,0,0,0,0,0,0,0,187.96,187.96,185.0,0.0471682548522949,0.0,0.45,0.4217682266235352,0.25,0.19173828125,0.1875,0.125,0.0,0.0,69.5,30.5,66.984375,27.8466796875,94.0,48.544921875,88.50390625,44.75,2.0,0.8125,2.015625,0.6640625,54.0,19.01513671875,51.483436584472656,16.9437255859375,7.91796875,5.430633544921875,7.75,5.0625,4.780975341796875,3.9373779296875,4.8994140625,3.84375,51.025390625,18.400863647460938,50.515625,17.5,5.75,3.75,5.5,3.5,5.375,3.6875,4.0,2.65625,104.865234375,89.5,655.8441009521484,0,0,0,0,0,0,0,0,0,0,0,0,0,0,185.42,190.5,253.0,30.0,28.0,0,0,0,0,1,0,0,0,0,0,0,0,0,0,0,1,0,0,0,0,1,0,0,0
Blue,False,0.5,0.14111328125,0.606708984375,0.4245361328125,0.202802734375,0.00398681640625,0.11767578125,0.89306640625,0.160400390625,0.005859375,61.568603515625,30.61328125,41.31298828125,19.2197265625,76.95166015625,44.16162109375,53.8134765625,28.48974609375,3.4697265625,1.391357421875,1.022216796875,0.004150390625,52.20263671875,22.21728515625,33.434814453125,13.587890625,6.646484375,5.719482421875,4.9677734375,3.018310546875,2.719482421875,2.676513671875,2.910400390625,2.613525390625,44.44189453125,19.2607421875,36.187255859375,15.7421875,6.263427734375,3.854248046875,2.6357421875,1.838623046875,10.86328125,7.498291015625,2.489990234375,1.638916015625,136.6015625,53.045654296875,436.83837890625,24,1,0,1,3,8,5,0,0,1,3,2,2,0,187.96,193.04,185.0,0.015625,0.0,0.32828125,0.3375,0.2959375,0.269375,0.140625,1.71875,0.515625,0.171875,68.0,21.734375,45.859375,15.609375,105.6875,51.046875,72.015625,37.453125,3.40625,1.578125,2.828125,1.15625,55.09375,14.53125,34.90625,8.046875,8.84375,4.453125,4.46875,2.4375,4.0625,2.75,6.484375,5.125,55.625,14.1875,36.9375,9.484375,2.796875,1.578125,4.09375,2.890625,9.578125,5.96875,4.828125,3.234375,254.53125,298.578125,876.5625,19,0,6,0,6,6,1,0,0,1,3,0,2,0,190.5,198.12,205.0,30.0,32.0,0,0,0,0,0,0,0,1,0,0,0,0,0,0,0,1,0,0,0,0,1,0,0,0
Red,False,0.0,0.0,0.26,0.38,0.0,0.0,0.0,0.0,0.0,0.0,226.0,61.0,270.0,105.0,236.0,67.0,274.0,109.0,11.0,0.0,1.0,0.0,187.0,34.0,226.0,70.0,24.0,13.0,34.0,26.0,15.0,14.0,10.0,9.0,194.0,43.0,232.0,81.0,32.0,18.0,38.0,24.0,0.0,0.0,0.0,0.0,184.0,52.0,900.0,3,0,0,1,0,0,1,0,0,0,0,0,0,0,172.72,177.8,155.0,0.0471682548522949,0.0,0.45,0.4217682266235352,0.25,0.19173828125,0.1875,0.125,0.0,0.0,69.5,30.5,66.984375,27.8466796875,94.0,48.544921875,88.50390625,44.75,2.0,0.8125,2.015625,0.6640625,54.0,19.01513671875,51.483436584472656,16.9437255859375,7.91796875,5.430633544921875,7.75,5.0625,4.780975341796875,3.9373779296875,4.8994140625,3.84375,51.025390625,18.400863647460938,50.515625,17.5,5.75,3.75,5.5,3.5,5.375,3.6875,4.0,2.65625,104.865234375,89.5,655.8441009521484,0,0,0,0,0,0,0,0,0,0,0,0,0,0,167.64,167.64,155.0,25.0,30.0,0,0,0,0,0,0,1,0,0,0,0,0,0,0,0,0,0,1,0,0,0,0,1,0
Blue,False,0.5,0.0,0.48890625,0.44203125,0.6581250000000001,0.42953125,0.375,0.0,0.5,0.53125,54.828125,28.5,54.984375,26.984375,89.21875,56.625,103.125,70.8125,1.9375,1.40625,5.4375,2.671875,48.265625,24.53125,45.640625,22.09375,4.109375,2.84375,1.09375,0.546875,2.453125,1.125,8.25,4.34375,27.765625,10.984375,24.625,6.609375,2.953125,1.953125,2.203125,1.6875,24.109375,15.5625,28.15625,18.6875,166.734375,380.0,758.3125,17,0,2,0,2,4,3,0,0,1,2,1,0,0,175.26,180.34,135.0,0.03125,0.0,0.4603125,0.1937499999999999,0.01375,0.235,0.125,0.46875,0.0,0.0,172.125,78.84375,117.6875,19.21875,198.6875,105.40625,124.53125,24.3125,1.0625,0.125,5.96875,1.09375,108.28125,38.40625,96.90625,9.9375,43.34375,26.28125,13.4375,5.8125,20.5,14.15625,7.34375,3.46875,166.84375,74.8125,110.84375,15.375,4.84375,3.6875,2.375,0.65625,0.4375,0.34375,4.46875,3.1875,20.53125,125.8125,711.34375,13,0,0,1,1,3,3,0,0,0,2,0,1,0,167.64,167.64,125.0,33.0,31.0,1,0,0,0,0,0,0,0,0,0,0,0,0,0,0,0,0,1,0,0,1,0,0,0
Blue,False,0.0,0.0,0.57,0.4,0.5,1.0,1.0,0.0,0.0,0.0,35.0,20.0,10.0,4.0,39.0,24.0,10.0,4.0,2.0,1.0,1.0,1.0,29.0,17.0,5.0,1.0,5.0,2.0,4.0,2.0,1.0,1.0,1.0,1.0,16.0,7.0,10.0,4.0,2.0,2.0,0.0,0.0,17.0,11.0,0.0,0.0,155.0,26.0,273.0,1,0,1,0,1,1,0,0,0,0,0,0,1,0,185.42,193.04,185.0,0.5,0.0,0.4,0.425,0.375,0.04,0.5,0.0,0.0,0.0,143.5,60.5,97.75,42.75,145.75,62.75,104.5,48.5,0.75,0.5,3.0,0.5,124.0,46.75,76.25,28.25,13.75,9.75,7.75,5.25,5.75,4.0,13.75,9.25,131.5,50.75,88.5,37.75,8.75,7.25,9.25,5.0,3.25,2.5,0.0,0.0,22.5,54.25,465.0,6,0,3,0,3,3,0,0,0,0,1,1,1,0,198.12,195.58,185.0,23.0,26.0,0,0,0,0,0,0,0,1,0,0,0,0,0,0,0,1,0,0,0,0,1,0,0,0
Blue,False,0.0,0.0,0.43,0.215,0.0,0.415,0.0,0.0,0.5,0.0,128.0,58.0,106.5,23.0,144.0,73.0,111.0,27.5,1.5,0.0,2.5,1.0,100.0,40.5,88.0,13.5,13.5,5.5,11.0,4.5,14.5,12.0,7.5,5.0,119.0,53.5,101.0,20.5,4.0,1.5,1.0,0.0,5.0,3.0,4.5,2.5,54.0,110.5,1200.0,8,0,1,0,1,1,1,0,0,0,1,0,0,0,187.96,193.04,185.0,0.01953125,0.63134765625,0.232724609375,0.529560546875,0.1759765625,0.293291015625,0.5322265625,1.19482421875,0.01025390625,0.251953125,36.74365234375,21.87841796875,25.95361328125,14.00927734375,56.5146484375,39.90087890625,39.89892578125,26.91162109375,3.3955078125,1.671875,1.4541015625,0.68505859375,23.69482421875,11.41845703125,16.05029296875,7.10791015625,10.47021484375,9.3115234375,6.037109375,4.12890625,2.57861328125,1.1484375,3.8662109375,2.7724609375,9.22900390625,2.43798828125,15.54541015625,6.826171875,7.091796875,3.78369140625,6.52001953125,4.37744140625,20.4228515625,15.65673828125,3.88818359375,2.8056640625,177.50341796875,96.37060546875,448.25830078125,25,0,0,1,4,8,4,0,0,1,3,4,0,0,182.88,180.34,185.0,28.0,36.0,0,0,0,0,0,0,0,1,0,0,0,0,0,0,0,1,0,0,0,0,1,0,0,0
Blue,False,0.015625,0.0,0.45,0.4275,0.25,0.2,0.148468017578125,0.098388671875,0.0,0.0,66.5,29.6875,64.31230545043945,27.34375,89.75,48.0,85.53125,44.41152191162109,2.0,0.75,2.0546875,0.75,51.1875,18.3359375,49.6123046875,16.280410766601562,7.5,5.07647705078125,7.5,5.0,4.5,3.625,4.984375,3.9375,48.6875,17.0,47.11572265625,16.5,5.75,3.75,5.3125,3.4375,5.0625,3.5,3.875,2.5,99.2119140625,94.125,638.5,0,0,0,0,0,0,0,0,0,0,0,0,0,0,185.42,185.42,145.0,0.0,0.0,0.62,0.45,0.66,0.66,0.0,4.0,1.0,1.0,27.0,17.0,33.0,15.0,64.0,54.0,43.0,24.0,6.0,4.0,3.0,2.0,16.0,7.0,30.0,12.0,9.0,8.0,0.0,0.0,2.0,2.0,3.0,3.0,8.0,3.0,22.0,6.0,2.0,2.0,5.0,3.0,17.0,12.0,6.0,6.0,546.0,210.0,900.0,3,0,1,0,1,1,0,0,0,1,0,0,0,0,175.26,175.26,145.0,24.0,31.0,0,0,1,0,0,0,0,0,0,0,0,0,0,0,0,1,0,0,0,0,1,0,0,0
Red,False,0.015625,0.0,0.45,0.4275,0.25,0.2,0.148468017578125,0.098388671875,0.0,0.0,66.5,29.6875,64.31230545043945,27.34375,89.75,48.0,85.53125,44.41152191162109,2.0,0.75,2.0546875,0.75,51.1875,18.3359375,49.6123046875,16.280410766601562,7.5,5.07647705078125,7.5,5.0,4.5,3.625,4.984375,3.9375,48.6875,17.0,47.11572265625,16.5,5.75,3.75,5.3125,3.4375,5.0625,3.5,3.875,2.5,99.2119140625,94.125,638.5,0,0,0,0,0,0,0,0,0,0,0,0,0,0,182.88,185.42,170.0,0.0,0.0,0.31,0.4449999999999999,0.11,0.05,0.5,0.25,0.25,0.5,87.0,25.25,150.0,66.0,96.75,33.75,178.0,92.75,5.75,0.75,1.25,0.25,71.5,15.75,93.0,22.75,8.75,4.0,18.5,10.0,6.75,5.5,38.5,33.25,78.25,21.5,129.25,52.0,8.25,3.5,14.75,10.25,0.5,0.25,6.0,3.75,255.75,141.25,900.0,9,0,0,3,0,0,3,0,0,0,0,0,0,0,182.88,190.5,170.0,25.0,27.0,0,0,0,0,0,0,0,0,0,1,0,0,0,0,0,1,0,0,0,0,0,0,1,0
Red,False,0.0,0.0,0.36,0.5,0.25,0.08,0.0,1.0,1.0,0.0,46.0,17.0,24.0,12.0,120.0,84.0,45.0,31.0,4.0,1.0,12.0,1.0,35.0,8.0,12.0,3.0,8.0,6.0,7.0,4.0,3.0,3.0,5.0,5.0,36.0,10.0,16.0,5.0,10.0,7.0,8.0,7.0,0.0,0.0,0.0,0.0,238.0,298.0,900.0,3,0,1,0,1,1,0,0,0,0,1,0,0,0,185.42,195.58,185.0,0.0,0.0,0.54,0.65,0.0,0.5,1.0,0.5,0.5,0.5,13.5,7.5,19.0,15.5,27.5,21.5,32.5,28.0,0.0,0.0,1.5,1.0,10.5,6.5,16.5,13.5,2.0,0.5,0.5,0.5,1.0,0.5,2.0,1.5,9.5,4.0,5.5,2.5,0.5,0.0,0.0,0.0,3.5,3.5,13.5,13.0,70.5,109.5,229.5,3,0,0,1,1,1,1,0,0,0,0,0,1,0,195.58,200.66,185.0,24.0,32.0,0,0,0,0,0,0,0,1,0,0,0,0,0,0,0,0,0,1,0,0,1,0,0,0
Blue,False,0.0,0.5,0.45,0.37875,0.5625,0.1825,0.125,0.625,0.0,0.0,83.625,32.0,78.375,26.0,104.5,51.25,83.375,30.75,4.125,2.0,2.375,0.625,56.75,14.75,61.25,16.5,17.25,9.875,9.75,5.5,9.625,7.375,7.375,4.0,65.0,23.5,58.625,15.25,15.625,7.75,14.75,8.625,3.0,0.75,5.0,2.125,137.25,105.0,681.25,10,0,0,1,1,1,3,0,0,0,1,0,0,0,172.72,180.34,145.0,0.125,0.0,0.4575,0.4875,0.46875,0.2475,0.0,1.5,0.125,0.5,55.625,26.125,46.375,23.25,104.125,72.625,75.375,51.0,4.125,1.375,4.25,1.625,43.75,17.25,33.875,12.375,9.0,6.0,9.875,8.75,2.875,2.875,2.625,2.125,41.5,16.875,33.0,13.375,4.375,2.75,8.875,5.875,9.75,6.5,4.5,4.0,392.875,253.875,830.0,12,0,0,1,1,1,3,0,0,0,1,0,0,0,172.72,175.26,145.0,30.0,25.0,0,0,1,0,0,0,0,0,0,0,0,0,0,0,0,1,0,0,0,0,1,0,0,0
Blue,False,0.015625,0.0,0.45,0.4275,0.25,0.2,0.148468017578125,0.098388671875,0.0,0.0,66.5,29.6875,64.31230545043945,27.34375,89.75,48.0,85.53125,44.41152191162109,2.0,0.75,2.0546875,0.75,51.1875,18.3359375,49.6123046875,16.280410766601562,7.5,5.07647705078125,7.5,5.0,4.5,3.625,4.984375,3.9375,48.6875,17.0,47.11572265625,16.5,5.75,3.75,5.3125,3.4375,5.0625,3.5,3.875,2.5,99.2119140625,94.125,638.5,0,0,0,0,0,0,0,0,0,0,0,0,0,0,190.5,198.12,242.0,0.0471682548522949,0.0,0.45,0.4217682266235352,0.25,0.19173828125,0.1875,0.125,0.0,0.0,69.5,30.5,66.984375,27.8466796875,94.0,48.544921875,88.50390625,44.75,2.0,0.8125,2.015625,0.6640625,54.0,19.01513671875,51.483436584472656,16.9437255859375,7.91796875,5.430633544921875,7.75,5.0625,4.780975341796875,3.9373779296875,4.8994140625,3.84375,51.025390625,18.400863647460938,50.515625,17.5,5.75,3.75,5.5,3.5,5.375,3.6875,4.0,2.65625,104.865234375,89.5,655.8441009521484,0,0,0,0,0,0,0,0,0,0,0,0,0,0,190.5,195.58,240.0,27.0,23.0,0,0,0,0,1,0,0,0,0,0,0,0,0,0,0,1,0,0,0,0,1,0,0,0
Red,False,0.28125,0.0,0.46875,0.448125,0.3375,0.3171875,0.25,0.3125,0.0,0.0625,90.78125,36.4375,88.78125,39.03125,97.25,42.40625,99.28125,47.9375,3.4375,1.0,2.25,0.78125,65.6875,16.0625,61.6875,19.59375,13.96875,10.875,17.4375,10.96875,11.125,9.5,9.65625,8.46875,76.40625,25.59375,77.0625,29.125,8.1875,5.21875,8.0625,6.84375,6.1875,5.625,3.65625,3.0625,116.46875,80.9375,667.90625,12,0,1,0,2,4,2,0,0,1,0,1,2,0,175.26,177.8,155.0,0.25,0.0,0.38,0.37,0.41625,0.33,1.375,1.0,0.5,0.0,30.875,11.25,27.375,11.25,35.625,15.5,43.875,26.25,3.25,1.25,1.5,1.0,26.625,8.0,18.625,5.875,2.625,2.125,6.625,4.75,1.625,1.125,2.125,0.625,29.875,10.75,22.25,6.875,0.75,0.5,3.375,2.625,0.25,0.0,1.75,1.75,105.125,149.875,427.25,7,1,2,0,2,3,1,0,0,0,0,0,3,0,185.42,190.5,170.0,35.0,26.0,0,0,0,0,0,0,1,0,0,0,0,0,0,0,0,0,0,1,0,0,0,0,1,0
Red,False,0.55126953125,1.50244140625,0.4168408203125,0.5373193359374999,0.035576171875,0.329560546875,0.03466796875,0.03759765625,0.0634765625,0.0,53.0380859375,21.43115234375,75.52197265625,37.5078125,63.20263671875,31.0126953125,98.81591796875,59.90380859375,1.375,0.1318359375,2.45751953125,0.7294921875,43.17138671875,13.91748046875,60.9677734375,26.6123046875,5.0390625,4.09521484375,6.05078125,3.7099609375,4.82763671875,3.41845703125,8.50341796875,7.185546875,39.828125,12.12890625,53.453125,23.248046875,9.94775390625,6.3896484375,6.427734375,4.11376953125,3.26220703125,2.91259765625,15.64111328125,10.14599609375,23.830078125,152.66015625,602.234375,34,3,2,0,4,7,5,0,0,2,3,2,0,0,180.34,187.96,185.0,0.5,0.0,0.5175,0.33,0.15,0.0,0.0,0.0,0.0,0.0,79.5,42.25,46.5,14.25,93.5,56.25,56.0,23.75,1.5,0.75,1.5,0.0,62.0,27.25,36.5,6.5,12.25,10.0,5.75,4.25,5.25,5.0,4.25,3.5,49.25,19.25,41.0,10.75,22.75,17.75,5.25,3.25,7.5,5.25,0.25,0.25,176.0,4.75,489.5,7,0,3,0,3,3,0,0,0,0,2,1,0,0,180.34,182.88,235.0,43.0,35.0,0,0,0,0,0,1,0,0,0,0,0,0,0,0,0,1,0,0,0,0,1,0,0,0
Red,False,0.0,0.0,0.47,0.25,0.75,0.0,0.0,0.0,0.0,0.0,48.0,23.0,63.0,16.0,104.0,73.0,71.0,24.0,4.0,3.0,9.0,0.0,38.0,16.0,45.0,11.0,7.0,5.0,12.0,3.0,3.0,2.0,6.0,2.0,37.0,17.0,59.0,15.0,6.0,3.0,3.0,1.0,5.0,3.0,1.0,0.0,501.0,1.0,900.0,3,0,1,0,1,1,0,0,0,0,1,0,0,0,172.72,167.64,145.0,0.0625,0.25,0.3175,0.404375,0.16625,0.0,0.625,0.0,0.0,0.0,88.0,24.625,75.125,25.8125,90.25,26.25,75.1875,25.875,0.5625,0.25,1.875,0.0,73.3125,14.5625,52.6875,12.8125,6.125,3.4375,15.0,7.25,8.5625,6.625,7.4375,5.75,84.875,22.6875,73.5625,25.0625,2.25,1.125,1.5625,0.75,0.875,0.8125,0.0,0.0,14.5,9.125,426.875,9,1,3,0,3,4,1,0,0,0,1,1,1,1,180.34,193.04,155.0,32.0,30.0,0,0,0,0,0,0,1,0,0,0,0,0,0,0,0,1,0,0,0,0,1,0,0,0
Red,False,0.9375,0.25,0.42125,0.32875,0.25,0.41875,0.1875,0.125,0.0,0.0,91.3125,38.375,77.8125,24.6875,103.375,49.5,88.5625,34.6875,1.0625,0.5,3.3125,1.0625,74.375,26.25,60.1875,14.125,5.8125,3.75,11.3125,6.1875,11.125,8.375,6.3125,4.375,72.5625,28.3125,67.375,17.9375,10.8125,5.8125,8.125,4.9375,7.9375,4.25,2.3125,1.8125,48.6875,130.875,493.4375,11,0,0,1,2,3,2,0,0,0,1,2,0,0,172.72,177.8,135.0,0.03125,0.0,0.404140625,0.366171875,0.3865625,0.1490625,0.25,0.125,0.0,0.03125,255.3046875,100.4765625,189.4296875,67.109375,273.84375,117.6875,205.3203125,81.4765625,5.796875,2.359375,4.7421875,1.5703125,225.7578125,76.703125,163.9765625,48.1953125,27.109375,21.6328125,24.0546875,17.828125,2.4375,2.140625,1.3984375,1.0859375,234.421875,87.6171875,182.3671875,61.8125,13.078125,8.125,6.6171875,4.8515625,7.8046875,4.734375,0.4453125,0.4453125,164.25,121.5703125,894.84375,23,0,1,0,4,6,2,0,0,3,2,1,0,0,170.18,175.26,135.0,32.0,30.0,1,0,0,0,0,0,0,0,0,0,0,0,0,0,0,1,0,0,0,0,1,0,0,0
Blue,False,0.0,0.5,0.425,0.345,0.25,0.5,0.5,0.0,0.5,0.0,126.0,59.0,140.0,46.5,134.0,66.0,144.0,50.5,1.0,0.5,1.0,1.0,102.0,41.0,92.0,14.5,10.0,7.5,24.0,12.5,14.0,10.5,24.0,19.5,120.5,56.0,133.5,43.0,3.0,2.5,1.5,1.0,2.5,0.5,5.0,2.5,61.0,40.0,558.5,4,0,1,0,1,1,1,0,0,0,0,0,1,0,187.96,185.42,170.0,0.09375,0.5,0.40234375,0.34046875,0.2575,0.1578125,0.96875,0.234375,0.125,0.15625,93.140625,37.390625,75.90625,26.0625,120.859375,56.578125,90.28125,40.3125,2.5625,1.46875,2.96875,0.640625,83.453125,31.03125,68.109375,20.984375,8.296875,5.359375,5.09375,2.375,1.390625,1.0,2.703125,2.703125,63.65625,21.375,59.859375,17.125,19.859375,10.515625,9.921875,4.03125,9.625,5.5,6.125,4.90625,149.875,106.140625,631.734375,16,0,0,1,2,3,4,0,0,1,0,1,1,0,172.72,180.34,155.0,27.0,29.0,0,0,0,0,0,0,1,0,0,0,0,0,0,0,0,1,0,0,0,0,1,0,0,0
Blue,True,0.1875,0.015625,0.4298437499999999,0.3796874999999999,0.4346875,0.0,0.859375,0.265625,0.0,0.0,152.921875,71.703125,87.734375,33.59375,168.390625,84.78125,92.765625,38.484375,4.265625,1.859375,2.5625,0.0,118.90625,42.5625,59.3125,13.84375,17.171875,13.6875,14.828125,8.265625,16.84375,15.453125,13.59375,11.484375,112.125,46.140625,77.59375,26.6875,30.375,18.5,9.75,6.5625,10.421875,7.0625,0.390625,0.34375,222.6875,4.796875,748.75,14,1,0,1,4,5,2,0,0,0,2,2,1,0,167.64,170.18,125.0,0.765625,0.0,0.41765625,0.25109375,0.06328125,0.0,0.140625,0.0,0.0,0.0,78.625,29.859375,59.703125,16.640625,93.59375,42.5625,61.28125,18.21875,1.625,0.59375,1.734375,0.0,64.078125,20.328125,49.09375,10.296875,7.46875,3.4375,7.265625,3.921875,7.078125,6.09375,3.34375,2.421875,65.234375,23.796875,53.71875,13.890625,8.609375,3.578125,5.828125,2.609375,4.78125,2.484375,0.15625,0.140625,50.328125,5.78125,476.703125,19,4,7,0,7,7,0,0,0,0,3,2,2,0,167.64,177.8,145.0,28.0,27.0,1,0,0,0,0,0,0,0,0,0,0,0,0,0,0,1,0,0,0,0,1,0,0,0
Red,False,0.3701171875,0.0625,0.317470703125,0.4004296875,0.248564453125,0.00048828125,0.0029296875,0.01171875,0.0029296875,0.005859375,72.796875,19.4248046875,86.876953125,32.154296875,79.2431640625,24.8994140625,91.2109375,36.0322265625,2.296875,0.8466796875,0.8837890625,0.0009765625,65.28515625,14.859375,72.1787109375,22.376953125,4.044921875,2.1455078125,9.865234375,5.6328125,3.466796875,2.419921875,4.8330078125,4.14453125,66.7646484375,16.2119140625,84.1875,30.4765625,2.650390625,1.193359375,2.4560546875,1.52734375,3.3818359375,2.01953125,0.2333984375,0.150390625,61.328125,5.134765625,668.875,25,0,0,1,6,8,3,0,0,1,2,4,0,1,175.26,180.34,170.0,0.38671875,0.015625,0.4628222656249999,0.362841796875,0.167724609375,0.297666015625,0.0,0.2900390625,0.2578125,0.0,200.005859375,90.798828125,233.5068359375,90.59765625,213.36328125,103.28125,249.8671875,106.3076171875,0.2041015625,0.1943359375,6.908203125,2.1376953125,186.517578125,80.470703125,197.1259765625,62.02734375,6.3388671875,4.6806640625,12.6328125,7.21484375,7.1494140625,5.6474609375,23.748046875,21.35546875,186.330078125,84.0244140625,213.0849609375,77.9072265625,8.0546875,3.810546875,14.29296875,9.5654296875,5.62109375,2.9638671875,6.12890625,3.125,49.4755859375,183.82421875,1051.0126953125,25,1,3,0,3,7,4,0,0,1,2,4,0,0,180.34,187.96,170.0,29.0,32.0,0,0,0,0,0,0,0,0,0,1,0,0,0,0,0,1,0,0,0,0,0,0,1,0
Red,False,0.0,0.0,0.4287500000000001,0.34125,0.49625,0.4775,0.875,0.75,1.25,1.375,45.5,19.875,46.625,15.25,84.0,54.0,106.375,67.875,2.375,1.375,2.5,1.375,41.375,16.5,34.25,8.75,2.0,1.375,9.5,5.0,2.125,2.0,2.875,1.5,26.25,8.125,30.875,7.0,1.75,1.5,4.625,2.25,17.5,10.25,11.125,6.0,437.25,265.0,876.25,12,0,1,0,1,2,2,0,0,0,2,0,0,0,167.64,167.64,125.0,0.0,0.0,0.3,0.4,0.5,0.0,1.0,0.0,0.0,0.0,50.0,15.0,44.0,18.0,78.0,41.0,45.0,19.0,2.0,1.0,3.0,0.0,37.0,7.0,21.0,4.0,9.0,4.0,18.0,11.0,4.0,4.0,5.0,3.0,34.0,7.0,34.0,13.0,14.0,8.0,10.0,5.0,2.0,0.0,0.0,0.0,231.0,19.0,430.0,2,1,1,0,1,1,0,0,0,0,0,0,1,0,180.34,180.34,135.0,29.0,26.0,1,0,0,0,0,0,0,0,0,0,0,0,0,0,0,1,0,0,0,0,1,0,0,0
Blue,False,0.0,0.0,0.2875,0.485,0.0925,0.5,0.25,0.25,0.75,1.0,91.25,26.25,53.75,28.5,141.75,72.5,94.5,66.75,3.25,0.75,5.75,2.5,65.0,12.0,46.0,22.0,7.0,3.0,5.0,3.75,19.25,11.25,2.75,2.75,75.75,17.75,35.75,15.25,10.0,6.5,4.75,3.5,5.5,2.0,13.25,9.75,144.0,360.5,819.0,8,0,0,2,1,1,2,0,0,0,1,0,0,0,177.8,185.42,155.0,0.5,0.0,0.42625,0.33875,0.1875,0.18375,0.5,1.125,0.0,0.0,134.375,56.75,136.25,42.75,137.375,58.5,150.125,55.25,3.0,1.0,7.375,1.375,115.0,43.625,115.375,29.125,15.0,9.25,14.375,9.125,4.375,3.875,6.5,4.5,126.5,51.0,125.125,36.125,4.75,2.875,3.375,0.875,3.125,2.875,7.75,5.75,104.125,147.625,808.375,10,1,0,1,3,3,1,0,0,0,3,0,0,0,177.8,177.8,155.0,28.0,27.0,0,0,0,0,0,0,1,0,0,0,0,0,0,0,0,1,0,0,0,0,1,0,0,0
Blue,False,0.0,0.0,0.27,0.645,0.33,0.415,0.5,1.0,0.0,0.0,42.5,22.0,45.5,28.5,64.0,42.0,55.5,37.5,6.0,4.0,3.0,2.5,29.5,10.0,28.0,14.0,3.5,3.5,12.5,10.0,9.5,8.5,5.0,4.5,21.5,6.0,18.5,6.5,7.5,7.5,11.0,10.0,13.5,8.5,16.0,12.0,327.5,68.0,517.5,4,0,0,1,1,1,1,0,0,0,1,0,0,0,177.8,182.88,155.0,0.5,0.0,0.48625,0.4084375,0.051875,0.639375,0.0625,0.0,0.0625,0.0,82.34375,38.75,86.46875,35.09375,86.625,42.9375,98.28125,44.34375,0.75,0.09375,5.96875,2.4375,53.375,18.71875,57.09375,15.75,19.125,12.28125,11.28125,5.5,9.84375,7.75,18.09375,13.84375,76.0,34.15625,72.3125,24.1875,5.59375,4.46875,10.96875,8.09375,0.75,0.125,3.1875,2.8125,5.125,160.6875,686.0,17,0,0,1,1,3,3,0,0,0,2,1,0,0,185.42,190.5,155.0,31.0,34.0,0,0,0,0,0,0,1,0,0,0,0,0,0,0,0,1,0,0,0,0,1,0,0,0
Red,False,0.015625,0.0,0.45,0.4275,0.25,0.2,0.148468017578125,0.098388671875,0.0,0.0,66.5,29.6875,64.31230545043945,27.34375,89.75,48.0,85.53125,44.41152191162109,2.0,0.75,2.0546875,0.75,51.1875,18.3359375,49.6123046875,16.280410766601562,7.5,5.07647705078125,7.5,5.0,4.5,3.625,4.984375,3.9375,48.6875,17.0,47.11572265625,16.5,5.75,3.75,5.3125,3.4375,5.0625,3.5,3.875,2.5,99.2119140625,94.125,638.5,0,0,0,0,0,0,0,0,0,0,0,0,0,0,175.26,180.34,135.0,0.0,0.5,0.3868749999999999,0.4549999999999999,0.33,0.125,0.125,0.6875,0.0,0.0,55.9375,17.5,76.5,31.5625,60.0625,21.125,81.625,36.4375,2.1875,0.4375,1.1875,0.3125,48.25,10.8125,62.1875,23.1875,4.75,4.0,8.6875,3.5,2.9375,2.6875,5.625,4.875,48.4375,12.375,72.0,28.8125,2.1875,1.3125,3.375,1.75,5.3125,3.8125,1.125,1.0,37.0,44.25,409.3125,10,0,1,0,1,2,3,0,0,0,0,2,0,0,172.72,170.18,145.0,24.0,28.0,0,0,1,0,0,0,0,0,0,0,0,0,0,0,0,0,0,1,0,0,1,0,0,0
Blue,False,0.015625,0.0,0.45,0.4275,0.25,0.2,0.148468017578125,0.098388671875,0.0,0.0,66.5,29.6875,64.31230545043945,27.34375,89.75,48.0,85.53125,44.41152191162109,2.0,0.75,2.0546875,0.75,51.1875,18.3359375,49.6123046875,16.280410766601562,7.5,5.07647705078125,7.5,5.0,4.5,3.625,4.984375,3.9375,48.6875,17.0,47.11572265625,16.5,5.75,3.75,5.3125,3.4375,5.0625,3.5,3.875,2.5,99.2119140625,94.125,638.5,0,0,0,0,0,0,0,0,0,0,0,0,0,0,182.88,180.34,170.0,0.0471682548522949,0.0,0.45,0.4217682266235352,0.25,0.19173828125,0.1875,0.125,0.0,0.0,69.5,30.5,66.984375,27.8466796875,94.0,48.544921875,88.50390625,44.75,2.0,0.8125,2.015625,0.6640625,54.0,19.01513671875,51.483436584472656,16.9437255859375,7.91796875,5.430633544921875,7.75,5.0625,4.780975341796875,3.9373779296875,4.8994140625,3.84375,51.025390625,18.400863647460938,50.515625,17.5,5.75,3.75,5.5,3.5,5.375,3.6875,4.0,2.65625,104.865234375,89.5,655.8441009521484,0,0,0,0,0,0,0,0,0,0,0,0,0,0,175.26,175.26,155.0,26.0,25.0,0,0,0,0,0,0,0,0,0,1,0,0,0,0,0,1,0,0,0,0,1,0,0,0
Red,False,0.25,0.0,0.41625,0.37625,0.0,0.5625,0.0,0.0,0.75,0.125,106.25,43.375,82.0,29.125,161.25,96.0,106.5,51.625,0.25,0.0,7.875,4.5,85.125,27.0,70.375,20.25,17.75,13.25,8.375,5.75,3.375,3.125,3.25,3.125,82.125,28.875,63.5,21.125,8.0,6.125,1.5,0.75,16.125,8.375,17.0,7.25,34.75,279.625,795.75,10,0,2,0,2,2,2,0,0,0,1,1,0,0,187.96,190.5,170.0,0.0,0.0,0.375,0.42625,0.335,0.32625,0.0,0.125,0.125,0.0,143.875,52.25,68.625,27.75,188.875,91.75,79.25,36.5,4.875,1.5,8.5,2.0,117.75,32.25,47.0,11.5,14.25,10.625,15.625,10.75,11.875,9.375,6.0,5.5,121.0,35.0,54.75,19.5,18.875,15.25,7.0,4.125,4.0,2.0,6.875,4.125,157.875,243.375,811.625,10,0,1,0,1,2,2,0,0,0,2,0,0,0,190.5,203.2,170.0,30.0,26.0,0,0,0,0,0,0,0,0,0,1,0,0,0,0,0,1,0,0,0,0,1,0,0,0
Red,False,0.015625,0.25,0.6921875,0.1429687499999999,0.04125,0.108125,0.3125,0.125,0.0,0.0625,26.921875,17.6875,17.171875,8.03125,29.625,20.375,28.921875,19.0,0.1875,0.125,2.9375,0.65625,18.40625,10.953125,15.109375,6.90625,7.578125,6.046875,1.59375,0.90625,0.9375,0.6875,0.46875,0.21875,12.4375,5.75,7.421875,2.1875,6.46875,4.28125,3.0625,1.28125,8.015625,7.65625,6.6875,4.5625,20.484375,98.375,220.984375,10,0,1,0,1,4,3,0,0,0,0,2,2,0,182.88,187.96,170.0,0.64208984375,0.25,0.5426473999023438,0.1873931884765625,0.1552911376953125,0.0180718994140625,0.546905517578125,0.016876220703125,0.041015625,0.03759765625,44.59527587890625,23.61688232421875,29.5587158203125,11.0736083984375,50.421295166015625,28.79931640625,32.77459716796875,13.4891357421875,1.0433349609375,0.319427490234375,0.660400390625,0.098846435546875,34.45965576171875,15.416961669921877,25.466064453125,8.016754150390625,8.18475341796875,6.69488525390625,2.80718994140625,1.88348388671875,1.95086669921875,1.505035400390625,1.28546142578125,1.173370361328125,28.029510498046875,10.17462158203125,24.47174072265625,8.449462890625,9.30987548828125,7.35369873046875,1.793060302734375,0.855743408203125,7.255889892578125,6.08856201171875,3.293914794921875,1.768402099609375,38.32769775390625,64.6676025390625,237.87103271484372,34,0,1,0,6,11,5,0,0,0,2,8,1,0,182.88,190.5,170.0,29.0,33.0,0,0,0,0,0,0,0,0,0,1,0,0,0,0,0,1,0,0,0,0,1,0,0,0
Red,False,0.015625,0.0,0.45,0.4275,0.25,0.2,0.148468017578125,0.098388671875,0.0,0.0,66.5,29.6875,64.31230545043945,27.34375,89.75,48.0,85.53125,44.41152191162109,2.0,0.75,2.0546875,0.75,51.1875,18.3359375,49.6123046875,16.280410766601562,7.5,5.07647705078125,7.5,5.0,4.5,3.625,4.984375,3.9375,48.6875,17.0,47.11572265625,16.5,5.75,3.75,5.3125,3.4375,5.0625,3.5,3.875,2.5,99.2119140625,94.125,638.5,0,0,0,0,0,0,0,0,0,0,0,0,0,0,187.96,190.5,247.0,0.0,0.0,0.7375,0.4425,1.0,0.05,0.0,0.5,0.0,0.0,26.75,18.5,47.25,24.75,59.25,49.0,85.25,61.25,1.75,1.75,1.5,0.25,20.25,13.0,39.75,19.0,4.5,3.5,4.75,4.25,2.0,2.0,2.75,1.5,6.75,2.75,25.5,9.0,8.0,5.75,21.5,15.75,12.0,10.0,0.25,0.0,243.75,84.5,439.0,7,0,0,1,2,2,1,0,0,0,0,2,0,0,193.04,205.74,265.0,36.0,36.0,0,0,0,0,1,0,0,0,0,0,0,0,0,0,0,1,0,0,0,0,1,0,0,0
Blue,False,1.03125,0.0,0.3834375,0.40375,0.525,0.2578125,0.5,0.8125,0.0625,0.03125,92.40625,35.84375,56.875,21.53125,97.96875,40.0,66.96875,30.53125,1.28125,0.625,1.4375,0.28125,70.3125,21.34375,43.65625,11.96875,14.5625,8.8125,7.25,4.0625,7.53125,5.6875,5.96875,5.5,74.0,23.8125,48.21875,17.6875,17.0625,11.1875,6.4375,2.21875,1.34375,0.84375,2.21875,1.625,58.65625,76.1875,627.03125,15,0,2,0,2,4,2,0,0,1,1,2,0,0,172.72,182.88,155.0,0.5625,0.5,0.5325,0.348125,0.0,0.116875,1.25,0.5,0.0,0.0,45.5,22.0,37.9375,20.0,54.6875,30.8125,44.5625,26.375,0.0,0.0,3.75,0.8125,39.3125,16.4375,27.25,13.125,3.875,3.6875,5.8125,4.375,2.3125,1.875,4.875,2.5,28.0,8.0,22.0625,7.3125,5.25,4.5,6.625,5.3125,12.25,9.5,9.25,7.375,69.0,169.5625,389.25,10,0,2,0,2,3,2,0,0,0,1,2,0,0,177.8,180.34,170.0,28.0,25.0,0,0,0,0,0,0,1,0,0,0,0,0,0,0,0,0,0,0,1,0,0,0,1,0
Red,False,0.0,0.0,0.37,0.31,0.0,0.64,1.0,0.0,1.0,0.0,245.0,92.0,193.0,60.0,249.0,96.0,196.0,63.0,1.0,0.0,14.0,9.0,212.0,70.0,162.0,44.0,30.0,19.0,29.0,15.0,3.0,3.0,2.0,1.0,173.0,50.0,165.0,41.0,33.0,24.0,20.0,16.0,39.0,18.0,8.0,3.0,101.0,215.0,900.0,3,0,1,0,1,1,0,0,0,0,1,0,0,0,175.26,172.72,135.0,0.0,0.0,0.3733203125,0.3384375,0.1780078125,0.441953125,0.1328125,0.078125,0.015625,0.0,157.53125,59.29296875,89.59765625,29.78125,173.39453125,74.1484375,98.05859375,37.3984375,0.7578125,0.30078125,9.51953125,3.72265625,130.22265625,41.3984375,70.11328125,17.296875,23.03125,14.2734375,16.48046875,10.11328125,4.27734375,3.62109375,3.00390625,2.37109375,132.859375,43.484375,75.2421875,23.4140625,15.73828125,9.82421875,12.15234375,4.984375,8.93359375,5.984375,2.203125,1.3828125,35.97265625,350.18359375,803.4375,26,0,1,0,3,6,3,0,0,1,4,1,0,0,160.02,162.56,125.0,22.0,32.0,0,0,0,1,0,0,0,0,0,0,0,0,0,0,0,1,0,0,0,0,0,0,1,0
Red,False,0.0,2.0,0.27,0.49,0.0,0.0,0.0,0.0,0.0,0.0,37.0,10.0,57.0,28.0,37.0,10.0,58.0,29.0,1.0,0.0,1.0,0.0,31.0,7.0,46.0,20.0,1.0,0.0,7.0,6.0,5.0,3.0,4.0,2.0,36.0,10.0,43.0,16.0,1.0,0.0,12.0,10.0,0.0,0.0,2.0,2.0,0.0,21.0,253.0,1,0,0,1,0,0,1,0,0,0,0,0,0,0,167.64,170.18,125.0,1.0,0.0,0.6,0.6,0.33,1.0,0.0,1.0,0.0,1.0,50.0,30.0,15.0,9.0,98.0,74.0,24.0,18.0,3.0,1.0,1.0,1.0,43.0,24.0,11.0,5.0,2.0,1.0,3.0,3.0,5.0,5.0,1.0,1.0,14.0,10.0,7.0,2.0,2.0,2.0,6.0,5.0,34.0,18.0,2.0,2.0,233.0,209.0,531.0,2,0,1,0,1,1,0,0,0,0,0,1,0,0,165.1,167.64,125.0,26.0,23.0,0,0,0,1,0,0,0,0,0,0,0,0,0,0,0,0,0,1,0,0,1,0,0,0
Red,False,0.0,0.0,0.3625,0.3475,0.0,0.155,0.0,0.0,0.75,0.0,107.25,39.0,111.5,41.5,114.75,46.0,126.5,54.5,0.0,0.0,7.25,1.5,79.5,21.75,67.0,16.5,8.75,2.75,21.0,8.5,19.0,14.5,23.5,16.5,79.75,23.25,106.0,39.25,27.0,15.25,5.5,2.25,0.5,0.5,0.0,0.0,38.75,201.5,900.0,9,0,0,1,1,1,2,0,0,0,1,0,0,0,180.34,182.88,170.0,0.0546875,0.625,0.265546875,0.5374218749999999,0.02078125,0.288046875,0.0234375,0.0,0.0078125,0.0078125,41.546875,12.53125,44.8046875,21.515625,49.4765625,19.3203125,67.3515625,40.671875,0.1640625,0.03125,3.09375,1.53125,36.6171875,9.046875,31.7890625,10.2578125,2.4921875,1.4296875,9.5078125,8.078125,2.4375,2.0546875,3.5078125,3.1796875,35.2734375,8.6796875,31.4921875,12.296875,2.1015625,1.5390625,3.8671875,3.203125,4.171875,2.3125,9.4453125,6.015625,24.9609375,234.078125,493.296875,20,0,0,1,5,5,3,0,0,1,2,2,0,0,180.34,185.42,185.0,27.0,34.0,0,0,0,0,0,0,0,1,0,0,0,0,0,0,0,1,0,0,0,0,1,0,0,0
Red,False,0.5625,0.55078125,0.4637109375,0.409921875,0.1253125,0.0032421875,0.53125,0.25,0.25,0.8046875,54.29296875,27.21484375,34.37109375,12.84375,75.56640625,46.6015625,49.06640625,26.23046875,2.10546875,0.55859375,0.65234375,0.03125,39.046875,16.8984375,28.125,8.16796875,6.61328125,3.7109375,2.421875,1.34375,8.6328125,6.60546875,3.82421875,3.33203125,34.5078125,13.125,29.4921875,8.65234375,1.78515625,1.51953125,0.92578125,0.66796875,18.0,12.5703125,3.953125,3.5234375,189.5078125,88.81640625,569.9375,24,0,0,2,3,5,4,0,0,0,4,0,1,0,182.88,195.58,185.0,0.01611328125,0.0078125,0.4339398193359375,0.6435540771484375,0.2920166015625,0.29958984375,0.473388671875,0.2554931640625,0.0015869140625,0.06463623046875,61.96148681640625,30.31964111328125,54.06982421875,37.768310546875,105.16156005859376,70.85540771484375,93.79193115234376,73.469482421875,1.719482421875,0.813720703125,6.37750244140625,2.18115234375,48.120849609375,18.0941162109375,37.23828125,22.2054443359375,11.45574951171875,9.97247314453125,9.9664306640625,9.0748291015625,2.3848876953125,2.2530517578125,6.8651123046875,6.488037109375,40.17022705078125,14.13629150390625,30.8223876953125,20.61822509765625,19.10504150390625,14.448974609375,12.2017822265625,10.24627685546875,2.68621826171875,1.734375,11.045654296875,6.90380859375,125.66070556640624,480.591552734375,830.1000366210938,33,1,0,2,3,8,7,0,0,1,1,2,4,0,185.42,195.58,205.0,31.0,33.0,0,0,0,0,0,0,0,1,0,0,0,0,0,0,0,1,0,0,0,0,1,0,0,0
Blue,False,0.0,0.0,0.45,0.66,0.66,0.0,1.0,0.0,0.0,0.0,11.0,5.0,9.0,6.0,19.0,12.0,13.0,10.0,3.0,2.0,0.0,0.0,9.0,3.0,2.0,1.0,0.0,0.0,6.0,4.0,2.0,2.0,1.0,1.0,5.0,2.0,5.0,3.0,5.0,2.0,4.0,3.0,1.0,1.0,0.0,0.0,180.0,0.0,259.0,1,0,1,0,1,1,0,0,0,0,0,0,1,0,182.88,190.5,185.0,1.0,0.0,0.52,0.22,0.66,0.0,1.0,1.0,0.0,0.0,34.0,18.0,22.0,5.0,79.0,59.0,57.0,40.0,6.0,4.0,1.0,0.0,32.0,17.0,20.0,4.0,0.0,0.0,1.0,1.0,2.0,1.0,1.0,0.0,8.0,3.0,19.0,3.0,1.0,0.0,2.0,1.0,25.0,15.0,1.0,1.0,729.0,67.0,900.0,3,0,1,0,1,1,0,0,0,0,1,0,0,0,180.34,185.42,155.0,29.0,30.0,0,0,0,0,0,0,0,0,0,1,0,0,0,0,0,0,0,1,0,0,1,0,0,0
Blue,False,0.0,0.0,0.325,0.36,0.0,0.185,0.5,0.0,0.0,0.0,119.5,39.5,126.5,42.0,121.0,40.5,147.5,62.0,0.0,0.0,5.0,1.5,91.5,20.0,105.0,26.5,7.5,5.5,10.5,6.0,20.5,14.0,11.0,9.5,117.5,37.5,114.5,30.5,2.0,2.0,6.0,6.0,0.0,0.0,6.0,5.5,2.0,147.5,900.0,6,0,0,1,1,1,1,0,0,0,1,0,0,0,170.18,180.34,135.0,0.6875,0.25,0.3175,0.3921875,0.0728125,0.005625,0.0,0.0,0.0,0.0,135.1875,45.90625,109.1875,38.46875,137.84375,48.5625,109.96875,39.25,0.9375,0.09375,1.03125,0.0625,120.28125,36.625,82.40625,22.125,12.28125,7.0,17.5,8.5625,2.625,2.28125,9.28125,7.78125,106.84375,29.25,104.90625,35.90625,3.5625,2.9375,1.75,1.1875,24.78125,13.71875,2.53125,1.375,47.59375,11.34375,564.875,15,1,0,2,2,3,3,0,0,1,0,2,0,0,170.18,175.26,135.0,35.0,29.0,1,0,0,0,0,0,0,0,0,0,0,0,0,0,0,1,0,0,0,0,1,0,0,0
Blue,False,0.25,0.01025390625,0.45302001953125,0.50541748046875,0.1905029296875,0.4826977539062499,0.074951171875,0.811279296875,0.0,0.015869140625,98.56201171875,41.39111328125,66.43359375,33.4404296875,162.92236328125,104.015869140625,75.70703125,42.38330078125,8.98583984375,2.5966796875,6.114990234375,3.930908203125,81.47314453125,28.905029296875,56.469970703125,25.55908203125,10.180908203125,7.49560546875,2.810302734375,1.73779296875,6.907958984375,4.990478515625,7.1533203125,6.1435546875,75.473388671875,24.7705078125,53.68310546875,25.93408203125,10.347412109375,5.78759765625,8.648681640625,4.91455078125,12.7412109375,10.8330078125,4.101806640625,2.591796875,222.746337890625,236.140625,843.984375,35,0,1,0,4,8,5,0,0,1,5,1,1,0,172.72,172.72,145.0,0.0,0.1328125,0.34169921875,0.3924609375,0.7569140624999999,0.5065625,0.0234375,0.001953125,0.0,0.0,60.1796875,21.892578125,115.3984375,45.3046875,93.36328125,50.24609375,227.87890625,134.876953125,6.298828125,3.7109375,1.458984375,1.046875,49.751953125,15.21484375,90.451171875,26.40625,5.19921875,2.62109375,8.345703125,4.890625,5.228515625,4.056640625,16.6015625,14.0078125,43.091796875,14.009765625,95.162109375,32.380859375,5.83203125,2.533203125,9.8046875,5.1796875,11.255859375,5.349609375,10.431640625,7.744140625,261.44921875,203.130859375,887.228515625,23,1,0,1,2,4,6,0,0,0,2,0,2,0,165.1,170.18,135.0,29.0,33.0,0,0,1,0,0,0,0,0,0,0,0,0,0,0,0,1,0,0,0,0,1,0,0,0
Red,False,0.0,1.0,0.33,0.6,0.0,0.0,0.0,0.0,0.0,0.0,3.0,1.0,15.0,9.0,3.0,1.0,15.0,9.0,1.0,0.0,0.0,0.0,2.0,1.0,15.0,9.0,0.0,0.0,0.0,0.0,1.0,0.0,0.0,0.0,3.0,1.0,14.0,8.0,0.0,0.0,0.0,0.0,0.0,0.0,1.0,1.0,0.0,2.0,43.0,1,0,0,1,0,0,1,0,0,0,0,0,0,0,177.8,177.8,155.0,0.0,0.25,0.34375,0.47,0.115,0.5,0.0,0.5,0.0,0.0,58.375,22.375,68.125,18.0,66.625,30.375,75.375,25.125,4.625,1.25,0.5,0.5,45.25,14.375,50.5,9.625,5.625,3.5,13.375,6.0,7.5,4.5,4.25,2.375,48.875,15.875,61.25,13.0,4.875,3.25,4.375,3.375,4.625,3.25,2.5,1.625,47.75,41.5,424.75,8,0,1,0,1,2,2,0,0,1,1,0,0,0,172.72,177.8,155.0,25.0,32.0,0,0,0,0,0,0,1,0,0,0,0,0,0,0,0,1,0,0,0,0,0,0,1,0
Blue,False,0.0,0.0,0.45,0.57,1.0,0.57,0.0,0.0,1.0,0.0,71.0,32.0,87.0,50.0,99.0,50.0,115.0,75.0,1.0,1.0,7.0,4.0,64.0,27.0,61.0,31.0,5.0,3.0,17.0,10.0,2.0,2.0,9.0,9.0,36.0,12.0,52.0,23.0,7.0,6.0,15.0,14.0,28.0,14.0,20.0,13.0,135.0,321.0,900.0,3,0,0,1,0,0,1,0,0,0,0,0,0,0,180.34,185.42,170.0,0.0,0.0,0.42,0.41,0.0,0.8,0.0,4.0,1.0,0.0,19.0,8.0,12.0,5.0,85.0,72.0,54.0,41.0,0.0,0.0,5.0,4.0,17.0,6.0,10.0,3.0,1.0,1.0,2.0,2.0,1.0,1.0,0.0,0.0,14.0,3.0,6.0,3.0,0.0,0.0,2.0,1.0,5.0,5.0,4.0,1.0,317.0,512.0,900.0,3,0,0,1,0,0,1,0,0,0,0,0,0,0,175.26,175.26,170.0,22.0,34.0,0,0,0,0,0,0,0,0,0,1,0,0,0,0,0,1,0,0,0,0,0,0,1,0
Red,False,0.0,0.5,0.345,0.55,0.0,0.665,0.0,0.0,0.0,0.0,140.5,48.5,124.0,69.5,179.5,83.0,162.0,100.0,0.5,0.0,3.5,2.5,114.0,30.0,91.0,42.0,15.5,10.0,22.0,17.5,11.0,8.5,11.0,10.0,114.5,33.0,88.5,42.5,25.5,15.0,20.5,16.5,0.5,0.5,15.0,10.5,67.0,425.0,900.0,6,0,1,0,1,1,1,0,0,1,0,0,0,0,172.72,177.8,155.0,0.265625,0.1875,0.39875,0.4540625,0.125,0.349375,0.0,1.140625,0.0,0.0,144.390625,61.078125,120.84375,55.96875,159.390625,75.578125,132.59375,66.328125,0.578125,0.25,4.5625,1.734375,110.3125,36.625,91.359375,33.46875,25.890625,19.078125,19.984375,14.53125,8.1875,5.375,9.5,7.96875,138.4375,56.078125,115.3125,52.421875,4.546875,3.78125,3.578125,2.421875,1.40625,1.21875,1.953125,1.125,73.5,50.703125,777.59375,15,0,0,1,2,3,4,0,0,1,0,2,0,0,170.18,177.8,155.0,36.0,35.0,0,0,0,0,0,0,1,0,0,0,0,0,0,0,0,1,0,0,0,0,0,0,1,0
Red,False,0.125,0.0,0.4037499999999999,0.31625,0.5625,0.1875,1.5,0.0,0.0,0.125,165.75,67.375,135.75,43.0,250.875,137.25,141.875,47.875,5.875,3.375,2.625,0.75,132.125,44.25,118.875,30.25,18.625,11.25,10.875,7.75,15.0,11.875,6.0,5.0,124.625,40.75,125.375,38.25,12.375,9.5,8.75,4.0,28.75,17.125,1.625,0.75,223.75,38.125,900.0,12,0,0,1,2,2,2,0,0,0,2,0,0,0,170.18,167.64,125.0,0.515625,0.5,0.247578125,0.424296875,0.130390625,0.03125,0.078125,0.0,0.0,0.0,67.765625,20.234375,29.1015625,11.9453125,69.96875,22.0078125,31.765625,14.5234375,0.7890625,0.3046875,1.328125,0.21875,52.171875,11.390625,20.859375,6.953125,7.9765625,3.5390625,4.6484375,2.65625,7.6171875,5.3046875,3.59375,2.3359375,61.328125,17.375,23.734375,7.625,2.7734375,0.9921875,2.59375,1.7734375,3.6640625,1.8671875,2.7734375,2.546875,27.640625,14.4609375,306.546875,20,2,3,0,3,6,2,0,0,0,3,3,0,0,162.56,165.1,125.0,27.0,29.0,0,0,0,1,0,0,0,0,0,0,0,0,0,0,0,0,0,1,0,0,0,0,1,0
Red,True,0.6875,0.0,0.5475,0.366875,0.4375,0.0,0.375,0.5,0.0,0.0,50.8125,26.25,43.3125,15.0625,64.625,38.125,46.9375,18.6875,3.3125,1.5625,1.0625,0.0,47.9375,24.125,39.8125,11.75,2.75,2.0,1.25,1.0625,0.125,0.125,2.25,2.25,29.9375,11.625,36.0,11.25,2.5625,1.875,7.3125,3.8125,18.3125,12.75,0.0,0.0,105.0625,21.125,284.0625,8,0,5,0,5,5,0,0,0,0,1,1,2,1,187.96,193.04,205.0,0.1641845703125,0.0,0.626446533203125,0.3827685546875,0.3619702148437499,0.06,0.199462890625,0.125,0.0,0.0,147.038330078125,89.1329345703125,164.03076171875,62.0772705078125,158.2529296875,99.4951171875,177.318359375,73.238525390625,7.4447021484375,1.5367431640625,4.3065185546875,0.5,84.973876953125,41.4320068359375,114.7708740234375,33.880859375,24.197998046875,17.373046875,37.3760986328125,19.3472900390625,37.866455078125,30.327880859375,11.8837890625,8.84912109375,125.6343994140625,73.106201171875,156.87646484375,58.5133056640625,8.74609375,6.367431640625,6.7137451171875,3.4359130859375,12.6578369140625,9.6593017578125,0.4405517578125,0.1280517578125,176.4771728515625,11.13134765625,1073.127685546875,37,7,3,0,10,13,1,0,0,0,4,4,5,0,193.04,213.36,205.0,34.0,26.0,0,0,0,0,0,1,0,0,0,0,0,0,0,0,0,1,0,0,0,0,1,0,0,0
Blue,False,0.43359375,0.0,0.43826171875,0.4190625,0.23654296875,0.03173828125,0.2529296875,0.955078125,0.0009765625,0.0009765625,24.3466796875,10.6669921875,21.0498046875,9.166015625,49.7216796875,33.072265625,36.3046875,23.4150390625,4.736328125,1.5439453125,0.650390625,0.1259765625,19.86328125,7.392578125,18.9375,8.267578125,2.021484375,1.6962890625,1.4580078125,0.57421875,2.4619140625,1.578125,0.654296875,0.32421875,13.5205078125,4.2421875,10.130859375,2.4091796875,1.6083984375,0.78125,3.4716796875,0.6845703125,9.2177734375,5.6435546875,7.447265625,6.072265625,203.193359375,51.451171875,350.25390625,19,0,1,0,3,7,4,0,0,0,1,6,0,0,187.96,198.12,205.0,0.0,0.0,0.30443359375,0.3155859374999999,0.22884765625,0.1059375,0.26953125,0.0078125,0.0,0.03125,127.791015625,36.984375,76.77734375,23.259765625,138.431640625,46.94140625,78.8125,25.107421875,6.501953125,1.78515625,0.8984375,0.34375,99.248046875,23.41796875,53.759765625,11.51171875,19.234375,7.708984375,12.171875,6.171875,9.30859375,5.857421875,10.845703125,5.576171875,113.595703125,28.9453125,73.185546875,21.75390625,3.720703125,2.2421875,2.529296875,1.068359375,10.474609375,5.796875,1.0625,0.4375,109.83203125,29.416015625,822.123046875,26,0,5,0,5,8,2,0,0,0,5,0,3,0,187.96,200.66,205.0,30.0,29.0,0,0,0,0,0,1,0,0,0,0,0,0,0,0,0,1,0,0,0,0,1,0,0,0
Red,False,0.0,0.0,0.52,0.51,1.0,0.5,0.0,0.0,0.0,0.0,105.0,55.0,45.0,23.0,113.0,63.0,53.0,30.0,1.0,1.0,2.0,1.0,96.0,47.0,40.0,18.0,4.0,4.0,3.0,3.0,5.0,4.0,2.0,2.0,83.0,38.0,44.0,22.0,11.0,8.0,0.0,0.0,11.0,9.0,1.0,1.0,40.0,104.0,353.0,2,0,1,0,1,1,0,0,0,0,0,1,0,0,180.34,187.96,145.0,1.109375,0.0,0.419375,0.29671875,0.0,0.29921875,0.0,0.046875,0.0,0.0,142.234375,62.546875,154.203125,46.03125,148.75,67.9375,161.078125,51.90625,0.125,0.0,5.5625,1.671875,118.28125,45.78125,128.46875,31.078125,17.125,11.5,11.765625,4.046875,6.828125,5.265625,13.96875,10.90625,106.640625,38.90625,138.8125,37.53125,32.421875,21.875,7.546875,4.21875,3.171875,1.765625,7.84375,4.28125,10.640625,162.234375,652.890625,17,0,0,1,3,4,3,0,0,1,1,2,0,0,180.34,175.26,145.0,23.0,22.0,0,0,1,0,0,0,0,0,0,0,0,0,0,0,0,1,0,0,0,0,1,0,0,0
Blue,False,0.0,0.0,0.55,0.29,0.25,0.0,0.0,0.0,0.0,0.0,118.0,65.0,186.0,54.0,138.0,84.0,214.0,81.0,4.0,1.0,0.0,0.0,71.0,28.0,156.0,31.0,18.0,12.0,24.0,18.0,29.0,25.0,6.0,5.0,109.0,57.0,175.0,46.0,9.0,8.0,11.0,8.0,0.0,0.0,0.0,0.0,196.0,4.0,900.0,3,0,1,0,1,1,0,0,0,1,0,0,0,0,165.1,162.56,135.0,0.0,0.0,0.66,0.23,0.5,0.0,3.0,0.0,0.0,0.0,185.0,123.0,147.0,34.0,265.0,201.0,158.0,45.0,2.0,1.0,0.0,0.0,129.0,80.0,144.0,34.0,48.0,35.0,2.0,0.0,8.0,8.0,1.0,0.0,143.0,87.0,137.0,31.0,35.0,29.0,6.0,0.0,7.0,7.0,4.0,3.0,88.0,352.0,900.0,3,0,1,0,1,1,0,0,0,0,1,0,0,0,180.34,185.42,135.0,30.0,27.0,0,0,0,0,0,0,0,0,0,0,1,0,0,0,0,1,0,0,0,0,1,0,0,0
Red,False,0.15673828125,0.0,0.52996337890625,0.49830322265625,0.1290673828125,0.364091796875,2.318359375,0.5087890625,0.2578125,0.0,65.791015625,35.10693359375,103.1083984375,52.62109375,93.168701171875,57.419189453125,140.765869140625,87.82763671875,3.059326171875,0.623291015625,6.883544921875,2.926025390625,44.228271484375,19.193359375,78.503173828125,31.103759765625,12.27685546875,7.483642578125,19.5859375,17.19091796875,9.285888671875,8.429931640625,5.019287109375,4.326416015625,51.060302734375,24.799560546875,61.75244140625,24.740966796875,12.3154296875,8.338623046875,18.070068359375,10.6416015625,2.415283203125,1.96875,23.285888671875,17.238525390625,136.58056640625,303.253173828125,868.873779296875,33,0,1,0,4,8,5,0,0,2,3,3,0,0,182.88,187.96,185.0,0.5,0.5,0.515,0.33,0.0,0.0,0.0,0.0,0.0,0.0,17.0,9.0,19.5,6.5,17.0,9.0,20.0,7.0,0.5,0.0,0.0,0.0,9.5,3.0,16.5,4.5,4.5,3.5,1.5,0.5,3.0,2.5,1.5,1.5,15.0,7.0,16.0,3.5,1.5,1.5,0.5,0.5,0.5,0.5,3.0,2.5,8.0,6.5,151.5,2,0,0,1,1,1,1,0,0,0,0,1,0,0,190.5,195.58,205.0,33.0,29.0,0,0,0,0,0,0,0,1,0,0,0,0,0,0,0,1,0,0,0,0,0,0,1,0
Red,False,0.5,0.0,0.29,0.335,0.0,0.25,0.0,0.0,0.0,0.0,43.0,14.5,27.5,11.0,43.0,14.5,28.0,11.5,0.0,0.0,1.0,0.5,31.0,7.5,19.5,6.5,9.5,5.5,5.5,2.0,2.5,1.5,2.5,2.5,41.5,13.0,26.5,10.5,0.0,0.0,1.0,0.5,1.5,1.5,0.0,0.0,2.0,8.5,159.5,2,0,0,2,0,0,2,0,0,0,0,0,0,0,177.8,190.5,155.0,0.008544921875,0.0,0.3337802124023437,0.46791748046875,0.9101687622070312,0.1978250122070312,0.906402587890625,1.032379150390625,0.251007080078125,0.25018310546875,59.137725830078125,23.46881103515625,60.95111083984375,27.807769775390625,65.62246704101562,29.7464599609375,91.12481689453124,55.77069091796875,1.30859375,0.982452392578125,2.09197998046875,1.378997802734375,47.37448120117188,14.81903076171875,50.38128662109375,19.358154296875,6.3291015625,4.762603759765625,7.480804443359375,5.925048828125,5.43414306640625,3.887176513671875,3.089019775390625,2.524566650390625,44.708038330078125,13.276153564453123,40.71725463867188,14.976806640625,9.31683349609375,6.22625732421875,10.098358154296877,7.498809814453125,5.11285400390625,3.966400146484375,10.135498046875,5.3321533203125,84.41891479492188,182.1504821777344,497.3440856933594,38,0,2,0,7,12,4,0,0,0,5,2,5,0,172.72,180.34,155.0,26.0,30.0,0,0,0,0,0,0,1,0,0,0,0,0,0,0,0,1,0,0,0,0,0,0,1,0
Red,False,0.0,0.7890625,0.3951953125,0.46921875,0.0590625,0.0078125,0.0,1.01171875,0.015625,0.0078125,9.203125,4.9453125,18.47265625,8.6875,23.9453125,17.4453125,23.50390625,13.56640625,1.96875,0.3828125,0.13671875,0.03125,5.99609375,2.015625,14.43359375,6.609375,2.37890625,2.109375,3.8828125,1.96875,0.828125,0.8203125,0.15625,0.109375,4.98828125,1.62890625,11.203125,3.1328125,2.54296875,1.7734375,1.15234375,1.00390625,1.671875,1.54296875,6.1171875,4.55078125,81.65625,34.9453125,185.34375,18,0,1,0,2,4,5,0,0,0,4,0,0,0,177.8,177.8,155.0,0.0625,0.5625,0.426484375,0.3464453125,0.346015625,0.0086328125,0.5625,1.1796875,0.00390625,0.265625,98.95703125,42.17578125,94.30078125,34.25,122.08984375,62.15234375,121.9375,59.4140625,8.26953125,2.671875,0.76171875,0.05078125,91.6171875,37.3359375,67.203125,14.54296875,4.7578125,2.3515625,16.57421875,9.8125,2.58203125,2.48828125,10.5234375,9.89453125,62.1796875,21.18359375,85.18359375,28.23046875,1.625,1.49609375,1.3359375,1.23828125,35.15234375,19.49609375,7.78125,4.78125,300.13671875,41.5234375,861.875,24,0,1,0,3,6,3,0,0,1,4,1,0,0,175.26,180.34,155.0,33.0,34.0,0,0,0,0,0,0,1,0,0,0,0,0,0,0,0,1,0,0,0,0,1,0,0,0
Red,False,0.015625,0.0,0.45,0.4275,0.25,0.2,0.148468017578125,0.098388671875,0.0,0.0,66.5,29.6875,64.31230545043945,27.34375,89.75,48.0,85.53125,44.41152191162109,2.0,0.75,2.0546875,0.75,51.1875,18.3359375,49.6123046875,16.280410766601562,7.5,5.07647705078125,7.5,5.0,4.5,3.625,4.984375,3.9375,48.6875,17.0,47.11572265625,16.5,5.75,3.75,5.3125,3.4375,5.0625,3.5,3.875,2.5,99.2119140625,94.125,638.5,0,0,0,0,0,0,0,0,0,0,0,0,0,0,172.72,185.42,135.0,0.0471682548522949,0.0,0.45,0.4217682266235352,0.25,0.19173828125,0.1875,0.125,0.0,0.0,69.5,30.5,66.984375,27.8466796875,94.0,48.544921875,88.50390625,44.75,2.0,0.8125,2.015625,0.6640625,54.0,19.01513671875,51.483436584472656,16.9437255859375,7.91796875,5.430633544921875,7.75,5.0625,4.780975341796875,3.9373779296875,4.8994140625,3.84375,51.025390625,18.400863647460938,50.515625,17.5,5.75,3.75,5.5,3.5,5.375,3.6875,4.0,2.65625,104.865234375,89.5,655.8441009521484,0,0,0,0,0,0,0,0,0,0,0,0,0,0,170.18,175.26,125.0,32.0,28.0,1,0,0,0,0,0,0,0,0,0,0,0,0,0,0,1,0,0,0,0,1,0,0,0
Red,False,0.0703125,0.25,0.335,0.47109375,0.144375,0.67515625,0.046875,0.0,0.0,0.0234375,70.7578125,23.9765625,55.3828125,26.1875,92.9375,41.8046875,104.6953125,71.5,6.015625,1.546875,3.53125,2.1328125,54.3125,11.8828125,39.5703125,12.9609375,12.2265625,8.6484375,7.75,7.3046875,4.21875,3.4453125,8.0625,5.921875,52.1015625,14.25,32.0390625,10.515625,8.9140625,5.3125,14.7265625,10.9296875,9.7421875,4.4140625,8.6171875,4.7421875,269.65625,189.4765625,696.28125,18,0,0,1,4,5,3,0,0,1,1,1,2,0,190.5,190.5,170.0,0.335479736328125,0.01568603515625,0.4855998229980469,0.374835205078125,0.437747802734375,0.1455319213867187,0.25042724609375,0.5158233642578125,0.0625,0.5000152587890625,102.48672485351562,48.86738586425781,102.739013671875,39.30406188964844,126.3689422607422,69.05656433105469,116.98251342773438,50.57659912109375,2.0196533203125,1.2540283203125,5.98785400390625,1.4457550048828125,81.19357299804688,32.80302429199219,85.75251770019531,25.200347900390625,7.867568969726562,7.0992279052734375,12.095367431640623,9.980758666992188,13.425582885742188,8.965133666992188,4.891128540039063,4.122955322265625,92.11419677734376,42.97283935546875,88.71064758300781,29.282882690429688,3.7360687255859375,1.9825439453125,13.006851196289062,9.289886474609377,6.6364593505859375,3.9120025634765625,1.021514892578125,0.731292724609375,107.42146301269533,175.2503204345703,709.4940185546875,40,1,0,1,7,11,6,0,0,0,3,6,1,1,175.26,177.8,170.0,32.0,30.0,0,0,0,0,0,0,0,0,0,1,0,0,0,0,0,1,0,0,0,0,1,0,0,0
Red,False,0.38671875,0.5625,0.610859375,0.6953515625,0.041640625,0.0,0.03515625,0.03125,0.0,0.0078125,21.13671875,12.24609375,23.0078125,14.484375,21.75,12.828125,26.5625,17.97265625,0.12890625,0.09375,1.1328125,0.0,17.84375,9.60546875,14.953125,7.05078125,2.24609375,1.89453125,5.796875,5.28125,1.046875,0.74609375,2.2578125,2.15234375,14.0546875,5.7265625,7.83203125,4.16015625,3.109375,2.74609375,10.36328125,7.32421875,3.97265625,3.7734375,4.8125,3.0,11.203125,51.04296875,139.0703125,13,0,1,0,3,7,2,0,0,0,1,5,1,0,198.12,200.66,255.0,0.25,0.078125,0.7328125000000001,0.34109375,0.265625,0.01171875,0.5,0.125,0.0,0.0,54.109375,37.046875,35.78125,12.640625,67.5625,49.5,56.859375,32.5625,1.3125,0.5625,0.5625,0.046875,38.859375,22.65625,31.640625,9.71875,5.296875,4.625,2.09375,1.40625,9.953125,9.765625,2.046875,1.515625,39.1875,25.09375,28.53125,7.171875,6.046875,5.109375,6.65625,4.921875,8.875,6.84375,0.59375,0.546875,103.328125,88.3125,416.84375,13,0,0,1,3,5,2,0,0,0,1,3,1,0,193.04,195.58,231.0,31.0,36.0,0,0,0,0,1,0,0,0,0,0,0,0,0,0,0,1,0,0,0,0,1,0,0,0
Blue,False,0.015625,0.0,0.45,0.4275,0.25,0.2,0.148468017578125,0.098388671875,0.0,0.0,66.5,29.6875,64.31230545043945,27.34375,89.75,48.0,85.53125,44.41152191162109,2.0,0.75,2.0546875,0.75,51.1875,18.3359375,49.6123046875,16.280410766601562,7.5,5.07647705078125,7.5,5.0,4.5,3.625,4.984375,3.9375,48.6875,17.0,47.11572265625,16.5,5.75,3.75,5.3125,3.4375,5.0625,3.5,3.875,2.5,99.2119140625,94.125,638.5,0,0,0,0,0,0,0,0,0,0,0,0,0,0,182.88,180.34,155.0,0.0,0.5,0.375,0.525,0.5,0.8,0.5,0.5,0.5,0.0,79.5,28.5,78.0,41.5,106.5,54.0,106.5,67.5,0.5,0.5,6.0,4.0,55.5,13.5,47.0,17.0,14.5,10.0,10.0,8.0,9.5,5.0,21.0,16.5,56.0,11.5,52.0,22.5,15.0,12.5,9.5,6.0,8.5,4.5,16.5,13.0,121.0,365.5,756.0,6,0,0,2,0,0,2,0,0,0,0,0,0,0,177.8,177.8,145.0,25.0,32.0,0,0,1,0,0,0,0,0,0,0,0,0,0,0,0,0,0,1,0,0,1,0,0,0
Red,False,0.9375,0.0625,0.4415624999999999,0.433125,0.015625,0.130625,0.5,0.5078125,0.0,0.0,99.15625,40.7109375,87.0703125,37.40625,100.6796875,41.109375,96.484375,44.734375,0.546875,0.03125,6.703125,0.6953125,61.5859375,13.40625,80.3125,33.4765625,18.65625,10.8828125,5.3515625,2.7734375,18.9140625,16.421875,1.40625,1.15625,90.71875,35.7265625,59.8125,22.71875,0.2890625,0.234375,0.6328125,0.59375,8.1484375,4.75,26.625,14.09375,33.8359375,98.34375,631.984375,19,0,4,0,4,7,1,0,1,1,1,4,0,0,180.34,190.5,145.0,0.76953125,0.171875,0.4513916015625,0.4004296874999999,0.7885693359375,0.041318359375,0.25244140625,0.0009765625,0.25,0.25,57.68701171875,27.22412109375,57.53271484375,22.07421875,62.43408203125,31.39501953125,62.185546875,26.69921875,1.58837890625,1.13427734375,1.78857421875,0.25048828125,32.27001953125,10.71435546875,44.94873046875,13.72314453125,16.5634765625,9.107421875,7.7197265625,4.46240234375,8.853515625,7.40234375,4.8642578125,3.888671875,47.42578125,21.07275390625,51.123046875,18.42041015625,4.603515625,2.5048828125,4.2041015625,2.5908203125,5.65771484375,3.646484375,2.20556640625,1.06298828125,67.94287109375,51.484375,458.7294921875,24,0,4,0,4,9,3,0,0,0,3,3,3,0,185.42,185.42,155.0,28.0,31.0,0,0,0,0,0,0,1,0,0,0,0,0,0,0,0,1,0,0,0,0,1,0,0,0
Red,False,0.0,0.0,0.32625,0.5049999999999999,0.1987499999999999,0.4875,0.25,0.125,0.0,0.125,167.875,48.75,111.5,58.25,216.875,88.875,133.125,78.5,6.0,1.625,5.875,2.875,139.25,35.375,96.625,47.5,25.75,11.125,10.25,6.75,2.875,2.25,4.625,4.0,146.25,35.625,97.125,47.0,10.375,6.5,8.375,6.375,11.25,6.625,6.0,4.875,149.0,203.875,799.875,10,0,0,4,0,0,4,0,0,0,0,0,0,0,182.88,182.88,155.0,0.0,0.75,0.45,0.3525,0.4375,0.2,0.5,0.5,0.0,0.25,89.0,37.5,96.5,32.75,112.25,57.75,115.75,50.75,3.0,2.0,6.5,1.5,65.75,19.25,83.0,26.25,16.25,12.75,11.75,5.5,7.0,5.5,1.75,1.0,57.0,20.5,80.0,25.25,11.25,8.0,4.5,2.75,20.75,9.0,12.0,4.75,201.5,129.0,824.75,8,0,2,0,2,2,1,0,0,0,1,0,1,0,180.34,187.96,170.0,30.0,29.0,0,0,0,0,0,0,1,0,0,0,0,0,0,0,0,1,0,0,0,0,1,0,0,0
Blue,False,0.1875,0.0,0.4781249999999999,0.293125,0.438125,0.26,0.5625,0.0,0.0,0.0,90.0,39.25,95.4375,27.5625,119.0,65.0,115.5625,42.75,13.625,7.9375,1.75,0.3125,78.75,29.5625,79.8125,17.0,7.25,5.875,12.875,7.8125,4.0,3.8125,2.75,2.75,68.25,26.0,91.375,24.125,5.5,2.3125,2.8125,2.6875,16.25,10.9375,1.25,0.75,393.375,28.625,791.125,13,0,5,0,5,5,0,0,0,0,3,1,1,0,177.8,177.8,155.0,0.5390625,0.000244140625,0.37652099609375,0.38949462890625,0.2899853515625,0.61416259765625,0.036376953125,0.126953125,0.000244140625,0.00048828125,124.76806640625,46.690185546875,123.464599609375,42.471923828125,146.331787109375,67.32421875,133.567138671875,51.80029296875,5.349365234375,1.8896484375,3.74365234375,1.289306640625,91.12841796875,25.0244140625,91.24560546875,21.616455078125,21.830078125,12.64599609375,22.75048828125,13.220947265625,11.8095703125,9.019775390625,9.468505859375,7.634521484375,103.83203125,34.269775390625,114.4140625,36.662841796875,10.07763671875,6.9482421875,7.998779296875,5.287841796875,10.8583984375,5.47216796875,1.0517578125,0.521240234375,186.49072265625,100.701416015625,866.983154296875,34,0,0,2,5,9,4,0,0,0,6,1,2,0,172.72,177.8,155.0,25.0,29.0,0,0,0,0,0,0,1,0,0,0,0,0,0,0,0,1,0,0,0,0,0,0,1,0
Blue,False,0.5,0.0,0.685,0.3,0.0,0.3825,0.0,0.0,0.0,0.0,76.0,45.5,70.25,24.25,90.75,59.5,80.25,34.25,2.5,0.0,4.0,2.0,45.5,21.75,51.75,12.5,19.25,15.0,6.0,2.0,11.25,8.75,12.5,9.75,54.25,28.5,63.75,22.5,6.0,4.0,3.0,0.5,15.75,13.0,3.5,1.25,39.5,100.0,599.25,7,0,3,0,3,3,0,0,0,0,0,3,0,0,182.88,185.42,185.0,0.0078125,0.0078125,0.40125,0.345625,0.1640625,0.21984375,0.0,0.0625,0.0078125,0.5,124.3046875,51.421875,104.03125,37.6171875,139.96875,65.3515625,115.3125,48.0234375,5.7265625,1.4140625,1.34375,0.4375,84.71875,26.578125,80.1171875,23.03125,20.96875,10.703125,7.5234375,4.1640625,18.6171875,14.140625,16.390625,10.421875,116.6796875,47.15625,81.1640625,25.5625,6.3046875,3.0703125,21.25,11.2265625,1.3203125,1.1953125,1.6171875,0.828125,151.0390625,116.1015625,895.0,22,0,2,0,5,7,1,0,0,1,5,1,0,0,185.42,187.96,185.0,36.0,26.0,0,0,0,0,0,0,0,1,0,0,0,0,0,0,0,0,0,1,0,0,1,0,0,0
Red,False,0.0,0.0,0.565,0.435,0.75,1.0,0.5,0.5,0.0,0.0,64.75,35.0,92.75,29.25,104.0,66.5,112.5,48.25,1.25,1.25,1.0,1.0,51.0,22.75,67.75,13.25,5.25,3.75,7.25,4.75,8.5,8.5,17.75,11.25,43.0,21.75,77.25,20.25,3.25,2.5,12.75,7.25,18.5,10.75,2.75,1.75,140.0,156.0,656.5,6,1,0,1,1,1,2,0,0,0,0,1,0,0,167.64,167.64,125.0,0.0,0.0,0.51,0.73,0.375,0.875,1.5,2.0,0.5,1.0,46.0,23.5,52.5,37.5,67.0,41.0,140.5,120.5,5.0,2.0,4.5,3.5,42.5,20.5,38.0,23.5,3.5,3.0,7.5,7.0,0.0,0.0,7.0,7.0,30.5,14.5,23.0,11.5,11.0,6.0,15.0,12.5,4.5,3.0,14.5,13.5,207.5,388.5,716.5,6,1,0,2,0,0,2,0,0,0,0,0,0,0,167.64,167.64,135.0,30.0,27.0,0,0,0,0,0,0,0,0,0,0,1,0,0,0,0,1,0,0,0,0,1,0,0,0
Red,False,0.015625,0.0,0.45,0.4275,0.25,0.2,0.148468017578125,0.098388671875,0.0,0.0,66.5,29.6875,64.31230545043945,27.34375,89.75,48.0,85.53125,44.41152191162109,2.0,0.75,2.0546875,0.75,51.1875,18.3359375,49.6123046875,16.280410766601562,7.5,5.07647705078125,7.5,5.0,4.5,3.625,4.984375,3.9375,48.6875,17.0,47.11572265625,16.5,5.75,3.75,5.3125,3.4375,5.0625,3.5,3.875,2.5,99.2119140625,94.125,638.5,0,0,0,0,0,0,0,0,0,0,0,0,0,0,203.2,203.2,255.0,0.0471682548522949,0.0,0.45,0.4217682266235352,0.25,0.19173828125,0.1875,0.125,0.0,0.0,69.5,30.5,66.984375,27.8466796875,94.0,48.544921875,88.50390625,44.75,2.0,0.8125,2.015625,0.6640625,54.0,19.01513671875,51.483436584472656,16.9437255859375,7.91796875,5.430633544921875,7.75,5.0625,4.780975341796875,3.9373779296875,4.8994140625,3.84375,51.025390625,18.400863647460938,50.515625,17.5,5.75,3.75,5.5,3.5,5.375,3.6875,4.0,2.65625,104.865234375,89.5,655.8441009521484,0,0,0,0,0,0,0,0,0,0,0,0,0,0,190.5,200.66,260.0,33.0,29.0,0,0,0,0,1,0,0,0,0,0,0,0,0,0,0,0,0,0,1,0,1,0,0,0
Red,False,0.015625,0.0,0.45,0.4275,0.25,0.2,0.148468017578125,0.098388671875,0.0,0.0,66.5,29.6875,64.31230545043945,27.34375,89.75,48.0,85.53125,44.41152191162109,2.0,0.75,2.0546875,0.75,51.1875,18.3359375,49.6123046875,16.280410766601562,7.5,5.07647705078125,7.5,5.0,4.5,3.625,4.984375,3.9375,48.6875,17.0,47.11572265625,16.5,5.75,3.75,5.3125,3.4375,5.0625,3.5,3.875,2.5,99.2119140625,94.125,638.5,0,0,0,0,0,0,0,0,0,0,0,0,0,0,162.56,160.02,135.0,0.0,0.0,0.47,0.49,0.385,0.165,0.0,1.5,0.0,0.0,93.5,45.0,87.5,43.0,134.0,81.5,111.0,65.0,8.5,3.0,4.0,1.0,70.0,25.0,55.5,19.0,12.5,10.5,12.5,6.5,11.0,9.5,19.5,17.5,58.5,16.0,67.5,26.5,16.5,13.0,12.5,9.0,18.5,16.0,7.5,7.5,384.0,102.0,849.5,6,0,1,0,1,1,1,0,0,0,0,1,0,0,165.1,165.1,125.0,20.0,25.0,0,0,0,1,0,0,0,0,0,0,0,0,0,0,0,1,0,0,0,0,1,0,0,0
Red,False,0.015625,0.0,0.45,0.4275,0.25,0.2,0.148468017578125,0.098388671875,0.0,0.0,66.5,29.6875,64.31230545043945,27.34375,89.75,48.0,85.53125,44.41152191162109,2.0,0.75,2.0546875,0.75,51.1875,18.3359375,49.6123046875,16.280410766601562,7.5,5.07647705078125,7.5,5.0,4.5,3.625,4.984375,3.9375,48.6875,17.0,47.11572265625,16.5,5.75,3.75,5.3125,3.4375,5.0625,3.5,3.875,2.5,99.2119140625,94.125,638.5,0,0,0,0,0,0,0,0,0,0,0,0,0,0,180.34,182.88,145.0,0.0471682548522949,0.0,0.45,0.4217682266235352,0.25,0.19173828125,0.1875,0.125,0.0,0.0,69.5,30.5,66.984375,27.8466796875,94.0,48.544921875,88.50390625,44.75,2.0,0.8125,2.015625,0.6640625,54.0,19.01513671875,51.483436584472656,16.9437255859375,7.91796875,5.430633544921875,7.75,5.0625,4.780975341796875,3.9373779296875,4.8994140625,3.84375,51.025390625,18.400863647460938,50.515625,17.5,5.75,3.75,5.5,3.5,5.375,3.6875,4.0,2.65625,104.865234375,89.5,655.8441009521484,0,0,0,0,0,0,0,0,0,0,0,0,0,0,172.72,177.8,145.0,28.0,23.0,0,0,1,0,0,0,0,0,0,0,0,0,0,0,0,1,0,0,0,0,1,0,0,0
Red,False,0.015625,0.0,0.45,0.4275,0.25,0.2,0.148468017578125,0.098388671875,0.0,0.0,66.5,29.6875,64.31230545043945,27.34375,89.75,48.0,85.53125,44.41152191162109,2.0,0.75,2.0546875,0.75,51.1875,18.3359375,49.6123046875,16.280410766601562,7.5,5.07647705078125,7.5,5.0,4.5,3.625,4.984375,3.9375,48.6875,17.0,47.11572265625,16.5,5.75,3.75,5.3125,3.4375,5.0625,3.5,3.875,2.5,99.2119140625,94.125,638.5,0,0,0,0,0,0,0,0,0,0,0,0,0,0,182.88,182.88,170.0,1.0,0.0,0.475,0.38,0.0,0.5,0.0,1.0,0.0,0.0,55.5,26.5,60.5,25.5,56.0,27.0,61.0,26.0,0.0,0.0,1.0,0.5,49.0,21.5,46.5,15.5,6.0,4.5,12.0,8.5,0.5,0.5,2.0,1.5,38.5,16.5,45.5,14.0,11.0,7.0,8.5,6.0,6.0,3.0,6.5,5.5,52.5,34.0,321.0,3,0,1,0,1,1,1,0,0,0,0,1,0,0,182.88,185.42,170.0,28.0,24.0,0,0,0,0,0,0,0,0,0,1,0,0,0,0,0,1,0,0,0,0,1,0,0,0
Red,False,0.015625,0.0,0.45,0.4275,0.25,0.2,0.148468017578125,0.098388671875,0.0,0.0,66.5,29.6875,64.31230545043945,27.34375,89.75,48.0,85.53125,44.41152191162109,2.0,0.75,2.0546875,0.75,51.1875,18.3359375,49.6123046875,16.280410766601562,7.5,5.07647705078125,7.5,5.0,4.5,3.625,4.984375,3.9375,48.6875,17.0,47.11572265625,16.5,5.75,3.75,5.3125,3.4375,5.0625,3.5,3.875,2.5,99.2119140625,94.125,638.5,0,0,0,0,0,0,0,0,0,0,0,0,0,0,187.96,187.96,185.0,0.0,0.0,0.4475,0.4499999999999999,0.1575,0.3325,1.25,0.5,0.5,0.0,63.75,26.75,72.75,31.25,117.0,72.75,116.25,68.25,5.25,0.75,4.5,2.0,39.75,12.0,56.5,18.5,10.0,6.75,9.5,7.75,14.0,8.0,6.75,5.0,49.5,16.75,50.5,14.5,7.5,5.75,10.0,9.25,6.75,4.25,12.25,7.5,266.0,160.5,792.25,8,0,0,1,2,2,1,0,0,0,1,0,1,0,185.42,185.42,185.0,32.0,26.0,0,0,0,0,0,0,0,1,0,0,0,0,0,0,0,1,0,0,0,0,1,0,0,0
Red,False,0.015625,0.0,0.45,0.4275,0.25,0.2,0.148468017578125,0.098388671875,0.0,0.0,66.5,29.6875,64.31230545043945,27.34375,89.75,48.0,85.53125,44.41152191162109,2.0,0.75,2.0546875,0.75,51.1875,18.3359375,49.6123046875,16.280410766601562,7.5,5.07647705078125,7.5,5.0,4.5,3.625,4.984375,3.9375,48.6875,17.0,47.11572265625,16.5,5.75,3.75,5.3125,3.4375,5.0625,3.5,3.875,2.5,99.2119140625,94.125,638.5,0,0,0,0,0,0,0,0,0,0,0,0,0,0,185.42,187.96,205.0,0.5,0.0,0.73125,0.4825,0.125,0.05,0.0,0.25,0.0,0.0,54.5,38.75,56.0,33.125,74.875,56.75,75.125,49.875,1.25,0.25,3.625,0.25,29.875,15.75,29.375,10.25,9.375,8.375,8.125,6.125,15.25,14.625,18.5,16.75,26.5,14.875,30.25,12.375,18.875,17.375,19.625,16.5,9.125,6.5,6.125,4.25,299.875,111.75,628.875,9,0,1,0,1,2,2,0,0,0,1,1,0,0,185.42,185.42,205.0,30.0,32.0,0,0,0,0,0,1,0,0,0,0,0,0,0,0,0,1,0,0,0,0,1,0,0,0
Red,True,0.015625,0.0,0.45,0.4275,0.25,0.2,0.148468017578125,0.098388671875,0.0,0.0,66.5,29.6875,64.31230545043945,27.34375,89.75,48.0,85.53125,44.41152191162109,2.0,0.75,2.0546875,0.75,51.1875,18.3359375,49.6123046875,16.280410766601562,7.5,5.07647705078125,7.5,5.0,4.5,3.625,4.984375,3.9375,48.6875,17.0,47.11572265625,16.5,5.75,3.75,5.3125,3.4375,5.0625,3.5,3.875,2.5,99.2119140625,94.125,638.5,0,0,0,0,0,0,0,0,0,0,0,0,0,0,175.26,177.8,155.0,0.0471682548522949,0.0,0.45,0.4217682266235352,0.25,0.19173828125,0.1875,0.125,0.0,0.0,69.5,30.5,66.984375,27.8466796875,94.0,48.544921875,88.50390625,44.75,2.0,0.8125,2.015625,0.6640625,54.0,19.01513671875,51.483436584472656,16.9437255859375,7.91796875,5.430633544921875,7.75,5.0625,4.780975341796875,3.9373779296875,4.8994140625,3.84375,51.025390625,18.400863647460938,50.515625,17.5,5.75,3.75,5.5,3.5,5.375,3.6875,4.0,2.65625,104.865234375,89.5,655.8441009521484,0,0,0,0,0,0,0,0,0,0,0,0,0,0,177.8,180.34,170.0,25.0,27.0,0,0,0,0,0,0,0,0,0,1,0,0,0,0,0,0,0,1,0,0,1,0,0,0
Red,False,0.53125,0.0,0.5503125,0.2121875,0.2321875,0.25,0.375,0.375,0.0,0.03125,29.4375,16.59375,24.28125,10.28125,31.90625,19.03125,44.875,28.125,2.3125,1.03125,0.78125,0.375,21.65625,10.6875,20.96875,8.375,4.78125,3.28125,2.03125,1.25,3.0,2.625,1.28125,0.65625,21.96875,10.71875,20.46875,6.9375,0.59375,0.5,1.0625,0.875,6.875,5.375,2.75,2.46875,86.59375,65.5625,312.96875,10,0,3,0,3,4,2,0,0,0,0,2,2,0,185.42,193.04,170.0,0.006103515625,0.25,0.46450927734375,0.5448376464843749,0.0316943359375,0.6256103515625,0.033203125,0.2353515625,0.0626220703125,0.0313720703125,96.4632568359375,47.52978515625,117.7423095703125,59.038330078125,115.563232421875,65.4949951171875,171.0352783203125,101.6551513671875,3.3668212890625,0.063720703125,3.2659912109375,2.62646484375,74.0274658203125,31.7923583984375,91.130615234375,38.3084716796875,12.5609130859375,7.5093994140625,15.99365234375,12.029296875,9.8748779296875,8.22802734375,10.6180419921875,8.7005615234375,78.2183837890625,35.8619384765625,73.2520751953125,26.9530029296875,16.27587890625,10.4058837890625,26.360595703125,20.0704345703125,1.968994140625,1.261962890625,18.129638671875,12.014892578125,125.1351318359375,241.675048828125,675.3778076171875,33,2,0,4,4,6,8,0,0,1,2,2,0,0,180.34,190.5,170.0,34.0,34.0,0,0,0,0,0,0,0,0,0,1,0,0,0,0,0,0,0,1,0,0,1,0,0,0
Blue,False,0.5,0.0,0.495,0.39,0.25,0.25,0.0,0.0,0.5,0.0,61.5,33.5,32.0,12.5,88.0,57.0,33.0,13.5,2.0,1.0,2.5,1.0,36.5,14.0,21.5,6.5,7.5,5.5,5.5,2.5,17.5,14.0,5.0,3.5,41.0,17.0,28.5,9.0,10.0,9.0,3.0,3.0,10.5,7.5,0.5,0.5,186.5,103.0,590.0,4,0,2,0,2,2,0,0,0,0,1,1,0,0,180.34,187.96,185.0,0.0156936645507812,0.2534255981445312,0.3636451721191406,0.2664273834228515,0.0662008666992187,0.041570816040039,0.0009918212890625,0.0020370483398437,1.1444091796875e-05,0.1250038146972656,163.3466796875,65.18902587890625,119.16032409667967,30.301647186279297,173.85566329956055,74.84760665893555,128.61213302612305,38.77631378173828,2.248626708984375,0.6226425170898438,2.308868408203125,0.2877006530761719,137.17423629760742,45.203216552734375,90.74910736083984,14.410118103027344,6.916259765625,3.624679565429688,15.003150939941406,7.363849639892578,19.256183624267575,16.361129760742188,13.408065795898438,8.527679443359375,154.09505462646484,60.38196563720703,111.64648818969728,25.54209518432617,7.0358734130859375,3.618030548095703,4.006065368652344,2.4590797424316406,2.2157516479492188,1.1890296936035156,3.507770538330078,2.3004722595214844,61.17236328125,43.15535736083984,746.3183670043945,45,1,4,0,4,14,5,0,0,1,5,8,0,0,185.42,190.5,185.0,34.0,35.0,0,0,0,0,0,0,0,1,0,0,0,0,0,0,0,1,0,0,0,0,1,0,0,0
Blue,True,0.015625,0.0,0.45,0.4275,0.25,0.2,0.148468017578125,0.098388671875,0.0,0.0,66.5,29.6875,64.31230545043945,27.34375,89.75,48.0,85.53125,44.41152191162109,2.0,0.75,2.0546875,0.75,51.1875,18.3359375,49.6123046875,16.280410766601562,7.5,5.07647705078125,7.5,5.0,4.5,3.625,4.984375,3.9375,48.6875,17.0,47.11572265625,16.5,5.75,3.75,5.3125,3.4375,5.0625,3.5,3.875,2.5,99.2119140625,94.125,638.5,0,0,0,0,0,0,0,0,0,0,0,0,0,0,185.42,190.5,185.0,0.0471682548522949,0.0,0.45,0.4217682266235352,0.25,0.19173828125,0.1875,0.125,0.0,0.0,69.5,30.5,66.984375,27.8466796875,94.0,48.544921875,88.50390625,44.75,2.0,0.8125,2.015625,0.6640625,54.0,19.01513671875,51.483436584472656,16.9437255859375,7.91796875,5.430633544921875,7.75,5.0625,4.780975341796875,3.9373779296875,4.8994140625,3.84375,51.025390625,18.400863647460938,50.515625,17.5,5.75,3.75,5.5,3.5,5.375,3.6875,4.0,2.65625,104.865234375,89.5,655.8441009521484,0,0,0,0,0,0,0,0,0,0,0,0,0,0,185.42,180.34,170.0,25.0,29.0,0,0,0,0,0,0,0,1,0,0,0,0,0,0,0,1,0,0,0,0,0,0,1,0
Red,False,0.0,0.25,0.5075000000000001,0.5925,0.0825,0.5225,0.0,0.0,0.0,0.0,45.75,23.75,65.75,32.25,49.75,27.5,86.5,52.5,1.5,0.5,3.75,0.75,32.25,12.25,48.5,18.75,6.25,5.25,10.5,7.0,7.25,6.25,6.75,6.5,41.0,20.25,46.75,16.25,4.75,3.5,12.5,10.0,0.0,0.0,6.5,6.0,68.0,126.75,462.5,7,0,3,0,3,3,0,0,0,1,1,0,0,0,172.72,172.72,145.0,1.0,0.0,0.503125,0.386328125,0.1251171875,0.407109375,0.6171875,1.359375,0.06640625,0.0,94.4375,47.59375,68.0,27.75390625,106.31640625,57.03125,79.27734375,38.17578125,2.96484375,0.79296875,1.55078125,0.8828125,72.97265625,31.38671875,53.203125,17.59765625,9.5,6.48046875,11.3046875,7.27734375,11.96484375,9.7265625,3.4921875,2.87890625,62.15234375,25.84765625,55.34375,18.98828125,19.57421875,13.0234375,8.47265625,5.4609375,12.7109375,8.72265625,4.18359375,3.3046875,176.71484375,92.94140625,543.921875,21,0,4,0,4,7,2,0,0,0,3,1,3,0,175.26,182.88,155.0,31.0,25.0,0,0,1,0,0,0,0,0,0,0,0,0,0,0,0,1,0,0,0,0,0,0,1,0
Red,False,0.015625,0.0,0.45,0.4275,0.25,0.2,0.148468017578125,0.098388671875,0.0,0.0,66.5,29.6875,64.31230545043945,27.34375,89.75,48.0,85.53125,44.41152191162109,2.0,0.75,2.0546875,0.75,51.1875,18.3359375,49.6123046875,16.280410766601562,7.5,5.07647705078125,7.5,5.0,4.5,3.625,4.984375,3.9375,48.6875,17.0,47.11572265625,16.5,5.75,3.75,5.3125,3.4375,5.0625,3.5,3.875,2.5,99.2119140625,94.125,638.5,0,0,0,0,0,0,0,0,0,0,0,0,0,0,175.26,167.64,135.0,0.0,0.0,0.4,0.31,0.0,0.0,0.0,0.0,0.0,0.0,214.0,87.0,209.0,65.0,258.0,131.0,237.0,93.0,0.0,0.0,0.0,0.0,171.0,53.0,176.0,39.0,20.0,18.0,20.0,15.0,23.0,16.0,13.0,11.0,158.0,45.0,164.0,39.0,56.0,42.0,45.0,26.0,0.0,0.0,0.0,0.0,71.0,85.0,900.0,3,0,0,1,0,0,1,0,0,0,0,0,0,0,165.1,167.64,135.0,31.0,28.0,0,0,0,0,0,0,0,0,0,0,1,0,0,0,0,1,0,0,0,0,1,0,0,0
Blue,False,0.0,0.0,0.335,0.38,0.0,0.355,0.0,0.0,0.0,0.0,144.5,49.0,175.5,64.0,152.0,56.5,206.0,90.0,0.0,0.0,7.0,2.5,92.0,21.5,145.5,41.0,41.0,21.5,16.0,10.5,11.5,6.0,14.0,12.5,144.0,48.5,155.5,50.5,0.5,0.5,3.0,2.5,0.0,0.0,17.0,11.0,0.0,187.0,900.0,6,0,0,1,1,1,1,0,0,0,1,0,0,0,177.8,177.8,155.0,0.01025390625,0.001953125,0.2971339416503906,0.4200892639160156,0.559072265625,0.1971188354492187,0.501953125,0.25341796875,0.00048828125,0.2500152587890625,200.0437469482422,58.44351196289063,122.02767944335938,54.27554321289063,211.6277313232422,69.10052490234375,136.02688598632812,65.86727905273438,2.4476318359375,1.254150390625,8.889877319335938,1.1763458251953125,137.14788818359375,20.645233154296875,100.5682373046875,37.850616455078125,45.850921630859375,23.632064819335938,12.62335205078125,9.243026733398438,17.044937133789062,14.166213989257812,8.836090087890625,7.181900024414063,188.48587036132807,51.22467041015625,113.60244750976562,48.30490112304688,5.1557464599609375,3.8876800537109375,6.660247802734375,5.207916259765625,6.402130126953125,3.331161499023437,1.764984130859375,0.762725830078125,100.4122314453125,101.88168334960938,891.5191345214844,47,0,1,0,2,9,8,0,0,3,5,1,0,0,175.26,177.8,155.0,31.0,29.0,0,0,0,0,0,0,0,0,0,1,0,0,0,0,0,1,0,0,0,0,1,0,0,0
Red,False,0.0,0.5,0.21,0.4125,0.0,0.7075,2.0,0.25,0.25,0.25,29.5,8.25,39.0,17.0,32.25,10.75,44.25,20.25,0.5,0.0,1.75,1.0,24.0,4.5,32.0,12.0,2.5,2.25,3.5,2.25,3.0,1.5,3.5,2.75,26.25,6.25,25.25,10.75,1.0,0.75,4.25,3.0,2.25,1.25,9.5,3.25,16.75,151.75,305.25,5,0,1,0,1,2,1,0,0,0,0,0,2,0,170.18,180.34,135.0,0.265625,0.828125,0.39654296875,0.3980078125,0.240703125,0.10736328125,0.125,0.2578125,0.00390625,0.25,77.546875,31.603515625,68.115234375,27.1015625,98.076171875,50.29296875,82.310546875,40.669921875,2.509765625,0.814453125,1.73828125,0.40234375,57.314453125,19.587890625,59.361328125,20.484375,13.837890625,7.982421875,5.234375,3.673828125,6.39453125,4.033203125,3.51953125,2.943359375,60.615234375,20.099609375,48.26171875,16.169921875,10.818359375,6.6953125,10.72265625,5.8828125,6.11328125,4.80859375,9.130859375,5.048828125,123.447265625,120.9375,507.24609375,24,0,0,1,2,4,6,0,0,1,1,2,0,0,185.42,182.88,135.0,24.0,32.0,1,0,0,0,0,0,0,0,0,0,0,0,0,0,0,1,0,0,0,0,1,0,0,0
Red,False,0.015625,0.0,0.45,0.4275,0.25,0.2,0.148468017578125,0.098388671875,0.0,0.0,66.5,29.6875,64.31230545043945,27.34375,89.75,48.0,85.53125,44.41152191162109,2.0,0.75,2.0546875,0.75,51.1875,18.3359375,49.6123046875,16.280410766601562,7.5,5.07647705078125,7.5,5.0,4.5,3.625,4.984375,3.9375,48.6875,17.0,47.11572265625,16.5,5.75,3.75,5.3125,3.4375,5.0625,3.5,3.875,2.5,99.2119140625,94.125,638.5,0,0,0,0,0,0,0,0,0,0,0,0,0,0,180.34,180.34,145.0,0.0,0.0009765625,0.4475732421875,0.371240234375,0.2750537109375,0.45615234375,0.6953125,0.42431640625,0.06640625,0.02001953125,70.7666015625,35.1875,101.98046875,40.47900390625,99.7265625,62.91015625,153.04541015625,88.99072265625,10.013671875,2.24658203125,2.78466796875,2.20458984375,49.45556640625,18.20703125,80.0869140625,25.7587890625,6.6875,4.41943359375,14.5732421875,9.14990234375,14.62353515625,12.56103515625,7.3203125,5.5703125,40.3759765625,12.86767578125,72.5224609375,21.4775390625,11.78076171875,8.81640625,20.68115234375,13.98974609375,18.60986328125,13.50341796875,8.77685546875,5.01171875,377.861328125,156.99462890625,868.38818359375,28,0,0,1,3,7,5,0,0,0,3,0,4,0,172.72,190.5,155.0,27.0,32.0,0,0,0,0,0,0,1,0,0,0,0,0,0,0,0,1,0,0,0,0,1,0,0,0
Red,False,0.015625,0.0,0.45,0.4275,0.25,0.2,0.148468017578125,0.098388671875,0.0,0.0,66.5,29.6875,64.31230545043945,27.34375,89.75,48.0,85.53125,44.41152191162109,2.0,0.75,2.0546875,0.75,51.1875,18.3359375,49.6123046875,16.280410766601562,7.5,5.07647705078125,7.5,5.0,4.5,3.625,4.984375,3.9375,48.6875,17.0,47.11572265625,16.5,5.75,3.75,5.3125,3.4375,5.0625,3.5,3.875,2.5,99.2119140625,94.125,638.5,0,0,0,0,0,0,0,0,0,0,0,0,0,0,165.1,165.1,135.0,0.25,0.0,0.4499999999999999,0.26,0.3,0.0825,0.75,0.75,0.25,0.0,47.5,21.5,35.25,10.5,54.25,26.25,60.5,28.25,2.25,0.75,2.25,0.75,39.5,16.0,26.75,3.5,5.5,3.25,4.0,4.0,2.5,2.25,4.5,3.0,33.0,13.25,31.5,8.25,8.25,4.75,2.0,1.5,6.25,3.5,1.75,0.75,78.25,85.25,314.5,5,0,0,1,2,2,1,0,0,0,0,0,2,0,165.1,165.1,135.0,30.0,29.0,1,0,0,0,0,0,0,0,0,0,0,0,0,0,0,0,0,1,0,0,0,0,1,0
Red,False,0.015625,0.0,0.45,0.4275,0.25,0.2,0.148468017578125,0.098388671875,0.0,0.0,66.5,29.6875,64.31230545043945,27.34375,89.75,48.0,85.53125,44.41152191162109,2.0,0.75,2.0546875,0.75,51.1875,18.3359375,49.6123046875,16.280410766601562,7.5,5.07647705078125,7.5,5.0,4.5,3.625,4.984375,3.9375,48.6875,17.0,47.11572265625,16.5,5.75,3.75,5.3125,3.4375,5.0625,3.5,3.875,2.5,99.2119140625,94.125,638.5,0,0,0,0,0,0,0,0,0,0,0,0,0,0,180.34,185.42,170.0,0.0471682548522949,0.0,0.45,0.4217682266235352,0.25,0.19173828125,0.1875,0.125,0.0,0.0,69.5,30.5,66.984375,27.8466796875,94.0,48.544921875,88.50390625,44.75,2.0,0.8125,2.015625,0.6640625,54.0,19.01513671875,51.483436584472656,16.9437255859375,7.91796875,5.430633544921875,7.75,5.0625,4.780975341796875,3.9373779296875,4.8994140625,3.84375,51.025390625,18.400863647460938,50.515625,17.5,5.75,3.75,5.5,3.5,5.375,3.6875,4.0,2.65625,104.865234375,89.5,655.8441009521484,0,0,0,0,0,0,0,0,0,0,0,0,0,0,185.42,187.96,170.0,37.0,32.0,0,0,0,0,0,0,0,1,0,0,0,0,0,0,0,1,0,0,0,0,1,0,0,0
Red,False,0.015625,0.0,0.45,0.4275,0.25,0.2,0.148468017578125,0.098388671875,0.0,0.0,66.5,29.6875,64.31230545043945,27.34375,89.75,48.0,85.53125,44.41152191162109,2.0,0.75,2.0546875,0.75,51.1875,18.3359375,49.6123046875,16.280410766601562,7.5,5.07647705078125,7.5,5.0,4.5,3.625,4.984375,3.9375,48.6875,17.0,47.11572265625,16.5,5.75,3.75,5.3125,3.4375,5.0625,3.5,3.875,2.5,99.2119140625,94.125,638.5,0,0,0,0,0,0,0,0,0,0,0,0,0,0,177.8,177.8,170.0,0.0471682548522949,0.0,0.45,0.4217682266235352,0.25,0.19173828125,0.1875,0.125,0.0,0.0,69.5,30.5,66.984375,27.8466796875,94.0,48.544921875,88.50390625,44.75,2.0,0.8125,2.015625,0.6640625,54.0,19.01513671875,51.483436584472656,16.9437255859375,7.91796875,5.430633544921875,7.75,5.0625,4.780975341796875,3.9373779296875,4.8994140625,3.84375,51.025390625,18.400863647460938,50.515625,17.5,5.75,3.75,5.5,3.5,5.375,3.6875,4.0,2.65625,104.865234375,89.5,655.8441009521484,0,0,0,0,0,0,0,0,0,0,0,0,0,0,182.88,185.42,170.0,26.0,25.0,0,0,0,0,0,0,0,0,0,1,0,0,0,0,0,1,0,0,0,0,1,0,0,0
Red,False,1.0,0.0,0.42,0.55,0.0,0.0,1.0,0.0,0.0,0.0,21.0,9.0,9.0,5.0,21.0,9.0,11.0,7.0,0.0,0.0,1.0,0.0,17.0,8.0,6.0,2.0,4.0,1.0,2.0,2.0,0.0,0.0,1.0,1.0,12.0,2.0,5.0,2.0,1.0,1.0,4.0,3.0,8.0,6.0,0.0,0.0,43.0,0.0,105.0,1,0,1,0,1,1,0,0,0,0,0,0,1,0,177.8,182.88,155.0,0.0625,0.140625,0.27734375,0.23796875,0.65546875,0.1353125,0.5625,1.0,0.125,0.125,70.375,28.078125,46.484375,15.015625,96.1875,49.40625,50.359375,18.296875,5.0625,3.34375,0.296875,0.28125,58.3125,21.65625,39.484375,11.890625,8.890625,3.90625,4.6875,1.796875,3.171875,2.515625,2.3125,1.328125,51.921875,17.703125,35.734375,9.296875,8.90625,5.171875,8.6875,4.296875,9.546875,5.203125,2.0625,1.421875,208.875,35.953125,588.375,14,1,0,1,3,4,3,0,0,0,3,1,0,0,180.34,190.5,155.0,24.0,26.0,0,0,0,0,0,0,1,0,0,0,0,0,0,0,0,0,0,1,0,0,1,0,0,0
Red,False,1.0,0.0,0.67,0.56,0.4,0.0,1.0,0.0,0.0,0.0,73.0,49.0,99.0,56.0,82.0,57.0,123.0,75.0,5.0,2.0,3.0,0.0,41.0,22.0,48.0,16.0,10.0,7.0,39.0,29.0,22.0,20.0,12.0,11.0,50.0,28.0,68.0,29.0,19.0,18.0,19.0,17.0,4.0,3.0,12.0,10.0,262.0,228.0,798.0,3,0,1,0,1,1,0,0,0,0,0,1,0,0,182.88,187.96,247.0,0.0,2.0,0.31,0.25,0.5,0.0,0.0,0.0,0.0,0.0,105.0,33.0,71.0,18.0,150.0,73.0,72.0,19.0,2.0,1.0,1.0,0.0,89.0,23.0,53.0,8.0,12.0,7.0,18.0,10.0,4.0,3.0,0.0,0.0,88.0,25.0,71.0,18.0,1.0,0.0,0.0,0.0,16.0,8.0,0.0,0.0,228.0,4.0,900.0,3,0,1,0,1,1,0,0,0,0,1,0,0,0,187.96,190.5,265.0,31.0,27.0,0,0,0,0,1,0,0,0,0,0,0,0,0,0,0,0,0,1,0,0,1,0,0,0
Red,False,0.0,0.0,0.88,0.73,0.25,0.0,1.0,0.0,0.0,0.0,36.0,32.0,26.0,19.0,66.0,62.0,30.0,23.0,12.0,3.0,0.0,0.0,34.0,30.0,21.0,14.0,0.0,0.0,3.0,3.0,2.0,2.0,2.0,2.0,10.0,6.0,14.0,8.0,0.0,0.0,6.0,5.0,26.0,26.0,6.0,6.0,248.0,7.0,350.0,2,0,1,0,1,1,0,0,0,0,0,0,1,0,170.18,175.26,145.0,0.0001220703125,0.5654296875,0.1932756805419921,0.4112468719482421,0.1705146026611328,0.3347637939453124,0.2857513427734375,0.9230804443359376,0.03125,0.0001220703125,124.26021575927734,22.391563415527344,95.22496795654295,35.81477355957031,135.75936126708984,30.82954406738281,114.88776397705078,53.37525177001953,4.906463623046875,1.1085128784179688,4.1082763671875,1.761016845703125,110.49826049804688,14.819427490234377,79.73848724365234,25.393051147460938,4.250694274902344,1.5743637084960938,10.917037963867188,6.6440277099609375,9.511260986328123,5.997772216796875,4.5694427490234375,3.7776947021484375,118.75439453125,20.06372833251953,77.98052215576172,21.811492919921875,2.2060089111328125,1.274078369140625,7.137977600097656,5.15765380859375,3.2998123168945312,1.0537567138671875,10.106468200683594,8.845626831054688,173.01280975341797,135.10440063476562,830.8391876220703,50,0,1,0,4,10,8,0,0,3,2,1,4,0,170.18,177.8,155.0,35.0,32.0,0,0,1,0,0,0,0,0,0,0,0,0,0,0,0,1,0,0,0,0,1,0,0,0
Red,False,0.0,0.0,0.63,0.46,0.16,0.7,1.0,0.5,0.0,0.0,115.0,72.0,106.0,51.5,131.0,86.5,137.0,80.5,6.5,1.0,3.0,1.5,71.5,32.0,85.0,33.0,21.0,18.5,17.5,15.0,22.5,21.5,3.5,3.5,87.5,49.0,85.5,32.5,22.5,20.0,20.5,19.0,5.0,3.0,0.0,0.0,146.0,143.5,900.0,6,0,0,1,1,1,1,0,0,1,0,0,0,0,190.5,190.5,185.0,0.017578125,0.001953125,0.4753124999999999,0.41380859375,0.39306640625,0.01109375,0.83984375,0.01171875,0.0,0.125,57.755859375,26.62890625,56.1484375,25.00390625,89.349609375,54.69140625,77.833984375,45.408203125,8.78515625,3.3828125,0.109375,0.078125,53.431640625,23.681640625,42.736328125,14.291015625,2.541015625,1.234375,4.75,2.92578125,1.783203125,1.712890625,8.662109375,7.787109375,36.853515625,12.671875,41.564453125,16.291015625,4.888671875,3.03515625,10.23828125,5.68359375,16.013671875,10.921875,4.345703125,3.029296875,530.208984375,77.2890625,903.9375,26,1,0,1,5,7,3,0,0,1,3,0,3,0,185.42,198.12,185.0,33.0,32.0,0,0,0,0,0,0,0,1,0,0,0,0,0,0,0,1,0,0,0,0,1,0,0,0
Blue,False,0.015625,0.0,0.45,0.4275,0.25,0.2,0.148468017578125,0.098388671875,0.0,0.0,66.5,29.6875,64.31230545043945,27.34375,89.75,48.0,85.53125,44.41152191162109,2.0,0.75,2.0546875,0.75,51.1875,18.3359375,49.6123046875,16.280410766601562,7.5,5.07647705078125,7.5,5.0,4.5,3.625,4.984375,3.9375,48.6875,17.0,47.11572265625,16.5,5.75,3.75,5.3125,3.4375,5.0625,3.5,3.875,2.5,99.2119140625,94.125,638.5,0,0,0,0,0,0,0,0,0,0,0,0,0,0,175.26,180.34,145.0,0.0471682548522949,0.0,0.45,0.4217682266235352,0.25,0.19173828125,0.1875,0.125,0.0,0.0,69.5,30.5,66.984375,27.8466796875,94.0,48.544921875,88.50390625,44.75,2.0,0.8125,2.015625,0.6640625,54.0,19.01513671875,51.483436584472656,16.9437255859375,7.91796875,5.430633544921875,7.75,5.0625,4.780975341796875,3.9373779296875,4.8994140625,3.84375,51.025390625,18.400863647460938,50.515625,17.5,5.75,3.75,5.5,3.5,5.375,3.6875,4.0,2.65625,104.865234375,89.5,655.8441009521484,0,0,0,0,0,0,0,0,0,0,0,0,0,0,177.8,177.8,145.0,27.0,25.0,0,0,1,0,0,0,0,0,0,0,0,0,0,0,0,1,0,0,0,0,1,0,0,0
Blue,False,0.220703125,0.001953125,0.2497265625,0.543798828125,0.00830078125,0.3339062499999999,0.015625,0.0,0.0,0.0,78.921875,16.8330078125,123.1923828125,67.009765625,85.2197265625,22.837890625,134.8056640625,78.08203125,0.34765625,0.0166015625,4.55859375,1.775390625,71.6640625,12.5478515625,103.6787109375,49.28515625,3.361328125,0.904296875,9.609375,8.337890625,3.896484375,3.380859375,9.904296875,9.38671875,74.6767578125,15.40234375,104.8310546875,52.3251953125,3.6171875,0.892578125,16.068359375,12.8935546875,0.6279296875,0.5380859375,2.29296875,1.791015625,23.443359375,151.4765625,728.078125,23,1,2,0,3,6,5,0,0,0,0,6,0,0,182.88,185.42,263.0,0.34375,0.0625,0.4112890624999999,0.66625,0.086328125,0.5703125,0.93359375,0.625,0.16015625,0.1484375,41.0390625,16.48046875,35.125,22.6796875,71.875,43.31640625,47.66796875,34.6328125,1.5625,0.2734375,1.7734375,1.1328125,38.1953125,14.2421875,23.296875,11.9453125,2.03125,1.42578125,3.75,2.87890625,0.8125,0.8125,8.078125,7.85546875,31.4296875,9.5234375,25.5859375,14.58203125,7.375,5.73828125,5.2265625,4.44921875,2.234375,1.21875,4.3125,3.6484375,143.78125,115.390625,440.1875,18,2,2,0,2,5,4,0,0,0,2,1,2,0,190.5,195.58,240.0,37.0,37.0,0,0,0,0,1,0,0,0,0,0,0,0,0,0,0,1,0,0,0,0,1,0,0,0
Blue,False,0.25,0.25,0.3775,0.295,0.5974999999999999,0.455,0.75,1.0,0.75,0.0,168.0,62.0,120.75,35.5,186.0,77.0,134.25,45.25,8.0,4.75,3.5,2.25,123.5,37.0,92.0,21.0,36.75,19.5,18.25,8.0,7.75,5.5,10.5,6.5,124.0,39.0,109.5,30.0,24.75,11.5,7.25,3.25,19.25,11.5,4.0,2.25,283.0,103.25,900.0,9,0,3,0,3,3,0,0,0,0,3,0,0,0,185.42,187.96,170.0,0.0078125,0.0625,0.520625,0.4551171875,0.2662109375,0.513046875,0.29296875,0.41796875,0.1328125,0.04296875,73.5390625,37.453125,100.484375,43.140625,129.0078125,88.515625,139.9296875,78.81640625,10.625,2.703125,3.9375,1.703125,48.65234375,18.28125,70.03515625,21.1640625,11.8515625,7.34765625,16.82421875,12.31640625,13.03515625,11.82421875,13.625,9.66015625,40.66796875,17.875,71.6171875,24.0078125,26.1484375,14.3515625,24.21484375,16.13671875,6.72265625,5.2265625,4.65234375,2.99609375,291.703125,191.67578125,882.8203125,25,0,4,0,4,6,3,0,0,3,1,2,0,0,170.18,182.88,170.0,30.0,31.0,0,0,0,0,0,0,0,0,0,1,0,0,0,0,0,0,0,1,0,0,1,0,0,0
Blue,False,0.0,0.2822265625,0.4634179687499999,0.479072265625,0.40560546875,0.0079736328125,0.2353515625,1.7861328125,0.32080078125,0.01171875,107.13720703125,49.2265625,74.6259765625,35.439453125,136.9033203125,75.3232421875,99.626953125,53.9794921875,6.939453125,2.78271484375,2.04443359375,0.00830078125,88.4052734375,32.4345703125,58.86962890625,24.17578125,13.29296875,11.43896484375,9.935546875,6.03662109375,5.43896484375,5.35302734375,5.82080078125,5.22705078125,81.8837890625,33.521484375,64.37451171875,28.484375,12.52685546875,7.70849609375,5.271484375,3.67724609375,12.7265625,7.99658203125,4.97998046875,3.27783203125,265.203125,106.09130859375,834.6767578125,23,1,0,1,3,7,5,0,0,1,3,1,2,0,187.96,193.04,185.0,0.5,0.0,0.3974999999999999,0.365,0.375,0.0,0.25,0.0,0.0,0.0,52.5,18.75,40.5,20.0,81.75,40.25,45.75,25.25,2.0,1.5,3.25,0.0,40.0,12.5,31.25,11.75,11.0,5.0,3.0,2.5,1.5,1.25,6.25,5.75,48.0,16.5,35.0,17.5,2.25,1.25,5.5,2.5,2.25,1.0,0.0,0.0,268.5,60.5,686.75,7,1,3,0,3,3,0,0,0,1,1,0,1,0,185.42,198.12,185.0,30.0,29.0,0,0,0,0,0,0,0,1,0,0,0,0,0,0,0,1,0,0,0,0,0,0,1,0
Blue,False,0.0,0.0,0.0,0.6,0.0,0.0,0.0,1.0,0.0,0.0,1.0,0.0,5.0,3.0,1.0,0.0,5.0,3.0,1.0,0.0,0.0,0.0,1.0,0.0,4.0,3.0,0.0,0.0,0.0,0.0,0.0,0.0,1.0,0.0,1.0,0.0,5.0,3.0,0.0,0.0,0.0,0.0,0.0,0.0,0.0,0.0,4.0,7.0,47.0,1,0,0,1,0,0,1,0,0,0,0,0,0,0,187.96,193.04,205.0,0.0,0.625,0.43125,0.5325,0.37125,0.0,0.5,0.125,0.0,0.25,58.375,23.0,72.75,37.875,84.75,45.5,101.375,63.375,7.5,2.5,1.875,0.0,40.625,10.0,49.625,21.5,7.5,5.375,9.625,7.875,10.25,7.625,13.5,8.5,47.375,14.875,57.625,27.25,6.875,4.875,7.25,5.125,4.125,3.25,7.875,5.5,293.375,92.25,799.5,12,0,3,0,3,3,1,0,0,1,2,0,0,0,185.42,190.5,185.0,30.0,25.0,0,0,0,0,0,0,0,1,0,0,0,0,0,0,0,1,0,0,0,0,1,0,0,0
Red,False,0.5,0.0,0.54,0.555,0.5,0.0,0.0,0.0,0.0,0.0,66.0,35.5,87.0,49.0,77.0,46.0,94.0,56.0,2.5,0.5,1.5,0.0,41.5,19.0,69.5,34.5,7.0,4.0,10.5,9.0,17.5,12.5,7.0,5.5,61.5,31.5,83.0,45.5,2.5,2.0,4.0,3.5,2.0,2.0,0.0,0.0,62.0,29.0,507.5,5,0,0,1,1,1,1,0,0,0,0,1,0,0,190.5,193.04,230.0,0.03125,0.125,0.5375,0.4337499999999999,0.15625,0.3465625,0.625,0.125,0.03125,0.0,143.15625,81.09375,143.1875,53.125,184.84375,119.90625,168.5625,74.875,0.65625,0.3125,4.84375,1.59375,103.8125,50.09375,118.375,36.34375,38.8125,30.46875,20.0,12.9375,0.53125,0.53125,4.8125,3.84375,97.78125,44.5625,93.3125,20.625,42.40625,33.90625,35.0625,22.28125,2.96875,2.625,14.8125,10.21875,87.6875,332.0625,854.625,17,0,1,0,2,3,3,0,0,1,1,1,0,0,185.42,190.5,205.0,28.0,34.0,0,0,0,0,0,1,0,0,0,0,0,0,0,0,0,1,0,0,0,0,1,0,0,0
Red,False,0.0,0.0625,0.42609375,0.4071875,0.17125,0.4024999999999999,0.625,1.390625,1.0,0.625,102.234375,41.421875,106.21875,44.859375,112.046875,50.703125,122.765625,57.59375,4.6875,0.84375,10.109375,4.0625,83.8125,25.984375,84.578125,29.375,7.71875,5.875,16.0,10.59375,10.703125,9.5625,5.640625,4.890625,89.09375,30.9375,101.078125,41.921875,10.125,7.921875,3.09375,1.6875,3.015625,2.5625,2.046875,1.25,201.96875,163.390625,841.703125,17,0,2,0,2,3,4,0,0,0,1,1,1,0,165.1,167.64,135.0,0.0,1.0,0.32,0.3325,0.125,0.25,0.0,0.25,0.0,0.0,24.75,7.75,76.5,24.75,30.75,13.5,87.0,35.0,3.25,1.0,0.75,0.25,21.5,5.75,60.5,15.25,2.25,1.0,12.0,6.75,1.0,1.0,4.0,2.75,22.75,6.0,63.0,15.25,0.5,0.5,4.25,2.75,1.5,1.25,9.25,6.75,132.5,27.25,462.25,6,0,0,1,1,1,2,0,0,0,1,0,0,0,165.1,170.18,125.0,31.0,28.0,0,0,0,1,0,0,0,0,0,0,0,0,0,0,0,1,0,0,0,0,1,0,0,0
Red,False,0.25,0.0,0.3506249999999999,0.5734374999999999,0.0440625,0.4290625,1.890625,2.625,0.0,0.5,65.15625,22.953125,73.75,32.578125,92.109375,47.71875,108.25,63.484375,0.703125,0.171875,5.921875,3.578125,59.046875,17.375,59.265625,22.90625,5.171875,4.75,7.25,4.46875,0.9375,0.828125,7.234375,5.203125,48.578125,13.21875,47.296875,14.984375,10.265625,5.921875,9.109375,5.78125,6.3125,3.8125,17.34375,11.8125,79.453125,332.09375,664.59375,17,0,3,0,3,5,2,0,0,0,3,1,1,0,180.34,177.8,145.0,0.0,0.5,0.4349999999999999,0.8475,0.125,0.375,0.375,0.125,0.0,0.0,26.0,12.5,24.875,11.375,31.0,17.5,34.125,19.5,0.375,0.125,0.875,0.375,19.375,8.0,19.625,7.75,5.5,3.5,3.375,2.25,1.125,1.0,1.875,1.375,21.875,8.625,20.5,8.125,0.75,0.5,0.25,0.25,3.375,3.375,4.125,3.0,34.875,30.875,223.0,7,1,3,0,3,3,1,0,0,0,1,1,1,0,170.18,185.42,145.0,27.0,30.0,0,0,1,0,0,0,0,0,0,0,0,0,0,0,0,1,0,0,0,0,1,0,0,0
Blue,False,0.1025390625,1.0048828125,0.453681640625,0.574638671875,0.07115234375,0.15912109375,0.0693359375,0.0751953125,0.126953125,0.0,46.076171875,19.8623046875,55.0439453125,27.015625,56.4052734375,30.025390625,69.6318359375,40.8076171875,0.75,0.263671875,2.9150390625,0.458984375,35.3427734375,11.8349609375,47.935546875,22.224609375,6.078125,5.1904296875,5.1015625,3.419921875,4.6552734375,2.8369140625,2.0068359375,1.37109375,33.65625,10.2578125,35.90625,15.49609375,9.8955078125,7.779296875,7.85546875,4.2275390625,2.5244140625,1.8251953125,11.2822265625,7.2919921875,39.66015625,100.3203125,513.46875,31,3,2,0,4,6,5,0,0,2,3,1,0,0,180.34,187.96,185.0,0.583984375,0.0390625,0.500224609375,0.333203125,0.0929443359375,0.2801220703125,0.1572265625,0.59521484375,0.0,0.0634765625,31.90283203125,17.48486328125,37.84814453125,18.13525390625,43.66064453125,28.66064453125,63.58837890625,41.16650390625,1.39453125,0.5341796875,2.53759765625,1.38037109375,23.7724609375,10.97216796875,29.2568359375,12.3369140625,3.75390625,2.7509765625,6.146484375,3.99072265625,4.37646484375,3.76171875,2.44482421875,1.8076171875,23.37109375,11.44091796875,27.98388671875,10.93505859375,4.9716796875,3.443359375,4.357421875,3.33447265625,3.56005859375,2.6005859375,5.5068359375,3.86572265625,85.8046875,105.75830078125,347.00830078125,31,3,0,1,2,6,6,0,0,0,0,6,0,0,185.42,193.04,205.0,43.0,32.0,0,0,0,0,0,1,0,0,0,0,0,0,0,0,0,1,0,0,0,0,1,0,0,0
Red,False,0.0,0.0,0.37,0.39,0.71,0.0,0.0,0.0,0.0,0.0,87.0,33.0,66.0,26.0,107.0,48.0,71.0,31.0,7.0,5.0,1.0,0.0,52.0,10.0,56.0,19.0,19.0,10.0,6.0,4.0,16.0,13.0,4.0,3.0,67.0,22.0,57.0,20.0,13.0,7.0,5.0,2.0,7.0,4.0,4.0,4.0,229.0,8.0,900.0,3,0,1,0,1,1,0,0,0,0,1,0,0,0,175.26,185.42,155.0,0.0,0.0,0.4549999999999999,0.51,0.355,0.75,0.0,0.0,0.0,0.0,53.0,24.5,82.5,42.0,74.5,43.0,112.0,69.5,13.5,5.0,2.5,1.5,39.5,15.5,55.5,18.5,6.5,2.5,16.5,13.0,7.0,6.5,10.5,10.5,46.0,19.5,58.5,23.5,5.0,3.0,12.0,10.5,2.0,2.0,12.0,8.0,399.0,104.0,900.0,6,0,0,1,1,1,1,0,0,1,0,0,0,0,167.64,170.18,170.0,25.0,32.0,0,0,0,0,0,0,1,0,0,0,0,0,0,0,0,1,0,0,0,0,1,0,0,0
Blue,False,0.0,0.125,0.55625,0.42625,0.33,0.1149999999999999,0.5,0.375,0.0,0.5,73.5,39.875,60.125,26.625,131.25,84.5,83.5,45.5,4.0,0.75,2.75,1.0,58.25,27.125,54.0,21.25,10.0,7.625,3.375,2.625,5.25,5.125,2.75,2.75,49.25,26.0,45.0,16.125,10.5,6.625,5.375,4.25,13.75,7.25,9.75,6.25,251.125,153.5,647.875,9,0,0,2,1,1,3,0,0,0,0,0,1,0,177.8,187.96,170.0,1.0,0.5,0.6799999999999999,0.55,0.625,0.1,0.0,1.0,0.0,0.0,61.0,43.0,50.5,23.5,78.5,56.5,65.0,34.0,2.5,1.0,2.5,0.5,42.0,29.0,37.5,13.5,15.5,11.5,5.0,3.5,3.5,2.5,8.0,6.5,33.0,20.5,42.5,18.0,7.0,5.5,6.0,4.5,21.0,17.0,2.0,1.0,170.0,63.5,426.0,4,0,1,0,1,1,1,0,0,0,0,1,0,0,177.8,177.8,170.0,30.0,26.0,0,0,0,0,0,0,0,0,0,1,0,0,0,0,0,1,0,0,0,0,1,0,0,0
Red,False,0.015625,0.0,0.45,0.4275,0.25,0.2,0.148468017578125,0.098388671875,0.0,0.0,66.5,29.6875,64.31230545043945,27.34375,89.75,48.0,85.53125,44.41152191162109,2.0,0.75,2.0546875,0.75,51.1875,18.3359375,49.6123046875,16.280410766601562,7.5,5.07647705078125,7.5,5.0,4.5,3.625,4.984375,3.9375,48.6875,17.0,47.11572265625,16.5,5.75,3.75,5.3125,3.4375,5.0625,3.5,3.875,2.5,99.2119140625,94.125,638.5,0,0,0,0,0,0,0,0,0,0,0,0,0,0,175.26,175.26,145.0,0.0,0.0,0.4812499999999999,0.67875,0.125,0.60375,0.125,0.0,0.375,0.5,25.625,11.0,30.0,18.875,46.5,30.25,45.25,32.5,2.125,0.25,1.5,1.125,20.375,6.75,24.375,14.625,1.75,1.375,4.25,3.0,3.5,2.875,1.375,1.25,19.125,7.0,12.125,4.875,1.875,1.625,0.875,0.625,4.625,2.375,17.0,13.375,60.375,138.625,329.0,8,1,0,1,1,1,3,0,0,1,0,0,0,0,170.18,185.42,145.0,29.0,26.0,0,0,1,0,0,0,0,0,0,0,0,0,0,0,0,1,0,0,0,0,1,0,0,0
Blue,False,0.015625,0.0,0.45,0.4275,0.25,0.2,0.148468017578125,0.098388671875,0.0,0.0,66.5,29.6875,64.31230545043945,27.34375,89.75,48.0,85.53125,44.41152191162109,2.0,0.75,2.0546875,0.75,51.1875,18.3359375,49.6123046875,16.280410766601562,7.5,5.07647705078125,7.5,5.0,4.5,3.625,4.984375,3.9375,48.6875,17.0,47.11572265625,16.5,5.75,3.75,5.3125,3.4375,5.0625,3.5,3.875,2.5,99.2119140625,94.125,638.5,0,0,0,0,0,0,0,0,0,0,0,0,0,0,190.5,190.5,205.0,0.0,0.0,0.49,0.26,0.4,0.0,0.0,0.0,0.0,0.0,63.0,31.0,71.0,19.0,103.0,69.0,84.0,30.0,5.0,2.0,1.0,0.0,40.0,10.0,61.0,13.0,8.0,7.0,9.0,5.0,15.0,14.0,1.0,1.0,49.0,19.0,55.0,9.0,12.0,10.0,8.0,5.0,2.0,2.0,8.0,5.0,220.0,194.0,900.0,3,0,1,0,1,1,0,0,0,0,1,0,0,0,185.42,190.5,205.0,26.0,34.0,0,0,0,0,0,1,0,0,0,0,0,0,0,0,0,1,0,0,0,0,1,0,0,0
Blue,False,1.25,0.0,0.6475,0.26,0.0,0.0,0.0,0.0,0.0,0.0,46.0,29.75,60.75,23.0,67.75,51.5,75.75,36.5,0.0,0.0,4.5,0.0,29.75,15.0,29.0,2.0,13.0,11.75,21.0,13.25,3.25,3.0,10.75,7.75,23.0,11.5,39.25,9.25,12.25,11.5,21.5,13.75,10.75,6.75,0.0,0.0,78.5,91.5,373.0,5,0,1,0,1,2,1,0,0,0,0,2,0,0,175.26,187.96,170.0,0.671875,0.0078125,0.364453125,0.3924609375,0.0048828125,0.5703515625,1.0546875,0.03515625,0.671875,0.02734375,195.765625,75.8984375,99.96875,41.046875,257.1875,133.47265625,129.9375,68.46484375,1.0390625,0.015625,12.56640625,7.0234375,151.19921875,47.99609375,86.5625,31.26171875,21.05078125,12.6328125,10.109375,8.44140625,23.515625,15.26953125,3.296875,1.34375,174.8515625,62.06640625,77.46875,27.58984375,14.80859375,9.1875,8.7265625,4.4140625,6.10546875,4.64453125,13.7734375,9.04296875,56.1796875,406.0078125,1006.9921875,28,2,0,1,5,6,3,0,0,1,1,4,0,0,187.96,190.5,170.0,31.0,29.0,0,0,0,0,0,0,0,0,0,1,0,0,0,0,0,1,0,0,0,0,1,0,0,0
Red,False,0.5,0.0,0.67,0.4449999999999999,0.0,0.5,1.0,0.0,0.0,0.0,42.0,28.0,23.5,15.0,69.5,54.5,66.5,54.0,0.5,0.0,2.0,2.0,34.0,21.0,21.5,13.0,4.0,3.5,1.0,1.0,4.0,3.5,1.0,1.0,14.0,7.0,5.5,2.5,25.5,19.5,6.0,3.5,2.5,1.5,12.0,9.0,70.0,228.0,359.5,4,0,0,1,1,1,1,0,0,0,0,1,0,0,190.5,195.58,205.0,0.0,0.0,0.545,0.6100000000000001,0.0,0.0,0.0,0.0,0.0,0.0,47.5,26.5,32.5,19.0,53.5,32.5,40.0,26.5,1.0,0.0,3.5,0.0,38.0,19.5,10.0,3.5,3.5,2.5,8.0,5.5,6.0,4.5,14.5,10.0,42.5,22.5,24.5,13.0,1.5,1.0,8.0,6.0,3.5,3.0,0.0,0.0,26.0,72.0,380.0,4,0,2,0,2,2,0,0,1,0,0,1,0,0,190.5,203.2,205.0,22.0,30.0,0,0,0,0,0,1,0,0,0,0,0,0,0,0,0,1,0,0,0,0,0,0,1,0
Red,False,0.8759765625,0.0,0.414061279296875,0.37085205078125,0.768372802734375,0.0501025390625,0.03466796875,0.583251953125,0.0006103515625,0.2579345703125,141.713623046875,55.5714111328125,87.255859375,32.1671142578125,155.74169921875,69.28173828125,103.341796875,46.599853515625,3.214599609375,2.0877685546875,4.24609375,0.290771484375,103.0059814453125,29.869140625,68.8157958984375,22.8753662109375,29.8582763671875,17.8709716796875,10.59765625,4.4736328125,8.849365234375,7.831298828125,7.8424072265625,4.818115234375,113.41162109375,40.1103515625,80.2813720703125,27.4156494140625,14.1513671875,6.2164306640625,5.9189453125,3.8995361328125,14.150634765625,9.24462890625,1.0555419921875,0.8519287109375,188.3836669921875,38.6397705078125,763.1724853515625,36,0,0,1,6,9,5,0,0,2,4,2,1,0,175.26,180.34,170.0,0.5,0.0,0.505,0.4499999999999999,0.5,0.33,0.5,0.0,0.0,1.5,48.5,22.5,49.0,25.5,82.5,47.5,72.0,45.0,4.0,2.0,1.5,1.0,33.5,8.5,34.0,14.0,8.5,8.5,10.0,7.5,6.5,5.5,5.0,4.0,34.5,14.0,40.0,17.0,8.5,6.5,4.5,4.5,5.5,2.0,4.5,4.0,209.5,57.0,523.0,4,1,2,0,2,2,0,0,0,1,0,0,1,0,175.26,180.34,185.0,29.0,22.0,0,0,0,0,0,0,0,0,0,1,0,0,0,0,0,0,0,1,0,0,0,0,1,0
Red,True,0.7734375,0.03125,0.4756445312499999,0.33568359375,0.33544921875,0.39533203125,0.0,0.580078125,0.515625,0.0,69.01171875,31.59765625,70.013671875,23.1953125,83.7265625,44.5625,73.734375,26.615234375,0.408203125,0.388671875,3.81640625,2.275390625,53.03515625,19.94140625,51.251953125,13.0546875,6.677734375,4.361328125,16.265625,8.4296875,9.298828125,7.294921875,2.49609375,1.7109375,51.66015625,22.048828125,57.169921875,17.814453125,6.109375,3.62109375,2.5859375,1.130859375,11.2421875,5.927734375,10.2578125,4.25,98.951171875,119.6484375,602.025390625,20,0,3,0,3,7,3,0,0,1,2,4,0,0,180.34,187.96,170.0,0.16845703125,0.0,0.4495849609375,0.3297216796875,0.476142578125,0.2877734375,0.005859375,0.50390625,0.0,0.0,125.576171875,55.0009765625,155.13916015625,63.970703125,167.65625,95.67138671875,183.6904296875,91.3544921875,6.2861328125,4.17529296875,3.2265625,1.59033203125,103.64794921875,38.36279296875,104.42333984375,31.96044921875,6.21435546875,3.4091796875,30.853515625,16.4033203125,15.7138671875,13.22900390625,19.8623046875,15.60693359375,98.3564453125,33.5546875,138.3271484375,52.0224609375,23.49169921875,17.97607421875,14.13623046875,9.3349609375,3.72802734375,3.47021484375,2.67578125,2.61328125,298.205078125,109.072265625,1057.69189453125,29,1,4,0,6,10,2,0,1,2,2,5,0,0,175.26,175.26,185.0,31.0,30.0,0,0,0,0,0,0,0,0,0,1,0,0,0,0,0,0,0,1,0,0,0,0,1,0
Red,False,0.0,0.25,0.745,0.475,0.5675,0.0,1.5,0.0,0.125,0.75,61.5,34.625,92.875,38.875,99.875,68.75,102.75,47.75,7.875,4.0,1.5,0.0,57.75,31.125,62.375,20.875,2.625,2.375,27.25,14.75,1.125,1.125,3.25,3.25,46.75,23.125,86.125,35.375,3.125,2.5,3.75,2.25,11.625,9.0,3.0,1.25,291.5,59.5,617.5,10,0,2,0,2,3,1,0,0,0,1,0,2,0,175.26,180.34,145.0,0.15625,0.21875,0.415,0.3453125,0.5,0.04125,2.40625,1.53125,0.5625,0.0,141.15625,58.1875,111.75,42.3125,170.6875,84.65625,125.8125,56.125,8.8125,4.34375,2.03125,0.15625,119.5,42.84375,98.46875,32.84375,10.75,6.25,10.3125,6.875,10.90625,9.09375,2.96875,2.59375,96.28125,29.4375,94.34375,31.40625,15.0625,9.0,14.71875,9.09375,29.8125,19.75,2.6875,1.8125,368.21875,44.21875,842.40625,14,1,0,1,5,5,1,0,0,2,2,0,1,0,167.64,167.64,155.0,26.0,27.0,0,0,1,0,0,0,0,0,0,0,0,0,0,0,0,0,0,1,0,0,1,0,0,0
Blue,False,0.0,0.0,0.625,0.475,0.75,0.56,0.5,0.5,0.0,0.0,179.5,108.0,164.0,69.0,188.0,114.5,219.0,112.5,1.5,1.0,5.5,2.0,161.0,91.0,146.5,54.5,14.0,12.5,3.5,3.0,4.5,4.5,14.0,11.5,171.0,100.0,125.5,45.5,7.0,7.0,2.5,2.0,1.5,1.0,36.0,21.5,61.5,253.0,718.5,5,0,0,1,1,1,1,0,0,0,1,0,0,0,154.94,157.48,115.0,0.0,0.0,0.6,0.21,1.0,0.0,1.0,0.0,0.0,0.0,133.0,80.0,194.0,42.0,140.0,86.0,218.0,63.0,1.0,1.0,7.0,0.0,105.0,57.0,155.0,22.0,19.0,15.0,28.0,12.0,9.0,8.0,11.0,8.0,96.0,50.0,184.0,35.0,13.0,11.0,10.0,7.0,24.0,19.0,0.0,0.0,282.0,101.0,900.0,3,0,1,0,1,1,0,0,0,0,1,0,0,0,170.18,170.18,135.0,22.0,25.0,0,0,0,0,0,0,0,0,0,0,1,0,0,0,0,1,0,0,0,0,1,0,0,0
Blue,False,0.25,0.0,0.2875,0.2225,0.6425000000000001,0.375,0.25,0.0,0.75,1.25,63.25,20.75,64.5,15.5,83.5,35.125,69.5,20.0,4.25,2.875,0.375,0.375,48.0,11.375,47.25,7.625,5.0,1.5,11.625,4.625,10.25,7.875,5.625,3.25,51.875,13.5,56.875,9.625,1.25,1.25,1.125,0.625,10.125,6.0,6.5,5.25,288.5,62.25,683.375,9,0,4,0,4,4,0,0,0,1,1,1,1,0,177.8,185.42,145.0,0.5059814453125,0.203125,0.2932437896728516,0.4203428649902344,0.1964595794677734,0.543375244140625,1.265911102294922,0.1279525756835937,0.000396728515625,0.0019607543945312,157.97668075561523,46.51205062866211,204.53852081298828,84.02851486206055,165.42207717895508,52.37838745117188,210.4069862365723,88.81402587890625,5.925071716308594,1.1476211547851562,1.6642837524414062,0.7911834716796875,126.59512329101562,27.813453674316406,180.2567253112793,66.04586791992188,25.15108871459961,13.125354766845703,17.588645935058594,13.68695831298828,6.23046875,5.5732421875,6.693149566650391,4.295688629150391,150.27005767822266,43.10660934448242,190.65958786010745,75.5921859741211,4.67230224609375,1.843048095703125,10.813945770263672,6.430908203125,3.034320831298828,1.5623931884765625,3.0649871826171875,2.005420684814453,66.97343063354492,41.2122917175293,903.1641273498536,52,2,6,0,6,13,6,0,0,2,6,5,0,0,177.8,182.88,170.0,25.0,32.0,0,0,0,0,0,0,1,0,0,0,0,0,0,0,0,1,0,0,0,0,0,0,1,0
Blue,False,0.75,0.0,0.45625,0.42875,0.0625,0.15,0.0,0.0,0.0,0.0,48.625,22.5,41.125,18.75,70.375,42.875,49.25,26.125,1.25,0.25,2.375,0.75,42.25,17.625,27.125,8.375,4.625,3.875,7.0,5.5,1.75,1.0,7.0,4.875,40.125,17.125,34.625,13.75,5.0,2.5,5.0,4.0,3.5,2.875,1.5,1.0,82.5,66.125,418.75,8,0,0,1,1,2,2,0,0,0,0,2,0,0,175.26,180.34,185.0,0.0,0.03125,0.37921875,0.4240625,0.0990625,0.3765625,0.0,0.046875,0.5,0.0,134.578125,49.453125,78.484375,33.84375,204.640625,109.796875,138.546875,88.015625,12.734375,1.0625,3.921875,1.78125,84.484375,16.609375,55.140625,14.40625,28.890625,17.71875,19.78125,16.125,21.203125,15.125,3.5625,3.3125,101.109375,26.640625,54.578125,15.59375,24.375,14.71875,19.78125,15.578125,9.09375,8.09375,4.125,2.671875,502.34375,228.53125,1182.90625,23,1,1,0,2,4,3,0,0,3,1,0,0,0,182.88,182.88,170.0,36.0,35.0,0,0,0,0,0,0,0,0,0,1,0,0,0,0,0,0,0,1,0,0,1,0,0,0
Blue,False,0.015625,0.0,0.45,0.4275,0.25,0.2,0.148468017578125,0.098388671875,0.0,0.0,66.5,29.6875,64.31230545043945,27.34375,89.75,48.0,85.53125,44.41152191162109,2.0,0.75,2.0546875,0.75,51.1875,18.3359375,49.6123046875,16.280410766601562,7.5,5.07647705078125,7.5,5.0,4.5,3.625,4.984375,3.9375,48.6875,17.0,47.11572265625,16.5,5.75,3.75,5.3125,3.4375,5.0625,3.5,3.875,2.5,99.2119140625,94.125,638.5,0,0,0,0,0,0,0,0,0,0,0,0,0,0,185.42,193.04,185.0,0.0,0.0,0.445,0.39,0.165,0.3,1.5,0.5,1.0,0.5,55.0,24.5,56.5,22.0,97.5,66.0,66.0,31.0,1.5,0.5,3.0,1.5,40.5,16.5,36.0,6.5,7.0,4.0,10.5,6.5,7.5,4.0,10.0,9.0,41.5,14.0,49.5,16.5,5.0,4.0,5.0,3.5,8.5,6.5,2.0,2.0,329.5,163.5,834.5,6,0,1,0,1,1,1,0,0,0,0,0,1,0,190.5,190.5,185.0,23.0,30.0,0,0,0,0,0,0,0,1,0,0,0,0,0,0,0,1,0,0,0,0,0,0,1,0
Blue,False,0.0,0.0,0.72,0.28,0.66,0.0,0.0,0.0,0.0,0.0,37.0,27.0,7.0,2.0,59.0,47.0,24.0,19.0,3.0,2.0,0.0,0.0,31.0,22.0,5.0,1.0,5.0,5.0,1.0,0.0,1.0,0.0,1.0,1.0,9.0,5.0,7.0,2.0,5.0,3.0,0.0,0.0,23.0,19.0,0.0,0.0,246.0,0.0,283.0,1,0,1,0,1,1,0,0,0,0,0,1,0,0,170.18,167.64,125.0,0.0,0.0,0.395,0.525,0.375,0.4425,0.0,1.75,0.75,0.5,98.25,40.0,114.75,61.75,126.75,64.5,133.5,78.0,4.75,2.25,5.25,2.75,79.25,23.75,91.25,40.5,16.75,14.0,12.25,10.75,2.25,2.25,11.25,10.5,88.25,34.0,110.25,58.0,3.25,2.5,3.25,2.5,6.75,3.5,1.25,1.25,214.5,191.0,893.25,9,0,0,3,0,0,3,0,0,0,0,0,0,0,175.26,177.8,125.0,21.0,27.0,0,0,0,1,0,0,0,0,0,0,0,0,0,0,0,0,0,1,0,0,1,0,0,0
Blue,False,1.0,0.0,0.6,0.33,0.0,0.0,0.0,0.0,0.0,0.0,15.0,9.0,3.0,1.0,15.0,9.0,3.0,1.0,0.0,0.0,1.0,0.0,15.0,9.0,2.0,1.0,0.0,0.0,0.0,0.0,0.0,0.0,1.0,0.0,14.0,8.0,3.0,1.0,0.0,0.0,0.0,0.0,1.0,1.0,0.0,0.0,2.0,0.0,43.0,1,0,1,0,1,1,0,0,0,0,0,1,0,0,175.26,182.88,170.0,0.0,0.0,0.3125,0.3725,0.0,0.2,0.0,1.0,0.0,0.0,226.25,80.25,183.5,63.75,229.0,83.0,203.75,81.5,0.5,0.0,8.75,1.25,199.0,60.0,147.0,36.75,21.25,15.0,20.0,11.0,6.0,5.25,16.5,16.0,203.5,65.75,153.25,44.25,22.5,14.25,18.0,10.0,0.25,0.25,12.25,9.5,28.75,186.75,858.25,9,0,0,1,2,2,1,0,0,1,1,0,0,0,177.8,187.96,170.0,26.0,26.0,0,0,0,0,0,0,0,0,0,1,0,0,0,0,0,1,0,0,0,0,1,0,0,0
Blue,False,0.0,0.0,0.53,1.0,0.0,0.75,0.0,2.0,1.0,0.0,28.0,15.0,5.0,5.0,36.0,23.0,18.0,18.0,3.0,0.0,4.0,3.0,22.0,11.0,4.0,4.0,5.0,3.0,0.0,0.0,1.0,1.0,1.0,1.0,27.0,14.0,4.0,4.0,1.0,1.0,1.0,1.0,0.0,0.0,0.0,0.0,70.0,260.0,437.0,2,0,0,1,0,0,1,0,0,0,0,0,0,0,175.26,175.26,145.0,0.03125,0.125,0.4259375,0.37,0.216875,0.425,0.34375,0.0,0.625,0.0,89.40625,34.40625,51.15625,25.03125,110.6875,50.90625,70.21875,42.46875,4.96875,0.59375,5.3125,4.125,78.65625,26.46875,39.59375,18.15625,9.15625,6.59375,9.8125,5.625,1.59375,1.34375,1.75,1.25,66.1875,19.0,41.75,19.875,2.875,2.71875,1.78125,1.53125,20.34375,12.6875,7.625,3.625,117.5,159.25,545.8125,10,0,2,0,2,3,3,0,0,0,0,0,3,0,170.18,175.26,145.0,30.0,28.0,0,0,1,0,0,0,0,0,0,0,0,0,0,0,0,0,0,1,0,0,1,0,0,0
Blue,False,0.015625,0.0,0.45,0.4275,0.25,0.2,0.148468017578125,0.098388671875,0.0,0.0,66.5,29.6875,64.31230545043945,27.34375,89.75,48.0,85.53125,44.41152191162109,2.0,0.75,2.0546875,0.75,51.1875,18.3359375,49.6123046875,16.280410766601562,7.5,5.07647705078125,7.5,5.0,4.5,3.625,4.984375,3.9375,48.6875,17.0,47.11572265625,16.5,5.75,3.75,5.3125,3.4375,5.0625,3.5,3.875,2.5,99.2119140625,94.125,638.5,0,0,0,0,0,0,0,0,0,0,0,0,0,0,175.26,177.8,155.0,0.25,0.5,0.3075,0.3925,0.165,0.09,0.0,0.25,0.0,0.0,62.25,21.75,46.25,17.25,74.0,32.5,49.75,20.25,0.75,0.5,2.75,1.0,50.75,14.0,34.25,10.0,7.25,4.0,7.25,4.25,4.25,3.75,4.75,3.0,43.5,11.5,35.75,11.5,6.25,4.25,2.25,1.0,12.5,6.0,8.25,4.75,175.75,69.75,483.0,7,0,0,1,1,1,2,0,0,0,1,0,0,0,170.18,180.34,155.0,32.0,26.0,0,0,0,0,0,0,1,0,0,0,0,0,0,0,0,1,0,0,0,0,1,0,0,0
Red,False,0.015625,0.0,0.45,0.4275,0.25,0.2,0.148468017578125,0.098388671875,0.0,0.0,66.5,29.6875,64.31230545043945,27.34375,89.75,48.0,85.53125,44.41152191162109,2.0,0.75,2.0546875,0.75,51.1875,18.3359375,49.6123046875,16.280410766601562,7.5,5.07647705078125,7.5,5.0,4.5,3.625,4.984375,3.9375,48.6875,17.0,47.11572265625,16.5,5.75,3.75,5.3125,3.4375,5.0625,3.5,3.875,2.5,99.2119140625,94.125,638.5,0,0,0,0,0,0,0,0,0,0,0,0,0,0,185.42,185.42,170.0,1.0,0.0,0.42,0.41,0.75,0.08,1.0,0.0,0.0,0.0,170.0,76.0,139.5,60.5,174.5,80.5,145.0,65.0,1.5,1.0,6.0,1.0,148.0,61.5,108.5,41.5,13.5,9.5,10.5,6.5,8.5,5.0,20.5,12.5,150.0,60.5,122.0,50.5,13.5,10.5,17.5,10.0,6.5,5.0,0.0,0.0,44.0,106.5,666.0,5,0,2,0,2,2,0,0,0,0,1,0,1,0,198.12,195.58,185.0,30.0,25.0,0,0,0,0,0,0,0,1,0,0,0,0,0,0,0,1,0,0,0,0,1,0,0,0
Red,False,0.25,0.0,0.625,0.6475,0.25,0.0625,0.25,0.0,0.0,0.0,64.25,41.75,41.5,27.25,66.75,43.75,50.0,35.75,2.75,0.75,2.5,0.5,33.5,14.5,19.0,6.75,10.25,8.25,10.0,8.5,20.5,19.0,12.5,12.0,40.0,21.5,23.75,11.75,23.0,19.5,17.75,15.5,1.25,0.75,0.0,0.0,95.75,173.25,515.5,5,0,3,0,3,3,0,0,0,0,0,1,0,2,185.42,200.66,205.0,0.23046875,0.0,0.390234375,0.53078125,0.3229687499999999,0.1321875,0.0546875,0.25390625,0.0,0.0,223.4375,84.5859375,147.71484375,82.9765625,242.6875,101.6640625,152.44921875,87.609375,7.1875,2.15625,6.52734375,0.76953125,171.04296875,53.640625,86.34765625,35.66796875,37.66015625,19.828125,23.15234375,16.3828125,14.734375,11.1171875,38.21484375,30.92578125,209.74609375,75.78125,136.86328125,75.54296875,7.3203125,4.0859375,10.46875,7.3125,6.37109375,4.71875,0.3828125,0.12109375,76.703125,55.17578125,1120.9609375,19,1,1,0,6,7,2,0,0,0,2,3,2,0,195.58,200.66,205.0,34.0,27.0,0,0,0,0,0,1,0,0,0,0,0,0,0,0,0,1,0,0,0,0,1,0,0,0
Red,False,0.015625,0.0,0.45,0.4275,0.25,0.2,0.148468017578125,0.098388671875,0.0,0.0,66.5,29.6875,64.31230545043945,27.34375,89.75,48.0,85.53125,44.41152191162109,2.0,0.75,2.0546875,0.75,51.1875,18.3359375,49.6123046875,16.280410766601562,7.5,5.07647705078125,7.5,5.0,4.5,3.625,4.984375,3.9375,48.6875,17.0,47.11572265625,16.5,5.75,3.75,5.3125,3.4375,5.0625,3.5,3.875,2.5,99.2119140625,94.125,638.5,0,0,0,0,0,0,0,0,0,0,0,0,0,0,162.56,162.56,125.0,0.09375,1.15625,0.26625,0.4921875,0.6675,0.1003125,0.03125,1.0625,0.25,0.03125,123.59375,36.1875,127.40625,58.0,154.90625,65.59375,136.09375,64.875,2.46875,1.625,2.90625,0.78125,107.5,26.46875,110.4375,45.78125,8.6875,4.25,11.46875,7.03125,7.40625,5.46875,5.5,5.1875,107.875,28.03125,111.53125,48.90625,8.84375,5.28125,12.0625,7.125,6.875,2.875,3.8125,1.96875,149.90625,55.40625,637.5625,12,0,0,1,2,3,3,0,0,1,0,1,1,0,167.64,172.72,135.0,34.0,35.0,0,0,0,1,0,0,0,0,0,0,0,0,0,0,0,1,0,0,0,0,1,0,0,0
Red,False,1.0,1.0,0.7,0.64,0.2,1.0,1.0,0.0,0.0,0.0,20.0,14.0,28.0,18.0,30.0,22.0,36.0,22.0,5.0,1.0,1.0,1.0,14.0,8.0,26.0,16.0,2.0,2.0,2.0,2.0,4.0,4.0,0.0,0.0,7.0,6.0,9.0,3.0,9.0,6.0,9.0,7.0,4.0,2.0,10.0,8.0,127.0,46.0,211.0,1,0,1,0,1,1,0,0,0,0,0,1,0,0,182.88,185.42,185.0,0.0,0.0,0.71,0.295,0.75,0.0,1.0,0.0,0.0,0.0,45.0,25.5,63.5,22.0,51.5,31.5,69.0,26.5,2.5,1.5,0.0,0.0,37.5,19.5,48.0,9.5,3.5,2.0,14.5,11.5,4.0,4.0,1.0,1.0,26.0,12.0,47.5,10.0,4.5,3.0,15.5,11.5,14.5,10.5,0.5,0.5,254.0,6.0,557.0,4,0,2,0,2,2,0,0,0,0,1,0,1,0,180.34,182.88,170.0,26.0,25.0,0,0,0,0,0,0,0,0,0,1,0,0,0,0,0,1,0,0,0,0,0,0,0,1
Blue,False,0.0,0.0,0.16,0.53,0.33,0.0,0.0,0.0,0.0,0.0,112.0,18.0,150.0,80.0,114.0,20.0,150.0,80.0,3.0,1.0,0.0,0.0,101.0,11.0,120.0,62.0,5.0,3.0,18.0,7.0,6.0,4.0,12.0,11.0,105.0,16.0,148.0,79.0,1.0,0.0,0.0,0.0,6.0,2.0,2.0,1.0,31.0,6.0,900.0,3,0,0,1,0,0,1,0,0,0,0,0,0,0,177.8,185.42,205.0,0.296875,0.03125,0.7237499999999999,0.48234375,0.40625,0.7228125,0.25,0.359375,0.140625,0.25,24.171875,18.0625,26.28125,12.0625,33.078125,26.5,30.4375,15.4375,0.796875,0.78125,3.171875,2.1875,14.046875,9.546875,19.453125,6.78125,8.328125,6.890625,2.65625,1.1875,1.796875,1.625,4.171875,4.09375,12.546875,7.84375,17.328125,6.1875,5.78125,4.65625,5.5,4.1875,5.84375,5.5625,3.453125,1.6875,83.53125,151.375,366.46875,13,0,1,0,2,4,3,0,1,0,1,1,1,0,198.12,205.74,205.0,30.0,40.0,0,0,0,0,0,1,0,0,0,0,0,0,0,0,0,1,0,0,0,0,0,0,1,0
Blue,False,0.015625,0.0,0.45,0.4275,0.25,0.2,0.148468017578125,0.098388671875,0.0,0.0,66.5,29.6875,64.31230545043945,27.34375,89.75,48.0,85.53125,44.41152191162109,2.0,0.75,2.0546875,0.75,51.1875,18.3359375,49.6123046875,16.280410766601562,7.5,5.07647705078125,7.5,5.0,4.5,3.625,4.984375,3.9375,48.6875,17.0,47.11572265625,16.5,5.75,3.75,5.3125,3.4375,5.0625,3.5,3.875,2.5,99.2119140625,94.125,638.5,0,0,0,0,0,0,0,0,0,0,0,0,0,0,180.34,180.34,170.0,0.0,0.5,0.4599999999999999,0.59,0.1,0.125,1.0,0.0,0.0,0.0,97.0,34.5,105.5,45.0,118.5,52.5,109.0,48.5,4.0,0.5,2.0,0.5,73.5,17.5,86.5,32.0,16.0,10.5,14.0,9.0,7.5,6.5,5.0,4.0,84.5,24.0,86.5,32.0,11.5,9.5,13.5,10.0,1.0,1.0,5.5,3.0,208.0,14.0,578.5,4,1,0,1,1,1,1,0,0,0,0,0,1,0,185.42,193.04,170.0,31.0,24.0,0,0,0,0,0,0,0,1,0,0,0,0,0,0,0,0,0,1,0,0,1,0,0,0
Red,False,0.015625,0.0,0.45,0.4275,0.25,0.2,0.148468017578125,0.098388671875,0.0,0.0,66.5,29.6875,64.31230545043945,27.34375,89.75,48.0,85.53125,44.41152191162109,2.0,0.75,2.0546875,0.75,51.1875,18.3359375,49.6123046875,16.280410766601562,7.5,5.07647705078125,7.5,5.0,4.5,3.625,4.984375,3.9375,48.6875,17.0,47.11572265625,16.5,5.75,3.75,5.3125,3.4375,5.0625,3.5,3.875,2.5,99.2119140625,94.125,638.5,0,0,0,0,0,0,0,0,0,0,0,0,0,0,187.96,187.96,170.0,0.0,0.0,0.41,0.54,0.16,1.0,1.0,3.0,1.0,0.0,51.0,21.0,33.0,18.0,166.0,128.0,53.0,33.0,6.0,1.0,3.0,3.0,40.0,17.0,23.0,11.0,5.0,2.0,6.0,5.0,6.0,2.0,4.0,2.0,20.0,6.0,14.0,3.0,6.0,3.0,9.0,7.0,25.0,12.0,10.0,8.0,439.0,271.0,900.0,3,0,1,0,1,1,0,0,0,0,1,0,0,0,185.42,195.58,170.0,27.0,33.0,0,0,0,0,0,0,0,0,0,1,0,0,0,0,0,1,0,0,0,0,1,0,0,0
Red,False,0.324899673461914,0.0634765625,0.3775395488739014,0.3214654445648193,0.0314083099365234,0.0961243057250976,0.1250009536743164,0.148965835571289,0.00048828125,0.0312652587890625,56.29123878479004,23.618371963500977,34.98323154449463,12.21450424194336,58.77050971984863,25.97264194488525,42.201518058776855,17.21262836456299,0.6578683853149414,0.0317087173461914,1.9115848541259768,0.926194190979004,47.36059093475342,16.297476768493652,26.09378433227539,5.353695869445801,5.325224876403809,4.236227035522461,3.592683792114258,2.4909324645996094,3.605422973632813,3.0846681594848637,5.2967634201049805,4.369875907897949,48.33674907684326,17.521323204040527,32.66389083862305,10.7749605178833,4.625960350036621,3.617810249328613,2.19168472290039,1.4080314636230469,3.328529357910156,2.479238510131836,0.1276559829711914,0.0315122604370117,22.299474716186523,38.04311180114746,326.0462923049927,35,0,1,0,5,12,9,0,0,2,2,7,0,1,175.26,180.34,155.0,1.17578125,0.03125,0.311796875,0.2957421875,0.259765625,0.11482421875,0.0,0.35546875,0.009765625,0.0,122.224609375,45.095703125,76.90234375,21.775390625,124.412109375,46.876953125,92.73046875,35.51953125,0.54296875,0.509765625,3.302734375,0.701171875,96.69140625,29.134765625,73.064453125,19.380859375,17.27734375,10.53125,1.93359375,0.541015625,8.255859375,5.4296875,1.904296875,1.853515625,111.701171875,39.158203125,63.548828125,12.728515625,6.181640625,3.642578125,3.21875,1.681640625,4.341796875,2.294921875,10.134765625,7.365234375,32.595703125,132.318359375,599.41796875,24,1,0,1,3,6,4,0,0,0,3,3,0,0,177.8,185.42,155.0,30.0,27.0,0,0,0,0,0,0,1,0,0,0,0,0,0,0,0,1,0,0,0,0,0,0,1,0
Blue,False,0.015625,0.0,0.45,0.4275,0.25,0.2,0.148468017578125,0.098388671875,0.0,0.0,66.5,29.6875,64.31230545043945,27.34375,89.75,48.0,85.53125,44.41152191162109,2.0,0.75,2.0546875,0.75,51.1875,18.3359375,49.6123046875,16.280410766601562,7.5,5.07647705078125,7.5,5.0,4.5,3.625,4.984375,3.9375,48.6875,17.0,47.11572265625,16.5,5.75,3.75,5.3125,3.4375,5.0625,3.5,3.875,2.5,99.2119140625,94.125,638.5,0,0,0,0,0,0,0,0,0,0,0,0,0,0,182.88,182.88,170.0,0.0471682548522949,0.0,0.45,0.4217682266235352,0.25,0.19173828125,0.1875,0.125,0.0,0.0,69.5,30.5,66.984375,27.8466796875,94.0,48.544921875,88.50390625,44.75,2.0,0.8125,2.015625,0.6640625,54.0,19.01513671875,51.483436584472656,16.9437255859375,7.91796875,5.430633544921875,7.75,5.0625,4.780975341796875,3.9373779296875,4.8994140625,3.84375,51.025390625,18.400863647460938,50.515625,17.5,5.75,3.75,5.5,3.5,5.375,3.6875,4.0,2.65625,104.865234375,89.5,655.8441009521484,0,0,0,0,0,0,0,0,0,0,0,0,0,0,180.34,180.34,170.0,22.0,29.0,0,0,0,0,0,0,0,0,0,1,0,0,0,0,0,1,0,0,0,0,1,0,0,0
Red,False,0.0078125,0.0,0.460703125,0.427578125,0.28125,0.500703125,0.203125,0.359375,0.0,0.25,47.484375,20.359375,70.109375,25.7265625,86.0078125,56.4453125,103.4375,54.1875,0.375,0.28125,3.3671875,2.265625,25.734375,6.859375,53.3828125,12.21875,12.9375,7.9765625,6.8125,4.484375,8.8125,5.5234375,9.9140625,9.0234375,38.484375,13.1328125,47.9765625,11.1875,4.6953125,4.2734375,5.46875,4.3515625,4.3046875,2.953125,16.6640625,10.1875,5.203125,299.515625,624.078125,16,0,0,1,3,4,4,0,0,0,1,1,2,0,167.64,162.56,145.0,0.0,0.0,0.43625,0.325,0.6425000000000001,0.3875,0.375,0.5625,0.5625,0.125,74.875,33.5625,120.5,38.8125,119.0625,74.0625,167.375,78.3125,1.875,1.25,4.25,1.875,48.6875,18.8125,94.5625,25.25,23.75,12.8125,17.375,8.9375,2.4375,1.9375,8.5625,4.625,66.5,26.625,94.6875,24.4375,3.25,2.375,7.8125,4.25,5.125,4.5625,18.0,10.125,159.625,360.5,900.0,15,0,2,0,2,2,3,0,0,1,1,0,0,0,180.34,185.42,145.0,31.0,30.0,0,0,1,0,0,0,0,0,0,0,0,0,0,0,0,1,0,0,0,0,1,0,0,0
Blue,True,0.015625,0.0,0.45,0.4275,0.25,0.2,0.148468017578125,0.098388671875,0.0,0.0,66.5,29.6875,64.31230545043945,27.34375,89.75,48.0,85.53125,44.41152191162109,2.0,0.75,2.0546875,0.75,51.1875,18.3359375,49.6123046875,16.280410766601562,7.5,5.07647705078125,7.5,5.0,4.5,3.625,4.984375,3.9375,48.6875,17.0,47.11572265625,16.5,5.75,3.75,5.3125,3.4375,5.0625,3.5,3.875,2.5,99.2119140625,94.125,638.5,0,0,0,0,0,0,0,0,0,0,0,0,0,0,180.34,180.34,155.0,0.0471682548522949,0.0,0.45,0.4217682266235352,0.25,0.19173828125,0.1875,0.125,0.0,0.0,69.5,30.5,66.984375,27.8466796875,94.0,48.544921875,88.50390625,44.75,2.0,0.8125,2.015625,0.6640625,54.0,19.01513671875,51.483436584472656,16.9437255859375,7.91796875,5.430633544921875,7.75,5.0625,4.780975341796875,3.9373779296875,4.8994140625,3.84375,51.025390625,18.400863647460938,50.515625,17.5,5.75,3.75,5.5,3.5,5.375,3.6875,4.0,2.65625,104.865234375,89.5,655.8441009521484,0,0,0,0,0,0,0,0,0,0,0,0,0,0,182.88,182.88,170.0,23.0,28.0,0,0,0,0,0,0,0,0,0,1,0,0,0,0,0,0,0,1,0,0,0,0,1,0
Blue,False,0.015625,0.0,0.45,0.4275,0.25,0.2,0.148468017578125,0.098388671875,0.0,0.0,66.5,29.6875,64.31230545043945,27.34375,89.75,48.0,85.53125,44.41152191162109,2.0,0.75,2.0546875,0.75,51.1875,18.3359375,49.6123046875,16.280410766601562,7.5,5.07647705078125,7.5,5.0,4.5,3.625,4.984375,3.9375,48.6875,17.0,47.11572265625,16.5,5.75,3.75,5.3125,3.4375,5.0625,3.5,3.875,2.5,99.2119140625,94.125,638.5,0,0,0,0,0,0,0,0,0,0,0,0,0,0,175.26,175.26,145.0,0.5,0.0,0.375,0.48,0.6,0.2,0.0,0.0,0.0,0.5,102.5,38.0,102.0,50.5,163.5,74.5,127.0,72.0,3.5,1.5,8.5,1.5,84.0,23.0,81.0,35.5,7.5,6.0,11.0,8.0,11.0,9.0,10.0,7.0,86.0,31.0,92.0,42.0,4.5,3.0,8.5,7.0,12.0,4.0,1.5,1.5,332.0,169.0,900.0,6,0,1,0,1,1,1,0,0,0,1,0,0,0,180.34,185.42,155.0,32.0,26.0,0,0,0,0,0,0,1,0,0,0,0,0,0,0,0,1,0,0,0,0,0,0,1,0
Red,False,0.28125,0.0,0.36390625,0.358984375,0.404140625,0.3353125,0.5234375,0.1171875,0.0078125,0.1484375,131.5078125,48.2578125,63.953125,24.6171875,229.90625,131.6328125,95.75,53.125,3.9140625,1.5234375,4.21875,1.5,110.1796875,31.1328125,52.4453125,15.4609375,12.15625,8.5,5.984375,4.2265625,9.171875,8.625,5.5234375,4.9296875,105.1796875,31.71875,53.796875,16.7578125,5.2578125,3.828125,4.2421875,2.9453125,21.0703125,12.7109375,5.9140625,4.9140625,259.4453125,167.828125,895.125,22,0,4,0,4,7,1,0,0,1,5,1,0,0,185.42,190.5,170.0,0.53125,0.015625,0.4276025390624999,0.3876953125,0.3524365234375,0.029228515625,0.50439453125,0.025390625,0.009765625,0.0234375,40.1923828125,16.55615234375,42.41162109375,17.0986328125,99.16748046875,73.15576171875,50.8544921875,25.15966796875,4.50048828125,1.7626953125,0.283203125,0.07470703125,35.13671875,12.84521484375,29.1025390625,7.9658203125,3.0966796875,2.2998046875,10.64306640625,7.37353515625,1.958984375,1.4111328125,2.666015625,1.75927734375,19.0888671875,6.77587890625,31.177734375,10.642578125,2.87255859375,0.87158203125,9.73486328125,5.98291015625,18.23095703125,8.90869140625,1.4990234375,0.47314453125,392.9970703125,22.09033203125,625.77197265625,31,0,2,0,3,9,3,0,0,1,6,2,0,0,187.96,193.04,170.0,26.0,32.0,0,0,0,0,0,0,0,0,0,1,0,0,0,0,0,1,0,0,0,0,0,0,1,0
Blue,False,0.015625,0.0,0.45,0.4275,0.25,0.2,0.148468017578125,0.098388671875,0.0,0.0,66.5,29.6875,64.31230545043945,27.34375,89.75,48.0,85.53125,44.41152191162109,2.0,0.75,2.0546875,0.75,51.1875,18.3359375,49.6123046875,16.280410766601562,7.5,5.07647705078125,7.5,5.0,4.5,3.625,4.984375,3.9375,48.6875,17.0,47.11572265625,16.5,5.75,3.75,5.3125,3.4375,5.0625,3.5,3.875,2.5,99.2119140625,94.125,638.5,0,0,0,0,0,0,0,0,0,0,0,0,0,0,172.72,172.72,145.0,0.0471682548522949,0.0,0.45,0.4217682266235352,0.25,0.19173828125,0.1875,0.125,0.0,0.0,69.5,30.5,66.984375,27.8466796875,94.0,48.544921875,88.50390625,44.75,2.0,0.8125,2.015625,0.6640625,54.0,19.01513671875,51.483436584472656,16.9437255859375,7.91796875,5.430633544921875,7.75,5.0625,4.780975341796875,3.9373779296875,4.8994140625,3.84375,51.025390625,18.400863647460938,50.515625,17.5,5.75,3.75,5.5,3.5,5.375,3.6875,4.0,2.65625,104.865234375,89.5,655.8441009521484,0,0,0,0,0,0,0,0,0,0,0,0,0,0,170.18,170.18,135.0,28.0,27.0,0,0,1,0,0,0,0,0,0,0,0,0,0,0,0,1,0,0,0,0,1,0,0,0
Blue,False,0.0625,0.0,0.470625,0.2674999999999999,0.0275,0.47,0.25,0.9375,0.0,0.0,33.25,15.6875,46.375,14.4375,83.375,65.8125,59.0625,24.625,1.125,0.25,6.9375,2.1875,19.5625,4.8125,35.8125,8.875,7.6875,5.5625,4.875,3.625,6.0,5.3125,5.6875,1.9375,23.6875,8.625,33.6875,6.75,8.6875,6.375,3.75,1.3125,0.875,0.6875,8.9375,6.375,40.0625,238.625,522.6875,10,0,0,1,1,2,3,0,0,0,1,0,1,0,167.64,167.64,125.0,0.0,0.03125,0.31515625,0.4040625,0.03125,0.35890625,0.015625,0.125,0.0,0.0,237.890625,80.75,347.203125,136.0,241.59375,84.390625,389.453125,171.28125,0.03125,0.03125,6.765625,2.796875,207.640625,61.1875,302.40625,103.6875,27.171875,17.28125,36.3125,24.640625,3.078125,2.28125,8.484375,7.671875,237.3125,80.453125,321.015625,115.828125,0.171875,0.109375,7.765625,5.71875,0.40625,0.1875,18.421875,14.453125,7.609375,221.453125,900.0,21,0,0,2,1,2,5,0,0,1,1,0,0,0,167.64,177.8,135.0,31.0,30.0,1,0,0,0,0,0,0,0,0,0,0,0,0,0,0,1,0,0,0,0,1,0,0,0
Red,False,0.25,0.5,0.435,0.5543750000000001,0.125,0.02,0.0,0.0625,0.0,0.0,25.875,13.6875,21.75,11.8125,30.4375,17.6875,24.5,14.125,0.5625,0.25,0.9375,0.125,24.3125,12.3125,17.0625,8.625,1.1875,1.0,2.1875,1.6875,0.375,0.375,2.5,1.5,17.8125,7.5,14.5,6.875,3.5625,2.25,4.25,2.9375,4.5,3.9375,3.0,2.0,44.25,51.75,216.8125,9,0,1,0,2,3,2,0,0,0,0,3,0,0,182.88,190.5,260.0,0.12890625,0.125,0.6208984375,0.3219140625,0.0,0.5901953125,0.015625,0.50390625,0.0,0.03125,19.1484375,10.4140625,34.3203125,13.66796875,19.7890625,10.90625,37.51171875,15.8203125,0.0,0.0,1.44921875,0.71484375,15.51171875,7.375,30.76953125,11.375,1.59765625,1.12109375,1.73828125,1.078125,2.0390625,1.91796875,1.8125,1.21484375,16.68359375,8.09765625,31.9140625,11.8125,0.671875,0.578125,0.81640625,0.53125,1.79296875,1.73828125,1.58984375,1.32421875,6.265625,60.85546875,237.2421875,16,0,5,0,5,6,3,0,0,0,1,5,0,0,190.5,208.28,265.0,29.0,35.0,0,0,0,0,1,0,0,0,0,0,0,0,0,0,0,0,0,1,0,0,0,0,0,1
Blue,False,0.015625,0.0,0.45,0.4275,0.25,0.2,0.148468017578125,0.098388671875,0.0,0.0,66.5,29.6875,64.31230545043945,27.34375,89.75,48.0,85.53125,44.41152191162109,2.0,0.75,2.0546875,0.75,51.1875,18.3359375,49.6123046875,16.280410766601562,7.5,5.07647705078125,7.5,5.0,4.5,3.625,4.984375,3.9375,48.6875,17.0,47.11572265625,16.5,5.75,3.75,5.3125,3.4375,5.0625,3.5,3.875,2.5,99.2119140625,94.125,638.5,0,0,0,0,0,0,0,0,0,0,0,0,0,0,170.18,180.34,135.0,0.0471682548522949,0.0,0.45,0.4217682266235352,0.25,0.19173828125,0.1875,0.125,0.0,0.0,69.5,30.5,66.984375,27.8466796875,94.0,48.544921875,88.50390625,44.75,2.0,0.8125,2.015625,0.6640625,54.0,19.01513671875,51.483436584472656,16.9437255859375,7.91796875,5.430633544921875,7.75,5.0625,4.780975341796875,3.9373779296875,4.8994140625,3.84375,51.025390625,18.400863647460938,50.515625,17.5,5.75,3.75,5.5,3.5,5.375,3.6875,4.0,2.65625,104.865234375,89.5,655.8441009521484,0,0,0,0,0,0,0,0,0,0,0,0,0,0,177.8,180.34,135.0,24.0,26.0,1,0,0,0,0,0,0,0,0,0,0,0,0,0,0,1,0,0,0,0,1,0,0,0
Red,False,0.0,0.0,0.31,0.4,0.0,0.0,0.0,0.0,0.0,0.0,209.0,65.0,214.0,87.0,237.0,93.0,258.0,131.0,0.0,0.0,0.0,0.0,176.0,39.0,171.0,53.0,20.0,15.0,20.0,18.0,13.0,11.0,23.0,16.0,164.0,39.0,158.0,45.0,45.0,26.0,56.0,42.0,0.0,0.0,0.0,0.0,85.0,71.0,900.0,3,0,0,1,0,0,1,0,0,0,0,0,0,0,167.64,167.64,125.0,0.0,0.0,0.4449999999999999,0.525,0.5,0.75,1.5,0.0,1.0,0.5,122.0,47.0,73.0,38.5,206.5,115.0,135.5,90.0,2.0,0.5,1.5,1.0,93.0,27.5,59.0,26.0,10.5,7.5,6.0,4.5,18.5,12.0,8.0,8.0,97.5,30.5,64.5,31.5,17.5,11.0,3.0,2.0,7.0,5.5,5.5,5.0,296.5,190.5,900.0,6,0,2,0,2,2,0,0,0,0,2,0,0,0,167.64,172.72,135.0,27.0,29.0,0,0,0,0,0,0,0,0,0,0,1,0,0,0,0,1,0,0,0,0,1,0,0,0
Blue,False,1.125,0.0,0.54375,0.4125,0.625,0.0475,0.0,0.125,0.125,0.125,74.375,38.875,64.125,28.0,89.0,52.25,82.75,44.375,2.0,1.5,1.875,0.625,53.75,22.25,39.0,9.0,15.375,11.875,16.0,11.125,5.25,4.75,9.125,7.875,64.75,32.375,45.375,15.625,6.5,4.875,15.625,10.375,3.125,1.625,3.125,2.0,177.625,76.625,562.625,9,0,1,0,2,3,1,0,0,0,1,2,0,0,182.88,190.5,170.0,0.75,0.25,0.3475,0.31,0.25,0.11,0.0,0.25,0.0,0.0,170.75,58.0,218.0,66.0,173.0,60.25,233.0,78.25,0.25,0.25,6.75,0.75,161.75,53.25,157.0,32.25,7.75,3.75,41.25,20.0,1.25,1.0,19.75,13.75,154.25,48.5,206.5,59.0,13.0,7.5,11.0,6.5,3.5,2.0,0.5,0.5,9.0,81.5,835.25,9,1,2,0,2,2,1,0,0,0,1,1,0,0,182.88,185.42,185.0,31.0,23.0,0,0,0,0,0,0,0,0,0,1,0,0,0,0,0,1,0,0,0,0,1,0,0,0
Red,False,0.015625,0.0,0.45,0.4275,0.25,0.2,0.148468017578125,0.098388671875,0.0,0.0,66.5,29.6875,64.31230545043945,27.34375,89.75,48.0,85.53125,44.41152191162109,2.0,0.75,2.0546875,0.75,51.1875,18.3359375,49.6123046875,16.280410766601562,7.5,5.07647705078125,7.5,5.0,4.5,3.625,4.984375,3.9375,48.6875,17.0,47.11572265625,16.5,5.75,3.75,5.3125,3.4375,5.0625,3.5,3.875,2.5,99.2119140625,94.125,638.5,0,0,0,0,0,0,0,0,0,0,0,0,0,0,167.64,165.1,135.0,0.0625,0.03125,0.3484374999999999,0.33,0.1615625,0.25,0.75,1.53125,0.0,0.0,91.03125,31.75,80.71875,23.0625,98.15625,38.5625,86.84375,28.65625,5.25,0.84375,2.6875,1.0,68.03125,18.46875,61.21875,9.46875,10.46875,4.5,11.9375,7.625,12.53125,8.78125,7.5625,5.96875,80.6875,25.3125,76.09375,19.875,5.15625,2.40625,4.625,3.1875,5.1875,4.03125,0.0,0.0,82.90625,84.8125,718.4375,14,0,0,1,5,5,1,0,0,1,2,1,1,0,165.1,167.64,135.0,27.0,31.0,1,0,0,0,0,0,0,0,0,0,0,0,0,0,0,1,0,0,0,0,1,0,0,0
Red,False,0.0,0.001220703125,0.4967942810058593,0.4074688720703125,0.4169927978515625,0.0639215087890625,0.896820068359375,0.2579345703125,6.103515625e-05,0.5039520263671875,50.247650146484375,18.15536499023437,68.32496643066406,22.481185913085938,109.7539520263672,70.26419067382812,118.00144958496094,62.743560791015625,9.089263916015623,3.781539916992188,6.2578887939453125,0.6484527587890625,40.50311279296875,11.480239868164062,53.376556396484375,12.553909301757812,8.00201416015625,5.009048461914063,5.408370971679688,2.4537811279296875,1.742523193359375,1.66607666015625,9.5400390625,7.473495483398437,35.813812255859375,8.483154296875,57.85807800292969,14.11688232421875,8.064743041992188,4.812591552734375,2.7174072265625,1.1671142578125,6.3690948486328125,4.859619140625,7.749481201171875,7.197189331054688,384.4869995117188,366.04925537109375,1053.1489715576172,42,1,5,0,5,12,5,0,0,0,5,1,6,0,185.42,182.88,170.0,0.0,0.5,0.411796875,0.329453125,0.452734375,0.098125,0.578125,0.0078125,0.0078125,0.5078125,116.0859375,49.1328125,90.71875,31.234375,122.234375,55.0859375,112.0234375,50.3671875,3.9921875,2.3984375,1.2734375,0.3125,88.828125,33.5390625,73.1171875,19.6640625,24.578125,13.6328125,7.015625,3.6953125,2.6796875,1.9609375,10.5859375,7.875,96.1640625,38.9765625,75.296875,23.5546875,4.703125,2.4375,5.765625,2.6796875,15.21875,7.71875,9.65625,5.0,144.75,100.4765625,845.4375,19,0,1,0,5,6,2,0,0,0,3,2,1,0,182.88,193.04,170.0,36.0,24.0,0,0,0,0,0,0,0,0,0,1,0,0,0,0,0,0,0,1,0,0,1,0,0,0
Red,False,0.375,0.515625,0.5390625,0.5723437499999999,0.27421875,0.1853125,1.734375,0.125,0.046875,0.25,15.828125,8.4375,25.21875,15.3125,19.046875,11.1875,38.453125,27.484375,3.1875,0.625,1.671875,0.53125,10.53125,4.3125,17.578125,10.375,1.96875,1.828125,5.078125,2.65625,3.328125,2.296875,2.5625,2.28125,10.609375,4.171875,9.90625,3.703125,2.0,1.84375,6.125,4.34375,3.21875,2.421875,9.1875,7.265625,68.921875,116.953125,319.734375,12,0,1,0,2,4,3,0,0,0,1,0,3,0,180.34,190.5,170.0,0.220703125,0.7509765625,0.2390332031249999,0.5255371093750001,0.0745361328125,0.109052734375,0.51953125,0.0322265625,0.251953125,0.0,26.10791015625,11.45849609375,44.23779296875,23.04345703125,43.9619140625,27.12841796875,55.94677734375,34.234375,0.212890625,0.1220703125,1.96630859375,0.7626953125,21.5322265625,8.14013671875,31.208984375,13.80712890625,2.9111328125,1.68701171875,9.986328125,7.01416015625,1.66455078125,1.63134765625,3.04248046875,2.22216796875,20.60205078125,7.38916015625,23.02685546875,9.02294921875,3.52978515625,2.60791015625,9.20361328125,6.6513671875,1.97607421875,1.46142578125,12.00732421875,7.369140625,21.380859375,153.033203125,291.63134765625,23,0,0,1,4,8,4,0,0,1,2,3,2,0,182.88,187.96,170.0,25.0,38.0,0,0,0,0,0,0,0,0,0,1,0,0,0,0,0,1,0,0,0,0,1,0,0,0
Red,False,0.015625,0.0,0.45,0.4275,0.25,0.2,0.148468017578125,0.098388671875,0.0,0.0,66.5,29.6875,64.31230545043945,27.34375,89.75,48.0,85.53125,44.41152191162109,2.0,0.75,2.0546875,0.75,51.1875,18.3359375,49.6123046875,16.280410766601562,7.5,5.07647705078125,7.5,5.0,4.5,3.625,4.984375,3.9375,48.6875,17.0,47.11572265625,16.5,5.75,3.75,5.3125,3.4375,5.0625,3.5,3.875,2.5,99.2119140625,94.125,638.5,0,0,0,0,0,0,0,0,0,0,0,0,0,0,187.96,193.04,205.0,0.0,0.0,0.5549999999999999,0.3,0.3,0.0,0.0,0.0,0.0,0.0,122.0,66.5,71.0,20.5,148.0,92.5,90.0,39.5,3.0,1.5,0.0,0.0,89.0,38.5,55.0,8.0,22.5,18.0,10.5,7.5,10.5,10.0,5.5,5.0,80.5,34.5,61.0,14.5,39.5,30.5,9.5,5.5,2.0,1.5,0.5,0.5,343.0,9.5,900.0,6,0,2,0,2,2,0,0,0,0,2,0,0,0,180.34,182.88,235.0,33.0,34.0,0,0,0,0,0,1,0,0,0,0,0,0,0,0,0,1,0,0,0,0,1,0,0,0
Red,True,0.0,0.0,0.88,0.58,1.0,0.0,0.0,0.0,0.0,0.0,9.0,8.0,12.0,7.0,73.0,72.0,20.0,15.0,2.0,2.0,0.0,0.0,8.0,7.0,4.0,1.0,1.0,1.0,8.0,6.0,0.0,0.0,0.0,0.0,2.0,1.0,4.0,1.0,0.0,0.0,8.0,6.0,7.0,7.0,0.0,0.0,227.0,1.0,246.0,1,0,1,0,1,1,0,0,0,0,0,1,0,0,167.64,167.64,135.0,0.0,0.0,0.565,0.5700000000000001,0.875,0.165,2.0,0.5,0.0,0.5,38.5,23.5,28.0,14.0,105.5,87.5,39.0,25.0,4.5,3.5,1.5,0.5,29.5,15.0,25.5,12.0,4.0,3.5,2.5,2.0,5.0,5.0,0.0,0.0,14.5,4.0,18.0,8.0,11.5,9.5,9.5,5.5,12.5,10.0,0.5,0.5,325.5,85.5,473.5,4,2,2,0,2,2,0,0,0,0,0,0,2,0,170.18,167.64,135.0,33.0,27.0,0,0,0,0,0,0,0,0,0,0,1,0,0,0,0,1,0,0,0,0,1,0,0,0
Blue,False,0.125,1.0,0.365,0.53625,0.0,0.23375,2.5,1.0,0.0,0.0,64.0,25.0,69.875,39.0,82.375,42.625,83.125,51.75,0.0,0.0,7.5,1.625,51.625,13.875,51.5,26.25,7.75,7.375,10.625,7.75,4.625,3.75,7.75,5.0,50.0,13.0,38.125,13.625,10.5,9.0,13.25,10.625,3.5,3.0,18.5,14.75,114.0,339.125,694.5,9,0,2,0,2,2,2,0,0,0,1,1,0,0,177.8,180.34,170.0,0.0,0.8125,0.4653125,0.478125,0.1646875,0.090625,1.3125,0.25,0.03125,0.0,55.609375,22.65625,84.53125,40.65625,98.640625,62.71875,93.640625,49.0625,5.21875,1.15625,0.28125,0.265625,40.859375,12.28125,51.953125,14.3125,10.984375,7.328125,16.203125,12.84375,3.765625,3.046875,16.375,13.5,48.609375,17.546875,77.859375,35.65625,1.359375,0.515625,3.765625,2.609375,5.640625,4.59375,2.90625,2.390625,191.484375,24.4375,573.0,18,0,0,1,1,2,5,0,0,0,2,0,0,0,172.72,180.34,155.0,25.0,32.0,0,0,0,0,0,0,1,0,0,0,0,0,0,0,0,0,0,1,0,0,1,0,0,0
Red,False,0.0,0.0,0.43,0.28,1.0,0.0,5.0,1.0,1.0,2.0,64.0,28.0,63.0,18.0,103.0,65.0,69.0,24.0,2.0,2.0,0.0,0.0,50.0,20.0,54.0,15.0,11.0,6.0,4.0,1.0,3.0,2.0,5.0,2.0,49.0,20.0,59.0,16.0,1.0,1.0,0.0,0.0,14.0,7.0,4.0,2.0,251.0,141.0,571.0,2,0,1,0,1,1,0,0,0,0,0,0,1,0,162.56,162.56,125.0,0.0,0.0,0.32,0.38,0.35,0.2,1.0,1.0,1.0,2.0,81.0,26.0,81.0,31.0,91.0,34.0,95.0,45.0,17.0,6.0,5.0,1.0,64.0,17.0,66.0,19.0,10.0,3.0,6.0,5.0,7.0,6.0,9.0,7.0,77.0,25.0,65.0,18.0,2.0,0.0,14.0,11.0,2.0,1.0,2.0,2.0,159.0,255.0,900.0,3,0,1,0,1,1,0,0,0,0,1,0,0,0,162.56,162.56,125.0,29.0,30.0,0,0,0,1,0,0,0,0,0,0,0,0,0,0,0,1,0,0,0,0,0,0,1,0
Red,False,0.015625,0.0,0.45,0.4275,0.25,0.2,0.148468017578125,0.098388671875,0.0,0.0,66.5,29.6875,64.31230545043945,27.34375,89.75,48.0,85.53125,44.41152191162109,2.0,0.75,2.0546875,0.75,51.1875,18.3359375,49.6123046875,16.280410766601562,7.5,5.07647705078125,7.5,5.0,4.5,3.625,4.984375,3.9375,48.6875,17.0,47.11572265625,16.5,5.75,3.75,5.3125,3.4375,5.0625,3.5,3.875,2.5,99.2119140625,94.125,638.5,0,0,0,0,0,0,0,0,0,0,0,0,0,0,172.72,175.26,155.0,0.0471682548522949,0.0,0.45,0.4217682266235352,0.25,0.19173828125,0.1875,0.125,0.0,0.0,69.5,30.5,66.984375,27.8466796875,94.0,48.544921875,88.50390625,44.75,2.0,0.8125,2.015625,0.6640625,54.0,19.01513671875,51.483436584472656,16.9437255859375,7.91796875,5.430633544921875,7.75,5.0625,4.780975341796875,3.9373779296875,4.8994140625,3.84375,51.025390625,18.400863647460938,50.515625,17.5,5.75,3.75,5.5,3.5,5.375,3.6875,4.0,2.65625,104.865234375,89.5,655.8441009521484,0,0,0,0,0,0,0,0,0,0,0,0,0,0,172.72,177.8,145.0,29.0,30.0,0,0,0,0,0,0,1,0,0,0,0,0,0,0,0,1,0,0,0,0,1,0,0,0
Red,False,0.0,0.0,0.53,0.16,0.0,0.33,0.0,0.0,0.0,0.0,150.0,80.0,112.0,18.0,150.0,80.0,114.0,20.0,0.0,0.0,3.0,1.0,120.0,62.0,101.0,11.0,18.0,7.0,5.0,3.0,12.0,11.0,6.0,4.0,148.0,79.0,105.0,16.0,0.0,0.0,1.0,0.0,2.0,1.0,6.0,2.0,6.0,31.0,900.0,3,0,1,0,1,1,0,0,0,0,1,0,0,0,187.96,193.04,185.0,0.58245849609375,0.03515625,0.4898178100585937,0.133016357421875,0.13212158203125,0.1147650146484375,0.008514404296875,0.031982421875,0.000152587890625,0.0,31.60809326171875,14.999298095703123,36.841888427734375,9.374298095703123,31.96392822265625,15.349853515625,43.651153564453125,16.15838623046875,0.19146728515625,0.14208984375,3.0079345703125,0.664459228515625,17.73828125,7.1656494140625,19.75909423828125,2.146636962890625,8.6898193359375,5.65740966796875,8.0909423828125,2.953857421875,5.17999267578125,2.176239013671875,8.991851806640625,4.2738037109375,29.917755126953125,13.984466552734377,31.54339599609375,6.62744140625,1.013885498046875,0.349365234375,2.14971923828125,1.254547119140625,0.67645263671875,0.66546630859375,3.148773193359375,1.4923095703125,9.505126953125,36.26461791992188,492.259765625,39,4,8,0,8,12,4,0,0,1,5,5,1,0,185.42,187.96,185.0,28.0,35.0,0,0,0,0,0,0,0,1,0,0,0,0,0,0,0,1,0,0,0,0,0,0,1,0
Red,False,0.015625,0.0,0.45,0.4275,0.25,0.2,0.148468017578125,0.098388671875,0.0,0.0,66.5,29.6875,64.31230545043945,27.34375,89.75,48.0,85.53125,44.41152191162109,2.0,0.75,2.0546875,0.75,51.1875,18.3359375,49.6123046875,16.280410766601562,7.5,5.07647705078125,7.5,5.0,4.5,3.625,4.984375,3.9375,48.6875,17.0,47.11572265625,16.5,5.75,3.75,5.3125,3.4375,5.0625,3.5,3.875,2.5,99.2119140625,94.125,638.5,0,0,0,0,0,0,0,0,0,0,0,0,0,0,177.8,177.8,170.0,0.03125,0.5,0.384375,0.2859374999999999,0.0825,0.21625,0.625,0.25,0.0,0.125,35.84375,17.375,34.34375,16.0625,38.25,19.75,57.84375,38.0,0.375,0.25,3.875,1.3125,22.8125,7.90625,30.21875,13.8125,11.15625,8.09375,3.1875,1.8125,1.875,1.375,0.9375,0.4375,22.875,9.5,14.84375,4.375,10.9375,6.5625,6.125,2.5625,2.03125,1.3125,13.375,9.125,39.96875,196.75,389.96875,9,0,1,0,1,3,3,0,0,0,0,1,2,0,182.88,187.96,170.0,28.0,29.0,0,0,0,0,0,0,0,0,0,1,0,0,0,0,0,0,0,1,0,0,1,0,0,0
Blue,False,0.0,0.0,0.5,0.74,1.0,1.0,1.0,0.0,0.0,0.0,24.0,12.0,27.0,20.0,35.0,21.0,35.0,28.0,1.0,1.0,1.0,1.0,21.0,9.0,24.0,17.0,1.0,1.0,3.0,3.0,2.0,2.0,0.0,0.0,16.0,6.0,13.0,9.0,7.0,5.0,4.0,4.0,1.0,1.0,10.0,7.0,107.0,47.0,187.0,1,0,1,0,1,1,0,0,0,0,0,0,1,0,182.88,190.5,170.0,1.0,0.0,0.66,0.0,0.0,0.0,0.0,0.0,0.0,0.0,18.0,12.0,17.0,0.0,18.0,12.0,17.0,0.0,0.0,0.0,0.0,0.0,15.0,9.0,17.0,0.0,1.0,1.0,0.0,0.0,2.0,2.0,0.0,0.0,11.0,8.0,17.0,0.0,0.0,0.0,0.0,0.0,7.0,4.0,0.0,0.0,18.0,0.0,96.0,1,0,1,0,1,1,0,0,0,0,0,1,0,0,180.34,190.5,170.0,27.0,29.0,0,0,0,0,0,0,0,0,0,1,0,0,0,0,0,1,0,0,0,0,1,0,0,0
Red,False,0.0,0.0,0.73,0.53,0.2,0.0,0.0,0.0,0.0,0.0,94.0,69.0,78.0,42.0,116.0,87.0,103.0,66.0,10.0,2.0,1.0,0.0,19.0,8.0,58.0,24.0,49.0,39.0,19.0,17.0,26.0,22.0,1.0,1.0,45.0,27.0,47.0,14.0,49.0,42.0,31.0,28.0,0.0,0.0,0.0,0.0,425.0,39.0,900.0,3,0,1,0,1,1,0,0,0,0,1,0,0,0,175.26,185.42,155.0,0.0,0.0,0.4375,0.445,0.14,0.0,0.25,0.0,0.0,0.0,125.75,53.25,141.5,65.0,126.5,54.0,148.0,70.5,3.5,1.0,0.5,0.0,97.75,34.75,103.5,32.75,12.0,8.5,18.0,16.0,16.0,10.0,20.0,16.25,125.25,52.75,140.5,64.0,0.5,0.5,1.0,1.0,0.0,0.0,0.0,0.0,62.75,0.0,708.0,7,0,1,0,1,2,1,0,0,1,0,0,1,0,170.18,180.34,155.0,33.0,34.0,0,0,0,0,0,0,1,0,0,0,0,0,0,0,0,1,0,0,0,0,1,0,0,0
Red,False,0.0,0.0,0.52,0.44,1.0,0.46,0.0,0.0,0.0,0.0,73.0,38.0,43.0,19.0,76.0,41.0,77.0,50.0,1.0,1.0,15.0,7.0,46.0,15.0,38.0,16.0,14.0,10.0,3.0,1.0,13.0,13.0,2.0,2.0,58.0,27.0,36.0,14.0,4.0,3.0,4.0,2.0,11.0,8.0,3.0,3.0,46.0,516.0,900.0,3,0,0,1,0,0,1,0,0,0,0,0,0,0,177.8,177.8,170.0,0.5625,0.0,0.5675,0.47625,0.425,0.634375,0.5,0.625,0.0,0.125,33.5625,17.875,51.5625,25.0625,40.5,23.8125,69.5625,39.875,2.875,1.0,2.5,1.5625,21.375,9.125,41.375,18.1875,9.9375,6.75,5.875,3.9375,2.25,2.0,4.3125,2.9375,26.8125,13.1875,37.125,12.25,3.375,2.4375,7.125,6.6875,3.375,2.25,7.3125,6.125,114.9375,125.875,435.8125,9,0,1,0,2,3,2,0,0,0,0,1,2,0,175.26,177.8,155.0,28.0,35.0,0,0,0,0,0,0,1,0,0,0,0,0,0,0,0,0,0,1,0,0,0,0,1,0
Red,False,0.25,0.0,0.495,0.445,0.4375,0.125,0.0,1.0,0.25,1.0,62.25,31.25,49.75,23.5,146.25,111.25,71.75,45.0,6.25,1.75,0.5,0.25,45.5,18.5,39.75,15.75,12.0,8.0,6.75,5.5,4.75,4.75,3.25,2.25,49.0,21.75,46.0,19.75,0.75,0.5,2.75,2.75,12.5,9.0,1.0,1.0,516.75,138.75,900.0,9,0,0,1,1,1,2,0,0,0,1,0,0,0,172.72,175.26,145.0,0.015625,0.25,0.3605078124999999,0.4803515625,0.258671875,0.27859375,0.80859375,0.171875,0.03125,0.0,79.51171875,27.109375,90.5,47.46484375,92.4921875,40.01171875,108.85546875,64.2578125,2.88671875,0.4609375,2.875,1.16796875,63.20703125,18.07421875,69.421875,31.625,10.66015625,5.05078125,16.6796875,12.64453125,5.64453125,3.984375,4.3984375,3.1953125,72.08203125,21.3203125,76.05078125,36.27734375,4.51171875,3.703125,3.85546875,2.671875,2.91796875,2.0859375,10.59375,8.515625,23.9375,164.8125,570.21875,15,0,2,0,2,4,5,0,0,0,0,0,4,0,177.8,187.96,155.0,24.0,24.0,0,0,1,0,0,0,0,0,0,0,0,0,0,0,0,1,0,0,0,0,1,0,0,0
Red,False,0.03125,0.0,0.3965625,0.335,0.591875,0.03875,0.28125,0.4375,0.03125,0.34375,65.0,24.46875,44.71875,15.21875,104.375,58.09375,55.03125,23.90625,5.8125,3.15625,1.65625,0.3125,51.1875,15.0625,30.8125,6.09375,10.6875,6.90625,2.9375,0.875,3.125,2.5,10.96875,8.25,41.25,9.375,38.875,11.96875,4.59375,3.15625,5.1875,2.78125,19.15625,11.9375,0.65625,0.46875,495.0625,76.15625,853.125,16,0,6,0,6,6,0,0,0,1,3,0,2,0,190.5,198.12,205.0,0.5,0.0,0.54,0.185,0.165,0.0,0.5,0.0,0.5,0.0,32.0,18.0,12.5,2.5,35.0,20.5,16.0,5.5,2.0,0.5,0.0,0.0,28.5,16.5,11.5,2.0,3.0,1.0,0.5,0.0,0.5,0.5,0.5,0.5,9.5,4.5,10.5,2.0,13.0,5.5,2.0,0.5,9.5,8.0,0.0,0.0,92.5,4.5,192.0,2,0,2,0,2,2,0,0,0,0,0,1,1,0,185.42,182.88,185.0,32.0,34.0,0,0,0,0,0,0,0,1,0,0,0,0,0,0,0,1,0,0,0,0,1,0,0,0
Blue,False,0.5,0.5,0.3249999999999999,0.425,0.0,0.25,2.0,0.0,0.0,0.0,48.0,15.5,73.0,31.0,57.5,24.5,116.5,65.0,0.0,0.0,5.0,2.5,43.5,12.5,57.0,21.5,2.5,1.5,12.5,7.0,2.0,1.5,3.5,2.5,41.0,12.0,55.0,22.5,5.5,2.0,10.0,4.5,1.5,1.5,8.0,4.0,76.0,236.5,509.5,4,0,1,0,1,1,1,0,0,0,0,1,0,0,177.8,182.88,155.0,0.0,0.5,0.395,0.4225,0.125,0.6875,0.0,0.0,0.0,0.0,120.75,44.25,99.5,44.0,144.25,62.5,155.5,77.5,2.75,0.5,2.0,1.75,99.75,31.5,84.5,33.25,13.75,8.0,9.5,7.75,7.25,4.75,5.5,3.0,111.75,38.75,77.25,32.75,8.0,5.0,7.5,5.25,1.0,0.5,14.75,6.0,28.75,292.75,793.25,8,0,0,1,1,1,2,0,0,1,0,0,0,0,175.26,182.88,155.0,28.0,36.0,0,0,0,0,0,0,1,0,0,0,0,0,0,0,0,1,0,0,0,0,1,0,0,0
Red,False,0.0,0.0,0.34,0.46,0.66,0.0,0.0,0.0,0.0,0.0,96.0,33.0,62.0,29.0,150.0,78.0,123.0,86.0,6.0,4.0,0.0,0.0,72.0,12.0,29.0,8.0,8.0,6.0,20.0,13.0,16.0,15.0,13.0,8.0,66.0,14.0,49.0,18.0,9.0,7.0,7.0,7.0,21.0,12.0,6.0,4.0,423.0,0.0,900.0,3,0,1,0,1,1,0,0,0,0,1,0,0,0,162.56,165.1,125.0,0.0,0.0,0.4278125,0.5140625000000001,0.65625,0.4390625,0.75,0.0,0.0,0.0625,33.65625,15.0,48.96875,30.96875,50.4375,29.25,96.25,75.625,0.875,0.8125,3.875,2.34375,27.53125,11.0625,44.28125,28.1875,5.21875,3.6875,2.1875,1.09375,0.90625,0.25,2.5,1.6875,21.53125,6.96875,11.25,4.21875,0.90625,0.90625,0.40625,0.375,11.21875,7.125,37.3125,26.375,111.46875,354.0,616.625,14,0,2,0,2,3,3,0,0,0,2,1,0,0,175.26,180.34,135.0,29.0,33.0,1,0,0,0,0,0,0,0,0,0,0,0,0,0,0,0,0,1,0,0,0,0,1,0
Red,False,0.015625,0.0,0.45,0.4275,0.25,0.2,0.148468017578125,0.098388671875,0.0,0.0,66.5,29.6875,64.31230545043945,27.34375,89.75,48.0,85.53125,44.41152191162109,2.0,0.75,2.0546875,0.75,51.1875,18.3359375,49.6123046875,16.280410766601562,7.5,5.07647705078125,7.5,5.0,4.5,3.625,4.984375,3.9375,48.6875,17.0,47.11572265625,16.5,5.75,3.75,5.3125,3.4375,5.0625,3.5,3.875,2.5,99.2119140625,94.125,638.5,0,0,0,0,0,0,0,0,0,0,0,0,0,0,180.34,185.42,170.0,0.0,0.0,0.455,0.4774999999999999,0.915,0.08,2.25,0.5,0.0,0.75,56.5,23.25,60.5,30.0,77.5,40.25,125.5,90.0,3.0,2.75,4.75,0.5,42.75,12.25,39.0,16.75,10.75,9.0,11.25,6.0,3.0,2.0,10.25,7.25,44.75,14.5,43.5,21.5,6.0,4.5,4.0,2.5,5.75,4.25,13.0,6.0,202.75,257.25,789.75,8,0,2,0,2,2,1,0,0,0,1,0,1,0,187.96,198.12,185.0,22.0,31.0,0,0,0,0,0,0,0,0,0,1,0,0,0,0,0,1,0,0,0,0,1,0,0,0
Red,False,0.0,0.0,0.5,0.3575,0.625,0.035,0.25,0.25,0.0,0.0,59.25,20.0,59.75,13.0,69.0,29.5,61.75,14.5,2.25,1.0,1.75,0.25,46.5,14.5,50.5,9.0,6.5,1.75,3.5,1.0,6.25,3.75,5.75,3.0,53.0,16.0,54.25,10.5,5.25,3.5,4.5,2.25,1.0,0.5,1.0,0.25,63.5,33.0,462.5,7,0,0,1,1,1,2,0,0,0,1,0,0,0,172.72,180.34,145.0,0.0,0.0,0.54625,0.35375,0.425,0.22875,0.5,0.0,0.5625,0.25,66.8125,34.125,93.8125,34.4375,93.3125,56.625,124.25,60.625,2.75,1.75,1.4375,0.75,47.4375,18.75,69.8125,21.6875,12.0625,8.875,21.75,11.3125,7.3125,6.5,2.25,1.4375,47.1875,19.8125,81.625,28.4375,2.5625,1.3125,6.9375,3.5625,17.0625,13.0,5.25,2.4375,220.625,75.625,728.0,13,0,0,1,1,2,3,0,0,0,1,1,0,0,172.72,185.42,135.0,30.0,26.0,0,0,1,0,0,0,0,0,0,0,0,0,0,0,0,1,0,0,0,0,1,0,0,0
Blue,False,0.015625,0.0,0.45,0.4275,0.25,0.2,0.148468017578125,0.098388671875,0.0,0.0,66.5,29.6875,64.31230545043945,27.34375,89.75,48.0,85.53125,44.41152191162109,2.0,0.75,2.0546875,0.75,51.1875,18.3359375,49.6123046875,16.280410766601562,7.5,5.07647705078125,7.5,5.0,4.5,3.625,4.984375,3.9375,48.6875,17.0,47.11572265625,16.5,5.75,3.75,5.3125,3.4375,5.0625,3.5,3.875,2.5,99.2119140625,94.125,638.5,0,0,0,0,0,0,0,0,0,0,0,0,0,0,172.72,172.72,145.0,0.0471682548522949,0.0,0.45,0.4217682266235352,0.25,0.19173828125,0.1875,0.125,0.0,0.0,69.5,30.5,66.984375,27.8466796875,94.0,48.544921875,88.50390625,44.75,2.0,0.8125,2.015625,0.6640625,54.0,19.01513671875,51.483436584472656,16.9437255859375,7.91796875,5.430633544921875,7.75,5.0625,4.780975341796875,3.9373779296875,4.8994140625,3.84375,51.025390625,18.400863647460938,50.515625,17.5,5.75,3.75,5.5,3.5,5.375,3.6875,4.0,2.65625,104.865234375,89.5,655.8441009521484,0,0,0,0,0,0,0,0,0,0,0,0,0,0,170.18,172.72,145.0,23.0,28.0,0,0,1,0,0,0,0,0,0,0,0,0,0,0,0,1,0,0,0,0,1,0,0,0
Red,True,0.515625,0.0,0.625234375,0.34609375,0.55109375,0.337421875,0.953125,0.25,0.078125,0.0078125,73.328125,43.8984375,53.2265625,19.4609375,114.5703125,81.4921875,61.0078125,26.234375,3.328125,2.0390625,1.1875,0.4765625,60.53125,33.5703125,43.796875,12.34375,9.5546875,7.421875,4.515625,2.859375,3.2421875,2.90625,4.9140625,4.2578125,47.7578125,25.203125,48.0390625,16.6015625,1.8203125,0.953125,1.8515625,1.3515625,23.75,17.7421875,3.3359375,1.5078125,297.9140625,57.75,701.796875,25,2,1,0,4,6,2,0,0,0,2,0,4,0,167.64,170.18,135.0,0.53125,0.0,0.4753125,0.2521875,0.1265625,0.0,0.28125,0.0,0.0,0.0,111.25,42.71875,88.40625,25.28125,117.1875,48.125,90.5625,27.4375,3.25,1.1875,1.46875,0.0,90.15625,27.65625,76.1875,17.59375,9.9375,5.875,8.53125,4.84375,11.15625,9.1875,3.6875,2.84375,101.46875,37.59375,83.4375,22.78125,5.21875,2.15625,4.65625,2.21875,4.5625,2.96875,0.3125,0.28125,86.65625,11.5625,731.40625,18,3,6,0,6,6,0,0,0,0,3,1,2,0,167.64,177.8,145.0,34.0,27.0,1,0,0,0,0,0,0,0,0,0,0,0,0,0,0,1,0,0,0,0,1,0,0,0
Red,False,0.015625,0.0,0.45,0.4275,0.25,0.2,0.148468017578125,0.098388671875,0.0,0.0,66.5,29.6875,64.31230545043945,27.34375,89.75,48.0,85.53125,44.41152191162109,2.0,0.75,2.0546875,0.75,51.1875,18.3359375,49.6123046875,16.280410766601562,7.5,5.07647705078125,7.5,5.0,4.5,3.625,4.984375,3.9375,48.6875,17.0,47.11572265625,16.5,5.75,3.75,5.3125,3.4375,5.0625,3.5,3.875,2.5,99.2119140625,94.125,638.5,0,0,0,0,0,0,0,0,0,0,0,0,0,0,167.64,170.18,125.0,0.0,0.0,0.3966406249999999,0.376875,0.356015625,0.53390625,0.265625,0.15625,0.03125,0.0,112.0625,45.5859375,69.1953125,26.5625,130.7890625,63.296875,86.1171875,41.796875,1.515625,0.6015625,5.0390625,2.4453125,90.4453125,31.796875,55.2265625,16.59375,18.0625,10.546875,9.9609375,7.2265625,3.5546875,3.2421875,4.0078125,2.7421875,90.71875,29.96875,60.484375,19.828125,11.4765625,9.6484375,5.3046875,3.96875,9.8671875,5.96875,3.40625,2.765625,71.9453125,249.3671875,706.875,23,0,1,0,3,5,3,0,0,1,3,1,0,0,160.02,162.56,125.0,28.0,32.0,0,0,0,1,0,0,0,0,0,0,0,0,0,0,0,1,0,0,0,0,0,0,1,0
Blue,False,0.125,0.0,0.5750000000000001,0.37875,0.915,0.32125,0.25,1.0,0.0,0.0,75.875,42.5,49.5,19.25,86.5,52.25,58.375,26.875,3.5,3.0,6.375,3.875,60.625,28.75,38.875,11.875,11.625,10.125,3.375,2.5,3.625,3.625,7.25,4.875,46.375,16.875,42.125,14.125,13.125,11.25,3.25,2.25,16.375,14.375,4.125,2.875,125.0,164.375,526.25,9,0,1,0,1,2,2,0,0,0,0,2,0,0,172.72,177.8,155.0,0.1875,0.0,0.4346875,0.4609375,0.515,0.315625,0.9375,0.46875,0.25,0.3125,90.28125,38.78125,72.8125,34.125,119.71875,62.15625,92.5625,53.625,5.125,2.9375,2.9375,1.28125,74.90625,28.0625,61.21875,24.96875,12.59375,8.71875,6.1875,3.75,2.78125,2.0,5.40625,5.40625,71.3125,27.75,57.71875,22.25,3.71875,2.03125,2.84375,2.0625,15.25,9.0,12.25,9.8125,149.75,203.28125,811.46875,14,0,0,1,2,3,3,0,0,1,0,1,1,0,172.72,180.34,155.0,30.0,29.0,0,0,0,0,0,0,1,0,0,0,0,0,0,0,0,1,0,0,0,0,1,0,0,0
Red,True,0.125,0.0,0.5075,0.32125,0.22875,0.325,1.125,0.125,0.25,0.0,54.0,28.125,42.375,14.125,72.0,45.625,55.625,26.25,5.125,1.375,1.5,1.125,34.625,14.125,31.25,7.75,8.25,7.125,7.125,3.875,11.125,6.875,4.0,2.5,36.125,13.875,39.375,11.625,4.75,4.625,2.25,1.75,13.125,9.625,0.75,0.75,151.875,125.5,540.625,8,0,4,0,4,4,0,0,0,0,1,2,1,0,172.72,180.34,145.0,0.1875,0.0,0.368125,0.23875,0.4493749999999999,0.079375,0.0625,0.0,0.0,0.0,130.25,45.4375,148.6875,32.0625,140.4375,54.6875,172.1875,52.5,3.5625,2.8125,4.9375,0.625,116.75,35.875,121.75,16.4375,7.0625,4.6875,13.125,6.5,6.4375,4.875,13.8125,9.125,120.1875,40.3125,140.3125,26.5625,1.625,0.625,5.9375,4.25,8.4375,4.5,2.4375,1.25,208.0,61.6875,1109.875,20,5,5,0,5,5,0,0,0,0,3,2,0,0,170.18,177.8,135.0,31.0,27.0,0,0,1,0,0,0,0,0,0,0,0,0,0,0,0,1,0,0,0,0,1,0,0,0
Blue,False,1.0,0.0,0.415,0.4349999999999999,0.425,0.25,0.5,0.5,0.0,0.0,109.0,40.5,102.5,37.5,114.0,44.5,128.0,58.5,4.5,2.0,2.0,1.0,97.0,31.5,77.5,20.0,8.5,6.0,9.5,6.0,3.5,3.0,15.5,11.5,86.0,25.0,88.5,26.0,8.5,5.5,7.0,6.0,14.5,10.0,7.0,5.5,140.0,113.5,854.0,6,0,2,0,2,2,0,0,0,0,1,1,0,0,162.56,165.1,125.0,1.875,0.0,0.423125,0.3875,0.25,0.1125,0.0,0.3125,0.0,0.0,85.75,36.3125,50.875,20.5625,92.375,42.5,55.3125,24.0,0.5,0.5,1.8125,0.375,60.8125,22.3125,40.8125,14.75,21.25,11.3125,5.9375,2.875,3.6875,2.6875,4.125,2.9375,69.5,27.625,46.6875,17.9375,5.1875,3.0,2.1875,1.125,11.0625,5.6875,2.0,1.5,30.625,22.375,315.5,10,0,0,1,4,4,1,0,0,0,1,3,0,0,160.02,170.18,135.0,28.0,23.0,0,0,0,1,0,0,0,0,0,0,0,0,0,0,0,1,0,0,0,0,1,0,0,0
Blue,False,1.0,0.0,0.45,0.25,0.5,0.0,0.0,0.0,0.0,0.0,35.0,16.0,28.0,7.0,42.0,19.0,36.0,15.0,2.0,1.0,1.0,0.0,26.0,13.0,23.0,3.0,6.0,0.0,4.0,3.0,3.0,3.0,1.0,1.0,25.0,8.0,21.0,4.0,5.0,3.0,7.0,3.0,5.0,5.0,0.0,0.0,53.0,5.0,234.0,1,0,1,0,1,1,0,0,0,0,0,1,0,0,180.34,187.96,155.0,0.53125,0.0,0.46890625,0.2625,0.0,0.018125,0.0,0.03125,0.0,0.0,98.640625,46.375,124.359375,30.0,99.828125,47.375,125.171875,30.75,0.0,0.0,1.796875,0.046875,73.21875,30.265625,101.875,16.140625,16.328125,9.03125,13.9375,6.40625,9.09375,7.078125,8.546875,7.453125,88.390625,41.15625,122.484375,28.828125,1.953125,0.703125,0.375,0.171875,8.296875,4.515625,1.5,1.0,7.0625,6.015625,484.609375,17,0,2,0,3,5,2,0,0,0,3,2,0,0,172.72,172.72,155.0,30.0,28.0,0,0,0,0,0,0,1,0,0,0,0,0,0,0,0,0,0,1,0,0,1,0,0,0
Blue,False,1.25,0.75,0.685,0.445,0.25,0.0,0.0,0.0,0.0,0.0,56.75,38.0,30.0,13.75,65.5,46.25,37.0,19.5,0.75,0.25,0.5,0.0,35.5,18.75,23.0,9.25,19.75,17.75,4.5,3.75,1.5,1.5,2.5,0.75,13.25,7.0,22.25,8.5,26.75,19.75,6.25,4.0,16.75,11.25,1.5,1.25,167.5,1.0,316.75,5,0,1,0,1,1,2,0,0,0,0,1,0,0,193.04,203.2,265.0,0.0224685668945312,0.6328125,0.5153724479675293,0.648784465789795,0.0559775924682617,0.0024724006652832,0.0681686401367187,0.06256103515625,0.0625,0.0625009536743164,31.619932651519772,14.909127712249756,59.15077543258667,37.88896989822388,46.95801591873169,29.166781425476078,77.61536359786987,55.21645402908325,0.908055305480957,0.251469612121582,0.3618931770324707,0.0024876594543457,21.65704917907715,6.043062210083008,39.14143896102905,20.68554162979126,7.124180316925049,6.060573101043701,17.3928804397583,14.6104097366333,2.838703155517578,2.805492401123047,2.6164560317993164,2.5930185317993164,18.175018787384037,6.063743114471436,23.049521923065186,10.884585857391356,12.848360061645508,8.267244338989258,34.52673625946045,26.2280912399292,0.5965538024902344,0.5781402587890625,1.5745172500610352,0.7762928009033203,28.40130090713501,167.64315271377563,401.8097634315491,34,5,2,0,4,14,8,0,0,0,2,3,8,0,190.5,200.66,264.0,33.0,34.0,0,0,0,0,1,0,0,0,0,0,0,0,0,0,0,1,0,0,0,0,0,0,1,0
Red,False,0.25,0.0,0.5075000000000001,0.5225,0.0,0.585,0.0,1.5,0.0,0.0,90.75,46.75,108.25,56.0,98.0,54.0,141.75,87.25,0.5,0.0,9.0,5.0,61.5,25.25,95.0,45.5,18.0,11.75,9.5,7.25,11.25,9.75,3.75,3.25,58.25,26.75,75.0,31.0,30.75,18.75,15.5,11.5,1.75,1.25,17.75,13.5,119.75,422.75,820.5,8,0,0,1,1,1,2,0,0,0,0,1,0,0,185.42,185.42,185.0,0.0,0.5,0.5103125,0.60765625,0.411875,0.1075,0.0625,2.171875,0.5,0.03125,36.078125,16.1875,45.703125,21.703125,54.515625,32.203125,57.25,31.28125,5.109375,1.703125,3.03125,0.578125,27.859375,10.390625,36.875,13.65625,4.671875,2.5625,4.78125,4.28125,3.546875,3.234375,4.046875,3.765625,20.390625,5.640625,32.75,11.453125,8.21875,5.265625,7.578125,6.09375,7.46875,5.28125,5.375,4.15625,225.0625,64.84375,570.6875,18,0,1,0,2,3,4,0,0,1,1,0,1,0,182.88,182.88,185.0,31.0,32.0,0,0,0,0,0,0,0,1,0,0,0,0,0,0,0,1,0,0,0,0,0,0,1,0
Red,False,0.015625,0.0,0.45,0.4275,0.25,0.2,0.148468017578125,0.098388671875,0.0,0.0,66.5,29.6875,64.31230545043945,27.34375,89.75,48.0,85.53125,44.41152191162109,2.0,0.75,2.0546875,0.75,51.1875,18.3359375,49.6123046875,16.280410766601562,7.5,5.07647705078125,7.5,5.0,4.5,3.625,4.984375,3.9375,48.6875,17.0,47.11572265625,16.5,5.75,3.75,5.3125,3.4375,5.0625,3.5,3.875,2.5,99.2119140625,94.125,638.5,0,0,0,0,0,0,0,0,0,0,0,0,0,0,190.5,198.12,185.0,1.0,0.0,0.46,0.3299999999999999,0.5,0.415,0.0,0.0,0.0,0.0,100.5,46.5,56.0,17.0,115.5,61.0,64.5,23.5,1.0,0.5,6.5,2.5,83.5,34.5,48.5,11.5,9.5,6.5,3.5,2.5,7.5,5.5,4.0,3.0,76.5,29.0,51.5,15.0,12.5,8.5,4.5,2.0,11.5,9.0,0.0,0.0,164.0,145.0,716.5,5,0,2,0,2,2,0,0,0,0,0,1,0,1,187.96,195.58,205.0,22.0,27.0,0,0,0,0,0,0,0,1,0,0,0,0,0,0,0,1,0,0,0,0,1,0,0,0
Red,False,0.015625,0.0,0.45,0.4275,0.25,0.2,0.148468017578125,0.098388671875,0.0,0.0,66.5,29.6875,64.31230545043945,27.34375,89.75,48.0,85.53125,44.41152191162109,2.0,0.75,2.0546875,0.75,51.1875,18.3359375,49.6123046875,16.280410766601562,7.5,5.07647705078125,7.5,5.0,4.5,3.625,4.984375,3.9375,48.6875,17.0,47.11572265625,16.5,5.75,3.75,5.3125,3.4375,5.0625,3.5,3.875,2.5,99.2119140625,94.125,638.5,0,0,0,0,0,0,0,0,0,0,0,0,0,0,175.26,195.58,170.0,0.0,0.0,0.4525,0.4075,0.375,0.2475,0.0,0.25,0.0,0.0,146.75,64.5,130.5,46.5,149.75,67.0,145.25,59.5,5.0,2.0,6.75,1.75,124.0,46.25,99.75,26.25,17.0,12.5,18.75,12.25,5.75,5.75,12.0,8.0,133.0,55.0,126.25,44.25,9.5,5.75,3.75,1.75,4.25,3.75,0.5,0.5,100.25,45.25,716.75,7,1,0,1,2,2,1,0,0,0,2,0,0,0,177.8,177.8,155.0,21.0,26.0,0,0,0,0,0,0,1,0,0,0,0,0,0,0,0,1,0,0,0,0,1,0,0,0
Blue,False,0.015625,0.0,0.45,0.4275,0.25,0.2,0.148468017578125,0.098388671875,0.0,0.0,66.5,29.6875,64.31230545043945,27.34375,89.75,48.0,85.53125,44.41152191162109,2.0,0.75,2.0546875,0.75,51.1875,18.3359375,49.6123046875,16.280410766601562,7.5,5.07647705078125,7.5,5.0,4.5,3.625,4.984375,3.9375,48.6875,17.0,47.11572265625,16.5,5.75,3.75,5.3125,3.4375,5.0625,3.5,3.875,2.5,99.2119140625,94.125,638.5,0,0,0,0,0,0,0,0,0,0,0,0,0,0,175.26,177.8,155.0,0.0471682548522949,0.0,0.45,0.4217682266235352,0.25,0.19173828125,0.1875,0.125,0.0,0.0,69.5,30.5,66.984375,27.8466796875,94.0,48.544921875,88.50390625,44.75,2.0,0.8125,2.015625,0.6640625,54.0,19.01513671875,51.483436584472656,16.9437255859375,7.91796875,5.430633544921875,7.75,5.0625,4.780975341796875,3.9373779296875,4.8994140625,3.84375,51.025390625,18.400863647460938,50.515625,17.5,5.75,3.75,5.5,3.5,5.375,3.6875,4.0,2.65625,104.865234375,89.5,655.8441009521484,0,0,0,0,0,0,0,0,0,0,0,0,0,0,182.88,185.42,170.0,29.0,24.0,0,0,0,0,0,0,1,0,0,0,0,0,0,0,0,1,0,0,0,0,1,0,0,0
Red,False,0.015625,0.0,0.45,0.4275,0.25,0.2,0.148468017578125,0.098388671875,0.0,0.0,66.5,29.6875,64.31230545043945,27.34375,89.75,48.0,85.53125,44.41152191162109,2.0,0.75,2.0546875,0.75,51.1875,18.3359375,49.6123046875,16.280410766601562,7.5,5.07647705078125,7.5,5.0,4.5,3.625,4.984375,3.9375,48.6875,17.0,47.11572265625,16.5,5.75,3.75,5.3125,3.4375,5.0625,3.5,3.875,2.5,99.2119140625,94.125,638.5,0,0,0,0,0,0,0,0,0,0,0,0,0,0,180.34,180.34,170.0,0.0,0.0,0.43,0.4125,0.53,0.4025,0.0,0.25,0.25,0.0,69.75,33.5,61.25,21.5,118.75,78.5,78.5,35.0,2.75,2.0,9.0,2.0,50.5,17.5,46.0,11.0,10.5,9.25,11.25,7.5,8.75,6.75,4.0,3.0,40.0,14.0,40.5,10.0,21.75,15.5,9.0,5.25,8.0,4.0,11.75,6.25,152.75,350.75,723.25,7,0,1,0,1,1,2,0,0,0,1,0,0,0,190.5,203.2,170.0,31.0,26.0,0,0,0,0,0,0,0,0,0,1,0,0,0,0,0,1,0,0,0,0,1,0,0,0
Red,False,0.125,0.25,0.5653125000000001,0.574375,0.5309375,0.263125,0.0,3.6875,1.53125,0.625,50.46875,26.46875,42.375,18.03125,79.5,48.25,68.65625,38.9375,1.0625,0.6875,1.9375,0.59375,35.90625,16.09375,30.53125,10.25,8.65625,6.15625,5.65625,3.84375,5.90625,4.21875,6.1875,3.9375,38.09375,16.875,34.5625,11.3125,1.59375,1.1875,2.53125,2.09375,10.78125,8.40625,5.28125,4.625,290.03125,155.15625,710.34375,14,0,0,1,3,4,2,0,0,3,1,0,0,0,170.18,172.72,135.0,0.375,0.5,0.245,0.484375,0.145625,0.01125,0.0,0.0,0.0,0.0,132.375,37.8125,109.375,43.9375,133.6875,39.125,110.9375,45.5,0.875,0.1875,2.0625,0.125,119.5625,31.25,80.8125,24.25,10.5625,5.0,15.0,9.125,2.25,1.5625,13.5625,10.5625,130.6875,36.5,102.8125,39.8125,1.125,0.875,1.5,1.375,0.5625,0.4375,5.0625,2.75,20.1875,22.6875,573.75,13,1,0,2,2,2,3,0,0,1,0,1,0,0,170.18,175.26,135.0,34.0,29.0,1,0,0,0,0,0,0,0,0,0,0,0,0,0,0,1,0,0,0,0,1,0,0,0
Red,False,0.754974365234375,0.150390625,0.6857278442382813,0.5398573303222656,0.0649183654785156,3.662109375e-05,0.110107421875,0.0,0.0,1.52587890625e-05,12.869659423828123,6.766647338867188,11.074310302734377,4.6385498046875,13.937835693359377,7.826339721679687,11.649490356445312,5.0882415771484375,0.8553924560546875,0.2611541748046875,0.0171356201171875,0.0003662109375,9.762466430664062,5.3800048828125,9.694229125976562,3.416366577148437,1.2313232421875,0.58160400390625,0.9929656982421876,0.8365478515625,1.8758697509765625,0.8050384521484375,0.387115478515625,0.3856353759765625,8.248825073242188,3.4521026611328125,9.2763671875,3.087432861328125,0.9805755615234376,0.6977081298828125,1.6538543701171875,1.44622802734375,3.6402587890625,2.6168365478515625,0.1440887451171875,0.104888916015625,21.272003173828125,2.6040496826171875,105.47599792480467,26,1,4,0,4,11,6,0,0,0,0,7,4,0,187.96,193.04,242.0,0.0625,0.0,0.53625,0.32625,0.303125,0.03125,0.0,0.0,0.0,0.0,130.1875,73.75,112.25,33.4375,149.0625,90.8125,115.75,36.3125,5.4375,1.25,0.625,0.0625,112.625,57.125,99.5,23.6875,7.3125,6.5625,6.5,4.1875,10.25,10.0625,6.25,5.5625,110.3125,57.6875,107.6875,31.75,16.25,13.0,3.8125,1.25,3.625,3.0625,0.75,0.4375,108.5625,14.0,703.1875,11,0,3,0,3,4,1,0,0,0,2,2,0,0,193.04,203.2,240.0,34.0,31.0,0,0,0,0,1,0,0,0,0,0,0,0,0,0,0,1,0,0,0,0,1,0,0,0
Red,False,0.0,0.0,0.72,0.3,1.0,0.0,1.0,0.0,0.0,0.0,22.0,16.0,26.0,8.0,45.0,38.0,27.0,9.0,1.0,1.0,1.0,0.0,17.0,11.0,10.0,1.0,3.0,3.0,8.0,4.0,2.0,2.0,8.0,3.0,14.0,10.0,26.0,8.0,0.0,0.0,0.0,0.0,8.0,6.0,0.0,0.0,244.0,0.0,469.0,2,0,1,0,1,1,0,0,0,0,0,0,1,0,177.8,182.88,155.0,0.5390625,0.34375,0.472783203125,0.360859375,0.577138671875,0.08263671875,0.5048828125,0.001953125,0.5,0.5,78.3740234375,38.4482421875,86.0654296875,31.1484375,87.8681640625,46.7900390625,95.37109375,40.3984375,2.1767578125,1.2685546875,3.5771484375,0.5009765625,50.5400390625,19.4287109375,63.8974609375,16.4462890625,18.126953125,12.21484375,14.439453125,8.9248046875,9.70703125,6.8046875,7.728515625,5.77734375,57.8515625,26.1455078125,74.24609375,23.8408203125,9.20703125,5.009765625,7.408203125,5.181640625,11.3154296875,7.29296875,4.4111328125,2.1259765625,129.8857421875,102.96875,637.458984375,23,0,4,0,4,8,3,0,0,0,3,2,3,0,185.42,185.42,155.0,31.0,30.0,0,0,0,0,0,0,1,0,0,0,0,0,0,0,0,0,0,1,0,0,1,0,0,0
Red,False,0.625,0.375,0.54625,0.38875,0.8725,0.5825,0.0,1.0,0.0,0.0,51.75,27.625,48.0,17.25,67.5,42.875,65.375,33.5,1.75,1.375,1.125,0.75,33.625,15.25,41.25,13.375,6.875,5.125,4.125,1.625,11.25,7.25,2.625,2.25,26.875,11.625,35.25,8.5,11.625,9.0,6.875,4.5,13.25,7.0,5.875,4.25,113.75,76.875,463.125,7,0,2,0,2,3,1,0,1,0,0,2,0,0,177.8,180.34,155.0,0.140625,0.0625,0.565390625,0.422578125,0.131796875,0.2896875,0.171875,1.0,0.0,0.0078125,96.34375,46.2890625,84.671875,25.6171875,123.3828125,69.6015625,99.4296875,38.796875,4.2890625,1.140625,1.9765625,0.59375,63.96875,18.765625,63.03125,9.53125,14.171875,12.4375,13.84375,10.25,18.203125,15.0859375,7.796875,5.8359375,67.5390625,26.2109375,75.3671875,19.421875,12.5,9.8671875,8.1484375,5.6328125,16.3046875,10.2109375,1.15625,0.5625,259.78125,38.25,871.75,30,5,7,0,7,7,1,0,0,2,5,0,0,0,175.26,177.8,170.0,35.0,30.0,0,0,0,0,0,0,1,0,0,0,0,0,0,0,0,1,0,0,0,0,0,0,1,0
Blue,False,0.75,0.5,0.415,0.3924999999999999,0.0,0.205,0.0,0.0,0.0,0.0,62.0,27.25,64.5,25.5,68.0,32.5,66.75,27.75,0.0,0.0,3.0,0.75,48.0,16.25,50.0,13.75,11.5,8.75,9.0,7.0,2.5,2.25,5.5,4.75,53.75,23.25,57.0,19.5,6.0,2.75,6.0,4.5,2.25,1.25,1.5,1.5,27.75,63.0,417.25,5,0,2,0,2,2,1,0,0,1,0,1,0,0,167.64,170.18,135.0,0.0,1.0,0.4,0.5,0.0,0.0,0.0,1.0,0.0,0.0,10.0,4.0,20.0,10.0,13.0,6.0,20.0,10.0,0.0,0.0,0.0,0.0,7.0,2.0,16.0,6.0,2.0,1.0,1.0,1.0,1.0,1.0,3.0,3.0,10.0,4.0,18.0,9.0,0.0,0.0,0.0,0.0,0.0,0.0,2.0,1.0,0.0,26.0,70.0,1,0,0,1,0,0,1,0,0,0,0,0,0,0,175.26,175.26,135.0,31.0,27.0,1,0,0,0,0,0,0,0,0,0,0,0,0,0,0,1,0,0,0,0,1,0,0,0
Blue,False,0.515777587890625,0.126953125,0.7184944152832031,0.2647518920898437,0.1747735595703125,0.0456863403320312,0.31268310546875,0.270416259765625,0.03179931640625,0.0003509521484375,37.61531066894531,19.233657836914062,45.14447021484375,14.918319702148438,49.04278564453125,30.09796142578125,54.66525268554688,23.41107177734375,3.23687744140625,1.69378662109375,0.6387939453125,0.2691192626953125,25.088912963867188,10.3935546875,33.271392822265625,7.590652465820312,5.629608154296875,4.028594970703125,5.1962890625,3.031951904296875,6.89678955078125,4.8115081787109375,6.676788330078125,4.29571533203125,28.350173950195312,11.6256103515625,41.087493896484375,11.870758056640623,1.45477294921875,0.9014892578125,3.5040283203125,2.77960205078125,7.81036376953125,6.706558227539063,0.552947998046875,0.2679595947265625,152.87327575683594,22.820083618164062,369.92034912109375,42,0,0,1,2,9,8,0,0,1,3,4,0,1,175.26,180.34,145.0,0.125,0.25,0.264453125,0.4296484375,0.2684375,0.50390625,0.453125,0.1171875,0.0,0.5,97.4765625,31.15625,47.26171875,20.5859375,138.59375,66.2578125,74.39453125,45.7734375,3.51171875,1.4375,0.515625,0.5078125,82.8828125,23.265625,30.8046875,10.69140625,14.15625,7.453125,14.90625,8.40625,0.4375,0.4375,1.55078125,1.48828125,70.25,15.453125,42.5390625,16.8828125,8.65625,4.6875,2.15625,1.71875,18.5703125,11.015625,2.56640625,1.984375,278.51171875,56.58984375,596.05078125,19,0,1,0,5,7,2,0,0,0,5,2,0,0,177.8,180.34,145.0,27.0,29.0,0,0,1,0,0,0,0,0,0,0,0,0,0,0,0,1,0,0,0,0,1,0,0,0
Red,False,0.0,0.0,0.66,0.44,0.5,0.5,3.0,0.0,1.0,1.0,121.0,81.0,92.0,41.0,135.0,93.0,131.0,75.0,4.0,2.0,8.0,4.0,92.0,54.0,72.0,23.0,15.0,13.0,17.0,15.0,14.0,14.0,3.0,3.0,115.0,76.0,82.0,35.0,4.0,3.0,2.0,2.0,2.0,2.0,8.0,4.0,123.0,332.0,900.0,3,0,1,0,1,1,0,0,0,0,1,0,0,0,167.64,175.26,125.0,0.0,0.53125,0.6025,0.379375,0.03125,0.291796875,0.421875,0.5234375,1.828125,1.0703125,117.0,72.4921875,82.5703125,32.4296875,140.9375,93.703125,110.015625,54.2734375,0.03125,0.03125,8.546875,2.21875,95.578125,52.84375,61.34375,17.8828125,10.9140625,9.671875,15.59375,9.7734375,10.5078125,9.9765625,5.6328125,4.7734375,101.8203125,59.4296875,74.0546875,25.703125,6.265625,5.7421875,2.1328125,2.1015625,8.9140625,7.3203125,6.3828125,4.625,229.1328125,203.8359375,859.265625,20,0,0,2,2,4,4,0,0,2,1,0,1,0,177.8,185.42,145.0,20.0,25.0,1,0,0,0,0,0,0,0,0,0,0,0,0,0,0,1,0,0,0,0,0,0,1,0
Red,False,0.0,0.0,0.4725,0.45,0.1725,0.25,0.25,0.75,0.0,0.75,23.5,10.75,24.25,11.5,35.25,20.75,33.0,19.25,4.5,1.25,0.25,0.25,17.25,5.5,19.0,7.0,3.0,2.75,3.75,3.25,3.25,2.5,1.5,1.25,18.0,6.5,19.0,7.75,5.0,4.0,3.75,2.25,0.5,0.25,1.5,1.5,111.5,68.25,315.75,5,0,1,0,1,1,2,0,0,0,0,0,1,0,177.8,177.8,155.0,0.0625,0.0,0.326875,0.5475,0.05,0.515625,0.0,0.625,0.125,0.0625,80.8125,25.6875,75.75,33.0625,84.9375,29.0,91.9375,47.0625,1.5625,0.25,0.875,0.5625,54.625,10.6875,55.3125,16.9375,19.125,10.625,10.5,7.125,7.0625,4.375,9.9375,9.0,78.0,23.625,69.4375,29.375,2.125,1.375,1.875,0.4375,0.6875,0.6875,4.4375,3.25,31.3125,150.375,658.0625,13,0,2,0,2,3,2,0,0,1,1,1,0,0,172.72,182.88,155.0,32.0,28.0,0,0,0,0,0,0,1,0,0,0,0,0,0,0,0,1,0,0,0,0,0,0,0,1
Red,False,0.015625,0.0,0.45,0.4275,0.25,0.2,0.148468017578125,0.098388671875,0.0,0.0,66.5,29.6875,64.31230545043945,27.34375,89.75,48.0,85.53125,44.41152191162109,2.0,0.75,2.0546875,0.75,51.1875,18.3359375,49.6123046875,16.280410766601562,7.5,5.07647705078125,7.5,5.0,4.5,3.625,4.984375,3.9375,48.6875,17.0,47.11572265625,16.5,5.75,3.75,5.3125,3.4375,5.0625,3.5,3.875,2.5,99.2119140625,94.125,638.5,0,0,0,0,0,0,0,0,0,0,0,0,0,0,185.42,187.96,170.0,0.0471682548522949,0.0,0.45,0.4217682266235352,0.25,0.19173828125,0.1875,0.125,0.0,0.0,69.5,30.5,66.984375,27.8466796875,94.0,48.544921875,88.50390625,44.75,2.0,0.8125,2.015625,0.6640625,54.0,19.01513671875,51.483436584472656,16.9437255859375,7.91796875,5.430633544921875,7.75,5.0625,4.780975341796875,3.9373779296875,4.8994140625,3.84375,51.025390625,18.400863647460938,50.515625,17.5,5.75,3.75,5.5,3.5,5.375,3.6875,4.0,2.65625,104.865234375,89.5,655.8441009521484,0,0,0,0,0,0,0,0,0,0,0,0,0,0,182.88,185.42,170.0,24.0,32.0,0,0,0,0,0,0,0,0,0,1,0,0,0,0,0,1,0,0,0,0,1,0,0,0
Blue,False,0.0,0.0,0.66,0.69,0.0,1.0,2.0,0.0,0.0,0.0,68.0,45.0,42.0,29.0,123.0,98.0,128.0,107.0,1.0,0.0,4.0,4.0,59.0,37.0,39.0,26.0,7.0,6.0,2.0,2.0,2.0,2.0,1.0,1.0,17.0,6.0,6.0,4.0,51.0,39.0,12.0,7.0,0.0,0.0,24.0,18.0,137.0,456.0,694.0,3,0,0,1,0,0,1,0,0,0,0,0,0,0,190.5,195.58,205.0,2.0,0.0,0.25,0.31,0.0,0.5,0.0,0.0,0.0,0.0,71.0,18.0,105.0,33.0,72.0,19.0,150.0,73.0,1.0,0.0,2.0,1.0,53.0,8.0,89.0,23.0,18.0,10.0,12.0,7.0,0.0,0.0,4.0,3.0,71.0,18.0,88.0,25.0,0.0,0.0,1.0,0.0,0.0,0.0,16.0,8.0,4.0,228.0,900.0,3,0,0,1,0,0,1,0,0,0,0,0,0,0,195.58,195.58,250.0,21.0,30.0,0,0,0,0,1,0,0,0,0,0,0,0,0,0,0,1,0,0,0,0,0,0,1,0
Red,False,0.109375,0.25,0.32109375,0.44484375,0.0415625,0.57609375,0.046875,0.0,0.015625,0.015625,64.09375,21.0625,70.609375,31.03125,79.953125,34.640625,115.703125,69.34375,0.328125,0.0625,6.1875,3.0625,58.234375,17.09375,52.578125,16.515625,2.984375,1.859375,12.015625,9.15625,2.875,2.109375,6.015625,5.359375,52.546875,14.359375,47.984375,16.59375,3.203125,2.078125,4.734375,3.40625,8.34375,4.625,17.890625,11.03125,49.921875,452.15625,835.59375,19,0,0,1,5,5,2,0,0,1,2,2,0,0,180.34,185.42,185.0,0.0,1.0,0.4,0.45,0.0,0.0,0.0,0.0,0.0,0.0,15.0,6.0,20.0,9.0,15.0,6.0,21.0,10.0,1.0,0.0,0.0,0.0,8.0,2.0,18.0,8.0,2.0,0.0,1.0,0.0,5.0,4.0,1.0,1.0,15.0,6.0,14.0,4.0,0.0,0.0,0.0,0.0,0.0,0.0,6.0,5.0,0.0,13.0,152.0,1,0,0,1,0,0,1,0,0,0,0,0,0,0,190.5,195.58,205.0,34.0,29.0,0,0,0,0,0,0,0,1,0,0,0,0,0,0,0,1,0,0,0,0,0,0,1,0
Blue,False,0.0,0.0,0.58,0.39,0.5,0.06,0.0,0.0,0.0,0.0,84.0,49.0,28.0,11.0,178.0,130.0,37.0,20.0,2.0,1.0,16.0,1.0,40.0,18.0,21.0,6.0,32.0,24.0,5.0,4.0,12.0,7.0,2.0,1.0,50.0,24.0,22.0,6.0,19.0,15.0,4.0,3.0,15.0,10.0,2.0,2.0,280.0,367.0,900.0,3,0,1,0,1,1,0,0,0,0,1,0,0,0,180.34,185.42,155.0,0.0,0.0,0.34,0.5,0.0,0.33,0.0,0.0,0.0,0.0,222.0,76.0,115.0,58.0,284.0,129.0,125.0,64.0,0.0,0.0,3.0,1.0,180.0,47.0,82.0,32.0,27.0,18.0,20.0,14.0,15.0,11.0,13.0,12.0,179.0,52.0,98.0,46.0,43.0,24.0,17.0,12.0,0.0,0.0,0.0,0.0,134.0,171.0,900.0,3,0,1,0,1,1,0,0,0,1,0,0,0,0,172.72,177.8,155.0,27.0,35.0,0,0,0,0,0,0,1,0,0,0,0,0,0,0,0,1,0,0,0,0,1,0,0,0
Red,False,0.0,0.0,0.52,0.53,0.57,0.33,0.0,2.0,0.0,0.0,104.0,55.0,80.0,43.0,155.0,103.0,92.0,55.0,7.0,4.0,6.0,2.0,76.0,28.0,45.0,13.0,17.0,17.0,8.0,5.0,11.0,10.0,27.0,25.0,68.0,20.0,71.0,34.0,15.0,14.0,8.0,8.0,21.0,21.0,1.0,1.0,338.0,96.0,799.0,3,0,1,0,1,1,0,0,0,0,0,1,0,0,165.1,165.1,125.0,0.25,0.0,0.43,0.52,0.35,0.625,0.25,1.5,0.0,0.0,72.25,31.0,88.75,47.25,87.75,43.25,116.75,70.25,3.0,1.0,7.75,6.25,48.75,13.25,50.75,16.5,15.5,10.75,19.75,14.75,8.0,7.0,18.25,16.0,55.5,19.25,58.0,24.25,11.5,8.5,11.25,7.0,5.25,3.25,19.5,16.0,85.75,422.75,935.75,9,1,2,0,2,2,1,0,0,0,0,1,1,0,167.64,167.64,125.0,25.0,29.0,0,0,0,1,0,0,0,0,0,0,0,0,0,0,0,1,0,0,0,0,1,0,0,0
Red,False,0.0625,0.0,0.363125,0.3275,0.268125,0.285,0.0,0.0,0.0,0.5,152.125,56.0,175.25,58.5625,170.5,70.75,194.3125,75.125,5.1875,1.6875,5.5,2.0,112.8125,28.5,145.4375,36.5,20.75,11.5,14.125,8.5,18.5625,16.0,15.6875,13.5625,132.375,43.3125,151.9375,43.9375,17.75,11.8125,22.3125,14.625,2.0,0.875,1.0,0.0,93.25,187.1875,880.75,14,0,3,0,3,3,2,0,1,0,1,1,0,0,167.64,177.8,135.0,0.375,0.03125,0.3596875,0.349375,0.469375,0.0,1.71875,0.53125,0.0,0.0,73.84375,26.40625,64.46875,21.1875,79.78125,31.5625,69.53125,25.96875,3.53125,1.71875,3.125,0.0,57.8125,15.125,49.625,13.6875,10.34375,7.375,7.65625,2.53125,5.6875,3.90625,7.1875,4.96875,63.25,18.28125,59.1875,18.375,5.75,4.0,4.5,2.125,4.84375,4.125,0.78125,0.6875,148.375,9.59375,597.5,11,1,0,1,4,4,2,0,0,0,1,2,1,0,167.64,170.18,125.0,29.0,27.0,1,0,0,0,0,0,0,0,0,0,0,0,0,0,0,0,0,1,0,0,1,0,0,0
Red,False,0.5,0.0,0.405,0.21,0.15,0.0,1.0,0.0,0.0,0.0,66.0,21.0,47.5,20.0,88.0,38.5,82.5,51.5,6.5,2.0,0.0,0.0,55.0,15.5,35.0,10.0,3.5,2.0,1.0,1.0,7.5,3.5,11.5,9.0,53.5,15.0,45.0,18.0,2.0,1.0,2.5,2.0,10.5,5.0,0.0,0.0,235.5,0.0,474.0,4,0,2,0,2,2,0,0,0,0,1,0,1,0,185.42,195.58,185.0,1.0,0.0,0.74,0.2,0.0,0.165,0.0,0.0,0.0,0.0,58.0,31.0,46.5,10.5,59.5,32.0,48.5,12.5,1.0,0.0,3.0,1.0,37.0,16.5,35.5,5.0,6.5,5.0,6.0,3.0,14.5,9.5,5.0,2.5,49.5,26.0,43.5,10.0,4.0,2.0,2.0,0.0,4.5,3.0,1.0,0.5,26.0,24.0,395.5,4,0,2,0,2,2,0,0,0,0,0,2,0,0,182.88,185.42,185.0,30.0,36.0,0,0,0,0,0,0,0,1,0,0,0,0,0,0,0,0,0,1,0,0,0,0,1,0
Red,False,0.125,1.0,0.4299999999999999,0.4875,0.03125,0.7075,0.5,0.375,0.0,0.25,24.9375,11.1875,28.4375,18.0625,33.4375,18.125,43.5625,31.8125,3.5625,0.5625,2.125,1.5,18.375,6.0,23.25,13.0,5.0,3.9375,4.5625,4.4375,1.5625,1.25,0.625,0.625,15.25,5.6875,12.0625,5.125,7.0,4.125,9.8125,7.8125,2.6875,1.375,6.5625,5.125,59.6875,123.6875,277.75,11,0,0,1,1,2,3,0,0,0,1,0,1,0,177.8,177.8,155.0,0.125,0.28125,0.1546874999999999,0.1559375,0.6009375,0.270625,0.125,1.0,0.25,0.25,27.75,10.15625,16.96875,5.03125,44.375,23.8125,23.71875,10.59375,3.125,1.6875,0.59375,0.5625,21.625,7.3125,13.96875,3.78125,3.78125,1.8125,1.375,0.59375,2.34375,1.03125,1.625,0.65625,20.84375,6.40625,14.46875,3.59375,2.8125,1.34375,1.375,0.59375,4.09375,2.40625,1.125,0.84375,132.75,65.90625,276.75,11,1,0,1,3,3,3,0,0,0,2,1,0,0,180.34,190.5,155.0,30.0,25.0,0,0,0,0,0,0,1,0,0,0,0,0,0,0,0,1,0,0,0,0,1,0,0,0
Red,False,0.0,0.0,0.5237499999999999,0.5,0.66,0.25,0.25,0.375,0.0,0.0,55.875,21.0,62.0,25.125,64.125,28.25,72.25,34.875,2.375,0.875,2.375,0.625,49.5,16.625,50.375,19.375,4.5,3.0,7.375,3.0,1.875,1.375,4.25,2.75,40.875,10.75,56.0,20.625,4.375,2.625,4.75,3.5,10.625,7.625,1.25,1.0,74.0,63.5,404.625,8,0,1,0,1,2,2,0,0,0,0,2,0,0,172.72,170.18,145.0,0.01959228515625,0.0030517578125,0.391195068359375,0.43539306640625,0.132379150390625,0.3586083984375,0.6640625,0.0390625,1.000732421875,0.00042724609375,86.5750732421875,31.12738037109375,81.17059326171875,33.2744140625,120.582275390625,64.28265380859375,141.481201171875,91.73211669921876,0.367919921875,0.16046142578125,4.94970703125,2.2928466796875,76.87255859375,24.94915771484375,61.90545654296875,19.1683349609375,7.6943359375,4.7247314453125,11.6719970703125,7.33331298828125,2.0081787109375,1.4534912109375,7.5931396484375,6.77276611328125,80.27166748046875,25.27679443359375,71.09661865234375,28.1710205078125,4.535400390625,4.13140869140625,2.01300048828125,1.10101318359375,1.76800537109375,1.71917724609375,8.06097412109375,4.00238037109375,146.64117431640625,357.75750732421875,809.0123291015625,32,0,2,0,2,9,6,0,0,0,2,1,6,0,185.42,185.42,145.0,27.0,29.0,0,0,1,0,0,0,0,0,0,0,0,0,0,0,0,1,0,0,0,0,1,0,0,0
Blue,False,0.015625,0.015625,0.4024999999999999,0.35125,0.108125,0.4396875,0.0,0.125,0.015625,0.0,136.609375,57.84375,95.0625,36.234375,147.9375,68.703125,113.625,53.046875,2.453125,0.828125,2.6875,0.875,105.4375,34.15625,64.234375,18.0625,14.9375,10.40625,12.046875,7.328125,16.234375,13.28125,18.78125,10.84375,127.359375,50.3125,86.328125,30.125,6.609375,5.140625,5.5,4.453125,2.640625,2.390625,3.234375,1.65625,111.078125,190.203125,890.0,19,0,2,0,4,6,1,0,0,1,4,1,0,0,185.42,187.96,185.0,0.0,0.0,0.385,0.295,0.0,0.09,0.0,0.0,0.5,0.0,101.5,39.0,111.0,38.0,112.5,49.0,121.0,47.0,0.0,0.0,5.5,1.0,63.0,15.5,70.0,14.0,14.5,4.5,15.0,6.0,24.0,19.0,26.0,18.0,83.5,25.5,106.0,34.5,17.0,12.5,5.0,3.5,1.0,1.0,0.0,0.0,35.5,212.0,900.0,6,0,0,1,1,1,1,0,0,0,1,0,0,0,180.34,182.88,170.0,26.0,27.0,0,0,0,0,0,0,0,1,0,0,0,0,0,0,0,1,0,0,0,0,1,0,0,0
Red,False,0.0,1.0,0.25,0.45,0.0,0.5,0.0,0.0,0.0,0.0,28.0,7.0,35.0,16.0,36.0,15.0,42.0,19.0,1.0,0.0,2.0,1.0,23.0,3.0,26.0,13.0,4.0,3.0,6.0,0.0,1.0,1.0,3.0,3.0,21.0,4.0,25.0,8.0,7.0,3.0,5.0,3.0,0.0,0.0,5.0,5.0,5.0,53.0,234.0,1,0,0,1,0,0,1,0,0,0,0,0,0,0,182.88,182.88,155.0,0.0,0.0,0.0,0.68,0.0,0.83,0.0,0.0,0.0,0.0,4.0,0.0,19.0,13.0,5.0,1.0,25.0,19.0,0.0,0.0,6.0,5.0,3.0,0.0,18.0,12.0,0.0,0.0,1.0,1.0,1.0,0.0,0.0,0.0,4.0,0.0,4.0,0.0,0.0,0.0,2.0,2.0,0.0,0.0,13.0,11.0,2.0,96.0,135.0,1,0,0,1,0,0,1,0,0,0,0,0,0,0,177.8,182.88,155.0,33.0,31.0,0,0,0,0,0,0,1,0,0,0,0,0,0,0,0,1,0,0,0,0,1,0,0,0
Blue,False,0.015625,0.0,0.45,0.4275,0.25,0.2,0.148468017578125,0.098388671875,0.0,0.0,66.5,29.6875,64.31230545043945,27.34375,89.75,48.0,85.53125,44.41152191162109,2.0,0.75,2.0546875,0.75,51.1875,18.3359375,49.6123046875,16.280410766601562,7.5,5.07647705078125,7.5,5.0,4.5,3.625,4.984375,3.9375,48.6875,17.0,47.11572265625,16.5,5.75,3.75,5.3125,3.4375,5.0625,3.5,3.875,2.5,99.2119140625,94.125,638.5,0,0,0,0,0,0,0,0,0,0,0,0,0,0,175.26,172.72,135.0,0.0,0.0,0.23,0.46,1.0,0.2,0.0,0.0,0.0,0.0,116.0,27.0,71.0,33.0,141.0,44.0,92.0,50.0,3.0,3.0,10.0,2.0,92.0,14.0,49.0,17.0,15.0,5.0,13.0,8.0,9.0,8.0,9.0,8.0,97.0,22.0,63.0,25.0,3.0,2.0,3.0,3.0,16.0,3.0,5.0,5.0,382.0,72.0,900.0,3,0,1,0,1,1,0,0,0,1,0,0,0,0,165.1,165.1,125.0,22.0,27.0,0,0,0,1,0,0,0,0,0,0,0,0,0,0,0,1,0,0,0,0,1,0,0,0
Red,False,0.0,1.0,0.0,0.5,0.0,0.0,0.0,1.0,0.0,0.0,1.0,0.0,2.0,1.0,1.0,0.0,2.0,1.0,0.0,0.0,0.0,0.0,1.0,0.0,1.0,1.0,0.0,0.0,0.0,0.0,0.0,0.0,1.0,0.0,1.0,0.0,2.0,1.0,0.0,0.0,0.0,0.0,0.0,0.0,0.0,0.0,0.0,30.0,48.0,1,0,0,1,0,0,1,0,0,0,0,0,0,0,187.96,187.96,185.0,0.0,0.0,0.8,0.56,0.2,0.4,1.0,1.0,0.0,0.0,108.0,87.0,129.0,73.0,136.0,112.0,187.0,127.0,5.0,1.0,5.0,2.0,56.0,37.0,99.0,46.0,27.0,26.0,30.0,27.0,25.0,24.0,0.0,0.0,74.0,56.0,94.0,41.0,34.0,31.0,35.0,32.0,0.0,0.0,0.0,0.0,200.0,198.0,900.0,3,0,0,1,0,0,1,0,0,0,0,0,0,0,190.5,190.5,185.0,32.0,33.0,0,0,0,0,0,0,0,1,0,0,0,0,0,0,0,1,0,0,0,0,1,0,0,0
Blue,False,0.015625,0.0,0.45,0.4275,0.25,0.2,0.148468017578125,0.098388671875,0.0,0.0,66.5,29.6875,64.31230545043945,27.34375,89.75,48.0,85.53125,44.41152191162109,2.0,0.75,2.0546875,0.75,51.1875,18.3359375,49.6123046875,16.280410766601562,7.5,5.07647705078125,7.5,5.0,4.5,3.625,4.984375,3.9375,48.6875,17.0,47.11572265625,16.5,5.75,3.75,5.3125,3.4375,5.0625,3.5,3.875,2.5,99.2119140625,94.125,638.5,0,0,0,0,0,0,0,0,0,0,0,0,0,0,177.8,182.88,155.0,0.0,0.578125,0.240390625,0.5184375,0.118125,0.015625,0.0,1.0234375,0.03125,0.015625,9.40625,4.890625,15.9453125,8.375,36.890625,27.890625,26.0078125,18.1328125,2.9375,0.765625,0.2734375,0.0625,5.9921875,2.03125,11.8671875,5.21875,2.7578125,2.21875,3.765625,2.9375,0.65625,0.640625,0.3125,0.21875,4.9765625,1.2578125,10.40625,4.265625,1.0859375,0.546875,1.3046875,1.0078125,3.34375,3.0859375,4.234375,3.1015625,163.3125,26.890625,265.6875,17,0,1,0,2,4,4,0,0,0,4,0,0,0,177.8,177.8,155.0,24.0,32.0,0,0,0,0,0,0,1,0,0,0,0,0,0,0,0,0,0,1,0,0,1,0,0,0
Red,False,0.015625,0.0,0.45,0.4275,0.25,0.2,0.148468017578125,0.098388671875,0.0,0.0,66.5,29.6875,64.31230545043945,27.34375,89.75,48.0,85.53125,44.41152191162109,2.0,0.75,2.0546875,0.75,51.1875,18.3359375,49.6123046875,16.280410766601562,7.5,5.07647705078125,7.5,5.0,4.5,3.625,4.984375,3.9375,48.6875,17.0,47.11572265625,16.5,5.75,3.75,5.3125,3.4375,5.0625,3.5,3.875,2.5,99.2119140625,94.125,638.5,0,0,0,0,0,0,0,0,0,0,0,0,0,0,175.26,180.34,155.0,0.0471682548522949,0.0,0.45,0.4217682266235352,0.25,0.19173828125,0.1875,0.125,0.0,0.0,69.5,30.5,66.984375,27.8466796875,94.0,48.544921875,88.50390625,44.75,2.0,0.8125,2.015625,0.6640625,54.0,19.01513671875,51.483436584472656,16.9437255859375,7.91796875,5.430633544921875,7.75,5.0625,4.780975341796875,3.9373779296875,4.8994140625,3.84375,51.025390625,18.400863647460938,50.515625,17.5,5.75,3.75,5.5,3.5,5.375,3.6875,4.0,2.65625,104.865234375,89.5,655.8441009521484,0,0,0,0,0,0,0,0,0,0,0,0,0,0,175.26,185.42,155.0,30.0,25.0,0,0,0,0,0,0,1,0,0,0,0,0,0,0,0,0,0,0,1,0,1,0,0,0
Red,False,0.015625,0.0,0.45,0.4275,0.25,0.2,0.148468017578125,0.098388671875,0.0,0.0,66.5,29.6875,64.31230545043945,27.34375,89.75,48.0,85.53125,44.41152191162109,2.0,0.75,2.0546875,0.75,51.1875,18.3359375,49.6123046875,16.280410766601562,7.5,5.07647705078125,7.5,5.0,4.5,3.625,4.984375,3.9375,48.6875,17.0,47.11572265625,16.5,5.75,3.75,5.3125,3.4375,5.0625,3.5,3.875,2.5,99.2119140625,94.125,638.5,0,0,0,0,0,0,0,0,0,0,0,0,0,0,180.34,180.34,170.0,0.0471682548522949,0.0,0.45,0.4217682266235352,0.25,0.19173828125,0.1875,0.125,0.0,0.0,69.5,30.5,66.984375,27.8466796875,94.0,48.544921875,88.50390625,44.75,2.0,0.8125,2.015625,0.6640625,54.0,19.01513671875,51.483436584472656,16.9437255859375,7.91796875,5.430633544921875,7.75,5.0625,4.780975341796875,3.9373779296875,4.8994140625,3.84375,51.025390625,18.400863647460938,50.515625,17.5,5.75,3.75,5.5,3.5,5.375,3.6875,4.0,2.65625,104.865234375,89.5,655.8441009521484,0,0,0,0,0,0,0,0,0,0,0,0,0,0,177.8,180.34,170.0,31.0,32.0,0,0,0,0,0,0,0,0,0,1,0,0,0,0,0,1,0,0,0,0,1,0,0,0
Red,False,0.0,1.0,0.18,0.4,0.0,1.0,0.0,0.0,0.0,0.0,50.0,9.0,49.0,20.0,51.0,9.0,55.0,26.0,1.0,0.0,1.0,1.0,42.0,8.0,35.0,10.0,8.0,1.0,9.0,7.0,0.0,0.0,5.0,3.0,50.0,9.0,41.0,15.0,0.0,0.0,2.0,1.0,0.0,0.0,6.0,4.0,0.0,7.0,185.0,1,0,0,1,0,0,1,0,0,0,0,0,0,0,190.5,190.5,155.0,0.0471682548522949,0.0,0.45,0.4217682266235352,0.25,0.19173828125,0.1875,0.125,0.0,0.0,69.5,30.5,66.984375,27.8466796875,94.0,48.544921875,88.50390625,44.75,2.0,0.8125,2.015625,0.6640625,54.0,19.01513671875,51.483436584472656,16.9437255859375,7.91796875,5.430633544921875,7.75,5.0625,4.780975341796875,3.9373779296875,4.8994140625,3.84375,51.025390625,18.400863647460938,50.515625,17.5,5.75,3.75,5.5,3.5,5.375,3.6875,4.0,2.65625,104.865234375,89.5,655.8441009521484,0,0,0,0,0,0,0,0,0,0,0,0,0,0,172.72,167.64,145.0,29.0,32.0,0,0,0,0,0,0,1,0,0,0,0,0,0,0,0,1,0,0,0,0,1,0,0,0
Red,False,0.015625,0.0,0.45,0.4275,0.25,0.2,0.148468017578125,0.098388671875,0.0,0.0,66.5,29.6875,64.31230545043945,27.34375,89.75,48.0,85.53125,44.41152191162109,2.0,0.75,2.0546875,0.75,51.1875,18.3359375,49.6123046875,16.280410766601562,7.5,5.07647705078125,7.5,5.0,4.5,3.625,4.984375,3.9375,48.6875,17.0,47.11572265625,16.5,5.75,3.75,5.3125,3.4375,5.0625,3.5,3.875,2.5,99.2119140625,94.125,638.5,0,0,0,0,0,0,0,0,0,0,0,0,0,0,180.34,180.34,135.0,0.0471682548522949,0.0,0.45,0.4217682266235352,0.25,0.19173828125,0.1875,0.125,0.0,0.0,69.5,30.5,66.984375,27.8466796875,94.0,48.544921875,88.50390625,44.75,2.0,0.8125,2.015625,0.6640625,54.0,19.01513671875,51.483436584472656,16.9437255859375,7.91796875,5.430633544921875,7.75,5.0625,4.780975341796875,3.9373779296875,4.8994140625,3.84375,51.025390625,18.400863647460938,50.515625,17.5,5.75,3.75,5.5,3.5,5.375,3.6875,4.0,2.65625,104.865234375,89.5,655.8441009521484,0,0,0,0,0,0,0,0,0,0,0,0,0,0,170.18,170.18,135.0,35.0,27.0,1,0,0,0,0,0,0,0,0,0,0,0,0,0,0,1,0,0,0,0,1,0,0,0
Red,False,1.5,0.0,0.4,0.41,0.5,0.08,0.0,0.0,0.0,0.0,104.5,44.0,79.0,34.0,105.0,44.5,87.5,37.0,0.5,0.5,6.5,1.0,90.0,32.5,58.0,17.0,8.5,6.0,6.0,5.0,6.0,5.5,15.0,12.0,97.0,37.5,78.5,34.0,1.5,1.5,0.0,0.0,6.0,5.0,0.5,0.0,7.5,32.0,389.0,3,0,2,0,2,2,0,0,0,0,0,2,0,0,190.5,195.58,170.0,0.0471682548522949,0.0,0.45,0.4217682266235352,0.25,0.19173828125,0.1875,0.125,0.0,0.0,69.5,30.5,66.984375,27.8466796875,94.0,48.544921875,88.50390625,44.75,2.0,0.8125,2.015625,0.6640625,54.0,19.01513671875,51.483436584472656,16.9437255859375,7.91796875,5.430633544921875,7.75,5.0625,4.780975341796875,3.9373779296875,4.8994140625,3.84375,51.025390625,18.400863647460938,50.515625,17.5,5.75,3.75,5.5,3.5,5.375,3.6875,4.0,2.65625,104.865234375,89.5,655.8441009521484,0,0,0,0,0,0,0,0,0,0,0,0,0,0,177.8,177.8,170.0,28.0,27.0,0,0,0,0,0,0,0,0,0,1,0,0,0,0,0,1,0,0,0,0,0,0,0,1
Red,False,0.015625,0.0,0.45,0.4275,0.25,0.2,0.148468017578125,0.098388671875,0.0,0.0,66.5,29.6875,64.31230545043945,27.34375,89.75,48.0,85.53125,44.41152191162109,2.0,0.75,2.0546875,0.75,51.1875,18.3359375,49.6123046875,16.280410766601562,7.5,5.07647705078125,7.5,5.0,4.5,3.625,4.984375,3.9375,48.6875,17.0,47.11572265625,16.5,5.75,3.75,5.3125,3.4375,5.0625,3.5,3.875,2.5,99.2119140625,94.125,638.5,0,0,0,0,0,0,0,0,0,0,0,0,0,0,175.26,175.26,145.0,0.0471682548522949,0.0,0.45,0.4217682266235352,0.25,0.19173828125,0.1875,0.125,0.0,0.0,69.5,30.5,66.984375,27.8466796875,94.0,48.544921875,88.50390625,44.75,2.0,0.8125,2.015625,0.6640625,54.0,19.01513671875,51.483436584472656,16.9437255859375,7.91796875,5.430633544921875,7.75,5.0625,4.780975341796875,3.9373779296875,4.8994140625,3.84375,51.025390625,18.400863647460938,50.515625,17.5,5.75,3.75,5.5,3.5,5.375,3.6875,4.0,2.65625,104.865234375,89.5,655.8441009521484,0,0,0,0,0,0,0,0,0,0,0,0,0,0,170.18,175.26,145.0,24.0,35.0,0,0,1,0,0,0,0,0,0,0,0,0,0,0,0,1,0,0,0,0,1,0,0,0
Red,False,0.015625,0.0,0.45,0.4275,0.25,0.2,0.148468017578125,0.098388671875,0.0,0.0,66.5,29.6875,64.31230545043945,27.34375,89.75,48.0,85.53125,44.41152191162109,2.0,0.75,2.0546875,0.75,51.1875,18.3359375,49.6123046875,16.280410766601562,7.5,5.07647705078125,7.5,5.0,4.5,3.625,4.984375,3.9375,48.6875,17.0,47.11572265625,16.5,5.75,3.75,5.3125,3.4375,5.0625,3.5,3.875,2.5,99.2119140625,94.125,638.5,0,0,0,0,0,0,0,0,0,0,0,0,0,0,193.04,193.04,145.0,0.21875,0.0,0.3087499999999999,0.3234375,0.0,0.5984375,0.0,0.09375,0.0,0.0,145.46875,51.09375,187.40625,59.0625,152.5,56.875,200.15625,69.8125,0.25,0.0,6.125,3.34375,117.5625,33.5625,152.9375,39.15625,16.25,9.0,16.53125,6.09375,11.65625,8.53125,17.9375,13.8125,140.28125,47.8125,166.625,47.0625,3.84375,2.75,5.09375,3.4375,1.34375,0.53125,15.6875,8.5625,5.28125,263.46875,858.78125,15,0,0,1,3,3,3,0,0,1,1,1,0,0,180.34,175.26,145.0,23.0,22.0,0,0,1,0,0,0,0,0,0,0,0,0,0,0,0,0,0,0,1,0,1,0,0,0
Red,False,0.015625,0.0,0.45,0.4275,0.25,0.2,0.148468017578125,0.098388671875,0.0,0.0,66.5,29.6875,64.31230545043945,27.34375,89.75,48.0,85.53125,44.41152191162109,2.0,0.75,2.0546875,0.75,51.1875,18.3359375,49.6123046875,16.280410766601562,7.5,5.07647705078125,7.5,5.0,4.5,3.625,4.984375,3.9375,48.6875,17.0,47.11572265625,16.5,5.75,3.75,5.3125,3.4375,5.0625,3.5,3.875,2.5,99.2119140625,94.125,638.5,0,0,0,0,0,0,0,0,0,0,0,0,0,0,165.1,165.1,135.0,0.0,0.0,0.31,0.465,0.775,0.0,0.0,0.5,1.5,2.5,56.5,17.0,62.5,29.0,121.0,75.0,111.0,74.0,6.0,4.0,0.5,0.0,48.0,12.5,55.0,22.5,6.5,3.0,5.5,4.5,2.0,1.5,2.0,2.0,36.0,7.5,30.0,9.5,2.0,0.5,3.0,2.5,18.5,9.0,29.5,17.0,467.5,222.5,900.0,6,0,0,2,0,0,2,0,0,0,0,0,0,0,175.26,185.42,135.0,28.0,26.0,1,0,0,0,0,0,0,0,0,0,0,0,0,0,0,1,0,0,0,0,1,0,0,0
Red,False,0.015625,0.0,0.45,0.4275,0.25,0.2,0.148468017578125,0.098388671875,0.0,0.0,66.5,29.6875,64.31230545043945,27.34375,89.75,48.0,85.53125,44.41152191162109,2.0,0.75,2.0546875,0.75,51.1875,18.3359375,49.6123046875,16.280410766601562,7.5,5.07647705078125,7.5,5.0,4.5,3.625,4.984375,3.9375,48.6875,17.0,47.11572265625,16.5,5.75,3.75,5.3125,3.4375,5.0625,3.5,3.875,2.5,99.2119140625,94.125,638.5,0,0,0,0,0,0,0,0,0,0,0,0,0,0,167.64,170.18,125.0,0.0,0.0,0.31,0.515,0.0,0.415,3.0,0.5,0.5,0.5,50.0,15.5,49.0,25.0,55.5,20.5,56.5,30.5,0.0,0.0,2.5,1.0,40.0,8.0,36.0,15.0,5.0,4.5,7.0,4.5,5.0,3.0,6.0,5.5,43.5,11.5,39.5,17.5,2.0,1.5,4.5,4.0,4.5,2.5,5.0,3.5,33.5,209.5,477.5,4,0,1,0,1,1,1,0,0,0,0,0,1,0,170.18,180.34,135.0,26.0,24.0,1,0,0,0,0,0,0,0,0,0,0,0,0,0,0,1,0,0,0,0,1,0,0,0
Blue,False,0.015625,0.0,0.45,0.4275,0.25,0.2,0.148468017578125,0.098388671875,0.0,0.0,66.5,29.6875,64.31230545043945,27.34375,89.75,48.0,85.53125,44.41152191162109,2.0,0.75,2.0546875,0.75,51.1875,18.3359375,49.6123046875,16.280410766601562,7.5,5.07647705078125,7.5,5.0,4.5,3.625,4.984375,3.9375,48.6875,17.0,47.11572265625,16.5,5.75,3.75,5.3125,3.4375,5.0625,3.5,3.875,2.5,99.2119140625,94.125,638.5,0,0,0,0,0,0,0,0,0,0,0,0,0,0,170.18,177.8,135.0,0.0471682548522949,0.0,0.45,0.4217682266235352,0.25,0.19173828125,0.1875,0.125,0.0,0.0,69.5,30.5,66.984375,27.8466796875,94.0,48.544921875,88.50390625,44.75,2.0,0.8125,2.015625,0.6640625,54.0,19.01513671875,51.483436584472656,16.9437255859375,7.91796875,5.430633544921875,7.75,5.0625,4.780975341796875,3.9373779296875,4.8994140625,3.84375,51.025390625,18.400863647460938,50.515625,17.5,5.75,3.75,5.5,3.5,5.375,3.6875,4.0,2.65625,104.865234375,89.5,655.8441009521484,0,0,0,0,0,0,0,0,0,0,0,0,0,0,170.18,175.26,135.0,27.0,30.0,1,0,0,0,0,0,0,0,0,0,0,0,0,0,0,1,0,0,0,0,1,0,0,0
Red,False,0.1875,0.0625,0.4775,0.34875,0.55625,0.1975,0.3125,0.1875,0.0,0.5,62.5,30.0,107.5,40.1875,85.0,51.3125,134.8125,62.0,5.5625,4.4375,5.4375,0.375,47.6875,21.125,94.0,29.8125,10.625,6.0625,11.125,8.125,4.1875,2.8125,2.375,2.25,50.125,23.25,80.75,22.9375,1.4375,1.0625,3.0625,2.75,10.9375,5.6875,23.6875,14.5,217.125,116.9375,688.6875,11,1,1,0,3,4,1,0,0,0,2,0,2,0,170.18,162.56,145.0,1.0,0.0,0.50625,0.44265625,0.250234375,0.31421875,1.234375,2.71875,0.1328125,0.0,101.875,51.1875,88.0,39.5078125,118.6328125,66.0625,109.5546875,59.3515625,5.9296875,1.5859375,1.1015625,0.765625,80.9453125,35.7734375,70.40625,25.1953125,9.0,5.9609375,12.609375,10.5546875,11.9296875,9.453125,4.984375,3.7578125,70.3046875,28.6953125,67.6875,23.9765625,16.1484375,11.046875,12.9453125,9.921875,15.421875,11.4453125,7.3671875,5.609375,320.4296875,173.8828125,793.84375,20,0,4,0,4,6,2,0,0,0,3,0,3,0,175.26,182.88,155.0,26.0,24.0,0,0,1,0,0,0,0,0,0,0,0,0,0,0,0,1,0,0,0,0,0,0,1,0
Blue,False,0.0,0.0,0.615,0.475,0.455,0.415,0.0,0.5,1.5,0.0,69.5,42.5,67.5,32.0,101.5,70.0,133.5,86.5,5.5,2.0,6.0,2.5,43.0,20.0,40.0,8.5,13.5,10.5,13.0,10.0,13.0,12.0,14.5,13.5,48.5,23.5,46.0,18.0,12.0,11.5,13.5,10.0,9.0,7.5,8.0,4.0,203.5,308.0,900.0,6,1,0,2,0,0,2,0,0,0,0,0,0,0,182.88,200.66,185.0,0.0632667541503906,0.093780517578125,0.4514547920227051,0.5126404571533203,0.130106201171875,0.493011417388916,0.3205585479736328,0.3067054748535156,0.0,0.0001220703125,65.3407678604126,28.67125606536865,96.48747253417967,49.20005130767822,145.86049556732178,102.17677402496338,140.76500129699707,89.2831220626831,3.829103469848633,0.2609386444091797,6.048107147216797,2.726901054382324,46.84415721893311,15.96414566040039,81.38871955871582,36.86843204498291,6.218466758728027,4.568784713745117,8.79851245880127,7.832435607910156,12.278143882751465,8.138325691223145,6.300240516662598,4.499183654785156,56.36208248138428,22.639246940612797,69.36314678192139,31.99113273620605,7.4686174392700195,5.243685722351074,9.99979305267334,7.704078674316406,1.5100679397583008,0.7883234024047852,17.12453269958496,9.504839897155762,165.326153755188,273.4207181930542,782.7748861312866,45,0,5,0,5,12,9,0,0,1,2,7,2,0,180.34,185.42,185.0,29.0,33.0,0,0,0,0,0,0,0,1,0,0,0,0,0,0,0,1,0,0,0,0,0,0,1,0
Blue,False,0.7734375,1.125,0.5917187500000001,0.680703125,0.08328125,0.0,0.0703125,0.0625,0.0,0.015625,23.2734375,12.4921875,39.015625,23.96875,24.5,13.65625,45.125,29.9453125,0.2578125,0.1875,1.265625,0.0,16.6875,7.2109375,25.90625,12.1015625,4.4921875,3.7890625,10.59375,9.5625,2.09375,1.4921875,2.515625,2.3046875,16.109375,6.453125,9.6640625,4.3203125,5.21875,4.4921875,19.7265625,13.6484375,1.9453125,1.546875,9.625,6.0,22.40625,92.0859375,218.140625,12,0,1,0,3,6,2,0,0,0,1,4,1,0,198.12,200.66,255.0,0.5,0.03125,0.6612500000000001,0.6334375,0.21875,0.1575,0.46875,0.125,0.0,0.125,45.21875,28.5,18.40625,11.09375,61.9375,44.09375,31.90625,22.96875,0.34375,0.34375,1.15625,0.4375,32.78125,17.21875,14.21875,7.46875,11.0625,10.21875,3.09375,2.71875,1.375,1.0625,1.09375,0.90625,5.375,1.5625,3.34375,0.9375,21.6875,16.75,10.40625,7.0625,18.15625,10.1875,4.65625,3.09375,121.125,150.59375,324.15625,10,1,1,0,4,5,1,0,0,0,0,4,1,0,190.5,198.12,250.0,31.0,36.0,0,0,0,0,1,0,0,0,0,0,0,0,0,0,0,1,0,0,0,0,1,0,0,0
Blue,False,1.3515625,0.0625,0.37359375,0.401484375,0.51953125,0.2296484375,0.0,0.7109375,0.01953125,0.0,159.44921875,68.19140625,90.8046875,31.55078125,162.82421875,70.75390625,117.4609375,54.0390625,1.0859375,1.01953125,4.60546875,1.40234375,128.3828125,46.26953125,87.12890625,28.76171875,22.5546875,14.0625,1.8671875,1.08203125,8.51171875,7.859375,1.80859375,1.70703125,142.40234375,58.31640625,69.09765625,15.45703125,11.36328125,7.28515625,1.4375,1.36328125,5.68359375,2.58984375,20.26953125,14.73046875,63.19140625,205.63671875,806.8359375,22,1,0,1,3,5,4,0,0,0,3,2,0,0,177.8,185.42,155.0,0.0087890625,0.062530517578125,0.3963809776306152,0.4172658348083496,0.479251766204834,0.1656999206542969,0.5170669555664062,0.6289691925048828,3.814697265625e-06,1.9073486328125e-06,75.20088577270508,27.277820587158203,86.00461769104004,36.46846771240234,95.89031600952148,47.065725326538086,103.8410701751709,52.64226341247559,4.823915481567383,2.172914505004883,3.46601676940918,0.5041847229003906,66.59031295776367,21.87600517272949,70.49783706665039,26.481224060058597,7.214082717895508,4.007280349731445,11.296159744262695,6.7999420166015625,1.3964900970458984,1.3945350646972656,4.210620880126953,3.1873016357421875,58.44573211669922,14.372642517089844,66.66499519348145,24.08888816833496,6.7857818603515625,4.6852874755859375,6.485706329345703,4.151933670043945,9.969371795654297,8.219890594482422,12.85391616821289,8.227645874023438,235.06767654418945,98.08098793029784,784.7507381439209,50,0,0,1,3,13,7,0,0,3,5,1,4,0,177.8,180.34,155.0,27.0,30.0,0,0,0,0,0,0,1,0,0,0,0,0,0,0,0,0,0,1,0,0,0,0,1,0
Red,True,0.5517425537109375,0.5,0.6069465637207031,0.3751316833496094,0.01666259765625,0.2031396484375,0.04718017578125,1.015625,3.0517578125e-05,0.015625,28.819610595703125,17.716583251953125,43.27458190917969,16.461288452148438,36.21749877929688,23.99365234375,66.78628540039062,37.921173095703125,0.01678466796875,0.01666259765625,3.054962158203125,0.674346923828125,19.351547241210938,9.759429931640623,38.494171142578125,14.212020874023438,3.650360107421875,2.8777313232421875,3.622314453125,1.6926116943359375,5.8177032470703125,5.0794219970703125,1.1580963134765625,0.5566558837890625,19.265380859375,10.598724365234377,24.373031616210938,7.1102447509765625,4.2495880126953125,3.4297332763671875,5.54827880859375,2.472076416015625,5.3046417236328125,3.6881256103515625,13.353271484375,6.87896728515625,11.479965209960938,172.37289428710938,381.8188781738281,37,12,16,0,16,16,1,0,0,0,2,11,3,0,187.96,195.58,185.0,0.75,0.0,0.4721875,0.3696874999999999,0.610625,0.0,1.59375,0.0,0.0,0.03125,55.6875,24.0625,37.90625,14.5,71.59375,37.25,44.03125,19.46875,3.09375,1.75,0.875,0.0,50.15625,19.875,27.84375,6.875,3.03125,1.84375,4.0625,2.6875,2.5,2.34375,6.0,4.9375,35.71875,11.875,34.21875,12.6875,4.40625,3.0,3.59375,1.75,15.5625,9.1875,0.09375,0.0625,175.1875,0.09375,446.0,12,1,6,0,6,6,0,0,0,0,2,2,2,0,187.96,198.12,185.0,38.0,29.0,0,0,0,0,0,0,0,1,0,0,0,0,0,0,0,0,0,1,0,0,1,0,0,0
Red,True,0.0,0.0,0.54,0.83,0.42,1.0,3.0,1.0,0.0,2.0,42.0,23.0,42.0,35.0,80.0,54.0,120.0,107.0,7.0,3.0,1.0,1.0,40.0,21.0,30.0,23.0,2.0,2.0,8.0,8.0,0.0,0.0,4.0,4.0,30.0,16.0,22.0,16.0,4.0,2.0,9.0,8.0,8.0,5.0,11.0,11.0,296.0,353.0,775.0,3,0,0,1,0,0,1,0,0,0,0,0,0,0,167.64,167.64,135.0,0.0,0.0,0.5,0.66,1.0,0.0,1.0,1.0,0.0,0.0,14.0,7.0,6.0,4.0,50.0,41.0,24.0,22.0,1.0,1.0,0.0,0.0,13.0,6.0,6.0,4.0,1.0,1.0,0.0,0.0,0.0,0.0,0.0,0.0,5.0,1.0,5.0,3.0,2.0,2.0,1.0,1.0,7.0,4.0,0.0,0.0,227.0,52.0,289.0,1,1,1,0,1,1,0,0,0,0,0,0,1,0,170.18,167.64,135.0,27.0,26.0,0,0,0,0,0,0,0,0,0,0,1,0,0,0,0,1,0,0,0,0,1,0,0,0
Red,False,0.0,0.0,0.3625,0.39,0.2575,0.8725,0.75,0.25,0.5,0.25,50.5,14.25,66.75,25.75,66.625,28.875,93.375,48.5,7.75,1.5,1.75,1.375,39.625,7.625,57.125,18.125,4.0,1.75,5.5,4.5,6.875,4.875,4.125,3.125,42.0,10.375,51.25,17.0,4.5,2.125,4.5,1.5,4.0,1.75,11.0,7.25,110.5,174.125,693.25,9,0,0,2,1,1,3,0,0,0,0,0,1,0,177.8,180.34,155.0,0.01708984375,0.0,0.4275604248046875,0.4658349609375,0.8203375244140625,0.3956500244140625,0.81280517578125,2.06475830078125,0.50201416015625,0.5003662109375,93.27545166015624,40.9376220703125,98.9022216796875,44.61553955078125,103.24493408203124,50.492919921875,154.2496337890625,95.5413818359375,1.6171875,0.96490478515625,4.1839599609375,2.75799560546875,73.74896240234375,26.6380615234375,82.7625732421875,32.71630859375,10.658203125,7.52520751953125,11.96160888671875,8.85009765625,8.8682861328125,6.77435302734375,4.17803955078125,3.04913330078125,68.41607666015625,22.55230712890625,62.43450927734375,20.95361328125,15.6336669921875,10.4525146484375,18.19671630859375,12.99761962890625,9.2257080078125,7.93280029296875,18.27099609375,10.664306640625,156.83782958984375,286.30096435546875,772.6881713867188,37,0,2,0,7,11,4,0,0,0,5,2,4,0,172.72,180.34,155.0,35.0,30.0,0,0,0,0,0,0,1,0,0,0,0,0,0,0,0,1,0,0,0,0,0,0,1,0
Red,False,0.0,0.5,0.35,0.565,0.4,0.5,0.0,0.0,0.0,0.0,108.5,46.5,90.5,50.0,154.5,82.0,106.5,64.5,2.5,2.0,3.5,0.5,87.0,30.5,73.0,37.0,11.0,8.0,11.5,7.0,10.5,8.0,6.0,6.0,74.5,23.5,73.0,38.0,21.5,15.5,15.0,10.5,12.5,7.5,2.5,1.5,171.5,147.5,612.0,5,0,0,2,0,0,2,0,0,0,0,0,0,0,182.88,187.96,170.0,0.0,0.0,0.61,0.47,0.5,0.14,0.0,1.0,0.0,0.0,57.0,35.0,46.0,22.0,67.0,45.0,63.0,34.0,4.0,2.0,7.0,1.0,44.0,22.0,39.0,16.0,7.0,7.0,5.0,4.0,6.0,6.0,2.0,2.0,28.0,14.0,39.0,17.0,11.0,10.0,2.0,2.0,18.0,11.0,5.0,3.0,243.0,82.0,583.0,2,1,0,1,0,0,1,0,0,0,0,0,0,0,180.34,190.5,170.0,34.0,22.0,0,0,0,0,0,0,0,0,0,1,0,0,0,0,0,1,0,0,0,0,1,0,0,0
Red,False,0.0,0.0,0.26,0.55,0.0,0.6,1.0,1.0,0.0,0.0,94.0,25.0,88.0,49.0,118.0,46.0,123.0,82.0,0.0,0.0,10.0,6.0,70.0,14.0,53.0,24.0,10.0,5.0,15.0,11.0,14.0,6.0,20.0,14.0,82.0,16.0,57.0,24.0,11.0,9.0,3.0,1.0,1.0,0.0,28.0,24.0,17.0,546.0,900.0,3,0,0,1,0,0,1,0,0,0,0,0,0,0,177.8,177.8,145.0,0.5,0.0,0.45375,0.6412500000000001,0.125,0.20875,0.0,0.0,0.0,0.0,105.75,50.125,71.125,37.125,127.5,70.5,78.875,44.25,1.125,0.125,5.25,1.375,71.75,21.375,39.625,11.625,18.75,14.375,10.5,8.0,15.25,14.375,21.0,17.5,75.0,24.625,58.5,27.875,25.125,20.125,11.75,8.5,5.625,5.375,0.875,0.75,74.0,204.75,657.5,10,0,1,0,1,2,2,0,0,0,1,1,0,0,172.72,180.34,145.0,31.0,27.0,0,0,1,0,0,0,0,0,0,0,0,0,0,0,0,1,0,0,0,0,1,0,0,0
Red,False,0.5,0.0,0.475,0.195,0.0,0.25,0.0,0.5,0.0,0.0,14.0,4.0,30.0,11.5,24.5,14.0,111.5,91.0,0.0,0.0,3.0,1.5,12.0,3.5,26.5,8.0,1.0,0.0,3.0,3.0,1.0,0.5,0.5,0.5,12.5,3.5,7.0,3.0,0.0,0.0,0.0,0.0,1.5,0.5,23.0,8.5,2.0,337.0,471.0,4,0,1,0,1,1,1,0,0,0,0,1,0,0,180.34,185.42,170.0,0.015625,0.125,0.52125,0.550234375,0.332421875,0.52609375,0.5859375,0.8359375,0.265625,0.0859375,58.078125,27.90625,80.96875,42.28125,99.015625,65.03125,117.859375,74.6328125,6.25,2.40625,5.875,2.40625,32.3046875,8.5625,57.0703125,21.328125,8.703125,4.6953125,8.6484375,7.6328125,17.0703125,14.6484375,15.25,13.3203125,43.3359375,17.75,59.234375,26.015625,10.296875,6.703125,12.4296875,10.2734375,4.4453125,3.453125,9.3046875,5.9921875,232.40625,269.3515625,865.640625,22,0,4,0,4,5,3,0,0,3,0,2,0,0,170.18,182.88,170.0,29.0,30.0,0,0,0,0,0,0,0,0,0,1,0,0,0,0,0,1,0,0,0,0,1,0,0,0
Red,True,1.03125,0.0,0.35515625,0.34859375,0.26078125,0.0625,0.15625,0.0,0.0,0.0,108.53125,36.46875,44.203125,16.890625,112.9375,40.015625,47.53125,20.046875,1.578125,0.609375,1.65625,0.4375,84.34375,21.78125,30.71875,8.90625,11.953125,7.078125,9.296875,5.3125,12.234375,7.609375,4.1875,2.671875,96.65625,30.75,37.46875,12.25,4.546875,1.984375,5.1875,3.546875,7.328125,3.734375,1.546875,1.09375,55.28125,26.921875,485.09375,19,1,3,0,3,6,1,0,0,0,3,3,0,0,162.56,165.1,125.0,0.0625,0.25,0.603671875,0.375,0.6760937499999999,0.19,1.5,0.2890625,0.0390625,0.015625,146.5859375,84.2265625,123.53125,42.359375,194.9375,126.3359375,149.2265625,64.25,11.875,8.1328125,5.6640625,1.09375,80.40625,34.5234375,88.9921875,18.1171875,34.5546875,26.296875,22.6953125,15.4375,31.625,23.40625,11.84375,8.8046875,88.25,36.765625,98.3359375,25.5859375,36.8125,29.5625,19.0625,12.90625,21.5234375,17.8984375,6.1328125,3.8671875,529.4375,155.359375,1395.875,32,4,2,0,4,6,2,0,0,1,4,0,1,0,160.02,167.64,125.0,29.0,27.0,0,0,0,1,0,0,0,0,0,0,0,0,0,0,0,0,0,1,0,0,1,0,0,0
Blue,False,0.5,0.5,0.425,0.31,0.625,0.25,0.5,0.0,1.5,0.0,130.0,56.0,54.5,17.0,163.0,83.0,69.5,28.5,9.0,5.5,1.0,0.5,96.0,34.0,42.0,11.0,25.5,16.0,7.5,3.0,8.5,6.0,5.0,3.0,70.0,23.0,51.0,16.0,26.5,13.0,1.5,0.5,33.5,20.0,2.0,0.5,507.0,59.5,900.0,6,0,2,0,2,2,0,0,0,0,2,0,0,0,185.42,187.96,170.0,0.0,0.046875,0.34953125,0.33875,0.18765625,0.02078125,0.0625,0.0,0.0,0.0,293.09375,105.84375,163.640625,54.421875,316.5,125.5,167.640625,58.046875,6.640625,1.171875,0.984375,0.046875,219.875,62.09375,151.34375,45.5,49.03125,25.859375,7.546875,4.890625,24.1875,17.890625,4.75,4.03125,271.6875,93.4375,157.75,50.6875,12.09375,6.5,5.828125,3.703125,9.3125,5.90625,0.0625,0.03125,100.234375,5.59375,890.65625,20,1,3,0,3,5,2,0,0,1,2,0,2,0,180.34,190.5,170.0,30.0,29.0,0,0,0,0,0,0,0,0,0,1,0,0,0,0,0,0,0,1,0,0,1,0,0,0
Blue,False,0.875,0.125,0.543125,0.42625,0.03125,0.16125,0.0,0.015625,0.0,0.0,75.3125,38.421875,49.140625,19.8125,76.359375,39.21875,52.96875,22.46875,0.09375,0.0625,3.40625,0.390625,39.171875,10.8125,40.625,13.953125,15.3125,10.765625,6.703125,4.546875,20.828125,16.84375,1.8125,1.3125,72.4375,36.453125,46.625,18.4375,0.578125,0.46875,0.265625,0.1875,2.296875,1.5,2.25,1.1875,14.671875,12.6875,363.96875,16,0,4,0,4,6,1,0,0,1,1,4,0,0,180.34,190.5,145.0,0.125,0.125,0.41296875,0.352890625,0.59203125,0.017265625,0.125,1.359375,0.0078125,0.53125,72.9140625,29.3515625,65.6015625,25.5,104.1796875,57.3046875,118.875,75.828125,6.5390625,4.34375,0.5234375,0.1015625,63.234375,21.671875,50.40625,13.0859375,5.515625,3.703125,11.1484375,8.625,4.1640625,3.9765625,4.046875,3.7890625,51.359375,15.3671875,61.3671875,21.4609375,2.25,1.9921875,2.671875,2.4765625,19.3046875,11.9921875,1.5625,1.5625,416.2734375,30.046875,823.75,21,0,1,0,3,6,2,0,0,1,4,1,0,0,175.26,180.34,155.0,27.0,34.0,0,0,0,0,0,0,1,0,0,0,0,0,0,0,0,1,0,0,0,0,1,0,0,0
Red,False,0.0,0.0,0.4025,0.4399999999999999,0.1775,0.475,0.5,0.25,0.0,0.25,108.75,38.5,85.0,36.5,148.75,72.75,114.25,64.0,3.0,1.25,5.75,2.75,90.5,25.75,74.25,27.0,14.5,9.25,6.5,5.5,3.75,3.5,4.25,4.0,93.5,28.25,68.25,26.0,7.75,6.0,6.75,2.75,7.5,4.25,10.0,7.75,113.0,257.75,699.75,7,0,0,3,0,0,3,0,0,0,0,0,0,0,182.88,182.88,155.0,0.5,0.0,0.485,0.225,0.5,0.165,0.5,0.0,1.0,0.0,72.0,37.0,57.5,14.0,80.0,44.5,62.0,16.5,0.5,0.5,6.0,2.0,46.5,19.5,44.0,9.0,17.5,10.5,4.5,1.5,8.0,7.0,9.0,3.5,49.0,18.5,53.5,12.0,4.5,4.5,0.5,0.5,18.5,14.0,3.5,1.5,136.5,168.5,547.5,4,0,2,0,2,2,0,0,0,0,0,1,1,0,177.8,180.34,155.0,30.0,27.0,0,0,0,0,0,0,1,0,0,0,0,0,0,0,0,1,0,0,0,0,1,0,0,0
Red,False,0.5,0.0205078125,0.5760400390625,0.5108349609375,0.381005859375,0.2653955078125,0.14990234375,0.62255859375,0.0,0.03173828125,78.1240234375,42.7822265625,62.8671875,31.880859375,136.8447265625,98.03173828125,76.4140625,44.7666015625,14.9716796875,5.193359375,2.22998046875,0.86181640625,63.9462890625,30.81005859375,56.93994140625,27.1181640625,6.36181640625,4.9912109375,3.62060546875,2.4755859375,7.81591796875,6.98095703125,2.306640625,2.287109375,41.94677734375,13.541015625,46.3662109375,19.8681640625,12.69482421875,9.5751953125,11.29736328125,7.8291015625,23.482421875,19.666015625,5.20361328125,4.18359375,439.49267578125,157.28125,787.96875,32,0,1,0,4,8,4,0,0,1,5,1,1,0,172.72,172.72,145.0,0.9375,0.03125,0.5545312499999999,0.1465625,0.3218749999999999,0.0,0.5,0.03125,0.0,0.0,42.390625,21.328125,62.515625,10.171875,47.15625,26.015625,64.84375,12.375,2.953125,1.640625,2.09375,0.0,35.09375,15.015625,56.46875,6.296875,3.09375,2.515625,1.171875,0.984375,4.203125,3.796875,4.875,2.890625,30.890625,11.25,61.765625,9.5,2.15625,2.15625,0.65625,0.578125,9.34375,7.921875,0.09375,0.09375,106.703125,3.0625,385.78125,13,1,2,0,4,6,1,0,0,0,2,4,0,0,167.64,167.64,145.0,29.0,28.0,0,0,1,0,0,0,0,0,0,0,0,0,0,0,0,1,0,0,0,0,1,0,0,0
Red,False,1.25,0.0,0.454375,0.2956249999999999,0.046875,0.6078125,1.09375,0.25,0.0,0.0625,80.8125,37.34375,76.84375,21.65625,83.5625,39.96875,103.3125,46.40625,0.96875,0.1875,3.125,1.53125,75.15625,32.5,68.09375,17.0625,3.625,2.84375,4.78125,1.71875,2.03125,2.0,3.96875,2.875,68.6875,30.40625,64.90625,16.6875,8.3125,4.40625,4.75,1.5625,3.8125,2.53125,7.1875,3.40625,26.71875,140.40625,630.25,14,1,4,0,4,5,1,0,0,1,1,2,1,0,175.26,177.8,135.0,0.03125,0.0,0.62046875,0.3621875,0.6021875000000001,0.67484375,0.90625,0.5,0.15625,0.015625,100.65625,58.796875,79.453125,29.921875,150.140625,103.984375,93.015625,41.46875,4.65625,3.078125,2.375,0.953125,86.0625,47.140625,63.59375,18.6875,12.109375,9.84375,8.03125,4.71875,2.484375,1.8125,7.828125,6.515625,57.515625,28.40625,69.078125,24.203125,2.640625,1.90625,3.703125,2.703125,40.5,28.484375,6.671875,3.015625,420.828125,112.5,901.59375,23,2,1,0,3,5,2,0,0,0,2,0,3,0,167.64,170.18,135.0,22.0,34.0,1,0,0,0,0,0,0,0,0,0,0,0,0,0,0,1,0,0,0,0,1,0,0,0
Blue,False,0.015625,0.0,0.45,0.4275,0.25,0.2,0.148468017578125,0.098388671875,0.0,0.0,66.5,29.6875,64.31230545043945,27.34375,89.75,48.0,85.53125,44.41152191162109,2.0,0.75,2.0546875,0.75,51.1875,18.3359375,49.6123046875,16.280410766601562,7.5,5.07647705078125,7.5,5.0,4.5,3.625,4.984375,3.9375,48.6875,17.0,47.11572265625,16.5,5.75,3.75,5.3125,3.4375,5.0625,3.5,3.875,2.5,99.2119140625,94.125,638.5,0,0,0,0,0,0,0,0,0,0,0,0,0,0,162.56,162.56,125.0,0.0,0.125,0.4721875,0.494375,0.1425,0.455,0.25,1.78125,0.0,0.25,123.46875,51.84375,131.4375,63.71875,129.09375,56.40625,154.53125,81.1875,4.375,0.6875,3.21875,2.125,101.625,32.96875,105.15625,41.75,9.4375,6.75,22.0,18.1875,12.40625,12.125,4.28125,3.78125,113.1875,43.875,125.15625,58.84375,6.25,4.84375,4.1875,3.375,4.03125,3.125,2.09375,1.5,148.9375,167.78125,783.40625,14,0,2,0,2,3,3,0,0,0,1,1,1,0,165.1,167.64,135.0,30.0,31.0,0,0,0,1,0,0,0,0,0,0,0,0,0,0,0,0,0,1,0,0,1,0,0,0
Red,False,0.03369140625,0.75,0.4702197265625,0.4280517578125,0.1662109375,0.1465185546875,0.31787109375,0.236328125,0.013671875,0.0859375,82.3974609375,41.033203125,106.921875,46.5859375,110.65869140625,66.3515625,126.49609375,65.4716796875,2.81884765625,0.791015625,1.23681640625,0.40966796875,61.00830078125,23.14111328125,84.95166015625,28.37939453125,10.9072265625,8.4912109375,13.16845703125,9.92919921875,10.48193359375,9.40087890625,8.8017578125,8.27734375,71.92822265625,33.01708984375,92.82275390625,34.4931640625,8.37158203125,6.7607421875,9.68896484375,8.38671875,2.09765625,1.25537109375,4.41015625,3.7060546875,93.88525390625,112.93603515625,645.35009765625,28,1,2,0,2,5,7,0,0,0,2,1,2,0,172.72,177.8,155.0,0.01568603515625,1.1875,0.2480804443359375,0.44353515625,0.0546160888671875,0.8157080078125,0.935546875,0.640625,0.50885009765625,0.2510986328125,102.135986328125,27.27459716796875,203.5950927734375,92.102783203125,106.5108642578125,31.50244140625,207.7080078125,95.2032470703125,2.92218017578125,0.2689208984375,1.837890625,1.52490234375,97.72186279296876,23.9857177734375,165.18798828125,63.24603271484375,2.78497314453125,2.15997314453125,27.8631591796875,19.63800048828125,1.629150390625,1.12890625,10.5439453125,9.21875,95.94049072265624,22.61334228515625,179.55810546875,76.33673095703125,4.08380126953125,2.93780517578125,18.4727783203125,12.5430908203125,2.1116943359375,1.72344970703125,5.564208984375,3.22296142578125,64.53851318359375,93.15045166015624,785.6465454101562,28,0,3,0,3,9,6,0,0,0,0,2,7,0,177.8,180.34,155.0,33.0,29.0,0,0,0,0,0,0,1,0,0,0,0,0,0,0,0,1,0,0,0,0,1,0,0,0
Red,False,0.0,0.5,0.38,0.48,0.9,0.5,1.5,0.0,0.0,0.0,90.0,35.0,84.5,38.0,95.0,39.5,89.0,42.5,3.0,2.5,1.0,0.5,73.5,24.5,74.0,28.5,10.0,6.0,6.0,5.0,6.5,4.5,4.5,4.5,83.5,30.0,72.5,28.5,3.0,1.5,7.0,5.5,3.5,3.5,5.0,4.0,94.5,49.0,534.5,4,0,0,2,0,0,2,0,0,0,0,0,0,0,175.26,172.72,155.0,0.25,0.0,0.48,0.4874999999999999,1.0,0.6425000000000001,0.5,2.0,0.0,0.0,87.75,42.0,66.0,29.5,104.0,56.5,75.75,37.75,1.0,1.0,11.75,7.75,73.25,28.5,55.75,21.75,10.25,9.25,5.75,4.0,4.25,4.25,4.5,3.75,59.75,18.75,53.25,21.25,14.25,11.5,4.5,2.5,13.75,11.75,8.25,5.75,118.0,286.75,657.5,7,0,1,0,1,1,2,0,0,0,0,1,0,0,172.72,177.8,155.0,31.0,30.0,0,0,0,0,0,0,1,0,0,0,0,0,0,0,0,1,0,0,0,0,1,0,0,0
Red,False,0.0,0.25,0.360625,0.4443749999999999,0.228125,0.21875,2.375,0.40625,0.1875,0.03125,34.375,16.8125,47.625,12.53125,66.5,47.40625,58.03125,22.84375,6.8125,2.59375,0.40625,0.40625,30.40625,14.625,41.8125,8.34375,2.8125,1.1875,3.25,2.90625,1.15625,1.0,2.5625,1.28125,25.8125,9.46875,42.875,8.28125,3.34375,2.21875,1.34375,1.21875,5.21875,5.125,3.40625,3.03125,284.75,54.09375,535.6875,10,0,1,0,1,3,3,0,0,0,1,0,2,0,182.88,182.88,155.0,0.0205078125,0.00390625,0.3142678833007812,0.5001785278320312,0.61814453125,0.3242376708984374,0.00390625,0.5068359375,0.0009765625,0.500030517578125,211.0874938964844,62.88702392578125,154.05535888671875,77.55108642578125,229.2554626464844,79.2010498046875,173.05377197265625,94.73455810546876,2.895263671875,1.50830078125,4.779754638671875,1.352691650390625,154.2957763671875,24.29046630859375,121.136474609375,52.70123291015625,31.70184326171875,18.264129638671875,18.2467041015625,12.486053466796877,25.089874267578125,20.332427978515625,14.67218017578125,12.363800048828123,196.97174072265625,53.4493408203125,142.20489501953125,70.60980224609375,7.311492919921875,5.775360107421875,9.32049560546875,6.41583251953125,6.80426025390625,3.662322998046875,2.52996826171875,0.52545166015625,155.824462890625,99.76336669921876,883.0382690429688,44,0,1,0,2,8,8,0,0,3,4,1,0,0,175.26,177.8,155.0,25.0,29.0,0,0,0,0,0,0,1,0,0,0,0,0,0,0,0,0,0,0,1,0,1,0,0,0
Blue,False,0.015625,0.0,0.45,0.4275,0.25,0.2,0.148468017578125,0.098388671875,0.0,0.0,66.5,29.6875,64.31230545043945,27.34375,89.75,48.0,85.53125,44.41152191162109,2.0,0.75,2.0546875,0.75,51.1875,18.3359375,49.6123046875,16.280410766601562,7.5,5.07647705078125,7.5,5.0,4.5,3.625,4.984375,3.9375,48.6875,17.0,47.11572265625,16.5,5.75,3.75,5.3125,3.4375,5.0625,3.5,3.875,2.5,99.2119140625,94.125,638.5,0,0,0,0,0,0,0,0,0,0,0,0,0,0,165.1,165.1,125.0,0.0,1.0,0.4125,0.36,0.165,0.7275,0.75,0.0,0.5,0.25,31.75,11.0,97.75,34.75,55.25,30.5,106.5,41.5,1.75,0.5,2.75,1.75,22.5,5.75,78.25,20.0,6.5,3.0,8.25,6.0,2.75,2.25,11.25,8.75,25.75,7.0,81.5,27.75,2.25,1.75,4.75,3.25,3.75,2.25,11.5,3.75,130.0,156.5,649.5,7,0,2,0,2,2,1,0,0,0,1,0,1,0,167.64,165.1,125.0,27.0,34.0,0,0,0,1,0,0,0,0,0,0,0,0,0,0,0,1,0,0,0,0,1,0,0,0
Blue,False,0.0,0.0,0.395,0.4399999999999999,0.315,0.165,2.5,0.0,0.0,0.0,64.5,21.5,81.5,32.5,91.0,42.5,128.5,71.5,8.5,1.5,3.0,1.0,42.5,11.0,72.0,27.0,6.0,3.5,7.0,4.5,16.0,7.0,2.5,1.0,47.0,10.5,53.0,14.0,5.0,3.5,4.0,3.5,12.5,7.5,24.5,15.0,188.0,150.0,684.5,5,0,0,1,1,1,1,0,0,0,0,0,1,0,185.42,185.42,185.0,0.0,0.0625,0.4131249999999999,0.336875,0.0625,0.12375,0.0625,0.25,0.0,0.0,170.9375,69.8125,216.375,68.375,180.3125,76.9375,239.375,86.75,2.875,0.3125,2.3125,0.875,116.625,31.125,187.6875,47.9375,19.3125,10.625,13.5625,8.5,35.0,28.0625,15.125,11.9375,164.4375,64.5,205.6875,61.5,3.875,3.0,8.875,5.625,2.625,2.3125,1.8125,1.25,63.9375,55.0625,894.5625,15,0,2,0,2,3,2,0,0,0,2,0,1,0,182.88,187.96,185.0,25.0,34.0,0,0,0,0,0,0,0,1,0,0,0,0,0,0,0,1,0,0,0,0,0,0,1,0
Blue,False,0.0,0.0,0.625,0.555,1.0,0.1,0.0,1.0,0.0,0.0,39.5,25.0,91.5,48.5,85.5,67.0,167.5,121.5,2.5,2.5,3.0,0.5,28.5,16.0,78.5,38.0,7.0,5.0,8.5,7.5,4.0,4.0,4.5,3.0,10.5,4.5,48.0,17.0,16.0,11.5,43.0,31.5,13.0,9.0,0.5,0.0,402.5,169.0,749.0,6,0,0,1,1,1,1,0,0,0,0,1,0,0,193.04,205.74,265.0,0.361328125,0.64453125,0.690458984375,0.57296875,0.0,0.1047265625,0.125,0.6025390625,0.0,0.0,11.578125,7.9599609375,28.5537109375,15.337890625,12.734375,8.9833984375,38.564453125,24.765625,0.140625,0.0,1.275390625,0.3759765625,8.1748046875,5.044921875,22.1513671875,10.21484375,0.53125,0.2724609375,4.171875,3.16015625,2.8720703125,2.642578125,2.23046875,1.962890625,9.630859375,6.8330078125,15.5771484375,5.798828125,0.89453125,0.63671875,10.8046875,7.4296875,1.052734375,0.490234375,2.171875,2.109375,26.1806640625,65.841796875,189.107421875,18,0,1,0,1,5,6,0,0,0,1,4,0,0,180.34,187.96,235.0,36.0,34.0,0,0,0,0,1,0,0,0,0,0,0,0,0,0,0,1,0,0,0,0,1,0,0,0
Red,False,0.0,0.0625,0.2903125,0.438125,0.0625,0.3478125,0.03125,0.25,0.0,0.0,188.78125,61.5,292.40625,120.0,192.1875,64.78125,373.90625,187.5625,0.0625,0.0625,5.53125,2.59375,157.28125,45.375,246.8125,90.375,25.34375,11.5625,29.625,15.28125,6.15625,4.5625,15.96875,14.34375,187.625,60.90625,254.03125,89.65625,0.34375,0.21875,3.53125,2.4375,0.8125,0.375,34.84375,27.90625,15.21875,319.90625,900.0,18,0,0,2,1,2,4,0,0,1,1,0,0,0,167.64,177.8,135.0,0.0625,0.0,0.43828125,0.39234375,0.403125,0.298125,0.5,0.25,0.0,0.0625,108.609375,48.953125,91.859375,34.21875,142.6875,80.375,119.640625,58.953125,3.59375,1.71875,9.484375,3.140625,93.515625,36.40625,69.953125,19.390625,11.21875,9.265625,19.109375,12.65625,3.875,3.28125,2.796875,2.171875,80.84375,33.234375,77.734375,23.625,14.15625,7.25,13.234375,9.703125,13.609375,8.46875,0.890625,0.890625,205.5,243.140625,889.6875,20,0,1,0,3,5,2,0,0,3,1,1,0,0,170.18,175.26,135.0,30.0,29.0,1,0,0,0,0,0,0,0,0,0,0,0,0,0,0,1,0,0,0,0,1,0,0,0
Blue,False,2.0,0.0,0.46,0.25,0.0,0.33,0.0,0.0,0.0,0.0,143.0,66.0,81.0,21.0,156.0,78.0,93.0,29.0,1.0,0.0,9.0,3.0,118.0,50.0,77.0,17.0,15.0,9.0,2.0,2.0,10.0,7.0,2.0,2.0,105.0,40.0,72.0,17.0,20.0,13.0,9.0,4.0,18.0,13.0,0.0,0.0,118.0,144.0,833.0,3,0,1,0,1,1,0,0,0,0,0,1,0,0,187.96,195.58,205.0,0.5,0.0,0.635,0.585,0.2,0.425,0.0,1.5,0.0,0.0,34.5,20.0,25.0,13.0,43.0,27.0,29.0,17.0,2.5,1.0,4.5,2.0,29.5,16.0,18.0,8.5,2.0,2.0,5.5,3.5,3.0,2.0,1.5,1.0,20.0,8.5,20.0,9.0,4.0,3.5,0.0,0.0,10.5,8.0,5.0,4.0,38.5,239.5,447.0,4,0,2,0,2,2,0,0,0,0,0,2,0,0,185.42,187.96,185.0,27.0,34.0,0,0,0,0,0,0,0,1,0,0,0,0,0,0,0,1,0,0,0,0,0,0,0,1
Red,False,0.5078125,0.265625,0.430546875,0.8395312500000001,0.093046875,0.0078125,0.21875,0.015625,0.0,0.140625,16.515625,8.984375,9.265625,4.0078125,18.75,10.796875,11.515625,6.0390625,1.2578125,0.4296875,0.0234375,0.0078125,16.171875,8.6484375,8.28125,3.15625,0.03125,0.0234375,0.828125,0.7578125,0.3125,0.3125,0.15625,0.09375,3.8984375,1.3203125,7.2578125,2.625,0.640625,0.421875,0.4921875,0.3671875,11.9765625,7.2421875,1.515625,1.015625,41.6171875,8.1640625,99.515625,12,0,0,3,3,4,4,0,0,0,0,2,2,0,190.5,190.5,205.0,0.28564453125,0.640625,0.405595703125,0.412666015625,0.0304345703125,0.1484375,0.7509765625,0.0400390625,0.0,0.0,27.0869140625,11.14208984375,21.08154296875,11.07568359375,33.416015625,17.2373046875,25.39013671875,15.3759765625,1.16552734375,0.28076171875,2.265625,0.578125,22.439453125,7.3720703125,17.89599609375,8.25048828125,0.998046875,0.73095703125,2.3974609375,2.11572265625,3.6494140625,3.0390625,0.7880859375,0.70947265625,17.9853515625,5.82763671875,13.66845703125,5.2763671875,6.40673828125,3.67724609375,0.904296875,0.892578125,2.69482421875,1.63720703125,6.5087890625,4.90673828125,55.576171875,32.88232421875,220.1708984375,24,1,5,0,5,8,4,0,0,0,4,3,1,0,187.96,187.96,205.0,41.0,30.0,0,0,0,0,0,1,0,0,0,0,0,0,0,0,0,1,0,0,0,0,1,0,0,0
Red,False,0.15625,0.28125,0.491875,0.4790625,0.15296875,0.328125,0.015625,0.53125,0.0,0.0,64.5625,33.46875,60.578125,24.078125,97.28125,61.78125,78.265625,39.796875,2.59375,0.96875,1.9375,0.671875,50.296875,22.234375,53.9375,18.5625,7.21875,5.1875,2.890625,2.140625,7.046875,6.046875,3.75,3.375,42.53125,18.203125,45.046875,12.53125,6.703125,4.71875,3.703125,3.53125,15.328125,10.546875,11.828125,8.015625,139.515625,155.875,442.734375,13,0,1,0,4,5,2,0,0,0,2,3,0,0,187.96,190.5,185.0,0.16796875,0.078125,0.25044921875,0.52640625,0.185888671875,0.560244140625,0.314453125,1.1904296875,0.0,0.126953125,51.8056640625,25.9697265625,68.6962890625,35.2705078125,75.3212890625,48.3212890625,120.1767578125,81.3330078125,2.7890625,1.068359375,5.0751953125,2.7607421875,40.544921875,17.9443359375,54.513671875,23.673828125,5.5078125,3.501953125,9.29296875,7.9814453125,5.7529296875,4.5234375,4.8896484375,3.615234375,35.7421875,14.8818359375,48.9677734375,20.8701171875,9.943359375,6.88671875,8.71484375,6.6689453125,6.1201171875,4.201171875,11.013671875,7.7314453125,168.609375,211.5166015625,631.0166015625,30,3,0,1,2,5,6,0,0,0,0,5,0,0,185.42,193.04,205.0,32.0,32.0,0,0,0,0,0,1,0,0,0,0,0,0,0,0,0,1,0,0,0,0,1,0,0,0
Blue,False,0.015625,0.0,0.45,0.4275,0.25,0.2,0.148468017578125,0.098388671875,0.0,0.0,66.5,29.6875,64.31230545043945,27.34375,89.75,48.0,85.53125,44.41152191162109,2.0,0.75,2.0546875,0.75,51.1875,18.3359375,49.6123046875,16.280410766601562,7.5,5.07647705078125,7.5,5.0,4.5,3.625,4.984375,3.9375,48.6875,17.0,47.11572265625,16.5,5.75,3.75,5.3125,3.4375,5.0625,3.5,3.875,2.5,99.2119140625,94.125,638.5,0,0,0,0,0,0,0,0,0,0,0,0,0,0,165.1,162.56,135.0,0.0,0.0,0.36,0.6,0.22,0.0,0.0,0.0,0.0,0.0,76.0,28.0,82.0,50.0,127.0,73.0,115.0,82.0,9.0,2.0,0.0,0.0,54.0,6.0,40.0,9.0,11.0,11.0,24.0,24.0,11.0,11.0,18.0,17.0,67.0,20.0,45.0,16.0,9.0,8.0,37.0,34.0,0.0,0.0,0.0,0.0,291.0,231.0,900.0,3,0,0,1,0,0,1,0,0,0,0,0,0,0,165.1,165.1,135.0,30.0,32.0,0,0,0,0,0,0,0,0,0,0,1,0,0,0,0,1,0,0,0,0,1,0,0,0
Blue,False,0.015625,0.0,0.45,0.4275,0.25,0.2,0.148468017578125,0.098388671875,0.0,0.0,66.5,29.6875,64.31230545043945,27.34375,89.75,48.0,85.53125,44.41152191162109,2.0,0.75,2.0546875,0.75,51.1875,18.3359375,49.6123046875,16.280410766601562,7.5,5.07647705078125,7.5,5.0,4.5,3.625,4.984375,3.9375,48.6875,17.0,47.11572265625,16.5,5.75,3.75,5.3125,3.4375,5.0625,3.5,3.875,2.5,99.2119140625,94.125,638.5,0,0,0,0,0,0,0,0,0,0,0,0,0,0,175.26,182.88,170.0,0.0471682548522949,0.0,0.45,0.4217682266235352,0.25,0.19173828125,0.1875,0.125,0.0,0.0,69.5,30.5,66.984375,27.8466796875,94.0,48.544921875,88.50390625,44.75,2.0,0.8125,2.015625,0.6640625,54.0,19.01513671875,51.483436584472656,16.9437255859375,7.91796875,5.430633544921875,7.75,5.0625,4.780975341796875,3.9373779296875,4.8994140625,3.84375,51.025390625,18.400863647460938,50.515625,17.5,5.75,3.75,5.5,3.5,5.375,3.6875,4.0,2.65625,104.865234375,89.5,655.8441009521484,0,0,0,0,0,0,0,0,0,0,0,0,0,0,177.8,177.8,155.0,26.0,24.0,0,0,0,0,0,0,0,0,0,1,0,0,0,0,0,1,0,0,0,0,1,0,0,0
Blue,False,0.015625,0.0,0.45,0.4275,0.25,0.2,0.148468017578125,0.098388671875,0.0,0.0,66.5,29.6875,64.31230545043945,27.34375,89.75,48.0,85.53125,44.41152191162109,2.0,0.75,2.0546875,0.75,51.1875,18.3359375,49.6123046875,16.280410766601562,7.5,5.07647705078125,7.5,5.0,4.5,3.625,4.984375,3.9375,48.6875,17.0,47.11572265625,16.5,5.75,3.75,5.3125,3.4375,5.0625,3.5,3.875,2.5,99.2119140625,94.125,638.5,0,0,0,0,0,0,0,0,0,0,0,0,0,0,170.18,167.64,125.0,0.0471682548522949,0.0,0.45,0.4217682266235352,0.25,0.19173828125,0.1875,0.125,0.0,0.0,69.5,30.5,66.984375,27.8466796875,94.0,48.544921875,88.50390625,44.75,2.0,0.8125,2.015625,0.6640625,54.0,19.01513671875,51.483436584472656,16.9437255859375,7.91796875,5.430633544921875,7.75,5.0625,4.780975341796875,3.9373779296875,4.8994140625,3.84375,51.025390625,18.400863647460938,50.515625,17.5,5.75,3.75,5.5,3.5,5.375,3.6875,4.0,2.65625,104.865234375,89.5,655.8441009521484,0,0,0,0,0,0,0,0,0,0,0,0,0,0,167.64,175.26,125.0,21.0,30.0,0,0,0,1,0,0,0,0,0,0,0,0,0,0,0,0,0,1,0,0,1,0,0,0
Blue,False,0.015625,0.0,0.45,0.4275,0.25,0.2,0.148468017578125,0.098388671875,0.0,0.0,66.5,29.6875,64.31230545043945,27.34375,89.75,48.0,85.53125,44.41152191162109,2.0,0.75,2.0546875,0.75,51.1875,18.3359375,49.6123046875,16.280410766601562,7.5,5.07647705078125,7.5,5.0,4.5,3.625,4.984375,3.9375,48.6875,17.0,47.11572265625,16.5,5.75,3.75,5.3125,3.4375,5.0625,3.5,3.875,2.5,99.2119140625,94.125,638.5,0,0,0,0,0,0,0,0,0,0,0,0,0,0,185.42,195.58,185.0,0.0471682548522949,0.0,0.45,0.4217682266235352,0.25,0.19173828125,0.1875,0.125,0.0,0.0,69.5,30.5,66.984375,27.8466796875,94.0,48.544921875,88.50390625,44.75,2.0,0.8125,2.015625,0.6640625,54.0,19.01513671875,51.483436584472656,16.9437255859375,7.91796875,5.430633544921875,7.75,5.0625,4.780975341796875,3.9373779296875,4.8994140625,3.84375,51.025390625,18.400863647460938,50.515625,17.5,5.75,3.75,5.5,3.5,5.375,3.6875,4.0,2.65625,104.865234375,89.5,655.8441009521484,0,0,0,0,0,0,0,0,0,0,0,0,0,0,175.26,175.26,185.0,24.0,26.0,0,0,0,0,0,0,0,1,0,0,0,0,0,0,0,0,0,1,0,0,1,0,0,0
Red,False,0.0,0.0,0.29,0.215,0.25,0.07,0.5,0.5,0.0,0.0,111.5,35.0,117.5,25.0,129.0,52.0,121.5,28.0,3.5,1.0,3.5,0.5,86.0,24.0,99.0,17.0,13.0,3.5,7.0,2.0,12.5,7.5,11.5,6.0,102.0,30.0,106.5,20.0,8.5,5.0,9.0,4.5,1.0,0.0,2.0,0.5,113.0,66.0,900.0,6,0,0,1,1,1,1,0,0,0,1,0,0,0,172.72,180.34,145.0,0.0,0.5,0.515,0.475,0.165,0.045,0.0,0.0,0.0,0.0,89.5,46.5,124.5,59.5,97.5,54.0,164.0,98.0,3.0,1.0,6.5,0.5,62.5,23.5,90.0,32.5,12.5,10.5,21.0,14.0,14.5,12.5,13.5,13.0,80.0,39.5,89.5,30.5,9.5,7.0,23.0,18.0,0.0,0.0,12.0,11.0,136.0,239.5,900.0,6,0,2,0,2,2,0,0,0,1,1,0,0,0,172.72,172.72,145.0,30.0,31.0,0,0,1,0,0,0,0,0,0,0,0,0,0,0,0,1,0,0,0,0,1,0,0,0
Red,True,0.015625,0.0,0.45,0.4275,0.25,0.2,0.148468017578125,0.098388671875,0.0,0.0,66.5,29.6875,64.31230545043945,27.34375,89.75,48.0,85.53125,44.41152191162109,2.0,0.75,2.0546875,0.75,51.1875,18.3359375,49.6123046875,16.280410766601562,7.5,5.07647705078125,7.5,5.0,4.5,3.625,4.984375,3.9375,48.6875,17.0,47.11572265625,16.5,5.75,3.75,5.3125,3.4375,5.0625,3.5,3.875,2.5,99.2119140625,94.125,638.5,0,0,0,0,0,0,0,0,0,0,0,0,0,0,170.18,170.18,115.0,0.0471682548522949,0.0,0.45,0.4217682266235352,0.25,0.19173828125,0.1875,0.125,0.0,0.0,69.5,30.5,66.984375,27.8466796875,94.0,48.544921875,88.50390625,44.75,2.0,0.8125,2.015625,0.6640625,54.0,19.01513671875,51.483436584472656,16.9437255859375,7.91796875,5.430633544921875,7.75,5.0625,4.780975341796875,3.9373779296875,4.8994140625,3.84375,51.025390625,18.400863647460938,50.515625,17.5,5.75,3.75,5.5,3.5,5.375,3.6875,4.0,2.65625,104.865234375,89.5,655.8441009521484,0,0,0,0,0,0,0,0,0,0,0,0,0,0,167.64,175.26,135.0,36.0,24.0,0,0,0,0,0,0,0,0,0,0,1,0,0,0,0,1,0,0,0,0,1,0,0,0
Blue,False,0.015625,0.0,0.45,0.4275,0.25,0.2,0.148468017578125,0.098388671875,0.0,0.0,66.5,29.6875,64.31230545043945,27.34375,89.75,48.0,85.53125,44.41152191162109,2.0,0.75,2.0546875,0.75,51.1875,18.3359375,49.6123046875,16.280410766601562,7.5,5.07647705078125,7.5,5.0,4.5,3.625,4.984375,3.9375,48.6875,17.0,47.11572265625,16.5,5.75,3.75,5.3125,3.4375,5.0625,3.5,3.875,2.5,99.2119140625,94.125,638.5,0,0,0,0,0,0,0,0,0,0,0,0,0,0,175.26,175.26,145.0,0.0,0.0,0.379375,0.395,0.321875,0.375,1.0,0.0,0.5625,0.0,37.4375,14.0625,17.6875,7.375,130.625,103.875,59.8125,45.25,7.75,2.5625,0.625,0.625,30.0,11.125,14.125,4.8125,3.1875,1.8125,1.5,1.3125,4.25,1.125,2.0625,1.25,24.0625,4.8125,13.3125,4.6875,0.75,0.5625,0.8125,0.5,12.625,8.6875,3.5625,2.1875,433.75,178.8125,811.875,13,0,1,0,3,4,1,0,0,0,3,0,1,0,167.64,170.18,135.0,31.0,29.0,0,0,1,0,0,0,0,0,0,0,0,0,0,0,0,1,0,0,0,0,1,0,0,0
Blue,False,0.0332107543945312,0.75439453125,0.355865478515625,0.4982209014892578,0.5092798614501953,0.7088631439208984,1.357513427734375,0.0006484985351562,0.26220703125,0.0081100463867187,98.24697875976562,40.95991516113281,108.89820861816406,59.32405853271485,137.953125,75.8972396850586,129.7108612060547,79.34285736083984,2.392852783203125,0.5133132934570312,4.377944946289063,2.765975952148437,79.98433685302734,28.364059448242188,74.07083129882812,32.74864196777344,13.499885559082031,7.973388671875,16.1798095703125,13.294181823730469,4.76275634765625,4.622467041015625,18.64756774902344,13.281234741210938,79.86250305175781,27.625282287597656,49.10762023925781,20.632225036621094,16.692703247070312,12.157508850097656,21.74671173095703,16.64178466796875,1.6917724609375,1.1771240234375,38.04387664794922,22.050048828125,66.40591430664062,315.4272155761719,796.4251098632812,43,2,5,0,5,11,7,0,0,1,1,1,8,0,182.88,193.04,170.0,0.313232421875,1.625,0.351533203125,0.36860107421875,0.070498046875,0.01755859375,0.325927734375,0.129150390625,0.001220703125,0.00244140625,109.830078125,29.950927734375,150.130615234375,39.801513671875,115.189453125,34.87841796875,154.774658203125,43.78759765625,3.86474609375,0.64111328125,2.896728515625,0.189208984375,101.663330078125,24.76220703125,136.357666015625,30.972900390625,5.662841796875,3.106689453125,9.10009765625,4.9609375,2.50390625,2.08203125,4.6728515625,3.86767578125,99.504150390625,22.706298828125,133.801025390625,30.49560546875,6.478759765625,4.599365234375,11.0927734375,6.699951171875,3.84716796875,2.645263671875,5.23681640625,2.60595703125,44.342529296875,27.5009765625,729.8955078125,39,2,0,1,8,9,4,0,0,3,5,1,0,0,175.26,177.8,155.0,28.0,34.0,0,0,0,0,0,0,1,0,0,0,0,0,0,0,0,0,0,1,0,0,1,0,0,0
Red,True,0.015625,0.0,0.45,0.4275,0.25,0.2,0.148468017578125,0.098388671875,0.0,0.0,66.5,29.6875,64.31230545043945,27.34375,89.75,48.0,85.53125,44.41152191162109,2.0,0.75,2.0546875,0.75,51.1875,18.3359375,49.6123046875,16.280410766601562,7.5,5.07647705078125,7.5,5.0,4.5,3.625,4.984375,3.9375,48.6875,17.0,47.11572265625,16.5,5.75,3.75,5.3125,3.4375,5.0625,3.5,3.875,2.5,99.2119140625,94.125,638.5,0,0,0,0,0,0,0,0,0,0,0,0,0,0,172.72,175.26,135.0,0.0471682548522949,0.0,0.45,0.4217682266235352,0.25,0.19173828125,0.1875,0.125,0.0,0.0,69.5,30.5,66.984375,27.8466796875,94.0,48.544921875,88.50390625,44.75,2.0,0.8125,2.015625,0.6640625,54.0,19.01513671875,51.483436584472656,16.9437255859375,7.91796875,5.430633544921875,7.75,5.0625,4.780975341796875,3.9373779296875,4.8994140625,3.84375,51.025390625,18.400863647460938,50.515625,17.5,5.75,3.75,5.5,3.5,5.375,3.6875,4.0,2.65625,104.865234375,89.5,655.8441009521484,0,0,0,0,0,0,0,0,0,0,0,0,0,0,180.34,180.34,135.0,27.0,26.0,1,0,0,0,0,0,0,0,0,0,0,0,0,0,0,1,0,0,0,0,1,0,0,0
Red,False,0.015625,0.0,0.45,0.4275,0.25,0.2,0.148468017578125,0.098388671875,0.0,0.0,66.5,29.6875,64.31230545043945,27.34375,89.75,48.0,85.53125,44.41152191162109,2.0,0.75,2.0546875,0.75,51.1875,18.3359375,49.6123046875,16.280410766601562,7.5,5.07647705078125,7.5,5.0,4.5,3.625,4.984375,3.9375,48.6875,17.0,47.11572265625,16.5,5.75,3.75,5.3125,3.4375,5.0625,3.5,3.875,2.5,99.2119140625,94.125,638.5,0,0,0,0,0,0,0,0,0,0,0,0,0,0,185.42,185.42,135.0,0.0471682548522949,0.0,0.45,0.4217682266235352,0.25,0.19173828125,0.1875,0.125,0.0,0.0,69.5,30.5,66.984375,27.8466796875,94.0,48.544921875,88.50390625,44.75,2.0,0.8125,2.015625,0.6640625,54.0,19.01513671875,51.483436584472656,16.9437255859375,7.91796875,5.430633544921875,7.75,5.0625,4.780975341796875,3.9373779296875,4.8994140625,3.84375,51.025390625,18.400863647460938,50.515625,17.5,5.75,3.75,5.5,3.5,5.375,3.6875,4.0,2.65625,104.865234375,89.5,655.8441009521484,0,0,0,0,0,0,0,0,0,0,0,0,0,0,180.34,185.42,135.0,33.0,27.0,0,0,0,0,0,0,0,0,0,0,1,0,0,0,0,1,0,0,0,0,1,0,0,0
Blue,False,0.015625,0.0,0.45,0.4275,0.25,0.2,0.148468017578125,0.098388671875,0.0,0.0,66.5,29.6875,64.31230545043945,27.34375,89.75,48.0,85.53125,44.41152191162109,2.0,0.75,2.0546875,0.75,51.1875,18.3359375,49.6123046875,16.280410766601562,7.5,5.07647705078125,7.5,5.0,4.5,3.625,4.984375,3.9375,48.6875,17.0,47.11572265625,16.5,5.75,3.75,5.3125,3.4375,5.0625,3.5,3.875,2.5,99.2119140625,94.125,638.5,0,0,0,0,0,0,0,0,0,0,0,0,0,0,170.18,170.18,135.0,0.0471682548522949,0.0,0.45,0.4217682266235352,0.25,0.19173828125,0.1875,0.125,0.0,0.0,69.5,30.5,66.984375,27.8466796875,94.0,48.544921875,88.50390625,44.75,2.0,0.8125,2.015625,0.6640625,54.0,19.01513671875,51.483436584472656,16.9437255859375,7.91796875,5.430633544921875,7.75,5.0625,4.780975341796875,3.9373779296875,4.8994140625,3.84375,51.025390625,18.400863647460938,50.515625,17.5,5.75,3.75,5.5,3.5,5.375,3.6875,4.0,2.65625,104.865234375,89.5,655.8441009521484,0,0,0,0,0,0,0,0,0,0,0,0,0,0,170.18,175.26,125.0,25.0,31.0,0,0,0,0,0,0,0,0,0,0,1,0,0,0,0,1,0,0,0,0,1,0,0,0
Red,False,0.015625,0.0,0.45,0.4275,0.25,0.2,0.148468017578125,0.098388671875,0.0,0.0,66.5,29.6875,64.31230545043945,27.34375,89.75,48.0,85.53125,44.41152191162109,2.0,0.75,2.0546875,0.75,51.1875,18.3359375,49.6123046875,16.280410766601562,7.5,5.07647705078125,7.5,5.0,4.5,3.625,4.984375,3.9375,48.6875,17.0,47.11572265625,16.5,5.75,3.75,5.3125,3.4375,5.0625,3.5,3.875,2.5,99.2119140625,94.125,638.5,0,0,0,0,0,0,0,0,0,0,0,0,0,0,172.72,177.8,155.0,0.0,0.0,0.245,0.485,0.0,0.4,0.0,2.0,0.0,0.0,182.5,55.5,141.0,66.5,184.0,57.0,171.5,96.0,0.0,0.0,6.5,2.5,172.0,50.0,107.0,39.5,8.5,4.0,16.0,9.0,2.0,1.5,18.0,18.0,175.0,50.5,112.5,45.5,7.0,4.5,4.0,2.0,0.5,0.5,24.5,19.0,5.5,189.5,816.5,6,0,0,1,1,1,1,0,0,1,0,0,0,0,177.8,187.96,170.0,25.0,26.0,0,0,0,0,0,0,0,0,0,1,0,0,0,0,0,0,0,1,0,0,1,0,0,0
Red,False,0.015625,0.0,0.45,0.4275,0.25,0.2,0.148468017578125,0.098388671875,0.0,0.0,66.5,29.6875,64.31230545043945,27.34375,89.75,48.0,85.53125,44.41152191162109,2.0,0.75,2.0546875,0.75,51.1875,18.3359375,49.6123046875,16.280410766601562,7.5,5.07647705078125,7.5,5.0,4.5,3.625,4.984375,3.9375,48.6875,17.0,47.11572265625,16.5,5.75,3.75,5.3125,3.4375,5.0625,3.5,3.875,2.5,99.2119140625,94.125,638.5,0,0,0,0,0,0,0,0,0,0,0,0,0,0,165.1,172.72,125.0,0.0471682548522949,0.0,0.45,0.4217682266235352,0.25,0.19173828125,0.1875,0.125,0.0,0.0,69.5,30.5,66.984375,27.8466796875,94.0,48.544921875,88.50390625,44.75,2.0,0.8125,2.015625,0.6640625,54.0,19.01513671875,51.483436584472656,16.9437255859375,7.91796875,5.430633544921875,7.75,5.0625,4.780975341796875,3.9373779296875,4.8994140625,3.84375,51.025390625,18.400863647460938,50.515625,17.5,5.75,3.75,5.5,3.5,5.375,3.6875,4.0,2.65625,104.865234375,89.5,655.8441009521484,0,0,0,0,0,0,0,0,0,0,0,0,0,0,162.56,162.56,125.0,24.0,29.0,0,0,0,1,0,0,0,0,0,0,0,0,0,0,0,1,0,0,0,0,1,0,0,0
Red,False,0.015625,0.0,0.45,0.4275,0.25,0.2,0.148468017578125,0.098388671875,0.0,0.0,66.5,29.6875,64.31230545043945,27.34375,89.75,48.0,85.53125,44.41152191162109,2.0,0.75,2.0546875,0.75,51.1875,18.3359375,49.6123046875,16.280410766601562,7.5,5.07647705078125,7.5,5.0,4.5,3.625,4.984375,3.9375,48.6875,17.0,47.11572265625,16.5,5.75,3.75,5.3125,3.4375,5.0625,3.5,3.875,2.5,99.2119140625,94.125,638.5,0,0,0,0,0,0,0,0,0,0,0,0,0,0,195.58,195.58,250.0,0.0471682548522949,0.0,0.45,0.4217682266235352,0.25,0.19173828125,0.1875,0.125,0.0,0.0,69.5,30.5,66.984375,27.8466796875,94.0,48.544921875,88.50390625,44.75,2.0,0.8125,2.015625,0.6640625,54.0,19.01513671875,51.483436584472656,16.9437255859375,7.91796875,5.430633544921875,7.75,5.0625,4.780975341796875,3.9373779296875,4.8994140625,3.84375,51.025390625,18.400863647460938,50.515625,17.5,5.75,3.75,5.5,3.5,5.375,3.6875,4.0,2.65625,104.865234375,89.5,655.8441009521484,0,0,0,0,0,0,0,0,0,0,0,0,0,0,187.96,190.5,265.0,30.0,27.0,0,0,0,0,1,0,0,0,0,0,0,0,0,0,0,0,0,1,0,0,1,0,0,0
Blue,False,0.5,0.0,0.655,0.19,0.0,0.0,0.0,0.0,0.0,0.0,58.0,37.5,106.5,41.0,76.5,56.0,134.5,66.0,0.0,0.0,9.0,0.0,30.5,12.0,47.0,3.0,23.0,21.5,40.0,24.5,4.5,4.0,19.5,13.5,29.0,12.0,66.5,16.5,20.5,19.0,40.0,24.5,8.5,6.5,0.0,0.0,67.0,123.0,468.0,4,0,1,0,1,1,1,0,0,0,0,1,0,0,175.26,187.96,170.0,0.0050125122070312,0.0029306411743164,0.435879430770874,0.4938917732238769,0.394842095375061,0.1213148498535156,0.0234665870666503,0.0018095970153808,3.814697265625e-06,3.4332275390625e-05,44.59696912765503,16.03494167327881,64.99959087371826,28.056249141693115,56.28269052505493,27.094984531402588,80.61026048660278,41.81486797332764,4.191544055938721,1.6102023124694824,2.415172576904297,0.7501258850097656,38.74715662002564,11.17378854751587,53.1501145362854,18.422019004821777,5.795280456542969,4.822311401367188,3.638718605041504,2.6783103942871094,0.0545320510864257,0.0388417243957519,8.210757732391357,6.9559197425842285,33.11030626296997,8.225497245788574,49.6887788772583,15.352256298065186,6.694705963134766,3.348388671875,10.74586296081543,9.147348403930664,4.791956901550293,4.461055755615234,4.564949035644531,3.5566444396972656,184.92343854904172,73.82320404052734,541.8919382095337,48,1,2,0,5,15,7,0,0,1,5,6,3,0,177.8,185.42,170.0,31.0,35.0,0,0,0,0,0,0,0,0,0,1,0,0,0,0,0,1,0,0,0,0,1,0,0,0
Red,True,0.3369140625,0.0,0.4691699218749999,0.209443359375,0.45228515625,0.075546875,0.01171875,0.0078125,0.0,0.0,57.15234375,25.001953125,89.2783203125,26.94140625,83.3125,49.3427734375,122.380859375,57.708984375,8.572265625,6.3505859375,0.453125,0.1806640625,48.2958984375,18.7255859375,72.8466796875,16.9208984375,3.4287109375,2.818359375,10.70703125,6.806640625,5.427734375,3.4580078125,5.724609375,3.2138671875,43.712890625,15.109375,76.654296875,20.044921875,9.9833984375,6.9521484375,8.2724609375,2.669921875,3.4560546875,2.9404296875,4.3515625,4.2265625,268.41015625,46.14453125,615.3837890625,24,0,4,0,6,10,1,0,1,2,2,5,0,0,175.26,175.26,185.0,0.0275917053222656,0.25048828125,0.5523237419128418,0.2531933784484863,0.6624289512634278,0.0158103942871093,0.21246337890625,0.5000762939453125,0.0351676940917968,0.2500114440917969,169.8214626312256,91.88737869262695,167.76939392089844,41.13511276245117,265.77831840515137,179.3890438079834,237.88168334960935,104.72937774658205,11.57313346862793,7.320838928222656,1.0367488861083984,0.0630645751953125,127.53903579711914,60.834089279174805,130.05196571350098,21.723617553710938,25.36549568176269,18.42658233642578,23.90093231201172,14.271377563476562,16.91693115234375,12.626707077026367,13.816495895385742,5.140117645263672,118.39445304870604,55.70486831665039,149.7314224243164,28.62844467163086,7.262727737426758,6.346885681152344,12.72022819519043,8.965864181518555,44.16428184509277,29.83562469482422,5.317743301391602,3.540803909301758,722.2343482971191,44.2333927154541,1494.1391143798828,63,13,2,0,11,18,2,0,0,1,10,5,2,0,180.34,193.04,185.0,30.0,32.0,0,0,0,0,0,0,0,0,0,1,0,0,0,0,0,0,0,1,0,0,1,0,0,0
Red,False,0.0,0.125,0.5163134765625,0.29020263671875,0.43586181640625,0.1616552734375,1.046875,0.074462890625,0.015625,0.0078125,24.331787109375,12.265869140625,18.374267578125,9.478515625,88.024169921875,68.693603515625,33.4619140625,23.85888671875,2.82470703125,1.618408203125,2.216796875,0.830078125,17.307861328125,6.955322265625,15.05908203125,6.930908203125,5.875732421875,4.608642578125,3.119384765625,2.369384765625,1.148193359375,0.701904296875,0.19580078125,0.17822265625,8.314697265625,1.914794921875,7.232421875,1.632568359375,5.6396484375,3.802490234375,4.19287109375,2.54638671875,10.37744140625,6.548583984375,6.948974609375,5.299560546875,229.72998046875,106.227783203125,371.14208984375,31,3,0,1,3,7,6,0,0,0,5,0,2,0,185.42,185.42,205.0,0.001129150390625,0.02734375,0.3750199890136718,0.37450439453125,0.1382160949707031,0.1081448364257812,0.0,0.0317840576171875,0.0625,0.0,97.50723266601562,36.69148254394531,125.38641357421876,47.22161865234375,117.36856079101562,54.94389343261719,134.89051818847656,56.24090576171875,6.356735229492188,0.5843353271484375,0.87139892578125,0.283233642578125,82.05635070800781,27.346694946289062,100.18180847167967,29.28436279296875,10.707717895507812,5.62701416015625,18.54095458984375,12.735549926757812,4.7431640625,3.7177734375,6.6636505126953125,5.201705932617188,79.58010864257812,27.7440185546875,106.26277160644533,32.23600769042969,14.568695068359377,6.9807891845703125,18.27500915527344,14.289459228515623,3.358428955078125,1.9666748046875,0.8486328125,0.6961517333984375,163.2099151611328,19.15756225585937,1000.4996337890624,50,4,5,0,5,13,4,0,1,4,3,5,0,0,182.88,190.5,205.0,36.0,34.0,0,0,0,0,0,1,0,0,0,0,0,0,0,0,0,0,0,1,0,0,1,0,0,0
Blue,False,2.0,0.0,0.55,0.57,0.6,0.0,1.0,0.0,0.0,0.0,68.0,38.0,47.0,27.0,78.0,46.0,68.0,45.0,5.0,3.0,0.0,0.0,56.0,29.0,28.0,12.0,7.0,5.0,8.0,7.0,5.0,4.0,11.0,8.0,34.0,12.0,30.0,11.0,7.0,7.0,7.0,7.0,27.0,19.0,10.0,9.0,246.0,161.0,808.0,3,0,1,0,1,1,0,0,0,0,0,1,0,0,162.56,165.1,125.0,0.25,0.0,0.5075,0.3525,0.625,0.125,2.0,0.0,0.0,0.25,173.5,86.75,121.5,43.0,313.75,202.5,133.75,52.75,7.75,4.75,1.25,0.5,137.25,60.5,99.75,26.5,26.25,17.5,11.75,8.5,10.0,8.75,10.0,8.0,102.25,40.5,112.75,38.5,17.75,14.0,7.5,4.0,53.5,32.25,1.25,0.5,381.5,42.25,900.0,9,0,0,1,2,2,1,0,0,0,2,0,0,0,170.18,167.64,125.0,28.0,26.0,0,0,0,1,0,0,0,0,0,0,0,0,0,0,0,1,0,0,0,0,0,0,1,0
Blue,False,0.751953125,0.0,0.47812255859375,0.3817041015625,0.5367456054687499,0.100205078125,0.0693359375,1.16650390625,0.001220703125,0.515869140625,84.42724609375,40.142822265625,60.51171875,22.334228515625,108.4833984375,63.5634765625,92.68359375,51.19970703125,4.42919921875,2.175537109375,1.4921875,0.58154296875,57.011962890625,20.73828125,50.631591796875,16.750732421875,20.716552734375,14.741943359375,7.1953125,2.947265625,6.69873046875,4.66259765625,2.684814453125,2.63623046875,48.8232421875,18.220703125,53.562744140625,16.831298828125,15.302734375,10.432861328125,4.837890625,3.799072265625,20.30126953125,11.4892578125,2.111083984375,1.703857421875,314.767333984375,52.279541015625,626.344970703125,33,0,0,1,6,8,5,0,0,2,3,2,1,0,175.26,180.34,170.0,0.0625,0.25,0.514375,0.4237499999999999,0.18125,0.8125,0.0625,2.25,0.0625,0.625,68.9375,33.3125,61.8125,28.0,100.875,62.25,86.0,51.0,10.75,1.5,1.1875,0.8125,44.0625,17.6875,46.1875,15.6875,11.6875,6.875,12.8125,10.4375,13.1875,8.75,2.8125,1.875,50.4375,21.5625,44.5625,14.3125,6.5625,3.75,16.5,12.9375,11.9375,8.0,0.75,0.75,314.4375,148.8125,860.5,13,0,4,0,4,4,1,0,0,1,2,1,0,0,182.88,185.42,170.0,29.0,32.0,0,0,0,0,0,0,0,0,0,1,0,0,0,0,0,0,0,1,0,0,0,0,1,0
Blue,False,0.546875,0.0625,0.5212890625,0.3313671875,0.6708984375,0.1306640625,0.0,0.16015625,0.03125,0.0,36.0234375,19.1953125,33.02734375,9.390625,41.453125,24.125,36.46875,12.23046875,0.81640625,0.77734375,1.6328125,0.55078125,31.0703125,14.8828125,26.50390625,5.109375,4.35546875,3.72265625,2.53125,1.859375,0.59765625,0.58984375,3.9921875,2.421875,26.3203125,12.09765625,30.33984375,7.62890625,5.21875,4.2421875,2.171875,1.26171875,4.484375,2.85546875,0.515625,0.5,56.90234375,54.296875,304.05078125,17,0,3,0,3,6,3,0,0,0,2,4,0,0,180.34,187.96,170.0,0.0,0.0,0.48359375,0.22890625,0.24546875,0.19625,0.15625,0.015625,0.015625,0.015625,125.171875,61.265625,79.4375,18.46875,133.46875,69.171875,98.046875,35.734375,1.984375,0.796875,2.546875,0.625,101.65625,46.078125,71.234375,14.328125,19.15625,12.265625,5.03125,2.390625,4.359375,2.921875,3.171875,1.75,108.328125,49.953125,73.59375,15.109375,6.40625,3.875,4.53125,2.359375,10.4375,7.4375,1.3125,1.0,104.5,59.953125,790.875,16,0,1,0,5,6,1,0,0,0,3,2,1,0,182.88,193.04,170.0,31.0,24.0,0,0,0,0,0,0,0,0,0,1,0,0,0,0,0,0,0,1,0,0,1,0,0,0
Blue,False,0.03515625,0.00390625,0.380625,0.4576171875,0.4161328125,0.0221875,1.6796875,0.0234375,0.0,0.25,80.51171875,33.2578125,75.296875,36.0078125,112.69921875,62.3828125,79.66796875,39.81640625,9.5703125,3.765625,0.21875,0.15625,73.86328125,28.36328125,54.47265625,19.58203125,3.08203125,1.46875,6.5,3.8515625,3.56640625,3.42578125,14.32421875,12.57421875,59.70703125,17.34375,62.12890625,27.58203125,5.77734375,4.0703125,7.4765625,4.3671875,15.02734375,11.84375,5.69140625,4.05859375,374.41796875,80.578125,907.875,23,1,0,1,5,6,3,0,0,1,2,0,3,0,185.42,198.12,185.0,0.0322265625,0.015625,0.497879638671875,0.717108154296875,0.584033203125,0.2291796875,0.94677734375,0.510986328125,0.003173828125,0.1292724609375,86.9229736328125,46.6392822265625,73.1396484375,55.53662109375,134.3231201171875,90.7108154296875,121.5838623046875,99.93896484375,3.43896484375,1.62744140625,4.7550048828125,1.3623046875,65.24169921875,27.188232421875,41.4765625,25.410888671875,19.9114990234375,17.9449462890625,17.932861328125,17.149658203125,1.769775390625,1.506103515625,13.730224609375,12.97607421875,59.3404541015625,23.2725830078125,47.644775390625,33.2364501953125,25.2100830078125,21.89794921875,20.403564453125,18.4925537109375,2.3724365234375,1.46875,5.09130859375,3.8076171875,177.3214111328125,275.18310546875,760.2000732421875,30,1,0,2,3,8,6,0,0,1,1,2,4,0,185.42,195.58,205.0,32.0,33.0,0,0,0,0,0,0,0,1,0,0,0,0,0,0,0,1,0,0,0,0,1,0,0,0
Red,False,0.001953125,0.033203125,0.33384765625,0.350478515625,0.32564453125,0.07390625,0.1552734375,0.259765625,0.0,0.009765625,260.46875,84.7138671875,184.3818359375,67.03125,281.7666015625,102.93359375,198.0615234375,79.7373046875,7.0009765625,2.0341796875,4.447265625,0.66796875,239.1943359375,72.9560546875,146.431640625,39.8017578125,16.78125,8.05078125,24.689453125,16.470703125,4.4931640625,3.70703125,13.2607421875,10.7587890625,238.7177734375,71.427734375,167.62890625,57.126953125,18.498046875,11.564453125,16.5849609375,9.8134765625,3.2529296875,1.7216796875,0.16796875,0.0908203125,138.82421875,62.2158203125,868.8662109375,28,0,4,0,4,7,4,0,0,3,1,1,1,1,177.8,177.8,155.0,0.078125,0.6875,0.47556640625,0.39171875,0.65427734375,0.1652734375,0.009765625,0.00390625,0.0,0.0,89.748046875,44.896484375,100.130859375,38.296875,106.736328125,59.580078125,113.7421875,51.796875,2.353515625,1.537109375,3.154296875,1.001953125,54.080078125,19.857421875,68.794921875,20.892578125,24.25390625,15.4296875,21.87890625,11.849609375,11.4140625,9.609375,9.45703125,5.5546875,77.703125,36.291015625,89.4921875,32.681640625,3.4140625,3.01953125,1.81640625,1.36328125,8.630859375,5.5859375,8.822265625,4.251953125,118.771484375,116.9375,745.91796875,21,0,4,0,4,7,3,0,0,0,3,2,2,0,185.42,185.42,155.0,31.0,30.0,0,0,0,0,0,0,1,0,0,0,0,0,0,0,0,0,0,1,0,0,1,0,0,0
Red,False,0.015625,0.0,0.45,0.4275,0.25,0.2,0.148468017578125,0.098388671875,0.0,0.0,66.5,29.6875,64.31230545043945,27.34375,89.75,48.0,85.53125,44.41152191162109,2.0,0.75,2.0546875,0.75,51.1875,18.3359375,49.6123046875,16.280410766601562,7.5,5.07647705078125,7.5,5.0,4.5,3.625,4.984375,3.9375,48.6875,17.0,47.11572265625,16.5,5.75,3.75,5.3125,3.4375,5.0625,3.5,3.875,2.5,99.2119140625,94.125,638.5,0,0,0,0,0,0,0,0,0,0,0,0,0,0,175.26,175.26,170.0,0.0,0.0,0.175,0.155,0.5,0.15,1.75,0.25,0.5,0.0,12.25,3.5,14.0,8.25,19.25,10.25,29.75,23.75,0.75,0.5,2.5,1.5,9.75,2.75,8.25,3.25,1.75,0.75,4.75,4.5,0.75,0.0,1.0,0.5,8.75,2.0,5.75,1.5,1.75,0.75,0.75,0.5,1.75,0.75,7.5,6.25,74.5,138.0,293.25,5,0,0,2,1,1,2,0,0,0,0,0,1,0,172.72,185.42,155.0,33.0,32.0,0,0,0,0,0,0,0,0,0,1,0,0,0,0,0,0,0,1,0,0,0,0,1,0
Blue,False,0.015625,0.0,0.45,0.4275,0.25,0.2,0.148468017578125,0.098388671875,0.0,0.0,66.5,29.6875,64.31230545043945,27.34375,89.75,48.0,85.53125,44.41152191162109,2.0,0.75,2.0546875,0.75,51.1875,18.3359375,49.6123046875,16.280410766601562,7.5,5.07647705078125,7.5,5.0,4.5,3.625,4.984375,3.9375,48.6875,17.0,47.11572265625,16.5,5.75,3.75,5.3125,3.4375,5.0625,3.5,3.875,2.5,99.2119140625,94.125,638.5,0,0,0,0,0,0,0,0,0,0,0,0,0,0,167.64,175.26,125.0,0.0,0.0,0.35,0.39,0.25,0.385,0.0,0.5,0.5,0.0,104.5,39.0,108.5,42.5,122.5,54.0,132.0,63.0,1.5,0.5,6.5,3.5,86.5,24.5,90.5,27.0,16.5,13.0,9.5,8.5,1.5,1.5,8.5,7.0,94.5,33.0,105.5,40.0,4.5,3.0,2.5,2.0,5.5,3.0,0.5,0.5,97.0,259.0,886.5,6,0,0,2,0,0,2,0,0,0,0,0,0,0,175.26,177.8,125.0,20.0,27.0,1,0,0,0,0,0,0,0,0,0,0,0,0,0,0,1,0,0,0,0,1,0,0,0
Red,False,0.375,0.25,0.421875,0.5081249999999999,0.25,0.7150000000000001,1.0625,2.0625,1.1875,0.0,87.4375,36.375,72.125,33.875,105.5,52.625,104.4375,59.25,0.25,0.25,6.9375,4.0,79.5625,30.9375,57.6875,23.875,5.1875,3.4375,6.5625,4.1875,2.6875,2.0,7.875,5.8125,51.3125,17.1875,54.25,22.25,3.0,1.0,2.0,1.5625,33.125,18.1875,15.875,10.0625,178.4375,363.625,780.625,13,0,0,1,2,2,3,0,0,1,0,1,0,0,170.18,175.26,135.0,0.375,0.0,0.5175000000000001,0.47375,0.225,0.2,0.125,0.75,0.125,0.0,75.625,31.875,59.125,22.5,93.0,45.25,71.875,35.125,5.5,2.5,2.875,1.0,53.75,16.125,52.25,17.25,18.75,13.125,6.0,4.375,3.125,2.625,0.875,0.875,52.125,14.5,48.625,16.5,12.5,10.25,8.5,4.5,11.0,7.125,2.0,1.5,208.5,88.75,541.875,6,0,3,0,3,3,1,0,0,0,0,2,1,0,172.72,172.72,135.0,29.0,23.0,1,0,0,0,0,0,0,0,0,0,0,0,0,0,0,1,0,0,0,0,1,0,0,0
Blue,False,0.0,0.0,0.56,0.55,0.0,0.0,0.0,0.0,0.0,0.0,50.0,28.0,84.0,47.0,57.0,35.0,94.0,57.0,4.0,0.0,2.0,0.0,14.0,5.0,65.0,33.0,7.0,3.0,7.0,5.0,29.0,20.0,12.0,9.0,46.0,25.0,82.0,45.0,4.0,3.0,2.0,2.0,0.0,0.0,0.0,0.0,71.0,42.0,633.0,3,0,0,1,0,0,1,0,0,0,0,0,0,0,190.5,193.04,230.0,0.5,0.5,0.6799999999999999,0.46,0.5,0.0,0.0,0.0,0.0,0.0,21.0,14.5,14.5,6.5,33.5,24.5,25.0,15.5,2.0,0.5,0.0,0.0,11.0,5.5,14.0,6.0,9.5,8.5,0.5,0.5,0.5,0.5,0.0,0.0,7.0,3.5,7.5,2.5,10.5,8.5,2.0,0.5,3.5,2.5,5.0,3.5,66.0,59.0,201.0,2,0,1,0,1,1,1,0,0,0,0,1,0,0,190.5,187.96,205.0,28.0,32.0,0,0,0,0,0,1,0,0,0,0,0,0,0,0,0,1,0,0,0,0,1,0,0,0
Blue,False,0.015625,0.0,0.45,0.4275,0.25,0.2,0.148468017578125,0.098388671875,0.0,0.0,66.5,29.6875,64.31230545043945,27.34375,89.75,48.0,85.53125,44.41152191162109,2.0,0.75,2.0546875,0.75,51.1875,18.3359375,49.6123046875,16.280410766601562,7.5,5.07647705078125,7.5,5.0,4.5,3.625,4.984375,3.9375,48.6875,17.0,47.11572265625,16.5,5.75,3.75,5.3125,3.4375,5.0625,3.5,3.875,2.5,99.2119140625,94.125,638.5,0,0,0,0,0,0,0,0,0,0,0,0,0,0,182.88,185.42,185.0,1.0,0.0,0.72,0.4,0.25,0.0,0.0,1.0,0.0,0.0,94.0,68.0,81.0,33.0,121.0,91.0,100.0,46.0,4.0,1.0,0.0,0.0,58.0,42.0,61.0,19.0,29.0,21.0,8.0,5.0,7.0,5.0,12.0,9.0,57.0,38.0,78.0,30.0,5.0,4.0,3.0,3.0,32.0,26.0,0.0,0.0,294.0,0.0,641.0,3,0,1,0,1,1,0,0,0,0,0,1,0,0,177.8,177.8,170.0,26.0,25.0,0,0,0,0,0,0,0,1,0,0,0,0,0,0,0,1,0,0,0,0,1,0,0,0
Blue,False,2.0,0.0,0.65,0.2,1.0,0.0,0.0,0.0,0.0,0.0,26.0,17.0,10.0,2.0,33.0,24.0,10.0,2.0,1.0,1.0,2.0,0.0,22.0,13.0,9.0,1.0,4.0,4.0,1.0,1.0,0.0,0.0,0.0,0.0,8.0,4.0,7.0,1.0,12.0,9.0,3.0,1.0,6.0,4.0,0.0,0.0,19.0,2.0,83.0,1,0,1,0,1,1,0,0,0,0,0,1,0,0,187.96,187.96,170.0,0.017578125,0.125,0.3450390625,0.5013867187500001,0.326484375,0.2737109375,0.220703125,0.552734375,0.01953125,0.00390625,56.283203125,26.2421875,54.669921875,24.349609375,86.607421875,54.00390625,79.58203125,45.009765625,2.62890625,1.4296875,7.828125,2.34765625,40.9609375,12.947265625,39.455078125,14.673828125,10.73046875,8.765625,6.8515625,2.80859375,4.591796875,4.529296875,8.36328125,6.8671875,37.767578125,12.052734375,40.244140625,14.8046875,11.44140625,9.91015625,3.287109375,2.138671875,7.07421875,4.279296875,11.138671875,7.40625,109.705078125,353.474609375,787.603515625,25,0,1,0,2,5,5,0,0,0,3,1,1,0,180.34,187.96,170.0,28.0,32.0,0,0,0,0,0,0,0,0,0,1,0,0,0,0,0,0,0,0,1,0,1,0,0,0
Red,False,0.5,0.0,0.63,0.365,0.5,0.165,0.5,0.0,0.0,0.5,53.5,23.0,82.0,33.0,61.0,30.0,88.5,39.0,3.5,0.5,3.0,1.0,40.5,15.5,72.0,25.0,13.0,7.5,6.5,4.5,0.0,0.0,3.5,3.5,52.0,21.5,66.5,23.5,1.0,1.0,2.5,1.0,0.5,0.5,13.0,8.5,91.5,84.0,520.0,4,0,0,1,1,1,1,0,0,0,0,0,1,0,175.26,185.42,185.0,1.0,0.0,0.485,0.26,0.0,0.0,0.5,0.0,0.0,0.0,58.0,22.5,37.0,19.0,64.5,24.5,37.5,19.5,0.0,0.0,1.5,0.0,42.0,15.0,30.5,12.5,15.0,7.0,3.0,3.0,1.0,0.5,3.5,3.5,52.0,19.0,31.0,16.0,1.5,1.5,6.0,3.0,4.5,2.0,0.0,0.0,30.0,2.0,473.5,4,1,2,0,2,2,0,0,0,0,1,0,1,0,185.42,198.12,185.0,31.0,28.0,0,0,0,0,0,0,0,1,0,0,0,0,0,0,0,1,0,0,0,0,0,0,1,0
Red,False,0.05078125,0.5,0.416875,0.68052734375,0.08265625,0.2984765625,0.50390625,0.26171875,0.009765625,0.013671875,52.455078125,22.50390625,88.81640625,57.625,73.966796875,42.8125,170.193359375,129.0859375,3.03125,0.201171875,2.306640625,0.666015625,46.78125,17.154296875,56.005859375,26.232421875,3.865234375,3.607421875,17.689453125,16.271484375,1.80859375,1.7421875,15.12109375,15.12109375,42.796875,14.349609375,47.099609375,20.330078125,8.728515625,7.431640625,31.99609375,29.830078125,0.9296875,0.72265625,9.720703125,7.46484375,105.97265625,496.1953125,794.7265625,23,0,0,2,3,4,6,0,0,0,1,2,1,0,182.88,187.96,205.0,0.0,1.0,0.39,0.49,0.0,0.0,0.0,0.0,0.0,0.0,61.0,24.0,75.0,37.0,61.0,24.0,75.0,37.0,0.0,0.0,0.0,0.0,54.0,20.0,57.0,23.0,6.0,3.0,8.0,4.0,1.0,1.0,10.0,10.0,60.0,23.0,73.0,35.0,1.0,1.0,0.0,0.0,0.0,0.0,2.0,2.0,0.0,3.0,269.0,1,0,0,1,0,0,1,0,0,0,0,0,0,0,185.42,187.96,205.0,34.0,33.0,0,0,0,0,0,1,0,0,0,0,0,0,0,0,0,1,0,0,0,0,1,0,0,0
Blue,False,0.03155517578125,0.25390625,0.4369888305664062,0.3295037841796875,0.349547119140625,0.0913726806640625,0.6253662109375,0.54083251953125,0.0635986328125,0.000701904296875,72.23062133789062,35.467315673828125,85.2889404296875,28.836639404296875,95.0855712890625,57.1959228515625,104.33050537109376,45.8221435546875,6.4737548828125,3.3875732421875,1.277587890625,0.538238525390625,47.177825927734375,17.787109375,62.54278564453125,14.181304931640623,11.25921630859375,8.05718994140625,9.392578125,6.06390380859375,13.7935791015625,9.623016357421877,13.35357666015625,8.5914306640625,54.70034790039063,21.251220703125,77.17498779296875,22.74151611328125,2.9095458984375,1.802978515625,7.008056640625,5.5592041015625,14.6207275390625,12.413116455078123,1.10589599609375,0.535919189453125,303.7465515136719,45.640167236328125,699.8406982421875,41,0,0,1,2,8,8,0,0,1,3,3,0,1,175.26,180.34,145.0,0.0,0.0,0.6699999999999999,0.6950000000000001,0.25,0.75,0.75,0.25,0.0,0.0,47.0,24.0,46.75,19.75,57.0,34.0,65.25,36.0,0.75,0.25,1.75,0.75,34.75,15.0,36.25,12.5,10.0,7.0,6.75,4.5,2.25,2.0,3.75,2.75,38.75,16.25,39.0,14.25,1.5,1.0,0.5,0.5,6.75,6.75,7.25,5.0,69.75,59.75,406.0,6,1,3,0,3,3,0,0,0,0,1,1,1,0,170.18,185.42,145.0,27.0,29.0,0,0,1,0,0,0,0,0,0,0,0,0,0,0,0,1,0,0,0,0,1,0,0,0
Red,False,0.205078125,0.009765625,0.40736328125,0.44927734375,0.1423046875,0.3182421875,0.138671875,0.150390625,0.25390625,0.0,90.15234375,38.724609375,93.087890625,42.03125,110.810546875,59.05078125,121.263671875,68.615234375,1.5,0.52734375,5.830078125,0.91796875,68.685546875,22.669921875,78.87109375,32.44921875,12.15625,10.380859375,10.203125,6.83984375,9.310546875,5.673828125,4.013671875,2.7421875,65.3125,19.515625,70.8125,29.9921875,19.791015625,15.55859375,13.7109375,6.455078125,5.048828125,3.650390625,8.564453125,5.583984375,79.3203125,188.640625,949.9375,30,3,2,0,4,6,4,0,0,2,3,1,0,0,180.34,187.96,185.0,0.8131256103515625,0.140869140625,0.4213550567626953,0.3607954406738281,0.0002593994140625,0.143038330078125,0.19549560546875,0.125030517578125,0.00390625,6.103515625e-05,30.930152893066406,12.505859375,39.68340301513672,15.247596740722656,34.23877716064453,15.556427001953123,45.175254821777344,20.20008087158203,0.0011444091796875,0.0008697509765625,1.4336395263671875,0.269561767578125,26.70063018798828,9.409637451171877,29.69224548339844,9.158905029296877,2.957305908203125,1.886749267578125,2.8631668090820312,0.7181472778320312,1.272216796875,1.20947265625,7.12799072265625,5.37054443359375,22.795509338378903,6.7206573486328125,31.525657653808597,9.684326171875,1.881141662597656,0.9590377807617188,0.671295166015625,0.0829849243164062,6.253501892089844,4.826164245605469,7.4864501953125,5.48028564453125,14.396484375,82.85693359375,323.7982788085937,28,4,3,0,3,12,6,0,0,0,0,9,2,1,182.88,187.96,185.0,43.0,36.0,0,0,0,0,0,1,0,0,0,0,0,0,0,0,0,1,0,0,0,0,0,0,1,0
Blue,False,0.0,0.0,0.41,0.32,0.75,0.5,1.0,0.0,1.0,0.0,90.0,37.0,28.0,9.0,115.0,57.0,47.0,25.0,8.0,6.0,2.0,1.0,66.0,23.0,23.0,7.0,21.0,12.0,2.0,1.0,3.0,2.0,3.0,1.0,31.0,12.0,25.0,8.0,41.0,17.0,2.0,0.0,18.0,8.0,1.0,1.0,582.0,88.0,900.0,3,0,1,0,1,1,0,0,0,0,1,0,0,0,185.42,187.96,170.0,0.0471682548522949,0.0,0.45,0.4217682266235352,0.25,0.19173828125,0.1875,0.125,0.0,0.0,69.5,30.5,66.984375,27.8466796875,94.0,48.544921875,88.50390625,44.75,2.0,0.8125,2.015625,0.6640625,54.0,19.01513671875,51.483436584472656,16.9437255859375,7.91796875,5.430633544921875,7.75,5.0625,4.780975341796875,3.9373779296875,4.8994140625,3.84375,51.025390625,18.400863647460938,50.515625,17.5,5.75,3.75,5.5,3.5,5.375,3.6875,4.0,2.65625,104.865234375,89.5,655.8441009521484,0,0,0,0,0,0,0,0,0,0,0,0,0,0,182.88,185.42,170.0,30.0,27.0,0,0,0,0,0,0,0,0,0,1,0,0,0,0,0,0,0,1,0,0,1,0,0,0
Red,False,0.0,0.5,0.4575,0.31,0.23,0.0,0.0,0.0,0.0,0.0,99.75,40.75,125.25,29.0,106.25,46.75,126.75,30.25,9.25,2.5,0.0,0.0,78.5,25.75,93.0,15.25,10.25,7.0,23.75,9.0,11.0,8.0,8.5,4.75,86.75,30.75,113.5,21.0,8.75,6.5,7.75,5.75,4.25,3.5,4.0,2.25,78.5,5.0,691.5,7,0,1,0,1,2,1,0,0,1,1,0,0,0,172.72,177.8,155.0,0.0,0.572265625,0.29572265625,0.4945458984374999,0.199013671875,0.010439453125,0.0556640625,0.032470703125,0.004150390625,0.00341796875,48.1630859375,17.5390625,70.90771484375,25.95751953125,67.262939453125,34.108154296875,78.03271484375,32.71142578125,3.9677734375,1.05517578125,0.32470703125,0.080322265625,35.884033203125,8.342041015625,58.500732421875,17.404541015625,9.958984375,7.40576171875,9.20849609375,6.286865234375,2.320068359375,1.791259765625,3.198486328125,2.26611328125,44.99560546875,16.013427734375,58.559326171875,15.46630859375,0.70361328125,0.478515625,2.435302734375,1.659423828125,2.4638671875,1.047119140625,9.9130859375,8.831787109375,99.799072265625,17.816650390625,399.795166015625,31,0,2,0,2,7,6,0,0,0,4,1,2,0,170.18,177.8,145.0,31.0,29.0,0,0,0,0,0,0,1,0,0,0,0,0,0,0,0,0,0,1,0,0,1,0,0,0
Blue,False,0.0,0.0,0.3175,0.3999999999999999,0.32,0.5,0.5,0.75,0.0,0.0,96.75,31.0,119.0,47.25,106.25,38.5,138.5,65.75,3.75,0.75,2.75,1.25,85.0,22.25,95.75,35.75,8.0,6.0,14.75,6.0,3.75,2.75,8.5,5.5,80.75,21.5,109.0,40.25,8.75,5.25,7.5,5.0,7.25,4.25,2.5,2.0,94.0,116.0,707.25,7,0,1,0,1,1,2,0,0,0,0,1,0,0,172.72,170.18,145.0,0.0,0.0,0.3625,0.6275,0.25,0.2075,0.25,0.0,0.75,1.0,46.25,19.0,45.0,26.75,87.0,56.5,68.5,47.0,2.25,0.5,2.0,1.25,35.75,10.5,34.75,18.25,3.5,2.75,7.5,6.0,7.0,5.75,2.75,2.5,35.25,13.0,23.25,9.75,1.75,1.25,1.75,1.25,9.25,4.75,20.0,15.75,109.75,223.25,556.0,7,1,0,1,1,1,2,0,0,1,0,0,0,0,170.18,185.42,145.0,27.0,26.0,0,0,1,0,0,0,0,0,0,0,0,0,0,0,0,1,0,0,0,0,1,0,0,0
Red,False,0.125,0.0,0.35375,0.375,0.1,0.03125,0.0,0.25,0.25,0.125,135.625,43.375,129.5,50.125,142.875,49.0,138.875,56.125,2.125,0.5,0.75,0.125,99.25,20.375,93.625,22.875,30.25,17.25,18.0,11.25,6.125,5.75,17.875,16.0,130.0,39.25,124.875,48.75,4.25,2.75,3.75,0.875,1.375,1.375,0.875,0.5,62.625,56.75,847.125,11,0,2,0,2,3,1,0,0,1,1,1,0,0,172.72,182.88,155.0,0.0471682548522949,0.0,0.45,0.4217682266235352,0.25,0.19173828125,0.1875,0.125,0.0,0.0,69.5,30.5,66.984375,27.8466796875,94.0,48.544921875,88.50390625,44.75,2.0,0.8125,2.015625,0.6640625,54.0,19.01513671875,51.483436584472656,16.9437255859375,7.91796875,5.430633544921875,7.75,5.0625,4.780975341796875,3.9373779296875,4.8994140625,3.84375,51.025390625,18.400863647460938,50.515625,17.5,5.75,3.75,5.5,3.5,5.375,3.6875,4.0,2.65625,104.865234375,89.5,655.8441009521484,0,0,0,0,0,0,0,0,0,0,0,0,0,0,177.8,182.88,155.0,28.0,30.0,0,0,0,0,0,0,1,0,0,0,0,0,0,0,0,0,0,0,1,0,0,0,1,0
Blue,False,0.015625,0.0,0.45,0.4275,0.25,0.2,0.148468017578125,0.098388671875,0.0,0.0,66.5,29.6875,64.31230545043945,27.34375,89.75,48.0,85.53125,44.41152191162109,2.0,0.75,2.0546875,0.75,51.1875,18.3359375,49.6123046875,16.280410766601562,7.5,5.07647705078125,7.5,5.0,4.5,3.625,4.984375,3.9375,48.6875,17.0,47.11572265625,16.5,5.75,3.75,5.3125,3.4375,5.0625,3.5,3.875,2.5,99.2119140625,94.125,638.5,0,0,0,0,0,0,0,0,0,0,0,0,0,0,165.1,165.1,125.0,0.0,0.0,0.52,0.37,0.2,1.0,1.0,0.0,0.0,0.0,36.0,19.0,58.0,22.0,44.0,25.0,65.0,29.0,5.0,1.0,2.0,2.0,17.0,9.0,47.0,17.0,9.0,3.0,11.0,5.0,10.0,7.0,0.0,0.0,29.0,13.0,29.0,7.0,5.0,4.0,8.0,5.0,2.0,2.0,21.0,10.0,33.0,51.0,363.0,2,0,0,1,0,0,1,0,0,0,0,0,0,0,165.1,165.1,125.0,24.0,31.0,0,0,0,1,0,0,0,0,0,0,0,0,0,0,0,1,0,0,0,0,1,0,0,0
Blue,False,0.0,0.0,0.6,0.55,0.0,0.5,3.0,0.0,2.0,1.0,73.0,44.0,61.0,34.0,223.0,161.0,158.0,115.0,3.0,0.0,2.0,1.0,61.0,33.0,58.0,31.0,9.0,8.0,2.0,2.0,3.0,3.0,1.0,1.0,47.0,23.0,50.0,24.0,13.0,11.0,1.0,0.0,13.0,10.0,10.0,10.0,405.0,363.0,900.0,3,0,1,0,1,1,0,0,0,0,1,0,0,0,167.64,172.72,135.0,0.0,0.0,0.63,0.5800000000000001,0.5,1.0,1.0,1.0,0.0,0.0,44.5,27.0,14.5,8.5,95.0,68.0,35.0,27.5,1.5,1.5,1.0,1.0,42.0,24.5,10.5,4.5,0.5,0.5,2.5,2.5,2.0,2.0,1.5,1.5,7.0,4.5,6.5,2.5,1.5,1.0,3.5,3.5,36.0,21.5,4.5,2.5,262.0,124.0,413.0,3,1,0,1,1,1,1,0,0,0,0,1,0,0,167.64,167.64,125.0,29.0,29.0,0,0,0,0,0,0,0,0,0,0,1,0,0,0,0,1,0,0,0,0,1,0,0,0
Blue,False,0.5,0.0,0.4,0.52,0.3325,0.0,0.75,1.0,0.0,0.0,42.75,15.5,36.75,18.5,50.25,22.0,60.75,39.5,4.5,1.5,0.0,0.0,37.25,11.0,28.25,11.75,4.25,3.25,8.25,6.5,1.25,1.25,0.25,0.25,40.75,14.5,31.5,13.75,1.5,1.0,1.75,1.25,0.5,0.0,3.5,3.5,129.25,108.75,453.5,5,1,2,0,2,2,1,0,0,0,0,0,2,0,185.42,190.5,170.0,0.5,1.0,0.595,0.53,0.215,0.5,1.0,0.0,0.0,0.5,54.5,24.0,64.0,31.0,102.0,60.5,65.5,32.0,11.0,3.5,0.5,0.5,37.0,10.5,62.0,29.5,6.0,3.5,1.5,1.0,11.5,10.0,0.5,0.5,43.0,15.0,48.5,22.5,7.5,5.5,11.5,5.5,4.0,3.5,4.0,3.0,374.5,24.0,770.5,6,1,1,0,1,1,1,0,0,0,1,0,0,0,182.88,180.34,155.0,25.0,26.0,0,0,0,0,0,0,1,0,0,0,0,0,0,0,0,0,0,1,0,0,1,0,0,0
Red,False,1.125,0.1015625,0.557421875,0.40984375,0.250625,0.006484375,1.0625,0.5,0.5,1.609375,73.5859375,41.4296875,37.7421875,12.6875,116.1328125,80.203125,67.1328125,39.4609375,3.2109375,1.1171875,1.3046875,0.0625,57.09375,28.796875,32.25,9.3359375,7.2265625,5.421875,2.84375,1.6875,9.265625,7.2109375,2.6484375,1.6640625,34.015625,13.25,31.984375,8.3046875,3.5703125,3.0390625,1.8515625,1.3359375,36.0,25.140625,3.90625,3.046875,379.015625,175.6328125,859.875,23,0,0,2,3,5,3,0,0,0,4,0,1,0,182.88,195.58,185.0,0.0,0.0,0.58,0.41,0.5,0.5,0.0,0.0,1.0,0.0,92.0,54.0,29.0,12.0,145.0,101.0,31.0,14.0,4.0,2.0,4.0,2.0,49.0,21.0,22.0,8.0,13.0,10.0,5.0,3.0,30.0,23.0,2.0,1.0,55.0,25.0,22.0,5.0,20.0,18.0,6.0,6.0,17.0,11.0,1.0,1.0,371.0,206.0,900.0,3,0,1,0,1,1,0,0,0,0,1,0,0,0,180.34,187.96,185.0,30.0,34.0,0,0,0,0,0,0,0,1,0,0,0,0,0,0,0,1,0,0,0,0,1,0,0,0
Red,False,0.5,0.0,0.41125,0.7268749999999999,0.088125,0.258125,0.78125,1.25,0.0,0.0,53.3125,22.90625,43.5,21.15625,86.21875,51.4375,79.5,52.96875,1.40625,0.34375,1.84375,1.15625,45.09375,15.75,30.53125,10.8125,6.34375,5.5,7.5,5.9375,1.875,1.65625,5.46875,4.40625,30.15625,10.4375,26.59375,8.96875,12.53125,6.84375,8.21875,6.5625,10.625,5.625,8.6875,5.625,113.90625,181.1875,429.1875,14,0,3,0,3,5,1,0,0,0,3,1,1,0,180.34,177.8,145.0,0.3125,0.4375,0.41,0.400625,0.4,0.0825,0.8125,0.0625,0.125,0.0,178.3125,72.375,146.5,61.625,204.375,95.3125,153.625,68.25,7.625,2.6875,4.0625,0.3125,151.0,50.6875,123.9375,46.6875,14.5,9.5,16.625,9.75,12.8125,12.1875,5.9375,5.1875,124.5625,37.875,121.6875,46.8125,20.125,13.0,21.4375,13.1875,33.625,21.5,3.375,1.625,253.4375,43.4375,784.8125,11,1,0,1,4,4,1,0,0,2,1,0,1,0,167.64,167.64,155.0,26.0,26.0,0,0,1,0,0,0,0,0,0,0,0,0,0,0,0,1,0,0,0,0,1,0,0,0
Red,False,0.0,0.0,0.51,0.32,0.5,1.0,1.0,0.0,1.0,0.0,188.0,96.0,226.0,73.0,204.0,110.0,234.0,81.0,2.0,1.0,2.0,2.0,153.0,68.0,155.0,24.0,17.0,13.0,32.0,18.0,18.0,15.0,39.0,31.0,178.0,91.0,213.0,66.0,5.0,4.0,3.0,2.0,5.0,1.0,10.0,5.0,122.0,80.0,887.0,3,0,1,0,1,1,0,0,0,0,0,0,1,0,187.96,185.42,170.0,0.0,0.0,0.6,0.11,1.0,0.33,1.0,0.0,2.0,0.0,90.0,54.0,51.0,6.0,106.0,69.0,60.0,11.0,1.0,1.0,12.0,4.0,64.0,34.0,37.0,4.0,19.0,14.0,6.0,1.0,7.0,6.0,8.0,1.0,44.0,17.0,44.0,3.0,9.0,9.0,0.0,0.0,37.0,28.0,7.0,3.0,273.0,337.0,865.0,3,0,1,0,1,1,0,0,0,0,0,0,1,0,177.8,180.34,155.0,27.0,27.0,0,0,0,0,0,0,1,0,0,0,0,0,0,0,0,1,0,0,0,0,1,0,0,0
Blue,False,0.0,0.0,0.425,0.11,0.665,0.0,0.0,0.0,0.0,0.0,18.0,8.0,11.0,2.0,21.5,11.5,11.5,2.5,4.0,3.0,0.0,0.0,15.5,7.0,7.5,0.5,2.0,0.5,2.0,0.5,0.5,0.5,1.5,1.0,10.5,1.5,11.0,2.0,1.0,1.0,0.0,0.0,6.5,5.5,0.0,0.0,56.5,1.0,143.5,2,0,2,0,2,2,0,0,0,0,0,1,0,1,172.72,185.42,155.0,0.0,0.5,0.5,0.385,0.375,0.2,1.0,0.0,0.0,0.5,85.0,37.0,93.0,33.5,121.5,68.5,113.5,51.5,4.0,3.0,3.0,1.0,72.5,26.5,80.0,25.5,11.5,9.5,10.5,6.0,1.0,1.0,2.5,2.0,47.0,19.0,68.0,23.5,2.5,1.0,3.0,1.5,35.5,17.0,22.0,8.5,317.0,90.0,749.5,5,0,2,0,2,2,0,0,0,0,1,0,1,0,180.34,187.96,170.0,27.0,28.0,0,0,0,0,0,0,1,0,0,0,0,0,0,0,0,1,0,0,0,0,1,0,0,0
Blue,False,1.0,0.0,1.0,0.16,0.0,0.0,0.0,0.0,0.0,0.0,12.0,12.0,18.0,3.0,12.0,12.0,18.0,3.0,1.0,0.0,0.0,0.0,6.0,6.0,14.0,1.0,1.0,1.0,3.0,1.0,5.0,5.0,1.0,1.0,8.0,8.0,18.0,3.0,0.0,0.0,0.0,0.0,4.0,4.0,0.0,0.0,3.0,0.0,92.0,1,0,1,0,1,1,0,0,0,0,0,1,0,0,182.88,185.42,185.0,0.0,0.25,0.6225,0.585,0.4125,0.0,1.0,0.25,0.0,0.5,41.75,28.0,41.5,25.75,90.5,69.0,95.75,74.75,9.0,3.0,2.75,0.0,24.25,11.0,31.25,16.0,6.0,5.75,7.25,6.75,11.5,11.25,3.0,3.0,25.75,12.75,24.25,10.5,9.75,9.75,6.5,6.25,6.25,5.5,10.75,9.0,538.75,135.5,900.0,9,0,3,0,3,3,0,0,0,1,2,0,0,0,185.42,190.5,185.0,36.0,25.0,0,0,0,0,0,0,0,1,0,0,0,0,0,0,0,0,0,1,0,0,1,0,0,0
Blue,False,0.875,0.5,0.4825,0.2875,0.5,0.5875,0.375,0.25,0.0,0.0,109.625,49.75,94.625,26.375,117.75,57.0,109.125,40.375,1.125,1.0,2.625,1.125,81.75,29.5,75.375,14.25,9.625,6.5,11.625,7.375,18.25,13.75,7.625,4.75,98.125,42.625,85.75,19.875,5.625,3.625,4.25,2.875,5.875,3.5,4.625,3.625,41.375,122.75,546.875,9,0,0,1,1,2,2,0,0,0,1,1,0,0,172.72,177.8,135.0,0.53125,0.65625,0.4230859375,0.436015625,0.23140625,0.2147265625,0.25,0.515625,0.0078125,0.5,94.09375,40.20703125,63.23046875,27.203125,128.15234375,71.5859375,75.62109375,39.33984375,1.01953125,0.62890625,2.4765625,0.8046875,69.62890625,25.17578125,51.72265625,17.96875,16.67578125,10.96484375,8.46875,6.34765625,7.7890625,4.06640625,3.0390625,2.88671875,72.23046875,24.19921875,49.5234375,18.33984375,9.63671875,6.390625,5.4453125,3.765625,12.2265625,9.6171875,8.26171875,5.09765625,107.89453125,185.875,574.4921875,22,0,0,1,2,4,5,0,0,1,1,2,0,0,185.42,182.88,135.0,32.0,31.0,1,0,0,0,0,0,0,0,0,0,0,0,0,0,0,1,0,0,0,0,1,0,0,0
Red,False,0.015625,0.0,0.45,0.4275,0.25,0.2,0.148468017578125,0.098388671875,0.0,0.0,66.5,29.6875,64.31230545043945,27.34375,89.75,48.0,85.53125,44.41152191162109,2.0,0.75,2.0546875,0.75,51.1875,18.3359375,49.6123046875,16.280410766601562,7.5,5.07647705078125,7.5,5.0,4.5,3.625,4.984375,3.9375,48.6875,17.0,47.11572265625,16.5,5.75,3.75,5.3125,3.4375,5.0625,3.5,3.875,2.5,99.2119140625,94.125,638.5,0,0,0,0,0,0,0,0,0,0,0,0,0,0,187.96,187.96,185.0,0.0,0.0,0.31,0.42,0.3,0.0,1.0,0.0,0.0,0.0,130.0,41.0,94.0,40.0,174.0,76.0,164.0,103.0,13.0,4.0,0.0,0.0,109.0,30.0,69.0,20.0,7.0,4.0,2.0,2.0,14.0,7.0,23.0,18.0,105.0,29.0,89.0,36.0,4.0,2.0,5.0,4.0,21.0,10.0,0.0,0.0,441.0,0.0,900.0,3,0,1,0,1,1,0,0,0,0,1,0,0,0,185.42,195.58,185.0,32.0,29.0,0,0,0,0,0,0,0,1,0,0,0,0,0,0,0,1,0,0,0,0,0,0,1,0
Red,False,0.0,0.0,0.6,0.36,0.0,0.22,0.0,0.0,0.0,0.0,82.0,50.0,76.0,28.0,115.0,82.0,127.0,73.0,0.0,0.0,9.0,2.0,40.0,9.0,54.0,6.0,24.0,24.0,11.0,11.0,18.0,17.0,11.0,11.0,45.0,16.0,67.0,20.0,37.0,34.0,9.0,8.0,0.0,0.0,0.0,0.0,231.0,291.0,900.0,3,0,1,0,1,1,0,0,0,1,0,0,0,0,175.26,180.34,135.0,0.0,0.0,0.62,0.37,0.66,0.0,0.0,0.0,0.0,0.0,16.0,10.0,8.0,3.0,25.0,16.0,10.0,5.0,3.0,2.0,0.0,0.0,14.0,9.0,4.0,1.0,2.0,1.0,3.0,2.0,0.0,0.0,1.0,0.0,3.0,1.0,5.0,1.0,0.0,0.0,3.0,2.0,13.0,9.0,0.0,0.0,98.0,12.0,128.0,1,0,1,0,1,1,0,0,0,0,0,1,0,0,172.72,175.26,145.0,29.0,25.0,0,0,0,0,0,0,0,0,0,0,1,0,0,0,0,1,0,0,0,0,1,0,0,0
Blue,False,0.0,0.0,0.39,0.16,0.0,0.18,0.0,0.0,1.0,0.0,82.0,32.0,75.0,12.0,88.0,36.0,78.0,13.0,0.0,0.0,11.0,2.0,46.0,11.0,58.0,8.0,8.0,1.0,12.0,1.0,28.0,20.0,5.0,3.0,65.0,22.0,72.0,11.0,16.0,9.0,3.0,1.0,1.0,1.0,0.0,0.0,8.0,317.0,900.0,3,0,0,1,0,0,1,0,0,0,0,0,0,0,180.34,182.88,170.0,0.0,0.015625,0.3047265625,0.440390625,0.0,0.239921875,0.078125,0.63671875,0.00390625,0.5,112.41796875,34.53125,89.48828125,35.328125,118.9296875,40.203125,95.15625,40.171875,0.265625,0.0,2.82421875,0.82421875,98.5078125,24.14453125,64.9765625,19.22265625,5.1953125,3.2578125,10.00390625,3.94921875,8.71484375,7.12890625,14.5078125,12.15625,106.49609375,31.67578125,81.1015625,30.03515625,5.890625,2.85546875,3.1015625,1.70703125,0.03125,0.0,5.28515625,3.5859375,19.65234375,103.3046875,533.1484375,23,0,2,0,4,6,3,0,0,2,2,0,1,1,187.96,190.5,185.0,27.0,26.0,0,0,0,0,0,0,0,1,0,0,0,0,0,0,0,1,0,0,0,0,1,0,0,0
Blue,False,0.140625,0.5,0.27,0.4721875,0.01875,0.6903125,0.09375,0.0,0.0,0.046875,71.515625,19.953125,45.765625,21.375,94.875,37.609375,66.390625,39.0,1.03125,0.09375,4.0625,2.265625,62.625,13.765625,38.140625,14.921875,5.453125,3.296875,4.5,3.609375,3.4375,2.890625,3.125,2.84375,66.203125,16.5,33.078125,13.03125,3.828125,2.625,2.453125,1.859375,1.484375,0.828125,10.234375,6.484375,34.3125,237.953125,492.5625,15,0,0,1,4,4,3,0,0,1,0,1,2,0,190.5,190.5,170.0,0.0,0.0,0.39,0.425,0.4,0.535,0.0,0.5,0.5,0.0,74.5,36.0,52.5,15.0,94.5,53.0,66.0,24.0,2.5,2.0,7.0,1.0,60.0,24.0,46.0,12.0,10.0,7.5,3.5,1.0,4.5,4.5,3.0,2.0,49.0,20.0,43.0,8.0,16.5,11.0,4.0,2.5,9.0,5.0,5.5,4.5,164.5,196.5,546.5,4,0,1,0,1,1,1,0,0,0,1,0,0,0,190.5,203.2,170.0,32.0,26.0,0,0,0,0,0,0,0,0,0,1,0,0,0,0,0,1,0,0,0,0,1,0,0,0
Blue,False,0.75,0.0,0.39625,0.415,0.5,0.225,0.0,0.625,0.0,0.0,103.5,41.625,63.75,27.125,113.75,51.0,72.625,34.0,1.0,1.0,3.625,0.75,76.625,26.625,44.625,16.5,22.5,12.625,10.875,4.75,4.375,2.375,8.25,5.875,80.0,29.25,56.375,21.875,6.375,4.0,3.375,2.25,17.125,8.375,4.0,3.0,57.25,44.75,460.0,9,0,0,1,3,3,1,0,0,0,1,2,0,0,160.02,170.18,135.0,0.0,0.0,0.195,0.19,0.8300000000000001,0.0,0.0,1.0,0.0,0.5,103.5,21.5,101.0,21.0,106.0,23.0,107.0,25.5,2.0,1.5,1.5,0.0,81.5,7.5,72.0,6.0,7.0,2.5,4.5,0.0,15.0,11.5,24.5,15.0,93.5,16.0,98.0,21.0,7.5,5.0,1.0,0.0,2.5,0.5,2.0,0.0,81.5,64.0,709.0,5,0,0,1,1,1,1,0,0,0,1,0,0,0,162.56,165.1,125.0,23.0,30.0,0,0,0,1,0,0,0,0,0,0,0,0,0,0,0,1,0,0,0,0,1,0,0,0
Red,False,0.0,0.0,0.43,0.43,0.0,1.0,2.0,0.0,1.0,0.0,82.0,36.0,93.0,40.0,145.0,91.0,102.0,46.0,0.0,0.0,2.0,2.0,66.0,24.0,81.0,33.0,14.0,10.0,3.0,2.0,2.0,2.0,9.0,5.0,81.0,35.0,93.0,40.0,1.0,1.0,0.0,0.0,0.0,0.0,0.0,0.0,403.0,76.0,900.0,3,0,1,0,1,1,0,0,0,0,1,0,0,0,180.34,185.42,155.0,0.0,0.0,0.475,0.36,0.405,0.1,0.0,0.0,0.5,0.0,113.0,55.0,134.5,49.5,121.0,62.5,151.5,62.5,11.0,4.0,2.5,0.5,91.0,39.5,97.5,23.5,12.0,7.5,14.5,7.0,10.0,8.0,22.5,19.0,104.5,47.5,129.0,47.0,4.0,3.5,5.5,2.5,4.5,4.0,0.0,0.0,347.0,96.5,900.0,6,1,2,0,2,2,0,0,0,0,2,0,0,0,180.34,177.8,155.0,29.0,26.0,0,0,0,0,0,0,1,0,0,0,0,0,0,0,0,1,0,0,0,0,0,0,1,0
Red,False,0.0390625,0.2626953125,0.46544921875,0.55912109375,0.351953125,0.58658203125,1.064453125,2.3896484375,0.0205078125,0.50390625,70.4873046875,43.7568359375,41.9072265625,23.0185546875,110.029296875,79.8017578125,69.7978515625,48.8232421875,6.791015625,3.34375,2.908203125,1.3701171875,46.3896484375,22.8369140625,27.1005859375,12.2158203125,20.9404296875,18.623046875,10.07421875,6.2578125,3.1572265625,2.296875,4.732421875,4.544921875,15.4580078125,4.8759765625,21.0908203125,8.65234375,14.18359375,7.5673828125,13.0400390625,8.7548828125,40.845703125,31.3134765625,7.7763671875,5.611328125,355.0068359375,191.7412109375,706.5166015625,24,0,0,1,4,8,3,0,0,1,3,4,0,0,182.88,180.34,185.0,0.1649169921875,0.0703125,0.4796356201171875,0.26603271484375,0.2642431640625,0.229530029296875,0.01702880859375,0.06396484375,0.00030517578125,0.0,53.2161865234375,24.99859619140625,70.68377685546875,18.74859619140625,53.9278564453125,25.69970703125,84.30230712890625,32.3167724609375,0.3829345703125,0.2841796875,6.015869140625,1.32891845703125,30.4765625,12.331298828125,38.5181884765625,4.29327392578125,15.379638671875,9.3148193359375,16.181884765625,5.90771484375,7.3599853515625,3.35247802734375,15.98370361328125,8.547607421875,49.83551025390625,22.96893310546875,60.0867919921875,13.2548828125,2.02777099609375,0.69873046875,4.2994384765625,2.50909423828125,1.3529052734375,1.3309326171875,6.29754638671875,2.984619140625,18.01025390625,72.52923583984375,794.51953125,38,4,8,0,8,11,4,0,0,1,5,4,1,0,185.42,187.96,185.0,35.0,35.0,0,0,0,0,0,0,0,1,0,0,0,0,0,0,0,1,0,0,0,0,0,0,1,0
Red,False,0.125,0.25,0.5800000000000001,0.51625,0.3925,0.1425,0.0,0.625,0.375,0.0,76.625,44.375,56.75,29.875,136.25,99.25,116.75,85.375,2.125,1.125,8.0,1.125,64.5,33.0,39.0,17.625,7.5,7.0,8.875,6.125,4.625,4.375,8.875,6.125,59.125,29.875,47.875,22.5,9.0,7.875,5.875,4.75,8.5,6.625,3.0,2.625,183.0,320.125,861.5,11,0,2,0,2,3,1,0,0,1,1,1,0,0,185.42,193.04,170.0,0.0,0.0,0.48,0.44,0.5,0.16,1.0,0.0,0.0,0.0,232.0,113.0,212.0,95.0,238.0,119.0,223.0,104.0,2.0,1.0,12.0,2.0,203.0,93.0,163.0,67.0,19.0,13.0,18.0,11.0,10.0,7.0,31.0,17.0,206.0,94.0,177.0,75.0,23.0,17.0,35.0,20.0,3.0,2.0,0.0,0.0,42.0,213.0,900.0,3,0,1,0,1,1,0,0,0,0,1,0,0,0,198.12,195.58,185.0,27.0,25.0,0,0,0,0,0,0,0,1,0,0,0,0,0,0,0,1,0,0,0,0,1,0,0,0
Red,False,0.0,1.0,0.48,0.51,1.0,0.25,1.0,0.0,0.0,0.0,87.0,42.0,43.0,22.0,112.0,62.0,46.0,24.0,2.0,2.0,4.0,1.0,72.0,32.0,27.0,11.0,8.0,5.0,13.0,8.0,7.0,5.0,3.0,3.0,65.0,22.0,43.0,22.0,9.0,9.0,0.0,0.0,13.0,11.0,0.0,0.0,147.0,102.0,530.0,2,0,1,0,1,1,0,0,0,0,0,0,1,0,175.26,180.34,155.0,0.0,0.0,0.475,0.4449999999999999,0.5,0.165,0.0,0.5,0.0,0.0,96.5,44.0,85.0,27.0,99.5,47.0,86.5,28.0,2.0,2.0,4.5,0.5,80.0,30.5,66.5,12.5,13.0,10.0,9.5,6.5,3.5,3.5,9.0,8.0,82.0,35.0,78.5,23.5,11.0,6.5,6.5,3.5,3.5,2.5,0.0,0.0,26.5,66.5,533.5,4,1,0,1,1,1,1,0,0,0,1,0,0,0,177.8,177.8,155.0,26.0,26.0,0,0,0,0,0,0,1,0,0,0,0,0,0,0,0,1,0,0,0,0,1,0,0,0
Red,False,1.0,0.0,0.8025,0.305,0.25,0.1,0.0,0.5,0.0,0.0,55.0,41.5,40.0,18.25,94.75,76.5,74.25,48.75,1.5,0.5,3.25,0.5,33.75,20.5,32.75,12.5,7.75,7.75,4.25,3.25,13.5,13.25,3.0,2.5,21.0,12.75,20.5,3.75,15.75,15.75,7.25,6.0,18.25,13.0,12.25,8.5,417.75,128.5,676.75,7,0,1,0,1,2,1,0,0,0,1,1,0,0,185.42,185.42,205.0,0.5,0.0,0.5900000000000001,0.635,0.5,0.125,0.5,0.0,0.0,0.0,56.5,35.5,29.0,18.5,57.5,36.5,45.0,34.5,1.5,1.5,4.0,1.0,41.0,21.0,12.0,2.5,8.5,7.5,9.0,8.0,7.0,7.0,8.0,8.0,40.0,22.0,15.5,6.5,14.0,12.0,13.5,12.0,2.5,1.5,0.0,0.0,96.5,164.5,450.0,3,0,2,0,2,2,0,0,0,0,0,0,0,2,185.42,200.66,205.0,31.0,33.0,0,0,0,0,0,1,0,0,0,0,0,0,0,0,0,1,0,0,0,0,1,0,0,0
Blue,False,0.015625,0.0,0.45,0.4275,0.25,0.2,0.148468017578125,0.098388671875,0.0,0.0,66.5,29.6875,64.31230545043945,27.34375,89.75,48.0,85.53125,44.41152191162109,2.0,0.75,2.0546875,0.75,51.1875,18.3359375,49.6123046875,16.280410766601562,7.5,5.07647705078125,7.5,5.0,4.5,3.625,4.984375,3.9375,48.6875,17.0,47.11572265625,16.5,5.75,3.75,5.3125,3.4375,5.0625,3.5,3.875,2.5,99.2119140625,94.125,638.5,0,0,0,0,0,0,0,0,0,0,0,0,0,0,182.88,190.5,170.0,0.5782470703125,0.26025390625,0.57697998046875,0.444412841796875,0.0010986328125,0.09025390625,0.0,0.00048828125,0.15625,0.0,34.3232421875,18.967529296875,42.711181640625,18.5362548828125,36.89990234375,21.40966796875,55.079345703125,28.11376953125,0.0059814453125,0.0030517578125,1.449951171875,0.75830078125,26.4281005859375,13.3314208984375,37.2708740234375,13.7081298828125,7.00439453125,4.870361328125,1.8668212890625,1.8492431640625,0.8907470703125,0.7657470703125,3.573486328125,2.9788818359375,19.467529296875,6.81494140625,28.3734130859375,9.7991943359375,9.19580078125,7.220947265625,8.1546630859375,4.674560546875,5.659912109375,4.931640625,6.18310546875,4.0625,8.171630859375,84.6826171875,235.202880859375,21,0,0,1,3,6,8,0,0,1,1,4,0,0,182.88,182.88,185.0,27.0,32.0,0,0,0,0,0,0,0,1,0,0,0,0,0,0,0,1,0,0,0,0,1,0,0,0
Red,False,0.015625,0.0,0.45,0.4275,0.25,0.2,0.148468017578125,0.098388671875,0.0,0.0,66.5,29.6875,64.31230545043945,27.34375,89.75,48.0,85.53125,44.41152191162109,2.0,0.75,2.0546875,0.75,51.1875,18.3359375,49.6123046875,16.280410766601562,7.5,5.07647705078125,7.5,5.0,4.5,3.625,4.984375,3.9375,48.6875,17.0,47.11572265625,16.5,5.75,3.75,5.3125,3.4375,5.0625,3.5,3.875,2.5,99.2119140625,94.125,638.5,0,0,0,0,0,0,0,0,0,0,0,0,0,0,175.26,175.26,145.0,0.0,0.5,0.49,0.42,0.385,0.0,1.0,0.0,0.25,0.5,118.0,64.25,157.75,62.75,181.75,119.5,169.5,72.5,11.75,5.0,0.0,0.0,111.5,58.25,102.75,30.75,5.25,4.75,49.5,26.5,1.25,1.25,5.5,5.5,89.5,42.25,145.25,56.75,5.25,4.0,6.5,3.5,23.25,18.0,6.0,2.5,323.0,49.0,798.0,8,0,2,0,2,2,1,0,0,0,1,0,1,0,175.26,180.34,145.0,30.0,26.0,0,0,1,0,0,0,0,0,0,0,0,0,0,0,0,0,0,1,0,0,0,0,1,0
Blue,False,0.0391845703125,0.006103515625,0.26239013671875,0.3507861328125,0.26475830078125,0.387216796875,0.328125,0.078125,0.00146484375,0.0008544921875,133.150146484375,41.2547607421875,111.3411865234375,39.548828125,166.16455078125,73.5653076171875,144.96240234375,71.4642333984375,0.73583984375,0.3209228515625,3.8994140625,2.585693359375,119.7451171875,32.8983154296875,89.8109130859375,24.336669921875,10.388671875,5.449462890625,11.343994140625,6.6666259765625,3.016357421875,2.906982421875,10.186279296875,8.5455322265625,125.5433349609375,34.5535888671875,100.1932373046875,33.342041015625,6.07080078125,5.2628173828125,4.0260009765625,2.2020263671875,1.5360107421875,1.4383544921875,7.1219482421875,4.0047607421875,26.2823486328125,251.5150146484375,718.024658203125,29,0,2,0,2,8,6,0,0,0,1,1,6,0,185.42,185.42,145.0,0.5,0.0,0.47,0.37,0.545,0.25,0.0,1.0,0.5,0.0,73.5,35.5,59.5,26.0,154.5,110.5,68.5,35.0,6.5,1.5,1.0,0.5,57.0,23.0,45.5,14.5,12.0,8.0,8.5,7.0,4.5,4.5,5.5,4.5,56.0,20.5,57.0,23.5,1.5,1.0,2.5,2.5,16.0,14.0,0.0,0.0,569.5,10.5,900.0,6,0,0,1,1,1,1,0,0,0,1,0,0,0,172.72,175.26,145.0,29.0,24.0,0,0,1,0,0,0,0,0,0,0,0,0,0,0,0,1,0,0,0,0,1,0,0,0
Red,False,0.75,0.0,0.505,0.49,0.625,0.0925,0.0,1.0,0.25,0.0,53.75,28.5,61.75,27.75,71.5,44.75,70.75,36.25,2.0,1.75,8.25,1.5,43.75,22.25,52.5,20.5,5.0,3.0,6.25,4.75,5.0,3.25,3.0,2.5,30.5,14.25,53.0,22.0,9.5,5.25,8.25,5.5,13.75,9.0,0.5,0.25,139.5,182.5,516.5,7,0,0,1,1,1,2,0,0,0,0,1,0,0,182.88,185.42,185.0,0.0,1.0,0.32,0.41,0.2,0.0,0.0,0.0,0.0,0.0,171.0,55.0,202.0,83.0,205.0,82.0,208.0,89.0,5.0,1.0,0.0,0.0,133.0,29.0,172.0,64.0,29.0,18.0,25.0,15.0,9.0,8.0,5.0,4.0,154.0,42.0,167.0,60.0,15.0,11.0,24.0,17.0,2.0,2.0,11.0,6.0,255.0,22.0,900.0,3,1,0,1,0,0,1,0,0,0,0,0,0,0,185.42,193.04,170.0,24.0,24.0,0,0,0,0,0,0,0,1,0,0,0,0,0,0,0,1,0,0,0,0,1,0,0,0
Blue,False,0.0,0.0,0.66,0.6,1.0,1.0,1.0,1.0,0.0,0.0,15.0,10.0,83.0,50.0,20.0,14.0,166.0,114.0,1.0,1.0,3.0,3.0,8.0,3.0,78.0,45.0,4.0,4.0,1.0,1.0,3.0,3.0,4.0,4.0,8.0,4.0,9.0,6.0,5.0,5.0,2.0,1.0,2.0,1.0,72.0,43.0,21.0,472.0,537.0,2,0,0,1,0,0,1,0,0,0,0,0,0,0,154.94,157.48,115.0,0.0,0.0,0.55,0.6,0.5,0.0,0.0,3.0,1.0,2.0,61.0,34.0,73.0,44.0,158.0,115.0,223.0,161.0,2.0,1.0,3.0,0.0,58.0,31.0,61.0,33.0,2.0,2.0,9.0,8.0,1.0,1.0,3.0,3.0,50.0,24.0,47.0,23.0,1.0,0.0,13.0,11.0,10.0,10.0,13.0,10.0,363.0,405.0,900.0,3,0,0,1,0,0,1,0,0,0,0,0,0,0,160.02,160.02,135.0,22.0,36.0,0,0,0,0,0,0,0,0,0,0,1,0,0,0,0,1,0,0,0,0,1,0,0,0
Red,False,0.5,0.0,0.5900000000000001,0.6087500000000001,0.25,0.04,0.0,0.125,0.0,0.0,44.75,25.375,27.5,15.625,53.875,33.375,33.0,20.25,1.125,0.5,1.875,0.25,41.625,22.625,22.125,10.25,2.375,2.0,3.375,3.375,0.75,0.75,2.0,2.0,28.625,13.0,19.0,9.75,7.125,4.5,8.5,5.875,9.0,7.875,0.0,0.0,88.5,100.5,340.625,8,0,1,0,2,3,1,0,0,0,0,3,0,0,182.88,190.5,260.0,0.50994873046875,0.30078125,0.8714556884765625,0.7997146606445312,0.1298367309570312,7.32421875e-05,0.22021484375,0.0,0.0,3.0517578125e-05,9.73931884765625,5.533294677734375,15.14862060546875,7.277099609375,11.87567138671875,7.652679443359375,16.298980712890625,8.176483154296875,1.710784912109375,0.522308349609375,0.034271240234375,0.000732421875,7.524932861328125,3.760009765625,12.388458251953123,4.832733154296875,1.462646484375,1.1632080078125,1.985931396484375,1.673095703125,0.751739501953125,0.610076904296875,0.77423095703125,0.771270751953125,6.497650146484375,2.904205322265625,11.552734375,4.17486572265625,1.961151123046875,1.395416259765625,3.307708740234375,2.8924560546875,1.280517578125,1.233673095703125,0.288177490234375,0.20977783203125,39.54400634765625,5.208099365234375,117.95199584960938,25,1,4,0,4,10,6,0,0,0,0,6,4,0,187.96,193.04,242.0,28.0,34.0,0,0,0,0,1,0,0,0,0,0,0,0,0,0,0,0,0,1,0,0,1,0,0,0
Red,False,0.015625,0.0,0.45,0.4275,0.25,0.2,0.148468017578125,0.098388671875,0.0,0.0,66.5,29.6875,64.31230545043945,27.34375,89.75,48.0,85.53125,44.41152191162109,2.0,0.75,2.0546875,0.75,51.1875,18.3359375,49.6123046875,16.280410766601562,7.5,5.07647705078125,7.5,5.0,4.5,3.625,4.984375,3.9375,48.6875,17.0,47.11572265625,16.5,5.75,3.75,5.3125,3.4375,5.0625,3.5,3.875,2.5,99.2119140625,94.125,638.5,0,0,0,0,0,0,0,0,0,0,0,0,0,0,167.64,170.18,125.0,1.125,0.0,0.33125,0.37,0.1875,0.165,0.0,0.0,0.0,0.0,138.125,47.625,163.5,75.875,146.375,55.875,191.75,103.125,3.0,0.75,9.375,2.5,105.375,25.0,111.625,45.0,24.125,15.625,26.25,16.25,8.625,7.0,25.625,14.625,123.0,36.125,116.25,36.375,11.75,8.25,44.75,38.0,3.375,3.25,2.5,1.5,83.375,172.75,1020.5,11,2,3,0,3,3,1,0,0,0,1,2,0,0,160.02,167.64,135.0,25.0,29.0,0,0,0,1,0,0,0,0,0,0,0,0,0,0,0,0,0,1,0,0,1,0,0,0
Red,False,0.011962890625,0.40625,0.3564875793457031,0.4606857299804687,0.2329191589355468,0.08675048828125,0.5318222045898438,0.2559051513671875,0.00079345703125,0.0039215087890625,139.95336151123047,51.02410125732422,159.07704162597656,72.0570297241211,154.84415435791016,62.75677490234375,167.81397247314453,79.6280517578125,5.850143432617188,1.2952423095703125,2.3285675048828125,0.582366943359375,108.19024658203124,27.62690734863281,128.5134506225586,49.09173583984375,23.30217742919922,16.250709533691406,23.177291870117188,18.37391662597656,8.4609375,7.146484375,7.386299133300781,4.591377258300781,127.54011535644533,45.21321868896485,145.31917572021484,64.18437194824219,7.3446044921875,2.68609619140625,9.627891540527344,5.86181640625,5.068641662597656,3.124786376953125,4.129974365234375,2.0108413696289062,84.94686126708984,48.424583435058594,906.328254699707,49,2,6,0,6,13,5,0,0,2,6,5,0,0,177.8,182.88,170.0,0.0,0.0,0.22,0.4,1.0,0.0,0.0,0.0,0.0,0.0,191.0,43.0,166.0,68.0,204.0,56.0,191.0,92.0,1.0,1.0,4.0,0.0,155.0,16.0,110.0,20.0,20.0,16.0,22.0,20.0,16.0,11.0,34.0,28.0,174.0,34.0,150.0,58.0,14.0,8.0,13.0,8.0,3.0,1.0,3.0,2.0,51.0,87.0,1500.0,5,1,0,1,0,0,1,0,0,0,0,0,0,0,175.26,185.42,145.0,31.0,31.0,0,0,0,0,0,0,1,0,0,0,0,0,0,0,0,0,0,1,0,0,1,0,0,0
Blue,False,0.5,0.0,0.4625,0.4575,0.125,0.3,0.0,0.0,0.0,0.0,75.25,35.0,72.25,33.5,115.75,72.75,88.5,48.25,2.5,0.5,4.75,1.5,62.5,25.25,48.25,14.75,9.25,7.75,13.0,10.0,3.5,2.0,11.0,8.75,66.25,29.25,60.25,24.5,5.0,3.0,9.0,7.0,4.0,2.75,3.0,2.0,162.0,132.25,729.5,7,0,0,1,1,1,2,0,0,0,0,1,0,0,175.26,180.34,185.0,0.029296875,0.50250244140625,0.5347991943359376,0.397725830078125,0.34938232421875,0.1283258056640625,0.38427734375,0.5751953125,0.03143310546875,0.0009765625,42.728271484375,22.76678466796875,35.2642822265625,13.57818603515625,52.8927001953125,31.79931640625,50.305419921875,27.52191162109375,1.34600830078125,1.15399169921875,2.88372802734375,0.8140869140625,32.49774169921875,14.17242431640625,30.77587890625,9.78948974609375,2.89501953125,1.90771484375,2.24090576171875,1.82440185546875,7.33551025390625,6.6866455078125,2.24749755859375,1.96429443359375,32.45501708984375,15.29730224609375,30.3641357421875,10.64300537109375,2.14593505859375,1.62548828125,1.5242919921875,0.88201904296875,8.1273193359375,5.843994140625,3.3758544921875,2.05316162109375,137.24853515625,88.8349609375,478.107666015625,33,1,4,0,4,10,5,0,0,0,4,4,2,0,182.88,187.96,185.0,35.0,34.0,0,0,0,0,0,0,0,0,0,1,0,0,0,0,0,0,0,1,0,0,1,0,0,0
Red,True,1.2490234375,0.25,0.532900390625,0.3744140625,0.5390625,0.100625,0.0,0.0,0.0,0.0,122.7060546875,64.2724609375,115.5869140625,46.193359375,130.2626953125,70.9345703125,147.4033203125,73.509765625,0.84375,0.578125,9.025390625,2.7890625,97.2451171875,44.869140625,97.537109375,32.4912109375,21.75,16.2119140625,9.306640625,8.033203125,3.7109375,3.19140625,8.7431640625,5.6689453125,107.9248046875,54.5283203125,89.892578125,27.1064453125,9.2626953125,5.41015625,13.4443359375,9.8369140625,5.5185546875,4.333984375,12.25,9.25,63.8876953125,213.083984375,914.5419921875,24,3,9,0,9,10,1,0,0,0,2,8,0,0,193.04,195.58,238.0,0.8310546875,0.0625,0.576025390625,0.389873046875,0.23513671875,0.0116015625,0.0078125,0.001953125,0.0,0.0,81.2236328125,42.84375,38.1279296875,15.82421875,116.87109375,72.9150390625,41.7177734375,19.283203125,9.5869140625,2.9755859375,0.3564453125,0.03515625,71.7802734375,34.048828125,28.9267578125,9.21875,7.435546875,6.880859375,9.0625,6.46875,2.0078125,1.9140625,0.138671875,0.13671875,40.7587890625,12.9306640625,32.4423828125,11.892578125,14.078125,10.509765625,5.224609375,3.666015625,26.38671875,19.4033203125,0.4609375,0.265625,249.4501953125,18.86328125,464.0078125,19,4,7,0,7,10,1,0,0,0,2,8,0,0,185.42,195.58,240.0,29.0,31.0,0,0,0,0,1,0,0,0,0,0,0,0,0,0,0,1,0,0,0,0,1,0,0,0
Red,False,0.0,0.564453125,0.4468359375,0.42814453125,0.4412109374999999,0.015947265625,0.470703125,0.572265625,0.6416015625,0.0234375,96.2744140625,41.453125,73.251953125,29.87890625,128.806640625,66.646484375,91.25390625,42.958984375,5.87890625,2.5654296875,3.0888671875,0.0166015625,84.810546875,31.869140625,58.7392578125,21.3515625,7.5859375,5.8779296875,13.87109375,8.0732421875,3.8779296875,3.7060546875,0.6416015625,0.4541015625,71.767578125,26.04296875,63.7490234375,23.96875,4.0537109375,2.4169921875,1.54296875,1.3544921875,20.453125,12.9931640625,7.9599609375,4.5556640625,293.40625,93.1826171875,769.353515625,20,1,0,1,3,7,4,0,0,1,3,1,2,0,187.96,193.04,185.0,0.3134765625,0.0,0.5299267578125,0.5166064453125,0.258134765625,0.35818359375,1.63671875,1.017578125,0.515625,0.0,55.58203125,29.2138671875,88.216796875,48.2421875,78.33740234375,49.83837890625,136.53173828125,91.6552734375,5.11865234375,1.24658203125,5.76708984375,2.85205078125,29.45654296875,11.38671875,65.00634765625,29.20751953125,18.5537109375,10.96728515625,20.171875,17.3818359375,7.57177734375,6.85986328125,3.03857421875,1.65283203125,37.12060546875,16.59912109375,31.5048828125,8.48193359375,15.630859375,10.67724609375,15.14013671875,8.283203125,2.83056640625,1.9375,41.57177734375,31.47705078125,154.1611328125,369.50634765625,837.74755859375,30,0,1,0,4,7,5,0,0,1,3,3,0,0,182.88,187.96,185.0,30.0,32.0,0,0,0,0,0,0,0,1,0,0,0,0,0,0,0,1,0,0,0,0,1,0,0,0
Red,False,0.44140625,0.00390625,0.299453125,0.58759765625,0.0166015625,0.0678125,0.03125,0.0,0.0,0.0,75.84375,16.666015625,98.384765625,60.01953125,79.439453125,19.67578125,112.611328125,73.1640625,0.6953125,0.033203125,4.1171875,0.55078125,71.328125,14.095703125,86.357421875,48.5703125,2.72265625,0.80859375,4.21875,3.67578125,1.79296875,1.76171875,7.80859375,7.7734375,71.353515625,14.8046875,80.662109375,45.650390625,3.234375,0.78515625,17.13671875,13.787109375,1.255859375,1.076171875,0.5859375,0.58203125,45.88671875,70.953125,556.15625,20,1,2,0,3,6,4,0,0,0,0,6,0,0,182.88,185.42,263.0,0.0,0.0,0.61,0.4,0.0,0.0,0.0,0.0,0.0,0.0,96.0,59.0,60.0,24.0,139.0,102.0,89.0,53.0,1.0,0.0,0.0,0.0,57.0,27.0,38.0,5.0,30.0,23.0,17.0,14.0,9.0,9.0,5.0,5.0,32.0,10.0,44.0,13.0,64.0,49.0,15.0,10.0,0.0,0.0,1.0,1.0,454.0,18.0,900.0,3,0,1,0,1,1,0,0,0,0,1,0,0,0,180.34,182.88,235.0,37.0,34.0,0,0,0,0,1,0,0,0,0,0,0,0,0,0,0,1,0,0,0,0,1,0,0,0
Blue,False,0.0,0.0,0.38,0.08,0.6,0.0,0.0,0.0,0.0,0.0,99.0,38.0,57.0,5.0,118.0,57.0,76.0,24.0,10.0,6.0,0.0,0.0,53.0,12.0,44.0,1.0,9.0,5.0,4.0,1.0,37.0,21.0,9.0,3.0,77.0,26.0,53.0,4.0,16.0,10.0,4.0,1.0,6.0,2.0,0.0,0.0,269.0,0.0,900.0,3,0,1,0,1,1,0,0,0,0,1,0,0,0,187.96,193.04,170.0,0.75,0.03125,0.678125,0.5746875,0.5484375,0.370625,3.46875,0.25,0.09375,0.5,21.65625,12.875,24.4375,15.625,28.09375,18.375,42.90625,31.96875,3.375,1.25,2.34375,1.0625,17.0625,8.625,17.15625,10.75,2.9375,2.65625,4.15625,2.3125,1.65625,1.59375,3.125,2.5625,12.21875,5.34375,9.8125,4.40625,3.0,2.6875,5.25,3.6875,6.4375,4.84375,9.375,7.53125,99.84375,228.90625,459.46875,11,0,1,0,2,4,2,0,0,0,1,0,3,0,180.34,190.5,170.0,26.0,25.0,0,0,0,0,0,0,0,0,0,1,0,0,0,0,0,1,0,0,0,0,1,0,0,0
Red,False,0.0,0.0,0.445,0.5700000000000001,0.345,0.5,0.5,0.5,0.0,1.5,39.0,17.5,33.5,18.0,62.5,37.5,48.0,31.5,7.0,2.5,0.5,0.5,27.5,8.0,25.0,11.0,5.0,4.5,6.5,5.5,6.5,5.0,2.0,1.5,29.0,10.0,24.0,11.5,9.0,7.0,7.5,4.5,1.0,0.5,2.0,2.0,206.0,119.5,519.5,4,0,1,0,1,1,1,0,0,0,0,0,1,0,177.8,177.8,155.0,0.125,0.5,0.305,0.3087499999999999,0.3325,0.0,0.25,0.0,0.0,0.0,161.0,44.25,142.25,47.625,162.5,45.5,142.375,47.75,1.125,0.5,1.75,0.0,133.625,26.125,98.375,22.625,11.25,5.875,29.0,13.5,16.125,12.25,14.875,11.5,155.75,41.375,140.125,47.125,4.5,2.25,2.125,0.5,0.75,0.625,0.0,0.0,12.0,1.25,741.75,8,1,3,0,3,3,1,0,0,0,1,1,0,1,180.34,193.04,155.0,32.0,29.0,0,0,0,0,0,0,1,0,0,0,0,0,0,0,0,1,0,0,0,0,1,0,0,0
Blue,False,0.015625,0.0,0.45,0.4275,0.25,0.2,0.148468017578125,0.098388671875,0.0,0.0,66.5,29.6875,64.31230545043945,27.34375,89.75,48.0,85.53125,44.41152191162109,2.0,0.75,2.0546875,0.75,51.1875,18.3359375,49.6123046875,16.280410766601562,7.5,5.07647705078125,7.5,5.0,4.5,3.625,4.984375,3.9375,48.6875,17.0,47.11572265625,16.5,5.75,3.75,5.3125,3.4375,5.0625,3.5,3.875,2.5,99.2119140625,94.125,638.5,0,0,0,0,0,0,0,0,0,0,0,0,0,0,180.34,187.96,145.0,0.5,1.0,0.4599999999999999,0.35,0.14,0.0,0.0,0.0,0.0,0.0,68.5,32.5,69.5,24.5,72.5,36.0,73.5,28.5,3.5,1.0,0.0,0.0,62.0,28.0,63.0,18.0,4.5,3.0,3.0,3.0,2.0,1.5,3.5,3.5,55.0,25.5,60.0,20.0,10.5,5.0,7.5,2.5,3.0,2.0,2.0,2.0,102.5,4.5,366.0,4,0,0,2,0,0,2,0,0,0,0,0,0,0,177.8,177.8,145.0,23.0,29.0,0,0,1,0,0,0,0,0,0,0,0,0,0,0,0,1,0,0,0,0,1,0,0,0
Blue,False,0.015625,0.0,0.45,0.4275,0.25,0.2,0.148468017578125,0.098388671875,0.0,0.0,66.5,29.6875,64.31230545043945,27.34375,89.75,48.0,85.53125,44.41152191162109,2.0,0.75,2.0546875,0.75,51.1875,18.3359375,49.6123046875,16.280410766601562,7.5,5.07647705078125,7.5,5.0,4.5,3.625,4.984375,3.9375,48.6875,17.0,47.11572265625,16.5,5.75,3.75,5.3125,3.4375,5.0625,3.5,3.875,2.5,99.2119140625,94.125,638.5,0,0,0,0,0,0,0,0,0,0,0,0,0,0,165.1,167.64,125.0,0.0,0.0625,0.67875,0.64625,0.4375,0.75,3.8125,0.25,0.5,1.75,30.6875,18.6875,43.8125,27.625,58.375,40.875,87.3125,62.5,1.9375,0.8125,1.375,1.0,23.0625,12.6875,34.8125,19.4375,3.625,3.0,3.6875,3.0,4.0,3.0,5.3125,5.1875,19.5,9.3125,23.3125,11.3125,2.125,2.0625,3.8125,3.6875,9.0625,7.3125,16.6875,12.625,186.8125,447.1875,804.375,11,0,0,1,1,1,4,0,0,0,0,0,1,0,175.26,187.96,135.0,23.0,26.0,1,0,0,0,0,0,0,0,0,0,0,0,0,0,0,1,0,0,0,0,1,0,0,0
Blue,False,0.0,0.0,0.34,0.51,0.0,0.57,0.0,0.0,0.0,0.0,122.0,42.0,152.0,78.0,136.0,56.0,213.0,130.0,0.0,0.0,7.0,4.0,71.0,17.0,115.0,51.0,28.0,13.0,23.0,15.0,23.0,12.0,14.0,12.0,121.0,41.0,112.0,51.0,1.0,1.0,6.0,5.0,0.0,0.0,34.0,22.0,0.0,348.0,900.0,3,0,0,1,0,0,1,0,0,0,0,0,0,0,177.8,177.8,155.0,0.03125,1.53125,0.2280859375,0.370703125,0.13443359375,0.0390625,0.19921875,0.03125,0.017578125,0.068359375,99.9375,25.607421875,90.294921875,37.296875,103.05859375,28.408203125,94.40625,41.154296875,5.47265625,0.791015625,0.69140625,0.140625,86.40234375,19.83984375,74.037109375,23.3671875,10.99609375,4.478515625,8.935546875,7.75,2.5390625,1.2890625,7.322265625,6.1796875,94.236328125,23.095703125,81.087890625,30.3671875,4.79296875,1.802734375,7.462890625,5.6640625,0.908203125,0.708984375,1.744140625,1.265625,77.49609375,25.654296875,526.06640625,22,0,7,0,7,7,3,0,0,0,2,1,4,0,177.8,180.34,155.0,30.0,36.0,0,0,0,0,0,0,1,0,0,0,0,0,0,0,0,1,0,0,0,0,1,0,0,0
Red,False,0.75,0.0625,0.4393749999999999,0.38875,0.43875,0.0,0.4375,0.0625,0.0,0.0,46.6875,23.8125,27.9375,10.375,54.5625,31.125,33.0625,14.9375,3.0625,1.4375,0.25,0.0,36.625,16.25,22.25,6.375,3.6875,2.75,3.3125,2.0625,6.375,4.8125,2.375,1.9375,31.5,11.5625,22.375,6.75,5.5,4.0,5.0,3.25,9.6875,8.25,0.5625,0.375,128.75,0.1875,295.0,8,1,0,1,4,4,1,0,0,0,1,2,1,0,167.64,170.18,125.0,0.125,0.0625,0.3868749999999999,0.38,0.323125,0.0,0.5,0.0625,0.0,0.0,81.0625,31.5,60.4375,17.125,90.3125,40.125,68.6875,25.3125,4.5,1.6875,1.375,0.0,59.0625,15.9375,43.4375,4.9375,8.9375,6.0,6.875,3.25,13.0625,9.5625,10.125,8.9375,65.375,20.625,57.1875,14.75,6.3125,3.8125,3.25,2.375,9.375,7.0625,0.0,0.0,146.8125,1.625,536.875,11,0,0,1,4,4,1,0,0,0,2,1,1,0,165.1,167.64,135.0,27.0,31.0,1,0,0,0,0,0,0,0,0,0,0,0,0,0,0,1,0,0,0,0,1,0,0,0
Red,False,0.0,0.390625,0.379609375,0.521953125,0.166640625,0.119609375,0.0,0.0,0.00390625,0.0,168.0625,61.23046875,138.4609375,70.76171875,261.33203125,143.8046875,165.27734375,95.31640625,2.7421875,0.3515625,3.78515625,1.01171875,135.2734375,33.80078125,114.40625,50.71484375,20.7578125,16.0234375,13.94140625,11.0703125,12.03125,11.40625,10.11328125,8.9765625,134.4140625,32.1796875,119.2890625,56.73828125,32.26171875,28.01171875,13.8984375,10.69140625,1.38671875,1.0390625,5.2734375,3.33203125,332.09765625,133.53125,811.82421875,24,0,2,0,2,3,6,0,0,0,1,2,0,0,185.42,190.5,185.0,0.0625,0.25,0.565,0.5874999999999999,0.3125,0.443125,0.25,0.25,0.0625,0.0,118.3125,75.1875,86.375,49.25,165.6875,118.8125,103.125,63.75,1.3125,0.625,5.6875,2.1875,74.625,39.1875,69.75,35.6875,43.625,35.9375,10.0,7.875,0.0625,0.0625,6.625,5.6875,65.5625,31.125,45.625,20.25,46.8125,38.8125,15.125,11.5625,5.9375,5.25,25.625,17.4375,138.375,298.125,809.25,14,0,1,0,1,2,3,0,0,0,1,1,0,0,185.42,190.5,205.0,31.0,33.0,0,0,0,0,0,1,0,0,0,0,0,0,0,0,0,1,0,0,0,0,1,0,0,0
Blue,False,0.015625,0.0,0.45,0.4275,0.25,0.2,0.148468017578125,0.098388671875,0.0,0.0,66.5,29.6875,64.31230545043945,27.34375,89.75,48.0,85.53125,44.41152191162109,2.0,0.75,2.0546875,0.75,51.1875,18.3359375,49.6123046875,16.280410766601562,7.5,5.07647705078125,7.5,5.0,4.5,3.625,4.984375,3.9375,48.6875,17.0,47.11572265625,16.5,5.75,3.75,5.3125,3.4375,5.0625,3.5,3.875,2.5,99.2119140625,94.125,638.5,0,0,0,0,0,0,0,0,0,0,0,0,0,0,185.42,195.58,170.0,0.0,0.0,0.37,0.5449999999999999,0.8300000000000001,0.0,1.5,0.0,0.0,0.5,80.0,28.5,70.0,39.0,102.0,47.5,85.0,52.0,3.0,2.5,3.5,0.0,62.5,13.5,38.0,16.5,15.5,13.0,17.5,10.0,2.0,2.0,14.5,12.5,75.5,26.0,67.0,37.0,3.0,2.0,2.0,2.0,1.5,0.5,1.0,0.0,134.5,75.5,679.5,5,0,2,0,2,2,0,0,0,0,1,0,1,0,187.96,198.12,185.0,32.0,30.0,0,0,0,0,0,0,0,0,0,1,0,0,0,0,0,1,0,0,0,0,1,0,0,0
Red,False,0.62890625,0.125,0.4107958984375,0.4003125,0.1562890625,0.1470703125,0.0078125,0.12548828125,0.0,0.0,45.4765625,18.70458984375,62.80859375,24.103515625,70.5439453125,40.328125,121.927734375,76.09375,6.12158203125,1.75146484375,0.3330078125,0.197265625,39.4541015625,13.68017578125,47.07275390625,10.7607421875,3.6357421875,2.89453125,14.22705078125,11.9150390625,2.38671875,2.1298828125,1.5087890625,1.427734375,26.16650390625,7.63720703125,44.08349609375,11.5576171875,11.33203125,7.00439453125,18.1865234375,12.0078125,7.97802734375,4.06298828125,0.53857421875,0.5380859375,352.5625,24.09130859375,613.681640625,33,0,1,0,4,9,3,0,0,1,4,3,1,0,172.72,180.34,170.0,0.0625,1.0634765625,0.356171875,0.438759765625,0.3169140625,0.037109375,0.5078125,0.275390625,0.07421875,0.0625,15.0673828125,7.8505859375,40.6005859375,20.1025390625,21.6513671875,13.4326171875,44.87109375,24.275390625,0.6220703125,0.3955078125,0.041015625,0.041015625,9.4580078125,2.9658203125,38.2119140625,18.89453125,1.5126953125,1.4453125,2.05078125,1.0029296875,4.0966796875,3.439453125,0.337890625,0.205078125,12.7861328125,6.4921875,25.0322265625,10.3173828125,0.38671875,0.255859375,1.5146484375,1.00390625,1.89453125,1.1025390625,14.0537109375,8.78125,25.8232421875,65.7978515625,258.59765625,19,0,1,0,3,7,4,0,0,0,2,0,5,0,172.72,180.34,170.0,33.0,33.0,0,0,0,0,0,0,0,0,0,1,0,0,0,0,0,1,0,0,0,0,1,0,0,0
Red,False,0.0078125,0.2520751953125,0.507823486328125,0.365396728515625,0.450013427734375,0.015625,0.0,0.0001220703125,0.0,0.0,107.066650390625,59.7286376953125,94.1492919921875,34.58447265625,145.6295166015625,90.2685546875,101.99755859375,40.947265625,8.133544921875,3.2607421875,0.173828125,0.015625,95.2626953125,52.6676025390625,70.2197265625,19.1221923828125,1.5289306640625,0.5555419921875,19.438720703125,11.4859619140625,10.2750244140625,6.5054931640625,4.4908447265625,3.976318359375,62.6553955078125,22.7193603515625,81.206787109375,25.9927978515625,2.517333984375,1.5740966796875,6.607177734375,4.257568359375,41.8939208984375,35.4351806640625,6.3353271484375,4.3341064453125,208.4112548828125,14.5819091796875,785.1458740234375,31,0,3,0,5,10,4,0,1,0,3,5,0,0,185.42,193.04,205.0,0.5166015625,0.39453125,0.511455078125,0.33298828125,0.31494140625,0.15017578125,0.3173828125,0.0009765625,0.0,0.0,84.08984375,43.1650390625,88.9560546875,27.865234375,107.2763671875,62.84375,92.7451171875,30.4970703125,0.4609375,0.4404296875,1.66015625,0.3974609375,57.4443359375,22.0302734375,76.6435546875,19.5810546875,10.6494140625,6.61328125,6.240234375,3.1650390625,15.99609375,14.521484375,6.072265625,5.119140625,63.947265625,29.6328125,79.61328125,22.8466796875,12.72265625,8.5849609375,8.224609375,4.7646484375,7.419921875,4.947265625,1.1181640625,0.25390625,65.7353515625,114.3154296875,513.0224609375,20,0,4,0,4,6,5,0,0,0,0,6,0,0,187.96,187.96,205.0,37.0,30.0,0,0,0,0,0,1,0,0,0,0,0,0,0,0,0,1,0,0,0,0,1,0,0,0
Blue,False,0.0625,0.03125,0.5052050781249999,0.315390625,0.4548730468749999,0.05845703125,1.0087890625,0.05078125,0.01953125,0.046875,49.384765625,22.1123046875,24.8232421875,6.197265625,148.3349609375,116.3115234375,38.708984375,19.3193359375,5.0009765625,2.525390625,0.56640625,0.1494140625,41.2734375,15.6904296875,20.205078125,3.931640625,4.193359375,3.599609375,2.2861328125,0.7470703125,3.91796875,2.822265625,2.33203125,1.5185546875,16.177734375,6.5517578125,21.35546875,4.28515625,0.7451171875,0.7431640625,1.4697265625,0.9658203125,32.4619140625,14.8173828125,1.998046875,0.9462890625,545.994140625,22.1806640625,770.5439453125,29,0,2,0,3,8,3,0,0,1,6,1,0,0,187.96,193.04,170.0,0.0625,0.0,0.3087499999999999,0.221875,0.165,0.1825,1.25,0.5,0.0,0.25,11.6875,6.75,37.6875,21.125,13.5,8.5,65.6875,46.0,0.75,0.5,3.75,1.625,7.625,3.8125,31.4375,17.625,3.3125,2.1875,4.375,2.625,0.75,0.75,1.875,0.875,4.75,2.0,7.6875,1.75,3.875,2.125,7.25,4.125,3.0625,2.625,22.75,15.25,57.9375,153.5,298.9375,7,0,1,0,1,3,2,0,0,0,0,1,2,0,182.88,187.96,170.0,31.0,29.0,0,0,0,0,0,0,0,0,0,1,0,0,0,0,0,0,0,1,0,0,1,0,0,0
Blue,False,0.0,0.0625,0.4484375,0.528125,0.118125,0.333125,0.0,0.09375,0.0,0.0,157.15625,63.90625,81.96875,43.6875,221.28125,122.59375,117.09375,78.03125,13.46875,1.125,0.84375,0.5625,81.96875,14.21875,49.28125,13.8125,49.78125,32.4375,26.5625,24.25,25.40625,17.25,6.125,5.625,107.21875,32.28125,52.15625,18.1875,45.75,28.4375,27.5625,24.15625,4.1875,3.1875,2.25,1.34375,301.6875,138.0625,865.8125,18,1,1,0,1,3,3,0,0,2,1,0,0,0,182.88,182.88,170.0,0.0,0.00244140625,0.6735885620117187,0.5049377441406251,0.413985595703125,0.047843017578125,1.79364013671875,0.515869140625,0.0001220703125,0.007904052734375,25.49530029296875,12.31072998046875,24.649932861328125,9.962371826171877,59.507904052734375,42.52838134765625,48.00289916992188,28.48712158203125,11.17852783203125,4.563079833984375,0.515777587890625,0.296905517578125,20.0062255859375,7.960479736328125,19.75311279296875,6.107818603515625,3.0040283203125,2.018096923828125,2.816741943359375,1.907562255859375,2.48504638671875,2.3321533203125,2.080078125,1.946990966796875,14.62762451171875,3.96630859375,20.71615600585937,7.2337646484375,4.129486083984375,2.62518310546875,2.434814453125,1.334228515625,6.738189697265625,5.71923828125,1.49896240234375,1.394378662109375,449.9739990234375,29.0985107421875,606.2979431152344,37,1,5,0,5,12,4,0,0,0,5,1,6,0,185.42,182.88,170.0,34.0,35.0,0,0,0,0,0,0,0,0,0,1,0,0,0,0,0,1,0,0,0,0,0,0,1,0
Red,False,0.0,0.5,0.39625,0.4225,0.2075,0.48125,1.25,1.0,0.25,0.375,79.0,28.0,65.125,27.75,141.0,84.75,76.75,37.875,0.875,0.5,3.875,1.75,62.75,15.875,55.375,20.125,13.125,10.625,5.75,4.0,3.125,1.5,4.0,3.625,54.5,13.375,40.25,14.25,17.25,10.5,13.625,7.375,7.25,4.125,11.25,6.125,85.5,312.625,687.5,11,0,0,2,1,1,3,0,0,0,1,0,0,0,182.88,190.5,170.0,0.0471682548522949,0.0,0.45,0.4217682266235352,0.25,0.19173828125,0.1875,0.125,0.0,0.0,69.5,30.5,66.984375,27.8466796875,94.0,48.544921875,88.50390625,44.75,2.0,0.8125,2.015625,0.6640625,54.0,19.01513671875,51.483436584472656,16.9437255859375,7.91796875,5.430633544921875,7.75,5.0625,4.780975341796875,3.9373779296875,4.8994140625,3.84375,51.025390625,18.400863647460938,50.515625,17.5,5.75,3.75,5.5,3.5,5.375,3.6875,4.0,2.65625,104.865234375,89.5,655.8441009521484,0,0,0,0,0,0,0,0,0,0,0,0,0,0,180.34,185.42,155.0,33.0,30.0,0,0,0,0,0,0,0,0,0,1,0,0,0,0,0,1,0,0,0,0,1,0,0,0
Blue,False,0.0,0.0,0.36328125,0.36375,0.71203125,0.5678125,0.53125,0.3125,0.0625,0.0,100.125,37.171875,50.390625,18.125,129.578125,65.59375,71.234375,37.59375,2.03125,1.203125,6.078125,2.890625,76.890625,21.59375,38.453125,10.1875,19.125,12.09375,7.921875,4.453125,4.109375,3.484375,4.015625,3.484375,72.4375,18.9375,40.96875,11.65625,14.953125,11.296875,4.609375,2.9375,12.734375,6.9375,4.8125,3.53125,100.890625,358.734375,842.75,21,0,1,0,3,4,3,0,0,1,3,0,0,0,160.02,162.56,125.0,0.0,0.0,0.275,0.455,0.07,0.1,0.0,0.0,0.0,0.0,91.0,23.0,131.5,55.5,93.5,25.0,141.0,63.5,4.5,0.5,2.5,0.5,81.0,16.0,86.5,25.0,6.5,3.5,16.5,8.5,3.5,3.5,28.5,22.0,87.0,21.5,118.5,48.5,3.0,0.5,4.5,2.0,1.0,1.0,8.5,5.0,31.5,33.0,525.5,4,0,0,2,0,0,2,0,0,0,0,0,0,0,165.1,170.18,125.0,32.0,33.0,0,0,0,1,0,0,0,0,0,0,0,0,0,0,0,0,0,1,0,0,1,0,0,0
Red,False,0.015625,0.0,0.45,0.4275,0.25,0.2,0.148468017578125,0.098388671875,0.0,0.0,66.5,29.6875,64.31230545043945,27.34375,89.75,48.0,85.53125,44.41152191162109,2.0,0.75,2.0546875,0.75,51.1875,18.3359375,49.6123046875,16.280410766601562,7.5,5.07647705078125,7.5,5.0,4.5,3.625,4.984375,3.9375,48.6875,17.0,47.11572265625,16.5,5.75,3.75,5.3125,3.4375,5.0625,3.5,3.875,2.5,99.2119140625,94.125,638.5,0,0,0,0,0,0,0,0,0,0,0,0,0,0,182.88,182.88,155.0,0.0471682548522949,0.0,0.45,0.4217682266235352,0.25,0.19173828125,0.1875,0.125,0.0,0.0,69.5,30.5,66.984375,27.8466796875,94.0,48.544921875,88.50390625,44.75,2.0,0.8125,2.015625,0.6640625,54.0,19.01513671875,51.483436584472656,16.9437255859375,7.91796875,5.430633544921875,7.75,5.0625,4.780975341796875,3.9373779296875,4.8994140625,3.84375,51.025390625,18.400863647460938,50.515625,17.5,5.75,3.75,5.5,3.5,5.375,3.6875,4.0,2.65625,104.865234375,89.5,655.8441009521484,0,0,0,0,0,0,0,0,0,0,0,0,0,0,180.34,187.96,155.0,32.0,30.0,0,0,0,0,0,0,1,0,0,0,0,0,0,0,0,1,0,0,0,0,0,0,1,0
Blue,False,0.375,0.0,0.5462499999999999,0.30625,0.42625,0.52,1.125,0.0,0.0,0.0,50.0,24.5,33.875,11.125,69.0,40.0,42.125,17.5,16.25,10.875,1.5,0.625,42.5,19.125,28.625,7.0,4.5,2.75,4.75,3.625,3.0,2.625,0.5,0.5,25.5,8.0,27.75,6.25,4.0,2.625,3.625,3.375,20.5,13.875,2.5,1.5,395.75,51.25,682.25,10,0,4,0,4,4,0,0,0,0,2,1,1,0,177.8,177.8,155.0,0.0,0.0,0.525,0.47,0.355,0.5,1.0,0.5,0.0,0.5,60.5,33.0,40.0,19.0,108.5,77.5,59.5,38.0,4.0,2.5,0.5,0.5,50.0,24.5,33.5,14.0,8.0,6.5,3.0,2.0,2.5,2.0,3.5,3.0,32.0,14.5,25.5,8.0,13.5,10.0,6.5,3.5,15.0,8.5,8.0,7.5,220.0,124.5,499.5,4,0,0,2,0,0,2,0,0,0,0,0,0,0,182.88,182.88,155.0,25.0,30.0,0,0,0,0,0,0,1,0,0,0,0,0,0,0,0,1,0,0,0,0,1,0,0,0
Blue,False,0.015625,0.0,0.45,0.4275,0.25,0.2,0.148468017578125,0.098388671875,0.0,0.0,66.5,29.6875,64.31230545043945,27.34375,89.75,48.0,85.53125,44.41152191162109,2.0,0.75,2.0546875,0.75,51.1875,18.3359375,49.6123046875,16.280410766601562,7.5,5.07647705078125,7.5,5.0,4.5,3.625,4.984375,3.9375,48.6875,17.0,47.11572265625,16.5,5.75,3.75,5.3125,3.4375,5.0625,3.5,3.875,2.5,99.2119140625,94.125,638.5,0,0,0,0,0,0,0,0,0,0,0,0,0,0,162.56,165.1,125.0,0.015625,0.0,0.46140625,0.51515625,0.5625,0.34140625,0.40625,0.71875,0.0,0.5,32.96875,11.71875,44.21875,18.453125,49.015625,26.890625,56.875,30.375,0.75,0.5625,0.734375,0.53125,22.46875,5.71875,34.765625,12.4375,5.875,2.953125,5.625,2.96875,4.625,3.046875,3.828125,3.046875,27.96875,8.265625,29.953125,8.375,2.390625,1.546875,1.9375,1.703125,2.609375,1.90625,12.328125,8.375,10.40625,176.03125,348.15625,13,0,0,1,3,4,3,0,0,0,1,1,2,0,167.64,162.56,145.0,28.0,31.0,1,0,0,0,0,0,0,0,0,0,0,0,0,0,0,0,0,1,0,0,1,0,0,0
Blue,False,0.5,0.0,0.275,0.195,0.625,0.75,0.5,0.0,0.5,0.5,54.5,19.5,31.0,6.0,83.0,41.25,34.0,9.0,2.5,1.75,0.75,0.75,44.0,14.75,21.5,2.25,3.0,1.0,4.25,1.25,7.5,3.75,5.25,2.5,33.75,7.0,29.75,5.25,0.5,0.5,0.25,0.25,20.25,12.0,1.0,0.5,226.0,78.5,466.75,6,0,3,0,3,3,0,0,0,0,1,1,1,0,177.8,185.42,145.0,0.0,0.0,0.47,0.5599999999999999,0.5,0.215,0.0,0.5,0.5,0.0,76.0,28.0,72.5,26.0,81.0,32.5,132.5,74.5,1.0,1.0,9.0,3.5,54.5,20.0,32.0,7.0,16.0,7.0,13.5,5.5,5.5,1.0,27.0,13.5,66.0,20.5,63.0,18.0,2.0,1.5,4.0,3.5,8.0,6.0,5.5,4.5,126.5,410.5,900.0,6,1,0,1,1,1,1,0,0,0,1,0,0,0,182.88,193.04,155.0,24.0,27.0,0,0,0,0,0,0,1,0,0,0,0,0,0,0,0,1,0,0,0,0,0,0,1,0
Blue,False,0.0625,0.0,0.343125,0.39,0.18375,0.0775,0.5625,0.875,0.0625,0.6875,66.0,19.9375,64.4375,23.4375,74.75,27.1875,76.0625,32.8125,6.625,1.3125,3.3125,0.625,48.375,11.125,42.625,10.1875,13.375,5.8125,4.875,0.75,4.25,3.0,16.9375,12.5,52.5,10.75,52.75,16.9375,9.1875,6.3125,10.375,5.5625,4.3125,2.875,1.3125,0.9375,240.125,152.3125,806.25,13,0,5,0,5,5,0,0,0,1,2,0,2,0,190.5,198.12,205.0,0.21875,0.5,0.3621875,0.4396875,0.083125,0.1521875,0.09375,0.0,0.03125,0.03125,103.1875,35.125,77.21875,33.0625,125.90625,54.28125,97.40625,49.6875,0.65625,0.125,7.375,1.125,97.46875,32.1875,51.15625,14.03125,4.96875,2.71875,16.03125,10.3125,0.75,0.21875,10.03125,8.71875,80.09375,21.71875,65.96875,25.1875,6.40625,4.15625,9.46875,6.8125,16.6875,9.25,1.78125,1.0625,99.84375,154.3125,771.1875,16,0,0,1,5,5,1,0,0,1,2,2,0,0,180.34,185.42,185.0,31.0,33.0,0,0,0,0,0,0,0,1,0,0,0,0,0,0,0,1,0,0,0,0,1,0,0,0
Red,True,0.4609375,0.0,0.40046875,0.4515625,0.5259375,0.174375,0.109375,0.5078125,0.0,0.0,158.875,59.171875,78.4296875,31.953125,191.375,89.328125,84.8984375,38.21875,6.375,3.3125,2.0546875,0.5390625,138.0859375,44.28125,57.6953125,18.3359375,10.3203125,6.65625,9.3046875,4.765625,10.46875,8.234375,11.4296875,8.8515625,136.4921875,43.5625,65.7265625,24.0859375,9.640625,6.171875,11.9375,7.625,12.7421875,9.4375,0.765625,0.2421875,134.40625,51.3515625,741.921875,14,0,1,0,6,7,1,0,0,0,2,3,2,0,195.58,200.66,205.0,0.328369140625,0.0,0.64289306640625,0.385537109375,0.6339404296875,0.0,0.39892578125,0.25,0.0,0.0,77.07666015625,44.265869140625,40.0615234375,14.154541015625,96.505859375,61.990234375,60.63671875,32.47705078125,3.889404296875,2.073486328125,0.613037109375,0.0,54.94775390625,29.864013671875,25.541748046875,4.76171875,11.39599609375,6.74609375,9.752197265625,5.694580078125,10.73291015625,7.65576171875,4.767578125,3.6982421875,43.268798828125,19.21240234375,30.7529296875,9.026611328125,8.4921875,5.73486328125,8.427490234375,4.871826171875,25.315673828125,19.318603515625,0.881103515625,0.256103515625,293.954345703125,3.2626953125,646.25537109375,32,6,3,0,9,12,1,0,0,0,3,4,5,0,193.04,213.36,205.0,26.0,26.0,0,0,0,0,0,1,0,0,0,0,0,0,0,0,0,1,0,0,0,0,1,0,0,0
Blue,False,0.25,0.0,0.5075,0.435,0.25,0.095,0.0,0.25,0.25,0.25,109.75,54.75,85.25,39.0,125.0,68.5,114.5,63.75,2.0,1.0,3.75,1.25,79.5,30.5,57.0,18.0,23.75,18.75,22.0,16.25,6.5,5.5,6.25,4.75,96.5,44.75,55.75,18.25,12.0,8.75,24.25,16.75,1.25,1.25,5.25,4.0,201.25,141.25,738.25,7,0,1,0,1,2,1,0,0,0,1,1,0,0,182.88,190.5,170.0,1.0,0.0,0.525,0.52,0.0,0.525,0.0,1.0,0.0,0.0,99.5,53.0,54.5,28.0,123.5,75.0,93.0,61.5,1.0,0.0,7.5,4.0,70.0,29.5,47.0,22.5,18.5,13.0,6.0,4.5,11.0,10.5,1.5,1.0,75.5,35.5,36.0,14.5,12.0,8.5,5.5,3.0,12.0,9.0,13.0,10.5,69.5,338.5,811.0,6,0,1,0,1,1,1,0,0,1,0,0,0,0,177.8,177.8,170.0,30.0,37.0,0,0,0,0,0,0,0,0,0,1,0,0,0,0,0,1,0,0,0,0,1,0,0,0
Red,False,0.2578125,0.25,0.611796875,0.183828125,0.0,0.180390625,0.03125,0.0078125,0.0,0.0625,27.296875,13.828125,38.640625,13.3359375,28.578125,14.8125,44.0234375,17.640625,0.0,0.0,1.8984375,0.4296875,23.0234375,10.75,32.5390625,9.75,2.1953125,1.2421875,2.4765625,1.15625,2.078125,1.8359375,3.625,2.4296875,22.3671875,9.1953125,33.828125,9.625,1.34375,1.15625,1.6328125,1.0625,3.5859375,3.4765625,3.1796875,2.6484375,12.53125,68.7109375,228.484375,15,0,5,0,5,6,2,0,0,0,1,5,0,0,190.5,208.28,265.0,0.1171875,0.3828125,0.5084375,0.5658593749999999,0.34125,0.50390625,0.5,0.03125,0.5,0.0,37.625,17.2265625,40.8984375,24.4375,80.9453125,51.171875,123.90625,93.6328125,4.53125,2.75,0.84375,0.5078125,33.15625,14.5703125,28.4140625,13.484375,3.03125,2.46875,7.34375,6.5,1.4375,0.1875,5.140625,4.453125,19.2421875,4.984375,16.484375,4.5546875,7.15625,5.140625,12.4609375,10.4375,11.2265625,7.1015625,11.953125,9.4453125,391.9140625,37.640625,573.921875,14,1,0,1,4,5,3,0,0,0,2,3,0,0,193.04,198.12,245.0,35.0,30.0,0,0,0,0,1,0,0,0,0,0,0,0,0,0,0,0,0,0,1,0,1,0,0,0
Red,True,0.75,0.0,0.29,0.34875,0.29125,0.0225,0.0,0.0,0.0,0.0,211.75,64.625,173.75,59.875,214.375,67.25,175.875,62.0,1.75,0.375,3.125,0.25,196.125,57.5,128.625,32.5,14.125,6.0,25.0,13.25,1.5,1.125,20.125,14.125,208.375,62.0,164.625,54.625,2.25,1.75,3.0,2.75,1.125,0.875,6.125,2.5,21.375,40.375,812.5,11,0,0,2,2,2,2,0,0,1,0,1,0,0,170.18,175.26,135.0,0.0625,0.0,0.330625,0.304375,0.253125,0.0,0.5625,0.0,0.0,0.0,177.5,57.4375,123.8125,39.5625,188.375,67.25,128.125,43.875,5.5,2.375,2.9375,0.0,147.3125,39.3125,109.375,30.1875,14.875,6.75,10.0625,5.6875,15.3125,11.375,4.375,3.6875,161.9375,50.1875,113.875,34.5625,10.4375,4.3125,9.3125,4.4375,5.125,2.9375,0.625,0.5625,168.3125,4.125,1127.8125,16,2,5,0,5,5,0,0,0,0,3,0,2,0,167.64,177.8,145.0,29.0,26.0,1,0,0,0,0,0,0,0,0,0,0,0,0,0,0,1,0,0,0,0,1,0,0,0
Red,False,0.5,0.0,0.365,0.275,0.33,0.18,0.0,0.5,0.0,0.0,97.5,36.5,53.5,14.5,121.0,58.0,60.5,20.5,1.5,1.0,5.5,2.0,80.5,25.0,42.5,9.0,10.5,6.0,7.5,3.5,6.5,5.5,3.5,2.0,60.0,16.0,48.5,12.0,12.5,8.5,4.5,2.0,25.0,12.0,0.5,0.5,351.5,131.5,845.0,6,0,0,1,1,1,1,0,0,0,1,0,0,0,170.18,180.34,155.0,0.0625,0.0,0.4278125,0.275,0.0,0.03625,0.0,0.0625,0.0,0.0,158.28125,72.75,221.71875,53.0,160.65625,74.75,223.34375,54.5,0.0,0.0,3.59375,0.09375,120.4375,49.53125,182.75,29.28125,25.65625,13.0625,23.875,10.8125,12.1875,10.15625,15.09375,12.90625,153.78125,71.3125,217.96875,50.65625,3.90625,1.40625,0.75,0.34375,0.59375,0.03125,3.0,2.0,6.125,12.03125,848.21875,16,0,2,0,2,4,2,0,0,0,3,1,0,0,172.72,172.72,155.0,26.0,28.0,0,0,0,0,0,0,1,0,0,0,0,0,0,0,0,1,0,0,0,0,1,0,0,0
Red,False,0.0,0.0,0.28,0.56,0.0,0.33,5.0,0.0,1.0,1.0,56.0,16.0,41.0,23.0,67.0,26.0,55.0,34.0,0.0,0.0,3.0,1.0,50.0,13.0,28.0,12.0,4.0,3.0,5.0,4.0,2.0,0.0,8.0,7.0,44.0,9.0,31.0,15.0,3.0,2.0,3.0,3.0,9.0,5.0,7.0,5.0,56.0,378.0,710.0,3,0,1,0,1,1,0,0,0,0,0,0,1,0,170.18,180.34,135.0,0.5,0.0,0.43,0.18,0.1,0.165,0.5,0.5,0.5,0.0,38.0,16.0,26.5,6.0,50.5,25.5,77.0,41.5,2.5,0.5,4.5,1.5,35.0,14.0,23.5,4.0,2.0,1.5,2.0,2.0,1.0,0.5,1.0,0.0,18.0,6.5,20.0,2.5,10.5,4.5,3.0,2.0,9.5,5.0,3.5,1.5,115.5,159.5,384.0,4,0,0,1,1,1,1,0,0,0,0,0,1,0,165.1,165.1,135.0,24.0,28.0,1,0,0,0,0,0,0,0,0,0,0,0,0,0,0,1,0,0,0,0,0,0,1,0
Blue,False,0.015625,0.0,0.45,0.4275,0.25,0.2,0.148468017578125,0.098388671875,0.0,0.0,66.5,29.6875,64.31230545043945,27.34375,89.75,48.0,85.53125,44.41152191162109,2.0,0.75,2.0546875,0.75,51.1875,18.3359375,49.6123046875,16.280410766601562,7.5,5.07647705078125,7.5,5.0,4.5,3.625,4.984375,3.9375,48.6875,17.0,47.11572265625,16.5,5.75,3.75,5.3125,3.4375,5.0625,3.5,3.875,2.5,99.2119140625,94.125,638.5,0,0,0,0,0,0,0,0,0,0,0,0,0,0,182.88,187.96,247.0,0.0471682548522949,0.0,0.45,0.4217682266235352,0.25,0.19173828125,0.1875,0.125,0.0,0.0,69.5,30.5,66.984375,27.8466796875,94.0,48.544921875,88.50390625,44.75,2.0,0.8125,2.015625,0.6640625,54.0,19.01513671875,51.483436584472656,16.9437255859375,7.91796875,5.430633544921875,7.75,5.0625,4.780975341796875,3.9373779296875,4.8994140625,3.84375,51.025390625,18.400863647460938,50.515625,17.5,5.75,3.75,5.5,3.5,5.375,3.6875,4.0,2.65625,104.865234375,89.5,655.8441009521484,0,0,0,0,0,0,0,0,0,0,0,0,0,0,190.5,190.5,230.0,31.0,37.0,0,0,0,0,1,0,0,0,0,0,0,0,0,0,0,0,0,1,0,0,1,0,0,0
Red,False,0.015625,0.0,0.45,0.4275,0.25,0.2,0.148468017578125,0.098388671875,0.0,0.0,66.5,29.6875,64.31230545043945,27.34375,89.75,48.0,85.53125,44.41152191162109,2.0,0.75,2.0546875,0.75,51.1875,18.3359375,49.6123046875,16.280410766601562,7.5,5.07647705078125,7.5,5.0,4.5,3.625,4.984375,3.9375,48.6875,17.0,47.11572265625,16.5,5.75,3.75,5.3125,3.4375,5.0625,3.5,3.875,2.5,99.2119140625,94.125,638.5,0,0,0,0,0,0,0,0,0,0,0,0,0,0,177.8,177.8,170.0,0.0,0.0,0.47,0.5,0.25,0.5,0.0,0.0,0.0,0.0,63.0,30.0,92.0,46.0,72.0,36.0,148.0,98.0,12.0,3.0,4.0,2.0,41.0,15.0,65.0,22.0,10.0,4.0,19.0,16.0,12.0,11.0,8.0,8.0,56.0,25.0,59.0,20.0,6.0,4.0,20.0,18.0,1.0,1.0,13.0,8.0,282.0,162.0,900.0,3,0,0,1,0,0,1,0,0,0,0,0,0,0,167.64,170.18,170.0,27.0,32.0,0,0,0,0,0,0,1,0,0,0,0,0,0,0,0,0,0,1,0,0,1,0,0,0
Blue,False,0.0,0.0625,0.555,0.35875,0.0625,0.47359375,0.84375,0.046875,1.65625,1.140625,72.0,38.984375,50.140625,17.859375,107.875,71.40625,80.03125,38.546875,0.0625,0.0625,8.09375,3.4375,53.15625,23.6875,38.6875,9.765625,12.828125,10.34375,4.1875,2.546875,6.015625,4.953125,7.265625,5.546875,55.640625,25.859375,42.109375,13.40625,2.53125,2.484375,1.265625,1.203125,13.828125,10.640625,6.765625,3.25,194.265625,304.671875,818.53125,17,0,0,2,2,3,4,0,0,1,1,0,1,0,177.8,185.42,145.0,0.125,0.25,0.4649999999999999,0.53875,0.345,0.125,1.5,1.0,0.125,1.125,49.375,22.75,76.875,41.25,85.0,52.25,92.5,54.375,7.0,3.375,0.25,0.125,40.125,16.25,70.75,35.75,4.75,3.75,2.25,1.875,4.5,2.75,3.875,3.625,32.5,10.625,43.375,22.875,2.75,2.625,4.5,2.375,14.125,9.5,29.0,16.0,297.25,160.625,629.875,8,0,2,0,2,3,1,0,0,0,1,0,2,0,175.26,180.34,135.0,25.0,29.0,1,0,0,0,0,0,0,0,0,0,0,0,0,0,0,0,0,1,0,0,1,0,0,0
Blue,False,0.015625,0.0,0.45,0.4275,0.25,0.2,0.148468017578125,0.098388671875,0.0,0.0,66.5,29.6875,64.31230545043945,27.34375,89.75,48.0,85.53125,44.41152191162109,2.0,0.75,2.0546875,0.75,51.1875,18.3359375,49.6123046875,16.280410766601562,7.5,5.07647705078125,7.5,5.0,4.5,3.625,4.984375,3.9375,48.6875,17.0,47.11572265625,16.5,5.75,3.75,5.3125,3.4375,5.0625,3.5,3.875,2.5,99.2119140625,94.125,638.5,0,0,0,0,0,0,0,0,0,0,0,0,0,0,175.26,180.34,155.0,0.125,0.0,0.625,0.4725,0.6,0.26875,1.0,0.25,0.0,0.25,24.125,13.75,16.125,8.125,35.0,23.625,27.125,17.75,1.75,1.0,3.0,1.125,15.75,7.25,10.75,4.375,6.875,5.5,3.75,2.875,1.5,1.0,1.625,0.875,10.625,4.375,9.25,2.5,6.75,4.875,5.25,4.375,6.75,4.5,1.625,1.25,127.875,104.75,341.625,7,0,1,0,2,3,1,0,0,0,0,1,2,0,175.26,177.8,155.0,26.0,35.0,0,0,0,0,0,0,1,0,0,0,0,0,0,0,0,1,0,0,0,0,0,0,1,0
Red,False,0.0,0.0,0.54,0.16,1.0,0.0,1.0,0.0,0.0,0.0,11.0,6.0,12.0,2.0,23.0,16.0,14.0,4.0,1.0,1.0,0.0,0.0,8.0,5.0,8.0,1.0,1.0,0.0,2.0,0.0,2.0,1.0,2.0,1.0,7.0,2.0,12.0,2.0,0.0,0.0,0.0,0.0,4.0,4.0,0.0,0.0,141.0,0.0,191.0,1,0,1,0,1,1,0,0,0,0,0,0,1,0,187.96,187.96,185.0,0.25,0.203125,0.49484375,0.2996875,0.50125,0.01296875,1.125,1.0,0.0,0.21875,85.171875,43.859375,58.484375,16.375,151.265625,103.40625,68.265625,24.921875,4.421875,2.234375,1.609375,0.125,63.1875,28.59375,50.5,12.671875,8.453125,5.84375,3.6875,1.375,13.53125,9.421875,4.296875,2.328125,53.03125,19.5,53.96875,13.609375,6.140625,5.078125,1.703125,0.671875,26.0,19.28125,2.8125,2.09375,274.03125,46.265625,819.75,20,0,0,2,2,4,3,0,0,0,3,0,1,0,182.88,195.58,185.0,30.0,30.0,0,0,0,0,0,0,0,1,0,0,0,0,0,0,0,1,0,0,0,0,1,0,0,0
Red,False,0.5712890625,0.28125,0.41119140625,0.24533203125,0.060869140625,0.046875,0.501953125,0.080078125,0.0,0.0,27.173828125,11.2841796875,18.1630859375,8.1513671875,34.83203125,18.474609375,20.7802734375,10.751953125,1.3310546875,0.5615234375,0.53125,0.15625,19.87890625,5.744140625,12.7919921875,3.5009765625,1.99609375,1.4619140625,3.794921875,3.2314453125,5.298828125,4.078125,1.576171875,1.4189453125,19.970703125,6.6552734375,16.3369140625,6.552734375,1.8134765625,1.3544921875,0.80859375,0.78515625,5.3896484375,3.2744140625,1.017578125,0.8134765625,73.15234375,14.7646484375,265.341796875,23,1,5,0,5,8,3,0,0,0,4,3,1,0,187.96,187.96,205.0,0.375,0.0,0.515,0.33375,0.625,0.0,0.75,0.0,0.0,0.0,77.625,38.5,59.625,19.125,99.25,56.25,61.875,21.375,2.625,2.125,1.125,0.0,72.875,35.25,54.625,14.5,4.5,3.0,2.5,2.125,0.25,0.25,2.5,2.5,48.875,19.25,56.0,17.5,4.125,2.75,3.625,1.625,24.625,16.5,0.0,0.0,159.125,4.25,393.125,7,0,4,0,4,4,0,0,0,0,1,0,2,1,187.96,193.04,205.0,30.0,33.0,0,0,0,0,0,1,0,0,0,0,0,0,0,0,0,1,0,0,0,0,1,0,0,0
Blue,False,0.015625,0.0,0.45,0.4275,0.25,0.2,0.148468017578125,0.098388671875,0.0,0.0,66.5,29.6875,64.31230545043945,27.34375,89.75,48.0,85.53125,44.41152191162109,2.0,0.75,2.0546875,0.75,51.1875,18.3359375,49.6123046875,16.280410766601562,7.5,5.07647705078125,7.5,5.0,4.5,3.625,4.984375,3.9375,48.6875,17.0,47.11572265625,16.5,5.75,3.75,5.3125,3.4375,5.0625,3.5,3.875,2.5,99.2119140625,94.125,638.5,0,0,0,0,0,0,0,0,0,0,0,0,0,0,162.56,165.1,125.0,0.0,1.0,0.37,0.485,0.0,1.0,0.5,0.0,0.0,0.0,36.5,16.0,50.5,25.5,47.5,25.5,84.5,51.5,0.0,0.0,1.5,1.5,26.5,11.0,36.5,16.0,6.5,3.0,7.0,4.0,3.5,2.0,7.0,5.5,30.0,12.0,34.5,16.5,4.0,3.5,3.0,1.5,2.5,0.5,13.0,7.5,1.0,294.5,512.0,5,0,1,0,1,1,1,0,0,0,0,1,0,0,175.26,175.26,125.0,28.0,33.0,0,0,0,1,0,0,0,0,0,0,0,0,0,0,0,1,0,0,0,0,1,0,0,0
Blue,False,0.0,0.0,0.5,0.28,0.33,0.0,1.0,0.0,1.0,0.0,16.0,8.0,14.0,4.0,21.0,12.0,21.0,10.0,3.0,1.0,0.0,0.0,14.0,8.0,13.0,3.0,2.0,0.0,0.0,0.0,0.0,0.0,1.0,1.0,6.0,2.0,10.0,3.0,1.0,0.0,4.0,1.0,9.0,6.0,0.0,0.0,158.0,9.0,217.0,1,0,1,0,1,1,0,0,0,0,0,0,1,0,185.42,182.88,185.0,0.0126953125,0.1328125,0.4109533691406249,0.4150131225585937,0.453656005859375,0.013502197265625,0.0027008056640625,0.7187652587890625,0.0,7.62939453125e-05,72.69709777832031,29.935562133789062,65.70558166503906,30.534469604492188,114.24462890625,64.8499755859375,104.55169677734376,66.25468444824219,4.8060455322265625,2.211761474609375,1.7785491943359375,0.0631103515625,62.85282897949219,21.110580444335938,53.45759582519531,20.788864135742188,6.4000396728515625,6.381118774414063,8.655502319335938,7.0147552490234375,3.4442291259765625,2.4438629150390625,3.5924835205078125,2.7308502197265625,53.80023193359375,16.72210693359375,59.36674499511719,26.056198120117188,5.1873779296875,4.8660736083984375,4.401031494140625,3.22418212890625,13.709487915039062,8.347381591796875,1.93780517578125,1.25408935546875,317.89244079589844,171.71006774902344,815.9737243652344,47,1,4,0,4,13,4,0,0,2,6,4,0,1,187.96,190.5,170.0,33.0,32.0,0,0,0,0,0,0,0,1,0,0,0,0,0,0,0,1,0,0,0,0,0,0,1,0
Red,False,0.0,1.0,0.31,0.285,0.25,0.5,0.0,0.5,0.0,0.0,31.5,9.5,101.0,29.5,43.5,21.0,122.0,50.0,6.5,2.0,1.5,0.5,28.0,6.5,81.0,17.5,1.5,1.0,17.0,9.5,2.0,2.0,3.0,2.5,28.5,7.0,80.0,14.5,0.0,0.0,6.5,5.5,3.0,2.5,14.5,9.5,265.0,49.5,737.5,5,0,0,1,1,1,1,0,0,0,1,0,0,0,165.1,170.18,125.0,1.0625,0.0,0.3303125,0.3671875,0.5215625,0.125,0.3125,0.0,0.0,0.0,165.0625,52.9375,70.40625,27.78125,173.875,60.03125,77.0625,34.09375,3.15625,1.21875,3.3125,0.875,128.6875,30.5625,46.4375,12.8125,16.90625,10.15625,15.59375,9.625,19.46875,12.21875,8.375,5.34375,147.3125,45.5,57.9375,19.5,7.09375,3.96875,9.375,6.09375,10.65625,3.46875,3.09375,2.1875,105.5625,53.84375,783.1875,18,1,3,0,3,5,1,0,0,0,3,2,0,0,162.56,165.1,125.0,28.0,29.0,0,0,0,1,0,0,0,0,0,0,0,0,0,0,0,1,0,0,0,0,0,0,1,0
Red,False,0.015625,0.0,0.45,0.4275,0.25,0.2,0.148468017578125,0.098388671875,0.0,0.0,66.5,29.6875,64.31230545043945,27.34375,89.75,48.0,85.53125,44.41152191162109,2.0,0.75,2.0546875,0.75,51.1875,18.3359375,49.6123046875,16.280410766601562,7.5,5.07647705078125,7.5,5.0,4.5,3.625,4.984375,3.9375,48.6875,17.0,47.11572265625,16.5,5.75,3.75,5.3125,3.4375,5.0625,3.5,3.875,2.5,99.2119140625,94.125,638.5,0,0,0,0,0,0,0,0,0,0,0,0,0,0,175.26,175.26,135.0,0.5,1.0,0.365,0.5249999999999999,0.0,0.14,0.0,0.0,0.0,0.0,71.0,25.5,76.5,39.0,73.5,28.0,82.5,44.0,0.0,0.0,3.5,1.0,63.5,18.5,66.0,31.5,3.5,3.5,3.5,2.0,4.0,3.5,7.0,5.5,63.5,22.5,58.5,29.0,6.5,2.0,10.5,5.0,1.0,1.0,7.5,5.0,2.0,107.5,385.5,4,0,0,1,1,1,1,0,0,0,0,1,0,0,182.88,182.88,145.0,27.0,24.0,1,0,0,0,0,0,0,0,0,0,0,0,0,0,0,1,0,0,0,0,0,0,1,0
Blue,False,0.015625,0.0,0.45,0.4275,0.25,0.2,0.148468017578125,0.098388671875,0.0,0.0,66.5,29.6875,64.31230545043945,27.34375,89.75,48.0,85.53125,44.41152191162109,2.0,0.75,2.0546875,0.75,51.1875,18.3359375,49.6123046875,16.280410766601562,7.5,5.07647705078125,7.5,5.0,4.5,3.625,4.984375,3.9375,48.6875,17.0,47.11572265625,16.5,5.75,3.75,5.3125,3.4375,5.0625,3.5,3.875,2.5,99.2119140625,94.125,638.5,0,0,0,0,0,0,0,0,0,0,0,0,0,0,182.88,187.96,145.0,0.0,0.0,0.6525000000000001,0.3275,0.25,0.4575,0.0,0.0,1.125,0.5,55.625,33.25,51.625,16.875,69.625,45.25,84.5,46.25,0.5,0.5,2.875,1.5,44.875,24.5,42.625,10.375,5.125,3.75,6.5,4.625,5.625,5.0,2.5,1.875,33.375,16.625,40.25,11.875,1.125,0.625,1.875,1.125,21.125,16.0,9.5,3.875,132.25,151.25,556.0,10,0,0,1,1,2,2,0,0,0,1,1,0,0,172.72,185.42,135.0,28.0,25.0,0,0,1,0,0,0,0,0,0,0,0,0,0,0,0,1,0,0,0,0,1,0,0,0
Blue,False,0.015625,0.0,0.45,0.4275,0.25,0.2,0.148468017578125,0.098388671875,0.0,0.0,66.5,29.6875,64.31230545043945,27.34375,89.75,48.0,85.53125,44.41152191162109,2.0,0.75,2.0546875,0.75,51.1875,18.3359375,49.6123046875,16.280410766601562,7.5,5.07647705078125,7.5,5.0,4.5,3.625,4.984375,3.9375,48.6875,17.0,47.11572265625,16.5,5.75,3.75,5.3125,3.4375,5.0625,3.5,3.875,2.5,99.2119140625,94.125,638.5,0,0,0,0,0,0,0,0,0,0,0,0,0,0,180.34,185.42,155.0,0.0,0.0,0.35,0.43,0.0,0.5,2.0,0.0,0.0,0.0,40.0,14.0,67.0,29.0,50.0,22.0,162.0,112.0,2.0,0.0,2.0,1.0,33.0,12.0,46.0,17.0,3.0,1.0,7.0,5.0,4.0,1.0,14.0,7.0,40.0,14.0,39.0,8.0,0.0,0.0,5.0,5.0,0.0,0.0,23.0,16.0,21.0,292.0,900.0,3,0,0,1,0,0,1,0,0,0,0,0,0,0,180.34,180.34,170.0,26.0,27.0,0,0,0,0,0,0,0,0,0,1,0,0,0,0,0,1,0,0,0,0,1,0,0,0
Blue,False,0.015625,0.0,0.45,0.4275,0.25,0.2,0.148468017578125,0.098388671875,0.0,0.0,66.5,29.6875,64.31230545043945,27.34375,89.75,48.0,85.53125,44.41152191162109,2.0,0.75,2.0546875,0.75,51.1875,18.3359375,49.6123046875,16.280410766601562,7.5,5.07647705078125,7.5,5.0,4.5,3.625,4.984375,3.9375,48.6875,17.0,47.11572265625,16.5,5.75,3.75,5.3125,3.4375,5.0625,3.5,3.875,2.5,99.2119140625,94.125,638.5,0,0,0,0,0,0,0,0,0,0,0,0,0,0,175.26,185.42,155.0,0.0,1.0,0.51,0.53,0.4,0.25,0.5,1.0,0.25,0.75,53.75,27.75,128.0,69.25,65.5,38.0,164.5,103.25,4.75,2.25,1.25,0.25,45.5,20.75,99.25,45.0,7.75,6.75,18.0,14.25,0.5,0.25,10.75,10.0,37.5,15.25,89.0,40.25,9.5,6.5,23.25,16.25,6.75,6.0,15.75,12.75,291.5,164.75,825.0,8,0,0,3,0,0,3,0,0,0,0,0,0,0,182.88,182.88,170.0,32.0,31.0,0,0,0,0,0,0,0,0,0,1,0,0,0,0,0,1,0,0,0,0,1,0,0,0
Blue,False,0.0,0.0,0.14,0.57,0.0,0.66,0.0,4.0,0.0,0.0,84.0,12.0,111.0,64.0,86.0,14.0,170.0,122.0,0.0,0.0,6.0,4.0,78.0,11.0,92.0,47.0,5.0,1.0,8.0,6.0,1.0,0.0,11.0,11.0,82.0,11.0,60.0,25.0,2.0,1.0,2.0,1.0,0.0,0.0,49.0,38.0,11.0,342.0,733.0,3,0,0,1,0,0,1,0,0,0,0,0,0,0,177.8,187.96,170.0,0.0,0.0,0.42,0.56,0.5,0.0,1.0,1.0,1.0,1.0,112.0,48.0,216.0,121.0,114.0,49.0,222.0,126.0,6.0,3.0,0.0,0.0,82.0,24.0,186.0,95.0,12.0,8.0,20.0,16.0,18.0,16.0,10.0,10.0,100.0,43.0,171.0,80.0,9.0,2.0,13.0,13.0,3.0,3.0,32.0,28.0,171.0,139.0,900.0,3,0,0,1,0,0,1,0,0,0,0,0,0,0,182.88,185.42,170.0,26.0,22.0,0,0,0,0,0,0,0,0,0,1,0,0,0,0,0,1,0,0,0,0,1,0,0,0
Blue,False,0.017578125,0.12506103515625,0.3227619552612304,0.3545316696166992,0.4585035324096679,0.0013998413085937,1.0341339111328125,0.2579383850097656,7.62939453125e-06,3.814697265625e-06,95.40177154541016,28.555641174316406,96.00923538208008,35.93693542480469,107.78063201904295,39.13145065307617,103.6821403503418,42.28452682495117,5.647830963134766,2.3458290100097656,3.93203353881836,0.0083694458007812,85.18062591552734,20.752010345458984,78.99567413330078,24.962448120117188,8.428165435791016,6.014560699462891,11.59231948852539,6.599884033203125,1.7929801940917969,1.7890701293945312,5.421241760253906,4.374603271484375,82.89146423339844,19.745285034179688,81.32999038696289,27.17777633666992,10.571563720703123,7.370574951171875,11.971412658691406,7.303867340087891,1.9387435913085935,1.4397811889648438,2.707832336425781,1.455291748046875,130.1353530883789,80.1619758605957,669.5014762878418,47,0,0,1,3,12,7,0,0,2,5,1,4,0,177.8,180.34,155.0,0.375,0.0,0.389375,0.451875,0.7,0.13125,0.875,0.9375,0.5,0.625,104.5625,40.5625,90.625,42.25,135.4375,61.3125,101.125,52.25,7.25,4.875,1.875,0.5625,87.8125,28.125,74.4375,26.9375,14.1875,10.4375,6.375,5.5,2.5625,2.0,9.8125,9.8125,90.625,34.5,81.4375,35.5,6.4375,3.0625,2.6875,2.125,7.5,3.0,6.5,4.625,183.5,66.5625,722.9375,11,0,0,1,2,3,2,0,0,1,0,1,1,0,172.72,180.34,155.0,29.0,28.0,0,0,0,0,0,0,1,0,0,0,0,0,0,0,0,0,0,1,0,0,1,0,0,0
Blue,False,0.5,0.0,0.435,0.355,0.25,0.25,2.0,0.0,0.0,0.5,147.0,57.5,165.0,58.0,241.5,135.0,172.5,64.5,9.5,3.5,2.5,1.0,124.5,45.0,143.5,41.0,18.5,9.0,15.5,11.0,4.0,3.5,6.0,6.0,130.5,47.0,156.5,54.0,13.5,8.0,6.0,3.0,3.0,2.5,2.5,1.0,215.0,70.5,900.0,6,0,0,1,1,1,1,0,0,0,1,0,0,0,170.18,167.64,125.0,0.0,0.5,0.345,0.515,0.5,0.33,0.5,0.0,0.0,0.0,80.5,35.5,176.0,89.0,105.0,56.0,234.5,138.0,2.0,1.0,3.0,2.0,68.0,27.5,133.5,57.5,8.5,5.5,37.5,27.0,4.0,2.5,5.0,4.5,63.5,26.5,119.0,50.0,7.0,3.0,14.0,11.0,10.0,6.0,43.0,28.0,112.0,287.5,656.0,5,0,0,1,1,1,1,0,0,0,0,0,1,0,160.02,160.02,125.0,26.0,29.0,0,0,0,1,0,0,0,0,0,0,0,0,0,0,0,0,0,1,0,0,1,0,0,0
Blue,False,1.0,0.0,0.46,0.47,0.0,0.16,0.0,0.0,0.0,0.0,134.0,62.0,99.0,47.0,135.0,63.0,116.0,53.0,0.0,0.0,12.0,2.0,109.0,41.0,66.0,21.0,14.0,10.0,11.0,9.0,11.0,11.0,22.0,17.0,132.0,60.0,98.0,47.0,0.0,0.0,0.0,0.0,2.0,2.0,1.0,0.0,2.0,64.0,540.0,2,0,1,0,1,1,0,0,0,0,0,1,0,0,190.5,195.58,170.0,0.0,0.25,0.4725,0.4175,0.52,0.3825,1.0,0.5,0.0,0.25,202.75,102.25,133.0,56.75,272.75,168.0,171.5,89.75,2.75,1.5,6.75,2.25,163.0,68.5,102.5,33.75,21.5,16.0,18.25,11.0,18.25,17.75,12.25,12.0,155.0,67.75,110.75,43.75,37.25,26.0,14.25,8.5,10.5,8.5,8.0,4.5,260.75,199.0,900.0,9,0,1,0,1,2,1,0,0,0,2,0,0,0,185.42,185.42,170.0,28.0,26.0,0,0,0,0,0,0,0,0,0,1,0,0,0,0,0,1,0,0,0,0,1,0,0,0
Blue,False,0.0,0.0,0.4325,0.4553125,0.17046875,0.6284375,0.46875,0.4375,0.265625,0.0,111.75,48.375,102.0,47.015625,125.265625,58.125,126.109375,68.703125,5.859375,1.171875,2.203125,1.53125,89.890625,31.546875,82.8125,33.390625,6.0,2.921875,13.21875,9.109375,15.859375,13.90625,5.96875,4.515625,91.609375,38.390625,82.375,34.953125,16.296875,9.09375,11.890625,6.84375,3.84375,0.890625,7.734375,5.21875,189.859375,138.765625,687.6875,17,0,4,0,4,5,2,0,0,0,2,0,3,0,175.26,182.88,155.0,0.25,0.0,0.3,0.4925,0.0,0.1375,0.0,0.0,0.0,0.0,54.0,18.0,47.75,24.0,71.75,35.25,54.25,29.5,0.0,0.0,9.0,1.25,45.25,10.75,31.0,12.5,3.5,2.75,9.25,6.5,5.25,4.5,7.5,5.0,47.0,13.0,27.25,8.25,7.0,5.0,10.5,8.25,0.0,0.0,10.0,7.5,19.0,227.25,489.0,6,0,2,0,2,2,1,0,0,0,1,1,0,0,177.8,180.34,170.0,24.0,24.0,0,0,1,0,0,0,0,0,0,0,0,0,0,0,0,0,0,1,0,0,0,0,1,0
Blue,False,0.0,0.0625,0.6425000000000001,0.7068749999999999,0.4375,0.315,0.9375,0.25,0.0,0.25,52.4375,31.0,20.8125,13.1875,77.875,55.1875,34.8125,25.9375,0.6875,0.6875,2.3125,0.875,41.5625,21.4375,15.4375,8.9375,8.125,7.4375,3.1875,2.4375,2.75,2.125,2.1875,1.8125,6.75,2.125,5.6875,1.875,10.375,8.5,5.8125,5.125,35.3125,20.375,9.3125,6.1875,171.25,301.1875,532.3125,9,1,1,0,3,4,1,0,0,0,0,3,1,0,190.5,198.12,250.0,0.0449371337890625,0.265625,0.4707448959350586,0.6175689315795898,0.1119551849365234,0.0049448013305664,0.1363372802734375,0.1251220703125,0.125,0.1250019073486328,47.23986530303955,20.81825542449951,80.30155086517334,49.77793979644776,64.91603183746338,38.33356285095215,109.23072719573976,77.4329080581665,1.816110610961914,0.5029392242431641,0.7237863540649414,0.0049753189086914,30.314098358154297,6.086124420166016,54.282877922058105,28.37108325958252,11.248360633850098,9.121146202087402,20.7857608795166,16.2208194732666,5.677406311035156,5.610984802246094,5.232912063598633,5.186037063598633,35.350037574768066,12.127486228942873,42.09904384613037,20.769171714782715,10.696720123291016,7.534488677978516,36.0534725189209,27.4561824798584,1.1931076049804688,1.156280517578125,2.1490345001220703,1.5525856018066406,56.80260181427002,264.28630542755127,687.6195268630981,33,5,2,0,4,14,7,0,0,0,2,3,8,0,190.5,200.66,264.0,35.0,34.0,0,0,0,0,1,0,0,0,0,0,0,0,0,0,0,1,0,0,0,0,0,0,1,0
Red,False,0.05096435546875,0.75390625,0.56370849609375,0.555078125,0.41162109375,0.542984619140625,0.5001220703125,0.625,0.0,0.0,80.07232666015625,46.81146240234375,84.01251220703125,48.51513671875,100.96630859375,65.2154541015625,155.84906005859375,113.7515869140625,1.59039306640625,0.80517578125,5.23291015625,2.80877685546875,43.9732666015625,17.61724853515625,66.49371337890625,34.88922119140625,19.08026123046875,16.50482177734375,10.082763671875,8.50604248046875,17.018798828125,12.68939208984375,7.43603515625,5.119873046875,61.76947021484375,33.002685546875,48.410400390625,22.62847900390625,13.25750732421875,10.99420166015625,15.9296875,12.64984130859375,5.04534912109375,2.8145751953125,19.67242431640625,13.23681640625,174.1868896484375,503.2952880859375,975.7068481445312,34,0,4,0,4,8,7,0,0,0,3,4,1,0,190.5,198.12,230.0,0.25,0.0,0.431875,0.565625,0.061875,0.31,0.125,0.75,0.0,0.1875,29.8125,13.3125,39.875,22.5625,39.0,20.0625,55.1875,36.8125,2.1875,0.5625,4.875,2.0625,27.4375,11.0625,34.8125,18.625,2.375,2.25,4.0625,2.9375,0.0,0.0,1.0,1.0,20.4375,7.25,21.9375,10.4375,3.75,2.375,7.875,5.0625,5.625,3.6875,10.0625,7.0625,81.375,141.625,389.125,11,0,0,1,1,2,3,0,0,0,1,1,0,0,193.04,198.12,265.0,35.0,31.0,0,0,0,0,1,0,0,0,0,0,0,0,0,0,0,1,0,0,0,0,1,0,0,0
Red,False,0.000244140625,0.130859375,0.2165513610839843,0.3424937438964843,0.3410292053222656,0.069527587890625,0.571502685546875,0.846160888671875,0.0625,0.000244140625,149.5204315185547,27.783126831054688,124.44993591308594,39.62954711914063,170.5187225341797,42.659088134765625,155.77552795410156,66.75050354003906,5.81292724609375,2.217025756835937,3.216552734375,0.52203369140625,130.99652099609375,18.63885498046875,102.47697448730467,26.786102294921875,7.501388549804687,2.1487274169921875,16.834075927734375,9.288055419921877,11.02252197265625,6.99554443359375,5.138885498046875,3.555389404296875,139.5087890625,24.127456665039062,108.96104431152344,28.62298583984375,3.412017822265625,1.54815673828125,10.275955200195312,6.3153076171875,6.599624633789063,2.107513427734375,5.212936401367188,4.691253662109375,341.02561950683594,83.20880126953125,1031.6783752441406,47,0,1,0,4,10,7,0,0,3,2,1,4,0,170.18,177.8,155.0,0.875,0.0625,0.6290625,0.123125,0.04375,0.0,0.0,0.0625,0.0,0.0,18.78125,10.65625,26.03125,3.34375,20.3125,12.03125,28.6875,5.75,0.90625,0.28125,0.1875,0.0,13.1875,6.03125,22.9375,1.59375,1.1875,1.03125,1.34375,0.96875,4.40625,3.59375,1.75,0.78125,14.78125,7.5,25.53125,3.0,0.3125,0.3125,0.3125,0.15625,3.6875,2.84375,0.1875,0.1875,26.40625,1.125,141.5625,10,1,2,0,3,5,1,0,0,0,2,3,0,0,167.64,167.64,145.0,31.0,28.0,0,0,1,0,0,0,0,0,0,0,0,0,0,0,0,1,0,0,0,0,1,0,0,0
Blue,True,0.75,0.0,0.52125,0.24625,0.0825,0.12375,0.125,0.0,0.0,0.25,31.25,15.625,22.0,6.5,43.625,27.625,34.0,18.0,1.125,0.75,2.0,1.0,24.875,11.125,16.5,2.625,3.75,2.125,2.0,1.375,2.625,2.375,3.5,2.5,27.875,12.875,18.25,4.75,1.0,0.75,1.0,0.875,2.375,2.0,2.75,0.875,58.0,103.25,322.75,8,0,0,1,3,3,1,0,0,1,0,2,0,0,177.8,182.88,155.0,0.28125,0.125,0.45078125,0.28515625,0.26359375,0.579375,0.34375,1.0,0.0,0.015625,176.6875,81.578125,153.34375,42.234375,209.765625,113.203125,181.859375,67.59375,5.578125,2.28125,3.953125,1.1875,119.9375,34.53125,117.0625,16.0625,25.34375,21.875,20.6875,14.5,31.40625,25.171875,15.59375,11.671875,126.078125,48.421875,134.734375,29.84375,19.0,13.734375,16.296875,11.265625,31.609375,19.421875,2.3125,1.125,330.5625,76.5,1462.5,29,4,7,0,7,7,0,0,0,2,5,0,0,0,175.26,177.8,170.0,26.0,29.0,0,0,0,0,0,0,1,0,0,0,0,0,0,0,0,1,0,0,0,0,0,0,1,0
Red,False,0.015625,0.0,0.45,0.4275,0.25,0.2,0.148468017578125,0.098388671875,0.0,0.0,66.5,29.6875,64.31230545043945,27.34375,89.75,48.0,85.53125,44.41152191162109,2.0,0.75,2.0546875,0.75,51.1875,18.3359375,49.6123046875,16.280410766601562,7.5,5.07647705078125,7.5,5.0,4.5,3.625,4.984375,3.9375,48.6875,17.0,47.11572265625,16.5,5.75,3.75,5.3125,3.4375,5.0625,3.5,3.875,2.5,99.2119140625,94.125,638.5,0,0,0,0,0,0,0,0,0,0,0,0,0,0,190.5,195.58,205.0,0.0,0.0,0.56,0.45,1.0,0.2,0.0,0.0,0.0,0.0,37.0,21.0,115.0,52.0,43.0,27.0,212.0,145.0,1.0,1.0,5.0,1.0,18.0,6.0,98.0,39.0,12.0,8.0,10.0,9.0,7.0,7.0,7.0,4.0,15.0,5.0,79.0,28.0,20.0,16.0,35.0,24.0,2.0,0.0,1.0,0.0,349.0,201.0,804.0,3,0,0,1,0,0,1,0,0,0,0,0,0,0,193.04,205.74,265.0,21.0,36.0,0,0,0,0,1,0,0,0,0,0,0,0,0,0,0,1,0,0,0,0,1,0,0,0
Blue,False,0.0,0.0,0.5,0.6,0.0,0.33,0.0,1.0,0.0,0.0,16.0,8.0,15.0,9.0,16.0,8.0,15.0,9.0,0.0,0.0,3.0,1.0,13.0,6.0,11.0,5.0,2.0,1.0,1.0,1.0,1.0,1.0,3.0,3.0,14.0,8.0,15.0,9.0,2.0,0.0,0.0,0.0,0.0,0.0,0.0,0.0,0.0,65.0,167.0,1,1,0,1,0,0,1,0,0,0,0,0,0,0,177.8,177.8,155.0,0.0,1.0,0.37,0.68,0.14,1.0,0.0,0.0,0.0,0.0,77.0,29.0,41.0,28.0,83.0,35.0,62.0,48.0,7.0,1.0,1.0,1.0,38.0,7.0,35.0,22.0,18.0,12.0,6.0,6.0,21.0,10.0,0.0,0.0,54.0,15.0,32.0,22.0,23.0,14.0,3.0,3.0,0.0,0.0,6.0,3.0,188.0,10.0,525.0,2,0,0,1,0,0,1,0,0,0,0,0,0,0,177.8,185.42,155.0,26.0,31.0,0,0,0,0,0,0,1,0,0,0,0,0,0,0,0,1,0,0,0,0,1,0,0,0
Blue,False,0.0,0.0,0.78,0.93,0.0,1.0,1.0,1.0,1.0,1.0,14.0,11.0,30.0,28.0,42.0,39.0,57.0,53.0,0.0,0.0,2.0,2.0,11.0,10.0,29.0,27.0,1.0,0.0,1.0,1.0,2.0,1.0,0.0,0.0,7.0,4.0,3.0,2.0,0.0,0.0,0.0,0.0,7.0,7.0,27.0,26.0,133.0,218.0,402.0,2,0,0,1,0,0,1,0,0,0,0,0,0,0,195.58,200.66,185.0,0.03125,1.78125,0.3959375,0.5578125,0.03125,0.621875,0.0,0.40625,0.09375,0.15625,114.21875,46.9375,76.96875,41.8125,132.71875,62.6875,85.53125,48.90625,1.9375,0.0625,3.34375,2.03125,98.46875,34.96875,66.09375,32.40625,9.4375,7.09375,3.875,2.96875,6.3125,4.875,7.0,6.4375,100.28125,40.15625,64.0625,33.78125,4.28125,1.59375,8.90625,5.9375,9.65625,5.1875,4.0,2.09375,45.90625,98.71875,416.15625,12,0,0,1,1,2,4,0,0,0,1,1,0,0,190.5,190.5,185.0,31.0,31.0,0,0,0,0,0,0,0,1,0,0,0,0,0,0,0,1,0,0,0,0,1,0,0,0
Red,False,0.0,0.0,0.37,0.53,0.55,0.0,0.0,0.0,2.0,3.0,43.0,16.0,56.0,30.0,69.0,33.0,112.0,80.0,9.0,5.0,0.0,0.0,35.0,11.0,42.0,18.0,4.0,2.0,11.0,9.0,4.0,3.0,3.0,3.0,35.0,11.0,30.0,10.0,1.0,1.0,1.0,1.0,7.0,4.0,25.0,19.0,377.0,297.0,900.0,3,0,0,1,0,0,1,0,0,0,0,0,0,0,175.26,185.42,135.0,0.0,0.0,0.635,0.435,0.665,0.25,0.5,3.0,1.0,0.5,43.0,27.5,46.5,19.0,82.0,60.0,60.5,30.5,2.5,1.5,1.0,0.5,33.5,19.0,42.0,17.0,4.0,3.5,3.0,2.0,5.5,5.0,1.5,0.0,21.0,11.5,30.5,8.0,2.0,2.0,1.5,1.0,20.0,14.0,14.5,10.0,515.0,96.0,805.0,6,0,1,0,1,1,1,0,0,0,1,0,0,0,167.64,167.64,125.0,25.0,28.0,1,0,0,0,0,0,0,0,0,0,0,0,0,0,0,1,0,0,0,0,1,0,0,0
Blue,False,0.015625,0.0,0.45,0.4275,0.25,0.2,0.148468017578125,0.098388671875,0.0,0.0,66.5,29.6875,64.31230545043945,27.34375,89.75,48.0,85.53125,44.41152191162109,2.0,0.75,2.0546875,0.75,51.1875,18.3359375,49.6123046875,16.280410766601562,7.5,5.07647705078125,7.5,5.0,4.5,3.625,4.984375,3.9375,48.6875,17.0,47.11572265625,16.5,5.75,3.75,5.3125,3.4375,5.0625,3.5,3.875,2.5,99.2119140625,94.125,638.5,0,0,0,0,0,0,0,0,0,0,0,0,0,0,187.96,187.96,170.0,0.25,0.0,0.6599999999999999,0.325,0.0625,0.415,1.0,0.75,0.0,0.5,39.875,20.375,30.875,19.125,56.875,34.25,54.125,39.625,5.125,1.125,3.25,2.0,27.75,11.0,24.5,13.0,9.0,6.875,5.125,4.875,3.125,2.5,1.25,1.25,23.5,10.375,16.125,6.25,11.0,7.25,7.625,6.625,5.375,2.75,7.125,6.25,117.375,228.375,472.5,10,0,0,1,1,2,2,0,0,0,1,0,1,0,177.8,177.8,155.0,28.0,30.0,0,0,0,0,0,0,0,0,0,1,0,0,0,0,0,0,0,0,1,0,1,0,0,0
Red,False,1.5,0.5,0.435,0.3399999999999999,0.5,0.1,0.0,0.5,0.0,0.0,157.5,68.0,131.0,44.0,161.0,71.5,148.0,57.5,0.5,0.5,5.5,0.5,142.5,58.5,101.0,23.5,12.5,7.5,19.5,12.0,2.5,2.0,10.5,8.5,127.5,50.0,117.0,34.0,23.0,14.0,13.0,9.0,7.0,4.0,1.0,1.0,18.0,129.0,770.5,6,1,2,0,2,2,0,0,0,0,1,1,0,0,182.88,185.42,185.0,0.0,0.09375,0.4190625,0.4175,0.2553125,0.0415625,0.125,0.0,0.0,0.0,281.1875,123.6875,143.28125,60.84375,315.0,152.0,150.28125,67.09375,5.28125,1.34375,1.96875,0.09375,226.75,83.1875,121.6875,43.0,35.0625,23.71875,12.09375,9.78125,19.375,16.78125,9.5,8.0625,247.375,102.875,134.5,54.375,15.1875,9.0,8.65625,6.40625,18.625,11.8125,0.125,0.0625,166.46875,11.1875,881.3125,17,1,3,0,3,4,2,0,0,0,2,0,2,0,180.34,190.5,170.0,22.0,28.0,0,0,0,0,0,0,0,0,0,1,0,0,0,0,0,1,0,0,0,0,1,0,0,0
Red,False,0.75,0.0,0.7150000000000001,0.5875,0.0,0.0,0.25,0.5,0.25,0.0,38.25,26.75,12.25,6.0,59.0,41.5,17.75,11.25,0.0,0.0,0.75,0.0,26.5,15.25,7.5,2.5,8.5,8.25,4.0,2.75,3.25,3.25,0.75,0.75,8.25,5.0,8.25,3.0,9.0,8.5,4.0,3.0,21.0,13.25,0.0,0.0,139.0,17.5,183.75,3,0,3,0,3,3,0,0,0,0,0,2,1,0,172.72,172.72,135.0,0.125,0.0,0.5165625,0.4646875,0.40625,0.14625,0.0,0.5,0.0,0.125,111.21875,58.90625,70.71875,31.4375,159.375,101.75,112.28125,68.90625,2.1875,1.4375,7.96875,1.28125,90.03125,40.8125,58.90625,21.78125,14.4375,12.53125,9.21875,7.3125,6.75,5.5625,2.59375,2.34375,72.6875,36.46875,59.46875,23.25,15.3125,8.5,10.46875,7.40625,23.21875,13.9375,0.78125,0.78125,251.0,208.28125,879.375,17,0,1,0,2,4,2,0,0,2,1,1,0,0,170.18,175.26,135.0,23.0,29.0,1,0,0,0,0,0,0,0,0,0,0,0,0,0,0,1,0,0,0,0,1,0,0,0
Red,False,0.0,0.25,0.5725,0.5275000000000001,0.4125,0.33,0.0,0.5,0.0,0.0,54.0,32.75,61.5,33.0,65.25,43.0,117.75,85.5,3.75,2.25,1.5,1.0,26.75,11.0,45.25,19.25,21.25,19.0,12.0,11.0,6.0,2.75,4.25,2.75,21.5,8.75,24.0,9.25,19.25,15.25,32.75,20.25,13.25,8.75,4.75,3.5,207.25,151.0,571.25,5,0,0,2,1,1,2,0,0,1,0,0,0,0,180.34,180.34,185.0,1.0,0.0,0.83,0.7,0.0,0.25,0.0,0.0,0.0,0.0,24.0,20.0,10.0,7.0,40.0,33.0,10.0,7.0,0.0,0.0,4.0,1.0,24.0,20.0,8.0,5.0,0.0,0.0,2.0,2.0,0.0,0.0,0.0,0.0,5.0,4.0,10.0,7.0,4.0,4.0,0.0,0.0,15.0,12.0,0.0,0.0,8.0,167.0,202.0,1,0,1,0,1,1,0,0,0,0,0,1,0,0,185.42,187.96,185.0,35.0,33.0,0,0,0,0,0,0,0,1,0,0,0,0,0,0,0,0,0,1,0,0,0,0,0,1
Red,False,1.0,0.0,0.57,0.24,1.0,0.0,0.0,0.0,0.0,0.0,42.0,24.0,54.0,13.0,48.0,30.0,55.0,14.0,1.0,1.0,1.0,0.0,34.0,17.0,47.0,8.0,4.0,3.0,3.0,1.0,4.0,4.0,4.0,4.0,28.0,14.0,52.0,11.0,0.0,0.0,2.0,2.0,14.0,10.0,0.0,0.0,100.0,16.0,299.0,1,0,1,0,1,1,0,0,0,0,0,1,0,0,172.72,172.72,170.0,0.0,0.0,0.41,0.57,0.5,0.66,0.0,0.0,0.0,3.0,74.0,31.0,77.0,44.0,141.0,81.0,121.0,81.0,6.0,3.0,3.0,2.0,49.0,7.0,51.0,23.0,14.0,14.0,18.0,13.0,11.0,10.0,8.0,8.0,51.0,18.0,60.0,28.0,13.0,10.0,8.0,8.0,10.0,3.0,9.0,8.0,389.0,114.0,900.0,3,1,1,0,1,1,0,0,0,1,0,0,0,0,175.26,180.34,185.0,31.0,21.0,0,0,0,0,0,0,0,0,0,1,0,0,0,0,0,1,0,0,0,0,0,0,1,0
Red,False,0.285675048828125,0.750335693359375,0.1950119018554687,0.4136672973632812,0.041893310546875,0.11090087890625,0.268890380859375,0.0108642578125,0.126953125,0.0078125,41.53997802734375,14.76556396484375,49.09320068359375,20.048065185546875,45.98062133789063,18.490509033203125,58.161712646484375,26.8138427734375,1.720428466796875,0.325408935546875,1.3411865234375,0.417510986328125,36.597686767578125,11.663055419921877,41.74948120117188,14.544342041015623,4.79296875,3.05474853515625,4.720794677734375,3.678192138671875,0.149322509765625,0.047760009765625,2.6229248046875,1.825531005859375,34.4293212890625,10.321533203125,41.18316650390625,16.160003662109375,6.0955810546875,3.745269775390625,4.35186767578125,2.707061767578125,1.01507568359375,0.698760986328125,3.55816650390625,1.180999755859375,52.34600830078125,95.24417114257812,337.4185485839844,32,0,4,0,4,11,5,0,0,2,2,2,5,0,182.88,182.88,170.0,0.34375,0.015625,0.30890625,0.424921875,0.009765625,0.740703125,0.109375,0.0703125,0.34375,0.0546875,156.53125,51.796875,102.9375,47.09375,232.375,119.9453125,151.875,93.9296875,0.078125,0.03125,10.1328125,8.046875,117.3984375,27.9921875,82.125,33.5234375,17.1015625,10.265625,14.21875,10.8828125,22.03125,13.5390625,6.59375,2.6875,141.703125,43.1328125,77.9375,30.1796875,5.6171875,1.375,5.453125,2.828125,9.2109375,7.2890625,19.546875,14.0859375,36.359375,489.015625,1059.984375,24,2,0,1,5,5,3,0,0,1,1,3,0,0,187.96,190.5,170.0,31.0,29.0,0,0,0,0,0,0,0,0,0,1,0,0,0,0,0,1,0,0,0,0,1,0,0,0
Red,False,0.0,0.0,0.64,0.41,0.0,0.6,3.0,1.0,2.0,1.0,54.0,35.0,34.0,14.0,117.0,97.0,45.0,24.0,0.0,0.0,5.0,3.0,43.0,26.0,24.0,6.0,7.0,5.0,8.0,6.0,4.0,4.0,2.0,2.0,34.0,18.0,29.0,12.0,8.0,6.0,5.0,2.0,12.0,11.0,0.0,0.0,377.0,230.0,769.0,3,0,1,0,1,1,0,0,0,0,0,0,1,0,190.5,190.5,185.0,0.03125,0.03125,0.435,0.4525,0.21625,0.549375,0.0,0.25,0.03125,0.0,194.21875,85.6875,134.125,58.46875,208.875,99.40625,149.25,71.09375,3.90625,1.65625,2.375,0.75,162.875,61.3125,90.46875,29.125,16.875,13.8125,17.09375,11.65625,14.46875,10.5625,26.5625,17.6875,184.71875,79.625,123.65625,50.25,8.21875,5.28125,9.0,6.90625,1.28125,0.78125,1.46875,1.3125,125.15625,98.40625,880.0,16,0,2,0,3,5,1,0,0,1,3,1,0,0,185.42,187.96,185.0,30.0,25.0,0,0,0,0,0,0,0,1,0,0,0,0,0,0,0,0,0,1,0,0,1,0,0,0
Blue,False,0.078125,0.00048828125,0.4030419921875,0.2789892578125,0.249970703125,0.2283251953125,0.07275390625,0.25390625,0.00048828125,0.0009765625,140.5361328125,54.38037109375,166.92919921875,44.94384765625,164.66357421875,76.6484375,184.13427734375,60.6005859375,4.69873046875,1.779296875,6.4873046875,1.57861328125,104.2568359375,29.048828125,148.4912109375,34.23291015625,18.66015625,11.2919921875,11.5009765625,5.44189453125,17.619140625,14.03955078125,6.93701171875,5.26904296875,116.6640625,38.53955078125,151.828125,36.32568359375,19.1552734375,12.896484375,12.99755859375,7.57568359375,4.716796875,2.9443359375,2.103515625,1.04248046875,142.9814453125,141.40283203125,833.96630859375,31,0,0,2,4,8,4,0,0,0,5,1,2,0,172.72,177.8,155.0,0.15625,0.375,0.4511328125,0.4334375,0.3085546875,0.000546875,0.01953125,0.0078125,0.0,0.0,99.49609375,49.79296875,91.26171875,37.59375,130.47265625,76.16015625,99.484375,45.59375,3.70703125,2.07421875,0.30859375,0.00390625,74.16015625,30.71484375,59.58984375,20.78515625,14.5078125,9.859375,18.7578125,9.69921875,10.828125,9.21875,12.9140625,7.109375,78.40625,35.58203125,87.984375,35.36328125,3.828125,3.0390625,2.6328125,1.7265625,17.26171875,11.171875,0.64453125,0.50390625,177.54296875,3.875,591.8359375,18,0,4,0,4,7,2,0,0,0,3,2,2,0,185.42,185.42,155.0,28.0,30.0,0,0,0,0,0,0,1,0,0,0,0,0,0,0,0,0,0,1,0,0,1,0,0,0
Blue,False,0.0,0.0,0.19,0.31,0.0,0.3,1.5,0.5,1.0,0.0,18.5,6.0,27.0,16.5,25.5,12.5,58.5,47.5,0.5,0.0,5.0,3.0,14.5,4.5,15.5,6.5,2.5,1.5,9.5,9.0,1.5,0.0,2.0,1.0,14.5,4.0,10.5,3.0,3.5,1.5,1.5,1.0,0.5,0.5,15.0,12.5,88.0,273.0,485.5,4,0,0,2,0,0,2,0,0,0,0,0,0,0,172.72,185.42,155.0,0.125,0.5,0.49625,0.5075000000000001,0.25,0.18125,0.375,0.125,0.25,0.0,45.625,22.125,45.0,21.875,55.375,31.875,62.375,36.5,0.25,0.25,4.75,1.0,35.375,13.625,30.125,11.5,9.375,7.875,6.5,4.25,0.875,0.625,8.375,6.125,31.375,11.0,30.75,13.5,13.5,10.5,5.125,2.125,0.75,0.625,9.125,6.25,67.25,128.25,418.25,8,0,0,1,2,2,2,0,0,1,0,0,1,0,185.42,185.42,170.0,31.0,29.0,0,0,0,0,0,0,0,0,0,1,0,0,0,0,0,0,0,1,0,0,1,0,0,0
Red,False,0.0,0.0,0.4325,0.32,0.285,0.375,0.75,1.125,0.125,0.25,80.75,36.125,97.0,29.625,124.125,75.125,129.75,56.625,2.75,1.5,3.5,1.75,58.375,23.625,69.125,14.5,18.5,9.625,10.75,5.875,3.875,2.875,17.125,9.25,68.0,26.25,86.375,23.875,4.5,2.75,3.625,2.5,8.25,7.125,7.0,3.25,229.25,304.0,900.0,12,0,2,0,2,2,2,0,0,1,1,0,0,0,180.34,185.42,145.0,0.25,0.5,0.19890625,0.419296875,0.136875,0.0078125,0.90625,0.234375,0.0,0.0,50.953125,14.3125,25.5234375,10.171875,72.1875,32.515625,34.7890625,18.546875,2.0234375,0.875,0.03125,0.015625,45.765625,10.53125,22.609375,7.3828125,4.3125,2.90625,0.8125,0.8125,0.875,0.875,2.1015625,1.9765625,37.5,5.90625,20.078125,6.765625,5.3125,3.375,2.3125,1.4375,8.140625,5.03125,3.1328125,1.96875,140.0234375,23.1796875,292.1015625,16,0,1,0,5,6,2,0,0,0,4,2,0,0,177.8,180.34,145.0,30.0,29.0,0,0,1,0,0,0,0,0,0,0,0,0,0,0,0,1,0,0,0,0,1,0,0,0
Red,False,0.5,0.0,0.4649999999999999,0.37,0.25,0.75,0.0,0.5,0.0,0.5,27.0,12.5,51.0,20.5,37.5,21.5,70.0,37.0,1.0,0.5,6.0,4.5,21.0,8.5,39.0,13.5,2.5,2.0,10.5,6.0,3.5,2.0,1.5,1.0,21.0,8.5,21.5,8.0,3.0,1.0,20.5,8.5,3.0,3.0,9.0,4.0,58.0,400.5,598.5,4,0,1,0,1,1,1,0,0,0,0,1,0,0,180.34,193.04,170.0,0.0471682548522949,0.0,0.45,0.4217682266235352,0.25,0.19173828125,0.1875,0.125,0.0,0.0,69.5,30.5,66.984375,27.8466796875,94.0,48.544921875,88.50390625,44.75,2.0,0.8125,2.015625,0.6640625,54.0,19.01513671875,51.483436584472656,16.9437255859375,7.91796875,5.430633544921875,7.75,5.0625,4.780975341796875,3.9373779296875,4.8994140625,3.84375,51.025390625,18.400863647460938,50.515625,17.5,5.75,3.75,5.5,3.5,5.375,3.6875,4.0,2.65625,104.865234375,89.5,655.8441009521484,0,0,0,0,0,0,0,0,0,0,0,0,0,0,182.88,190.5,185.0,32.0,29.0,0,0,0,0,0,0,0,0,0,1,0,0,0,0,0,1,0,0,0,0,0,0,1,0
Blue,False,0.546875,0.25,0.6734375,0.74140625,0.1665625,0.0,0.140625,0.125,0.0,0.03125,19.546875,10.984375,12.03125,6.9375,22.0,13.3125,19.25,13.890625,0.515625,0.375,1.53125,0.0,14.375,6.421875,7.8125,3.203125,1.984375,1.578125,1.1875,1.125,3.1875,2.984375,3.03125,2.609375,11.21875,3.90625,8.328125,3.640625,6.4375,5.984375,2.453125,2.296875,1.890625,1.09375,1.25,1.0,42.8125,49.171875,188.28125,11,0,1,0,3,5,2,0,0,0,1,3,1,0,198.12,200.66,255.0,0.5,0.5,0.75,0.38,0.5,0.0,0.0,0.0,0.0,0.0,47.5,35.0,33.0,13.5,60.0,46.5,47.0,25.0,0.5,0.5,1.0,0.0,27.0,16.5,27.0,10.5,19.5,17.5,2.0,1.5,1.0,1.0,4.0,1.5,15.5,9.0,23.5,8.0,16.5,14.5,8.5,5.0,15.5,11.5,1.0,0.5,200.0,0.0,385.5,4,0,1,0,1,1,1,0,0,0,0,1,0,0,193.04,203.2,265.0,31.0,33.0,0,0,0,0,1,0,0,0,0,0,0,0,0,0,0,1,0,0,0,0,1,0,0,0
Red,False,0.0,0.0,0.515625,0.348125,0.3125,0.078125,0.5,0.0,0.0,0.125,44.3125,22.0,18.9375,7.9375,57.875,33.5,37.5,24.25,0.75,0.625,2.75,0.6875,38.0625,17.125,11.5625,3.375,5.4375,4.375,3.375,1.1875,0.8125,0.5,4.0,3.375,33.0625,11.9375,15.5,5.4375,1.8125,1.8125,0.8125,0.75,9.4375,8.25,2.625,1.75,70.9375,100.0,333.25,11,0,2,0,2,3,2,0,0,0,2,1,0,0,175.26,180.34,135.0,0.0625,0.0,0.5609375,0.384375,0.404375,0.3496875,1.8125,0.0,0.3125,0.03125,122.3125,63.59375,135.90625,51.84375,145.28125,80.96875,143.03125,57.9375,4.3125,2.15625,3.75,0.90625,95.125,41.28125,110.1875,32.375,23.21875,18.6875,11.0625,6.4375,3.96875,3.625,14.65625,13.03125,108.03125,53.8125,128.15625,46.40625,5.28125,3.8125,7.40625,5.40625,9.0,5.96875,0.34375,0.03125,233.65625,73.0,903.1875,20,2,1,0,2,4,2,0,0,0,1,0,3,0,167.64,170.18,135.0,33.0,34.0,1,0,0,0,0,0,0,0,0,0,0,0,0,0,0,0,0,1,0,0,1,0,0,0
Blue,False,0.5,0.0,0.32875,0.38125,0.09375,0.215625,0.1875,0.5,0.0,0.125,74.625,23.6875,75.6875,26.3125,77.125,25.9375,82.625,31.8125,0.9375,0.375,5.25,2.0625,71.3125,21.0,63.1875,18.125,2.25,1.6875,7.5625,3.4375,1.0625,1.0,4.9375,4.75,64.375,17.8125,62.8125,20.375,7.625,3.8125,8.5,3.125,2.625,2.0625,4.375,2.8125,24.4375,139.8125,737.5,12,1,4,0,4,4,1,0,0,1,1,2,0,0,175.26,177.8,135.0,0.1875,0.3125,0.3225,0.404375,0.3349999999999999,0.200625,0.0625,0.125,0.5,0.0625,169.1875,55.375,167.8125,65.0,185.8125,70.1875,182.1875,75.75,3.9375,2.25,4.8125,1.5625,142.0,36.9375,141.875,47.5625,15.375,8.5,17.9375,10.0625,11.8125,9.9375,8.0,7.375,148.75,43.0625,150.0625,54.8125,16.6875,10.5625,15.125,9.25,3.75,1.75,2.625,0.9375,158.8125,81.8125,752.125,10,0,0,1,2,3,2,0,0,1,0,1,1,0,167.64,172.72,135.0,22.0,34.0,1,0,0,0,0,0,0,0,0,0,0,0,0,0,0,1,0,0,0,0,1,0,0,0
Blue,False,0.0,0.25,0.482626953125,0.5804052734375,0.2117236328125,0.323310546875,0.09375,0.14892578125,0.03125,0.015625,39.66357421875,19.53173828125,35.74853515625,18.95703125,106.04833984375,79.38720703125,56.923828125,38.7177734375,2.6494140625,1.23681640625,3.43359375,1.66015625,27.61572265625,10.91064453125,29.1181640625,13.86181640625,9.75146484375,7.21728515625,6.23876953125,4.73876953125,2.29638671875,1.40380859375,0.3916015625,0.3564453125,15.62939453125,3.82958984375,14.46484375,3.26513671875,10.279296875,6.60498046875,7.3857421875,5.0927734375,13.7548828125,9.09716796875,13.89794921875,10.59912109375,230.4599609375,162.45556640625,455.2841796875,30,3,0,1,3,6,6,0,0,0,5,0,1,0,185.42,185.42,205.0,0.3359375,0.15625,0.5008984375,0.5028125,0.37177734375,0.4604882812499999,0.62890625,0.380859375,0.0,0.25390625,102.611328125,51.939453125,128.392578125,65.541015625,140.642578125,87.642578125,170.353515625,104.666015625,4.578125,2.13671875,7.150390625,3.521484375,80.08984375,35.888671875,102.02734375,44.34765625,11.015625,7.00390625,16.5859375,13.962890625,11.505859375,9.046875,9.779296875,7.23046875,71.484375,29.763671875,96.935546875,41.740234375,18.88671875,13.7734375,16.4296875,12.337890625,12.240234375,8.40234375,15.02734375,11.462890625,287.21875,194.033203125,975.033203125,29,3,0,1,2,5,5,0,0,0,0,5,0,0,185.42,193.04,205.0,36.0,31.0,0,0,0,0,0,1,0,0,0,0,0,0,0,0,0,0,0,1,0,0,1,0,0,0
Red,False,0.4375,0.0,0.3775,0.306875,0.0,0.396875,0.0,0.1875,0.0,0.0,197.9375,79.1875,221.8125,65.125,201.0,81.75,227.3125,68.625,0.5,0.0,7.25,2.6875,164.125,57.125,192.875,44.3125,28.5,17.0,16.0625,8.1875,5.3125,5.0625,12.875,12.625,188.5625,73.625,198.25,52.125,6.6875,4.5,8.1875,4.875,2.6875,1.0625,15.375,8.125,10.5625,138.9375,817.5625,12,0,0,1,3,3,2,0,0,1,1,1,0,0,180.34,175.26,145.0,1.0,0.0,0.6,0.29,0.0,0.0,0.0,0.0,0.0,0.0,35.0,21.0,41.0,12.0,36.0,22.0,41.0,12.0,0.0,0.0,0.0,0.0,34.0,20.0,34.0,7.0,1.0,1.0,2.0,2.0,0.0,0.0,5.0,3.0,29.0,16.0,41.0,12.0,0.0,0.0,0.0,0.0,6.0,5.0,0.0,0.0,5.0,0.0,67.0,1,0,1,0,1,1,0,0,0,0,0,1,0,0,175.26,187.96,155.0,21.0,25.0,0,0,1,0,0,0,0,0,0,0,0,0,0,0,0,1,0,0,0,0,0,0,1,0
Red,False,0.44140625,0.501953125,0.4780664062499999,0.50107421875,0.149072265625,0.21810546875,1.0390625,0.064453125,0.50390625,0.0,49.2158203125,22.9169921875,70.4755859375,36.0869140625,84.923828125,54.2568359375,93.8935546875,58.46875,0.42578125,0.244140625,3.9326171875,1.525390625,40.064453125,16.2802734375,47.41796875,19.6142578125,5.822265625,3.3740234375,17.97265625,13.0283203125,3.3291015625,3.2626953125,5.0849609375,3.4443359375,38.2041015625,14.7783203125,35.0537109375,14.0458984375,7.0595703125,5.2158203125,17.4072265625,12.302734375,3.9521484375,2.9228515625,18.0146484375,9.73828125,42.76171875,300.06640625,554.2626953125,22,0,0,1,4,8,3,0,0,1,2,3,2,0,182.88,187.96,170.0,0.2841796875,0.5,0.5352947998046875,0.374786376953125,0.310582275390625,0.036143798828125,1.09381103515625,0.03375244140625,0.08203125,0.0751953125,71.1905517578125,37.2337646484375,56.117431640625,22.147216796875,82.84259033203125,47.5986328125,62.5491943359375,26.978271484375,2.086669921875,0.63885498046875,1.32080078125,0.19769287109375,53.9193115234375,22.83392333984375,47.93212890625,16.03350830078125,14.3695068359375,12.3897705078125,5.6143798828125,3.7669677734375,2.9017333984375,2.01007080078125,2.5709228515625,2.34674072265625,45.05902099609375,16.3492431640625,45.9434814453125,16.89892578125,17.6197509765625,13.7073974609375,3.58612060546875,1.71148681640625,8.51177978515625,7.1771240234375,6.58782958984375,3.53680419921875,70.6553955078125,129.335205078125,446.7420654296875,33,0,1,0,5,10,5,0,0,0,2,7,1,0,182.88,190.5,170.0,37.0,32.0,0,0,0,0,0,0,0,0,0,1,0,0,0,0,0,1,0,0,0,0,1,0,0,0
Blue,False,0.03125,0.25,0.5025,0.44046875,0.33484375,0.8021875,0.171875,1.671875,0.53125,0.171875,55.15625,22.8125,99.9375,43.5625,72.03125,38.0625,153.71875,90.265625,6.5,2.8125,3.75,2.8125,33.609375,7.125,79.140625,25.65625,5.40625,3.390625,8.296875,7.265625,16.140625,12.296875,12.5,10.640625,45.671875,17.5,81.46875,33.03125,6.59375,3.40625,8.859375,5.546875,2.890625,1.90625,9.609375,4.984375,237.8125,245.703125,831.28125,19,0,4,0,4,4,3,0,0,2,0,2,0,0,170.18,182.88,170.0,0.0,0.0,0.57,0.41,0.66,0.5,0.0,0.0,3.0,0.0,77.0,44.0,74.0,31.0,121.0,81.0,141.0,81.0,3.0,2.0,6.0,3.0,51.0,23.0,49.0,7.0,18.0,13.0,14.0,14.0,8.0,8.0,11.0,10.0,60.0,28.0,51.0,18.0,8.0,8.0,13.0,10.0,9.0,8.0,10.0,3.0,114.0,389.0,900.0,3,1,0,1,0,0,1,0,0,0,0,0,0,0,182.88,200.66,185.0,30.0,29.0,0,0,0,0,0,0,0,1,0,0,0,0,0,0,0,1,0,0,0,0,1,0,0,0
Blue,False,0.703125,0.125,0.2971875,0.58296875,0.0390625,0.459296875,0.0,1.421875,0.0390625,0.0,63.8984375,20.3828125,72.609375,38.1015625,66.6484375,22.5078125,122.921875,80.078125,0.171875,0.0390625,5.2109375,2.8046875,48.765625,11.5390625,66.2578125,33.5234375,10.109375,5.125,2.734375,1.1640625,5.0234375,3.71875,3.6171875,3.4140625,52.8046875,13.6328125,31.1953125,7.9140625,4.7265625,3.5703125,0.875,0.7265625,6.3671875,3.1796875,40.5390625,29.4609375,65.3828125,383.2734375,713.671875,19,1,0,1,3,4,4,0,0,0,2,2,0,0,177.8,185.42,155.0,0.0313720703125,0.375,0.276160888671875,0.4370703125,0.109232177734375,0.6314160156249999,1.87109375,1.28125,1.0177001953125,0.502197265625,95.27197265625,29.5491943359375,152.190185546875,68.20556640625,101.021728515625,35.0048828125,156.416015625,71.406494140625,1.8443603515625,0.537841796875,1.67578125,1.0498046875,87.4437255859375,23.971435546875,122.3759765625,45.4920654296875,4.5699462890625,3.3199462890625,20.726318359375,16.2760009765625,3.25830078125,2.2578125,9.087890625,6.4375,84.8809814453125,22.2266845703125,127.1162109375,49.6734619140625,6.1676025390625,3.8756103515625,18.945556640625,14.086181640625,4.223388671875,3.4468994140625,6.12841796875,4.4459228515625,101.0770263671875,125.3009033203125,671.2930908203125,25,0,3,0,3,9,5,0,0,0,0,2,7,0,177.8,180.34,155.0,27.0,29.0,0,0,0,0,0,0,1,0,0,0,0,0,0,0,0,0,0,1,0,0,1,0,0,0
Red,False,0.078369140625,0.01220703125,0.2447802734374999,0.331572265625,0.5295166015625,0.06443359375,0.65625,0.15625,0.0029296875,0.001708984375,154.30029296875,50.509521484375,160.682373046875,56.09765625,157.3291015625,53.130615234375,163.9248046875,58.928466796875,1.4716796875,0.641845703125,0.798828125,0.17138671875,134.490234375,37.796630859375,134.621826171875,36.67333984375,13.77734375,6.89892578125,15.68798828125,10.333251953125,6.03271484375,5.81396484375,10.37255859375,9.091064453125,150.086669921875,47.107177734375,153.386474609375,51.68408203125,3.1416015625,2.525634765625,4.052001953125,2.404052734375,1.072021484375,0.876708984375,3.243896484375,2.009521484375,46.564697265625,32.030029296875,536.04931640625,26,0,2,0,2,8,5,0,0,0,1,1,6,0,185.42,185.42,145.0,0.0,0.53125,0.396796875,0.46984375,0.31765625,0.02625,0.09375,0.0078125,0.0,0.0,86.71875,36.5703125,89.59375,41.21875,97.453125,44.984375,114.515625,63.5078125,12.1953125,3.84375,1.8359375,0.1875,72.0078125,24.859375,62.8046875,21.625,7.796875,5.484375,10.3828125,7.5625,6.9140625,6.2265625,16.40625,12.03125,75.3671875,29.0390625,79.6484375,33.5234375,9.328125,6.1328125,8.21875,6.71875,2.0234375,1.3984375,1.7265625,0.9765625,224.796875,94.5234375,848.9140625,17,1,0,1,2,3,5,0,0,0,1,0,2,0,165.1,170.18,135.0,29.0,32.0,0,0,1,0,0,0,0,0,0,0,0,0,0,0,0,1,0,0,0,0,1,0,0,0
Blue,False,0.0,0.0,0.55,0.56,0.0,0.0,0.0,0.0,0.0,0.0,84.0,47.0,50.0,28.0,94.0,57.0,57.0,35.0,2.0,0.0,4.0,0.0,65.0,33.0,14.0,5.0,7.0,5.0,7.0,3.0,12.0,9.0,29.0,20.0,82.0,45.0,46.0,25.0,2.0,2.0,4.0,3.0,0.0,0.0,0.0,0.0,42.0,71.0,633.0,3,0,1,0,1,1,0,0,1,0,0,0,0,0,190.5,203.2,205.0,1.0,1.0,0.7,0.38,1.0,0.0,0.0,0.0,0.0,0.0,27.0,19.0,18.0,7.0,44.0,31.0,37.0,23.0,1.0,1.0,0.0,0.0,16.0,9.0,17.0,6.0,10.0,9.0,1.0,1.0,1.0,1.0,0.0,0.0,11.0,6.0,12.0,5.0,9.0,8.0,3.0,1.0,7.0,5.0,3.0,1.0,59.0,108.0,275.0,1,0,1,0,1,1,0,0,0,0,0,1,0,0,190.5,187.96,205.0,30.0,32.0,0,0,0,0,0,1,0,0,0,0,0,0,0,0,0,0,0,1,0,0,1,0,0,0
Red,False,0.0625,0.25,0.471875,0.26,0.43375,0.05,0.6875,0.0,0.25,0.0,18.8125,7.8125,16.3125,8.0625,26.375,13.8125,32.4375,20.9375,1.9375,1.1875,0.625,0.25,16.3125,5.9375,13.1875,5.3125,1.3125,1.1875,2.625,2.25,1.1875,0.6875,0.5,0.5,15.375,5.0,11.5,4.75,1.75,1.4375,2.5625,2.0625,1.6875,1.375,2.25,1.25,67.0,52.5,191.625,7,0,2,0,2,3,2,0,0,0,0,0,3,0,170.18,175.26,145.0,0.375,0.125,0.475,0.3175,0.3125,0.395,0.625,0.375,0.0,0.0,39.0,18.0,55.0,19.375,62.0,38.625,74.625,36.0,1.125,0.875,2.875,0.75,29.375,11.25,47.0,12.625,4.25,3.125,5.25,4.25,5.375,3.625,2.75,2.5,28.25,11.5,44.5,12.875,1.875,1.125,2.125,1.5,8.875,5.375,8.375,5.0,168.25,65.875,477.375,8,1,1,0,2,3,1,0,0,0,1,0,2,0,170.18,162.56,145.0,28.0,26.0,0,0,1,0,0,0,0,0,0,0,0,0,0,0,0,1,0,0,0,0,1,0,0,0
Blue,False,0.015625,0.0,0.45,0.4275,0.25,0.2,0.148468017578125,0.098388671875,0.0,0.0,66.5,29.6875,64.31230545043945,27.34375,89.75,48.0,85.53125,44.41152191162109,2.0,0.75,2.0546875,0.75,51.1875,18.3359375,49.6123046875,16.280410766601562,7.5,5.07647705078125,7.5,5.0,4.5,3.625,4.984375,3.9375,48.6875,17.0,47.11572265625,16.5,5.75,3.75,5.3125,3.4375,5.0625,3.5,3.875,2.5,99.2119140625,94.125,638.5,0,0,0,0,0,0,0,0,0,0,0,0,0,0,190.5,193.04,155.0,0.25,0.5625,0.3093749999999999,0.311875,0.701875,0.54125,0.25,1.0,0.5,0.5,53.5,20.3125,33.9375,10.0625,86.75,47.625,47.4375,21.1875,4.25,2.375,1.1875,1.125,43.25,14.625,27.9375,7.5625,7.5625,3.625,2.75,1.1875,2.6875,2.0625,3.25,1.3125,39.6875,12.8125,28.9375,7.1875,5.625,2.6875,2.75,1.1875,8.1875,4.8125,2.25,1.6875,243.5,114.8125,495.5,10,1,0,1,3,3,2,0,0,0,2,1,0,0,180.34,190.5,155.0,26.0,25.0,0,0,0,0,0,0,1,0,0,0,0,0,0,0,0,1,0,0,0,0,1,0,0,0
Blue,False,0.0,0.0,0.4525,0.45375,0.17625,0.51625,1.5625,2.5,0.0,0.0,90.625,39.8125,84.0,39.3125,155.4375,96.875,156.0,102.9375,2.8125,0.6875,3.6875,2.3125,75.1875,26.5,59.0625,19.625,12.6875,11.0,15.0,11.875,2.75,2.3125,9.9375,7.8125,52.3125,18.875,50.1875,14.9375,25.0625,13.6875,16.4375,13.125,13.25,7.25,17.375,11.25,221.8125,362.375,808.375,13,0,3,0,3,4,1,0,0,0,3,0,1,0,180.34,177.8,145.0,0.0,0.0,0.55,0.420625,0.439375,0.26125,0.0,0.5,0.0,1.125,76.375,40.9375,84.6875,32.9375,173.3125,119.8125,116.75,57.1875,8.25,2.6875,3.0,0.9375,58.0,26.4375,70.125,21.4375,13.4375,10.0625,9.625,6.875,4.9375,4.4375,4.9375,4.625,44.375,15.75,72.6875,24.5625,14.4375,12.3125,5.375,3.4375,17.5625,12.875,6.625,4.9375,388.0,160.875,856.9375,13,0,0,3,2,2,3,0,0,0,2,0,0,0,167.64,177.8,145.0,26.0,37.0,0,0,1,0,0,0,0,0,0,0,0,0,0,0,0,1,0,0,0,0,1,0,0,0
Red,False,0.015625,0.0,0.45,0.4275,0.25,0.2,0.148468017578125,0.098388671875,0.0,0.0,66.5,29.6875,64.31230545043945,27.34375,89.75,48.0,85.53125,44.41152191162109,2.0,0.75,2.0546875,0.75,51.1875,18.3359375,49.6123046875,16.280410766601562,7.5,5.07647705078125,7.5,5.0,4.5,3.625,4.984375,3.9375,48.6875,17.0,47.11572265625,16.5,5.75,3.75,5.3125,3.4375,5.0625,3.5,3.875,2.5,99.2119140625,94.125,638.5,0,0,0,0,0,0,0,0,0,0,0,0,0,0,165.1,165.1,125.0,1.5,0.0,0.4225,0.31,0.0,0.25,0.0,0.25,0.0,0.0,149.0,61.25,91.5,35.25,162.5,73.0,101.25,43.0,0.0,0.0,2.25,0.5,106.25,36.25,72.25,24.0,34.0,20.25,12.75,6.5,8.75,4.75,6.5,4.75,131.0,51.5,83.75,30.75,4.75,3.0,1.75,0.5,13.25,6.75,6.0,4.0,63.5,56.5,557.0,7,0,0,1,2,2,1,0,0,0,1,1,0,0,160.02,170.18,135.0,31.0,23.0,0,0,0,1,0,0,0,0,0,0,0,0,0,0,0,1,0,0,0,0,1,0,0,0
Red,False,0.015625,0.0,0.45,0.4275,0.25,0.2,0.148468017578125,0.098388671875,0.0,0.0,66.5,29.6875,64.31230545043945,27.34375,89.75,48.0,85.53125,44.41152191162109,2.0,0.75,2.0546875,0.75,51.1875,18.3359375,49.6123046875,16.280410766601562,7.5,5.07647705078125,7.5,5.0,4.5,3.625,4.984375,3.9375,48.6875,17.0,47.11572265625,16.5,5.75,3.75,5.3125,3.4375,5.0625,3.5,3.875,2.5,99.2119140625,94.125,638.5,0,0,0,0,0,0,0,0,0,0,0,0,0,0,187.96,193.04,205.0,2.0,0.0,0.37,0.52,0.0,0.0,0.0,0.0,0.0,0.0,111.0,42.0,73.0,38.0,124.0,46.0,74.0,39.0,0.0,0.0,2.0,0.0,80.0,27.0,60.0,25.0,30.0,14.0,6.0,6.0,1.0,1.0,7.0,7.0,99.0,35.0,61.0,32.0,3.0,3.0,12.0,6.0,9.0,4.0,0.0,0.0,53.0,0.0,900.0,3,1,1,0,1,1,0,0,0,0,1,0,0,0,185.42,198.12,185.0,29.0,28.0,0,0,0,0,0,0,0,1,0,0,0,0,0,0,0,1,0,0,0,0,0,0,1,0
Blue,False,0.015625,0.53125,0.25109375,0.6790625,0.18609375,0.015625,0.4375,0.03125,0.0,0.28125,20.03125,9.96875,17.53125,7.015625,24.5,13.59375,22.03125,11.078125,2.515625,0.859375,0.046875,0.015625,19.34375,9.296875,15.5625,5.3125,0.0625,0.046875,1.65625,1.515625,0.625,0.625,0.3125,0.1875,6.796875,1.640625,13.515625,4.25,1.28125,0.84375,0.984375,0.734375,11.953125,7.484375,3.03125,2.03125,77.234375,16.328125,185.03125,11,0,0,3,3,3,4,0,0,0,0,1,2,0,190.5,190.5,205.0,0.0,0.125,0.3425,0.3924999999999999,0.33,0.125,0.5,0.0,0.0,0.0,101.25,23.0,161.5,48.875,105.25,26.25,168.125,54.5,2.625,1.0,1.0,0.25,80.0,10.25,148.5,40.75,8.25,4.875,9.375,4.5,13.0,7.875,3.625,3.625,93.375,18.375,157.75,46.0,3.625,3.0,2.0,2.0,4.25,1.625,1.75,0.875,43.0,74.25,673.25,9,1,0,2,1,1,3,0,0,0,0,0,1,0,190.5,190.5,205.0,40.0,29.0,0,0,0,0,0,1,0,0,0,0,0,0,0,0,0,1,0,0,0,0,1,0,0,0
Red,True,0.25,0.0,0.4649999999999999,0.2625,0.625,0.0,1.75,0.0,0.0,1.0,104.5,46.0,85.5,31.75,152.25,87.75,95.25,39.0,2.5,2.25,2.25,0.0,93.0,36.5,74.5,24.5,8.0,6.5,1.75,1.0,3.5,3.0,9.25,6.25,89.0,35.25,83.0,30.75,3.5,3.0,2.5,1.0,12.0,7.75,0.0,0.0,192.25,115.5,635.0,7,0,3,0,3,3,0,0,0,0,0,1,2,0,170.18,182.88,145.0,0.375,0.0,0.37625,0.3375,0.06875,0.15875,0.125,0.0,0.0,0.0,173.5,58.875,180.375,47.125,181.875,66.375,199.375,63.0,1.125,0.625,9.875,1.25,156.5,47.75,137.5,19.875,6.125,2.375,21.25,11.0,10.875,8.75,21.625,16.25,162.375,52.625,168.625,39.125,3.25,1.25,7.875,5.5,7.875,5.0,3.875,2.5,116.0,120.375,1199.75,16,4,4,0,4,4,0,0,0,0,3,1,0,0,170.18,177.8,135.0,26.0,26.0,0,0,1,0,0,0,0,0,0,0,0,0,0,0,0,1,0,0,0,0,1,0,0,0
Red,False,0.5,0.0,0.525,0.485,0.0,0.62,0.0,0.0,0.0,0.0,114.5,60.5,125.5,61.0,126.0,72.0,142.5,76.5,1.0,0.0,9.0,5.0,75.0,31.5,105.0,44.0,31.0,21.5,15.0,12.5,8.5,7.5,5.5,4.5,62.5,27.5,88.0,38.0,48.5,30.5,21.0,15.0,3.5,2.5,16.5,8.0,165.5,242.5,741.0,5,0,0,1,1,1,1,0,0,0,0,1,0,0,185.42,185.42,185.0,0.0703125,0.0078125,0.2012499999999999,0.425234375,0.282265625,0.044375,0.359375,0.046875,0.0,0.5,70.0234375,15.515625,83.59375,39.015625,84.3984375,26.765625,89.3359375,43.6328125,10.140625,2.53125,0.4375,0.3125,62.7265625,9.7265625,60.9453125,20.1640625,2.1640625,0.9375,8.0,5.703125,5.1328125,4.8515625,14.6484375,13.1484375,57.4140625,10.6875,70.2578125,29.1640625,1.5546875,0.140625,1.953125,1.734375,11.0546875,4.6875,11.3828125,8.1171875,145.8359375,87.15625,915.75,20,1,0,1,5,5,3,0,0,1,1,0,3,0,185.42,198.12,185.0,31.0,31.0,0,0,0,0,0,0,0,1,0,0,0,0,0,0,0,1,0,0,0,0,1,0,0,0
Blue,False,0.0,0.0,0.3788671875,0.191171875,0.2576953125,0.211875,0.5390625,0.015625,0.0,0.0625,165.58203125,52.96875,92.5546875,19.51953125,178.86328125,64.8828125,96.625,23.21484375,3.00390625,1.5703125,1.796875,0.6875,148.49609375,42.8359375,76.51953125,11.0234375,13.46875,7.41796875,4.34375,1.34375,3.6171875,2.71484375,11.69140625,7.15234375,151.19140625,42.890625,88.37109375,17.5078125,4.44140625,3.484375,2.05859375,1.13671875,9.94921875,6.59375,2.125,0.875,148.6640625,36.83203125,744.24609375,23,0,5,0,5,7,2,0,0,0,4,0,3,0,187.96,200.66,205.0,0.329833984375,0.140625,0.519271240234375,0.3020654296875,0.528486328125,0.25906005859375,0.0340576171875,0.1279296875,0.0006103515625,0.0,45.432373046875,22.9971923828125,51.3675537109375,16.4971923828125,46.855712890625,24.3994140625,70.6046142578125,35.633544921875,0.765869140625,0.568359375,2.03173828125,0.6578369140625,29.953125,12.66259765625,27.036376953125,4.5865478515625,10.75927734375,7.629638671875,7.36376953125,3.8154296875,4.719970703125,2.7049560546875,16.9674072265625,8.09521484375,41.6710205078125,19.9378662109375,44.173583984375,11.509765625,1.0555419921875,0.3974609375,5.598876953125,4.0181884765625,2.705810546875,2.661865234375,1.5950927734375,0.96923828125,14.0205078125,74.0584716796875,689.0390625,35,4,8,0,8,11,3,0,0,1,5,4,1,0,185.42,187.96,185.0,28.0,35.0,0,0,0,0,0,1,0,0,0,0,0,0,0,0,0,1,0,0,0,0,0,0,1,0
Red,False,0.0,0.0,0.58,0.88,0.0,1.0,0.0,0.0,0.0,0.0,12.0,7.0,9.0,8.0,20.0,15.0,73.0,72.0,0.0,0.0,2.0,2.0,4.0,1.0,8.0,7.0,8.0,6.0,1.0,1.0,0.0,0.0,0.0,0.0,4.0,1.0,2.0,1.0,8.0,6.0,0.0,0.0,0.0,0.0,7.0,7.0,1.0,227.0,246.0,1,0,0,1,0,0,1,0,0,0,0,0,0,0,165.1,165.1,135.0,0.0471682548522949,0.0,0.45,0.4217682266235352,0.25,0.19173828125,0.1875,0.125,0.0,0.0,69.5,30.5,66.984375,27.8466796875,94.0,48.544921875,88.50390625,44.75,2.0,0.8125,2.015625,0.6640625,54.0,19.01513671875,51.483436584472656,16.9437255859375,7.91796875,5.430633544921875,7.75,5.0625,4.780975341796875,3.9373779296875,4.8994140625,3.84375,51.025390625,18.400863647460938,50.515625,17.5,5.75,3.75,5.5,3.5,5.375,3.6875,4.0,2.65625,104.865234375,89.5,655.8441009521484,0,0,0,0,0,0,0,0,0,0,0,0,0,0,172.72,175.26,145.0,23.0,25.0,0,0,0,0,0,0,0,0,0,0,1,0,0,0,0,1,0,0,0,0,1,0,0,0
Red,False,0.0,0.0,0.54,0.2,0.8,0.07,0.0,0.0,1.0,0.0,120.0,65.0,85.0,17.0,158.0,97.0,112.0,35.0,5.0,4.0,13.0,1.0,93.0,42.0,73.0,12.0,19.0,15.0,7.0,2.0,8.0,8.0,5.0,3.0,69.0,33.0,77.0,12.0,33.0,22.0,8.0,5.0,18.0,10.0,0.0,0.0,308.0,327.0,900.0,3,0,1,0,1,1,0,0,0,0,1,0,0,0,190.5,203.2,170.0,0.0,1.0,0.435,0.355,0.18,0.0,0.5,0.0,0.0,0.0,59.0,27.0,93.5,34.0,66.0,33.0,106.0,42.0,6.5,2.0,0.0,0.0,48.0,19.0,69.5,19.5,7.0,4.5,20.0,10.5,4.0,3.5,4.0,4.0,50.5,23.0,80.5,25.5,8.0,3.5,5.5,4.0,0.5,0.5,7.5,4.5,130.5,55.5,845.0,6,1,0,1,1,1,1,0,0,0,0,0,1,0,182.88,182.88,170.0,26.0,31.0,0,0,0,0,0,0,0,0,0,1,0,0,0,0,0,1,0,0,0,0,1,0,0,0
Red,False,0.0,0.0,0.3,0.51,0.0,0.0,0.0,0.0,0.0,0.0,10.0,3.0,37.0,19.0,11.0,4.0,41.0,23.0,2.0,0.0,0.0,0.0,4.0,0.0,34.0,16.0,3.0,0.0,3.0,3.0,3.0,3.0,0.0,0.0,9.0,2.0,28.0,11.0,1.0,1.0,2.0,2.0,0.0,0.0,7.0,6.0,25.0,5.0,151.0,1,0,0,1,0,0,1,0,0,0,0,0,0,0,165.1,170.18,125.0,0.0,0.25,0.3874999999999999,0.4225,0.2575,0.0625,0.0,0.0,0.0,0.25,125.5,49.5,166.5,69.75,163.75,85.25,180.5,83.0,7.0,1.75,3.5,0.5,79.0,20.75,112.0,33.25,26.0,17.25,27.5,19.0,20.5,11.5,27.0,17.5,95.75,30.5,146.5,54.25,23.5,14.75,20.0,15.5,6.25,4.25,0.0,0.0,147.25,55.0,900.0,9,0,0,3,0,0,3,0,0,0,0,0,0,0,165.1,162.56,125.0,32.0,29.0,0,0,0,1,0,0,0,0,0,0,0,0,0,0,0,1,0,0,0,0,1,0,0,0
Blue,False,0.015625,0.0,0.45,0.4275,0.25,0.2,0.148468017578125,0.098388671875,0.0,0.0,66.5,29.6875,64.31230545043945,27.34375,89.75,48.0,85.53125,44.41152191162109,2.0,0.75,2.0546875,0.75,51.1875,18.3359375,49.6123046875,16.280410766601562,7.5,5.07647705078125,7.5,5.0,4.5,3.625,4.984375,3.9375,48.6875,17.0,47.11572265625,16.5,5.75,3.75,5.3125,3.4375,5.0625,3.5,3.875,2.5,99.2119140625,94.125,638.5,0,0,0,0,0,0,0,0,0,0,0,0,0,0,185.42,190.5,205.0,0.0,0.0,0.0,0.28,0.0,1.0,0.0,1.0,0.0,0.0,14.0,0.0,7.0,2.0,14.0,0.0,9.0,4.0,0.0,0.0,2.0,2.0,12.0,0.0,5.0,0.0,2.0,0.0,2.0,2.0,0.0,0.0,0.0,0.0,14.0,0.0,6.0,1.0,0.0,0.0,0.0,0.0,0.0,0.0,1.0,1.0,0.0,81.0,202.0,1,0,0,1,0,0,1,0,0,0,0,0,0,0,195.58,195.58,205.0,33.0,29.0,0,0,0,0,0,1,0,0,0,0,0,0,0,0,0,1,0,0,0,0,1,0,0,0
Red,False,0.0,2.0,0.25,0.46,0.33,0.0,0.0,0.0,0.0,0.0,81.0,21.0,143.0,66.0,93.0,29.0,156.0,78.0,9.0,3.0,1.0,0.0,77.0,17.0,118.0,50.0,2.0,2.0,15.0,9.0,2.0,2.0,10.0,7.0,72.0,17.0,105.0,40.0,9.0,4.0,20.0,13.0,0.0,0.0,18.0,13.0,144.0,118.0,833.0,3,0,0,1,0,0,1,0,0,0,0,0,0,0,185.42,190.5,170.0,0.0471682548522949,0.0,0.45,0.4217682266235352,0.25,0.19173828125,0.1875,0.125,0.0,0.0,69.5,30.5,66.984375,27.8466796875,94.0,48.544921875,88.50390625,44.75,2.0,0.8125,2.015625,0.6640625,54.0,19.01513671875,51.483436584472656,16.9437255859375,7.91796875,5.430633544921875,7.75,5.0625,4.780975341796875,3.9373779296875,4.8994140625,3.84375,51.025390625,18.400863647460938,50.515625,17.5,5.75,3.75,5.5,3.5,5.375,3.6875,4.0,2.65625,104.865234375,89.5,655.8441009521484,0,0,0,0,0,0,0,0,0,0,0,0,0,0,180.34,190.5,170.0,31.0,29.0,0,0,0,0,0,0,0,0,0,1,0,0,0,0,0,1,0,0,0,0,1,0,0,0
Red,False,0.0,0.0,0.69,0.54,0.66,0.0,0.0,2.0,0.0,0.0,62.0,43.0,133.0,72.0,105.0,84.0,196.0,133.0,6.0,4.0,1.0,0.0,36.0,18.0,92.0,36.0,13.0,13.0,33.0,30.0,13.0,12.0,8.0,6.0,33.0,17.0,72.0,22.0,22.0,20.0,61.0,50.0,7.0,6.0,0.0,0.0,465.0,23.0,900.0,3,0,0,1,0,0,1,0,0,0,0,0,0,0,167.64,167.64,145.0,0.0,0.0,0.40875,0.41,0.36375,0.75,1.0,0.0,0.125,0.0,34.875,14.125,22.375,9.75,98.25,72.75,50.625,33.5,8.5,3.125,1.25,1.25,27.0,9.25,16.25,5.625,4.375,2.625,2.0,1.625,3.5,2.25,4.125,2.5,22.125,5.625,17.625,6.375,1.5,1.125,1.625,1.0,11.25,7.375,3.125,2.375,364.5,158.625,723.75,10,0,1,0,2,3,1,0,0,0,2,0,1,0,167.64,170.18,135.0,32.0,28.0,0,0,1,0,0,0,0,0,0,0,0,0,0,0,0,1,0,0,0,0,1,0,0,0
Blue,False,0.25,0.0,0.4075,0.37,0.2,0.0625,0.0,0.5,0.5,0.25,129.25,42.75,133.0,52.25,143.75,54.0,149.75,64.25,3.25,1.0,1.5,0.25,103.5,25.75,108.25,35.75,17.5,9.5,17.0,9.5,8.25,7.5,7.75,7.0,118.0,34.5,124.75,49.5,8.5,5.5,6.5,1.75,2.75,2.75,1.75,1.0,125.25,113.5,794.25,8,0,2,0,2,2,1,0,0,0,1,1,0,0,172.72,182.88,155.0,0.38031005859375,0.03125,0.43302734375,0.2870024108886719,0.1894293212890625,0.1312718200683593,0.0321807861328125,0.14752197265625,0.000640869140625,0.0007781982421875,91.81309509277344,40.774505615234375,156.41136169433594,49.196319580078125,99.85267639160156,46.41981506347656,189.38504028320312,77.38446044921875,2.2002105712890625,0.5410308837890625,0.784454345703125,0.172332763671875,67.59751892089844,23.466110229492188,128.3573455810547,30.395278930664062,14.77874755859375,9.146835327148438,16.4842529296875,10.492828369140623,9.43682861328125,8.16156005859375,11.56976318359375,8.308212280273438,80.10585021972656,32.55964660644531,132.35250854492188,35.77915954589844,9.873428344726562,6.6614532470703125,23.7943115234375,13.259918212890623,1.8338165283203125,1.55340576171875,0.2645416259765625,0.1572418212890625,98.11686706542967,76.22474670410156,647.6352844238281,38,0,0,2,6,10,7,0,0,1,2,5,2,0,175.26,185.42,155.0,28.0,36.0,0,0,0,0,0,0,1,0,0,0,0,0,0,0,0,0,0,0,1,0,0,0,1,0
Red,True,0.5,0.0,0.44,0.3399999999999999,0.5,0.25,0.5,0.0,0.0,0.0,68.5,30.0,82.5,27.5,72.5,33.5,83.5,28.5,1.0,1.0,3.5,0.5,44.5,13.5,62.5,13.0,17.0,10.5,11.5,6.5,7.0,6.0,8.5,8.0,58.0,22.5,74.0,23.5,10.0,7.0,7.5,4.0,0.5,0.5,1.0,0.0,54.5,29.5,448.5,4,0,2,0,2,2,0,0,0,0,0,1,1,0,167.64,167.64,125.0,0.125,0.5,0.50734375,0.3299999999999999,0.3521875,0.18,0.0,0.578125,0.078125,0.03125,198.171875,101.453125,171.0625,52.71875,239.875,140.671875,195.453125,75.5,11.75,4.265625,6.328125,1.1875,121.8125,49.046875,124.984375,23.234375,41.109375,29.59375,31.390625,19.875,35.25,22.8125,14.6875,9.609375,134.5,48.53125,143.671875,35.171875,58.625,49.125,25.125,15.8125,5.046875,3.796875,2.265625,1.734375,242.875,193.71875,1368.75,27,3,2,0,3,5,2,0,0,1,4,0,0,0,160.02,167.64,125.0,29.0,26.0,0,0,0,1,0,0,0,0,0,0,0,0,0,0,0,1,0,0,0,0,1,0,0,0
Red,False,0.0,0.0,0.47,0.53,0.8,0.0,0.0,0.0,0.0,0.0,175.0,83.0,135.0,72.0,265.0,153.0,162.0,97.0,5.0,4.0,6.0,0.0,139.0,55.0,107.0,52.0,19.0,14.0,17.0,9.0,17.0,14.0,11.0,11.0,109.0,38.0,109.0,55.0,41.0,30.0,23.0,15.0,25.0,15.0,3.0,2.0,343.0,222.0,900.0,3,0,0,1,0,0,1,0,0,0,0,0,0,0,182.88,187.96,170.0,0.09375,0.125,0.442578125,0.432734375,0.341796875,0.261328125,0.0,0.3203125,0.0625,0.0,26.046875,10.390625,24.0546875,8.78125,31.90625,16.25,28.9375,13.4609375,0.6328125,0.5546875,3.265625,1.1015625,23.140625,7.765625,18.0078125,4.21875,2.7109375,2.4453125,2.0625,1.71875,0.1953125,0.1796875,3.984375,2.84375,15.640625,3.1953125,20.6796875,6.2578125,3.4375,2.484375,2.34375,1.5234375,6.96875,4.7109375,1.03125,1.0,40.8046875,108.59375,284.1015625,15,0,3,0,3,5,3,0,0,0,2,3,0,0,180.34,187.96,170.0,34.0,31.0,0,0,0,0,0,0,0,0,0,1,0,0,0,0,0,1,0,0,0,0,0,0,1,0
Blue,False,0.0,0.0,0.37,0.32,0.75,0.0,0.0,0.0,0.0,1.0,132.0,50.0,133.0,43.0,157.0,71.0,161.0,68.0,8.0,6.0,1.0,0.0,116.0,38.0,114.0,33.0,14.0,10.0,15.0,7.0,2.0,2.0,4.0,3.0,63.0,21.0,85.0,24.0,5.0,2.0,5.0,2.0,64.0,27.0,43.0,17.0,442.0,18.0,900.0,3,0,1,0,1,1,0,0,0,0,1,0,0,0,180.34,187.96,170.0,0.0,0.0,0.35,0.41,0.265,0.0,1.5,0.0,0.0,0.0,32.5,7.0,35.5,13.0,34.5,9.0,35.5,13.0,4.0,1.0,0.0,0.0,28.5,4.0,27.5,8.5,2.5,1.5,7.5,4.0,1.5,1.5,0.5,0.5,30.5,6.0,32.0,10.5,2.0,1.0,3.5,2.5,0.0,0.0,0.0,0.0,96.5,25.5,308.0,3,1,2,0,2,2,0,0,0,0,0,0,2,0,185.42,190.5,170.0,28.0,25.0,0,0,0,0,0,0,1,0,0,0,0,0,0,0,0,1,0,0,0,0,0,0,1,0
Red,False,0.015625,0.0,0.45,0.4275,0.25,0.2,0.148468017578125,0.098388671875,0.0,0.0,66.5,29.6875,64.31230545043945,27.34375,89.75,48.0,85.53125,44.41152191162109,2.0,0.75,2.0546875,0.75,51.1875,18.3359375,49.6123046875,16.280410766601562,7.5,5.07647705078125,7.5,5.0,4.5,3.625,4.984375,3.9375,48.6875,17.0,47.11572265625,16.5,5.75,3.75,5.3125,3.4375,5.0625,3.5,3.875,2.5,99.2119140625,94.125,638.5,0,0,0,0,0,0,0,0,0,0,0,0,0,0,154.94,157.48,115.0,0.0,0.0,0.66,0.5,0.0,1.0,1.0,1.0,0.0,0.0,6.0,4.0,14.0,7.0,24.0,22.0,50.0,41.0,0.0,0.0,1.0,1.0,6.0,4.0,13.0,6.0,0.0,0.0,1.0,1.0,0.0,0.0,0.0,0.0,5.0,3.0,5.0,1.0,1.0,1.0,2.0,2.0,0.0,0.0,7.0,4.0,52.0,227.0,289.0,1,1,0,1,0,0,1,0,0,0,0,0,0,0,167.64,167.64,125.0,21.0,29.0,0,0,0,0,0,0,0,0,0,0,1,0,0,0,0,1,0,0,0,0,1,0,0,0
Red,False,0.5,0.0,0.4325,0.4425,0.0,0.375,0.0,0.0,0.5,0.25,119.5,48.75,85.0,33.25,138.5,66.0,98.0,44.25,0.5,0.0,7.75,3.0,100.25,35.0,72.75,23.5,16.5,11.5,8.75,6.5,2.75,2.25,3.5,3.25,77.25,25.75,50.0,18.25,12.0,8.25,3.0,1.5,30.25,14.75,32.0,13.5,28.5,223.25,691.5,7,0,2,0,2,2,1,0,0,0,1,1,0,0,187.96,190.5,170.0,0.25,0.25,0.5159375,0.30578125,0.4340625,0.03453125,0.25,2.71875,0.015625,0.0625,66.828125,33.703125,38.203125,13.0,93.359375,55.609375,53.75,25.65625,5.078125,2.6875,1.046875,0.203125,58.46875,26.34375,30.8125,7.171875,3.03125,2.40625,3.296875,2.25,5.328125,4.953125,4.09375,3.578125,25.71875,6.734375,35.734375,10.921875,4.5,3.984375,1.34375,0.953125,36.609375,22.984375,1.125,1.125,496.546875,19.09375,747.5,18,0,1,0,3,5,2,0,0,1,3,1,0,0,175.26,180.34,155.0,29.0,33.0,0,0,0,0,0,0,1,0,0,0,0,0,0,0,0,1,0,0,0,0,1,0,0,0
Red,False,0.740234375,0.125,0.44494140625,0.420859375,0.16712890625,0.0009765625,0.005859375,0.0234375,0.005859375,0.01171875,48.59375,19.849609375,55.75390625,18.30859375,52.486328125,22.798828125,62.421875,24.064453125,1.59375,0.693359375,0.767578125,0.001953125,41.5703125,13.71875,42.357421875,7.75390625,3.08984375,2.291015625,3.73046875,2.265625,3.93359375,3.83984375,9.666015625,8.2890625,40.529296875,15.423828125,53.375,16.953125,2.30078125,1.38671875,1.912109375,1.0546875,5.763671875,3.0390625,0.466796875,0.30078125,59.65625,10.26953125,437.75,22,0,0,1,6,8,2,0,0,1,2,4,0,1,175.26,180.34,170.0,0.0,0.0,0.5871875,0.2678125,0.4909375,0.0625,0.3125,0.03125,0.03125,0.03125,132.34375,76.53125,61.875,17.9375,146.9375,90.34375,90.09375,44.46875,2.96875,1.59375,2.09375,0.25,101.3125,55.15625,53.46875,12.65625,22.3125,15.53125,5.0625,2.78125,8.71875,5.84375,3.34375,2.5,101.65625,55.90625,54.1875,13.21875,9.8125,5.75,6.0625,3.71875,20.875,14.875,1.625,1.0,209.0,56.90625,681.75,13,0,1,0,4,5,1,0,0,0,2,2,1,0,182.88,193.04,170.0,28.0,24.0,0,0,0,0,0,0,0,0,0,1,0,0,0,0,0,1,0,0,0,0,1,0,0,0
Blue,False,0.2995986938476562,0.25390625,0.4501581954956054,0.3358617782592773,0.1256332397460937,0.3844972229003906,0.5000038146972656,0.5958633422851562,0.001953125,0.12506103515625,79.16495513916016,37.47348785400391,61.93292617797852,19.85801696777344,85.08203887939453,42.890567779541016,89.80607223510742,38.85051345825195,0.6314735412597656,0.1268348693847656,6.646339416503906,3.704776763916016,62.44236373901367,22.18990707397461,51.37513732910156,13.414783477783203,8.300899505615234,6.944908142089844,7.370735168457031,3.9637298583984375,8.42169189453125,8.338672637939453,3.187053680419922,2.479503631591797,67.34699630737305,30.08529281616211,55.65556335449219,17.099842071533203,5.503841400146484,3.471240997314453,5.7667388916015625,2.6321258544921875,6.314117431640625,3.916954040527344,0.5106239318847656,0.1260490417480468,41.197898864746094,139.17244720458984,603.1851692199707,32,0,1,0,5,11,8,0,0,2,2,6,0,1,175.26,180.34,155.0,0.0673828125,0.5,0.5304394531250001,0.416103515625,0.332421875,0.293037109375,0.6357421875,0.47265625,0.02734375,0.171875,108.794921875,59.06640625,125.84375,54.171875,164.3173828125,108.703125,160.9921875,87.943359375,4.6376953125,1.58203125,2.4736328125,0.8193359375,83.0166015625,38.2822265625,94.9033203125,29.7587890625,16.814453125,12.982421875,17.3369140625,11.8583984375,8.9638671875,7.8017578125,13.603515625,12.5546875,88.8564453125,44.0341796875,107.6455078125,38.986328125,15.7431640625,12.521484375,16.3779296875,13.7734375,4.1953125,2.5107421875,1.8203125,1.412109375,174.7705078125,185.8720703125,823.7001953125,26,1,2,0,2,5,6,0,0,0,2,1,2,0,172.72,177.8,155.0,30.0,33.0,0,0,0,0,0,0,1,0,0,0,0,0,0,0,0,1,0,0,0,0,1,0,0,0
Blue,False,0.015625,0.0,0.45,0.4275,0.25,0.2,0.148468017578125,0.098388671875,0.0,0.0,66.5,29.6875,64.31230545043945,27.34375,89.75,48.0,85.53125,44.41152191162109,2.0,0.75,2.0546875,0.75,51.1875,18.3359375,49.6123046875,16.280410766601562,7.5,5.07647705078125,7.5,5.0,4.5,3.625,4.984375,3.9375,48.6875,17.0,47.11572265625,16.5,5.75,3.75,5.3125,3.4375,5.0625,3.5,3.875,2.5,99.2119140625,94.125,638.5,0,0,0,0,0,0,0,0,0,0,0,0,0,0,175.26,180.34,135.0,0.0471682548522949,0.0,0.45,0.4217682266235352,0.25,0.19173828125,0.1875,0.125,0.0,0.0,69.5,30.5,66.984375,27.8466796875,94.0,48.544921875,88.50390625,44.75,2.0,0.8125,2.015625,0.6640625,54.0,19.01513671875,51.483436584472656,16.9437255859375,7.91796875,5.430633544921875,7.75,5.0625,4.780975341796875,3.9373779296875,4.8994140625,3.84375,51.025390625,18.400863647460938,50.515625,17.5,5.75,3.75,5.5,3.5,5.375,3.6875,4.0,2.65625,104.865234375,89.5,655.8441009521484,0,0,0,0,0,0,0,0,0,0,0,0,0,0,165.1,165.1,135.0,29.0,32.0,0,0,0,0,0,0,0,0,0,0,1,0,0,0,0,1,0,0,0,0,1,0,0,0
Red,False,0.015625,0.0,0.45,0.4275,0.25,0.2,0.148468017578125,0.098388671875,0.0,0.0,66.5,29.6875,64.31230545043945,27.34375,89.75,48.0,85.53125,44.41152191162109,2.0,0.75,2.0546875,0.75,51.1875,18.3359375,49.6123046875,16.280410766601562,7.5,5.07647705078125,7.5,5.0,4.5,3.625,4.984375,3.9375,48.6875,17.0,47.11572265625,16.5,5.75,3.75,5.3125,3.4375,5.0625,3.5,3.875,2.5,99.2119140625,94.125,638.5,0,0,0,0,0,0,0,0,0,0,0,0,0,0,190.5,190.5,185.0,0.064453125,0.03125,0.43575927734375,0.63421630859375,0.76806640625,0.258359375,0.8935546875,0.02197265625,0.00634765625,0.258544921875,44.845947265625,20.278564453125,38.279296875,24.0732421875,81.646240234375,54.421630859375,107.167724609375,87.8779296875,1.8779296875,1.2548828125,4.510009765625,1.724609375,31.4833984375,8.37646484375,26.953125,13.82177734375,9.822998046875,8.889892578125,8.86572265625,8.29931640625,3.53955078125,3.01220703125,2.46044921875,1.9521484375,24.680908203125,5.545166015625,21.28955078125,10.472900390625,15.420166015625,11.7958984375,6.80712890625,5.985107421875,4.744873046875,2.9375,10.1826171875,7.615234375,156.642822265625,350.3662109375,620.400146484375,27,1,0,2,3,7,6,0,0,0,1,2,4,0,185.42,195.58,205.0,32.0,32.0,0,0,0,0,0,0,0,1,0,0,0,0,0,0,0,1,0,0,0,0,1,0,0,0
Blue,False,0.0,1.0,0.13,0.76,0.0,0.0,0.0,0.0,0.0,0.0,15.0,2.0,13.0,10.0,15.0,2.0,14.0,11.0,0.0,0.0,0.0,0.0,10.0,0.0,6.0,4.0,2.0,1.0,2.0,2.0,3.0,1.0,5.0,4.0,15.0,2.0,11.0,8.0,0.0,0.0,0.0,0.0,0.0,0.0,2.0,2.0,0.0,2.0,115.0,1,0,0,1,0,0,1,0,0,0,0,0,0,0,175.26,180.34,145.0,0.125,0.0,0.45875,0.6287499999999999,0.0,0.125,1.375,1.0,0.5,0.25,22.125,10.5,21.125,14.0,32.625,20.375,38.0,27.25,0.75,0.0,0.625,0.125,17.875,7.75,15.375,8.75,3.625,2.125,4.375,3.875,0.625,0.625,1.375,1.375,15.625,5.5,8.625,4.125,2.875,2.125,1.125,0.5,3.625,2.875,11.375,9.375,27.0,188.625,250.75,4,0,1,0,1,1,3,0,0,0,0,1,0,0,172.72,172.72,135.0,32.0,26.0,1,0,0,0,0,0,0,0,0,0,0,0,0,0,0,1,0,0,0,0,1,0,0,0
Blue,False,0.0,1.0,0.535,0.47,0.13,0.0,0.0,0.0,0.0,0.0,59.5,27.5,78.5,32.0,68.5,35.5,81.5,34.5,9.5,2.0,0.0,0.0,42.0,13.5,63.0,20.5,8.5,7.0,13.5,10.0,9.0,7.0,2.0,1.5,46.5,17.5,58.0,19.0,6.5,5.0,12.5,8.5,6.5,5.0,8.0,4.5,127.0,10.0,483.0,4,0,1,0,1,1,1,0,0,0,1,0,0,0,172.72,177.8,155.0,0.0,0.0390625,0.296953125,0.377578125,0.13703125,0.134765625,0.0078125,0.0,0.0,0.0,72.1953125,24.15625,92.8125,35.8203125,100.8125,51.5625,102.109375,44.4921875,2.6328125,0.90625,0.9375,0.3125,51.109375,9.390625,72.0625,22.9140625,10.6484375,7.28125,13.1171875,10.0078125,10.4375,7.484375,7.6328125,2.8984375,60.109375,15.703125,79.5,28.03125,10.078125,6.9453125,13.015625,7.625,2.0078125,1.5078125,0.296875,0.1640625,111.8515625,18.4140625,528.3125,17,0,0,2,1,3,5,0,0,0,3,0,0,0,172.72,175.26,155.0,31.0,32.0,0,0,0,0,0,0,1,0,0,0,0,0,0,0,0,0,0,1,0,0,0,0,1,0
Red,False,0.626953125,0.0,0.499853515625,0.363212890625,0.18626953125,0.2163671875,0.2734375,0.03515625,0.03125,0.0,70.1640625,35.427734375,74.43359375,27.484375,87.6748046875,49.6767578125,102.0634765625,51.310546875,7.2373046875,1.4931640625,1.5341796875,0.7041015625,38.9130859375,13.7734375,66.0126953125,22.4150390625,21.107421875,12.9345703125,5.34375,3.763671875,10.1435546875,8.7197265625,3.0771484375,1.3056640625,52.2412109375,22.1982421875,48.009765625,11.9638671875,15.26171875,11.3544921875,7.2802734375,4.56640625,2.6611328125,1.875,19.1435546875,10.9541015625,129.322265625,173.0126953125,775.4951171875,27,0,1,0,4,7,4,0,0,1,3,3,0,0,182.88,187.96,185.0,0.078125,0.525390625,0.2608984374999999,0.5582421875,0.20390625,0.8431640625,0.12890625,1.779296875,0.041015625,0.0078125,38.974609375,18.513671875,42.814453125,23.037109375,49.05859375,27.603515625,70.595703125,47.646484375,3.58203125,1.6875,2.81640625,1.740234375,28.779296875,9.673828125,34.201171875,15.431640625,6.880859375,6.24609375,4.1484375,3.515625,3.314453125,2.59375,4.46484375,4.08984375,15.916015625,4.751953125,20.181640625,6.3046875,5.3671875,3.134765625,10.080078125,7.509765625,17.69140625,10.626953125,12.552734375,9.22265625,144.013671875,204.482421875,513.033203125,21,0,0,1,4,7,3,0,0,1,2,4,0,0,182.88,180.34,185.0,32.0,35.0,0,0,0,0,0,0,0,1,0,0,0,0,0,0,0,1,0,0,0,0,1,0,0,0
Red,False,0.08258056640625,0.2506103515625,0.42121337890625,0.283427734375,0.3141845703125,0.0252685546875,0.017578125,0.25054931640625,0.0040283203125,0.004150390625,208.31011962890625,88.0819091796875,107.72381591796876,29.0657958984375,276.554443359375,144.20220947265625,108.60443115234376,29.62725830078125,3.85247802734375,1.07049560546875,1.418212890625,0.320068359375,159.8179931640625,56.78607177734375,74.53570556640625,14.2432861328125,23.9210205078125,13.02093505859375,15.85650634765625,5.4466552734375,24.57110595703125,18.27490234375,17.33160400390625,9.3758544921875,175.7193603515625,64.30615234375,100.15155029296876,24.4591064453125,8.30023193359375,4.108642578125,5.794677734375,3.718017578125,24.29052734375,19.6671142578125,1.777587890625,0.888671875,231.57830810546875,30.38916015625,792.7368774414062,33,0,0,1,4,10,5,0,0,0,5,3,2,0,167.64,177.8,145.0,0.4375,0.0,0.45375,0.3718749999999999,0.625,0.32875,0.0625,0.0625,0.0,0.0,88.0625,40.625,95.9375,38.0,102.1875,53.0,109.125,47.4375,1.3125,1.1875,6.0625,1.75,69.75,28.5,74.0625,21.8125,10.625,6.9375,7.6875,4.0,7.6875,5.1875,14.1875,12.1875,75.875,32.4375,84.75,32.6875,4.125,2.9375,5.25,3.0,8.0625,5.25,5.9375,2.3125,98.5625,163.4375,614.125,10,0,0,1,4,4,1,0,0,0,1,3,0,0,172.72,177.8,145.0,34.0,29.0,0,0,1,0,0,0,0,0,0,0,0,0,0,0,0,1,0,0,0,0,1,0,0,0
Blue,False,0.25,0.5,0.53,0.5825,0.125,0.285,0.0,1.25,0.75,0.0,52.25,24.75,47.5,29.75,112.5,78.5,61.5,43.75,1.25,0.25,9.0,2.25,42.0,16.0,33.0,18.25,6.0,5.0,7.75,5.25,4.25,3.75,6.75,6.25,40.25,13.75,37.75,21.0,4.0,3.75,3.75,3.5,8.0,7.25,6.0,5.25,161.0,339.25,823.0,8,0,2,0,2,2,1,0,0,0,1,1,0,0,185.42,193.04,170.0,0.1265335083007812,0.18756103515625,0.4529095840454101,0.3952809143066406,0.26021240234375,0.326022834777832,0.6411170959472656,0.6134109497070312,0.0,0.000244140625,64.6815357208252,27.342512130737305,91.97494506835938,34.400102615356445,119.72099113464355,77.35354804992676,121.53000259399414,58.56624412536621,0.6582069396972656,0.5218772888183594,9.096214294433594,3.4538021087646484,48.68831443786621,14.92829132080078,75.77743911743164,23.73686408996582,2.4369335174560547,2.1375694274902344,8.597024917602539,6.6648712158203125,13.55628776550293,10.276651382446287,7.600481033325195,3.998367309570313,54.72416496276856,21.278493881225582,60.72629356384277,17.98226547241211,6.937234878540039,4.487371444702148,5.99958610534668,3.4081573486328125,3.0201358795166016,1.5766468048095703,25.24906539916992,13.009679794311523,29.652307510375977,341.8414363861084,665.5497722625732,42,0,5,0,5,12,8,0,0,1,2,7,2,0,180.34,185.42,185.0,27.0,32.0,0,0,0,0,0,0,0,1,0,0,0,0,0,0,0,1,0,0,0,0,0,0,1,0
Red,False,1.0,0.0,0.42,0.43,1.0,0.25,0.0,0.0,0.0,0.0,77.0,33.0,76.0,33.0,178.0,90.0,117.0,67.0,2.0,2.0,4.0,1.0,58.0,20.0,57.0,21.0,10.0,8.0,11.0,7.0,9.0,5.0,8.0,5.0,50.0,22.0,64.0,24.0,3.0,3.0,11.0,8.0,24.0,8.0,1.0,1.0,506.0,55.0,900.0,3,0,1,0,1,1,0,0,0,0,1,0,0,0,180.34,185.42,155.0,0.0,0.0,0.42,0.39,0.66,0.0,0.0,0.0,0.0,0.0,98.0,42.0,141.0,56.0,105.0,48.0,154.0,66.0,9.0,6.0,0.0,0.0,77.0,29.0,85.0,21.0,13.0,6.0,24.0,10.0,8.0,7.0,32.0,25.0,89.0,35.0,136.0,54.0,2.0,1.0,5.0,2.0,7.0,6.0,0.0,0.0,411.0,35.0,900.0,3,1,1,0,1,1,0,0,0,0,1,0,0,0,180.34,177.8,155.0,26.0,26.0,0,0,0,0,0,0,1,0,0,0,0,0,0,0,0,0,0,1,0,0,0,0,1,0
Blue,True,0.5,0.0,0.5743750000000001,0.159375,0.89125,0.0,1.1875,0.0,0.0,0.0625,68.375,32.125,51.8125,15.0,88.1875,48.5,56.0625,18.9375,3.1875,2.5,1.75,0.0,58.3125,23.75,43.6875,9.75,5.0625,3.6875,6.125,4.375,5.0,4.6875,2.0,0.875,46.4375,15.75,44.4375,11.375,8.8125,6.0,7.1875,3.5,13.125,10.375,0.1875,0.125,235.375,0.1875,514.0,10,0,5,0,5,5,0,0,0,0,2,1,2,0,187.96,198.12,185.0,1.103485107421875,0.0,0.6338931274414062,0.3802633666992188,0.0333251953125,0.076279296875,0.0943603515625,0.03125,6.103515625e-05,0.03125,33.63922119140625,21.43316650390625,43.549163818359375,16.922576904296875,40.43499755859375,27.9873046875,78.57257080078125,49.84234619140625,0.0335693359375,0.0333251953125,3.10992431640625,0.34869384765625,26.703094482421875,15.51885986328125,34.98834228515625,12.424041748046877,5.30072021484375,4.755462646484375,6.24462890625,3.385223388671875,1.635406494140625,1.158843994140625,2.316192626953125,1.113311767578125,14.53076171875,7.19744873046875,23.746063232421875,6.220489501953125,8.499176025390625,6.859466552734375,11.0965576171875,4.94415283203125,10.609283447265623,7.376251220703125,8.70654296875,5.7579345703125,22.959930419921875,229.74578857421875,385.63775634765625,35,11,16,0,16,16,0,0,0,0,2,11,3,0,187.96,195.58,185.0,29.0,38.0,0,0,0,0,0,0,0,1,0,0,0,0,0,0,0,1,0,0,0,0,0,0,1,0
Red,False,0.03125,0.5,0.421015625,0.4107031249999999,0.51734375,0.1571875,0.6171875,0.34375,0.0625,0.0,34.0234375,16.21875,35.0,13.9296875,38.984375,21.0234375,35.7109375,14.515625,1.7734375,0.921875,0.75,0.3359375,25.4140625,9.1484375,26.84375,10.25,4.3203125,3.1015625,4.359375,2.2890625,4.2890625,3.96875,3.796875,1.390625,27.1640625,11.640625,30.1015625,11.5546875,3.0234375,2.40625,2.7109375,1.34375,3.8359375,2.171875,2.1875,1.03125,46.875,26.625,240.4375,12,0,2,0,2,4,4,0,0,0,0,0,4,0,177.8,187.96,155.0,0.3125,0.15625,0.28973876953125,0.3177783203125,0.239366455078125,0.14305908203125,0.568359375,0.65771484375,0.0157470703125,0.0,229.57666015625,64.069580078125,223.4832763671875,70.94970703125,235.0362548828125,69.3497314453125,227.6416015625,75.0184326171875,9.8167724609375,2.28857421875,1.1253662109375,0.2684326171875,173.81298828125,29.2144775390625,195.677734375,52.195556640625,29.3057861328125,15.2176513671875,14.026611328125,8.308349609375,26.4578857421875,19.637451171875,13.7789306640625,10.44580078125,220.599853515625,57.8233642578125,215.858154296875,67.2105712890625,6.747314453125,4.4698486328125,5.294189453125,2.3466796875,2.2294921875,1.7763671875,2.3309326171875,1.3924560546875,100.6817626953125,16.0736083984375,1470.5667724609375,52,7,3,0,5,9,5,0,0,0,6,2,1,0,167.64,172.72,135.0,23.0,31.0,0,0,1,0,0,0,0,0,0,0,0,0,0,0,0,1,0,0,0,0,1,0,0,0
Red,False,0.125,0.875,0.44875,0.4575,0.625,0.32125,0.0,1.5,0.0,0.0,39.25,20.5,44.375,20.625,40.375,21.625,68.5,38.0,1.125,1.125,2.125,0.75,23.125,7.625,39.875,16.5,8.625,6.25,1.625,1.375,7.5,6.625,2.875,2.75,30.625,16.0,36.5,16.75,4.25,2.125,2.875,1.375,4.375,2.375,5.0,2.5,37.25,144.125,427.125,7,0,1,0,1,1,3,0,0,0,0,1,0,0,193.04,195.58,242.0,0.0198974609375,0.6015625,0.742911376953125,0.5994293212890625,0.2596734619140625,0.000146484375,0.4404296875,0.0,0.0,6.103515625e-05,16.4786376953125,8.06658935546875,27.2972412109375,11.55419921875,18.7513427734375,10.30535888671875,29.59796142578125,13.35296630859375,3.42156982421875,1.04461669921875,0.06854248046875,0.00146484375,12.04986572265625,4.52001953125,24.77691650390625,9.66546630859375,2.92529296875,2.326416015625,1.97186279296875,1.34619140625,1.50347900390625,1.22015380859375,0.5484619140625,0.54254150390625,11.99530029296875,4.80841064453125,20.10546875,5.3497314453125,3.92230224609375,2.79083251953125,6.61541748046875,5.784912109375,0.56103515625,0.46734619140625,0.57635498046875,0.4195556640625,76.0880126953125,10.41619873046875,218.90399169921875,24,1,4,0,4,9,6,0,0,0,0,5,4,0,187.96,193.04,242.0,28.0,34.0,0,0,0,0,1,0,0,0,0,0,0,0,0,0,0,1,0,0,0,0,1,0,0,0
Red,False,0.015625,0.0,0.45,0.4275,0.25,0.2,0.148468017578125,0.098388671875,0.0,0.0,66.5,29.6875,64.31230545043945,27.34375,89.75,48.0,85.53125,44.41152191162109,2.0,0.75,2.0546875,0.75,51.1875,18.3359375,49.6123046875,16.280410766601562,7.5,5.07647705078125,7.5,5.0,4.5,3.625,4.984375,3.9375,48.6875,17.0,47.11572265625,16.5,5.75,3.75,5.3125,3.4375,5.0625,3.5,3.875,2.5,99.2119140625,94.125,638.5,0,0,0,0,0,0,0,0,0,0,0,0,0,0,193.04,200.66,185.0,0.0471682548522949,0.0,0.45,0.4217682266235352,0.25,0.19173828125,0.1875,0.125,0.0,0.0,69.5,30.5,66.984375,27.8466796875,94.0,48.544921875,88.50390625,44.75,2.0,0.8125,2.015625,0.6640625,54.0,19.01513671875,51.483436584472656,16.9437255859375,7.91796875,5.430633544921875,7.75,5.0625,4.780975341796875,3.9373779296875,4.8994140625,3.84375,51.025390625,18.400863647460938,50.515625,17.5,5.75,3.75,5.5,3.5,5.375,3.6875,4.0,2.65625,104.865234375,89.5,655.8441009521484,0,0,0,0,0,0,0,0,0,0,0,0,0,0,180.34,187.96,185.0,31.0,33.0,0,0,0,0,0,0,0,1,0,0,0,0,0,0,0,1,0,0,0,0,1,0,0,0
Blue,False,0.015625,0.0,0.45,0.4275,0.25,0.2,0.148468017578125,0.098388671875,0.0,0.0,66.5,29.6875,64.31230545043945,27.34375,89.75,48.0,85.53125,44.41152191162109,2.0,0.75,2.0546875,0.75,51.1875,18.3359375,49.6123046875,16.280410766601562,7.5,5.07647705078125,7.5,5.0,4.5,3.625,4.984375,3.9375,48.6875,17.0,47.11572265625,16.5,5.75,3.75,5.3125,3.4375,5.0625,3.5,3.875,2.5,99.2119140625,94.125,638.5,0,0,0,0,0,0,0,0,0,0,0,0,0,0,172.72,172.72,170.0,0.28125,0.0,0.3,0.374375,0.0375,0.380625,0.1875,0.0,0.0,0.09375,89.03125,26.90625,49.53125,18.75,134.75,61.21875,84.78125,48.0,1.0625,0.1875,7.125,3.53125,78.25,19.53125,42.28125,12.84375,7.90625,5.59375,5.0,4.21875,2.875,1.78125,2.25,1.6875,80.40625,22.0,38.15625,12.0625,5.65625,3.25,4.90625,3.71875,2.96875,1.65625,6.46875,2.96875,52.625,375.90625,686.125,14,0,0,1,4,4,2,0,0,1,0,1,2,0,190.5,190.5,170.0,31.0,31.0,0,0,0,0,0,0,0,0,0,1,0,0,0,0,0,1,0,0,0,0,1,0,0,0
Red,False,0.0,0.0,0.4125,0.435,0.415,0.9625,2.5,2.0,0.5,0.75,114.0,39.0,89.25,38.5,172.0,88.5,104.5,50.75,1.75,1.0,3.75,3.5,100.5,31.75,76.75,29.25,7.25,4.25,6.5,4.0,6.25,3.0,6.0,5.25,91.0,26.75,63.5,24.5,8.5,4.0,11.25,5.75,14.5,8.25,14.5,8.25,154.0,345.25,900.0,9,0,0,2,1,1,2,0,0,0,1,0,0,0,182.88,190.5,170.0,0.2578125,0.25,0.411591796875,0.420625,0.312578125,0.294140625,0.015625,0.2509765625,0.0,0.0,49.953125,20.4091796875,81.6171875,31.20703125,92.087890625,55.65625,133.85546875,71.1875,8.2431640625,3.5029296875,0.666015625,0.39453125,44.908203125,16.3603515625,69.1455078125,21.521484375,2.271484375,1.7890625,9.4541015625,6.830078125,2.7734375,2.259765625,3.017578125,2.85546875,35.3330078125,11.2744140625,70.1669921875,23.115234375,6.6640625,5.0087890625,10.373046875,7.015625,7.9560546875,4.1259765625,1.0771484375,1.076171875,425.125,31.1826171875,752.36328125,31,0,1,0,3,8,3,0,0,1,4,2,1,0,172.72,180.34,170.0,33.0,32.0,0,0,0,0,0,0,0,0,0,1,0,0,0,0,0,1,0,0,0,0,1,0,0,0
Red,False,0.0,0.625,0.4806249999999999,0.40625,0.329375,0.18125,2.625,0.5,0.0625,0.0,69.21875,26.3125,80.0625,32.3125,155.28125,106.4375,98.28125,49.125,5.4375,2.3125,0.5625,0.53125,48.71875,11.5625,63.90625,19.625,12.96875,8.65625,11.40625,8.6875,7.53125,6.09375,4.75,4.0,55.21875,16.09375,66.71875,22.3125,2.71875,1.03125,7.53125,5.21875,11.28125,9.1875,5.8125,4.78125,380.96875,35.875,742.0,16,0,0,1,1,2,4,0,0,0,2,0,0,0,172.72,180.34,155.0,0.75,0.25,0.5362499999999999,0.4024999999999999,0.0625,0.3225,0.0,0.03125,0.0,0.0,61.625,27.84375,56.28125,20.625,63.71875,29.4375,63.9375,25.9375,0.1875,0.125,1.8125,0.78125,38.34375,12.625,48.25,14.90625,9.625,4.53125,4.40625,3.09375,13.65625,10.6875,3.625,2.625,55.875,23.90625,51.25,17.875,1.15625,0.9375,0.53125,0.375,4.59375,3.0,4.5,2.375,16.34375,23.375,323.9375,14,0,4,0,4,5,1,0,0,1,1,3,0,0,180.34,190.5,145.0,31.0,27.0,0,0,0,0,0,0,1,0,0,0,0,0,0,0,0,1,0,0,0,0,1,0,0,0
Red,False,0.1015625,0.0,0.53375,0.5810546875,0.1653125,0.096953125,0.0078125,0.5234375,0.01953125,0.02734375,64.91015625,33.0078125,94.6328125,50.25,82.93359375,48.625,190.38671875,134.171875,2.0625,0.40234375,2.61328125,0.33203125,57.5625,26.30859375,68.01171875,26.46484375,4.73046875,4.21484375,20.37890625,17.54296875,2.6171875,2.484375,6.2421875,6.2421875,50.59375,21.69921875,58.19921875,18.66015625,12.45703125,9.86328125,34.9921875,30.66015625,1.859375,1.4453125,1.44140625,0.9296875,153.9453125,348.390625,689.453125,20,0,0,2,3,4,5,0,0,0,1,2,1,0,182.88,187.96,205.0,1.0,0.0,0.825,0.31,0.0,0.2,0.0,0.0,0.0,0.0,27.0,18.0,40.0,24.5,39.5,29.0,83.5,60.5,1.0,0.0,2.5,1.0,23.5,15.0,29.5,17.0,0.5,0.5,5.5,3.5,3.0,2.5,5.0,4.0,6.0,3.5,6.0,0.5,2.5,2.5,9.5,7.0,18.5,12.0,24.5,17.0,191.5,199.0,453.5,4,0,1,0,1,1,1,0,0,0,0,1,0,0,185.42,185.42,205.0,34.0,31.0,0,0,0,0,0,1,0,0,0,0,0,0,0,0,0,1,0,0,0,0,1,0,0,0
Blue,False,0.0,0.0,0.52,0.5575000000000001,0.5,0.08,0.0,0.25,0.0,0.0,74.5,40.75,52.0,29.25,85.75,50.75,63.0,38.5,2.25,1.0,3.75,0.5,68.25,35.25,42.25,19.5,4.75,4.0,6.75,6.75,1.5,1.5,3.0,3.0,46.25,20.0,35.0,17.5,14.25,9.0,17.0,11.75,14.0,11.75,0.0,0.0,172.0,201.0,622.25,7,0,1,0,1,2,1,0,0,0,0,2,0,0,182.88,190.5,260.0,0.72265625,0.2890625,0.72091796875,0.4859375,0.0,0.209453125,0.25,1.205078125,0.0,0.0,20.15625,13.919921875,42.107421875,20.67578125,22.46875,15.966796875,55.12890625,33.53125,0.28125,0.0,2.55078125,0.751953125,14.349609375,9.08984375,29.302734375,10.4296875,1.0625,0.544921875,8.34375,6.3203125,4.744140625,4.28515625,4.4609375,3.92578125,16.26171875,11.666015625,20.154296875,5.59765625,1.7890625,1.2734375,21.609375,14.859375,2.10546875,0.98046875,0.34375,0.21875,52.361328125,126.68359375,319.21484375,17,0,1,0,1,5,5,0,0,0,1,4,0,0,180.34,187.96,235.0,28.0,33.0,0,0,0,0,1,0,0,0,0,0,0,0,0,0,0,0,0,1,0,0,1,0,0,0
Blue,False,0.125,0.0,0.4625,0.4725,0.4862499999999999,0.0625,0.0,0.0,0.0,0.0,88.375,41.5,97.5,43.875,101.125,52.625,101.5,47.625,2.875,1.5,0.25,0.125,69.25,24.25,79.0,28.375,11.625,10.125,9.0,7.375,7.5,7.125,9.5,8.125,79.625,34.375,92.375,41.5,2.5,2.0,3.625,1.5,6.25,5.125,1.5,0.875,92.125,7.0,506.375,8,0,3,0,3,3,1,0,0,0,1,2,0,0,193.04,203.2,240.0,0.8828125,0.0078125,0.41890625,0.5651953125,0.033203125,0.015625,0.0625,0.0,0.0,0.0,24.6875,10.33203125,24.76953125,14.0390625,28.87890625,14.3515625,28.22265625,17.328125,0.390625,0.06640625,0.234375,0.1015625,22.65625,9.19140625,16.71484375,7.140625,1.4453125,0.6171875,5.4375,4.3515625,0.5859375,0.5234375,2.6171875,2.546875,19.70703125,7.609375,20.32421875,10.30078125,2.46875,0.5703125,4.2734375,3.57421875,2.51171875,2.15234375,0.171875,0.1640625,70.7734375,16.90625,212.3125,17,1,2,0,3,6,3,0,0,0,0,6,0,0,182.88,185.42,263.0,30.0,36.0,0,0,0,0,1,0,0,0,0,0,0,0,0,0,0,1,0,0,0,0,1,0,0,0
Blue,False,0.015625,0.0,0.45,0.4275,0.25,0.2,0.148468017578125,0.098388671875,0.0,0.0,66.5,29.6875,64.31230545043945,27.34375,89.75,48.0,85.53125,44.41152191162109,2.0,0.75,2.0546875,0.75,51.1875,18.3359375,49.6123046875,16.280410766601562,7.5,5.07647705078125,7.5,5.0,4.5,3.625,4.984375,3.9375,48.6875,17.0,47.11572265625,16.5,5.75,3.75,5.3125,3.4375,5.0625,3.5,3.875,2.5,99.2119140625,94.125,638.5,0,0,0,0,0,0,0,0,0,0,0,0,0,0,187.96,185.42,170.0,0.041015625,0.0078125,0.3085357666015625,0.4903570556640625,0.2362890625,0.148475341796875,0.0078125,0.013671875,0.001953125,6.103515625e-05,196.17498779296875,52.7740478515625,120.1107177734375,59.1021728515625,224.51092529296875,77.402099609375,142.1075439453125,79.4691162109375,3.79052734375,1.0166015625,7.55950927734375,1.70538330078125,153.591552734375,24.5809326171875,89.27294921875,37.4024658203125,31.4036865234375,18.52825927734375,19.493408203125,11.97210693359375,11.17974853515625,9.66485595703125,11.3443603515625,9.72760009765625,180.9434814453125,40.898681640625,106.4097900390625,50.2196044921875,11.62298583984375,9.55072021484375,13.6409912109375,8.8316650390625,3.6085205078125,2.32464599609375,0.0599365234375,0.0509033203125,231.64892578125,77.5267333984375,879.0765380859375,41,0,1,0,2,8,7,0,0,3,4,1,0,0,175.26,177.8,155.0,27.0,29.0,0,0,0,0,0,0,1,0,0,0,0,0,0,0,0,1,0,0,0,0,1,0,0,0
Red,False,0.41015625,0.01953125,0.3847265625,0.4585546875,0.284609375,0.636484375,0.27734375,0.30078125,0.5078125,0.0,89.3046875,37.44921875,99.17578125,45.0625,117.62109375,65.1015625,126.52734375,71.23046875,3.0,1.0546875,3.66015625,1.8359375,63.37109375,21.33984375,80.7421875,32.8984375,10.3125,7.76171875,12.40625,8.6796875,15.62109375,8.34765625,6.02734375,3.484375,63.625,20.03125,71.625,27.984375,16.58203125,11.1171875,10.421875,5.91015625,9.09765625,6.30078125,17.12890625,11.16796875,157.640625,155.28125,999.875,27,3,2,0,4,6,3,0,0,2,3,1,0,0,180.34,187.96,185.0,0.00225830078125,0.0546875,0.3100399780273437,0.3190087890625,0.2764321899414063,0.2162896728515625,0.0,0.063568115234375,0.125,0.0,108.01446533203124,34.382965087890625,159.7728271484375,54.4432373046875,118.73712158203124,43.887786865234375,165.78103637695312,59.4818115234375,4.713470458984375,1.168670654296875,1.7427978515625,0.56646728515625,87.11270141601562,22.693389892578125,126.36361694335938,34.5687255859375,13.415435791015623,6.2540283203125,23.0819091796875,12.471099853515623,7.486328125,5.435546875,10.327301025390623,7.403411865234375,89.16021728515625,23.488037109375,145.52554321289062,45.472015380859375,12.13739013671875,6.961578369140625,13.550018310546877,8.57891845703125,6.71685791015625,3.933349609375,0.697265625,0.392303466796875,104.41983032226562,37.31512451171875,1100.999267578125,47,4,5,0,5,12,4,0,1,3,3,5,0,0,182.88,190.5,205.0,42.0,33.0,0,0,0,0,0,1,0,0,0,0,0,0,0,0,0,1,0,0,0,0,1,0,0,0
Red,False,0.015625,0.0,0.45,0.4275,0.25,0.2,0.148468017578125,0.098388671875,0.0,0.0,66.5,29.6875,64.31230545043945,27.34375,89.75,48.0,85.53125,44.41152191162109,2.0,0.75,2.0546875,0.75,51.1875,18.3359375,49.6123046875,16.280410766601562,7.5,5.07647705078125,7.5,5.0,4.5,3.625,4.984375,3.9375,48.6875,17.0,47.11572265625,16.5,5.75,3.75,5.3125,3.4375,5.0625,3.5,3.875,2.5,99.2119140625,94.125,638.5,0,0,0,0,0,0,0,0,0,0,0,0,0,0,160.02,160.02,135.0,0.0471682548522949,0.0,0.45,0.4217682266235352,0.25,0.19173828125,0.1875,0.125,0.0,0.0,69.5,30.5,66.984375,27.8466796875,94.0,48.544921875,88.50390625,44.75,2.0,0.8125,2.015625,0.6640625,54.0,19.01513671875,51.483436584472656,16.9437255859375,7.91796875,5.430633544921875,7.75,5.0625,4.780975341796875,3.9373779296875,4.8994140625,3.84375,51.025390625,18.400863647460938,50.515625,17.5,5.75,3.75,5.5,3.5,5.375,3.6875,4.0,2.65625,104.865234375,89.5,655.8441009521484,0,0,0,0,0,0,0,0,0,0,0,0,0,0,167.64,172.72,135.0,35.0,28.0,0,0,0,0,0,0,0,0,0,0,1,0,0,0,0,1,0,0,0,0,1,0,0,0
Red,False,0.0,0.25,0.5725,0.4625,0.5,0.2299999999999999,1.0,0.75,0.0,0.0,28.0,14.75,28.25,17.25,44.5,30.0,48.0,33.0,2.0,0.5,4.5,2.0,18.5,7.25,21.0,10.5,7.0,5.25,3.75,3.25,2.5,2.25,3.5,3.5,11.5,3.0,10.0,3.25,11.0,7.25,7.75,5.5,5.5,4.5,10.5,8.5,101.25,216.0,395.75,6,0,0,2,1,1,2,0,0,0,0,0,1,0,177.8,187.96,170.0,0.0625,0.6875,0.395625,0.4075,0.145625,0.2299999999999999,0.3125,0.0625,0.25,0.0,138.5625,58.4375,157.5625,64.125,177.9375,94.4375,171.3125,77.25,2.4375,0.3125,2.9375,1.0625,114.375,38.3125,122.6875,38.0625,16.375,14.1875,20.625,15.5,7.8125,5.9375,14.25,10.5625,121.75,46.1875,138.4375,49.375,11.9375,9.0625,10.875,8.375,4.875,3.1875,8.25,6.375,175.75,84.25,853.875,13,0,1,0,2,3,2,0,0,0,3,0,0,0,182.88,193.04,170.0,29.0,37.0,0,0,0,0,0,0,0,0,0,1,0,0,0,0,0,1,0,0,0,0,0,0,1,0
Red,False,1.0,0.0,0.68,0.0,0.0,0.0,0.0,0.0,0.0,0.0,22.0,15.0,2.0,0.0,22.0,15.0,2.0,0.0,0.0,0.0,0.0,0.0,19.0,13.0,2.0,0.0,3.0,2.0,0.0,0.0,0.0,0.0,0.0,0.0,5.0,2.0,2.0,0.0,0.0,0.0,0.0,0.0,17.0,13.0,0.0,0.0,9.0,0.0,36.0,1,0,1,0,1,1,0,0,0,0,0,1,0,0,175.26,187.96,170.0,0.0,0.125,0.516875,0.42625,0.23625,0.66625,0.0,0.1875,0.0,0.0,103.3125,45.8125,69.9375,27.375,175.5625,113.1875,103.1875,59.0625,8.9375,2.25,1.6875,1.125,71.9375,22.4375,56.5625,16.625,19.5625,15.875,10.125,7.5,11.8125,7.5,3.25,3.25,83.4375,31.5625,51.3125,14.375,11.5,7.875,14.125,10.3125,8.375,6.375,4.5,2.6875,357.375,151.125,831.625,15,1,1,0,1,2,3,0,0,1,1,0,0,0,182.88,182.88,170.0,31.0,34.0,0,0,0,0,0,0,0,0,0,1,0,0,0,0,0,1,0,0,0,0,1,0,0,0
Red,False,0.75,0.5,0.37375,0.53625,0.5,0.89,0.125,2.125,0.375,0.0,85.875,30.75,99.25,45.75,102.0,45.25,108.875,53.5,0.5,0.5,2.875,2.0,70.125,19.875,71.375,25.75,10.375,6.875,12.125,8.375,5.375,4.0,15.75,11.625,71.625,21.375,90.5,40.5,3.0,2.0,3.0,2.125,11.25,7.375,5.75,3.125,142.875,163.25,661.25,10,0,0,1,2,2,2,0,0,1,0,1,0,0,170.18,175.26,135.0,0.25,0.5,0.45,0.6074999999999999,0.15,0.25,1.0,0.0,0.25,0.25,53.75,23.5,64.75,40.5,70.0,39.5,76.0,48.75,3.0,0.75,0.5,0.25,36.25,10.5,52.5,29.5,8.5,7.5,4.5,3.75,9.0,5.5,7.75,7.25,47.0,17.25,55.75,32.75,4.5,4.25,6.0,4.75,2.25,2.0,3.0,3.0,30.5,107.25,359.75,5,0,2,0,2,2,1,0,0,0,0,0,2,0,175.26,180.34,135.0,28.0,29.0,1,0,0,0,0,0,0,0,0,0,0,0,0,0,0,1,0,0,0,0,1,0,0,0
Red,False,0.0,0.125,0.5275,0.6125,0.375,0.5,0.625,0.5,0.0,0.5,43.375,22.375,58.625,35.25,53.75,30.75,100.625,71.0,1.875,0.625,1.75,1.0,33.125,14.375,46.625,23.875,4.25,3.0,3.375,3.0,6.0,5.0,8.625,8.375,32.0,13.625,33.625,16.625,1.25,1.125,5.625,5.375,10.125,7.625,19.375,13.25,87.625,408.375,708.75,8,0,0,1,1,1,3,0,0,0,0,0,1,0,175.26,187.96,135.0,0.25,0.5,0.450625,0.31875,0.061875,0.02625,0.0,0.375,0.0625,0.25,71.9375,32.9375,66.75,21.0625,85.0,42.5,74.3125,26.875,1.125,0.375,1.875,0.1875,48.8125,17.1875,48.0625,9.5,13.3125,9.3125,8.3125,4.6875,9.8125,6.4375,10.375,6.875,63.1875,27.75,62.125,17.625,1.1875,0.375,2.0625,1.1875,7.5625,4.8125,2.5625,2.25,94.0625,24.3125,520.6875,11,0,0,1,3,3,2,0,0,2,1,0,0,0,170.18,172.72,135.0,25.0,34.0,1,0,0,0,0,0,0,0,0,0,0,0,0,0,0,1,0,0,0,0,1,0,0,0
Red,False,0.0,0.125,0.4375,0.33875,0.29,0.25,1.375,0.25,0.125,0.125,70.375,25.875,126.375,38.125,85.75,39.875,171.625,78.25,5.25,1.375,2.75,0.75,63.375,20.5,95.5,18.625,1.625,1.0,14.0,6.5,5.375,4.375,16.875,13.0,65.125,21.5,105.375,24.125,2.5,2.125,10.5,9.375,2.75,2.25,10.5,4.625,155.0,185.875,860.0,11,0,2,0,2,2,2,0,0,0,1,0,1,0,175.26,175.26,155.0,0.0,0.0,0.185,0.6100000000000001,0.185,0.58,0.5,0.5,0.5,2.0,77.5,11.5,66.5,42.0,95.5,27.0,94.0,67.5,5.5,1.5,4.5,2.0,72.0,8.0,55.0,33.0,2.0,1.0,6.0,3.5,3.5,2.5,5.5,5.5,71.5,9.5,41.5,22.5,5.0,2.0,3.5,3.0,1.0,0.0,21.5,16.5,141.0,310.0,738.0,5,0,0,2,0,0,2,0,0,0,0,0,0,0,177.8,185.42,155.0,30.0,27.0,0,0,0,0,0,0,1,0,0,0,0,0,0,0,0,0,0,1,0,0,1,0,0,0
Red,False,0.015625,0.0,0.45,0.4275,0.25,0.2,0.148468017578125,0.098388671875,0.0,0.0,66.5,29.6875,64.31230545043945,27.34375,89.75,48.0,85.53125,44.41152191162109,2.0,0.75,2.0546875,0.75,51.1875,18.3359375,49.6123046875,16.280410766601562,7.5,5.07647705078125,7.5,5.0,4.5,3.625,4.984375,3.9375,48.6875,17.0,47.11572265625,16.5,5.75,3.75,5.3125,3.4375,5.0625,3.5,3.875,2.5,99.2119140625,94.125,638.5,0,0,0,0,0,0,0,0,0,0,0,0,0,0,185.42,187.96,205.0,0.033203125,0.7890625,0.53291015625,0.2759765625,0.6298828125,0.3003515625,0.634765625,0.001953125,0.0,0.0,93.1796875,49.330078125,116.912109375,31.73046875,139.552734375,88.6875,124.490234375,36.994140625,0.921875,0.880859375,3.3203125,0.794921875,57.888671875,21.060546875,99.287109375,19.162109375,13.298828125,9.2265625,6.48046875,3.330078125,21.9921875,19.04296875,11.14453125,9.23828125,54.89453125,24.265625,99.2265625,22.693359375,25.4453125,17.169921875,15.44921875,8.529296875,12.83984375,7.89453125,2.236328125,0.5078125,128.470703125,228.630859375,757.044921875,19,0,4,0,4,5,5,0,0,0,0,5,0,0,187.96,187.96,205.0,33.0,30.0,0,0,0,0,0,1,0,0,0,0,0,0,0,0,0,1,0,0,0,0,1,0,0,0
Blue,True,0.015625,0.0,0.45,0.4275,0.25,0.2,0.148468017578125,0.098388671875,0.0,0.0,66.5,29.6875,64.31230545043945,27.34375,89.75,48.0,85.53125,44.41152191162109,2.0,0.75,2.0546875,0.75,51.1875,18.3359375,49.6123046875,16.280410766601562,7.5,5.07647705078125,7.5,5.0,4.5,3.625,4.984375,3.9375,48.6875,17.0,47.11572265625,16.5,5.75,3.75,5.3125,3.4375,5.0625,3.5,3.875,2.5,99.2119140625,94.125,638.5,0,0,0,0,0,0,0,0,0,0,0,0,0,0,182.88,190.5,155.0,0.0471682548522949,0.0,0.45,0.4217682266235352,0.25,0.19173828125,0.1875,0.125,0.0,0.0,69.5,30.5,66.984375,27.8466796875,94.0,48.544921875,88.50390625,44.75,2.0,0.8125,2.015625,0.6640625,54.0,19.01513671875,51.483436584472656,16.9437255859375,7.91796875,5.430633544921875,7.75,5.0625,4.780975341796875,3.9373779296875,4.8994140625,3.84375,51.025390625,18.400863647460938,50.515625,17.5,5.75,3.75,5.5,3.5,5.375,3.6875,4.0,2.65625,104.865234375,89.5,655.8441009521484,0,0,0,0,0,0,0,0,0,0,0,0,0,0,180.34,190.5,170.0,33.0,21.0,0,0,0,0,0,0,0,0,0,1,0,0,0,0,0,1,0,0,0,0,1,0,0,0
Red,False,0.0,0.0,0.38,0.62,0.0,0.6,3.0,0.0,2.0,0.0,31.0,12.0,53.0,33.0,45.0,25.0,116.0,95.0,0.0,0.0,10.0,6.0,25.0,9.0,30.0,13.0,4.0,3.0,19.0,18.0,2.0,0.0,4.0,2.0,23.0,8.0,20.0,6.0,7.0,3.0,3.0,2.0,1.0,1.0,30.0,25.0,163.0,528.0,900.0,3,0,0,1,0,0,1,0,0,0,0,0,0,0,172.72,185.42,155.0,0.125,0.0,0.6174999999999999,0.44375,0.33,0.365,1.5,1.0,0.0,0.5,22.375,13.5,69.375,42.25,26.0,17.0,125.375,92.0,1.5,1.0,6.5,3.25,14.25,7.625,58.875,35.25,6.625,4.375,7.75,5.25,1.5,1.5,2.75,1.75,8.5,4.0,9.375,3.5,7.75,4.25,14.5,8.25,6.125,5.25,45.5,30.5,97.875,294.0,526.875,6,0,1,0,1,2,2,0,0,0,0,1,1,0,182.88,187.96,170.0,31.0,28.0,0,0,0,0,0,0,0,0,0,1,0,0,0,0,0,0,0,1,0,0,1,0,0,0
Red,False,0.015625,0.0,0.45,0.4275,0.25,0.2,0.148468017578125,0.098388671875,0.0,0.0,66.5,29.6875,64.31230545043945,27.34375,89.75,48.0,85.53125,44.41152191162109,2.0,0.75,2.0546875,0.75,51.1875,18.3359375,49.6123046875,16.280410766601562,7.5,5.07647705078125,7.5,5.0,4.5,3.625,4.984375,3.9375,48.6875,17.0,47.11572265625,16.5,5.75,3.75,5.3125,3.4375,5.0625,3.5,3.875,2.5,99.2119140625,94.125,638.5,0,0,0,0,0,0,0,0,0,0,0,0,0,0,177.8,177.8,185.0,1.0,0.0,0.38,0.4,0.0,0.33,0.0,0.0,0.0,1.0,98.0,38.0,152.0,62.0,102.0,41.0,164.0,73.0,6.0,0.0,6.0,2.0,75.0,26.0,134.0,47.0,23.0,12.0,12.0,9.0,0.0,0.0,6.0,6.0,95.0,35.0,121.0,43.0,2.0,2.0,5.0,2.0,1.0,1.0,26.0,17.0,117.0,146.0,900.0,3,0,0,1,0,0,1,0,0,0,0,0,0,0,175.26,185.42,185.0,29.0,30.0,0,0,0,0,0,0,0,1,0,0,0,0,0,0,0,1,0,0,0,0,1,0,0,0
Red,False,0.0,1.0,0.33,0.63,0.08,0.0,0.0,0.0,0.0,0.0,159.0,54.0,119.0,75.0,240.0,119.0,142.0,96.0,12.0,1.0,2.0,0.0,124.0,29.0,77.0,36.0,10.0,9.0,12.0,11.0,25.0,16.0,30.0,28.0,145.0,45.0,109.0,67.0,12.0,7.0,10.0,8.0,2.0,2.0,0.0,0.0,232.0,114.0,900.0,3,0,1,0,1,1,0,0,0,0,1,0,0,0,170.18,167.64,145.0,0.0,0.0,0.47,0.39,0.5,0.5,0.5,0.5,0.0,0.0,86.0,41.0,89.5,35.5,101.0,56.0,118.5,61.0,1.5,0.5,2.5,0.5,61.5,23.0,69.5,22.0,20.0,14.0,12.5,8.0,4.5,4.0,7.5,5.5,74.5,30.5,77.0,27.5,3.0,2.0,1.0,1.0,8.5,8.5,11.5,7.0,139.5,75.5,728.0,5,1,2,0,2,2,0,0,0,0,1,1,0,0,170.18,185.42,145.0,25.0,29.0,0,0,1,0,0,0,0,0,0,0,0,0,0,0,0,1,0,0,0,0,1,0,0,0
Red,False,0.125,0.0,0.43125,0.2249999999999999,0.055,0.3400000000000001,0.5,0.875,0.0,0.0,39.5,17.375,38.75,11.875,125.75,103.625,53.125,22.25,1.25,0.5,8.875,1.375,24.125,6.625,31.625,7.75,10.375,7.125,2.75,2.25,5.0,3.625,4.375,1.875,25.375,7.25,31.375,7.5,12.375,8.75,4.5,2.625,1.75,1.375,2.875,1.75,78.125,303.25,634.375,8,0,0,1,1,2,2,0,0,0,1,0,1,0,167.64,167.64,125.0,0.25,0.125,0.46375,0.25,0.04625,0.0,0.0,0.125,0.0,0.0,108.125,46.0,93.875,20.25,115.625,53.25,96.375,22.625,4.0,0.375,1.75,0.0,78.125,21.875,71.875,6.875,10.875,7.0,8.75,2.5,19.125,17.125,13.25,10.875,94.75,35.25,92.375,19.5,9.625,7.625,1.5,0.75,3.75,3.125,0.0,0.0,119.625,1.25,662.75,9,0,0,1,3,3,1,0,0,0,2,1,0,0,165.1,167.64,135.0,30.0,30.0,1,0,0,0,0,0,0,0,0,0,0,0,0,0,0,1,0,0,0,0,1,0,0,0
Blue,False,0.0,0.0,0.535,0.355,0.5,0.415,0.0,0.0,0.25,0.0,76.25,39.5,90.25,29.75,94.25,55.5,136.0,68.5,1.0,1.0,3.75,2.0,55.75,23.0,72.25,16.75,9.25,6.5,13.0,9.25,11.25,10.0,5.0,3.75,65.75,32.25,77.5,22.75,2.25,1.25,3.75,2.25,8.25,6.0,9.0,4.75,133.5,241.5,900.0,9,0,0,1,1,1,2,0,0,0,1,0,0,0,172.72,185.42,135.0,0.0,0.0,0.425,0.485,0.0,0.415,0.5,0.0,0.5,0.0,79.5,34.0,55.0,26.5,141.0,89.0,92.0,59.0,2.5,0.0,4.0,2.5,58.5,17.0,35.5,10.5,7.0,5.5,14.0,11.0,14.0,11.5,5.5,5.0,67.5,25.0,45.5,18.5,3.5,2.5,3.5,2.5,8.5,6.5,6.0,5.5,158.5,315.5,900.0,6,1,0,1,1,1,1,0,0,1,0,0,0,0,170.18,185.42,145.0,25.0,25.0,0,0,1,0,0,0,0,0,0,0,0,0,0,0,0,1,0,0,0,0,1,0,0,0
Blue,False,0.5,0.15625,0.6056250000000001,0.3321874999999999,0.03125,0.0234375,0.0,0.25,0.0,0.0,71.21875,42.09375,31.5625,11.28125,75.125,45.0,39.71875,19.125,0.625,0.125,0.125,0.09375,54.71875,27.3125,26.28125,7.4375,8.59375,7.25,2.1875,1.8125,7.90625,7.53125,3.09375,2.03125,53.375,30.1875,27.0625,8.34375,6.09375,4.21875,3.3125,1.84375,11.75,7.6875,1.1875,1.09375,36.65625,53.625,372.6875,11,0,0,1,2,4,2,0,0,0,1,3,0,0,193.04,195.58,231.0,0.6875,0.125,0.472578125,0.4725,0.17265625,0.640625,1.8671875,0.25,0.3203125,0.296875,42.078125,18.9609375,33.25,13.359375,69.75,40.6328125,35.3359375,15.265625,2.125,0.546875,1.546875,1.265625,39.390625,16.484375,23.59375,5.890625,2.0625,1.8515625,5.5,3.7578125,0.625,0.625,4.15625,3.7109375,32.859375,13.046875,26.171875,9.1640625,4.75,3.4765625,4.453125,2.8984375,4.46875,2.4375,2.625,1.296875,164.5625,60.78125,419.375,16,2,2,0,2,5,3,0,0,0,2,1,2,0,190.5,195.58,240.0,35.0,37.0,0,0,0,0,1,0,0,0,0,0,0,0,0,0,0,1,0,0,0,0,1,0,0,0
Red,False,0.015625,0.0,0.45,0.4275,0.25,0.2,0.148468017578125,0.098388671875,0.0,0.0,66.5,29.6875,64.31230545043945,27.34375,89.75,48.0,85.53125,44.41152191162109,2.0,0.75,2.0546875,0.75,51.1875,18.3359375,49.6123046875,16.280410766601562,7.5,5.07647705078125,7.5,5.0,4.5,3.625,4.984375,3.9375,48.6875,17.0,47.11572265625,16.5,5.75,3.75,5.3125,3.4375,5.0625,3.5,3.875,2.5,99.2119140625,94.125,638.5,0,0,0,0,0,0,0,0,0,0,0,0,0,0,175.26,182.88,155.0,0.0,0.0,0.43,0.52,0.66,0.0,3.0,0.0,0.0,1.0,55.0,24.0,53.0,28.0,70.0,39.0,70.0,41.0,3.0,2.0,1.0,0.0,36.0,10.0,30.0,14.0,17.0,12.0,22.0,14.0,2.0,2.0,1.0,0.0,52.0,22.0,48.0,25.0,3.0,2.0,3.0,3.0,0.0,0.0,2.0,0.0,86.0,73.0,459.0,2,0,1,0,1,1,0,0,0,0,0,0,1,0,187.96,198.12,185.0,27.0,30.0,0,0,0,0,0,0,0,0,0,1,0,0,0,0,0,1,0,0,0,0,1,0,0,0
Red,False,0.015625,0.0,0.45,0.4275,0.25,0.2,0.148468017578125,0.098388671875,0.0,0.0,66.5,29.6875,64.31230545043945,27.34375,89.75,48.0,85.53125,44.41152191162109,2.0,0.75,2.0546875,0.75,51.1875,18.3359375,49.6123046875,16.280410766601562,7.5,5.07647705078125,7.5,5.0,4.5,3.625,4.984375,3.9375,48.6875,17.0,47.11572265625,16.5,5.75,3.75,5.3125,3.4375,5.0625,3.5,3.875,2.5,99.2119140625,94.125,638.5,0,0,0,0,0,0,0,0,0,0,0,0,0,0,193.04,193.04,205.0,0.0471682548522949,0.0,0.45,0.4217682266235352,0.25,0.19173828125,0.1875,0.125,0.0,0.0,69.5,30.5,66.984375,27.8466796875,94.0,48.544921875,88.50390625,44.75,2.0,0.8125,2.015625,0.6640625,54.0,19.01513671875,51.483436584472656,16.9437255859375,7.91796875,5.430633544921875,7.75,5.0625,4.780975341796875,3.9373779296875,4.8994140625,3.84375,51.025390625,18.400863647460938,50.515625,17.5,5.75,3.75,5.5,3.5,5.375,3.6875,4.0,2.65625,104.865234375,89.5,655.8441009521484,0,0,0,0,0,0,0,0,0,0,0,0,0,0,190.5,195.58,185.0,24.0,25.0,0,0,0,0,0,0,0,1,0,0,0,0,0,0,0,1,0,0,0,0,1,0,0,0
Red,False,0.0,0.0,0.28,0.44,1.0,0.41,0.0,1.0,0.0,0.0,14.0,4.0,29.0,13.0,56.0,39.0,122.0,105.0,1.0,1.0,12.0,5.0,13.0,3.0,26.0,11.0,1.0,1.0,3.0,2.0,0.0,0.0,0.0,0.0,12.0,4.0,13.0,3.0,1.0,0.0,1.0,1.0,1.0,0.0,15.0,9.0,189.0,539.0,900.0,3,0,0,1,0,0,1,0,0,0,0,0,0,0,170.18,170.18,155.0,0.0,0.0,0.415,0.38,0.0,0.0,0.5,0.0,0.0,0.0,89.5,30.5,84.0,28.0,90.0,31.0,84.0,28.0,0.0,0.0,0.0,0.0,67.5,18.5,54.0,5.5,7.0,5.0,1.0,0.0,15.0,7.0,29.0,22.5,89.5,30.5,84.0,28.0,0.0,0.0,0.0,0.0,0.0,0.0,0.0,0.0,21.5,0.0,516.0,4,0,1,0,1,1,1,0,0,0,0,0,1,0,170.18,180.34,155.0,32.0,33.0,0,0,1,0,0,0,0,0,0,0,0,0,0,0,0,1,0,0,0,0,1,0,0,0
Red,False,0.0,0.0,0.4037499999999999,0.506875,0.2475,0.254375,1.6875,1.125,0.5,0.0,21.5,8.625,21.1875,12.25,33.5625,18.0,48.5,34.375,5.8125,1.125,2.25,1.1875,16.875,5.1875,13.6875,5.5,1.375,0.9375,4.625,4.0,3.25,2.5,2.875,2.75,14.4375,5.0,9.75,3.75,2.9375,1.25,7.125,6.0625,4.125,2.375,4.3125,2.4375,96.8125,282.3125,474.125,11,0,0,1,1,2,3,0,0,0,0,1,1,0,182.88,190.5,185.0,0.0,0.0,0.23,0.31,0.13,0.0,0.0,0.0,0.0,0.0,92.0,22.0,111.0,35.0,98.0,27.0,158.0,81.0,15.0,2.0,0.0,0.0,58.0,8.0,94.0,26.0,6.0,2.0,12.0,7.0,28.0,12.0,5.0,2.0,90.0,20.0,103.0,28.0,1.0,1.0,7.0,6.0,1.0,1.0,1.0,1.0,227.0,6.0,900.0,3,0,0,1,0,0,1,0,0,0,0,0,0,0,185.42,185.42,185.0,27.0,25.0,0,0,0,0,0,0,0,1,0,0,0,0,0,0,0,1,0,0,0,0,1,0,0,0
Red,True,0.75,0.0,0.5275,0.6,0.0,0.75,0.0,0.0,0.0,0.0,29.5,14.5,52.75,34.5,45.0,27.5,73.25,51.75,1.0,0.0,0.75,0.75,23.5,11.0,34.75,18.5,1.75,1.25,16.0,14.0,4.25,2.25,2.0,2.0,18.0,7.5,17.5,8.5,9.0,5.5,11.75,9.5,2.5,1.5,23.5,16.5,13.25,244.25,418.25,5,0,0,1,2,2,1,0,0,0,0,2,0,0,193.04,208.28,264.0,0.662109375,0.125,0.51205078125,0.4497460937499999,0.4702734375,0.023203125,0.015625,0.00390625,0.0,0.0,134.447265625,67.6875,73.255859375,30.6484375,205.7421875,127.830078125,79.435546875,36.56640625,17.173828125,5.951171875,0.712890625,0.0703125,117.560546875,52.09765625,54.853515625,17.4375,13.87109375,12.76171875,18.125,12.9375,3.015625,2.828125,0.27734375,0.2734375,66.517578125,19.861328125,61.884765625,22.78515625,27.15625,20.01953125,10.44921875,7.33203125,40.7734375,27.806640625,0.921875,0.53125,487.900390625,37.7265625,847.015625,18,3,7,0,7,9,1,0,0,0,2,7,0,0,185.42,195.58,240.0,33.0,30.0,0,0,0,0,1,0,0,0,0,0,0,0,0,0,0,1,0,0,0,0,1,0,0,0
Red,False,0.8125,0.0,0.536875,0.3399999999999999,0.375,0.033125,0.125,0.625,0.5,0.5,60.0625,32.875,45.3125,16.1875,79.6875,49.6875,71.25,33.5,1.5625,0.8125,2.125,0.3125,53.0625,27.0,40.5,12.875,5.25,4.125,2.5625,2.5625,1.75,1.75,2.25,0.75,53.5,28.875,38.9375,13.0625,0.5,0.3125,0.3125,0.3125,6.0625,3.6875,6.0625,2.8125,173.0,87.4375,526.25,10,0,0,1,4,4,1,0,0,0,1,3,0,0,177.8,182.88,265.0,0.498046875,0.5,0.5058007812499999,0.458828125,0.078125,0.20125,0.0,0.0,0.0,0.0,114.412109375,54.544921875,132.173828125,63.38671875,123.525390625,61.869140625,189.806640625,113.01953125,0.6875,0.15625,18.05078125,5.578125,88.490234375,35.73828125,112.07421875,44.982421875,25.5,18.423828125,14.61328125,13.06640625,0.421875,0.3828125,5.486328125,5.337890625,98.849609375,44.056640625,80.78515625,25.212890625,11.525390625,7.8203125,26.888671875,19.673828125,4.037109375,2.66796875,24.5,18.5,40.775390625,426.16796875,971.083984375,21,3,9,0,9,9,1,0,0,0,2,7,0,0,193.04,195.58,238.0,39.0,29.0,0,0,0,0,1,0,0,0,0,0,0,0,0,0,0,1,0,0,0,0,1,0,0,0
Red,False,0.3125,0.5625,0.60375,0.418125,0.3059375,0.15625,0.03125,0.0625,0.0,0.0,108.125,58.9375,99.15625,36.15625,170.5625,112.5625,119.53125,54.59375,5.1875,1.9375,1.875,0.34375,83.59375,40.46875,86.875,26.125,13.4375,9.375,4.78125,3.28125,11.09375,9.09375,7.5,6.75,65.0625,29.40625,74.09375,18.0625,12.40625,8.4375,6.40625,6.0625,30.65625,21.09375,18.65625,12.03125,273.03125,223.75,727.46875,12,0,1,0,4,5,1,0,0,0,2,3,0,0,187.96,190.5,185.0,0.75,0.0,0.49,0.2875,0.75,0.0,0.5,0.0,0.0,0.0,133.25,65.0,98.25,30.25,161.5,87.5,99.75,31.75,3.25,3.25,2.25,0.0,124.75,59.5,92.25,25.0,8.0,5.0,4.0,3.25,0.5,0.5,2.0,2.0,81.75,31.5,92.0,28.0,7.25,4.5,6.25,2.25,44.25,29.0,0.0,0.0,230.25,2.5,628.25,6,0,3,0,3,3,0,0,0,0,1,0,1,1,187.96,193.04,205.0,31.0,33.0,0,0,0,0,0,1,0,0,0,0,0,0,0,0,0,1,0,0,0,0,1,0,0,0
Red,False,0.015625,0.0,0.45,0.4275,0.25,0.2,0.148468017578125,0.098388671875,0.0,0.0,66.5,29.6875,64.31230545043945,27.34375,89.75,48.0,85.53125,44.41152191162109,2.0,0.75,2.0546875,0.75,51.1875,18.3359375,49.6123046875,16.280410766601562,7.5,5.07647705078125,7.5,5.0,4.5,3.625,4.984375,3.9375,48.6875,17.0,47.11572265625,16.5,5.75,3.75,5.3125,3.4375,5.0625,3.5,3.875,2.5,99.2119140625,94.125,638.5,0,0,0,0,0,0,0,0,0,0,0,0,0,0,177.8,177.8,155.0,0.3125,0.75,0.392265625,0.526875,0.047109375,0.00109375,0.0390625,0.015625,0.0,0.0,46.9921875,21.5859375,60.5234375,33.1875,47.9453125,22.3203125,62.96875,35.1875,0.4140625,0.1484375,0.6171875,0.0078125,33.3203125,10.4296875,48.1796875,24.5703125,6.015625,4.71875,9.515625,6.3984375,7.65625,6.4375,2.828125,2.21875,44.8125,20.1640625,54.96875,29.7265625,1.65625,1.078125,4.265625,2.453125,0.5234375,0.34375,1.2890625,1.0078125,7.0859375,7.75,283.671875,15,0,4,0,4,6,2,0,0,0,2,2,2,0,185.42,185.42,155.0,30.0,30.0,0,0,0,0,0,0,1,0,0,0,0,0,0,0,0,1,0,0,0,0,1,0,0,0
Blue,False,0.50390625,0.00390625,0.5506640625,0.3551562499999999,0.12845703125,0.147890625,0.328125,0.267578125,0.126953125,0.2734375,141.9609375,79.1953125,138.4765625,55.2734375,155.61328125,91.427734375,150.51171875,64.072265625,1.912109375,0.57421875,3.388671875,1.07421875,106.671875,48.849609375,118.6171875,41.66015625,29.291015625,24.736328125,12.359375,6.8984375,5.998046875,5.609375,7.5,6.71484375,109.42578125,54.857421875,129.830078125,51.3125,22.521484375,18.03125,5.001953125,2.255859375,10.013671875,6.306640625,3.64453125,1.705078125,126.74609375,73.3203125,582.64453125,26,0,1,0,4,7,3,0,0,1,3,2,1,0,177.8,182.88,155.0,0.62646484375,0.25,0.2430664062499999,0.2372021484375,0.14099609375,0.0351171875,0.65185546875,0.25830078125,0.00244140625,0.0048828125,191.66015625,46.90185546875,248.26123046875,53.60302734375,202.37890625,56.7568359375,254.54931640625,58.5751953125,7.7294921875,1.2822265625,5.79345703125,0.37841796875,176.32666015625,36.5244140625,224.71533203125,39.94580078125,10.32568359375,6.21337890625,14.2001953125,5.921875,5.0078125,4.1640625,9.345703125,7.7353515625,173.00830078125,33.41259765625,243.60205078125,50.9912109375,10.95751953125,8.19873046875,3.185546875,1.39990234375,7.6943359375,5.29052734375,1.4736328125,1.2119140625,88.68505859375,40.001953125,1332.791015625,38,2,0,1,8,9,3,0,0,3,5,1,0,0,175.26,177.8,155.0,29.0,34.0,0,0,0,0,0,0,1,0,0,0,0,0,0,0,0,1,0,0,0,0,1,0,0,0
Blue,False,1.0,0.0,0.41,0.32,0.0,0.2,0.0,0.0,0.0,0.0,202.0,83.0,171.0,55.0,208.0,89.0,205.0,82.0,0.0,0.0,5.0,1.0,172.0,64.0,133.0,29.0,25.0,15.0,29.0,18.0,5.0,4.0,9.0,8.0,167.0,60.0,154.0,42.0,24.0,17.0,15.0,11.0,11.0,6.0,2.0,2.0,22.0,255.0,900.0,3,1,1,0,1,1,0,0,0,0,1,0,0,0,182.88,185.42,185.0,0.0,0.0,0.83,0.6,0.43,0.0,1.0,0.0,0.0,1.0,18.0,15.0,15.0,9.0,113.0,88.0,17.0,10.0,16.0,7.0,0.0,0.0,5.0,3.0,11.0,6.0,2.0,1.0,3.0,2.0,11.0,11.0,1.0,1.0,6.0,4.0,9.0,5.0,4.0,4.0,1.0,0.0,8.0,7.0,5.0,4.0,746.0,34.0,900.0,3,1,1,0,1,1,0,0,0,0,1,0,0,0,182.88,180.34,155.0,22.0,25.0,0,0,0,0,0,0,0,0,0,1,0,0,0,0,0,1,0,0,0,0,1,0,0,0
Red,False,0.50390625,0.0,0.4462451171875,0.3234082031249999,0.6534912109375,0.20041015625,0.138671875,0.3330078125,0.00244140625,0.03173828125,57.8544921875,23.28564453125,47.0234375,11.66845703125,67.966796875,33.126953125,52.3671875,16.3994140625,1.8583984375,1.35107421875,2.984375,1.1630859375,41.02392578125,10.4765625,40.26318359375,9.50146484375,12.43310546875,9.48388671875,6.390625,1.89453125,4.3974609375,3.3251953125,0.36962890625,0.2724609375,46.646484375,15.44140625,43.12548828125,9.66259765625,4.60546875,2.86572265625,1.67578125,0.59814453125,6.6025390625,4.978515625,2.22216796875,1.40771484375,61.53466796875,80.55908203125,352.68994140625,30,0,0,1,6,8,4,0,0,2,3,2,1,0,175.26,180.34,170.0,0.8828125,0.00390625,0.5161328125,0.4921484375,0.29814453125,0.0162109375,0.078125,0.12890625,0.0078125,0.0,24.431640625,12.833984375,29.951171875,15.173828125,36.84765625,22.513671875,38.787109375,22.9375,0.8515625,0.48828125,0.865234375,0.05078125,19.12890625,8.560546875,21.8359375,8.228515625,3.64453125,2.748046875,6.9453125,6.056640625,1.658203125,1.525390625,1.169921875,0.888671875,12.408203125,5.556640625,19.107421875,7.091796875,6.119140625,3.431640625,8.814453125,6.60546875,5.904296875,3.845703125,2.029296875,1.4765625,61.5234375,32.1328125,208.525390625,19,0,0,1,3,7,3,0,0,0,2,3,2,0,182.88,187.96,170.0,28.0,37.0,0,0,0,0,0,0,0,0,0,1,0,0,0,0,0,0,0,1,0,0,1,0,0,0
Red,False,0.875,0.0,0.375,0.2937499999999999,0.0,0.35375,0.0,0.375,0.0,0.0,202.875,83.375,218.625,57.25,205.0,84.5,223.625,59.25,0.0,0.0,5.5,1.375,155.25,50.25,191.75,41.625,39.0,25.0,17.125,6.375,8.625,8.125,9.75,9.25,192.125,77.25,211.5,53.25,5.375,4.0,6.375,3.75,5.375,2.125,0.75,0.25,13.125,69.875,735.125,9,0,0,1,3,3,1,0,0,1,1,1,0,0,180.34,175.26,145.0,0.625,0.875,0.5,0.42125,0.36,0.165,1.625,0.125,0.25,0.0,131.625,71.75,100.0,48.25,177.75,112.625,110.25,57.5,6.25,1.375,7.125,0.625,108.0,54.375,74.875,29.375,14.0,9.0,15.25,10.5,9.625,8.375,9.875,8.375,64.125,24.75,58.375,23.625,30.25,20.0,34.875,21.375,37.25,27.0,6.75,3.25,298.875,78.875,669.625,8,1,0,1,3,3,1,0,0,1,1,0,1,0,167.64,167.64,155.0,21.0,26.0,0,0,1,0,0,0,0,0,0,0,0,0,0,0,0,1,0,0,0,0,1,0,0,0
Red,False,1.0,0.0,0.76,0.56,1.0,0.2,2.0,0.0,0.0,0.0,75.0,57.0,16.0,9.0,117.0,94.0,19.0,11.0,1.0,1.0,10.0,2.0,36.0,22.0,7.0,3.0,32.0,28.0,1.0,1.0,7.0,7.0,8.0,5.0,10.0,1.0,6.0,3.0,33.0,28.0,10.0,6.0,32.0,28.0,0.0,0.0,183.0,248.0,536.0,2,0,1,0,1,1,0,0,0,0,0,1,0,0,172.72,177.8,155.0,0.75,0.0,0.5225,0.2525,0.0825,0.04,0.25,0.0,0.0,0.0,60.0,26.0,37.75,11.25,70.0,34.0,45.25,17.0,5.5,0.75,2.0,0.25,53.0,22.25,30.25,6.0,5.0,2.5,6.5,4.25,2.0,1.25,1.0,1.0,40.0,10.0,34.5,8.5,4.0,3.25,3.25,2.75,16.0,12.75,0.0,0.0,162.5,5.5,464.5,7,0,3,0,3,3,0,0,0,0,1,1,1,0,177.8,177.8,155.0,29.0,24.0,0,0,0,0,0,0,1,0,0,0,0,0,0,0,0,1,0,0,0,0,1,0,0,0
Red,False,0.015625,0.0,0.45,0.4275,0.25,0.2,0.148468017578125,0.098388671875,0.0,0.0,66.5,29.6875,64.31230545043945,27.34375,89.75,48.0,85.53125,44.41152191162109,2.0,0.75,2.0546875,0.75,51.1875,18.3359375,49.6123046875,16.280410766601562,7.5,5.07647705078125,7.5,5.0,4.5,3.625,4.984375,3.9375,48.6875,17.0,47.11572265625,16.5,5.75,3.75,5.3125,3.4375,5.0625,3.5,3.875,2.5,99.2119140625,94.125,638.5,0,0,0,0,0,0,0,0,0,0,0,0,0,0,177.8,177.8,145.0,0.0631103515625,0.5078125,0.3239776611328125,0.399007568359375,0.09909423828125,0.182745361328125,0.250732421875,0.0816650390625,0.127197265625,0.00140380859375,56.46124267578125,21.93463134765625,76.577880859375,32.67327880859375,67.171142578125,32.391845703125,90.6610107421875,45.644287109375,2.947509765625,0.775146484375,2.55517578125,1.07647705078125,41.35565185546875,11.57421875,55.0855712890625,14.36260986328125,7.5184326171875,5.1143798828125,8.78515625,7.1278076171875,7.587158203125,5.24603271484375,12.7071533203125,11.182861328125,52.40069580078125,18.50244140625,72.3499755859375,29.4830322265625,2.819091796875,2.60595703125,3.01611328125,2.118408203125,1.241455078125,0.82623291015625,1.2117919921875,1.07183837890625,61.49310302734375,74.28033447265625,499.681396484375,38,0,0,1,2,7,8,0,0,1,2,3,0,1,175.26,180.34,145.0,31.0,27.0,0,0,1,0,0,0,0,0,0,0,0,0,0,0,0,1,0,0,0,0,1,0,0,0
Blue,False,0.0625,0.3125,0.4061718749999999,0.54203125,0.4628125,0.429453125,0.5,0.03125,0.015625,0.0,88.1875,36.4140625,54.4609375,30.40625,153.3046875,97.171875,75.2421875,50.6796875,2.0390625,1.2578125,4.953125,1.609375,59.2578125,18.3515625,38.4453125,15.9375,20.3515625,12.9296875,9.9375,8.6953125,8.578125,5.1328125,6.078125,5.7734375,61.4609375,16.3984375,32.046875,15.6796875,15.2734375,10.78125,9.890625,7.53125,11.453125,9.234375,12.5234375,7.1953125,184.7890625,322.75,745.984375,20,0,0,1,1,3,5,0,0,1,1,1,0,0,185.42,182.88,135.0,0.0,0.5,0.255,0.4175,0.5,0.5,0.25,0.5,0.0,0.5,70.75,18.5,65.0,25.75,76.75,23.5,74.75,34.75,0.5,0.5,0.5,0.5,62.0,11.25,55.5,20.0,8.25,6.75,4.0,2.0,0.5,0.5,5.5,3.75,64.0,14.25,50.75,15.75,4.0,3.5,2.25,1.0,2.75,0.75,12.0,9.0,94.25,80.0,471.0,6,0,2,0,2,2,1,0,0,0,1,0,1,0,170.18,177.8,135.0,31.0,32.0,1,0,0,0,0,0,0,0,0,0,0,0,0,0,0,1,0,0,0,0,1,0,0,0
Red,False,0.0,0.0,0.56,0.42,0.0,0.5,1.0,1.0,1.0,1.0,216.0,121.0,112.0,48.0,222.0,126.0,114.0,49.0,0.0,0.0,6.0,3.0,186.0,95.0,82.0,24.0,20.0,16.0,12.0,8.0,10.0,10.0,18.0,16.0,171.0,80.0,100.0,43.0,13.0,13.0,9.0,2.0,32.0,28.0,3.0,3.0,139.0,171.0,900.0,3,0,1,0,1,1,0,0,0,0,1,0,0,0,180.34,180.34,170.0,0.5,0.0,0.5349999999999999,0.41,0.0,0.19,0.0,0.5,0.5,0.5,85.5,44.5,49.5,22.0,92.0,50.0,85.0,49.5,0.0,0.0,6.5,2.5,69.0,31.0,32.0,10.0,12.5,9.5,6.0,3.5,4.0,4.0,11.5,8.5,81.0,40.5,37.5,12.5,2.0,1.5,1.5,1.5,2.5,2.5,10.5,8.0,24.5,242.5,576.5,4,0,1,0,1,1,1,0,0,0,0,1,0,0,182.88,190.5,170.0,23.0,30.0,0,0,0,0,0,0,0,0,0,1,0,0,0,0,0,1,0,0,0,0,1,0,0,0
Red,False,0.015625,0.0,0.45,0.4275,0.25,0.2,0.148468017578125,0.098388671875,0.0,0.0,66.5,29.6875,64.31230545043945,27.34375,89.75,48.0,85.53125,44.41152191162109,2.0,0.75,2.0546875,0.75,51.1875,18.3359375,49.6123046875,16.280410766601562,7.5,5.07647705078125,7.5,5.0,4.5,3.625,4.984375,3.9375,48.6875,17.0,47.11572265625,16.5,5.75,3.75,5.3125,3.4375,5.0625,3.5,3.875,2.5,99.2119140625,94.125,638.5,0,0,0,0,0,0,0,0,0,0,0,0,0,0,167.64,170.18,170.0,0.03515625,0.25,0.190078125,0.5327734375000001,0.15296875,0.297421875,0.44140625,1.10546875,0.0390625,0.0078125,20.56640625,6.484375,46.33984375,18.69921875,25.21484375,10.0078125,87.1640625,54.01953125,1.2578125,0.859375,3.65625,1.6953125,16.921875,3.89453125,37.91015625,14.34765625,2.4609375,1.53125,3.703125,1.6171875,1.18359375,1.05859375,4.7265625,2.734375,16.53515625,4.10546875,24.48828125,4.609375,2.8828125,1.8203125,0.57421875,0.27734375,1.1484375,0.55859375,21.27734375,13.8125,57.41015625,424.94921875,675.20703125,22,0,1,0,2,4,5,0,0,0,2,1,1,0,180.34,187.96,170.0,31.0,32.0,0,0,0,0,0,0,0,0,0,1,0,0,0,0,0,1,0,0,0,0,1,0,0,0
Red,False,0.00390625,0.06640625,0.4176953124999999,0.34095703125,0.2312890625,0.1478125,0.310546875,0.51953125,0.0,0.01953125,250.9375,101.427734375,185.763671875,68.0625,268.533203125,115.8671875,192.123046875,73.474609375,7.001953125,1.068359375,6.89453125,1.3359375,225.388671875,85.912109375,155.86328125,44.603515625,20.5625,11.1015625,23.37890625,17.94140625,4.986328125,4.4140625,6.521484375,5.517578125,230.435546875,87.85546875,168.2578125,58.25390625,17.99609375,12.12890625,17.169921875,9.626953125,2.505859375,1.443359375,0.3359375,0.181640625,117.6484375,82.431640625,837.732421875,25,0,4,0,4,7,3,0,0,3,1,1,1,1,177.8,177.8,155.0,0.15625,0.0009765625,0.446083984375,0.307978515625,0.49994140625,0.036650390625,0.1455078125,0.5078125,0.0009765625,0.001953125,98.072265625,42.7607421875,63.8583984375,21.8876953125,125.3271484375,67.296875,73.2685546875,31.201171875,7.3974609375,3.55859375,5.974609375,0.1572265625,71.513671875,23.09765625,43.982421875,8.4658203125,11.3203125,7.583984375,10.001953125,5.8837890625,15.23828125,12.0791015625,9.8740234375,7.5380859375,66.328125,21.0791015625,56.65625,17.6513671875,22.310546875,15.79296875,6.9951171875,4.1513671875,9.43359375,5.888671875,0.20703125,0.0849609375,243.962890625,122.8056640625,767.9326171875,28,0,0,2,3,7,4,0,0,0,4,1,2,0,172.72,177.8,155.0,31.0,28.0,0,0,0,0,0,0,1,0,0,0,0,0,0,0,0,0,0,1,0,0,0,0,1,0
Red,False,0.015625,0.0,0.45,0.4275,0.25,0.2,0.148468017578125,0.098388671875,0.0,0.0,66.5,29.6875,64.31230545043945,27.34375,89.75,48.0,85.53125,44.41152191162109,2.0,0.75,2.0546875,0.75,51.1875,18.3359375,49.6123046875,16.280410766601562,7.5,5.07647705078125,7.5,5.0,4.5,3.625,4.984375,3.9375,48.6875,17.0,47.11572265625,16.5,5.75,3.75,5.3125,3.4375,5.0625,3.5,3.875,2.5,99.2119140625,94.125,638.5,0,0,0,0,0,0,0,0,0,0,0,0,0,0,190.5,195.58,205.0,0.626251220703125,0.28173828125,0.3927101135253906,0.3215908813476562,0.000518798828125,0.28607666015625,0.3909912109375,0.25006103515625,0.0078125,0.0001220703125,41.86030578613281,16.01171875,64.36680603027344,24.495193481445312,47.47755432128906,21.11285400390625,75.35050964355469,34.40016174316406,0.002288818359375,0.001739501953125,1.867279052734375,0.53912353515625,35.40126037597656,10.81927490234375,51.38449096679688,16.31781005859375,4.91461181640625,3.77349853515625,3.7263336181640634,1.4362945556640625,1.54443359375,1.4189453125,9.2559814453125,6.7410888671875,31.59101867675781,9.441314697265623,48.05131530761719,13.36865234375,3.762283325195313,1.9180755615234373,1.34259033203125,0.1659698486328125,6.507003784179688,4.6523284912109375,14.972900390625,10.9605712890625,15.79296875,165.7138671875,495.5965576171875,27,4,3,0,3,11,6,0,0,0,0,8,2,1,182.88,187.96,185.0,28.0,36.0,0,0,0,0,0,0,0,1,0,0,0,0,0,0,0,0,0,1,0,0,0,0,1,0
Red,False,0.0,0.03125,0.329453125,0.38078125,0.0,0.14984375,0.15625,0.2734375,0.0078125,0.0,210.8359375,65.0625,162.9765625,62.65625,216.859375,70.40625,169.3125,68.34375,0.53125,0.0,2.6484375,0.6484375,184.015625,45.2890625,115.953125,30.4453125,10.390625,6.515625,18.0078125,7.8984375,16.4296875,13.2578125,29.015625,24.3125,202.9921875,60.3515625,156.203125,58.0703125,7.78125,4.7109375,5.203125,3.4140625,0.0625,0.0,1.5703125,1.171875,30.3046875,48.609375,849.296875,22,0,2,0,4,6,2,0,0,2,2,0,1,1,187.96,190.5,185.0,0.0471682548522949,0.0,0.45,0.4217682266235352,0.25,0.19173828125,0.1875,0.125,0.0,0.0,69.5,30.5,66.984375,27.8466796875,94.0,48.544921875,88.50390625,44.75,2.0,0.8125,2.015625,0.6640625,54.0,19.01513671875,51.483436584472656,16.9437255859375,7.91796875,5.430633544921875,7.75,5.0625,4.780975341796875,3.9373779296875,4.8994140625,3.84375,51.025390625,18.400863647460938,50.515625,17.5,5.75,3.75,5.5,3.5,5.375,3.6875,4.0,2.65625,104.865234375,89.5,655.8441009521484,0,0,0,0,0,0,0,0,0,0,0,0,0,0,185.42,182.88,185.0,26.0,33.0,0,0,0,0,0,0,0,1,0,0,0,0,0,0,0,1,0,0,0,0,1,0,0,0
Red,False,0.015625,0.0,0.45,0.4275,0.25,0.2,0.148468017578125,0.098388671875,0.0,0.0,66.5,29.6875,64.31230545043945,27.34375,89.75,48.0,85.53125,44.41152191162109,2.0,0.75,2.0546875,0.75,51.1875,18.3359375,49.6123046875,16.280410766601562,7.5,5.07647705078125,7.5,5.0,4.5,3.625,4.984375,3.9375,48.6875,17.0,47.11572265625,16.5,5.75,3.75,5.3125,3.4375,5.0625,3.5,3.875,2.5,99.2119140625,94.125,638.5,0,0,0,0,0,0,0,0,0,0,0,0,0,0,180.34,180.34,170.0,0.5,0.40625,0.5596875,0.249375,0.5025,0.0259375,2.25,0.0,0.0,0.4375,103.34375,58.71875,76.96875,18.75,140.53125,94.8125,86.53125,27.84375,6.84375,3.46875,1.21875,0.25,80.375,40.1875,68.0,13.34375,9.90625,6.6875,4.375,1.75,13.0625,11.84375,4.59375,3.65625,67.0625,31.0,67.9375,13.21875,7.28125,5.15625,3.40625,1.34375,29.0,22.5625,5.625,4.1875,256.0625,71.53125,739.5,17,0,0,2,2,3,3,0,0,0,2,0,1,0,182.88,195.58,185.0,27.0,30.0,0,0,0,0,0,0,0,1,0,0,0,0,0,0,0,1,0,0,0,0,1,0,0,0
Red,False,0.0,0.0,0.51,0.25,0.16,0.165,0.0,0.0,1.0,0.0,82.0,42.0,133.5,34.5,90.5,50.0,143.0,43.5,6.0,1.0,3.0,0.5,68.5,31.0,114.5,19.5,5.0,2.5,7.5,5.5,8.5,8.5,11.5,9.5,68.0,31.0,115.5,22.5,3.0,2.5,15.0,10.5,11.0,8.5,3.0,1.5,112.0,95.5,738.0,5,0,1,0,1,1,1,0,0,0,0,1,0,0,180.34,187.96,155.0,0.03515625,0.2501220703125,0.3355239105224609,0.3690633392333984,0.4170070648193359,0.0027996826171875,1.068267822265625,0.5158767700195312,1.52587890625e-05,7.62939453125e-06,123.80354309082033,36.11128234863281,166.01847076416016,62.873870849609375,146.56126403808594,55.26290130615234,181.3642807006836,75.56905364990234,7.295661926269531,2.6916580200195312,6.864067077636719,0.0167388916015625,111.36125183105467,26.50402069091797,142.99134826660156,47.924896240234375,9.856330871582031,7.029121398925781,17.18463897705078,10.19976806640625,2.5859603881835938,2.5781402587890625,5.8424835205078125,4.74920654296875,106.78292846679688,25.49057006835937,139.65998077392578,45.35555267333984,14.14312744140625,8.74114990234375,20.94282531738281,14.60773468017578,2.8774871826171875,1.8795623779296875,5.4156646728515625,2.91058349609375,173.2707061767578,153.3239517211914,885.0029525756836,45,0,0,1,3,11,7,0,0,2,5,1,3,0,177.8,180.34,155.0,29.0,29.0,0,0,0,0,0,0,1,0,0,0,0,0,0,0,0,1,0,0,0,0,0,0,1,0
Blue,False,0.0,0.041015625,0.7120800781250001,0.5616699218750001,0.53201171875,0.200791015625,0.2998046875,0.2451171875,0.0,0.0634765625,61.248046875,43.564453125,39.734375,23.76171875,159.689453125,135.0634765625,49.828125,33.533203125,12.943359375,6.38671875,1.4599609375,0.7236328125,43.892578125,27.6201171875,32.8798828125,18.236328125,6.7236328125,5.982421875,5.2412109375,3.951171875,10.6318359375,9.9619140625,1.61328125,1.57421875,22.8935546875,10.08203125,26.732421875,14.736328125,15.3896484375,13.150390625,6.5947265625,4.658203125,22.96484375,20.33203125,6.4072265625,4.3671875,430.9853515625,94.5625,675.9375,29,0,1,0,4,7,4,0,0,1,4,1,1,0,172.72,172.72,145.0,0.0,0.0,0.43,0.38,0.5,0.0,0.0,1.0,0.0,0.0,44.0,19.0,50.0,19.0,144.0,108.0,71.0,36.0,10.0,5.0,1.0,0.0,28.0,8.0,39.0,10.0,5.0,2.0,8.0,6.0,11.0,9.0,3.0,3.0,27.0,8.0,40.0,11.0,0.0,0.0,4.0,4.0,17.0,11.0,6.0,4.0,541.0,67.0,900.0,3,0,1,0,1,1,0,0,0,0,1,0,0,0,172.72,175.26,155.0,28.0,28.0,0,0,1,0,0,0,0,0,0,0,0,0,0,0,0,1,0,0,0,0,1,0,0,0
Red,False,0.0,0.0,0.44,0.52,0.36,0.0,1.0,0.0,0.0,3.0,67.0,30.0,59.0,31.0,111.0,67.0,87.0,57.0,11.0,4.0,0.0,0.0,50.0,15.0,46.0,19.0,5.0,5.0,9.0,9.0,12.0,10.0,4.0,3.0,52.0,19.0,44.0,20.0,13.0,10.0,11.0,7.0,2.0,1.0,4.0,4.0,352.0,182.0,851.0,3,0,1,0,1,1,0,0,0,0,0,0,1,0,177.8,177.8,155.0,0.25,0.0,0.63,0.495,0.2,0.2075,1.0,0.5,0.0,0.5,40.25,22.5,21.25,11.25,61.0,41.25,40.25,27.5,2.5,1.0,3.0,1.25,27.5,11.5,16.5,7.75,9.75,9.0,2.5,1.75,3.0,2.0,2.25,1.75,17.25,5.75,12.5,4.0,9.5,7.75,5.5,4.75,13.5,9.0,3.25,2.5,198.75,149.5,495.25,6,0,1,0,1,2,1,0,0,0,0,1,1,0,175.26,177.8,155.0,31.0,34.0,0,0,0,0,0,0,1,0,0,0,0,0,0,0,0,1,0,0,0,0,0,0,1,0
Red,False,0.015625,0.0,0.45,0.4275,0.25,0.2,0.148468017578125,0.098388671875,0.0,0.0,66.5,29.6875,64.31230545043945,27.34375,89.75,48.0,85.53125,44.41152191162109,2.0,0.75,2.0546875,0.75,51.1875,18.3359375,49.6123046875,16.280410766601562,7.5,5.07647705078125,7.5,5.0,4.5,3.625,4.984375,3.9375,48.6875,17.0,47.11572265625,16.5,5.75,3.75,5.3125,3.4375,5.0625,3.5,3.875,2.5,99.2119140625,94.125,638.5,0,0,0,0,0,0,0,0,0,0,0,0,0,0,165.1,170.18,125.0,0.0,0.0,0.52125,0.39625,0.625,0.15625,1.0,0.0,0.0,0.25,51.625,25.0,27.875,12.875,74.75,44.0,64.0,44.5,1.5,1.25,3.5,1.375,42.125,18.25,19.125,6.75,7.875,5.75,3.75,2.375,1.625,1.0,5.0,3.75,38.125,12.875,22.0,8.875,1.625,1.625,0.625,0.5,11.875,10.5,5.25,3.5,136.875,175.0,515.5,10,0,2,0,2,2,2,0,0,0,2,0,0,0,175.26,180.34,135.0,32.0,32.0,1,0,0,0,0,0,0,0,0,0,0,0,0,0,0,1,0,0,0,0,0,0,1,0
Red,False,0.0,0.0,0.4465625,0.3475,0.4240625,0.635625,0.0625,0.625,0.125,0.0,110.25,48.34375,74.78125,26.25,130.15625,67.1875,92.46875,42.1875,3.0625,1.40625,4.15625,1.78125,84.78125,28.1875,56.90625,15.375,18.25,13.1875,13.84375,7.90625,7.21875,6.96875,4.03125,2.96875,86.875,31.875,61.9375,18.3125,16.90625,11.59375,9.21875,5.875,6.46875,4.875,3.625,2.0625,120.78125,187.46875,785.5,18,0,1,0,3,4,2,0,0,1,3,0,0,0,160.02,162.56,125.0,0.0,2.0,0.24,0.29,0.0,0.0,0.0,0.0,0.0,0.0,37.0,9.0,112.0,33.0,37.0,9.0,115.0,36.0,5.0,0.0,2.0,0.0,36.0,8.0,93.0,20.0,1.0,1.0,14.0,8.0,0.0,0.0,5.0,5.0,37.0,9.0,102.0,23.0,0.0,0.0,0.0,0.0,0.0,0.0,10.0,10.0,0.0,18.0,575.0,2,0,0,1,0,0,1,0,0,0,0,0,0,0,165.1,170.18,125.0,31.0,28.0,0,0,0,1,0,0,0,0,0,0,0,0,0,0,0,0,0,1,0,0,1,0,0,0
Red,False,0.0,1.0,0.44,0.35,0.0,0.0,0.0,0.0,0.0,0.0,29.0,13.0,28.0,10.0,29.0,13.0,31.0,13.0,0.0,0.0,0.0,0.0,22.0,8.0,26.0,8.0,7.0,5.0,1.0,1.0,0.0,0.0,1.0,1.0,29.0,13.0,24.0,7.0,0.0,0.0,2.0,1.0,0.0,0.0,2.0,2.0,0.0,5.0,119.0,1,0,0,1,0,0,1,0,0,0,0,0,0,0,177.8,177.8,145.0,0.0,1.0,0.38,0.57,0.0,0.0,0.0,0.0,0.0,0.0,31.0,12.0,45.0,26.0,31.0,12.0,49.0,29.0,0.0,0.0,0.0,0.0,27.0,9.0,30.0,15.0,2.0,2.0,5.0,3.0,2.0,1.0,10.0,8.0,31.0,12.0,36.0,20.0,0.0,0.0,0.0,0.0,0.0,0.0,9.0,6.0,0.0,10.0,158.0,1,0,0,1,0,0,1,0,0,0,0,0,0,0,182.88,182.88,145.0,28.0,24.0,0,0,0,0,0,0,1,0,0,0,0,0,0,0,0,1,0,0,0,0,0,0,1,0
Red,False,0.0,0.0,0.3,0.6,1.0,0.0,0.0,1.0,0.0,0.0,13.0,4.0,10.0,6.0,28.0,18.0,32.0,25.0,1.0,1.0,0.0,0.0,11.0,3.0,5.0,3.0,1.0,0.0,3.0,1.0,1.0,1.0,2.0,2.0,8.0,2.0,8.0,4.0,0.0,0.0,0.0,0.0,5.0,2.0,2.0,2.0,120.0,0.0,164.0,1,0,0,1,0,0,1,0,0,0,0,0,0,0,167.64,167.64,125.0,0.0,0.0,0.395,0.44,0.0,0.5,0.0,0.5,0.0,0.0,218.0,86.5,145.0,63.5,233.0,100.0,163.5,78.0,0.0,0.0,1.5,1.0,152.5,51.5,111.5,43.0,51.0,26.5,21.5,12.0,14.5,8.5,12.0,8.5,211.0,82.0,132.5,56.5,4.5,2.0,2.5,1.0,2.5,2.5,10.0,6.0,21.0,112.0,747.0,5,0,0,1,1,1,1,0,0,0,1,0,0,0,160.02,170.18,135.0,23.0,22.0,0,0,0,1,0,0,0,0,0,0,0,0,0,0,0,1,0,0,0,0,1,0,0,0
Red,False,0.0,0.0,0.36,0.65,0.0,0.75,0.0,0.0,0.0,0.0,72.0,26.0,144.0,94.0,79.0,32.0,216.0,151.0,0.0,0.0,8.0,6.0,42.0,9.0,132.0,86.0,27.0,14.0,1.0,0.0,3.0,3.0,11.0,8.0,71.0,25.0,62.0,23.0,0.0,0.0,1.0,1.0,1.0,1.0,81.0,70.0,0.0,362.0,900.0,3,0,0,1,0,0,1,0,0,0,0,0,0,0,180.34,180.34,205.0,0.125,0.5,0.47,0.5249999999999999,0.125,0.60625,0.5,0.5,0.125,0.0,85.625,50.375,128.75,69.5,120.375,81.625,159.25,95.5,0.625,0.25,4.375,2.375,66.25,34.375,112.5,57.375,19.25,15.875,8.0,5.75,0.125,0.125,8.25,6.375,69.125,36.25,66.25,28.5,13.625,11.625,12.25,7.125,2.875,2.5,50.25,33.875,78.75,329.25,718.5,11,0,1,0,1,1,3,0,0,0,0,1,0,0,185.42,190.5,205.0,34.0,33.0,0,0,0,0,0,1,0,0,0,0,0,0,0,0,0,1,0,0,0,0,1,0,0,0
Red,False,0.015625,0.0,0.45,0.4275,0.25,0.2,0.148468017578125,0.098388671875,0.0,0.0,66.5,29.6875,64.31230545043945,27.34375,89.75,48.0,85.53125,44.41152191162109,2.0,0.75,2.0546875,0.75,51.1875,18.3359375,49.6123046875,16.280410766601562,7.5,5.07647705078125,7.5,5.0,4.5,3.625,4.984375,3.9375,48.6875,17.0,47.11572265625,16.5,5.75,3.75,5.3125,3.4375,5.0625,3.5,3.875,2.5,99.2119140625,94.125,638.5,0,0,0,0,0,0,0,0,0,0,0,0,0,0,177.8,190.5,155.0,0.0,0.0,0.68,0.0,0.83,0.0,0.0,0.0,0.0,0.0,19.0,13.0,4.0,0.0,25.0,19.0,5.0,1.0,6.0,5.0,0.0,0.0,18.0,12.0,3.0,0.0,1.0,1.0,0.0,0.0,0.0,0.0,1.0,0.0,4.0,0.0,4.0,0.0,2.0,2.0,0.0,0.0,13.0,11.0,0.0,0.0,96.0,2.0,135.0,1,0,1,0,1,1,0,0,0,0,0,1,0,0,172.72,185.42,155.0,25.0,26.0,0,0,0,0,0,0,1,0,0,0,0,0,0,0,0,1,0,0,0,0,1,0,0,0
Red,True,0.0,0.5,0.5652539062499999,0.420810546875,0.423447265625,0.14662109375,0.1875,0.2978515625,0.0625,0.03125,64.3271484375,33.0634765625,44.4970703125,17.9140625,161.0966796875,120.7744140625,70.84765625,42.435546875,5.298828125,2.4736328125,0.8671875,0.3203125,50.2314453125,21.8212890625,36.236328125,11.7236328125,10.5029296875,8.4345703125,7.4775390625,5.4775390625,3.5927734375,2.8076171875,0.783203125,0.712890625,26.2587890625,7.6591796875,27.9296875,6.5302734375,10.55859375,7.2099609375,7.771484375,5.185546875,27.509765625,18.1943359375,8.7958984375,6.1982421875,460.919921875,78.9111328125,637.568359375,29,2,0,1,3,6,5,0,0,0,5,0,1,0,185.42,185.42,205.0,0.65673828125,0.0,0.5457861328125,0.37107421875,0.767880859375,0.0,0.7978515625,0.5,0.0,0.0,127.1533203125,68.53173828125,65.123046875,22.30908203125,150.01171875,88.98046875,70.2734375,26.9541015625,1.77880859375,1.14697265625,1.22607421875,0.0,87.8955078125,43.72802734375,46.08349609375,9.5234375,17.7919921875,9.4921875,10.50439453125,5.38916015625,21.4658203125,15.3115234375,8.53515625,7.396484375,85.53759765625,38.4248046875,56.505859375,18.05322265625,9.984375,6.4697265625,6.85498046875,3.74365234375,31.63134765625,23.63720703125,1.76220703125,0.51220703125,341.90869140625,6.525390625,1019.5107421875,31,5,3,0,8,11,1,0,0,0,3,3,5,0,193.04,213.36,205.0,36.0,25.0,0,0,0,0,0,1,0,0,0,0,0,0,0,0,0,0,0,1,0,0,1,0,0,0
Red,False,0.0,0.25,0.495,0.495,0.33,0.25,1.0,0.0,0.0,0.0,51.5,17.0,55.0,18.75,58.5,22.5,64.25,26.0,2.25,1.0,1.0,0.5,38.0,6.5,44.0,9.5,10.5,8.75,5.75,4.0,3.0,1.75,5.25,5.25,37.75,7.75,50.5,15.0,7.25,6.0,2.0,2.0,6.5,3.25,2.5,1.75,66.0,93.5,446.5,6,1,0,2,1,1,2,0,0,0,0,0,1,0,190.5,190.5,205.0,0.0,0.0,0.467734375,0.1923437499999999,0.515390625,0.09375,1.078125,0.03125,0.0,0.125,63.1640625,26.9375,34.109375,10.0390625,85.7265625,46.765625,41.25,16.4296875,5.0078125,3.140625,0.59375,0.375,43.9921875,13.671875,31.0390625,8.046875,13.9375,9.8359375,2.6875,1.6875,5.234375,3.4296875,0.3828125,0.3046875,37.3828125,8.78125,27.7421875,6.015625,6.8828125,4.96875,4.1171875,2.2734375,18.8984375,13.1875,2.25,1.75,242.328125,53.6640625,588.4921875,20,0,5,0,5,6,2,0,0,0,3,0,3,0,187.96,200.66,205.0,28.0,28.0,0,0,0,0,0,1,0,0,0,0,0,0,0,0,0,1,0,0,0,0,1,0,0,0
Blue,False,0.015625,0.0,0.45,0.4275,0.25,0.2,0.148468017578125,0.098388671875,0.0,0.0,66.5,29.6875,64.31230545043945,27.34375,89.75,48.0,85.53125,44.41152191162109,2.0,0.75,2.0546875,0.75,51.1875,18.3359375,49.6123046875,16.280410766601562,7.5,5.07647705078125,7.5,5.0,4.5,3.625,4.984375,3.9375,48.6875,17.0,47.11572265625,16.5,5.75,3.75,5.3125,3.4375,5.0625,3.5,3.875,2.5,99.2119140625,94.125,638.5,0,0,0,0,0,0,0,0,0,0,0,0,0,0,190.5,203.2,205.0,0.0471682548522949,0.0,0.45,0.4217682266235352,0.25,0.19173828125,0.1875,0.125,0.0,0.0,69.5,30.5,66.984375,27.8466796875,94.0,48.544921875,88.50390625,44.75,2.0,0.8125,2.015625,0.6640625,54.0,19.01513671875,51.483436584472656,16.9437255859375,7.91796875,5.430633544921875,7.75,5.0625,4.780975341796875,3.9373779296875,4.8994140625,3.84375,51.025390625,18.400863647460938,50.515625,17.5,5.75,3.75,5.5,3.5,5.375,3.6875,4.0,2.65625,104.865234375,89.5,655.8441009521484,0,0,0,0,0,0,0,0,0,0,0,0,0,0,190.5,193.04,230.0,30.0,27.0,0,0,0,0,0,1,0,0,0,0,0,0,0,0,0,0,0,1,0,0,1,0,0,0
Red,False,0.015625,0.0,0.45,0.4275,0.25,0.2,0.148468017578125,0.098388671875,0.0,0.0,66.5,29.6875,64.31230545043945,27.34375,89.75,48.0,85.53125,44.41152191162109,2.0,0.75,2.0546875,0.75,51.1875,18.3359375,49.6123046875,16.280410766601562,7.5,5.07647705078125,7.5,5.0,4.5,3.625,4.984375,3.9375,48.6875,17.0,47.11572265625,16.5,5.75,3.75,5.3125,3.4375,5.0625,3.5,3.875,2.5,99.2119140625,94.125,638.5,0,0,0,0,0,0,0,0,0,0,0,0,0,0,165.1,165.1,135.0,0.0471682548522949,0.0,0.45,0.4217682266235352,0.25,0.19173828125,0.1875,0.125,0.0,0.0,69.5,30.5,66.984375,27.8466796875,94.0,48.544921875,88.50390625,44.75,2.0,0.8125,2.015625,0.6640625,54.0,19.01513671875,51.483436584472656,16.9437255859375,7.91796875,5.430633544921875,7.75,5.0625,4.780975341796875,3.9373779296875,4.8994140625,3.84375,51.025390625,18.400863647460938,50.515625,17.5,5.75,3.75,5.5,3.5,5.375,3.6875,4.0,2.65625,104.865234375,89.5,655.8441009521484,0,0,0,0,0,0,0,0,0,0,0,0,0,0,167.64,167.64,135.0,23.0,32.0,0,0,0,0,0,0,0,0,0,0,1,0,0,0,0,1,0,0,0,0,1,0,0,0
Red,False,0.0639801025390625,0.383056640625,0.5490841674804687,0.4313136291503906,0.1449578857421875,0.0237272644042968,0.0001220703125,0.0166168212890625,0.00042724609375,0.00048828125,53.048858642578125,29.269363403320312,35.49638366699219,14.027862548828123,73.93763732910156,48.09307861328125,41.78306579589844,19.42686462402344,1.5994415283203125,0.4017486572265625,2.7043914794921875,0.0912933349609375,32.09429931640625,11.297042846679688,28.39715576171875,7.6267242431640625,13.359359741210938,12.451217651367188,2.676864624023437,2.0415802001953125,7.5951995849609375,5.5211029052734375,4.42236328125,4.35955810546875,32.80279541015625,11.953155517578123,18.929229736328125,6.53668212890625,17.71142578125,15.186767578125,13.092803955078123,6.36810302734375,2.534637451171875,2.1294403076171875,3.474349975585937,1.123077392578125,242.4798889160156,190.29946899414065,649.6630859375,36,0,2,0,3,11,6,0,1,0,3,6,0,1,193.04,208.28,240.0,0.765625,0.015625,0.4378125,0.470390625,0.06640625,0.03125,0.125,0.0,0.0,0.0,44.375,18.6640625,43.5390625,24.078125,51.7578125,25.703125,46.4453125,26.65625,0.78125,0.1328125,0.46875,0.203125,41.3125,16.3828125,31.4296875,14.28125,1.890625,1.234375,8.875,6.703125,1.171875,1.046875,3.234375,3.09375,37.4140625,14.21875,36.6484375,18.6015625,2.9375,1.140625,6.546875,5.1484375,4.0234375,3.3046875,0.34375,0.328125,70.546875,33.8125,301.625,16,1,2,0,2,5,3,0,0,0,0,5,0,0,182.88,185.42,263.0,37.0,36.0,0,0,0,0,1,0,0,0,0,0,0,0,0,0,0,1,0,0,0,0,1,0,0,0
Red,False,0.0469970703125,0.0,0.37789794921875,0.31972412109375,0.06454833984375,0.431141357421875,1.321044921875,0.3289794921875,0.0626220703125,0.0001220703125,36.2037353515625,15.0054931640625,31.827392578125,13.87109375,48.927978515625,26.4166259765625,69.573486328125,46.5601806640625,0.0665283203125,0.0648193359375,3.403564453125,0.9666748046875,32.451171875,11.6923828125,27.8790283203125,10.194091796875,1.744873046875,1.4818115234375,3.0213623046875,2.8868408203125,2.0076904296875,1.831298828125,0.927001953125,0.7901611328125,22.235107421875,6.2093505859375,21.62548828125,5.6197509765625,0.9130859375,0.573974609375,2.24755859375,1.4981689453125,13.0555419921875,8.22216796875,7.954345703125,6.753173828125,168.2860107421875,258.519287109375,603.5850830078125,28,0,0,1,4,9,5,0,0,1,0,4,3,1,187.96,190.5,185.0,0.0313873291015625,0.5068511962890625,0.3172903442382812,0.3428547668457031,0.1324017333984375,0.0831416320800781,0.001983642578125,0.0040740966796875,2.288818359375e-05,0.2500076293945312,101.693359375,37.3780517578125,88.32064819335938,31.603294372558597,121.7113265991211,55.69521331787109,107.2242660522461,48.55262756347656,4.49725341796875,1.2452850341796875,1.61773681640625,0.5754013061523438,87.34847259521484,26.40643310546875,70.49821472167969,17.820236206054688,6.83251953125,4.249359130859375,11.006301879882812,7.727699279785156,7.512367248535156,6.722259521484375,6.816131591796875,6.05535888671875,87.19010925292969,28.763931274414062,73.29297637939453,22.084190368652344,10.071746826171877,6.236061096191406,8.012130737304688,4.918159484863281,4.4315032958984375,2.3780593872070312,7.015541076660156,4.600944519042969,114.3447265625,86.31071472167969,621.6367340087891,42,1,4,0,4,13,5,0,0,1,4,8,0,0,185.42,190.5,185.0,29.0,34.0,0,0,0,0,0,0,0,1,0,0,0,0,0,0,0,1,0,0,0,0,1,0,0,0
Red,False,0.015625,0.0,0.45,0.4275,0.25,0.2,0.148468017578125,0.098388671875,0.0,0.0,66.5,29.6875,64.31230545043945,27.34375,89.75,48.0,85.53125,44.41152191162109,2.0,0.75,2.0546875,0.75,51.1875,18.3359375,49.6123046875,16.280410766601562,7.5,5.07647705078125,7.5,5.0,4.5,3.625,4.984375,3.9375,48.6875,17.0,47.11572265625,16.5,5.75,3.75,5.3125,3.4375,5.0625,3.5,3.875,2.5,99.2119140625,94.125,638.5,0,0,0,0,0,0,0,0,0,0,0,0,0,0,180.34,177.8,155.0,0.0,0.0,0.4549999999999999,0.4674999999999999,0.1025,0.5325,1.125,3.0,0.0,0.0,72.25,29.625,76.0,37.625,109.875,65.75,116.0,72.875,1.625,0.375,5.375,3.625,58.375,17.0,60.125,26.25,9.375,9.0,10.0,5.75,4.5,3.625,5.875,5.625,52.625,15.75,40.375,14.875,18.125,12.375,13.875,10.25,1.5,1.5,21.75,12.5,36.625,425.75,716.75,10,0,3,0,3,3,1,0,0,0,2,0,1,0,180.34,177.8,145.0,26.0,26.0,0,0,1,0,0,0,0,0,0,0,0,0,0,0,0,1,0,0,0,0,1,0,0,0
Red,False,1.5,0.0,0.5700000000000001,0.23,0.8300000000000001,0.0,0.0,0.5,0.0,0.0,100.0,58.0,22.0,5.0,150.5,100.0,28.5,11.5,3.5,2.5,1.0,0.0,75.0,38.5,15.0,2.5,21.0,16.5,3.0,0.0,4.0,3.0,4.0,2.5,35.0,13.0,17.0,2.5,14.0,11.0,5.0,2.5,51.0,34.0,0.0,0.0,379.0,0.0,539.0,5,0,2,0,2,2,0,0,0,0,0,2,0,0,177.8,180.34,135.0,0.0,0.0,0.3724999999999999,0.4674999999999999,0.4125,0.05,1.0,0.25,0.0,0.25,69.0,27.0,88.5,44.75,115.25,63.0,124.25,78.5,9.0,2.5,2.0,0.25,61.5,20.75,72.25,29.25,3.75,2.75,11.5,10.75,3.75,3.5,4.75,4.75,61.5,23.0,70.25,35.75,5.0,2.5,14.5,6.75,2.5,1.5,3.75,2.25,299.0,69.75,754.25,8,0,2,0,2,2,1,0,0,0,0,0,2,0,172.72,172.72,135.0,30.0,28.0,1,0,0,0,0,0,0,0,0,0,0,0,0,0,0,1,0,0,0,0,1,0,0,0
Blue,False,0.0,0.5,0.17125,0.69875,0.07625,0.4375,0.75,0.8125,0.375,0.0625,14.75,3.625,18.25,10.0625,22.0,10.8125,24.0625,15.6875,0.625,0.1875,0.8125,0.8125,12.8125,2.25,13.625,6.6875,0.625,0.375,2.5,1.8125,1.3125,1.0,2.125,1.5625,13.625,2.9375,12.75,5.5625,0.6875,0.4375,0.6875,0.4375,0.4375,0.25,4.8125,4.0625,18.5,88.1875,171.375,7,0,1,0,1,2,3,0,0,0,0,0,2,0,182.88,182.88,155.0,0.125,0.5,0.19046875,0.464921875,0.270625,0.321015625,0.0234375,0.5078125,0.046875,0.0390625,258.9921875,60.9453125,220.8671875,103.0859375,274.0234375,72.0859375,248.9375,128.25,2.4296875,1.0625,2.1015625,1.265625,228.984375,41.5,173.2890625,69.9609375,17.609375,8.3046875,38.265625,25.34375,12.3984375,11.140625,9.3125,7.78125,250.6796875,56.7265625,190.4375,84.9921875,7.5078125,4.0078125,5.0390625,3.6015625,0.8046875,0.2109375,25.390625,14.4921875,57.375,192.125,876.203125,21,0,0,1,1,2,6,0,0,1,0,0,1,0,177.8,172.72,145.0,25.0,33.0,0,0,1,0,0,0,0,0,0,0,0,0,0,0,0,0,0,0,1,0,1,0,0,0
Red,False,0.5,0.0,0.3378125,0.33859375,0.27375,0.015625,1.8125,0.46875,0.0,0.0,72.90625,26.625,37.046875,13.34375,115.375,63.03125,55.578125,30.09375,4.046875,1.75,0.0625,0.03125,63.53125,20.0625,33.21875,9.765625,7.625,4.8125,1.625,1.625,1.75,1.75,2.203125,1.953125,46.0,9.8125,29.15625,8.53125,10.625,6.75,4.625,2.875,16.28125,10.0625,3.265625,1.9375,280.046875,43.359375,516.203125,15,0,1,0,5,6,1,0,0,0,4,2,0,0,177.8,180.34,145.0,0.75,0.125,0.7581249999999999,0.18625,0.0875,0.0,0.0,0.125,0.0,0.0,23.5625,14.3125,23.0625,4.6875,26.625,17.0625,28.375,9.5,1.8125,0.5625,0.375,0.0,14.375,7.0625,17.875,2.1875,2.375,2.0625,1.6875,0.9375,6.8125,5.1875,3.5,1.5625,18.5625,10.0,22.0625,4.0,0.625,0.625,0.625,0.3125,4.375,3.6875,0.375,0.375,49.8125,2.25,215.125,9,1,2,0,2,4,1,0,0,0,2,2,0,0,167.64,167.64,145.0,28.0,27.0,0,0,1,0,0,0,0,0,0,0,0,0,0,0,0,1,0,0,0,0,1,0,0,0
Red,True,0.015625,0.0,0.45,0.4275,0.25,0.2,0.148468017578125,0.098388671875,0.0,0.0,66.5,29.6875,64.31230545043945,27.34375,89.75,48.0,85.53125,44.41152191162109,2.0,0.75,2.0546875,0.75,51.1875,18.3359375,49.6123046875,16.280410766601562,7.5,5.07647705078125,7.5,5.0,4.5,3.625,4.984375,3.9375,48.6875,17.0,47.11572265625,16.5,5.75,3.75,5.3125,3.4375,5.0625,3.5,3.875,2.5,99.2119140625,94.125,638.5,0,0,0,0,0,0,0,0,0,0,0,0,0,0,175.26,185.42,145.0,0.5625,0.25,0.5015625,0.3503124999999999,0.5271875,0.15875,0.6875,2.0,0.0,0.03125,187.375,95.15625,115.6875,41.46875,228.53125,134.40625,159.71875,79.1875,7.15625,4.5625,6.90625,1.375,129.875,49.0625,79.125,16.125,28.6875,23.75,21.375,13.0,28.8125,22.34375,15.1875,12.34375,102.15625,38.84375,95.46875,25.6875,25.0,19.46875,18.59375,14.53125,60.21875,36.84375,1.625,1.25,574.125,102.0,1425.0,24,3,6,0,6,6,0,0,0,1,5,0,0,0,175.26,177.8,170.0,31.0,29.0,0,0,0,0,0,0,1,0,0,0,0,0,0,0,0,1,0,0,0,0,0,0,1,0
Red,False,0.015625,0.0,0.45,0.4275,0.25,0.2,0.148468017578125,0.098388671875,0.0,0.0,66.5,29.6875,64.31230545043945,27.34375,89.75,48.0,85.53125,44.41152191162109,2.0,0.75,2.0546875,0.75,51.1875,18.3359375,49.6123046875,16.280410766601562,7.5,5.07647705078125,7.5,5.0,4.5,3.625,4.984375,3.9375,48.6875,17.0,47.11572265625,16.5,5.75,3.75,5.3125,3.4375,5.0625,3.5,3.875,2.5,99.2119140625,94.125,638.5,0,0,0,0,0,0,0,0,0,0,0,0,0,0,180.34,182.88,170.0,0.125,0.0,0.5262500000000001,0.39,0.1875,0.155,1.125,1.75,0.125,0.375,57.0,27.875,46.875,14.875,71.5,41.375,64.125,29.625,2.25,0.625,6.625,1.25,38.75,14.25,39.25,9.375,14.75,10.625,1.75,0.5,3.5,3.0,5.875,5.0,33.0,10.5,40.5,11.875,15.375,11.625,4.75,2.125,8.625,5.75,1.625,0.875,163.25,296.625,712.5,10,0,4,0,4,4,0,0,0,1,1,0,2,0,190.5,198.12,205.0,26.0,31.0,0,0,0,0,0,0,0,1,0,0,0,0,0,0,0,1,0,0,0,0,1,0,0,0
Blue,False,0.0,0.0,0.35,0.18,0.25,0.5,1.0,0.0,0.0,0.0,85.0,34.0,34.0,6.0,129.0,68.5,36.0,8.0,3.0,1.5,0.5,0.5,71.0,26.5,21.0,1.5,3.0,1.0,3.5,0.5,11.0,6.5,9.5,4.0,46.5,11.0,33.5,5.5,1.0,1.0,0.5,0.5,37.5,22.0,0.0,0.0,315.0,18.0,571.5,4,0,2,0,2,2,0,0,0,0,1,0,1,0,177.8,185.42,145.0,0.5,0.125,0.4087499999999999,0.4237499999999999,0.40375,0.0825,0.5,2.0,0.0,0.0,79.0,34.625,43.875,15.125,141.5,85.25,57.875,28.375,7.5,3.75,0.375,0.25,64.5,26.25,38.875,12.125,10.125,5.25,2.5,1.375,4.375,3.125,2.5,1.625,53.375,20.625,36.875,11.375,11.25,5.375,5.5,2.375,14.375,8.625,1.5,1.375,348.0,92.625,629.0,8,1,0,1,3,3,1,0,0,0,2,1,0,0,180.34,190.5,155.0,24.0,25.0,0,0,0,0,0,0,1,0,0,0,0,0,0,0,0,1,0,0,0,0,1,0,0,0
Blue,False,0.25,0.75,0.5925,0.4975,0.7450000000000001,0.165,0.0,1.0,0.0,0.0,32.5,19.25,22.0,13.5,56.0,41.75,36.75,27.0,2.5,1.75,1.25,0.5,17.25,7.5,17.5,9.75,4.75,3.25,1.25,1.25,10.5,8.5,3.25,2.5,19.75,10.25,6.5,2.0,6.25,5.0,6.75,5.0,6.5,4.0,8.75,6.5,146.5,99.75,402.25,5,0,2,0,2,2,1,0,1,0,0,1,0,0,177.8,180.34,155.0,0.0664215087890625,0.5087890625,0.43173095703125,0.4964418029785156,0.0185597229003906,0.4177262878417969,1.71502685546875,0.0012969970703125,0.5244140625,0.0162200927734375,122.49395751953124,60.919830322265625,146.79641723632812,82.64811706542969,181.90625,111.7944793701172,180.42172241210935,114.68571472167967,3.78570556640625,0.0266265869140625,7.755889892578125,4.531951904296875,94.96867370605467,39.728118896484375,98.14166259765624,42.49728393554688,19.999771118164062,13.94677734375,23.359619140625,19.588363647460938,7.5255126953125,7.24493408203125,25.295135498046875,20.562469482421875,95.72500610351562,40.25056457519531,64.21524047851562,28.264450073242188,26.385406494140625,20.315017700195312,26.493423461914062,20.2835693359375,0.383544921875,0.354248046875,56.08775329589844,34.10009765625,78.81182861328125,549.8544311523438,1068.8502197265625,41,2,5,0,5,11,6,0,0,1,1,1,8,0,182.88,193.04,170.0,34.0,28.0,0,0,0,0,0,0,1,0,0,0,0,0,0,0,0,1,0,0,0,0,0,0,1,0
Blue,False,0.015625,0.0,0.45,0.4275,0.25,0.2,0.148468017578125,0.098388671875,0.0,0.0,66.5,29.6875,64.31230545043945,27.34375,89.75,48.0,85.53125,44.41152191162109,2.0,0.75,2.0546875,0.75,51.1875,18.3359375,49.6123046875,16.280410766601562,7.5,5.07647705078125,7.5,5.0,4.5,3.625,4.984375,3.9375,48.6875,17.0,47.11572265625,16.5,5.75,3.75,5.3125,3.4375,5.0625,3.5,3.875,2.5,99.2119140625,94.125,638.5,0,0,0,0,0,0,0,0,0,0,0,0,0,0,180.34,182.88,235.0,0.089874267578125,0.53125,0.5414897918701171,0.6251378631591797,0.2239103698730468,0.0098896026611328,0.272674560546875,0.250244140625,0.25,0.2500038146972656,34.4797306060791,17.636510848999023,64.60310173034668,40.55587959289551,40.83206367492676,23.667125701904297,79.46145439147949,52.86581611633301,3.632221221923828,1.005878448486328,0.4475727081298828,0.0099506378173828,22.628196716308597,7.172248840332031,51.56575584411621,29.74216651916504,5.496721267700195,4.242292404174805,11.571521759033203,9.441638946533203,6.3548126220703125,6.221969604492188,1.4658241271972656,1.3720741271972656,26.700075149536133,11.254972457885742,52.19808769226074,31.53834342956543,6.393440246582031,5.068977355957031,8.106945037841797,5.912364959716797,1.3862152099609375,1.31256103515625,4.298069000244141,3.105171203613281,95.60520362854004,74.57261085510254,475.2390537261963,30,5,2,0,4,14,6,0,0,0,2,3,8,0,190.5,200.66,264.0,34.0,33.0,0,0,0,0,1,0,0,0,0,0,0,0,0,0,0,1,0,0,0,0,0,0,1,0
Red,False,0.0,0.0,0.495,0.35,0.33,0.455,1.5,0.0,1.0,0.5,30.5,11.0,42.5,12.5,77.5,50.0,51.0,20.0,1.5,1.0,3.5,1.5,21.0,5.5,30.5,5.0,6.0,3.0,6.5,4.0,3.5,2.5,5.5,3.5,22.5,6.0,33.0,6.5,2.5,1.5,6.5,4.5,5.5,3.5,3.0,1.5,234.0,202.0,709.0,5,0,2,0,2,2,0,0,0,0,1,0,1,0,167.64,165.1,125.0,0.125,0.0,0.290625,0.404375,0.043125,0.25,0.625,0.0,0.0,0.0,177.125,48.875,107.8125,44.5625,185.75,57.0625,121.125,57.1875,4.3125,0.4375,4.625,1.75,131.375,26.125,68.875,19.625,23.8125,12.3125,24.1875,16.25,21.9375,10.4375,14.75,8.6875,164.625,42.0,86.875,31.0,11.1875,5.9375,16.75,10.1875,1.3125,0.9375,4.1875,3.375,100.125,81.6875,976.375,16,1,3,0,3,4,1,0,0,0,3,1,0,0,162.56,165.1,125.0,33.0,28.0,0,0,0,1,0,0,0,0,0,0,0,0,0,0,0,1,0,0,0,0,0,0,1,0
Red,False,1.0,0.0,0.54,0.29,0.0,1.0,0.0,1.0,0.0,0.0,53.0,29.0,37.0,11.0,53.0,29.0,37.0,11.0,0.0,0.0,1.0,1.0,49.0,25.0,26.0,4.0,4.0,4.0,8.0,4.0,0.0,0.0,3.0,3.0,35.0,16.0,37.0,11.0,18.0,13.0,0.0,0.0,0.0,0.0,0.0,0.0,18.0,33.0,282.0,1,0,1,0,1,1,0,0,0,0,0,1,0,0,182.88,185.42,170.0,0.568359375,0.0,0.6005895996093751,0.3395727539062499,0.62116455078125,0.07228759765625,1.1876220703125,0.0675048828125,0.1640625,0.150390625,58.381103515625,34.467529296875,54.23486328125,20.29443359375,80.6851806640625,54.197265625,66.098388671875,28.95654296875,3.17333984375,1.2777099609375,2.6416015625,0.3953857421875,40.838623046875,18.6678466796875,46.8642578125,14.0670166015625,12.739013671875,11.779541015625,3.228759765625,2.533935546875,4.803466796875,4.0201416015625,4.141845703125,3.6934814453125,36.1180419921875,15.698486328125,49.886962890625,16.7978515625,18.239501953125,15.414794921875,3.1722412109375,2.4229736328125,4.0235595703125,3.354248046875,1.1756591796875,1.0736083984375,106.310791015625,171.67041015625,533.484130859375,31,0,1,0,4,9,5,0,0,0,2,6,1,0,182.88,190.5,170.0,23.0,32.0,0,0,0,0,0,0,0,0,0,1,0,0,0,0,0,1,0,0,0,0,1,0,0,0
Blue,False,0.015625,0.0,0.45,0.4275,0.25,0.2,0.148468017578125,0.098388671875,0.0,0.0,66.5,29.6875,64.31230545043945,27.34375,89.75,48.0,85.53125,44.41152191162109,2.0,0.75,2.0546875,0.75,51.1875,18.3359375,49.6123046875,16.280410766601562,7.5,5.07647705078125,7.5,5.0,4.5,3.625,4.984375,3.9375,48.6875,17.0,47.11572265625,16.5,5.75,3.75,5.3125,3.4375,5.0625,3.5,3.875,2.5,99.2119140625,94.125,638.5,0,0,0,0,0,0,0,0,0,0,0,0,0,0,180.34,187.96,170.0,1.0,0.0,0.5449999999999999,0.515,0.0,0.0,0.0,0.0,0.0,0.5,106.0,54.5,38.0,16.5,116.0,64.0,39.0,17.5,0.0,0.0,7.5,0.0,86.5,37.0,29.5,9.0,18.0,16.0,3.5,3.0,1.5,1.5,5.0,4.5,69.5,27.5,37.0,15.5,19.0,14.5,1.0,1.0,17.5,12.5,0.0,0.0,39.0,4.5,483.0,4,0,2,0,2,2,0,0,0,0,1,1,0,0,187.96,190.5,170.0,28.0,29.0,0,0,0,0,0,0,1,0,0,0,0,0,0,0,0,1,0,0,0,0,1,0,0,0
Red,False,1.5,0.0,0.51,0.315,0.0,0.08,0.0,0.0,0.0,0.0,90.0,43.5,85.0,30.0,100.0,52.0,88.5,33.5,0.0,0.0,3.0,0.5,66.0,24.5,61.0,11.5,21.0,16.5,15.0,11.0,3.0,2.5,9.0,7.5,79.5,38.5,75.0,22.0,6.0,2.5,10.0,8.0,4.5,2.5,0.0,0.0,55.5,64.0,572.5,4,0,2,0,2,2,0,0,0,1,0,1,0,0,167.64,170.18,135.0,0.5,0.125,0.40875,0.4575,0.5475,0.0,0.875,0.125,0.0,0.0,49.375,26.625,21.875,9.75,64.125,40.25,30.125,16.875,3.125,1.875,0.5,0.0,34.25,16.5,14.5,4.75,4.375,2.5,4.625,3.125,10.75,7.625,2.75,1.875,24.0,6.125,16.75,5.5,9.0,7.0,4.0,3.5,16.375,13.5,1.125,0.75,195.5,0.375,328.0,7,1,0,1,3,3,1,0,0,0,1,1,1,0,167.64,170.18,125.0,30.0,27.0,1,0,0,0,0,0,0,0,0,0,0,0,0,0,0,1,0,0,0,0,1,0,0,0
Red,False,0.015625,0.0,0.45,0.4275,0.25,0.2,0.148468017578125,0.098388671875,0.0,0.0,66.5,29.6875,64.31230545043945,27.34375,89.75,48.0,85.53125,44.41152191162109,2.0,0.75,2.0546875,0.75,51.1875,18.3359375,49.6123046875,16.280410766601562,7.5,5.07647705078125,7.5,5.0,4.5,3.625,4.984375,3.9375,48.6875,17.0,47.11572265625,16.5,5.75,3.75,5.3125,3.4375,5.0625,3.5,3.875,2.5,99.2119140625,94.125,638.5,0,0,0,0,0,0,0,0,0,0,0,0,0,0,175.26,172.72,155.0,0.0,0.0,0.4125,0.466875,0.10375,0.27875,0.125,0.0,0.125,0.0,118.6875,51.5,96.9375,43.1875,125.25,57.875,114.5625,56.6875,0.5,0.1875,10.9375,3.875,73.75,22.4375,59.1875,16.5,29.25,17.5625,11.5625,5.0,15.6875,11.5,26.1875,21.6875,111.0,46.3125,75.625,26.375,7.1875,4.9375,17.9375,14.1875,0.5,0.25,3.375,2.625,8.25,267.375,900.0,15,0,0,1,1,2,3,0,0,0,2,0,0,0,185.42,190.5,155.0,30.0,33.0,0,0,0,0,0,0,1,0,0,0,0,0,0,0,0,1,0,0,0,0,1,0,0,0
Blue,False,0.015625,0.0,0.45,0.4275,0.25,0.2,0.148468017578125,0.098388671875,0.0,0.0,66.5,29.6875,64.31230545043945,27.34375,89.75,48.0,85.53125,44.41152191162109,2.0,0.75,2.0546875,0.75,51.1875,18.3359375,49.6123046875,16.280410766601562,7.5,5.07647705078125,7.5,5.0,4.5,3.625,4.984375,3.9375,48.6875,17.0,47.11572265625,16.5,5.75,3.75,5.3125,3.4375,5.0625,3.5,3.875,2.5,99.2119140625,94.125,638.5,0,0,0,0,0,0,0,0,0,0,0,0,0,0,182.88,185.42,185.0,0.0,0.0,0.375,0.37,0.5,0.25,0.0,1.0,0.5,0.0,59.0,21.0,64.5,23.0,104.0,58.0,88.5,44.0,1.5,1.5,2.0,1.0,56.0,19.5,51.5,12.0,3.0,1.5,9.5,9.0,0.0,0.0,3.5,2.0,48.5,16.0,56.0,15.0,2.5,1.5,8.5,8.0,8.0,3.5,0.0,0.0,265.5,41.5,651.5,5,0,1,0,1,1,1,0,0,0,1,0,0,0,182.88,198.12,185.0,35.0,31.0,0,0,0,0,0,0,0,1,0,0,0,0,0,0,0,0,0,1,0,0,1,0,0,0
Red,False,0.015625,0.0,0.45,0.4275,0.25,0.2,0.148468017578125,0.098388671875,0.0,0.0,66.5,29.6875,64.31230545043945,27.34375,89.75,48.0,85.53125,44.41152191162109,2.0,0.75,2.0546875,0.75,51.1875,18.3359375,49.6123046875,16.280410766601562,7.5,5.07647705078125,7.5,5.0,4.5,3.625,4.984375,3.9375,48.6875,17.0,47.11572265625,16.5,5.75,3.75,5.3125,3.4375,5.0625,3.5,3.875,2.5,99.2119140625,94.125,638.5,0,0,0,0,0,0,0,0,0,0,0,0,0,0,175.26,175.26,185.0,0.0471682548522949,0.0,0.45,0.4217682266235352,0.25,0.19173828125,0.1875,0.125,0.0,0.0,69.5,30.5,66.984375,27.8466796875,94.0,48.544921875,88.50390625,44.75,2.0,0.8125,2.015625,0.6640625,54.0,19.01513671875,51.483436584472656,16.9437255859375,7.91796875,5.430633544921875,7.75,5.0625,4.780975341796875,3.9373779296875,4.8994140625,3.84375,51.025390625,18.400863647460938,50.515625,17.5,5.75,3.75,5.5,3.5,5.375,3.6875,4.0,2.65625,104.865234375,89.5,655.8441009521484,0,0,0,0,0,0,0,0,0,0,0,0,0,0,190.5,190.5,185.0,31.0,29.0,0,0,0,0,0,0,0,1,0,0,0,0,0,0,0,0,0,1,0,0,0,0,1,0
Blue,True,0.015625,0.0,0.45,0.4275,0.25,0.2,0.148468017578125,0.098388671875,0.0,0.0,66.5,29.6875,64.31230545043945,27.34375,89.75,48.0,85.53125,44.41152191162109,2.0,0.75,2.0546875,0.75,51.1875,18.3359375,49.6123046875,16.280410766601562,7.5,5.07647705078125,7.5,5.0,4.5,3.625,4.984375,3.9375,48.6875,17.0,47.11572265625,16.5,5.75,3.75,5.3125,3.4375,5.0625,3.5,3.875,2.5,99.2119140625,94.125,638.5,0,0,0,0,0,0,0,0,0,0,0,0,0,0,175.26,180.34,185.0,0.0471682548522949,0.0,0.45,0.4217682266235352,0.25,0.19173828125,0.1875,0.125,0.0,0.0,69.5,30.5,66.984375,27.8466796875,94.0,48.544921875,88.50390625,44.75,2.0,0.8125,2.015625,0.6640625,54.0,19.01513671875,51.483436584472656,16.9437255859375,7.91796875,5.430633544921875,7.75,5.0625,4.780975341796875,3.9373779296875,4.8994140625,3.84375,51.025390625,18.400863647460938,50.515625,17.5,5.75,3.75,5.5,3.5,5.375,3.6875,4.0,2.65625,104.865234375,89.5,655.8441009521484,0,0,0,0,0,0,0,0,0,0,0,0,0,0,182.88,200.66,185.0,21.0,28.0,0,0,0,0,0,0,0,1,0,0,0,0,0,0,0,0,0,1,0,0,1,0,0,0
Red,False,0.015625,0.0,0.45,0.4275,0.25,0.2,0.148468017578125,0.098388671875,0.0,0.0,66.5,29.6875,64.31230545043945,27.34375,89.75,48.0,85.53125,44.41152191162109,2.0,0.75,2.0546875,0.75,51.1875,18.3359375,49.6123046875,16.280410766601562,7.5,5.07647705078125,7.5,5.0,4.5,3.625,4.984375,3.9375,48.6875,17.0,47.11572265625,16.5,5.75,3.75,5.3125,3.4375,5.0625,3.5,3.875,2.5,99.2119140625,94.125,638.5,0,0,0,0,0,0,0,0,0,0,0,0,0,0,185.42,185.42,185.0,0.0471682548522949,0.0,0.45,0.4217682266235352,0.25,0.19173828125,0.1875,0.125,0.0,0.0,69.5,30.5,66.984375,27.8466796875,94.0,48.544921875,88.50390625,44.75,2.0,0.8125,2.015625,0.6640625,54.0,19.01513671875,51.483436584472656,16.9437255859375,7.91796875,5.430633544921875,7.75,5.0625,4.780975341796875,3.9373779296875,4.8994140625,3.84375,51.025390625,18.400863647460938,50.515625,17.5,5.75,3.75,5.5,3.5,5.375,3.6875,4.0,2.65625,104.865234375,89.5,655.8441009521484,0,0,0,0,0,0,0,0,0,0,0,0,0,0,198.12,195.58,185.0,23.0,24.0,0,0,0,0,0,0,0,1,0,0,0,0,0,0,0,1,0,0,0,0,1,0,0,0
Red,False,0.015625,0.0,0.45,0.4275,0.25,0.2,0.148468017578125,0.098388671875,0.0,0.0,66.5,29.6875,64.31230545043945,27.34375,89.75,48.0,85.53125,44.41152191162109,2.0,0.75,2.0546875,0.75,51.1875,18.3359375,49.6123046875,16.280410766601562,7.5,5.07647705078125,7.5,5.0,4.5,3.625,4.984375,3.9375,48.6875,17.0,47.11572265625,16.5,5.75,3.75,5.3125,3.4375,5.0625,3.5,3.875,2.5,99.2119140625,94.125,638.5,0,0,0,0,0,0,0,0,0,0,0,0,0,0,180.34,195.58,185.0,0.0471682548522949,0.0,0.45,0.4217682266235352,0.25,0.19173828125,0.1875,0.125,0.0,0.0,69.5,30.5,66.984375,27.8466796875,94.0,48.544921875,88.50390625,44.75,2.0,0.8125,2.015625,0.6640625,54.0,19.01513671875,51.483436584472656,16.9437255859375,7.91796875,5.430633544921875,7.75,5.0625,4.780975341796875,3.9373779296875,4.8994140625,3.84375,51.025390625,18.400863647460938,50.515625,17.5,5.75,3.75,5.5,3.5,5.375,3.6875,4.0,2.65625,104.865234375,89.5,655.8441009521484,0,0,0,0,0,0,0,0,0,0,0,0,0,0,190.5,200.66,185.0,31.0,25.0,0,0,0,0,0,0,0,1,0,0,0,0,0,0,0,0,0,1,0,0,1,0,0,0
Red,False,0.0,0.25,0.514375,0.41875,0.125,0.25,0.5,0.5625,0.0,0.5,78.9375,30.6875,99.875,34.4375,85.1875,36.8125,109.0625,43.375,2.75,0.375,0.4375,0.25,67.25,20.9375,87.3125,26.5,6.875,5.5,8.0,4.375,4.8125,4.25,4.5625,3.5625,68.375,22.75,95.3125,30.6875,2.5,1.6875,2.375,1.75,8.0625,6.25,2.1875,2.0,168.875,30.5625,470.8125,10,0,2,0,2,3,2,0,0,0,1,1,1,0,165.1,167.64,135.0,0.125,0.0,0.551875,0.33875,0.14875,0.539375,0.625,0.0,0.625,0.0625,81.625,34.1875,103.8125,30.6875,90.5625,42.9375,113.0625,39.875,2.625,0.3125,1.5,0.8125,67.25,25.5625,84.375,19.75,10.4375,5.375,10.125,4.875,3.9375,3.25,9.3125,6.0625,61.0625,20.625,98.3125,27.8125,4.5625,2.625,4.8125,2.8125,16.0,10.9375,0.6875,0.0625,162.3125,17.0,710.375,16,2,1,0,1,3,2,0,0,0,1,0,2,0,167.64,170.18,135.0,30.0,33.0,1,0,0,0,0,0,0,0,0,0,0,0,0,0,0,1,0,0,0,0,1,0,0,0
Red,False,0.039794921875,0.203125,0.4858227539062499,0.298858642578125,0.519346923828125,0.00029296875,0.880859375,0.0,0.0,0.0001220703125,31.957275390625,15.1331787109375,44.594482421875,14.1083984375,34.502685546875,17.6107177734375,47.1959228515625,15.7059326171875,4.8431396484375,2.0892333984375,0.1370849609375,0.0029296875,24.0997314453125,9.0400390625,41.5538330078125,12.3309326171875,4.8505859375,3.65283203125,2.9437255859375,1.6923828125,3.0069580078125,2.4403076171875,0.096923828125,0.0850830078125,23.9906005859375,9.6168212890625,39.2109375,10.699462890625,6.8446044921875,4.5816650390625,4.2308349609375,2.56982421875,1.1220703125,0.9346923828125,1.1527099609375,0.839111328125,94.176025390625,20.8323974609375,366.8079833984375,23,1,4,0,4,9,5,0,0,0,0,5,4,0,187.96,193.04,242.0,0.09375,0.5,0.446875,0.4828125,0.333125,0.0,0.28125,0.25,0.0,0.0625,29.09375,12.96875,23.0625,12.875,32.0,15.625,35.5,24.78125,1.03125,0.75,1.0625,0.0,20.75,5.84375,15.625,6.40625,2.96875,2.15625,1.375,1.25,5.375,4.96875,6.0625,5.21875,21.4375,7.8125,16.65625,7.28125,3.875,2.96875,3.90625,3.59375,3.78125,2.1875,2.5,2.0,85.625,40.34375,305.5625,10,0,1,0,3,4,2,0,0,0,1,2,1,0,198.12,200.66,255.0,33.0,30.0,0,0,0,0,1,0,0,0,0,0,0,0,0,0,0,1,0,0,0,0,1,0,0,0
Blue,False,0.015625,0.0,0.45,0.4275,0.25,0.2,0.148468017578125,0.098388671875,0.0,0.0,66.5,29.6875,64.31230545043945,27.34375,89.75,48.0,85.53125,44.41152191162109,2.0,0.75,2.0546875,0.75,51.1875,18.3359375,49.6123046875,16.280410766601562,7.5,5.07647705078125,7.5,5.0,4.5,3.625,4.984375,3.9375,48.6875,17.0,47.11572265625,16.5,5.75,3.75,5.3125,3.4375,5.0625,3.5,3.875,2.5,99.2119140625,94.125,638.5,0,0,0,0,0,0,0,0,0,0,0,0,0,0,167.64,172.72,145.0,0.0471682548522949,0.0,0.45,0.4217682266235352,0.25,0.19173828125,0.1875,0.125,0.0,0.0,69.5,30.5,66.984375,27.8466796875,94.0,48.544921875,88.50390625,44.75,2.0,0.8125,2.015625,0.6640625,54.0,19.01513671875,51.483436584472656,16.9437255859375,7.91796875,5.430633544921875,7.75,5.0625,4.780975341796875,3.9373779296875,4.8994140625,3.84375,51.025390625,18.400863647460938,50.515625,17.5,5.75,3.75,5.5,3.5,5.375,3.6875,4.0,2.65625,104.865234375,89.5,655.8441009521484,0,0,0,0,0,0,0,0,0,0,0,0,0,0,167.64,167.64,135.0,30.0,26.0,0,0,0,0,0,0,0,0,0,0,1,0,0,0,0,0,0,1,0,0,1,0,0,0
Red,False,0.015625,0.0,0.45,0.4275,0.25,0.2,0.148468017578125,0.098388671875,0.0,0.0,66.5,29.6875,64.31230545043945,27.34375,89.75,48.0,85.53125,44.41152191162109,2.0,0.75,2.0546875,0.75,51.1875,18.3359375,49.6123046875,16.280410766601562,7.5,5.07647705078125,7.5,5.0,4.5,3.625,4.984375,3.9375,48.6875,17.0,47.11572265625,16.5,5.75,3.75,5.3125,3.4375,5.0625,3.5,3.875,2.5,99.2119140625,94.125,638.5,0,0,0,0,0,0,0,0,0,0,0,0,0,0,182.88,182.88,185.0,0.0471682548522949,0.0,0.45,0.4217682266235352,0.25,0.19173828125,0.1875,0.125,0.0,0.0,69.5,30.5,66.984375,27.8466796875,94.0,48.544921875,88.50390625,44.75,2.0,0.8125,2.015625,0.6640625,54.0,19.01513671875,51.483436584472656,16.9437255859375,7.91796875,5.430633544921875,7.75,5.0625,4.780975341796875,3.9373779296875,4.8994140625,3.84375,51.025390625,18.400863647460938,50.515625,17.5,5.75,3.75,5.5,3.5,5.375,3.6875,4.0,2.65625,104.865234375,89.5,655.8441009521484,0,0,0,0,0,0,0,0,0,0,0,0,0,0,185.42,187.96,185.0,26.0,33.0,0,0,0,0,0,0,0,1,0,0,0,0,0,0,0,1,0,0,0,0,0,0,0,1
Blue,False,0.125,0.5,0.44375,0.52,0.2075,0.1,0.375,0.0,0.5,0.0,35.625,14.625,30.625,16.125,47.75,23.625,62.875,41.875,0.875,0.375,1.25,0.5,31.625,11.875,24.375,10.625,1.625,1.375,5.25,4.5,2.375,1.375,1.0,1.0,29.75,10.0,21.0,9.5,2.5,1.875,5.125,4.125,3.375,2.75,4.5,2.5,55.0,105.0,288.25,6,0,2,0,2,2,2,0,0,0,0,0,2,0,170.18,175.26,145.0,0.5,0.5,0.345,0.29,0.29,0.25,0.0,0.0,0.0,0.0,122.5,43.0,112.5,32.5,127.5,45.5,115.5,34.0,3.5,1.0,2.0,1.0,104.0,35.0,93.5,19.0,14.5,5.5,14.5,9.5,4.0,2.5,4.5,4.0,115.0,39.0,100.5,27.0,3.5,2.5,4.0,2.5,4.0,1.5,8.0,3.0,31.0,28.5,604.0,5,0,1,0,1,1,1,0,0,0,0,1,0,0,172.72,170.18,145.0,27.0,22.0,0,0,1,0,0,0,0,0,0,0,0,0,0,0,0,1,0,0,0,0,1,0,0,0
Blue,False,0.015625,0.0,0.45,0.4275,0.25,0.2,0.148468017578125,0.098388671875,0.0,0.0,66.5,29.6875,64.31230545043945,27.34375,89.75,48.0,85.53125,44.41152191162109,2.0,0.75,2.0546875,0.75,51.1875,18.3359375,49.6123046875,16.280410766601562,7.5,5.07647705078125,7.5,5.0,4.5,3.625,4.984375,3.9375,48.6875,17.0,47.11572265625,16.5,5.75,3.75,5.3125,3.4375,5.0625,3.5,3.875,2.5,99.2119140625,94.125,638.5,0,0,0,0,0,0,0,0,0,0,0,0,0,0,187.96,195.58,205.0,0.0471682548522949,0.0,0.45,0.4217682266235352,0.25,0.19173828125,0.1875,0.125,0.0,0.0,69.5,30.5,66.984375,27.8466796875,94.0,48.544921875,88.50390625,44.75,2.0,0.8125,2.015625,0.6640625,54.0,19.01513671875,51.483436584472656,16.9437255859375,7.91796875,5.430633544921875,7.75,5.0625,4.780975341796875,3.9373779296875,4.8994140625,3.84375,51.025390625,18.400863647460938,50.515625,17.5,5.75,3.75,5.5,3.5,5.375,3.6875,4.0,2.65625,104.865234375,89.5,655.8441009521484,0,0,0,0,0,0,0,0,0,0,0,0,0,0,185.42,190.5,170.0,26.0,30.0,0,0,0,0,0,0,0,1,0,0,0,0,0,0,0,1,0,0,0,0,1,0,0,0
Blue,False,0.0,0.0,0.23,0.17,0.0,0.0,0.0,0.0,0.0,0.0,78.0,18.0,136.0,24.0,78.0,18.0,136.0,24.0,3.0,0.0,0.0,0.0,59.0,9.0,108.0,15.0,10.0,4.0,11.0,2.0,9.0,5.0,17.0,7.0,74.0,17.0,132.0,24.0,3.0,1.0,3.0,0.0,1.0,0.0,1.0,0.0,1.0,1.0,900.0,3,0,0,1,0,0,1,0,0,0,0,0,0,0,172.72,180.34,145.0,0.0,0.0,0.375,0.4499999999999999,0.5,0.5,0.0,0.5,0.0,0.0,94.5,36.0,93.0,42.5,105.5,45.0,97.0,45.5,0.5,0.5,1.5,0.5,80.0,25.5,78.5,32.5,13.0,10.0,13.5,9.0,1.5,0.5,1.0,1.0,80.5,27.0,88.0,37.5,2.5,1.5,1.0,1.0,11.5,7.5,4.0,4.0,57.0,7.0,514.5,4,0,1,0,1,1,1,0,0,0,0,1,0,0,172.72,170.18,145.0,29.0,27.0,0,0,1,0,0,0,0,0,0,0,0,0,0,0,0,1,0,0,0,0,1,0,0,0
Red,False,0.25,1.0,0.3,0.44,0.0,0.35,1.25,0.5,0.0,0.25,95.5,29.25,101.5,48.75,101.5,34.5,134.5,79.25,0.0,0.0,4.25,2.0,71.0,14.5,78.25,30.25,6.25,3.5,10.75,7.0,18.25,11.25,12.5,11.5,92.25,27.0,70.75,29.75,2.75,1.75,3.0,2.0,0.5,0.5,27.75,17.0,10.25,300.75,716.25,7,0,1,0,1,1,2,0,0,0,0,1,0,0,175.26,177.8,145.0,0.15673828125,0.0244140625,0.3795605468749999,0.37314453125,0.059033203125,0.1288671875,0.3125,0.3125,0.005859375,0.00341796875,265.6005859375,96.01904296875,259.36474609375,94.1953125,270.658203125,100.26123046875,265.849609375,99.85693359375,1.943359375,0.28369140625,1.59765625,0.3427734375,232.98046875,74.59326171875,221.24365234375,66.3466796875,23.5546875,12.7978515625,27.3759765625,18.66650390625,9.0654296875,8.6279296875,10.7451171875,9.18212890625,257.17333984375,89.21435546875,245.77294921875,86.3681640625,6.283203125,5.05126953125,8.10400390625,4.80810546875,2.14404296875,1.75341796875,5.48779296875,3.01904296875,49.12939453125,64.06005859375,809.0986328125,25,0,2,0,2,7,5,0,0,0,1,1,5,0,185.42,185.42,145.0,29.0,28.0,0,0,1,0,0,0,0,0,0,0,0,0,0,0,0,1,0,0,0,0,1,0,0,0
Blue,False,1.0,0.328125,0.4513671875,0.3691796874999999,0.2734375,0.13828125,0.0,0.015625,0.0078125,0.0078125,109.01953125,47.94140625,111.31640625,39.16796875,120.35546875,57.3203125,115.95703125,42.40625,2.72265625,0.9765625,5.7109375,0.9375,87.5390625,30.35546875,95.7578125,30.32421875,14.9453125,11.734375,11.734375,6.171875,6.53515625,5.8515625,3.82421875,2.671875,96.2578125,38.59765625,102.296875,34.28125,9.01171875,7.03125,6.76171875,3.70703125,3.75,2.3125,2.2578125,1.1796875,70.6875,92.828125,675.0703125,24,1,3,0,3,6,3,0,0,0,4,1,0,1,172.72,175.26,155.0,0.0471682548522949,0.0,0.45,0.4217682266235352,0.25,0.19173828125,0.1875,0.125,0.0,0.0,69.5,30.5,66.984375,27.8466796875,94.0,48.544921875,88.50390625,44.75,2.0,0.8125,2.015625,0.6640625,54.0,19.01513671875,51.483436584472656,16.9437255859375,7.91796875,5.430633544921875,7.75,5.0625,4.780975341796875,3.9373779296875,4.8994140625,3.84375,51.025390625,18.400863647460938,50.515625,17.5,5.75,3.75,5.5,3.5,5.375,3.6875,4.0,2.65625,104.865234375,89.5,655.8441009521484,0,0,0,0,0,0,0,0,0,0,0,0,0,0,177.8,185.42,155.0,28.0,30.0,0,0,0,0,0,0,1,0,0,0,0,0,0,0,0,1,0,0,0,0,1,0,0,0
Red,False,0.40625,0.25,0.284375,0.4359375,0.078125,0.25859375,0.0,0.84375,0.078125,0.0,63.796875,20.765625,99.21875,42.203125,67.296875,24.015625,147.84375,81.15625,0.34375,0.078125,4.421875,1.609375,44.53125,10.078125,88.515625,34.046875,10.21875,4.25,3.46875,1.328125,9.046875,6.4375,7.234375,6.828125,59.609375,17.265625,53.390625,13.828125,2.453125,2.140625,1.75,1.453125,1.734375,1.359375,44.078125,26.921875,20.765625,399.546875,734.34375,16,1,0,1,3,4,3,0,0,0,2,2,0,0,177.8,185.42,155.0,0.0,0.0,0.75,0.425,0.585,0.0,0.5,0.0,0.0,0.0,76.0,39.0,152.5,54.0,82.5,45.0,161.5,60.5,5.5,3.0,1.5,0.0,70.0,35.0,123.0,34.5,4.0,2.5,19.5,12.0,2.0,1.5,10.0,7.5,65.5,32.0,142.5,49.0,10.5,7.0,8.0,4.0,0.0,0.0,2.0,1.0,133.0,8.0,644.0,5,0,1,0,1,1,1,0,0,0,0,0,1,0,180.34,185.42,155.0,26.0,34.0,0,0,0,0,0,0,1,0,0,0,0,0,0,0,0,0,0,1,0,0,1,0,0,0
Red,False,0.25,0.625,0.5,0.59625,0.6575,0.0,0.25,0.25,0.0,0.125,30.875,14.875,31.375,19.125,45.0,25.75,45.625,32.25,2.625,1.375,0.75,0.0,28.5,13.25,21.625,10.875,2.125,1.375,7.625,6.625,0.25,0.25,2.125,1.625,17.875,5.25,19.75,9.625,8.375,6.875,8.5,6.5,4.625,2.75,3.125,3.0,200.375,49.375,318.875,7,0,1,0,1,2,2,0,0,0,1,0,1,0,195.58,200.66,250.0,0.515625,0.5,0.45359375,0.36765625,0.0,0.36078125,0.0625,0.015625,0.0,0.125,45.59375,20.65625,75.28125,26.671875,48.15625,22.625,86.046875,35.28125,0.0,0.0,1.796875,0.859375,37.046875,14.5,63.078125,19.5,4.390625,2.484375,4.953125,2.3125,4.15625,3.671875,7.25,4.859375,41.734375,17.390625,65.65625,19.25,2.6875,2.3125,3.265625,2.125,1.171875,0.953125,6.359375,5.296875,22.0625,137.421875,437.96875,14,0,5,0,5,5,2,0,0,0,1,4,0,0,190.5,208.28,265.0,26.0,34.0,0,0,0,0,1,0,0,0,0,0,0,0,0,0,0,1,0,0,0,0,0,0,0,1
Red,False,0.0625,0.5,0.4337499999999999,0.559375,0.2,0.845,0.6875,0.375,0.0625,0.0,120.9375,51.8125,62.5,33.9375,170.125,94.0,106.25,72.4375,3.3125,1.0,2.875,2.625,95.4375,32.125,43.3125,19.375,17.4375,12.875,11.75,8.4375,8.0625,6.8125,7.4375,6.125,70.25,23.9375,36.25,16.9375,8.125,3.8125,3.375,2.375,42.5625,24.0625,22.875,14.625,255.9375,249.375,744.125,10,0,2,0,2,3,2,0,0,0,1,1,1,0,185.42,185.42,145.0,0.75,0.25,0.4499999999999999,0.355,0.625,0.29,0.25,0.75,0.0,0.0,60.0,27.0,96.0,34.75,97.0,59.25,132.25,66.0,2.25,1.75,3.75,0.5,47.75,18.5,82.0,23.25,6.5,4.25,9.5,7.5,5.75,4.25,4.5,4.0,42.5,16.0,76.0,22.75,2.75,2.25,3.25,2.0,14.75,8.75,16.75,10.0,235.5,131.75,747.75,7,1,1,0,1,2,1,0,0,0,1,0,1,0,170.18,162.56,145.0,29.0,25.0,0,0,1,0,0,0,0,0,0,0,0,0,0,0,0,1,0,0,0,0,1,0,0,0
Red,False,0.015625,0.0,0.45,0.4275,0.25,0.2,0.148468017578125,0.098388671875,0.0,0.0,66.5,29.6875,64.31230545043945,27.34375,89.75,48.0,85.53125,44.41152191162109,2.0,0.75,2.0546875,0.75,51.1875,18.3359375,49.6123046875,16.280410766601562,7.5,5.07647705078125,7.5,5.0,4.5,3.625,4.984375,3.9375,48.6875,17.0,47.11572265625,16.5,5.75,3.75,5.3125,3.4375,5.0625,3.5,3.875,2.5,99.2119140625,94.125,638.5,0,0,0,0,0,0,0,0,0,0,0,0,0,0,177.8,185.42,205.0,0.0471682548522949,0.0,0.45,0.4217682266235352,0.25,0.19173828125,0.1875,0.125,0.0,0.0,69.5,30.5,66.984375,27.8466796875,94.0,48.544921875,88.50390625,44.75,2.0,0.8125,2.015625,0.6640625,54.0,19.01513671875,51.483436584472656,16.9437255859375,7.91796875,5.430633544921875,7.75,5.0625,4.780975341796875,3.9373779296875,4.8994140625,3.84375,51.025390625,18.400863647460938,50.515625,17.5,5.75,3.75,5.5,3.5,5.375,3.6875,4.0,2.65625,104.865234375,89.5,655.8441009521484,0,0,0,0,0,0,0,0,0,0,0,0,0,0,187.96,193.04,185.0,29.0,27.0,0,0,0,0,0,1,0,0,0,0,0,0,0,0,0,1,0,0,0,0,1,0,0,0
Red,False,0.015625,0.0,0.45,0.4275,0.25,0.2,0.148468017578125,0.098388671875,0.0,0.0,66.5,29.6875,64.31230545043945,27.34375,89.75,48.0,85.53125,44.41152191162109,2.0,0.75,2.0546875,0.75,51.1875,18.3359375,49.6123046875,16.280410766601562,7.5,5.07647705078125,7.5,5.0,4.5,3.625,4.984375,3.9375,48.6875,17.0,47.11572265625,16.5,5.75,3.75,5.3125,3.4375,5.0625,3.5,3.875,2.5,99.2119140625,94.125,638.5,0,0,0,0,0,0,0,0,0,0,0,0,0,0,187.96,187.96,170.0,0.0471682548522949,0.0,0.45,0.4217682266235352,0.25,0.19173828125,0.1875,0.125,0.0,0.0,69.5,30.5,66.984375,27.8466796875,94.0,48.544921875,88.50390625,44.75,2.0,0.8125,2.015625,0.6640625,54.0,19.01513671875,51.483436584472656,16.9437255859375,7.91796875,5.430633544921875,7.75,5.0625,4.780975341796875,3.9373779296875,4.8994140625,3.84375,51.025390625,18.400863647460938,50.515625,17.5,5.75,3.75,5.5,3.5,5.375,3.6875,4.0,2.65625,104.865234375,89.5,655.8441009521484,0,0,0,0,0,0,0,0,0,0,0,0,0,0,187.96,187.96,185.0,27.0,30.0,0,0,0,0,0,0,0,1,0,0,0,0,0,0,0,1,0,0,0,0,1,0,0,0
Red,False,0.125,0.0,0.27625,0.325,0.16625,0.0,0.0,0.0,0.0,0.0,149.25,41.0,145.5,49.125,159.0,50.5,154.625,56.25,2.375,0.375,4.0,0.0,106.625,13.0,107.875,23.0,19.5,9.0,16.25,9.0,23.125,19.0,21.375,17.125,141.75,34.625,133.875,40.875,6.5,5.625,11.625,8.25,1.0,0.75,0.0,0.0,36.5,100.375,861.5,11,0,3,0,3,3,1,0,1,0,1,1,0,0,167.64,177.8,135.0,0.375,0.625,0.315,0.35875,0.1,0.03125,0.125,0.25,0.0,0.125,133.375,42.75,180.625,59.0,137.625,46.375,182.375,60.5,0.875,0.5,1.625,0.125,101.0,23.875,164.75,51.125,18.75,9.0,13.875,6.125,13.625,9.875,2.0,1.75,127.5,39.125,177.125,57.625,0.375,0.125,1.25,0.5,5.5,3.5,2.25,0.875,43.625,13.625,604.25,7,0,0,1,2,2,2,0,0,0,0,1,1,0,167.64,172.72,135.0,29.0,34.0,1,0,0,0,0,0,0,0,0,0,0,0,0,0,0,0,0,1,0,0,1,0,0,0
Red,False,1.0,0.0,0.4475,0.7325,0.25,0.0875,0.0,0.0,0.0,0.0,67.5,33.25,56.25,26.25,83.0,47.0,61.75,31.5,0.25,0.25,4.5,0.75,45.5,13.75,30.25,5.25,10.5,8.75,9.0,7.0,11.5,10.75,17.0,14.0,54.0,21.25,46.0,17.75,7.25,6.25,8.5,7.0,6.25,5.75,1.75,1.5,17.0,139.5,415.0,7,0,1,0,1,2,1,0,0,0,1,1,0,0,172.72,180.34,145.0,0.0,1.0,0.48,0.49,0.0,0.09,0.0,0.0,0.0,0.0,93.0,45.0,105.0,52.0,99.0,51.0,156.0,102.0,0.0,0.0,11.0,1.0,76.0,29.0,82.0,36.0,13.0,12.0,15.0,8.0,4.0,4.0,8.0,8.0,89.0,41.0,83.0,33.0,4.0,4.0,3.0,2.0,0.0,0.0,19.0,17.0,2.0,348.0,900.0,3,0,1,0,1,1,0,0,0,1,0,0,0,0,172.72,172.72,145.0,27.0,30.0,0,0,1,0,0,0,0,0,0,0,0,0,0,0,0,1,0,0,0,0,1,0,0,0
Blue,False,0.015625,0.0,0.45,0.4275,0.25,0.2,0.148468017578125,0.098388671875,0.0,0.0,66.5,29.6875,64.31230545043945,27.34375,89.75,48.0,85.53125,44.41152191162109,2.0,0.75,2.0546875,0.75,51.1875,18.3359375,49.6123046875,16.280410766601562,7.5,5.07647705078125,7.5,5.0,4.5,3.625,4.984375,3.9375,48.6875,17.0,47.11572265625,16.5,5.75,3.75,5.3125,3.4375,5.0625,3.5,3.875,2.5,99.2119140625,94.125,638.5,0,0,0,0,0,0,0,0,0,0,0,0,0,0,187.96,193.04,170.0,0.0471682548522949,0.0,0.45,0.4217682266235352,0.25,0.19173828125,0.1875,0.125,0.0,0.0,69.5,30.5,66.984375,27.8466796875,94.0,48.544921875,88.50390625,44.75,2.0,0.8125,2.015625,0.6640625,54.0,19.01513671875,51.483436584472656,16.9437255859375,7.91796875,5.430633544921875,7.75,5.0625,4.780975341796875,3.9373779296875,4.8994140625,3.84375,51.025390625,18.400863647460938,50.515625,17.5,5.75,3.75,5.5,3.5,5.375,3.6875,4.0,2.65625,104.865234375,89.5,655.8441009521484,0,0,0,0,0,0,0,0,0,0,0,0,0,0,187.96,187.96,170.0,26.0,25.0,0,0,0,0,0,0,0,0,0,1,0,0,0,0,0,1,0,0,0,0,1,0,0,0
Blue,False,0.015625,0.0,0.45,0.4275,0.25,0.2,0.148468017578125,0.098388671875,0.0,0.0,66.5,29.6875,64.31230545043945,27.34375,89.75,48.0,85.53125,44.41152191162109,2.0,0.75,2.0546875,0.75,51.1875,18.3359375,49.6123046875,16.280410766601562,7.5,5.07647705078125,7.5,5.0,4.5,3.625,4.984375,3.9375,48.6875,17.0,47.11572265625,16.5,5.75,3.75,5.3125,3.4375,5.0625,3.5,3.875,2.5,99.2119140625,94.125,638.5,0,0,0,0,0,0,0,0,0,0,0,0,0,0,175.26,187.96,155.0,0.5,0.0,0.3475,0.4325,0.25,0.11,0.0,0.0,0.0,0.0,224.25,83.5,142.0,66.25,233.75,90.75,157.75,80.5,0.25,0.25,6.75,1.0,156.25,45.0,124.5,52.5,54.5,28.25,11.0,9.0,13.5,10.25,6.5,4.75,212.25,78.25,132.0,58.0,9.75,4.75,6.5,5.5,2.25,0.5,3.5,2.75,18.25,83.75,900.0,9,0,3,0,3,3,0,0,0,1,2,0,0,0,162.56,180.34,135.0,24.0,28.0,0,0,1,0,0,0,0,0,0,0,0,0,0,0,0,0,0,1,0,0,0,0,1,0
Blue,False,0.015625,0.0,0.45,0.4275,0.25,0.2,0.148468017578125,0.098388671875,0.0,0.0,66.5,29.6875,64.31230545043945,27.34375,89.75,48.0,85.53125,44.41152191162109,2.0,0.75,2.0546875,0.75,51.1875,18.3359375,49.6123046875,16.280410766601562,7.5,5.07647705078125,7.5,5.0,4.5,3.625,4.984375,3.9375,48.6875,17.0,47.11572265625,16.5,5.75,3.75,5.3125,3.4375,5.0625,3.5,3.875,2.5,99.2119140625,94.125,638.5,0,0,0,0,0,0,0,0,0,0,0,0,0,0,185.42,187.96,170.0,1.0,0.0,0.61,0.33,0.0,0.75,0.0,0.0,0.0,0.0,26.0,16.0,12.0,4.0,28.0,18.0,25.0,17.0,0.0,0.0,4.0,3.0,19.0,10.0,12.0,4.0,3.0,3.0,0.0,0.0,4.0,3.0,0.0,0.0,17.0,9.0,12.0,4.0,4.0,2.0,0.0,0.0,5.0,5.0,0.0,0.0,28.0,219.0,297.0,1,0,1,0,1,1,0,0,0,0,0,1,0,0,180.34,193.04,170.0,29.0,32.0,0,0,0,0,0,0,0,0,0,1,0,0,0,0,0,0,0,1,0,0,1,0,0,0
Blue,False,0.28125,0.0,0.343359375,0.333984375,0.1821875,0.13015625,1.2265625,0.65625,0.0,0.0625,50.8671875,16.796875,50.9609375,20.0234375,65.7421875,29.515625,59.015625,28.0078125,4.6796875,1.3828125,1.5,0.15625,45.7734375,12.703125,36.0078125,9.7734375,1.46875,0.46875,12.1484375,8.1171875,3.625,3.625,2.8046875,2.1328125,42.0546875,11.6875,34.9609375,10.046875,5.125,2.671875,13.578125,9.2734375,3.6875,2.4375,2.421875,0.703125,261.15625,64.28125,569.5859375,17,0,2,0,2,4,4,0,0,0,2,1,1,0,182.88,187.96,205.0,1.5,0.0,0.53,0.45,0.25,0.185,0.0,1.0,0.5,0.0,78.5,43.0,110.5,48.5,103.0,66.5,125.5,62.5,1.0,0.5,9.5,3.0,66.5,33.5,95.0,37.0,4.0,3.0,9.5,6.5,8.0,6.5,6.0,5.0,53.0,27.5,98.0,42.0,13.0,6.5,11.5,6.0,12.5,9.0,1.0,0.5,149.0,195.0,668.0,5,0,0,1,1,1,1,0,0,0,0,1,0,0,182.88,185.42,185.0,29.0,23.0,0,0,0,0,0,0,0,1,0,0,0,0,0,0,0,0,0,1,0,0,1,0,0,0
Red,False,0.0,0.0,0.51,0.55,0.0,0.25,0.0,3.0,0.0,1.0,54.0,28.0,67.0,37.0,137.0,98.0,117.0,81.0,0.0,0.0,4.0,1.0,46.0,22.0,49.0,19.0,7.0,5.0,18.0,18.0,1.0,1.0,0.0,0.0,39.0,16.0,39.0,12.0,12.0,10.0,18.0,18.0,3.0,2.0,10.0,7.0,9.0,208.0,456.0,2,0,0,1,0,0,1,0,0,0,0,0,0,0,180.34,180.34,170.0,0.0,0.5,0.485,0.515,0.165,0.0,0.0,1.0,0.0,0.0,28.0,12.5,44.0,23.0,33.5,17.0,50.5,29.0,1.5,0.5,0.0,0.0,22.5,8.0,35.5,16.5,3.5,3.0,5.0,4.0,2.0,1.5,3.5,2.5,22.0,7.5,29.0,10.5,4.5,3.5,6.5,5.5,1.5,1.5,8.5,7.0,77.5,37.0,242.5,2,0,0,2,0,0,2,0,0,0,0,0,0,0,180.34,180.34,185.0,28.0,34.0,0,0,0,0,0,0,0,0,0,1,0,0,0,0,0,1,0,0,0,0,0,0,1,0
Red,False,0.05859375,0.0050048828125,0.509598388671875,0.27545166015625,0.6987646484375,0.256651611328125,0.7685546875,1.150390625,0.0628662109375,0.001953125,62.45654296875,32.5335693359375,45.528564453125,14.1563720703125,82.785400390625,50.5986328125,75.61083984375,42.0438232421875,2.6920166015625,2.3079833984375,5.7674560546875,1.628173828125,53.9954833984375,26.3448486328125,41.5517578125,11.5789794921875,4.7900390625,2.8154296875,2.4818115234375,1.6488037109375,3.6710205078125,3.373291015625,1.4949951171875,0.9285888671875,41.9100341796875,17.5946044921875,39.728271484375,10.2860107421875,4.2918701171875,3.2509765625,3.048583984375,1.7640380859375,16.254638671875,11.68798828125,2.751708984375,2.1063232421875,274.4970703125,174.669921875,776.21533203125,32,1,4,0,4,10,4,0,0,0,4,4,2,0,182.88,187.96,185.0,0.48046875,0.25,0.3698828125,0.28171875,0.3342578125,0.001953125,0.01171875,0.046875,0.01171875,0.0234375,72.1875,26.69921875,88.5078125,23.6171875,79.97265625,32.59765625,101.84375,35.12890625,3.1875,1.38671875,1.53515625,0.00390625,63.140625,19.4375,73.71484375,13.5078125,4.1796875,2.58203125,6.4609375,3.53125,4.8671875,4.6796875,8.33203125,6.578125,60.05859375,19.84765625,83.75,20.90625,4.6015625,2.7734375,3.82421875,2.109375,7.52734375,4.078125,0.93359375,0.6015625,116.3125,20.5390625,695.5,21,0,0,1,6,7,2,0,0,1,2,3,0,1,175.26,180.34,170.0,33.0,27.0,0,0,0,0,0,0,0,0,0,1,0,0,0,0,0,1,0,0,0,0,1,0,0,0
Blue,False,0.0,0.0,0.425625,0.3471875,0.5475,0.03125,3.625,0.9375,0.0,0.0,91.8125,39.25,47.09375,17.6875,171.75,107.0625,80.15625,47.1875,6.09375,3.5,0.125,0.0625,80.0625,32.125,41.4375,12.53125,10.25,5.625,3.25,3.25,1.5,1.5,2.40625,1.90625,51.0,13.625,35.3125,11.0625,8.25,5.5,5.25,2.75,32.5625,20.125,6.53125,3.875,539.09375,80.71875,846.40625,14,0,1,0,4,5,1,0,0,0,4,1,0,0,177.8,180.34,145.0,0.25,0.0,0.3275,0.35,0.0,0.0,0.0,0.0,0.0,0.0,119.0,35.75,114.5,40.0,127.0,42.75,120.0,44.75,0.75,0.0,0.0,0.0,85.75,11.75,88.75,25.5,4.5,2.25,9.0,6.5,28.75,21.75,16.75,8.0,114.75,33.5,111.0,38.0,1.75,1.0,1.75,1.0,2.5,1.25,1.75,1.0,35.25,46.75,692.75,7,0,0,1,2,2,1,0,0,1,0,1,0,0,175.26,177.8,145.0,28.0,33.0,0,0,1,0,0,0,0,0,0,0,0,0,0,0,0,1,0,0,0,0,1,0,0,0
Red,False,0.0,0.0,0.39,0.42,0.0,0.66,0.0,0.0,0.0,0.0,141.0,56.0,98.0,42.0,154.0,66.0,105.0,48.0,0.0,0.0,9.0,6.0,85.0,21.0,77.0,29.0,24.0,10.0,13.0,6.0,32.0,25.0,8.0,7.0,136.0,54.0,89.0,35.0,5.0,2.0,2.0,1.0,0.0,0.0,7.0,6.0,35.0,411.0,900.0,3,1,0,1,0,0,1,0,0,0,0,0,0,0,187.96,187.96,155.0,0.0,0.0,0.6,0.83,0.0,0.43,0.0,1.0,1.0,0.0,15.0,9.0,18.0,15.0,17.0,10.0,113.0,88.0,0.0,0.0,16.0,7.0,11.0,6.0,5.0,3.0,3.0,2.0,2.0,1.0,1.0,1.0,11.0,11.0,9.0,5.0,6.0,4.0,1.0,0.0,4.0,4.0,5.0,4.0,8.0,7.0,34.0,746.0,900.0,3,1,0,1,0,0,1,0,0,0,0,0,0,0,182.88,193.04,155.0,30.0,26.0,0,0,0,0,0,0,1,0,0,0,0,0,0,0,0,1,0,0,0,0,0,0,1,0
Red,False,0.015625,0.0,0.45,0.4275,0.25,0.2,0.148468017578125,0.098388671875,0.0,0.0,66.5,29.6875,64.31230545043945,27.34375,89.75,48.0,85.53125,44.41152191162109,2.0,0.75,2.0546875,0.75,51.1875,18.3359375,49.6123046875,16.280410766601562,7.5,5.07647705078125,7.5,5.0,4.5,3.625,4.984375,3.9375,48.6875,17.0,47.11572265625,16.5,5.75,3.75,5.3125,3.4375,5.0625,3.5,3.875,2.5,99.2119140625,94.125,638.5,0,0,0,0,0,0,0,0,0,0,0,0,0,0,182.88,187.96,170.0,0.01220703125,0.5,0.3990185546875,0.6196752929687499,0.063388671875,0.451220703125,0.06640625,0.470703125,0.125244140625,0.062744140625,57.926513671875,23.0595703125,60.484619140625,35.07666015625,69.12646484375,33.989990234375,77.070556640625,50.310302734375,0.733642578125,0.12744140625,1.531982421875,1.2529296875,41.054931640625,11.584716796875,43.26123046875,21.616943359375,8.121826171875,6.018798828125,12.9873046875,10.05859375,8.749755859375,5.4560546875,4.236083984375,3.401123046875,47.436767578125,16.723876953125,37.504150390625,15.906005859375,9.5517578125,5.811767578125,11.72119140625,10.140869140625,0.93798828125,0.52392578125,11.25927734375,9.02978515625,28.270263671875,140.35009765625,450.755615234375,30,2,0,4,4,5,8,0,0,1,1,2,0,0,180.34,190.5,170.0,33.0,33.0,0,0,0,0,0,0,0,0,0,1,0,0,0,0,0,1,0,0,0,0,1,0,0,0
Blue,False,0.673828125,0.0,0.51833984375,0.13888671875,0.1045703125,0.15109375,0.0234375,0.015625,0.0,0.0,43.3046875,20.00390625,33.556640625,11.8828125,54.625,29.685546875,43.76171875,21.41796875,2.14453125,0.701171875,0.90625,0.361328125,34.591796875,12.451171875,27.693359375,7.841796875,1.857421875,1.63671875,5.4140625,3.61328125,6.85546875,5.916015625,0.44921875,0.427734375,31.42578125,10.21875,23.30859375,6.08984375,10.966796875,8.904296875,7.544921875,3.33984375,0.912109375,0.880859375,2.703125,2.453125,55.8203125,68.2890625,330.767578125,21,0,4,0,5,9,1,0,1,2,1,5,0,0,175.26,175.26,185.0,0.6875,0.03125,0.3378124999999999,0.42984375,0.01953125,0.68140625,0.21875,0.140625,0.6875,0.109375,168.0625,61.59375,134.875,64.1875,263.75,145.890625,191.75,118.859375,0.15625,0.0625,5.265625,4.09375,116.796875,29.984375,102.25,42.046875,18.203125,10.53125,23.4375,17.765625,33.0625,21.078125,9.1875,4.375,153.40625,52.265625,99.875,40.359375,2.234375,0.75,1.90625,0.65625,12.421875,8.578125,33.09375,23.171875,48.71875,497.03125,1219.96875,21,2,0,1,5,5,2,0,0,1,1,3,0,0,187.96,190.5,170.0,29.0,28.0,0,0,0,0,0,0,0,0,0,1,0,0,0,0,0,0,0,1,0,0,1,0,0,0
Blue,False,0.015625,0.0,0.45,0.4275,0.25,0.2,0.148468017578125,0.098388671875,0.0,0.0,66.5,29.6875,64.31230545043945,27.34375,89.75,48.0,85.53125,44.41152191162109,2.0,0.75,2.0546875,0.75,51.1875,18.3359375,49.6123046875,16.280410766601562,7.5,5.07647705078125,7.5,5.0,4.5,3.625,4.984375,3.9375,48.6875,17.0,47.11572265625,16.5,5.75,3.75,5.3125,3.4375,5.0625,3.5,3.875,2.5,99.2119140625,94.125,638.5,0,0,0,0,0,0,0,0,0,0,0,0,0,0,182.88,185.42,170.0,0.75,0.25,0.486572265625,0.61013671875,0.108486328125,0.5283984374999999,1.888671875,0.1298828125,0.251953125,0.314453125,84.431640625,43.1005859375,98.8251953125,61.6123046875,111.6015625,66.630859375,146.0302734375,102.7861328125,3.1630859375,0.583984375,5.0478515625,1.982421875,71.5244140625,32.146484375,65.2734375,31.958984375,10.609375,8.87890625,8.6455078125,5.7470703125,2.2978515625,2.0751953125,24.90625,23.90625,66.826171875,28.7568359375,61.6611328125,29.333984375,10.1435546875,8.7998046875,17.2744140625,16.55078125,7.4619140625,5.5439453125,19.8896484375,15.7275390625,109.8212890625,354.900390625,828.3525390625,28,0,3,0,3,6,5,0,0,1,1,0,4,0,185.42,187.96,185.0,23.0,31.0,0,0,0,0,0,0,0,0,0,1,0,0,0,0,0,1,0,0,0,0,1,0,0,0
Red,True,0.02001953125,0.0,0.4420458984375,0.4120361328125,0.237587890625,0.0755078125,0.3095703125,0.13671875,0.1650390625,0.03173828125,235.85888671875,107.34228515625,213.62646484375,101.45068359375,289.814453125,156.52880859375,226.49072265625,113.37939453125,2.1279296875,0.73828125,2.3193359375,0.4072265625,184.89892578125,70.62890625,144.68701171875,47.802734375,44.8125,32.6611328125,25.060546875,19.26904296875,6.1474609375,4.05224609375,43.87890625,34.37890625,211.919921875,93.10400390625,200.51416015625,94.5205078125,16.765625,10.6826171875,10.34521484375,6.10986328125,7.17333984375,3.5556640625,2.76708984375,0.8203125,142.359375,70.5078125,1126.26708984375,32,1,2,0,3,7,5,0,0,0,1,4,2,0,185.42,193.04,185.0,0.0551834106445312,0.5009765625,0.4846474838256836,0.2063867568969726,0.7648579025268555,0.0316207885742187,0.4249267578125,0.000152587890625,0.0703353881835937,0.5000228881835938,172.64292526245117,78.7747573852539,199.53878784179688,41.27022552490234,246.55663681030276,148.7780876159668,299.76336669921875,129.45875549316406,7.146266937255859,5.6416778564453125,2.073497772216797,0.126129150390625,132.07807159423828,52.66817855834961,161.10393142700195,24.447235107421875,23.73099136352539,14.853164672851562,18.80186462402344,9.542755126953123,16.8338623046875,11.253414154052734,19.632991790771484,7.280235290527344,130.7889060974121,49.40973663330078,186.4628448486328,33.25688934326172,2.525455474853516,1.6937713623046875,2.44045639038086,0.9317283630371094,39.32856369018555,27.67124938964844,10.635486602783203,7.081607818603516,620.4686965942383,52.4667854309082,1488.2782287597656,58,12,2,0,10,17,2,0,0,1,9,5,2,0,180.34,193.04,185.0,29.0,31.0,0,0,0,0,0,0,0,0,0,1,0,0,0,0,0,0,0,1,0,0,1,0,0,0
Blue,False,0.0,0.0625,0.40890625,0.3815625,0.0,0.2996875,0.3125,0.546875,0.015625,0.0,174.671875,66.125,100.953125,39.3125,183.71875,73.8125,113.625,50.6875,1.0625,0.0,4.296875,1.296875,143.03125,42.578125,83.90625,27.890625,12.78125,8.03125,11.015625,5.796875,18.859375,15.515625,6.03125,5.625,166.984375,60.703125,89.40625,32.140625,7.5625,5.421875,8.40625,4.828125,0.125,0.0,3.140625,2.34375,40.609375,97.21875,798.59375,19,0,2,0,3,5,2,0,0,1,2,0,1,1,187.96,190.5,185.0,0.0,0.125,0.44625,0.42375,0.125,0.2475,0.125,0.5,0.0,0.0,116.875,53.625,185.75,72.75,135.625,67.875,228.75,106.5,4.75,0.625,4.625,1.75,85.25,29.25,150.375,47.875,13.625,11.25,19.125,12.0,18.0,13.125,16.25,12.875,105.875,45.0,172.375,63.0,5.75,4.0,9.75,7.25,5.25,4.625,3.625,2.5,127.875,90.125,889.125,12,0,2,0,2,3,1,0,0,0,2,0,1,0,182.88,187.96,185.0,26.0,34.0,0,0,0,0,0,0,0,1,0,0,0,0,0,0,0,1,0,0,0,0,0,0,1,0
Red,False,1.0,0.5,0.485,0.48,0.25,0.0,0.0,0.5,0.0,0.0,19.0,10.0,39.5,22.5,52.0,41.0,41.0,24.0,1.5,0.5,0.0,0.0,18.5,10.0,24.0,8.5,0.5,0.0,6.5,5.5,0.0,0.0,9.0,8.5,13.0,6.0,34.5,18.5,0.5,0.0,0.5,0.5,5.5,4.0,4.5,3.5,125.5,22.0,328.5,4,0,1,0,1,1,1,0,0,0,0,1,0,0,165.1,160.02,135.0,0.0,0.25,0.2975,0.365,0.435,0.0,1.75,0.25,0.0,0.0,41.75,23.25,23.75,8.5,62.25,41.5,32.25,16.75,3.25,1.75,0.0,0.0,36.5,20.0,19.0,5.5,2.75,2.0,3.25,2.25,2.5,1.25,1.5,0.75,17.0,4.25,21.5,7.0,0.0,0.0,0.0,0.0,24.75,19.0,2.25,1.5,216.0,0.75,330.0,5,1,0,1,2,2,1,0,0,0,1,0,1,0,167.64,170.18,125.0,29.0,27.0,1,0,0,0,0,0,0,0,0,0,0,0,0,0,0,1,0,0,0,0,1,0,0,0
Red,False,0.015625,0.0,0.45,0.4275,0.25,0.2,0.148468017578125,0.098388671875,0.0,0.0,66.5,29.6875,64.31230545043945,27.34375,89.75,48.0,85.53125,44.41152191162109,2.0,0.75,2.0546875,0.75,51.1875,18.3359375,49.6123046875,16.280410766601562,7.5,5.07647705078125,7.5,5.0,4.5,3.625,4.984375,3.9375,48.6875,17.0,47.11572265625,16.5,5.75,3.75,5.3125,3.4375,5.0625,3.5,3.875,2.5,99.2119140625,94.125,638.5,0,0,0,0,0,0,0,0,0,0,0,0,0,0,190.5,190.5,155.0,0.0078125,0.0,0.492490234375,0.46681640625,0.306982421875,0.4008203125,0.27734375,0.666015625,0.0048828125,0.0634765625,66.708984375,26.5712890625,44.046875,14.3369140625,80.93359375,40.25390625,53.734375,23.798828125,2.716796875,1.7021484375,4.96875,2.326171875,47.0478515625,10.953125,38.5263671875,11.0029296875,15.8662109375,11.9677734375,4.78125,2.7890625,3.794921875,3.650390625,0.7392578125,0.544921875,52.29296875,15.8828125,36.2509765625,10.3251953125,7.2109375,4.7314453125,3.3515625,1.1962890625,7.205078125,5.95703125,4.4443359375,2.8154296875,116.0693359375,161.1181640625,520.3798828125,29,0,0,1,6,7,4,0,0,2,3,1,1,0,175.26,180.34,170.0,28.0,28.0,0,0,0,0,0,0,0,0,0,1,0,0,0,0,0,1,0,0,0,0,0,0,1,0
Red,False,0.5,0.0,0.565,0.3,0.4,0.125,0.0,1.0,1.0,0.5,60.5,34.5,71.0,18.5,89.5,57.0,102.5,40.5,2.5,2.0,3.0,0.5,41.0,19.5,63.5,13.5,16.0,12.0,4.0,2.0,3.5,3.0,3.5,3.0,39.0,19.0,60.5,14.0,17.0,11.0,8.0,2.5,4.5,4.5,2.5,2.0,248.5,216.0,688.5,5,0,2,0,2,2,0,0,0,0,1,1,0,0,172.72,182.88,155.0,0.125,0.0,0.415625,0.3,0.0,0.0725,0.0,0.125,0.0,0.0,121.5625,59.5,245.4375,55.0,124.3125,61.5,248.6875,58.0,0.0,0.0,3.1875,0.1875,87.875,41.0625,199.5,26.5625,21.3125,9.125,28.75,14.625,12.375,9.3125,17.1875,13.8125,118.5625,57.625,238.9375,51.3125,2.8125,1.8125,1.5,0.6875,0.1875,0.0625,5.0,3.0,1.25,22.0625,796.4375,13,0,2,0,2,3,2,0,0,0,2,1,0,0,172.72,172.72,155.0,27.0,27.0,0,0,0,0,0,0,1,0,0,0,0,0,0,0,0,0,0,0,1,0,1,0,0,0
Red,False,0.0,1.5,0.3925,0.5375000000000001,0.1,0.25,0.5,0.75,0.0,0.0,68.5,31.25,52.0,27.25,94.5,55.5,72.25,45.75,1.75,0.5,1.25,1.0,51.75,16.25,38.5,16.5,11.25,9.5,5.0,5.0,5.5,5.5,8.5,5.75,55.25,19.25,40.75,18.75,10.25,9.0,4.0,3.25,3.0,3.0,7.25,5.25,129.75,96.5,526.75,7,0,0,1,1,1,2,0,0,0,0,0,1,0,170.18,180.34,135.0,0.125,0.625,0.37234375,0.5540625,0.265625,0.6989062500000001,0.0,0.0625,0.03125,0.0,101.375,39.828125,52.921875,30.8125,132.609375,69.34375,68.484375,45.359375,1.078125,0.515625,3.90625,2.21875,71.515625,21.703125,36.890625,16.875,19.703125,11.859375,7.875,6.390625,10.15625,6.265625,8.15625,7.546875,78.921875,24.796875,38.09375,19.359375,11.546875,7.5625,4.78125,4.0625,10.90625,7.46875,10.046875,7.390625,106.578125,194.5,591.96875,17,0,0,1,1,2,5,0,0,1,0,1,0,0,185.42,182.88,135.0,29.0,31.0,1,0,0,0,0,0,0,0,0,0,0,0,0,0,0,1,0,0,0,0,1,0,0,0
Red,False,0.0,0.0,0.3349999999999999,0.365,0.665,0.1,1.0,0.5,0.0,0.5,49.0,17.0,60.0,22.5,105.5,57.0,80.5,40.0,6.0,3.0,3.0,0.5,41.0,10.5,53.5,16.5,3.5,2.5,4.0,3.5,4.5,4.0,2.5,2.5,42.0,13.0,41.5,13.5,3.0,2.0,11.0,4.5,4.0,2.0,7.5,4.5,252.0,127.5,608.5,5,0,2,0,2,2,0,0,0,0,0,0,2,0,172.72,172.72,135.0,0.25,0.0,0.463125,0.519375,0.8125,0.1325,0.0,0.0,0.0,0.25,105.4375,50.8125,52.4375,25.875,150.75,86.5,99.5625,68.8125,3.375,2.875,3.9375,0.5625,89.0625,39.625,35.8125,12.5625,9.875,7.0625,14.4375,11.625,6.5,4.125,2.1875,1.6875,46.375,14.9375,37.9375,13.5,12.625,8.0,13.9375,11.8125,46.4375,27.875,0.5625,0.5625,490.0,70.5625,858.75,14,0,1,0,1,3,2,0,0,1,1,1,0,0,170.18,175.26,135.0,28.0,29.0,1,0,0,0,0,0,0,0,0,0,0,0,0,0,0,1,0,0,0,0,1,0,0,0
Red,False,1.0,0.0,0.425,0.505,0.25,0.0,0.0,0.0,0.0,0.0,61.5,25.0,55.5,30.0,73.5,36.5,57.0,31.5,2.0,1.0,4.5,0.0,54.0,20.5,22.5,5.5,4.5,3.5,17.0,11.0,3.0,1.0,16.0,13.5,51.5,18.5,45.5,24.0,4.0,2.0,10.0,6.0,6.0,4.5,0.0,0.0,94.0,3.5,559.0,4,0,0,1,1,1,1,0,0,0,0,1,0,0,175.26,180.34,185.0,0.025390625,0.265625,0.41190673828125,0.3300262451171875,0.30731201171875,0.02700439453125,0.005401611328125,1.437530517578125,0.0,0.000152587890625,56.39419555664063,22.871124267578125,42.411163330078125,16.068939208984375,108.4892578125,64.699951171875,51.1033935546875,23.50936889648437,4.612091064453125,1.42352294921875,0.557098388671875,0.126220703125,51.705657958984375,18.221160888671875,35.915191650390625,11.577728271484377,3.800079345703125,3.762237548828125,3.311004638671875,2.029510498046875,0.888458251953125,0.887725830078125,3.184967041015625,2.461700439453125,32.6004638671875,8.4442138671875,37.733489990234375,12.112396240234377,2.374755859375,1.732147216796875,2.80206298828125,2.4483642578125,21.418975830078125,12.69476318359375,1.8756103515625,1.5081787109375,374.7848815917969,113.42013549804688,731.9474487304688,44,1,4,0,4,12,4,0,0,1,6,4,0,1,187.96,190.5,170.0,35.0,31.0,0,0,0,0,0,0,0,1,0,0,0,0,0,0,0,0,0,1,0,0,0,0,1,0
Blue,False,0.0625,0.0625,0.42,0.505,0.4325,0.09875,0.0,0.5,0.0625,0.0,134.4375,55.375,96.25,47.9375,147.75,67.8125,116.5,67.1875,7.8125,3.3125,3.75,0.5,108.75,36.625,62.9375,23.25,13.75,9.625,18.1875,12.3125,11.9375,9.125,15.125,12.375,122.4375,46.25,78.3125,34.5,9.4375,7.5625,15.0,10.8125,2.5625,1.5625,2.9375,2.625,250.3125,137.8125,860.0,13,0,2,0,2,4,1,0,0,1,2,1,0,0,185.42,187.96,185.0,0.0,0.0,0.47375,0.32125,0.445,0.125,0.0,0.125,0.0,0.0,146.75,72.5,134.625,43.5,244.875,161.25,150.375,58.625,6.375,2.625,0.75,0.125,100.25,35.75,111.75,27.5,18.75,12.875,11.875,8.0,27.75,23.875,11.0,8.0,117.125,48.0,125.5,36.125,23.875,19.625,9.125,7.375,5.75,4.875,0.0,0.0,301.5,3.75,900.0,12,0,0,1,1,2,2,0,0,0,2,0,0,0,182.88,185.42,185.0,25.0,32.0,0,0,0,0,0,0,0,1,0,0,0,0,0,0,0,1,0,0,0,0,0,0,1,0
Blue,False,0.02392578125,0.8125,0.2729751586914062,0.4713714599609375,0.0658383178710937,0.1735009765625,0.0636444091796875,0.511810302734375,0.0015869140625,0.007843017578125,134.90672302246094,37.04820251464844,138.15408325195312,63.11405944824219,160.6883087158203,57.5135498046875,155.62794494628906,78.256103515625,6.700286865234375,0.590484619140625,4.657135009765625,1.16473388671875,116.3804931640625,26.253814697265625,122.0269012451172,50.1834716796875,15.604354858398438,8.501419067382812,10.354583740234377,7.747833251953125,2.921875,2.29296875,5.7725982666015625,5.1827545166015625,110.08023071289062,25.426437377929688,110.63835144042967,47.368743896484375,14.689208984375,5.3721923828125,19.255783081054688,11.7236328125,10.137283325195312,6.24957275390625,8.25994873046875,4.0216827392578125,149.8937225341797,93.8491668701172,912.656509399414,46,2,6,0,6,12,5,0,0,1,6,5,0,0,177.8,182.88,170.0,0.53125,0.375,0.3475,0.468125,0.25,0.29875,0.0,1.28125,0.0,0.0,108.78125,41.15625,96.6875,46.9375,138.78125,70.15625,116.1875,64.65625,1.15625,0.5,4.125,1.46875,85.625,25.25,82.71875,37.9375,15.78125,9.15625,8.96875,5.0625,7.375,6.75,5.0,3.9375,96.875,31.15625,85.625,39.84375,9.09375,7.5625,7.15625,4.84375,2.8125,2.4375,3.90625,2.25,144.0,81.40625,655.1875,12,0,0,1,2,3,3,0,0,1,0,2,0,0,170.18,177.8,155.0,31.0,34.0,0,0,0,0,0,0,1,0,0,0,0,0,0,0,0,0,0,1,0,0,0,0,1,0
Red,False,1.0,0.0,0.75,0.0,0.0,0.0,0.0,0.0,0.0,0.0,4.0,3.0,2.0,0.0,4.0,3.0,2.0,0.0,0.0,0.0,0.0,0.0,4.0,3.0,2.0,0.0,0.0,0.0,0.0,0.0,0.0,0.0,0.0,0.0,4.0,3.0,2.0,0.0,0.0,0.0,0.0,0.0,0.0,0.0,0.0,0.0,2.0,0.0,42.0,1,0,1,0,1,1,0,0,0,0,0,1,0,0,180.34,185.42,170.0,0.125,0.0625,0.62041015625,0.43078125,0.40974609375,0.1169140625,1.017578125,0.1015625,0.0390625,0.09375,40.76953125,21.224609375,25.646484375,7.39453125,75.669921875,50.623046875,32.41796875,13.638671875,4.001953125,2.05078125,1.1328125,0.298828125,31.546875,15.380859375,20.41015625,3.86328125,2.38671875,1.19921875,2.572265625,1.494140625,6.8359375,4.64453125,2.6640625,2.037109375,20.35546875,7.103515625,21.7109375,4.5703125,1.490234375,1.486328125,2.939453125,1.931640625,18.923828125,12.634765625,0.99609375,0.892578125,417.98828125,42.361328125,641.087890625,26,0,2,0,3,7,3,0,0,1,5,1,0,0,187.96,193.04,170.0,28.0,31.0,0,0,0,0,0,0,0,0,0,1,0,0,0,0,0,1,0,0,0,0,0,0,1,0
Red,False,0.46875,0.0,0.4283984375,0.48322265625,0.0,0.250703125,0.0625,0.17578125,0.5,0.0,89.48046875,38.078125,83.654296875,38.9296875,108.984375,54.7265625,110.916015625,63.44921875,0.013671875,0.0,7.673828125,2.6328125,66.271484375,19.81640625,69.056640625,27.00390625,9.833984375,6.125,8.080078125,6.203125,13.375,12.13671875,6.517578125,5.72265625,72.888671875,27.396484375,64.099609375,27.306640625,10.283203125,6.486328125,12.98046875,8.005859375,6.30859375,4.1953125,6.57421875,3.6171875,69.970703125,208.431640625,620.322265625,22,0,0,1,3,6,4,0,0,0,2,3,1,0,185.42,187.96,205.0,0.8330078125,0.1435546875,0.33955078125,0.429033203125,0.09375,0.3051953125,0.0625,0.0,0.0,0.0,136.41796875,44.349609375,203.87890625,74.2060546875,152.7490234375,58.5166015625,208.474609375,77.6474609375,0.095703125,0.09375,1.912109375,0.859375,122.716796875,35.73046875,179.521484375,55.337890625,7.599609375,3.9111328125,19.9267578125,14.859375,6.1015625,4.7080078125,4.4306640625,4.0087890625,120.708984375,34.6142578125,197.4130859375,70.9560546875,7.3603515625,4.1875,1.6396484375,0.58984375,8.3486328125,5.5478515625,4.826171875,2.66015625,29.529296875,31.431640625,995.0791015625,26,1,0,1,1,4,7,0,0,0,1,3,0,0,180.34,187.96,205.0,32.0,36.0,0,0,0,0,0,1,0,0,0,0,0,0,0,0,0,1,0,0,0,0,1,0,0,0
Blue,False,0.0,0.0,0.3775,0.54,0.3175,0.5,1.0,0.0,0.25,0.0,40.75,15.25,30.75,15.5,74.5,40.5,45.25,28.0,5.0,1.25,1.5,1.5,28.0,7.5,19.5,8.25,5.75,3.25,3.0,2.25,7.0,4.5,8.25,5.0,31.25,8.25,23.25,8.75,2.0,1.25,2.25,2.0,7.5,5.75,5.25,4.75,190.0,128.25,547.5,7,0,1,0,1,2,1,0,0,0,1,0,1,0,167.64,170.18,135.0,0.0471682548522949,0.0,0.45,0.4217682266235352,0.25,0.19173828125,0.1875,0.125,0.0,0.0,69.5,30.5,66.984375,27.8466796875,94.0,48.544921875,88.50390625,44.75,2.0,0.8125,2.015625,0.6640625,54.0,19.01513671875,51.483436584472656,16.9437255859375,7.91796875,5.430633544921875,7.75,5.0625,4.780975341796875,3.9373779296875,4.8994140625,3.84375,51.025390625,18.400863647460938,50.515625,17.5,5.75,3.75,5.5,3.5,5.375,3.6875,4.0,2.65625,104.865234375,89.5,655.8441009521484,0,0,0,0,0,0,0,0,0,0,0,0,0,0,170.18,170.18,155.0,28.0,31.0,0,0,1,0,0,0,0,0,0,0,0,0,0,0,0,1,0,0,0,0,1,0,0,0
Blue,False,0.625,0.0,0.50375,0.3299999999999999,0.25,0.06625,0.25,0.25,0.0,0.0,38.125,18.75,23.625,8.375,59.375,38.375,26.5,11.0,1.125,0.625,4.25,0.625,36.125,17.0,21.0,6.75,0.5,0.25,1.125,1.125,1.5,1.5,1.5,0.5,30.0,12.75,19.875,5.125,1.0,0.625,0.625,0.625,7.125,5.375,3.125,2.625,108.0,49.875,348.5,7,0,0,1,3,3,1,0,0,0,1,2,0,0,177.8,182.88,265.0,0.1328125,0.0380859375,0.3459375,0.54814453125,0.1279296875,0.2206640625,0.40087890625,0.0400390625,0.04833984375,0.001953125,80.67724609375,37.009765625,63.43359375,34.25390625,86.3095703125,41.60986328125,65.03857421875,35.27734375,0.12841796875,0.1279296875,1.5556640625,0.5556640625,66.89697265625,24.80224609375,42.72265625,15.70654296875,5.05859375,3.89599609375,11.86669921875,10.546875,8.7216796875,8.3115234375,8.84423828125,8.00048828125,77.1943359375,35.64697265625,61.45361328125,32.59375,1.67626953125,0.14892578125,0.685546875,0.650390625,1.806640625,1.2138671875,1.29443359375,1.009765625,9.4052734375,24.896484375,395.55419921875,19,0,0,1,4,9,3,0,1,0,0,4,4,0,210.82,213.36,265.0,38.0,25.0,0,0,0,0,1,0,0,0,0,0,0,0,0,0,0,1,0,0,0,0,1,0,0,0
Blue,False,0.015625,0.0,0.45,0.4275,0.25,0.2,0.148468017578125,0.098388671875,0.0,0.0,66.5,29.6875,64.31230545043945,27.34375,89.75,48.0,85.53125,44.41152191162109,2.0,0.75,2.0546875,0.75,51.1875,18.3359375,49.6123046875,16.280410766601562,7.5,5.07647705078125,7.5,5.0,4.5,3.625,4.984375,3.9375,48.6875,17.0,47.11572265625,16.5,5.75,3.75,5.3125,3.4375,5.0625,3.5,3.875,2.5,99.2119140625,94.125,638.5,0,0,0,0,0,0,0,0,0,0,0,0,0,0,180.34,185.42,155.0,0.0,0.0,0.36,0.425,0.0,0.375,0.0,0.0,0.0,0.0,165.5,55.5,122.0,55.0,171.5,58.0,133.0,65.0,1.5,0.0,2.0,1.5,142.5,42.0,111.0,46.5,16.5,9.0,9.0,7.5,6.5,4.5,2.0,1.0,159.5,53.5,104.5,43.5,5.0,2.0,12.0,7.5,1.0,0.0,5.5,4.0,2.5,79.5,686.5,5,0,0,1,1,1,1,0,0,1,0,0,0,0,175.26,182.88,155.0,25.0,35.0,0,0,0,0,0,0,1,0,0,0,0,0,0,0,0,0,0,1,0,0,1,0,0,0
Blue,False,0.015625,0.0,0.45,0.4275,0.25,0.2,0.148468017578125,0.098388671875,0.0,0.0,66.5,29.6875,64.31230545043945,27.34375,89.75,48.0,85.53125,44.41152191162109,2.0,0.75,2.0546875,0.75,51.1875,18.3359375,49.6123046875,16.280410766601562,7.5,5.07647705078125,7.5,5.0,4.5,3.625,4.984375,3.9375,48.6875,17.0,47.11572265625,16.5,5.75,3.75,5.3125,3.4375,5.0625,3.5,3.875,2.5,99.2119140625,94.125,638.5,0,0,0,0,0,0,0,0,0,0,0,0,0,0,190.5,195.58,170.0,0.0,0.0,0.64,0.48,0.0,1.0,0.0,0.0,0.0,0.0,97.0,63.0,101.0,49.0,164.0,130.0,130.0,78.0,17.0,0.0,1.0,1.0,35.0,11.0,51.0,16.0,13.0,8.0,19.0,11.0,49.0,44.0,31.0,22.0,66.0,32.0,90.0,38.0,31.0,31.0,11.0,11.0,0.0,0.0,0.0,0.0,455.0,13.0,900.0,3,0,1,0,1,1,0,0,0,1,0,0,0,0,182.88,185.42,185.0,28.0,29.0,0,0,0,0,0,0,0,0,0,1,0,0,0,0,0,1,0,0,0,0,1,0,0,0
Red,True,0.015625,0.0,0.45,0.4275,0.25,0.2,0.148468017578125,0.098388671875,0.0,0.0,66.5,29.6875,64.31230545043945,27.34375,89.75,48.0,85.53125,44.41152191162109,2.0,0.75,2.0546875,0.75,51.1875,18.3359375,49.6123046875,16.280410766601562,7.5,5.07647705078125,7.5,5.0,4.5,3.625,4.984375,3.9375,48.6875,17.0,47.11572265625,16.5,5.75,3.75,5.3125,3.4375,5.0625,3.5,3.875,2.5,99.2119140625,94.125,638.5,0,0,0,0,0,0,0,0,0,0,0,0,0,0,167.64,167.64,125.0,0.0471682548522949,0.0,0.45,0.4217682266235352,0.25,0.19173828125,0.1875,0.125,0.0,0.0,69.5,30.5,66.984375,27.8466796875,94.0,48.544921875,88.50390625,44.75,2.0,0.8125,2.015625,0.6640625,54.0,19.01513671875,51.483436584472656,16.9437255859375,7.91796875,5.430633544921875,7.75,5.0625,4.780975341796875,3.9373779296875,4.8994140625,3.84375,51.025390625,18.400863647460938,50.515625,17.5,5.75,3.75,5.5,3.5,5.375,3.6875,4.0,2.65625,104.865234375,89.5,655.8441009521484,0,0,0,0,0,0,0,0,0,0,0,0,0,0,170.18,167.64,135.0,29.0,26.0,0,0,0,0,0,0,0,0,0,0,1,0,0,0,0,1,0,0,0,0,1,0,0,0
Red,False,0.03125,0.0,0.5028125,0.3303125,0.125,0.6828125,0.8125,0.4375,0.0,0.0,58.9375,20.4375,64.4375,19.90625,75.03125,34.78125,77.75,31.75,0.5,0.125,1.46875,1.0625,38.9375,8.4375,46.53125,8.875,10.75,5.90625,10.25,4.9375,9.25,6.09375,7.65625,6.09375,52.9375,15.53125,56.90625,15.75,1.78125,1.09375,2.875,2.40625,4.21875,3.8125,4.65625,1.75,16.8125,110.0625,422.3125,12,0,0,1,3,4,2,0,0,0,1,1,2,0,167.64,162.56,145.0,0.25,0.0,0.40375,0.2575,0.2975,0.07875,0.25,0.0,0.25,0.125,139.25,51.375,200.625,58.375,145.125,56.875,203.125,60.75,5.25,0.625,2.0,0.625,111.5,35.125,162.75,36.5,19.875,9.75,19.25,9.75,7.875,6.5,18.625,12.125,119.125,40.25,193.625,54.625,8.125,4.25,6.625,3.625,12.0,6.875,0.375,0.125,82.625,30.0,1146.75,15,2,1,0,1,2,2,0,0,0,1,0,1,0,167.64,170.18,135.0,30.0,33.0,1,0,0,0,0,0,0,0,0,0,0,0,0,0,0,1,0,0,0,0,1,0,0,0
Red,False,0.8203125,0.0390625,0.459453125,0.417109375,0.23921875,0.27296875,0.5546875,0.6015625,1.015625,0.0,114.609375,54.8984375,144.3515625,63.125,137.2421875,76.203125,198.0546875,114.4609375,3.0,1.109375,6.3203125,2.671875,95.7421875,37.6796875,125.484375,48.796875,11.625,10.5234375,10.8125,8.359375,7.2421875,6.6953125,8.0546875,5.96875,72.25,26.0625,93.25,32.96875,26.1640625,17.234375,20.84375,11.8203125,16.1953125,11.6015625,30.2578125,18.3359375,202.28125,305.5625,1099.75,24,3,2,0,4,6,2,0,0,2,3,1,0,0,180.34,187.96,185.0,0.65966796875,0.28125,0.53854248046875,0.294130859375,0.05697265625,0.1881201171875,0.068115234375,0.255859375,0.001220703125,0.0,36.86474609375,18.994384765625,38.735107421875,12.994384765625,38.71142578125,20.798828125,43.209228515625,17.26708984375,0.53173828125,0.13671875,1.0634765625,0.315673828125,23.90625,8.3251953125,23.07275390625,4.173095703125,7.5185546875,6.25927734375,5.7275390625,2.630859375,5.43994140625,4.409912109375,9.934814453125,6.1904296875,33.342041015625,16.875732421875,33.34716796875,9.01953125,2.111083984375,0.794921875,4.19775390625,3.036376953125,1.41162109375,1.32373046875,1.190185546875,0.9384765625,23.041015625,35.116943359375,478.078125,32,4,8,0,8,10,3,0,0,0,5,4,1,0,185.42,187.96,185.0,42.0,34.0,0,0,0,0,0,1,0,0,0,0,0,0,0,0,0,1,0,0,0,0,0,0,1,0
Red,False,0.0,0.0,0.435,0.35,0.5,0.315,0.5,0.5,1.0,0.5,84.0,33.5,67.5,28.0,105.0,52.5,90.5,47.5,1.5,1.5,11.5,3.5,66.0,20.0,51.0,15.0,15.5,11.5,8.0,6.5,2.5,2.0,8.5,6.5,65.0,19.5,54.0,18.5,8.0,6.0,6.0,4.5,11.0,8.0,7.5,5.0,224.0,260.0,900.0,6,0,0,1,1,1,1,0,0,1,0,0,0,0,172.72,182.88,155.0,0.0,0.0,0.6,0.5,0.33,0.0,1.0,0.0,0.0,0.0,15.0,9.0,16.0,8.0,15.0,9.0,16.0,8.0,3.0,1.0,0.0,0.0,11.0,5.0,13.0,6.0,1.0,1.0,2.0,1.0,3.0,3.0,1.0,1.0,15.0,9.0,14.0,8.0,0.0,0.0,2.0,0.0,0.0,0.0,0.0,0.0,65.0,0.0,167.0,1,1,1,0,1,1,0,0,0,0,0,0,1,0,185.42,190.5,170.0,28.0,25.0,0,0,0,0,0,0,1,0,0,0,0,0,0,0,0,1,0,0,0,0,0,0,1,0
Red,False,0.000244140625,0.25830078125,0.225206298828125,0.700224609375,0.044951171875,0.28760009765625,0.242919921875,0.5643310546875,0.01611328125,0.0078125,26.4083251953125,12.9749755859375,27.187255859375,14.630615234375,36.908447265625,22.328125,38.6165771484375,23.291259765625,1.167724609375,0.1470947265625,1.4605712890625,0.669921875,21.49658203125,8.581298828125,20.9967041015625,9.0301513671875,4.0263671875,3.74853515625,5.172119140625,4.6689453125,0.8853759765625,0.6451416015625,1.0184326171875,0.9315185546875,18.8961181640625,7.240966796875,19.8052978515625,9.36865234375,6.913330078125,5.335693359375,5.6943359375,4.478759765625,0.598876953125,0.3983154296875,1.6876220703125,0.783203125,28.8304443359375,86.6094970703125,209.8802490234375,30,0,0,1,2,6,8,0,0,0,2,0,3,1,180.34,182.88,170.0,0.0,0.1875,0.348125,0.425,0.110625,0.083125,0.25,0.0,0.0,0.0,228.375,81.375,134.5625,58.6875,262.0,106.0,140.5625,63.1875,5.5625,0.6875,3.9375,0.1875,183.5,50.375,112.375,41.0,23.125,13.4375,10.1875,8.5625,21.75,17.5625,12.0,9.125,219.75,76.75,132.0,56.75,6.375,3.0,2.3125,1.8125,2.25,1.625,0.25,0.125,44.9375,18.375,862.625,14,1,3,0,3,3,2,0,0,0,1,0,2,0,180.34,190.5,170.0,29.0,28.0,0,0,0,0,0,0,0,0,0,1,0,0,0,0,0,1,0,0,0,0,1,0,0,0
Red,False,0.5,0.0,0.595,0.245,0.0,0.0,0.0,0.75,0.0,0.0,44.25,28.0,23.25,9.25,48.75,31.5,28.5,14.5,0.0,0.0,1.0,0.0,37.0,21.25,18.75,5.5,5.5,5.0,2.75,2.0,1.75,1.75,1.75,1.75,25.75,15.25,20.5,7.0,18.5,12.75,2.5,2.0,0.0,0.0,0.25,0.25,53.25,37.75,168.0,3,0,2,0,2,2,1,0,0,0,0,2,0,0,193.04,208.28,240.0,0.234375,0.765625,0.436875,0.44171875,0.0625,0.0078125,0.0,0.0625,0.0,0.0,44.25,16.453125,29.796875,12.875,53.890625,25.34375,34.8125,17.265625,1.0625,0.5,0.6875,0.015625,39.3125,13.140625,24.828125,8.96875,4.0625,2.9375,3.6875,3.0,0.875,0.375,1.28125,0.90625,33.484375,8.96875,22.96875,8.109375,7.3125,5.28125,4.921875,3.875,3.453125,2.203125,1.90625,0.890625,61.828125,20.28125,247.84375,11,1,0,1,4,4,3,0,0,0,1,3,0,0,193.04,198.12,245.0,35.0,29.0,0,0,0,0,1,0,0,0,0,0,0,0,0,0,0,1,0,0,0,0,1,0,0,0
Blue,False,0.1875,0.25,0.28515625,0.36546875,0.68359375,0.19265625,0.0,0.640625,0.125,0.0,37.09375,11.78125,44.109375,15.5625,41.8125,16.5,50.875,21.921875,1.265625,1.109375,0.53125,0.203125,33.28125,8.53125,33.015625,7.4375,3.421875,2.890625,3.125,2.4375,0.390625,0.359375,7.96875,5.6875,27.28125,6.390625,39.359375,12.515625,4.875,2.96875,4.6875,3.046875,4.9375,2.421875,0.0625,0.0,67.609375,23.1875,331.203125,14,0,3,0,3,4,3,0,0,0,2,2,0,0,180.34,187.96,170.0,0.0100250244140625,0.0058612823486328,0.371758861541748,0.3877835464477539,0.459684190750122,0.2426296997070312,0.0469331741333007,0.0036191940307617,7.62939453125e-06,6.866455078125e-05,85.19393825531006,30.069883346557617,114.99918174743652,47.11249828338623,105.56538105010986,49.189969062805176,139.22052097320557,67.62973594665527,2.3830881118774414,1.2204046249389648,4.830345153808594,1.5002517700195312,74.49431324005127,21.34757709503174,93.3002290725708,29.844038009643555,10.590560913085938,8.644622802734375,5.277437210083008,3.3566207885742188,0.1090641021728515,0.0776834487915039,16.421515464782715,13.911839485168455,64.22061252593994,16.45099449157715,95.3775577545166,30.70451259613037,13.389411926269531,6.69677734375,19.49172592163086,16.294696807861328,7.583913803100586,6.922111511230469,0.1298980712890625,0.1132888793945312,175.8468770980835,133.6464080810547,846.7838764190674,47,1,2,0,5,15,6,0,0,1,5,6,3,0,177.8,185.42,170.0,30.0,35.0,0,0,0,0,0,0,0,0,0,1,0,0,0,0,0,0,0,1,0,0,1,0,0,0
Red,False,0.09375,0.3125,0.455,0.2059375,0.3475,0.228125,0.5625,0.5625,0.0,0.03125,71.46875,36.5,46.46875,6.34375,120.5625,82.09375,65.875,23.09375,3.875,2.125,1.09375,0.4375,64.875,33.9375,39.78125,3.84375,2.75,1.25,3.09375,0.90625,3.84375,1.3125,3.59375,1.59375,18.71875,6.25,41.40625,4.5,4.40625,1.59375,3.15625,1.1875,48.34375,28.65625,1.90625,0.65625,331.28125,43.65625,594.0,10,0,0,1,1,2,4,0,0,1,1,0,0,0,172.72,177.8,145.0,0.25,0.75,0.43,0.3424999999999999,0.72,0.25,1.25,0.25,0.5,0.0,54.25,23.5,38.0,14.5,78.5,44.25,49.5,24.0,3.5,2.75,2.25,0.25,49.0,19.75,29.75,9.75,3.0,2.0,6.5,4.0,2.25,1.75,1.75,0.75,25.25,7.5,26.75,8.25,4.5,3.0,2.75,1.75,24.5,13.0,8.5,4.5,273.75,22.75,439.25,5,1,0,1,2,2,1,0,0,0,1,0,1,0,167.64,167.64,155.0,31.0,26.0,0,0,1,0,0,0,0,0,0,0,0,0,0,0,0,1,0,0,0,0,1,0,0,0
Red,False,0.015625,0.0,0.45,0.4275,0.25,0.2,0.148468017578125,0.098388671875,0.0,0.0,66.5,29.6875,64.31230545043945,27.34375,89.75,48.0,85.53125,44.41152191162109,2.0,0.75,2.0546875,0.75,51.1875,18.3359375,49.6123046875,16.280410766601562,7.5,5.07647705078125,7.5,5.0,4.5,3.625,4.984375,3.9375,48.6875,17.0,47.11572265625,16.5,5.75,3.75,5.3125,3.4375,5.0625,3.5,3.875,2.5,99.2119140625,94.125,638.5,0,0,0,0,0,0,0,0,0,0,0,0,0,0,175.26,187.96,155.0,0.08203125,0.015625,0.237071533203125,0.470714111328125,0.142578125,0.06695068359375,0.015625,0.02734375,0.00390625,0.0001220703125,272.3499755859375,59.548095703125,148.221435546875,71.204345703125,285.0218505859375,68.80419921875,157.215087890625,78.938232421875,4.5810546875,1.033203125,2.1190185546875,0.4107666015625,226.18310546875,28.161865234375,118.5458984375,50.804931640625,29.807373046875,17.0565185546875,18.98681640625,11.9442138671875,16.3594970703125,14.3297119140625,10.688720703125,8.4552001953125,268.886962890625,57.79736328125,144.819580078125,68.439208984375,2.2459716796875,1.1014404296875,3.281982421875,2.663330078125,1.217041015625,0.6492919921875,0.119873046875,0.101806640625,64.2978515625,28.053466796875,858.153076171875,38,0,1,0,2,7,7,0,0,2,4,1,0,0,175.26,177.8,155.0,29.0,28.0,0,0,0,0,0,0,1,0,0,0,0,0,0,0,0,1,0,0,0,0,1,0,0,0
Red,False,0.0,0.0,0.3,0.4,0.0,0.83,0.0,0.0,0.0,0.0,60.0,18.0,125.0,51.0,63.0,21.0,142.0,67.0,2.0,0.0,6.0,5.0,47.0,11.0,79.0,13.0,12.0,6.0,35.0,27.0,1.0,1.0,11.0,11.0,60.0,18.0,97.0,27.0,0.0,0.0,3.0,3.0,0.0,0.0,25.0,21.0,46.0,313.0,900.0,3,0,0,1,0,0,1,0,0,0,0,0,0,0,180.34,180.34,170.0,0.0,0.5,0.4549999999999999,0.595,0.0,0.4599999999999999,0.0,0.5,0.0,0.0,43.0,20.5,53.5,33.5,57.0,33.0,93.0,65.0,3.0,0.0,9.0,4.0,25.0,6.5,40.0,21.0,14.0,10.5,7.5,6.5,4.0,3.5,6.0,6.0,20.0,5.0,17.0,5.5,22.0,14.5,15.5,11.0,1.0,1.0,21.0,17.0,47.5,432.0,614.5,5,0,0,2,0,0,2,0,0,0,0,0,0,0,177.8,187.96,170.0,27.0,29.0,0,0,0,0,0,0,0,0,0,1,0,0,0,0,0,1,0,0,0,0,1,0,0,0
Red,False,0.015625,0.0,0.45,0.4275,0.25,0.2,0.148468017578125,0.098388671875,0.0,0.0,66.5,29.6875,64.31230545043945,27.34375,89.75,48.0,85.53125,44.41152191162109,2.0,0.75,2.0546875,0.75,51.1875,18.3359375,49.6123046875,16.280410766601562,7.5,5.07647705078125,7.5,5.0,4.5,3.625,4.984375,3.9375,48.6875,17.0,47.11572265625,16.5,5.75,3.75,5.3125,3.4375,5.0625,3.5,3.875,2.5,99.2119140625,94.125,638.5,0,0,0,0,0,0,0,0,0,0,0,0,0,0,182.88,185.42,170.0,0.0471682548522949,0.0,0.45,0.4217682266235352,0.25,0.19173828125,0.1875,0.125,0.0,0.0,69.5,30.5,66.984375,27.8466796875,94.0,48.544921875,88.50390625,44.75,2.0,0.8125,2.015625,0.6640625,54.0,19.01513671875,51.483436584472656,16.9437255859375,7.91796875,5.430633544921875,7.75,5.0625,4.780975341796875,3.9373779296875,4.8994140625,3.84375,51.025390625,18.400863647460938,50.515625,17.5,5.75,3.75,5.5,3.5,5.375,3.6875,4.0,2.65625,104.865234375,89.5,655.8441009521484,0,0,0,0,0,0,0,0,0,0,0,0,0,0,180.34,180.34,170.0,21.0,23.0,0,0,0,0,0,0,0,0,0,1,0,0,0,0,0,1,0,0,0,0,1,0,0,0
Blue,False,0.015625,0.0,0.45,0.4275,0.25,0.2,0.148468017578125,0.098388671875,0.0,0.0,66.5,29.6875,64.31230545043945,27.34375,89.75,48.0,85.53125,44.41152191162109,2.0,0.75,2.0546875,0.75,51.1875,18.3359375,49.6123046875,16.280410766601562,7.5,5.07647705078125,7.5,5.0,4.5,3.625,4.984375,3.9375,48.6875,17.0,47.11572265625,16.5,5.75,3.75,5.3125,3.4375,5.0625,3.5,3.875,2.5,99.2119140625,94.125,638.5,0,0,0,0,0,0,0,0,0,0,0,0,0,0,190.5,203.2,170.0,0.0471682548522949,0.0,0.45,0.4217682266235352,0.25,0.19173828125,0.1875,0.125,0.0,0.0,69.5,30.5,66.984375,27.8466796875,94.0,48.544921875,88.50390625,44.75,2.0,0.8125,2.015625,0.6640625,54.0,19.01513671875,51.483436584472656,16.9437255859375,7.91796875,5.430633544921875,7.75,5.0625,4.780975341796875,3.9373779296875,4.8994140625,3.84375,51.025390625,18.400863647460938,50.515625,17.5,5.75,3.75,5.5,3.5,5.375,3.6875,4.0,2.65625,104.865234375,89.5,655.8441009521484,0,0,0,0,0,0,0,0,0,0,0,0,0,0,185.42,185.42,170.0,25.0,26.0,0,0,0,0,0,0,0,0,0,1,0,0,0,0,0,1,0,0,0,0,1,0,0,0
Red,False,0.0,0.0,0.4549999999999999,0.450625,0.1209375,0.256875,0.9375,0.875,0.53125,0.0,83.5,38.75,78.0,36.03125,92.53125,46.25,102.21875,57.40625,2.71875,0.34375,2.40625,1.0625,72.78125,30.09375,65.625,26.78125,4.0,2.84375,9.4375,7.21875,6.71875,5.8125,2.9375,2.03125,58.21875,24.78125,57.75,24.90625,23.59375,13.1875,16.78125,8.6875,1.6875,0.78125,3.46875,2.4375,137.71875,96.53125,475.375,14,0,4,0,4,5,1,0,0,0,2,0,3,0,175.26,182.88,155.0,0.875,0.0,0.4475,0.33375,0.25,0.4375,0.125,0.125,0.0,0.0,50.125,23.25,51.875,18.0,54.375,26.0,60.25,24.875,0.625,0.375,3.125,1.5,39.5,17.0,41.125,10.625,4.25,2.875,7.375,5.0,6.375,3.375,3.375,2.375,44.75,19.875,44.5,13.375,1.25,0.875,1.5,1.0,4.125,2.5,5.875,3.625,16.125,84.875,328.25,7,0,0,1,3,3,1,0,0,0,0,3,0,0,172.72,177.8,145.0,24.0,29.0,0,0,1,0,0,0,0,0,0,0,0,0,0,0,0,0,0,1,0,0,1,0,0,0
Red,True,1.0,0.0,0.3775,0.4425,0.1875,0.03125,0.375,0.0,0.0,0.25,57.25,21.375,39.375,16.625,59.25,22.875,44.25,20.625,0.875,0.75,0.5,0.125,50.625,16.0,29.375,8.25,4.5,3.375,6.125,4.875,2.125,2.0,3.875,3.5,51.75,17.625,37.625,15.75,1.25,0.625,1.0,0.25,4.25,3.125,0.75,0.625,48.875,41.625,338.0,8,0,4,0,4,4,0,0,0,1,1,2,0,0,175.26,177.8,135.0,0.125,0.0,0.34125,0.32875,0.10625,0.0,0.125,0.0,0.0,0.0,243.0,78.875,155.625,53.125,255.75,91.5,161.25,58.75,1.0,0.75,4.875,0.0,197.625,50.625,126.75,34.375,20.75,11.5,20.125,11.375,24.625,16.75,8.75,7.375,235.875,75.375,150.75,51.125,4.875,2.625,4.625,1.875,2.25,0.875,0.25,0.125,98.625,8.25,1118.625,12,1,4,0,4,4,0,0,0,0,3,0,1,0,167.64,177.8,145.0,22.0,26.0,1,0,0,0,0,0,0,0,0,0,0,0,0,0,0,1,0,0,0,0,1,0,0,0
Blue,False,0.5,0.5,0.471875,0.4415624999999999,0.208125,0.0690625,0.5,0.4375,0.03125,0.125,66.65625,29.40625,53.40625,22.0,82.71875,44.21875,60.5,28.3125,4.15625,1.375,2.09375,0.40625,52.9375,17.6875,41.625,12.34375,5.0625,3.8125,5.59375,3.5,8.65625,7.90625,6.1875,6.15625,44.4375,12.46875,48.46875,17.84375,9.0,7.96875,2.6875,1.90625,13.21875,8.96875,2.25,2.25,258.09375,38.1875,595.0,15,0,1,0,3,4,2,0,0,1,2,1,0,0,175.26,180.34,155.0,0.0,0.0,0.44,0.55,0.5,0.0,1.375,1.0,0.0,0.0,8.5,3.75,7.75,3.375,15.125,9.125,10.625,6.25,1.125,0.5,0.0,0.0,7.375,2.625,6.125,2.125,1.125,1.125,0.5,0.375,0.0,0.0,1.125,0.875,3.5,0.75,5.875,2.0,0.0,0.0,0.0,0.0,5.0,3.0,1.875,1.375,88.375,72.125,200.625,4,0,3,0,3,3,1,0,0,0,0,0,3,0,182.88,185.42,155.0,33.0,24.0,0,0,0,0,0,0,1,0,0,0,0,0,0,0,0,1,0,0,0,0,1,0,0,0
Blue,False,0.0,0.0,0.34,0.35,0.0,0.36,0.0,1.0,0.0,0.0,76.0,26.0,45.0,16.0,88.0,38.0,58.0,27.0,0.0,0.0,11.0,4.0,59.0,12.0,36.0,13.0,10.0,7.0,8.0,3.0,7.0,7.0,1.0,0.0,62.0,16.0,40.0,14.0,8.0,5.0,4.0,1.0,6.0,5.0,1.0,1.0,58.0,261.0,790.0,3,0,0,1,0,0,1,0,0,0,0,0,0,0,170.18,180.34,155.0,0.01953125,0.53125,0.41939453125,0.28125,0.180625,0.1346484375,0.541015625,0.125,0.03125,0.0,64.119140625,18.001953125,78.255859375,28.6171875,64.939453125,18.6796875,84.474609375,34.0234375,3.033203125,1.015625,0.654296875,0.3828125,53.541015625,9.8125,41.259765625,10.046875,3.34765625,1.943359375,18.921875,5.6953125,7.23046875,6.24609375,18.07421875,12.875,62.10546875,16.33203125,71.626953125,23.109375,1.779296875,1.634765625,2.921875,2.87109375,0.234375,0.03515625,3.70703125,2.63671875,25.392578125,57.29296875,492.5234375,22,0,1,0,4,6,4,0,0,0,1,1,4,0,185.42,185.42,155.0,25.0,27.0,0,0,0,0,0,0,1,0,0,0,0,0,0,0,0,1,0,0,0,0,1,0,0,0
Red,False,0.59375,0.0625,0.8074999999999999,0.4646875,0.8125,0.445625,0.5,0.71875,0.28125,0.5,34.34375,27.125,16.5625,6.125,50.15625,42.0,24.875,12.875,1.59375,1.5625,3.34375,1.375,24.09375,18.09375,12.90625,3.5625,7.65625,6.78125,2.3125,1.375,2.59375,2.25,1.34375,1.1875,20.09375,13.6875,11.65625,3.375,2.5625,2.3125,1.0,0.375,11.6875,11.125,3.90625,2.375,148.0625,160.75,432.9375,12,0,1,0,2,4,2,0,1,0,1,1,1,0,198.12,205.74,205.0,1.0,0.0,0.68,0.63,0.0,0.25,1.0,0.0,0.0,0.0,77.0,53.0,44.0,28.0,79.0,55.0,74.0,58.0,0.0,0.0,8.0,2.0,56.0,32.0,20.0,4.0,14.0,14.0,9.0,9.0,7.0,7.0,15.0,15.0,57.0,35.0,26.0,11.0,18.0,16.0,18.0,17.0,2.0,2.0,0.0,0.0,51.0,310.0,600.0,2,0,1,0,1,1,0,0,0,0,0,0,0,1,185.42,200.66,205.0,39.0,32.0,0,0,0,0,0,1,0,0,0,0,0,0,0,0,0,0,0,1,0,0,1,0,0,0
Red,False,1.0,0.0,1.0,0.0,0.0,0.0,0.0,0.0,0.0,0.0,2.0,2.0,1.0,0.0,2.0,2.0,1.0,0.0,0.0,0.0,0.0,0.0,2.0,2.0,1.0,0.0,0.0,0.0,0.0,0.0,0.0,0.0,0.0,0.0,1.0,1.0,1.0,0.0,0.0,0.0,0.0,0.0,1.0,1.0,0.0,0.0,2.0,0.0,7.0,1,0,1,0,1,1,0,0,0,0,0,1,0,0,185.42,185.42,205.0,0.625,0.125,0.5875,0.18625,0.211875,0.3125,0.0625,0.125,0.0,0.0,137.25,68.875,146.3125,38.3125,175.125,104.125,162.0625,53.1875,5.375,1.875,1.75,0.6875,109.1875,46.9375,128.75,24.25,15.875,11.75,8.5625,5.5625,12.1875,10.1875,9.0,8.5,119.125,57.8125,137.1875,30.125,5.8125,2.875,7.8125,7.125,12.3125,8.1875,1.3125,1.0625,148.0625,66.5,554.9375,9,0,1,0,3,4,1,0,0,0,1,3,0,0,187.96,190.5,185.0,31.0,31.0,0,0,0,0,0,1,0,0,0,0,0,0,0,0,0,1,0,0,0,0,1,0,0,0
Red,False,0.0625,0.6875,0.3375,0.365,0.125,0.27375,0.375,0.25,0.125,0.0,47.8125,15.1875,69.5,27.9375,57.125,23.0,131.25,77.1875,1.5,0.125,5.9375,2.1875,40.125,9.1875,55.3125,16.25,2.4375,1.6875,5.125,3.8125,5.25,4.3125,9.0625,7.875,43.5,13.125,48.3125,14.9375,3.1875,1.5625,4.5625,3.3125,1.125,0.5,16.625,9.6875,45.125,343.5,717.125,11,0,1,0,1,1,4,0,0,0,0,1,0,0,185.42,190.5,170.0,0.0,0.0,0.9,0.25,1.0,0.0,2.0,0.0,0.0,0.0,10.0,9.0,4.0,1.0,17.0,16.0,4.0,1.0,1.0,1.0,0.0,0.0,8.0,7.0,3.0,0.0,0.0,0.0,1.0,1.0,2.0,2.0,0.0,0.0,4.0,3.0,3.0,0.0,0.0,0.0,1.0,1.0,6.0,6.0,0.0,0.0,170.0,0.0,214.0,1,0,1,0,1,1,0,0,0,0,0,0,1,0,180.34,182.88,170.0,32.0,24.0,0,0,0,0,0,0,0,0,0,1,0,0,0,0,0,1,0,0,0,0,0,0,0,1
Red,False,0.0,0.25,0.49,0.455,0.255,0.25,0.5,0.5,0.0,0.25,22.75,9.75,77.0,43.5,29.5,16.25,111.75,71.75,3.5,1.5,1.0,0.5,15.25,4.25,61.0,30.75,4.0,2.5,10.0,8.25,3.5,3.0,6.0,4.5,17.5,7.25,29.75,14.5,3.0,1.0,25.5,14.5,2.25,1.5,21.75,14.5,116.25,282.0,521.0,7,0,0,3,0,0,3,0,0,0,0,0,0,0,180.34,187.96,145.0,1.0,0.0,0.49,0.48,0.09,0.0,0.0,0.0,0.0,0.0,105.0,52.0,93.0,45.0,156.0,102.0,99.0,51.0,11.0,1.0,0.0,0.0,82.0,36.0,76.0,29.0,15.0,8.0,13.0,12.0,8.0,8.0,4.0,4.0,83.0,33.0,89.0,41.0,3.0,2.0,4.0,4.0,19.0,17.0,0.0,0.0,348.0,2.0,900.0,3,0,0,1,0,0,1,0,0,0,0,0,0,0,172.72,175.26,145.0,24.0,24.0,0,0,1,0,0,0,0,0,0,0,0,0,0,0,0,1,0,0,0,0,1,0,0,0
Red,False,0.0,0.0,0.29,0.51,0.16,0.0,0.0,0.0,0.0,0.0,75.0,22.0,124.0,64.0,108.0,40.0,143.0,83.0,12.0,2.0,0.0,0.0,56.0,8.0,92.0,40.0,2.0,1.0,18.0,14.0,17.0,13.0,14.0,10.0,74.0,21.0,115.0,55.0,1.0,1.0,6.0,6.0,0.0,0.0,3.0,3.0,224.0,71.0,900.0,3,0,0,1,0,0,1,0,0,0,0,0,0,0,170.18,170.18,135.0,0.25,0.0,0.4525,0.3399999999999999,0.11,0.6200000000000001,1.0,0.75,0.0,0.0,31.0,14.75,42.5,19.75,59.5,43.25,50.25,27.5,2.5,1.0,2.75,1.75,20.25,6.25,35.25,14.5,6.75,5.25,5.5,4.5,4.0,3.25,1.75,0.75,22.75,8.5,28.75,11.0,6.75,5.5,8.0,5.25,1.5,0.75,5.75,3.5,85.25,135.5,368.75,5,0,0,1,1,1,2,0,0,0,0,0,1,0,167.64,167.64,125.0,25.0,30.0,1,0,0,0,0,0,0,0,0,0,0,0,0,0,0,0,0,1,0,0,1,0,0,0
Red,False,1.0,0.0,0.405,0.485,0.0,0.5,0.0,0.5,0.0,0.0,60.5,23.5,70.5,38.5,65.5,27.0,100.5,64.0,2.5,0.0,0.5,0.5,54.5,19.5,42.0,13.5,1.5,0.5,9.0,7.0,4.5,3.5,19.5,18.0,40.5,11.5,45.5,20.5,14.0,8.5,21.0,15.0,6.0,3.5,4.0,3.0,189.0,28.5,479.0,4,0,1,0,1,1,1,0,0,0,0,1,0,0,180.34,180.34,205.0,0.0,0.0,0.51,0.47,0.0,0.41,0.0,0.0,0.0,0.0,127.0,65.0,173.0,83.0,134.0,72.0,183.0,92.0,2.0,0.0,12.0,5.0,84.0,32.0,148.0,62.0,28.0,20.0,14.0,12.0,15.0,13.0,11.0,9.0,109.0,52.0,158.0,71.0,16.0,11.0,13.0,11.0,2.0,2.0,2.0,1.0,67.0,325.0,900.0,3,0,0,1,0,0,1,0,0,0,0,0,0,0,185.42,185.42,185.0,31.0,30.0,0,0,0,0,0,0,0,1,0,0,0,0,0,0,0,1,0,0,0,0,1,0,0,0
Red,False,0.0,1.0,0.37,0.53,0.0,0.0,0.0,0.0,0.0,0.0,43.0,16.0,63.0,34.0,43.0,16.0,66.0,36.0,5.0,0.0,0.0,0.0,32.0,7.0,37.0,12.0,4.0,3.0,16.0,13.0,7.0,6.0,10.0,9.0,40.0,13.0,51.0,24.0,3.0,3.0,11.0,9.0,0.0,0.0,1.0,1.0,23.0,21.0,226.0,1,0,0,1,0,0,1,0,0,0,0,0,0,0,167.64,167.64,125.0,0.0,0.0,0.17,0.16,0.66,0.0,0.0,2.0,0.0,1.0,57.0,10.0,43.0,7.0,62.0,13.0,55.0,16.0,3.0,2.0,0.0,0.0,42.0,3.0,33.0,4.0,6.0,2.0,5.0,0.0,9.0,5.0,5.0,3.0,44.0,3.0,37.0,7.0,10.0,6.0,2.0,0.0,3.0,1.0,4.0,0.0,154.0,120.0,518.0,2,0,0,1,0,0,1,0,0,0,0,0,0,0,162.56,165.1,125.0,29.0,29.0,0,0,0,1,0,0,0,0,0,0,0,0,0,0,0,1,0,0,0,0,1,0,0,0
Red,False,0.0,0.5,0.3575,0.4125,0.1875,0.25,0.75,0.25,0.0,0.75,72.25,19.75,59.25,22.0,83.75,30.0,78.25,38.5,4.75,2.25,2.25,1.0,60.0,10.0,52.0,16.25,3.75,2.75,3.0,1.75,8.5,7.0,4.25,4.0,68.25,17.75,47.25,14.5,1.75,1.0,5.0,2.75,2.25,1.0,7.0,4.75,111.5,47.5,641.75,7,0,0,3,0,0,3,0,0,0,0,0,0,0,182.88,190.5,170.0,0.0471682548522949,0.0,0.45,0.4217682266235352,0.25,0.19173828125,0.1875,0.125,0.0,0.0,69.5,30.5,66.984375,27.8466796875,94.0,48.544921875,88.50390625,44.75,2.0,0.8125,2.015625,0.6640625,54.0,19.01513671875,51.483436584472656,16.9437255859375,7.91796875,5.430633544921875,7.75,5.0625,4.780975341796875,3.9373779296875,4.8994140625,3.84375,51.025390625,18.400863647460938,50.515625,17.5,5.75,3.75,5.5,3.5,5.375,3.6875,4.0,2.65625,104.865234375,89.5,655.8441009521484,0,0,0,0,0,0,0,0,0,0,0,0,0,0,175.26,187.96,170.0,36.0,30.0,0,0,0,0,0,0,0,0,0,1,0,0,0,0,0,1,0,0,0,0,1,0,0,0
Red,True,0.625,0.3125,0.3594775390625,0.335556640625,0.29873291015625,0.2861181640625,1.13671875,1.3154296875,0.031494140625,0.0,187.1533203125,68.13916015625,193.966552734375,65.8994140625,195.072509765625,75.699462890625,202.283203125,74.036865234375,8.633544921875,2.5771484375,2.250732421875,0.536865234375,133.6259765625,34.428955078125,156.35546875,39.39111328125,29.611572265625,16.435302734375,20.05322265625,14.61669921875,23.915771484375,17.27490234375,17.557861328125,11.8916015625,177.19970703125,60.646728515625,181.71630859375,58.421142578125,5.49462890625,3.939697265625,7.58837890625,4.693359375,4.458984375,3.552734375,4.661865234375,2.784912109375,144.363525390625,27.147216796875,1441.133544921875,47,6,3,0,5,9,4,0,0,0,6,2,1,0,167.64,172.72,135.0,0.75,0.0,0.4525,0.455,0.1375,0.1375,0.25,0.0,0.0,0.0,94.0,41.75,88.75,34.25,110.75,56.75,123.75,63.0,2.25,1.25,8.75,0.5,78.0,30.5,61.0,15.75,4.25,2.75,13.5,8.0,11.75,8.5,14.25,10.5,74.75,29.25,73.25,23.25,3.5,2.5,7.75,6.0,15.75,10.0,7.75,5.0,227.0,183.75,899.5,11,3,3,0,3,3,0,0,0,0,2,1,0,0,170.18,177.8,135.0,31.0,26.0,0,0,1,0,0,0,0,0,0,0,0,0,0,0,0,1,0,0,0,0,1,0,0,0
Blue,False,0.5625,0.0,0.415,0.439375,0.0625,0.143125,0.0625,0.1875,0.1875,0.125,80.3125,34.8125,53.625,21.5625,101.25,52.4375,72.25,35.5,0.0625,0.0625,6.0625,1.8125,61.8125,19.0625,41.375,12.8125,17.5,14.75,8.5625,6.125,1.0,1.0,3.6875,2.625,41.6875,8.125,35.375,9.875,11.1875,7.9375,7.8125,4.9375,27.4375,18.75,10.4375,6.75,59.6875,166.6875,498.5,11,0,2,0,2,3,2,0,0,1,0,2,0,0,187.96,190.5,205.0,0.0045166015625,0.109375,0.3500799560546874,0.378017578125,0.3528643798828125,0.432579345703125,0.0,0.12713623046875,0.25,0.0,135.0289306640625,46.76593017578125,167.545654296875,68.886474609375,156.4742431640625,65.77557373046875,179.56207275390625,78.963623046875,4.42694091796875,1.33734130859375,3.485595703125,1.1329345703125,107.22540283203124,29.38677978515625,121.72723388671876,41.137451171875,16.83087158203125,8.508056640625,28.163818359375,14.94219970703125,10.97265625,8.87109375,17.65460205078125,12.80682373046875,105.3204345703125,29.97607421875,144.05108642578125,53.94403076171875,16.2747802734375,8.92315673828125,22.10003662109375,14.1578369140625,13.4337158203125,7.86669921875,1.39453125,0.78460693359375,193.83966064453125,74.6302490234375,1301.99853515625,44,4,5,0,5,12,3,0,1,3,3,5,0,0,182.88,190.5,205.0,36.0,33.0,0,0,0,0,0,1,0,0,0,0,0,0,0,0,0,0,0,1,0,0,1,0,0,0
Blue,False,0.0,0.0048828125,0.6471771240234374,0.6398754882812501,0.41797119140625,0.09568603515625,0.5872802734375,0.03173828125,0.000244140625,0.01580810546875,33.9906005859375,12.6214599609375,33.29986572265625,13.92474365234375,45.01580810546875,22.0567626953125,41.00579833984375,20.9742431640625,5.3570556640625,2.12615966796875,1.03155517578125,0.59381103515625,29.012451171875,8.92095947265625,27.5062255859375,9.21563720703125,4.008056640625,3.03619384765625,3.63348388671875,2.81512451171875,0.9700927734375,0.664306640625,2.16015625,1.89398193359375,24.2552490234375,6.9326171875,27.43231201171875,9.467529296875,4.25897216796875,2.2503662109375,3.86962890625,2.66845703125,5.47637939453125,3.4384765625,1.9979248046875,1.78875732421875,128.947998046875,25.197021484375,312.59588623046875,34,1,5,0,5,11,4,0,0,0,4,1,6,0,185.42,182.88,170.0,4.57763671875e-05,0.255859375,0.4530555725097656,0.6324028015136718,0.4517120361328125,0.4220852661132813,1.0162200927734375,1.169952392578125,0.75,0.13134765625,85.42814636230469,52.20556640625,30.016189575195312,14.60260009765625,174.21925354003906,131.67584228515625,39.96746826171875,23.99229431152344,7.019821166992188,4.240509033203125,1.9450836181640625,1.28082275390625,70.40101623535156,41.12944030761719,22.73155212402344,9.33428955078125,10.308807373046877,7.46551513671875,4.411590576171875,2.683380126953125,4.71832275390625,3.6106109619140634,2.873046875,2.584930419921875,12.770645141601562,5.057769775390625,13.53802490234375,4.231002807617188,19.55357360839844,11.338119506835938,10.567031860351562,5.513442993164063,53.10392761230469,35.80967712402344,5.9111328125,4.858154296875,411.0067901611328,130.59991455078125,678.9766082763672,47,1,8,0,8,14,3,0,0,1,9,1,3,0,182.88,187.96,170.0,35.0,34.0,0,0,0,0,0,0,0,0,0,1,0,0,0,0,0,0,0,1,0,0,1,0,0,0
Red,False,0.0,0.5,0.425,0.5449999999999999,0.265,0.125,0.0,0.0,0.0,0.5,138.0,59.0,149.0,82.5,200.5,116.5,172.0,104.0,10.0,2.5,6.0,1.0,88.0,23.5,89.0,33.5,28.0,21.5,32.0,26.0,22.0,14.0,28.0,23.0,97.5,31.0,116.0,56.5,31.0,21.5,33.0,26.0,9.5,6.5,0.0,0.0,205.5,84.0,900.0,6,0,0,2,0,0,2,0,0,0,0,0,0,0,165.1,162.56,125.0,0.25,0.0,0.28125,0.45875,0.08625,0.25,1.25,0.0,0.0,0.0,170.25,40.75,102.625,49.125,182.5,52.125,115.25,60.375,7.625,0.875,5.25,2.5,127.75,19.25,67.75,21.25,24.625,12.625,24.375,19.5,17.875,8.875,10.5,8.375,152.25,32.0,79.75,32.0,15.375,6.875,17.5,12.375,2.625,1.875,5.375,4.75,174.25,74.375,1052.75,13,1,3,0,3,3,1,0,0,0,2,1,0,0,162.56,165.1,125.0,28.0,28.0,0,0,0,1,0,0,0,0,0,0,0,0,0,0,0,1,0,0,0,0,0,0,1,0
Blue,False,0.015625,0.0,0.45,0.4275,0.25,0.2,0.148468017578125,0.098388671875,0.0,0.0,66.5,29.6875,64.31230545043945,27.34375,89.75,48.0,85.53125,44.41152191162109,2.0,0.75,2.0546875,0.75,51.1875,18.3359375,49.6123046875,16.280410766601562,7.5,5.07647705078125,7.5,5.0,4.5,3.625,4.984375,3.9375,48.6875,17.0,47.11572265625,16.5,5.75,3.75,5.3125,3.4375,5.0625,3.5,3.875,2.5,99.2119140625,94.125,638.5,0,0,0,0,0,0,0,0,0,0,0,0,0,0,177.8,180.34,155.0,0.0,0.01171875,0.362265625,0.1822265625,0.2401171875,0.03125,1.72265625,1.03515625,0.01953125,0.13671875,22.5625,8.11328125,12.12109375,4.0,39.30859375,23.41796875,21.55078125,12.59765625,3.671875,1.23046875,0.421875,0.125,16.703125,5.84765625,9.76953125,1.97265625,2.90625,1.83203125,1.1953125,1.01953125,2.953125,0.43359375,1.15625,1.0078125,14.38671875,2.96484375,9.23046875,1.6953125,0.21875,0.1796875,1.22265625,0.9453125,7.95703125,4.96875,1.66796875,1.359375,200.82421875,33.4296875,329.93359375,21,0,0,2,5,6,3,0,0,2,3,0,1,0,175.26,180.34,155.0,26.0,32.0,0,0,0,0,0,0,1,0,0,0,0,0,0,0,0,1,0,0,0,0,0,0,1,0
Blue,False,0.5,0.0,0.625,0.49,0.0,0.5,0.0,0.0,0.0,0.0,11.0,8.0,34.5,18.0,16.0,13.0,51.5,30.5,1.0,0.0,0.5,0.5,7.0,4.0,31.5,15.0,0.5,0.5,1.0,1.0,3.5,3.5,2.0,2.0,6.0,4.0,8.0,3.0,2.0,2.0,1.5,1.0,3.0,2.0,25.0,14.0,26.5,104.5,211.5,2,0,0,1,1,1,1,0,0,0,0,1,0,0,193.04,208.28,264.0,1.0,0.0,0.79,0.33,0.0,0.0,0.0,0.0,0.0,0.0,24.0,19.0,18.0,6.0,25.0,20.0,20.0,8.0,0.0,0.0,1.0,0.0,16.0,11.0,14.0,3.0,8.0,8.0,1.0,1.0,0.0,0.0,3.0,2.0,4.0,4.0,17.0,5.0,11.0,11.0,1.0,1.0,9.0,4.0,0.0,0.0,16.0,0.0,146.0,1,0,1,0,1,1,0,0,0,0,0,1,0,0,193.04,203.2,265.0,33.0,32.0,0,0,0,0,1,0,0,0,0,0,0,0,0,0,0,1,0,0,0,0,1,0,0,0
Blue,False,0.0078125,0.1328125,0.4553906249999999,0.4719140625,0.462578125,0.075625,0.62109375,0.0390625,0.0,0.0390625,264.875,111.85546875,202.52734375,99.125,292.06640625,133.734375,215.24609375,109.94921875,5.00390625,2.13671875,4.7890625,0.671875,240.77734375,95.82421875,155.7265625,61.20703125,20.125,12.203125,36.7578125,29.8828125,3.97265625,3.828125,10.04296875,8.03515625,251.87109375,102.7109375,182.515625,85.5078125,7.9921875,6.2578125,19.33984375,13.25390625,5.01171875,2.88671875,0.671875,0.36328125,143.296875,54.86328125,775.46484375,22,0,4,0,4,6,3,0,0,2,1,1,1,1,177.8,177.8,155.0,0.0703125,0.500244140625,0.4610478210449218,0.3581266784667969,0.6140141296386719,0.005599365234375,1.13653564453125,1.0317535400390625,3.0517578125e-05,1.52587890625e-05,78.60708618164062,35.222564697265625,95.03694152832033,34.74774169921875,124.12252807617188,73.52580261230469,117.7285614013672,53.13810729980469,5.591323852539063,3.3833160400390625,4.7281341552734375,0.033477783203125,66.72250366210938,25.008041381835938,75.98269653320312,19.84979248046875,9.712661743164062,8.058242797851562,13.369277954101562,10.3995361328125,2.1719207763671875,2.156280517578125,5.684967041015625,4.4984130859375,59.56585693359375,19.98114013671875,70.31996154785156,17.711105346679688,13.2862548828125,11.4822998046875,13.885650634765623,11.215469360351562,5.754974365234375,3.759124755859375,10.831329345703123,5.8211669921875,236.5414123535156,214.6479034423828,870.0059051513672,42,0,0,1,3,11,6,0,0,2,5,1,3,0,177.8,180.34,155.0,31.0,29.0,0,0,0,0,0,0,1,0,0,0,0,0,0,0,0,0,0,1,0,0,0,0,1,0
Blue,False,0.015625,0.0,0.45,0.4275,0.25,0.2,0.148468017578125,0.098388671875,0.0,0.0,66.5,29.6875,64.31230545043945,27.34375,89.75,48.0,85.53125,44.41152191162109,2.0,0.75,2.0546875,0.75,51.1875,18.3359375,49.6123046875,16.280410766601562,7.5,5.07647705078125,7.5,5.0,4.5,3.625,4.984375,3.9375,48.6875,17.0,47.11572265625,16.5,5.75,3.75,5.3125,3.4375,5.0625,3.5,3.875,2.5,99.2119140625,94.125,638.5,0,0,0,0,0,0,0,0,0,0,0,0,0,0,170.18,180.34,135.0,0.0,0.0,0.71,0.59,1.0,0.5,1.0,1.0,1.0,0.0,45.0,32.0,37.0,22.0,109.0,86.0,54.0,35.0,2.0,2.0,2.0,1.0,39.0,26.0,34.0,21.0,3.0,3.0,2.0,1.0,3.0,3.0,1.0,0.0,11.0,8.0,17.0,7.0,1.0,1.0,0.0,0.0,33.0,23.0,20.0,15.0,652.0,136.0,900.0,3,0,1,0,1,1,0,0,0,0,1,0,0,0,167.64,167.64,125.0,23.0,28.0,1,0,0,0,0,0,0,0,0,0,0,0,0,0,0,1,0,0,0,0,1,0,0,0
Blue,False,0.75,0.0,0.565,0.3349999999999999,0.0,0.175,0.75,0.5,0.0,0.0,92.25,48.5,92.25,28.75,104.5,60.0,109.25,44.75,0.25,0.0,4.25,1.25,74.5,34.0,65.75,10.5,7.25,5.0,15.25,10.75,10.5,9.5,11.25,7.5,81.25,41.25,82.5,20.75,8.25,5.25,6.5,4.75,2.75,2.0,3.25,3.25,15.75,117.5,533.75,7,0,0,1,1,1,2,0,0,0,1,0,0,0,172.72,177.8,135.0,0.5,0.0,0.5075000000000001,0.6725,0.0,0.78,0.25,4.25,0.75,0.0,74.75,37.5,71.5,40.5,95.0,54.5,86.75,53.0,0.0,0.0,3.75,2.0,55.25,21.75,53.75,26.5,12.75,9.75,12.25,8.75,6.75,6.0,5.5,5.25,54.25,23.75,66.0,37.0,4.0,3.0,3.0,2.25,16.5,10.75,2.5,1.25,157.75,259.5,762.5,8,0,0,1,2,2,1,0,0,1,0,1,0,0,170.18,175.26,135.0,31.0,28.0,1,0,0,0,0,0,0,0,0,0,0,0,0,0,0,1,0,0,0,0,1,0,0,0
Blue,False,0.015625,0.0,0.45,0.4275,0.25,0.2,0.148468017578125,0.098388671875,0.0,0.0,66.5,29.6875,64.31230545043945,27.34375,89.75,48.0,85.53125,44.41152191162109,2.0,0.75,2.0546875,0.75,51.1875,18.3359375,49.6123046875,16.280410766601562,7.5,5.07647705078125,7.5,5.0,4.5,3.625,4.984375,3.9375,48.6875,17.0,47.11572265625,16.5,5.75,3.75,5.3125,3.4375,5.0625,3.5,3.875,2.5,99.2119140625,94.125,638.5,0,0,0,0,0,0,0,0,0,0,0,0,0,0,172.72,177.8,155.0,0.7606201171875,0.0625,0.3660546875,0.2340048217773437,0.048858642578125,0.2625436401367187,0.064361572265625,0.2950439453125,0.00128173828125,0.001556396484375,68.62619018554688,23.54901123046875,90.82272338867188,22.39263916015625,74.70535278320312,28.839630126953125,94.77008056640624,25.7689208984375,1.400421142578125,0.082061767578125,1.56890869140625,0.34466552734375,53.19503784179688,14.932220458984377,76.71469116210938,13.790557861328123,9.5574951171875,4.293670654296875,5.968505859375,2.98565673828125,5.8736572265625,4.3231201171875,8.1395263671875,5.616424560546875,62.211700439453125,19.119293212890625,85.70501708984375,19.558319091796875,2.746856689453125,1.322906494140625,4.588623046875,2.51983642578125,3.667633056640625,3.1068115234375,0.529083251953125,0.314483642578125,25.23373413085937,18.449493408203125,395.27056884765625,35,0,0,2,6,10,6,0,0,1,2,5,2,0,175.26,185.42,155.0,34.0,36.0,0,0,0,0,0,0,1,0,0,0,0,0,0,0,0,1,0,0,0,0,0,0,1,0
Red,False,0.625,0.5,0.45453125,0.4137499999999999,0.09421875,0.0021875,0.078125,0.03125,0.0,0.0,81.984375,39.171875,93.046875,48.375,83.890625,40.640625,97.9375,52.375,0.828125,0.296875,1.234375,0.015625,58.640625,18.859375,75.359375,36.140625,10.03125,8.4375,13.03125,8.796875,13.3125,11.875,4.65625,3.4375,77.625,36.328125,83.9375,43.453125,3.3125,2.15625,8.53125,4.90625,1.046875,0.6875,0.578125,0.015625,14.171875,13.5,412.34375,14,0,4,0,4,6,1,0,0,0,2,2,2,0,185.42,185.42,155.0,0.5,0.0,0.4024999999999999,0.1624999999999999,0.165,0.2475,0.25,0.0,0.0,0.5,34.5,13.25,32.0,9.0,59.25,37.25,56.0,32.0,2.25,1.5,4.0,2.0,28.75,9.25,25.0,3.25,1.5,0.25,2.0,1.75,4.25,3.75,5.0,4.0,29.75,9.75,24.5,5.5,2.0,1.5,2.0,1.75,2.75,2.0,5.5,1.75,114.0,206.5,490.5,7,0,0,1,2,2,1,0,0,1,0,1,0,0,177.8,182.88,155.0,29.0,25.0,0,0,0,0,0,0,1,0,0,0,0,0,0,0,0,1,0,0,0,0,1,0,0,0
Blue,False,0.0,0.5,0.425,0.395,0.54,0.515,1.0,1.0,0.0,0.5,96.5,41.5,124.0,50.5,201.5,139.0,174.0,92.5,3.5,2.0,5.5,2.5,72.0,22.0,110.0,41.5,17.0,13.0,10.5,6.0,7.5,6.5,3.5,3.0,68.0,19.5,99.5,36.5,10.5,8.0,9.5,5.0,18.0,14.0,15.0,9.0,296.5,248.0,900.0,6,0,1,0,1,1,1,0,0,0,1,0,0,0,185.42,185.42,170.0,0.0,0.0,0.0,0.57,0.0,0.75,1.0,2.0,0.0,0.0,4.0,0.0,7.0,4.0,10.0,6.0,11.0,8.0,0.0,0.0,4.0,3.0,3.0,0.0,4.0,2.0,1.0,0.0,1.0,1.0,0.0,0.0,2.0,1.0,3.0,0.0,4.0,1.0,0.0,0.0,1.0,1.0,1.0,0.0,2.0,2.0,24.0,196.0,232.0,1,0,0,1,0,0,1,0,0,0,0,0,0,0,177.8,177.8,170.0,25.0,26.0,0,0,0,0,0,0,0,0,0,1,0,0,0,0,0,1,0,0,0,0,1,0,0,0
Red,False,0.0,0.0,0.455,0.41,0.5700000000000001,0.25,0.5,2.25,0.25,0.5,62.5,31.25,82.0,33.25,110.25,76.25,123.5,73.25,5.5,3.0,1.0,0.5,42.75,18.25,53.25,15.0,17.0,10.25,12.5,9.75,2.75,2.75,16.25,8.5,45.0,16.5,72.75,25.75,4.0,3.5,5.25,4.0,13.5,11.25,4.0,3.5,448.5,95.0,900.0,9,0,2,0,2,2,1,0,0,1,1,0,0,0,180.34,185.42,145.0,0.00048828125,0.26171875,0.2031027221679687,0.2749874877929687,0.1820584106445312,0.13905517578125,1.14300537109375,0.69232177734375,0.125,0.00048828125,187.04086303710935,29.56625366210937,149.89987182617188,38.25909423828125,205.03744506835935,45.31817626953125,173.55105590820312,59.501007080078125,5.6258544921875,1.434051513671875,6.43310546875,1.0440673828125,176.9930419921875,23.2777099609375,130.95394897460938,24.57220458984375,6.002777099609375,2.297454833984375,13.66815185546875,9.57611083984375,4.0450439453125,3.9910888671875,5.27777099609375,4.11077880859375,179.017578125,26.254913330078125,126.92208862304688,21.2459716796875,4.82403564453125,2.0963134765625,15.551910400390623,10.630615234375,3.199249267578125,1.21502685546875,7.425872802734375,6.38250732421875,169.05123901367188,156.4176025390625,1163.3567504882812,44,0,1,0,4,9,7,0,0,2,2,1,4,0,170.18,177.8,155.0,29.0,31.0,0,0,1,0,0,0,0,0,0,0,0,0,0,0,0,1,0,0,0,0,1,0,0,0
Red,False,0.25,0.515625,0.6241796875000001,0.633955078125,0.1615625,0.070849609375,0.015625,0.001953125,0.015625,0.015625,15.6064453125,8.65234375,17.4326171875,7.9775390625,20.71484375,13.013671875,21.115234375,11.1103515625,0.5576171875,0.40234375,0.4970703125,0.0830078125,14.21484375,7.5302734375,13.7275390625,5.2431640625,0.708984375,0.568359375,1.6162109375,1.2080078125,0.6826171875,0.5537109375,2.0888671875,1.5263671875,11.146484375,5.5439453125,12.8251953125,4.677734375,0.380859375,0.125,0.767578125,0.4912109375,4.0791015625,2.9833984375,3.83984375,2.80859375,17.25390625,7.8984375,145.46484375,23,1,1,0,2,7,4,0,0,1,3,3,0,0,182.88,187.96,205.0,0.142578125,0.5625,0.3223828125,0.4906640625,0.12173828125,0.09375,0.00390625,0.16015625,0.0,0.0,48.34765625,19.568359375,32.326171875,16.302734375,63.6640625,33.94921875,36.560546875,20.50390625,2.662109375,1.123046875,1.0625,0.3125,34.7578125,9.48828125,21.583984375,7.001953125,3.9921875,2.923828125,7.58984375,6.462890625,9.59765625,7.15625,3.15234375,2.837890625,35.94140625,10.310546875,28.673828125,13.10546875,3.626953125,2.708984375,1.6171875,1.5703125,8.779296875,6.548828125,2.03515625,1.626953125,140.3046875,15.529296875,480.68359375,22,1,5,0,5,7,3,0,0,0,4,3,0,0,187.96,187.96,205.0,42.0,29.0,0,0,0,0,0,1,0,0,0,0,0,0,0,0,0,1,0,0,0,0,1,0,0,0
Red,False,0.001953125,0.008056640625,0.6338842773437501,0.536884765625,0.18412841796875,0.744404296875,1.646484375,0.31103515625,0.2861328125,0.01416015625,60.265625,34.249267578125,52.623779296875,25.96142578125,74.487548828125,46.3984375,111.212890625,77.223388671875,4.0009765625,1.26123046875,2.3583984375,1.18994140625,47.039306640625,22.611328125,43.882080078125,18.636474609375,5.693603515625,5.138427734375,6.48583984375,5.6669921875,7.53271484375,6.49951171875,2.255859375,1.657958984375,32.714111328125,15.35400390625,37.667236328125,15.8046875,15.207763671875,11.849609375,9.119873046875,6.662353515625,12.34375,7.045654296875,5.836669921875,3.494384765625,188.271484375,180.2802734375,537.1962890625,29,0,0,1,4,9,4,0,0,0,4,2,3,0,177.8,172.72,155.0,0.0078125,0.0078125,0.521328125,0.4003124999999999,0.2569140625,0.29578125,0.65625,0.53515625,0.25390625,0.546875,190.921875,104.390625,219.953125,92.546875,215.2265625,126.85546875,243.0234375,110.14453125,3.82421875,1.1484375,5.77734375,2.1484375,140.34375,60.69921875,193.234375,74.3203125,40.58203125,34.47265625,19.71875,11.796875,9.99609375,9.21875,7.0,6.4296875,164.8515625,84.71484375,208.66015625,86.625,21.04296875,16.0625,4.00390625,2.51171875,5.02734375,3.61328125,7.2890625,3.41015625,183.4921875,146.640625,874.2890625,25,0,1,0,3,6,3,0,0,1,3,1,1,0,177.8,182.88,155.0,29.0,28.0,0,0,0,0,0,0,1,0,0,0,0,0,0,0,0,1,0,0,0,0,1,0,0,0
Blue,False,0.5,0.0,0.54,0.265,0.5,0.0,1.0,0.0,0.0,0.0,87.5,50.0,27.5,7.5,116.0,72.0,29.5,9.5,1.5,1.5,0.5,0.0,85.5,49.0,23.5,5.0,2.0,1.0,3.0,1.5,0.0,0.0,1.0,1.0,32.5,15.0,26.0,7.0,1.5,0.0,1.5,0.5,53.5,35.0,0.0,0.0,242.5,0.0,356.5,3,0,2,0,2,2,0,0,0,0,0,0,1,1,187.96,193.04,205.0,0.078125,0.0,0.3928808593749999,0.513681640625,0.1991015625,0.33166015625,0.0,0.580078125,0.0,0.001953125,54.376953125,21.7568359375,99.5927734375,51.2099609375,68.75390625,35.8857421875,134.6103515625,84.1923828125,2.4091796875,0.59765625,8.7548828125,2.662109375,41.1455078125,11.0478515625,65.015625,22.2998046875,9.9677734375,7.5078125,10.251953125,8.552734375,3.263671875,3.201171875,24.3251953125,20.357421875,41.421875,13.23828125,66.373046875,27.0947265625,11.5283203125,7.7353515625,13.7958984375,9.4140625,1.4267578125,0.783203125,19.423828125,14.701171875,37.4853515625,360.3466796875,915.423828125,33,4,3,0,3,7,4,0,0,1,3,3,0,0,185.42,185.42,205.0,33.0,34.0,0,0,0,0,0,1,0,0,0,0,0,0,0,0,0,1,0,0,0,0,1,0,0,0
Blue,False,0.25,0.0,0.445,0.3325,0.2075,0.65,2.25,0.25,0.5,0.0,52.0,24.25,40.75,14.25,79.0,51.25,56.25,27.5,2.25,0.75,3.0,2.25,33.25,10.25,25.5,6.5,7.5,7.25,11.25,5.75,11.25,6.75,4.0,2.0,43.25,17.75,36.75,11.25,2.5,2.25,2.5,1.5,6.25,4.25,1.5,1.5,108.75,231.0,629.25,6,0,3,0,3,3,0,0,0,0,1,1,1,0,172.72,180.34,145.0,0.5,0.0,0.29,0.415,0.0,0.025,0.0,0.0,0.0,0.0,64.0,22.0,39.5,16.0,88.5,45.5,43.5,19.0,0.0,0.0,10.0,0.5,53.5,12.5,26.0,7.0,4.0,3.5,9.5,6.0,6.5,6.0,4.0,3.0,52.0,14.0,25.5,6.5,12.0,8.0,14.0,9.5,0.0,0.0,0.0,0.0,18.0,259.5,526.0,4,0,2,0,2,2,0,0,0,0,1,1,0,0,177.8,180.34,170.0,30.0,24.0,0,0,1,0,0,0,0,0,0,0,0,0,0,0,0,1,0,0,0,0,0,0,1,0
Red,True,1.25,0.0,0.3025,0.2299999999999999,0.125,0.0,0.0,0.0,0.0,0.0,120.25,38.25,80.0,24.75,122.75,40.75,80.5,25.25,2.0,0.5,3.75,0.0,101.75,25.0,69.25,20.0,13.25,8.25,8.5,3.5,5.25,5.0,2.25,1.25,113.0,32.25,74.5,21.75,1.5,0.5,5.5,3.0,5.75,5.5,0.0,0.0,12.75,0.5,541.0,6,1,3,0,3,3,0,0,0,0,1,2,0,0,160.02,167.64,135.0,0.25,0.0,0.5046875,0.3,0.374375,0.1099999999999999,0.0,1.15625,0.15625,0.0625,149.34375,75.90625,186.125,48.4375,176.75,100.34375,220.90625,80.0,8.5,3.53125,8.65625,1.375,89.625,28.09375,140.96875,21.46875,38.21875,30.1875,27.78125,16.75,21.5,17.625,17.375,10.21875,111.0,46.0625,154.34375,30.34375,33.25,25.25,28.25,15.625,5.09375,4.59375,3.53125,2.46875,140.75,233.4375,1237.5,22,2,2,0,2,4,2,0,0,1,3,0,0,0,160.02,167.64,125.0,28.0,26.0,0,0,0,1,0,0,0,0,0,0,0,0,0,0,0,1,0,0,0,0,1,0,0,0
Blue,False,0.0,0.0,0.46,0.5650000000000001,0.0,0.0,0.0,0.5,0.0,0.0,77.0,39.5,59.0,33.5,83.5,45.5,75.0,48.0,2.5,0.0,1.5,0.0,68.5,31.5,39.5,14.0,5.5,5.0,13.5,13.5,3.0,3.0,6.0,6.0,56.5,29.0,43.0,20.0,15.5,9.0,16.0,13.5,5.0,1.5,0.0,0.0,220.0,184.0,716.5,5,0,1,0,1,1,1,0,0,0,0,1,0,0,182.88,190.5,260.0,0.0625,0.5,0.343125,0.53,0.2575,0.0,0.125,0.0,0.0625,0.3125,26.0,10.6875,62.25,30.5,44.125,27.0,78.1875,46.125,4.5,2.375,0.0,0.0,23.875,8.9375,54.0625,23.5,2.125,1.75,4.9375,3.9375,0.0,0.0,3.25,3.0625,20.75,6.875,44.9375,19.3125,0.875,0.375,6.1875,4.1875,4.375,3.4375,11.125,7.0,235.6875,8.25,477.4375,12,0,4,0,4,4,1,0,0,0,2,1,0,1,185.42,185.42,255.0,28.0,36.0,0,0,0,0,1,0,0,0,0,0,0,0,0,0,0,0,0,1,0,0,1,0,0,0
Red,False,0.015625,0.0,0.45,0.4275,0.25,0.2,0.148468017578125,0.098388671875,0.0,0.0,66.5,29.6875,64.31230545043945,27.34375,89.75,48.0,85.53125,44.41152191162109,2.0,0.75,2.0546875,0.75,51.1875,18.3359375,49.6123046875,16.280410766601562,7.5,5.07647705078125,7.5,5.0,4.5,3.625,4.984375,3.9375,48.6875,17.0,47.11572265625,16.5,5.75,3.75,5.3125,3.4375,5.0625,3.5,3.875,2.5,99.2119140625,94.125,638.5,0,0,0,0,0,0,0,0,0,0,0,0,0,0,177.8,187.96,170.0,1.0,0.8125,0.5493750000000001,0.35875,0.345,0.051875,0.5,0.0,0.0,0.875,95.6875,53.4375,69.9375,25.5,111.0625,67.625,87.0625,41.6875,7.6875,2.9375,2.4375,0.5,68.75,33.375,58.0,15.6875,11.8125,7.375,3.75,2.5,15.125,12.6875,8.1875,7.3125,74.125,37.0,53.875,15.4375,12.5625,9.3125,4.8125,1.6875,9.0,7.125,11.25,8.375,170.125,132.0625,746.0,14,0,0,2,2,2,3,0,0,0,2,0,0,0,182.88,195.58,185.0,25.0,30.0,0,0,0,0,0,0,0,1,0,0,0,0,0,0,0,1,0,0,0,0,1,0,0,0
Blue,False,0.0,0.0,0.4549999999999999,0.45,0.33,0.925,3.0,4.0,0.0,1.5,69.0,18.0,63.5,28.0,110.0,56.0,90.0,49.5,1.5,1.0,6.5,6.0,56.0,11.5,55.5,22.5,4.5,1.5,4.0,2.0,8.5,5.0,4.0,3.5,62.0,12.5,34.0,10.0,3.0,2.0,2.5,1.5,4.0,3.5,27.0,16.5,66.0,473.5,900.0,6,0,0,2,0,0,2,0,0,0,0,0,0,0,182.88,190.5,170.0,0.0,0.5,0.43,0.35,0.125,0.0,1.5,0.0,0.5,0.0,60.5,27.0,66.0,21.5,85.5,49.0,107.5,56.5,2.0,0.5,0.0,0.0,47.0,14.0,57.5,17.0,11.5,11.0,6.5,4.0,2.0,2.0,2.0,0.5,45.5,13.5,56.5,14.0,10.0,10.0,7.5,6.0,5.0,3.5,2.0,1.5,104.0,5.5,353.0,3,0,1,0,1,1,1,0,0,0,0,0,1,0,185.42,200.66,170.0,33.0,28.0,0,0,0,0,0,0,0,0,0,1,0,0,0,0,0,1,0,0,0,0,1,0,0,0
Red,False,0.015625,0.0,0.45,0.4275,0.25,0.2,0.148468017578125,0.098388671875,0.0,0.0,66.5,29.6875,64.31230545043945,27.34375,89.75,48.0,85.53125,44.41152191162109,2.0,0.75,2.0546875,0.75,51.1875,18.3359375,49.6123046875,16.280410766601562,7.5,5.07647705078125,7.5,5.0,4.5,3.625,4.984375,3.9375,48.6875,17.0,47.11572265625,16.5,5.75,3.75,5.3125,3.4375,5.0625,3.5,3.875,2.5,99.2119140625,94.125,638.5,0,0,0,0,0,0,0,0,0,0,0,0,0,0,182.88,182.88,145.0,0.5,0.5,0.5025,0.425,0.125,0.645,0.0,0.0625,0.0,0.0,78.25,29.6875,81.5625,29.25,78.4375,29.875,96.875,39.875,0.375,0.25,3.625,1.5625,46.6875,10.25,69.5,20.8125,14.25,6.0625,6.8125,4.1875,17.3125,13.375,5.25,4.25,75.75,27.8125,71.5,23.75,2.3125,1.875,1.0625,0.75,0.1875,0.0,9.0,4.75,22.6875,46.75,489.875,13,0,4,0,4,4,1,0,0,1,1,2,0,0,180.34,190.5,145.0,24.0,26.0,0,0,0,0,0,0,1,0,0,0,0,0,0,0,0,0,0,1,0,0,1,0,0,0
Red,False,0.5,0.0,0.4237499999999999,0.53125,0.12375,0.25,0.25,0.5,0.0,0.375,32.625,14.625,51.75,28.125,46.0,25.125,79.375,53.625,4.375,1.125,1.75,1.125,29.875,12.125,49.625,26.25,2.75,2.5,1.125,0.875,0.0,0.0,1.0,1.0,18.875,5.5,27.875,11.875,2.5,1.75,3.75,2.125,11.25,7.375,20.125,14.125,125.75,145.25,417.25,9,0,0,1,1,2,2,0,0,0,1,1,0,0,193.04,198.12,265.0,0.07958984375,0.40625,0.3716455078125,0.15771728515625,0.6686938476562501,0.0005859375,0.76171875,0.0,0.0,0.000244140625,35.91455078125,13.266357421875,62.18896484375,16.216796875,38.00537109375,15.221435546875,62.391845703125,16.411865234375,1.686279296875,1.178466796875,0.274169921875,0.005859375,28.199462890625,7.080078125,58.107666015625,14.661865234375,2.701171875,2.3056640625,3.887451171875,1.384765625,5.013916015625,3.880615234375,0.19384765625,0.170166015625,31.981201171875,10.233642578125,56.421875,12.39892578125,1.689208984375,1.163330078125,3.461669921875,2.1396484375,2.244140625,1.869384765625,2.305419921875,1.67822265625,50.35205078125,4.664794921875,372.615966796875,21,1,4,0,4,8,5,0,0,0,0,5,3,0,187.96,193.04,242.0,31.0,33.0,0,0,0,0,1,0,0,0,0,0,0,0,0,0,0,1,0,0,0,0,1,0,0,0
Red,False,0.0,0.0,0.38,0.55,0.33,1.0,0.0,0.0,0.0,0.0,78.0,30.0,68.0,38.0,118.0,67.0,78.0,48.0,3.0,1.0,2.0,2.0,60.0,17.0,48.0,21.0,14.0,10.0,8.0,5.0,4.0,3.0,12.0,12.0,65.0,24.0,59.0,31.0,3.0,1.0,0.0,0.0,10.0,5.0,9.0,7.0,197.0,116.0,900.0,3,0,0,1,0,0,1,0,0,0,0,0,0,0,182.88,182.88,145.0,0.0,0.0,0.38,0.47,0.0,0.0,1.0,0.0,0.0,0.0,83.0,32.0,76.0,36.0,129.0,74.0,100.0,60.0,4.0,0.0,2.0,0.0,61.0,16.0,46.0,13.0,9.0,6.0,22.0,16.0,13.0,10.0,8.0,7.0,71.0,24.0,63.0,25.0,1.0,1.0,4.0,2.0,11.0,7.0,9.0,9.0,65.0,270.0,900.0,3,1,0,1,0,0,1,0,0,0,0,0,0,0,170.18,185.42,145.0,34.0,25.0,0,0,1,0,0,0,0,0,0,0,0,0,0,0,0,1,0,0,0,0,1,0,0,0
Red,False,0.062774658203125,0.013702392578125,0.4245806884765625,0.3557095336914062,0.264803466796875,0.1662832641601562,0.00396728515625,0.008148193359375,4.57763671875e-05,0.5000152587890625,137.38671875,60.756103515625,123.64129638671876,45.20658874511719,177.4226531982422,97.3904266357422,160.4485321044922,78.10525512695312,7.9945068359375,2.490570068359375,3.2354736328125,1.1508026123046875,117.69694519042967,44.8128662109375,94.99642944335938,23.64047241210937,11.6650390625,8.49871826171875,15.012603759765623,9.455398559570312,8.024734497070312,7.44451904296875,13.63226318359375,12.1107177734375,109.38021850585938,43.527862548828125,102.58595275878906,32.16838073730469,19.14349365234375,12.472122192382812,14.024261474609377,8.836318969726562,8.863006591796875,4.756118774414063,7.0310821533203125,4.2018890380859375,228.689453125,166.62142944335938,856.2734680175781,40,1,4,0,4,13,4,0,0,1,4,8,0,0,185.42,190.5,185.0,0.25250244140625,0.5634765625,0.4554202270507812,0.4331817626953125,0.00103759765625,0.5721533203125,0.781982421875,0.5001220703125,0.015625,0.000244140625,30.720611572265625,14.0234375,62.73361206054688,34.990386962890625,40.955108642578125,23.2257080078125,84.70101928710938,54.800323486328125,0.00457763671875,0.00347900390625,2.73455810546875,1.0782470703125,24.802520751953125,9.6385498046875,45.76898193359375,24.6356201171875,2.8292236328125,1.5469970703125,5.452667236328125,2.872589111328125,3.0888671875,2.837890625,11.511962890625,7.482177734375,19.182037353515625,6.88262939453125,31.10263061523437,12.7373046875,5.524566650390625,2.836151123046875,1.6851806640625,0.331939697265625,6.014007568359375,4.304656982421875,29.94580078125,21.921142578125,25.5859375,331.427734375,604.193115234375,25,4,3,0,3,10,6,0,0,0,0,7,2,1,182.88,187.96,185.0,33.0,35.0,0,0,0,0,0,0,0,1,0,0,0,0,0,0,0,1,0,0,0,0,0,0,1,0
Red,False,0.5,1.0,0.38,0.615,0.25,0.41,0.0,0.5,0.5,0.0,75.5,29.5,86.0,54.5,119.0,67.0,91.0,59.5,1.5,0.5,6.0,2.5,63.0,20.0,59.0,33.5,5.0,3.0,14.5,9.5,7.5,6.5,12.5,11.5,67.5,22.5,68.5,39.0,2.0,1.5,6.5,6.0,6.0,5.5,11.0,9.5,143.0,149.5,746.0,5,0,2,0,2,2,0,0,0,0,1,1,0,0,185.42,193.04,170.0,0.0,0.5,0.6950000000000001,0.49,0.665,0.0,0.0,0.5,0.0,0.0,74.5,51.0,54.0,31.5,149.0,110.0,85.5,59.5,6.0,4.0,4.5,0.0,41.5,19.0,41.5,20.0,11.0,10.5,7.5,6.5,22.0,21.5,5.0,5.0,44.5,22.5,35.5,16.0,18.5,18.5,7.0,6.5,11.5,10.0,11.5,9.0,548.5,92.0,900.0,6,0,2,0,2,2,0,0,0,1,1,0,0,0,185.42,190.5,185.0,27.0,24.0,0,0,0,0,0,0,0,1,0,0,0,0,0,0,0,1,0,0,0,0,1,0,0,0
Blue,False,0.0,0.12890625,0.493671875,0.4762890625,0.552421875,0.03189453125,0.94140625,1.14453125,0.283203125,0.046875,40.548828125,20.90625,48.50390625,21.7578125,93.61328125,60.29296875,80.5078125,44.91796875,5.7578125,3.130859375,0.177734375,0.033203125,35.62109375,16.73828125,42.478515625,16.703125,3.171875,2.755859375,4.7421875,4.146484375,1.755859375,1.412109375,1.283203125,0.908203125,22.53515625,9.0859375,32.498046875,12.9375,3.107421875,2.833984375,1.0859375,0.708984375,14.90625,8.986328125,14.919921875,8.111328125,440.8125,69.365234375,638.70703125,17,1,0,1,3,6,4,0,0,0,3,1,2,0,187.96,193.04,185.0,0.0471682548522949,0.0,0.45,0.4217682266235352,0.25,0.19173828125,0.1875,0.125,0.0,0.0,69.5,30.5,66.984375,27.8466796875,94.0,48.544921875,88.50390625,44.75,2.0,0.8125,2.015625,0.6640625,54.0,19.01513671875,51.483436584472656,16.9437255859375,7.91796875,5.430633544921875,7.75,5.0625,4.780975341796875,3.9373779296875,4.8994140625,3.84375,51.025390625,18.400863647460938,50.515625,17.5,5.75,3.75,5.5,3.5,5.375,3.6875,4.0,2.65625,104.865234375,89.5,655.8441009521484,0,0,0,0,0,0,0,0,0,0,0,0,0,0,175.26,185.42,185.0,29.0,30.0,0,0,0,0,0,0,0,1,0,0,0,0,0,0,0,1,0,0,0,0,1,0,0,0
Blue,False,0.0,0.08203125,0.67416015625,0.56333984375,0.5940234375,0.40158203125,0.599609375,0.490234375,0.0,0.126953125,48.49609375,31.12890625,47.46875,29.5234375,85.37890625,65.126953125,66.65625,48.06640625,4.88671875,2.7734375,2.919921875,1.447265625,36.78515625,21.240234375,41.759765625,24.47265625,6.447265625,4.96484375,4.482421875,3.90234375,5.263671875,4.923828125,1.2265625,1.1484375,24.787109375,11.1640625,28.46484375,16.47265625,13.779296875,10.30078125,8.189453125,6.31640625,9.9296875,9.6640625,10.814453125,6.734375,128.970703125,189.125,451.875,26,0,1,0,4,6,4,0,0,1,3,1,1,0,172.72,172.72,145.0,1.0625,0.0,0.429375,0.338125,0.3125,0.0568749999999999,0.0,1.0625,0.0,0.0,124.5625,54.0,131.5,44.75,131.0,58.3125,147.6875,58.4375,3.1875,1.625,5.1875,0.75,81.625,24.4375,95.3125,20.625,15.625,10.5625,11.9375,7.75,27.3125,19.0,24.25,16.375,94.9375,37.25,115.0625,33.9375,11.375,7.9375,12.6875,7.5,18.25,8.8125,3.75,3.3125,199.125,77.8125,900.0,15,0,1,0,1,3,2,0,0,1,2,0,0,0,167.64,170.18,145.0,28.0,30.0,0,0,1,0,0,0,0,0,0,0,0,0,0,0,0,1,0,0,0,0,1,0,0,0
Blue,False,0.5,0.0,0.345,0.305,0.165,0.08,0.5,0.0,0.0,0.0,89.0,30.0,65.5,20.5,109.0,46.0,80.5,32.0,11.0,1.5,4.0,0.5,77.0,22.5,53.5,12.0,8.0,5.0,11.0,7.5,4.0,2.5,1.0,1.0,68.0,15.0,59.0,15.0,8.0,6.5,6.5,5.5,13.0,8.5,0.0,0.0,312.0,11.0,814.0,6,0,2,0,2,2,0,0,0,0,1,0,1,0,177.8,177.8,155.0,0.0,0.14453125,0.3914453125,0.289091796875,0.39802734375,0.02087890625,0.111328125,0.06494140625,0.00830078125,0.0068359375,86.326171875,33.078125,110.8154296875,29.9150390625,124.52587890625,66.21630859375,125.0654296875,43.4228515625,7.935546875,2.1103515625,0.6494140625,0.16064453125,64.76806640625,16.68408203125,88.00146484375,12.80908203125,17.91796875,13.8115234375,16.4169921875,12.57373046875,3.64013671875,2.58251953125,6.39697265625,4.5322265625,79.9912109375,30.02685546875,105.11865234375,25.9326171875,1.4072265625,0.95703125,4.87060546875,3.31884765625,4.927734375,2.09423828125,0.826171875,0.66357421875,199.59814453125,22.63330078125,684.59033203125,30,0,2,0,2,7,5,0,0,0,4,1,2,0,170.18,177.8,145.0,24.0,28.0,0,0,0,0,0,0,1,0,0,0,0,0,0,0,0,1,0,0,0,0,1,0,0,0
Red,False,0.0,0.0,0.71,0.33,0.0,0.33,0.0,0.0,0.0,0.0,7.0,5.0,15.0,5.0,19.0,16.0,34.0,19.0,0.0,0.0,3.0,1.0,5.0,3.0,14.0,5.0,0.0,0.0,1.0,0.0,2.0,2.0,0.0,0.0,4.0,2.0,9.0,2.0,2.0,2.0,0.0,0.0,1.0,1.0,6.0,3.0,24.0,64.0,149.0,1,0,0,1,0,0,1,0,0,0,0,0,0,0,182.88,182.88,155.0,0.5,0.0,0.63,0.6599999999999999,0.0,0.415,1.0,1.0,0.0,0.0,61.5,33.0,33.5,19.5,88.0,55.5,69.5,50.0,0.0,0.0,5.0,2.5,45.0,18.0,27.0,13.5,14.5,13.0,4.0,3.5,2.0,2.0,2.5,2.5,30.5,10.5,18.0,7.0,13.0,11.5,11.0,9.5,18.0,11.0,4.5,3.0,158.5,232.0,580.5,4,0,1,0,1,1,1,0,0,0,0,1,0,0,175.26,177.8,155.0,26.0,34.0,0,0,0,0,0,0,1,0,0,0,0,0,0,0,0,1,0,0,0,0,0,0,1,0
Blue,False,0.015625,0.0,0.45,0.4275,0.25,0.2,0.148468017578125,0.098388671875,0.0,0.0,66.5,29.6875,64.31230545043945,27.34375,89.75,48.0,85.53125,44.41152191162109,2.0,0.75,2.0546875,0.75,51.1875,18.3359375,49.6123046875,16.280410766601562,7.5,5.07647705078125,7.5,5.0,4.5,3.625,4.984375,3.9375,48.6875,17.0,47.11572265625,16.5,5.75,3.75,5.3125,3.4375,5.0625,3.5,3.875,2.5,99.2119140625,94.125,638.5,0,0,0,0,0,0,0,0,0,0,0,0,0,0,187.96,198.12,185.0,0.0,0.0,0.15,0.4599999999999999,0.0,0.415,0.0,1.0,0.0,0.0,13.5,2.0,30.5,16.5,14.0,2.5,47.0,31.5,0.0,0.0,3.0,2.5,12.0,1.0,21.0,9.5,1.5,1.0,8.0,6.0,0.0,0.0,1.5,1.0,13.0,1.5,13.0,3.5,0.5,0.5,3.0,2.5,0.0,0.0,14.5,10.5,0.0,177.0,328.5,3,0,0,2,0,0,2,0,0,0,0,0,0,0,182.88,187.96,205.0,30.0,26.0,0,0,0,0,0,1,0,0,0,0,0,0,0,0,0,1,0,0,0,0,0,0,1,0
Blue,False,0.75,0.0,0.45875,0.40375,0.7,0.2625,0.75,0.875,1.0,1.25,112.125,49.125,69.25,27.5,122.875,56.625,85.25,42.5,4.5,2.75,2.75,1.125,92.625,33.25,63.875,22.875,16.375,13.875,1.75,1.0,3.125,2.0,3.625,3.625,95.25,42.0,61.875,22.0,1.875,1.125,2.375,1.25,15.0,6.0,5.0,4.25,132.0,74.125,545.875,8,0,0,1,2,2,2,0,0,0,0,1,1,0,172.72,180.34,155.0,0.5991973876953125,0.5078125,0.4003163909912109,0.3517235565185547,0.2512664794921875,0.0689944458007812,7.62939453125e-06,0.1917266845703125,0.00390625,0.2501220703125,46.32991027832031,17.946975708007812,26.86585235595703,7.716033935546875,53.16407775878906,23.78113555908203,31.612144470214844,11.701026916503906,0.2629470825195312,0.2536697387695312,3.2926788330078125,0.4095535278320312,39.884727478027344,13.37981414794922,19.750274658203125,3.8295669555664062,5.601799011230469,3.889816284179688,2.7414703369140625,0.927459716796875,0.8433837890625,0.6773452758789062,4.374107360839844,2.9590072631835938,33.693992614746094,11.17058563232422,25.31112670898437,7.199684143066406,8.007682800292969,3.942481994628906,0.533477783203125,0.264251708984375,4.62823486328125,2.8339080810546875,1.0212478637695312,0.2520980834960937,23.395797729492188,43.34489440917969,306.3703384399414,29,0,1,0,5,11,7,0,0,2,2,6,0,1,175.26,180.34,155.0,28.0,29.0,0,0,0,0,0,0,1,0,0,0,0,0,0,0,0,1,0,0,0,0,1,0,0,0
Blue,False,0.5,0.0,0.28,0.3875,0.5825,0.045,0.0,0.0,0.0,0.0,129.5,39.25,135.5,52.75,134.75,44.5,139.75,57.0,1.5,0.75,6.25,0.5,116.25,32.0,103.25,32.0,10.25,5.0,17.0,10.5,3.0,2.25,15.25,10.25,122.75,34.0,117.25,42.25,4.5,3.5,6.0,5.5,2.25,1.75,12.25,5.0,42.75,78.75,725.0,8,0,0,2,1,1,2,0,0,0,0,1,0,0,170.18,175.26,135.0,0.75,0.25,0.32,0.4175,0.2,0.0625,0.25,0.5,0.0,0.25,54.75,18.5,67.25,28.0,63.25,25.75,70.75,31.0,1.75,1.0,1.25,0.25,48.0,14.75,53.5,19.25,4.5,2.0,9.75,5.25,2.25,1.75,4.0,3.5,43.0,11.25,60.25,25.25,0.75,0.25,2.5,1.0,11.0,7.0,4.5,1.75,85.25,27.25,308.5,4,0,0,1,2,2,1,0,0,0,0,1,1,0,167.64,172.72,135.0,28.0,34.0,1,0,0,0,0,0,0,0,0,0,0,0,0,0,0,1,0,0,0,0,1,0,0,0
Red,False,0.062744140625,0.75,0.27232177734375,0.434140625,0.21846435546875,0.26283203125,0.7421875,0.5625,1.035400390625,1.00439453125,67.5439453125,24.098388671875,100.38037109375,45.4111328125,74.04345703125,30.009765625,102.83203125,46.81298828125,2.688720703125,1.07568359375,2.3515625,1.099609375,65.887451171875,22.94287109375,80.751953125,29.984130859375,1.139892578125,0.639892578125,16.45263671875,13.552001953125,0.5166015625,0.515625,3.17578125,1.875,60.761962890625,18.453369140625,96.232421875,42.346923828125,1.335205078125,0.751220703125,1.89111328125,1.17236328125,5.44677734375,4.893798828125,2.2568359375,1.891845703125,75.154052734375,59.601806640625,442.586181640625,22,0,3,0,3,9,4,0,0,0,0,2,7,0,177.8,180.34,155.0,0.068359375,0.0,0.33024169921875,0.48333984375,0.2813500976562499,0.16260009765625,1.251220703125,1.259033203125,0.008056640625,1.00146484375,55.101806640625,18.75048828125,82.60888671875,37.462158203125,60.979736328125,23.9716796875,120.99853515625,72.16552734375,3.46875,0.859619140625,1.73583984375,1.031982421875,40.995849609375,9.55224609375,64.05029296875,23.865234375,7.6328125,5.100830078125,13.846435546875,9.400390625,6.47314453125,4.097412109375,4.712158203125,4.196533203125,41.664306640625,11.209228515625,54.738037109375,17.814453125,12.53466796875,6.81005859375,17.786865234375,12.990478515625,0.90283203125,0.731201171875,10.083984375,6.6572265625,72.351318359375,168.203857421875,506.752685546875,31,0,2,0,7,10,3,0,0,0,4,2,4,0,172.72,180.34,155.0,28.0,29.0,0,0,0,0,0,0,1,0,0,0,0,0,0,0,0,1,0,0,0,0,0,0,1,0
Red,False,0.0,1.0,0.22,0.36,0.0,0.0,0.0,0.0,0.0,0.0,77.0,17.0,84.0,31.0,81.0,21.0,89.0,36.0,3.0,0.0,0.0,0.0,64.0,9.0,54.0,11.0,5.0,2.0,9.0,6.0,8.0,6.0,21.0,14.0,74.0,16.0,68.0,15.0,3.0,1.0,12.0,12.0,0.0,0.0,4.0,4.0,44.0,58.0,592.0,2,0,0,1,0,0,1,0,0,0,0,0,0,0,172.72,172.72,135.0,0.5,0.0,0.75,0.455,0.0,0.0,0.5,1.0,0.5,0.0,18.5,13.5,13.5,4.0,46.0,34.0,23.5,13.5,0.0,0.0,1.5,0.0,12.0,7.5,10.0,2.0,4.0,3.5,3.0,1.5,2.5,2.5,0.5,0.5,10.5,7.0,11.5,3.0,2.0,1.0,2.0,1.0,6.0,5.5,0.0,0.0,79.0,26.0,137.5,2,0,2,0,2,2,0,0,0,0,0,1,1,0,172.72,172.72,135.0,29.0,23.0,1,0,0,0,0,0,0,0,0,0,0,0,0,0,0,1,0,0,0,0,1,0,0,0
Blue,False,0.4375,0.0,0.354375,0.409375,0.16625,0.054375,0.1875,0.0,0.0625,0.0625,132.375,42.25,101.4375,41.125,143.8125,52.5625,120.8125,58.375,1.3125,0.25,6.75,0.25,124.9375,37.375,74.3125,20.0625,6.9375,4.4375,11.0625,7.625,0.5,0.4375,16.0625,13.4375,126.1875,38.4375,94.9375,37.375,3.8125,2.3125,4.9375,2.625,2.375,1.5,1.5625,1.125,30.6875,119.625,811.375,13,0,0,1,4,4,1,0,0,1,2,1,0,0,180.34,185.42,185.0,0.25390625,0.0,0.5297070312500001,0.35642578125,0.1225390625,0.432734375,0.546875,0.0703125,0.0625,0.0,87.328125,45.85546875,74.8671875,26.96875,101.349609375,58.353515625,96.126953125,46.62109375,6.474609375,0.986328125,3.068359375,1.408203125,49.826171875,19.546875,62.025390625,17.830078125,21.21484375,12.869140625,7.6875,6.52734375,16.287109375,13.439453125,5.154296875,2.611328125,67.482421875,31.396484375,62.01953125,18.927734375,16.5234375,11.708984375,5.560546875,3.1328125,3.322265625,2.75,7.287109375,4.908203125,69.64453125,177.025390625,819.990234375,24,0,1,0,4,7,3,0,0,1,3,3,0,0,182.88,187.96,185.0,33.0,31.0,0,0,0,0,0,0,0,1,0,0,0,0,0,0,0,1,0,0,0,0,1,0,0,0
Blue,True,0.32421875,0.25,0.5341015625000001,0.4894921875,0.610546875,0.04640625,0.03125,0.0078125,0.0,0.0,44.89453125,24.375,9.51171875,4.296875,72.484375,45.66015625,12.87109375,7.1328125,1.34765625,0.90234375,0.42578125,0.140625,42.12109375,22.1953125,7.70703125,2.875,0.7421875,0.5234375,1.25,0.875,2.03125,1.65625,0.5546875,0.546875,11.03515625,4.72265625,6.76953125,2.5703125,1.3125,1.0390625,0.8984375,0.6640625,32.546875,18.61328125,1.84375,1.0625,140.80078125,12.453125,194.03125,13,2,7,0,7,8,1,0,0,0,1,7,0,0,185.42,195.58,240.0,0.99609375,0.0,0.6016015625,0.4276562499999999,0.15625,0.0725,0.0,0.0,0.0,0.0,91.82421875,52.08984375,40.34765625,15.7734375,101.05078125,57.73828125,40.61328125,16.0390625,0.375,0.3125,3.1015625,0.15625,74.98046875,39.4765625,31.1484375,7.96484375,16.0,11.84765625,2.2265625,1.1328125,0.84375,0.765625,6.97265625,6.67578125,80.69921875,45.11328125,39.5703125,15.42578125,3.05078125,1.640625,0.77734375,0.34765625,8.07421875,5.3359375,0.0,0.0,18.55078125,17.3359375,442.16796875,16,2,9,0,9,9,0,0,0,0,2,7,0,0,193.04,195.58,238.0,30.0,28.0,0,0,0,0,1,0,0,0,0,0,0,0,0,0,0,1,0,0,0,0,1,0,0,0
Blue,False,0.015625,0.0,0.45,0.4275,0.25,0.2,0.148468017578125,0.098388671875,0.0,0.0,66.5,29.6875,64.31230545043945,27.34375,89.75,48.0,85.53125,44.41152191162109,2.0,0.75,2.0546875,0.75,51.1875,18.3359375,49.6123046875,16.280410766601562,7.5,5.07647705078125,7.5,5.0,4.5,3.625,4.984375,3.9375,48.6875,17.0,47.11572265625,16.5,5.75,3.75,5.3125,3.4375,5.0625,3.5,3.875,2.5,99.2119140625,94.125,638.5,0,0,0,0,0,0,0,0,0,0,0,0,0,0,185.42,195.58,185.0,0.2530670166015625,0.3751220703125,0.4858191680908204,0.4805618286132812,0.5204248046875,0.3520456695556641,1.2822341918945312,0.2268218994140625,0.0,0.00048828125,35.36307144165039,14.68502426147461,53.94989013671875,27.80020523071289,75.44198226928711,51.70709609985352,69.06000518798828,41.13248825073242,1.3164138793945312,1.0437545776367188,5.192428588867188,2.907604217529297,28.376628875732425,9.856582641601562,42.55487823486328,17.47372817993164,2.8738670349121094,2.2751388549804688,10.194049835205078,9.329742431640623,4.112575531005859,2.553302764892578,1.2009620666503906,0.996734619140625,20.44832992553711,6.556987762451172,16.452587127685547,6.964530944824219,8.874469757080078,4.974742889404297,7.999172210693359,4.816314697265625,6.040271759033203,3.1532936096191406,29.498130798339844,16.019359588623047,59.30461502075195,242.6828727722168,431.0995445251465,39,0,5,0,5,12,7,0,0,1,2,7,2,0,180.34,185.42,185.0,28.0,32.0,0,0,0,0,0,0,0,1,0,0,0,0,0,0,0,0,0,1,0,0,0,0,1,0
Red,False,0.093994140625,0.0,0.5457958984375,0.1894482421875,0.1290966796875,0.66228271484375,0.64208984375,0.657958984375,0.125244140625,0.000244140625,44.407470703125,24.010986328125,19.65478515625,7.7421875,58.85595703125,37.833251953125,24.14697265625,12.120361328125,0.133056640625,0.129638671875,1.80712890625,0.933349609375,38.90234375,19.384765625,17.758056640625,6.38818359375,3.48974609375,2.963623046875,1.042724609375,0.773681640625,2.015380859375,1.66259765625,0.85400390625,0.580322265625,16.47021484375,6.418701171875,17.2509765625,6.239501953125,1.826171875,1.14794921875,1.4951171875,0.996337890625,26.111083984375,16.4443359375,0.90869140625,0.50634765625,133.572021484375,36.03857421875,307.170166015625,25,0,0,1,4,9,4,0,0,1,0,4,3,1,187.96,190.5,185.0,0.05078125,0.53125,0.3738134765624999,0.450052490234375,0.4146240234375,0.0540087890625,0.01080322265625,0.87506103515625,0.0,0.00030517578125,68.78839111328125,25.74224853515625,56.82232666015625,26.13787841796875,101.978515625,48.39990234375,63.206787109375,32.01873779296875,4.22418212890625,1.8470458984375,1.11419677734375,0.25244140625,65.41131591796875,22.44232177734375,45.83038330078125,19.15545654296875,2.60015869140625,2.52447509765625,6.62200927734375,4.05902099609375,0.77691650390625,0.77545166015625,4.36993408203125,2.92340087890625,39.200927734375,11.888427734375,47.46697998046875,18.22479248046875,1.74951171875,1.46429443359375,5.6041259765625,4.896728515625,27.83795166015625,12.3895263671875,3.751220703125,3.016357421875,268.5697631835937,23.84027099609375,563.8948974609375,41,1,4,0,4,11,4,0,0,1,5,4,0,1,187.96,190.5,170.0,28.0,31.0,0,0,0,0,0,0,0,1,0,0,0,0,0,0,0,1,0,0,0,0,0,0,1,0
Blue,False,0.0,0.0,0.24,0.22,0.0,1.0,1.0,0.0,0.0,0.0,49.0,12.0,27.0,6.0,49.0,12.0,27.0,6.0,0.0,0.0,1.0,1.0,30.0,5.0,14.0,1.0,5.0,2.0,1.0,0.0,14.0,5.0,12.0,5.0,49.0,12.0,27.0,6.0,0.0,0.0,0.0,0.0,0.0,0.0,0.0,0.0,0.0,36.0,243.0,1,0,1,0,1,1,0,0,0,0,0,0,1,0,177.8,185.42,145.0,0.8125,0.5,0.4287499999999999,0.411875,0.15625,0.0171875,0.0,0.6875,0.15625,0.0,86.59375,35.53125,77.4375,28.40625,89.59375,38.03125,86.6875,37.3125,0.6875,0.15625,2.84375,0.21875,61.0625,18.15625,65.03125,20.09375,14.4375,7.5,5.9375,2.65625,11.09375,9.875,6.46875,5.65625,79.21875,29.53125,62.78125,17.65625,3.90625,3.28125,1.5,0.90625,3.46875,2.71875,13.15625,9.84375,41.53125,169.09375,568.6875,13,1,0,1,3,4,2,0,0,0,2,2,0,0,177.8,185.42,155.0,24.0,26.0,0,0,0,0,0,0,1,0,0,0,0,0,0,0,0,1,0,0,0,0,0,0,1,0
Blue,False,0.75,0.0,0.31,0.3475,0.0,0.2075,0.0,0.75,0.0,0.0,136.75,46.75,78.25,25.5,137.0,47.0,80.25,26.5,0.0,0.0,7.0,0.75,117.5,32.5,63.5,19.25,17.0,12.0,10.25,2.75,2.25,2.25,4.5,3.5,123.25,40.5,77.0,24.5,3.75,2.0,0.75,0.5,9.75,4.25,0.5,0.5,18.25,41.75,570.25,6,0,0,1,2,2,1,0,0,0,1,1,0,0,180.34,175.26,145.0,0.25,0.0,0.1409375,0.48984375,0.04125,0.64203125,0.046875,1.015625,0.09375,0.078125,158.984375,32.890625,172.734375,86.171875,181.046875,52.171875,224.875,134.5,0.859375,0.125,4.203125,2.53125,137.96875,19.0,153.578125,71.921875,11.21875,6.609375,15.53125,12.6875,9.796875,7.28125,3.625,1.5625,155.359375,31.453125,119.875,55.984375,3.015625,1.015625,3.078125,1.203125,0.609375,0.421875,49.78125,28.984375,16.75,376.25,852.40625,18,0,0,1,1,2,5,0,0,1,0,0,1,0,177.8,172.72,145.0,21.0,33.0,0,0,1,0,0,0,0,0,0,0,0,0,0,0,0,1,0,0,0,0,1,0,0,0
Blue,False,0.5,0.5,0.54,0.155,0.0,0.0,0.0,0.0,0.0,0.0,93.5,27.5,22.5,7.0,94.0,28.0,23.0,7.5,0.0,0.0,4.5,0.0,88.0,23.5,22.5,7.0,5.0,3.5,0.0,0.0,0.5,0.5,0.0,0.0,87.0,24.5,22.5,7.0,4.5,1.5,0.0,0.0,2.0,1.5,0.0,0.0,2.5,1.5,381.0,4,0,1,0,1,1,1,0,0,0,0,1,0,0,190.5,198.12,260.0,0.5,0.25,0.47,0.5525,0.315,0.0,0.5,0.5,0.0,0.25,48.75,22.75,31.75,18.25,72.0,39.5,58.25,42.5,4.25,1.75,1.5,0.0,45.0,19.5,19.25,7.75,3.25,2.75,9.25,8.25,0.5,0.5,3.25,2.25,30.75,10.5,18.5,6.25,8.75,6.75,7.0,6.0,9.25,5.5,6.25,6.0,346.75,65.75,513.75,6,0,1,0,1,2,1,0,0,0,1,0,1,0,195.58,200.66,250.0,27.0,26.0,0,0,0,0,1,0,0,0,0,0,0,0,0,0,0,1,0,0,0,0,1,0,0,0
Blue,False,1.0,0.0,0.53,0.37,0.0,0.0,0.0,0.0,0.0,0.0,63.0,34.0,43.0,16.0,66.0,36.0,43.0,16.0,0.0,0.0,5.0,0.0,37.0,12.0,32.0,7.0,16.0,13.0,4.0,3.0,10.0,9.0,7.0,6.0,51.0,24.0,40.0,13.0,11.0,9.0,3.0,3.0,1.0,1.0,0.0,0.0,21.0,23.0,226.0,1,0,1,0,1,1,0,0,0,0,0,1,0,0,167.64,167.64,125.0,0.0,0.0,0.583125,0.345,0.348125,0.27125,0.125,0.25,0.25,0.0,98.5,57.6875,75.5625,26.5,136.3125,93.375,105.9375,53.375,4.125,1.8125,6.3125,1.5625,76.5625,37.375,61.8125,15.75,17.5,16.375,9.6875,7.8125,4.4375,3.9375,4.0625,2.9375,65.75,29.75,58.875,15.625,21.8125,18.1875,9.4375,6.75,10.9375,9.75,7.25,4.125,205.5625,286.9375,900.0,15,0,1,0,3,4,1,0,0,1,3,0,0,0,160.02,162.56,125.0,28.0,31.0,0,0,0,1,0,0,0,0,0,0,0,0,0,0,0,1,0,0,0,0,0,0,1,0
Red,False,1.03125,0.0,0.4471875,0.3053125,0.0,0.7215625,0.125,0.03125,0.0,0.25,63.1875,28.3125,97.5625,30.34375,68.3125,32.25,119.09375,47.5625,0.0,0.0,2.59375,1.71875,52.09375,20.0,75.15625,17.0,3.78125,1.96875,8.90625,4.625,7.3125,6.34375,13.5,8.71875,58.46875,24.78125,84.3125,19.5,2.375,1.625,5.53125,4.25,2.34375,1.90625,7.71875,6.59375,24.125,226.84375,697.9375,13,0,5,0,5,5,1,0,0,0,1,4,0,0,190.5,208.28,265.0,0.53125,0.03125,0.445625,0.48078125,0.1328125,0.0625,0.25,0.0,0.0,0.0,35.75,14.328125,59.078125,35.15625,50.515625,28.40625,64.890625,40.3125,0.5625,0.265625,0.9375,0.40625,31.625,10.765625,40.859375,19.5625,2.78125,2.46875,12.75,10.40625,1.34375,1.09375,5.46875,5.1875,27.828125,9.4375,48.296875,27.203125,4.875,2.28125,10.09375,7.296875,3.046875,2.609375,0.6875,0.65625,93.09375,47.625,425.25,15,1,2,0,2,4,3,0,0,0,0,4,0,0,182.88,185.42,263.0,34.0,36.0,0,0,0,0,1,0,0,0,0,0,0,0,0,0,0,0,0,0,1,0,1,0,0,0
Red,True,0.015625,0.0,0.45,0.4275,0.25,0.2,0.148468017578125,0.098388671875,0.0,0.0,66.5,29.6875,64.31230545043945,27.34375,89.75,48.0,85.53125,44.41152191162109,2.0,0.75,2.0546875,0.75,51.1875,18.3359375,49.6123046875,16.280410766601562,7.5,5.07647705078125,7.5,5.0,4.5,3.625,4.984375,3.9375,48.6875,17.0,47.11572265625,16.5,5.75,3.75,5.3125,3.4375,5.0625,3.5,3.875,2.5,99.2119140625,94.125,638.5,0,0,0,0,0,0,0,0,0,0,0,0,0,0,182.88,193.04,155.0,0.0471682548522949,0.0,0.45,0.4217682266235352,0.25,0.19173828125,0.1875,0.125,0.0,0.0,69.5,30.5,66.984375,27.8466796875,94.0,48.544921875,88.50390625,44.75,2.0,0.8125,2.015625,0.6640625,54.0,19.01513671875,51.483436584472656,16.9437255859375,7.91796875,5.430633544921875,7.75,5.0625,4.780975341796875,3.9373779296875,4.8994140625,3.84375,51.025390625,18.400863647460938,50.515625,17.5,5.75,3.75,5.5,3.5,5.375,3.6875,4.0,2.65625,104.865234375,89.5,655.8441009521484,0,0,0,0,0,0,0,0,0,0,0,0,0,0,182.88,180.34,155.0,26.0,25.0,0,0,0,0,0,0,0,0,0,1,0,0,0,0,0,0,0,1,0,0,1,0,0,0
Red,False,0.0,0.0,0.400625,0.4553125,0.32375,0.015,0.125,0.34375,0.0,0.0625,56.15625,22.375,74.40625,30.40625,89.03125,50.40625,96.5,48.5625,8.21875,2.40625,1.0625,0.15625,44.71875,14.78125,59.75,17.3125,7.34375,4.125,7.5625,6.5625,4.09375,3.46875,7.09375,6.53125,37.78125,10.28125,60.5,19.90625,10.4375,6.53125,12.15625,9.1875,7.9375,5.5625,1.75,1.3125,251.125,50.6875,777.375,16,0,1,0,2,3,3,0,0,1,1,0,1,0,182.88,182.88,185.0,0.5,0.0625,0.59625,0.529375,0.896875,0.24125,2.9375,0.5,0.1875,0.0,26.3125,12.75,32.875,21.25,38.1875,22.75,65.8125,49.9375,1.75,1.5,2.6875,1.125,20.125,7.25,23.3125,15.5,3.875,3.3125,6.3125,3.625,2.3125,2.1875,3.25,2.125,19.4375,7.6875,16.625,7.8125,3.0,2.375,4.5,3.375,3.875,2.6875,11.75,10.0625,120.6875,258.8125,554.9375,9,0,1,0,2,3,2,0,0,0,1,0,2,0,180.34,190.5,170.0,31.0,24.0,0,0,0,0,0,0,0,0,0,1,0,0,0,0,0,0,0,1,0,0,1,0,0,0
Red,False,0.0,0.125,0.44625,0.4875,0.535,0.25,0.5,0.5,0.0,0.125,59.75,24.875,63.5,31.5,64.25,28.75,73.5,41.25,5.375,1.25,1.125,0.5,50.125,19.625,47.25,17.375,7.875,4.125,8.5,6.5,1.75,1.125,7.75,7.625,44.125,14.625,51.75,23.0,9.25,5.125,9.125,7.25,6.375,5.125,2.625,1.25,173.375,43.0,479.0,9,1,1,0,1,2,2,0,0,0,1,1,0,0,182.88,187.96,145.0,0.0,0.0,0.44,0.42125,0.241875,0.51375,0.875,1.75,1.0625,0.0,94.0,42.5,102.0,46.0625,109.0625,54.5,150.4375,88.8125,3.4375,0.6875,2.8125,2.125,80.5625,32.1875,85.25,33.5625,3.0,1.6875,11.875,8.4375,10.4375,8.625,4.875,4.0625,82.4375,36.5625,89.5,37.8125,8.1875,4.375,5.5625,3.375,3.375,1.5625,6.9375,4.875,206.4375,166.0625,695.75,13,0,4,0,4,4,1,0,0,0,2,0,2,0,175.26,182.88,155.0,27.0,23.0,0,0,1,0,0,0,0,0,0,0,0,0,0,0,0,0,0,1,0,0,0,0,1,0
Red,False,0.0,0.0,0.48,0.41,0.0,1.0,0.0,0.0,0.0,0.0,58.0,28.0,41.0,17.0,79.0,46.0,97.0,58.0,0.0,0.0,2.0,2.0,46.0,20.0,25.0,5.0,7.0,6.0,7.0,4.0,5.0,2.0,9.0,8.0,46.0,21.0,33.0,17.0,7.0,6.0,1.0,0.0,5.0,1.0,7.0,0.0,2.0,392.0,664.0,3,0,1,0,1,1,0,0,0,0,0,1,0,0,175.26,175.26,125.0,1.0,0.0,0.58,0.2,0.66,0.0,0.0,0.0,0.0,0.0,140.0,82.0,29.0,6.0,229.0,155.0,41.0,18.0,6.0,4.0,2.0,0.0,102.0,50.0,23.0,3.0,35.0,29.0,0.0,0.0,3.0,3.0,6.0,3.0,34.0,10.0,20.0,2.0,23.0,19.0,9.0,4.0,83.0,53.0,0.0,0.0,561.0,0.0,718.0,3,0,1,0,1,1,0,0,0,0,0,1,0,0,177.8,180.34,135.0,33.0,29.0,1,0,0,0,0,0,0,0,0,0,0,0,0,0,0,1,0,0,0,0,1,0,0,0
Red,False,0.25,0.0,0.4725,0.495,0.5,0.3625,0.75,0.25,0.5,0.0,66.25,31.25,73.0,34.75,83.75,48.75,107.75,64.0,0.5,0.5,9.5,2.0,52.75,20.25,46.25,16.0,11.75,9.75,11.0,7.5,1.75,1.25,15.75,11.25,48.75,17.0,57.5,25.0,16.0,13.0,4.25,2.25,1.5,1.25,11.25,7.5,114.5,250.5,721.5,7,0,0,1,2,2,1,0,0,1,0,0,1,0,185.42,185.42,170.0,0.765625,0.0078125,0.512265625,0.464296875,0.5962890625,0.032421875,0.15625,0.2578125,0.015625,0.0,31.86328125,16.66796875,34.90234375,17.34765625,56.6953125,36.02734375,50.57421875,30.875,1.703125,0.9765625,1.73046875,0.1015625,24.2578125,10.12109375,25.671875,9.45703125,5.2890625,4.49609375,6.890625,6.11328125,2.31640625,2.05078125,2.33984375,1.77734375,20.81640625,9.11328125,24.21484375,9.18359375,6.23828125,4.86328125,6.62890625,5.2109375,4.80859375,2.69140625,4.05859375,2.953125,117.046875,44.265625,302.05078125,18,0,0,1,3,6,3,0,0,0,2,2,2,0,182.88,187.96,170.0,28.0,37.0,0,0,0,0,0,0,0,0,0,1,0,0,0,0,0,1,0,0,0,0,1,0,0,0
Red,False,0.0,0.0,0.65,0.38,0.0,1.0,0.0,0.0,0.0,0.0,49.0,32.0,84.0,32.0,50.0,33.0,115.0,58.0,0.0,0.0,2.0,2.0,22.0,10.0,76.0,26.0,15.0,14.0,5.0,4.0,12.0,8.0,3.0,2.0,48.0,31.0,72.0,21.0,1.0,1.0,0.0,0.0,0.0,0.0,12.0,11.0,0.0,178.0,494.0,2,0,0,1,0,0,1,0,0,0,0,0,0,0,193.04,193.04,250.0,0.4453125,0.578125,0.7118359375000001,0.411875,0.0,0.16890625,0.5,0.41015625,0.0,0.0,25.3125,16.83984375,59.21484375,27.3515625,29.9375,20.93359375,66.2578125,34.0625,0.5625,0.0,1.1015625,0.50390625,17.69921875,10.1796875,49.60546875,19.859375,1.125,1.08984375,5.6875,4.640625,6.48828125,5.5703125,3.921875,2.8515625,19.5234375,12.33203125,28.30859375,7.1953125,3.578125,2.546875,30.21875,19.71875,2.2109375,1.9609375,0.6875,0.4375,85.72265625,54.3671875,312.4296875,15,0,1,0,1,4,5,0,0,0,1,3,0,0,180.34,187.96,235.0,29.0,33.0,0,0,0,0,1,0,0,0,0,0,0,0,0,0,0,0,0,1,0,0,1,0,0,0
Blue,False,0.0,0.0,0.46,0.37,0.0,0.16,0.0,0.0,0.0,0.0,141.0,65.0,140.0,52.0,157.0,78.0,147.0,59.0,0.0,0.0,6.0,1.0,98.0,31.0,98.0,19.0,38.0,29.0,25.0,19.0,5.0,5.0,17.0,14.0,127.0,60.0,123.0,39.0,12.0,5.0,17.0,13.0,2.0,0.0,0.0,0.0,74.0,106.0,900.0,3,0,1,0,1,1,0,0,0,1,0,0,0,0,167.64,170.18,135.0,0.0,0.0,0.525,0.515,0.2,0.5,1.0,1.5,0.0,0.0,107.0,54.5,65.0,32.5,159.0,103.0,101.5,65.5,3.5,1.0,2.5,2.0,79.5,28.5,43.0,15.0,17.5,16.0,6.0,6.0,10.0,10.0,16.0,11.5,83.5,33.5,49.5,20.5,17.5,15.0,8.0,6.5,6.0,6.0,7.5,5.5,237.5,156.0,808.5,6,0,0,1,1,1,1,0,0,0,0,0,1,0,170.18,180.34,135.0,30.0,29.0,1,0,0,0,0,0,0,0,0,0,0,0,0,0,0,1,0,0,0,0,1,0,0,0
Blue,False,0.015625,0.0,0.45,0.4275,0.25,0.2,0.148468017578125,0.098388671875,0.0,0.0,66.5,29.6875,64.31230545043945,27.34375,89.75,48.0,85.53125,44.41152191162109,2.0,0.75,2.0546875,0.75,51.1875,18.3359375,49.6123046875,16.280410766601562,7.5,5.07647705078125,7.5,5.0,4.5,3.625,4.984375,3.9375,48.6875,17.0,47.11572265625,16.5,5.75,3.75,5.3125,3.4375,5.0625,3.5,3.875,2.5,99.2119140625,94.125,638.5,0,0,0,0,0,0,0,0,0,0,0,0,0,0,172.72,185.42,155.0,0.0471682548522949,0.0,0.45,0.4217682266235352,0.25,0.19173828125,0.1875,0.125,0.0,0.0,69.5,30.5,66.984375,27.8466796875,94.0,48.544921875,88.50390625,44.75,2.0,0.8125,2.015625,0.6640625,54.0,19.01513671875,51.483436584472656,16.9437255859375,7.91796875,5.430633544921875,7.75,5.0625,4.780975341796875,3.9373779296875,4.8994140625,3.84375,51.025390625,18.400863647460938,50.515625,17.5,5.75,3.75,5.5,3.5,5.375,3.6875,4.0,2.65625,104.865234375,89.5,655.8441009521484,0,0,0,0,0,0,0,0,0,0,0,0,0,0,177.8,182.88,155.0,26.0,30.0,0,0,0,0,0,0,1,0,0,0,0,0,0,0,0,1,0,0,0,0,1,0,0,0
Blue,False,0.0,0.0,0.35,0.34,0.0,0.5,0.0,0.0,0.0,0.0,225.0,79.0,233.0,80.0,227.0,81.0,236.0,83.0,5.0,0.0,4.0,2.0,192.0,64.0,200.0,54.0,28.0,11.0,24.0,17.0,5.0,4.0,9.0,9.0,203.0,67.0,226.0,78.0,22.0,12.0,6.0,2.0,0.0,0.0,1.0,0.0,2.0,12.0,900.0,3,0,0,1,0,0,1,0,0,0,0,0,0,0,170.18,167.64,125.0,0.0,0.0,0.405,0.605,0.0,0.665,0.0,0.5,0.0,0.0,92.0,37.5,80.5,45.5,121.0,58.5,101.5,65.5,1.5,0.0,2.0,1.0,73.5,24.5,49.5,19.5,13.0,8.5,18.5,15.5,5.5,4.5,12.5,10.5,80.5,30.5,65.0,32.0,11.5,7.0,15.0,13.0,0.0,0.0,0.5,0.5,91.5,144.5,550.5,4,0,0,2,0,0,2,0,0,0,0,0,0,0,172.72,170.18,135.0,25.0,24.0,0,0,0,1,0,0,0,0,0,0,0,0,0,0,0,0,0,1,0,0,0,0,1,0
Red,False,0.0,1.0,0.35,0.34,0.5,0.33,0.0,0.0,0.0,0.0,101.0,36.0,155.0,54.0,107.0,39.0,163.0,59.0,4.0,2.0,3.0,1.0,77.0,20.0,138.0,44.0,18.0,11.0,14.0,8.0,6.0,5.0,3.0,2.0,93.0,31.0,140.0,46.0,8.0,5.0,7.0,5.0,0.0,0.0,8.0,3.0,52.0,53.0,619.0,3,0,0,1,0,0,1,0,0,0,0,0,0,0,175.26,175.26,155.0,0.0471682548522949,0.0,0.45,0.4217682266235352,0.25,0.19173828125,0.1875,0.125,0.0,0.0,69.5,30.5,66.984375,27.8466796875,94.0,48.544921875,88.50390625,44.75,2.0,0.8125,2.015625,0.6640625,54.0,19.01513671875,51.483436584472656,16.9437255859375,7.91796875,5.430633544921875,7.75,5.0625,4.780975341796875,3.9373779296875,4.8994140625,3.84375,51.025390625,18.400863647460938,50.515625,17.5,5.75,3.75,5.5,3.5,5.375,3.6875,4.0,2.65625,104.865234375,89.5,655.8441009521484,0,0,0,0,0,0,0,0,0,0,0,0,0,0,177.8,177.8,155.0,28.0,31.0,0,0,0,0,0,0,1,0,0,0,0,0,0,0,0,0,0,1,0,0,1,0,0,0
Blue,True,0.015625,0.0,0.45,0.4275,0.25,0.2,0.148468017578125,0.098388671875,0.0,0.0,66.5,29.6875,64.31230545043945,27.34375,89.75,48.0,85.53125,44.41152191162109,2.0,0.75,2.0546875,0.75,51.1875,18.3359375,49.6123046875,16.280410766601562,7.5,5.07647705078125,7.5,5.0,4.5,3.625,4.984375,3.9375,48.6875,17.0,47.11572265625,16.5,5.75,3.75,5.3125,3.4375,5.0625,3.5,3.875,2.5,99.2119140625,94.125,638.5,0,0,0,0,0,0,0,0,0,0,0,0,0,0,180.34,177.8,155.0,0.0471682548522949,0.0,0.45,0.4217682266235352,0.25,0.19173828125,0.1875,0.125,0.0,0.0,69.5,30.5,66.984375,27.8466796875,94.0,48.544921875,88.50390625,44.75,2.0,0.8125,2.015625,0.6640625,54.0,19.01513671875,51.483436584472656,16.9437255859375,7.91796875,5.430633544921875,7.75,5.0625,4.780975341796875,3.9373779296875,4.8994140625,3.84375,51.025390625,18.400863647460938,50.515625,17.5,5.75,3.75,5.5,3.5,5.375,3.6875,4.0,2.65625,104.865234375,89.5,655.8441009521484,0,0,0,0,0,0,0,0,0,0,0,0,0,0,187.96,187.96,155.0,25.0,29.0,0,0,0,0,0,0,1,0,0,0,0,0,0,0,0,0,0,1,0,0,1,0,0,0
Red,True,0.015625,0.0,0.45,0.4275,0.25,0.2,0.148468017578125,0.098388671875,0.0,0.0,66.5,29.6875,64.31230545043945,27.34375,89.75,48.0,85.53125,44.41152191162109,2.0,0.75,2.0546875,0.75,51.1875,18.3359375,49.6123046875,16.280410766601562,7.5,5.07647705078125,7.5,5.0,4.5,3.625,4.984375,3.9375,48.6875,17.0,47.11572265625,16.5,5.75,3.75,5.3125,3.4375,5.0625,3.5,3.875,2.5,99.2119140625,94.125,638.5,0,0,0,0,0,0,0,0,0,0,0,0,0,0,185.42,193.04,170.0,0.0471682548522949,0.0,0.45,0.4217682266235352,0.25,0.19173828125,0.1875,0.125,0.0,0.0,69.5,30.5,66.984375,27.8466796875,94.0,48.544921875,88.50390625,44.75,2.0,0.8125,2.015625,0.6640625,54.0,19.01513671875,51.483436584472656,16.9437255859375,7.91796875,5.430633544921875,7.75,5.0625,4.780975341796875,3.9373779296875,4.8994140625,3.84375,51.025390625,18.400863647460938,50.515625,17.5,5.75,3.75,5.5,3.5,5.375,3.6875,4.0,2.65625,104.865234375,89.5,655.8441009521484,0,0,0,0,0,0,0,0,0,0,0,0,0,0,182.88,185.42,185.0,23.0,21.0,0,0,0,0,0,0,0,0,0,1,0,0,0,0,0,1,0,0,0,0,1,0,0,0
Red,False,0.015625,0.0,0.45,0.4275,0.25,0.2,0.148468017578125,0.098388671875,0.0,0.0,66.5,29.6875,64.31230545043945,27.34375,89.75,48.0,85.53125,44.41152191162109,2.0,0.75,2.0546875,0.75,51.1875,18.3359375,49.6123046875,16.280410766601562,7.5,5.07647705078125,7.5,5.0,4.5,3.625,4.984375,3.9375,48.6875,17.0,47.11572265625,16.5,5.75,3.75,5.3125,3.4375,5.0625,3.5,3.875,2.5,99.2119140625,94.125,638.5,0,0,0,0,0,0,0,0,0,0,0,0,0,0,175.26,175.26,170.0,0.0471682548522949,0.0,0.45,0.4217682266235352,0.25,0.19173828125,0.1875,0.125,0.0,0.0,69.5,30.5,66.984375,27.8466796875,94.0,48.544921875,88.50390625,44.75,2.0,0.8125,2.015625,0.6640625,54.0,19.01513671875,51.483436584472656,16.9437255859375,7.91796875,5.430633544921875,7.75,5.0625,4.780975341796875,3.9373779296875,4.8994140625,3.84375,51.025390625,18.400863647460938,50.515625,17.5,5.75,3.75,5.5,3.5,5.375,3.6875,4.0,2.65625,104.865234375,89.5,655.8441009521484,0,0,0,0,0,0,0,0,0,0,0,0,0,0,180.34,193.04,170.0,27.0,31.0,0,0,0,0,0,0,0,0,0,1,0,0,0,0,0,1,0,0,0,0,1,0,0,0
Red,False,0.5625,0.0,0.28,0.41875,0.075,0.26125,0.375,0.0,0.0,0.1875,72.0625,19.8125,51.0625,21.5,84.5,28.4375,76.5625,45.0,2.125,0.375,2.25,1.0625,61.5,15.0625,36.5625,9.6875,7.8125,4.1875,10.0,8.4375,2.75,0.5625,4.5,3.375,57.8125,11.0,41.3125,14.125,8.3125,5.5,5.8125,4.4375,5.9375,3.3125,3.9375,2.9375,94.25,147.8125,472.25,11,0,0,1,4,4,1,0,0,1,0,1,2,0,190.5,190.5,170.0,0.515625,0.5,0.49318359375,0.52125,0.12515625,0.58828125,0.03125,0.501953125,0.0,0.0,51.90625,24.818359375,57.234375,28.4140625,91.17578125,60.3125,82.7109375,48.375,4.486328125,1.005859375,1.33203125,0.7890625,41.81640625,16.720703125,43.291015625,19.04296875,4.54296875,3.578125,10.908203125,6.66015625,5.546875,4.51953125,3.03515625,2.7109375,35.666015625,12.548828125,37.333984375,13.23046875,9.328125,7.017578125,17.74609375,13.03125,6.912109375,5.251953125,2.154296875,2.15234375,246.25,51.365234375,604.7265625,28,0,1,0,3,7,3,0,0,1,3,2,1,0,172.72,180.34,170.0,31.0,32.0,0,0,0,0,0,0,0,0,0,1,0,0,0,0,0,1,0,0,0,0,1,0,0,0
Red,False,0.125,0.126953125,0.25234375,0.35751953125,0.633828125,0.07421875,1.015625,0.55078125,0.1484375,0.125,17.134765625,9.701171875,35.201171875,16.205078125,30.302734375,20.865234375,41.7421875,22.55078125,1.244140625,0.791015625,0.08203125,0.08203125,12.916015625,5.931640625,33.423828125,14.7890625,1.025390625,0.890625,1.1015625,1.005859375,3.193359375,2.87890625,0.67578125,0.41015625,12.572265625,6.984375,17.064453125,5.634765625,0.7734375,0.51171875,0.029296875,0.0078125,3.7890625,2.205078125,18.107421875,10.5625,51.646484375,86.595703125,299.1953125,18,0,1,0,3,7,3,0,0,0,2,0,5,0,172.72,180.34,170.0,0.0,0.0,0.33,0.55,0.5,0.0,0.0,0.0,0.0,0.0,77.0,26.0,98.0,54.0,99.0,47.0,101.0,57.0,4.0,2.0,9.0,0.0,65.0,18.0,39.0,11.0,6.0,6.0,32.0,20.0,6.0,2.0,27.0,23.0,70.0,22.0,78.0,42.0,5.0,2.0,20.0,12.0,2.0,2.0,0.0,0.0,143.0,7.0,900.0,3,0,0,1,0,0,1,0,0,0,0,0,0,0,175.26,180.34,185.0,32.0,34.0,0,0,0,0,0,0,0,1,0,0,0,0,0,0,0,1,0,0,0,0,0,0,1,0
Blue,False,0.0,0.65625,0.402734375,0.438359375,0.546875,0.1165625,0.0,0.03125,0.015625,0.015625,118.0390625,45.8828125,109.6328125,44.3359375,137.7109375,61.640625,117.9140625,49.8125,4.4453125,1.953125,5.421875,0.875,94.078125,28.7109375,93.515625,33.6484375,16.890625,11.46875,9.46875,6.34375,7.0703125,5.703125,6.6484375,4.34375,104.515625,37.1953125,98.59375,37.5625,7.0234375,5.0625,6.5234375,4.4140625,6.5,3.625,4.515625,2.359375,123.375,94.65625,709.140625,21,1,3,0,3,5,3,0,0,0,4,0,0,1,172.72,175.26,155.0,0.0625,1.0625,0.156171875,0.24140625,0.1088671875,0.078125,0.3984375,0.0625,0.03515625,0.13671875,86.875,17.21484375,80.58984375,24.59375,92.1171875,21.81640625,85.8125,29.30859375,4.9453125,0.58203125,0.3828125,0.28125,74.8046875,12.6796875,67.07421875,14.734375,7.9921875,2.95703125,4.87109375,3.5,4.078125,1.578125,8.64453125,6.359375,82.47265625,15.19140625,74.17578125,20.734375,2.5859375,0.60546875,3.92578125,2.328125,1.81640625,1.41796875,2.48828125,1.53125,63.9921875,33.30859375,411.1328125,19,0,7,0,7,7,2,0,0,0,2,1,4,0,177.8,180.34,155.0,28.0,35.0,0,0,0,0,0,0,1,0,0,0,0,0,0,0,0,1,0,0,0,0,1,0,0,0
Red,False,0.015625,0.0,0.45,0.4275,0.25,0.2,0.148468017578125,0.098388671875,0.0,0.0,66.5,29.6875,64.31230545043945,27.34375,89.75,48.0,85.53125,44.41152191162109,2.0,0.75,2.0546875,0.75,51.1875,18.3359375,49.6123046875,16.280410766601562,7.5,5.07647705078125,7.5,5.0,4.5,3.625,4.984375,3.9375,48.6875,17.0,47.11572265625,16.5,5.75,3.75,5.3125,3.4375,5.0625,3.5,3.875,2.5,99.2119140625,94.125,638.5,0,0,0,0,0,0,0,0,0,0,0,0,0,0,175.26,180.34,145.0,0.5,0.25,0.75625,0.2425,0.175,0.0,0.0,0.25,0.0,0.0,34.125,18.625,31.125,7.375,39.25,23.125,41.75,17.0,3.625,1.125,0.75,0.0,22.75,10.125,25.75,4.375,2.75,2.125,1.375,0.875,8.625,6.375,4.0,2.125,26.125,12.0,29.125,6.0,1.25,1.25,1.25,0.625,6.75,5.375,0.75,0.75,97.625,4.5,315.25,8,1,2,0,2,3,1,0,0,0,2,1,0,0,167.64,167.64,145.0,31.0,27.0,0,0,1,0,0,0,0,0,0,0,0,0,0,0,0,1,0,0,0,0,1,0,0,0
Blue,False,0.015625,0.0,0.45,0.4275,0.25,0.2,0.148468017578125,0.098388671875,0.0,0.0,66.5,29.6875,64.31230545043945,27.34375,89.75,48.0,85.53125,44.41152191162109,2.0,0.75,2.0546875,0.75,51.1875,18.3359375,49.6123046875,16.280410766601562,7.5,5.07647705078125,7.5,5.0,4.5,3.625,4.984375,3.9375,48.6875,17.0,47.11572265625,16.5,5.75,3.75,5.3125,3.4375,5.0625,3.5,3.875,2.5,99.2119140625,94.125,638.5,0,0,0,0,0,0,0,0,0,0,0,0,0,0,170.18,167.64,145.0,0.0471682548522949,0.0,0.45,0.4217682266235352,0.25,0.19173828125,0.1875,0.125,0.0,0.0,69.5,30.5,66.984375,27.8466796875,94.0,48.544921875,88.50390625,44.75,2.0,0.8125,2.015625,0.6640625,54.0,19.01513671875,51.483436584472656,16.9437255859375,7.91796875,5.430633544921875,7.75,5.0625,4.780975341796875,3.9373779296875,4.8994140625,3.84375,51.025390625,18.400863647460938,50.515625,17.5,5.75,3.75,5.5,3.5,5.375,3.6875,4.0,2.65625,104.865234375,89.5,655.8441009521484,0,0,0,0,0,0,0,0,0,0,0,0,0,0,177.8,177.8,145.0,25.0,23.0,0,0,0,0,0,0,1,0,0,0,0,0,0,0,0,1,0,0,0,0,0,0,0,1
Blue,False,0.015625,0.0,0.45,0.4275,0.25,0.2,0.148468017578125,0.098388671875,0.0,0.0,66.5,29.6875,64.31230545043945,27.34375,89.75,48.0,85.53125,44.41152191162109,2.0,0.75,2.0546875,0.75,51.1875,18.3359375,49.6123046875,16.280410766601562,7.5,5.07647705078125,7.5,5.0,4.5,3.625,4.984375,3.9375,48.6875,17.0,47.11572265625,16.5,5.75,3.75,5.3125,3.4375,5.0625,3.5,3.875,2.5,99.2119140625,94.125,638.5,0,0,0,0,0,0,0,0,0,0,0,0,0,0,190.5,187.96,205.0,0.0,0.0,0.22,0.55,0.0,0.5,0.0,0.0,1.0,0.0,22.0,5.0,45.0,25.0,26.0,9.0,57.0,35.0,0.0,0.0,4.0,2.0,21.0,4.0,44.0,24.0,1.0,1.0,0.0,0.0,0.0,0.0,1.0,1.0,19.0,3.0,9.0,2.0,1.0,1.0,3.0,2.0,2.0,1.0,33.0,21.0,10.0,148.0,299.0,1,0,0,1,0,0,1,0,0,0,0,0,0,0,193.04,193.04,205.0,31.0,32.0,0,0,0,0,0,1,0,0,0,0,0,0,0,0,0,1,0,0,0,0,0,0,1,0
Red,False,0.25,0.0,0.3625,0.29,0.3325,0.0,0.0,0.0,0.0,0.0,143.5,52.0,135.0,41.25,159.0,67.0,150.25,52.5,1.75,0.75,2.0,0.0,95.25,19.0,97.75,18.0,25.0,15.0,20.5,12.0,23.25,18.0,16.75,11.25,130.5,40.25,127.75,36.75,11.0,10.25,7.25,4.5,2.0,1.5,0.0,0.0,72.0,56.75,823.0,8,0,3,0,3,3,0,0,1,0,1,1,0,0,167.64,177.8,135.0,0.5,0.25,0.5675,0.31,0.0925,0.0,0.0,0.25,0.0,0.0,60.25,35.0,32.75,10.5,72.25,46.5,33.75,11.25,2.0,0.75,0.5,0.0,38.25,15.75,25.75,6.75,9.75,8.0,3.5,2.0,12.25,11.25,3.5,1.75,49.5,25.5,31.75,10.0,3.25,3.25,1.0,0.5,7.5,6.25,0.0,0.0,95.25,1.5,425.5,6,0,0,1,2,2,1,0,0,0,1,1,0,0,165.1,167.64,135.0,28.0,30.0,1,0,0,0,0,0,0,0,0,0,0,0,0,0,0,0,0,1,0,0,1,0,0,0
Red,False,1.0,0.0,0.35,0.44,0.0,0.0,0.0,0.0,0.0,0.0,28.0,10.0,29.0,13.0,31.0,13.0,29.0,13.0,0.0,0.0,0.0,0.0,26.0,8.0,22.0,8.0,1.0,1.0,7.0,5.0,1.0,1.0,0.0,0.0,24.0,7.0,29.0,13.0,2.0,1.0,0.0,0.0,2.0,2.0,0.0,0.0,5.0,0.0,119.0,1,0,1,0,1,1,0,0,0,0,0,1,0,0,177.8,182.88,155.0,0.0,0.25,0.4075,0.5475,0.3075,0.165,1.0,0.0,0.0,0.0,41.0,20.25,19.75,9.25,79.0,53.5,31.75,20.75,5.0,2.5,0.75,0.5,37.0,17.5,16.75,7.25,2.25,1.5,1.0,0.75,1.75,1.25,2.0,1.25,25.75,9.25,15.75,5.75,2.5,1.75,2.0,1.75,12.75,9.25,2.0,1.75,223.0,38.25,358.0,5,1,0,1,2,2,1,0,0,0,1,1,0,0,180.34,190.5,155.0,27.0,24.0,0,0,0,0,0,0,1,0,0,0,0,0,0,0,0,1,0,0,0,0,1,0,0,0
Red,False,0.0,0.0,0.255,0.325,0.0,0.33,0.0,0.5,0.0,0.0,157.5,42.5,145.0,50.0,159.5,44.0,166.0,69.0,0.5,0.0,5.0,1.0,144.0,31.5,103.0,21.0,4.5,2.0,28.5,17.0,9.0,9.0,13.5,12.0,157.5,42.5,138.5,44.5,0.0,0.0,1.0,0.5,0.0,0.0,5.5,5.0,7.0,70.5,900.0,6,0,0,1,1,1,1,0,0,1,0,0,0,0,170.18,175.26,155.0,0.0,0.0,0.56,0.4,0.8,0.25,0.0,2.0,2.0,1.0,30.0,17.0,40.0,16.0,84.0,59.0,82.0,52.0,5.0,4.0,4.0,1.0,21.0,11.0,34.0,11.0,5.0,3.0,4.0,3.0,4.0,3.0,2.0,2.0,21.0,8.0,34.0,11.0,0.0,0.0,1.0,1.0,9.0,9.0,5.0,4.0,496.0,303.0,900.0,3,0,1,0,1,1,0,0,0,0,1,0,0,0,172.72,182.88,155.0,29.0,27.0,0,0,0,0,0,0,1,0,0,0,0,0,0,0,0,0,0,1,0,0,0,0,0,1
Blue,False,0.921875,0.0,0.3409375,0.4731249999999999,0.551875,0.01875,0.21875,0.015625,0.0,0.0,161.75,46.34375,61.859375,22.90625,167.75,50.65625,64.796875,25.4375,0.75,0.625,1.109375,0.078125,142.171875,31.5625,46.390625,13.671875,7.640625,4.3125,5.609375,2.53125,11.9375,10.46875,9.859375,6.703125,149.984375,40.125,55.453125,21.171875,5.28125,2.34375,4.875,1.25,6.484375,3.875,1.53125,0.484375,36.8125,14.703125,583.84375,11,0,1,0,5,6,1,0,0,0,1,3,2,0,195.58,200.66,205.0,0.671875,0.3125,0.571796875,0.545625,0.4135546874999999,0.4209765625,0.2578125,0.76171875,0.0,0.5078125,110.22265625,62.87890625,100.78515625,59.08203125,176.28515625,124.28515625,125.70703125,81.33203125,6.15625,3.2734375,2.30078125,1.04296875,91.1796875,48.77734375,70.0546875,31.6953125,9.03125,7.0078125,20.171875,18.92578125,10.01171875,7.09375,10.55859375,8.4609375,66.96875,32.52734375,70.87109375,36.48046875,18.7734375,13.546875,18.859375,14.67578125,24.48046875,16.8046875,11.0546875,7.92578125,486.4375,156.06640625,1050.06640625,26,3,0,1,2,5,4,0,0,0,0,5,0,0,185.42,193.04,205.0,25.0,31.0,0,0,0,0,0,1,0,0,0,0,0,0,0,0,0,1,0,0,0,0,1,0,0,0
Blue,False,0.0,0.0,0.6043750000000001,0.275625,0.651875,0.125,0.625,0.0625,0.0625,0.0625,61.6875,37.0625,34.75,11.875,81.875,55.6875,61.1875,35.9375,2.9375,2.1875,2.1875,0.5,54.625,32.3125,24.9375,5.3125,3.625,2.0625,3.125,1.5625,3.4375,2.6875,6.6875,5.0,18.3125,6.8125,24.375,5.4375,3.625,1.5,7.125,4.4375,39.75,28.75,3.25,2.0,267.0,57.8125,463.5,10,0,1,0,3,4,1,0,0,0,1,2,1,0,182.88,193.04,170.0,0.1289091110229492,0.0,0.504369478225708,0.5160236930847169,0.3344781875610352,0.1151978683471679,0.2609329223632812,4.57763671875e-05,0.000244140625,0.5625762939453125,111.06287384033205,54.24762153625488,218.6451473236084,109.66669845581056,133.9579381942749,76.26362323760986,320.19997215271,199.69038009643555,2.968930244445801,1.1345977783203125,4.292470932006836,1.2353334426879885,100.90775775909424,46.39384746551514,180.67243480682373,80.84591770172119,9.096041679382324,7.1072492599487305,32.14198875427246,23.88197898864746,1.0590744018554688,0.7465248107910156,5.830723762512207,4.938801765441895,91.71725273132324,41.1296854019165,178.45938968658447,83.00581455230713,15.426283836364746,10.640597343444824,28.857221603393555,18.948728561401367,3.919337272644043,2.4773387908935547,11.328536033630373,7.712155342102051,107.5117893218994,299.66776180267334,855.9271326065063,62,11,3,0,3,12,9,0,0,0,1,6,4,1,175.26,177.8,155.0,23.0,33.0,0,0,0,0,0,0,0,0,0,1,0,0,0,0,0,1,0,0,0,0,1,0,0,0
Blue,False,0.13671875,0.0,0.56117919921875,0.3691455078125,0.2423291015625,0.1445751953125,0.375244140625,0.135009765625,0.328125,0.30078125,77.76220703125,43.93505859375,79.4697265625,31.5888671875,109.370361328125,71.39453125,90.19677734375,38.9130859375,5.3466796875,1.555419921875,3.283203125,0.790771484375,55.67724609375,24.335693359375,64.728515625,19.134033203125,12.47802734375,11.55908203125,6.45751953125,5.06787109375,9.60693359375,8.040283203125,8.28369140625,7.386962890625,54.236083984375,23.39697265625,74.77392578125,28.595703125,17.47900390625,15.82958984375,3.344482421875,1.845947265625,6.047119140625,4.70849609375,1.351318359375,1.147216796875,151.62158203125,162.3408203125,615.96826171875,29,0,1,0,3,8,5,0,0,0,2,5,1,0,182.88,190.5,170.0,0.09423828125,0.25,0.36235595703125,0.3712353515625,0.8289453125,0.545078125,0.20458984375,0.2890625,0.00390625,0.0,53.166748046875,17.9521484375,50.648681640625,19.69189453125,72.394287109375,34.951171875,66.896728515625,34.22900390625,1.232421875,0.849609375,1.78955078125,1.197265625,44.197509765625,12.982421875,39.38818359375,10.98681640625,4.83203125,2.875,6.712158203125,5.27392578125,4.13720703125,2.0947265625,4.54833984375,3.43115234375,42.866943359375,12.039794921875,36.109619140625,8.8447265625,7.3046875,3.85693359375,7.8828125,5.72802734375,2.9951171875,2.055419921875,6.65625,5.119140625,64.048095703125,159.32568359375,466.544921875,26,0,5,0,5,10,3,0,1,0,2,5,2,0,185.42,195.58,170.0,31.0,33.0,0,0,0,0,0,0,0,0,0,1,0,0,0,0,0,1,0,0,0,0,1,0,0,0
Red,True,0.132843017578125,0.017578125,0.5034619140625,0.3728836059570312,0.0371194458007812,0.1754525756835937,1.4300537109375,0.002593994140625,1.048828125,0.032440185546875,161.9879150390625,91.83966064453124,95.59283447265624,41.296234130859375,203.8125,128.58895874023438,101.84344482421876,46.371429443359375,1.5714111328125,0.053253173828125,3.51177978515625,1.06390380859375,134.93734741210938,71.45623779296875,70.2833251953125,21.99456787109375,21.999542236328125,15.8935546875,13.71923828125,10.176727294921877,5.051025390625,4.4898681640625,11.59027099609375,9.12493896484375,139.45001220703125,75.50112915039062,77.43048095703125,30.52890014648437,21.77081298828125,15.630035400390623,15.986846923828123,9.567138671875,0.76708984375,0.70849609375,2.175506591796875,1.2001953125,113.6236572265625,79.7088623046875,637.700439453125,36,1,5,0,5,11,5,0,0,1,1,1,8,0,182.88,193.04,170.0,0.125,0.5,0.383125,0.3406249999999999,0.394375,0.3175,1.375,2.0,0.0,0.0625,176.75,66.3125,148.375,52.9375,198.0625,85.8125,159.4375,63.375,2.3125,1.125,7.8125,2.75,133.75,35.125,103.25,24.25,24.375,18.5,24.75,14.0,18.625,12.6875,20.375,14.6875,153.3125,51.6875,138.9375,46.375,13.0,7.9375,6.1875,4.0625,10.4375,6.6875,3.25,2.5,128.25,160.0,1350.0,19,2,5,0,5,5,0,0,0,1,4,0,0,0,175.26,177.8,170.0,27.0,29.0,0,0,0,0,0,0,1,0,0,0,0,0,0,0,0,0,0,1,0,0,0,0,1,0
Red,False,0.0,0.125,0.380625,0.41625,0.125,0.195625,0.0625,0.5,0.0,0.0,257.5625,99.0,311.8125,112.0,264.375,105.5625,358.8125,153.125,0.125,0.125,7.0625,3.1875,220.5625,73.75,277.625,89.75,31.6875,21.125,27.25,15.5625,5.3125,4.125,6.9375,6.6875,255.25,97.8125,286.0625,92.3125,0.6875,0.4375,4.0625,2.875,1.625,0.75,21.6875,16.8125,30.4375,216.8125,900.0,15,0,0,2,1,2,3,0,0,1,1,0,0,0,167.64,177.8,135.0,0.1651611328125,0.501220703125,0.3824267578125,0.36685546875,0.128369140625,0.050537109375,0.03515625,0.5010986328125,0.008056640625,0.00830078125,143.6202392578125,48.163818359375,95.4476318359375,34.131591796875,164.10888671875,66.4044189453125,97.2088623046875,35.2545166015625,3.7049560546875,0.1409912109375,2.83642578125,0.64013671875,103.635986328125,22.5721435546875,55.0714111328125,11.486572265625,15.842041015625,11.0418701171875,12.7130126953125,8.893310546875,24.1422119140625,14.5498046875,27.6632080078125,13.751708984375,129.438720703125,41.6123046875,80.3031005859375,24.918212890625,13.6004638671875,6.21728515625,11.58935546875,7.43603515625,0.5810546875,0.334228515625,3.55517578125,1.77734375,40.1566162109375,60.7783203125,685.4737548828125,30,0,0,1,4,9,5,0,0,0,4,3,2,0,167.64,177.8,145.0,29.0,33.0,0,0,1,0,0,0,0,0,0,0,0,0,0,0,0,1,0,0,0,0,1,0,0,0
Red,False,0.126220703125,0.015625,0.417955322265625,0.41801513671875,0.1981884765625,0.36549072265625,0.50146484375,0.163330078125,0.25439453125,0.0028076171875,91.9224853515625,38.8692626953125,132.15576171875,57.3465576171875,112.34228515625,58.78369140625,155.322021484375,79.28857421875,4.89501953125,1.55029296875,4.1103515625,2.1529541015625,64.7113037109375,20.1484375,94.171142578125,23.7252197265625,14.036865234375,9.228759765625,15.5703125,13.255615234375,13.17431640625,9.4920654296875,22.414306640625,20.36572265625,84.8013916015625,33.0048828125,125.699951171875,52.966064453125,4.63818359375,4.2119140625,6.0322265625,4.23681640625,2.48291015625,1.6524658203125,0.423583984375,0.1436767578125,120.9862060546875,142.5606689453125,884.36279296875,37,0,0,1,2,7,7,0,0,1,2,3,0,1,175.26,180.34,145.0,0.521240234375,0.125,0.352109375,0.2380096435546875,0.09771728515625,0.5250872802734375,0.12872314453125,0.590087890625,0.0025634765625,0.00311279296875,116.25238037109376,39.0980224609375,160.64544677734375,39.7852783203125,123.41070556640624,45.67926025390625,167.5401611328125,45.537841796875,1.80084228515625,0.16412353515625,2.1378173828125,0.6893310546875,90.39007568359376,24.86444091796875,135.42938232421875,24.58111572265625,17.114990234375,7.58734130859375,10.93701171875,4.9713134765625,8.747314453125,6.646240234375,14.279052734375,10.23284912109375,105.42340087890624,32.23858642578125,151.4100341796875,35.11663818359375,5.49371337890625,2.64581298828125,8.17724609375,4.0396728515625,5.33526611328125,4.213623046875,1.05816650390625,0.62896728515625,44.46746826171875,34.89898681640625,675.5411376953125,34,0,0,2,6,9,6,0,0,1,2,4,2,0,175.26,185.42,155.0,26.0,36.0,0,0,0,0,0,0,1,0,0,0,0,0,0,0,0,1,0,0,0,0,0,0,1,0
Blue,False,0.015625,0.0,0.45,0.4275,0.25,0.2,0.148468017578125,0.098388671875,0.0,0.0,66.5,29.6875,64.31230545043945,27.34375,89.75,48.0,85.53125,44.41152191162109,2.0,0.75,2.0546875,0.75,51.1875,18.3359375,49.6123046875,16.280410766601562,7.5,5.07647705078125,7.5,5.0,4.5,3.625,4.984375,3.9375,48.6875,17.0,47.11572265625,16.5,5.75,3.75,5.3125,3.4375,5.0625,3.5,3.875,2.5,99.2119140625,94.125,638.5,0,0,0,0,0,0,0,0,0,0,0,0,0,0,172.72,177.8,155.0,0.0,0.0,0.5900000000000001,0.335,0.71,0.0,0.5,2.5,0.0,0.5,45.5,30.0,43.0,21.5,77.5,58.5,53.5,32.0,4.5,2.5,2.5,0.0,20.0,8.0,13.0,0.5,5.5,4.5,23.5,14.5,20.0,17.5,6.5,6.5,18.0,6.5,15.5,3.0,24.5,21.5,27.5,18.5,3.0,2.0,0.0,0.0,319.0,67.0,542.5,4,0,0,1,1,1,1,0,0,1,0,0,0,0,175.26,177.8,155.0,29.0,30.0,0,0,0,0,0,0,1,0,0,0,0,0,0,0,0,1,0,0,0,0,0,0,1,0
Red,False,0.25,0.0,0.4175,0.5974999999999999,0.0,0.25,1.75,1.0,0.0,0.5,34.25,16.0,24.25,16.0,50.25,30.75,54.0,38.5,1.5,0.0,0.25,0.25,25.75,10.5,16.75,9.5,7.25,4.25,5.75,4.75,1.25,1.25,1.75,1.75,23.25,8.0,13.25,7.25,5.75,4.25,2.25,1.0,5.25,3.75,8.75,7.75,41.0,109.25,202.5,3,0,1,0,1,1,2,0,0,0,0,1,0,0,172.72,172.72,135.0,0.0,0.5,0.36875,0.3375,0.25,0.5,0.0,0.125,0.0,0.0,139.875,49.375,189.75,63.875,148.375,57.625,203.125,76.75,4.5,0.75,0.875,0.5,120.5,33.875,164.625,48.0,10.75,8.0,16.0,8.75,8.625,7.5,9.125,7.125,132.75,44.5,182.625,58.375,5.0,3.375,4.75,3.5,2.125,1.5,2.375,2.0,69.75,48.125,642.625,9,0,2,0,2,2,2,0,0,0,1,1,0,0,165.1,167.64,135.0,26.0,30.0,1,0,0,0,0,0,0,0,0,0,0,0,0,0,0,1,0,0,0,0,1,0,0,0
Blue,False,0.25,0.0,0.30125,0.43,0.0,0.145,0.0,0.25,0.0,0.0,86.125,35.0,121.875,47.0,91.625,39.0,128.375,53.0,0.0,0.0,1.375,0.375,50.75,16.125,81.0,22.125,22.625,9.25,24.5,13.25,12.75,9.625,16.375,11.625,82.125,33.25,111.875,40.625,3.625,1.625,2.0,1.375,0.375,0.125,8.0,5.0,2.5,44.125,692.875,10,0,2,0,2,2,2,0,0,0,1,1,0,0,172.72,172.72,155.0,0.1640625,0.03125,0.30414306640625,0.41142822265625,0.28515625,0.1339013671875,0.03125,0.0546875,0.0078125,0.000244140625,175.699951171875,56.09619140625,139.44287109375,58.40869140625,201.043701171875,74.6083984375,157.43017578125,73.87646484375,4.162109375,2.06640625,4.238037109375,0.821533203125,134.3662109375,25.32373046875,112.091796875,35.60986328125,26.61474609375,18.113037109375,17.9736328125,14.888427734375,14.718994140625,12.659423828125,9.37744140625,7.910400390625,171.77392578125,53.5947265625,134.63916015625,54.87841796875,3.491943359375,2.202880859375,4.56396484375,3.32666015625,0.43408203125,0.298583984375,0.23974609375,0.20361328125,128.595703125,56.10693359375,816.30615234375,35,0,1,0,2,7,6,0,0,2,4,1,0,0,175.26,177.8,155.0,27.0,28.0,0,0,0,0,0,0,1,0,0,0,0,0,0,0,0,1,0,0,0,0,1,0,0,0
Red,False,0.156494140625,0.5205078125,0.4539599609375,0.46882568359375,0.002197265625,0.1805078125,0.0,0.0009765625,0.3125,0.0,34.646484375,13.93505859375,52.42236328125,23.072509765625,39.7998046875,18.8193359375,77.15869140625,42.2275390625,0.011962890625,0.006103515625,2.89990234375,1.5166015625,26.856201171875,7.662841796875,47.541748046875,18.416259765625,6.0087890625,4.74072265625,0.733642578125,0.698486328125,1.781494140625,1.531494140625,4.14697265625,3.957763671875,28.93505859375,10.6298828125,33.746826171875,11.598388671875,4.3916015625,2.44189453125,6.309326171875,3.34912109375,1.31982421875,0.86328125,12.3662109375,8.125,3.34326171875,169.365234375,384.40576171875,20,0,0,1,3,6,7,0,0,1,1,4,0,0,182.88,182.88,185.0,0.0244140625,0.0,0.378037109375,0.5393505859375,0.12677734375,0.90244140625,0.1328125,0.94140625,0.25048828125,0.12548828125,82.85302734375,32.119140625,86.96923828125,46.1533203125,105.2529296875,53.97998046875,120.14111328125,76.62060546875,1.46728515625,0.2548828125,3.06396484375,2.505859375,55.10986328125,14.16943359375,60.5224609375,24.23388671875,13.24365234375,9.03759765625,17.974609375,15.1171875,14.49951171875,8.912109375,8.47216796875,6.80224609375,71.87353515625,25.44775390625,65.00830078125,28.81201171875,9.103515625,5.62353515625,9.4423828125,8.28173828125,1.8759765625,1.0478515625,12.5185546875,9.0595703125,56.54052734375,267.7001953125,815.51123046875,29,2,0,4,4,4,8,0,0,1,1,2,0,0,180.34,190.5,170.0,31.0,32.0,0,0,0,0,0,0,0,1,0,0,0,0,0,0,0,1,0,0,0,0,1,0,0,0
Red,False,0.0,0.0,0.0,0.5,0.0,0.5,0.0,1.0,0.0,0.0,3.0,0.0,8.0,4.0,10.0,6.0,11.0,7.0,0.0,0.0,2.0,1.0,3.0,0.0,5.0,2.0,0.0,0.0,2.0,1.0,0.0,0.0,1.0,1.0,3.0,0.0,5.0,2.0,0.0,0.0,2.0,2.0,0.0,0.0,1.0,0.0,0.0,94.0,149.0,1,0,0,1,0,0,1,0,0,0,0,0,0,0,185.42,185.42,205.0,0.1875,0.125,0.7649999999999999,0.269375,0.625,0.39125,0.0,1.4375,0.5625,1.0,61.6875,48.25,30.125,10.25,90.3125,75.0,43.75,21.75,1.1875,1.125,4.6875,1.75,42.1875,30.1875,24.8125,7.125,14.3125,13.5625,3.625,1.75,5.1875,4.5,1.6875,1.375,38.1875,26.375,21.3125,4.75,2.125,1.625,1.0,0.75,21.375,20.25,7.8125,4.75,180.125,314.5,721.875,11,0,1,0,1,3,2,0,1,0,1,1,0,0,198.12,205.74,205.0,34.0,39.0,0,0,0,0,0,1,0,0,0,0,0,0,0,0,0,1,0,0,0,0,0,0,1,0
Blue,False,0.125,0.0,0.4475,0.52875,0.0,0.69,0.375,0.75,0.125,0.0,44.875,20.625,59.0,28.875,65.25,39.0,103.5,66.875,1.625,0.0,4.75,4.25,29.875,10.25,47.625,20.75,8.875,6.75,4.5,2.875,6.125,3.625,6.875,5.25,23.5,8.875,22.5,7.875,6.25,3.625,4.75,3.75,15.125,8.125,31.75,17.25,7.875,438.75,588.25,7,0,2,0,2,2,2,0,0,0,0,1,1,0,185.42,185.42,145.0,0.125,1.375,0.36375,0.385625,0.0625,0.084375,0.03125,0.125,0.0,0.0,135.625,66.46875,182.28125,57.75,151.03125,79.25,196.1875,70.40625,0.25,0.125,1.40625,0.65625,119.375,55.96875,161.84375,46.0,13.53125,8.8125,7.59375,2.25,2.71875,1.6875,12.84375,9.5,131.15625,63.4375,161.5,47.40625,0.53125,0.46875,0.15625,0.09375,3.9375,2.5625,20.625,10.25,33.75,116.0625,685.75,15,1,3,0,3,3,3,0,0,0,1,1,1,0,172.72,172.72,145.0,29.0,30.0,0,0,1,0,0,0,0,0,0,0,0,0,0,0,0,1,0,0,0,0,1,0,0,0
Red,False,0.57135009765625,0.50067138671875,0.3900238037109375,0.4073345947265625,0.08378662109375,0.2218017578125,0.53778076171875,0.021728515625,0.25390625,0.015625,79.0799560546875,29.5311279296875,91.1864013671875,37.09613037109375,87.96124267578125,36.98101806640625,109.32342529296876,50.627685546875,3.44085693359375,0.65081787109375,2.682373046875,0.83502197265625,70.19537353515625,23.32611083984375,76.49896240234375,26.08868408203125,8.5859375,6.1094970703125,9.44158935546875,7.35638427734375,0.29864501953125,0.09552001953125,5.245849609375,3.65106201171875,64.858642578125,20.64306640625,76.3663330078125,30.32000732421875,12.191162109375,7.49053955078125,8.7037353515625,5.41412353515625,2.0301513671875,1.39752197265625,6.1163330078125,1.36199951171875,104.6920166015625,188.48834228515625,628.8370971679688,31,0,4,0,4,11,4,0,0,2,2,2,5,0,182.88,182.88,170.0,0.34765625,0.0,0.6166796875,0.2777734375,0.209140625,0.3021875,0.046875,0.03125,0.0,0.0,79.609375,37.0078125,63.11328125,23.765625,102.25,56.37109375,83.5234375,42.8359375,4.2890625,1.40234375,1.8125,0.72265625,62.18359375,21.90234375,52.38671875,15.68359375,3.71484375,3.2734375,9.828125,7.2265625,13.7109375,11.83203125,0.8984375,0.85546875,56.8515625,18.4375,42.6171875,12.1796875,21.93359375,17.80859375,15.08984375,6.6796875,0.82421875,0.76171875,5.40625,4.90625,109.640625,136.578125,615.53515625,20,0,4,0,4,8,1,0,1,2,1,4,0,0,175.26,175.26,185.0,30.0,29.0,0,0,0,0,0,0,0,0,0,1,0,0,0,0,0,1,0,0,0,0,0,0,1,0
Red,False,0.5625,0.0,0.42671875,0.26796875,0.1143749999999999,0.2603125,0.453125,0.3125,0.0,0.125,26.734375,13.59375,17.921875,6.046875,42.484375,28.03125,24.03125,12.015625,1.359375,0.765625,1.0,0.3125,24.546875,11.40625,15.015625,4.546875,0.9375,0.9375,2.296875,1.234375,1.25,1.25,0.609375,0.265625,16.109375,5.375,13.921875,4.09375,4.25,3.34375,3.15625,1.546875,6.375,4.875,0.84375,0.40625,115.3125,36.5625,239.171875,14,0,2,0,2,4,3,0,0,0,2,1,1,0,182.88,187.96,205.0,0.25,0.0,0.6525000000000001,0.52,0.375,0.06,1.25,1.5,0.25,0.75,30.0,21.75,18.75,9.75,49.0,38.75,39.25,28.25,2.5,1.25,5.25,0.5,20.5,13.5,11.5,4.75,7.5,6.25,1.5,1.0,2.0,2.0,5.75,4.0,10.0,5.0,13.0,5.75,6.75,6.25,3.5,2.25,13.25,10.5,2.25,1.75,234.5,186.25,525.0,7,0,3,0,3,3,0,0,0,0,1,0,2,0,190.5,198.12,205.0,29.0,31.0,0,0,0,0,0,0,0,1,0,0,0,0,0,0,0,0,0,1,0,0,1,0,0,0
Red,True,0.375,0.0625,0.435625,0.3296875,0.0390625,0.4928125,0.4375,0.28125,0.375,0.21875,188.125,87.1875,137.75,57.375,204.5,101.78125,146.5,65.71875,0.3125,0.125,2.53125,1.1875,116.59375,32.96875,100.5,32.09375,23.40625,17.0625,30.875,21.53125,48.125,37.15625,6.375,3.75,178.8125,81.53125,132.75,54.71875,3.46875,1.5,2.8125,1.3125,5.84375,4.15625,2.1875,1.34375,33.4375,97.0625,939.9375,16,1,0,1,5,5,1,0,0,1,1,3,0,0,187.96,190.5,170.0,0.1103668212890625,0.001953125,0.4392949676513672,0.1727735137939453,0.659715805053711,0.0632415771484375,0.849853515625,0.00030517578125,0.1406707763671875,4.57763671875e-05,213.28585052490237,86.54951477050781,251.07757568359372,46.54045104980469,256.11327362060547,125.5561752319336,276.5267333984375,68.91751098632812,6.292533874511719,4.283355712890625,4.146995544433594,0.25225830078125,160.15614318847656,53.33635711669922,205.2078628540039,21.89447021484375,31.46198272705078,15.706329345703123,24.603729248046875,15.08551025390625,21.667724609375,17.50682830810547,21.26598358154297,9.560470581054688,194.57781219482425,72.81947326660156,244.9256896972656,43.51377868652344,4.050910949707031,3.387542724609375,3.880912780761719,1.8634567260742188,14.657127380371094,10.342498779296877,2.2709732055664062,1.1632156372070312,343.93739318847656,40.933570861816406,1476.5564575195312,53,11,2,0,9,16,2,0,0,1,8,5,2,0,180.34,193.04,185.0,28.0,31.0,0,0,0,0,0,0,0,0,0,1,0,0,0,0,0,1,0,0,0,0,1,0,0,0
Blue,False,0.3125,0.001953125,0.49216796875,0.29595703125,0.1998828124999999,0.07330078125,0.291015625,0.015625,0.001953125,0.00390625,62.14453125,31.521484375,68.716796875,24.775390625,78.654296875,44.59375,73.537109375,29.40234375,9.794921875,3.1171875,0.94921875,0.314453125,40.02734375,13.1953125,49.96484375,12.931640625,1.640625,1.16796875,14.00390625,8.767578125,20.4765625,17.158203125,4.748046875,3.076171875,42.65625,16.158203125,66.3125,23.302734375,14.62109375,11.5859375,1.990234375,1.302734375,4.8671875,3.77734375,0.4140625,0.169921875,238.92578125,23.611328125,635.865234375,25,0,0,2,3,6,4,0,0,0,3,1,2,0,172.72,177.8,155.0,0.0,0.001953125,0.575146484375,0.34248046875,0.550107421875,0.1123046875,0.390625,0.8486328125,0.1328125,0.0400390625,82.533203125,51.375,69.9609375,26.9580078125,126.453125,92.8203125,134.0908203125,87.9814453125,9.02734375,4.4931640625,0.5693359375,0.4091796875,60.9111328125,32.4140625,57.173828125,18.517578125,7.375,5.8388671875,8.146484375,4.2998046875,14.2470703125,13.1220703125,4.640625,4.140625,33.751953125,13.7353515625,55.044921875,16.955078125,11.5615234375,10.6328125,11.3623046875,7.9794921875,37.2197265625,27.0068359375,3.5537109375,2.0234375,533.72265625,64.9892578125,836.7763671875,25,0,0,1,3,7,4,0,0,0,3,0,4,0,172.72,190.5,155.0,28.0,31.0,0,0,0,0,0,0,1,0,0,0,0,0,0,0,0,0,0,1,0,0,1,0,0,0
Red,False,0.015625,0.0,0.45,0.4275,0.25,0.2,0.148468017578125,0.098388671875,0.0,0.0,66.5,29.6875,64.31230545043945,27.34375,89.75,48.0,85.53125,44.41152191162109,2.0,0.75,2.0546875,0.75,51.1875,18.3359375,49.6123046875,16.280410766601562,7.5,5.07647705078125,7.5,5.0,4.5,3.625,4.984375,3.9375,48.6875,17.0,47.11572265625,16.5,5.75,3.75,5.3125,3.4375,5.0625,3.5,3.875,2.5,99.2119140625,94.125,638.5,0,0,0,0,0,0,0,0,0,0,0,0,0,0,167.64,167.64,125.0,0.0625,0.0,0.405625,0.360625,0.25,0.365625,0.625,0.875,0.0,0.0,107.875,34.875,115.875,35.8125,118.0625,44.5625,127.5,45.5,1.0,0.25,1.9375,1.125,72.875,13.875,82.0625,14.75,18.5,10.8125,19.5,9.875,16.5,10.1875,14.3125,11.1875,97.875,27.0625,105.8125,29.5,3.5625,2.1875,5.75,4.8125,6.4375,5.625,4.3125,1.5,33.625,100.125,680.625,11,0,0,1,3,3,2,0,0,0,1,1,1,0,167.64,162.56,145.0,22.0,30.0,1,0,0,0,0,0,0,0,0,0,0,0,0,0,0,1,0,0,0,0,1,0,0,0
Red,False,0.0,0.0,0.52,0.44,0.0,0.0,1.0,0.0,0.0,0.0,21.0,11.0,18.0,8.0,22.0,12.0,18.0,8.0,0.0,0.0,0.0,0.0,16.0,7.0,12.0,2.0,2.0,2.0,0.0,0.0,3.0,2.0,6.0,6.0,21.0,11.0,18.0,8.0,0.0,0.0,0.0,0.0,0.0,0.0,0.0,0.0,33.0,0.0,132.0,1,0,1,0,1,1,0,0,0,0,0,0,1,0,170.18,180.34,155.0,0.5,0.0,0.3349999999999999,0.39,0.0,0.0,0.0,0.0,0.0,0.0,88.0,23.5,71.0,30.0,104.0,37.5,82.0,39.5,1.5,0.0,0.0,0.0,75.5,14.5,58.5,21.0,7.0,4.5,6.0,5.0,5.5,4.5,6.5,4.0,79.5,19.0,64.0,26.0,3.5,2.0,3.5,2.0,5.0,2.5,3.5,2.0,70.5,83.5,485.5,4,0,0,1,1,1,1,0,0,0,0,1,0,0,175.26,177.8,145.0,32.0,33.0,0,0,1,0,0,0,0,0,0,0,0,0,0,0,0,1,0,0,0,0,1,0,0,0
Red,False,0.0,0.25,0.545,0.4075,0.5800000000000001,0.25,0.75,0.5,0.25,0.25,31.75,14.75,89.75,31.25,61.5,41.75,148.25,82.5,4.5,2.75,1.5,0.5,27.75,11.0,69.0,15.25,2.25,2.0,11.0,7.0,1.75,1.75,9.75,9.0,23.25,8.0,67.75,18.25,3.0,2.25,6.0,3.75,5.5,4.5,16.0,9.25,282.0,179.75,820.0,8,0,2,0,2,2,1,0,0,0,1,0,1,0,175.26,175.26,155.0,0.0,0.0625,0.4388671875,0.47376953125,0.6051562500000001,0.063828125,0.57421875,0.07421875,0.00390625,0.140625,98.466796875,40.59765625,106.857421875,48.72265625,152.484375,87.876953125,136.51171875,75.9140625,6.240234375,3.712890625,0.95703125,0.189453125,74.30859375,21.810546875,85.42578125,31.28515625,17.869140625,13.45703125,13.279296875,9.65234375,6.2890625,5.330078125,8.15234375,7.78515625,73.583984375,23.6640625,87.279296875,35.033203125,8.67578125,5.212890625,9.701171875,6.91015625,16.20703125,11.720703125,9.876953125,6.779296875,281.0078125,77.87109375,796.8515625,29,0,3,0,3,6,4,0,0,1,3,1,0,0,185.42,193.04,170.0,29.0,26.0,0,0,0,0,0,0,0,0,0,1,0,0,0,0,0,0,0,1,0,0,0,0,1,0
Blue,False,0.0,0.0,0.37125,0.384375,0.245,0.0625,1.25,0.875,0.0,0.0,92.625,34.5,46.1875,20.375,184.5,111.125,64.3125,33.375,5.1875,1.0,0.25,0.125,84.125,28.25,42.875,17.0625,8.5,6.25,2.5,2.5,0.0,0.0,0.8125,0.8125,68.0,17.25,33.625,13.125,0.5,0.0,0.5,0.5,24.125,17.25,12.0625,6.75,396.1875,147.4375,792.8125,11,0,1,0,3,4,1,0,0,0,3,1,0,0,177.8,180.34,145.0,0.0,0.0,0.6,0.4549999999999999,0.205,0.215,1.25,0.0,0.0,0.0,96.5,44.25,61.0,31.25,123.75,70.5,73.0,42.75,3.25,0.75,3.75,1.25,76.75,26.0,44.25,16.5,14.75,14.0,8.0,6.5,5.0,4.25,8.75,8.25,68.25,22.5,46.75,19.75,26.25,19.75,11.75,9.5,2.0,2.0,2.5,2.0,59.25,169.5,533.5,7,0,3,0,3,3,0,0,0,0,2,0,1,0,180.34,177.8,145.0,28.0,25.0,0,0,1,0,0,0,0,0,0,0,0,0,0,0,0,1,0,0,0,0,1,0,0,0
Blue,False,0.0,0.0,0.45,0.49,0.0,1.0,0.0,1.0,0.0,0.0,212.0,96.0,132.0,65.0,240.0,121.0,169.0,94.0,0.0,0.0,2.0,2.0,165.0,65.0,113.0,52.0,40.0,25.0,17.0,11.0,7.0,6.0,2.0,2.0,204.0,90.0,107.0,51.0,5.0,3.0,5.0,2.0,3.0,3.0,20.0,12.0,14.0,224.0,594.0,2,0,0,1,0,0,1,0,0,0,0,0,0,0,160.02,170.18,135.0,0.0,1.0,0.44,0.36,0.0,0.2,0.0,1.0,0.0,0.0,18.0,8.0,50.0,18.0,22.0,12.0,65.0,33.0,0.0,0.0,5.0,1.0,13.0,5.0,29.0,8.0,2.0,2.0,10.0,6.0,3.0,1.0,11.0,4.0,18.0,8.0,42.0,12.0,0.0,0.0,2.0,2.0,0.0,0.0,6.0,4.0,0.0,171.0,311.0,2,0,0,1,0,0,1,0,0,0,0,0,0,0,165.1,165.1,125.0,22.0,36.0,0,0,0,1,0,0,0,0,0,0,0,0,0,0,0,1,0,0,0,0,0,0,1,0
Red,False,0.134765625,0.0,0.54087890625,0.45220703125,0.26484375,0.08607421875,0.271484375,0.9453125,0.0546875,0.34375,95.58984375,54.1328125,111.6875,54.34375,173.634765625,122.40625,146.984375,87.88671875,4.275390625,1.1640625,2.947265625,0.638671875,69.033203125,28.564453125,81.806640625,28.517578125,17.62890625,16.96484375,15.673828125,12.716796875,8.927734375,8.603515625,14.20703125,13.109375,75.712890625,37.068359375,87.291015625,34.97265625,18.486328125,16.04296875,21.755859375,17.546875,1.390625,1.021484375,2.640625,1.82421875,256.541015625,110.744140625,747.400390625,23,1,2,0,2,5,5,0,0,0,2,1,2,0,172.72,177.8,155.0,0.0625,0.75,0.315,0.41625,0.0,0.1975,0.0,1.5625,0.0,0.0,77.5625,28.3125,71.375,29.875,102.5625,52.3125,77.375,34.3125,0.3125,0.0,3.25,0.9375,63.25,19.5,68.4375,27.875,12.5625,7.3125,1.9375,1.125,1.75,1.5,1.0,0.875,65.75,19.3125,69.25,28.6875,7.1875,5.125,1.3125,0.6875,4.625,3.875,0.8125,0.5,27.0,69.8125,410.375,9,0,0,1,1,2,3,0,0,0,0,2,0,0,170.18,177.8,155.0,32.0,34.0,0,0,0,0,0,0,1,0,0,0,0,0,0,0,0,1,0,0,0,0,0,0,1,0
Red,False,0.0,0.5,0.43,0.45,0.1,0.0,2.0,1.0,1.0,0.0,84.0,39.5,88.0,40.5,117.0,67.0,141.0,85.0,4.0,0.5,0.0,0.0,55.0,19.0,59.0,22.0,10.5,6.5,18.0,10.5,18.5,14.0,11.0,8.0,74.5,33.5,69.0,28.0,2.5,2.0,2.0,1.5,7.0,4.0,17.0,11.0,116.5,340.0,900.0,6,0,1,0,1,1,1,0,0,0,1,0,0,0,170.18,172.72,135.0,0.5,0.0,0.3662499999999999,0.47875,0.625,0.125,0.0,0.0,0.0,0.5,98.875,38.625,79.875,37.75,137.5,70.0,110.125,64.625,2.75,1.75,0.875,0.125,80.125,26.25,59.625,20.125,9.75,7.125,17.875,15.25,9.0,5.25,2.375,2.375,66.75,19.875,56.875,19.0,16.25,10.0,22.875,18.625,15.875,8.75,0.125,0.125,316.0,105.125,817.5,11,0,1,0,1,2,2,0,0,1,0,1,0,0,170.18,175.26,135.0,34.0,28.0,1,0,0,0,0,0,0,0,0,0,0,0,0,0,0,1,0,0,0,0,1,0,0,0
Blue,False,0.0,0.5,0.435,0.395,0.5,0.0,0.0,0.0,0.0,0.0,97.0,43.5,118.5,47.0,98.5,45.0,137.0,65.0,1.5,1.0,1.0,0.0,65.5,20.0,86.5,25.0,23.0,17.0,17.0,12.5,8.5,6.5,15.0,9.5,90.5,39.0,101.0,36.5,6.0,4.5,17.0,10.5,0.5,0.0,0.5,0.0,36.5,41.5,744.5,5,0,0,1,1,1,1,0,0,0,1,0,0,0,175.26,177.8,185.0,0.1371002197265625,0.506256103515625,0.3531945037841797,0.3305226898193359,0.3925210571289063,0.3464216613769531,3.814697265625e-05,0.0069007873535156,0.000640869140625,0.0,209.40511322021484,75.52305221557617,145.07927703857422,46.15489959716797,215.62421798706052,80.37753295898438,182.7997093200684,77.1329460144043,1.6330795288085938,0.7853012084960938,2.0916099548339844,1.4821052551269531,186.67475128173828,57.134765625,127.81487655639648,35.64878463745117,19.19416046142578,15.019203186035156,10.133201599121094,4.970680236816406,3.536201477050781,3.369083404541016,7.131198883056641,5.535434722900391,202.74715423583984,71.77492904663086,125.94123077392578,35.11937713623047,2.0905532836914062,1.3466224670410156,3.434432983398437,1.9110107421875,4.567405700683594,2.401500701904297,15.70361328125,9.12451171875,34.35578536987305,120.60282135009766,1074.4777183532717,45,5,7,0,7,14,5,0,0,0,4,8,1,1,185.42,193.04,185.0,40.0,38.0,0,0,0,0,0,0,0,1,0,0,0,0,0,0,0,0,0,1,0,0,0,0,1,0
Red,False,0.015625,0.0,0.45,0.4275,0.25,0.2,0.148468017578125,0.098388671875,0.0,0.0,66.5,29.6875,64.31230545043945,27.34375,89.75,48.0,85.53125,44.41152191162109,2.0,0.75,2.0546875,0.75,51.1875,18.3359375,49.6123046875,16.280410766601562,7.5,5.07647705078125,7.5,5.0,4.5,3.625,4.984375,3.9375,48.6875,17.0,47.11572265625,16.5,5.75,3.75,5.3125,3.4375,5.0625,3.5,3.875,2.5,99.2119140625,94.125,638.5,0,0,0,0,0,0,0,0,0,0,0,0,0,0,170.18,170.18,135.0,0.0,0.25,0.65,0.405,0.25,0.634375,3.375,0.1875,0.625,0.5625,52.0,31.9375,39.5625,17.4375,64.5,42.625,74.125,48.1875,0.25,0.25,2.375,1.75,36.625,18.75,28.75,9.0625,11.3125,9.375,6.75,5.1875,4.0625,3.8125,4.0625,3.1875,47.5625,28.4375,24.4375,10.625,2.125,1.9375,2.0625,1.8125,2.3125,1.5625,13.0625,5.0,112.0625,240.6875,574.125,11,0,0,2,1,2,3,0,0,0,1,0,1,0,177.8,185.42,145.0,25.0,24.0,1,0,0,0,0,0,0,0,0,0,0,0,0,0,0,0,0,1,0,0,0,0,1,0
Blue,False,0.015625,0.0,0.45,0.4275,0.25,0.2,0.148468017578125,0.098388671875,0.0,0.0,66.5,29.6875,64.31230545043945,27.34375,89.75,48.0,85.53125,44.41152191162109,2.0,0.75,2.0546875,0.75,51.1875,18.3359375,49.6123046875,16.280410766601562,7.5,5.07647705078125,7.5,5.0,4.5,3.625,4.984375,3.9375,48.6875,17.0,47.11572265625,16.5,5.75,3.75,5.3125,3.4375,5.0625,3.5,3.875,2.5,99.2119140625,94.125,638.5,0,0,0,0,0,0,0,0,0,0,0,0,0,0,180.34,185.42,155.0,0.0,1.0,0.2724999999999999,0.53,0.0,0.29,1.5,0.75,0.0,0.0,16.75,4.5,25.75,14.75,16.75,4.5,101.0,82.75,0.0,0.0,2.5,0.75,15.25,3.0,24.5,13.75,0.0,0.0,1.0,0.75,1.5,1.5,0.25,0.25,16.25,4.5,11.0,4.5,0.25,0.0,0.25,0.0,0.25,0.0,14.5,10.25,11.75,325.0,403.0,6,0,1,0,1,1,2,0,0,0,0,0,1,0,172.72,175.26,155.0,28.0,34.0,0,0,0,0,0,0,1,0,0,0,0,0,0,0,0,1,0,0,0,0,1,0,0,0
Red,False,0.0703125,0.5,0.18015625,0.5155468750000001,0.3059375,0.09484375,0.8828125,0.2109375,0.078125,0.015625,31.1328125,10.96875,52.6796875,15.3984375,38.4296875,16.015625,70.328125,32.0390625,2.515625,1.71875,1.3125,0.390625,26.84375,7.7890625,43.8203125,10.6953125,2.921875,2.0625,4.40625,2.234375,1.3671875,1.1171875,4.453125,2.46875,25.0703125,7.2109375,41.9765625,9.21875,3.765625,2.640625,1.1484375,0.5546875,2.296875,1.1171875,9.5546875,5.625,97.8203125,117.8984375,450.4140625,19,0,1,0,2,4,4,0,0,0,2,1,1,0,180.34,187.96,170.0,0.25,0.125,0.6908203125,0.6615625,0.3194921874999999,0.233828125,0.03515625,0.203125,0.078125,0.1875,41.5390625,20.44921875,41.29296875,12.7890625,47.33984375,25.24609375,52.8359375,23.27734375,2.00390625,1.1015625,2.265625,0.59765625,31.09375,12.76171875,33.8203125,7.7265625,1.7734375,1.3984375,3.14453125,1.98828125,8.671875,6.2890625,4.328125,3.07421875,33.7109375,14.20703125,35.421875,8.140625,2.98046875,2.97265625,3.87890625,2.86328125,4.84765625,3.26953125,1.9921875,1.78515625,103.9765625,67.72265625,382.17578125,23,0,2,0,3,6,3,0,0,1,4,1,0,0,187.96,193.04,170.0,31.0,30.0,0,0,0,0,0,0,0,0,0,1,0,0,0,0,0,1,0,0,0,0,0,0,1,0
Red,False,0.0,0.0,0.16,0.96,0.5,1.0,1.0,0.0,2.0,1.0,6.0,1.0,50.0,48.0,24.0,17.0,94.0,90.0,4.0,2.0,2.0,2.0,5.0,1.0,33.0,31.0,1.0,0.0,15.0,15.0,0.0,0.0,2.0,2.0,6.0,1.0,13.0,12.0,0.0,0.0,0.0,0.0,0.0,0.0,37.0,36.0,439.0,326.0,900.0,3,0,0,1,0,0,1,0,0,0,0,0,0,0,182.88,182.88,185.0,0.0,0.0,0.4375,0.2825,0.29,0.25,0.0,0.25,0.0,0.0,129.5,60.0,149.25,43.0,164.75,93.5,156.75,50.25,7.75,2.25,1.5,0.25,98.5,36.5,125.5,29.0,11.5,7.75,12.75,7.0,19.5,15.75,11.0,7.0,112.25,51.0,140.0,37.25,13.75,7.25,9.25,5.75,3.5,1.75,0.0,0.0,185.0,7.5,900.0,9,0,0,1,1,1,2,0,0,0,1,0,0,0,182.88,185.42,185.0,30.0,31.0,0,0,0,0,0,0,0,1,0,0,0,0,0,0,0,1,0,0,0,0,0,0,1,0
Red,False,0.015625,0.0,0.38498046875,0.3136328124999999,0.61396484375,0.201640625,0.5546875,0.33203125,0.009765625,0.126953125,128.41796875,50.142578125,80.09375,23.673828125,149.8671875,70.5078125,95.46875,38.59765625,5.43359375,3.404296875,4.9375,1.65234375,91.095703125,20.90625,70.052734375,18.005859375,29.732421875,21.935546875,8.5625,4.578125,7.58984375,7.30078125,1.478515625,1.08984375,100.5859375,29.765625,71.501953125,19.650390625,13.421875,8.462890625,6.703125,2.392578125,14.41015625,11.9140625,1.888671875,1.630859375,232.138671875,187.236328125,890.759765625,28,0,0,1,6,7,3,0,0,2,3,1,1,0,175.26,180.34,170.0,0.0,0.009765625,0.6743542480468749,0.6797509765625,0.2359423828125,0.1913720703125,0.174560546875,0.0634765625,0.00048828125,0.0316162109375,59.981201171875,20.242919921875,61.5997314453125,24.8494873046875,78.0316162109375,35.113525390625,70.0115966796875,31.948486328125,5.714111328125,1.2523193359375,2.0631103515625,1.1876220703125,51.02490234375,13.8419189453125,52.012451171875,17.4312744140625,7.01611328125,5.0723876953125,5.2669677734375,3.6302490234375,1.940185546875,1.32861328125,4.3203125,3.7879638671875,47.510498046875,12.865234375,50.8646240234375,16.93505859375,8.5179443359375,4.500732421875,6.7392578125,4.3369140625,3.9527587890625,2.876953125,3.995849609375,3.5775146484375,122.89599609375,50.39404296875,475.1917724609375,33,1,5,0,5,10,4,0,0,0,4,1,5,0,185.42,182.88,170.0,28.0,34.0,0,0,0,0,0,0,0,0,0,1,0,0,0,0,0,0,0,1,0,0,0,0,1,0
Red,False,0.0,0.0,0.8,0.75,0.0,0.0,0.0,0.0,0.0,0.0,26.0,21.0,4.0,3.0,47.0,41.0,5.0,4.0,0.0,0.0,4.0,0.0,13.0,9.0,2.0,1.0,13.0,12.0,1.0,1.0,0.0,0.0,1.0,1.0,3.0,2.0,2.0,1.0,8.0,8.0,2.0,2.0,15.0,11.0,0.0,0.0,69.0,67.0,261.0,1,0,1,0,1,1,0,0,0,0,0,1,0,0,175.26,177.8,155.0,0.140625,0.00048828125,0.3520956420898438,0.2562533569335937,0.3980282592773437,0.01119873046875,0.2730712890625,0.063507080078125,6.103515625e-05,3.0517578125e-05,94.21417236328124,34.44512939453125,93.07388305664062,24.4954833984375,114.24505615234376,51.051605224609375,106.45712280273438,36.276214599609375,5.182647705078125,1.766632080078125,9.456268310546877,0.06695556640625,81.44500732421875,24.016082763671875,74.96539306640625,12.6995849609375,12.425323486328123,10.116485595703123,10.738555908203123,6.799072265625,0.343841552734375,0.31256103515625,7.36993408203125,4.996826171875,85.1317138671875,26.9622802734375,82.63992309570312,16.422210693359375,6.572509765625,5.964599609375,9.77130126953125,7.430938720703125,2.50994873046875,1.51824951171875,0.66265869140625,0.642333984375,76.08282470703125,181.2958068847656,840.0118103027344,39,0,0,1,3,10,6,0,0,2,4,1,3,0,177.8,180.34,155.0,34.0,29.0,0,0,0,0,0,0,1,0,0,0,0,0,0,0,0,0,0,1,0,0,0,0,1,0
Red,False,0.25,0.0,0.6699999999999999,0.47,0.25,0.2125,1.0,0.0,0.25,0.0,135.25,90.75,112.5,54.0,200.75,149.25,135.5,74.0,1.25,0.5,5.75,1.75,98.5,59.75,82.0,30.75,36.5,30.75,14.0,10.5,0.25,0.25,16.5,12.75,102.25,62.5,87.5,38.0,27.25,23.25,22.5,14.25,5.75,5.0,2.5,1.75,157.5,240.5,837.0,9,0,1,0,1,1,2,0,0,0,0,1,0,0,185.42,190.5,205.0,0.0,0.0,0.5,0.26,0.0,0.0,1.0,0.0,0.0,0.0,30.0,15.0,19.0,5.0,49.0,27.0,19.0,5.0,0.0,0.0,1.0,0.0,28.0,14.0,13.0,1.0,2.0,1.0,4.0,2.0,0.0,0.0,2.0,2.0,20.0,11.0,16.0,4.0,1.0,0.0,3.0,1.0,9.0,4.0,0.0,0.0,67.0,0.0,113.0,1,0,1,0,1,1,0,0,0,0,0,0,1,0,187.96,193.04,205.0,32.0,32.0,0,0,0,0,0,1,0,0,0,0,0,0,0,0,0,1,0,0,0,0,1,0,0,0
Red,False,0.25,0.0,0.665,0.2674999999999999,0.0,0.07,1.0,0.0,0.0,0.0,11.75,8.0,7.75,2.5,14.0,10.0,16.75,8.0,0.0,0.0,4.0,0.5,5.5,3.25,5.75,1.5,6.25,4.75,1.5,0.5,0.0,0.0,0.5,0.5,7.0,4.0,6.75,2.0,1.5,1.5,1.0,0.5,3.25,2.5,0.0,0.0,18.75,60.0,153.75,3,0,1,0,1,2,1,0,0,0,0,1,1,0,182.88,187.96,170.0,9.1552734375e-05,0.51171875,0.2861111450195313,0.6948056030273437,0.2434240722656249,0.1841705322265625,0.032440185546875,0.33990478515625,0.5,0.2626953125,39.856292724609375,22.4111328125,27.032379150390625,10.2052001953125,114.43850708007812,87.3516845703125,41.9349365234375,23.984588623046875,5.039642333984375,2.48101806640625,0.890167236328125,0.5616455078125,28.802032470703125,13.258880615234377,22.463104248046875,6.6685791015625,6.61761474609375,4.9310302734375,1.82318115234375,1.36676025390625,4.4366455078125,4.221221923828125,2.74609375,2.16986083984375,13.541290283203123,5.11553955078125,17.0760498046875,4.462005615234375,11.107147216796877,6.676239013671875,7.134063720703125,4.026885986328125,15.207855224609377,10.619354248046877,2.822265625,1.71630859375,294.0135803222656,84.1998291015625,457.9532165527344,44,1,8,0,8,13,3,0,0,1,8,1,3,0,182.88,187.96,170.0,28.0,34.0,0,0,0,0,0,0,0,0,0,1,0,0,0,0,0,1,0,0,0,0,1,0,0,0
Red,False,0.12548828125,0.015625,0.476729736328125,0.49764892578125,0.56779052734375,0.02548095703125,0.8546142578125,0.0081787109375,0.2813720703125,0.2501220703125,82.2381591796875,39.00341796875,61.9747314453125,29.9107666015625,175.1138916015625,121.0709228515625,72.8966064453125,40.19091796875,5.0982666015625,3.1263427734375,1.060302734375,0.2220458984375,59.143310546875,21.063720703125,47.0867919921875,18.2872314453125,16.3043212890625,12.7982177734375,6.977783203125,5.37841796875,6.79052734375,5.1414794921875,7.91015625,6.2451171875,38.1595458984375,11.8782958984375,41.72119140625,17.3668212890625,24.7105712890625,15.9163818359375,18.02197265625,10.858642578125,19.3680419921875,11.208740234375,2.2315673828125,1.685302734375,541.318115234375,87.4395751953125,827.22119140625,36,1,0,1,3,8,6,0,0,0,4,2,2,0,193.04,200.66,205.0,1.20697021484375,0.0,0.5677862548828125,0.4905267333984375,0.066650390625,0.15255859375,0.188720703125,0.0625,0.0001220703125,0.0625,40.2784423828125,23.8663330078125,44.09832763671875,21.84515380859375,45.8699951171875,28.974609375,98.1451416015625,71.6846923828125,0.067138671875,0.066650390625,3.2198486328125,0.6973876953125,30.40618896484375,16.0377197265625,36.9766845703125,15.84808349609375,6.6014404296875,5.51092529296875,5.4892578125,4.77044677734375,3.27081298828125,2.31768798828125,1.63238525390625,1.22662353515625,22.0615234375,10.3948974609375,20.49212646484375,6.44097900390625,4.99835205078125,3.71893310546875,6.193115234375,3.8883056640625,13.21856689453125,9.75250244140625,17.4130859375,11.515869140625,24.91986083984375,281.4915771484375,491.2755126953125,34,11,15,0,15,15,0,0,0,0,2,10,3,0,187.96,195.58,185.0,35.0,37.0,0,0,0,0,0,1,0,0,0,0,0,0,0,0,0,1,0,0,0,0,0,0,1,0
Red,False,0.0,0.0,0.12,0.33,0.0,0.0,0.0,0.0,0.0,0.0,16.0,2.0,12.0,4.0,17.0,3.0,12.0,4.0,0.0,0.0,0.0,0.0,15.0,2.0,9.0,3.0,1.0,0.0,3.0,1.0,0.0,0.0,0.0,0.0,16.0,2.0,12.0,4.0,0.0,0.0,0.0,0.0,0.0,0.0,0.0,0.0,0.0,0.0,88.0,1,0,0,1,0,0,1,0,0,0,0,0,0,0,182.88,187.96,205.0,0.0,0.0,0.34546875,0.2046875,0.20078125,0.1875,0.15625,0.0625,0.0,0.25,77.328125,24.875,57.21875,18.078125,89.453125,34.53125,71.5,30.859375,4.015625,1.28125,1.1875,0.75,54.984375,11.34375,53.078125,16.09375,14.875,8.671875,3.375,1.375,7.46875,4.859375,0.765625,0.609375,60.765625,14.5625,45.484375,11.03125,7.765625,4.9375,7.234375,3.546875,8.796875,5.375,4.5,3.5,130.65625,107.328125,607.984375,18,0,5,0,5,5,2,0,0,0,3,0,2,0,187.96,200.66,205.0,25.0,28.0,0,0,0,0,0,1,0,0,0,0,0,0,0,0,0,0,0,1,0,0,1,0,0,0
Red,False,0.25,0.75,0.4975,0.515,0.25,0.3125,0.0,0.0,0.0,0.0,46.5,28.0,39.75,21.25,47.75,29.25,52.0,31.0,0.25,0.25,1.25,0.5,27.25,12.25,31.75,14.0,9.25,7.5,3.25,2.75,10.0,8.25,4.75,4.5,35.25,21.0,33.0,16.5,5.5,3.25,3.75,2.75,5.75,3.75,3.0,2.0,12.5,43.25,283.25,5,0,1,0,1,1,2,0,0,0,0,1,0,0,193.04,195.58,242.0,0.375,0.25,0.54515625,0.5449999999999999,0.0153125,0.28125,0.734375,0.5,0.640625,0.59375,35.15625,17.921875,34.5,13.71875,54.5,36.265625,37.671875,16.53125,1.25,0.09375,1.09375,0.53125,30.78125,13.96875,28.1875,8.78125,4.125,3.703125,3.0,2.515625,0.25,0.25,3.3125,2.421875,25.71875,9.09375,26.34375,7.328125,7.5,6.953125,5.90625,4.796875,1.9375,1.875,2.25,1.59375,84.125,59.5625,267.75,14,2,2,0,2,4,3,0,0,0,2,1,1,0,190.5,195.58,240.0,28.0,36.0,0,0,0,0,1,0,0,0,0,0,0,0,0,0,0,1,0,0,0,0,1,0,0,0
Red,False,0.0,0.0,0.35,0.43,0.0,0.0,0.0,0.0,0.0,0.0,93.0,33.0,90.0,39.0,103.0,42.0,92.0,39.0,0.0,0.0,2.0,0.0,82.0,23.0,80.0,32.0,10.0,10.0,9.0,6.0,1.0,0.0,1.0,1.0,78.0,23.0,90.0,39.0,4.0,2.0,0.0,0.0,11.0,8.0,0.0,0.0,28.0,5.0,473.0,2,0,1,0,1,1,0,0,0,0,0,1,0,0,172.72,170.18,145.0,0.0,0.0,0.47,0.38,0.0,0.0,0.0,1.0,0.0,0.0,76.0,36.0,83.0,32.0,100.0,60.0,129.0,74.0,2.0,0.0,4.0,0.0,46.0,13.0,61.0,16.0,22.0,16.0,9.0,6.0,8.0,7.0,13.0,10.0,63.0,25.0,71.0,24.0,4.0,2.0,1.0,1.0,9.0,9.0,11.0,7.0,270.0,65.0,900.0,3,1,1,0,1,1,0,0,0,0,1,0,0,0,170.18,185.42,145.0,26.0,28.0,0,0,1,0,0,0,0,0,0,0,0,0,0,0,0,1,0,0,0,0,1,0,0,0
Red,False,0.0,0.0,1.0,0.56,0.42,0.0,1.0,0.0,0.0,0.0,1.0,1.0,64.0,36.0,2.0,2.0,72.0,44.0,7.0,3.0,2.0,0.0,0.0,0.0,41.0,17.0,0.0,0.0,15.0,12.0,1.0,1.0,8.0,7.0,0.0,0.0,56.0,30.0,1.0,1.0,6.0,4.0,0.0,0.0,2.0,2.0,135.0,16.0,388.0,2,0,1,0,1,1,0,0,0,0,0,0,1,0,180.34,185.42,155.0,0.0,0.0,0.43,0.35,0.0,0.0,0.0,0.0,0.0,0.0,90.0,39.0,93.0,33.0,92.0,39.0,103.0,42.0,2.0,0.0,0.0,0.0,80.0,32.0,82.0,23.0,9.0,6.0,10.0,10.0,1.0,1.0,1.0,0.0,90.0,39.0,78.0,23.0,0.0,0.0,4.0,2.0,0.0,0.0,11.0,8.0,5.0,28.0,473.0,2,0,0,1,0,0,1,0,0,0,0,0,0,0,175.26,182.88,155.0,34.0,34.0,0,0,0,0,0,0,1,0,0,0,0,0,0,0,0,1,0,0,0,0,1,0,0,0
Red,False,0.015625,0.0,0.45,0.4275,0.25,0.2,0.148468017578125,0.098388671875,0.0,0.0,66.5,29.6875,64.31230545043945,27.34375,89.75,48.0,85.53125,44.41152191162109,2.0,0.75,2.0546875,0.75,51.1875,18.3359375,49.6123046875,16.280410766601562,7.5,5.07647705078125,7.5,5.0,4.5,3.625,4.984375,3.9375,48.6875,17.0,47.11572265625,16.5,5.75,3.75,5.3125,3.4375,5.0625,3.5,3.875,2.5,99.2119140625,94.125,638.5,0,0,0,0,0,0,0,0,0,0,0,0,0,0,170.18,180.34,155.0,0.0,2.0,0.52,0.37,0.0,0.0,0.0,0.0,0.0,0.0,73.0,38.0,111.0,42.0,74.0,39.0,124.0,46.0,2.0,0.0,0.0,0.0,60.0,25.0,80.0,27.0,6.0,6.0,30.0,14.0,7.0,7.0,1.0,1.0,61.0,32.0,99.0,35.0,12.0,6.0,3.0,3.0,0.0,0.0,9.0,4.0,0.0,53.0,900.0,3,1,0,1,0,0,1,0,0,0,0,0,0,0,182.88,182.88,170.0,25.0,30.0,0,0,0,0,0,0,0,0,0,1,0,0,0,0,0,1,0,0,0,0,1,0,0,0
Red,False,0.0,0.0,0.33,0.75,0.0,0.33,0.0,1.0,0.0,0.0,15.0,5.0,16.0,12.0,15.0,5.0,32.0,27.0,2.0,0.0,3.0,1.0,12.0,2.0,13.0,9.0,1.0,1.0,3.0,3.0,2.0,2.0,0.0,0.0,12.0,4.0,4.0,2.0,3.0,1.0,8.0,6.0,0.0,0.0,4.0,4.0,25.0,68.0,167.0,1,0,0,1,0,0,1,0,0,0,0,0,0,0,170.18,170.18,145.0,0.5,0.5,0.48,0.36,0.5,0.58,0.5,0.5,0.0,0.0,43.0,21.0,83.0,30.5,61.0,34.5,135.5,73.0,0.5,0.5,3.5,1.0,35.5,15.0,76.0,24.5,5.0,4.5,7.0,6.0,2.5,1.5,0.0,0.0,28.0,12.0,50.0,12.5,2.5,1.5,4.5,2.0,12.5,7.5,28.5,16.0,138.0,226.5,595.5,4,1,1,0,1,1,1,0,0,0,0,0,1,0,170.18,162.56,145.0,23.0,25.0,0,0,1,0,0,0,0,0,0,0,0,0,0,0,0,1,0,0,0,0,1,0,0,0
Blue,False,0.0,0.125,0.4578125,0.353125,0.0,0.269375,0.625,0.09375,0.03125,0.0,80.34375,35.25,68.90625,23.625,98.4375,50.625,85.25,37.375,1.125,0.0,5.59375,1.59375,60.0625,18.15625,52.8125,13.78125,6.5625,5.0625,11.03125,5.59375,13.71875,12.03125,5.0625,4.25,70.96875,28.40625,55.8125,15.28125,9.125,6.84375,8.8125,5.65625,0.25,0.0,4.28125,2.6875,81.21875,122.4375,697.1875,16,0,2,0,2,4,2,0,0,1,1,0,1,1,187.96,190.5,185.0,0.4140625,0.6875,0.34734375,0.5025000000000001,0.0078125,0.0,0.0,0.0,0.0,0.125,50.1875,18.984375,39.140625,20.6953125,53.296875,20.84375,40.0546875,21.546875,0.2890625,0.0078125,1.0390625,0.0,44.53125,13.484375,36.8671875,18.765625,1.8125,1.65625,1.0390625,0.8984375,3.84375,3.84375,1.234375,1.03125,36.1015625,12.453125,30.640625,14.7421875,1.484375,0.3359375,3.25,2.203125,12.6015625,6.1953125,5.25,3.75,24.0,4.5546875,222.78125,11,0,0,1,3,4,4,0,0,0,1,3,0,0,187.96,195.58,185.0,25.0,31.0,0,0,0,0,0,0,0,1,0,0,0,0,0,0,0,1,0,0,0,0,0,0,1,0
Blue,False,0.0,0.0,0.5,0.56,0.0,1.0,0.0,0.0,0.0,0.0,2.0,1.0,50.0,28.0,4.0,3.0,84.0,53.0,0.0,0.0,1.0,1.0,1.0,0.0,50.0,28.0,0.0,0.0,0.0,0.0,1.0,1.0,0.0,0.0,1.0,1.0,0.0,0.0,0.0,0.0,0.0,0.0,1.0,0.0,50.0,28.0,0.0,209.0,216.0,1,0,0,1,0,0,1,0,0,0,0,0,0,0,193.04,208.28,264.0,0.1875,0.0,0.47375,0.215625,0.66625,0.0,0.5625,0.5,0.0,0.125,39.1875,17.9375,26.125,10.75,45.0,23.25,43.0,26.5625,2.0625,1.5,0.125,0.0,28.5,9.6875,18.25,4.8125,3.9375,2.3125,1.75,1.5,6.75,5.9375,6.125,4.4375,26.875,9.625,22.3125,7.5625,4.75,3.9375,3.8125,3.1875,7.5625,4.375,0.0,0.0,171.25,27.6875,404.125,9,0,1,0,3,4,1,0,0,0,1,2,1,0,198.12,200.66,255.0,33.0,30.0,0,0,0,0,1,0,0,0,0,0,0,0,0,0,0,1,0,0,0,0,1,0,0,0
Blue,False,0.5,0.0,0.47,0.65,0.125,0.8300000000000001,1.0,1.5,0.0,1.0,72.75,34.75,61.75,38.25,105.75,61.5,108.25,79.25,9.25,2.25,5.5,4.0,50.5,18.0,49.0,26.0,17.0,12.75,10.25,9.75,5.25,4.0,2.5,2.5,40.0,14.75,32.25,12.5,22.0,14.5,15.25,13.25,10.75,5.5,14.25,12.5,226.75,436.75,900.0,9,0,0,1,1,1,2,0,0,0,1,0,0,0,177.8,177.8,155.0,0.00048828125,0.5166015625,0.45041259765625,0.5504492187500001,0.08990234375,0.5752001953125,0.48583984375,0.128662109375,0.0322265625,0.015625,52.816650390625,25.949951171875,47.37451171875,23.26123046875,73.81689453125,44.65625,69.233154296875,39.58251953125,1.33544921875,0.294189453125,1.921142578125,1.33984375,42.9931640625,17.16259765625,36.993408203125,14.060302734375,8.052734375,7.4970703125,9.34423828125,8.337890625,1.770751953125,1.290283203125,1.036865234375,0.863037109375,37.792236328125,14.48193359375,32.610595703125,12.7373046875,13.82666015625,10.67138671875,11.388671875,8.95751953125,1.19775390625,0.796630859375,3.375244140625,1.56640625,37.660888671875,165.218994140625,374.760498046875,29,0,0,1,2,6,7,0,0,0,2,0,3,1,180.34,182.88,170.0,29.0,29.0,0,0,0,0,0,0,0,0,0,1,0,0,0,0,0,1,0,0,0,0,1,0,0,0
Red,False,0.0,0.0,0.22,0.7,0.0,0.21,0.5,0.5,0.5,0.0,30.5,13.5,61.5,38.0,33.5,16.5,89.0,64.0,2.5,0.0,3.5,1.5,20.5,7.0,39.0,18.5,4.0,1.5,16.5,14.0,6.0,5.0,6.0,5.5,28.5,12.5,37.5,17.5,1.5,1.0,14.0,12.0,0.5,0.0,10.0,8.5,17.5,209.0,464.5,4,0,1,0,1,1,1,0,0,0,0,0,0,0,180.34,182.88,155.0,0.0,0.0,0.5,0.14,1.0,0.0,1.0,2.0,0.0,1.0,14.0,7.0,7.0,1.0,15.0,8.0,16.0,10.0,2.0,2.0,0.0,0.0,11.0,6.0,7.0,1.0,1.0,0.0,0.0,0.0,2.0,1.0,0.0,0.0,9.0,3.0,7.0,1.0,1.0,1.0,0.0,0.0,4.0,3.0,0.0,0.0,130.0,2.0,185.0,1,0,0,1,0,0,1,0,0,0,0,0,0,0,175.26,177.8,155.0,31.0,30.0,0,0,0,0,0,0,1,0,0,0,0,0,0,0,0,0,0,0,1,0,0,0,1,0
Blue,False,0.03125,0.0,0.5163671875,0.4125,0.2503125,0.1765625,0.0625,0.00390625,0.0,0.0,82.8125,39.63671875,70.46875,28.828125,150.3515625,99.625,93.421875,46.75,6.97265625,2.01171875,1.6640625,0.578125,64.6328125,25.44140625,54.58203125,15.0859375,8.0859375,6.15625,10.81640625,9.3203125,10.09375,8.0390625,5.0703125,4.421875,56.33203125,19.09765625,54.66796875,16.4609375,14.65625,12.03515625,15.4921875,12.0625,11.82421875,8.50390625,0.30859375,0.3046875,423.5,55.73046875,880.453125,26,0,1,0,3,6,3,0,0,1,3,1,1,0,172.72,180.34,170.0,0.50390625,0.0,0.63208984375,0.5306640625,0.2437890625,0.10265625,0.1328125,0.0078125,0.0,0.015625,82.994140625,50.759765625,68.2578125,34.734375,130.1171875,88.82421875,83.7265625,49.28125,10.28125,3.546875,4.8984375,0.58203125,57.455078125,29.0078125,46.228515625,15.12109375,14.31640625,10.845703125,9.912109375,7.88671875,11.22265625,10.90625,12.1171875,11.7265625,37.837890625,15.115234375,44.400390625,16.2421875,22.044921875,17.458984375,19.4921875,14.396484375,23.111328125,18.185546875,4.365234375,4.095703125,424.5390625,130.25390625,894.619140625,26,0,3,0,3,7,3,0,0,1,4,2,0,0,182.88,185.42,170.0,32.0,38.0,0,0,0,0,0,0,0,0,0,1,0,0,0,0,0,1,0,0,0,0,1,0,0,0
Red,False,0.0,1.0,0.465,0.525,0.375,0.0,1.5,0.5,0.0,1.5,17.5,7.5,37.5,19.0,28.5,17.0,73.5,50.0,7.5,4.5,0.5,0.0,13.0,3.0,32.0,14.5,2.5,2.5,3.0,2.5,2.0,2.0,2.5,2.0,11.5,4.5,22.5,10.0,1.5,1.0,7.0,4.5,4.5,2.0,8.0,4.5,223.0,30.0,383.5,4,0,0,2,0,0,2,0,0,0,0,0,0,0,182.88,190.5,170.0,0.9609375,0.5,0.439765625,0.3134375,0.168515625,0.00390625,0.0234375,0.09375,0.0234375,0.046875,63.375,28.3984375,50.015625,15.234375,76.9453125,38.1953125,64.6875,27.2578125,2.375,0.7734375,1.0703125,0.0078125,54.28125,20.875,40.4296875,10.015625,5.359375,4.1640625,7.921875,4.0625,3.734375,3.359375,1.6640625,1.15625,48.1171875,20.6953125,42.5,10.8125,6.203125,4.546875,5.6484375,3.21875,9.0546875,3.15625,1.8671875,1.203125,167.625,41.078125,491.0,18,0,0,1,6,6,2,0,0,1,1,3,0,1,175.26,180.34,170.0,36.0,27.0,0,0,0,0,0,0,0,0,0,1,0,0,0,0,0,1,0,0,0,0,1,0,0,0
Red,False,0.0625,0.125,0.409375,0.373125,0.27125,0.4375,0.25,0.375,0.25,0.875,72.4375,32.4375,100.5,38.9375,106.5625,62.0625,124.3125,61.25,6.9375,1.875,1.0625,0.5625,61.0,24.375,88.375,29.0,6.5,3.25,7.1875,5.3125,4.9375,4.8125,4.9375,4.625,57.5,19.125,86.5,29.125,3.0625,2.4375,9.3125,7.6875,11.875,10.875,4.6875,2.125,319.125,168.6875,799.0,12,0,1,0,1,2,3,0,0,0,1,1,0,0,177.8,182.88,155.0,0.0,0.0234375,0.40453125,0.364453125,0.230234375,0.0625,1.4453125,2.0703125,0.0390625,0.2734375,20.125,8.2265625,17.2421875,8.0,46.6171875,32.8359375,36.1015625,25.1953125,3.34375,1.4609375,0.84375,0.25,15.40625,5.6953125,12.5390625,3.9453125,1.8125,1.6640625,2.390625,2.0390625,2.90625,0.8671875,2.3125,2.015625,12.7734375,2.9296875,11.4609375,3.390625,0.4375,0.359375,2.4453125,1.890625,6.9140625,4.9375,3.3359375,2.71875,317.6484375,66.859375,501.8671875,20,0,0,2,5,5,3,0,0,2,3,0,0,0,175.26,180.34,155.0,33.0,32.0,0,0,0,0,0,0,1,0,0,0,0,0,0,0,0,1,0,0,0,0,0,0,1,0
Red,False,0.0,0.0,0.46375,0.4131249999999999,0.41625,0.138125,0.0,0.875,0.0625,0.25,98.3125,41.8125,70.8125,27.0,118.4375,59.4375,83.0,38.625,7.3125,2.75,4.1875,0.8125,74.875,21.375,58.25,16.6875,9.125,7.625,7.1875,5.0,14.3125,12.8125,5.375,5.3125,70.875,19.9375,64.9375,22.6875,18.0,15.9375,5.375,3.8125,9.4375,5.9375,0.5,0.5,274.1875,73.375,824.0,13,0,1,0,3,4,1,0,0,1,2,1,0,0,175.26,180.34,155.0,0.625,0.0,0.3874999999999999,0.34375,0.3125,0.034375,0.0,0.375,0.3125,0.0,137.1875,54.0625,119.875,39.8125,141.1875,58.0625,126.375,45.625,1.375,0.3125,4.6875,0.4375,97.125,28.3125,99.0625,26.1875,24.875,13.0,10.875,5.3125,15.1875,12.75,9.9375,8.3125,126.4375,46.0625,107.5625,30.3125,7.8125,6.5625,3.0,1.8125,2.9375,1.4375,9.3125,7.6875,80.0625,96.1875,771.375,11,1,0,1,2,3,2,0,0,0,2,1,0,0,177.8,185.42,155.0,33.0,26.0,0,0,0,0,0,0,1,0,0,0,0,0,0,0,0,1,0,0,0,0,0,0,1,0
Red,False,0.015625,0.0,0.45,0.4275,0.25,0.2,0.148468017578125,0.098388671875,0.0,0.0,66.5,29.6875,64.31230545043945,27.34375,89.75,48.0,85.53125,44.41152191162109,2.0,0.75,2.0546875,0.75,51.1875,18.3359375,49.6123046875,16.280410766601562,7.5,5.07647705078125,7.5,5.0,4.5,3.625,4.984375,3.9375,48.6875,17.0,47.11572265625,16.5,5.75,3.75,5.3125,3.4375,5.0625,3.5,3.875,2.5,99.2119140625,94.125,638.5,0,0,0,0,0,0,0,0,0,0,0,0,0,0,165.1,170.18,125.0,0.5,0.0,0.315,0.2199999999999999,0.25,0.0,0.0,0.0,0.0,0.0,128.5,43.5,123.0,40.5,130.5,45.5,124.0,41.5,2.0,1.0,2.5,0.0,110.5,30.0,102.5,32.0,12.5,8.5,16.0,6.0,5.5,5.0,4.5,2.5,124.0,41.5,112.0,34.5,3.0,1.0,11.0,6.0,1.5,1.0,0.0,0.0,7.5,1.0,507.0,4,1,2,0,2,2,0,0,0,0,1,1,0,0,160.02,167.64,135.0,27.0,28.0,0,0,0,1,0,0,0,0,0,0,0,0,0,0,0,1,0,0,0,0,1,0,0,0
Blue,False,0.125,0.0,0.41875,0.3662499999999999,0.125,0.1137499999999999,0.0,0.125,0.0,0.0,112.125,47.0,144.0,52.5,114.0,48.625,167.375,71.875,0.375,0.25,10.375,1.5,57.25,12.875,102.625,25.25,21.25,15.125,16.875,11.5,33.625,19.0,24.5,15.75,92.875,33.5,117.125,34.875,17.75,12.875,20.375,12.0,1.5,0.625,6.5,5.625,47.25,142.625,900.0,12,0,1,0,1,2,2,0,0,1,1,0,0,0,167.64,170.18,145.0,0.5,0.0,0.29,0.44,0.0,0.2,0.5,1.0,0.0,0.5,72.0,21.5,66.0,36.5,75.0,24.0,121.0,90.5,0.0,0.0,2.5,1.0,54.0,13.0,50.5,24.5,5.5,3.0,11.5,8.0,12.5,5.5,4.0,4.0,71.5,21.0,44.5,18.5,0.5,0.5,1.0,1.0,0.0,0.0,20.5,17.0,7.5,250.5,532.5,4,0,1,0,1,1,1,0,0,0,0,1,0,0,175.26,177.8,145.0,29.0,29.0,0,0,1,0,0,0,0,0,0,0,0,0,0,0,0,1,0,0,0,0,1,0,0,0
Red,False,0.015625,0.0,0.45,0.4275,0.25,0.2,0.148468017578125,0.098388671875,0.0,0.0,66.5,29.6875,64.31230545043945,27.34375,89.75,48.0,85.53125,44.41152191162109,2.0,0.75,2.0546875,0.75,51.1875,18.3359375,49.6123046875,16.280410766601562,7.5,5.07647705078125,7.5,5.0,4.5,3.625,4.984375,3.9375,48.6875,17.0,47.11572265625,16.5,5.75,3.75,5.3125,3.4375,5.0625,3.5,3.875,2.5,99.2119140625,94.125,638.5,0,0,0,0,0,0,0,0,0,0,0,0,0,0,162.56,165.1,125.0,0.0,0.0,0.83,0.53,0.66,0.25,1.0,0.0,1.0,1.0,18.0,15.0,28.0,15.0,100.0,84.0,40.0,27.0,3.0,2.0,4.0,1.0,9.0,7.0,19.0,7.0,7.0,6.0,7.0,6.0,2.0,2.0,2.0,2.0,8.0,5.0,22.0,10.0,3.0,3.0,3.0,3.0,7.0,7.0,3.0,2.0,348.0,250.0,900.0,3,0,1,0,1,1,0,0,0,0,1,0,0,0,167.64,165.1,125.0,29.0,32.0,0,0,0,1,0,0,0,0,0,0,0,0,0,0,0,1,0,0,0,0,1,0,0,0
Red,False,0.25,0.0,0.425,0.505,0.6425,0.125,0.0,0.0,0.0,0.0,81.75,35.0,67.0,30.75,107.25,57.25,75.0,38.25,2.75,2.0,0.5,0.25,69.5,24.5,48.0,15.75,5.25,4.25,11.0,9.75,7.0,6.25,8.0,5.25,66.25,22.75,59.75,26.0,4.0,3.0,4.25,3.0,11.5,9.25,3.0,1.75,181.25,14.0,482.75,6,0,3,0,3,3,0,0,0,0,1,2,0,0,193.04,203.2,240.0,0.265625,0.076171875,0.2518749999999999,0.5962890624999999,0.255859375,0.111328125,0.8017578125,0.080078125,0.0966796875,0.00390625,33.3544921875,17.01953125,31.8671875,20.5078125,44.619140625,26.2197265625,35.0771484375,22.5546875,0.2568359375,0.255859375,0.111328125,0.111328125,23.7939453125,8.6044921875,16.4453125,7.4130859375,3.1171875,2.7919921875,5.7333984375,5.09375,6.443359375,5.623046875,9.6884765625,8.0009765625,29.388671875,14.2939453125,29.9072265625,19.1875,0.3525390625,0.2978515625,0.37109375,0.30078125,3.61328125,2.427734375,1.5888671875,1.01953125,18.810546875,46.79296875,261.1083984375,17,0,0,1,3,8,3,0,1,0,0,3,4,0,210.82,213.36,265.0,30.0,24.0,0,0,0,0,1,0,0,0,0,0,0,0,0,0,0,1,0,0,0,0,1,0,0,0
Blue,False,0.015625,0.0,0.45,0.4275,0.25,0.2,0.148468017578125,0.098388671875,0.0,0.0,66.5,29.6875,64.31230545043945,27.34375,89.75,48.0,85.53125,44.41152191162109,2.0,0.75,2.0546875,0.75,51.1875,18.3359375,49.6123046875,16.280410766601562,7.5,5.07647705078125,7.5,5.0,4.5,3.625,4.984375,3.9375,48.6875,17.0,47.11572265625,16.5,5.75,3.75,5.3125,3.4375,5.0625,3.5,3.875,2.5,99.2119140625,94.125,638.5,0,0,0,0,0,0,0,0,0,0,0,0,0,0,172.72,172.72,145.0,0.0471682548522949,0.0,0.45,0.4217682266235352,0.25,0.19173828125,0.1875,0.125,0.0,0.0,69.5,30.5,66.984375,27.8466796875,94.0,48.544921875,88.50390625,44.75,2.0,0.8125,2.015625,0.6640625,54.0,19.01513671875,51.483436584472656,16.9437255859375,7.91796875,5.430633544921875,7.75,5.0625,4.780975341796875,3.9373779296875,4.8994140625,3.84375,51.025390625,18.400863647460938,50.515625,17.5,5.75,3.75,5.5,3.5,5.375,3.6875,4.0,2.65625,104.865234375,89.5,655.8441009521484,0,0,0,0,0,0,0,0,0,0,0,0,0,0,172.72,175.26,145.0,30.0,23.0,0,0,1,0,0,0,0,0,0,0,0,0,0,0,0,1,0,0,0,0,1,0,0,0
Blue,False,0.015625,0.0,0.45,0.4275,0.25,0.2,0.148468017578125,0.098388671875,0.0,0.0,66.5,29.6875,64.31230545043945,27.34375,89.75,48.0,85.53125,44.41152191162109,2.0,0.75,2.0546875,0.75,51.1875,18.3359375,49.6123046875,16.280410766601562,7.5,5.07647705078125,7.5,5.0,4.5,3.625,4.984375,3.9375,48.6875,17.0,47.11572265625,16.5,5.75,3.75,5.3125,3.4375,5.0625,3.5,3.875,2.5,99.2119140625,94.125,638.5,0,0,0,0,0,0,0,0,0,0,0,0,0,0,185.42,200.66,205.0,0.0625,0.0,0.4015625,0.4853125,0.07046875,0.29953125,0.0,1.0,0.0,0.140625,56.15625,25.703125,60.734375,29.765625,62.921875,32.015625,106.109375,68.421875,2.75,0.9375,2.171875,1.375,37.140625,11.65625,46.03125,19.640625,9.015625,6.390625,11.640625,7.796875,10.0,7.65625,3.0625,2.328125,43.953125,17.65625,41.640625,19.25,11.171875,7.375,9.046875,5.859375,1.03125,0.671875,10.046875,4.65625,50.75,218.6875,451.5625,17,0,0,1,4,4,3,0,0,1,2,1,0,0,193.04,200.66,205.0,32.0,30.0,0,0,0,0,0,1,0,0,0,0,0,0,0,0,0,1,0,0,0,0,1,0,0,0
Red,False,0.5,0.0,0.45125,0.3475,0.12375,0.0525,0.0,0.75,0.125,0.5,86.875,39.875,85.5,28.125,113.0,59.0,100.625,39.75,2.25,0.75,2.75,0.375,53.625,19.375,57.125,11.0,17.625,11.625,11.625,6.375,15.625,8.875,16.75,10.75,70.375,29.5,78.25,23.25,1.375,0.75,4.125,2.375,15.125,9.625,3.125,2.5,188.125,46.625,821.375,10,0,0,1,3,3,1,0,0,2,1,0,0,0,170.18,172.72,135.0,0.5,0.5,0.35,0.385,0.4,0.125,0.5,1.0,0.0,0.5,61.5,23.0,77.5,30.0,78.5,37.5,84.5,36.0,2.5,2.0,2.5,0.5,57.0,21.5,63.0,23.5,4.0,1.0,10.5,3.5,0.5,0.5,4.0,3.0,40.0,10.5,64.5,24.5,1.5,0.5,4.0,2.0,20.0,12.0,9.0,3.5,168.5,54.5,397.0,3,0,0,1,1,1,1,0,0,0,0,0,1,0,167.64,172.72,135.0,33.0,34.0,1,0,0,0,0,0,0,0,0,0,0,0,0,0,0,1,0,0,0,0,1,0,0,0
Blue,False,0.00390625,0.01611328125,0.5177685546875,0.47376953125,0.3682568359375,0.4888085937499999,1.29296875,0.6220703125,0.572265625,0.0283203125,116.53125,65.49853515625,95.24755859375,45.9228515625,140.97509765625,85.796875,203.42578125,140.44677734375,8.001953125,2.5224609375,3.716796875,1.3798828125,91.07861328125,43.22265625,79.76416015625,33.27294921875,11.38720703125,10.27685546875,10.9716796875,9.333984375,14.0654296875,11.9990234375,4.51171875,3.31591796875,64.42822265625,29.7080078125,75.33447265625,31.609375,30.41552734375,23.69921875,18.23974609375,13.32470703125,21.6875,12.09130859375,1.67333984375,0.98876953125,336.54296875,185.560546875,846.392578125,28,0,0,1,4,8,4,0,0,0,4,2,2,0,177.8,172.72,155.0,0.0,0.0,0.28,0.35,0.0,0.0,2.75,0.0,0.0,0.0,7.0,1.5,11.5,3.75,11.25,4.25,13.25,5.5,1.25,0.0,0.0,0.0,6.75,1.25,9.25,2.25,0.25,0.25,1.0,0.75,0.0,0.0,1.25,0.75,7.0,1.5,10.75,3.0,0.0,0.0,0.0,0.0,0.0,0.0,0.75,0.75,1.75,104.25,173.25,3,0,3,0,3,3,0,0,0,0,0,0,3,0,182.88,185.42,155.0,29.0,24.0,0,0,0,0,0,0,1,0,0,0,0,0,0,0,0,1,0,0,0,0,1,0,0,0
Red,False,0.0078125,0.640625,0.4428125,0.45953125,0.0625,0.12703125,0.0,0.265625,0.0,0.0,86.96875,36.4296875,59.296875,26.15625,90.390625,38.90625,62.5703125,28.828125,0.5,0.125,3.171875,0.4296875,66.984375,21.984375,43.1484375,15.8984375,15.7734375,10.796875,9.03125,4.1015625,4.2109375,3.6484375,7.1171875,6.15625,70.6484375,24.2890625,50.84375,20.2890625,15.8359375,11.828125,4.75,3.25,0.484375,0.3125,3.703125,2.6171875,21.171875,87.1796875,341.0625,14,0,2,0,2,4,4,0,0,1,2,1,0,0,177.8,177.8,170.0,1.0,0.0,0.475,0.39,0.0,0.5,0.0,0.0,0.0,0.0,19.0,8.5,39.5,24.0,27.0,16.0,54.5,38.0,0.0,0.0,1.5,1.0,15.5,5.5,36.5,22.5,0.0,0.0,1.0,1.0,3.5,3.0,2.0,0.5,13.0,5.0,9.5,2.0,2.5,2.0,0.0,0.0,3.5,1.5,30.0,22.0,11.5,175.5,240.0,3,0,1,0,1,1,1,0,0,0,0,1,0,0,185.42,193.04,170.0,34.0,30.0,0,0,0,0,0,0,0,0,0,1,0,0,0,0,0,1,0,0,0,0,1,0,0,0
Red,False,0.0,0.00390625,0.4228906249999999,0.4607421875,0.305625,0.356796875,0.5078125,0.0,0.0,0.0,138.6953125,57.859375,132.30859375,54.21484375,165.67578125,81.81640625,140.89453125,60.140625,3.7890625,0.78125,8.61328125,2.69921875,91.2109375,26.69921875,110.5546875,39.40234375,27.9453125,14.9296875,15.66796875,9.3203125,19.5390625,16.23046875,6.0859375,5.4921875,115.6484375,42.640625,117.14453125,44.0078125,16.71875,11.5625,12.58203125,8.53515625,6.328125,3.65625,2.58203125,1.671875,105.140625,335.99609375,844.66796875,22,1,1,0,2,6,3,0,0,1,3,1,1,0,177.8,190.5,170.0,0.51171875,0.1875,0.4226953125,0.46703125,0.13671875,0.1367578125,0.375,0.7265625,0.0,0.28125,82.03125,26.5078125,99.703125,47.1875,87.15625,30.875,119.5234375,64.65625,1.6953125,0.2734375,1.078125,0.87109375,75.25,21.82421875,74.73046875,28.5625,3.765625,2.3203125,20.59375,14.7890625,3.015625,2.36328125,4.37890625,3.8359375,72.62109375,20.51953125,82.56640625,36.0,6.5546875,3.78125,11.80078125,7.8671875,2.85546875,2.20703125,5.3359375,3.3203125,54.609375,144.9609375,530.44140625,23,1,4,0,4,5,4,0,0,2,1,2,0,0,182.88,187.96,170.0,32.0,30.0,0,0,0,0,0,0,0,0,0,1,0,0,0,0,0,1,0,0,0,0,1,0,0,0
Red,False,0.0,0.5,0.78,0.515,0.8300000000000001,0.0,1.5,1.0,0.5,0.5,22.5,16.5,44.5,21.5,63.0,52.5,65.5,39.0,6.0,4.5,1.0,0.0,16.5,11.0,29.0,10.5,4.5,4.0,11.0,7.0,1.5,1.5,4.5,4.0,9.5,5.0,20.5,8.5,5.0,4.5,11.0,6.5,8.0,7.0,13.0,6.5,461.0,110.5,740.0,5,0,2,0,2,2,0,0,0,0,1,0,1,0,175.26,175.26,155.0,0.5625,0.0,0.4278125,0.40796875,0.30828125,0.3406249999999999,1.046875,0.234375,0.015625,0.296875,128.015625,55.515625,86.90625,36.234375,228.8125,137.265625,131.5,75.25,5.828125,2.046875,5.4375,2.0,111.359375,42.265625,65.890625,19.921875,13.3125,10.0,11.96875,8.453125,3.34375,3.25,9.046875,7.859375,95.359375,35.4375,70.59375,22.515625,9.515625,6.65625,7.484375,5.890625,23.140625,13.421875,8.828125,7.828125,269.890625,232.65625,890.25,19,0,4,0,4,6,1,0,0,1,4,1,0,0,185.42,190.5,170.0,29.0,25.0,0,0,0,0,0,0,0,0,0,1,0,0,0,0,0,0,0,1,0,0,1,0,0,0
Blue,False,0.125,0.125,0.37,0.5,0.455,0.1975,0.0,1.0,0.125,0.0,95.875,27.75,65.5,30.875,112.5,43.625,99.0,62.375,3.625,1.625,5.5,1.0,69.5,11.25,41.875,14.5,13.5,7.25,8.375,4.625,12.875,9.25,15.25,11.75,86.875,21.5,47.625,17.0,5.875,4.125,14.0,10.625,3.125,2.125,3.875,3.25,175.625,208.625,820.0,10,0,2,0,2,3,1,0,0,0,2,1,0,0,185.42,187.96,185.0,0.0471682548522949,0.0,0.45,0.4217682266235352,0.25,0.19173828125,0.1875,0.125,0.0,0.0,69.5,30.5,66.984375,27.8466796875,94.0,48.544921875,88.50390625,44.75,2.0,0.8125,2.015625,0.6640625,54.0,19.01513671875,51.483436584472656,16.9437255859375,7.91796875,5.430633544921875,7.75,5.0625,4.780975341796875,3.9373779296875,4.8994140625,3.84375,51.025390625,18.400863647460938,50.515625,17.5,5.75,3.75,5.5,3.5,5.375,3.6875,4.0,2.65625,104.865234375,89.5,655.8441009521484,0,0,0,0,0,0,0,0,0,0,0,0,0,0,185.42,185.42,185.0,24.0,30.0,0,0,0,0,0,0,0,1,0,0,0,0,0,0,0,1,0,0,0,0,1,0,0,0
Blue,False,0.015625,0.0,0.45,0.4275,0.25,0.2,0.148468017578125,0.098388671875,0.0,0.0,66.5,29.6875,64.31230545043945,27.34375,89.75,48.0,85.53125,44.41152191162109,2.0,0.75,2.0546875,0.75,51.1875,18.3359375,49.6123046875,16.280410766601562,7.5,5.07647705078125,7.5,5.0,4.5,3.625,4.984375,3.9375,48.6875,17.0,47.11572265625,16.5,5.75,3.75,5.3125,3.4375,5.0625,3.5,3.875,2.5,99.2119140625,94.125,638.5,0,0,0,0,0,0,0,0,0,0,0,0,0,0,180.34,182.88,170.0,0.1328125,0.0,0.403515625,0.5561328125,0.5625,0.836328125,0.26171875,0.30078125,0.2578125,0.0,40.42578125,15.24609375,34.84765625,16.90625,53.11328125,26.015625,49.9921875,30.05078125,1.3125,1.15625,1.5234375,1.46484375,36.16796875,11.13671875,30.34765625,13.9296875,2.40625,2.2578125,3.3984375,1.99609375,1.8515625,1.8515625,1.1015625,0.98046875,29.6328125,7.56640625,25.625,10.4609375,1.6171875,0.7734375,2.42578125,1.4921875,9.17578125,6.90625,6.796875,4.953125,144.8046875,118.68359375,401.42578125,15,1,0,1,2,4,5,0,0,0,0,2,2,0,185.42,190.5,170.0,24.0,30.0,0,1,0,0,0,0,0,0,0,0,0,0,0,0,0,0,0,0,1,0,1,0,0,0
Blue,False,1.0,0.0,0.485,0.465,0.5,0.175,0.0,0.0,0.0,0.0,118.0,59.5,110.5,50.5,149.0,87.0,121.5,61.0,0.5,0.5,9.0,1.5,75.0,21.5,59.5,9.5,20.0,16.5,18.0,14.0,23.0,21.5,33.0,27.0,96.0,40.5,90.0,33.5,14.5,12.5,17.0,14.0,7.5,6.5,3.5,3.0,31.0,279.0,807.0,6,0,1,0,1,1,1,0,0,0,1,0,0,0,172.72,180.34,145.0,0.0,0.0,0.41,0.495,0.495,0.2375,0.0,0.75,0.0,0.25,112.0,44.25,85.75,43.5,172.25,102.0,140.5,94.0,3.75,2.5,5.25,2.25,83.5,21.25,67.5,26.5,9.25,7.75,7.75,7.5,19.25,15.25,10.5,9.5,87.75,26.0,75.25,36.0,10.25,7.75,6.0,4.5,14.0,10.5,4.5,3.0,280.75,196.5,900.0,9,0,0,2,1,1,2,0,0,0,1,0,0,0,175.26,185.42,145.0,26.0,26.0,0,0,1,0,0,0,0,0,0,0,0,0,0,0,0,1,0,0,0,0,1,0,0,0
Blue,False,0.0,0.5,0.21,0.38,0.33,0.0,0.0,0.0,0.0,0.0,84.0,19.0,97.0,29.5,85.0,20.0,97.5,30.0,1.5,1.0,0.0,0.0,70.0,11.0,80.0,16.0,10.0,6.5,7.5,4.0,4.0,1.5,9.5,9.5,72.5,14.5,95.0,28.0,1.5,0.0,0.0,0.0,10.0,4.5,2.0,1.5,33.0,2.0,519.0,4,1,0,2,0,0,2,0,0,0,0,0,0,0,190.5,190.5,205.0,0.40625,0.0,0.505,0.62421875,0.16125,0.0578125,0.03125,0.09375,0.078125,0.109375,58.640625,28.03125,81.53125,56.0,78.734375,46.5,131.546875,99.6875,2.25,0.609375,1.453125,0.328125,54.25,24.234375,64.046875,39.859375,0.921875,0.859375,16.515625,15.171875,3.46875,2.9375,0.96875,0.96875,42.375,16.796875,55.796875,33.640625,11.828125,7.453125,22.96875,20.640625,4.4375,3.78125,2.765625,1.71875,198.78125,160.5625,583.8125,15,0,0,2,3,4,3,0,0,0,1,2,1,0,182.88,187.96,205.0,28.0,33.0,0,0,0,0,0,1,0,0,0,0,0,0,0,0,0,1,0,0,0,0,1,0,0,0
Red,True,0.5050048828125,0.126953125,0.4708404541015625,0.276363525390625,0.0020751953125,0.144306640625,0.56396484375,0.000244140625,0.03125,0.00048828125,25.44122314453125,12.046875,15.46722412109375,4.98077392578125,38.91021728515625,24.451416015625,25.40203857421875,13.60064697265625,0.0091552734375,0.0069580078125,4.4691162109375,1.156494140625,23.60504150390625,11.277099609375,12.5379638671875,3.271240234375,0.658447265625,0.093994140625,0.90533447265625,0.74517822265625,1.177734375,0.67578125,2.02392578125,0.96435546875,10.36407470703125,2.7652587890625,10.20526123046875,2.474609375,5.04913330078125,1.67230224609375,1.370361328125,0.66387939453125,10.02801513671875,7.60931396484375,3.8916015625,1.84228515625,45.171875,97.85546875,254.38623046875,21,3,3,0,3,10,5,0,0,0,0,7,2,1,182.88,187.96,185.0,0.3134765625,0.0,0.501572265625,0.3021484375,0.53576171875,0.0,0.595703125,0.0,0.0,0.0,144.306640625,72.0634765625,94.24609375,28.6181640625,156.0234375,81.9609375,97.546875,31.908203125,2.5576171875,1.2939453125,2.4521484375,0.0,96.791015625,41.4560546875,66.1669921875,11.046875,25.583984375,13.984375,16.0087890625,7.7783203125,21.931640625,16.623046875,12.0703125,9.79296875,119.0751953125,53.849609375,85.01171875,25.1064453125,17.96875,12.939453125,7.7099609375,3.4873046875,7.2626953125,5.2744140625,1.5244140625,0.0244140625,118.8173828125,7.05078125,1085.021484375,27,4,3,0,7,10,1,0,0,0,3,3,4,0,193.04,213.36,205.0,35.0,25.0,0,0,0,0,0,1,0,0,0,0,0,0,0,0,0,0,0,1,0,0,1,0,0,0
Red,False,0.0,0.0,0.565,0.425,0.375,0.6,0.0,0.0,0.5,0.0,65.0,37.0,60.5,25.5,151.5,115.0,121.0,73.0,5.0,2.0,4.5,2.5,40.0,16.5,47.0,14.5,18.0,15.5,12.5,10.5,7.0,5.0,1.0,0.5,36.5,15.5,31.5,6.0,11.0,8.0,10.5,8.0,17.5,13.5,18.5,11.5,342.0,322.0,900.0,6,0,1,0,1,1,1,0,0,0,1,0,0,0,180.34,182.88,170.0,0.125,0.375,0.33125,0.365,0.29125,0.4599999999999999,0.625,0.125,0.5,0.0,118.125,42.875,115.125,37.25,153.875,76.875,124.625,45.5,1.875,0.625,4.875,2.125,96.75,25.625,90.375,20.125,13.75,11.375,16.25,11.0,7.625,5.875,8.5,6.125,96.5,27.375,98.875,25.75,16.875,12.125,13.75,9.75,4.75,3.375,2.5,1.75,179.5,124.5,807.75,10,0,1,0,1,2,2,0,0,0,2,0,0,0,182.88,193.04,170.0,24.0,36.0,0,0,0,0,0,0,0,0,0,1,0,0,0,0,0,0,0,1,0,0,0,0,1,0
Red,False,0.0625,0.0,0.51203125,0.4014062499999999,0.5346875,0.314375,1.234375,0.6875,0.125,0.0,50.046875,26.4375,49.0,18.859375,55.96875,32.046875,50.421875,20.03125,1.546875,0.84375,1.5,0.671875,33.828125,13.296875,40.6875,14.5,8.640625,6.203125,5.71875,2.578125,7.578125,6.9375,2.59375,1.78125,39.328125,19.28125,40.203125,14.109375,6.046875,4.8125,5.421875,2.6875,4.671875,2.34375,3.375,2.0625,47.75,51.25,320.875,11,0,2,0,2,4,3,0,0,0,0,0,4,0,177.8,187.96,155.0,0.75,0.0,0.475,0.3374999999999999,0.5,0.375,0.25,0.25,0.0,0.0,79.25,37.5,85.75,30.0,87.75,43.0,98.5,39.75,1.25,0.75,4.25,2.0,66.0,28.0,65.25,16.25,5.5,3.75,14.75,10.0,7.75,5.75,5.75,3.75,69.5,30.75,74.0,22.75,2.5,1.75,3.0,2.0,7.25,5.0,8.75,5.25,30.25,123.75,496.5,6,0,0,1,2,2,1,0,0,0,0,2,0,0,172.72,177.8,145.0,22.0,28.0,0,0,1,0,0,0,0,0,0,0,0,0,0,0,0,1,0,0,0,0,1,0,0,0
Blue,True,0.5,0.0,0.5193749999999999,0.43,0.24875,0.2199999999999999,0.0,0.3125,0.3125,0.125,142.6875,74.8125,122.25,52.875,176.5,104.6875,182.8125,107.0,7.0,2.0625,10.3125,2.75,83.25,27.1875,77.9375,19.9375,34.4375,27.375,27.5625,21.5,25.0,20.25,16.75,11.4375,108.0,47.125,85.6875,26.6875,34.5,27.5,30.5,22.25,0.1875,0.1875,6.0625,3.9375,141.5,262.875,975.0,17,1,2,0,2,3,2,0,0,0,3,0,0,0,160.02,167.64,125.0,0.5,0.0,0.3925,0.4275,0.1725,0.0,0.5,0.0,0.0,0.0,90.5,37.5,49.25,21.25,106.0,51.25,53.5,24.75,8.25,1.75,0.5,0.0,51.5,15.5,39.5,13.5,21.25,13.25,6.75,6.0,17.75,8.75,3.0,1.75,81.5,30.0,45.5,19.0,4.75,4.75,3.0,1.75,4.25,2.75,0.75,0.5,144.5,8.75,605.5,8,0,3,0,3,3,0,0,0,0,2,1,0,0,162.56,165.1,125.0,26.0,28.0,0,0,0,1,0,0,0,0,0,0,0,0,0,0,0,1,0,0,0,0,0,0,1,0
Red,False,0.015625,0.265625,0.4907812499999999,0.403828125,0.55515625,0.15125,1.2421875,0.078125,0.0,0.078125,152.75,63.7109375,105.0546875,34.25,174.1328125,84.46875,121.4921875,48.8984375,2.0078125,1.2734375,6.578125,1.34375,145.5546875,59.6484375,86.453125,23.4140625,6.25,3.40625,10.515625,5.765625,0.9453125,0.65625,8.0859375,5.0703125,134.7421875,49.421875,89.03125,25.015625,11.984375,9.515625,14.6796875,8.5078125,6.0234375,4.7734375,1.34375,0.7265625,178.59375,69.7265625,650.9296875,19,0,4,0,4,6,2,0,0,2,1,1,1,1,177.8,177.8,155.0,0.015625,0.015625,0.50265625,0.380625,0.513828125,0.2215625,1.3125,1.0703125,0.5078125,1.09375,81.84375,44.78125,62.90625,25.09375,121.453125,82.7109375,76.046875,37.2890625,4.6484375,2.296875,3.5546875,1.296875,55.6875,22.3984375,50.46875,16.640625,18.1640625,14.9453125,5.4375,2.59375,7.9921875,7.4375,7.0,5.859375,53.703125,23.4296875,48.3203125,17.25,18.0859375,14.125,4.0078125,2.0234375,10.0546875,7.2265625,10.578125,5.8203125,326.984375,185.28125,848.578125,22,0,1,0,2,5,3,0,0,1,2,1,1,0,177.8,182.88,155.0,30.0,28.0,0,0,0,0,0,0,1,0,0,0,0,0,0,0,0,0,0,1,0,0,1,0,0,0
Red,False,0.9375,0.0,0.456796875,0.5164453125,0.0,0.20140625,0.125,0.3515625,0.0,0.0,37.9609375,19.15625,26.30859375,13.859375,59.96875,37.453125,53.83203125,38.8984375,0.02734375,0.0,2.34765625,1.265625,30.54296875,12.6328125,19.11328125,8.0078125,2.66796875,2.25,6.16015625,5.40625,4.75,4.2734375,1.03515625,0.4453125,21.77734375,8.79296875,13.19921875,4.61328125,6.56640625,3.97265625,4.9609375,3.01171875,9.6171875,6.390625,8.1484375,6.234375,73.94140625,144.86328125,340.64453125,19,0,0,1,3,6,3,0,0,0,2,3,1,0,185.42,187.96,205.0,0.12554931640625,0.02740478515625,0.399161376953125,0.3114190673828125,0.22960693359375,0.3325665283203124,0.0079345703125,0.01629638671875,9.1552734375e-05,3.0517578125e-05,133.7734375,57.51220703125,106.2825927734375,33.413177490234375,186.8453063964844,106.78085327148438,162.89706420898438,84.21051025390625,2.989013671875,0.98114013671875,6.470947265625,2.301605224609375,116.39389038085938,43.625732421875,87.99285888671875,20.28094482421875,13.330078125,9.9974365234375,13.02520751953125,8.910797119140625,4.049468994140625,3.8890380859375,5.2645263671875,4.221435546875,103.76043701171876,37.05572509765625,81.17190551757812,18.33676147460937,17.2869873046875,11.944244384765623,14.04852294921875,8.672637939453125,12.72601318359375,8.512237548828125,11.062164306640623,6.403778076171875,185.37890625,267.24285888671875,812.5469360351562,37,1,4,0,4,12,4,0,0,1,3,8,0,0,185.42,190.5,185.0,31.0,33.0,0,0,0,0,0,0,0,1,0,0,0,0,0,0,0,1,0,0,0,0,1,0,0,0
Red,False,0.015625,0.0,0.45,0.4275,0.25,0.2,0.148468017578125,0.098388671875,0.0,0.0,66.5,29.6875,64.31230545043945,27.34375,89.75,48.0,85.53125,44.41152191162109,2.0,0.75,2.0546875,0.75,51.1875,18.3359375,49.6123046875,16.280410766601562,7.5,5.07647705078125,7.5,5.0,4.5,3.625,4.984375,3.9375,48.6875,17.0,47.11572265625,16.5,5.75,3.75,5.3125,3.4375,5.0625,3.5,3.875,2.5,99.2119140625,94.125,638.5,0,0,0,0,0,0,0,0,0,0,0,0,0,0,180.34,180.34,205.0,0.015625,0.504150390625,0.36564697265625,0.37079345703125,0.15002685546875,0.03125,0.0,0.000244140625,0.0,0.0,70.13330078125,25.457275390625,116.298583984375,43.1689453125,75.259033203125,29.537109375,124.9951171875,49.89453125,8.26708984375,0.521484375,0.34765625,0.03125,58.525390625,19.335205078125,98.439453125,29.244384765625,2.057861328125,1.111083984375,11.87744140625,8.971923828125,9.550048828125,5.010986328125,5.981689453125,4.95263671875,63.310791015625,22.438720703125,91.41357421875,26.985595703125,4.03466796875,2.148193359375,13.21435546875,8.51513671875,2.787841796875,0.870361328125,11.670654296875,7.668212890625,54.822509765625,29.163818359375,670.291748046875,28,0,3,0,5,9,4,0,1,0,2,5,0,0,185.42,193.04,205.0,33.0,35.0,0,0,0,0,0,1,0,0,0,0,0,0,0,0,0,1,0,0,0,0,1,0,0,0
Blue,False,0.0,0.0,0.305,0.375,0.5,0.0,0.0,0.0,0.0,0.0,166.5,56.0,109.0,45.5,173.5,61.5,111.5,48.0,0.5,0.5,4.5,0.0,133.5,38.0,80.0,24.0,16.0,7.5,18.0,14.0,17.0,10.5,11.0,7.5,156.5,51.5,100.0,38.0,9.5,4.5,8.0,7.0,0.5,0.0,1.0,0.5,21.5,12.5,900.0,6,0,2,0,2,2,0,0,0,1,1,0,0,0,162.56,180.34,135.0,0.0,0.0,0.49,0.45,0.55,0.0,2.0,0.0,0.5,1.0,61.0,41.5,33.5,14.5,159.5,126.0,45.0,25.0,14.5,8.0,0.0,0.0,54.0,35.5,26.5,9.5,6.5,5.5,6.0,4.0,0.5,0.5,1.0,1.0,15.0,6.5,22.5,8.5,5.5,4.0,3.0,2.0,40.5,31.0,8.0,4.0,491.0,83.0,696.0,5,0,2,0,2,2,0,0,0,0,1,0,1,0,175.26,180.34,145.0,27.0,25.0,0,0,1,0,0,0,0,0,0,0,0,0,0,0,0,0,0,1,0,0,0,0,1,0
Red,False,0.0,0.0,0.55,0.51,0.25,0.0,3.0,0.0,1.0,0.0,67.0,37.0,54.0,28.0,117.0,81.0,137.0,98.0,4.0,1.0,0.0,0.0,49.0,19.0,46.0,22.0,18.0,18.0,7.0,5.0,0.0,0.0,1.0,1.0,39.0,12.0,39.0,16.0,18.0,18.0,12.0,10.0,10.0,7.0,3.0,2.0,208.0,9.0,456.0,2,0,1,0,1,1,0,0,0,0,0,0,1,0,185.42,200.66,170.0,0.125,0.0,0.37,0.5275000000000001,0.15,0.5225,0.75,0.0,0.0,0.375,66.125,24.625,48.125,26.0,91.0,41.875,99.125,73.0,4.25,0.75,4.5,2.125,54.0,18.125,28.125,10.375,9.625,5.375,15.0,12.875,2.5,1.125,5.0,2.75,41.625,10.0,30.625,13.25,13.625,9.0,9.625,6.875,10.875,5.625,7.875,5.875,186.5,295.625,694.5,10,0,0,1,3,3,1,0,0,1,0,0,2,0,190.5,190.5,170.0,28.0,30.0,0,0,0,0,0,0,0,0,0,1,0,0,0,0,0,1,0,0,0,0,1,0,0,0
Red,False,0.5,0.0,0.315,0.4599999999999999,0.0,0.2925,1.0,2.5,0.25,0.0,64.25,19.5,80.25,50.75,72.5,26.75,119.25,85.25,0.25,0.0,5.0,2.0,49.5,11.75,65.0,40.25,6.75,3.25,5.25,3.75,8.0,4.5,10.0,6.75,58.75,15.75,30.25,12.5,0.75,0.75,0.5,0.25,4.75,3.0,49.5,38.0,20.0,396.25,694.25,7,0,1,0,1,1,2,0,0,0,0,1,0,0,180.34,190.5,135.0,0.0,0.0,0.41,0.24,0.2,0.33,0.0,1.0,1.0,0.0,65.0,27.0,45.0,11.0,89.0,45.0,146.0,82.0,5.0,1.0,9.0,3.0,60.0,23.0,41.0,8.0,4.0,3.0,3.0,3.0,1.0,1.0,1.0,0.0,32.0,12.0,32.0,4.0,21.0,9.0,6.0,4.0,12.0,6.0,7.0,3.0,200.0,319.0,699.0,3,0,0,1,0,0,1,0,0,0,0,0,0,0,165.1,165.1,135.0,28.0,27.0,1,0,0,0,0,0,0,0,0,0,0,0,0,0,0,1,0,0,0,0,0,0,1,0
Red,False,0.0,0.15625,0.48078125,0.576875,0.23625,0.03125,0.0,2.046875,0.0625,0.03125,16.8125,9.78125,16.890625,9.75,71.78125,55.78125,37.015625,29.265625,5.875,1.53125,0.546875,0.125,9.984375,4.0625,8.734375,3.4375,5.515625,4.4375,7.53125,5.875,1.3125,1.28125,0.625,0.4375,7.953125,2.515625,11.8125,5.53125,2.171875,1.09375,2.609375,2.015625,6.6875,6.171875,2.46875,2.203125,326.625,51.78125,486.375,16,0,1,0,2,4,3,0,0,0,4,0,0,0,177.8,177.8,155.0,0.0625,0.0,0.640625,0.424375,0.464375,0.5,0.75,0.75,0.0,0.0625,43.875,26.1875,46.5625,20.5625,48.8125,31.0625,87.75,56.25,4.625,2.0625,1.5625,0.75,28.3125,14.375,39.9375,16.75,9.5625,6.5625,4.0625,2.5,6.0,5.25,2.5625,1.3125,34.9375,18.4375,38.9375,13.875,1.1875,1.0,2.125,1.75,7.75,6.75,5.5,4.9375,171.1875,131.125,580.9375,9,0,3,0,3,3,2,0,0,0,0,1,2,0,185.42,193.04,170.0,31.0,32.0,0,0,0,0,0,0,0,0,0,1,0,0,0,0,0,1,0,0,0,0,0,0,1,0
Blue,False,0.5,0.0,0.39,0.345,0.0,0.165,0.0,1.5,0.0,0.0,149.5,64.5,66.5,19.0,150.0,65.0,68.5,21.0,0.0,0.0,10.0,0.5,125.0,47.0,57.0,12.5,23.0,16.0,5.5,2.5,1.5,1.5,4.0,4.0,138.5,58.0,64.0,17.0,7.5,4.0,1.5,1.0,3.5,2.5,1.0,1.0,31.5,74.5,551.5,4,0,0,1,1,1,1,0,0,0,1,0,0,0,180.34,175.26,145.0,1.0,0.0,0.34,0.35,0.33,0.5,0.0,0.0,0.0,0.0,155.0,54.0,101.0,36.0,163.0,59.0,107.0,39.0,3.0,1.0,4.0,2.0,138.0,44.0,77.0,20.0,14.0,8.0,18.0,11.0,3.0,2.0,6.0,5.0,140.0,46.0,93.0,31.0,7.0,5.0,8.0,5.0,8.0,3.0,0.0,0.0,53.0,52.0,619.0,3,0,1,0,1,1,0,0,0,0,0,1,0,0,172.72,170.18,145.0,20.0,22.0,0,0,1,0,0,0,0,0,0,0,0,0,0,0,0,1,0,0,0,0,1,0,0,0
Red,True,0.25,0.625,0.358955078125,0.29111328125,0.2674658203125,0.572236328125,0.2734375,1.630859375,0.06298828125,0.0,192.306640625,70.2783203125,220.93310546875,67.798828125,204.14501953125,81.39892578125,234.56640625,81.07373046875,11.26708984375,3.154296875,3.50146484375,1.07373046875,141.251953125,39.85791015625,188.7109375,45.7822265625,32.22314453125,15.87060546875,21.1064453125,15.2333984375,18.83154296875,14.5498046875,11.11572265625,6.783203125,178.3994140625,60.29345703125,200.4326171875,54.84228515625,6.9892578125,4.87939453125,11.1767578125,7.38671875,6.91796875,5.10546875,9.32373046875,5.56982421875,108.72705078125,47.29443359375,1382.26708984375,42,5,3,0,5,9,3,0,0,0,6,2,1,0,167.64,172.72,135.0,0.25,0.0,0.38625,0.32125,0.7887500000000001,0.305,1.75,2.0,0.0,0.125,186.5,68.625,114.75,39.875,226.125,104.625,132.875,56.75,3.625,2.25,9.625,3.5,143.5,37.25,80.5,19.5,29.75,23.0,22.5,11.0,13.25,8.375,11.75,9.375,143.625,41.375,101.875,31.75,22.0,13.875,8.375,5.125,20.875,13.375,4.5,3.0,249.5,140.0,1200.0,14,1,4,0,4,4,0,0,0,0,4,0,0,0,175.26,177.8,170.0,30.0,28.0,0,0,0,0,0,0,1,0,0,0,0,0,0,0,0,1,0,0,0,0,0,0,1,0
Red,False,0.0,0.0,0.33,0.46,0.66,0.25,0.0,1.0,0.0,0.0,21.0,7.0,13.0,6.0,23.0,9.0,33.0,26.0,3.0,2.0,4.0,1.0,18.0,5.0,12.0,5.0,1.0,1.0,0.0,0.0,2.0,1.0,1.0,1.0,20.0,6.0,7.0,2.0,1.0,1.0,1.0,0.0,0.0,0.0,5.0,4.0,80.0,67.0,243.0,1,0,0,1,0,0,1,0,0,0,0,0,0,0,175.26,175.26,145.0,0.5,0.5,0.42,0.4649999999999999,0.94,0.5,0.5,0.5,0.0,0.0,81.5,35.0,49.0,23.0,125.0,72.5,68.0,40.0,5.0,4.5,1.5,0.5,72.0,27.5,36.5,13.5,5.0,4.0,9.0,8.0,4.5,3.5,3.5,1.5,32.5,9.0,28.5,11.5,8.0,5.0,5.5,3.5,41.0,21.0,15.0,8.0,420.5,17.5,595.5,4,1,0,1,1,1,1,0,0,0,1,0,0,0,167.64,167.64,155.0,26.0,25.0,0,0,1,0,0,0,0,0,0,0,0,0,0,0,0,0,0,1,0,0,1,0,0,0
Red,False,0.198394775390625,0.015625,0.4506327819824218,0.2634471130371094,0.502532958984375,0.1379888916015625,1.52587890625e-05,0.383453369140625,0.0078125,0.500244140625,64.65982055664062,25.893951416015625,44.73170471191406,11.43206787109375,78.32815551757812,37.56227111816406,54.22428894042969,19.40205383300781,0.5258941650390625,0.5073394775390625,6.585357666015625,0.8191070556640625,55.76945495605469,18.75962829589844,32.50054931640625,4.6591339111328125,7.2035980224609375,5.779632568359375,4.482940673828125,1.85491943359375,1.686767578125,1.3546905517578125,7.748214721679687,4.918014526367188,51.38798522949219,18.34117126464844,41.62225341796875,10.399368286132812,5.0153656005859375,1.8849639892578125,1.06695556640625,0.52850341796875,8.2564697265625,5.667816162109375,2.0424957275390625,0.5041961669921875,42.791595458984375,84.68978881835938,536.7406768798828,28,0,1,0,5,11,6,0,0,2,2,6,0,1,175.26,180.34,155.0,0.25,0.0,0.4690625,0.4775,0.1884375,0.004375,0.15625,0.0625,0.0,0.0,154.96875,74.34375,158.09375,86.75,158.78125,77.28125,167.875,94.75,1.65625,0.59375,2.46875,0.03125,110.28125,34.71875,126.71875,64.28125,19.0625,16.875,22.0625,15.59375,25.625,22.75,9.3125,6.875,146.25,68.65625,151.875,82.90625,6.625,4.3125,6.0625,3.8125,2.09375,1.375,0.15625,0.03125,26.34375,23.0,748.6875,13,0,4,0,4,5,1,0,0,0,2,1,2,0,185.42,185.42,155.0,29.0,29.0,0,0,0,0,0,0,1,0,0,0,0,0,0,0,0,1,0,0,0,0,1,0,0,0
Blue,False,0.0,0.0,0.69,0.25,0.0,0.0,1.0,2.0,1.0,0.0,26.0,18.0,24.0,6.0,81.0,59.0,44.0,25.0,0.0,0.0,3.0,0.0,15.0,8.0,18.0,3.0,8.0,7.0,5.0,2.0,3.0,3.0,1.0,1.0,16.0,11.0,20.0,4.0,4.0,2.0,4.0,2.0,6.0,5.0,0.0,0.0,154.0,52.0,258.0,1,0,1,0,1,1,0,0,0,0,0,0,1,0,172.72,172.72,135.0,0.0,0.0,0.51,0.44,0.25,0.25,0.25,0.0,0.0,0.0,73.0,37.75,52.75,24.5,92.5,54.75,57.0,28.75,2.0,0.5,1.75,0.25,52.5,18.25,36.5,10.25,4.75,4.75,6.0,5.0,15.75,14.75,10.25,9.25,60.25,26.75,48.75,20.75,11.0,10.75,2.5,2.5,1.75,0.25,1.5,1.25,190.75,17.75,550.25,5,0,0,1,2,2,1,0,0,1,0,0,1,0,172.72,180.34,135.0,22.0,29.0,1,0,0,0,0,0,0,0,0,0,0,0,0,0,0,1,0,0,0,0,0,0,1,0
Red,False,0.0,0.0,0.31,0.23,0.0,0.13,0.0,0.0,0.0,0.0,111.0,35.0,92.0,22.0,158.0,81.0,98.0,27.0,0.0,0.0,15.0,2.0,94.0,26.0,58.0,8.0,12.0,7.0,6.0,2.0,5.0,2.0,28.0,12.0,103.0,28.0,90.0,20.0,7.0,6.0,1.0,1.0,1.0,1.0,1.0,1.0,6.0,227.0,900.0,3,0,1,0,1,1,0,0,0,0,1,0,0,0,187.96,187.96,185.0,0.1015625,1.0625,0.367626953125,0.4801049804687499,0.329248046875,0.108017578125,0.0216064453125,0.7501220703125,0.0,0.0006103515625,69.5767822265625,25.4844970703125,78.6446533203125,37.2757568359375,87.95703125,42.7998046875,86.41357421875,44.0374755859375,2.4483642578125,0.694091796875,2.2283935546875,0.5048828125,65.8226318359375,21.8846435546875,63.6607666015625,28.3109130859375,3.2003173828125,3.0489501953125,9.2440185546875,5.1180419921875,0.5538330078125,0.5509033203125,5.7398681640625,3.8468017578125,57.40185546875,17.77685546875,60.9339599609375,22.4495849609375,2.4990234375,1.9285888671875,10.208251953125,8.79345703125,9.6759033203125,5.779052734375,7.50244140625,6.03271484375,209.1395263671875,44.6805419921875,642.789794921875,39,1,4,0,4,10,4,0,0,1,5,3,0,1,187.96,190.5,170.0,29.0,31.0,0,0,0,0,0,0,0,1,0,0,0,0,0,0,0,1,0,0,0,0,0,0,1,0
Blue,False,1.0,0.0,0.48,0.5,0.0,0.37,0.0,2.0,1.0,0.0,62.0,30.0,72.0,36.0,100.0,68.0,98.0,61.0,0.0,0.0,16.0,6.0,52.0,24.0,56.0,25.0,4.0,3.0,8.0,5.0,6.0,3.0,8.0,6.0,26.0,8.0,51.0,24.0,12.0,4.0,19.0,11.0,24.0,18.0,2.0,1.0,223.0,384.0,900.0,3,0,0,1,0,0,1,0,0,0,0,0,0,0,182.88,185.42,185.0,0.0625,1.5625,0.391875,0.535625,0.0625,0.7437499999999999,0.0,0.8125,0.1875,0.3125,79.4375,32.875,58.9375,27.625,112.4375,61.375,65.0625,32.8125,0.875,0.125,4.6875,3.0625,62.9375,20.9375,51.1875,21.8125,7.875,6.1875,3.75,2.9375,8.625,5.75,4.0,2.875,55.5625,20.3125,48.125,20.5625,4.5625,2.1875,3.8125,2.875,19.3125,10.375,7.0,4.1875,85.8125,122.4375,396.3125,10,0,0,1,1,2,3,0,0,0,1,1,0,0,190.5,190.5,185.0,23.0,30.0,0,0,0,0,0,0,0,1,0,0,0,0,0,0,0,1,0,0,0,0,1,0,0,0
Red,False,1.0,0.0,0.48,0.44,0.25,0.0,1.0,0.0,0.0,0.0,66.0,32.0,107.0,48.0,69.0,34.0,156.0,95.0,4.0,1.0,0.0,0.0,64.0,31.0,87.0,34.0,1.0,0.0,17.0,11.0,1.0,1.0,3.0,3.0,65.0,32.0,85.0,31.0,1.0,0.0,14.0,10.0,0.0,0.0,8.0,7.0,88.0,26.0,441.0,2,0,0,1,0,0,1,0,0,0,0,0,0,0,170.18,170.18,145.0,0.0,0.1640625,0.4583203125,0.6266796875,0.188046875,0.8031640625,1.19921875,0.98046875,0.0,0.25390625,59.9921875,29.2578125,84.9375,54.046875,103.7578125,71.25390625,122.3125,90.1328125,5.7734375,1.546875,3.83984375,2.89453125,47.5703125,20.48046875,74.51953125,44.9453125,8.89453125,5.9296875,7.96484375,6.8046875,3.52734375,2.84765625,2.453125,2.296875,43.57421875,19.328125,48.9296875,28.9453125,14.55859375,8.6015625,15.37890625,12.6328125,1.859375,1.328125,20.62890625,12.46875,83.94140625,370.25,678.75,25,0,1,0,4,5,4,0,0,1,3,0,1,0,172.72,172.72,145.0,36.0,27.0,0,0,1,0,0,0,0,0,0,0,0,0,0,0,0,0,0,1,0,0,1,0,0,0
Blue,False,0.015625,0.0,0.45,0.4275,0.25,0.2,0.148468017578125,0.098388671875,0.0,0.0,66.5,29.6875,64.31230545043945,27.34375,89.75,48.0,85.53125,44.41152191162109,2.0,0.75,2.0546875,0.75,51.1875,18.3359375,49.6123046875,16.280410766601562,7.5,5.07647705078125,7.5,5.0,4.5,3.625,4.984375,3.9375,48.6875,17.0,47.11572265625,16.5,5.75,3.75,5.3125,3.4375,5.0625,3.5,3.875,2.5,99.2119140625,94.125,638.5,0,0,0,0,0,0,0,0,0,0,0,0,0,0,167.64,167.64,125.0,0.0,0.25,0.4649999999999999,0.515,0.25,0.0,0.25,0.0,0.0,0.0,49.75,22.75,72.25,38.5,53.5,26.5,92.25,56.0,1.75,0.25,1.5,0.0,32.25,7.75,54.25,21.75,6.5,5.0,3.75,3.0,11.0,10.0,14.25,13.75,47.0,20.25,56.25,25.25,2.5,2.25,10.25,9.75,0.25,0.25,5.75,3.5,39.25,164.75,517.5,5,0,0,1,1,1,2,0,0,0,0,0,1,0,175.26,187.96,135.0,27.0,25.0,1,0,0,0,0,0,0,0,0,0,0,0,0,0,0,1,0,0,0,0,1,0,0,0
Blue,False,0.0,0.0,0.425,0.48,0.135,1.0,1.0,0.0,0.5,0.0,72.5,27.5,51.5,25.0,122.0,70.0,78.5,48.0,8.0,1.5,3.0,3.0,49.0,13.0,32.0,13.5,11.5,6.5,4.0,2.5,12.0,8.0,15.5,9.0,56.5,15.5,37.5,12.5,4.0,2.5,4.5,4.0,12.0,9.5,9.5,8.5,232.0,250.5,900.0,6,0,1,0,1,1,1,0,0,0,1,0,0,0,167.64,170.18,135.0,0.0,0.5,0.38,0.5800000000000001,0.51,0.0,1.0,0.0,0.0,0.5,35.5,13.5,145.0,84.0,47.0,24.5,196.5,132.5,7.0,3.0,0.0,0.0,23.5,5.5,115.0,59.5,6.0,3.0,20.0,16.5,6.0,5.0,10.0,8.0,26.0,9.5,53.5,28.0,6.0,2.0,51.0,29.0,3.5,2.0,40.5,27.0,226.5,416.0,847.0,6,0,0,2,0,0,2,0,0,0,0,0,0,0,180.34,187.96,145.0,27.0,23.0,0,0,1,0,0,0,0,0,0,0,0,0,0,0,0,1,0,0,0,0,1,0,0,0
Red,False,0.0,0.0,0.46,0.56,0.0,0.0,1.0,0.0,0.0,0.0,62.0,29.0,113.0,64.0,66.0,32.0,117.0,68.0,1.0,0.0,0.0,0.0,48.0,15.0,105.0,57.0,6.0,6.0,8.0,7.0,8.0,8.0,0.0,0.0,60.0,28.0,102.0,56.0,2.0,1.0,6.0,6.0,0.0,0.0,5.0,2.0,5.0,81.0,533.0,2,0,0,1,0,0,1,0,0,0,0,0,0,0,185.42,185.42,242.0,0.0,0.5,0.49,0.595,0.3,0.0,0.0,1.0,0.0,0.5,20.5,10.5,28.5,18.5,35.0,24.0,69.5,56.0,2.5,1.5,0.0,0.0,20.0,10.0,21.5,11.5,0.5,0.5,5.5,5.5,0.0,0.0,1.5,1.5,13.5,6.0,14.0,4.5,0.5,0.5,2.0,2.0,6.5,4.0,12.5,12.0,329.5,82.5,471.5,4,0,1,0,1,1,1,0,0,0,1,0,0,0,195.58,200.66,250.0,32.0,26.0,0,0,0,0,1,0,0,0,0,0,0,0,0,0,0,1,0,0,0,0,1,0,0,0
Red,False,0.5,0.0,0.4575,0.4375,0.9,0.125,0.5,0.75,0.0,0.5,47.25,16.25,20.5,11.0,64.75,29.25,40.5,30.0,5.0,3.5,0.5,0.25,44.25,13.5,12.75,3.75,1.75,1.75,1.5,1.0,1.25,1.0,6.25,6.25,18.5,6.0,15.75,9.0,0.75,0.25,2.75,1.5,28.0,10.0,2.0,0.5,163.0,17.25,327.75,5,0,0,1,2,2,1,0,0,0,0,1,1,0,172.72,180.34,155.0,0.12548828125,0.5,0.1746435546875,0.40828125,0.0369287109375,0.0256640625,0.484375,0.125,0.07080078125,0.0087890625,17.087890625,4.19677734375,23.7607421875,8.822265625,18.0869140625,5.01953125,24.6640625,9.6259765625,0.37744140625,0.1513671875,0.703125,0.19921875,16.77490234375,3.8857421875,20.50390625,6.96826171875,0.27978515625,0.27978515625,1.9052734375,1.10400390625,0.033203125,0.03125,1.3515625,0.75,13.52392578125,1.90673828125,20.46484375,6.69384765625,0.67041015625,0.50244140625,0.7822265625,0.3447265625,2.8935546875,1.78759765625,2.513671875,1.78369140625,19.30810546875,18.20361328125,121.17236328125,19,0,3,0,3,8,4,0,0,0,0,2,6,0,177.8,180.34,155.0,27.0,28.0,0,0,0,0,0,0,1,0,0,0,0,0,0,0,0,1,0,0,0,0,1,0,0,0
Red,False,0.28515625,0.125,0.434765625,0.3113281249999999,0.2434765625,0.1875,0.0078125,0.3203125,0.0,0.0,64.6953125,32.13671875,33.65234375,11.60546875,95.328125,60.8984375,42.12109375,20.0078125,5.32421875,2.24609375,2.125,0.625,47.515625,16.9765625,26.16796875,6.00390625,4.984375,4.84765625,5.1796875,3.92578125,12.1953125,10.3125,2.3046875,1.67578125,39.8828125,13.62109375,28.34765625,7.2109375,7.25390625,5.41796875,3.234375,3.140625,17.55859375,13.09765625,2.0703125,1.25390625,280.609375,28.05859375,569.3671875,20,1,5,0,5,7,2,0,0,0,4,3,0,0,187.96,187.96,205.0,0.3193359375,0.5625,0.4070849609375,0.37826171875,0.1139453125,0.376240234375,0.13623046875,0.51171875,0.00244140625,0.0,42.7294921875,16.98876953125,45.47021484375,18.98876953125,46.4228515625,20.59765625,54.41845703125,27.5341796875,1.0634765625,0.2734375,2.126953125,0.63134765625,30.8125,8.650390625,24.1455078125,6.34619140625,5.037109375,3.5185546875,8.455078125,4.26171875,6.8798828125,4.81982421875,12.86962890625,8.380859375,37.68408203125,14.75146484375,34.6943359375,11.0390625,4.22216796875,1.58984375,8.3955078125,6.07275390625,0.8232421875,0.6474609375,2.38037109375,1.876953125,43.08203125,70.23388671875,564.15625,30,4,8,0,8,9,3,0,0,0,5,3,1,0,185.42,187.96,185.0,29.0,34.0,0,0,0,0,0,1,0,0,0,0,0,0,0,0,0,1,0,0,0,0,0,0,1,0
Blue,False,0.0,0.25,0.41125,0.5025,0.25,0.39125,0.125,1.0,0.0,0.0,149.125,69.0,201.625,81.0,162.75,82.125,295.625,163.25,0.25,0.25,13.125,6.375,127.125,51.5,174.25,59.5,20.375,16.25,18.5,13.125,1.625,1.25,8.875,8.375,144.5,66.625,150.125,41.625,1.375,0.875,8.125,5.75,3.25,1.5,43.375,33.625,60.875,433.625,900.0,12,0,0,2,1,1,3,0,0,0,1,0,0,0,167.64,177.8,135.0,0.3134765625,0.048828125,0.4291210937499999,0.3962890625,0.11806640625,0.257734375,0.625,0.625,0.01171875,0.0068359375,109.201171875,49.0380859375,152.7294921875,59.390625,119.31640625,57.5224609375,165.69921875,70.7138671875,2.88671875,0.5673828125,3.1953125,0.685546875,84.9609375,29.1865234375,128.4873046875,36.693359375,11.109375,7.595703125,11.751953125,11.3330078125,13.130859375,12.255859375,12.490234375,11.3642578125,92.3466796875,35.4287109375,125.5458984375,43.736328125,12.56640625,10.1025390625,16.2080078125,9.6162109375,4.2880859375,3.5068359375,10.9755859375,6.0380859375,98.2587890625,128.1201171875,718.197265625,22,0,2,0,2,7,4,0,0,0,1,1,5,0,185.42,185.42,145.0,29.0,28.0,0,0,1,0,0,0,0,0,0,0,0,0,0,0,0,1,0,0,0,0,1,0,0,0
Red,False,0.265625,0.0,0.4870312499999999,0.6522656250000001,0.125,0.67265625,0.5234375,0.6015625,0.515625,0.0,27.8515625,13.4921875,28.6953125,14.8125,39.2265625,24.03125,48.984375,33.1015625,0.625,0.3125,2.046875,1.9296875,23.3359375,9.2734375,22.6953125,9.859375,1.8125,1.515625,3.796875,2.9921875,2.703125,2.703125,2.203125,1.9609375,18.265625,7.1328125,15.25,5.921875,2.234375,1.546875,2.8515625,1.984375,7.3515625,4.8125,10.59375,6.90625,86.609375,224.3671875,422.8515625,13,1,0,1,2,4,4,0,0,0,0,2,2,0,185.42,190.5,170.0,0.1884765625,0.5,0.2647119140625,0.422470703125,0.6578906250000001,0.09015625,0.4091796875,0.578125,0.0078125,0.0,65.33349609375,16.904296875,48.29736328125,22.3837890625,93.78857421875,42.90234375,66.79345703125,40.4580078125,1.46484375,0.69921875,1.5791015625,0.39453125,50.39501953125,7.96484375,29.7763671875,8.9736328125,6.6640625,4.75,10.42431640625,7.5478515625,8.2744140625,4.189453125,8.0966796875,5.8623046875,49.73388671875,9.07958984375,31.21923828125,9.689453125,12.609375,6.7138671875,14.765625,11.4560546875,2.990234375,1.11083984375,2.3125,1.23828125,115.09619140625,115.6513671875,553.08984375,24,0,5,0,5,9,3,0,1,0,2,4,2,0,185.42,195.58,170.0,30.0,33.0,0,0,0,0,0,0,0,0,0,1,0,0,0,0,0,1,0,0,0,0,1,0,0,0
Red,False,0.1019287109375,0.5078125,0.4974169921875,0.45015625,0.3232421875,0.5159692382812501,0.000244140625,1.25,0.0,0.0,54.1446533203125,26.6229248046875,65.0250244140625,29.0302734375,69.9326171875,41.430908203125,127.6981201171875,85.503173828125,1.1807861328125,0.6103515625,3.4658203125,1.6175537109375,24.946533203125,7.2344970703125,51.9874267578125,18.7784423828125,10.1605224609375,6.0096435546875,9.16552734375,8.0120849609375,19.03759765625,13.3787841796875,3.8720703125,2.23974609375,36.5389404296875,15.00537109375,28.82080078125,7.2569580078125,11.5150146484375,7.9884033203125,13.859375,9.2996826171875,6.0906982421875,3.629150390625,22.3448486328125,12.4736328125,237.373779296875,320.590576171875,802.4136962890625,30,0,4,0,4,8,6,0,0,0,3,4,1,0,190.5,198.12,230.0,0.34375,0.625,0.48359375,0.46125,0.257109375,0.3419531249999999,0.515625,0.5234375,0.0,1.015625,117.4453125,57.7578125,95.5703125,51.1640625,168.5703125,106.5703125,119.4140625,73.6640625,5.3125,2.546875,2.6015625,1.0859375,101.359375,46.5546875,77.109375,35.390625,7.0625,5.015625,12.34375,10.8515625,9.0234375,6.1875,6.1171875,4.921875,65.9375,27.0546875,54.7421875,21.9609375,19.546875,11.09375,22.71875,15.3515625,31.9609375,19.609375,18.109375,13.8515625,286.875,201.1328125,951.1328125,22,3,0,1,2,4,4,0,0,0,0,4,0,0,185.42,193.04,205.0,34.0,30.0,0,0,0,0,0,1,0,0,0,0,0,0,0,0,0,1,0,0,0,0,1,0,0,0
Red,False,0.015625,0.0,0.45,0.4275,0.25,0.2,0.148468017578125,0.098388671875,0.0,0.0,66.5,29.6875,64.31230545043945,27.34375,89.75,48.0,85.53125,44.41152191162109,2.0,0.75,2.0546875,0.75,51.1875,18.3359375,49.6123046875,16.280410766601562,7.5,5.07647705078125,7.5,5.0,4.5,3.625,4.984375,3.9375,48.6875,17.0,47.11572265625,16.5,5.75,3.75,5.3125,3.4375,5.0625,3.5,3.875,2.5,99.2119140625,94.125,638.5,0,0,0,0,0,0,0,0,0,0,0,0,0,0,167.64,167.64,125.0,0.0471682548522949,0.0,0.45,0.4217682266235352,0.25,0.19173828125,0.1875,0.125,0.0,0.0,69.5,30.5,66.984375,27.8466796875,94.0,48.544921875,88.50390625,44.75,2.0,0.8125,2.015625,0.6640625,54.0,19.01513671875,51.483436584472656,16.9437255859375,7.91796875,5.430633544921875,7.75,5.0625,4.780975341796875,3.9373779296875,4.8994140625,3.84375,51.025390625,18.400863647460938,50.515625,17.5,5.75,3.75,5.5,3.5,5.375,3.6875,4.0,2.65625,104.865234375,89.5,655.8441009521484,0,0,0,0,0,0,0,0,0,0,0,0,0,0,167.64,167.64,125.0,29.0,28.0,0,0,0,1,0,0,0,0,0,0,0,0,0,0,0,1,0,0,0,0,1,0,0,0
Red,False,0.0,0.0,0.4509375,0.375,0.334375,0.261875,0.96875,1.0,0.84375,0.09375,65.125,28.875,145.65625,53.6875,112.625,69.5625,174.25,80.09375,4.90625,1.6875,2.46875,1.21875,58.4375,23.5,130.21875,42.03125,5.4375,4.125,11.59375,8.65625,1.25,1.25,3.84375,3.0,56.03125,22.6875,128.03125,40.78125,3.65625,2.625,5.75,3.125,5.4375,3.5625,11.875,9.78125,231.15625,200.03125,900.0,18,0,0,4,1,1,5,0,0,0,1,0,0,0,167.64,172.72,145.0,0.0,0.0625,0.35359375,0.5096875,0.1353125,0.0525,0.1875,0.015625,0.0,0.0,57.4375,21.140625,85.1875,41.4375,69.90625,31.96875,102.03125,56.015625,12.390625,1.6875,1.671875,0.375,47.015625,12.71875,48.609375,13.25,5.59375,3.96875,15.765625,11.125,4.828125,4.453125,20.8125,17.0625,42.734375,11.078125,70.296875,30.046875,10.65625,7.265625,11.4375,9.4375,4.046875,2.796875,3.453125,1.953125,167.59375,126.046875,797.828125,14,1,0,1,2,2,5,0,0,0,0,0,2,0,165.1,170.18,135.0,36.0,31.0,0,0,1,0,0,0,0,0,0,0,0,0,0,0,0,1,0,0,0,0,1,0,0,0
Blue,False,0.015625,0.0,0.45,0.4275,0.25,0.2,0.148468017578125,0.098388671875,0.0,0.0,66.5,29.6875,64.31230545043945,27.34375,89.75,48.0,85.53125,44.41152191162109,2.0,0.75,2.0546875,0.75,51.1875,18.3359375,49.6123046875,16.280410766601562,7.5,5.07647705078125,7.5,5.0,4.5,3.625,4.984375,3.9375,48.6875,17.0,47.11572265625,16.5,5.75,3.75,5.3125,3.4375,5.0625,3.5,3.875,2.5,99.2119140625,94.125,638.5,0,0,0,0,0,0,0,0,0,0,0,0,0,0,185.42,185.42,205.0,0.03125,0.0625,0.5021875,0.3581249999999999,0.3721875,0.03125,0.875,0.0625,0.0,0.5625,39.0625,19.9375,33.0625,12.03125,48.0,27.1875,42.0625,20.15625,5.03125,1.71875,0.09375,0.03125,37.6875,18.59375,29.125,8.625,0.125,0.09375,3.3125,3.03125,1.25,1.25,0.625,0.375,12.59375,3.28125,26.03125,7.5,2.5625,1.6875,1.96875,1.46875,23.90625,14.96875,5.0625,3.0625,154.46875,30.65625,363.0625,10,0,0,3,3,3,3,0,0,0,0,1,2,0,190.5,190.5,205.0,30.0,39.0,0,0,0,0,0,1,0,0,0,0,0,0,0,0,0,1,0,0,0,0,1,0,0,0
Blue,False,0.5,0.0,0.505,0.6,0.0,0.665,0.5,0.5,0.0,0.0,49.5,25.5,58.0,34.5,59.5,35.5,111.5,77.0,0.0,0.0,4.0,3.0,41.5,18.5,39.5,19.0,7.5,6.5,7.0,6.0,0.5,0.5,11.5,9.5,36.5,15.0,38.0,18.0,11.0,9.0,4.5,3.5,2.0,1.5,15.5,13.0,33.0,327.0,543.0,4,0,0,1,1,1,1,0,0,0,0,0,1,0,185.42,185.42,170.0,0.125,0.5,0.6387499999999999,0.4075,0.3025,0.625,0.125,3.5,0.125,0.25,49.875,31.625,40.625,19.0,97.75,73.5,64.0,40.0,6.5,2.0,1.375,0.625,35.125,22.375,28.375,9.375,8.375,4.75,9.625,7.875,6.375,4.5,2.625,1.75,23.875,11.125,28.125,9.625,9.125,6.5,12.0,8.875,16.875,14.0,0.5,0.5,454.875,101.625,821.0,10,0,4,0,4,4,0,0,0,1,2,1,0,0,182.88,185.42,170.0,28.0,31.0,0,0,0,0,0,0,0,0,0,1,0,0,0,0,0,1,0,0,0,0,0,0,1,0
Blue,False,0.0,0.25,0.4024999999999999,0.4875,0.25,0.495,0.25,1.0,0.0,0.0,96.75,39.25,76.5,37.5,128.25,64.75,107.5,67.0,2.5,1.25,5.25,3.5,66.5,17.5,59.75,25.75,14.25,10.5,11.25,8.0,16.0,11.25,5.5,3.75,76.75,24.0,53.75,20.0,9.5,6.0,15.5,12.5,10.5,9.25,7.25,5.0,229.75,171.25,878.25,9,0,2,0,2,2,1,0,0,0,1,0,1,0,182.88,187.96,185.0,0.0,0.375,0.33625,0.36,0.22125,0.16625,0.5,0.0,0.0,0.0,161.75,54.75,132.125,49.375,174.0,66.0,138.125,55.375,7.125,1.375,0.875,0.375,126.0,30.75,120.75,41.0,19.25,10.875,7.375,5.125,16.5,13.125,4.0,3.25,148.5,47.5,129.0,47.5,8.75,4.0,2.625,1.625,4.5,3.25,0.5,0.25,80.875,10.75,825.25,11,1,3,0,3,3,1,0,0,0,1,0,2,0,180.34,190.5,170.0,33.0,27.0,0,0,0,0,0,0,0,1,0,0,0,0,0,0,0,0,0,1,0,0,1,0,0,0
Blue,False,0.5078125,0.0,0.5094140625,0.3828515624999999,0.245078125,0.36546875,1.09375,0.140625,0.125,0.0,76.65625,37.7109375,72.734375,27.9375,101.69921875,59.70703125,93.25390625,46.2421875,3.94921875,1.97265625,2.13671875,0.81640625,60.65234375,28.09375,59.05078125,17.66015625,10.4296875,5.73828125,9.375,7.0546875,5.57421875,3.87890625,4.30859375,3.22265625,56.96484375,20.79296875,54.0390625,15.85546875,13.046875,11.41796875,6.12109375,4.265625,6.64453125,5.5,12.57421875,7.81640625,132.2890625,211.05078125,739.98046875,21,0,1,0,3,6,3,0,0,0,3,3,0,0,182.88,187.96,185.0,0.0471682548522949,0.0,0.45,0.4217682266235352,0.25,0.19173828125,0.1875,0.125,0.0,0.0,69.5,30.5,66.984375,27.8466796875,94.0,48.544921875,88.50390625,44.75,2.0,0.8125,2.015625,0.6640625,54.0,19.01513671875,51.483436584472656,16.9437255859375,7.91796875,5.430633544921875,7.75,5.0625,4.780975341796875,3.9373779296875,4.8994140625,3.84375,51.025390625,18.400863647460938,50.515625,17.5,5.75,3.75,5.5,3.5,5.375,3.6875,4.0,2.65625,104.865234375,89.5,655.8441009521484,0,0,0,0,0,0,0,0,0,0,0,0,0,0,175.26,180.34,185.0,31.0,34.0,0,0,0,0,0,0,0,1,0,0,0,0,0,0,0,1,0,0,0,0,0,0,1,0
Red,False,0.0,0.0,0.56,0.46,0.0,0.0,0.0,1.0,0.0,0.0,113.0,64.0,62.0,29.0,117.0,68.0,66.0,32.0,0.0,0.0,1.0,0.0,105.0,57.0,48.0,15.0,8.0,7.0,6.0,6.0,0.0,0.0,8.0,8.0,102.0,56.0,60.0,28.0,6.0,6.0,2.0,1.0,5.0,2.0,0.0,0.0,81.0,5.0,533.0,2,0,1,0,1,1,0,0,0,0,0,1,0,0,182.88,190.5,260.0,0.127960205078125,0.76611328125,0.4281683349609375,0.5026272583007813,0.289915771484375,0.0474545288085937,0.000244140625,0.033233642578125,0.0008544921875,0.0009765625,50.09771728515625,20.538726806640625,29.99276733398437,13.05572509765625,63.875274658203125,32.1861572265625,33.566131591796875,15.853729248046877,1.198883056640625,0.803497314453125,0.408782958984375,0.182586669921875,33.1885986328125,9.594085693359377,24.7943115234375,9.253448486328123,5.718719482421875,3.902435302734375,2.353729248046875,1.083160400390625,11.190399169921877,7.042205810546875,2.8447265625,2.7191162109375,39.6055908203125,11.90631103515625,26.85845947265625,11.0733642578125,5.4228515625,4.37353515625,1.18560791015625,0.7362060546875,5.06927490234375,4.258880615234375,1.948699951171875,1.24615478515625,121.95977783203124,21.59893798828125,399.326171875,33,0,2,0,3,10,6,0,1,0,2,6,0,1,193.04,208.28,240.0,27.0,37.0,0,0,0,0,1,0,0,0,0,0,0,0,0,0,0,0,0,1,0,0,1,0,0,0
Blue,True,0.25,0.0,0.3925,0.3275,0.2125,0.0,0.25,0.0,0.0,0.0,196.0,72.75,133.25,46.25,221.5,98.0,142.5,55.5,2.0,1.5,3.75,0.0,159.25,46.25,112.5,30.75,18.5,13.0,14.25,10.75,18.25,13.5,6.5,4.75,189.75,69.75,131.5,45.25,1.75,1.25,1.25,0.75,4.5,1.75,0.5,0.25,197.25,8.5,737.25,7,0,3,0,3,3,0,0,0,0,2,0,1,0,167.64,177.8,145.0,0.5,0.0,0.4775,0.225,0.595,0.1575,0.5,0.0,0.5,0.25,100.5,42.75,111.25,31.75,110.25,51.75,116.25,36.5,4.5,1.25,4.0,1.25,82.0,32.25,89.5,18.0,13.75,7.5,15.5,9.5,4.75,3.0,6.25,4.25,68.25,23.5,105.25,28.25,8.25,5.5,5.25,3.25,24.0,13.75,0.75,0.25,157.25,60.0,793.5,10,1,1,0,1,2,1,0,0,0,1,0,1,0,167.64,170.18,135.0,25.0,33.0,1,0,0,0,0,0,0,0,0,0,0,0,0,0,0,1,0,0,0,0,1,0,0,0
Red,False,0.25,0.0,0.5375000000000001,0.61,0.415,0.2,0.75,0.0,1.0,0.0,51.25,22.25,38.25,22.25,75.5,40.25,102.75,73.75,1.75,0.75,2.5,1.0,46.25,17.75,28.75,13.25,2.25,1.75,8.5,8.0,2.75,2.75,1.0,1.0,41.5,15.0,23.0,11.0,3.0,1.75,9.25,8.25,6.75,5.5,6.0,3.0,110.0,207.0,505.5,5,0,2,0,2,2,1,0,0,0,0,0,2,0,170.18,175.26,145.0,0.0,0.0,0.24,0.43,0.0,0.0,0.0,0.0,0.0,0.0,153.0,37.0,122.0,53.0,185.0,65.0,144.0,72.0,3.0,0.0,0.0,0.0,131.0,21.0,100.0,36.0,12.0,8.0,11.0,9.0,10.0,8.0,11.0,8.0,140.0,30.0,110.0,47.0,6.0,4.0,5.0,2.0,7.0,3.0,7.0,4.0,138.0,167.0,900.0,3,0,0,1,0,0,1,0,0,0,0,0,0,0,175.26,177.8,145.0,26.0,33.0,0,0,1,0,0,0,0,0,0,0,0,0,0,0,0,1,0,0,0,0,1,0,0,0
Red,False,0.015625,0.0,0.45,0.4275,0.25,0.2,0.148468017578125,0.098388671875,0.0,0.0,66.5,29.6875,64.31230545043945,27.34375,89.75,48.0,85.53125,44.41152191162109,2.0,0.75,2.0546875,0.75,51.1875,18.3359375,49.6123046875,16.280410766601562,7.5,5.07647705078125,7.5,5.0,4.5,3.625,4.984375,3.9375,48.6875,17.0,47.11572265625,16.5,5.75,3.75,5.3125,3.4375,5.0625,3.5,3.875,2.5,99.2119140625,94.125,638.5,0,0,0,0,0,0,0,0,0,0,0,0,0,0,165.1,165.1,135.0,0.0,0.0,0.43,0.32,1.0,0.0,1.0,1.0,0.0,0.0,53.0,23.0,55.0,18.0,65.0,32.0,72.0,35.0,3.0,3.0,1.0,0.0,41.0,13.0,47.0,10.0,4.0,2.0,4.0,4.0,8.0,8.0,4.0,4.0,52.0,22.0,51.0,15.0,0.0,0.0,1.0,0.0,1.0,1.0,3.0,3.0,185.0,55.0,518.0,2,0,1,0,1,1,0,0,0,0,0,0,1,0,172.72,172.72,135.0,27.0,27.0,1,0,0,0,0,0,0,0,0,0,0,0,0,0,0,0,0,1,0,0,1,0,0,0
Blue,False,0.0,0.0,0.33,0.45,0.0,0.26,0.0,0.0,0.0,0.0,115.0,38.0,111.0,50.0,117.0,39.0,129.0,66.0,0.0,0.0,15.0,4.0,85.0,16.0,78.0,24.0,26.0,19.0,16.0,13.0,4.0,3.0,17.0,13.0,102.0,29.0,87.0,32.0,12.0,9.0,11.0,8.0,1.0,0.0,13.0,10.0,1.0,254.0,900.0,3,0,0,1,0,0,1,0,0,0,0,0,0,0,172.72,182.88,155.0,0.0,0.0,0.12,0.68,0.0,0.16,0.0,0.0,0.0,2.0,131.0,17.0,80.0,55.0,139.0,25.0,95.0,69.0,3.0,0.0,6.0,1.0,120.0,10.0,63.0,42.0,4.0,2.0,7.0,3.0,7.0,5.0,10.0,10.0,122.0,14.0,55.0,35.0,9.0,3.0,3.0,3.0,0.0,0.0,22.0,17.0,16.0,173.0,576.0,2,0,0,1,0,0,1,0,0,0,0,0,0,0,177.8,185.42,155.0,28.0,26.0,0,0,0,0,0,0,1,0,0,0,0,0,0,0,0,1,0,0,0,0,1,0,0,0
Blue,False,0.0,0.5,0.55,0.5,0.5,0.26875,3.75,0.375,0.25,0.125,92.0,54.875,57.125,27.875,108.0,69.25,72.25,40.375,0.5,0.5,2.75,1.5,66.25,33.5,39.5,15.125,18.625,14.75,10.5,7.375,7.125,6.625,7.125,5.375,85.125,49.875,43.875,19.25,3.25,2.875,3.125,2.625,3.625,2.125,10.125,6.0,211.125,154.375,761.25,9,0,0,2,1,1,3,0,0,0,1,0,0,0,177.8,185.42,145.0,0.0,0.5,0.37,0.42,0.125,0.9,0.5,1.0,0.5,0.0,53.0,20.0,64.0,27.5,60.0,26.0,81.5,42.5,2.0,0.5,3.0,2.5,40.5,13.0,60.5,25.5,7.5,3.0,3.0,1.5,5.0,4.0,0.5,0.5,46.5,16.0,37.0,13.5,4.5,2.5,1.5,0.5,2.0,1.5,25.5,13.5,40.5,172.5,377.5,3,0,0,2,0,0,2,0,0,0,0,0,0,0,167.64,167.64,135.0,24.0,29.0,1,0,0,0,0,0,0,0,0,0,0,0,0,0,0,0,0,1,0,0,1,0,0,0
Red,False,0.0,1.0,0.33,0.51,0.0,0.5,0.0,1.0,0.0,0.0,36.0,12.0,37.0,19.0,51.0,24.0,51.0,33.0,0.0,0.0,4.0,2.0,22.0,3.0,33.0,15.0,13.0,9.0,3.0,3.0,1.0,0.0,1.0,1.0,18.0,1.0,17.0,6.0,18.0,11.0,9.0,4.0,0.0,0.0,11.0,9.0,13.0,239.0,329.0,2,0,0,1,0,0,1,0,0,0,0,0,0,0,177.8,187.96,170.0,1.0078125,0.0,0.5841796875,0.481328125,0.067578125,0.2053125,0.265625,0.015625,0.0,0.03125,95.98828125,53.51953125,86.515625,40.46875,125.234375,80.6484375,104.453125,56.5625,6.5625,1.09375,3.796875,1.1640625,67.91015625,31.015625,64.45703125,20.2421875,16.6328125,11.69140625,4.82421875,3.7734375,11.4453125,10.8125,17.234375,16.453125,58.67578125,25.23046875,66.80078125,23.484375,22.08984375,16.91796875,12.984375,10.79296875,15.22265625,11.37109375,6.73046875,6.19140625,224.078125,178.5078125,889.23828125,23,0,3,0,3,6,3,0,0,1,3,2,0,0,182.88,185.42,170.0,28.0,37.0,0,0,0,0,0,0,0,0,0,1,0,0,0,0,0,1,0,0,0,0,1,0,0,0
Red,False,0.0,1.0,0.58,0.67,0.0,0.4,0.0,2.0,1.0,1.0,58.0,34.0,53.0,36.0,80.0,50.0,104.0,86.0,1.0,0.0,5.0,2.0,48.0,25.0,32.0,16.0,8.0,7.0,16.0,15.0,2.0,2.0,5.0,5.0,51.0,27.0,37.0,21.0,2.0,2.0,8.0,8.0,5.0,5.0,8.0,7.0,299.0,88.0,622.0,3,0,0,1,0,0,1,0,0,0,0,0,0,0,165.1,165.1,125.0,0.0,0.0,0.4962499999999999,0.39,0.19625,0.4225,0.25,0.5,0.5,0.0,93.0,45.375,86.125,33.0,122.625,72.75,132.875,73.75,2.25,0.625,4.625,2.125,71.125,26.75,67.625,19.5,17.0,14.75,11.375,8.625,4.875,3.875,7.125,4.875,66.5,25.5,59.75,16.25,20.625,16.375,11.875,8.5,5.875,3.5,14.5,8.25,153.125,342.875,900.0,12,0,1,0,2,3,1,0,0,1,2,0,0,0,160.02,162.56,125.0,24.0,31.0,0,0,0,1,0,0,0,0,0,0,0,0,0,0,0,1,0,0,0,0,0,0,1,0
Red,False,0.5,0.0,0.485,0.5,0.22,0.5800000000000001,2.0,0.5,0.0,0.0,43.0,21.5,69.0,36.5,88.0,66.5,82.5,50.0,5.0,2.0,2.5,1.5,28.5,9.5,56.5,27.0,8.5,6.5,10.0,8.0,6.0,5.5,2.5,1.5,26.5,9.0,41.5,19.0,13.5,11.0,16.0,10.5,3.0,1.5,11.5,7.0,170.5,210.0,584.5,4,0,0,1,1,1,1,0,0,0,0,0,1,0,167.64,167.64,125.0,0.0,0.5,0.415,0.31,0.21,0.0,2.5,0.5,0.0,0.0,67.5,43.5,28.5,9.0,106.5,78.0,33.5,13.5,3.5,1.5,0.0,0.0,59.0,38.0,26.0,8.0,4.5,3.0,1.5,0.5,4.0,2.5,1.0,0.5,18.0,5.5,24.0,6.0,0.0,0.0,0.0,0.0,49.5,38.0,4.5,3.0,371.0,1.5,507.0,4,1,0,1,1,1,1,0,0,0,1,0,0,0,167.64,170.18,125.0,29.0,26.0,1,0,0,0,0,0,0,0,0,0,0,0,0,0,0,1,0,0,0,0,1,0,0,0
Red,False,0.0,0.5625,0.3384375,0.5778125,0.1665625,0.1484375,0.0,0.0,0.015625,0.0,116.25,41.921875,116.84375,65.046875,151.328125,73.21875,138.109375,83.265625,2.96875,0.40625,2.140625,1.046875,96.09375,26.203125,94.625,44.859375,12.03125,9.09375,10.765625,9.28125,8.125,6.625,11.453125,10.90625,99.65625,29.71875,96.15625,49.953125,12.046875,9.046875,15.59375,11.765625,4.546875,3.15625,5.09375,3.328125,83.390625,132.125,547.296875,18,0,2,0,2,3,4,0,0,0,1,2,0,0,185.42,190.5,185.0,0.25,0.25,0.685,0.1125,0.09375,0.125,0.125,0.25,0.0,0.0,25.5,15.75,14.625,3.625,49.25,36.25,28.125,16.375,1.75,0.75,1.5,0.375,23.375,13.875,14.5,3.5,0.75,0.5,0.125,0.125,1.375,1.375,0.0,0.0,11.25,6.625,10.375,1.25,5.625,2.75,2.625,1.25,8.625,6.375,1.625,1.125,126.125,22.0,209.875,6,0,1,0,2,3,1,0,0,0,0,3,0,0,187.96,190.5,185.0,30.0,30.0,0,0,0,0,0,1,0,0,0,0,0,0,0,0,0,1,0,0,0,0,1,0,0,0
Blue,False,0.0,0.0,0.39875,0.31875,0.7825,0.0,0.375,0.0,0.0,0.125,99.75,36.25,96.625,30.0,117.375,51.0,104.125,36.875,4.375,3.0,3.5,0.0,87.625,27.5,81.375,19.5,8.125,5.375,12.25,8.75,4.0,3.375,3.0,1.75,85.875,28.5,81.875,22.75,8.625,4.0,14.375,7.0,5.25,3.75,0.375,0.25,158.75,0.375,631.0,8,0,4,0,4,4,0,0,0,0,2,0,2,0,187.96,198.12,185.0,0.15625,0.05078125,0.5217968749999999,0.366484375,0.4078125,0.686328125,0.2578125,1.55859375,0.08203125,0.015625,70.94921875,37.02734375,48.62890625,18.07421875,90.1171875,54.20703125,82.19140625,49.29296875,7.1640625,3.375,3.6328125,1.48046875,51.55859375,19.34765625,39.40234375,10.86328125,13.76171875,12.4921875,6.296875,5.03125,5.62890625,5.1875,2.9296875,2.1796875,24.83203125,9.50390625,33.36328125,9.609375,10.734375,6.26953125,11.16015625,7.01953125,35.3828125,21.25390625,4.10546875,1.4453125,288.02734375,96.96484375,629.06640625,19,0,0,1,4,7,2,0,0,1,2,4,0,0,182.88,180.34,185.0,28.0,34.0,0,0,0,0,0,0,0,1,0,0,0,0,0,0,0,1,0,0,0,0,1,0,0,0
Red,False,0.0,0.0,0.4649999999999999,0.33375,0.2075,0.2075,0.25,0.0,0.25,0.0,150.375,71.0,108.875,35.375,158.5,78.75,121.125,45.375,1.0,0.375,4.875,1.75,92.5,31.875,70.375,14.0,34.5,21.125,23.125,10.0,23.375,18.0,15.375,11.375,137.0,61.625,98.25,27.75,12.375,8.875,9.875,7.375,1.0,0.5,0.75,0.25,16.5,129.75,900.0,12,0,0,1,1,2,2,0,0,0,2,0,0,0,185.42,190.5,155.0,0.625,0.00390625,0.3843359375,0.2319140625,0.049765625,0.1466015625,0.58203125,0.03125,0.00390625,0.0078125,39.2890625,12.04296875,50.43359375,17.55078125,49.30859375,21.1875,55.07421875,21.8046875,2.58984375,0.234375,1.8984375,0.62890625,32.0546875,7.390625,44.9296875,12.86328125,3.28125,2.3359375,4.0078125,3.53515625,3.953125,2.31640625,1.49609375,1.15234375,32.3125,7.31640625,47.625,15.60546875,3.2421875,2.171875,1.98046875,1.60546875,3.734375,2.5546875,0.828125,0.33984375,72.8515625,47.22265625,371.73046875,22,0,0,2,3,5,4,0,0,0,2,1,2,0,172.72,177.8,155.0,32.0,27.0,0,0,0,0,0,0,1,0,0,0,0,0,0,0,0,1,0,0,0,0,0,0,1,0
Blue,False,0.5,0.0,0.805,0.62,0.75,0.0,0.5,1.0,0.5,0.5,52.0,39.5,30.5,16.5,82.0,67.5,63.5,47.5,4.0,2.5,2.5,0.0,35.0,25.0,19.0,9.5,13.0,10.5,3.0,2.0,4.0,4.0,8.5,5.0,18.0,9.0,21.0,8.5,12.5,11.5,6.0,4.5,21.5,19.0,3.5,3.5,251.0,246.5,651.0,5,0,2,0,2,2,0,0,0,0,1,0,1,0,190.5,198.12,205.0,0.0,0.0,0.3874999999999999,0.5137499999999999,0.375,0.50875,1.375,0.25,0.0,0.0,36.0,14.25,34.375,20.5,52.125,27.0,81.0,58.75,3.625,1.25,3.5,2.375,29.75,10.375,21.375,9.0,2.75,1.875,7.25,6.0,3.5,2.0,5.75,5.5,23.875,7.0,17.5,6.5,4.875,2.5,13.25,11.125,7.25,4.75,3.625,2.875,67.625,346.625,549.25,9,0,0,1,1,2,2,0,0,0,0,1,1,0,182.88,190.5,185.0,30.0,27.0,0,0,0,0,0,0,0,1,0,0,0,0,0,0,0,1,0,0,0,0,1,0,0,0
Blue,False,0.0,0.0,0.45,0.57,0.5,0.42,0.0,1.0,0.0,0.0,79.0,36.0,63.0,36.0,158.0,104.0,67.0,40.0,2.0,1.0,7.0,3.0,68.0,30.0,40.0,20.0,7.0,4.0,15.0,9.0,4.0,2.0,8.0,7.0,66.0,24.0,56.0,29.0,3.0,3.0,1.0,1.0,10.0,9.0,6.0,6.0,236.0,209.0,900.0,3,0,1,0,1,1,0,0,0,0,1,0,0,0,185.42,193.04,170.0,0.0,0.625,0.43875,0.4075,0.29,0.10375,1.0,0.0,0.0,0.75,82.375,33.875,67.875,28.0,107.125,56.25,94.125,53.375,10.375,3.875,3.875,1.0,59.5,19.75,58.0,21.375,9.625,4.75,4.5,3.0,13.25,9.375,5.375,3.625,67.25,25.0,38.75,9.875,13.125,7.625,8.625,3.375,2.0,1.25,20.5,14.75,250.25,214.125,900.0,12,0,0,2,2,2,2,0,0,0,2,0,0,0,182.88,195.58,185.0,26.0,29.0,0,0,0,0,0,0,0,1,0,0,0,0,0,0,0,1,0,0,0,0,1,0,0,0
Red,False,0.0,1.0,0.36,0.57,0.0,0.0,0.0,0.0,0.0,0.0,22.0,8.0,38.0,22.0,22.0,8.0,38.0,22.0,0.0,0.0,0.0,0.0,5.0,0.0,23.0,9.0,5.0,1.0,9.0,7.0,12.0,7.0,6.0,6.0,22.0,8.0,36.0,20.0,0.0,0.0,0.0,0.0,0.0,0.0,2.0,2.0,0.0,1.0,253.0,1,0,0,1,0,0,1,0,0,0,0,0,0,0,185.42,185.42,170.0,0.0471682548522949,0.0,0.45,0.4217682266235352,0.25,0.19173828125,0.1875,0.125,0.0,0.0,69.5,30.5,66.984375,27.8466796875,94.0,48.544921875,88.50390625,44.75,2.0,0.8125,2.015625,0.6640625,54.0,19.01513671875,51.483436584472656,16.9437255859375,7.91796875,5.430633544921875,7.75,5.0625,4.780975341796875,3.9373779296875,4.8994140625,3.84375,51.025390625,18.400863647460938,50.515625,17.5,5.75,3.75,5.5,3.5,5.375,3.6875,4.0,2.65625,104.865234375,89.5,655.8441009521484,0,0,0,0,0,0,0,0,0,0,0,0,0,0,182.88,185.42,185.0,31.0,29.0,0,0,0,0,0,0,0,0,0,1,0,0,0,0,0,1,0,0,0,0,1,0,0,0
Red,False,2.0,0.0,0.62,0.31,0.5,0.0,0.0,1.0,0.0,0.0,24.0,15.0,19.0,6.0,90.0,77.0,19.0,6.0,2.0,1.0,0.0,0.0,24.0,15.0,16.0,3.0,0.0,0.0,0.0,0.0,0.0,0.0,3.0,3.0,13.0,7.0,19.0,6.0,0.0,0.0,0.0,0.0,11.0,8.0,0.0,0.0,251.0,1.0,332.0,2,0,1,0,1,1,0,0,0,0,0,1,0,0,165.1,160.02,135.0,0.0,0.5,0.485,0.27,0.185,0.0,0.0,0.5,0.0,0.0,60.5,31.0,51.5,16.0,81.5,51.0,53.5,17.5,4.0,1.5,0.0,0.0,44.5,17.5,38.5,8.5,6.5,5.0,6.0,4.0,9.5,8.5,7.0,3.5,49.0,20.0,50.5,15.0,5.5,5.5,1.0,1.0,6.0,5.5,0.0,0.0,147.5,3.0,526.0,4,0,0,1,1,1,1,0,0,0,1,0,0,0,165.1,167.64,135.0,28.0,29.0,1,0,0,0,0,0,0,0,0,0,0,0,0,0,0,1,0,0,0,0,1,0,0,0
Red,False,0.0,0.0,0.1825,0.3974999999999999,0.1525,0.875,1.5,1.625,0.75,0.125,23.5,6.25,28.5,12.125,38.0,20.625,39.125,22.375,1.25,0.375,1.625,1.625,20.625,4.5,22.25,8.375,1.25,0.75,3.0,1.625,1.625,1.0,3.25,2.125,21.25,4.875,21.5,7.125,1.375,0.875,1.375,0.875,0.875,0.5,5.625,4.125,37.0,173.375,311.75,6,0,1,0,1,2,2,0,0,0,0,0,2,0,182.88,182.88,155.0,0.0,0.5,0.5125,0.3249999999999999,0.35,0.0,0.0,0.5,0.0,0.0,60.25,29.25,56.25,13.75,69.5,37.25,77.5,33.0,7.25,2.25,1.5,0.0,40.5,15.25,46.5,8.75,3.5,2.25,2.75,1.75,16.25,11.75,7.0,3.25,48.25,20.0,52.25,11.0,2.5,2.5,2.5,1.25,9.5,6.75,1.5,1.5,192.25,9.0,599.5,7,1,2,0,2,2,1,0,0,0,2,0,0,0,167.64,167.64,145.0,24.0,27.0,0,0,1,0,0,0,0,0,0,0,0,0,0,0,0,0,0,0,1,0,1,0,0,0
Blue,False,0.0,0.01953125,0.34870849609375,0.359501953125,0.141884765625,0.382744140625,0.34912109375,0.126953125,0.0009765625,0.063232421875,118.96240234375,39.48583984375,115.199462890625,41.698974609375,153.063232421875,67.22705078125,132.023193359375,55.89697265625,8.42822265625,1.504638671875,4.126220703125,2.375244140625,101.0498046875,26.683837890625,97.02490234375,27.862548828125,14.0322265625,10.144775390625,10.533935546875,7.260498046875,3.88037109375,2.6572265625,7.640625,6.575927734375,95.02099609375,25.73046875,100.729248046875,32.8701171875,17.035888671875,9.00146484375,9.478515625,4.673828125,6.905517578125,4.75390625,4.99169921875,4.155029296875,204.7919921875,100.7880859375,903.383544921875,32,1,5,0,5,9,4,0,0,0,4,0,5,0,185.42,182.88,170.0,0.5,0.25,0.3816406249999999,0.323125,0.6389843749999999,0.13765625,0.0703125,0.40625,0.15625,0.375,75.078125,32.8984375,81.5859375,24.578125,86.6796875,42.4921875,102.671875,43.5546875,4.0078125,2.203125,1.53125,0.1953125,55.1875,18.5234375,66.640625,14.453125,3.546875,2.796875,6.2890625,3.9765625,16.34375,11.578125,8.65625,6.1484375,66.421875,27.4140625,70.84375,16.28125,1.9609375,1.9453125,7.7578125,5.7265625,6.6953125,3.5390625,2.984375,2.5703125,207.953125,94.4453125,717.3515625,22,0,2,0,3,6,2,0,0,1,4,1,0,0,187.96,193.04,170.0,34.0,30.0,0,0,0,0,0,0,0,0,0,1,0,0,0,0,0,0,0,1,0,0,0,0,1,0
Red,True,0.0,0.0,0.5205078125,0.34162109375,0.59689453125,0.2932421875,0.375,0.595703125,0.125,0.0625,92.654296875,44.126953125,58.994140625,20.828125,217.193359375,154.548828125,110.6953125,68.87109375,6.59765625,3.947265625,1.734375,0.640625,71.462890625,27.642578125,47.47265625,12.447265625,14.005859375,10.869140625,9.955078125,6.955078125,7.185546875,5.615234375,1.56640625,1.42578125,43.517578125,11.318359375,43.859375,10.060546875,14.1171875,10.419921875,10.54296875,7.37109375,35.01953125,22.388671875,4.591796875,3.396484375,567.83984375,138.822265625,860.13671875,27,1,0,1,3,6,4,0,0,0,5,0,1,0,185.42,185.42,205.0,1.4139404296875,0.0,0.635572509765625,0.371053466796875,0.13330078125,0.0551171875,0.37744140625,0.125,0.000244140625,0.125,50.556884765625,32.732666015625,52.1966552734375,21.6903076171875,60.739990234375,41.94921875,91.290283203125,56.369384765625,0.13427734375,0.13330078125,2.439697265625,0.394775390625,35.8123779296875,21.075439453125,44.953369140625,15.6961669921875,8.202880859375,7.0218505859375,3.978515625,3.5408935546875,6.5416259765625,4.6353759765625,3.2647705078125,2.4532470703125,32.123046875,17.789794921875,31.9842529296875,8.8819580078125,4.9967041015625,4.4378662109375,5.38623046875,3.776611328125,13.4371337890625,10.5050048828125,14.826171875,9.03173828125,30.8397216796875,208.983154296875,567.551025390625,32,10,14,0,14,14,0,0,0,0,2,9,3,0,187.96,195.58,185.0,35.0,37.0,0,0,0,0,0,0,0,1,0,0,0,0,0,0,0,0,0,1,0,0,0,0,1,0
Red,False,0.0,0.0,0.485,0.42,0.425,0.7450000000000001,1.5,0.5,0.0,0.5,27.0,10.5,32.5,14.5,41.25,24.75,61.75,40.0,4.5,2.0,2.5,1.75,24.25,8.25,25.25,9.25,2.0,1.5,1.0,1.0,0.75,0.75,6.25,4.25,16.0,4.75,19.5,6.0,7.0,3.25,3.0,2.0,4.0,2.5,10.0,6.5,95.0,265.25,486.5,6,0,0,2,1,1,2,0,0,0,0,0,1,0,177.8,180.34,155.0,0.39678955078125,0.03125,0.5412655639648437,0.2868942260742187,0.00506591796875,0.185977783203125,3.0517578125e-05,0.76690673828125,0.015625,0.00048828125,28.31964111328125,14.78790283203125,15.463409423828123,4.8641357421875,31.65631103515625,18.124542236328125,16.448577880859375,5.804107666015625,0.051788330078125,0.014678955078125,2.17071533203125,0.638214111328125,22.53890991210937,10.519256591796877,10.0010986328125,2.318267822265625,4.407196044921875,3.55926513671875,2.96588134765625,1.7098388671875,1.37353515625,0.709381103515625,2.496429443359375,0.836029052734375,19.77597045898437,8.682342529296875,15.2445068359375,4.798736572265625,4.030731201171875,2.769927978515625,0.1339111328125,0.0570068359375,4.512939453125,3.33563232421875,0.084991455078125,0.008392333984375,2.58319091796875,43.37957763671875,173.48135375976562,25,0,1,0,5,10,6,0,0,2,1,6,0,1,175.26,180.34,155.0,33.0,29.0,0,0,0,0,0,0,1,0,0,0,0,0,0,0,0,1,0,0,0,0,1,0,0,0
Blue,False,1.0,0.0,0.45,0.29,0.33,0.0,1.0,0.0,0.0,0.0,77.0,35.0,44.0,13.0,106.0,59.0,51.0,18.0,9.0,3.0,2.0,0.0,72.0,32.0,37.0,9.0,4.0,3.0,5.0,2.0,1.0,0.0,2.0,2.0,47.0,15.0,40.0,11.0,4.0,3.0,4.0,2.0,26.0,17.0,0.0,0.0,358.0,5.0,728.0,3,0,1,0,1,1,0,0,0,0,0,0,1,0,177.8,177.8,155.0,0.28125,0.0009765625,0.3841912841796875,0.2725067138671875,0.6360565185546875,0.0223974609375,0.546142578125,0.12701416015625,0.0001220703125,6.103515625e-05,101.4283447265625,40.8902587890625,85.14776611328125,23.990966796875,118.4901123046875,56.10321044921875,100.91424560546876,39.55242919921875,4.36529541015625,2.53326416015625,5.91253662109375,0.1339111328125,92.8900146484375,33.03216552734375,67.9307861328125,12.399169921875,7.85064697265625,7.23297119140625,9.47711181640625,6.59814453125,0.68768310546875,0.6251220703125,7.7398681640625,4.99365234375,92.263427734375,34.924560546875,76.27984619140625,17.84442138671875,4.14501953125,2.92919921875,7.5426025390625,4.86187744140625,5.0198974609375,3.0364990234375,1.3253173828125,1.28466796875,135.1656494140625,96.59161376953124,780.0236206054688,36,0,0,1,3,10,5,0,0,2,4,1,3,0,177.8,180.34,155.0,23.0,28.0,0,0,0,0,0,0,1,0,0,0,0,0,0,0,0,1,0,0,0,0,0,0,1,0
Blue,False,0.5,0.0,0.455,0.31,0.165,0.0,0.0,0.0,0.0,0.0,118.0,58.0,122.0,42.5,140.0,79.0,150.5,63.0,1.5,0.5,3.0,0.0,74.5,24.0,97.5,26.0,22.0,18.0,15.0,9.0,21.5,16.0,9.5,7.5,96.0,37.5,110.5,35.5,20.0,18.5,11.5,7.0,2.0,2.0,0.0,0.0,96.0,113.5,746.0,5,0,2,0,2,2,0,0,1,0,0,1,0,0,167.64,177.8,135.0,0.125,0.0,0.54125,0.45125,0.5,0.23125,1.25,1.75,0.0,0.0,67.75,29.75,62.75,25.625,86.125,47.125,77.0,36.0,1.0,0.5,1.875,1.25,47.75,17.75,48.125,15.5,11.0,6.625,11.0,7.75,9.0,5.375,3.625,2.375,50.75,16.125,46.625,16.0,4.125,2.375,9.5,7.625,12.875,11.25,6.625,2.0,67.25,152.25,461.25,8,0,0,1,3,3,1,0,0,0,1,1,1,0,167.64,162.56,145.0,28.0,30.0,1,0,0,0,0,0,0,0,0,0,0,0,0,0,0,0,0,1,0,0,1,0,0,0
Red,False,0.048828125,0.0,0.37607421875,0.5987011718749999,0.2535546875,0.8048828125,0.265625,1.8828125,0.5009765625,0.2509765625,32.7060546875,13.23828125,60.9384765625,37.306640625,48.505859375,28.9599609375,124.2822265625,95.2412109375,0.9345703125,0.509765625,4.1279296875,3.01171875,25.2197265625,9.3388671875,44.044921875,21.4677734375,2.4873046875,1.0751953125,8.94921875,8.234375,4.9990234375,2.82421875,7.9443359375,7.6044921875,24.7470703125,7.8955078125,28.0166015625,11.6240234375,4.20703125,3.2470703125,8.884765625,7.5634765625,3.751953125,2.095703125,24.037109375,18.119140625,43.0810546875,462.400390625,731.0224609375,26,2,0,4,4,4,7,0,0,1,1,2,0,0,180.34,190.5,170.0,0.0,1.0,0.39,0.41,0.0,0.0,0.0,0.0,0.0,0.0,81.0,32.0,104.0,43.0,81.0,32.0,112.0,51.0,1.0,0.0,0.0,0.0,54.0,13.0,88.0,31.0,19.0,12.0,10.0,8.0,8.0,7.0,6.0,4.0,79.0,32.0,83.0,30.0,2.0,0.0,20.0,13.0,0.0,0.0,1.0,0.0,0.0,13.0,589.0,2,0,0,1,0,0,1,0,0,0,0,0,0,0,175.26,177.8,185.0,32.0,40.0,0,0,0,0,0,0,0,1,0,0,0,0,0,0,0,1,0,0,0,0,0,0,1,0
Red,False,0.1250004768371582,0.5195932388305664,0.3904682150483131,0.4900355291366577,0.2654873234033584,0.3298651123046875,0.4140796661376953,0.0002447664737701,0.0,0.0314943790435791,29.506350845098492,10.172881484031675,88.74836441874504,45.26921421289444,35.198925852775574,15.53281393647194,115.55059358477592,67.95799523591995,1.397070288658142,0.3768660426139831,0.5552373230457306,0.4690017700195312,23.933061957359318,7.059161394834518,68.18216142058372,27.635733544826508,3.7089373767375946,2.259195238351822,17.77985644340515,15.880839347839355,1.864351511001587,0.8545248508453369,2.786346554756165,1.7526413202285769,22.13272887468338,5.671043932437897,31.711910992860798,8.38648110628128,6.1533362865448,3.879093825817108,15.981612086296082,10.756785809993744,1.2202856838703156,0.6227437257766724,41.054841339588165,26.12594729661941,56.37097096443176,146.4042146205902,368.9642898142338,62,10,1,0,6,15,11,0,0,2,3,7,2,1,190.5,187.96,205.0,0.000244140625,0.703125,0.22219970703125,0.45103271484375,0.18546142578125,0.2034033203125,0.070556640625,0.0,0.140625,0.0,88.0078125,26.8211669921875,58.0567626953125,22.815673828125,116.2261962890625,49.7548828125,65.5167236328125,29.210693359375,1.913330078125,1.2659912109375,1.783203125,0.70458984375,67.5316162109375,14.7008056640625,53.225341796875,18.9547119140625,9.91943359375,5.044189453125,3.83154296875,3.0208740234375,10.5567626953125,7.076171875,0.9998779296875,0.840087890625,75.033203125,20.54736328125,45.46240234375,14.820068359375,3.7469482421875,1.8743896484375,2.1060791015625,1.18212890625,9.2276611328125,4.3994140625,10.48828125,6.8134765625,104.429931640625,50.7098388671875,466.537353515625,34,3,3,0,3,9,5,0,0,1,5,1,2,0,190.5,195.58,205.0,37.0,33.0,0,0,0,0,0,1,0,0,0,0,0,0,0,0,0,1,0,0,0,0,1,0,0,0
Red,False,0.0,0.0,0.425,0.315,0.5800000000000001,0.5,0.0,0.5,0.0,0.0,162.0,76.0,136.5,44.0,215.5,126.0,140.5,47.5,7.5,4.5,1.0,0.5,129.0,53.0,97.0,21.0,14.0,9.5,17.5,9.0,19.0,13.5,22.0,14.0,130.5,59.0,122.0,34.5,24.5,13.5,14.5,9.5,7.0,3.5,0.0,0.0,254.0,8.0,900.0,6,0,0,1,1,1,1,0,0,0,1,0,0,0,182.88,185.42,185.0,0.875,0.0,0.45875,0.36875,0.3325,0.10875,0.375,0.0,0.125,0.125,102.75,42.5,105.875,38.25,114.625,52.125,127.625,55.75,0.625,0.5,5.5,0.5,95.875,37.75,80.625,20.125,5.875,3.875,13.125,9.25,1.0,0.875,12.125,8.875,94.375,36.875,95.875,31.75,3.625,2.625,6.875,4.25,4.75,3.0,3.125,2.25,54.375,123.25,722.75,10,0,0,1,3,3,1,0,0,1,1,1,0,0,180.34,185.42,185.0,31.0,32.0,0,0,0,0,0,0,0,1,0,0,0,0,0,0,0,0,0,1,0,0,1,0,0,0
Blue,False,0.125,0.25,0.37875,0.41625,0.1225,0.875,0.5,0.75,0.5,0.75,75.875,33.875,98.0,42.875,85.125,42.125,114.625,59.5,6.875,0.75,1.125,1.125,66.0,28.75,81.75,30.0,8.0,3.5,6.375,3.625,1.875,1.625,9.875,9.25,57.0,18.25,80.0,29.25,4.125,2.875,11.625,10.375,14.75,12.75,6.375,3.25,159.25,211.375,698.0,9,0,1,0,1,1,3,0,0,0,0,1,0,0,177.8,182.88,155.0,0.0,0.0,0.32125,0.53375,0.05,0.3575,0.375,0.125,0.0,0.0,71.375,22.0,99.625,55.0,100.875,49.5,135.0,88.125,2.5,0.5,7.75,2.875,63.625,17.375,73.625,33.875,4.75,1.625,5.5,3.875,3.0,3.0,20.5,17.25,64.0,18.0,59.0,21.625,7.125,3.75,14.75,12.125,0.25,0.25,25.875,21.25,68.75,381.625,837.875,11,1,0,4,0,0,4,0,0,0,0,0,0,0,177.8,182.88,155.0,32.0,33.0,0,0,0,0,0,0,1,0,0,0,0,0,0,0,0,1,0,0,0,0,1,0,0,0
Red,False,0.0,0.0,0.56,1.0,0.0,0.42,0.0,1.0,0.0,0.0,64.0,36.0,1.0,1.0,72.0,44.0,2.0,2.0,2.0,0.0,7.0,3.0,41.0,17.0,0.0,0.0,15.0,12.0,0.0,0.0,8.0,7.0,1.0,1.0,56.0,30.0,0.0,0.0,6.0,4.0,1.0,1.0,2.0,2.0,0.0,0.0,16.0,135.0,388.0,2,0,0,1,0,0,1,0,0,0,0,0,0,0,180.34,180.34,155.0,0.0,1.25,0.24125,0.3425,0.08875,0.3625,0.25,1.0,0.125,0.0,98.4375,23.625,103.125,37.625,111.5625,34.875,121.5625,55.25,3.875,0.625,1.125,1.0625,77.4375,14.125,84.8125,25.25,12.9375,4.3125,12.8125,8.375,8.0625,5.1875,5.5,4.0,90.4375,20.1875,81.4375,20.625,5.4375,2.0625,10.0625,7.4375,2.5625,1.375,11.625,9.5625,100.9375,71.75,584.0,13,0,0,1,1,1,4,0,0,0,1,0,0,0,172.72,180.34,155.0,28.0,30.0,0,0,0,0,0,0,1,0,0,0,0,0,0,0,0,0,0,1,0,0,1,0,0,0
Red,True,0.015625,0.0,0.45,0.4275,0.25,0.2,0.148468017578125,0.098388671875,0.0,0.0,66.5,29.6875,64.31230545043945,27.34375,89.75,48.0,85.53125,44.41152191162109,2.0,0.75,2.0546875,0.75,51.1875,18.3359375,49.6123046875,16.280410766601562,7.5,5.07647705078125,7.5,5.0,4.5,3.625,4.984375,3.9375,48.6875,17.0,47.11572265625,16.5,5.75,3.75,5.3125,3.4375,5.0625,3.5,3.875,2.5,99.2119140625,94.125,638.5,0,0,0,0,0,0,0,0,0,0,0,0,0,0,182.88,182.88,170.0,0.0471682548522949,0.0,0.45,0.4217682266235352,0.25,0.19173828125,0.1875,0.125,0.0,0.0,69.5,30.5,66.984375,27.8466796875,94.0,48.544921875,88.50390625,44.75,2.0,0.8125,2.015625,0.6640625,54.0,19.01513671875,51.483436584472656,16.9437255859375,7.91796875,5.430633544921875,7.75,5.0625,4.780975341796875,3.9373779296875,4.8994140625,3.84375,51.025390625,18.400863647460938,50.515625,17.5,5.75,3.75,5.5,3.5,5.375,3.6875,4.0,2.65625,104.865234375,89.5,655.8441009521484,0,0,0,0,0,0,0,0,0,0,0,0,0,0,185.42,198.12,185.0,29.0,27.0,0,0,0,0,0,0,0,1,0,0,0,0,0,0,0,1,0,0,0,0,0,0,1,0
Blue,True,0.015625,0.0,0.45,0.4275,0.25,0.2,0.148468017578125,0.098388671875,0.0,0.0,66.5,29.6875,64.31230545043945,27.34375,89.75,48.0,85.53125,44.41152191162109,2.0,0.75,2.0546875,0.75,51.1875,18.3359375,49.6123046875,16.280410766601562,7.5,5.07647705078125,7.5,5.0,4.5,3.625,4.984375,3.9375,48.6875,17.0,47.11572265625,16.5,5.75,3.75,5.3125,3.4375,5.0625,3.5,3.875,2.5,99.2119140625,94.125,638.5,0,0,0,0,0,0,0,0,0,0,0,0,0,0,170.18,185.42,145.0,0.0471682548522949,0.0,0.45,0.4217682266235352,0.25,0.19173828125,0.1875,0.125,0.0,0.0,69.5,30.5,66.984375,27.8466796875,94.0,48.544921875,88.50390625,44.75,2.0,0.8125,2.015625,0.6640625,54.0,19.01513671875,51.483436584472656,16.9437255859375,7.91796875,5.430633544921875,7.75,5.0625,4.780975341796875,3.9373779296875,4.8994140625,3.84375,51.025390625,18.400863647460938,50.515625,17.5,5.75,3.75,5.5,3.5,5.375,3.6875,4.0,2.65625,104.865234375,89.5,655.8441009521484,0,0,0,0,0,0,0,0,0,0,0,0,0,0,170.18,185.42,145.0,28.0,24.0,0,0,1,0,0,0,0,0,0,0,0,0,0,0,0,1,0,0,0,0,1,0,0,0
Blue,False,0.274200439453125,0.01251220703125,0.3463890075683594,0.3510453796386719,0.2850421142578125,0.6928433227539063,7.62939453125e-05,0.0138015747070312,0.00128173828125,0.0,82.81022644042969,29.046104431152344,103.15855407714844,34.30979919433594,89.2484359741211,34.75506591796875,152.59941864013672,74.2658920288086,1.2661590576171875,0.5706024169921875,4.183219909667969,2.9642105102539062,68.34950256347656,17.26953125,81.62975311279297,20.297569274902344,10.388320922851562,8.038406372070312,11.266403198242188,6.9413604736328125,4.0724029541015625,3.7381668090820312,10.26239776611328,7.070869445800781,77.49430847167969,25.54985809326172,80.88246154785156,23.238754272460938,4.1811065673828125,2.6932449340820312,4.868865966796875,2.822021484375,1.1348114013671875,0.8030014038085938,17.4072265625,8.2490234375,21.711570739746094,202.2056427001953,648.955436706543,40,5,7,0,7,13,5,0,0,0,3,8,1,1,185.42,193.04,185.0,0.666015625,0.287109375,0.3691015625,0.49806640625,0.1875,0.110390625,0.125,0.0,0.0,0.0,85.8359375,30.69921875,71.7578125,26.412109375,92.498046875,37.033203125,74.94921875,29.294921875,0.19140625,0.1875,1.82421875,0.71875,71.43359375,20.4609375,54.04296875,13.67578125,6.19921875,4.822265625,11.853515625,7.71875,8.203125,5.416015625,5.861328125,5.017578125,70.41796875,22.228515625,66.826171875,23.912109375,12.720703125,7.375,3.279296875,1.1796875,2.697265625,1.095703125,1.65234375,1.3203125,20.05859375,15.86328125,490.158203125,21,1,0,1,1,4,6,0,0,0,1,3,0,0,180.34,187.96,205.0,37.0,35.0,0,1,0,0,0,0,0,0,0,0,0,0,0,0,0,0,0,1,0,0,1,0,0,0
Red,False,0.125,0.0,0.5062500000000001,0.53,0.515,0.0,0.25,0.0,0.125,0.625,36.0,18.375,66.5,30.0,72.25,51.0,98.375,61.25,9.0,4.75,0.0,0.0,31.75,14.875,56.125,21.0,4.25,3.5,6.875,5.875,0.0,0.0,3.5,3.125,25.5,10.75,52.875,20.625,1.75,0.75,10.375,8.375,8.75,6.875,3.25,1.0,461.375,5.5,806.875,11,0,4,0,4,4,0,0,0,0,2,1,0,1,185.42,185.42,255.0,0.0,0.3125,0.68125,0.484375,0.0625,0.046875,0.0,0.5,0.0,0.0,84.4375,53.1875,47.125,19.5625,92.25,59.0,63.4375,35.25,1.25,0.25,0.25,0.1875,57.4375,28.625,36.5625,11.875,14.1875,12.5,4.375,3.625,12.8125,12.0625,6.1875,4.0625,69.75,42.375,38.125,13.6875,10.1875,8.4375,6.625,3.6875,4.5,2.375,2.375,2.1875,62.3125,97.25,597.375,10,0,0,1,2,3,2,0,0,0,1,2,0,0,193.04,195.58,231.0,35.0,34.0,0,0,0,0,1,0,0,0,0,0,0,0,0,0,0,1,0,0,0,0,1,0,0,0
Blue,False,0.015625,0.0,0.45,0.4275,0.25,0.2,0.148468017578125,0.098388671875,0.0,0.0,66.5,29.6875,64.31230545043945,27.34375,89.75,48.0,85.53125,44.41152191162109,2.0,0.75,2.0546875,0.75,51.1875,18.3359375,49.6123046875,16.280410766601562,7.5,5.07647705078125,7.5,5.0,4.5,3.625,4.984375,3.9375,48.6875,17.0,47.11572265625,16.5,5.75,3.75,5.3125,3.4375,5.0625,3.5,3.875,2.5,99.2119140625,94.125,638.5,0,0,0,0,0,0,0,0,0,0,0,0,0,0,167.64,170.18,135.0,0.0471682548522949,0.0,0.45,0.4217682266235352,0.25,0.19173828125,0.1875,0.125,0.0,0.0,69.5,30.5,66.984375,27.8466796875,94.0,48.544921875,88.50390625,44.75,2.0,0.8125,2.015625,0.6640625,54.0,19.01513671875,51.483436584472656,16.9437255859375,7.91796875,5.430633544921875,7.75,5.0625,4.780975341796875,3.9373779296875,4.8994140625,3.84375,51.025390625,18.400863647460938,50.515625,17.5,5.75,3.75,5.5,3.5,5.375,3.6875,4.0,2.65625,104.865234375,89.5,655.8441009521484,0,0,0,0,0,0,0,0,0,0,0,0,0,0,170.18,170.18,145.0,29.0,25.0,0,0,1,0,0,0,0,0,0,0,0,0,0,0,0,1,0,0,0,0,1,0,0,0
Blue,False,0.015625,0.0,0.45,0.4275,0.25,0.2,0.148468017578125,0.098388671875,0.0,0.0,66.5,29.6875,64.31230545043945,27.34375,89.75,48.0,85.53125,44.41152191162109,2.0,0.75,2.0546875,0.75,51.1875,18.3359375,49.6123046875,16.280410766601562,7.5,5.07647705078125,7.5,5.0,4.5,3.625,4.984375,3.9375,48.6875,17.0,47.11572265625,16.5,5.75,3.75,5.3125,3.4375,5.0625,3.5,3.875,2.5,99.2119140625,94.125,638.5,0,0,0,0,0,0,0,0,0,0,0,0,0,0,175.26,177.8,155.0,0.0471682548522949,0.0,0.45,0.4217682266235352,0.25,0.19173828125,0.1875,0.125,0.0,0.0,69.5,30.5,66.984375,27.8466796875,94.0,48.544921875,88.50390625,44.75,2.0,0.8125,2.015625,0.6640625,54.0,19.01513671875,51.483436584472656,16.9437255859375,7.91796875,5.430633544921875,7.75,5.0625,4.780975341796875,3.9373779296875,4.8994140625,3.84375,51.025390625,18.400863647460938,50.515625,17.5,5.75,3.75,5.5,3.5,5.375,3.6875,4.0,2.65625,104.865234375,89.5,655.8441009521484,0,0,0,0,0,0,0,0,0,0,0,0,0,0,180.34,180.34,185.0,33.0,34.0,0,0,0,0,0,0,0,1,0,0,0,0,0,0,0,0,0,1,0,0,1,0,0,0
Blue,False,0.015625,0.0,0.45,0.4275,0.25,0.2,0.148468017578125,0.098388671875,0.0,0.0,66.5,29.6875,64.31230545043945,27.34375,89.75,48.0,85.53125,44.41152191162109,2.0,0.75,2.0546875,0.75,51.1875,18.3359375,49.6123046875,16.280410766601562,7.5,5.07647705078125,7.5,5.0,4.5,3.625,4.984375,3.9375,48.6875,17.0,47.11572265625,16.5,5.75,3.75,5.3125,3.4375,5.0625,3.5,3.875,2.5,99.2119140625,94.125,638.5,0,0,0,0,0,0,0,0,0,0,0,0,0,0,172.72,175.26,155.0,0.0,0.0,0.425,0.5549999999999999,0.5,0.125,1.0,0.0,0.0,1.0,94.5,41.0,47.5,26.5,152.0,88.0,92.0,64.0,3.0,3.0,2.0,0.5,79.5,29.0,34.5,17.0,13.5,11.0,8.0,5.5,1.5,1.0,5.0,4.0,80.5,28.5,41.0,21.5,2.5,2.5,2.5,2.0,11.5,10.0,4.0,3.0,346.5,153.0,900.0,6,0,2,0,2,2,0,0,0,0,2,0,0,0,175.26,180.34,135.0,28.0,31.0,0,0,1,0,0,0,0,0,0,0,0,0,0,0,0,1,0,0,0,0,0,0,1,0
Blue,False,0.015625,0.0,0.45,0.4275,0.25,0.2,0.148468017578125,0.098388671875,0.0,0.0,66.5,29.6875,64.31230545043945,27.34375,89.75,48.0,85.53125,44.41152191162109,2.0,0.75,2.0546875,0.75,51.1875,18.3359375,49.6123046875,16.280410766601562,7.5,5.07647705078125,7.5,5.0,4.5,3.625,4.984375,3.9375,48.6875,17.0,47.11572265625,16.5,5.75,3.75,5.3125,3.4375,5.0625,3.5,3.875,2.5,99.2119140625,94.125,638.5,0,0,0,0,0,0,0,0,0,0,0,0,0,0,170.18,180.34,155.0,0.0471682548522949,0.0,0.45,0.4217682266235352,0.25,0.19173828125,0.1875,0.125,0.0,0.0,69.5,30.5,66.984375,27.8466796875,94.0,48.544921875,88.50390625,44.75,2.0,0.8125,2.015625,0.6640625,54.0,19.01513671875,51.483436584472656,16.9437255859375,7.91796875,5.430633544921875,7.75,5.0625,4.780975341796875,3.9373779296875,4.8994140625,3.84375,51.025390625,18.400863647460938,50.515625,17.5,5.75,3.75,5.5,3.5,5.375,3.6875,4.0,2.65625,104.865234375,89.5,655.8441009521484,0,0,0,0,0,0,0,0,0,0,0,0,0,0,167.64,167.64,145.0,32.0,24.0,0,0,1,0,0,0,0,0,0,0,0,0,0,0,0,1,0,0,0,0,1,0,0,0
Red,False,0.015625,0.0,0.45,0.4275,0.25,0.2,0.148468017578125,0.098388671875,0.0,0.0,66.5,29.6875,64.31230545043945,27.34375,89.75,48.0,85.53125,44.41152191162109,2.0,0.75,2.0546875,0.75,51.1875,18.3359375,49.6123046875,16.280410766601562,7.5,5.07647705078125,7.5,5.0,4.5,3.625,4.984375,3.9375,48.6875,17.0,47.11572265625,16.5,5.75,3.75,5.3125,3.4375,5.0625,3.5,3.875,2.5,99.2119140625,94.125,638.5,0,0,0,0,0,0,0,0,0,0,0,0,0,0,167.64,167.64,145.0,0.0471682548522949,0.0,0.45,0.4217682266235352,0.25,0.19173828125,0.1875,0.125,0.0,0.0,69.5,30.5,66.984375,27.8466796875,94.0,48.544921875,88.50390625,44.75,2.0,0.8125,2.015625,0.6640625,54.0,19.01513671875,51.483436584472656,16.9437255859375,7.91796875,5.430633544921875,7.75,5.0625,4.780975341796875,3.9373779296875,4.8994140625,3.84375,51.025390625,18.400863647460938,50.515625,17.5,5.75,3.75,5.5,3.5,5.375,3.6875,4.0,2.65625,104.865234375,89.5,655.8441009521484,0,0,0,0,0,0,0,0,0,0,0,0,0,0,175.26,175.26,125.0,30.0,32.0,0,0,1,0,0,0,0,0,0,0,0,0,0,0,0,0,0,1,0,0,1,0,0,0
Red,False,0.015625,0.0,0.45,0.4275,0.25,0.2,0.148468017578125,0.098388671875,0.0,0.0,66.5,29.6875,64.31230545043945,27.34375,89.75,48.0,85.53125,44.41152191162109,2.0,0.75,2.0546875,0.75,51.1875,18.3359375,49.6123046875,16.280410766601562,7.5,5.07647705078125,7.5,5.0,4.5,3.625,4.984375,3.9375,48.6875,17.0,47.11572265625,16.5,5.75,3.75,5.3125,3.4375,5.0625,3.5,3.875,2.5,99.2119140625,94.125,638.5,0,0,0,0,0,0,0,0,0,0,0,0,0,0,177.8,177.8,155.0,0.0471682548522949,0.0,0.45,0.4217682266235352,0.25,0.19173828125,0.1875,0.125,0.0,0.0,69.5,30.5,66.984375,27.8466796875,94.0,48.544921875,88.50390625,44.75,2.0,0.8125,2.015625,0.6640625,54.0,19.01513671875,51.483436584472656,16.9437255859375,7.91796875,5.430633544921875,7.75,5.0625,4.780975341796875,3.9373779296875,4.8994140625,3.84375,51.025390625,18.400863647460938,50.515625,17.5,5.75,3.75,5.5,3.5,5.375,3.6875,4.0,2.65625,104.865234375,89.5,655.8441009521484,0,0,0,0,0,0,0,0,0,0,0,0,0,0,177.8,177.8,170.0,23.0,24.0,0,0,0,0,0,0,0,1,0,0,0,0,0,0,0,1,0,0,0,0,1,0,0,0
Blue,False,0.5,0.0,0.52,0.3249999999999999,1.0,0.25,0.5,0.5,0.0,0.0,54.5,30.0,64.5,22.0,60.5,35.0,73.0,30.5,1.5,1.5,2.5,1.0,37.0,17.0,41.5,8.5,7.0,5.5,14.5,9.0,10.5,7.5,8.5,4.5,44.0,21.5,54.0,15.5,3.0,2.5,5.0,3.0,7.5,6.0,5.5,3.5,55.5,90.5,439.0,4,0,0,1,1,1,1,0,0,0,0,1,0,0,172.72,177.8,145.0,0.0,0.3125,0.45546875,0.44671875,0.59375,0.233125,0.0,0.0625,0.03125,0.03125,129.078125,53.765625,115.265625,43.671875,151.421875,74.28125,120.828125,48.625,2.890625,0.90625,9.84375,1.75,99.15625,33.421875,92.03125,28.296875,18.78125,11.9375,14.9375,10.6875,11.140625,8.40625,8.296875,4.6875,115.03125,44.390625,102.1875,35.125,13.046875,9.125,11.046875,7.828125,1.0,0.25,2.03125,0.71875,89.75,184.3125,864.28125,19,1,3,0,3,5,2,0,0,0,4,0,0,1,172.72,175.26,155.0,28.0,27.0,0,0,1,0,0,0,0,0,0,0,0,0,0,0,0,1,0,0,0,0,1,0,0,0
Red,False,0.0,0.125,0.7625,0.39875,0.79375,0.0825,1.875,1.0,0.375,0.0,11.625,7.5,6.75,3.5,17.375,12.5,13.625,9.875,2.5,2.0,0.375,0.25,9.25,5.5,4.625,2.0,0.75,0.625,1.625,1.25,1.625,1.375,0.5,0.25,3.875,2.375,4.25,1.625,1.0,0.75,1.0,0.75,6.75,4.375,1.5,1.125,137.375,22.625,209.875,6,0,1,0,2,3,1,0,0,0,1,0,2,0,180.34,190.5,170.0,0.25,0.0,0.6174999999999999,0.385,0.205,0.25,0.25,3.0,0.25,0.5,40.75,24.25,40.25,20.0,77.5,57.0,69.0,47.0,8.0,2.0,1.75,0.25,28.25,15.75,25.75,9.75,5.75,3.5,12.25,9.75,6.75,5.0,2.25,0.5,18.75,8.25,21.25,6.25,10.25,7.0,19.0,13.75,11.75,9.0,0.0,0.0,414.75,99.25,742.0,7,0,3,0,3,3,0,0,0,1,1,1,0,0,182.88,185.42,170.0,24.0,31.0,0,0,0,0,0,0,0,0,0,1,0,0,0,0,0,1,0,0,0,0,0,0,1,0
Blue,False,0.5,0.0,0.4,0.295,0.415,0.5,0.5,0.5,0.0,0.0,31.0,12.5,36.5,11.5,35.0,16.5,44.5,19.0,3.5,1.5,1.0,0.5,21.5,5.5,26.0,7.0,4.0,3.5,3.5,1.5,5.5,3.5,7.0,3.0,21.5,7.5,33.5,10.5,2.0,1.5,2.0,0.0,7.5,3.5,1.0,1.0,141.5,21.0,358.5,3,0,2,0,2,2,0,0,0,0,0,1,1,0,172.72,180.34,145.0,0.0,0.0,0.54,0.33,0.34,0.5,1.0,0.5,0.5,0.0,80.0,45.5,91.0,30.5,152.5,116.5,124.0,60.5,6.0,2.0,1.0,1.0,60.5,30.5,61.5,15.0,15.0,10.5,14.0,8.5,4.5,4.5,15.5,7.0,50.0,21.0,80.5,23.5,5.0,4.0,7.5,5.0,25.0,20.5,3.0,2.0,456.0,114.0,900.0,6,0,2,0,2,2,0,0,0,1,1,0,0,0,180.34,185.42,145.0,30.0,28.0,0,0,1,0,0,0,0,0,0,0,0,0,0,0,0,1,0,0,0,0,1,0,0,0
Red,False,0.015625,0.0,0.45,0.4275,0.25,0.2,0.148468017578125,0.098388671875,0.0,0.0,66.5,29.6875,64.31230545043945,27.34375,89.75,48.0,85.53125,44.41152191162109,2.0,0.75,2.0546875,0.75,51.1875,18.3359375,49.6123046875,16.280410766601562,7.5,5.07647705078125,7.5,5.0,4.5,3.625,4.984375,3.9375,48.6875,17.0,47.11572265625,16.5,5.75,3.75,5.3125,3.4375,5.0625,3.5,3.875,2.5,99.2119140625,94.125,638.5,0,0,0,0,0,0,0,0,0,0,0,0,0,0,170.18,170.18,145.0,0.0,0.0,0.45,0.58,0.08,0.43,1.5,0.0,0.0,0.0,177.0,76.5,107.0,57.5,215.5,114.0,131.0,80.5,3.5,0.5,5.5,2.5,140.5,43.0,76.5,31.0,26.5,25.0,15.0,12.0,10.0,8.5,15.5,14.5,132.5,43.0,81.5,35.5,44.5,33.5,20.5,18.0,0.0,0.0,5.0,4.0,50.5,314.0,900.0,6,0,2,0,2,2,0,0,0,0,2,0,0,0,180.34,177.8,145.0,23.0,25.0,0,0,1,0,0,0,0,0,0,0,0,0,0,0,0,1,0,0,0,0,1,0,0,0
Red,False,0.0009765625,0.5234375,0.2662054443359375,0.3399749755859375,0.3641168212890625,0.1681103515625,2.2860107421875,0.3846435546875,0.25,0.0009765625,53.08172607421875,14.13250732421875,74.79974365234375,27.5181884765625,83.07489013671875,41.6363525390625,118.10211181640624,67.00201416015625,8.251708984375,2.86810302734375,3.8662109375,1.088134765625,41.986083984375,6.555419921875,55.90789794921875,14.1444091796875,7.00555419921875,3.59490966796875,16.3363037109375,12.1522216796875,4.090087890625,3.982177734375,2.5555419921875,1.2215576171875,37.03515625,7.50982666015625,46.84417724609375,9.491943359375,9.6480712890625,4.192626953125,20.10382080078125,11.26123046875,6.39849853515625,2.4300537109375,7.85174560546875,6.7650146484375,291.1024780273437,242.835205078125,826.7135009765625,39,0,1,0,4,9,6,0,0,2,2,1,4,0,170.18,177.8,155.0,1.2529296875,0.5,0.2761328125,0.334404296875,0.1719921875,0.070234375,0.3037109375,0.5166015625,0.0048828125,0.009765625,158.3203125,44.8037109375,175.5224609375,62.2060546875,175.7578125,61.513671875,182.0986328125,68.150390625,6.458984375,1.564453125,8.5869140625,0.7568359375,146.6533203125,38.048828125,137.4306640625,39.8916015625,9.6513671875,5.4267578125,23.400390625,10.84375,2.015625,1.328125,14.69140625,11.470703125,139.0166015625,33.8251953125,166.2041015625,56.982421875,10.9150390625,6.3974609375,6.37109375,2.7998046875,8.388671875,4.5810546875,2.947265625,2.423828125,107.3701171875,33.00390625,1165.58203125,33,2,0,1,8,8,3,0,0,2,5,1,0,0,175.26,177.8,155.0,30.0,33.0,0,0,0,0,0,0,1,0,0,0,0,0,0,0,0,1,0,0,0,0,1,0,0,0
Red,False,0.015625,0.0,0.45,0.4275,0.25,0.2,0.148468017578125,0.098388671875,0.0,0.0,66.5,29.6875,64.31230545043945,27.34375,89.75,48.0,85.53125,44.41152191162109,2.0,0.75,2.0546875,0.75,51.1875,18.3359375,49.6123046875,16.280410766601562,7.5,5.07647705078125,7.5,5.0,4.5,3.625,4.984375,3.9375,48.6875,17.0,47.11572265625,16.5,5.75,3.75,5.3125,3.4375,5.0625,3.5,3.875,2.5,99.2119140625,94.125,638.5,0,0,0,0,0,0,0,0,0,0,0,0,0,0,180.34,180.34,170.0,0.03125,0.0,0.3699609375,0.327265625,0.3979296875,0.40328125,1.109375,0.6640625,0.01953125,0.25390625,131.8359375,49.28515625,100.1875,29.34765625,157.734375,74.015625,127.9375,56.1953125,4.8671875,1.80859375,7.875,3.3046875,103.19140625,28.8125,93.10546875,25.01171875,24.46484375,16.87109375,5.125,3.15625,4.1796875,3.6015625,1.95703125,1.1796875,104.171875,32.53125,83.00390625,21.30078125,23.84375,13.92578125,13.40625,4.78515625,3.8203125,2.828125,3.77734375,3.26171875,151.27734375,328.47265625,881.51953125,25,0,0,1,6,6,3,0,0,2,2,1,1,0,175.26,180.34,170.0,26.0,27.0,0,0,0,0,0,0,0,0,0,1,0,0,0,0,0,1,0,0,0,0,0,0,1,0
Red,False,0.0081787109375,0.0,0.369957275390625,0.383382568359375,0.2786358642578125,0.3929083251953125,0.265899658203125,0.27099609375,0.00787353515625,0.01611328125,66.60647583007812,24.7296142578125,91.95941162109376,31.92236328125,100.5045166015625,55.37884521484375,161.96694946289062,90.30593872070312,1.0689697265625,0.394805908203125,5.973114013671875,2.525177001953125,47.50167846679688,9.3934326171875,70.69613647460938,17.74505615234375,9.29046630859375,6.934661865234375,11.56268310546875,6.998504638671875,9.8143310546875,8.401519775390625,9.700592041015623,7.178802490234375,56.18276977539063,16.268157958984375,74.22232055664062,22.690216064453125,8.410491943359375,6.80474853515625,5.88232421875,4.489105224609375,2.013214111328125,1.656707763671875,11.854766845703123,4.7430419921875,30.553741455078125,308.9974670410156,673.4289245605469,39,0,2,0,3,9,7,0,0,0,4,2,2,1,170.18,172.72,155.0,0.328125,0.0625,0.2782861328125,0.4128564453125,0.0703125,0.267802734375,0.0625,0.109375,0.015625,0.00048828125,162.39990234375,48.1923828125,122.8857421875,51.8173828125,168.08740234375,53.216796875,130.8603515625,58.7529296875,0.32421875,0.1328125,7.47607421875,1.64306640625,129.732421875,22.6474609375,92.18359375,28.2197265625,20.2294921875,16.22607421875,21.947265625,16.77685546875,12.43798828125,9.31884765625,8.7548828125,6.82080078125,156.5478515625,44.189453125,120.2783203125,49.7568359375,4.98388671875,3.40576171875,2.1279296875,1.6533203125,0.8681640625,0.59716796875,0.4794921875,0.4072265625,25.19140625,106.2138671875,732.6123046875,32,0,1,0,2,6,6,0,0,2,3,1,0,0,175.26,177.8,155.0,36.0,28.0,0,0,0,0,0,0,1,0,0,0,0,0,0,0,0,0,0,1,0,0,1,0,0,0
Red,False,0.015625,0.0,0.45,0.4275,0.25,0.2,0.148468017578125,0.098388671875,0.0,0.0,66.5,29.6875,64.31230545043945,27.34375,89.75,48.0,85.53125,44.41152191162109,2.0,0.75,2.0546875,0.75,51.1875,18.3359375,49.6123046875,16.280410766601562,7.5,5.07647705078125,7.5,5.0,4.5,3.625,4.984375,3.9375,48.6875,17.0,47.11572265625,16.5,5.75,3.75,5.3125,3.4375,5.0625,3.5,3.875,2.5,99.2119140625,94.125,638.5,0,0,0,0,0,0,0,0,0,0,0,0,0,0,182.88,182.88,155.0,0.0,0.5,0.485,0.385,0.285,0.33,2.0,0.0,0.0,0.0,67.0,35.5,32.5,13.5,124.0,88.0,44.5,25.5,7.0,4.0,1.5,1.0,60.0,30.0,28.5,11.5,3.5,3.0,2.0,1.5,3.5,2.5,2.0,0.5,42.5,16.5,27.5,9.5,5.0,3.5,2.0,1.5,19.5,15.5,3.0,2.5,382.0,52.5,567.0,4,1,0,1,1,1,1,0,0,0,1,0,0,0,180.34,190.5,155.0,25.0,24.0,0,0,0,0,0,0,1,0,0,0,0,0,0,0,0,1,0,0,0,0,1,0,0,0
Red,False,0.0,0.5,0.48,0.51,0.5,0.0,0.5,0.0,0.0,0.0,9.5,4.5,25.5,14.0,11.0,6.0,35.5,24.0,0.5,0.5,0.0,0.0,5.5,1.5,22.5,12.5,2.0,1.0,2.5,1.0,2.0,2.0,0.5,0.5,8.0,3.5,15.5,6.5,1.0,0.5,1.5,0.5,0.5,0.5,8.5,7.0,77.5,23.5,135.0,2,0,0,1,1,1,1,0,0,0,0,0,1,0,175.26,187.96,135.0,0.0,0.0,0.5,0.43,0.5,0.5,0.5,0.0,0.0,0.0,27.0,12.5,15.5,8.0,36.0,21.5,18.0,10.5,1.0,1.0,0.5,0.5,19.0,5.5,14.0,6.5,4.5,4.5,1.0,1.0,3.5,2.5,0.5,0.5,23.5,9.5,11.5,4.5,3.0,2.5,1.0,1.0,0.5,0.5,3.0,2.5,75.5,34.5,200.5,2,0,0,1,1,1,1,0,0,0,0,0,1,0,172.72,180.34,135.0,24.0,29.0,1,0,0,0,0,0,0,0,0,0,0,0,0,0,0,1,0,0,0,0,0,0,1,0
Red,False,0.0,1.0,0.57,0.44,0.0,0.0,0.0,0.0,0.0,0.0,7.0,4.0,9.0,4.0,7.0,4.0,11.0,6.0,0.0,0.0,0.0,0.0,5.0,2.0,9.0,4.0,0.0,0.0,0.0,0.0,2.0,2.0,0.0,0.0,7.0,4.0,4.0,1.0,0.0,0.0,0.0,0.0,0.0,0.0,5.0,3.0,0.0,5.0,40.0,1,0,0,1,0,0,1,0,0,0,0,0,0,0,172.72,172.72,170.0,0.2734375,0.0,0.5323583984375,0.418291015625,0.484658203125,0.0891503906249999,0.75048828125,0.27001953125,0.65625,0.6015625,67.5244140625,35.8701171875,97.939453125,43.177734375,108.74072265625,68.7890625,108.3935546875,51.826171875,7.693359375,3.11083984375,1.56640625,0.58154296875,47.3544921875,18.67138671875,82.45703125,31.26806640625,10.9560546875,9.1181640625,10.9150390625,8.1357421875,9.2138671875,8.08056640625,4.5673828125,3.77392578125,48.47216796875,20.7939453125,89.5478515625,37.19140625,6.9580078125,5.6591796875,5.68896484375,3.69189453125,12.09423828125,9.4169921875,2.70263671875,2.29443359375,289.2431640625,100.681640625,671.9365234375,27,0,1,0,3,7,5,0,0,0,2,4,1,0,182.88,190.5,170.0,31.0,31.0,0,0,0,0,0,0,0,0,0,1,0,0,0,0,0,1,0,0,0,0,1,0,0,0
Blue,False,0.0,0.25,0.425625,0.38625,0.0,0.31875,1.25,0.1875,0.0625,0.0,91.6875,36.5,94.8125,33.25,102.875,46.25,105.5,42.75,2.25,0.0,2.1875,1.1875,67.125,17.3125,71.625,17.5625,9.125,6.125,15.0625,9.1875,15.4375,13.0625,8.125,6.5,81.9375,30.8125,80.625,22.5625,9.25,5.6875,9.625,7.3125,0.5,0.0,4.5625,3.375,114.4375,87.875,683.375,13,0,2,0,2,3,2,0,0,1,1,0,1,0,187.96,190.5,185.0,0.0,0.0,0.48125,0.420625,0.4275,0.03,0.25,0.6875,0.0,0.125,69.3125,30.75,79.8125,26.8125,113.0625,68.8125,99.0,42.125,7.4375,2.8125,2.125,0.3125,55.4375,19.5625,66.5,15.625,7.6875,6.25,11.125,9.125,6.1875,4.9375,2.1875,2.0625,44.5625,12.5625,61.0,13.8125,12.875,9.0625,15.3125,10.375,11.875,9.125,3.5,2.625,345.25,53.375,843.75,13,0,1,0,2,3,2,0,0,1,1,0,1,0,182.88,182.88,185.0,25.0,30.0,0,0,0,0,0,0,0,1,0,0,0,0,0,0,0,1,0,0,0,0,0,0,1,0
Red,False,0.0,0.5,0.5275,0.5525,0.04,0.25,0.0,1.5,0.0,0.0,11.75,6.25,37.25,21.0,19.75,13.25,59.75,41.5,2.0,0.25,4.0,2.0,6.5,2.25,30.0,14.75,3.0,1.75,4.0,3.25,2.25,2.25,3.25,3.0,7.25,3.0,15.5,5.5,4.25,3.0,12.75,9.25,0.25,0.25,9.0,6.25,57.25,220.0,368.0,6,0,0,3,0,0,3,0,0,0,0,0,0,0,177.8,187.96,170.0,0.5,0.5,0.36314453125,0.5502734375,0.21697265625,0.806796875,0.77734375,0.259765625,0.50390625,0.62890625,76.86328125,29.201171875,90.650390625,51.224609375,105.203125,52.26171875,165.060546875,115.572265625,2.326171875,1.16796875,2.095703125,1.96484375,70.048828125,24.29296875,76.546875,37.91796875,4.21875,2.7578125,5.291015625,4.494140625,2.595703125,2.150390625,8.8125,8.8125,71.65234375,26.513671875,64.322265625,33.66796875,1.287109375,0.599609375,3.548828125,3.1015625,3.923828125,2.087890625,22.779296875,14.455078125,141.642578125,298.80078125,864.705078125,25,0,3,0,3,5,5,0,0,1,1,0,3,0,185.42,187.96,185.0,31.0,30.0,0,0,0,0,0,0,0,0,0,1,0,0,0,0,0,0,0,1,0,0,1,0,0,0
Red,False,0.0,0.3125,0.7115625000000001,0.44375,0.3325,0.0625,0.0,2.09375,0.125,0.0625,21.625,16.5625,19.78125,9.5,113.5625,97.5625,59.03125,47.53125,4.75,2.0625,1.09375,0.25,10.96875,6.125,15.46875,5.875,8.03125,7.875,3.0625,2.75,2.625,2.5625,1.25,0.875,5.90625,3.03125,12.625,4.0625,2.34375,1.1875,2.21875,1.03125,13.375,12.34375,4.9375,4.40625,533.25,70.5625,699.75,15,0,1,0,2,4,2,0,0,0,4,0,0,0,177.8,177.8,155.0,0.5,0.0,0.62,0.285,0.0,0.0,0.0,0.0,0.0,0.0,9.5,6.0,3.5,2.0,13.0,9.0,3.5,2.0,0.0,0.0,1.0,0.0,9.0,5.5,2.5,1.0,0.5,0.5,0.0,0.0,0.0,0.0,1.0,1.0,3.0,1.0,3.5,2.0,0.0,0.0,0.0,0.0,6.5,5.0,0.0,0.0,4.5,0.0,34.5,2,0,1,0,1,1,1,0,0,0,0,1,0,0,182.88,187.96,170.0,31.0,27.0,0,0,0,0,0,0,0,0,0,1,0,0,0,0,0,1,0,0,0,0,1,0,0,0
Red,False,0.0009765625,0.033203125,0.3608251953125,0.4608984375,0.1798046875,0.150400390625,0.9716796875,0.25732421875,0.064453125,0.03125,70.63330078125,32.89990234375,66.7490234375,28.5224609375,88.6337890625,50.3125,81.46630859375,41.1650390625,1.6708984375,0.58837890625,2.84228515625,1.6796875,59.986328125,24.3251953125,52.98681640625,16.12060546875,7.10546875,5.994140625,12.6884765625,11.67578125,3.54150390625,2.58056640625,1.07373046875,0.72607421875,51.58447265625,18.9638671875,49.22119140625,15.474609375,16.6533203125,12.3427734375,14.77734375,11.9150390625,2.3955078125,1.59326171875,2.75048828125,1.1328125,66.32177734375,155.43798828125,453.52099609375,28,0,0,1,2,6,6,0,0,0,2,0,3,1,180.34,182.88,170.0,0.53125,0.015625,0.38453125,0.38859375,0.192578125,0.06484375,0.3125,0.515625,0.03125,0.0,35.7265625,15.3359375,34.8046875,15.6953125,56.390625,34.0546875,42.1484375,22.75,2.40625,0.953125,2.4609375,0.203125,27.515625,8.2421875,25.34375,8.9140625,4.578125,3.9921875,4.78125,3.2265625,3.6328125,3.1015625,4.6796875,3.5546875,25.6328125,8.2265625,24.4296875,8.3671875,4.4765625,3.7265625,2.2578125,1.421875,5.6171875,3.3828125,8.1171875,5.90625,59.09375,79.53125,308.1015625,17,0,0,1,3,5,3,0,0,0,2,1,2,0,182.88,187.96,170.0,29.0,36.0,0,0,0,0,0,0,0,0,0,1,0,0,0,0,0,1,0,0,0,0,1,0,0,0
Red,False,0.0,0.0,0.59,0.5,0.33,1.0,0.0,0.0,1.0,0.0,66.0,39.0,51.0,26.0,153.0,116.0,133.0,96.0,3.0,1.0,4.0,4.0,42.0,18.0,34.0,10.0,16.0,14.0,15.0,15.0,8.0,7.0,2.0,1.0,32.0,12.0,18.0,1.0,11.0,9.0,10.0,8.0,23.0,18.0,23.0,17.0,294.0,417.0,900.0,3,0,1,0,1,1,0,0,0,0,1,0,0,0,180.34,182.88,170.0,0.25,0.0,0.39,0.515,0.1,0.625,1.5,0.0,0.0,0.75,62.25,24.25,32.25,17.0,73.0,33.75,48.25,32.0,3.5,0.5,2.0,1.25,48.0,17.25,18.25,5.75,9.25,4.75,10.0,8.75,5.0,2.25,4.0,2.5,38.25,9.0,20.25,7.5,16.25,10.0,8.25,6.75,7.75,5.25,3.75,2.75,146.0,201.25,489.0,7,0,0,1,2,2,1,0,0,0,0,0,2,0,190.5,190.5,170.0,23.0,30.0,0,0,0,0,0,0,0,0,0,1,0,0,0,0,0,0,0,1,0,0,1,0,0,0
Red,False,0.0,0.0,0.4075,0.355,0.5,0.0,0.0,0.25,0.0,0.0,135.75,50.75,191.5,66.75,151.75,66.25,213.25,87.5,5.0,1.5,0.75,0.0,117.0,35.75,157.25,42.0,11.5,9.0,18.0,12.5,7.25,6.0,16.25,12.25,125.5,44.0,185.25,62.75,6.0,3.75,4.5,3.0,4.25,3.0,1.75,1.0,139.5,72.25,735.25,7,0,2,0,2,2,1,0,0,0,1,1,0,0,165.1,167.64,135.0,0.0,0.0,0.24,0.445,0.165,0.09,0.0,0.0,0.0,0.0,71.0,17.5,127.0,57.5,76.5,23.0,134.5,65.0,2.0,0.5,8.5,1.0,60.5,10.0,82.5,32.0,6.5,5.0,24.0,14.0,4.0,2.5,20.5,11.5,65.5,14.0,94.5,39.5,4.0,3.0,8.0,8.0,1.5,0.5,24.5,10.0,61.5,157.5,900.0,6,0,0,2,0,0,2,0,0,0,0,0,0,0,170.18,175.26,135.0,29.0,27.0,1,0,0,0,0,0,0,0,0,0,0,0,0,0,0,1,0,0,0,0,1,0,0,0
Red,False,0.0,0.0,0.4,0.55,0.0,0.33,0.0,0.0,0.0,0.0,167.0,68.0,152.0,85.0,220.0,105.0,191.0,122.0,3.0,0.0,3.0,1.0,131.0,43.0,95.0,37.0,25.0,16.0,35.0,30.0,11.0,9.0,22.0,18.0,147.0,55.0,124.0,60.0,20.0,13.0,28.0,25.0,0.0,0.0,0.0,0.0,183.0,134.0,900.0,3,0,0,1,0,0,1,0,0,0,0,0,0,0,172.72,170.18,135.0,0.0,1.0,0.3,0.61,0.0,0.0,0.0,0.0,0.0,0.0,10.0,3.0,34.0,21.0,10.0,3.0,49.0,36.0,0.0,0.0,0.0,0.0,7.0,1.0,29.0,19.0,2.0,1.0,4.0,1.0,1.0,1.0,1.0,1.0,10.0,3.0,17.0,7.0,0.0,0.0,0.0,0.0,0.0,0.0,17.0,14.0,0.0,47.0,69.0,1,0,0,1,0,0,1,0,0,0,0,0,0,0,175.26,187.96,135.0,24.0,24.0,1,0,0,0,0,0,0,0,0,0,0,0,0,0,0,0,0,1,0,0,1,0,0,0
Red,False,0.0,0.0,0.42,0.51,0.44,0.0,0.0,0.0,0.0,1.0,144.0,61.0,145.0,75.0,229.0,139.0,175.0,103.0,9.0,4.0,4.0,0.0,99.0,31.0,108.0,44.0,20.0,16.0,12.0,11.0,25.0,14.0,25.0,20.0,108.0,36.0,133.0,68.0,18.0,12.0,12.0,7.0,18.0,13.0,0.0,0.0,226.0,45.0,900.0,3,0,0,1,0,0,1,0,0,0,0,0,0,0,165.1,162.56,125.0,0.0,0.0,0.45875,0.43,0.2475,0.35,0.0,0.625,0.625,0.25,132.375,59.625,112.5,48.75,184.0,104.375,193.625,120.0,6.0,2.125,9.625,4.5,96.5,31.375,78.875,23.875,16.875,13.75,19.125,16.0,19.0,14.5,14.5,8.875,117.0,49.25,84.375,27.375,15.0,10.0,17.0,13.5,0.375,0.375,11.125,7.875,160.0,340.75,1050.0,14,1,2,0,2,2,2,0,0,0,2,0,0,0,160.02,167.64,125.0,28.0,25.0,0,0,0,1,0,0,0,0,0,0,0,0,0,0,0,1,0,0,0,0,1,0,0,0
Blue,False,0.1875,0.625,0.38,0.391875,0.125,0.45625,0.125,1.125,0.0,0.0625,29.9375,12.0,23.9375,10.6875,47.125,28.1875,30.75,16.1875,0.75,0.25,2.1875,0.875,23.75,8.875,17.5625,6.6875,2.5,1.5,2.1875,0.8125,3.6875,1.625,4.1875,3.1875,17.4375,4.5,15.8125,7.0,4.8125,2.1875,4.3125,2.375,7.6875,5.3125,3.8125,1.3125,83.5625,87.3125,288.0,7,0,0,1,1,1,4,0,0,1,0,0,0,0,172.72,177.8,145.0,0.5,0.0,0.2618749999999999,0.4496875,0.0825,0.7140625,0.09375,1.03125,0.1875,0.15625,248.96875,63.78125,232.46875,111.34375,261.09375,74.34375,255.75,133.0,1.71875,0.25,1.40625,1.0625,213.9375,37.0,201.15625,84.84375,18.4375,12.21875,28.0625,24.375,16.59375,14.5625,3.25,2.125,243.71875,60.90625,219.75,103.96875,4.03125,2.03125,2.15625,1.40625,1.21875,0.84375,10.5625,5.96875,33.5,173.5,804.8125,15,0,0,1,1,2,4,0,0,1,0,0,1,0,177.8,172.72,145.0,30.0,32.0,0,0,1,0,0,0,0,0,0,0,0,0,0,0,0,1,0,0,0,0,1,0,0,0
Red,False,0.0,0.0,0.385,0.345,0.0,0.8,1.5,0.0,1.0,0.0,40.0,11.5,42.0,14.0,46.5,17.5,58.5,27.5,2.5,0.0,3.5,2.5,28.5,4.5,32.5,8.5,2.5,1.0,6.5,4.0,9.0,6.0,3.0,1.5,37.0,10.5,31.0,9.0,2.0,0.5,7.0,3.0,1.0,0.5,4.0,2.0,119.0,97.0,520.5,4,0,1,0,1,1,1,0,0,0,0,0,1,0,177.8,185.42,170.0,0.0625,0.0,0.412734375,0.375,0.200625,0.353125,0.125,0.0078125,0.0,0.0,114.625,47.2734375,103.9375,40.65625,151.703125,82.25,120.84375,55.5,3.9453125,1.0234375,3.328125,1.15625,96.265625,32.8828125,88.1640625,27.171875,12.171875,9.3125,11.6328125,10.640625,6.1875,5.078125,4.140625,2.84375,96.6640625,33.1953125,86.3359375,26.921875,14.3125,11.0703125,16.984375,13.125,3.6484375,3.0078125,0.6171875,0.609375,167.0,111.4609375,860.90625,23,0,1,0,3,5,3,0,0,1,2,1,1,0,172.72,180.34,170.0,30.0,31.0,0,0,0,0,0,0,0,0,0,1,0,0,0,0,0,1,0,0,0,0,1,0,0,0
Red,False,0.015625,0.0,0.45,0.4275,0.25,0.2,0.148468017578125,0.098388671875,0.0,0.0,66.5,29.6875,64.31230545043945,27.34375,89.75,48.0,85.53125,44.41152191162109,2.0,0.75,2.0546875,0.75,51.1875,18.3359375,49.6123046875,16.280410766601562,7.5,5.07647705078125,7.5,5.0,4.5,3.625,4.984375,3.9375,48.6875,17.0,47.11572265625,16.5,5.75,3.75,5.3125,3.4375,5.0625,3.5,3.875,2.5,99.2119140625,94.125,638.5,0,0,0,0,0,0,0,0,0,0,0,0,0,0,185.42,185.42,185.0,0.0471682548522949,0.0,0.45,0.4217682266235352,0.25,0.19173828125,0.1875,0.125,0.0,0.0,69.5,30.5,66.984375,27.8466796875,94.0,48.544921875,88.50390625,44.75,2.0,0.8125,2.015625,0.6640625,54.0,19.01513671875,51.483436584472656,16.9437255859375,7.91796875,5.430633544921875,7.75,5.0625,4.780975341796875,3.9373779296875,4.8994140625,3.84375,51.025390625,18.400863647460938,50.515625,17.5,5.75,3.75,5.5,3.5,5.375,3.6875,4.0,2.65625,104.865234375,89.5,655.8441009521484,0,0,0,0,0,0,0,0,0,0,0,0,0,0,187.96,187.96,185.0,24.0,29.0,0,0,0,0,0,0,0,1,0,0,0,0,0,0,0,1,0,0,0,0,1,0,0,0
Red,False,0.0,0.0,0.41,0.48,0.0,0.0,0.0,0.0,1.0,0.0,68.0,28.0,170.0,83.0,70.0,30.0,186.0,98.0,11.0,0.0,0.0,0.0,53.0,15.0,132.0,49.0,6.0,5.0,35.0,31.0,9.0,8.0,3.0,3.0,68.0,28.0,125.0,46.0,0.0,0.0,25.0,21.0,0.0,0.0,20.0,16.0,9.0,59.0,900.0,3,0,0,1,0,0,1,0,0,0,0,0,0,0,175.26,175.26,155.0,0.0,0.0,0.39,0.46,0.0,0.66,0.0,0.0,0.0,0.0,169.0,67.0,158.0,74.0,173.0,70.0,200.0,112.0,1.0,0.0,3.0,2.0,149.0,50.0,101.0,30.0,6.0,3.0,42.0,30.0,14.0,14.0,15.0,14.0,169.0,67.0,145.0,63.0,0.0,0.0,2.0,1.0,0.0,0.0,11.0,10.0,0.0,140.0,900.0,3,0,0,1,0,0,1,0,0,0,0,0,0,0,170.18,175.26,155.0,31.0,28.0,0,0,0,0,0,0,1,0,0,0,0,0,0,0,0,1,0,0,0,0,0,0,1,0
Blue,False,0.25,0.75,0.2925,0.36,0.0825,0.5,0.25,0.25,0.0,0.0,127.25,44.75,131.25,37.5,149.75,64.75,138.25,43.0,1.75,0.25,2.75,1.25,107.5,31.25,109.75,23.25,9.5,5.75,5.5,3.0,10.25,7.75,16.0,11.25,114.0,34.75,125.75,34.5,8.75,6.25,2.5,1.5,4.5,3.75,3.0,1.5,120.0,77.0,715.5,7,0,1,0,1,1,2,0,0,0,1,0,0,0,182.88,193.04,170.0,0.0,0.0,0.55,0.81,0.0,0.75,0.0,0.5,0.0,0.0,26.0,17.5,15.0,10.0,32.0,23.0,29.5,22.5,0.5,0.0,1.5,1.0,21.0,14.0,12.0,7.5,3.0,2.0,2.0,1.5,2.0,1.5,1.0,1.0,10.5,4.0,4.5,3.5,1.0,0.5,0.5,0.0,14.5,13.0,10.0,6.5,8.0,125.0,212.5,3,0,1,0,1,1,1,0,0,0,0,1,0,0,182.88,185.42,170.0,36.0,28.0,0,0,0,0,0,0,0,0,0,1,0,0,0,0,0,0,0,1,0,0,1,0,0,0
Red,False,0.0,0.0,0.45,0.33,0.26,0.0,0.0,0.0,0.0,0.0,111.0,50.0,115.0,38.0,129.0,66.0,117.0,39.0,15.0,4.0,0.0,0.0,78.0,24.0,85.0,16.0,16.0,13.0,26.0,19.0,17.0,13.0,4.0,3.0,87.0,32.0,102.0,29.0,11.0,8.0,12.0,9.0,13.0,10.0,1.0,0.0,254.0,1.0,900.0,3,0,1,0,1,1,0,0,0,0,1,0,0,0,172.72,177.8,155.0,0.0,0.0,0.48,0.41,0.0,0.0,0.0,0.0,0.0,1.0,170.0,83.0,68.0,28.0,186.0,98.0,70.0,30.0,0.0,0.0,11.0,0.0,132.0,49.0,53.0,15.0,35.0,31.0,6.0,5.0,3.0,3.0,9.0,8.0,125.0,46.0,68.0,28.0,25.0,21.0,0.0,0.0,20.0,16.0,0.0,0.0,59.0,9.0,900.0,3,0,1,0,1,1,0,0,0,0,1,0,0,0,187.96,190.5,170.0,30.0,28.0,0,0,0,0,0,0,1,0,0,0,0,0,0,0,0,0,0,1,0,0,1,0,0,0
Blue,False,0.125,0.0,0.4740625,0.4428125,0.569375,0.12875,1.46875,0.375,0.25,0.0,24.09375,10.875,24.0,10.71875,29.9375,16.09375,26.84375,13.0625,1.09375,0.6875,1.0,0.34375,15.65625,5.59375,18.375,7.0,4.28125,2.40625,2.4375,1.15625,4.15625,2.875,3.1875,2.5625,15.65625,6.5625,16.40625,6.21875,3.09375,1.625,0.84375,0.375,5.34375,2.6875,6.75,4.125,36.5,35.5,179.75,9,0,2,0,2,3,3,0,0,0,0,0,3,0,177.8,187.96,155.0,0.0,0.25,0.5325,0.425,0.5700000000000001,0.0,0.0,0.0,0.0,0.25,45.5,22.75,51.0,21.0,54.5,30.5,65.0,34.5,8.75,1.5,0.25,0.0,37.25,17.25,42.5,13.75,6.75,4.25,4.0,3.0,1.5,1.25,4.5,4.25,24.25,7.25,40.5,14.0,8.5,5.25,9.25,6.5,12.75,10.25,1.25,0.5,279.75,27.0,496.0,7,1,1,0,1,2,1,0,0,0,1,1,0,0,182.88,187.96,145.0,22.0,26.0,0,0,1,0,0,0,0,0,0,0,0,0,0,0,0,1,0,0,0,0,0,0,1,0
Blue,False,0.015625,0.0,0.45,0.4275,0.25,0.2,0.148468017578125,0.098388671875,0.0,0.0,66.5,29.6875,64.31230545043945,27.34375,89.75,48.0,85.53125,44.41152191162109,2.0,0.75,2.0546875,0.75,51.1875,18.3359375,49.6123046875,16.280410766601562,7.5,5.07647705078125,7.5,5.0,4.5,3.625,4.984375,3.9375,48.6875,17.0,47.11572265625,16.5,5.75,3.75,5.3125,3.4375,5.0625,3.5,3.875,2.5,99.2119140625,94.125,638.5,0,0,0,0,0,0,0,0,0,0,0,0,0,0,172.72,170.18,145.0,0.0471682548522949,0.0,0.45,0.4217682266235352,0.25,0.19173828125,0.1875,0.125,0.0,0.0,69.5,30.5,66.984375,27.8466796875,94.0,48.544921875,88.50390625,44.75,2.0,0.8125,2.015625,0.6640625,54.0,19.01513671875,51.483436584472656,16.9437255859375,7.91796875,5.430633544921875,7.75,5.0625,4.780975341796875,3.9373779296875,4.8994140625,3.84375,51.025390625,18.400863647460938,50.515625,17.5,5.75,3.75,5.5,3.5,5.375,3.6875,4.0,2.65625,104.865234375,89.5,655.8441009521484,0,0,0,0,0,0,0,0,0,0,0,0,0,0,175.26,182.88,155.0,26.0,34.0,0,0,0,0,0,0,1,0,0,0,0,0,0,0,0,1,0,0,0,0,1,0,0,0
Blue,False,0.1427001953125,0.0013427734375,0.370047607421875,0.434669189453125,0.1675732421875,0.443603515625,1.0755615234375,0.04345703125,0.5078125,0.03125,127.159912109375,46.062255859375,132.372802734375,55.1922607421875,141.9224853515625,57.9620361328125,154.6468505859375,74.25537109375,5.8817138671875,1.3016357421875,5.36474609375,1.6700439453125,115.3907470703125,36.6522216796875,106.9979248046875,37.1773681640625,11.171875,9.218994140625,16.8831787109375,12.7127685546875,0.5972900390625,0.1910400390625,8.49169921875,5.3021240234375,109.71728515625,35.2861328125,116.732666015625,47.6400146484375,15.38232421875,8.9810791015625,13.407470703125,6.8282470703125,2.060302734375,1.7950439453125,2.232666015625,0.7239990234375,180.384033203125,128.9766845703125,857.6741943359375,29,0,4,0,4,10,4,0,0,2,2,1,5,0,182.88,182.88,170.0,0.921875,0.0,0.49953125,0.2168749999999999,0.33703125,0.0078125,0.046875,0.1875,0.046875,0.09375,76.75,37.796875,69.03125,17.46875,89.890625,49.390625,95.375,38.515625,4.75,1.546875,1.140625,0.015625,62.5625,26.75,55.859375,10.03125,8.71875,6.328125,9.84375,5.125,5.46875,4.71875,3.328125,2.3125,60.234375,28.390625,65.0,15.625,8.40625,5.09375,2.296875,0.4375,8.109375,4.3125,1.734375,1.40625,87.25,53.15625,582.0,16,0,0,1,6,6,1,0,0,1,1,3,0,1,175.26,180.34,170.0,30.0,27.0,0,0,0,0,0,0,0,0,0,1,0,0,0,0,0,1,0,0,0,0,1,0,0,0
Red,False,0.0,0.0,0.57,0.79,0.0,1.0,0.0,1.0,0.0,0.0,7.0,4.0,24.0,19.0,7.0,4.0,44.0,38.0,0.0,0.0,1.0,1.0,6.0,3.0,21.0,16.0,0.0,0.0,1.0,1.0,1.0,1.0,2.0,2.0,7.0,4.0,12.0,8.0,0.0,0.0,0.0,0.0,0.0,0.0,12.0,11.0,0.0,45.0,97.0,1,0,0,1,0,0,1,0,0,0,0,0,0,0,172.72,172.72,145.0,0.0,0.0,0.34,0.44,0.0,0.33,0.0,3.0,0.0,0.0,32.0,11.0,25.0,11.0,32.0,11.0,29.0,15.0,0.0,0.0,3.0,1.0,26.0,8.0,19.0,6.0,5.0,2.0,1.0,0.0,1.0,1.0,5.0,5.0,30.0,11.0,21.0,7.0,2.0,0.0,2.0,2.0,0.0,0.0,2.0,2.0,7.0,89.0,203.0,1,0,0,1,0,0,1,0,0,0,0,0,0,0,180.34,175.26,145.0,23.0,20.0,0,0,1,0,0,0,0,0,0,0,0,0,0,0,0,1,0,0,0,0,1,0,0,0
Red,False,0.015625,0.0,0.45,0.4275,0.25,0.2,0.148468017578125,0.098388671875,0.0,0.0,66.5,29.6875,64.31230545043945,27.34375,89.75,48.0,85.53125,44.41152191162109,2.0,0.75,2.0546875,0.75,51.1875,18.3359375,49.6123046875,16.280410766601562,7.5,5.07647705078125,7.5,5.0,4.5,3.625,4.984375,3.9375,48.6875,17.0,47.11572265625,16.5,5.75,3.75,5.3125,3.4375,5.0625,3.5,3.875,2.5,99.2119140625,94.125,638.5,0,0,0,0,0,0,0,0,0,0,0,0,0,0,175.26,175.26,155.0,0.0471682548522949,0.0,0.45,0.4217682266235352,0.25,0.19173828125,0.1875,0.125,0.0,0.0,69.5,30.5,66.984375,27.8466796875,94.0,48.544921875,88.50390625,44.75,2.0,0.8125,2.015625,0.6640625,54.0,19.01513671875,51.483436584472656,16.9437255859375,7.91796875,5.430633544921875,7.75,5.0625,4.780975341796875,3.9373779296875,4.8994140625,3.84375,51.025390625,18.400863647460938,50.515625,17.5,5.75,3.75,5.5,3.5,5.375,3.6875,4.0,2.65625,104.865234375,89.5,655.8441009521484,0,0,0,0,0,0,0,0,0,0,0,0,0,0,172.72,170.18,145.0,28.0,22.0,0,0,0,0,0,0,1,0,0,0,0,0,0,0,0,0,0,1,0,0,1,0,0,0
Red,True,0.015625,0.0,0.45,0.4275,0.25,0.2,0.148468017578125,0.098388671875,0.0,0.0,66.5,29.6875,64.31230545043945,27.34375,89.75,48.0,85.53125,44.41152191162109,2.0,0.75,2.0546875,0.75,51.1875,18.3359375,49.6123046875,16.280410766601562,7.5,5.07647705078125,7.5,5.0,4.5,3.625,4.984375,3.9375,48.6875,17.0,47.11572265625,16.5,5.75,3.75,5.3125,3.4375,5.0625,3.5,3.875,2.5,99.2119140625,94.125,638.5,0,0,0,0,0,0,0,0,0,0,0,0,0,0,177.8,177.8,155.0,0.0471682548522949,0.0,0.45,0.4217682266235352,0.25,0.19173828125,0.1875,0.125,0.0,0.0,69.5,30.5,66.984375,27.8466796875,94.0,48.544921875,88.50390625,44.75,2.0,0.8125,2.015625,0.6640625,54.0,19.01513671875,51.483436584472656,16.9437255859375,7.91796875,5.430633544921875,7.75,5.0625,4.780975341796875,3.9373779296875,4.8994140625,3.84375,51.025390625,18.400863647460938,50.515625,17.5,5.75,3.75,5.5,3.5,5.375,3.6875,4.0,2.65625,104.865234375,89.5,655.8441009521484,0,0,0,0,0,0,0,0,0,0,0,0,0,0,185.42,190.5,170.0,25.0,24.0,0,0,0,0,0,0,1,0,0,0,0,0,0,0,0,1,0,0,0,0,0,0,1,0
Red,False,0.015625,0.0,0.45,0.4275,0.25,0.2,0.148468017578125,0.098388671875,0.0,0.0,66.5,29.6875,64.31230545043945,27.34375,89.75,48.0,85.53125,44.41152191162109,2.0,0.75,2.0546875,0.75,51.1875,18.3359375,49.6123046875,16.280410766601562,7.5,5.07647705078125,7.5,5.0,4.5,3.625,4.984375,3.9375,48.6875,17.0,47.11572265625,16.5,5.75,3.75,5.3125,3.4375,5.0625,3.5,3.875,2.5,99.2119140625,94.125,638.5,0,0,0,0,0,0,0,0,0,0,0,0,0,0,175.26,175.26,155.0,0.0471682548522949,0.0,0.45,0.4217682266235352,0.25,0.19173828125,0.1875,0.125,0.0,0.0,69.5,30.5,66.984375,27.8466796875,94.0,48.544921875,88.50390625,44.75,2.0,0.8125,2.015625,0.6640625,54.0,19.01513671875,51.483436584472656,16.9437255859375,7.91796875,5.430633544921875,7.75,5.0625,4.780975341796875,3.9373779296875,4.8994140625,3.84375,51.025390625,18.400863647460938,50.515625,17.5,5.75,3.75,5.5,3.5,5.375,3.6875,4.0,2.65625,104.865234375,89.5,655.8441009521484,0,0,0,0,0,0,0,0,0,0,0,0,0,0,172.72,182.88,155.0,30.0,26.0,0,0,0,0,0,0,1,0,0,0,0,0,0,0,0,1,0,0,0,0,0,0,0,1
Red,False,0.015625,0.0,0.45,0.4275,0.25,0.2,0.148468017578125,0.098388671875,0.0,0.0,66.5,29.6875,64.31230545043945,27.34375,89.75,48.0,85.53125,44.41152191162109,2.0,0.75,2.0546875,0.75,51.1875,18.3359375,49.6123046875,16.280410766601562,7.5,5.07647705078125,7.5,5.0,4.5,3.625,4.984375,3.9375,48.6875,17.0,47.11572265625,16.5,5.75,3.75,5.3125,3.4375,5.0625,3.5,3.875,2.5,99.2119140625,94.125,638.5,0,0,0,0,0,0,0,0,0,0,0,0,0,0,172.72,172.72,155.0,0.0471682548522949,0.0,0.45,0.4217682266235352,0.25,0.19173828125,0.1875,0.125,0.0,0.0,69.5,30.5,66.984375,27.8466796875,94.0,48.544921875,88.50390625,44.75,2.0,0.8125,2.015625,0.6640625,54.0,19.01513671875,51.483436584472656,16.9437255859375,7.91796875,5.430633544921875,7.75,5.0625,4.780975341796875,3.9373779296875,4.8994140625,3.84375,51.025390625,18.400863647460938,50.515625,17.5,5.75,3.75,5.5,3.5,5.375,3.6875,4.0,2.65625,104.865234375,89.5,655.8441009521484,0,0,0,0,0,0,0,0,0,0,0,0,0,0,177.8,185.42,145.0,26.0,23.0,0,0,0,0,0,0,1,0,0,0,0,0,0,0,0,1,0,0,0,0,1,0,0,0
Blue,False,0.015625,0.0,0.45,0.4275,0.25,0.2,0.148468017578125,0.098388671875,0.0,0.0,66.5,29.6875,64.31230545043945,27.34375,89.75,48.0,85.53125,44.41152191162109,2.0,0.75,2.0546875,0.75,51.1875,18.3359375,49.6123046875,16.280410766601562,7.5,5.07647705078125,7.5,5.0,4.5,3.625,4.984375,3.9375,48.6875,17.0,47.11572265625,16.5,5.75,3.75,5.3125,3.4375,5.0625,3.5,3.875,2.5,99.2119140625,94.125,638.5,0,0,0,0,0,0,0,0,0,0,0,0,0,0,172.72,172.72,135.0,0.5,0.0,0.585,0.505,0.0,0.5,1.5,1.0,0.0,0.0,44.5,26.0,22.5,14.0,56.5,36.5,27.0,18.0,0.0,0.0,0.5,0.5,33.5,18.0,18.5,11.0,9.5,6.5,3.5,2.5,1.5,1.5,0.5,0.5,26.5,12.0,10.5,3.5,7.5,6.5,0.5,0.0,10.5,7.5,11.5,10.5,30.0,64.5,147.0,2,0,1,0,1,1,1,0,0,0,0,1,0,0,172.72,172.72,135.0,22.0,25.0,1,0,0,0,0,0,0,0,0,0,0,0,0,0,0,1,0,0,0,0,1,0,0,0
Red,False,0.015625,0.0,0.45,0.4275,0.25,0.2,0.148468017578125,0.098388671875,0.0,0.0,66.5,29.6875,64.31230545043945,27.34375,89.75,48.0,85.53125,44.41152191162109,2.0,0.75,2.0546875,0.75,51.1875,18.3359375,49.6123046875,16.280410766601562,7.5,5.07647705078125,7.5,5.0,4.5,3.625,4.984375,3.9375,48.6875,17.0,47.11572265625,16.5,5.75,3.75,5.3125,3.4375,5.0625,3.5,3.875,2.5,99.2119140625,94.125,638.5,0,0,0,0,0,0,0,0,0,0,0,0,0,0,177.8,177.8,145.0,0.0471682548522949,0.0,0.45,0.4217682266235352,0.25,0.19173828125,0.1875,0.125,0.0,0.0,69.5,30.5,66.984375,27.8466796875,94.0,48.544921875,88.50390625,44.75,2.0,0.8125,2.015625,0.6640625,54.0,19.01513671875,51.483436584472656,16.9437255859375,7.91796875,5.430633544921875,7.75,5.0625,4.780975341796875,3.9373779296875,4.8994140625,3.84375,51.025390625,18.400863647460938,50.515625,17.5,5.75,3.75,5.5,3.5,5.375,3.6875,4.0,2.65625,104.865234375,89.5,655.8441009521484,0,0,0,0,0,0,0,0,0,0,0,0,0,0,177.8,182.88,155.0,28.0,26.0,0,0,0,0,0,0,1,0,0,0,0,0,0,0,0,1,0,0,0,0,1,0,0,0
Red,False,0.015625,0.0,0.45,0.4275,0.25,0.2,0.148468017578125,0.098388671875,0.0,0.0,66.5,29.6875,64.31230545043945,27.34375,89.75,48.0,85.53125,44.41152191162109,2.0,0.75,2.0546875,0.75,51.1875,18.3359375,49.6123046875,16.280410766601562,7.5,5.07647705078125,7.5,5.0,4.5,3.625,4.984375,3.9375,48.6875,17.0,47.11572265625,16.5,5.75,3.75,5.3125,3.4375,5.0625,3.5,3.875,2.5,99.2119140625,94.125,638.5,0,0,0,0,0,0,0,0,0,0,0,0,0,0,193.04,193.04,250.0,0.5,0.0,0.47,0.36,0.285,0.25,0.0,0.0,0.0,0.0,79.5,38.0,85.0,29.5,99.5,56.5,100.0,43.5,3.5,2.0,1.0,0.5,63.0,23.0,74.0,21.5,5.5,4.5,7.0,5.5,11.0,10.5,4.0,2.5,60.5,24.5,71.5,21.0,8.0,6.0,7.5,5.0,11.0,7.5,6.0,3.5,184.5,28.0,471.5,4,0,2,0,2,2,0,0,0,0,1,1,0,0,193.04,203.2,240.0,28.0,29.0,0,0,0,0,1,0,0,0,0,0,0,0,0,0,0,0,0,1,0,0,1,0,0,0
Red,False,0.015625,0.0,0.45,0.4275,0.25,0.2,0.148468017578125,0.098388671875,0.0,0.0,66.5,29.6875,64.31230545043945,27.34375,89.75,48.0,85.53125,44.41152191162109,2.0,0.75,2.0546875,0.75,51.1875,18.3359375,49.6123046875,16.280410766601562,7.5,5.07647705078125,7.5,5.0,4.5,3.625,4.984375,3.9375,48.6875,17.0,47.11572265625,16.5,5.75,3.75,5.3125,3.4375,5.0625,3.5,3.875,2.5,99.2119140625,94.125,638.5,0,0,0,0,0,0,0,0,0,0,0,0,0,0,193.04,208.28,264.0,0.6484375,0.5,0.5082031250000001,0.478984375,0.22109375,0.0928125,0.0625,0.015625,0.0,0.0,39.7890625,20.75,17.0234375,7.59375,60.96875,38.3203125,21.7421875,11.265625,1.6953125,0.8046875,0.8515625,0.28125,34.2421875,16.390625,14.4140625,5.75,1.484375,1.046875,2.5,1.75,4.0625,3.3125,0.109375,0.09375,22.0703125,9.4453125,12.5390625,4.140625,2.625,2.078125,1.796875,1.328125,15.09375,9.2265625,2.6875,2.125,72.6015625,24.90625,172.0625,12,2,7,0,7,7,1,0,0,0,1,6,0,0,185.42,195.58,240.0,32.0,29.0,0,0,0,0,1,0,0,0,0,0,0,0,0,0,0,1,0,0,0,0,1,0,0,0
Blue,False,0.0,0.0,0.345,0.235,0.8,0.25,1.0,1.5,0.0,1.0,59.5,12.5,24.0,11.0,72.5,25.5,64.0,49.0,8.0,5.0,1.0,0.5,56.5,10.0,19.5,6.5,0.5,0.5,2.0,2.0,2.5,2.0,2.5,2.5,19.0,1.0,14.5,7.0,1.5,0.5,5.5,3.0,39.0,11.0,4.0,1.0,255.0,34.5,452.5,4,0,0,1,1,1,1,0,0,0,0,0,1,0,172.72,180.34,155.0,1.0,0.0,0.365,0.28,0.25,0.29,0.0,0.125,0.0,0.0,139.5,48.375,128.125,38.5,139.875,48.75,136.75,46.75,0.75,0.5,5.25,1.125,87.375,19.5,107.0,24.625,27.5,12.125,10.625,5.375,24.625,16.75,10.5,8.5,134.5,44.625,125.0,36.5,4.625,3.75,2.125,1.5,0.375,0.0,1.0,0.5,45.375,22.5,776.75,12,0,4,0,4,4,0,0,0,1,1,2,0,0,180.34,190.5,145.0,27.0,26.0,0,0,0,0,0,0,1,0,0,0,0,0,0,0,0,1,0,0,0,0,1,0,0,0
Blue,False,0.0,0.2578125,0.44734375,0.542578125,0.53484375,0.0637890625,0.8828125,0.2890625,0.56640625,0.09375,28.09765625,12.8125,63.0078125,29.515625,38.2265625,21.5859375,102.015625,60.8359375,4.515625,2.26171875,0.35546875,0.06640625,22.2421875,8.4765625,53.95703125,22.40625,4.34375,3.51171875,6.484375,5.29296875,1.51171875,0.82421875,2.56640625,1.81640625,19.0703125,8.171875,32.99609375,13.875,1.21484375,0.66796875,1.171875,0.41796875,7.8125,3.97265625,28.83984375,15.22265625,136.625,133.73046875,377.4140625,14,1,0,1,3,5,4,0,0,0,2,1,2,0,187.96,193.04,185.0,0.0,0.0,0.305,0.605,0.125,0.5,0.0,2.0,0.5,0.5,80.0,21.5,143.0,83.0,92.0,33.0,196.0,133.5,8.5,1.0,2.5,2.5,66.0,11.5,122.0,63.5,11.5,8.5,15.5,14.0,2.5,1.5,5.5,5.5,69.5,15.5,81.5,39.0,6.0,2.5,12.0,8.5,4.5,3.5,49.5,35.5,124.0,387.5,857.0,6,0,0,2,0,0,2,0,0,0,0,0,0,0,185.42,185.42,185.0,28.0,31.0,0,0,0,0,0,0,0,1,0,0,0,0,0,0,0,1,0,0,0,0,1,0,0,0
Red,False,1.0,0.0,0.62,0.49,0.0,0.0,0.0,0.5,0.0,0.0,81.5,52.0,46.5,18.5,85.5,56.0,57.0,29.0,0.0,0.0,2.0,0.0,69.0,40.5,37.5,11.0,9.0,8.0,5.5,4.0,3.5,3.5,3.5,3.5,44.5,26.5,41.0,14.0,37.0,25.5,5.0,4.0,0.0,0.0,0.5,0.5,53.5,75.5,271.0,2,0,2,0,2,2,0,0,0,0,0,2,0,0,193.04,208.28,240.0,0.53125,0.15234375,0.5037499999999999,0.622578125,0.51171875,0.22265625,0.603515625,0.16015625,0.193359375,0.0078125,66.708984375,34.0390625,56.734375,37.015625,89.23828125,52.439453125,58.154296875,38.109375,0.513671875,0.51171875,0.22265625,0.22265625,47.587890625,17.208984375,27.890625,12.826171875,6.234375,5.583984375,9.466796875,8.1875,12.88671875,11.24609375,19.376953125,16.001953125,58.77734375,28.587890625,52.814453125,34.375,0.705078125,0.595703125,0.7421875,0.6015625,7.2265625,4.85546875,3.177734375,2.0390625,37.62109375,40.5859375,457.216796875,16,0,0,1,3,7,3,0,1,0,0,3,3,0,210.82,213.36,265.0,34.0,24.0,0,0,0,0,1,0,0,0,0,0,0,0,0,0,0,1,0,0,0,0,1,0,0,0
Red,True,0.17974853515625,0.0625,0.6329795837402343,0.5902757263183593,0.4478207397460937,0.0197792053222656,0.54534912109375,0.50048828125,0.5,0.5000076293945312,31.959461212158203,18.273021697998047,40.20620346069336,22.111759185791016,44.66412734985352,30.334251403808597,61.92290878295898,42.731632232666016,3.264442443847656,2.011756896972656,0.8951454162597656,0.0199012756347656,22.256393432617188,9.344497680664062,33.13151168823242,15.484333038330078,6.993442535400391,6.484584808349609,4.143043518066406,3.8832778930664062,2.709625244140625,2.443939208984375,2.9316482543945312,2.7441482543945312,16.400150299072266,5.509944915771484,20.396175384521484,7.076686859130859,12.786880493164062,10.137954711914062,16.213890075683594,11.824729919433594,2.772430419921875,2.6251220703125,3.596138000488281,3.2103424072265625,182.21040725708008,131.14522171020508,466.4781074523926,28,4,2,0,4,14,5,0,0,0,2,3,8,0,190.5,200.66,264.0,0.9921875,0.0,0.543203125,0.4053124999999999,0.3125,0.145,0.0,0.0,0.0,0.0,94.6484375,45.1796875,43.6953125,14.546875,105.1015625,52.4765625,44.2265625,15.078125,0.75,0.625,2.203125,0.3125,79.9609375,34.953125,39.296875,10.9296875,13.0,8.6953125,0.453125,0.265625,1.6875,1.53125,3.9453125,3.3515625,77.3984375,34.2265625,42.140625,13.8515625,6.1015625,3.28125,1.5546875,0.6953125,11.1484375,7.671875,0.0,0.0,19.1015625,25.671875,400.3359375,14,1,8,0,8,8,0,0,0,0,2,6,0,0,193.04,195.58,238.0,33.0,28.0,0,0,0,0,1,0,0,0,0,0,0,0,0,0,0,0,0,1,0,0,1,0,0,0
Red,False,0.015625,0.28125,0.445625,0.2990625,0.125,0.2540625,0.0,0.53125,0.0,0.0,135.9375,55.859375,89.59375,34.3125,141.78125,60.8125,94.140625,38.65625,1.0,0.25,4.34375,0.859375,107.96875,35.96875,61.296875,16.796875,23.546875,16.59375,16.0625,7.203125,4.421875,3.296875,12.234375,10.3125,116.296875,41.578125,82.6875,30.578125,18.671875,13.65625,4.5,2.5,0.96875,0.625,2.40625,1.234375,42.34375,86.359375,451.125,13,0,2,0,2,4,3,0,0,1,2,1,0,0,177.8,177.8,170.0,0.0234375,0.375,0.2253906249999999,0.4940624999999999,0.2734375,0.273515625,0.75,1.453125,0.0,0.5625,135.0625,35.015625,161.40625,77.375,143.3125,42.75,200.046875,112.3125,1.390625,0.546875,2.15625,1.7421875,125.5,28.6484375,123.4609375,49.125,5.53125,3.640625,33.1875,24.578125,4.03125,2.7265625,4.7578125,3.671875,126.2421875,31.0390625,140.1328125,65.0,8.109375,3.5625,10.6015625,5.734375,0.7109375,0.4140625,10.671875,6.640625,21.21875,289.921875,829.8828125,22,1,4,0,4,4,4,0,0,2,1,1,0,0,182.88,187.96,170.0,33.0,30.0,0,0,0,0,0,0,0,0,0,1,0,0,0,0,0,1,0,0,0,0,1,0,0,0
Red,False,0.5,0.5,0.625,0.53,0.5,0.625,0.0,0.0,0.0,0.0,85.0,53.0,75.5,40.5,87.5,55.5,99.0,59.0,0.5,0.5,2.5,1.0,51.5,24.5,60.5,27.0,13.5,12.0,5.5,4.5,20.0,16.5,9.5,9.0,62.5,39.0,62.0,31.0,11.0,6.5,7.5,5.5,11.5,7.5,6.0,4.0,25.0,84.5,515.5,4,0,1,0,1,1,1,0,0,0,0,1,0,0,193.04,195.58,242.0,0.0625,0.0625,0.39125,0.5915625,0.265625,0.125,0.5,0.0,0.0,0.0,67.5,26.65625,110.15625,67.3125,96.03125,53.8125,121.78125,77.625,1.125,0.53125,1.875,0.8125,60.25,20.53125,78.71875,39.125,4.5625,3.9375,20.5,17.8125,2.6875,2.1875,10.9375,10.375,51.65625,16.875,88.59375,51.40625,9.75,4.5625,20.1875,14.59375,6.09375,5.21875,1.375,1.3125,184.1875,95.25,799.5,14,1,2,0,2,3,3,0,0,0,0,3,0,0,182.88,185.42,263.0,27.0,35.0,0,0,0,0,1,0,0,0,0,0,0,0,0,0,0,1,0,0,0,0,1,0,0,0
Blue,False,0.0,0.0,0.3425,0.28875,0.33,0.125,1.5,1.75,0.0,0.0,97.25,33.0,45.375,17.75,182.0,107.25,49.625,20.75,4.375,1.0,0.5,0.25,91.25,29.5,41.75,14.125,6.0,3.5,3.0,3.0,0.0,0.0,0.625,0.625,79.0,20.5,44.25,17.25,0.0,0.0,0.0,0.0,18.25,12.5,1.125,0.5,400.375,44.875,685.625,8,0,1,0,2,3,1,0,0,0,2,1,0,0,177.8,180.34,145.0,1.0,1.0,0.48,0.32,1.0,1.0,1.0,0.0,0.0,0.0,39.0,19.0,78.0,25.0,43.0,23.0,84.0,31.0,1.0,1.0,1.0,1.0,27.0,10.0,75.0,22.0,8.0,7.0,3.0,3.0,4.0,2.0,0.0,0.0,33.0,15.0,43.0,11.0,4.0,2.0,8.0,4.0,2.0,2.0,27.0,10.0,26.0,61.0,291.0,1,1,1,0,1,1,0,0,0,0,0,0,1,0,170.18,162.56,145.0,28.0,24.0,0,0,1,0,0,0,0,0,0,0,0,0,0,0,0,1,0,0,0,0,1,0,0,0
Blue,False,0.015625,0.0,0.45,0.4275,0.25,0.2,0.148468017578125,0.098388671875,0.0,0.0,66.5,29.6875,64.31230545043945,27.34375,89.75,48.0,85.53125,44.41152191162109,2.0,0.75,2.0546875,0.75,51.1875,18.3359375,49.6123046875,16.280410766601562,7.5,5.07647705078125,7.5,5.0,4.5,3.625,4.984375,3.9375,48.6875,17.0,47.11572265625,16.5,5.75,3.75,5.3125,3.4375,5.0625,3.5,3.875,2.5,99.2119140625,94.125,638.5,0,0,0,0,0,0,0,0,0,0,0,0,0,0,187.96,193.04,205.0,0.125,0.0,0.543125,0.470625,0.1409375,0.5990625,0.0,1.0,0.0,0.28125,93.3125,46.40625,91.46875,44.53125,106.84375,59.03125,163.21875,109.84375,4.5,1.875,4.34375,2.75,61.28125,22.3125,64.0625,25.28125,14.03125,10.78125,21.28125,14.59375,18.0,13.3125,6.125,4.65625,71.90625,31.3125,63.28125,27.5,19.34375,13.75,17.09375,11.71875,2.0625,1.34375,11.09375,5.3125,101.5,370.375,790.125,16,0,0,1,4,4,2,0,0,1,2,1,0,0,193.04,200.66,205.0,32.0,30.0,0,0,0,0,0,1,0,0,0,0,0,0,0,0,0,1,0,0,0,0,1,0,0,0
Blue,False,0.0,0.0,0.31,0.3,0.0,0.0,3.5,0.0,0.0,0.0,10.0,2.0,18.0,5.5,15.5,6.5,20.5,8.0,2.5,0.0,0.0,0.0,9.5,1.5,15.5,3.5,0.5,0.5,1.0,0.5,0.0,0.0,1.5,1.5,10.0,2.0,16.5,4.0,0.0,0.0,0.0,0.0,0.0,0.0,1.5,1.5,2.5,117.5,232.5,2,0,2,0,2,2,0,0,0,0,0,0,2,0,182.88,185.42,155.0,0.0,0.046875,0.4090625,0.47890625,0.46046875,0.125,2.890625,2.140625,0.078125,0.546875,35.25,14.453125,30.484375,15.0,87.234375,62.671875,65.203125,48.390625,6.6875,2.921875,1.6875,0.5,27.8125,10.390625,21.078125,6.890625,2.625,2.328125,4.78125,4.078125,4.8125,1.734375,4.625,4.03125,20.546875,3.859375,18.921875,5.78125,0.875,0.71875,4.890625,3.78125,13.828125,9.875,6.671875,5.4375,544.296875,132.71875,889.734375,19,0,0,2,5,5,2,0,0,2,3,0,0,0,175.26,180.34,155.0,23.0,31.0,0,0,0,0,0,0,1,0,0,0,0,0,0,0,0,1,0,0,0,0,0,0,1,0
Red,False,0.5,0.0,0.7250000000000001,0.6599999999999999,0.5,0.0,1.5,0.0,0.0,0.0,22.5,16.5,9.5,6.5,33.0,26.5,9.5,6.5,0.5,0.5,0.0,0.0,19.5,13.5,6.5,3.5,1.5,1.5,1.0,1.0,1.5,1.5,2.0,2.0,14.0,9.0,8.0,5.0,2.0,1.5,1.5,1.5,6.5,6.0,0.0,0.0,32.0,10.0,111.0,2,0,2,0,2,2,0,0,0,0,0,0,2,0,170.18,175.26,145.0,0.0,0.0,0.54,0.4912500000000001,0.47875,0.1925,0.0,1.0,0.0,0.25,85.75,43.875,89.375,37.875,150.625,98.625,115.5,60.375,11.5,3.375,3.0,0.875,65.0,29.875,67.25,20.875,10.875,5.125,16.25,11.75,9.875,8.875,5.875,5.25,50.75,14.5,76.375,28.125,11.875,9.625,6.75,4.875,23.125,19.75,6.25,4.875,372.0,133.75,813.875,10,0,0,3,1,1,3,0,0,0,1,0,0,0,167.64,177.8,145.0,26.0,36.0,0,0,1,0,0,0,0,0,0,0,0,0,0,0,0,1,0,0,0,0,1,0,0,0
Red,False,0.015625,0.0,0.45,0.4275,0.25,0.2,0.148468017578125,0.098388671875,0.0,0.0,66.5,29.6875,64.31230545043945,27.34375,89.75,48.0,85.53125,44.41152191162109,2.0,0.75,2.0546875,0.75,51.1875,18.3359375,49.6123046875,16.280410766601562,7.5,5.07647705078125,7.5,5.0,4.5,3.625,4.984375,3.9375,48.6875,17.0,47.11572265625,16.5,5.75,3.75,5.3125,3.4375,5.0625,3.5,3.875,2.5,99.2119140625,94.125,638.5,0,0,0,0,0,0,0,0,0,0,0,0,0,0,175.26,177.8,155.0,0.0,0.0,0.225,0.295,0.305,0.75,1.0,2.25,0.5,0.25,40.0,11.5,43.0,17.25,60.0,31.25,63.25,36.75,2.5,0.75,1.25,1.25,34.25,8.0,33.5,10.75,2.5,1.5,5.0,3.25,3.25,2.0,4.5,3.25,35.5,8.75,34.0,11.25,2.75,1.75,1.75,0.75,1.75,1.0,7.25,5.25,72.0,216.75,438.5,5,0,1,0,1,1,2,0,0,0,0,0,1,0,182.88,182.88,155.0,29.0,24.0,0,0,0,0,0,0,1,0,0,0,0,0,0,0,0,0,0,1,0,0,0,0,0,1
Red,False,0.25244140625,0.03125,0.43591064453125,0.3860302734374999,0.396376953125,0.4009814453125,1.0029296875,0.32666015625,0.5087890625,0.005615234375,68.844970703125,31.738525390625,72.3115234375,27.693115234375,105.6845703125,67.5673828125,118.64404296875,71.5771484375,6.7900390625,3.1005859375,5.220703125,3.305908203125,48.422607421875,16.296875,53.34228515625,12.450439453125,9.07373046875,7.45751953125,9.140625,6.51123046875,11.3486328125,7.984130859375,9.82861328125,8.7314453125,56.602783203125,22.009765625,63.39990234375,20.93212890625,7.2763671875,6.423828125,8.064453125,6.4736328125,4.9658203125,3.304931640625,0.84716796875,0.287353515625,240.972412109375,254.121337890625,868.7255859375,34,0,0,1,2,7,6,0,0,1,2,3,0,1,175.26,180.34,145.0,0.5,0.0,0.488125,0.5549999999999999,0.046875,0.00875,0.3125,0.125,0.0,0.0,117.9375,61.6875,201.1875,127.5,125.5625,67.5625,216.75,139.5,0.3125,0.1875,1.9375,0.0625,85.5625,34.4375,172.4375,104.5625,16.125,13.75,25.125,20.1875,16.25,13.5,3.625,2.75,104.5,52.3125,190.75,121.8125,9.25,6.625,10.125,5.625,4.1875,2.75,0.3125,0.0625,21.6875,45.0,597.375,10,0,4,0,4,4,1,0,0,0,1,1,2,0,185.42,185.42,155.0,25.0,29.0,0,0,0,0,0,0,1,0,0,0,0,0,0,0,0,1,0,0,0,0,1,0,0,0
Red,False,0.0,0.0,0.52,0.37,0.2,0.0,4.0,2.0,2.0,0.0,116.0,61.0,83.0,31.0,165.0,104.0,137.0,82.0,5.0,1.0,0.0,0.0,82.0,36.0,56.0,14.0,13.0,9.0,12.0,4.0,21.0,16.0,15.0,13.0,98.0,49.0,76.0,26.0,4.0,4.0,3.0,2.0,14.0,8.0,4.0,3.0,222.0,379.0,900.0,3,0,1,0,1,1,0,0,0,0,1,0,0,0,170.18,172.72,135.0,0.0,0.0,0.3725,0.355,0.2475,0.105,0.0,1.5,0.25,1.0,80.75,29.75,119.0,38.25,81.0,30.0,132.25,49.5,4.5,1.5,2.5,0.75,45.25,8.75,86.25,20.0,11.25,6.25,15.25,8.75,24.25,14.75,17.5,9.5,78.75,29.0,105.5,28.5,1.75,0.5,7.25,4.75,0.25,0.25,6.25,5.0,75.25,82.25,742.75,7,0,0,1,2,2,1,0,0,2,0,0,0,0,170.18,172.72,135.0,33.0,32.0,1,0,0,0,0,0,0,0,0,0,0,0,0,0,0,1,0,0,0,0,1,0,0,0
Red,False,0.0,0.0,0.66,0.56,1.0,0.15,0.0,2.0,1.0,0.0,63.0,42.0,73.0,41.0,87.0,64.0,105.0,72.0,3.0,3.0,13.0,2.0,55.0,34.0,50.0,20.0,5.0,5.0,17.0,17.0,3.0,3.0,6.0,4.0,25.0,8.0,34.0,10.0,16.0,13.0,27.0,20.0,22.0,21.0,12.0,11.0,405.0,262.0,900.0,3,0,0,1,0,0,1,0,0,0,0,0,0,0,177.8,177.8,170.0,0.0,0.0078125,0.41578125,0.401484375,0.28125,0.43359375,0.015625,0.0,0.0,0.0,194.390625,79.71875,203.6171875,76.4296875,202.3515625,86.6328125,209.7890625,81.28125,4.578125,0.5625,3.2265625,1.3984375,131.421875,39.3984375,176.109375,59.8046875,35.890625,16.859375,22.3359375,12.640625,27.078125,23.4609375,5.171875,3.984375,165.296875,62.28125,179.2890625,61.015625,16.4375,10.125,20.1640625,13.0703125,12.65625,7.3125,4.1640625,2.34375,98.28125,167.9921875,789.3359375,19,1,1,0,2,5,3,0,0,0,3,1,1,0,177.8,190.5,170.0,23.0,31.0,0,0,0,0,0,0,0,0,0,1,0,0,0,0,0,1,0,0,0,0,1,0,0,0
Blue,False,0.125,0.0,0.4034375,0.4159375,0.2287499999999999,0.520625,0.90625,0.625,0.0,0.25,42.46875,22.1875,27.84375,11.09375,73.96875,51.0625,40.0625,23.03125,2.71875,1.53125,1.0,0.625,38.09375,17.8125,22.03125,8.09375,1.875,1.875,4.59375,2.46875,2.5,2.5,1.21875,0.53125,22.21875,6.75,20.84375,7.1875,8.5,6.6875,5.3125,3.09375,11.75,8.75,1.6875,0.8125,229.625,71.125,428.34375,13,0,2,0,2,3,3,0,0,0,2,0,1,0,182.88,187.96,205.0,0.0,0.03125,0.3229150390625,0.4337451171875,0.0257568359375,0.1148583984375,0.305419921875,0.3193359375,0.012939453125,0.258544921875,5.7236328125,2.22607421875,25.42431640625,14.827880859375,9.509033203125,5.758544921875,43.90478515625,31.791748046875,2.0234375,0.069091796875,0.47802734375,0.211181640625,3.858642578125,0.36767578125,24.3349609375,14.040283203125,1.3046875,1.30224609375,0.74560546875,0.7333984375,0.560302734375,0.55615234375,0.34375,0.05419921875,3.294189453125,0.38427734375,3.589111328125,0.318603515625,2.18408203125,1.656982421875,1.0634765625,0.876953125,0.245361328125,0.184814453125,20.771728515625,13.63232421875,34.25146484375,121.966796875,187.99853515625,22,0,2,0,2,6,7,0,0,0,0,2,4,0,190.5,203.2,185.0,29.0,36.0,0,0,0,0,0,0,0,1,0,0,0,0,0,0,0,0,0,1,0,0,1,0,0,0
Red,False,0.5,0.0,0.63,0.49,0.5,0.175,2.0,0.0,0.5,0.0,133.5,83.5,145.0,72.0,186.5,132.5,160.0,84.0,1.5,1.0,7.5,2.5,88.0,47.5,91.0,31.5,45.0,35.5,27.0,20.0,0.5,0.5,27.0,20.5,107.5,64.0,115.0,52.0,14.5,9.5,28.0,18.5,11.5,10.0,2.0,1.5,149.0,114.0,774.0,6,0,1,0,1,1,1,0,0,0,0,1,0,0,185.42,190.5,205.0,0.8125,0.0,0.56,0.5384375,0.0725,0.115625,0.0625,0.1875,0.15625,0.21875,37.28125,20.0625,26.0625,14.0,46.46875,29.0,48.09375,33.375,0.5,0.21875,1.90625,0.65625,35.5,18.46875,19.09375,7.71875,0.84375,0.71875,5.03125,4.34375,0.9375,0.875,1.9375,1.9375,24.75,9.59375,14.59375,6.28125,6.65625,4.90625,5.9375,4.28125,5.875,5.5625,5.53125,3.4375,30.5625,155.125,267.625,12,0,0,2,2,3,3,0,0,0,0,2,1,0,182.88,187.96,205.0,32.0,33.0,0,0,0,0,0,1,0,0,0,0,0,0,0,0,0,1,0,0,0,0,1,0,0,0
Red,False,0.75,0.0,0.515,0.305,0.65,0.39,0.5,0.5,0.25,0.25,109.25,52.0,136.75,49.75,142.0,76.75,147.0,59.0,2.5,1.5,4.0,1.25,94.5,38.0,103.25,26.25,7.25,7.0,16.75,9.25,7.5,7.0,16.75,14.25,93.0,37.75,122.25,41.25,1.5,1.5,11.75,6.5,14.75,12.75,2.75,2.0,166.0,42.75,821.75,8,0,0,1,1,1,2,0,0,0,0,1,0,0,177.8,185.42,185.0,0.25,0.25,0.5,0.6200000000000001,0.25,0.065,0.0,2.0,0.25,0.0,32.75,16.5,48.0,29.75,58.0,40.25,103.0,80.75,4.25,1.25,8.0,1.0,25.0,9.5,25.75,12.0,5.0,4.5,6.75,5.25,2.75,2.5,15.5,12.5,19.75,8.0,16.25,6.0,6.75,4.25,25.0,18.25,6.25,4.25,6.75,5.5,213.25,383.25,740.0,7,0,2,0,2,2,1,0,0,0,1,1,0,0,185.42,187.96,185.0,27.0,24.0,0,0,0,0,0,0,0,1,0,0,0,0,0,0,0,0,0,1,0,0,1,0,0,0
Red,False,0.0,0.0,0.44,0.3625,0.48375,0.0275,1.75,0.5,0.125,0.0,61.0,29.0,50.0,18.125,72.125,39.0,60.875,28.625,2.875,1.375,1.625,0.25,50.125,20.375,34.5,8.125,4.0,2.375,8.75,4.875,6.875,6.25,6.75,5.125,40.875,18.125,44.0,15.625,13.375,7.75,5.125,1.75,6.75,3.125,0.875,0.75,181.875,30.125,424.5,9,0,4,0,4,4,0,0,0,0,2,0,2,0,175.26,182.88,155.0,0.5,0.0,0.4499999999999999,0.085,0.25,0.0,0.5,0.0,0.0,0.0,55.0,18.0,44.0,7.5,64.5,26.5,44.5,8.0,1.0,0.5,0.5,0.0,50.0,14.0,38.0,5.0,1.0,1.0,1.5,1.0,4.0,3.0,4.5,1.5,43.0,10.5,42.0,6.5,1.0,1.0,2.0,1.0,11.0,6.5,0.0,0.0,82.5,0.0,303.0,3,0,2,0,2,2,0,0,0,0,0,1,1,0,170.18,182.88,145.0,23.0,25.0,0,0,1,0,0,0,0,0,0,0,0,0,0,0,0,0,0,1,0,0,1,0,0,0
Red,False,0.0,0.0,0.0,0.8,0.0,0.0,0.0,0.0,0.0,0.0,0.0,0.0,10.0,8.0,0.0,0.0,15.0,12.0,2.0,0.0,0.0,0.0,0.0,0.0,9.0,7.0,0.0,0.0,1.0,1.0,0.0,0.0,0.0,0.0,0.0,0.0,2.0,1.0,0.0,0.0,0.0,0.0,0.0,0.0,8.0,7.0,0.0,4.0,29.0,1,0,1,0,1,1,0,0,0,0,0,0,0,0,180.34,182.88,155.0,0.03125,0.03125,0.4053125,0.32125,0.60765625,0.443125,1.625,1.140625,1.015625,1.1875,50.6875,21.5625,64.8125,23.1875,79.90625,49.421875,85.09375,41.578125,2.296875,1.59375,4.109375,2.59375,42.375,14.796875,59.9375,19.28125,4.328125,2.890625,2.875,2.1875,3.984375,3.875,2.0,1.71875,34.40625,12.859375,39.640625,9.5,8.171875,4.25,5.015625,2.046875,8.109375,4.453125,20.15625,11.640625,239.96875,335.5625,797.15625,19,0,1,0,1,4,3,0,0,1,1,1,1,0,177.8,182.88,155.0,30.0,28.0,0,0,0,0,0,0,1,0,0,0,0,0,0,0,0,0,0,0,1,0,1,0,0,0
Red,False,0.0,1.0,0.245,0.385,0.165,0.665,0.0,1.5,0.0,0.0,87.0,19.5,104.0,39.0,94.5,26.0,139.0,67.5,2.5,0.5,5.0,2.0,75.5,11.5,91.5,31.0,6.5,4.0,9.5,6.0,5.0,4.0,3.0,2.0,84.0,18.0,80.5,22.5,2.5,1.0,6.0,4.0,0.5,0.5,17.5,12.5,32.5,282.0,731.5,6,0,0,2,0,0,2,0,0,0,0,0,0,0,172.72,172.72,155.0,0.25,0.0078125,0.268671875,0.303828125,0.09953125,0.293203125,0.1640625,0.0625,0.0078125,0.015625,68.578125,19.0859375,88.8671875,33.1015625,81.6171875,31.375,98.1484375,41.609375,5.1796875,0.46875,2.796875,1.2578125,55.109375,10.78125,78.859375,24.7265625,5.5625,3.671875,7.015625,6.0703125,7.90625,4.6328125,2.9921875,2.3046875,58.625,12.6328125,84.25,30.2109375,6.484375,4.34375,2.9609375,2.2109375,3.46875,2.109375,1.65625,0.6796875,110.703125,94.4453125,643.4609375,21,0,0,2,3,4,4,0,0,0,2,1,1,0,172.72,177.8,155.0,39.0,27.0,0,0,0,0,0,0,1,0,0,0,0,0,0,0,0,1,0,0,0,0,0,0,1,0
Blue,False,0.0,0.0,0.32,0.52,0.0,0.37,1.0,0.0,0.0,0.0,85.0,28.0,101.0,53.0,88.0,30.0,143.0,93.0,0.0,0.0,8.0,3.0,61.0,15.0,77.0,32.0,11.0,7.0,9.0,7.0,13.0,6.0,15.0,14.0,83.0,26.0,78.0,31.0,2.0,2.0,11.0,11.0,0.0,0.0,12.0,11.0,4.0,295.0,900.0,3,0,0,1,0,0,1,0,0,0,0,0,0,0,170.18,180.34,135.0,0.0,0.0,0.4599999999999999,0.48,0.0,0.8,1.0,0.0,1.0,0.5,70.5,25.0,91.5,43.5,90.5,43.0,153.0,101.0,2.5,0.0,7.5,5.5,54.0,13.5,73.0,26.5,12.0,8.0,11.5,10.5,4.5,3.5,7.0,6.5,59.5,17.5,41.5,13.0,6.5,4.5,15.5,11.0,4.5,3.0,34.5,19.5,29.0,628.5,900.0,6,0,0,2,0,0,2,0,0,0,0,0,0,0,167.64,175.26,135.0,33.0,34.0,1,0,0,0,0,0,0,0,0,0,0,0,0,0,0,1,0,0,0,0,1,0,0,0
Blue,False,0.0,0.0,0.57,0.59,0.0,0.4,3.0,2.0,0.0,0.0,38.0,22.0,71.0,42.0,70.0,54.0,132.0,101.0,1.0,0.0,5.0,2.0,26.0,10.0,41.0,14.0,5.0,5.0,19.0,17.0,7.0,7.0,11.0,11.0,24.0,11.0,44.0,18.0,10.0,8.0,16.0,13.0,4.0,3.0,11.0,11.0,58.0,415.0,717.0,3,0,0,1,0,0,1,0,0,0,0,0,0,0,172.72,177.8,135.0,0.0,2.0,0.75,0.5,0.0,0.0,0.0,0.0,0.0,0.0,8.0,6.0,24.0,12.0,8.0,6.0,24.0,12.0,0.0,0.0,0.0,0.0,4.0,3.0,22.0,11.0,2.0,1.0,2.0,1.0,2.0,2.0,0.0,0.0,8.0,6.0,16.0,6.0,0.0,0.0,1.0,0.0,0.0,0.0,7.0,6.0,0.0,7.0,56.0,1,0,0,1,0,0,1,0,0,0,0,0,0,0,172.72,172.72,135.0,30.0,28.0,1,0,0,0,0,0,0,0,0,0,0,0,0,0,0,1,0,0,0,0,0,0,1,0
Blue,False,0.18798828125,0.0,0.551591796875,0.378896484375,0.258193359375,0.3245654296875,0.2841796875,0.31591796875,0.25048828125,0.00048828125,51.81494140625,28.02197265625,38.3095703125,15.484375,71.7119140625,46.66650390625,46.2939453125,23.24072265625,0.26611328125,0.25927734375,2.6142578125,0.86669921875,41.8046875,19.76953125,34.51611328125,12.7763671875,5.9794921875,4.92724609375,2.08544921875,1.54736328125,4.03076171875,3.3251953125,1.7080078125,1.16064453125,29.9404296875,12.83740234375,33.501953125,12.47900390625,3.65234375,2.2958984375,2.990234375,1.99267578125,18.22216796875,12.888671875,1.8173828125,1.0126953125,133.14404296875,65.0771484375,356.34033203125,24,0,0,1,3,8,4,0,0,1,0,3,3,1,187.96,190.5,185.0,0.25,0.25390625,0.5046875,0.1750390625,0.26765625,0.1484375,1.03125,0.1015625,0.296875,0.25,33.26953125,19.40234375,33.40234375,12.41015625,58.60546875,40.73046875,37.484375,16.1015625,1.48828125,0.58203125,0.1640625,0.1640625,24.83203125,11.86328125,30.84765625,10.578125,2.05078125,1.78125,1.203125,1.01171875,6.38671875,5.7578125,1.3515625,0.8203125,24.14453125,13.96875,31.12890625,11.26953125,1.546875,1.0234375,0.05859375,0.015625,7.578125,4.41015625,2.21484375,1.125,96.29296875,39.19140625,340.390625,17,0,1,0,3,7,2,0,0,0,2,0,5,0,172.72,180.34,170.0,28.0,32.0,0,0,0,0,0,0,0,1,0,0,0,0,0,0,0,1,0,0,0,0,1,0,0,0
Red,False,0.015625,0.0,0.45,0.4275,0.25,0.2,0.148468017578125,0.098388671875,0.0,0.0,66.5,29.6875,64.31230545043945,27.34375,89.75,48.0,85.53125,44.41152191162109,2.0,0.75,2.0546875,0.75,51.1875,18.3359375,49.6123046875,16.280410766601562,7.5,5.07647705078125,7.5,5.0,4.5,3.625,4.984375,3.9375,48.6875,17.0,47.11572265625,16.5,5.75,3.75,5.3125,3.4375,5.0625,3.5,3.875,2.5,99.2119140625,94.125,638.5,0,0,0,0,0,0,0,0,0,0,0,0,0,0,170.18,167.64,125.0,1.0,0.0,0.29,0.09,0.0,0.0,0.0,0.0,0.0,0.0,24.0,7.0,21.0,2.0,25.0,8.0,21.0,2.0,0.0,0.0,0.0,0.0,21.0,6.0,13.0,0.0,1.0,0.0,4.0,1.0,2.0,1.0,4.0,1.0,22.0,5.0,21.0,2.0,0.0,0.0,0.0,0.0,2.0,2.0,0.0,0.0,3.0,0.0,114.0,1,1,1,0,1,1,0,0,0,0,0,1,0,0,160.02,167.64,135.0,25.0,27.0,0,0,0,1,0,0,0,0,0,0,0,0,0,0,0,0,0,1,0,0,1,0,0,0
Red,False,0.0,0.0,0.51,0.35,0.75,0.75,2.0,2.0,0.0,1.0,98.0,50.0,94.0,33.0,290.0,230.0,129.0,62.0,4.0,3.0,4.0,3.0,67.0,24.0,83.0,28.0,25.0,21.0,7.0,2.0,6.0,5.0,4.0,3.0,47.0,11.0,79.0,26.0,18.0,14.0,9.0,3.0,33.0,25.0,6.0,4.0,488.0,197.0,900.0,3,0,1,0,1,1,0,0,0,0,1,0,0,0,185.42,185.42,170.0,0.125,0.0,0.415625,0.4759375,0.3365625,0.3512499999999999,2.09375,0.46875,0.03125,0.59375,102.03125,43.03125,78.8125,39.46875,238.625,151.53125,150.0,102.5,4.65625,2.09375,7.875,3.0,85.71875,29.53125,54.78125,19.84375,12.625,10.0,14.9375,11.90625,3.6875,3.5,9.09375,7.71875,70.71875,23.875,52.1875,17.03125,9.03125,6.3125,11.96875,9.78125,22.28125,12.84375,14.65625,12.65625,240.78125,360.3125,880.5,16,0,4,0,4,5,1,0,0,1,3,1,0,0,185.42,190.5,170.0,25.0,24.0,0,0,0,0,0,0,0,0,0,1,0,0,0,0,0,1,0,0,0,0,1,0,0,0
Blue,False,0.25,0.0,0.415,0.4375,0.625,0.06875,0.0,0.75,0.625,0.0,91.375,41.125,63.75,34.625,99.375,49.125,76.75,46.25,0.75,0.625,8.375,0.875,76.25,28.625,55.125,29.375,5.75,4.0,6.75,3.625,9.375,8.5,1.875,1.625,71.875,26.125,40.125,15.625,13.625,12.125,5.0,3.625,5.875,2.875,18.625,15.375,159.125,192.375,642.75,8,1,0,1,1,2,2,0,0,0,1,1,0,0,177.8,185.42,155.0,0.25,0.0,0.36,0.2575,0.665,0.0,0.5,0.0,0.0,0.0,146.0,43.5,101.5,28.25,149.0,46.0,101.75,28.5,1.25,1.0,1.5,0.0,124.25,29.25,78.75,17.25,7.5,4.75,14.0,5.0,14.25,9.5,8.75,6.0,136.5,37.75,99.25,28.25,8.0,4.5,2.25,0.0,1.5,1.25,0.0,0.0,24.0,1.5,583.5,5,1,3,0,3,3,0,0,0,0,1,1,0,1,180.34,193.04,155.0,25.0,28.0,0,0,0,0,0,0,1,0,0,0,0,0,0,0,0,0,0,1,0,0,1,0,0,0
Red,False,0.13671875,0.0,0.3104833984375,0.5066796875,0.3627001953125,0.3252001953125,2.50244140625,0.51806640625,0.01611328125,0.0029296875,39.20361328125,12.5009765625,67.2177734375,28.92431640625,48.95947265625,20.943359375,87.9970703125,47.3310546875,1.9375,0.71923828125,2.4716796875,2.06396484375,30.99169921875,8.1044921875,54.1005859375,18.73046875,5.265625,3.20166015625,9.69287109375,7.80078125,2.9462890625,1.19482421875,3.42431640625,2.39306640625,34.32861328125,9.41845703125,41.47607421875,12.62890625,3.0693359375,1.6201171875,6.57373046875,3.98095703125,1.8056640625,1.46240234375,19.16796875,12.314453125,69.70263671875,179.40771484375,464.50537109375,29,0,2,0,7,10,2,0,0,0,4,2,4,0,172.72,180.34,155.0,0.26568603515625,0.03515625,0.546923828125,0.3957672119140625,0.0742388916015625,0.1509051513671875,0.860107421875,0.00518798828125,0.09765625,0.06488037109375,225.975830078125,137.6793212890625,120.1856689453125,57.59246826171875,253.625,160.17791748046875,130.6868896484375,65.74285888671875,2.142822265625,0.10650634765625,2.0235595703125,1.1278076171875,195.87469482421875,113.9124755859375,89.566650390625,32.9891357421875,25.99908447265625,20.787109375,17.4384765625,13.35345458984375,4.10205078125,2.979736328125,13.1805419921875,11.2498779296875,210.9000244140625,128.00225830078125,105.8609619140625,48.05780029296875,14.5416259765625,9.26007080078125,9.97369384765625,7.13427734375,0.5341796875,0.4169921875,4.35101318359375,2.400390625,70.247314453125,84.417724609375,726.40087890625,34,1,5,0,5,10,5,0,0,1,1,1,7,0,182.88,193.04,170.0,28.0,27.0,0,0,0,0,0,0,1,0,0,0,0,0,0,0,0,0,0,1,0,0,0,0,1,0
Blue,False,0.6953125,0.0,0.783359375,0.185546875,0.08828125,0.104375,0.09375,0.0625,0.0,0.0,39.21875,19.015625,37.2265625,14.53125,51.5,30.7421875,52.046875,28.671875,2.578125,0.8046875,1.625,0.4453125,30.3671875,11.8046875,28.7734375,8.3671875,5.4296875,4.546875,6.65625,4.453125,3.421875,2.6640625,1.796875,1.7109375,25.703125,8.875,24.234375,6.359375,11.8671875,8.6171875,12.1796875,7.359375,1.6484375,1.5234375,0.8125,0.8125,68.28125,67.15625,331.0703125,17,0,4,0,4,7,1,0,1,1,1,4,0,0,175.26,175.26,185.0,0.020050048828125,0.0117225646972656,0.373517723083496,0.3255670928955078,0.4193683815002441,0.1552593994140625,0.0938663482666015,0.0072383880615234,1.52587890625e-05,0.0001373291015625,81.38787651062012,27.139766693115234,109.99836349487305,39.22499656677246,96.13076210021973,41.37993812561035,125.44104194641112,53.25947189331055,2.766176223754883,1.4408092498779297,3.660690307617188,1.0005035400390625,72.98862648010254,19.69515419006348,92.6004581451416,27.68807601928711,8.181121826171875,7.28924560546875,8.554874420166016,4.7132415771484375,0.2181282043457031,0.1553668975830078,8.84303092956543,6.823678970336914,67.44122505187988,14.901988983154297,102.7551155090332,33.40902519226074,8.778823852539062,7.3935546875,6.983451843261719,5.589393615722656,5.167827606201172,4.8442230224609375,0.259796142578125,0.2265777587890625,145.693754196167,116.29281616210938,793.5677528381348,44,1,2,0,5,15,5,0,0,1,5,6,3,0,177.8,185.42,170.0,28.0,34.0,0,0,0,0,0,0,0,0,0,1,0,0,0,0,0,0,0,1,0,0,1,0,0,0
Blue,False,1.0,0.0,0.7,0.3,0.0,0.0,0.0,0.0,0.0,0.0,92.0,65.0,71.0,22.0,93.0,66.0,85.0,36.0,0.0,0.0,3.0,0.0,75.0,49.0,57.0,11.0,11.0,10.0,10.0,7.0,6.0,6.0,4.0,4.0,75.0,51.0,68.0,19.0,17.0,14.0,3.0,3.0,0.0,0.0,0.0,0.0,65.0,4.0,264.0,1,0,1,0,1,1,0,0,0,0,0,1,0,0,193.04,208.28,240.0,0.890625,0.15625,0.743671875,0.28375,0.0,0.3378125,0.0,0.8203125,0.0,0.0,28.625,18.6796875,47.4296875,15.703125,30.875,19.8671875,54.515625,22.125,0.125,0.0,2.203125,1.0078125,17.3984375,9.359375,36.2109375,7.71875,1.25,1.1796875,4.375,3.28125,9.9765625,8.140625,6.84375,4.703125,25.046875,15.6640625,42.6171875,12.390625,0.15625,0.09375,3.4375,2.4375,3.421875,2.921875,1.375,0.875,24.4453125,66.734375,346.859375,14,0,1,0,1,4,4,0,0,0,1,3,0,0,180.34,187.96,235.0,34.0,32.0,0,0,0,0,1,0,0,0,0,0,0,0,0,0,0,1,0,0,0,0,1,0,0,0
Red,False,0.015625,0.0,0.45,0.4275,0.25,0.2,0.148468017578125,0.098388671875,0.0,0.0,66.5,29.6875,64.31230545043945,27.34375,89.75,48.0,85.53125,44.41152191162109,2.0,0.75,2.0546875,0.75,51.1875,18.3359375,49.6123046875,16.280410766601562,7.5,5.07647705078125,7.5,5.0,4.5,3.625,4.984375,3.9375,48.6875,17.0,47.11572265625,16.5,5.75,3.75,5.3125,3.4375,5.0625,3.5,3.875,2.5,99.2119140625,94.125,638.5,0,0,0,0,0,0,0,0,0,0,0,0,0,0,160.02,170.18,135.0,0.0,1.0,0.2,0.58,0.0,0.66,0.0,0.0,0.0,0.0,29.0,6.0,140.0,82.0,41.0,18.0,229.0,155.0,2.0,0.0,6.0,4.0,23.0,3.0,102.0,50.0,0.0,0.0,35.0,29.0,6.0,3.0,3.0,3.0,20.0,2.0,34.0,10.0,9.0,4.0,23.0,19.0,0.0,0.0,83.0,53.0,0.0,561.0,718.0,3,0,0,1,0,0,1,0,0,0,0,0,0,0,160.02,160.02,125.0,21.0,27.0,0,0,0,1,0,0,0,0,0,0,0,0,0,0,0,1,0,0,0,0,1,0,0,0
Red,False,0.0,0.0,0.68,0.12,0.16,0.0,0.0,0.0,2.0,0.0,80.0,55.0,131.0,17.0,95.0,69.0,139.0,25.0,6.0,1.0,3.0,0.0,63.0,42.0,120.0,10.0,7.0,3.0,4.0,2.0,10.0,10.0,7.0,5.0,55.0,35.0,122.0,14.0,3.0,3.0,9.0,3.0,22.0,17.0,0.0,0.0,173.0,16.0,576.0,2,0,1,0,1,1,0,0,0,0,0,1,0,0,180.34,187.96,155.0,0.0,0.0,0.5475,0.4862499999999999,0.5025000000000001,0.1162499999999999,0.0,1.75,0.125,0.5,60.625,31.625,57.625,25.0,89.875,56.875,80.0,46.25,11.625,4.5,2.375,0.625,40.75,13.75,42.5,13.375,7.25,6.25,11.375,8.0,12.625,11.625,3.75,3.625,32.75,8.875,48.875,18.375,15.0,13.875,7.75,5.625,12.875,8.875,1.0,1.0,373.375,95.75,748.0,10,0,1,0,2,3,1,0,0,1,1,1,0,0,175.26,180.34,155.0,28.0,32.0,0,0,0,0,0,0,1,0,0,0,0,0,0,0,0,1,0,0,0,0,1,0,0,0
Blue,False,0.0,0.0,0.365,0.6275,0.25,0.6875,0.75,0.5,0.0,0.0,33.0,12.5,41.75,30.0,64.25,38.0,132.0,103.5,3.25,0.5,4.0,3.75,27.5,7.75,19.75,9.0,4.5,3.75,10.5,10.0,1.0,1.0,11.5,11.0,21.75,6.0,15.0,6.0,3.75,3.0,19.5,18.25,7.5,3.5,7.25,5.75,70.25,536.25,731.5,7,0,0,1,1,1,2,0,0,0,0,1,0,0,182.88,190.5,185.0,0.03125,0.0,0.215,0.475,0.101875,0.03125,0.21875,0.90625,0.0,0.0,49.75,22.03125,65.96875,27.3125,53.875,25.59375,83.4375,43.625,5.46875,0.84375,0.53125,0.03125,45.375,18.90625,42.625,9.46875,2.8125,2.0625,18.15625,14.53125,1.5625,1.0625,5.1875,3.3125,46.25,20.40625,51.28125,14.53125,3.0625,1.4375,5.125,3.8125,0.4375,0.1875,9.5625,8.96875,105.90625,67.625,426.78125,12,0,1,0,1,2,4,0,0,0,1,0,1,0,187.96,185.42,185.0,26.0,29.0,0,0,0,0,0,0,0,1,0,0,0,0,0,0,0,1,0,0,0,0,0,0,1,0
Red,False,0.25,0.0,0.4449999999999999,0.5375,0.0,0.5,0.75,0.5,0.25,0.0,30.75,14.25,33.0,12.75,37.5,21.0,41.0,19.75,1.25,0.0,0.5,0.5,13.75,3.5,26.25,8.5,7.75,4.5,2.0,0.75,9.25,6.25,4.75,3.5,23.0,9.75,23.0,8.75,5.5,2.25,1.5,1.5,2.25,2.25,8.5,2.5,6.75,97.5,276.5,4,0,2,0,2,2,1,0,0,0,0,1,1,0,185.42,185.42,145.0,1.0,1.0,0.32,0.48,1.0,1.0,0.0,1.0,0.0,0.0,78.0,25.0,39.0,19.0,84.0,31.0,43.0,23.0,1.0,1.0,1.0,1.0,75.0,22.0,27.0,10.0,3.0,3.0,8.0,7.0,0.0,0.0,4.0,2.0,43.0,11.0,33.0,15.0,8.0,4.0,4.0,2.0,27.0,10.0,2.0,2.0,61.0,26.0,291.0,1,1,0,1,0,0,1,0,0,0,0,0,0,0,167.64,167.64,155.0,28.0,25.0,0,0,1,0,0,0,0,0,0,0,0,0,0,0,0,1,0,0,0,0,1,0,0,0
Red,False,1.0,0.0,0.47,0.75,0.0,0.0,0.0,0.0,0.0,0.0,23.0,11.0,4.0,3.0,23.0,11.0,4.0,3.0,0.0,0.0,0.0,0.0,23.0,11.0,4.0,3.0,0.0,0.0,0.0,0.0,0.0,0.0,0.0,0.0,18.0,7.0,4.0,3.0,5.0,4.0,0.0,0.0,0.0,0.0,0.0,0.0,1.0,0.0,22.0,1,0,1,0,1,1,0,0,0,0,0,1,0,0,170.18,170.18,135.0,1.0,0.0,0.67,0.58,0.4,0.0,2.0,0.0,1.0,1.0,53.0,36.0,58.0,34.0,104.0,86.0,80.0,50.0,5.0,2.0,1.0,0.0,32.0,16.0,48.0,25.0,16.0,15.0,8.0,7.0,5.0,5.0,2.0,2.0,37.0,21.0,51.0,27.0,8.0,8.0,2.0,2.0,8.0,7.0,5.0,5.0,88.0,299.0,622.0,3,0,1,0,1,1,0,0,0,0,0,0,1,0,175.26,180.34,135.0,28.0,28.0,1,0,0,0,0,0,0,0,0,0,0,0,0,0,0,1,0,0,0,0,1,0,0,0
Red,False,0.015625,0.0,0.45,0.4275,0.25,0.2,0.148468017578125,0.098388671875,0.0,0.0,66.5,29.6875,64.31230545043945,27.34375,89.75,48.0,85.53125,44.41152191162109,2.0,0.75,2.0546875,0.75,51.1875,18.3359375,49.6123046875,16.280410766601562,7.5,5.07647705078125,7.5,5.0,4.5,3.625,4.984375,3.9375,48.6875,17.0,47.11572265625,16.5,5.75,3.75,5.3125,3.4375,5.0625,3.5,3.875,2.5,99.2119140625,94.125,638.5,0,0,0,0,0,0,0,0,0,0,0,0,0,0,185.42,185.42,205.0,0.375,0.0,0.4475,0.43125,0.8325,0.0,0.125,1.0,0.0,0.25,70.375,31.875,49.25,21.5,79.0,39.5,76.0,47.125,2.125,2.0,0.25,0.0,52.0,17.375,33.5,9.625,5.875,3.625,3.5,3.0,12.5,10.875,12.25,8.875,48.75,17.25,41.625,15.125,7.5,5.875,7.625,6.375,14.125,8.75,0.0,0.0,248.5,55.375,659.25,8,0,1,0,2,3,1,0,0,0,1,2,0,0,198.12,200.66,255.0,33.0,29.0,0,0,0,0,1,0,0,0,0,0,0,0,0,0,0,1,0,0,0,0,1,0,0,0
Red,False,1.0,0.0,0.57,0.36,0.0,0.0,0.0,0.0,0.0,0.0,38.0,22.0,22.0,8.0,38.0,22.0,22.0,8.0,0.0,0.0,0.0,0.0,23.0,9.0,5.0,0.0,9.0,7.0,5.0,1.0,6.0,6.0,12.0,7.0,36.0,20.0,22.0,8.0,0.0,0.0,0.0,0.0,2.0,2.0,0.0,0.0,1.0,0.0,253.0,1,0,1,0,1,1,0,0,0,0,0,1,0,0,182.88,190.5,170.0,0.546875,0.0,0.604716796875,0.33658203125,0.58931640625,0.1783007812499999,0.5009765625,0.5400390625,0.3125,0.203125,58.048828125,35.740234375,62.87890625,19.35546875,69.4814453125,46.578125,70.787109375,25.65234375,2.38671875,1.2216796875,3.1328125,1.1630859375,35.708984375,17.3427734375,49.9140625,9.5361328125,14.912109375,12.236328125,5.830078125,4.271484375,7.427734375,6.1611328125,7.134765625,5.5478515625,43.9443359375,24.587890625,53.095703125,13.3828125,10.916015625,8.318359375,7.3779296875,4.3837890625,3.1884765625,2.833984375,2.4052734375,1.5888671875,93.486328125,153.36328125,443.873046875,24,0,1,0,3,6,5,0,0,0,1,4,1,0,182.88,190.5,170.0,29.0,31.0,0,0,0,0,0,0,0,0,0,1,0,0,0,0,0,1,0,0,0,0,1,0,0,0
Red,False,2.0,0.0,0.68,0.1,0.0,0.0,0.0,0.0,0.0,0.0,16.0,11.0,10.0,1.0,16.0,11.0,10.0,1.0,0.0,0.0,1.0,0.0,14.0,9.0,7.0,0.0,0.0,0.0,0.0,0.0,2.0,2.0,3.0,1.0,7.0,6.0,10.0,1.0,2.0,2.0,0.0,0.0,7.0,3.0,0.0,0.0,7.0,0.0,40.0,1,0,1,0,1,1,0,0,0,0,0,1,0,0,185.42,193.04,170.0,0.0,0.0,0.52875,0.28125,0.3037499999999999,0.25,1.25,0.125,0.125,0.125,54.375,27.125,47.5,17.75,64.75,36.375,84.375,50.875,3.875,2.375,4.375,1.0,43.25,19.625,32.875,8.625,5.25,2.125,6.25,3.125,5.875,5.375,8.375,6.0,27.625,10.625,29.75,6.875,7.25,3.0,11.25,6.875,19.5,13.5,6.5,4.0,183.0,99.625,487.0,8,0,1,0,2,3,1,0,0,0,1,1,1,0,182.88,193.04,170.0,29.0,22.0,0,0,0,0,0,0,0,0,0,1,0,0,0,0,0,1,0,0,0,0,1,0,0,0
Red,False,0.0,0.0,0.2725,0.3775,0.1,0.265,0.75,0.25,0.0,0.0,55.75,11.0,92.25,36.0,61.75,17.0,117.0,59.25,5.0,1.0,4.5,0.75,53.25,9.75,67.25,17.75,1.5,0.25,8.0,5.75,1.0,1.0,17.0,12.5,50.0,9.0,71.0,23.25,5.25,1.5,12.5,8.25,0.5,0.5,8.75,4.5,125.5,179.25,775.75,8,1,0,3,0,0,3,0,0,0,0,0,0,0,177.8,182.88,155.0,0.0,0.00390625,0.46029296875,0.3149609375,0.6502148437499999,0.224609375,0.78125,1.697265625,0.265625,0.080078125,58.06640625,28.75,52.921875,20.916015625,99.90625,68.640625,128.181640625,93.962890625,7.0546875,3.986328125,1.138671875,0.818359375,41.822265625,14.828125,40.34765625,12.03515625,11.75,9.677734375,8.29296875,5.599609375,4.494140625,4.244140625,4.28125,3.28125,20.50390625,7.470703125,32.08984375,6.91015625,6.123046875,5.265625,13.724609375,9.958984375,31.439453125,16.013671875,7.107421875,4.046875,483.4453125,117.978515625,773.552734375,22,0,0,1,3,6,4,0,0,0,2,0,4,0,172.72,190.5,155.0,32.0,30.0,0,0,0,0,0,0,1,0,0,0,0,0,0,0,0,1,0,0,0,0,1,0,0,0
Red,True,0.009033203125,0.21875,0.4101599121093749,0.26603515625,0.705728759765625,0.36515869140625,0.0,0.2542724609375,0.5,0.0,119.057861328125,48.5318603515625,121.09130859375,32.77294921875,157.948486328125,82.5511474609375,131.1241455078125,41.92724609375,4.8538818359375,2.6746826171875,4.97119140625,1.265869140625,110.4508056640625,42.7735595703125,89.4544677734375,14.27490234375,6.6617431640625,4.01611328125,19.32763671875,10.8843994140625,1.9453125,1.7421875,12.3092041015625,7.6136474609375,73.640869140625,20.9521484375,101.1021728515625,21.8880615234375,21.549560546875,11.8463134765625,19.2000732421875,10.315673828125,23.867431640625,15.7333984375,0.7890625,0.5692138671875,378.6793212890625,89.260498046875,1103.9970703125,39,3,5,0,5,12,2,0,1,3,3,5,0,0,182.88,190.5,205.0,0.626953125,0.0,0.51314453125,0.314296875,0.5715234375,0.0,1.19140625,0.0,0.0,0.0,74.61328125,39.126953125,37.4921875,12.236328125,84.046875,47.921875,40.09375,14.81640625,3.115234375,1.587890625,0.904296875,0.0,39.58203125,14.912109375,28.333984375,6.09375,14.16796875,8.96875,5.017578125,2.556640625,20.86328125,15.24609375,4.140625,3.5859375,51.150390625,21.69921875,33.0234375,11.212890625,10.9375,7.87890625,4.419921875,0.974609375,12.525390625,9.548828125,0.048828125,0.048828125,177.634765625,5.1015625,670.04296875,22,3,3,0,6,9,1,0,0,0,2,3,4,0,193.04,213.36,205.0,32.0,24.0,0,0,0,0,0,1,0,0,0,0,0,0,0,0,0,1,0,0,0,0,1,0,0,0
Blue,False,0.0,0.0,0.38,0.7,0.0,0.37,2.0,0.0,0.0,0.0,26.0,10.0,90.0,63.0,40.0,20.0,204.0,164.0,0.0,0.0,8.0,3.0,25.0,9.0,59.0,40.0,0.0,0.0,13.0,11.0,1.0,1.0,18.0,12.0,25.0,9.0,34.0,17.0,1.0,1.0,2.0,2.0,0.0,0.0,54.0,44.0,15.0,426.0,900.0,3,0,0,1,0,0,1,0,0,0,0,0,0,0,170.18,170.18,145.0,0.25,0.75,0.2075,0.48125,0.125,0.16875,0.0625,0.25,0.0,0.0,61.25,22.9375,80.5625,31.5,85.0625,42.5,91.375,40.8125,0.5,0.25,2.8125,1.3125,50.75,15.9375,70.6875,23.0,8.0625,5.625,2.1875,1.5,2.4375,1.375,7.6875,7.0,52.3125,16.875,64.0,21.8125,1.0625,0.9375,0.3125,0.1875,7.875,5.125,16.25,9.5,67.5,144.125,471.5,12,1,3,0,3,3,2,0,0,0,1,1,1,0,172.72,172.72,145.0,33.0,29.0,0,0,1,0,0,0,0,0,0,0,0,0,0,0,0,1,0,0,0,0,1,0,0,0
Blue,False,1.0,0.0,0.485,0.615,0.375,0.0625,0.75,0.0,0.0,0.5,55.5,26.75,49.75,25.25,59.5,29.75,59.5,33.25,1.75,1.5,1.0,0.25,46.25,19.0,32.75,10.5,5.0,3.75,10.25,8.75,4.25,4.0,6.75,6.0,47.5,21.25,46.25,23.5,2.5,1.25,2.0,0.5,5.5,4.25,1.5,1.25,95.75,83.25,478.0,7,0,3,0,3,3,0,0,0,1,1,1,0,0,175.26,177.8,135.0,0.0,0.0,0.485,0.3775,0.0,0.415,0.75,0.0,0.5,0.25,112.75,52.75,74.0,21.25,181.75,117.0,96.25,38.75,0.75,0.0,2.75,1.75,84.75,27.5,52.25,6.25,14.0,13.0,13.5,8.5,14.0,12.25,8.25,6.5,97.5,38.75,62.0,12.75,14.75,13.75,11.0,8.0,0.5,0.25,1.0,0.5,169.75,222.75,900.0,9,0,1,0,1,2,1,0,0,0,2,0,0,0,175.26,193.04,135.0,21.0,31.0,1,0,0,0,0,0,0,0,0,0,0,0,0,0,0,1,0,0,0,0,1,0,0,0
Blue,False,0.0,0.0,0.3775,0.5425,0.2475,0.5,0.5,1.0,0.0,0.75,48.25,21.25,86.5,47.25,74.0,42.25,141.75,98.25,8.75,2.25,3.5,2.25,44.75,18.25,82.25,43.5,3.5,3.0,2.25,1.75,0.0,0.0,2.0,2.0,25.75,6.0,40.75,16.75,3.0,1.5,5.5,2.25,19.5,13.75,40.25,28.25,249.5,282.5,764.5,8,0,0,1,1,1,2,0,0,0,1,0,0,0,193.04,198.12,265.0,0.46875,0.53125,0.35375,0.4134375,0.125,0.015625,0.0,0.125,0.0,0.0,71.5,23.90625,42.59375,17.75,90.78125,41.6875,51.625,26.53125,2.125,1.0,1.375,0.03125,61.625,17.28125,34.65625,11.9375,8.125,5.875,5.375,4.0,1.75,0.75,2.5625,1.8125,51.96875,10.9375,33.9375,11.21875,12.625,8.5625,7.84375,5.75,6.90625,4.40625,0.8125,0.78125,115.65625,38.5625,425.6875,10,1,0,1,4,4,2,0,0,0,1,3,0,0,193.04,198.12,245.0,30.0,29.0,0,0,0,0,1,0,0,0,0,0,0,0,0,0,0,1,0,0,0,0,1,0,0,0
Blue,False,0.0,0.0,0.45,0.3375,0.415,0.415,0.5,0.0,0.5,0.0,148.75,69.0,101.75,31.75,163.0,82.5,118.25,45.75,2.0,0.75,9.75,3.5,101.0,34.75,74.75,14.0,29.0,19.25,10.25,6.0,18.75,15.0,16.75,11.75,124.0,52.25,84.5,17.5,22.75,15.75,15.75,13.75,2.0,1.0,1.5,0.5,33.0,259.5,900.0,9,0,0,1,1,1,2,0,0,0,1,0,0,0,185.42,190.5,155.0,0.5,0.0,0.2724999999999999,0.38,0.0,0.29,0.0,0.5,0.0,0.0,56.25,31.0,91.75,21.0,59.25,33.0,102.75,31.0,0.0,0.0,2.75,0.75,35.5,18.25,78.0,15.25,9.25,4.5,9.0,3.5,11.5,8.25,4.75,2.25,52.25,28.5,73.75,10.25,3.25,2.25,2.0,0.75,0.75,0.25,16.0,10.0,5.0,88.25,485.75,7,0,2,0,2,2,1,0,0,0,1,1,0,0,172.72,172.72,155.0,32.0,26.0,0,0,0,0,0,0,1,0,0,0,0,0,0,0,0,1,0,0,0,0,1,0,0,0
Red,False,0.21875,0.0,0.3253125,0.3953125,0.0584375,0.266875,2.125,1.375,0.0625,0.03125,58.03125,17.53125,57.75,21.5625,87.25,46.59375,105.21875,65.78125,0.96875,0.25,7.15625,2.1875,48.21875,11.78125,41.28125,11.5625,2.8125,1.5625,7.0625,4.5,7.0,4.1875,9.40625,5.5,43.59375,9.5,44.78125,12.28125,11.625,6.375,3.03125,1.96875,2.8125,1.65625,9.9375,7.3125,119.40625,377.625,828.5625,16,1,2,0,2,3,3,0,0,0,2,1,0,0,175.26,180.34,155.0,0.26953125,0.0,0.5217578125,0.4844140625,0.3296875,0.1721484375,0.54296875,0.890625,0.109375,0.6875,72.1796875,41.265625,90.375,52.6875,157.26953125,114.8125,107.96875,68.7734375,3.55078125,1.328125,3.89453125,1.27734375,63.06640625,33.12890625,69.61328125,33.03515625,7.2578125,6.9296875,11.34765625,10.43359375,1.85546875,1.20703125,9.4140625,9.21875,56.42578125,28.13671875,55.58203125,25.9453125,12.97265625,11.0859375,29.51171875,23.09375,2.78125,2.04296875,5.28125,3.6484375,179.08203125,161.48828125,594.80078125,20,1,2,0,2,4,5,0,0,0,1,1,2,0,172.72,177.8,155.0,26.0,32.0,0,0,0,0,0,0,1,0,0,0,0,0,0,0,0,1,0,0,0,0,1,0,0,0
Blue,False,0.015625,0.0,0.45,0.4275,0.25,0.2,0.148468017578125,0.098388671875,0.0,0.0,66.5,29.6875,64.31230545043945,27.34375,89.75,48.0,85.53125,44.41152191162109,2.0,0.75,2.0546875,0.75,51.1875,18.3359375,49.6123046875,16.280410766601562,7.5,5.07647705078125,7.5,5.0,4.5,3.625,4.984375,3.9375,48.6875,17.0,47.11572265625,16.5,5.75,3.75,5.3125,3.4375,5.0625,3.5,3.875,2.5,99.2119140625,94.125,638.5,0,0,0,0,0,0,0,0,0,0,0,0,0,0,177.8,177.8,170.0,0.0,0.0,0.42,0.51,0.3,0.5,0.0,2.0,0.5,1.5,61.5,27.5,133.0,70.5,66.0,32.0,185.0,120.5,3.5,1.5,0.5,0.5,48.0,15.5,113.5,52.0,12.5,11.5,15.0,14.5,1.0,0.5,4.5,4.0,40.0,12.5,79.0,31.5,19.0,13.0,35.5,24.5,2.5,2.0,18.5,14.5,233.0,235.5,750.0,5,0,0,2,0,0,2,0,0,0,0,0,0,0,182.88,182.88,170.0,36.0,30.0,0,0,0,0,0,0,0,0,0,1,0,0,0,0,0,1,0,0,0,0,1,0,0,0
Red,False,0.015625,0.0,0.45,0.4275,0.25,0.2,0.148468017578125,0.098388671875,0.0,0.0,66.5,29.6875,64.31230545043945,27.34375,89.75,48.0,85.53125,44.41152191162109,2.0,0.75,2.0546875,0.75,51.1875,18.3359375,49.6123046875,16.280410766601562,7.5,5.07647705078125,7.5,5.0,4.5,3.625,4.984375,3.9375,48.6875,17.0,47.11572265625,16.5,5.75,3.75,5.3125,3.4375,5.0625,3.5,3.875,2.5,99.2119140625,94.125,638.5,0,0,0,0,0,0,0,0,0,0,0,0,0,0,172.72,180.34,145.0,0.0,0.0,0.44,0.52,1.0,0.0,0.0,0.0,0.0,0.0,197.0,88.0,140.0,73.0,211.0,99.0,145.0,78.0,1.0,1.0,6.0,0.0,159.0,61.0,101.0,39.0,21.0,13.0,26.0,24.0,17.0,14.0,13.0,10.0,181.0,79.0,126.0,59.0,16.0,9.0,13.0,13.0,0.0,0.0,1.0,1.0,42.0,24.0,900.0,3,0,1,0,1,1,0,0,0,0,1,0,0,0,162.56,180.34,135.0,28.0,27.0,0,0,1,0,0,0,0,0,0,0,0,0,0,0,0,1,0,0,0,0,0,0,1,0
Blue,False,0.0,1.0,0.71,0.43,0.66,0.0,2.0,1.0,1.0,0.0,38.0,27.0,64.0,28.0,88.0,70.0,87.0,45.0,9.0,6.0,2.0,0.0,28.0,18.0,40.0,13.0,7.0,6.0,20.0,12.0,3.0,3.0,4.0,3.0,17.0,9.0,29.0,11.0,10.0,9.0,21.0,12.0,11.0,9.0,14.0,5.0,556.0,116.0,900.0,3,0,1,0,1,1,0,0,0,0,1,0,0,0,175.26,175.26,155.0,0.53125,0.0,0.3740624999999999,0.45453125,0.25,0.3453125,0.046875,0.203125,0.03125,0.0,30.703125,11.984375,50.390625,23.625,34.453125,15.0625,59.96875,31.203125,1.25,0.625,1.09375,0.859375,28.671875,10.546875,40.390625,15.71875,1.625,1.03125,5.59375,3.984375,0.40625,0.40625,4.40625,3.921875,24.53125,8.265625,28.5,10.84375,3.46875,2.09375,5.703125,3.96875,2.703125,1.625,16.1875,8.8125,68.21875,82.734375,265.703125,11,1,0,1,2,4,3,0,0,0,0,2,2,0,185.42,190.5,170.0,28.0,29.0,0,0,0,0,0,0,0,0,0,1,0,0,0,0,0,0,0,1,0,0,1,0,0,0
Red,False,0.31298828125,0.041015625,0.407919921875,0.3976513671875,0.00439453125,0.361015625,0.0,0.001953125,0.625,0.0,55.29296875,20.8701171875,71.8447265625,28.14501953125,59.599609375,24.638671875,107.3173828125,56.455078125,0.02392578125,0.01220703125,5.7998046875,3.033203125,41.71240234375,10.32568359375,66.08349609375,22.83251953125,10.017578125,7.4814453125,0.46728515625,0.39697265625,3.56298828125,3.06298828125,5.2939453125,4.91552734375,47.8701171875,16.259765625,51.49365234375,16.19677734375,4.783203125,2.8837890625,4.61865234375,1.6982421875,2.6396484375,1.7265625,15.732421875,10.25,6.6865234375,262.73046875,622.8115234375,19,0,0,1,3,6,6,0,0,1,1,4,0,0,182.88,182.88,185.0,0.875,0.0,0.37359375,0.5328906250000001,0.0,0.4028125,0.25,0.703125,0.0,0.0,42.921875,20.3125,38.6171875,20.71875,72.9375,46.90625,87.6640625,64.796875,0.0546875,0.0,4.6953125,2.53125,32.0859375,11.265625,26.2265625,11.015625,4.3359375,3.5,10.3203125,8.8125,6.5,5.546875,2.0703125,0.890625,27.5546875,10.5859375,16.3984375,4.2265625,5.1328125,2.9453125,5.921875,4.0234375,10.234375,6.78125,16.296875,12.46875,71.8828125,289.7265625,535.2890625,18,0,0,1,3,5,3,0,0,0,2,2,1,0,185.42,187.96,205.0,30.0,31.0,0,0,0,0,0,0,0,1,0,0,0,0,0,0,0,1,0,0,0,0,1,0,0,0
Red,False,0.0,0.0,0.34,0.31,0.0,1.0,0.0,1.0,0.0,0.0,49.0,17.0,61.0,19.0,50.0,18.0,62.0,20.0,0.0,0.0,1.0,1.0,37.0,8.0,57.0,17.0,3.0,2.0,4.0,2.0,9.0,7.0,0.0,0.0,48.0,16.0,50.0,16.0,1.0,1.0,0.0,0.0,0.0,0.0,11.0,3.0,18.0,8.0,210.0,1,0,0,1,0,0,1,0,0,0,0,0,0,0,167.64,167.64,135.0,0.0,1.0,0.17,0.37,0.0,0.0,0.0,1.0,0.0,0.0,56.0,10.0,98.0,37.0,56.0,10.0,99.0,38.0,0.0,0.0,1.0,0.0,50.0,9.0,82.0,29.0,6.0,1.0,9.0,3.0,0.0,0.0,7.0,5.0,56.0,10.0,84.0,33.0,0.0,0.0,0.0,0.0,0.0,0.0,14.0,4.0,0.0,46.0,249.0,1,0,0,1,0,0,1,0,0,0,0,0,0,0,167.64,172.72,135.0,29.0,33.0,1,0,0,0,0,0,0,0,0,0,0,0,0,0,0,1,0,0,0,0,1,0,0,0
Blue,False,0.015625,0.0,0.45,0.4275,0.25,0.2,0.148468017578125,0.098388671875,0.0,0.0,66.5,29.6875,64.31230545043945,27.34375,89.75,48.0,85.53125,44.41152191162109,2.0,0.75,2.0546875,0.75,51.1875,18.3359375,49.6123046875,16.280410766601562,7.5,5.07647705078125,7.5,5.0,4.5,3.625,4.984375,3.9375,48.6875,17.0,47.11572265625,16.5,5.75,3.75,5.3125,3.4375,5.0625,3.5,3.875,2.5,99.2119140625,94.125,638.5,0,0,0,0,0,0,0,0,0,0,0,0,0,0,180.34,185.42,170.0,0.140625,0.0,0.3603125,0.28109375,0.611875,0.1896875,1.765625,0.421875,0.15625,0.03125,60.265625,21.9375,101.359375,27.796875,74.859375,32.03125,136.65625,61.078125,5.03125,3.4375,2.625,0.78125,51.6875,15.578125,83.640625,18.390625,5.84375,4.125,8.8125,4.46875,2.734375,2.234375,8.90625,4.9375,48.140625,14.421875,79.953125,15.4375,7.53125,5.28125,2.296875,1.109375,4.59375,2.234375,19.109375,11.25,195.640625,233.796875,858.828125,18,0,1,0,2,4,3,0,0,0,2,1,1,0,180.34,187.96,170.0,27.0,31.0,0,0,0,0,0,0,0,0,0,1,0,0,0,0,0,1,0,0,0,0,1,0,0,0
Red,False,0.1328125,0.15625,0.481640625,0.3439062499999999,0.51953125,0.20140625,0.5390625,0.0078125,0.0,0.0,74.71875,35.3203125,44.6484375,14.921875,142.2109375,92.75,52.9609375,21.9765625,1.6875,1.5234375,4.28125,2.1796875,59.5546875,23.2421875,32.1484375,6.6484375,11.1953125,8.90625,6.921875,4.3203125,3.96875,3.171875,5.578125,3.953125,28.578125,9.0625,32.90625,8.7734375,12.78125,6.6796875,9.796875,5.1171875,33.359375,19.578125,1.9453125,1.03125,399.8828125,131.5234375,718.1796875,13,0,4,0,4,5,3,0,0,0,0,5,0,0,187.96,187.96,205.0,0.84375,0.0,0.421875,0.59625,0.10375,0.0375,0.4375,0.03125,0.0,0.0,40.5,16.6875,15.71875,7.8125,48.5,23.3125,21.59375,12.875,0.5,0.25,2.21875,0.15625,35.34375,13.125,12.78125,6.34375,2.28125,1.625,1.21875,1.0625,2.875,1.9375,1.71875,0.40625,27.96875,8.25,13.90625,6.34375,2.5625,1.6875,0.75,0.5,9.96875,6.75,1.0625,0.96875,34.625,29.40625,267.6875,8,0,1,0,4,5,1,0,0,0,0,3,2,0,195.58,200.66,205.0,29.0,25.0,0,0,0,0,0,1,0,0,0,0,0,0,0,0,0,1,0,0,0,0,1,0,0,0
Blue,False,1.0,0.0,0.53,0.59,0.0,1.0,0.0,1.0,0.0,0.0,56.0,30.0,98.0,58.0,69.0,43.0,195.0,135.0,0.0,0.0,5.0,5.0,47.0,21.0,66.0,31.0,8.0,8.0,12.0,10.0,1.0,1.0,20.0,17.0,45.0,21.0,64.0,30.0,10.0,8.0,6.0,5.0,1.0,1.0,28.0,23.0,23.0,539.0,813.0,3,0,0,1,0,0,1,0,0,0,0,0,0,0,185.42,185.42,170.0,0.0,1.0,0.36,0.55,0.0,0.0,0.0,1.0,0.0,0.0,38.0,14.0,45.0,25.0,39.0,15.0,51.0,30.0,0.0,0.0,0.0,0.0,32.0,9.0,35.0,17.0,5.0,4.0,3.0,3.0,1.0,1.0,7.0,5.0,32.0,9.0,30.0,12.0,6.0,5.0,1.0,1.0,0.0,0.0,14.0,12.0,40.0,31.0,212.0,1,0,0,1,0,0,1,0,0,0,0,0,0,0,180.34,180.34,185.0,28.0,33.0,0,0,0,0,0,0,0,0,0,1,0,0,0,0,0,1,0,0,0,0,0,0,1,0
Red,False,0.25,0.0,0.4475,0.4024999999999999,0.25,0.2274999999999999,0.0,0.25,0.0,0.0,99.25,45.0,85.0,37.0,103.0,48.25,118.75,65.75,0.75,0.5,14.75,3.0,56.5,14.75,62.25,19.5,22.5,15.25,9.75,6.0,20.25,15.0,13.0,11.5,79.75,32.0,51.25,11.75,16.5,11.75,20.75,14.0,3.0,1.25,13.0,11.25,94.5,252.25,900.0,9,0,1,0,1,2,1,0,0,1,1,0,0,0,167.64,170.18,145.0,0.330322265625,1.00244140625,0.4348535156249999,0.3437109375,0.25673828125,0.10107421875,0.0703125,1.002197265625,0.01611328125,0.0166015625,84.240478515625,28.32763671875,65.895263671875,19.26318359375,112.2177734375,54.808837890625,69.417724609375,21.509033203125,1.409912109375,0.281982421875,5.6728515625,1.2802734375,64.27197265625,14.144287109375,52.142822265625,11.97314453125,7.68408203125,5.083740234375,5.426025390625,2.78662109375,12.284423828125,9.099609375,8.326416015625,4.50341796875,75.87744140625,25.224609375,54.606201171875,14.83642578125,7.200927734375,2.4345703125,4.1787109375,0.8720703125,1.162109375,0.66845703125,7.1103515625,3.5546875,47.313232421875,121.556640625,470.947509765625,27,0,0,1,4,8,5,0,0,0,3,3,2,0,167.64,177.8,145.0,29.0,33.0,0,0,1,0,0,0,0,0,0,0,0,0,0,0,0,1,0,0,0,0,1,0,0,0
Red,False,0.015625,0.0,0.45,0.4275,0.25,0.2,0.148468017578125,0.098388671875,0.0,0.0,66.5,29.6875,64.31230545043945,27.34375,89.75,48.0,85.53125,44.41152191162109,2.0,0.75,2.0546875,0.75,51.1875,18.3359375,49.6123046875,16.280410766601562,7.5,5.07647705078125,7.5,5.0,4.5,3.625,4.984375,3.9375,48.6875,17.0,47.11572265625,16.5,5.75,3.75,5.3125,3.4375,5.0625,3.5,3.875,2.5,99.2119140625,94.125,638.5,0,0,0,0,0,0,0,0,0,0,0,0,0,0,182.88,182.88,185.0,0.375,0.25,0.57,0.37875,0.25,0.2825,0.0,1.875,0.125,0.0,73.375,48.5,54.25,19.5,86.625,60.0,63.5,26.5,0.375,0.25,5.375,1.5,51.375,29.375,44.625,13.25,13.625,12.125,6.25,3.5,8.375,7.0,3.375,2.75,63.375,40.75,36.625,8.5,4.25,3.25,2.0,1.5,5.75,4.5,15.625,9.5,34.25,190.0,543.75,8,0,1,0,1,2,2,0,0,0,1,1,0,0,198.12,205.74,205.0,29.0,38.0,0,0,0,0,0,1,0,0,0,0,0,0,0,0,0,1,0,0,0,0,0,0,1,0
Red,False,0.015625,0.0,0.45,0.4275,0.25,0.2,0.148468017578125,0.098388671875,0.0,0.0,66.5,29.6875,64.31230545043945,27.34375,89.75,48.0,85.53125,44.41152191162109,2.0,0.75,2.0546875,0.75,51.1875,18.3359375,49.6123046875,16.280410766601562,7.5,5.07647705078125,7.5,5.0,4.5,3.625,4.984375,3.9375,48.6875,17.0,47.11572265625,16.5,5.75,3.75,5.3125,3.4375,5.0625,3.5,3.875,2.5,99.2119140625,94.125,638.5,0,0,0,0,0,0,0,0,0,0,0,0,0,0,180.34,180.34,155.0,0.0471682548522949,0.0,0.45,0.4217682266235352,0.25,0.19173828125,0.1875,0.125,0.0,0.0,69.5,30.5,66.984375,27.8466796875,94.0,48.544921875,88.50390625,44.75,2.0,0.8125,2.015625,0.6640625,54.0,19.01513671875,51.483436584472656,16.9437255859375,7.91796875,5.430633544921875,7.75,5.0625,4.780975341796875,3.9373779296875,4.8994140625,3.84375,51.025390625,18.400863647460938,50.515625,17.5,5.75,3.75,5.5,3.5,5.375,3.6875,4.0,2.65625,104.865234375,89.5,655.8441009521484,0,0,0,0,0,0,0,0,0,0,0,0,0,0,180.34,185.42,155.0,28.0,33.0,0,0,0,0,0,0,1,0,0,0,0,0,0,0,0,0,0,1,0,0,1,0,0,0
Red,False,0.015625,0.0,0.45,0.4275,0.25,0.2,0.148468017578125,0.098388671875,0.0,0.0,66.5,29.6875,64.31230545043945,27.34375,89.75,48.0,85.53125,44.41152191162109,2.0,0.75,2.0546875,0.75,51.1875,18.3359375,49.6123046875,16.280410766601562,7.5,5.07647705078125,7.5,5.0,4.5,3.625,4.984375,3.9375,48.6875,17.0,47.11572265625,16.5,5.75,3.75,5.3125,3.4375,5.0625,3.5,3.875,2.5,99.2119140625,94.125,638.5,0,0,0,0,0,0,0,0,0,0,0,0,0,0,195.58,200.66,185.0,1.0,0.0,0.68,0.46,0.5,0.0,0.0,1.0,0.0,0.0,74.0,51.0,47.0,22.0,107.0,82.0,85.0,56.0,6.0,3.0,5.0,0.0,41.0,23.0,27.0,9.0,25.0,20.0,5.0,4.0,8.0,8.0,15.0,9.0,33.0,16.0,35.0,13.0,25.0,23.0,12.0,9.0,16.0,12.0,0.0,0.0,284.0,360.0,900.0,3,0,1,0,1,1,0,0,0,0,1,0,0,0,190.5,198.12,205.0,30.0,30.0,0,0,0,0,0,0,0,1,0,0,0,0,0,0,0,1,0,0,0,0,1,0,0,0
Red,False,0.0,0.0,0.5,0.5,0.0,1.0,0.0,2.0,0.0,0.0,4.0,2.0,12.0,6.0,5.0,3.0,13.0,7.0,0.0,0.0,1.0,1.0,1.0,0.0,6.0,2.0,2.0,1.0,2.0,1.0,1.0,1.0,4.0,3.0,4.0,2.0,5.0,3.0,0.0,0.0,0.0,0.0,0.0,0.0,7.0,3.0,6.0,35.0,103.0,1,0,0,1,0,0,1,0,0,0,0,0,0,0,172.72,172.72,145.0,0.0,0.0,0.31,0.47,0.33,0.475,0.0,1.5,0.0,0.5,138.0,44.5,102.5,51.0,165.5,71.0,124.0,70.0,1.5,1.0,9.5,4.5,111.0,23.5,88.0,38.0,12.5,9.5,4.5,4.0,14.5,11.5,10.0,9.0,121.5,34.0,84.5,39.0,12.5,7.5,9.0,6.0,4.0,3.0,9.0,6.0,50.5,384.0,900.0,6,0,0,2,0,0,2,0,0,0,0,0,0,0,175.26,185.42,145.0,27.0,25.0,0,0,1,0,0,0,0,0,0,0,0,0,0,0,0,0,0,1,0,0,1,0,0,0
Red,False,0.015625,0.0,0.45,0.4275,0.25,0.2,0.148468017578125,0.098388671875,0.0,0.0,66.5,29.6875,64.31230545043945,27.34375,89.75,48.0,85.53125,44.41152191162109,2.0,0.75,2.0546875,0.75,51.1875,18.3359375,49.6123046875,16.280410766601562,7.5,5.07647705078125,7.5,5.0,4.5,3.625,4.984375,3.9375,48.6875,17.0,47.11572265625,16.5,5.75,3.75,5.3125,3.4375,5.0625,3.5,3.875,2.5,99.2119140625,94.125,638.5,0,0,0,0,0,0,0,0,0,0,0,0,0,0,180.34,180.34,170.0,0.0471682548522949,0.0,0.45,0.4217682266235352,0.25,0.19173828125,0.1875,0.125,0.0,0.0,69.5,30.5,66.984375,27.8466796875,94.0,48.544921875,88.50390625,44.75,2.0,0.8125,2.015625,0.6640625,54.0,19.01513671875,51.483436584472656,16.9437255859375,7.91796875,5.430633544921875,7.75,5.0625,4.780975341796875,3.9373779296875,4.8994140625,3.84375,51.025390625,18.400863647460938,50.515625,17.5,5.75,3.75,5.5,3.5,5.375,3.6875,4.0,2.65625,104.865234375,89.5,655.8441009521484,0,0,0,0,0,0,0,0,0,0,0,0,0,0,185.42,200.66,170.0,27.0,28.0,0,0,0,0,0,0,0,0,0,1,0,0,0,0,0,1,0,0,0,0,1,0,0,0
Red,False,0.015625,0.0,0.45,0.4275,0.25,0.2,0.148468017578125,0.098388671875,0.0,0.0,66.5,29.6875,64.31230545043945,27.34375,89.75,48.0,85.53125,44.41152191162109,2.0,0.75,2.0546875,0.75,51.1875,18.3359375,49.6123046875,16.280410766601562,7.5,5.07647705078125,7.5,5.0,4.5,3.625,4.984375,3.9375,48.6875,17.0,47.11572265625,16.5,5.75,3.75,5.3125,3.4375,5.0625,3.5,3.875,2.5,99.2119140625,94.125,638.5,0,0,0,0,0,0,0,0,0,0,0,0,0,0,165.1,165.1,125.0,0.0,0.0,0.425,0.415,0.145,0.0,0.0,0.0,0.0,0.0,131.0,57.0,80.5,34.5,147.0,69.5,85.0,37.5,11.5,2.5,1.0,0.0,74.0,23.0,66.0,22.0,32.5,20.5,11.5,10.0,24.5,13.5,3.0,2.5,121.0,48.0,73.0,30.0,7.5,7.5,6.0,3.5,2.5,1.5,1.5,1.0,118.0,17.5,900.0,6,0,2,0,2,2,0,0,0,0,2,0,0,0,162.56,165.1,125.0,35.0,27.0,0,0,0,1,0,0,0,0,0,0,0,0,0,0,0,0,0,1,0,0,0,0,1,0
Blue,False,0.0,0.0,0.54,0.69,0.0,0.66,2.0,0.0,0.0,0.0,133.0,72.0,62.0,43.0,196.0,133.0,105.0,84.0,1.0,0.0,6.0,4.0,92.0,36.0,36.0,18.0,33.0,30.0,13.0,13.0,8.0,6.0,13.0,12.0,72.0,22.0,33.0,17.0,61.0,50.0,22.0,20.0,0.0,0.0,7.0,6.0,23.0,465.0,900.0,3,0,1,0,1,1,0,0,0,0,1,0,0,0,180.34,177.8,145.0,0.626953125,0.09765625,0.3882421874999999,0.432578125,0.0361328125,0.35546875,1.25,0.25,0.0234375,0.013671875,66.40234375,26.076171875,84.458984375,37.78125,81.6328125,38.044921875,96.3984375,46.427734375,0.7734375,0.134765625,0.390625,0.37109375,52.921875,14.373046875,67.974609375,23.38671875,5.21875,4.19140625,3.50390625,2.666015625,8.26171875,7.51171875,12.98046875,11.728515625,54.693359375,16.857421875,58.091796875,23.47265625,6.1328125,4.205078125,4.416015625,2.232421875,5.576171875,5.013671875,21.951171875,12.076171875,33.517578125,178.240234375,536.39453125,19,0,2,0,2,7,3,0,0,0,1,1,5,0,185.42,185.42,145.0,25.0,27.0,0,0,1,0,0,0,0,0,0,0,0,0,0,0,0,1,0,0,0,0,1,0,0,0
Red,False,0.015625,0.0,0.45,0.4275,0.25,0.2,0.148468017578125,0.098388671875,0.0,0.0,66.5,29.6875,64.31230545043945,27.34375,89.75,48.0,85.53125,44.41152191162109,2.0,0.75,2.0546875,0.75,51.1875,18.3359375,49.6123046875,16.280410766601562,7.5,5.07647705078125,7.5,5.0,4.5,3.625,4.984375,3.9375,48.6875,17.0,47.11572265625,16.5,5.75,3.75,5.3125,3.4375,5.0625,3.5,3.875,2.5,99.2119140625,94.125,638.5,0,0,0,0,0,0,0,0,0,0,0,0,0,0,193.04,193.04,205.0,0.0625,0.125,0.454375,0.4962499999999999,0.244375,0.0625,1.75,0.125,0.0,0.125,33.125,14.875,44.125,19.0625,39.0,19.375,58.125,31.3125,6.0625,1.4375,0.1875,0.0625,31.375,13.1875,37.25,13.25,0.25,0.1875,5.625,5.0625,1.5,1.5,1.25,0.75,16.1875,4.5625,33.0625,12.0,2.125,1.375,2.9375,1.9375,14.8125,8.9375,8.125,5.125,160.9375,51.3125,427.125,9,0,0,3,2,2,3,0,0,0,0,0,2,0,190.5,190.5,205.0,31.0,39.0,0,0,0,0,0,1,0,0,0,0,0,0,0,0,0,0,0,1,0,0,1,0,0,0
Blue,False,0.285400390625,0.002685546875,0.35009521484375,0.3493383789062499,0.195146484375,0.22720703125,1.151123046875,0.0869140625,0.015625,0.0625,136.31982421875,45.12451171875,146.74560546875,48.384521484375,150.844970703125,58.924072265625,158.293701171875,58.5107421875,4.763427734375,1.603271484375,7.7294921875,1.340087890625,126.781494140625,39.304443359375,122.995849609375,32.354736328125,8.34375,5.43798828125,21.766357421875,14.425537109375,1.194580078125,0.382080078125,1.9833984375,1.604248046875,112.4345703125,31.572265625,120.46533203125,35.280029296875,19.7646484375,9.962158203125,25.81494140625,12.656494140625,4.12060546875,3.590087890625,0.46533203125,0.447998046875,211.76806640625,106.953369140625,863.348388671875,26,0,4,0,4,9,4,0,0,2,2,1,4,0,182.88,182.88,170.0,0.67095947265625,0.0313720703125,0.4511996459960937,0.35967041015625,0.21549560546875,0.1510638427734375,0.5008544921875,0.031646728515625,0.125,3.0517578125e-05,86.97344970703125,35.734771728515625,87.47802734375,31.608123779296875,101.73788452148438,48.113128662109375,100.96502685546876,44.1531982421875,1.039306640625,0.508056640625,4.9757080078125,1.891510009765625,71.38714599609375,23.60604858398437,67.50503540039062,16.40069580078125,3.735137939453125,3.198455810546875,10.19073486328125,6.961517333984375,11.851165771484377,8.930267333984375,9.782257080078123,8.24591064453125,71.2283935546875,25.9456787109375,70.42129516601562,19.56576538085937,6.472137451171875,2.965087890625,15.013702392578123,10.57977294921875,9.272918701171877,6.824005126953125,2.04302978515625,1.46258544921875,63.84292602539063,201.50064086914065,566.988037109375,37,1,0,1,7,11,5,0,0,0,3,6,1,1,175.26,177.8,170.0,29.0,28.0,0,0,0,0,0,0,0,0,0,1,0,0,0,0,0,1,0,0,0,0,1,0,0,0
Blue,False,1.75,0.0,0.5375000000000001,0.3974999999999999,0.665,0.2175,0.75,0.0,0.25,0.25,50.5,25.0,44.75,18.5,72.25,42.25,74.25,41.5,1.25,1.0,3.0,1.0,44.75,20.5,32.25,9.25,4.75,3.75,4.25,3.5,1.0,0.75,8.25,5.75,33.75,13.75,32.75,9.5,7.25,5.25,5.75,4.5,9.5,6.0,6.25,4.5,106.75,208.5,545.5,7,0,0,1,2,2,1,0,0,1,0,1,0,0,180.34,185.42,185.0,0.0,0.75,0.3325,0.34,0.4425,0.3325,1.0,0.0,0.0,0.0,156.5,51.5,109.25,38.75,167.0,62.0,119.25,48.75,6.25,2.75,1.75,0.75,123.0,30.5,94.5,27.0,16.5,6.75,7.75,6.25,17.0,14.25,7.0,5.5,138.0,41.0,103.0,35.0,9.5,4.0,5.25,3.25,9.0,6.5,1.0,0.5,123.75,19.5,750.5,8,1,3,0,3,3,0,0,0,0,1,0,2,0,180.34,190.5,170.0,32.0,27.0,0,0,0,0,0,0,0,1,0,0,0,0,0,0,0,1,0,0,0,0,1,0,0,0
Red,False,0.0,0.0,0.495,0.47,0.0,0.175,0.0,0.0,0.0,0.0,139.0,66.0,113.5,53.5,284.5,195.5,189.5,116.5,0.5,0.0,7.0,1.0,110.5,40.5,92.5,36.0,23.5,21.0,9.5,8.0,5.0,4.5,11.5,9.5,107.5,40.0,94.0,36.5,31.5,26.0,15.5,13.0,0.0,0.0,4.0,4.0,30.0,366.0,793.0,6,0,0,1,1,1,1,0,1,0,0,0,0,0,193.04,195.58,205.0,0.5,0.5,0.71,0.225,0.1875,0.25,0.25,0.5,0.0,0.0,18.0,9.5,17.25,7.25,48.5,35.5,27.25,16.75,3.5,1.5,3.0,0.75,15.75,7.75,17.0,7.0,1.5,1.0,0.25,0.25,0.75,0.75,0.0,0.0,4.5,2.25,8.75,2.5,4.25,1.5,5.25,2.5,9.25,5.75,3.25,2.25,186.25,44.0,291.75,5,0,1,0,1,2,1,0,0,0,0,2,0,0,187.96,190.5,185.0,28.0,30.0,0,0,0,0,0,1,0,0,0,0,0,0,0,0,0,1,0,0,0,0,1,0,0,0
Blue,False,0.015625,0.0,0.45,0.4275,0.25,0.2,0.148468017578125,0.098388671875,0.0,0.0,66.5,29.6875,64.31230545043945,27.34375,89.75,48.0,85.53125,44.41152191162109,2.0,0.75,2.0546875,0.75,51.1875,18.3359375,49.6123046875,16.280410766601562,7.5,5.07647705078125,7.5,5.0,4.5,3.625,4.984375,3.9375,48.6875,17.0,47.11572265625,16.5,5.75,3.75,5.3125,3.4375,5.0625,3.5,3.875,2.5,99.2119140625,94.125,638.5,0,0,0,0,0,0,0,0,0,0,0,0,0,0,185.42,193.04,170.0,0.125,0.0,0.7112499999999999,0.39875,0.50875,0.5,0.5,1.5,0.0,0.125,24.75,16.375,14.125,5.125,30.625,22.125,17.5,8.5,2.25,1.125,1.125,0.5,16.625,8.75,11.875,3.5,4.125,4.125,1.125,1.0,4.0,3.5,1.125,0.625,13.875,7.875,11.875,3.75,1.375,1.0,1.25,0.5,9.5,7.5,1.0,0.875,133.375,26.25,261.875,6,0,3,0,3,3,1,0,0,0,0,1,2,0,185.42,193.04,170.0,26.0,31.0,0,0,0,0,0,0,0,1,0,0,0,0,0,0,0,1,0,0,0,0,0,0,1,0
Blue,False,0.015625,0.0,0.45,0.4275,0.25,0.2,0.148468017578125,0.098388671875,0.0,0.0,66.5,29.6875,64.31230545043945,27.34375,89.75,48.0,85.53125,44.41152191162109,2.0,0.75,2.0546875,0.75,51.1875,18.3359375,49.6123046875,16.280410766601562,7.5,5.07647705078125,7.5,5.0,4.5,3.625,4.984375,3.9375,48.6875,17.0,47.11572265625,16.5,5.75,3.75,5.3125,3.4375,5.0625,3.5,3.875,2.5,99.2119140625,94.125,638.5,0,0,0,0,0,0,0,0,0,0,0,0,0,0,182.88,190.5,260.0,0.0471682548522949,0.0,0.45,0.4217682266235352,0.25,0.19173828125,0.1875,0.125,0.0,0.0,69.5,30.5,66.984375,27.8466796875,94.0,48.544921875,88.50390625,44.75,2.0,0.8125,2.015625,0.6640625,54.0,19.01513671875,51.483436584472656,16.9437255859375,7.91796875,5.430633544921875,7.75,5.0625,4.780975341796875,3.9373779296875,4.8994140625,3.84375,51.025390625,18.400863647460938,50.515625,17.5,5.75,3.75,5.5,3.5,5.375,3.6875,4.0,2.65625,104.865234375,89.5,655.8441009521484,0,0,0,0,0,0,0,0,0,0,0,0,0,0,185.42,185.42,242.0,27.0,32.0,0,0,0,0,1,0,0,0,0,0,0,0,0,0,0,0,0,1,0,0,1,0,0,0
Red,False,0.0,0.0,0.7,0.62,0.0,0.5,0.0,0.0,0.0,0.0,47.0,33.0,27.0,17.0,59.0,44.0,56.0,42.0,1.0,0.0,2.0,1.0,38.0,27.0,22.0,13.0,5.0,3.0,4.0,3.0,4.0,3.0,1.0,1.0,16.0,6.0,6.0,4.0,2.0,1.0,1.0,0.0,29.0,26.0,20.0,13.0,13.0,244.0,370.0,2,0,1,0,1,1,0,0,0,0,0,1,0,0,182.88,185.42,170.0,0.0,0.25,0.5249999999999999,0.3974999999999999,0.5875,0.165,2.75,2.0,0.75,0.0,20.25,12.0,8.5,5.0,31.75,22.0,22.25,17.75,4.0,3.0,0.75,0.5,16.5,9.0,5.25,3.0,1.5,1.25,2.25,1.5,2.25,1.75,1.0,0.5,4.75,1.75,3.5,1.25,2.0,1.5,2.0,1.5,13.5,8.75,3.0,2.25,268.75,42.25,364.75,5,0,1,0,1,2,1,0,0,0,1,0,1,0,180.34,190.5,170.0,28.0,23.0,0,0,0,0,0,0,0,0,0,1,0,0,0,0,0,1,0,0,0,0,1,0,0,0
Blue,False,0.0,0.0,0.79,0.57,1.0,0.0,1.0,0.0,0.0,0.0,24.0,19.0,7.0,4.0,44.0,38.0,7.0,4.0,1.0,1.0,0.0,0.0,21.0,16.0,6.0,3.0,1.0,1.0,0.0,0.0,2.0,2.0,1.0,1.0,12.0,8.0,7.0,4.0,0.0,0.0,0.0,0.0,12.0,11.0,0.0,0.0,45.0,0.0,97.0,1,0,1,0,1,1,0,0,0,0,0,0,1,0,170.18,175.26,145.0,0.0,1.0,0.72,0.335,0.4,0.0,0.5,0.0,0.0,0.0,51.0,29.5,53.0,20.5,68.0,44.5,69.5,35.0,5.0,2.0,0.0,0.0,28.5,9.5,42.0,12.5,11.0,10.0,7.5,4.5,11.5,10.0,3.5,3.5,37.5,17.5,41.0,11.0,7.0,6.0,4.5,3.0,6.5,6.0,7.5,6.5,221.5,12.0,456.0,4,0,1,0,1,1,1,0,0,0,0,0,1,0,175.26,182.88,145.0,26.0,31.0,0,0,1,0,0,0,0,0,0,0,0,0,0,0,0,1,0,0,0,0,1,0,0,0
Red,False,0.25592041015625,0.5322265625,0.446336669921875,0.3852545166015625,0.57983154296875,0.0949090576171875,0.00048828125,0.06646728515625,0.001708984375,0.001953125,88.1954345703125,36.07745361328125,43.98553466796875,16.1114501953125,115.75054931640624,59.372314453125,51.13226318359375,21.70745849609375,2.39776611328125,1.60699462890625,0.81756591796875,0.36517333984375,59.377197265625,17.18817138671875,35.588623046875,10.50689697265625,9.43743896484375,5.80487060546875,4.70745849609375,2.16632080078125,19.38079833984375,13.08441162109375,3.689453125,3.438232421875,68.211181640625,19.8126220703125,38.7169189453125,13.146728515625,9.845703125,7.7470703125,2.3712158203125,1.472412109375,10.1385498046875,8.51776123046875,2.89739990234375,1.4923095703125,235.9195556640625,25.1978759765625,667.65234375,32,0,2,0,3,10,5,0,1,0,2,6,0,1,193.04,208.28,240.0,0.25,0.0,0.3875,0.25,0.5,0.1325,0.5,0.5,0.0,0.0,60.25,27.5,35.25,11.75,102.75,66.75,41.0,17.0,2.25,1.25,8.5,1.25,58.25,26.0,35.0,11.5,1.0,0.5,0.25,0.25,1.0,1.0,0.0,0.0,45.0,16.5,28.75,6.25,2.0,1.25,0.25,0.25,13.25,9.75,6.25,5.25,198.0,91.75,566.0,6,0,0,1,2,2,1,0,0,0,1,1,0,0,177.8,182.88,265.0,36.0,37.0,0,0,0,0,1,0,0,0,0,0,0,0,0,0,0,1,0,0,0,0,1,0,0,0
Blue,True,0.5,0.0,0.4525,0.2925,0.5775,0.2,0.5,4.0,0.0,0.25,109.0,50.25,39.5,11.75,175.25,109.25,61.75,32.5,6.25,3.5,7.25,2.0,75.0,24.5,29.0,6.0,27.5,21.0,8.0,4.0,6.5,4.75,2.5,1.75,47.25,11.75,26.75,6.5,33.0,19.75,10.75,4.25,28.75,18.75,2.0,1.0,462.0,152.0,900.0,9,0,3,0,3,3,0,0,0,0,3,0,0,0,175.26,177.8,170.0,0.5,1.25,0.36791015625,0.2622265625,0.124931640625,0.14447265625,0.546875,0.26171875,0.1259765625,0.0,194.61328125,72.556640625,177.8662109375,48.59765625,204.2900390625,81.7978515625,192.1328125,62.1474609375,10.5341796875,1.30859375,6.0029296875,1.1474609375,150.50390625,46.7158203125,165.421875,41.564453125,27.4462890625,13.7412109375,10.212890625,5.466796875,16.6630859375,12.099609375,2.2314453125,1.56640625,179.798828125,63.5869140625,160.865234375,38.6845703125,7.978515625,3.7587890625,11.353515625,6.7734375,6.8359375,5.2109375,5.6474609375,3.1396484375,89.4541015625,57.5888671875,1264.5341796875,37,4,3,0,5,9,2,0,0,0,6,2,1,0,167.64,172.72,135.0,28.0,30.0,0,0,0,0,0,0,1,0,0,0,0,0,0,0,0,0,0,1,0,0,1,0,0,0
Blue,False,0.5703125,0.25,0.32953125,0.21265625,0.046953125,0.125,0.015625,0.640625,0.0,0.0,28.390625,9.2734375,28.3046875,7.2109375,32.65625,12.796875,31.2421875,10.015625,1.6484375,0.4921875,0.25,0.25,24.03125,6.953125,23.3359375,4.0078125,0.96875,0.6953125,2.359375,1.8515625,3.390625,1.625,2.609375,1.3515625,24.765625,7.2421875,25.6953125,5.421875,1.5078125,0.8359375,0.46875,0.28125,2.1171875,1.1953125,2.140625,1.5078125,34.21875,35.1171875,238.734375,17,1,5,0,5,6,2,0,0,0,3,3,0,0,187.96,187.96,205.0,0.15625,0.0,0.37576171875,0.48736328125,0.148203125,0.2233203125,0.0,1.16015625,0.0,0.00390625,69.75390625,27.513671875,98.185546875,47.419921875,84.5078125,41.771484375,111.220703125,59.384765625,0.818359375,0.1953125,8.509765625,1.32421875,53.291015625,14.095703125,59.03125,17.599609375,11.935546875,9.015625,11.50390625,8.10546875,4.52734375,4.40234375,27.650390625,21.71484375,51.84375,17.4765625,77.74609375,34.189453125,17.056640625,9.470703125,14.591796875,8.828125,0.853515625,0.56640625,5.84765625,4.40234375,53.970703125,193.693359375,930.84765625,30,4,3,0,3,7,3,0,0,1,3,3,0,0,185.42,185.42,205.0,28.0,33.0,0,0,0,0,0,1,0,0,0,0,0,0,0,0,0,1,0,0,0,0,1,0,0,0
Red,False,0.015625,0.0,0.45,0.4275,0.25,0.2,0.148468017578125,0.098388671875,0.0,0.0,66.5,29.6875,64.31230545043945,27.34375,89.75,48.0,85.53125,44.41152191162109,2.0,0.75,2.0546875,0.75,51.1875,18.3359375,49.6123046875,16.280410766601562,7.5,5.07647705078125,7.5,5.0,4.5,3.625,4.984375,3.9375,48.6875,17.0,47.11572265625,16.5,5.75,3.75,5.3125,3.4375,5.0625,3.5,3.875,2.5,99.2119140625,94.125,638.5,0,0,0,0,0,0,0,0,0,0,0,0,0,0,170.18,170.18,145.0,0.125,0.5,0.19,0.3525,0.0,0.145,0.0,2.125,0.0,0.0,48.125,8.625,76.75,27.75,49.125,9.625,85.75,34.625,0.625,0.0,2.5,0.875,39.5,5.0,72.875,24.75,8.125,3.625,2.875,2.25,0.5,0.0,1.0,0.75,46.5,7.625,73.5,25.375,0.375,0.25,1.625,1.375,1.25,0.75,1.625,1.0,28.0,51.625,379.75,7,0,0,1,1,1,3,0,0,0,0,1,0,0,170.18,177.8,155.0,36.0,33.0,0,0,0,0,0,0,1,0,0,0,0,0,0,0,0,0,0,1,0,0,0,0,1,0
Blue,False,0.0,0.5,0.2175,0.525,0.065,0.165,0.0,0.75,0.0,0.0,118.25,26.25,82.75,34.5,132.25,37.75,90.75,42.25,5.75,1.0,0.75,0.5,91.75,10.75,62.25,21.5,14.25,9.5,17.5,10.0,12.25,6.0,3.0,3.0,116.75,25.25,69.25,23.5,1.0,0.5,7.5,6.25,0.5,0.5,6.0,4.75,120.5,62.5,626.5,9,1,1,0,1,1,2,0,0,1,0,0,0,0,182.88,182.88,170.0,0.0,1.125,0.2175,0.46375,0.21875,0.0,0.125,0.5,0.0,0.0,76.75,23.25,111.875,50.75,84.25,29.5,127.875,65.5,1.375,1.0,1.25,0.0,68.75,18.0,92.25,36.5,3.0,2.125,6.375,4.5,5.0,3.125,13.25,9.75,72.125,21.375,99.625,43.25,1.625,0.5,6.125,3.625,3.0,1.375,6.125,3.875,88.0,13.375,503.5,10,0,1,0,1,1,3,0,0,1,0,0,0,0,177.8,190.5,170.0,33.0,36.0,0,0,0,0,0,0,0,0,0,1,0,0,0,0,0,1,0,0,0,0,1,0,0,0
Red,False,0.2509765625,0.0,0.349287109375,0.3665625,0.073857421875,0.051328125,0.96875,0.25,0.1416015625,0.017578125,26.17578125,8.3935546875,27.521484375,8.64453125,28.173828125,10.0390625,29.328125,10.251953125,0.7548828125,0.302734375,1.40625,0.3984375,25.5498046875,7.771484375,24.0078125,5.9365234375,0.5595703125,0.5595703125,2.810546875,2.2080078125,0.06640625,0.0625,0.703125,0.5,19.0478515625,3.8134765625,24.9296875,7.3876953125,1.3408203125,1.0048828125,1.564453125,0.689453125,5.787109375,3.5751953125,1.02734375,0.5673828125,38.6162109375,34.4072265625,161.3447265625,18,0,3,0,3,8,3,0,0,0,0,2,6,0,177.8,180.34,155.0,0.0,0.0,0.355,0.3249999999999999,0.33,0.495,0.5,0.0,0.0,1.0,49.0,17.5,56.0,18.0,98.5,65.5,104.0,64.0,4.5,3.0,8.0,4.0,40.5,10.5,42.0,6.5,2.0,0.5,4.0,3.5,6.5,6.5,10.0,8.0,43.5,13.5,41.0,11.0,4.0,3.0,4.0,3.5,1.5,1.0,11.0,3.5,226.0,413.0,900.0,6,0,0,1,1,1,1,0,0,1,0,0,0,0,177.8,182.88,155.0,27.0,25.0,0,0,0,0,0,0,1,0,0,0,0,0,0,0,0,1,0,0,0,0,1,0,0,0
Red,False,1.0,0.0,0.25,0.28,0.0,0.0,0.0,0.0,0.0,0.0,66.0,17.0,21.0,6.0,66.0,17.0,21.0,6.0,0.0,0.0,0.0,0.0,63.0,16.0,15.0,1.0,1.0,0.0,2.0,1.0,2.0,1.0,4.0,4.0,66.0,17.0,21.0,6.0,0.0,0.0,0.0,0.0,0.0,0.0,0.0,0.0,0.0,0.0,165.0,1,0,1,0,1,1,0,0,0,0,0,1,0,0,175.26,177.8,145.0,0.0,0.0,0.48,0.33,0.28,1.0,0.0,0.0,0.0,0.0,49.0,24.0,104.0,35.0,84.0,58.0,164.0,90.0,7.0,2.0,2.0,2.0,35.0,13.0,78.0,20.0,9.0,6.0,18.0,11.0,5.0,5.0,8.0,4.0,32.0,11.0,84.0,22.0,8.0,6.0,14.0,9.0,9.0,7.0,6.0,4.0,411.0,213.0,900.0,3,0,1,0,1,1,0,0,0,1,0,0,0,0,180.34,185.42,145.0,28.0,28.0,0,0,1,0,0,0,0,0,0,0,0,0,0,0,0,1,0,0,0,0,1,0,0,0
Blue,False,0.015625,0.0,0.568828125,0.385703125,0.49015625,0.2309375,1.1875,0.28125,0.25,0.0,60.3125,33.421875,70.46875,26.875,104.3984375,72.4140625,95.5078125,49.484375,6.8984375,3.9453125,2.2734375,0.6328125,42.3046875,20.1875,46.1015625,9.3203125,11.859375,8.4765625,16.75,12.109375,6.1484375,4.7578125,7.6171875,5.4453125,37.9296875,15.5859375,50.078125,12.7109375,14.09375,11.8359375,12.2421875,8.53125,8.2890625,6.0,8.1484375,5.6328125,257.578125,181.1015625,825.9609375,18,0,1,0,2,5,3,0,0,0,3,2,0,0,182.88,187.96,185.0,0.203125,1.125,0.35525390625,0.5102099609374999,0.1584960937499999,0.21603515625,0.043212890625,0.500244140625,0.0,0.001220703125,64.153564453125,21.968994140625,64.289306640625,32.551513671875,84.9140625,42.599609375,73.8271484375,41.074951171875,2.896728515625,0.38818359375,3.456787109375,1.009765625,59.645263671875,17.769287109375,48.321533203125,20.621826171875,4.400634765625,4.097900390625,9.488037109375,7.236083984375,0.107666015625,0.101806640625,6.479736328125,4.693603515625,56.8037109375,16.5537109375,45.867919921875,18.899169921875,4.998046875,3.857177734375,8.41650390625,6.5869140625,2.351806640625,1.55810546875,10.0048828125,7.0654296875,177.279052734375,82.361083984375,631.57958984375,36,1,4,0,4,10,3,0,0,1,5,3,0,1,187.96,190.5,170.0,31.0,30.0,0,0,0,0,0,0,0,1,0,0,0,0,0,0,0,1,0,0,0,0,0,0,1,0
Blue,False,0.015625,0.0,0.45,0.4275,0.25,0.2,0.148468017578125,0.098388671875,0.0,0.0,66.5,29.6875,64.31230545043945,27.34375,89.75,48.0,85.53125,44.41152191162109,2.0,0.75,2.0546875,0.75,51.1875,18.3359375,49.6123046875,16.280410766601562,7.5,5.07647705078125,7.5,5.0,4.5,3.625,4.984375,3.9375,48.6875,17.0,47.11572265625,16.5,5.75,3.75,5.3125,3.4375,5.0625,3.5,3.875,2.5,99.2119140625,94.125,638.5,0,0,0,0,0,0,0,0,0,0,0,0,0,0,165.1,160.02,135.0,0.0,0.0,0.235,0.44,0.0,0.08,2.0,1.5,0.0,0.0,14.5,3.0,27.5,14.5,14.5,3.0,112.0,88.5,0.0,0.0,3.0,0.5,14.5,3.0,25.0,12.5,0.0,0.0,2.0,1.5,0.0,0.0,0.5,0.5,13.5,3.0,9.0,2.0,0.5,0.0,0.5,0.0,0.5,0.0,18.0,12.5,22.5,399.0,474.0,4,0,1,0,1,1,1,0,0,0,0,0,1,0,172.72,175.26,155.0,27.0,33.0,0,0,1,0,0,0,0,0,0,0,0,0,0,0,0,1,0,0,0,0,1,0,0,0
Blue,False,0.0,0.0,0.51,0.58,0.44,0.66,2.0,1.0,0.0,0.0,56.0,29.0,89.0,52.0,128.0,101.0,116.0,79.0,9.0,4.0,3.0,2.0,33.0,10.0,68.0,35.0,12.0,9.0,16.0,14.0,11.0,10.0,5.0,3.0,31.0,11.0,43.0,21.0,19.0,15.0,23.0,17.0,6.0,3.0,23.0,14.0,337.0,381.0,900.0,3,0,0,1,0,0,1,0,0,0,0,0,0,0,167.64,167.64,125.0,0.0,0.0,0.385,0.6,0.125,0.66,0.0,0.5,0.5,0.5,46.5,15.5,60.0,26.5,53.0,22.0,117.0,77.0,3.0,0.5,9.0,6.0,39.0,9.5,41.0,12.0,6.0,4.5,11.0,9.0,1.5,1.5,8.0,5.5,40.5,12.0,45.0,14.0,4.0,2.5,10.0,7.5,2.0,1.0,5.0,5.0,138.5,287.0,900.0,6,0,0,2,0,0,2,0,0,0,0,0,0,0,162.56,167.64,135.0,29.0,34.0,1,0,0,0,0,0,0,0,0,0,0,0,0,0,0,1,0,0,0,0,0,0,1,0
Red,False,0.0,0.25,0.316875,0.4862499999999999,0.0975,0.295,0.5625,0.0,0.0,0.0,141.125,44.625,171.1875,87.25,153.25,56.25,180.3125,95.125,1.9375,0.3125,6.5,0.75,99.5625,16.875,143.0,63.4375,33.3125,22.75,17.125,13.6875,8.25,5.0,11.0625,10.125,129.5,34.5,157.0625,78.75,6.9375,5.75,11.125,6.25,4.6875,4.375,3.0,2.25,31.25,130.875,859.0,13,0,1,0,1,1,4,0,0,0,0,0,1,0,187.96,190.5,185.0,0.0,0.0,0.34,0.32,0.66,0.0,0.0,0.0,0.0,0.0,82.0,28.0,125.0,41.0,121.0,65.0,130.0,46.0,9.0,6.0,1.0,0.0,68.0,20.0,82.0,13.0,7.0,4.0,7.0,6.0,7.0,4.0,36.0,22.0,68.0,19.0,119.0,36.0,12.0,8.0,6.0,5.0,2.0,1.0,0.0,0.0,292.0,4.0,900.0,3,0,0,1,0,0,1,0,0,0,0,0,0,0,182.88,185.42,185.0,25.0,31.0,0,0,0,0,0,0,0,1,0,0,0,0,0,0,0,1,0,0,0,0,0,0,1,0
Blue,False,0.0,0.0,0.5125,0.47,0.3925,0.345,0.5,1.0,0.0,0.0,109.0,53.75,84.25,38.0,126.25,70.5,124.75,77.5,3.5,1.25,5.25,2.25,84.25,32.5,61.25,19.0,16.0,14.5,14.75,11.25,8.75,6.75,8.25,7.75,84.0,37.0,68.5,26.5,13.25,9.75,11.75,9.0,11.75,7.0,4.0,2.5,223.25,200.75,900.0,9,0,1,0,1,2,1,0,0,1,1,0,0,0,160.02,162.56,125.0,1.0,0.0,0.4225,0.4775,0.75,0.25,0.0,0.0,0.0,0.0,109.75,49.25,82.75,38.5,134.0,70.0,101.25,54.25,1.5,1.5,0.75,0.25,86.25,32.5,61.25,19.25,11.5,8.25,17.75,15.5,12.0,8.5,3.75,3.75,82.5,33.75,64.75,24.0,20.5,12.0,17.75,14.25,6.75,3.5,0.25,0.25,147.0,127.25,735.0,8,0,1,0,1,2,1,0,0,1,0,1,0,0,170.18,175.26,135.0,30.0,28.0,1,0,0,0,0,0,0,0,0,0,0,0,0,0,0,0,0,1,0,0,1,0,0,0
Red,False,0.0,0.0,0.4,0.4649999999999999,0.5700000000000001,0.0,2.0,0.5,0.0,0.0,77.0,32.0,94.0,50.5,96.0,50.0,102.5,59.0,4.5,1.5,0.5,0.0,62.0,22.5,54.0,17.5,7.0,3.0,9.0,6.5,8.0,6.5,31.0,26.5,68.5,26.5,90.0,47.5,0.5,0.5,2.5,2.5,8.0,5.0,1.5,0.5,198.5,36.0,714.5,5,0,0,1,1,1,1,0,0,0,0,0,1,0,177.8,185.42,155.0,0.0,0.5,0.425,0.42,0.14,0.0,0.0,0.0,0.0,0.5,63.0,27.5,86.0,35.0,81.0,43.0,114.0,62.0,16.5,2.0,0.5,0.0,53.5,21.5,73.0,23.5,7.5,4.5,5.0,4.0,2.0,1.5,8.0,7.5,30.5,5.5,65.0,21.0,16.0,10.5,18.5,13.0,16.5,11.5,2.5,1.0,552.5,54.0,900.0,6,1,1,0,1,1,1,0,0,0,1,0,0,0,182.88,187.96,145.0,29.0,26.0,0,0,1,0,0,0,0,0,0,0,0,0,0,0,0,1,0,0,0,0,0,0,1,0
Red,False,1.0,0.0,0.3,0.18,0.0,0.165,1.0,0.0,0.5,0.0,95.5,28.0,46.5,16.5,103.0,34.5,46.5,16.5,0.5,0.0,3.0,1.0,68.0,13.5,25.0,4.5,11.5,5.5,5.5,2.5,16.0,9.0,16.0,9.5,91.5,24.5,45.5,16.0,1.5,1.5,1.0,0.5,2.5,2.0,0.0,0.0,40.0,50.5,488.5,4,0,1,0,1,1,1,0,0,0,0,1,0,0,180.34,190.5,135.0,0.0,1.0,0.09,0.29,0.0,0.0,0.0,0.0,0.0,0.0,21.0,2.0,24.0,7.0,21.0,2.0,25.0,8.0,0.0,0.0,0.0,0.0,13.0,0.0,21.0,6.0,4.0,1.0,1.0,0.0,4.0,1.0,2.0,1.0,21.0,2.0,22.0,5.0,0.0,0.0,0.0,0.0,0.0,0.0,2.0,2.0,0.0,3.0,114.0,1,1,0,1,0,0,1,0,0,0,0,0,0,0,167.64,170.18,125.0,27.0,26.0,1,0,0,0,0,0,0,0,0,0,0,0,0,0,0,1,0,0,0,0,1,0,0,0
Blue,False,0.015625,0.0,0.45,0.4275,0.25,0.2,0.148468017578125,0.098388671875,0.0,0.0,66.5,29.6875,64.31230545043945,27.34375,89.75,48.0,85.53125,44.41152191162109,2.0,0.75,2.0546875,0.75,51.1875,18.3359375,49.6123046875,16.280410766601562,7.5,5.07647705078125,7.5,5.0,4.5,3.625,4.984375,3.9375,48.6875,17.0,47.11572265625,16.5,5.75,3.75,5.3125,3.4375,5.0625,3.5,3.875,2.5,99.2119140625,94.125,638.5,0,0,0,0,0,0,0,0,0,0,0,0,0,0,172.72,177.8,155.0,0.0471682548522949,0.0,0.45,0.4217682266235352,0.25,0.19173828125,0.1875,0.125,0.0,0.0,69.5,30.5,66.984375,27.8466796875,94.0,48.544921875,88.50390625,44.75,2.0,0.8125,2.015625,0.6640625,54.0,19.01513671875,51.483436584472656,16.9437255859375,7.91796875,5.430633544921875,7.75,5.0625,4.780975341796875,3.9373779296875,4.8994140625,3.84375,51.025390625,18.400863647460938,50.515625,17.5,5.75,3.75,5.5,3.5,5.375,3.6875,4.0,2.65625,104.865234375,89.5,655.8441009521484,0,0,0,0,0,0,0,0,0,0,0,0,0,0,172.72,182.88,155.0,29.0,27.0,0,0,0,0,0,0,1,0,0,0,0,0,0,0,0,0,0,1,0,0,1,0,0,0
Red,False,0.0,0.0,0.6,0.72,0.6,0.0,0.0,2.0,0.0,1.0,23.0,14.0,40.0,29.0,52.0,41.0,120.0,102.0,5.0,3.0,0.0,0.0,22.0,13.0,26.0,15.0,1.0,1.0,11.0,11.0,0.0,0.0,3.0,3.0,10.0,6.0,14.0,4.0,0.0,0.0,4.0,4.0,13.0,8.0,22.0,21.0,659.0,161.0,900.0,3,0,1,0,1,1,0,0,0,0,1,0,0,0,195.58,200.66,250.0,0.0,0.0,0.47,0.34,0.57,0.5,0.0,0.0,0.0,0.0,142.0,68.0,152.0,52.0,180.0,103.0,182.0,80.0,7.0,4.0,2.0,1.0,109.0,38.0,130.0,36.0,11.0,9.0,14.0,11.0,22.0,21.0,8.0,5.0,107.0,44.0,126.0,36.0,16.0,12.0,14.0,9.0,19.0,12.0,12.0,7.0,365.0,56.0,900.0,3,0,1,0,1,1,0,0,0,0,1,0,0,0,193.04,203.2,240.0,25.0,29.0,0,0,0,0,1,0,0,0,0,0,0,0,0,0,0,1,0,0,0,0,1,0,0,0
Blue,False,0.0,0.0,0.76,0.33,1.0,0.0,0.0,1.0,0.0,0.0,52.0,40.0,24.0,8.0,183.0,142.0,67.0,44.0,6.0,6.0,4.0,0.0,22.0,10.0,22.0,6.0,17.0,17.0,2.0,2.0,13.0,13.0,0.0,0.0,19.0,9.0,24.0,8.0,23.0,23.0,0.0,0.0,10.0,8.0,0.0,0.0,778.0,36.0,900.0,3,0,1,0,1,1,0,0,0,0,1,0,0,0,185.42,190.5,185.0,1.015625,0.0,0.518359375,0.33265625,0.13515625,0.080625,0.53125,0.03125,0.0,0.0625,107.9765625,52.0390625,76.03125,18.9375,146.46875,86.296875,93.90625,35.125,8.125,2.1875,1.59375,0.328125,74.8203125,28.03125,67.9140625,12.484375,20.265625,12.3828125,4.6484375,3.546875,12.890625,11.625,3.46875,2.90625,70.3515625,26.4609375,63.6015625,10.96875,30.1796875,20.8359375,11.96875,7.5859375,7.4453125,4.7421875,0.4609375,0.3828125,300.15625,38.015625,878.4765625,20,0,3,0,3,6,2,0,0,1,3,2,0,0,182.88,185.42,170.0,23.0,37.0,0,0,0,0,0,0,0,1,0,0,0,0,0,0,0,1,0,0,0,0,1,0,0,0
Red,False,1.0,0.0,0.61,0.3,0.0,0.0,0.0,0.0,0.0,0.0,34.0,21.0,10.0,3.0,49.0,36.0,10.0,3.0,0.0,0.0,0.0,0.0,29.0,19.0,7.0,1.0,4.0,1.0,2.0,1.0,1.0,1.0,1.0,1.0,17.0,7.0,10.0,3.0,0.0,0.0,0.0,0.0,17.0,14.0,0.0,0.0,47.0,0.0,69.0,1,0,1,0,1,1,0,0,0,0,0,1,0,0,172.72,172.72,135.0,0.25,0.0,0.3725,0.3425,0.0,0.4625,0.5,0.5,0.0,0.0,100.5,34.5,70.5,20.25,128.25,61.25,90.0,35.0,1.0,0.0,3.75,2.5,65.5,14.5,58.25,14.0,17.0,9.25,7.0,3.5,18.0,10.75,5.25,2.75,90.5,28.25,57.25,15.0,7.25,4.75,4.0,2.25,2.75,1.5,9.25,3.0,5.5,291.5,697.5,7,0,0,1,2,2,1,0,0,0,1,1,0,0,167.64,162.56,145.0,25.0,29.0,1,0,0,0,0,0,0,0,0,0,0,0,0,0,0,1,0,0,0,0,1,0,0,0
Red,False,1.0,0.0,0.57,0.48,1.0,0.25,0.0,0.0,0.0,0.0,96.0,55.0,70.0,34.0,101.0,60.0,74.0,36.0,1.0,1.0,4.0,1.0,70.0,33.0,62.0,28.0,12.0,11.0,6.0,4.0,14.0,11.0,2.0,2.0,51.0,27.0,55.0,23.0,22.0,13.0,15.0,11.0,23.0,15.0,0.0,0.0,44.0,114.0,499.0,2,0,1,0,1,1,0,0,0,0,0,1,0,0,193.04,195.58,242.0,0.0625,0.3046875,0.4275,0.56515625,0.0234375,0.4453125,1.20703125,0.3203125,0.38671875,0.015625,52.41796875,21.078125,39.46875,23.03125,54.4765625,22.87890625,42.30859375,25.21875,0.02734375,0.0234375,0.4453125,0.4453125,36.17578125,8.41796875,22.78125,9.65234375,7.46875,6.16796875,3.93359375,3.375,8.7734375,6.4921875,12.75390625,10.00390625,48.5546875,18.17578125,31.62890625,17.75,1.41015625,1.19140625,1.484375,1.203125,2.453125,1.7109375,6.35546875,4.078125,20.2421875,75.171875,382.43359375,14,0,0,1,3,6,3,0,1,0,0,2,3,0,210.82,213.36,265.0,27.0,23.0,0,0,0,0,1,0,0,0,0,0,0,0,0,0,0,1,0,0,0,0,1,0,0,0
Blue,False,0.84375,0.0,0.4990625,0.18375,0.4240625,0.015625,0.09375,0.375,0.09375,0.1875,29.5,13.59375,24.0625,5.9375,38.78125,20.78125,32.75,14.03125,1.5,1.09375,1.28125,0.03125,23.125,9.5,19.71875,3.0625,4.4375,2.65625,1.6875,1.25,1.9375,1.4375,2.65625,1.625,17.46875,5.78125,21.0,4.25,4.8125,3.1875,1.59375,0.875,7.21875,4.625,1.46875,0.8125,72.5,38.3125,264.0,13,0,0,1,5,5,1,0,0,1,0,3,0,1,175.26,180.34,170.0,0.0478515625,0.625,0.2959503173828125,0.442742919921875,0.1316766357421875,0.097001953125,0.127288818359375,1.02362060546875,0.003173828125,0.01568603515625,155.81344604492188,45.09640502929688,152.30816650390625,64.22811889648438,163.37661743164062,52.027099609375,170.25588989257812,78.51220703125,12.40057373046875,1.18096923828125,1.31427001953125,0.3294677734375,140.760986328125,35.50762939453125,142.05380249023438,56.366943359375,13.208709716796877,8.002838134765625,7.70916748046875,5.49566650390625,1.84375,1.5859375,2.545196533203125,2.365509033203125,111.16046142578124,23.85287475585937,118.27670288085938,43.73748779296875,26.37841796875,10.744384765625,26.51156616210937,16.447265625,18.274566650390625,10.4991455078125,7.5198974609375,4.043365478515625,231.78744506835935,85.69833374023438,925.313018798828,43,2,6,0,6,12,4,0,0,1,6,5,0,0,177.8,182.88,170.0,26.0,30.0,0,0,0,0,0,0,0,0,0,1,0,0,0,0,0,1,0,0,0,0,0,0,1,0
Red,False,0.015625,0.0,0.45,0.4275,0.25,0.2,0.148468017578125,0.098388671875,0.0,0.0,66.5,29.6875,64.31230545043945,27.34375,89.75,48.0,85.53125,44.41152191162109,2.0,0.75,2.0546875,0.75,51.1875,18.3359375,49.6123046875,16.280410766601562,7.5,5.07647705078125,7.5,5.0,4.5,3.625,4.984375,3.9375,48.6875,17.0,47.11572265625,16.5,5.75,3.75,5.3125,3.4375,5.0625,3.5,3.875,2.5,99.2119140625,94.125,638.5,0,0,0,0,0,0,0,0,0,0,0,0,0,0,175.26,175.26,155.0,0.0471682548522949,0.0,0.45,0.4217682266235352,0.25,0.19173828125,0.1875,0.125,0.0,0.0,69.5,30.5,66.984375,27.8466796875,94.0,48.544921875,88.50390625,44.75,2.0,0.8125,2.015625,0.6640625,54.0,19.01513671875,51.483436584472656,16.9437255859375,7.91796875,5.430633544921875,7.75,5.0625,4.780975341796875,3.9373779296875,4.8994140625,3.84375,51.025390625,18.400863647460938,50.515625,17.5,5.75,3.75,5.5,3.5,5.375,3.6875,4.0,2.65625,104.865234375,89.5,655.8441009521484,0,0,0,0,0,0,0,0,0,0,0,0,0,0,187.96,190.5,170.0,30.0,27.0,0,0,0,0,0,0,1,0,0,0,0,0,0,0,0,1,0,0,0,0,1,0,0,0
Red,False,0.0,0.0,0.31,0.25,1.0,0.0,0.0,0.0,0.0,0.0,82.0,26.0,72.0,18.0,147.0,81.0,89.0,35.0,3.0,3.0,0.0,0.0,76.0,23.0,67.0,14.0,6.0,3.0,4.0,4.0,0.0,0.0,1.0,0.0,65.0,19.0,71.0,17.0,1.0,0.0,1.0,1.0,16.0,7.0,0.0,0.0,352.0,0.0,900.0,3,0,1,0,1,1,0,0,0,0,1,0,0,0,182.88,198.12,185.0,0.2578125,0.125,0.413037109375,0.696865234375,0.572265625,0.2934375,1.57421875,0.087890625,0.025390625,0.0341796875,22.3837890625,11.1142578125,23.1171875,14.29296875,34.5849609375,22.6865234375,29.6708984375,20.51171875,1.51171875,1.01953125,2.0400390625,0.8984375,17.93359375,7.505859375,17.8125,9.287109375,4.2919921875,3.5595703125,3.462890625,3.197265625,0.158203125,0.048828125,1.841796875,1.80859375,11.7236328125,3.1806640625,13.158203125,6.8916015625,3.6806640625,2.18359375,1.228515625,0.9404296875,6.9794921875,5.75,8.73046875,6.4609375,69.5712890625,136.46484375,278.6005859375,22,1,0,2,3,6,5,0,0,0,1,2,3,0,185.42,195.58,205.0,30.0,31.0,0,0,0,0,0,0,0,1,0,0,0,0,0,0,0,1,0,0,0,0,1,0,0,0
Red,False,0.125,0.0,0.48546875,0.41,0.20125,0.04625,0.25,0.015625,0.0,0.0,110.25,53.546875,112.875,48.3125,162.40625,102.5,131.6875,64.0,2.890625,1.046875,3.65625,0.3125,88.53125,35.765625,92.328125,32.34375,12.34375,10.625,12.265625,10.28125,9.375,7.15625,8.28125,5.6875,84.328125,34.390625,91.671875,32.84375,18.625,13.140625,20.96875,15.25,7.296875,6.015625,0.234375,0.21875,176.0,65.921875,821.8125,20,0,1,0,3,5,2,0,0,1,2,1,1,0,172.72,180.34,170.0,0.04010009765625,0.0234451293945312,0.4070354461669921,0.3111341857910156,0.1787367630004883,0.110518798828125,0.1877326965332031,0.0144767761230468,3.0517578125e-05,0.000274658203125,67.77575302124023,21.27953338623047,100.9967269897461,37.44999313354492,82.26152420043945,35.7598762512207,109.88208389282228,44.51894378662109,2.5323524475097656,0.8816184997558594,2.321380615234375,1.001007080078125,61.97725296020508,17.390308380126953,81.2009162902832,25.37615203857422,5.36224365234375,3.5784912109375,5.109748840332031,1.426483154296875,0.4362564086914062,0.3107337951660156,14.68606185913086,10.647357940673828,53.882450103759766,8.803977966308594,96.5102310180664,34.818050384521484,4.557647705078125,3.787109375,3.9669036865234375,2.1787872314453125,9.335655212402344,8.688446044921875,0.51959228515625,0.453155517578125,134.38750839233398,74.58563232421875,687.1355056762695,41,1,2,0,5,14,5,0,0,0,5,6,3,0,177.8,185.42,170.0,31.0,34.0,0,0,0,0,0,0,0,0,0,1,0,0,0,0,0,1,0,0,0,0,1,0,0,0
Red,False,0.0,0.0,0.465,0.37,1.0,0.0,0.0,0.5,0.0,0.0,65.5,28.5,84.0,29.5,88.5,50.5,102.5,46.0,3.0,3.0,1.5,0.0,55.0,19.5,64.5,16.0,5.0,4.0,13.0,9.0,5.5,5.0,6.5,4.5,46.0,16.0,74.5,23.5,11.0,6.5,6.0,4.0,8.5,6.0,3.5,2.0,268.0,29.5,570.5,4,0,2,0,2,2,0,0,0,0,1,1,0,0,165.1,167.64,135.0,0.5,0.0,0.445,0.305,0.425,0.0,0.5,0.0,0.0,0.0,93.0,41.5,60.5,19.5,119.0,67.0,70.0,29.0,4.0,3.0,0.5,0.0,68.5,24.5,46.0,9.5,14.0,10.0,10.5,7.5,10.5,7.0,4.0,2.5,83.5,37.5,58.0,18.5,0.5,0.5,1.5,0.5,9.0,3.5,1.0,0.5,279.5,6.0,574.5,4,0,2,0,2,2,0,0,0,0,1,0,1,0,167.64,177.8,145.0,29.0,25.0,1,0,0,0,0,0,0,0,0,0,0,0,0,0,0,1,0,0,0,0,1,0,0,0
Blue,False,0.0,0.625,0.7025,0.59875,0.125,0.09375,0.0,0.0,0.0,0.0,32.875,15.375,25.25,13.125,39.5,20.0,27.875,15.5,1.5,0.5,0.5,0.375,26.875,10.25,13.125,5.75,1.375,1.0,3.75,2.25,4.625,4.125,8.375,5.125,18.5,6.75,17.25,6.375,5.375,3.875,4.25,3.375,9.0,4.75,3.75,3.375,60.625,30.5,294.75,7,0,0,1,2,2,2,0,0,0,0,2,0,0,193.04,195.58,231.0,0.125,0.125,0.4125,0.5231250000000001,0.53125,0.25,0.0,0.0,0.0,0.0,66.0,27.3125,84.3125,43.625,93.0625,52.625,98.5625,57.25,2.25,1.0625,2.75,1.625,60.5,23.0625,69.4375,31.25,4.125,2.875,14.0,11.625,1.375,1.375,0.875,0.75,44.3125,12.75,56.1875,24.8125,10.5,5.125,25.375,16.1875,11.1875,9.4375,2.75,2.625,204.375,126.5,699.0,11,1,2,0,2,3,2,0,0,0,0,3,0,0,182.88,185.42,263.0,34.0,35.0,0,0,0,0,1,0,0,0,0,0,0,0,0,0,0,1,0,0,0,0,1,0,0,0
Red,False,0.0,1.0,0.185,0.525,0.0,0.0,0.0,0.0,0.0,0.0,124.0,33.5,70.5,29.0,133.0,42.0,71.0,29.5,0.5,0.0,1.0,0.0,92.0,14.5,52.0,13.5,17.5,9.5,5.5,4.5,14.5,9.5,13.0,11.0,119.0,29.0,63.0,23.5,5.0,4.5,4.0,4.0,0.0,0.0,3.5,1.5,17.5,55.5,470.0,4,0,1,0,1,1,1,0,0,0,1,0,0,0,182.88,182.88,170.0,0.09375,0.0,0.53943359375,0.4331640625,0.8486328125,0.3566015624999999,1.001953125,1.080078125,0.625,0.40625,45.09765625,23.48046875,43.7578125,18.7109375,67.962890625,45.15625,54.57421875,27.3046875,1.7734375,1.443359375,6.265625,2.326171875,29.41796875,10.685546875,31.828125,11.072265625,10.82421875,9.47265625,4.66015625,3.54296875,4.85546875,3.322265625,7.26953125,4.095703125,33.888671875,14.17578125,30.19140625,10.765625,8.83203125,7.63671875,8.755859375,4.767578125,2.376953125,1.66796875,4.810546875,3.177734375,105.97265625,236.7265625,508.74609375,22,0,1,0,3,5,5,0,0,0,1,3,1,0,182.88,190.5,170.0,28.0,31.0,0,0,0,0,0,0,0,0,0,1,0,0,0,0,0,1,0,0,0,0,1,0,0,0
Blue,False,0.0,0.0,0.515,0.735,0.0,0.56,0.5,1.5,1.5,0.0,68.5,34.0,54.0,26.0,95.0,56.0,60.5,30.0,0.0,0.0,6.5,3.0,51.5,19.5,44.5,18.0,12.5,10.5,5.5,4.5,4.5,4.0,4.0,3.5,50.5,21.5,47.0,22.0,3.0,1.0,4.0,2.5,15.0,11.5,3.0,1.5,175.5,155.0,625.0,5,0,0,1,1,1,1,0,0,0,0,1,0,0,170.18,175.26,135.0,0.0,0.0,0.49,0.5,0.0,0.5375,0.5,0.75,0.5,0.25,95.0,54.75,33.25,14.75,103.0,62.5,49.5,27.75,0.0,0.0,5.5,3.0,69.5,32.0,20.0,6.25,18.25,16.5,8.0,5.75,7.25,6.25,5.25,2.75,85.25,47.75,29.75,12.5,4.5,3.75,1.25,0.25,5.25,3.25,2.25,2.0,58.25,168.75,622.5,6,0,0,2,1,1,2,0,0,0,1,0,0,0,177.8,185.42,145.0,27.0,23.0,1,0,0,0,0,0,0,0,0,0,0,0,0,0,0,1,0,0,0,0,0,0,1,0
Red,False,0.015625,0.0,0.45,0.4275,0.25,0.2,0.148468017578125,0.098388671875,0.0,0.0,66.5,29.6875,64.31230545043945,27.34375,89.75,48.0,85.53125,44.41152191162109,2.0,0.75,2.0546875,0.75,51.1875,18.3359375,49.6123046875,16.280410766601562,7.5,5.07647705078125,7.5,5.0,4.5,3.625,4.984375,3.9375,48.6875,17.0,47.11572265625,16.5,5.75,3.75,5.3125,3.4375,5.0625,3.5,3.875,2.5,99.2119140625,94.125,638.5,0,0,0,0,0,0,0,0,0,0,0,0,0,0,180.34,175.26,145.0,0.0,0.0,0.44,0.385,0.6375,0.055,0.5,1.0,0.25,0.0,97.0,47.0,68.0,25.25,115.25,63.0,89.75,46.25,2.75,1.75,3.25,0.5,81.25,34.75,43.0,8.25,7.0,4.75,12.5,7.75,8.75,7.5,12.5,9.25,60.75,29.25,58.0,20.25,24.75,13.5,8.25,3.5,11.5,4.25,1.75,1.5,274.75,53.25,646.0,8,0,3,0,3,3,0,0,0,0,2,0,1,0,175.26,182.88,155.0,20.0,23.0,0,0,1,0,0,0,0,0,0,0,0,0,0,0,0,1,0,0,0,0,0,0,1,0
Blue,True,0.75,0.125,0.40125,0.239375,0.078125,0.655625,0.875,0.5625,0.75,0.4375,56.25,23.375,29.5,9.75,80.0,44.5625,35.0,14.4375,0.625,0.25,2.0625,1.375,41.1875,13.9375,24.0,7.1875,5.8125,3.125,2.75,1.0625,9.25,6.3125,2.75,1.5,39.625,13.0625,23.5,6.4375,4.9375,2.0,2.625,1.625,11.6875,8.3125,3.375,1.6875,62.875,90.125,379.875,11,0,0,1,4,4,1,0,0,1,0,3,0,0,187.96,190.5,170.0,0.0400390625,0.0,0.464091796875,0.354072265625,0.14517578125,0.151015625,0.619140625,0.2734375,0.330078125,0.0634765625,225.7177734375,109.6845703125,107.2529296875,51.9013671875,321.62890625,196.0576171875,123.9814453125,67.7587890625,1.255859375,0.4765625,4.638671875,0.814453125,192.7978515625,84.2578125,97.3740234375,43.60546875,30.625,23.322265625,9.12109375,7.5380859375,2.294921875,2.1044921875,0.7578125,0.7578125,181.83984375,83.2080078125,83.0283203125,39.041015625,30.53125,20.365234375,18.6904296875,11.2197265625,13.3466796875,6.111328125,5.5341796875,1.640625,180.71875,137.015625,752.5341796875,27,0,2,0,3,7,4,0,0,0,1,4,2,0,185.42,193.04,185.0,27.0,28.0,0,0,0,0,0,0,0,0,0,1,0,0,0,0,0,1,0,0,0,0,0,0,1,0
Blue,False,0.015625,0.0,0.45,0.4275,0.25,0.2,0.148468017578125,0.098388671875,0.0,0.0,66.5,29.6875,64.31230545043945,27.34375,89.75,48.0,85.53125,44.41152191162109,2.0,0.75,2.0546875,0.75,51.1875,18.3359375,49.6123046875,16.280410766601562,7.5,5.07647705078125,7.5,5.0,4.5,3.625,4.984375,3.9375,48.6875,17.0,47.11572265625,16.5,5.75,3.75,5.3125,3.4375,5.0625,3.5,3.875,2.5,99.2119140625,94.125,638.5,0,0,0,0,0,0,0,0,0,0,0,0,0,0,182.88,190.5,170.0,0.0471682548522949,0.0,0.45,0.4217682266235352,0.25,0.19173828125,0.1875,0.125,0.0,0.0,69.5,30.5,66.984375,27.8466796875,94.0,48.544921875,88.50390625,44.75,2.0,0.8125,2.015625,0.6640625,54.0,19.01513671875,51.483436584472656,16.9437255859375,7.91796875,5.430633544921875,7.75,5.0625,4.780975341796875,3.9373779296875,4.8994140625,3.84375,51.025390625,18.400863647460938,50.515625,17.5,5.75,3.75,5.5,3.5,5.375,3.6875,4.0,2.65625,104.865234375,89.5,655.8441009521484,0,0,0,0,0,0,0,0,0,0,0,0,0,0,185.42,185.42,170.0,28.0,31.0,0,0,0,0,0,0,0,0,0,1,0,0,0,0,0,1,0,0,0,0,1,0,0,0
Red,False,0.015625,0.0,0.45,0.4275,0.25,0.2,0.148468017578125,0.098388671875,0.0,0.0,66.5,29.6875,64.31230545043945,27.34375,89.75,48.0,85.53125,44.41152191162109,2.0,0.75,2.0546875,0.75,51.1875,18.3359375,49.6123046875,16.280410766601562,7.5,5.07647705078125,7.5,5.0,4.5,3.625,4.984375,3.9375,48.6875,17.0,47.11572265625,16.5,5.75,3.75,5.3125,3.4375,5.0625,3.5,3.875,2.5,99.2119140625,94.125,638.5,0,0,0,0,0,0,0,0,0,0,0,0,0,0,182.88,185.42,185.0,0.0,0.25,0.3775,0.3349999999999999,0.21,0.2075,0.0,0.0,0.0,0.5,92.75,31.75,73.75,26.0,116.25,51.5,88.25,38.75,4.75,1.75,7.75,2.0,63.0,14.5,64.0,18.75,11.25,4.5,5.0,3.0,18.5,12.75,4.75,4.25,83.5,26.0,51.5,11.75,7.25,4.25,5.25,2.75,2.0,1.5,17.0,11.5,116.5,205.25,900.0,9,0,0,2,1,1,2,0,0,0,1,0,0,0,182.88,195.58,185.0,22.0,29.0,0,0,0,0,0,0,0,1,0,0,0,0,0,0,0,1,0,0,0,0,1,0,0,0
Red,False,0.015625,0.0,0.45,0.4275,0.25,0.2,0.148468017578125,0.098388671875,0.0,0.0,66.5,29.6875,64.31230545043945,27.34375,89.75,48.0,85.53125,44.41152191162109,2.0,0.75,2.0546875,0.75,51.1875,18.3359375,49.6123046875,16.280410766601562,7.5,5.07647705078125,7.5,5.0,4.5,3.625,4.984375,3.9375,48.6875,17.0,47.11572265625,16.5,5.75,3.75,5.3125,3.4375,5.0625,3.5,3.875,2.5,99.2119140625,94.125,638.5,0,0,0,0,0,0,0,0,0,0,0,0,0,0,170.18,175.26,155.0,0.0,0.25,0.41546875,0.505078125,0.660625,0.2553125,0.296875,0.296875,0.015625,0.5625,109.8671875,32.390625,106.4296875,51.890625,167.9375,81.5078125,167.046875,105.65625,3.9609375,2.8515625,2.828125,0.7578125,94.234375,19.2421875,82.703125,33.140625,11.4765625,9.828125,15.1171875,11.609375,4.15625,3.3203125,8.609375,7.140625,75.3359375,9.65625,76.1171875,29.1328125,10.703125,7.8515625,12.8046875,9.640625,23.828125,14.8828125,17.5078125,13.1171875,330.03125,221.484375,843.40625,23,0,3,0,3,5,3,0,0,0,3,1,0,0,185.42,193.04,170.0,28.0,26.0,0,0,0,0,0,0,0,0,0,1,0,0,0,0,0,0,0,1,0,0,0,0,1,0
Blue,False,0.0,0.0,0.4575,0.3375,0.905,0.0,0.75,0.0,0.0,0.25,33.5,14.5,24.25,9.0,56.75,34.0,30.25,13.75,2.75,2.0,0.0,0.0,30.25,12.0,17.75,4.0,1.25,0.75,4.5,3.5,2.0,1.75,2.0,1.5,22.75,8.0,20.75,6.5,2.25,1.0,2.75,2.0,8.5,5.5,0.75,0.5,219.5,0.75,362.0,5,0,3,0,3,3,0,0,0,0,1,0,2,0,187.96,198.12,185.0,0.0,0.0390625,0.3974169921875,0.37900390625,0.28376953125,0.10548828125,0.6982421875,0.25390625,0.001953125,0.12646484375,68.9248046875,27.9716796875,64.39892578125,25.39794921875,128.12646484375,74.4541015625,86.04638671875,43.7939453125,9.8564453125,3.00927734375,2.25244140625,0.75048828125,57.099609375,18.36767578125,49.0498046875,12.72509765625,8.064453125,6.28955078125,6.06787109375,4.52099609375,3.7607421875,3.314453125,9.28125,8.15185546875,47.0419921875,12.4609375,52.45849609375,16.740234375,8.07177734375,6.0029296875,3.95703125,2.34765625,13.81103515625,9.5078125,7.9833984375,6.31005859375,409.583984375,103.576171875,906.76708984375,29,1,5,0,5,9,3,0,0,0,4,0,5,0,185.42,182.88,170.0,27.0,34.0,0,0,0,0,0,0,0,1,0,0,0,0,0,0,0,1,0,0,0,0,0,0,1,0
Red,False,0.0,0.328125,0.406640625,0.553359375,0.12609375,0.606328125,2.3984375,0.9609375,0.0,0.5078125,43.984375,19.515625,72.875,40.09375,111.515625,85.5078125,115.625,80.265625,3.546875,1.09375,5.6796875,3.7890625,34.140625,12.9609375,55.0390625,24.890625,5.7890625,3.859375,12.9296875,10.609375,4.0546875,2.6953125,4.90625,4.59375,36.1484375,13.65625,31.859375,15.890625,4.1171875,3.203125,10.7578125,8.265625,3.71875,2.65625,30.2578125,15.9375,107.8828125,449.5,757.5,23,0,1,0,4,5,3,0,0,1,3,0,1,0,172.72,172.72,145.0,0.03125,0.53125,0.2815625,0.29765625,0.1103125,0.0525,1.484375,0.15625,0.0,0.15625,208.5,59.421875,134.109375,29.5,219.265625,68.9375,146.984375,40.796875,2.015625,0.546875,5.15625,0.6875,197.109375,54.296875,111.90625,18.828125,9.5,3.8125,9.03125,3.53125,1.890625,1.3125,13.171875,7.140625,203.484375,56.84375,127.0625,25.03125,3.96875,2.03125,4.359375,3.015625,1.046875,0.546875,2.6875,1.453125,66.1875,79.453125,701.859375,17,0,4,0,4,5,2,0,0,2,1,1,1,0,177.8,177.8,155.0,27.0,30.0,0,0,0,0,0,0,1,0,0,0,0,0,0,0,0,1,0,0,0,0,0,0,1,0
Red,False,0.25,0.25,0.3946874999999999,0.458125,0.53125,0.3978125,0.0,0.125,0.0625,0.0,103.75,44.65625,39.84375,18.625,157.21875,94.6875,62.96875,40.71875,1.15625,1.03125,5.8125,2.4375,80.03125,28.40625,28.78125,9.75,16.40625,11.71875,5.75,3.78125,7.3125,4.53125,5.3125,5.09375,69.84375,21.59375,28.1875,10.71875,13.09375,9.125,4.5625,3.125,20.8125,13.9375,7.09375,4.78125,206.15625,320.0,741.9375,15,0,0,1,1,2,4,0,0,1,0,1,0,0,185.42,182.88,135.0,0.0,0.0,0.39,0.3,1.0,0.5,1.0,1.0,0.0,0.0,43.0,17.0,30.0,9.0,47.0,20.0,38.0,17.0,1.0,1.0,4.0,2.0,29.0,10.0,20.0,2.0,4.0,2.0,6.0,6.0,10.0,5.0,4.0,1.0,40.0,15.0,20.0,3.0,1.0,0.0,0.0,0.0,2.0,2.0,10.0,6.0,42.0,174.0,436.0,2,0,0,1,0,0,1,0,0,0,0,0,0,0,172.72,177.8,145.0,30.0,28.0,0,0,1,0,0,0,0,0,0,0,0,0,0,0,0,1,0,0,0,0,1,0,0,0
Red,False,0.0,1.0,0.48,0.57,0.25,1.0,0.0,0.0,0.0,0.0,70.0,34.0,96.0,55.0,74.0,36.0,101.0,60.0,4.0,1.0,1.0,1.0,62.0,28.0,70.0,33.0,6.0,4.0,12.0,11.0,2.0,2.0,14.0,11.0,55.0,23.0,51.0,27.0,15.0,11.0,22.0,13.0,0.0,0.0,23.0,15.0,114.0,44.0,499.0,2,0,0,1,0,0,1,0,0,0,0,0,0,0,198.12,198.12,253.0,0.25,0.0,0.4525,0.34,0.43,0.0,0.5,0.0,0.25,0.25,35.0,15.75,90.0,29.0,68.5,44.0,98.75,37.5,8.0,3.5,0.0,0.0,32.5,13.75,82.25,24.0,2.5,2.0,4.75,2.75,0.0,0.0,3.0,2.25,25.0,9.5,81.75,24.25,2.5,1.5,7.75,4.75,7.5,4.75,0.5,0.0,274.75,8.0,713.75,8,0,3,0,3,3,0,0,0,0,1,1,0,1,185.42,185.42,255.0,36.0,35.0,0,0,0,0,1,0,0,0,0,0,0,0,0,0,0,1,0,0,0,0,1,0,0,0
Red,False,0.0,0.0,0.4718749999999999,0.19875,0.583125,0.0,0.625,0.25,0.0,0.0,88.3125,40.5,34.875,6.3125,125.8125,69.125,43.0,11.4375,7.0625,3.125,0.75,0.0,56.9375,18.375,31.3125,4.375,22.5,15.6875,1.5,0.5,8.875,6.4375,2.0625,1.4375,46.0625,13.25,33.9375,6.125,7.0625,5.75,0.9375,0.1875,35.1875,21.5,0.0,0.0,395.625,3.3125,755.9375,12,0,5,0,5,5,0,0,0,0,3,0,2,0,187.96,200.66,205.0,0.01806640625,0.4375,0.44031982421875,0.2820703125,0.66145751953125,0.5103173828125,0.0,0.508544921875,0.0,0.0,76.11572265625,35.063720703125,45.1826171875,14.5458984375,106.89697265625,59.102294921875,54.248291015625,22.8544921875,5.707763671875,2.349365234375,0.9423828125,0.53173828125,69.901611328125,29.547119140625,33.908935546875,7.5498046875,3.323486328125,3.0322265625,7.6552734375,4.768798828125,2.890625,2.484375,3.618408203125,2.227294921875,31.28173828125,7.904296875,29.204345703125,6.776123046875,15.09912109375,9.692626953125,14.400146484375,6.63134765625,29.73486328125,17.466796875,1.578125,1.138427734375,331.358642578125,51.52099609375,707.994140625,34,3,5,0,5,11,2,0,1,3,2,5,0,0,182.88,190.5,205.0,27.0,32.0,0,0,0,0,0,1,0,0,0,0,0,0,0,0,0,1,0,0,0,0,1,0,0,0
Red,False,0.25,0.5,0.1575,0.3625,0.165,0.75,1.0,1.5,1.0,0.5,59.75,11.75,60.0,21.75,60.25,12.25,80.25,42.0,1.75,0.5,1.25,1.25,53.0,8.5,50.5,16.0,4.0,1.0,5.75,2.25,2.75,2.25,3.75,3.5,57.0,10.5,50.0,16.5,2.25,0.75,3.25,1.75,0.5,0.5,6.75,3.5,85.5,157.75,496.0,6,0,1,0,1,1,2,0,0,0,0,1,0,0,177.8,182.88,155.0,0.5,0.0,0.36,0.275,0.25,0.0575,0.0,1.5,0.25,0.0,46.75,18.25,35.5,13.25,49.75,21.25,43.5,20.5,0.5,0.25,4.75,0.75,39.5,13.25,31.25,9.75,4.5,3.0,1.5,1.25,2.75,2.0,2.75,2.25,33.75,10.25,23.25,5.25,7.25,5.25,4.0,2.25,5.75,2.75,8.25,5.75,53.25,151.75,385.5,5,1,0,1,1,1,2,0,0,0,0,1,0,0,177.8,185.42,155.0,32.0,25.0,0,0,0,0,0,0,1,0,0,0,0,0,0,0,0,1,0,0,0,0,0,0,1,0
Red,False,0.015625,0.0,0.45,0.4275,0.25,0.2,0.148468017578125,0.098388671875,0.0,0.0,66.5,29.6875,64.31230545043945,27.34375,89.75,48.0,85.53125,44.41152191162109,2.0,0.75,2.0546875,0.75,51.1875,18.3359375,49.6123046875,16.280410766601562,7.5,5.07647705078125,7.5,5.0,4.5,3.625,4.984375,3.9375,48.6875,17.0,47.11572265625,16.5,5.75,3.75,5.3125,3.4375,5.0625,3.5,3.875,2.5,99.2119140625,94.125,638.5,0,0,0,0,0,0,0,0,0,0,0,0,0,0,172.72,172.72,145.0,0.25,0.0,0.448125,0.385625,0.13875,0.2575,0.9375,0.75,0.5,0.0,36.1875,15.75,44.0,19.4375,46.875,25.1875,48.6875,23.125,1.1875,0.375,2.0,0.6875,25.3125,9.1875,35.75,14.0,6.5625,3.8125,2.875,1.3125,4.3125,2.75,5.375,4.125,26.3125,10.125,28.8125,10.4375,6.1875,3.25,1.6875,0.75,3.6875,2.375,13.5,8.25,38.0,65.0,256.5,8,0,2,0,2,2,3,0,0,0,0,0,2,0,177.8,187.96,155.0,27.0,22.0,0,0,1,0,0,0,0,0,0,0,0,0,0,0,0,0,0,1,0,0,1,0,0,0
Red,False,0.2510986328125,0.0548095703125,0.45832275390625,0.212838134765625,0.1292138671875,0.0951330566406249,0.015869140625,0.0325927734375,0.00018310546875,6.103515625e-05,181.546875,85.0244140625,115.565185546875,26.82635498046875,210.69061279296875,111.56170654296876,122.79412841796876,33.4210205078125,2.97802734375,0.9622802734375,5.94189453125,0.60321044921875,164.78778076171875,70.25146484375,99.9857177734375,16.5618896484375,10.66015625,8.994873046875,10.0504150390625,5.82159423828125,6.09893798828125,5.778076171875,5.529052734375,4.44287109375,143.5208740234375,60.1114501953125,106.34381103515624,22.67352294921875,15.573974609375,9.88848876953125,7.0970458984375,2.34527587890625,22.4520263671875,15.02447509765625,2.12432861328125,1.80755615234375,118.7578125,83.4857177734375,725.0938720703125,34,1,4,0,4,12,3,0,0,1,3,8,0,0,185.42,190.5,185.0,0.0,0.0,0.631015625,0.3432421875,0.6237890625,0.256484375,0.75,1.19140625,0.25,0.125,88.30859375,48.25390625,31.98828125,11.65625,231.38671875,174.09765625,58.390625,35.7421875,6.1953125,3.89453125,0.46875,0.28125,66.92578125,31.28515625,26.9453125,7.89453125,12.01171875,9.73828125,3.91015625,2.91015625,9.37109375,7.23046875,1.1328125,0.8515625,31.03515625,8.63671875,23.71875,6.12109375,7.234375,5.83984375,2.0859375,0.7421875,50.0390625,33.77734375,6.18359375,4.79296875,684.6796875,25.64453125,820.2734375,24,1,0,1,3,5,4,0,0,0,4,0,1,0,185.42,185.42,205.0,32.0,34.0,0,0,0,0,0,0,0,1,0,0,0,0,0,0,0,1,0,0,0,0,0,0,1,0
Blue,False,0.015625,0.0,0.45,0.4275,0.25,0.2,0.148468017578125,0.098388671875,0.0,0.0,66.5,29.6875,64.31230545043945,27.34375,89.75,48.0,85.53125,44.41152191162109,2.0,0.75,2.0546875,0.75,51.1875,18.3359375,49.6123046875,16.280410766601562,7.5,5.07647705078125,7.5,5.0,4.5,3.625,4.984375,3.9375,48.6875,17.0,47.11572265625,16.5,5.75,3.75,5.3125,3.4375,5.0625,3.5,3.875,2.5,99.2119140625,94.125,638.5,0,0,0,0,0,0,0,0,0,0,0,0,0,0,193.04,208.28,240.0,0.0,0.125,0.376875,0.455625,0.333125,0.296875,0.0,0.0,0.03125,0.0,161.5,61.84375,141.6875,65.09375,217.65625,110.4375,183.21875,100.53125,2.9375,0.8125,4.28125,2.09375,135.1875,41.40625,114.25,40.71875,14.0625,11.1875,10.53125,8.5625,12.25,9.25,16.90625,15.8125,131.3125,40.4375,117.3125,48.90625,21.09375,15.09375,14.1875,9.53125,9.09375,6.3125,10.1875,6.65625,162.78125,199.25,830.59375,17,0,2,0,2,3,3,0,0,0,1,2,0,0,185.42,190.5,185.0,34.0,30.0,0,0,0,0,1,0,0,0,0,0,0,0,0,0,0,1,0,0,0,0,1,0,0,0
Red,False,0.0,0.0,0.25,0.31,0.0,1.0,0.0,0.0,0.0,0.0,72.0,18.0,82.0,26.0,89.0,35.0,147.0,81.0,0.0,0.0,3.0,3.0,67.0,14.0,76.0,23.0,4.0,4.0,6.0,3.0,1.0,0.0,0.0,0.0,71.0,17.0,65.0,19.0,1.0,1.0,1.0,0.0,0.0,0.0,16.0,7.0,0.0,352.0,900.0,3,0,0,1,0,0,1,0,0,0,0,0,0,0,190.5,193.04,205.0,0.0,0.5,0.51125,0.5425,0.0,0.6375,0.5,0.375,0.125,0.0,55.375,29.0,63.625,36.5,77.75,48.5,84.0,54.5,3.5,0.0,4.375,2.375,31.25,10.625,43.25,19.125,10.25,8.25,14.125,11.375,13.875,10.125,6.25,6.0,41.875,19.625,37.25,16.125,13.5,9.375,17.25,13.625,0.0,0.0,9.125,6.75,222.875,175.75,698.75,10,0,2,0,2,2,2,0,0,1,1,0,0,0,187.96,190.5,185.0,23.0,25.0,0,0,0,0,0,0,0,1,0,0,0,0,0,0,0,1,0,0,0,0,1,0,0,0
Blue,False,0.2734375,0.0,0.290966796875,0.403359375,0.395400390625,0.650400390625,4.0048828125,1.0361328125,0.0322265625,0.005859375,66.4072265625,21.001953125,108.435546875,41.8486328125,84.9189453125,36.88671875,144.994140625,73.662109375,0.875,0.4384765625,4.943359375,4.1279296875,54.9833984375,14.208984375,87.201171875,25.4609375,7.53125,4.4033203125,15.3857421875,11.6015625,3.892578125,2.3896484375,5.8486328125,4.7861328125,56.6572265625,14.8369140625,68.9521484375,18.2578125,6.138671875,3.240234375,7.1474609375,3.9619140625,3.611328125,2.9248046875,32.3359375,19.62890625,80.4052734375,357.8154296875,745.0107421875,28,0,2,0,7,9,2,0,0,0,4,2,3,0,172.72,180.34,155.0,0.7935791015625,0.0625,0.4725311279296875,0.2437884521484375,0.0101318359375,0.04195556640625,6.103515625e-05,0.5338134765625,0.03125,0.0009765625,30.6392822265625,13.5758056640625,18.92681884765625,5.728271484375,32.3126220703125,15.24908447265625,19.89715576171875,6.60821533203125,0.10357666015625,0.02935791015625,1.3414306640625,0.27642822265625,24.07781982421875,9.03851318359375,13.002197265625,2.63653564453125,4.81439208984375,3.1185302734375,2.9317626953125,1.419677734375,1.7470703125,1.41876220703125,2.99285888671875,1.67205810546875,25.55194091796875,10.36468505859375,18.489013671875,5.59747314453125,2.06146240234375,1.53985595703125,0.267822265625,0.114013671875,3.02587890625,1.6712646484375,0.16998291015625,0.01678466796875,4.1663818359375,27.7591552734375,162.96270751953125,24,0,1,0,5,10,5,0,0,2,1,6,0,1,175.26,180.34,155.0,28.0,28.0,0,0,0,0,0,0,1,0,0,0,0,0,0,0,0,0,0,1,0,0,1,0,0,0
Red,False,0.015625,0.0,0.45,0.4275,0.25,0.2,0.148468017578125,0.098388671875,0.0,0.0,66.5,29.6875,64.31230545043945,27.34375,89.75,48.0,85.53125,44.41152191162109,2.0,0.75,2.0546875,0.75,51.1875,18.3359375,49.6123046875,16.280410766601562,7.5,5.07647705078125,7.5,5.0,4.5,3.625,4.984375,3.9375,48.6875,17.0,47.11572265625,16.5,5.75,3.75,5.3125,3.4375,5.0625,3.5,3.875,2.5,99.2119140625,94.125,638.5,0,0,0,0,0,0,0,0,0,0,0,0,0,0,172.72,170.18,135.0,1.0,0.0,0.36,0.22,0.0,0.0,0.0,0.0,0.0,0.0,84.0,31.0,77.0,17.0,89.0,36.0,81.0,21.0,0.0,0.0,3.0,0.0,54.0,11.0,64.0,9.0,9.0,6.0,5.0,2.0,21.0,14.0,8.0,6.0,68.0,15.0,74.0,16.0,12.0,12.0,3.0,1.0,4.0,4.0,0.0,0.0,58.0,44.0,592.0,2,0,1,0,1,1,0,0,0,0,0,1,0,0,167.64,177.8,135.0,23.0,27.0,1,0,0,0,0,0,0,0,0,0,0,0,0,0,0,0,0,1,0,0,0,0,1,0
Red,False,0.0,0.5,0.245,0.5303125,0.309375,0.5125,1.15625,0.375,0.28125,0.5,56.90625,13.875,70.21875,41.84375,69.5625,23.9375,102.9375,71.71875,5.125,1.15625,2.375,1.5625,42.96875,5.28125,50.8125,24.1875,9.0625,6.28125,11.21875,9.71875,4.875,2.3125,8.1875,7.9375,52.71875,10.84375,36.03125,18.59375,3.53125,2.78125,11.28125,7.09375,0.65625,0.25,22.90625,16.15625,130.375,252.46875,739.59375,12,0,0,1,3,3,3,0,0,1,0,0,2,0,177.8,187.96,170.0,0.0,0.625,0.503125,0.6175,0.265,0.125,0.0,1.1875,0.25,0.125,17.25,9.125,28.5625,16.0,50.125,39.125,55.0625,41.0625,4.5,2.125,1.1875,0.5,11.9375,4.25,20.9375,9.75,3.0625,2.75,5.125,4.5,2.25,2.125,2.5,1.75,6.8125,2.0625,14.25,5.125,3.6875,1.375,4.4375,2.0625,6.75,5.6875,9.875,8.8125,278.5,122.125,499.5,12,0,1,0,2,3,2,0,0,0,3,0,0,0,177.8,177.8,155.0,31.0,30.0,0,0,0,0,0,0,0,0,0,1,0,0,0,0,0,0,0,1,0,0,1,0,0,0
Blue,False,0.001953125,0.06640625,0.4716503906249999,0.401796875,0.029609375,0.30080078125,0.943359375,0.5146484375,0.12890625,0.0625,121.2666015625,60.7998046875,87.498046875,33.044921875,156.267578125,94.625,109.9326171875,52.330078125,0.341796875,0.1767578125,5.6845703125,3.359375,102.97265625,45.650390625,72.9736328125,21.2412109375,11.2109375,9.98828125,13.376953125,11.3515625,7.0830078125,5.1611328125,1.1474609375,0.4521484375,83.1689453125,32.927734375,63.4423828125,16.94921875,33.306640625,24.685546875,18.5546875,13.830078125,4.791015625,3.1865234375,5.5009765625,2.265625,63.6435546875,300.8759765625,723.0419921875,27,0,0,1,2,5,6,0,0,0,2,0,2,1,180.34,182.88,170.0,0.03125,0.5625,0.37125,0.348125,0.25,0.178125,0.0,0.0625,0.0,0.0,225.875,87.71875,159.1875,63.625,230.5625,91.625,167.28125,71.3125,2.0,0.5,5.6875,0.71875,182.9375,60.9375,105.59375,30.59375,35.09375,21.1875,29.125,12.40625,7.84375,5.59375,24.46875,20.625,197.59375,69.15625,145.375,56.15625,26.34375,17.3125,9.0,5.0,1.9375,1.25,4.8125,2.46875,74.6875,103.71875,718.25,12,0,2,0,2,4,2,0,0,1,2,1,0,0,177.8,177.8,170.0,28.0,33.0,0,0,0,0,0,0,0,0,0,1,0,0,0,0,0,1,0,0,0,0,1,0,0,0
Red,False,0.0,1.75,0.3325,0.515,0.7050000000000001,0.125,0.75,0.5,0.75,0.0,74.5,23.0,48.25,23.25,97.25,42.0,53.75,28.5,2.25,1.5,0.5,0.25,67.75,18.25,39.5,16.5,3.5,2.0,1.5,1.0,3.25,2.75,7.25,5.75,52.75,10.0,42.5,19.0,2.0,1.5,1.75,1.0,19.75,11.5,4.0,3.25,217.75,48.0,502.0,6,0,0,1,1,1,2,0,0,0,0,0,1,0,198.12,205.74,260.0,0.78125,0.3125,0.56734375,0.4175,0.0,0.015625,0.0,0.640625,0.0,0.0,44.25,25.359375,75.859375,28.40625,46.75,27.734375,88.03125,39.25,0.25,0.0,1.40625,0.015625,24.796875,8.71875,54.421875,12.4375,2.5,2.359375,8.75,6.5625,16.953125,14.28125,12.6875,9.40625,41.09375,23.328125,68.234375,22.78125,0.3125,0.1875,6.875,4.875,2.84375,1.84375,0.75,0.75,23.890625,52.46875,475.71875,13,0,1,0,1,3,4,0,0,0,1,2,0,0,180.34,187.96,235.0,25.0,32.0,0,0,0,0,1,0,0,0,0,0,0,0,0,0,0,1,0,0,0,0,1,0,0,0
Blue,False,0.015625,0.0,0.45,0.4275,0.25,0.2,0.148468017578125,0.098388671875,0.0,0.0,66.5,29.6875,64.31230545043945,27.34375,89.75,48.0,85.53125,44.41152191162109,2.0,0.75,2.0546875,0.75,51.1875,18.3359375,49.6123046875,16.280410766601562,7.5,5.07647705078125,7.5,5.0,4.5,3.625,4.984375,3.9375,48.6875,17.0,47.11572265625,16.5,5.75,3.75,5.3125,3.4375,5.0625,3.5,3.875,2.5,99.2119140625,94.125,638.5,0,0,0,0,0,0,0,0,0,0,0,0,0,0,177.8,177.8,155.0,0.0,1.0,0.2,0.32,0.33,1.0,0.0,2.0,0.0,0.0,130.0,26.0,131.0,43.0,138.0,34.0,172.0,76.0,3.0,1.0,1.0,1.0,114.0,14.0,111.0,30.0,8.0,6.0,15.0,9.0,8.0,6.0,5.0,4.0,128.0,25.0,114.0,30.0,1.0,0.0,8.0,5.0,1.0,1.0,9.0,8.0,60.0,206.0,735.0,3,0,0,1,0,0,1,0,0,0,0,0,0,0,172.72,172.72,155.0,23.0,39.0,0,0,0,0,0,0,1,0,0,0,0,0,0,0,0,1,0,0,0,0,1,0,0,0
Red,False,0.0,1.25,0.2603125,0.436015625,0.17921875,0.21875,0.484375,0.25,0.34375,0.2578125,89.203125,19.28125,129.1015625,54.1953125,104.5234375,33.2578125,151.6953125,75.8984375,1.0703125,0.5703125,2.015625,1.125,85.5234375,16.9765625,107.6015625,40.625,3.421875,2.0703125,17.859375,10.5546875,0.2578125,0.234375,3.640625,3.015625,78.96875,12.734375,96.6328125,35.4453125,6.8359375,3.9609375,23.1875,13.828125,3.3984375,2.5859375,9.28125,4.921875,48.046875,161.5859375,820.59375,15,0,1,0,2,3,5,0,0,0,0,1,2,0,190.5,193.04,185.0,0.4786376953125,0.755126953125,0.3311547851562499,0.38158203125,0.27349853515625,0.463798828125,0.015625,0.56396484375,0.53173828125,0.53125,66.939208984375,23.502197265625,89.9586181640625,35.0260009765625,109.33740234375,54.783203125,125.46484375,64.2821044921875,1.25830078125,0.6329345703125,4.0831298828125,1.861572265625,57.2537841796875,15.986083984375,78.4989013671875,26.2298583984375,6.52880859375,4.521240234375,6.859375,4.9796142578125,3.1566162109375,2.994873046875,4.600341796875,3.8165283203125,45.12255859375,10.661865234375,55.5013427734375,15.78125,11.9190673828125,6.76220703125,17.937255859375,10.1947021484375,9.8975830078125,6.078125,16.52001953125,9.050048828125,205.7010498046875,209.3328857421875,671.7369384765625,28,0,1,0,3,7,7,0,0,1,2,4,0,0,185.42,185.42,185.0,34.0,39.0,0,0,0,0,0,0,0,1,0,0,0,0,0,0,0,1,0,0,0,0,1,0,0,0
Red,False,0.015625,0.0,0.45,0.4275,0.25,0.2,0.148468017578125,0.098388671875,0.0,0.0,66.5,29.6875,64.31230545043945,27.34375,89.75,48.0,85.53125,44.41152191162109,2.0,0.75,2.0546875,0.75,51.1875,18.3359375,49.6123046875,16.280410766601562,7.5,5.07647705078125,7.5,5.0,4.5,3.625,4.984375,3.9375,48.6875,17.0,47.11572265625,16.5,5.75,3.75,5.3125,3.4375,5.0625,3.5,3.875,2.5,99.2119140625,94.125,638.5,0,0,0,0,0,0,0,0,0,0,0,0,0,0,175.26,175.26,145.0,0.0,0.0,0.51,0.51,0.6,0.8300000000000001,2.0,1.0,0.0,1.0,41.0,15.0,44.0,22.0,49.5,23.5,100.5,71.0,5.0,3.0,2.0,1.5,36.5,11.5,32.5,13.5,4.0,3.0,1.0,1.0,0.5,0.5,10.5,7.5,25.0,7.5,19.0,6.0,13.0,6.5,5.0,3.0,3.0,1.0,20.0,13.0,123.0,450.5,730.0,5,0,0,2,0,0,2,0,0,0,0,0,0,0,177.8,180.34,155.0,25.0,33.0,0,0,0,0,0,0,1,0,0,0,0,0,0,0,0,0,0,1,0,0,1,0,0,0
Red,False,0.015625,0.0,0.45,0.4275,0.25,0.2,0.148468017578125,0.098388671875,0.0,0.0,66.5,29.6875,64.31230545043945,27.34375,89.75,48.0,85.53125,44.41152191162109,2.0,0.75,2.0546875,0.75,51.1875,18.3359375,49.6123046875,16.280410766601562,7.5,5.07647705078125,7.5,5.0,4.5,3.625,4.984375,3.9375,48.6875,17.0,47.11572265625,16.5,5.75,3.75,5.3125,3.4375,5.0625,3.5,3.875,2.5,99.2119140625,94.125,638.5,0,0,0,0,0,0,0,0,0,0,0,0,0,0,172.72,172.72,145.0,0.0471682548522949,0.0,0.45,0.4217682266235352,0.25,0.19173828125,0.1875,0.125,0.0,0.0,69.5,30.5,66.984375,27.8466796875,94.0,48.544921875,88.50390625,44.75,2.0,0.8125,2.015625,0.6640625,54.0,19.01513671875,51.483436584472656,16.9437255859375,7.91796875,5.430633544921875,7.75,5.0625,4.780975341796875,3.9373779296875,4.8994140625,3.84375,51.025390625,18.400863647460938,50.515625,17.5,5.75,3.75,5.5,3.5,5.375,3.6875,4.0,2.65625,104.865234375,89.5,655.8441009521484,0,0,0,0,0,0,0,0,0,0,0,0,0,0,170.18,175.26,145.0,23.0,26.0,0,0,1,0,0,0,0,0,0,0,0,0,0,0,0,1,0,0,0,0,1,0,0,0
Blue,False,0.015625,0.0,0.45,0.4275,0.25,0.2,0.148468017578125,0.098388671875,0.0,0.0,66.5,29.6875,64.31230545043945,27.34375,89.75,48.0,85.53125,44.41152191162109,2.0,0.75,2.0546875,0.75,51.1875,18.3359375,49.6123046875,16.280410766601562,7.5,5.07647705078125,7.5,5.0,4.5,3.625,4.984375,3.9375,48.6875,17.0,47.11572265625,16.5,5.75,3.75,5.3125,3.4375,5.0625,3.5,3.875,2.5,99.2119140625,94.125,638.5,0,0,0,0,0,0,0,0,0,0,0,0,0,0,170.18,170.18,135.0,0.0,2.0,0.0,0.32,0.0,0.0,0.0,0.0,0.0,0.0,3.0,0.0,28.0,9.0,3.0,0.0,28.0,9.0,0.0,0.0,0.0,0.0,3.0,0.0,24.0,6.0,0.0,0.0,1.0,0.0,0.0,0.0,3.0,3.0,3.0,0.0,26.0,8.0,0.0,0.0,0.0,0.0,0.0,0.0,2.0,1.0,0.0,4.0,77.0,1,0,0,1,0,0,1,0,0,0,0,0,0,0,170.18,170.18,135.0,28.0,25.0,1,0,0,0,0,0,0,0,0,0,0,0,0,0,0,1,0,0,0,0,0,0,1,0
Red,False,0.8671875,0.0,0.6265234375000001,0.358125,0.2230859375,0.0634765625,0.505859375,0.91015625,0.001953125,0.001953125,32.693359375,17.333984375,13.099609375,4.33203125,71.443359375,52.14453125,18.609375,9.830078125,1.47265625,1.087890625,1.30078125,0.251953125,25.7265625,11.78515625,9.875,2.53515625,3.04296875,2.392578125,1.916015625,1.1484375,3.923828125,3.15625,1.30859375,0.6484375,16.041015625,5.484375,10.26171875,2.818359375,2.216796875,1.5625,0.943359375,0.369140625,14.435546875,10.287109375,1.89453125,1.14453125,274.38671875,30.90234375,411.5078125,18,0,1,0,3,7,3,0,0,0,1,6,0,0,187.96,198.12,205.0,1.010009765625,0.25390625,0.461680908203125,0.30272705078125,0.004150390625,0.03861328125,0.1279296875,0.00048828125,0.0625,0.0009765625,21.8824462890625,10.09375,14.9344482421875,5.9615478515625,23.8204345703125,11.90283203125,22.8040771484375,13.2012939453125,0.018310546875,0.013916015625,0.938232421875,0.31298828125,19.2100830078125,8.55419921875,11.075927734375,3.54248046875,0.31689453125,0.18798828125,0.8106689453125,0.4903564453125,2.35546875,1.3515625,3.0478515625,1.9287109375,10.7281494140625,3.530517578125,9.4105224609375,1.94921875,4.0982666015625,2.3446044921875,1.74072265625,1.3277587890625,7.0560302734375,4.2186279296875,3.783203125,2.6845703125,18.34375,63.7109375,219.7724609375,20,3,3,0,3,9,5,0,0,0,0,7,1,1,182.88,187.96,185.0,27.0,34.0,0,0,0,0,0,0,0,1,0,0,0,0,0,0,0,1,0,0,0,0,0,0,1,0
Red,False,0.65625,0.125,0.296572265625,0.4357128906249999,0.140625,0.35560546875,0.125,0.21875,0.03125,0.0009765625,152.7998046875,51.384765625,117.771484375,53.634765625,157.1748046875,54.43359375,125.720703125,60.505859375,0.6484375,0.265625,3.9521484375,1.2861328125,122.46484375,27.294921875,92.3671875,34.439453125,13.458984375,10.4521484375,13.89453125,9.5537109375,16.8759765625,13.6376953125,11.509765625,9.6416015625,148.095703125,48.37890625,113.556640625,50.513671875,2.9677734375,1.8115234375,3.255859375,2.306640625,1.736328125,1.1943359375,0.958984375,0.814453125,29.3828125,68.427734375,565.224609375,29,0,1,0,2,6,5,0,0,2,3,1,0,0,175.26,177.8,155.0,0.0,0.2890625,0.392890625,0.31818359375,0.6160546875,0.0417578125,0.22265625,0.1298828125,0.0166015625,0.013671875,44.65234375,16.15625,49.630859375,14.830078125,113.0517578125,75.4326171875,71.130859375,34.845703125,4.87109375,2.220703125,1.298828125,0.3212890625,37.5361328125,11.3681640625,39.0029296875,7.6181640625,5.8359375,3.623046875,5.833984375,3.1474609375,1.2802734375,1.1650390625,4.7939453125,4.064453125,32.982421875,11.0537109375,45.2373046875,11.865234375,1.814453125,0.9140625,2.7412109375,1.6376953125,9.85546875,4.1884765625,1.65234375,1.3271484375,255.1962890625,24.2666015625,469.1806640625,27,0,2,0,2,6,5,0,0,0,3,1,2,0,170.18,177.8,145.0,27.0,27.0,0,0,0,0,0,0,1,0,0,0,0,0,0,0,0,1,0,0,0,0,1,0,0,0
Red,False,0.015625,0.0,0.45,0.4275,0.25,0.2,0.148468017578125,0.098388671875,0.0,0.0,66.5,29.6875,64.31230545043945,27.34375,89.75,48.0,85.53125,44.41152191162109,2.0,0.75,2.0546875,0.75,51.1875,18.3359375,49.6123046875,16.280410766601562,7.5,5.07647705078125,7.5,5.0,4.5,3.625,4.984375,3.9375,48.6875,17.0,47.11572265625,16.5,5.75,3.75,5.3125,3.4375,5.0625,3.5,3.875,2.5,99.2119140625,94.125,638.5,0,0,0,0,0,0,0,0,0,0,0,0,0,0,195.58,195.58,205.0,0.1591796875,0.8125,0.4632910156249999,0.3154345703125,0.3373876953125,0.001171875,0.5234375,0.0,0.0,0.00048828125,64.8291015625,24.53271484375,110.3779296875,32.43359375,67.0107421875,26.44287109375,110.78369140625,32.82373046875,1.37255859375,0.35693359375,0.54833984375,0.01171875,51.39892578125,14.16015625,104.21533203125,29.32373046875,3.40234375,2.611328125,5.77490234375,2.76953125,10.02783203125,7.76123046875,0.3876953125,0.34033203125,57.96240234375,19.46728515625,98.84375,24.7978515625,3.37841796875,2.32666015625,6.92333984375,4.279296875,3.48828125,2.73876953125,4.61083984375,3.3564453125,19.7041015625,9.32958984375,543.23193359375,20,1,4,0,4,7,5,0,0,0,0,5,2,0,187.96,193.04,242.0,27.0,32.0,0,0,0,0,1,0,0,0,0,0,0,0,0,0,0,1,0,0,0,0,1,0,0,0
Red,True,0.0,0.0,0.4649999999999999,0.18,0.7,0.0,0.0,1.0,0.0,0.0,97.5,45.5,89.5,16.5,111.0,56.5,128.0,51.0,7.5,4.5,3.0,0.0,72.0,29.5,79.0,11.5,6.0,3.5,4.5,2.5,19.5,12.5,6.0,2.5,77.5,31.0,86.5,15.0,1.0,1.0,3.0,1.5,19.0,13.5,0.0,0.0,329.5,16.0,900.0,6,0,2,0,2,2,0,0,0,0,2,0,0,0,167.64,167.64,145.0,0.5,0.0,0.435,0.35,0.275,0.275,0.5,0.0,0.0,0.0,165.0,72.5,154.5,55.5,194.5,98.5,219.5,108.0,4.5,2.5,10.5,1.0,142.0,55.0,113.0,30.5,7.5,4.5,26.0,15.0,15.5,13.0,15.5,10.0,131.5,51.5,127.5,37.5,5.0,4.0,11.5,8.0,28.5,17.0,15.5,10.0,452.0,312.5,1500.0,10,2,2,0,2,2,0,0,0,0,2,0,0,0,170.18,177.8,135.0,26.0,25.0,0,0,1,0,0,0,0,0,0,0,0,0,0,0,0,1,0,0,0,0,1,0,0,0
Red,False,0.0,0.0,0.401875,0.32,0.41875,0.52375,1.9375,0.0,0.6875,0.1875,82.25,33.75,154.3125,47.375,118.25,65.125,167.5,59.1875,5.8125,2.375,4.9375,2.4375,74.875,27.0,139.4375,38.0625,4.875,4.25,8.1875,4.3125,2.5,2.5,6.6875,5.0,65.0625,22.375,135.0625,37.5625,6.3125,4.25,9.5,4.25,10.875,7.125,9.75,5.5625,291.3125,141.0625,900.0,15,0,0,4,1,1,4,0,0,0,1,0,0,0,167.64,172.72,145.0,0.0,0.0,0.42,0.61,1.0,0.0,0.0,0.0,0.0,1.0,52.0,22.0,47.0,29.0,123.0,75.0,77.0,54.0,6.0,6.0,0.0,0.0,38.0,12.0,27.0,14.0,12.0,9.0,10.0,7.0,2.0,1.0,10.0,8.0,40.0,13.0,35.0,20.0,3.0,3.0,4.0,3.0,9.0,6.0,8.0,6.0,434.0,135.0,900.0,3,0,1,0,1,1,0,0,0,0,1,0,0,0,175.26,180.34,135.0,36.0,31.0,0,0,1,0,0,0,0,0,0,0,0,0,0,0,0,1,0,0,0,0,0,0,1,0
Blue,False,0.015625,0.0,0.45,0.4275,0.25,0.2,0.148468017578125,0.098388671875,0.0,0.0,66.5,29.6875,64.31230545043945,27.34375,89.75,48.0,85.53125,44.41152191162109,2.0,0.75,2.0546875,0.75,51.1875,18.3359375,49.6123046875,16.280410766601562,7.5,5.07647705078125,7.5,5.0,4.5,3.625,4.984375,3.9375,48.6875,17.0,47.11572265625,16.5,5.75,3.75,5.3125,3.4375,5.0625,3.5,3.875,2.5,99.2119140625,94.125,638.5,0,0,0,0,0,0,0,0,0,0,0,0,0,0,180.34,182.88,155.0,1.0,0.0,0.44,0.57,0.0,0.0,0.0,0.0,0.0,0.0,9.0,4.0,7.0,4.0,11.0,6.0,7.0,4.0,0.0,0.0,0.0,0.0,9.0,4.0,5.0,2.0,0.0,0.0,0.0,0.0,0.0,0.0,2.0,2.0,4.0,1.0,7.0,4.0,0.0,0.0,0.0,0.0,5.0,3.0,0.0,0.0,5.0,0.0,40.0,1,0,1,0,1,1,0,0,0,0,0,1,0,0,182.88,187.96,170.0,30.0,27.0,0,0,0,0,0,0,0,0,0,1,0,0,0,0,0,0,0,0,1,0,1,0,0,0
Red,False,0.0390625,0.0625,0.5987890625,0.2025,0.03125,0.269296875,1.08203125,0.25,0.0625,0.0,23.23828125,10.00390625,27.51171875,10.234375,24.87890625,11.359375,39.94921875,21.046875,0.06640625,0.03125,1.30859375,0.765625,16.08203125,4.625,21.51953125,6.09375,1.6953125,0.88671875,1.84375,1.390625,5.4609375,4.4921875,4.1484375,2.75,21.2109375,8.6640625,18.25390625,3.21875,1.55859375,1.26953125,1.84375,1.7421875,0.46875,0.0703125,7.4140625,5.2734375,34.78515625,113.5859375,263.046875,19,0,1,0,4,6,3,0,0,0,1,1,4,0,185.42,185.42,155.0,1.0,0.0,0.37,0.32,0.5,0.25,0.0,0.25,0.0,0.0,150.0,49.75,151.25,51.0,150.75,50.5,168.5,67.5,1.5,1.0,4.5,0.25,113.75,25.0,123.0,34.25,19.0,14.25,16.25,7.75,17.25,10.5,12.0,9.0,144.0,46.25,147.0,49.0,5.25,3.5,2.25,1.0,0.75,0.0,2.0,1.0,89.75,29.0,831.5,9,0,3,0,3,3,0,0,0,1,1,1,0,0,180.34,190.5,145.0,26.0,25.0,0,0,0,0,0,0,1,0,0,0,0,0,0,0,0,1,0,0,0,0,1,0,0,0
Red,False,0.0625,0.0,0.43,0.45,0.20375,0.0625,0.4375,0.8125,0.0,0.0,93.5,44.0625,123.9375,50.625,101.75,51.1875,158.875,83.25,10.9375,1.6875,0.0625,0.0625,85.75,37.8125,82.25,18.9375,5.625,4.125,36.3125,29.0625,2.125,2.125,5.375,2.625,86.5,40.8125,95.5625,25.0625,6.125,2.875,9.25,7.625,0.875,0.375,19.125,17.9375,209.8125,134.25,790.5625,11,0,1,0,1,2,3,0,0,0,1,0,1,0,187.96,185.42,185.0,0.5,0.5078125,0.509375,0.350078125,0.5353125,0.296875,1.0625,0.203125,0.59375,0.5,58.5390625,34.8046875,60.8046875,24.8203125,109.2109375,77.4609375,68.96875,32.203125,1.9765625,1.1640625,0.328125,0.328125,46.6640625,23.7265625,56.6953125,21.15625,4.1015625,3.5625,2.40625,2.0234375,7.7734375,7.515625,1.703125,1.640625,41.2890625,23.9375,56.2578125,22.5390625,2.09375,2.046875,0.1171875,0.03125,15.15625,8.8203125,4.4296875,2.25,191.5859375,76.3828125,617.78125,16,0,1,0,3,6,2,0,0,0,2,0,4,0,172.72,180.34,170.0,29.0,31.0,0,0,0,0,0,0,0,1,0,0,0,0,0,0,0,0,0,1,0,0,1,0,0,0
Blue,False,0.0625,0.03125,0.3190625,0.5271875,0.38515625,0.1296875,0.625,1.03125,0.0625,0.0,47.453125,19.671875,61.609375,29.390625,85.78125,54.109375,74.296875,41.5,4.8125,1.90625,4.921875,0.40625,36.03125,10.484375,44.6875,16.828125,6.15625,4.984375,8.5625,6.453125,5.265625,4.203125,8.359375,6.109375,35.265625,10.453125,40.859375,14.734375,6.953125,5.453125,4.515625,2.84375,5.234375,3.765625,16.234375,11.8125,115.1875,159.0625,534.203125,16,0,0,1,3,4,3,0,0,0,2,0,2,0,182.88,187.96,170.0,0.0,0.0,0.8049999999999999,0.655,0.08,0.5,0.0,3.0,0.0,0.0,15.5,10.5,50.5,31.0,29.5,22.5,92.5,69.0,4.0,0.5,8.0,4.0,7.0,3.5,41.0,23.5,5.0,3.5,5.0,3.5,3.5,3.5,4.5,4.0,6.5,4.0,15.0,5.0,8.5,6.0,23.5,16.5,0.5,0.5,12.0,9.5,114.5,437.0,654.0,5,0,0,2,0,0,2,0,0,0,0,0,0,0,177.8,187.96,170.0,36.0,31.0,0,0,0,0,0,0,0,0,0,1,0,0,0,0,0,1,0,0,0,0,0,0,1,0
Red,False,0.015625,0.0,0.45,0.4275,0.25,0.2,0.148468017578125,0.098388671875,0.0,0.0,66.5,29.6875,64.31230545043945,27.34375,89.75,48.0,85.53125,44.41152191162109,2.0,0.75,2.0546875,0.75,51.1875,18.3359375,49.6123046875,16.280410766601562,7.5,5.07647705078125,7.5,5.0,4.5,3.625,4.984375,3.9375,48.6875,17.0,47.11572265625,16.5,5.75,3.75,5.3125,3.4375,5.0625,3.5,3.875,2.5,99.2119140625,94.125,638.5,0,0,0,0,0,0,0,0,0,0,0,0,0,0,175.26,177.8,145.0,0.0,0.0,0.61,0.42,0.0,1.0,0.0,0.0,1.0,0.0,47.0,29.0,52.0,22.0,77.0,54.0,123.0,75.0,0.0,0.0,6.0,6.0,27.0,14.0,38.0,12.0,10.0,7.0,12.0,9.0,10.0,8.0,2.0,1.0,35.0,20.0,40.0,13.0,4.0,3.0,3.0,3.0,8.0,6.0,9.0,6.0,135.0,434.0,900.0,3,0,0,1,0,0,1,0,0,0,0,0,0,0,172.72,185.42,135.0,32.0,23.0,0,0,1,0,0,0,0,0,0,0,0,0,0,0,0,1,0,0,0,0,1,0,0,0
Red,False,1.0,0.0,0.45625,0.4599999999999999,0.09375,0.0175,0.625,0.25,0.0,0.0,53.875,27.375,40.375,17.0,58.125,31.125,42.5,19.0,0.625,0.375,1.875,0.125,35.125,12.875,29.875,10.125,6.25,4.5,5.25,3.375,12.5,10.0,5.25,3.5,41.0,20.625,36.5,15.625,4.5,1.25,3.25,1.25,8.375,5.5,0.625,0.125,39.375,26.0,294.75,7,0,4,0,4,4,0,0,0,0,1,1,2,0,185.42,185.42,155.0,0.5313720703125,0.0703125,0.44384765625,0.271534423828125,0.148477783203125,0.301810302734375,1.72021484375,0.0103759765625,0.1953125,0.1297607421875,89.95166015625,37.358642578125,58.371337890625,19.1849365234375,116.25,60.3558349609375,68.373779296875,27.4857177734375,2.28564453125,0.2130126953125,4.047119140625,2.255615234375,76.7493896484375,28.824951171875,43.13330078125,9.978271484375,6.9981689453125,4.57421875,8.876953125,3.7069091796875,6.2041015625,3.95947265625,6.361083984375,5.499755859375,76.800048828125,28.0045166015625,43.721923828125,12.1156005859375,12.083251953125,8.5201416015625,5.9473876953125,2.2685546875,1.068359375,0.833984375,8.7020263671875,4.80078125,76.49462890625,164.83544921875,552.8017578125,31,1,5,0,5,9,5,0,0,1,0,1,7,0,182.88,193.04,170.0,28.0,26.0,0,0,0,0,0,0,1,0,0,0,0,0,0,0,0,1,0,0,0,0,0,0,1,0
Blue,False,0.0,0.0,0.635,0.5325,0.675,0.2324999999999999,0.0,2.5,0.25,0.0,50.25,30.25,17.25,6.0,77.75,54.75,38.0,25.5,5.25,3.0,2.75,1.25,36.5,16.5,15.0,4.75,8.5,8.5,1.75,1.0,5.25,5.25,0.5,0.25,22.5,9.75,13.75,2.75,5.0,3.75,1.5,1.25,22.75,16.75,2.0,2.0,262.75,172.5,596.0,7,0,1,0,1,2,1,0,0,0,1,1,0,0,175.26,180.34,155.0,0.0,0.0,0.46,0.215,0.8300000000000001,0.5,0.0,0.0,0.0,0.0,199.5,94.0,132.5,30.5,204.0,98.0,134.5,32.5,2.0,1.5,1.5,1.0,132.0,47.5,104.5,17.0,37.0,23.5,14.5,8.0,30.5,23.0,13.5,5.5,164.0,70.5,126.0,27.0,31.5,21.5,6.5,3.5,4.0,2.0,0.0,0.0,47.0,35.0,900.0,6,0,0,1,1,1,1,0,0,0,1,0,0,0,185.42,190.5,155.0,32.0,31.0,0,0,0,0,0,0,1,0,0,0,0,0,0,0,0,1,0,0,0,0,1,0,0,0
Blue,False,0.0,0.0,0.28,0.52,0.55,0.0,2.0,0.0,1.0,2.0,7.0,2.0,25.0,13.0,44.0,31.0,38.0,25.0,9.0,5.0,0.0,0.0,6.0,2.0,19.0,8.0,1.0,0.0,5.0,4.0,0.0,0.0,1.0,1.0,4.0,0.0,8.0,3.0,0.0,0.0,4.0,3.0,3.0,2.0,13.0,7.0,271.0,131.0,492.0,2,0,1,0,1,1,0,0,0,0,0,0,1,0,175.26,180.34,145.0,0.0,0.5,0.4425,0.305,0.5,0.2325,0.25,0.0,0.0,0.0,256.25,122.0,288.25,81.0,273.5,139.25,316.25,105.5,0.5,0.5,6.25,1.75,220.25,92.0,246.5,50.0,33.75,28.5,25.0,15.25,2.25,1.5,16.75,15.75,252.0,119.25,274.25,70.25,0.75,0.75,5.25,3.5,3.5,2.0,8.75,7.25,86.75,156.25,900.0,9,0,0,2,1,1,2,0,0,0,1,0,0,0,167.64,177.8,135.0,24.0,28.0,0,0,1,0,0,0,0,0,0,0,0,0,0,0,0,0,0,1,0,0,1,0,0,0
Blue,False,0.390625,0.0,0.5667187499999999,0.37109375,0.1765625,0.20875,0.1875,0.125,0.0,0.0,76.4375,36.03125,73.453125,29.0625,101.0,59.484375,103.09375,57.34375,5.15625,1.609375,3.25,0.890625,58.734375,21.609375,56.546875,16.734375,10.859375,9.09375,13.3125,8.90625,6.84375,5.328125,3.59375,3.421875,50.40625,16.75,47.46875,12.71875,23.734375,17.234375,24.359375,14.71875,2.296875,2.046875,1.625,1.625,134.5625,134.3125,650.140625,16,0,4,0,4,6,1,0,1,1,1,3,0,0,175.26,175.26,185.0,0.00018310546875,0.0234375,0.5722222900390626,0.3896112060546874,0.4868481445312499,0.368341064453125,0.06488037109375,0.6798095703125,1.0,0.525390625,78.71258544921875,44.822265625,52.06475830078125,18.410400390625,227.87701416015625,174.703369140625,81.869873046875,45.96917724609375,10.07928466796875,4.9620361328125,1.78033447265625,1.123291015625,56.60406494140625,26.51776123046875,42.92620849609375,11.337158203125,13.2352294921875,9.862060546875,3.6463623046875,2.7335205078125,8.873291015625,8.44244384765625,5.4921875,4.3397216796875,26.08258056640625,10.2310791015625,33.152099609375,7.92401123046875,22.21429443359375,13.35247802734375,14.26812744140625,8.05377197265625,30.41571044921875,21.23870849609375,4.64453125,2.4326171875,588.0271606445312,166.399658203125,903.9064331054688,43,1,8,0,8,13,2,0,0,1,8,1,3,0,182.88,187.96,170.0,28.0,33.0,0,0,0,0,0,0,0,0,0,1,0,0,0,0,0,0,0,1,0,0,1,0,0,0
Red,False,0.5,0.5,0.325,0.3,0.165,0.5,0.5,0.5,0.0,0.0,133.5,57.5,138.5,22.0,154.5,75.5,142.5,25.0,1.5,0.5,1.5,0.5,114.0,44.5,130.5,18.5,12.0,7.5,5.0,1.0,7.5,5.5,3.0,2.5,116.0,44.5,132.5,19.0,10.5,7.5,3.0,1.0,7.0,5.5,3.0,2.0,111.0,26.0,531.0,4,0,1,0,1,1,1,0,0,0,1,0,0,0,182.88,193.04,170.0,0.0,0.5,0.34328125,0.38625,0.77796875,0.2753125,0.140625,0.8125,0.3125,0.75,26.15625,12.796875,42.171875,17.15625,39.359375,23.984375,60.34375,33.109375,4.015625,2.40625,1.0625,0.390625,21.375,9.046875,32.28125,10.90625,1.09375,0.59375,5.578125,3.953125,3.6875,3.15625,4.3125,2.296875,13.84375,4.828125,29.6875,7.5625,1.921875,1.890625,8.515625,6.453125,10.390625,6.078125,3.96875,3.140625,287.90625,59.890625,534.703125,19,0,2,0,3,5,2,0,0,1,3,1,0,0,187.96,193.04,170.0,35.0,30.0,0,0,0,0,0,0,0,0,0,1,0,0,0,0,0,0,0,1,0,0,0,0,1,0
Blue,False,0.015625,0.0,0.45,0.4275,0.25,0.2,0.148468017578125,0.098388671875,0.0,0.0,66.5,29.6875,64.31230545043945,27.34375,89.75,48.0,85.53125,44.41152191162109,2.0,0.75,2.0546875,0.75,51.1875,18.3359375,49.6123046875,16.280410766601562,7.5,5.07647705078125,7.5,5.0,4.5,3.625,4.984375,3.9375,48.6875,17.0,47.11572265625,16.5,5.75,3.75,5.3125,3.4375,5.0625,3.5,3.875,2.5,99.2119140625,94.125,638.5,0,0,0,0,0,0,0,0,0,0,0,0,0,0,193.04,203.2,265.0,0.09375,1.25,0.575625,0.458125,0.4409375,0.270625,0.28125,0.09375,0.0,0.0,24.625,16.21875,58.1875,27.03125,40.28125,31.0,86.375,49.15625,3.09375,1.1875,1.1875,0.5625,19.3125,11.40625,56.53125,25.46875,4.46875,3.96875,1.125,1.09375,0.84375,0.84375,0.53125,0.46875,10.65625,3.375,20.3125,6.65625,4.28125,3.71875,7.53125,4.59375,9.6875,9.125,30.34375,15.78125,154.65625,106.96875,348.125,11,4,0,1,4,4,2,0,0,0,1,2,1,0,190.5,205.74,265.0,31.0,34.0,0,0,0,0,1,0,0,0,0,0,0,0,0,0,0,1,0,0,0,0,1,0,0,0
Red,False,0.125,0.25,0.56875,0.54625,0.31,0.2075,0.25,1.875,0.25,0.0,55.375,37.0,19.875,9.625,117.75,92.0,36.125,22.875,4.625,1.75,1.375,0.375,37.375,23.25,16.75,7.0,8.375,7.125,1.25,0.875,9.625,6.625,1.875,1.75,21.5,10.25,14.25,5.375,5.75,3.625,4.5,3.625,28.125,23.125,1.125,0.625,281.25,47.875,579.875,7,0,0,1,1,2,2,0,0,0,1,0,1,0,175.26,182.88,145.0,0.0,0.625,0.3309375,0.2734375,0.1875,0.30625,0.0,0.125,0.0625,0.0625,169.15625,55.53125,161.53125,44.34375,175.84375,61.5625,164.65625,47.25,4.78125,0.8125,1.6875,0.5,143.3125,38.84375,132.0625,24.59375,14.5625,7.875,17.875,13.375,11.28125,8.8125,11.59375,6.375,159.0625,49.78125,151.375,38.25,8.09375,5.25,9.09375,5.65625,2.0,0.5,1.0625,0.4375,63.5,29.625,828.5625,16,1,3,0,3,4,2,0,0,0,3,0,0,1,172.72,175.26,155.0,30.0,27.0,0,0,1,0,0,0,0,0,0,0,0,0,0,0,0,1,0,0,0,0,1,0,0,0
Red,False,0.4375,0.0,0.270625,0.310625,0.116875,0.20375,0.25,0.75,0.125,0.0625,98.0625,28.0625,80.5,26.125,110.5,40.1875,102.4375,46.5625,1.9375,0.5,5.3125,1.375,82.4375,18.5625,56.5625,10.125,3.625,2.125,11.125,6.0,12.0,7.375,12.8125,10.0,75.1875,17.0,72.5625,21.5625,18.25,8.75,5.0625,2.9375,4.625,2.3125,2.875,1.625,163.8125,74.25,757.125,13,1,2,0,2,3,2,0,0,0,2,1,0,0,175.26,180.34,155.0,0.0,0.09375,0.338125,0.5778125000000001,0.5909374999999999,0.25,3.78125,0.28125,0.15625,1.09375,35.5,11.90625,42.96875,23.0,66.46875,40.34375,66.40625,43.78125,4.375,2.84375,3.375,1.0,29.625,7.78125,28.15625,8.78125,2.25,1.65625,7.5625,7.15625,3.625,2.46875,7.25,7.0625,24.09375,4.71875,25.84375,9.5625,0.75,0.4375,4.78125,3.5625,10.65625,6.75,12.34375,9.875,407.59375,190.4375,879.46875,16,0,0,2,4,4,2,0,0,2,2,0,0,0,175.26,180.34,155.0,25.0,31.0,0,0,0,0,0,0,1,0,0,0,0,0,0,0,0,1,0,0,0,0,0,0,1,0
Blue,False,0.6875,0.0,0.37375,0.5725,0.2075,0.075,0.875,0.0625,0.0,0.0,60.0,23.375,23.4375,10.625,71.0,32.625,32.1875,18.75,1.0,0.5,4.4375,0.3125,53.6875,19.25,18.5625,8.6875,3.5625,2.25,1.4375,1.125,2.75,1.875,3.4375,0.8125,40.9375,10.5,19.8125,7.6875,5.125,3.375,1.5,1.0,13.9375,9.5,2.125,1.9375,65.25,58.8125,402.375,7,0,1,0,3,4,1,0,0,0,0,2,2,0,195.58,200.66,205.0,0.5,0.03125,0.628359375,0.79791015625,0.323125,0.14169921875,0.03125,0.00390625,0.03125,0.03125,23.212890625,12.3046875,13.865234375,5.955078125,30.4296875,19.02734375,16.23046875,8.220703125,1.115234375,0.8046875,0.994140625,0.166015625,21.4296875,11.060546875,10.455078125,3.486328125,0.41796875,0.13671875,2.232421875,1.416015625,1.365234375,1.107421875,1.177734375,1.052734375,14.29296875,6.087890625,10.650390625,3.35546875,0.76171875,0.25,1.53515625,0.982421875,8.158203125,5.966796875,1.6796875,1.6171875,34.5078125,11.796875,157.9296875,22,1,1,0,2,7,3,0,0,1,3,3,0,0,182.88,187.96,205.0,24.0,40.0,0,0,0,0,0,1,0,0,0,0,0,0,0,0,0,1,0,0,0,0,1,0,0,0
Blue,False,0.5,0.0,0.4349999999999999,0.475,0.5,0.345,0.0,0.5,0.0,0.0,107.5,48.0,114.0,55.0,115.0,54.5,174.5,106.5,1.5,1.0,12.5,4.0,69.0,20.5,78.5,27.0,23.0,17.5,13.5,9.0,15.5,10.0,22.0,19.0,79.5,30.0,64.5,16.5,22.0,15.5,26.5,19.0,6.0,2.5,23.0,19.5,134.0,293.5,900.0,6,0,1,0,1,1,1,0,0,1,0,0,0,0,167.64,170.18,145.0,0.0,0.125,0.3771875,0.559375,0.160625,0.105,0.375,0.03125,0.0,0.0,58.875,23.28125,79.375,40.875,76.8125,38.9375,113.0625,70.03125,7.78125,1.375,3.34375,0.75,48.03125,13.4375,53.21875,17.5,5.1875,4.9375,9.53125,9.25,5.65625,4.90625,16.625,14.125,47.46875,15.15625,60.59375,26.09375,6.3125,5.53125,11.875,10.875,5.09375,2.59375,6.90625,3.90625,124.1875,197.09375,695.65625,11,1,0,1,2,2,4,0,0,0,0,0,2,0,165.1,170.18,135.0,29.0,30.0,0,0,1,0,0,0,0,0,0,0,0,0,0,0,0,1,0,0,0,0,1,0,0,0
Blue,False,0.125,0.0,0.23,0.35875,0.125,0.28625,0.125,0.375,0.375,0.25,70.625,15.625,90.25,34.125,83.5,24.875,123.5,58.0,0.125,0.125,11.125,3.625,64.625,12.125,68.75,18.625,4.0,1.5,14.125,10.25,2.0,2.0,7.375,5.25,68.375,14.25,60.75,15.75,1.375,0.875,8.625,4.875,0.875,0.5,20.875,13.5,23.375,277.375,802.0,10,0,2,0,2,2,2,0,0,1,0,1,0,0,187.96,190.5,205.0,0.2500009536743164,0.0391864776611328,0.2609364300966262,0.3800710582733154,0.5309746468067169,0.659730224609375,0.8281593322753906,0.0004895329475402,0.0,0.0629887580871582,42.01270169019699,11.345762968063354,87.49672883749008,36.53842842578888,49.39785170555115,18.06562787294388,112.10118716955184,55.91599047183991,1.7941405773162842,0.7537320852279663,1.1104746460914612,0.9380035400390624,33.86612391471863,7.118322789669037,77.36432284116745,29.27146708965301,4.417874753475189,2.518390476703644,4.559712886810303,3.761678695678711,3.728703022003174,1.7090497016906738,5.572693109512329,3.5052826404571533,34.26545774936676,7.3420878648757935,48.42382198572159,14.77296221256256,5.3066725730896,2.7581876516342163,10.963224172592165,6.513571619987488,2.440571367740631,1.2454874515533447,28.10968267917633,15.25189459323883,56.741941928863525,196.8084292411804,542.9285796284676,61,10,1,0,6,15,10,0,0,2,3,7,2,1,190.5,187.96,205.0,35.0,36.0,0,0,0,0,0,1,0,0,0,0,0,0,0,0,0,0,0,1,0,0,1,0,0,0
Blue,False,0.5,0.0,0.655,0.18,0.25,0.5,0.5,3.0,0.5,1.0,42.5,25.5,33.5,12.0,81.0,61.0,54.0,29.0,4.0,2.0,0.5,0.5,32.5,17.5,24.5,6.5,5.5,5.0,8.5,5.5,4.5,3.0,0.5,0.0,16.5,7.5,27.5,9.5,6.5,4.0,6.0,2.5,19.5,14.0,0.0,0.0,290.5,113.5,584.0,4,0,2,0,2,2,0,0,0,0,1,1,0,0,182.88,185.42,170.0,0.0,0.0,0.5525,0.39,0.675,0.125,1.0,0.5,0.0,0.5,45.5,23.5,47.75,7.25,71.25,47.25,77.0,31.25,4.25,3.0,2.75,0.5,34.0,13.5,35.75,1.0,6.0,5.0,5.0,2.75,5.5,5.0,7.0,3.5,21.5,7.25,41.0,3.75,12.5,9.0,6.5,3.25,11.5,7.25,0.25,0.25,400.75,160.75,777.0,8,0,3,0,3,3,0,0,0,0,2,0,1,0,180.34,190.5,170.0,31.0,31.0,0,0,0,0,0,0,0,0,0,1,0,0,0,0,0,0,0,1,0,0,1,0,0,0
Red,True,0.638671875,0.125,0.474169921875,0.3065234375,0.227890625,0.25248046875,0.2724609375,0.0234375,0.0048828125,0.0,47.458984375,20.9775390625,37.9404296875,13.9775390625,54.845703125,28.1953125,53.8369140625,29.068359375,1.126953125,0.546875,2.25390625,0.2626953125,32.625,10.30078125,27.291015625,6.6923828125,6.07421875,5.037109375,3.91015625,2.5234375,8.759765625,5.6396484375,6.7392578125,4.76171875,40.3681640625,16.5029296875,29.388671875,8.078125,5.4443359375,3.1796875,7.791015625,5.1455078125,1.646484375,1.294921875,0.7607421875,0.75390625,86.1640625,53.4677734375,562.3125,28,3,8,0,8,9,2,0,0,0,5,3,1,0,185.42,187.96,185.0,0.25390625,0.0,0.5762890625,0.28859375,0.643046875,0.0,1.3828125,0.0,0.0,0.0,96.2265625,54.25390625,36.984375,11.47265625,113.09375,69.84375,42.1875,16.6328125,4.23046875,2.17578125,0.80859375,0.0,58.1640625,23.82421875,27.66796875,5.1875,15.3359375,11.9375,6.03515625,3.11328125,22.7265625,18.4921875,3.28125,3.171875,62.30078125,29.3984375,31.046875,9.42578125,12.875,8.7578125,5.83984375,1.94921875,21.05078125,16.09765625,0.09765625,0.09765625,268.26953125,10.203125,774.0859375,20,2,3,0,5,8,1,0,0,0,2,3,3,0,193.04,213.36,205.0,33.0,24.0,0,0,0,0,0,1,0,0,0,0,0,0,0,0,0,0,0,1,0,0,1,0,0,0
Blue,False,0.625,0.0,0.4499999999999999,0.576875,0.145,0.23125,0.125,0.375,0.3125,0.4375,43.5625,19.125,44.125,24.0,61.9375,37.0,88.1875,62.75,1.0,0.4375,3.8125,1.3125,41.0,16.9375,31.1875,12.4375,1.6875,1.4375,9.0625,7.6875,0.875,0.75,3.875,3.875,34.5,12.1875,21.1875,8.5625,6.3125,4.8125,11.875,8.5625,2.75,2.125,11.0625,6.875,56.125,310.25,500.25,11,0,0,2,1,2,3,0,0,0,0,1,1,0,182.88,187.96,205.0,0.015625,0.125,0.473828125,0.3915625,0.0140625,0.2578125,0.7734375,0.0,0.0,0.0,115.6640625,55.984375,64.359375,24.8203125,157.1796875,92.8125,91.7734375,49.015625,0.734375,0.046875,10.8828125,1.9140625,81.53125,24.359375,52.265625,15.65625,24.1875,23.53125,5.9921875,4.4765625,9.9453125,8.09375,6.1015625,4.6875,78.578125,25.25,51.8046875,18.1484375,12.984375,8.15625,10.1484375,5.265625,24.1015625,22.578125,2.40625,1.40625,246.515625,237.46875,814.484375,18,0,3,0,3,6,2,0,0,0,2,1,2,1,185.42,195.58,205.0,32.0,34.0,0,0,0,0,0,1,0,0,0,0,0,0,0,0,0,1,0,0,0,1,0,0,0,0
Blue,False,0.25,0.0625,0.2783593749999999,0.6353906250000001,0.6,0.0490625,0.75,0.1328125,0.125,0.53125,13.75,7.0078125,24.4921875,16.75,30.3828125,21.5625,52.0390625,41.0703125,1.796875,1.046875,0.1953125,0.1328125,11.015625,4.875,20.6640625,13.484375,1.96875,1.65625,3.09375,2.78125,0.765625,0.4765625,0.734375,0.484375,4.875,1.1484375,7.8203125,3.8984375,3.4140625,2.34375,2.3671875,1.8984375,5.4609375,3.515625,14.3046875,10.953125,198.40625,115.875,373.171875,18,1,1,0,2,3,5,0,0,0,1,1,1,0,175.26,182.88,155.0,1.0,0.0,0.5449999999999999,0.14,0.0,0.25,0.0,0.0,0.0,0.0,112.5,62.0,151.5,22.0,118.5,66.0,151.5,22.0,0.0,0.0,2.5,0.5,71.0,36.5,124.0,10.5,18.5,9.0,18.0,7.0,23.0,16.5,9.5,4.5,104.5,57.0,147.5,20.5,6.5,4.5,4.0,1.5,1.5,0.5,0.0,0.0,10.0,10.5,793.5,6,0,2,0,2,2,0,0,0,0,1,1,0,0,172.72,172.72,155.0,36.0,26.0,0,0,0,0,0,0,1,0,0,0,0,0,0,0,0,1,0,0,0,0,1,0,0,0
Blue,False,0.5,0.0,0.425,0.435,0.33,0.435,0.5,0.0,0.5,0.5,69.0,29.0,64.5,28.0,110.5,61.5,123.5,74.0,1.5,1.0,5.0,2.0,58.5,21.0,52.5,18.5,8.5,6.5,6.5,5.0,2.0,1.5,5.5,4.5,43.5,13.5,41.5,11.0,11.5,7.5,10.5,8.0,14.0,8.0,12.5,9.0,167.5,412.0,900.0,6,0,0,1,1,1,1,0,0,1,0,0,0,0,180.34,185.42,185.0,0.125,0.125,0.4237499999999999,0.42125,0.125,0.4874999999999999,0.0,0.625,0.375,0.625,133.875,56.75,85.875,34.25,199.875,113.75,96.125,42.625,0.75,0.25,8.375,5.125,113.875,41.875,71.375,23.625,13.75,10.375,6.5,4.875,6.25,4.5,8.0,5.75,87.125,32.625,72.25,27.125,8.125,3.375,4.625,2.75,38.625,20.75,9.0,4.375,166.625,198.875,601.625,9,0,0,1,1,2,2,0,0,0,1,1,0,0,190.5,190.5,185.0,32.0,29.0,0,0,0,0,0,0,0,1,0,0,0,0,0,0,0,1,0,0,0,0,1,0,0,0
Blue,False,0.0,0.0,0.3,0.17,0.5,0.0,1.0,0.0,0.0,0.0,100.0,30.0,87.0,15.0,119.0,47.0,88.0,16.0,2.0,1.0,1.0,0.0,90.0,22.0,75.0,10.0,2.0,2.0,3.0,2.0,8.0,6.0,9.0,3.0,84.0,20.0,83.0,13.0,2.0,2.0,4.0,2.0,14.0,8.0,0.0,0.0,162.0,0.0,599.0,2,0,1,0,1,1,0,0,0,0,0,0,1,0,170.18,182.88,145.0,0.5,0.5,0.415,0.3625,0.25,0.3375,0.125,0.5,0.0,0.0,121.5,45.875,151.125,57.0,169.125,85.0,172.75,75.625,1.0,0.5,5.625,2.625,100.5,31.875,131.375,40.0,16.125,11.25,4.375,3.0,4.875,2.75,15.375,14.0,103.625,33.75,126.0,42.625,2.125,1.875,0.625,0.375,15.75,10.25,24.5,14.0,135.0,285.25,936.0,11,1,3,0,3,3,1,0,0,0,1,1,1,0,172.72,172.72,145.0,24.0,29.0,0,0,1,0,0,0,0,0,0,0,0,0,0,0,0,1,0,0,0,0,1,0,0,0
Red,False,0.75,0.5,0.3203125,0.3399999999999999,0.030625,0.0625,0.46875,0.0,0.28125,0.1875,43.3125,14.84375,61.0,21.4375,61.0,30.53125,66.34375,26.0625,1.5,0.1875,0.1875,0.0625,39.5625,11.9375,53.375,16.5625,3.25,2.40625,3.0,2.03125,0.5,0.5,4.625,2.84375,39.4375,12.1875,50.6875,14.65625,3.0,1.90625,5.8125,3.59375,0.875,0.75,4.5,3.1875,58.25,46.125,317.5,13,2,2,0,2,4,2,0,0,0,2,1,1,0,190.5,195.58,240.0,0.3594970703125,0.125,0.5159591674804687,0.4105514526367187,0.3956414794921875,0.0395584106445312,0.0906982421875,0.0009765625,0.0,1.52587890625e-05,55.918922424316406,30.546043395996094,53.41240692138672,23.22351837158203,80.32825469970703,53.66850280761719,75.84581756591797,43.46326446533203,4.5288848876953125,3.0235137939453125,0.7902908325195312,0.0398025512695312,41.512786865234375,17.688995361328125,44.26302337646485,14.968666076660156,10.98688507080078,9.96916961669922,3.2860870361328125,2.7665557861328125,3.41925048828125,2.88787841796875,5.863296508789063,5.488296508789063,30.80030059814453,11.019889831542969,28.79235076904297,8.153373718261719,19.573760986328125,14.275909423828123,20.427780151367188,11.649459838867188,5.54486083984375,5.250244140625,4.1922760009765625,3.420684814453125,291.42081451416016,152.29044342041016,714.9562149047852,27,4,2,0,4,13,5,0,0,0,2,3,7,0,190.5,200.66,264.0,35.0,32.0,0,0,0,0,1,0,0,0,0,0,0,0,0,0,0,1,0,0,0,0,0,0,1,0
Blue,False,0.015625,0.0,0.45,0.4275,0.25,0.2,0.148468017578125,0.098388671875,0.0,0.0,66.5,29.6875,64.31230545043945,27.34375,89.75,48.0,85.53125,44.41152191162109,2.0,0.75,2.0546875,0.75,51.1875,18.3359375,49.6123046875,16.280410766601562,7.5,5.07647705078125,7.5,5.0,4.5,3.625,4.984375,3.9375,48.6875,17.0,47.11572265625,16.5,5.75,3.75,5.3125,3.4375,5.0625,3.5,3.875,2.5,99.2119140625,94.125,638.5,0,0,0,0,0,0,0,0,0,0,0,0,0,0,182.88,185.42,170.0,0.625,0.0,0.50875,0.4,0.29125,0.1975,0.0,0.5,0.5,0.0,72.375,40.625,61.75,22.625,107.25,71.25,80.25,36.5,1.5,0.625,7.25,1.75,55.125,25.0,42.0,8.875,10.25,8.875,12.25,7.75,7.0,6.75,7.5,6.0,38.75,18.25,53.25,15.25,7.125,4.25,6.875,6.625,26.5,18.125,1.625,0.75,217.875,236.25,858.125,11,0,2,0,2,3,1,0,0,0,2,1,0,0,177.8,182.88,170.0,27.0,34.0,0,0,0,0,0,0,0,0,0,1,0,0,0,0,0,1,0,0,0,0,1,0,0,0
Blue,False,0.015625,0.0,0.45,0.4275,0.25,0.2,0.148468017578125,0.098388671875,0.0,0.0,66.5,29.6875,64.31230545043945,27.34375,89.75,48.0,85.53125,44.41152191162109,2.0,0.75,2.0546875,0.75,51.1875,18.3359375,49.6123046875,16.280410766601562,7.5,5.07647705078125,7.5,5.0,4.5,3.625,4.984375,3.9375,48.6875,17.0,47.11572265625,16.5,5.75,3.75,5.3125,3.4375,5.0625,3.5,3.875,2.5,99.2119140625,94.125,638.5,0,0,0,0,0,0,0,0,0,0,0,0,0,0,180.34,187.96,155.0,0.0471682548522949,0.0,0.45,0.4217682266235352,0.25,0.19173828125,0.1875,0.125,0.0,0.0,69.5,30.5,66.984375,27.8466796875,94.0,48.544921875,88.50390625,44.75,2.0,0.8125,2.015625,0.6640625,54.0,19.01513671875,51.483436584472656,16.9437255859375,7.91796875,5.430633544921875,7.75,5.0625,4.780975341796875,3.9373779296875,4.8994140625,3.84375,51.025390625,18.400863647460938,50.515625,17.5,5.75,3.75,5.5,3.5,5.375,3.6875,4.0,2.65625,104.865234375,89.5,655.8441009521484,0,0,0,0,0,0,0,0,0,0,0,0,0,0,177.8,185.42,155.0,27.0,26.0,0,0,0,0,0,0,1,0,0,0,0,0,0,0,0,1,0,0,0,0,1,0,0,0
Red,False,0.0,0.65625,0.49328125,0.5667187499999999,0.2521875,0.50265625,1.796875,1.921875,0.0,1.015625,56.96875,29.03125,60.75,34.1875,78.03125,48.015625,88.25,58.53125,7.09375,2.1875,4.359375,2.578125,41.28125,16.921875,51.078125,26.78125,8.578125,6.71875,6.859375,5.21875,7.109375,5.390625,2.8125,2.1875,46.296875,22.3125,38.71875,19.78125,4.234375,2.40625,14.515625,9.53125,6.4375,4.3125,7.515625,4.875,170.765625,198.0,615.0,20,0,1,0,4,5,2,0,0,1,3,0,1,0,172.72,172.72,145.0,0.0,0.0078125,0.3805859375,0.309921875,0.5904296874999999,0.44921875,1.5625,0.39453125,0.53125,0.16015625,31.1328125,11.5,74.84375,31.83203125,56.8125,35.28125,111.36328125,64.92578125,7.109375,2.97265625,2.27734375,1.63671875,24.64453125,6.65625,53.6953125,15.0703125,4.5,3.35546875,13.5859375,10.19921875,1.98828125,1.48828125,7.5625,6.5625,16.0078125,2.94140625,38.1796875,8.8203125,5.24609375,3.53125,23.44921875,15.91796875,9.87890625,5.02734375,13.21484375,7.09375,265.890625,190.95703125,647.10546875,19,0,0,1,3,5,4,0,0,0,1,0,4,0,172.72,190.5,155.0,27.0,30.0,0,0,0,0,0,0,1,0,0,0,0,0,0,0,0,1,0,0,0,0,1,0,0,0
Blue,False,0.0,0.0,0.385,0.43,0.165,0.21,0.0,1.0,0.5,1.0,71.5,26.5,75.0,29.5,72.0,27.0,86.5,39.0,3.0,1.0,4.0,1.5,43.5,8.5,60.5,19.0,11.5,7.5,8.5,6.5,16.5,10.5,6.0,4.0,69.5,26.0,54.0,16.0,1.5,0.0,11.5,6.5,0.5,0.5,9.5,7.0,49.5,88.5,585.5,4,0,0,1,1,1,1,0,0,1,0,0,0,0,170.18,172.72,135.0,2.0,0.0,0.32,0.0,0.0,0.0,0.0,0.0,0.0,0.0,28.0,9.0,3.0,0.0,28.0,9.0,3.0,0.0,0.0,0.0,0.0,0.0,24.0,6.0,3.0,0.0,1.0,0.0,0.0,0.0,3.0,3.0,0.0,0.0,26.0,8.0,3.0,0.0,0.0,0.0,0.0,0.0,2.0,1.0,0.0,0.0,4.0,0.0,77.0,1,0,1,0,1,1,0,0,0,0,0,1,0,0,180.34,190.5,135.0,32.0,27.0,1,0,0,0,0,0,0,0,0,0,0,0,0,0,0,1,0,0,0,0,1,0,0,0
Red,True,0.015625,0.0,0.45,0.4275,0.25,0.2,0.148468017578125,0.098388671875,0.0,0.0,66.5,29.6875,64.31230545043945,27.34375,89.75,48.0,85.53125,44.41152191162109,2.0,0.75,2.0546875,0.75,51.1875,18.3359375,49.6123046875,16.280410766601562,7.5,5.07647705078125,7.5,5.0,4.5,3.625,4.984375,3.9375,48.6875,17.0,47.11572265625,16.5,5.75,3.75,5.3125,3.4375,5.0625,3.5,3.875,2.5,99.2119140625,94.125,638.5,0,0,0,0,0,0,0,0,0,0,0,0,0,0,167.64,167.64,155.0,0.0471682548522949,0.0,0.45,0.4217682266235352,0.25,0.19173828125,0.1875,0.125,0.0,0.0,69.5,30.5,66.984375,27.8466796875,94.0,48.544921875,88.50390625,44.75,2.0,0.8125,2.015625,0.6640625,54.0,19.01513671875,51.483436584472656,16.9437255859375,7.91796875,5.430633544921875,7.75,5.0625,4.780975341796875,3.9373779296875,4.8994140625,3.84375,51.025390625,18.400863647460938,50.515625,17.5,5.75,3.75,5.5,3.5,5.375,3.6875,4.0,2.65625,104.865234375,89.5,655.8441009521484,0,0,0,0,0,0,0,0,0,0,0,0,0,0,170.18,162.56,145.0,24.0,24.0,0,0,1,0,0,0,0,0,0,0,0,0,0,0,0,1,0,0,0,0,1,0,0,0
Blue,False,0.015625,0.0,0.45,0.4275,0.25,0.2,0.148468017578125,0.098388671875,0.0,0.0,66.5,29.6875,64.31230545043945,27.34375,89.75,48.0,85.53125,44.41152191162109,2.0,0.75,2.0546875,0.75,51.1875,18.3359375,49.6123046875,16.280410766601562,7.5,5.07647705078125,7.5,5.0,4.5,3.625,4.984375,3.9375,48.6875,17.0,47.11572265625,16.5,5.75,3.75,5.3125,3.4375,5.0625,3.5,3.875,2.5,99.2119140625,94.125,638.5,0,0,0,0,0,0,0,0,0,0,0,0,0,0,172.72,172.72,135.0,0.0471682548522949,0.0,0.45,0.4217682266235352,0.25,0.19173828125,0.1875,0.125,0.0,0.0,69.5,30.5,66.984375,27.8466796875,94.0,48.544921875,88.50390625,44.75,2.0,0.8125,2.015625,0.6640625,54.0,19.01513671875,51.483436584472656,16.9437255859375,7.91796875,5.430633544921875,7.75,5.0625,4.780975341796875,3.9373779296875,4.8994140625,3.84375,51.025390625,18.400863647460938,50.515625,17.5,5.75,3.75,5.5,3.5,5.375,3.6875,4.0,2.65625,104.865234375,89.5,655.8441009521484,0,0,0,0,0,0,0,0,0,0,0,0,0,0,175.26,187.96,135.0,25.0,24.0,1,0,0,0,0,0,0,0,0,0,0,0,0,0,0,1,0,0,0,0,1,0,0,0
Red,False,0.015625,0.0,0.45,0.4275,0.25,0.2,0.148468017578125,0.098388671875,0.0,0.0,66.5,29.6875,64.31230545043945,27.34375,89.75,48.0,85.53125,44.41152191162109,2.0,0.75,2.0546875,0.75,51.1875,18.3359375,49.6123046875,16.280410766601562,7.5,5.07647705078125,7.5,5.0,4.5,3.625,4.984375,3.9375,48.6875,17.0,47.11572265625,16.5,5.75,3.75,5.3125,3.4375,5.0625,3.5,3.875,2.5,99.2119140625,94.125,638.5,0,0,0,0,0,0,0,0,0,0,0,0,0,0,165.1,165.1,125.0,0.0471682548522949,0.0,0.45,0.4217682266235352,0.25,0.19173828125,0.1875,0.125,0.0,0.0,69.5,30.5,66.984375,27.8466796875,94.0,48.544921875,88.50390625,44.75,2.0,0.8125,2.015625,0.6640625,54.0,19.01513671875,51.483436584472656,16.9437255859375,7.91796875,5.430633544921875,7.75,5.0625,4.780975341796875,3.9373779296875,4.8994140625,3.84375,51.025390625,18.400863647460938,50.515625,17.5,5.75,3.75,5.5,3.5,5.375,3.6875,4.0,2.65625,104.865234375,89.5,655.8441009521484,0,0,0,0,0,0,0,0,0,0,0,0,0,0,175.26,180.34,135.0,23.0,27.0,1,0,0,0,0,0,0,0,0,0,0,0,0,0,0,1,0,0,0,0,1,0,0,0
Blue,True,0.015625,0.0,0.45,0.4275,0.25,0.2,0.148468017578125,0.098388671875,0.0,0.0,66.5,29.6875,64.31230545043945,27.34375,89.75,48.0,85.53125,44.41152191162109,2.0,0.75,2.0546875,0.75,51.1875,18.3359375,49.6123046875,16.280410766601562,7.5,5.07647705078125,7.5,5.0,4.5,3.625,4.984375,3.9375,48.6875,17.0,47.11572265625,16.5,5.75,3.75,5.3125,3.4375,5.0625,3.5,3.875,2.5,99.2119140625,94.125,638.5,0,0,0,0,0,0,0,0,0,0,0,0,0,0,160.02,167.64,135.0,0.0471682548522949,0.0,0.45,0.4217682266235352,0.25,0.19173828125,0.1875,0.125,0.0,0.0,69.5,30.5,66.984375,27.8466796875,94.0,48.544921875,88.50390625,44.75,2.0,0.8125,2.015625,0.6640625,54.0,19.01513671875,51.483436584472656,16.9437255859375,7.91796875,5.430633544921875,7.75,5.0625,4.780975341796875,3.9373779296875,4.8994140625,3.84375,51.025390625,18.400863647460938,50.515625,17.5,5.75,3.75,5.5,3.5,5.375,3.6875,4.0,2.65625,104.865234375,89.5,655.8441009521484,0,0,0,0,0,0,0,0,0,0,0,0,0,0,167.64,170.18,125.0,27.0,25.0,1,0,0,0,0,0,0,0,0,0,0,0,0,0,0,1,0,0,0,0,1,0,0,0
Red,False,1.04248046875,0.25,0.40421875,0.2160192871093749,0.1954345703125,0.050174560546875,0.2574462890625,0.18017578125,0.005126953125,0.0062255859375,82.5047607421875,33.196044921875,89.2908935546875,18.570556640625,96.8214111328125,46.3585205078125,101.080322265625,29.07568359375,0.6016845703125,0.3282470703125,3.275634765625,0.378662109375,66.7801513671875,21.7288818359375,71.8587646484375,11.1622314453125,11.22998046875,8.1746826171875,11.8740234375,3.942626953125,4.49462890625,3.29248046875,5.55810546875,3.4656982421875,63.8468017578125,19.4771728515625,83.820068359375,16.2332763671875,7.9874267578125,5.2916259765625,3.3544921875,1.079345703125,10.6705322265625,8.42724609375,2.1163330078125,1.2579345703125,85.9349365234375,59.7979736328125,451.082275390625,31,0,0,2,6,9,5,0,0,1,2,4,2,0,175.26,185.42,155.0,0.5,0.0,0.46,0.215,0.33,0.0,0.0,0.0,0.0,0.0,60.0,26.0,53.0,11.5,64.0,30.0,53.5,12.0,1.5,1.0,0.0,0.0,49.5,20.5,43.5,6.5,5.0,3.5,5.0,3.0,5.5,2.0,4.5,2.0,54.0,21.5,51.5,11.5,3.0,2.0,1.5,0.0,3.0,2.5,0.0,0.0,38.0,0.0,267.0,2,1,2,0,2,2,0,0,0,0,0,1,0,1,180.34,193.04,155.0,35.0,27.0,0,0,0,0,0,0,1,0,0,0,0,0,0,0,0,0,0,1,0,0,1,0,0,0
Red,False,0.0,0.0,0.39,0.68,0.16,1.0,0.0,4.0,1.0,1.0,41.0,16.0,94.0,64.0,53.0,28.0,148.0,117.0,6.0,1.0,5.0,5.0,26.0,6.0,70.0,41.0,12.0,9.0,17.0,16.0,3.0,1.0,7.0,7.0,34.0,11.0,26.0,13.0,1.0,1.0,7.0,6.0,6.0,4.0,61.0,45.0,99.0,583.0,900.0,3,0,0,1,0,0,1,0,0,0,0,0,0,0,185.42,185.42,185.0,0.502197265625,0.109619140625,0.3866455078125,0.20567626953125,0.258427734375,0.10026611328125,0.03173828125,0.065185546875,0.0003662109375,0.0001220703125,171.09375,68.048828125,112.13037109375,26.6527099609375,177.3812255859375,73.1234130859375,114.5882568359375,28.842041015625,5.9560546875,1.924560546875,0.8837890625,0.2064208984375,155.5755615234375,54.5029296875,93.971435546875,16.123779296875,7.3203125,5.98974609375,9.100830078125,3.6431884765625,8.1978759765625,7.55615234375,9.05810546875,6.8857421875,150.041748046875,55.222900390625,107.6876220703125,25.3470458984375,14.14794921875,8.7769775390625,3.194091796875,0.6905517578125,6.904052734375,4.0489501953125,1.2486572265625,0.6151123046875,45.515625,17.971435546875,636.187744140625,31,1,4,0,4,11,3,0,0,1,3,7,0,0,185.42,190.5,185.0,30.0,32.0,0,0,0,0,0,0,0,1,0,0,0,0,0,0,0,1,0,0,0,0,1,0,0,0
Red,False,0.015625,0.0,0.45,0.4275,0.25,0.2,0.148468017578125,0.098388671875,0.0,0.0,66.5,29.6875,64.31230545043945,27.34375,89.75,48.0,85.53125,44.41152191162109,2.0,0.75,2.0546875,0.75,51.1875,18.3359375,49.6123046875,16.280410766601562,7.5,5.07647705078125,7.5,5.0,4.5,3.625,4.984375,3.9375,48.6875,17.0,47.11572265625,16.5,5.75,3.75,5.3125,3.4375,5.0625,3.5,3.875,2.5,99.2119140625,94.125,638.5,0,0,0,0,0,0,0,0,0,0,0,0,0,0,175.26,175.26,145.0,0.0471682548522949,0.0,0.45,0.4217682266235352,0.25,0.19173828125,0.1875,0.125,0.0,0.0,69.5,30.5,66.984375,27.8466796875,94.0,48.544921875,88.50390625,44.75,2.0,0.8125,2.015625,0.6640625,54.0,19.01513671875,51.483436584472656,16.9437255859375,7.91796875,5.430633544921875,7.75,5.0625,4.780975341796875,3.9373779296875,4.8994140625,3.84375,51.025390625,18.400863647460938,50.515625,17.5,5.75,3.75,5.5,3.5,5.375,3.6875,4.0,2.65625,104.865234375,89.5,655.8441009521484,0,0,0,0,0,0,0,0,0,0,0,0,0,0,162.56,180.34,135.0,29.0,26.0,0,0,1,0,0,0,0,0,0,0,0,0,0,0,0,1,0,0,0,0,0,0,1,0
Blue,False,0.015625,0.0,0.45,0.4275,0.25,0.2,0.148468017578125,0.098388671875,0.0,0.0,66.5,29.6875,64.31230545043945,27.34375,89.75,48.0,85.53125,44.41152191162109,2.0,0.75,2.0546875,0.75,51.1875,18.3359375,49.6123046875,16.280410766601562,7.5,5.07647705078125,7.5,5.0,4.5,3.625,4.984375,3.9375,48.6875,17.0,47.11572265625,16.5,5.75,3.75,5.3125,3.4375,5.0625,3.5,3.875,2.5,99.2119140625,94.125,638.5,0,0,0,0,0,0,0,0,0,0,0,0,0,0,177.8,180.34,135.0,0.0471682548522949,0.0,0.45,0.4217682266235352,0.25,0.19173828125,0.1875,0.125,0.0,0.0,69.5,30.5,66.984375,27.8466796875,94.0,48.544921875,88.50390625,44.75,2.0,0.8125,2.015625,0.6640625,54.0,19.01513671875,51.483436584472656,16.9437255859375,7.91796875,5.430633544921875,7.75,5.0625,4.780975341796875,3.9373779296875,4.8994140625,3.84375,51.025390625,18.400863647460938,50.515625,17.5,5.75,3.75,5.5,3.5,5.375,3.6875,4.0,2.65625,104.865234375,89.5,655.8441009521484,0,0,0,0,0,0,0,0,0,0,0,0,0,0,160.02,160.02,125.0,28.0,27.0,1,0,0,0,0,0,0,0,0,0,0,0,0,0,0,1,0,0,0,0,1,0,0,0
Red,False,0.015625,0.0,0.45,0.4275,0.25,0.2,0.148468017578125,0.098388671875,0.0,0.0,66.5,29.6875,64.31230545043945,27.34375,89.75,48.0,85.53125,44.41152191162109,2.0,0.75,2.0546875,0.75,51.1875,18.3359375,49.6123046875,16.280410766601562,7.5,5.07647705078125,7.5,5.0,4.5,3.625,4.984375,3.9375,48.6875,17.0,47.11572265625,16.5,5.75,3.75,5.3125,3.4375,5.0625,3.5,3.875,2.5,99.2119140625,94.125,638.5,0,0,0,0,0,0,0,0,0,0,0,0,0,0,167.64,167.64,145.0,0.0471682548522949,0.0,0.45,0.4217682266235352,0.25,0.19173828125,0.1875,0.125,0.0,0.0,69.5,30.5,66.984375,27.8466796875,94.0,48.544921875,88.50390625,44.75,2.0,0.8125,2.015625,0.6640625,54.0,19.01513671875,51.483436584472656,16.9437255859375,7.91796875,5.430633544921875,7.75,5.0625,4.780975341796875,3.9373779296875,4.8994140625,3.84375,51.025390625,18.400863647460938,50.515625,17.5,5.75,3.75,5.5,3.5,5.375,3.6875,4.0,2.65625,104.865234375,89.5,655.8441009521484,0,0,0,0,0,0,0,0,0,0,0,0,0,0,180.34,177.8,145.0,30.0,24.0,0,0,1,0,0,0,0,0,0,0,0,0,0,0,0,1,0,0,0,0,1,0,0,0
Red,False,0.015625,0.0,0.45,0.4275,0.25,0.2,0.148468017578125,0.098388671875,0.0,0.0,66.5,29.6875,64.31230545043945,27.34375,89.75,48.0,85.53125,44.41152191162109,2.0,0.75,2.0546875,0.75,51.1875,18.3359375,49.6123046875,16.280410766601562,7.5,5.07647705078125,7.5,5.0,4.5,3.625,4.984375,3.9375,48.6875,17.0,47.11572265625,16.5,5.75,3.75,5.3125,3.4375,5.0625,3.5,3.875,2.5,99.2119140625,94.125,638.5,0,0,0,0,0,0,0,0,0,0,0,0,0,0,175.26,175.26,145.0,0.0471682548522949,0.0,0.45,0.4217682266235352,0.25,0.19173828125,0.1875,0.125,0.0,0.0,69.5,30.5,66.984375,27.8466796875,94.0,48.544921875,88.50390625,44.75,2.0,0.8125,2.015625,0.6640625,54.0,19.01513671875,51.483436584472656,16.9437255859375,7.91796875,5.430633544921875,7.75,5.0625,4.780975341796875,3.9373779296875,4.8994140625,3.84375,51.025390625,18.400863647460938,50.515625,17.5,5.75,3.75,5.5,3.5,5.375,3.6875,4.0,2.65625,104.865234375,89.5,655.8441009521484,0,0,0,0,0,0,0,0,0,0,0,0,0,0,172.72,172.72,135.0,25.0,27.0,0,0,1,0,0,0,0,0,0,0,0,0,0,0,0,1,0,0,0,0,1,0,0,0
Red,False,0.015625,0.0,0.45,0.4275,0.25,0.2,0.148468017578125,0.098388671875,0.0,0.0,66.5,29.6875,64.31230545043945,27.34375,89.75,48.0,85.53125,44.41152191162109,2.0,0.75,2.0546875,0.75,51.1875,18.3359375,49.6123046875,16.280410766601562,7.5,5.07647705078125,7.5,5.0,4.5,3.625,4.984375,3.9375,48.6875,17.0,47.11572265625,16.5,5.75,3.75,5.3125,3.4375,5.0625,3.5,3.875,2.5,99.2119140625,94.125,638.5,0,0,0,0,0,0,0,0,0,0,0,0,0,0,172.72,172.72,135.0,0.0,0.0,0.47,0.48,0.75,0.125,1.5,0.0,0.0,1.0,87.0,41.5,91.5,44.5,95.0,47.5,111.0,60.5,3.5,3.0,2.0,0.5,70.5,27.0,61.5,18.0,8.0,6.5,18.5,16.5,8.5,8.0,11.5,10.0,79.0,36.5,84.5,41.0,4.0,2.5,4.0,1.0,4.0,2.5,3.0,2.5,184.5,166.5,900.0,6,0,2,0,2,2,0,0,0,1,1,0,0,0,175.26,177.8,135.0,27.0,20.0,1,0,0,0,0,0,0,0,0,0,0,0,0,0,0,0,0,1,0,0,1,0,0,0
Red,False,0.015625,0.0,0.45,0.4275,0.25,0.2,0.148468017578125,0.098388671875,0.0,0.0,66.5,29.6875,64.31230545043945,27.34375,89.75,48.0,85.53125,44.41152191162109,2.0,0.75,2.0546875,0.75,51.1875,18.3359375,49.6123046875,16.280410766601562,7.5,5.07647705078125,7.5,5.0,4.5,3.625,4.984375,3.9375,48.6875,17.0,47.11572265625,16.5,5.75,3.75,5.3125,3.4375,5.0625,3.5,3.875,2.5,99.2119140625,94.125,638.5,0,0,0,0,0,0,0,0,0,0,0,0,0,0,175.26,177.8,185.0,0.33203125,0.57421875,0.328203125,0.6061328125000001,0.375,0.22078125,0.25,0.0,0.0,0.0,67.671875,18.3984375,62.515625,20.82421875,72.99609375,23.06640625,68.8984375,26.58984375,0.3828125,0.375,2.6484375,1.4375,54.8671875,9.921875,54.0859375,14.3515625,2.3984375,1.64453125,4.70703125,3.4375,10.40625,6.83203125,3.72265625,3.03515625,57.8359375,14.45703125,54.65234375,15.82421875,5.44140625,1.75,4.55859375,2.359375,4.39453125,2.19140625,3.3046875,2.640625,27.1171875,31.7265625,391.31640625,19,1,0,1,1,3,6,0,0,0,1,2,0,0,180.34,187.96,205.0,39.0,35.0,0,0,0,0,0,0,0,1,0,0,0,0,0,0,0,0,0,1,0,0,1,0,0,0
Red,False,0.25,0.0,0.50625,0.46125,0.281875,0.538125,0.0,1.0,0.0,0.5625,133.625,61.8125,108.9375,53.0625,153.6875,80.0625,143.4375,86.6875,9.0,3.75,2.6875,1.5,89.5625,29.625,77.125,32.5625,19.0625,14.5625,28.5625,18.1875,25.0,17.625,3.25,2.3125,106.8125,43.625,90.5625,43.0,22.6875,15.5,15.1875,8.4375,4.125,2.6875,3.1875,1.625,145.0,105.75,680.25,13,0,0,1,4,4,1,0,0,1,2,1,0,0,193.04,200.66,205.0,0.2509765625,0.03125,0.47345947265625,0.4152978515625,0.4755810546875,0.0509619140625,0.709228515625,0.016357421875,0.562744140625,0.500244140625,90.476318359375,42.0068359375,70.949462890625,28.821533203125,167.227783203125,109.141845703125,85.793212890625,42.3818359375,4.196533203125,2.252685546875,2.12060546875,0.444091796875,67.28662109375,24.12744140625,61.173583984375,21.574462890625,18.608642578125,14.596435546875,4.95556640625,3.7568359375,4.5810546875,3.282958984375,4.8203125,3.490234375,40.319091796875,11.756591796875,46.4423828125,15.733642578125,30.421142578125,16.832763671875,20.0439453125,9.71728515625,19.736083984375,13.41748046875,4.463134765625,3.37060546875,447.63623046875,116.879150390625,754.4423828125,33,1,0,1,3,7,6,0,0,0,3,2,2,0,193.04,200.66,205.0,29.0,34.0,0,0,0,0,0,1,0,0,0,0,0,0,0,0,0,1,0,0,0,0,1,0,0,0
Red,False,0.0,0.5,0.7009375,0.6253124999999999,0.166875,0.3325,0.9375,0.375,0.625,0.875,42.21875,17.5625,40.84375,15.90625,64.40625,37.34375,51.5,25.40625,5.28125,1.28125,0.625,0.5,36.28125,13.71875,37.40625,13.03125,2.3125,1.875,2.46875,1.90625,3.625,1.96875,0.96875,0.96875,27.1875,8.46875,34.75,11.59375,10.34375,5.5,2.59375,1.5625,4.6875,3.59375,3.5,2.75,170.90625,59.09375,446.6875,15,0,2,0,2,3,3,0,0,0,2,1,0,0,180.34,180.34,205.0,0.140625,0.5,0.2390624999999999,0.3553125,0.09390625,0.25,0.03125,1.28125,0.0,0.0,42.78125,12.546875,43.609375,13.421875,51.3125,19.59375,49.484375,19.03125,3.296875,0.984375,0.5,0.5,35.0625,7.90625,34.671875,7.015625,1.9375,1.390625,4.71875,3.703125,5.78125,3.25,4.21875,2.703125,35.53125,8.484375,38.390625,9.84375,3.015625,1.671875,0.9375,0.5625,4.234375,2.390625,4.28125,3.015625,67.4375,70.234375,400.46875,16,1,5,0,5,5,2,0,0,0,3,2,0,0,187.96,187.96,205.0,36.0,28.0,0,0,0,0,0,1,0,0,0,0,0,0,0,0,0,1,0,0,0,0,1,0,0,0
Red,False,0.0,0.0,0.32,0.245,1.0,0.0,0.5,0.0,0.0,0.0,73.5,24.0,69.0,15.5,84.5,33.0,80.5,25.5,1.0,1.0,0.0,0.0,63.0,15.5,57.0,9.0,10.5,8.5,3.0,1.0,0.0,0.0,9.0,5.5,62.0,16.5,65.5,14.5,6.0,6.0,3.5,1.0,5.5,1.5,0.0,0.0,188.5,21.0,555.0,4,0,2,0,2,2,0,0,0,0,1,0,1,0,170.18,177.8,135.0,0.0,0.0,0.365,0.26,0.19,0.315,0.0,0.0,0.0,0.5,140.0,49.5,154.5,50.5,151.5,59.5,163.5,59.0,8.0,1.5,8.0,2.5,110.0,33.5,118.0,29.0,22.5,12.0,25.0,14.0,7.5,4.0,11.5,7.5,100.5,30.0,144.5,44.5,15.5,10.0,8.5,5.5,24.0,9.5,1.5,0.5,175.5,120.0,1200.0,8,1,1,0,1,1,1,0,0,0,1,0,0,0,167.64,170.18,135.0,31.0,32.0,1,0,0,0,0,0,0,0,0,0,0,0,0,0,0,1,0,0,0,0,1,0,0,0
Blue,False,0.0,0.0,0.415,0.395,0.81,0.0,0.5,0.0,0.0,0.5,61.0,26.0,41.5,16.0,107.5,65.0,53.5,25.5,4.5,3.0,0.0,0.0,56.5,22.0,28.5,6.0,0.5,0.5,9.0,7.0,4.0,3.5,4.0,3.0,39.5,13.0,34.5,11.0,4.5,2.0,5.5,4.0,17.0,11.0,1.5,1.0,352.0,1.5,597.0,4,0,2,0,2,2,0,0,0,0,1,0,1,0,187.96,198.12,185.0,0.25,0.0,0.526875,0.331875,0.4574999999999999,0.04125,1.8125,0.25,0.0,0.5,77.9375,42.375,49.6875,19.1875,140.9375,100.125,74.125,43.0625,5.4375,3.0625,1.0,0.25,69.1875,33.625,40.0625,14.1875,3.75,3.75,7.1875,3.9375,5.0,5.0,2.4375,1.0625,37.4375,11.5,35.6875,11.375,17.0,13.375,10.625,6.1875,23.5,17.5,3.375,1.625,459.25,55.25,729.6875,12,0,2,0,2,3,2,0,0,0,2,0,1,0,182.88,187.96,205.0,27.0,28.0,0,0,0,0,0,0,0,1,0,0,0,0,0,0,0,1,0,0,0,0,0,0,1,0
Blue,False,0.57080078125,0.00537109375,0.4501904296875,0.3486767578125,0.06029296875,0.1244140625,1.30224609375,0.173828125,0.03125,0.125,125.6396484375,52.2490234375,123.4912109375,35.76904296875,136.68994140625,62.84814453125,133.58740234375,44.021484375,0.52685546875,0.20654296875,12.458984375,1.68017578125,114.56298828125,44.60888671875,108.99169921875,25.70947265625,9.6875,6.8759765625,10.53271484375,6.85107421875,1.38916015625,0.76416015625,3.966796875,3.20849609375,97.869140625,34.14453125,95.9306640625,23.56005859375,23.529296875,14.92431640625,26.6298828125,11.31298828125,4.2412109375,3.18017578125,0.9306640625,0.89599609375,128.5361328125,176.90673828125,826.69677734375,23,0,4,0,4,8,4,0,0,1,2,1,4,0,182.88,182.88,170.0,0.0625,0.0,0.389921875,0.40453125,0.465859375,0.4765625,2.21875,0.328125,0.0390625,0.5078125,93.671875,37.5703125,53.375,20.6953125,132.46875,75.03125,90.875,57.390625,6.734375,2.6171875,6.75,3.609375,69.3828125,18.625,47.2109375,16.0234375,15.9296875,11.7421875,3.25,2.3125,8.359375,7.203125,2.9140625,2.359375,63.34375,18.0625,39.0078125,13.6015625,22.6875,13.8515625,10.8125,4.5703125,7.640625,5.65625,3.5546875,2.5234375,265.5546875,361.9453125,863.0390625,22,0,0,1,6,6,2,0,0,2,2,1,1,0,175.26,180.34,170.0,29.0,27.0,0,0,0,0,0,0,0,0,0,1,0,0,0,0,0,1,0,0,0,0,0,0,1,0
Blue,False,0.640625,0.078125,0.37890625,0.34421875,0.2284375,0.0459375,0.109375,0.203125,0.03125,0.0,88.21875,32.796875,94.703125,30.25,95.484375,39.40625,103.109375,37.921875,2.0,1.21875,2.640625,0.34375,72.484375,20.359375,78.96875,17.59375,7.25,5.046875,11.625,8.71875,8.484375,7.390625,4.109375,3.9375,65.5,19.125,83.5,22.9375,12.328125,7.46875,7.6875,4.640625,10.390625,6.203125,3.515625,2.671875,139.5625,65.125,699.5,19,3,2,0,3,5,2,0,0,2,2,1,0,0,180.34,187.96,185.0,0.6875,0.25,0.4771875,0.3825,0.0142187499999999,0.43390625,0.03125,0.046875,0.0,0.03125,40.890625,19.515625,50.140625,25.328125,44.140625,22.140625,59.828125,34.328125,0.625,0.09375,1.203125,1.171875,30.71875,13.109375,35.21875,15.78125,4.125,2.03125,8.6875,5.703125,6.046875,4.375,6.234375,3.84375,28.875,11.109375,30.484375,10.921875,5.09375,3.1875,5.4375,3.703125,6.921875,5.21875,14.21875,10.703125,27.75,137.265625,402.265625,17,3,0,1,2,4,3,0,0,0,0,4,0,0,185.42,193.04,205.0,41.0,29.0,0,0,0,0,0,1,0,0,0,0,0,0,0,0,0,1,0,0,0,0,1,0,0,0
Red,False,0.5,0.015625,0.27734375,0.17765625,0.1990625,0.08640625,0.328125,0.125,0.015625,0.03125,41.15625,13.171875,49.734375,10.203125,53.234375,23.75,60.296875,19.21875,2.359375,0.9375,1.59375,0.515625,33.21875,8.5625,40.71875,4.453125,2.125,1.34375,4.03125,2.140625,5.8125,3.265625,4.984375,3.609375,32.25,7.265625,45.5,7.421875,1.96875,1.6875,1.921875,1.421875,6.9375,4.21875,2.3125,1.359375,100.40625,85.890625,386.921875,18,0,0,2,3,4,3,0,0,0,2,1,1,0,172.72,177.8,155.0,0.5625,0.001953125,0.3383825683593749,0.285013427734375,0.772113037109375,0.044794921875,1.09228515625,0.2540283203125,0.000244140625,0.0001220703125,74.856689453125,25.780517578125,74.2955322265625,22.98193359375,100.980224609375,48.2064208984375,91.8284912109375,40.1048583984375,4.7305908203125,3.0665283203125,3.8250732421875,0.267822265625,68.780029296875,21.0643310546875,58.861572265625,11.79833984375,5.7012939453125,4.4659423828125,9.9542236328125,7.1962890625,0.3753662109375,0.250244140625,5.479736328125,3.9873046875,61.52685546875,16.84912109375,67.5596923828125,17.6888427734375,4.2900390625,2.8583984375,4.085205078125,2.7237548828125,9.039794921875,6.072998046875,2.650634765625,2.5693359375,167.331298828125,72.1832275390625,660.0472412109375,33,0,0,1,3,9,5,0,0,1,4,1,3,0,177.8,180.34,155.0,27.0,28.0,0,0,0,0,0,0,1,0,0,0,0,0,0,0,0,0,0,1,0,0,0,0,1,0
Red,False,0.0,0.0,0.33,0.32,0.635,0.25,1.0,0.0,0.0,0.5,80.0,24.5,116.0,38.5,105.0,45.5,141.0,62.0,6.5,4.5,1.5,0.5,64.5,14.5,82.0,18.5,6.5,3.5,16.0,9.0,9.0,6.5,18.0,11.0,75.5,22.5,107.0,34.0,3.0,1.0,4.5,2.5,1.5,1.0,4.5,2.0,334.5,97.5,886.5,6,0,1,0,1,1,1,0,0,0,0,0,1,0,170.18,172.72,135.0,0.0,0.0,0.45,0.315,0.0,0.5,1.5,0.0,1.0,0.5,103.5,41.5,79.0,11.5,151.5,84.0,113.5,36.5,0.5,0.0,2.5,2.5,92.5,32.0,64.5,5.5,7.0,6.0,9.0,3.0,4.0,3.5,5.5,3.0,96.0,36.5,72.0,8.5,6.5,4.5,7.0,3.0,1.0,0.5,0.0,0.0,136.5,260.5,900.0,6,0,1,0,1,1,1,0,0,0,1,0,0,0,175.26,193.04,135.0,24.0,30.0,1,0,0,0,0,0,0,0,0,0,0,0,0,0,0,1,0,0,0,0,1,0,0,0
Blue,False,0.5,0.0,0.44,0.48,0.0,0.25,2.0,0.0,0.0,0.5,75.5,31.5,30.5,15.0,91.0,45.5,53.5,36.0,2.0,0.0,3.0,1.5,55.0,20.5,21.5,7.5,14.5,6.5,5.0,4.5,6.0,4.5,4.0,3.0,42.5,10.0,18.5,7.0,19.5,13.0,4.5,2.5,13.5,8.5,7.5,5.5,129.0,346.5,636.0,5,0,0,1,1,1,1,0,0,0,0,0,1,0,190.5,190.5,170.0,0.1875,0.0,0.5288671875,0.526328125,0.697265625,0.513203125,2.00390625,1.16015625,0.25,0.8125,56.1953125,27.9609375,38.515625,20.421875,92.92578125,62.3125,54.1484375,32.609375,2.546875,1.88671875,7.53125,3.65234375,43.8359375,17.37109375,22.65625,8.14453125,6.6484375,5.9453125,5.3203125,4.0859375,5.7109375,4.64453125,10.5390625,8.19140625,45.77734375,20.3515625,26.3828125,13.53125,5.6640625,4.2734375,4.51171875,2.53515625,4.75390625,3.3359375,7.62109375,4.35546875,155.9453125,310.453125,675.4921875,20,0,1,0,3,5,4,0,0,0,1,3,1,0,182.88,190.5,170.0,30.0,30.0,0,0,0,0,0,0,0,0,0,1,0,0,0,0,0,1,0,0,0,0,1,0,0,0
Red,False,0.0,0.0,0.315,0.23,0.275,0.0,0.0,0.5,0.0,0.0,137.5,34.0,221.0,55.5,155.5,49.0,225.0,59.5,7.0,2.5,0.5,0.0,112.5,20.0,211.5,52.0,12.5,7.0,7.5,2.5,12.5,7.0,2.0,1.0,126.5,26.5,218.0,54.0,5.5,5.0,2.5,1.0,5.5,2.5,0.5,0.5,286.5,6.0,900.0,6,0,1,0,1,1,1,0,0,0,1,0,0,0,175.26,190.5,155.0,0.0,0.0,0.63,0.315,0.35,0.4649999999999999,0.0,5.0,0.5,0.0,66.5,38.5,30.5,9.0,94.5,64.5,53.0,30.0,7.5,3.0,5.5,2.5,44.0,16.0,26.0,6.5,13.0,13.0,3.5,2.0,9.5,9.5,1.0,0.5,43.0,17.5,26.5,5.5,10.0,7.5,2.0,1.5,13.5,13.5,2.0,2.0,249.5,345.0,900.0,6,0,1,0,1,1,1,0,0,0,1,0,0,0,175.26,180.34,155.0,29.0,32.0,0,0,0,0,0,0,1,0,0,0,0,0,0,0,0,0,0,1,0,0,1,0,0,0
Red,False,0.5,0.0,0.48,0.715,0.0,0.0,0.5,0.0,0.5,0.0,27.5,14.5,19.0,8.5,31.0,18.0,19.0,8.5,0.5,0.0,0.0,0.0,15.5,6.0,11.5,3.0,5.5,4.0,1.0,0.5,6.5,4.5,6.5,5.0,18.0,6.5,19.0,8.5,5.0,3.5,0.0,0.0,4.5,4.5,0.0,0.0,13.5,20.0,161.0,2,0,2,0,2,2,0,0,0,0,0,1,1,0,185.42,185.42,145.0,0.0,0.0,0.52,0.36,0.275,0.11,0.0,1.0,0.5,0.0,147.0,77.0,102.0,36.5,167.5,95.0,135.5,68.5,4.5,2.5,4.5,1.0,121.5,55.5,74.0,15.5,11.0,8.5,15.0,10.5,14.5,13.0,13.0,10.5,94.5,49.5,88.0,27.5,46.5,24.0,10.5,6.0,6.0,3.5,3.5,3.0,374.5,106.5,900.0,6,0,2,0,2,2,0,0,0,0,2,0,0,0,175.26,182.88,155.0,28.0,22.0,0,0,1,0,0,0,0,0,0,0,0,0,0,0,0,1,0,0,0,0,0,0,1,0
Blue,False,0.015625,0.0,0.45,0.4275,0.25,0.2,0.148468017578125,0.098388671875,0.0,0.0,66.5,29.6875,64.31230545043945,27.34375,89.75,48.0,85.53125,44.41152191162109,2.0,0.75,2.0546875,0.75,51.1875,18.3359375,49.6123046875,16.280410766601562,7.5,5.07647705078125,7.5,5.0,4.5,3.625,4.984375,3.9375,48.6875,17.0,47.11572265625,16.5,5.75,3.75,5.3125,3.4375,5.0625,3.5,3.875,2.5,99.2119140625,94.125,638.5,0,0,0,0,0,0,0,0,0,0,0,0,0,0,167.64,165.1,125.0,0.0,0.0,0.24,0.37,0.0,0.66,0.0,0.0,0.0,0.0,65.0,16.0,102.0,38.0,66.0,17.0,134.0,70.0,2.0,0.0,15.0,10.0,59.0,12.0,73.0,17.0,5.0,3.0,15.0,12.0,1.0,1.0,14.0,9.0,59.0,14.0,82.0,23.0,5.0,2.0,17.0,12.0,1.0,0.0,3.0,3.0,27.0,226.0,900.0,3,0,0,1,0,0,1,0,0,0,0,0,0,0,162.56,167.64,135.0,32.0,34.0,1,0,0,0,0,0,0,0,0,0,0,0,0,0,0,1,0,0,0,0,0,0,1,0
Red,False,0.0,1.0,0.5,0.53,0.0,0.925,0.0,0.0,0.0,0.0,58.0,29.0,108.5,58.0,70.0,40.5,142.5,90.5,0.5,0.0,4.0,3.5,35.5,10.0,79.5,35.0,17.0,15.0,18.5,15.0,5.5,4.0,10.5,8.0,45.5,21.0,84.5,44.0,11.5,7.5,18.0,11.0,1.0,0.5,6.0,3.0,26.0,334.0,735.0,5,0,0,2,0,0,2,0,0,0,0,0,0,0,170.18,182.88,135.0,0.0,0.0,0.4,0.5900000000000001,0.0,0.575,0.0,1.5,1.0,0.5,16.0,7.5,8.5,5.5,24.0,15.0,36.0,27.5,0.0,0.0,7.0,4.0,13.0,5.0,7.0,4.5,2.5,2.0,1.0,0.5,0.5,0.5,0.5,0.5,7.5,2.5,3.5,1.0,2.0,1.5,0.5,0.5,6.5,3.5,4.5,4.0,65.5,221.5,345.0,3,0,0,2,0,0,2,0,0,0,0,0,0,0,177.8,185.42,145.0,30.0,23.0,1,0,0,0,0,0,0,0,0,0,0,0,0,0,0,1,0,0,0,0,0,0,1,0
Blue,False,1.0,0.0,0.5,0.2,0.33,0.0,0.0,0.0,0.0,0.0,32.0,16.0,30.0,6.0,32.0,16.0,42.0,18.0,3.0,1.0,1.0,0.0,23.0,9.0,23.0,4.0,2.0,1.0,3.0,1.0,7.0,6.0,4.0,1.0,23.0,12.0,27.0,6.0,4.0,3.0,3.0,0.0,5.0,1.0,0.0,0.0,109.0,0.0,281.0,1,0,1,0,1,1,0,0,0,0,0,1,0,0,172.72,180.34,145.0,0.0471682548522949,0.0,0.45,0.4217682266235352,0.25,0.19173828125,0.1875,0.125,0.0,0.0,69.5,30.5,66.984375,27.8466796875,94.0,48.544921875,88.50390625,44.75,2.0,0.8125,2.015625,0.6640625,54.0,19.01513671875,51.483436584472656,16.9437255859375,7.91796875,5.430633544921875,7.75,5.0625,4.780975341796875,3.9373779296875,4.8994140625,3.84375,51.025390625,18.400863647460938,50.515625,17.5,5.75,3.75,5.5,3.5,5.375,3.6875,4.0,2.65625,104.865234375,89.5,655.8441009521484,0,0,0,0,0,0,0,0,0,0,0,0,0,0,172.72,177.8,145.0,29.0,28.0,0,0,1,0,0,0,0,0,0,0,0,0,0,0,0,1,0,0,0,0,1,0,0,0
Blue,False,0.0,0.0,0.4649999999999999,0.315,0.875,0.18,1.0,4.0,0.0,0.5,129.0,60.5,39.0,12.5,192.5,116.5,58.5,30.0,5.5,5.0,5.5,2.0,94.0,33.0,31.0,8.0,25.0,19.0,5.0,3.0,10.0,8.5,3.0,1.5,57.5,16.5,28.5,7.0,28.0,18.5,6.5,3.5,43.5,25.5,4.0,2.0,477.0,135.0,900.0,6,0,2,0,2,2,0,0,0,0,2,0,0,0,175.26,177.8,170.0,0.001953125,0.046875,0.262410888671875,0.239949951171875,0.5082336425781251,0.056220703125,0.572021484375,0.769287109375,0.5,0.001953125,66.1634521484375,17.2650146484375,60.5994873046875,15.036376953125,101.1497802734375,48.272705078125,78.2042236328125,32.0040283203125,7.50341796875,3.7362060546875,0.732421875,0.17626953125,56.97216796875,9.11083984375,55.8157958984375,12.288818359375,3.0111083984375,2.1898193359375,2.672607421875,1.304443359375,6.18017578125,5.96435546875,2.111083984375,1.443115234375,49.0703125,9.0196533203125,56.6883544921875,11.98388671875,4.296142578125,3.38525390625,2.2076416015625,1.5224609375,12.7969970703125,4.860107421875,1.7034912109375,1.530029296875,413.2049560546875,38.67041015625,753.427001953125,36,0,1,0,4,9,5,0,0,2,2,1,4,0,170.18,177.8,155.0,27.0,29.0,0,0,0,0,0,0,1,0,0,0,0,0,0,0,0,0,0,1,0,0,1,0,0,0
Red,False,0.0,0.5,0.48,0.42,0.5,0.175,1.0,0.5,0.5,0.0,67.5,34.5,98.5,41.5,101.5,65.5,127.5,64.5,0.5,0.5,11.0,3.5,49.5,18.0,75.0,25.5,14.0,13.5,16.5,10.0,4.0,3.0,7.0,6.0,45.5,16.0,67.5,20.5,15.5,13.0,22.5,16.5,6.5,5.5,8.5,4.5,115.0,282.5,636.0,5,0,1,0,1,1,1,0,0,1,0,0,0,0,185.42,187.96,170.0,0.0625,0.0,0.448125,0.6290625000000001,0.5,0.690625,0.09375,0.40625,0.0625,0.0,41.40625,17.96875,79.78125,41.25,48.90625,24.125,98.9375,56.40625,2.5,1.25,2.1875,1.71875,37.34375,15.09375,63.78125,29.4375,3.25,2.0625,11.1875,7.96875,0.8125,0.8125,4.8125,3.84375,30.0625,11.53125,36.0,15.6875,6.9375,4.1875,11.40625,7.9375,4.40625,2.25,32.375,17.625,134.4375,165.46875,437.40625,10,1,0,1,2,3,3,0,0,0,0,1,2,0,185.42,190.5,170.0,31.0,29.0,0,0,0,0,0,0,0,0,0,1,0,0,0,0,0,1,0,0,0,0,1,0,0,0
Blue,True,0.984375,0.0,0.47640625,0.310625,0.625,0.29,0.0,0.0,0.0,0.0,176.296875,82.359375,73.390625,22.09375,191.203125,92.953125,74.453125,23.15625,1.5,1.25,3.40625,0.625,149.921875,63.90625,69.59375,18.859375,23.0,15.390625,0.90625,0.53125,3.375,3.0625,2.890625,2.703125,146.796875,64.453125,70.28125,20.703125,12.203125,6.5625,3.109375,1.390625,17.296875,11.34375,0.0,0.0,30.203125,51.34375,736.671875,13,0,7,0,7,7,0,0,0,0,2,5,0,0,193.04,195.58,238.0,1.296875,0.0,0.5164062500000001,0.34796875,0.4421875,0.185625,0.125,0.03125,0.0,0.0,65.578125,34.5,21.046875,7.1875,107.9375,69.640625,24.484375,10.53125,2.390625,1.609375,1.703125,0.5625,59.484375,29.78125,18.828125,5.5,2.96875,2.09375,2.0,1.5,3.125,2.625,0.21875,0.1875,30.140625,11.890625,17.078125,4.28125,5.25,4.15625,3.59375,2.65625,30.1875,18.453125,0.375,0.25,145.203125,41.8125,280.125,11,1,7,0,7,7,0,0,0,0,1,6,0,0,185.42,195.58,240.0,27.0,29.0,0,0,0,0,1,0,0,0,0,0,0,0,0,0,0,1,0,0,0,0,1,0,0,0
Red,False,0.015625,0.0,0.45,0.4275,0.25,0.2,0.148468017578125,0.098388671875,0.0,0.0,66.5,29.6875,64.31230545043945,27.34375,89.75,48.0,85.53125,44.41152191162109,2.0,0.75,2.0546875,0.75,51.1875,18.3359375,49.6123046875,16.280410766601562,7.5,5.07647705078125,7.5,5.0,4.5,3.625,4.984375,3.9375,48.6875,17.0,47.11572265625,16.5,5.75,3.75,5.3125,3.4375,5.0625,3.5,3.875,2.5,99.2119140625,94.125,638.5,0,0,0,0,0,0,0,0,0,0,0,0,0,0,185.42,185.42,205.0,0.0,0.0,0.4,0.46,0.0,0.25,0.0,0.0,0.0,0.0,179.0,73.0,188.0,88.0,258.0,135.0,304.0,185.0,1.0,0.0,4.0,1.0,158.0,56.0,146.0,53.0,16.0,13.0,19.0,16.0,5.0,4.0,23.0,19.0,160.0,62.0,154.0,59.0,19.0,11.0,27.0,22.0,0.0,0.0,7.0,7.0,8.0,320.0,686.0,3,0,0,1,0,0,1,0,0,0,0,0,0,0,193.04,195.58,205.0,29.0,28.0,0,0,0,0,0,1,0,0,0,0,0,0,0,0,0,1,0,0,0,0,1,0,0,0
Red,False,0.0,0.0,0.19,0.34,0.25,0.0,0.0,0.0,0.0,0.0,67.0,13.0,123.0,43.0,75.0,19.0,135.0,55.0,12.0,3.0,1.0,0.0,62.0,11.0,82.0,17.0,4.0,1.0,11.0,6.0,1.0,1.0,30.0,20.0,59.0,10.0,114.0,38.0,6.0,2.0,9.0,5.0,2.0,1.0,0.0,0.0,155.0,4.0,900.0,3,0,0,1,0,0,1,0,0,0,0,0,0,0,175.26,175.26,170.0,0.25,0.0,0.4509375,0.39,0.4025,0.0925,0.5,0.03125,0.0,0.0,76.5,32.09375,80.75,33.625,118.8125,72.0,108.375,59.0,4.78125,2.09375,3.3125,0.625,61.0625,20.53125,60.65625,18.6875,10.6875,7.25,13.53125,10.5625,4.75,4.3125,6.5625,4.375,41.65625,9.78125,53.34375,14.6875,23.25,13.28125,26.9375,18.5,11.59375,9.03125,0.46875,0.4375,316.0,68.84375,743.625,17,0,1,0,3,4,2,0,0,0,2,1,1,0,172.72,180.34,170.0,28.0,31.0,0,0,0,0,0,0,0,0,0,1,0,0,0,0,0,1,0,0,0,0,1,0,0,0
Red,False,0.015625,0.0,0.45,0.4275,0.25,0.2,0.148468017578125,0.098388671875,0.0,0.0,66.5,29.6875,64.31230545043945,27.34375,89.75,48.0,85.53125,44.41152191162109,2.0,0.75,2.0546875,0.75,51.1875,18.3359375,49.6123046875,16.280410766601562,7.5,5.07647705078125,7.5,5.0,4.5,3.625,4.984375,3.9375,48.6875,17.0,47.11572265625,16.5,5.75,3.75,5.3125,3.4375,5.0625,3.5,3.875,2.5,99.2119140625,94.125,638.5,0,0,0,0,0,0,0,0,0,0,0,0,0,0,180.34,180.34,185.0,0.3419189453125,0.062744140625,0.3523992919921875,0.3593408203125,0.4309912109375,0.302127685546875,0.001708984375,0.06329345703125,0.25,6.103515625e-05,128.9468994140625,46.46954345703125,136.9560546875,49.21624755859375,152.47576904296875,66.22625732421875,162.9300537109375,73.306396484375,2.07861328125,1.01611328125,9.951416015625,3.78302001953125,107.7742919921875,30.21209716796875,103.01007080078124,23.8013916015625,4.47027587890625,3.39691162109375,15.3814697265625,9.92303466796875,16.70233154296875,12.86053466796875,18.56451416015625,15.4918212890625,112.456787109375,39.891357421875,108.84259033203124,30.13153076171875,11.94427490234375,4.93017578125,24.02740478515625,16.1595458984375,4.54583740234375,1.64801025390625,4.0860595703125,2.9251708984375,96.68585205078124,363.0012817382813,921.97607421875,36,1,0,1,7,10,5,0,0,0,3,6,0,1,175.26,177.8,170.0,33.0,28.0,0,0,0,0,0,0,0,0,0,1,0,0,0,0,0,0,0,1,0,0,1,0,0,0
Red,False,0.0,1.0,0.39,0.36,0.0,1.0,0.0,0.0,0.0,0.0,43.0,17.0,73.0,27.0,47.0,21.0,75.0,29.0,0.0,0.0,1.0,1.0,26.0,3.0,57.0,17.0,6.0,5.0,13.0,10.0,11.0,9.0,3.0,0.0,31.0,10.0,41.0,9.0,12.0,7.0,16.0,11.0,0.0,0.0,16.0,7.0,11.0,65.0,282.0,1,0,0,1,0,0,1,0,0,0,0,0,0,0,180.34,177.8,155.0,0.078125,0.125,0.367578125,0.405,0.0625,0.53859375,1.1640625,0.5,0.125,0.0,40.4765625,15.0078125,52.0234375,20.46875,43.7578125,17.71875,76.8984375,42.09375,0.1328125,0.0625,2.6171875,1.53125,28.1640625,6.25,40.0390625,12.1875,2.390625,0.7734375,3.6875,2.78125,9.921875,7.984375,8.296875,5.5,36.421875,12.328125,33.5078125,6.4375,3.1171875,2.5390625,3.6875,3.484375,0.9375,0.140625,14.828125,10.546875,69.5703125,219.171875,509.09375,18,0,1,0,4,5,3,0,0,0,1,1,3,0,185.42,185.42,155.0,27.0,25.0,0,0,0,0,0,0,1,0,0,0,0,0,0,0,0,1,0,0,0,0,1,0,0,0
Blue,False,0.125,0.25,0.46875,0.5425,0.15875,0.125,0.5,0.25,0.0,0.25,28.25,12.75,51.25,21.125,35.0,18.75,67.25,35.625,6.125,0.875,0.375,0.125,24.75,9.375,47.5,17.5,0.5,0.375,2.25,2.125,3.0,3.0,1.5,1.5,19.375,7.125,35.125,11.0,4.25,2.75,5.875,3.875,4.625,2.875,10.25,6.25,76.875,87.625,365.25,7,0,0,3,1,1,3,0,0,0,0,0,1,0,190.5,190.5,205.0,0.75,0.5,0.69,0.3175,0.5,0.235,0.0,0.75,0.25,0.0,109.75,80.0,70.5,22.0,124.25,93.0,84.0,33.0,0.75,0.5,4.75,1.0,75.75,49.75,51.25,9.5,18.25,16.25,12.5,7.0,15.75,14.0,6.75,5.5,95.75,68.5,60.25,15.0,8.5,6.5,4.0,3.0,5.5,5.0,6.25,4.0,53.5,135.0,598.5,6,0,1,0,1,2,1,0,0,0,1,1,0,0,198.12,205.74,205.0,39.0,38.0,0,0,0,0,0,1,0,0,0,0,0,0,0,0,0,1,0,0,0,0,0,0,1,0
Blue,False,0.3125,0.1015625,0.52359375,0.39296875,0.265625,0.37265625,0.515625,1.1171875,0.1640625,0.03125,67.8984375,35.0546875,62.2578125,24.1484375,88.234375,53.4140625,76.3828125,37.5859375,5.328125,1.75,5.265625,0.9609375,47.1171875,16.6953125,48.8046875,13.7265625,10.5234375,8.984375,9.59375,7.0625,10.2578125,9.375,3.859375,3.359375,38.6640625,14.0078125,49.7265625,15.21875,12.46875,7.5390625,11.3203125,8.0390625,16.765625,13.5078125,1.2109375,0.890625,200.0546875,107.9296875,658.1328125,17,0,0,1,3,6,2,0,0,1,2,3,0,0,182.88,180.34,185.0,0.506134033203125,0.750244140625,0.6316383361816407,0.4411236572265625,0.040849609375,0.1540913391113281,0.5644683837890625,0.453643798828125,0.0,0.0009765625,35.72614288330078,17.37004852294922,33.8997802734375,16.60041046142578,62.88396453857422,42.41419219970703,46.12001037597656,27.264976501464844,0.6328277587890625,0.0875091552734375,1.384857177734375,0.8152084350585938,26.753257751464844,11.713165283203123,29.10975646972656,12.94745635986328,2.7477340698242188,1.5502777099609375,3.388099670410156,2.65948486328125,6.225151062011719,4.106605529785156,1.4019241333007812,0.99346923828125,23.89665985107422,9.113975524902344,21.905174255371094,8.929061889648438,6.748939514160156,3.9494857788085938,6.998344421386719,4.63262939453125,5.080543518066406,4.306587219238281,4.996261596679688,3.0387191772460938,32.609230041503906,109.3657455444336,262.19908905029297,37,0,5,0,5,12,6,0,0,1,2,7,2,0,180.34,185.42,185.0,33.0,31.0,0,0,0,0,0,0,0,1,0,0,0,0,0,0,0,1,0,0,0,0,0,0,1,0
Blue,False,0.0,0.0,0.52,0.44,0.85,0.0,0.0,0.0,0.0,0.0,88.0,46.0,65.0,29.0,139.0,96.0,84.0,48.0,7.0,6.0,1.0,0.0,55.0,20.0,42.0,10.0,19.0,17.0,15.0,14.0,14.0,9.0,8.0,5.0,83.0,42.0,60.0,27.0,1.0,1.0,3.0,1.0,4.0,3.0,2.0,1.0,513.0,12.0,900.0,3,0,1,0,1,1,0,0,0,0,1,0,0,0,167.64,177.8,145.0,0.0471682548522949,0.0,0.45,0.4217682266235352,0.25,0.19173828125,0.1875,0.125,0.0,0.0,69.5,30.5,66.984375,27.8466796875,94.0,48.544921875,88.50390625,44.75,2.0,0.8125,2.015625,0.6640625,54.0,19.01513671875,51.483436584472656,16.9437255859375,7.91796875,5.430633544921875,7.75,5.0625,4.780975341796875,3.9373779296875,4.8994140625,3.84375,51.025390625,18.400863647460938,50.515625,17.5,5.75,3.75,5.5,3.5,5.375,3.6875,4.0,2.65625,104.865234375,89.5,655.8441009521484,0,0,0,0,0,0,0,0,0,0,0,0,0,0,167.64,172.72,135.0,24.0,33.0,1,0,0,0,0,0,0,0,0,0,0,0,0,0,0,1,0,0,0,0,1,0,0,0
Red,False,0.0,0.0,0.35,0.52,0.0,0.55,0.0,0.0,0.0,0.0,161.0,57.0,146.0,77.0,208.0,102.0,154.0,84.0,0.0,0.0,9.0,5.0,121.0,24.0,123.0,56.0,20.0,16.0,6.0,6.0,20.0,17.0,17.0,15.0,146.0,44.0,135.0,70.0,10.0,8.0,11.0,7.0,5.0,5.0,0.0,0.0,51.0,280.0,900.0,3,0,0,1,0,0,1,0,0,0,0,0,0,0,175.26,185.42,145.0,0.0,0.0,0.38375,0.37,0.4375,0.3875,0.875,0.0,0.375,0.375,105.5,42.5,193.625,62.75,142.5,74.25,212.0,78.375,1.625,0.75,6.875,2.875,96.75,34.0,177.875,53.125,6.75,6.5,11.375,5.625,2.0,2.0,4.375,4.0,96.125,36.75,173.125,51.125,5.625,3.5,4.0,1.5,3.75,2.25,16.5,10.125,94.625,232.125,900.0,12,0,0,4,0,0,4,0,0,0,0,0,0,0,167.64,172.72,145.0,25.0,35.0,0,0,1,0,0,0,0,0,0,0,0,0,0,0,0,1,0,0,0,0,1,0,0,0
Red,False,0.0,0.0,0.51,0.5900000000000001,0.25,1.0,1.0,1.0,0.0,1.0,81.5,41.5,85.5,49.5,124.5,78.0,128.5,88.5,16.5,4.5,2.0,2.0,61.0,23.0,70.0,34.0,14.0,13.5,13.5,13.5,6.5,5.0,2.0,2.0,51.0,18.5,47.5,16.0,23.0,17.0,20.5,17.5,7.5,6.0,17.5,16.0,337.5,317.5,900.0,6,0,0,1,1,1,1,0,0,0,1,0,0,0,177.8,177.8,155.0,0.0471682548522949,0.0,0.45,0.4217682266235352,0.25,0.19173828125,0.1875,0.125,0.0,0.0,69.5,30.5,66.984375,27.8466796875,94.0,48.544921875,88.50390625,44.75,2.0,0.8125,2.015625,0.6640625,54.0,19.01513671875,51.483436584472656,16.9437255859375,7.91796875,5.430633544921875,7.75,5.0625,4.780975341796875,3.9373779296875,4.8994140625,3.84375,51.025390625,18.400863647460938,50.515625,17.5,5.75,3.75,5.5,3.5,5.375,3.6875,4.0,2.65625,104.865234375,89.5,655.8441009521484,0,0,0,0,0,0,0,0,0,0,0,0,0,0,175.26,175.26,155.0,28.0,28.0,0,0,0,0,0,0,0,0,0,1,0,0,0,0,0,1,0,0,0,0,0,0,1,0
Blue,False,0.015625,0.0,0.45,0.4275,0.25,0.2,0.148468017578125,0.098388671875,0.0,0.0,66.5,29.6875,64.31230545043945,27.34375,89.75,48.0,85.53125,44.41152191162109,2.0,0.75,2.0546875,0.75,51.1875,18.3359375,49.6123046875,16.280410766601562,7.5,5.07647705078125,7.5,5.0,4.5,3.625,4.984375,3.9375,48.6875,17.0,47.11572265625,16.5,5.75,3.75,5.3125,3.4375,5.0625,3.5,3.875,2.5,99.2119140625,94.125,638.5,0,0,0,0,0,0,0,0,0,0,0,0,0,0,195.58,200.66,250.0,0.0,0.0,0.525,0.4649999999999999,0.0,0.855,3.5,0.0,0.0,0.0,78.0,44.5,98.0,46.0,154.0,106.0,118.5,60.0,0.5,0.0,5.0,4.0,60.5,29.0,79.0,30.0,5.5,5.5,7.5,5.5,12.0,10.0,11.5,10.5,69.5,37.0,68.5,29.0,4.5,3.5,6.0,5.0,4.0,4.0,23.5,12.0,72.5,371.5,801.5,6,0,1,0,1,1,1,0,0,0,0,0,1,0,187.96,187.96,265.0,25.0,28.0,0,0,0,0,1,0,0,0,0,0,0,0,0,0,0,1,0,0,0,0,1,0,0,0
Blue,False,0.015625,0.0,0.45,0.4275,0.25,0.2,0.148468017578125,0.098388671875,0.0,0.0,66.5,29.6875,64.31230545043945,27.34375,89.75,48.0,85.53125,44.41152191162109,2.0,0.75,2.0546875,0.75,51.1875,18.3359375,49.6123046875,16.280410766601562,7.5,5.07647705078125,7.5,5.0,4.5,3.625,4.984375,3.9375,48.6875,17.0,47.11572265625,16.5,5.75,3.75,5.3125,3.4375,5.0625,3.5,3.875,2.5,99.2119140625,94.125,638.5,0,0,0,0,0,0,0,0,0,0,0,0,0,0,185.42,193.04,170.0,0.0,0.0,0.27,0.37,0.0,0.0,0.0,0.0,0.0,0.0,238.0,66.0,125.0,47.0,256.0,83.0,126.0,48.0,0.0,0.0,2.0,0.0,177.0,29.0,90.0,18.0,35.0,19.0,11.0,9.0,26.0,18.0,24.0,20.0,228.0,57.0,119.0,41.0,10.0,9.0,6.0,6.0,0.0,0.0,0.0,0.0,35.0,104.0,900.0,3,0,1,0,1,1,0,0,0,0,1,0,0,0,182.88,182.88,170.0,29.0,28.0,0,0,0,0,0,0,0,0,0,1,0,0,0,0,0,1,0,0,0,0,1,0,0,0
Red,False,0.015625,0.0,0.45,0.4275,0.25,0.2,0.148468017578125,0.098388671875,0.0,0.0,66.5,29.6875,64.31230545043945,27.34375,89.75,48.0,85.53125,44.41152191162109,2.0,0.75,2.0546875,0.75,51.1875,18.3359375,49.6123046875,16.280410766601562,7.5,5.07647705078125,7.5,5.0,4.5,3.625,4.984375,3.9375,48.6875,17.0,47.11572265625,16.5,5.75,3.75,5.3125,3.4375,5.0625,3.5,3.875,2.5,99.2119140625,94.125,638.5,0,0,0,0,0,0,0,0,0,0,0,0,0,0,167.64,167.64,125.0,0.0,0.0,0.445,0.43,0.125,0.25,0.0,0.0,0.0,0.0,129.0,55.5,112.5,47.0,136.5,62.0,121.5,54.0,4.0,0.5,1.5,0.5,100.5,30.0,89.5,28.0,16.0,15.0,17.5,13.5,12.5,10.5,5.5,5.5,125.0,53.0,106.0,42.0,3.5,2.5,4.5,3.0,0.5,0.0,2.0,2.0,65.5,64.5,900.0,6,0,1,0,1,1,1,0,0,0,1,0,0,0,160.02,162.56,125.0,29.0,30.0,1,0,0,0,0,0,0,0,0,0,0,0,0,0,0,1,0,0,0,0,0,0,1,0
Blue,False,0.0,0.0,0.5225,0.35,0.1875,0.035,0.25,0.5,0.0,0.0,84.75,45.75,59.75,22.0,93.25,53.25,62.0,24.0,1.25,0.75,1.75,0.25,54.25,20.75,46.75,14.25,9.5,7.0,7.5,3.75,21.0,18.0,5.5,4.0,66.0,34.25,56.0,21.25,3.0,1.5,2.5,0.5,15.75,10.0,1.25,0.25,68.75,14.0,447.5,6,0,3,0,3,3,0,0,0,0,1,1,1,0,185.42,185.42,155.0,0.66064453125,0.0048828125,0.29970703125,0.297421875,0.5134765625,0.2021484375,0.140625,1.00439453125,0.0322265625,0.033203125,147.48095703125,44.6552734375,108.79052734375,29.5263671875,201.435546875,95.61767578125,115.83544921875,34.01806640625,0.81982421875,0.56396484375,11.345703125,2.560546875,115.5439453125,22.28857421875,88.28564453125,18.9462890625,12.3681640625,7.16748046875,7.85205078125,3.5732421875,19.56884765625,15.19921875,12.65283203125,7.0068359375,134.7548828125,40.44921875,93.21240234375,22.6728515625,10.40185546875,2.869140625,2.357421875,0.744140625,2.32421875,1.3369140625,13.220703125,6.109375,56.62646484375,233.11328125,799.89501953125,26,0,0,1,4,8,4,0,0,0,3,3,2,0,167.64,177.8,145.0,28.0,32.0,0,0,0,0,0,0,1,0,0,0,0,0,0,0,0,1,0,0,0,0,1,0,0,0
Red,False,0.5,0.5,0.459375,0.43625,0.0625,0.515625,0.0,0.25,0.125,0.0,103.5,54.3125,30.6875,13.25,150.4375,99.375,41.9375,23.4375,0.3125,0.0625,4.625,2.875,82.0625,36.8125,22.5625,6.5,14.8125,12.4375,2.5,1.5625,6.625,5.0625,5.625,5.1875,55.6875,21.1875,24.375,10.4375,12.1875,9.25,1.125,0.25,35.625,23.875,5.1875,2.5625,199.3125,229.0,583.875,12,0,0,1,1,2,3,0,0,1,0,1,0,0,185.42,182.88,135.0,0.0471682548522949,0.0,0.45,0.4217682266235352,0.25,0.19173828125,0.1875,0.125,0.0,0.0,69.5,30.5,66.984375,27.8466796875,94.0,48.544921875,88.50390625,44.75,2.0,0.8125,2.015625,0.6640625,54.0,19.01513671875,51.483436584472656,16.9437255859375,7.91796875,5.430633544921875,7.75,5.0625,4.780975341796875,3.9373779296875,4.8994140625,3.84375,51.025390625,18.400863647460938,50.515625,17.5,5.75,3.75,5.5,3.5,5.375,3.6875,4.0,2.65625,104.865234375,89.5,655.8441009521484,0,0,0,0,0,0,0,0,0,0,0,0,0,0,180.34,185.42,145.0,29.0,28.0,0,0,1,0,0,0,0,0,0,0,0,0,0,0,0,1,0,0,0,0,1,0,0,0
Blue,False,0.015625,0.0,0.45,0.4275,0.25,0.2,0.148468017578125,0.098388671875,0.0,0.0,66.5,29.6875,64.31230545043945,27.34375,89.75,48.0,85.53125,44.41152191162109,2.0,0.75,2.0546875,0.75,51.1875,18.3359375,49.6123046875,16.280410766601562,7.5,5.07647705078125,7.5,5.0,4.5,3.625,4.984375,3.9375,48.6875,17.0,47.11572265625,16.5,5.75,3.75,5.3125,3.4375,5.0625,3.5,3.875,2.5,99.2119140625,94.125,638.5,0,0,0,0,0,0,0,0,0,0,0,0,0,0,175.26,177.8,145.0,0.28125,0.125,0.46675537109375,0.44521240234375,0.1614892578125,0.24169189453125,0.315673828125,0.8681640625,0.0009765625,0.017822265625,94.53564453125,47.53857421875,63.5478515625,28.50390625,128.1845703125,76.239013671875,83.28125,45.60400390625,4.977294921875,2.03125,8.495849609375,2.23046875,62.3310546875,19.0966796875,49.876953125,15.7509765625,10.953369140625,10.46044921875,7.50927734375,7.286865234375,21.251220703125,17.9814453125,6.16162109375,5.466064453125,76.44677734375,32.586669921875,52.37646484375,20.4951171875,13.887939453125,12.3095703125,7.327392578125,5.98291015625,4.200927734375,2.642333984375,3.843994140625,2.02587890625,227.318359375,166.2568359375,782.99462890625,34,0,1,0,4,8,5,0,0,1,5,1,1,0,167.64,172.72,145.0,28.0,27.0,0,0,1,0,0,0,0,0,0,0,0,0,0,0,0,1,0,0,0,0,1,0,0,0
Red,False,0.0,0.0,0.6,0.56,0.0,0.6,1.0,0.0,2.0,1.0,15.0,9.0,80.0,45.0,25.0,19.0,159.0,118.0,2.0,0.0,10.0,6.0,11.0,5.0,61.0,26.0,3.0,3.0,15.0,15.0,1.0,1.0,4.0,4.0,9.0,4.0,11.0,2.0,4.0,3.0,11.0,11.0,2.0,2.0,58.0,32.0,20.0,790.0,900.0,3,0,0,1,0,0,1,0,0,0,0,0,0,0,167.64,175.26,135.0,0.0,0.0,0.53,0.42,1.0,0.0,0.0,0.0,0.0,0.0,28.0,15.0,42.0,18.0,30.0,17.0,49.0,25.0,1.0,1.0,0.0,0.0,25.0,12.0,32.0,10.0,2.0,2.0,5.0,5.0,1.0,1.0,5.0,3.0,20.0,8.0,39.0,16.0,2.0,2.0,3.0,2.0,6.0,5.0,0.0,0.0,69.0,21.0,241.0,1,0,1,0,1,1,0,0,0,0,0,1,0,0,165.1,167.64,135.0,34.0,29.0,1,0,0,0,0,0,0,0,0,0,0,0,0,0,0,1,0,0,0,0,1,0,0,0
Blue,False,0.080078125,0.0,0.42818359375,0.17814453125,0.2903515625,0.05203125,1.23828125,0.546875,0.66015625,0.126953125,101.435546875,41.369140625,50.505859375,15.802734375,207.2578125,135.115234375,63.962890625,28.517578125,2.51171875,0.953125,5.27734375,0.62890625,89.595703125,32.515625,45.748046875,11.2109375,10.25,7.64453125,3.2421875,3.076171875,1.58984375,1.208984375,1.515625,1.515625,54.6796875,16.416015625,26.056640625,7.08203125,20.0625,12.73046875,17.380859375,7.439453125,26.693359375,12.22265625,7.068359375,1.28125,158.4375,187.03125,605.068359375,24,0,2,0,2,6,4,0,0,0,0,4,2,0,185.42,193.04,185.0,0.2578182220458984,0.0,0.4787389564514159,0.5320473861694336,0.4189563751220703,0.2303957366943359,0.5218658447265625,9.1552734375e-05,0.00048828125,1.125152587890625,58.12574768066406,20.49524307250977,87.2902946472168,41.33339691162109,83.9158763885498,45.52724647521973,204.39994430541992,142.3807601928711,1.9378604888916016,1.269195556640625,8.584941864013672,2.470666885375977,52.81551551818848,16.787694931030273,65.34486961364746,25.691835403442383,3.1920833587646484,2.214498519897461,13.283977508544922,8.763957977294922,2.118148803710937,1.4930496215820312,8.661447525024414,6.877603530883789,43.43450546264648,11.259370803833008,47.91877937316895,16.011629104614258,10.852567672729492,6.281194686889648,16.71444320678711,9.897457122802734,3.838674545288086,2.9546775817871094,22.657072067260746,15.424310684204102,128.02357864379883,396.3355236053467,811.8542652130127,59,11,3,0,3,12,8,0,0,0,1,6,4,1,175.26,177.8,155.0,28.0,32.0,0,0,0,0,0,0,0,0,0,1,0,0,0,0,0,0,0,1,0,0,1,0,0,0
Red,False,2.0625,0.0,0.514375,0.270625,0.0,0.443125,0.25,0.0625,0.0,0.5,71.375,35.625,69.125,16.6875,78.625,42.5,79.1875,25.125,0.0,0.0,3.1875,1.4375,58.1875,25.0,60.3125,11.0,2.5625,1.9375,4.8125,2.25,10.625,8.6875,4.0,3.4375,62.9375,29.5625,64.625,13.0,3.75,2.25,3.0625,2.5,4.6875,3.8125,1.4375,1.1875,46.25,123.6875,495.875,10,0,5,0,5,5,0,0,0,0,1,4,0,0,190.5,208.28,265.0,0.5118408203125,1.064453125,0.55267333984375,0.390509033203125,0.1596630859375,0.189818115234375,0.0009765625,0.1329345703125,0.00341796875,0.00390625,50.390869140625,28.1549072265625,32.9710693359375,11.222900390625,72.5010986328125,48.74462890625,44.2645263671875,21.4149169921875,2.7955322265625,1.2139892578125,1.6351318359375,0.7303466796875,28.75439453125,11.3763427734375,25.17724609375,6.0137939453125,5.8748779296875,4.6097412109375,4.4149169921875,2.3326416015625,15.7615966796875,12.1688232421875,3.37890625,2.87646484375,32.42236328125,13.625244140625,23.433837890625,6.29345703125,11.69140625,9.494140625,3.742431640625,1.94482421875,6.277099609375,5.0355224609375,5.7947998046875,2.984619140625,141.839111328125,48.395751953125,435.3046875,29,0,2,0,3,9,5,0,1,0,1,6,0,1,193.04,208.28,240.0,33.0,36.0,0,0,0,0,1,0,0,0,0,0,0,0,0,0,0,0,0,0,1,0,1,0,0,0
Red,False,0.0,0.5,0.266875,0.38125,0.0625,0.20625,0.125,0.0,0.0,0.0,53.5625,12.625,76.75,27.0625,56.9375,16.0,88.25,35.6875,1.0625,0.0625,2.9375,0.625,48.0625,8.6875,68.1875,20.1875,3.3125,2.0,1.1875,0.875,2.1875,1.9375,7.375,6.0,52.8125,12.1875,46.625,13.1875,0.6875,0.375,3.875,1.3125,0.0625,0.0625,26.25,12.5625,7.0625,82.875,466.6875,11,0,3,0,3,3,2,0,0,1,1,0,1,0,187.96,195.58,205.0,0.203857421875,0.015625,0.494833984375,0.5203125,0.146484375,0.7019384765625001,0.00048828125,0.5,0.0,0.0,43.289306640625,20.245849609375,75.050048828125,37.060546875,51.865234375,27.86181640625,140.396240234375,92.00634765625,0.361572265625,0.220703125,3.931640625,2.235107421875,23.89306640625,6.468994140625,59.974853515625,24.556884765625,9.321044921875,6.019287109375,9.3310546875,8.024169921875,10.0751953125,7.757568359375,5.744140625,4.4794921875,29.077880859375,12.0107421875,25.6416015625,6.513916015625,12.030029296875,6.976806640625,13.71875,9.599365234375,2.181396484375,1.25830078125,35.689697265625,20.947265625,44.74755859375,511.18115234375,704.827392578125,27,0,4,0,4,7,6,0,0,0,2,4,1,0,190.5,198.12,230.0,31.0,34.0,0,0,0,0,0,1,0,0,0,0,0,0,0,0,0,1,0,0,0,0,1,0,0,0
Blue,False,0.25,0.25,0.405,0.54625,0.0625,0.5,0.0,0.0,0.0,0.0,57.0,22.625,109.625,57.25,70.125,35.25,131.125,77.5,2.5,0.125,4.5,3.25,52.0,18.125,87.875,39.5,2.25,1.75,20.0,16.25,2.75,2.75,1.75,1.5,38.625,14.5,76.375,35.625,17.0,7.25,27.75,16.375,1.375,0.875,5.5,5.25,153.75,227.0,708.0,8,1,2,0,2,2,2,0,0,0,0,2,0,0,182.88,185.42,263.0,0.14453125,1.00390625,0.441328125,0.4112109375,0.0234375,0.255859375,0.3125,0.0,0.0,0.0078125,55.6875,23.44921875,77.5,32.8203125,88.76171875,53.9609375,120.109375,73.1484375,0.1796875,0.0234375,5.25390625,2.01171875,43.765625,14.453125,56.1328125,16.828125,8.8203125,6.7890625,15.234375,11.17578125,3.1015625,2.20703125,6.1328125,4.81640625,39.14453125,10.91796875,45.33203125,10.26953125,14.24609375,10.88671875,19.49609375,14.9375,2.296875,1.64453125,12.671875,7.61328125,103.71484375,284.06640625,803.390625,20,0,1,0,2,4,5,0,0,0,0,2,1,1,187.96,185.42,230.0,35.0,37.0,0,0,0,0,1,0,0,0,0,0,0,0,0,0,0,1,0,0,0,0,0,0,1,0
Blue,False,0.015625,0.0,0.45,0.4275,0.25,0.2,0.148468017578125,0.098388671875,0.0,0.0,66.5,29.6875,64.31230545043945,27.34375,89.75,48.0,85.53125,44.41152191162109,2.0,0.75,2.0546875,0.75,51.1875,18.3359375,49.6123046875,16.280410766601562,7.5,5.07647705078125,7.5,5.0,4.5,3.625,4.984375,3.9375,48.6875,17.0,47.11572265625,16.5,5.75,3.75,5.3125,3.4375,5.0625,3.5,3.875,2.5,99.2119140625,94.125,638.5,0,0,0,0,0,0,0,0,0,0,0,0,0,0,182.88,198.12,185.0,0.0471682548522949,0.0,0.45,0.4217682266235352,0.25,0.19173828125,0.1875,0.125,0.0,0.0,69.5,30.5,66.984375,27.8466796875,94.0,48.544921875,88.50390625,44.75,2.0,0.8125,2.015625,0.6640625,54.0,19.01513671875,51.483436584472656,16.9437255859375,7.91796875,5.430633544921875,7.75,5.0625,4.780975341796875,3.9373779296875,4.8994140625,3.84375,51.025390625,18.400863647460938,50.515625,17.5,5.75,3.75,5.5,3.5,5.375,3.6875,4.0,2.65625,104.865234375,89.5,655.8441009521484,0,0,0,0,0,0,0,0,0,0,0,0,0,0,190.5,193.04,205.0,30.0,23.0,0,0,0,0,0,0,0,1,0,0,0,0,0,0,0,1,0,0,0,0,1,0,0,0
Red,False,0.0,0.0,0.36,0.62,0.0,0.75,1.0,3.0,0.0,0.0,88.0,32.0,88.0,55.0,107.0,48.0,121.0,87.0,0.0,0.0,8.0,6.0,56.0,9.0,70.0,39.0,22.0,16.0,12.0,10.0,10.0,7.0,6.0,6.0,70.0,17.0,59.0,30.0,18.0,15.0,19.0,16.0,0.0,0.0,10.0,9.0,28.0,496.0,900.0,3,0,0,1,0,0,1,0,0,0,0,0,0,0,182.88,182.88,155.0,0.0,1.0,0.21,0.55,0.0,0.66,0.0,0.0,0.0,0.0,57.0,12.0,38.0,21.0,58.0,13.0,46.0,29.0,0.0,0.0,3.0,2.0,52.0,10.0,32.0,19.0,3.0,2.0,2.0,1.0,2.0,0.0,4.0,1.0,54.0,12.0,29.0,14.0,3.0,0.0,3.0,2.0,0.0,0.0,6.0,5.0,0.0,74.0,234.0,1,1,0,1,0,0,1,0,0,0,0,0,0,0,180.34,190.5,155.0,25.0,23.0,0,0,0,0,0,0,1,0,0,0,0,0,0,0,0,1,0,0,0,0,1,0,0,0
Blue,False,0.015625,0.0,0.45,0.4275,0.25,0.2,0.148468017578125,0.098388671875,0.0,0.0,66.5,29.6875,64.31230545043945,27.34375,89.75,48.0,85.53125,44.41152191162109,2.0,0.75,2.0546875,0.75,51.1875,18.3359375,49.6123046875,16.280410766601562,7.5,5.07647705078125,7.5,5.0,4.5,3.625,4.984375,3.9375,48.6875,17.0,47.11572265625,16.5,5.75,3.75,5.3125,3.4375,5.0625,3.5,3.875,2.5,99.2119140625,94.125,638.5,0,0,0,0,0,0,0,0,0,0,0,0,0,0,190.5,198.12,205.0,0.0,0.0,0.5625,0.405,0.0,0.775,0.0,0.75,0.25,0.0,63.75,36.0,53.25,22.0,70.5,41.0,61.0,27.0,2.0,0.0,2.75,1.75,35.5,12.25,45.5,15.25,15.5,12.5,3.25,2.75,12.75,11.25,4.5,4.0,48.75,26.25,41.5,16.25,15.0,9.75,9.5,4.25,0.0,0.0,2.25,1.5,85.75,67.5,497.5,7,0,2,0,2,2,1,0,0,1,1,0,0,0,187.96,190.5,185.0,30.0,24.0,0,0,0,0,0,0,0,1,0,0,0,0,0,0,0,1,0,0,0,0,1,0,0,0
Blue,False,0.015625,0.0,0.45,0.4275,0.25,0.2,0.148468017578125,0.098388671875,0.0,0.0,66.5,29.6875,64.31230545043945,27.34375,89.75,48.0,85.53125,44.41152191162109,2.0,0.75,2.0546875,0.75,51.1875,18.3359375,49.6123046875,16.280410766601562,7.5,5.07647705078125,7.5,5.0,4.5,3.625,4.984375,3.9375,48.6875,17.0,47.11572265625,16.5,5.75,3.75,5.3125,3.4375,5.0625,3.5,3.875,2.5,99.2119140625,94.125,638.5,0,0,0,0,0,0,0,0,0,0,0,0,0,0,193.04,203.2,240.0,0.0,0.25,0.41375,0.44125,0.16625,0.02375,0.0,0.0,0.0625,0.0,171.0,71.6875,141.375,62.1875,253.3125,140.875,186.4375,98.0625,3.875,0.625,1.5625,0.1875,140.375,46.8125,119.5,43.4375,14.125,11.375,10.0625,8.125,16.5,13.5,11.8125,10.625,136.625,44.875,127.625,53.8125,28.1875,21.1875,12.375,7.0625,6.1875,5.625,1.375,1.3125,269.5625,33.5,761.1875,14,0,2,0,2,3,2,0,0,0,1,2,0,0,185.42,190.5,185.0,29.0,29.0,0,0,0,0,1,0,0,0,0,0,0,0,0,0,0,1,0,0,0,0,1,0,0,0
Blue,False,0.501953125,0.0,0.36857421875,0.2331249999999999,0.14771484375,0.10265625,0.9375,0.5,0.283203125,0.03515625,46.3515625,14.787109375,49.04296875,14.2890625,50.34765625,18.078125,52.65625,17.50390625,1.509765625,0.60546875,2.8125,0.796875,45.099609375,13.54296875,43.015625,9.873046875,1.119140625,1.119140625,4.62109375,3.416015625,0.1328125,0.125,1.40625,1.0,32.095703125,5.626953125,43.859375,11.775390625,2.681640625,2.009765625,3.12890625,1.37890625,11.57421875,7.150390625,2.0546875,1.134765625,58.232421875,68.814453125,275.689453125,17,0,3,0,3,7,3,0,0,0,0,2,5,0,177.8,180.34,155.0,1.587158203125,0.125,0.445062255859375,0.157576904296875,0.020263671875,0.0839111328125,0.0001220703125,0.067626953125,0.0625,0.001953125,55.278564453125,24.151611328125,31.8536376953125,9.45654296875,58.625244140625,27.4981689453125,33.7943115234375,11.2164306640625,0.2071533203125,0.0587158203125,2.682861328125,0.5528564453125,43.1556396484375,16.0770263671875,20.00439453125,3.2730712890625,8.6287841796875,5.237060546875,5.863525390625,2.83935546875,3.494140625,2.8375244140625,5.9857177734375,3.3441162109375,45.1038818359375,17.7293701171875,30.97802734375,9.1949462890625,4.1229248046875,3.0797119140625,0.53564453125,0.22802734375,6.0517578125,3.342529296875,0.3399658203125,0.0335693359375,8.332763671875,36.518310546875,278.9254150390625,23,0,1,0,5,10,4,0,0,2,1,6,0,1,175.26,180.34,155.0,27.0,28.0,0,0,0,0,0,0,1,0,0,0,0,0,0,0,0,1,0,0,0,0,1,0,0,0
Red,False,0.125,1.375,0.355,0.38,0.25,0.1875,0.75,0.5,0.25,0.0,39.625,12.375,72.0,31.875,44.25,17.0,103.5,59.375,2.0,0.25,0.875,0.375,35.25,9.375,52.625,16.5,1.875,1.375,4.25,2.625,2.5,1.625,15.125,12.75,35.0,10.25,51.625,19.875,2.375,1.125,2.125,1.625,2.25,1.0,18.25,10.375,61.25,134.0,534.25,8,0,1,0,1,1,3,0,0,0,0,1,0,0,185.42,190.5,170.0,0.0,0.078125,0.444833984375,0.4380078125,0.2075390624999999,0.2109765625,1.396484375,0.5078125,0.00390625,0.2529296875,70.849609375,31.943359375,72.7978515625,32.7958984375,97.2529296875,53.908203125,102.0927734375,58.587890625,8.712890625,2.0185546875,3.5048828125,1.5009765625,56.19921875,20.7353515625,53.099609375,16.4501953125,10.12890625,7.5791015625,9.1357421875,7.0419921875,4.521484375,3.62890625,10.5625,9.3037109375,49.083984375,14.921875,52.9169921875,17.48046875,9.1435546875,7.005859375,3.9140625,2.6953125,12.6220703125,10.015625,15.966796875,12.6201171875,266.16796875,178.15234375,913.5341796875,26,1,5,0,5,8,3,0,0,0,3,0,5,0,185.42,182.88,170.0,30.0,33.0,0,0,0,0,0,0,0,1,0,0,0,0,0,0,0,1,0,0,0,0,0,0,1,0
Red,False,1.75,0.0,0.4971875,0.33578125,0.0,0.145625,0.5,0.40625,0.0,0.0,77.84375,38.625,39.234375,13.4375,112.875,69.8125,50.328125,23.59375,0.109375,0.0,3.390625,1.0625,58.171875,22.53125,31.453125,8.03125,7.671875,6.0,4.640625,3.625,12.0,10.09375,3.140625,1.78125,50.109375,20.171875,29.796875,8.453125,7.265625,4.890625,4.84375,2.046875,20.46875,13.5625,4.59375,2.9375,125.765625,107.453125,539.578125,16,0,0,1,3,5,2,0,0,0,2,2,1,0,185.42,187.96,205.0,0.0,0.0,0.53203125,0.436484375,0.587578125,0.51296875,0.5,2.3828125,0.5,0.25,138.6171875,68.5078125,55.9765625,21.3125,337.7734375,242.1953125,83.78125,47.484375,6.390625,3.7890625,0.9375,0.5625,112.8515625,48.5703125,47.890625,15.7890625,8.0234375,5.4765625,6.8203125,4.8203125,17.7421875,14.4609375,1.265625,0.703125,59.0703125,17.2734375,42.4375,11.2421875,7.46875,5.6796875,1.171875,0.484375,72.078125,45.5546875,12.3671875,9.5859375,897.359375,33.2890625,1109.546875,22,1,0,1,3,4,4,0,0,0,4,0,0,0,185.42,185.42,205.0,31.0,34.0,0,0,0,0,0,0,0,1,0,0,0,0,0,0,0,1,0,0,0,0,0,0,1,0
Red,True,1.505859375,0.0,0.312265625,0.32880859375,0.343984375,0.14046875,0.607421875,1.033203125,0.009765625,0.01953125,146.640625,47.607421875,175.044921875,63.412109375,171.515625,71.02734375,185.197265625,72.30078125,10.91796875,3.12890625,6.173828125,1.513671875,135.306640625,40.09765625,137.861328125,40.783203125,10.302734375,6.853515625,24.80078125,12.6875,1.03125,0.65625,12.3828125,9.94140625,125.033203125,35.650390625,164.408203125,56.96484375,7.830078125,4.794921875,8.7421875,4.599609375,13.77734375,7.162109375,1.89453125,1.84765625,198.740234375,51.0078125,1197.1640625,29,1,0,1,8,8,2,0,0,2,5,1,0,0,175.26,177.8,155.0,0.0,1.5,0.3958203125,0.284453125,0.24986328125,0.2889453125,1.09375,0.5234375,0.251953125,0.0,213.2265625,84.11328125,185.732421875,55.1953125,229.580078125,99.595703125,204.265625,72.294921875,10.068359375,2.6171875,10.005859375,2.294921875,164.0078125,54.431640625,172.84375,47.12890625,32.892578125,18.482421875,11.42578125,6.93359375,16.326171875,11.19921875,1.462890625,1.1328125,191.59765625,70.173828125,168.73046875,45.369140625,11.95703125,6.517578125,8.70703125,5.546875,9.671875,7.421875,8.294921875,4.279296875,163.908203125,99.177734375,1395.068359375,33,3,3,0,5,8,2,0,0,0,6,1,1,0,167.64,172.72,135.0,32.0,29.0,0,0,0,0,0,0,1,0,0,0,0,0,0,0,0,1,0,0,0,0,1,0,0,0
Blue,False,0.0,0.0,0.375,0.35,0.0,0.465,0.5,0.0,0.0,0.0,173.5,70.0,202.5,62.0,187.0,83.5,250.5,104.0,0.0,0.0,10.5,3.5,151.5,53.0,172.0,44.0,18.5,14.0,22.0,11.5,3.5,3.0,8.5,6.5,167.0,65.5,177.5,41.5,1.5,1.5,7.5,6.0,5.0,3.0,17.5,14.5,80.5,286.5,900.0,6,0,0,2,0,0,2,0,0,0,0,0,0,0,167.64,177.8,135.0,0.0,0.0,0.26375,0.389375,0.165,0.428125,0.1875,2.0625,0.375,0.3125,123.9375,27.5625,125.9375,48.6875,140.1875,41.6875,151.5,71.0,1.4375,0.5,1.8125,1.125,106.875,18.0,113.3125,38.6875,8.875,5.4375,7.125,5.75,8.1875,4.125,5.5,4.25,116.4375,22.8125,102.5,34.9375,5.0625,3.0625,4.3125,2.8125,2.4375,1.6875,19.125,10.9375,41.0,254.0,709.625,12,0,0,1,1,2,3,0,0,1,0,0,1,0,177.8,172.72,145.0,28.0,32.0,0,0,1,0,0,0,0,0,0,0,0,0,0,0,0,1,0,0,0,0,1,0,0,0
Red,True,0.0625,0.5,0.3161563110351563,0.2765377807617187,0.332188720703125,0.6967364501953125,0.706787109375,0.040283203125,0.000244140625,0.0,103.02001953125,33.743408203125,88.22476196289062,24.74560546875,153.00863647460938,80.55337524414062,101.90716552734376,37.56369018554688,5.45562744140625,2.257659912109375,3.26495361328125,2.308135986328125,86.33074951171875,22.89364624023437,66.19662475585938,13.0537109375,10.831390380859377,6.72882080078125,12.94970703125,7.42474365234375,5.857879638671875,4.120941162109375,9.07843017578125,4.26715087890625,81.60003662109375,19.6466064453125,69.93325805664062,14.213592529296877,8.739990234375,4.551605224609375,7.142059326171875,5.12451171875,12.67999267578125,9.545196533203123,11.149444580078123,5.407501220703125,176.54913330078125,182.98080444335935,848.8084411621094,37,3,0,1,6,12,4,0,0,0,2,2,7,1,177.8,187.96,145.0,1.0,0.0,0.43,0.39,0.55,0.5,1.0,0.0,0.0,0.0,215.0,94.0,181.0,71.0,258.0,131.0,274.0,147.0,9.0,5.0,2.0,1.0,191.0,72.0,148.0,50.0,5.0,4.0,25.0,17.0,19.0,18.0,8.0,4.0,166.0,66.0,149.0,50.0,0.0,0.0,1.0,1.0,49.0,28.0,31.0,20.0,553.0,258.0,1500.0,5,1,1,0,1,1,0,0,0,0,1,0,0,0,170.18,177.8,135.0,35.0,25.0,0,0,1,0,0,0,0,0,0,0,0,0,0,0,0,0,0,1,0,0,1,0,0,0
Red,False,0.5048828125,0.0625,0.5118212890625,0.332060546875,0.42275390625,0.141962890625,2.005859375,0.6533203125,0.017578125,0.01123046875,90.68994140625,46.47705078125,97.623046875,34.38623046875,115.369140625,70.134765625,120.2880859375,54.154296875,5.580078125,3.201171875,1.44140625,0.61181640625,66.84521484375,27.59375,72.6845703125,15.90087890625,12.1474609375,9.9150390625,16.28125,12.0224609375,11.697265625,8.96826171875,8.6572265625,6.462890625,71.20556640625,30.01953125,86.7998046875,25.8642578125,12.552734375,10.84765625,10.12890625,7.947265625,6.931640625,5.60986328125,0.6943359375,0.57470703125,272.94482421875,97.24267578125,837.451171875,31,0,0,1,2,7,5,0,0,1,2,3,0,1,175.26,180.34,145.0,0.0,0.0,0.27,0.29,0.0,0.62,1.0,0.0,0.0,1.0,51.0,14.0,65.0,19.0,80.0,42.0,112.0,63.0,0.0,0.0,8.0,5.0,47.0,12.0,54.0,8.0,2.0,0.0,2.0,2.0,2.0,2.0,9.0,9.0,47.0,11.0,40.0,8.0,2.0,1.0,6.0,5.0,2.0,2.0,19.0,6.0,41.0,617.0,900.0,3,0,0,1,0,0,1,0,0,0,0,0,0,0,177.8,182.88,155.0,25.0,24.0,0,0,0,0,0,0,1,0,0,0,0,0,0,0,0,1,0,0,0,0,1,0,0,0
Blue,False,0.125,0.0,0.39,0.56,0.3175,0.125,0.875,0.625,0.0,0.0,23.0,10.125,83.875,45.25,36.5,22.375,133.75,90.5,10.875,2.375,0.125,0.125,19.5,6.625,54.5,16.875,1.25,1.25,25.625,25.125,2.25,2.25,3.75,3.25,21.0,8.625,47.125,12.125,1.25,0.75,6.5,5.25,0.75,0.75,30.25,27.875,211.625,258.5,681.125,8,0,1,0,1,1,3,0,0,0,0,0,1,0,187.96,185.42,185.0,0.0,0.5,0.29375,0.5025,0.195,0.5,0.125,0.0,0.0,0.0,118.25,33.25,178.375,96.5,122.5,36.5,193.625,110.25,3.875,0.625,2.0,0.5,89.125,12.75,134.0,57.875,19.625,12.5,24.25,20.375,9.5,8.0,20.125,18.25,115.0,31.0,162.125,84.5,1.875,1.5,11.25,7.5,1.375,0.75,5.0,4.5,52.5,53.75,818.0,10,0,1,0,1,1,3,0,0,0,0,0,1,0,187.96,190.5,185.0,28.0,24.0,0,0,0,0,0,0,0,1,0,0,0,0,0,0,0,0,0,1,0,0,1,0,0,0
Blue,False,0.0,0.0,0.135,0.4675,0.5,0.25,0.0,0.5,0.0,0.0,145.5,39.0,72.75,33.5,146.0,39.5,81.25,39.5,2.75,1.0,1.0,0.5,137.5,35.0,65.5,26.25,8.0,4.0,6.0,6.0,0.0,0.0,1.25,1.25,145.0,39.0,71.5,32.5,0.0,0.0,0.0,0.0,0.5,0.0,1.25,1.0,11.75,44.75,471.25,5,0,1,0,1,2,1,0,0,0,1,1,0,0,177.8,180.34,145.0,0.0,0.0,0.36,0.33,0.0,0.0,1.0,0.0,0.0,0.0,11.0,4.0,6.0,2.0,11.0,4.0,6.0,2.0,0.0,0.0,0.0,0.0,11.0,4.0,5.0,1.0,0.0,0.0,0.0,0.0,0.0,0.0,1.0,1.0,10.0,4.0,5.0,2.0,1.0,0.0,1.0,0.0,0.0,0.0,0.0,0.0,0.0,9.0,48.0,1,0,1,0,1,1,0,0,0,0,0,0,1,0,172.72,175.26,155.0,27.0,33.0,0,0,1,0,0,0,0,0,0,0,0,0,0,0,0,1,0,0,0,0,1,0,0,0
Red,False,0.0,0.5,0.390625,0.46203125,0.3584375,0.4375,0.96875,0.5,0.6875,0.515625,76.40625,24.5625,118.203125,50.390625,102.046875,49.515625,158.390625,88.796875,2.140625,1.140625,4.03125,2.25,71.046875,20.953125,106.203125,40.25,4.84375,3.140625,4.71875,4.109375,0.515625,0.46875,7.28125,6.03125,60.9375,14.46875,82.265625,27.890625,8.671875,4.921875,22.375,14.65625,6.796875,5.171875,13.5625,7.84375,96.09375,293.171875,741.1875,12,0,1,0,2,3,4,0,0,0,0,1,2,0,190.5,193.04,185.0,0.03125,0.0,0.62671875,0.5353125000000001,0.2703125,0.16125,1.0625,0.0625,0.0,0.125,75.953125,46.078125,50.0625,23.875,147.9375,109.59375,80.8125,53.25,16.25,4.375,3.1875,0.65625,40.640625,15.0625,35.828125,11.96875,9.53125,7.765625,7.296875,6.09375,25.78125,23.25,6.9375,5.8125,29.703125,9.921875,30.203125,10.9375,36.359375,28.671875,18.9375,12.171875,9.890625,7.484375,0.921875,0.765625,570.3125,76.03125,856.953125,17,0,3,0,3,5,2,0,0,1,2,2,0,0,182.88,185.42,170.0,34.0,37.0,0,0,0,0,0,0,0,1,0,0,0,0,0,0,0,1,0,0,0,0,1,0,0,0
Blue,False,0.125,0.609375,0.485,0.4703124999999999,0.046875,0.890625,1.4140625,0.640625,0.7734375,0.03125,22.8359375,11.15625,33.9375,16.0625,26.953125,14.7578125,39.6171875,20.4375,0.0546875,0.046875,0.890625,0.890625,17.3515625,6.8359375,26.5625,11.3046875,2.9375,2.3359375,3.8671875,2.75,2.546875,1.984375,3.5078125,2.0078125,16.109375,6.3515625,19.2578125,6.5,1.8203125,1.3828125,2.96875,2.40625,4.90625,3.421875,11.7109375,7.15625,37.484375,126.34375,262.8671875,12,0,0,1,3,5,3,0,1,0,0,2,2,0,210.82,213.36,265.0,1.5625,0.625,0.4746875,0.4649999999999999,0.0,0.03125,0.0,0.28125,0.0,0.0,43.5,20.71875,69.71875,25.8125,48.5,25.46875,94.0625,47.5,0.5,0.0,2.8125,0.03125,30.59375,9.4375,53.84375,14.875,1.0,0.71875,5.5,3.125,11.90625,10.5625,10.375,7.8125,38.1875,17.65625,55.46875,15.5625,0.625,0.375,12.75,8.75,4.6875,2.6875,1.5,1.5,23.78125,101.9375,449.4375,11,0,1,0,1,3,3,0,0,0,1,2,0,0,180.34,187.96,235.0,23.0,32.0,0,0,0,0,1,0,0,0,0,0,0,0,0,0,0,1,0,0,0,0,1,0,0,0
Red,True,0.0,0.0,0.465,0.38,0.8300000000000001,0.0,0.0,1.5,0.5,1.0,62.5,25.5,42.0,13.0,113.0,66.5,90.5,56.0,10.0,7.5,1.5,0.0,41.0,9.5,34.5,7.5,11.5,9.0,6.5,5.0,10.0,7.0,1.0,0.5,50.0,16.0,33.5,7.5,11.0,8.0,7.0,5.0,1.5,1.5,1.5,0.5,373.0,150.0,900.0,6,0,2,0,2,2,0,0,0,0,2,0,0,0,160.02,167.64,125.0,0.0,0.0,0.37,0.29,0.3,0.2,0.0,0.0,1.0,0.0,238.0,90.0,170.0,50.0,246.0,97.0,181.0,58.0,13.0,4.0,5.0,1.0,171.0,50.0,131.0,31.0,48.0,27.0,26.0,12.0,19.0,13.0,13.0,7.0,225.0,82.0,145.0,36.0,13.0,8.0,25.0,14.0,0.0,0.0,0.0,0.0,137.0,45.0,1500.0,5,1,1,0,1,1,0,0,0,0,1,0,0,0,172.72,172.72,135.0,25.0,26.0,1,0,0,0,0,0,0,0,0,0,0,0,0,0,0,1,0,0,0,0,1,0,0,0
Blue,False,0.0625,0.0625,0.440625,0.4825,0.2153125,0.55625,0.25,0.28125,1.03125,0.375,37.375,19.125,69.625,36.375,55.8125,34.84375,109.1875,72.15625,2.59375,1.1875,5.21875,4.1875,25.75,9.59375,59.875,28.5625,7.65625,5.78125,5.75,4.375,3.96875,3.75,4.0,3.4375,18.8125,8.71875,23.28125,10.0,12.34375,6.5,6.03125,3.09375,6.21875,3.90625,40.3125,23.28125,181.9375,506.125,862.3125,16,0,1,0,1,3,3,0,0,1,1,1,0,0,177.8,182.88,155.0,0.5,1.0,0.155,0.355,0.0,0.5,0.0,0.0,0.0,0.0,59.5,13.5,56.0,19.5,59.5,13.5,56.5,20.0,0.5,0.0,0.5,0.5,46.0,7.0,42.0,12.0,8.0,2.0,10.5,4.5,5.5,4.5,3.5,3.0,58.0,12.0,50.0,16.0,0.5,0.5,2.5,1.5,1.0,1.0,3.5,2.0,6.0,17.5,260.0,3,0,1,0,1,1,1,0,0,0,0,1,0,0,177.8,182.88,155.0,27.0,32.0,0,0,0,0,0,0,1,0,0,0,0,0,0,0,0,1,0,0,0,0,1,0,0,0
Blue,False,0.0,0.0,0.5,0.3,0.0,0.0,4.0,0.0,0.0,0.0,4.0,2.0,10.0,3.0,15.0,11.0,14.0,7.0,2.0,0.0,0.0,0.0,3.0,1.0,8.0,1.0,1.0,1.0,1.0,1.0,0.0,0.0,1.0,1.0,4.0,2.0,8.0,1.0,0.0,0.0,0.0,0.0,0.0,0.0,2.0,2.0,0.0,198.0,285.0,1,0,1,0,1,1,0,0,0,0,0,0,1,0,182.88,185.42,155.0,1.0,0.0,0.42,0.43,0.5,0.115,0.0,0.0,0.5,0.0,67.5,28.5,55.0,24.5,72.5,33.5,71.0,39.0,1.0,0.5,6.5,1.5,56.0,20.5,46.5,17.5,8.0,6.0,3.0,2.5,3.5,2.0,5.5,4.5,42.5,13.5,30.5,8.5,14.5,10.5,8.0,4.5,10.5,4.5,16.5,11.5,69.5,298.5,591.0,4,1,0,1,1,1,1,0,0,0,0,1,0,0,177.8,185.42,155.0,23.0,25.0,0,0,0,0,0,0,1,0,0,0,0,0,0,0,0,1,0,0,0,0,0,0,1,0
Red,False,0.5390625,0.0,0.433515625,0.318828125,0.329375,0.064296875,0.0859375,0.78125,0.21875,0.375,37.359375,16.53125,39.75,12.375,59.5390625,36.625,46.9375,18.546875,1.1015625,0.65625,0.7890625,0.5546875,31.1328125,12.2578125,34.2265625,8.0703125,2.515625,1.859375,2.6953125,1.8671875,3.7109375,2.4140625,2.828125,2.4375,29.8515625,12.2734375,31.1640625,7.890625,2.9453125,1.171875,4.0234375,2.1875,4.5625,3.0859375,4.5625,2.296875,61.1640625,77.9765625,289.6015625,17,1,2,0,2,4,4,0,0,0,1,1,2,0,172.72,177.8,155.0,0.0078125,0.0322265625,0.385537109375,0.3375390625,0.456513671875,0.6476171875,1.5859375,0.244140625,0.14453125,0.056640625,92.0625,37.9970703125,83.4951171875,25.845703125,112.9501953125,52.59375,151.8515625,87.8935546875,9.00390625,3.044921875,1.43359375,0.759765625,77.1572265625,28.4453125,64.5283203125,12.5458984375,2.7744140625,1.5537109375,9.943359375,6.66796875,12.130859375,7.998046875,9.0234375,6.6318359375,48.8564453125,15.416015625,67.6689453125,19.21875,5.8310546875,3.3984375,13.4794921875,5.6494140625,37.375,19.1826171875,2.3466796875,0.9775390625,428.0859375,74.12109375,792.78515625,25,0,0,1,4,7,4,0,0,0,3,2,2,0,177.8,172.72,155.0,31.0,28.0,0,0,0,0,0,0,1,0,0,0,0,0,0,0,0,1,0,0,0,0,1,0,0,0
Red,False,0.0,0.5,0.3025,0.305,0.1775,0.725,0.5,2.0,0.25,0.0,79.875,25.25,98.25,33.25,99.125,41.75,122.125,55.5,4.75,1.25,2.25,2.125,62.875,14.25,80.625,21.5,7.875,4.625,11.625,6.75,9.125,6.375,6.0,5.0,67.875,19.375,80.875,20.25,6.875,3.125,7.125,5.875,5.125,2.75,10.25,7.125,158.875,108.5,704.0,11,0,0,1,1,1,3,0,0,0,1,0,0,0,172.72,180.34,155.0,0.0849609375,0.5,0.4284375,0.25203857421875,0.390869140625,0.10034912109375,0.514892578125,0.3603515625,0.01025390625,0.012451171875,57.009521484375,24.39208984375,61.581787109375,15.14111328125,72.642822265625,37.717041015625,78.16064453125,30.1513671875,1.203369140625,0.656494140625,3.55126953125,0.75732421875,44.560302734375,14.457763671875,51.717529296875,8.324462890625,8.4599609375,6.349365234375,5.748046875,3.88525390625,3.9892578125,3.5849609375,4.1162109375,2.931396484375,45.693603515625,17.954345703125,54.64013671875,11.466552734375,2.974853515625,1.583251953125,2.708984375,1.15869140625,8.341064453125,4.8544921875,4.232666015625,2.515869140625,136.869873046875,76.595947265625,438.16455078125,29,0,0,2,6,8,5,0,0,1,2,3,2,0,175.26,185.42,155.0,29.0,35.0,0,0,0,0,0,0,1,0,0,0,0,0,0,0,0,1,0,0,0,0,0,0,1,0
Red,False,0.0,0.25,0.50625,0.435,0.53,0.25,0.0,2.375,0.5,0.25,32.5,17.25,37.125,16.0,98.25,77.25,67.125,44.125,8.0,4.25,2.375,1.0,22.875,8.5,27.875,9.5,5.125,4.5,6.25,5.0,4.5,4.25,3.0,1.5,11.625,3.125,22.5,7.25,7.375,2.75,8.875,4.125,13.5,11.375,5.75,4.625,557.0,110.25,830.0,11,0,1,0,2,3,1,0,0,0,3,0,0,0,177.8,177.8,155.0,0.734375,0.0,0.453046875,0.21625,0.446171875,0.126953125,1.01171875,1.8203125,0.00390625,0.00390625,45.38671875,18.66796875,24.19921875,7.6640625,99.88671875,66.2890625,35.21875,18.66015625,2.9453125,2.17578125,1.6015625,0.50390625,37.453125,13.5703125,18.75,5.0703125,2.0859375,0.78515625,2.83203125,1.296875,5.84765625,4.3125,2.6171875,1.296875,26.08203125,7.96875,18.5234375,4.63671875,4.43359375,3.125,1.88671875,0.73828125,14.87109375,7.57421875,3.7890625,2.2890625,414.7734375,61.8046875,654.015625,17,0,1,0,3,6,3,0,0,0,1,5,0,0,187.96,198.12,205.0,30.0,27.0,0,0,0,0,0,0,0,0,0,1,0,0,0,0,0,1,0,0,0,0,1,0,0,0
Red,False,0.015625,0.0,0.45,0.4275,0.25,0.2,0.148468017578125,0.098388671875,0.0,0.0,66.5,29.6875,64.31230545043945,27.34375,89.75,48.0,85.53125,44.41152191162109,2.0,0.75,2.0546875,0.75,51.1875,18.3359375,49.6123046875,16.280410766601562,7.5,5.07647705078125,7.5,5.0,4.5,3.625,4.984375,3.9375,48.6875,17.0,47.11572265625,16.5,5.75,3.75,5.3125,3.4375,5.0625,3.5,3.875,2.5,99.2119140625,94.125,638.5,0,0,0,0,0,0,0,0,0,0,0,0,0,0,172.72,172.72,135.0,0.0471682548522949,0.0,0.45,0.4217682266235352,0.25,0.19173828125,0.1875,0.125,0.0,0.0,69.5,30.5,66.984375,27.8466796875,94.0,48.544921875,88.50390625,44.75,2.0,0.8125,2.015625,0.6640625,54.0,19.01513671875,51.483436584472656,16.9437255859375,7.91796875,5.430633544921875,7.75,5.0625,4.780975341796875,3.9373779296875,4.8994140625,3.84375,51.025390625,18.400863647460938,50.515625,17.5,5.75,3.75,5.5,3.5,5.375,3.6875,4.0,2.65625,104.865234375,89.5,655.8441009521484,0,0,0,0,0,0,0,0,0,0,0,0,0,0,167.64,177.8,135.0,28.0,27.0,1,0,0,0,0,0,0,0,0,0,0,0,0,0,0,1,0,0,0,0,0,0,1,0
Red,False,0.015625,0.0,0.45,0.4275,0.25,0.2,0.148468017578125,0.098388671875,0.0,0.0,66.5,29.6875,64.31230545043945,27.34375,89.75,48.0,85.53125,44.41152191162109,2.0,0.75,2.0546875,0.75,51.1875,18.3359375,49.6123046875,16.280410766601562,7.5,5.07647705078125,7.5,5.0,4.5,3.625,4.984375,3.9375,48.6875,17.0,47.11572265625,16.5,5.75,3.75,5.3125,3.4375,5.0625,3.5,3.875,2.5,99.2119140625,94.125,638.5,0,0,0,0,0,0,0,0,0,0,0,0,0,0,170.18,170.18,135.0,0.0471682548522949,0.0,0.45,0.4217682266235352,0.25,0.19173828125,0.1875,0.125,0.0,0.0,69.5,30.5,66.984375,27.8466796875,94.0,48.544921875,88.50390625,44.75,2.0,0.8125,2.015625,0.6640625,54.0,19.01513671875,51.483436584472656,16.9437255859375,7.91796875,5.430633544921875,7.75,5.0625,4.780975341796875,3.9373779296875,4.8994140625,3.84375,51.025390625,18.400863647460938,50.515625,17.5,5.75,3.75,5.5,3.5,5.375,3.6875,4.0,2.65625,104.865234375,89.5,655.8441009521484,0,0,0,0,0,0,0,0,0,0,0,0,0,0,180.34,190.5,135.0,25.0,27.0,1,0,0,0,0,0,0,0,0,0,0,0,0,0,0,0,0,1,0,0,1,0,0,0
Red,False,0.0,0.0,0.35,0.44,0.6,1.0,0.0,3.0,1.0,3.0,40.0,14.0,107.0,48.0,49.0,23.0,170.0,108.0,5.0,3.0,1.0,1.0,35.0,9.0,89.0,31.0,4.0,4.0,15.0,14.0,1.0,1.0,3.0,3.0,27.0,7.0,55.0,13.0,8.0,3.0,15.0,6.0,5.0,4.0,37.0,29.0,246.0,429.0,900.0,3,0,0,1,0,0,1,0,0,0,0,0,0,0,182.88,182.88,170.0,0.00390625,0.1328125,0.36330078125,0.31359375,0.05921875,0.6016015625,0.88671875,1.029296875,0.2578125,0.125,83.533203125,28.599609375,91.99609375,25.08984375,112.53515625,56.25,136.865234375,63.66015625,0.68359375,0.353515625,9.369140625,6.71875,67.9453125,18.30078125,84.947265625,20.482421875,7.421875,4.9765625,5.75390625,3.703125,8.166015625,5.322265625,1.294921875,0.904296875,63.337890625,15.85546875,73.884765625,15.8984375,10.61328125,6.37109375,7.109375,4.66015625,9.58203125,6.373046875,11.001953125,4.53125,85.287109375,381.751953125,846.083984375,25,0,0,1,2,4,6,0,0,0,2,0,2,0,180.34,182.88,170.0,29.0,28.0,0,0,0,0,0,0,0,0,0,1,0,0,0,0,0,1,0,0,0,0,1,0,0,0
Blue,False,0.0802001953125,0.0468902587890625,0.3140708923339844,0.3622683715820313,0.3574735260009766,0.22103759765625,0.3754653930664062,0.0289535522460937,6.103515625e-05,0.00054931640625,84.55150604248047,16.559066772460938,148.9934539794922,60.89998626708984,110.5230484008789,42.519752502441406,166.76416778564453,75.03788757324219,4.064704895019531,1.7632369995117188,4.64276123046875,2.00201416015625,77.95450592041016,11.780616760253906,109.4018325805664,36.75230407714844,5.7244873046875,4.156982421875,10.219497680664062,2.85296630859375,0.8725128173828125,0.6214675903320312,29.37212371826172,21.294715881347656,73.76490020751953,7.6079559326171875,142.0204620361328,55.63610076904297,3.11529541015625,2.57421875,5.933807373046875,4.357574462890625,7.671310424804687,6.37689208984375,1.0391845703125,0.90631103515625,251.775016784668,149.1712646484375,1075.271011352539,40,1,2,0,5,13,5,0,0,0,5,5,3,0,177.8,185.42,170.0,0.5,0.6018075942993164,0.4215862357616424,0.56895432472229,0.0489250862598419,0.1134231567382812,0.2759804725646972,0.0747631788253784,0.0081329345703125,0.0098447799682617,27.15208220481873,13.483551144599916,29.39140784740448,12.135384678840635,31.112238883972168,17.234232306480408,32.8401871919632,15.425692796707152,0.7591617107391357,0.238540768623352,0.2716617584228515,0.1446914672851562,19.26940810680389,6.424182176589966,23.285936951637268,7.999701380729675,2.7164067029953003,2.455601572990417,4.470704317092896,2.685487031936645,5.166267395019531,4.603767395019531,1.6347665786743164,1.4501962661743164,21.45116627216339,9.01254427433014,25.546223402023315,8.814204812049866,3.4339338541030884,2.7366068363189697,1.2164723873138428,1.0648434162139893,2.266982078552246,1.7344000339508057,2.6287120580673218,2.2563364505767822,60.51673674583435,14.86196756362915,256.8092920780182,50,12,2,0,6,18,6,0,0,0,5,6,5,2,175.26,185.42,170.0,33.0,37.0,0,0,0,0,0,0,0,0,0,1,0,0,0,0,0,1,0,0,0,0,0,0,0,1
Blue,False,0.5,0.0,0.285,0.12,0.5,0.125,0.0,1.0,0.0,0.0,25.5,8.0,20.5,4.5,32.5,13.5,28.0,11.0,0.5,0.5,3.0,0.5,24.5,8.0,20.0,4.0,1.0,0.0,0.5,0.5,0.0,0.0,0.0,0.0,24.0,7.0,19.5,3.5,1.0,0.5,0.5,0.5,0.5,0.5,0.5,0.5,18.0,52.5,232.0,3,0,0,1,1,1,1,0,0,0,0,1,0,0,177.8,182.88,265.0,0.0,0.0,0.375,0.595,0.355,0.5,1.0,1.0,0.0,1.5,46.5,23.5,78.0,47.5,94.0,61.5,110.5,76.5,3.5,2.5,3.0,2.5,39.5,17.5,72.5,43.0,7.0,6.0,3.5,2.5,0.0,0.0,2.0,2.0,13.5,3.0,15.5,7.5,6.0,3.0,8.0,2.5,27.0,17.5,54.5,37.5,368.0,187.0,629.0,5,0,0,1,1,1,1,0,0,0,1,0,0,0,193.04,198.12,265.0,37.0,29.0,0,0,0,0,1,0,0,0,0,0,0,0,0,0,0,1,0,0,0,0,1,0,0,0
Red,True,0.3125,0.0,0.3915234374999999,0.4547265625,0.29640625,0.116640625,0.0,0.3203125,0.0,0.0078125,95.5078125,39.02734375,79.37109375,33.83984375,117.015625,59.54296875,91.44140625,44.76953125,0.63671875,0.390625,11.01953125,0.6484375,75.58203125,22.19140625,56.0625,17.19921875,15.87109375,13.03125,5.0078125,3.2109375,4.0546875,3.8046875,18.30078125,13.4296875,68.6875,21.953125,66.4921875,26.37890625,25.11328125,15.94140625,10.18359375,5.65625,1.70703125,1.1328125,2.6953125,1.8046875,91.94140625,175.38671875,887.6953125,26,3,3,0,3,7,2,0,0,1,3,3,0,0,185.42,185.42,205.0,0.5078125,0.0,0.632578125,0.2171875,0.95609375,0.0,0.765625,0.0,0.0,0.0,75.453125,47.5078125,29.96875,6.9453125,95.1875,65.6875,32.375,9.265625,2.4609375,2.3515625,0.6171875,0.0,54.328125,29.6484375,24.3359375,4.375,12.671875,10.875,4.0703125,1.2265625,8.453125,6.984375,1.5625,1.34375,35.6015625,16.796875,27.09375,5.8515625,6.75,5.515625,2.6796875,0.8984375,33.1015625,25.1953125,0.1953125,0.1953125,324.5390625,4.40625,574.171875,16,1,3,0,4,7,1,0,0,0,2,3,2,0,193.04,213.36,205.0,33.0,24.0,0,0,0,0,0,1,0,0,0,0,0,0,0,0,0,1,0,0,0,0,1,0,0,0
Red,False,0.015625,0.0,0.45,0.4275,0.25,0.2,0.148468017578125,0.098388671875,0.0,0.0,66.5,29.6875,64.31230545043945,27.34375,89.75,48.0,85.53125,44.41152191162109,2.0,0.75,2.0546875,0.75,51.1875,18.3359375,49.6123046875,16.280410766601562,7.5,5.07647705078125,7.5,5.0,4.5,3.625,4.984375,3.9375,48.6875,17.0,47.11572265625,16.5,5.75,3.75,5.3125,3.4375,5.0625,3.5,3.875,2.5,99.2119140625,94.125,638.5,0,0,0,0,0,0,0,0,0,0,0,0,0,0,170.18,170.18,145.0,0.25,0.5,0.4375,0.7125,0.25,0.415,0.5,1.75,0.5,0.0,20.75,11.0,13.75,9.25,31.5,20.0,32.25,25.75,1.25,0.5,2.75,0.75,15.75,6.5,8.5,5.0,3.75,3.25,2.5,1.75,1.25,1.25,2.75,2.5,9.0,3.5,3.5,1.75,9.5,5.25,8.0,6.25,2.25,2.25,2.25,1.25,136.5,80.75,259.75,4,0,0,1,1,1,2,0,0,0,0,0,1,0,175.26,182.88,145.0,32.0,30.0,0,0,1,0,0,0,0,0,0,0,0,0,0,0,0,1,0,0,0,0,1,0,0,0
Red,False,0.0,0.078125,0.37390625,0.38515625,0.2740625,0.26953125,0.015625,0.0,0.0,0.0,95.390625,37.3125,103.625,40.640625,152.625,92.125,122.21875,57.984375,5.265625,1.8125,1.875,0.625,67.21875,15.78125,77.125,23.828125,14.296875,10.5625,18.234375,14.015625,13.875,10.96875,8.265625,2.796875,71.21875,20.40625,80.0,27.0625,20.15625,13.890625,23.03125,13.25,4.015625,3.015625,0.59375,0.328125,223.703125,34.828125,756.625,16,0,0,2,1,3,4,0,0,0,3,0,0,0,172.72,175.26,155.0,1.0,0.0,0.55,0.21,0.66,0.0,0.0,0.0,0.0,0.0,38.0,21.0,57.0,12.0,46.0,29.0,58.0,13.0,3.0,2.0,0.0,0.0,32.0,19.0,52.0,10.0,2.0,1.0,3.0,2.0,4.0,1.0,2.0,0.0,29.0,14.0,54.0,12.0,3.0,2.0,3.0,0.0,6.0,5.0,0.0,0.0,74.0,0.0,234.0,1,1,1,0,1,1,0,0,0,0,0,1,0,0,180.34,193.04,155.0,30.0,27.0,0,0,0,0,0,0,1,0,0,0,0,0,0,0,0,0,0,1,0,0,1,0,0,0
Red,False,0.0,0.0,0.67,0.45,0.0,0.71,6.0,0.0,0.0,0.0,99.0,67.0,103.0,47.0,206.0,147.0,131.0,63.0,1.0,0.0,7.0,5.0,78.0,46.0,88.0,36.0,9.0,9.0,11.0,8.0,12.0,12.0,4.0,3.0,88.0,57.0,74.0,33.0,3.0,2.0,2.0,2.0,8.0,8.0,27.0,12.0,121.0,335.0,703.0,3,0,1,0,1,1,0,0,0,0,0,0,1,0,187.96,187.96,265.0,0.75,0.0,0.415,0.4825,0.665,0.0,0.25,1.0,0.0,0.5,47.75,18.75,41.5,21.0,52.0,22.0,50.0,29.25,1.25,1.0,0.5,0.0,34.0,10.75,24.0,7.25,7.75,4.25,5.0,4.0,6.0,3.75,12.5,9.75,34.5,9.5,32.25,13.25,5.0,3.75,9.25,7.75,8.25,5.5,0.0,0.0,89.0,86.75,418.5,5,0,1,0,1,2,1,0,0,0,0,2,0,0,198.12,200.66,255.0,28.0,29.0,0,0,0,0,1,0,0,0,0,0,0,0,0,0,0,1,0,0,0,0,1,0,0,0
Red,False,0.25,0.0,0.21,0.215,0.0,0.29,0.0,1.25,0.0,0.0,73.25,13.25,80.5,19.5,73.25,13.25,90.5,27.25,0.25,0.0,5.0,1.75,63.0,9.0,74.75,15.5,9.25,4.25,3.75,2.5,1.0,0.0,2.0,1.5,72.0,12.25,76.0,16.75,0.75,0.5,1.25,0.75,0.5,0.5,3.25,2.0,19.0,80.25,492.5,6,0,0,1,1,1,2,0,0,0,0,1,0,0,170.18,177.8,155.0,0.062744140625,0.140625,0.3976953125,0.37306884765625,0.29695556640625,0.60362060546875,0.4404296875,0.020751953125,0.390625,0.259521484375,106.9033203125,38.71728515625,93.74267578125,34.369873046875,151.5,78.711669921875,111.74755859375,48.971435546875,4.5712890625,0.426025390625,7.09423828125,4.51123046875,82.498779296875,23.64990234375,70.2666015625,18.95654296875,11.996337890625,7.1484375,10.75390625,4.413818359375,12.408203125,7.9189453125,12.72216796875,10.99951171875,82.60009765625,22.009033203125,66.44384765625,21.231201171875,22.16650390625,15.040283203125,11.894775390625,4.537109375,2.13671875,1.66796875,15.404052734375,8.6015625,129.9892578125,292.6708984375,838.603515625,30,1,5,0,5,8,5,0,0,1,0,1,6,0,182.88,193.04,170.0,33.0,26.0,0,0,0,0,0,0,1,0,0,0,0,0,0,0,0,0,0,1,0,0,0,0,1,0
Blue,False,0.03125,0.0,0.59765625,0.42140625,0.3203125,0.461875,0.375,0.5625,0.5,0.0,36.625,20.84375,58.9375,24.75,88.796875,64.828125,97.015625,59.96875,7.796875,3.890625,2.546875,1.265625,22.609375,9.375,33.203125,5.640625,8.71875,6.953125,14.5,11.21875,5.296875,4.515625,11.234375,7.890625,24.859375,11.171875,38.15625,10.421875,8.1875,6.671875,11.484375,10.0625,3.578125,3.0,9.296875,4.265625,330.15625,174.203125,751.921875,15,0,1,0,1,4,3,0,0,0,2,2,0,0,182.88,187.96,185.0,0.0,0.5,0.4549999999999999,0.435,0.5,0.33,0.5,0.0,0.0,0.0,111.5,49.5,69.0,29.0,162.5,90.5,95.0,54.0,3.0,2.5,4.5,3.0,74.0,22.0,57.5,20.5,9.5,8.0,7.5,6.0,28.0,19.5,4.0,2.5,91.5,33.0,56.5,20.0,6.0,5.0,11.0,8.0,14.0,11.5,1.5,1.0,271.5,157.5,856.5,6,0,2,0,2,2,0,0,0,0,1,0,1,0,182.88,187.96,185.0,30.0,32.0,0,0,0,0,0,0,0,1,0,0,0,0,0,0,0,1,0,0,0,0,0,0,1,0
Red,False,0.0,1.0,0.48,0.585,0.07,0.0,1.0,1.0,0.5,0.0,16.5,10.0,37.5,19.5,19.5,12.5,46.0,27.0,3.5,0.5,0.5,0.0,13.5,7.0,33.0,15.5,3.0,3.0,3.0,3.0,0.0,0.0,1.5,1.0,8.5,3.5,18.0,7.0,0.5,0.0,8.0,6.0,7.5,6.5,11.5,6.5,119.5,39.0,253.0,3,0,1,0,1,1,1,0,0,0,0,0,1,0,182.88,193.04,205.0,0.0,1.0,0.71,0.45,0.375,0.5,0.5,1.0,0.0,0.0,29.0,14.0,31.5,14.5,88.0,65.0,51.5,33.5,7.0,3.0,3.0,1.5,24.5,10.5,31.0,14.0,3.0,2.0,0.5,0.5,1.5,1.5,0.0,0.0,8.0,3.5,14.5,5.0,6.5,3.0,10.5,5.0,14.5,7.5,6.5,4.5,362.5,88.0,536.5,4,0,1,0,1,1,1,0,0,0,0,1,0,0,187.96,190.5,185.0,33.0,29.0,0,0,0,0,0,1,0,0,0,0,0,0,0,0,0,1,0,0,0,0,1,0,0,0
Red,False,0.0,0.0,0.44,0.52,0.0,0.85,0.0,0.0,0.0,0.0,65.0,29.0,88.0,46.0,84.0,48.0,139.0,96.0,1.0,0.0,7.0,6.0,42.0,10.0,55.0,20.0,15.0,14.0,19.0,17.0,8.0,5.0,14.0,9.0,60.0,27.0,83.0,42.0,3.0,1.0,1.0,1.0,2.0,1.0,4.0,3.0,12.0,513.0,900.0,3,0,0,1,0,0,1,0,0,0,0,0,0,0,170.18,182.88,135.0,0.0,0.0,0.305,0.395,0.5,0.5,0.0,0.0,0.0,0.0,90.5,28.5,114.5,48.0,122.0,55.0,146.5,75.5,2.0,2.0,1.5,0.5,68.5,15.0,93.5,28.5,5.0,3.5,16.5,15.0,17.0,10.0,4.5,4.5,79.0,21.5,98.5,33.0,6.0,3.0,15.5,14.5,5.5,4.0,0.5,0.5,139.0,214.5,900.0,6,0,1,0,1,1,1,0,0,1,0,0,0,0,170.18,175.26,135.0,30.0,27.0,1,0,0,0,0,0,0,0,0,0,0,0,0,0,0,1,0,0,0,0,1,0,0,0
Blue,False,0.015625,0.0,0.45,0.4275,0.25,0.2,0.148468017578125,0.098388671875,0.0,0.0,66.5,29.6875,64.31230545043945,27.34375,89.75,48.0,85.53125,44.41152191162109,2.0,0.75,2.0546875,0.75,51.1875,18.3359375,49.6123046875,16.280410766601562,7.5,5.07647705078125,7.5,5.0,4.5,3.625,4.984375,3.9375,48.6875,17.0,47.11572265625,16.5,5.75,3.75,5.3125,3.4375,5.0625,3.5,3.875,2.5,99.2119140625,94.125,638.5,0,0,0,0,0,0,0,0,0,0,0,0,0,0,180.34,182.88,170.0,0.0,0.5,0.3309375,0.42015625,0.32125,0.180625,0.59375,0.59375,0.03125,0.125,168.734375,38.78125,146.859375,64.78125,202.875,67.015625,181.09375,95.3125,3.921875,1.703125,2.65625,0.515625,154.46875,28.484375,123.40625,48.28125,7.953125,4.65625,14.234375,9.21875,6.3125,5.640625,9.21875,7.28125,132.671875,18.3125,120.234375,46.265625,11.40625,7.703125,14.609375,10.28125,24.65625,12.765625,12.015625,8.234375,243.0625,148.96875,786.8125,20,0,3,0,3,5,2,0,0,0,3,1,0,0,185.42,193.04,170.0,23.0,25.0,0,0,0,0,0,0,0,0,0,1,0,0,0,0,0,0,0,1,0,0,0,0,1,0
Red,False,0.5,0.0,0.66,0.31,0.8,0.5,1.0,0.0,0.5,0.5,84.5,54.0,72.5,37.5,149.0,102.5,89.0,52.0,3.0,2.0,1.0,0.5,71.0,41.0,48.5,16.5,8.5,8.0,14.5,12.5,5.0,5.0,9.5,8.5,53.0,26.5,59.5,29.5,2.0,2.0,12.5,8.0,29.5,25.5,0.5,0.0,312.0,28.5,743.5,5,0,0,1,1,1,1,0,0,0,0,1,0,0,177.8,185.42,185.0,0.0,0.5,0.365,0.31,0.605,0.165,1.0,0.0,0.0,0.0,112.0,41.0,84.5,27.5,129.0,58.0,103.5,46.5,5.5,3.5,1.5,0.5,88.0,25.0,71.0,19.0,14.0,7.5,9.5,6.5,10.0,8.5,4.0,2.0,91.0,29.0,73.0,21.0,8.0,3.0,9.5,5.5,13.0,9.0,2.0,1.0,190.5,19.0,601.0,5,1,2,0,2,2,0,0,0,0,0,0,2,0,180.34,190.5,170.0,26.0,26.0,0,0,0,0,0,0,0,1,0,0,0,0,0,0,0,0,0,1,0,0,1,0,0,0
Blue,False,0.6875,0.0,0.438125,0.2975,0.848125,0.03125,0.1875,0.75,0.1875,0.375,43.0,18.1875,35.125,10.875,60.5625,31.5625,52.5,27.0625,3.0,2.1875,1.5625,0.0625,33.25,12.0,27.4375,6.125,6.875,4.3125,2.375,1.5,2.875,1.875,5.3125,3.25,26.9375,9.5625,29.0,7.5,7.625,4.375,3.1875,1.75,8.4375,4.25,2.9375,1.625,141.0,69.625,475.0,12,0,0,1,4,4,1,0,0,1,0,2,0,1,175.26,180.34,170.0,0.0,0.0,0.365,0.49,0.13,0.33,0.0,1.5,0.0,0.0,223.5,51.5,149.5,60.0,251.5,74.5,164.5,74.5,10.5,2.0,1.5,1.0,171.5,21.5,111.5,36.0,27.5,18.0,33.0,19.0,24.5,12.0,5.0,5.0,220.5,49.5,130.5,45.0,2.0,1.0,13.0,10.5,1.0,1.0,6.0,4.5,234.0,121.0,1200.0,8,1,1,0,1,1,1,0,0,1,0,0,0,0,182.88,182.88,170.0,26.0,32.0,0,0,0,0,0,0,0,0,0,1,0,0,0,0,0,1,0,0,0,0,1,0,0,0
Red,False,0.0,0.0,0.47,0.2,0.55,0.0,0.0,0.0,0.0,0.0,69.0,33.0,91.0,19.0,105.0,63.0,97.0,25.0,9.0,5.0,1.0,0.0,56.0,21.0,87.0,17.0,10.0,9.0,3.0,2.0,3.0,3.0,1.0,0.0,49.0,20.0,90.0,18.0,9.0,8.0,0.0,0.0,11.0,5.0,1.0,1.0,561.0,0.0,900.0,3,0,1,0,1,1,0,0,0,0,1,0,0,0,175.26,190.5,155.0,0.0625,1.0625,0.303125,0.4353125,0.220625,0.105,1.96875,0.3125,0.0,0.3125,66.0,26.84375,62.21875,24.0,85.53125,43.875,87.96875,46.59375,4.03125,1.09375,5.3125,1.375,58.21875,21.59375,54.8125,18.65625,7.0,4.625,3.0625,2.0625,0.78125,0.625,4.34375,3.28125,60.96875,23.6875,50.125,17.0625,2.9375,2.0625,6.71875,4.03125,2.09375,1.09375,5.375,2.90625,120.375,146.90625,503.71875,14,0,4,0,4,4,2,0,0,2,0,1,1,0,177.8,177.8,155.0,28.0,29.0,0,0,0,0,0,0,1,0,0,0,0,0,0,0,0,0,0,1,0,0,0,0,1,0
Blue,False,1.0,0.0,0.22,0.45,0.0,0.0,0.0,0.0,0.0,0.0,18.0,4.0,20.0,9.0,19.0,5.0,20.0,9.0,0.0,0.0,0.0,0.0,16.0,2.0,12.0,3.0,1.0,1.0,4.0,3.0,1.0,1.0,4.0,3.0,18.0,4.0,20.0,9.0,0.0,0.0,0.0,0.0,0.0,0.0,0.0,0.0,2.0,0.0,152.0,1,0,1,0,1,1,0,0,0,0,0,1,0,0,177.8,180.34,170.0,0.0,1.0,0.47,0.48,0.23,0.0,0.0,0.0,0.0,1.0,67.0,32.0,62.0,30.0,95.0,57.0,70.0,38.0,13.0,3.0,1.0,0.0,67.0,32.0,55.0,24.0,0.0,0.0,3.0,2.0,0.0,0.0,4.0,4.0,30.0,7.0,44.0,18.0,4.0,2.0,13.0,10.0,33.0,23.0,5.0,2.0,586.0,74.0,900.0,3,1,1,0,1,1,0,0,0,0,1,0,0,0,182.88,187.96,145.0,22.0,26.0,0,0,1,0,0,0,0,0,0,0,0,0,0,0,0,0,0,1,0,0,0,0,1,0
Blue,False,0.0,0.0,0.43,0.59,0.14,0.0,0.0,0.0,0.0,0.0,106.0,46.0,145.0,86.0,108.0,47.0,146.0,87.0,7.0,1.0,1.0,0.0,85.0,31.0,73.0,25.0,10.0,5.0,15.0,11.0,11.0,10.0,57.0,50.0,102.0,44.0,140.0,83.0,1.0,1.0,2.0,2.0,3.0,1.0,3.0,1.0,56.0,40.0,900.0,3,0,0,1,0,0,1,0,0,0,0,0,0,0,177.8,185.42,155.0,0.0,0.0,0.11,0.22,0.61,0.5,1.0,0.5,1.0,0.5,37.0,8.0,38.0,16.5,61.0,31.5,42.5,20.5,5.0,1.5,0.5,0.5,33.5,6.0,28.0,7.5,2.0,1.0,6.0,5.5,1.5,1.0,4.0,3.5,31.0,5.5,33.0,13.5,2.5,0.5,3.5,1.5,3.5,2.0,1.5,1.5,112.0,92.5,348.0,3,0,1,0,1,1,1,0,0,0,0,0,1,0,182.88,182.88,155.0,29.0,23.0,0,0,0,0,0,0,1,0,0,0,0,0,0,0,0,1,0,0,0,0,0,0,0,1
Red,False,0.0,0.0625,0.365830078125,0.227490234375,0.051513671875,0.229716796875,0.61083984375,0.638671875,0.02587890625,0.51708984375,4.447265625,2.4521484375,11.8486328125,4.65576171875,9.01806640625,6.51708984375,19.8095703125,11.58349609375,1.046875,0.13818359375,0.9560546875,0.42236328125,2.71728515625,0.7353515625,10.669921875,4.08056640625,0.609375,0.6044921875,0.4912109375,0.466796875,1.12060546875,1.1123046875,0.6875,0.1083984375,2.58837890625,0.7685546875,3.17822265625,0.63720703125,1.3681640625,1.31396484375,1.126953125,0.75390625,0.49072265625,0.36962890625,7.54345703125,3.2646484375,43.5029296875,66.93359375,147.9970703125,21,0,2,0,2,6,6,0,0,0,0,2,4,0,190.5,203.2,185.0,0.3759765625,0.0,0.46318359375,0.47779296875,0.51638671875,0.649130859375,0.568359375,0.6318359375,0.5009765625,0.0009765625,64.6298828125,31.0439453125,69.619140625,28.96875,75.423828125,41.3330078125,82.587890625,41.4814453125,0.5322265625,0.5185546875,2.228515625,1.7333984375,45.609375,15.5390625,64.0322265625,25.552734375,10.958984375,8.8544921875,2.1708984375,1.0947265625,8.0615234375,6.650390625,3.416015625,2.3212890625,55.880859375,25.6748046875,63.00390625,24.9580078125,6.3046875,3.591796875,2.98046875,1.9853515625,2.4443359375,1.77734375,3.634765625,2.025390625,89.2880859375,105.154296875,484.6806640625,23,0,0,1,2,7,4,0,0,1,0,2,3,1,187.96,190.5,185.0,36.0,27.0,0,0,0,0,0,0,0,1,0,0,0,0,0,0,0,1,0,0,0,0,1,0,0,0
Red,False,0.0,0.0,0.37,0.52,0.0,0.2,2.0,4.0,0.0,2.0,83.0,31.0,116.0,61.0,137.0,82.0,165.0,104.0,0.0,0.0,5.0,1.0,56.0,14.0,82.0,36.0,12.0,4.0,13.0,9.0,15.0,13.0,21.0,16.0,76.0,26.0,98.0,49.0,3.0,2.0,4.0,4.0,4.0,3.0,14.0,8.0,379.0,222.0,900.0,3,0,0,1,0,0,1,0,0,0,0,0,0,0,175.26,175.26,135.0,0.0,0.0,0.42,0.53,0.0,1.0,0.0,0.0,0.0,0.0,42.0,18.0,28.0,15.0,49.0,25.0,30.0,17.0,0.0,0.0,1.0,1.0,32.0,10.0,25.0,12.0,5.0,5.0,2.0,2.0,5.0,3.0,1.0,1.0,39.0,16.0,20.0,8.0,3.0,2.0,2.0,2.0,0.0,0.0,6.0,5.0,21.0,69.0,241.0,1,0,0,1,0,0,1,0,0,0,0,0,0,0,172.72,180.34,135.0,31.0,28.0,1,0,0,0,0,0,0,0,0,0,0,0,0,0,0,1,0,0,0,0,0,0,1,0
Blue,False,0.0,0.0,0.5,0.52,0.0,0.5,3.0,0.0,0.0,1.0,44.0,22.0,34.0,18.0,71.0,46.0,74.0,54.0,2.0,0.0,6.0,3.0,32.0,16.0,29.0,13.0,7.0,3.0,4.0,4.0,5.0,3.0,1.0,1.0,18.0,6.0,16.0,6.0,13.0,7.0,3.0,1.0,13.0,9.0,15.0,11.0,106.0,693.0,900.0,3,0,0,1,0,0,1,0,0,0,0,0,0,0,190.5,190.5,170.0,0.0,0.0,0.52,0.46,1.0,0.35,2.0,0.0,1.0,0.0,108.0,57.0,90.0,42.0,170.0,113.0,144.0,84.0,1.0,1.0,20.0,7.0,85.0,34.0,72.0,26.0,22.0,22.0,11.0,10.0,1.0,1.0,7.0,6.0,70.0,24.0,68.0,27.0,25.0,22.0,19.0,14.0,13.0,11.0,3.0,1.0,230.0,413.0,900.0,3,0,1,0,1,1,0,0,0,1,0,0,0,0,185.42,187.96,170.0,29.0,30.0,0,0,0,0,0,0,0,0,0,1,0,0,0,0,0,1,0,0,0,0,1,0,0,0
Red,False,0.015625,0.0,0.45,0.4275,0.25,0.2,0.148468017578125,0.098388671875,0.0,0.0,66.5,29.6875,64.31230545043945,27.34375,89.75,48.0,85.53125,44.41152191162109,2.0,0.75,2.0546875,0.75,51.1875,18.3359375,49.6123046875,16.280410766601562,7.5,5.07647705078125,7.5,5.0,4.5,3.625,4.984375,3.9375,48.6875,17.0,47.11572265625,16.5,5.75,3.75,5.3125,3.4375,5.0625,3.5,3.875,2.5,99.2119140625,94.125,638.5,0,0,0,0,0,0,0,0,0,0,0,0,0,0,177.8,177.8,170.0,0.0,0.0,0.46,0.52,0.35,1.0,0.0,2.0,0.0,1.0,90.0,42.0,108.0,57.0,144.0,84.0,170.0,113.0,20.0,7.0,1.0,1.0,72.0,26.0,85.0,34.0,11.0,10.0,22.0,22.0,7.0,6.0,1.0,1.0,68.0,27.0,70.0,24.0,19.0,14.0,25.0,22.0,3.0,1.0,13.0,11.0,413.0,230.0,900.0,3,0,0,1,0,0,1,0,0,0,0,0,0,0,177.8,177.8,155.0,22.0,28.0,0,0,0,0,0,0,0,0,0,1,0,0,0,0,0,1,0,0,0,0,1,0,0,0
Red,False,0.0,2.0,0.26,0.62,0.0,1.0,1.0,0.0,0.0,0.0,45.0,12.0,69.0,43.0,104.0,68.0,70.0,44.0,5.0,0.0,2.0,2.0,36.0,9.0,38.0,16.0,4.0,1.0,5.0,3.0,5.0,2.0,26.0,24.0,45.0,12.0,67.0,43.0,0.0,0.0,1.0,0.0,0.0,0.0,1.0,0.0,10.0,312.0,626.0,3,0,0,1,0,0,1,0,0,0,0,0,0,0,172.72,172.72,145.0,0.0471682548522949,0.0,0.45,0.4217682266235352,0.25,0.19173828125,0.1875,0.125,0.0,0.0,69.5,30.5,66.984375,27.8466796875,94.0,48.544921875,88.50390625,44.75,2.0,0.8125,2.015625,0.6640625,54.0,19.01513671875,51.483436584472656,16.9437255859375,7.91796875,5.430633544921875,7.75,5.0625,4.780975341796875,3.9373779296875,4.8994140625,3.84375,51.025390625,18.400863647460938,50.515625,17.5,5.75,3.75,5.5,3.5,5.375,3.6875,4.0,2.65625,104.865234375,89.5,655.8441009521484,0,0,0,0,0,0,0,0,0,0,0,0,0,0,172.72,180.34,145.0,32.0,25.0,0,0,1,0,0,0,0,0,0,0,0,0,0,0,0,1,0,0,0,0,1,0,0,0
Red,False,0.015625,0.0,0.45,0.4275,0.25,0.2,0.148468017578125,0.098388671875,0.0,0.0,66.5,29.6875,64.31230545043945,27.34375,89.75,48.0,85.53125,44.41152191162109,2.0,0.75,2.0546875,0.75,51.1875,18.3359375,49.6123046875,16.280410766601562,7.5,5.07647705078125,7.5,5.0,4.5,3.625,4.984375,3.9375,48.6875,17.0,47.11572265625,16.5,5.75,3.75,5.3125,3.4375,5.0625,3.5,3.875,2.5,99.2119140625,94.125,638.5,0,0,0,0,0,0,0,0,0,0,0,0,0,0,177.8,177.8,170.0,0.0,0.5,0.48,0.7949999999999999,0.425,0.33,3.5,3.0,1.5,0.0,33.5,20.0,13.0,10.0,52.5,36.0,34.5,29.5,4.0,3.0,1.5,1.0,29.0,16.0,7.5,6.0,2.0,1.5,3.5,3.0,2.5,2.5,2.0,1.0,5.5,2.5,4.0,2.5,3.0,2.0,4.0,3.0,25.0,15.5,5.0,4.5,341.5,60.5,497.5,4,0,1,0,1,1,1,0,0,0,1,0,0,0,180.34,190.5,170.0,25.0,23.0,0,0,0,0,0,0,0,0,0,1,0,0,0,0,0,1,0,0,0,0,1,0,0,0
Red,True,0.40625,0.25,0.3405078124999999,0.320419921875,0.3169921874999999,0.4320703125,0.08642578125,1.00048828125,0.0,0.00244140625,85.30712890625,27.93798828125,67.57861328125,22.10302734375,115.828125,58.19921875,76.654296875,30.14990234375,4.79345703125,0.7763671875,6.91357421875,2.01953125,81.29052734375,24.53857421875,52.64306640625,12.24365234375,3.80126953125,3.19580078125,6.97607421875,3.47216796875,0.21533203125,0.20361328125,7.95947265625,6.38720703125,78.607421875,23.107421875,57.73583984375,16.79833984375,1.99609375,1.71435546875,7.8330078125,5.173828125,4.70361328125,3.1162109375,2.009765625,0.130859375,243.55810546875,131.72216796875,839.1591796875,34,0,4,0,4,10,2,0,0,1,5,3,0,1,187.96,190.5,170.0,0.827880859375,0.0,0.57114501953125,0.37210693359375,0.2666015625,0.110234375,0.7548828125,0.25,0.00048828125,0.25,40.11376953125,22.46533203125,61.393310546875,27.380615234375,50.47998046875,31.8984375,128.58056640625,85.73876953125,0.2685546875,0.2666015625,3.87939453125,0.78955078125,27.624755859375,13.15087890625,51.90673828125,20.392333984375,4.40576171875,3.043701171875,2.95703125,2.081787109375,8.083251953125,6.270751953125,6.529541015625,4.906494140625,30.24609375,14.57958984375,28.968505859375,7.763916015625,0.993408203125,0.875732421875,2.7724609375,1.55322265625,8.874267578125,7.010009765625,29.65234375,18.0634765625,28.679443359375,306.96630859375,711.10205078125,30,9,13,0,13,13,0,0,0,0,2,8,3,0,187.96,195.58,185.0,30.0,36.0,0,0,0,0,0,0,0,1,0,0,0,0,0,0,0,0,0,1,0,0,0,0,1,0
Red,False,0.9375,0.0625,0.4674999999999999,0.406875,0.25,0.03125,0.0,0.25,0.0,0.0,98.0,36.8125,50.1875,20.5,135.5625,72.375,66.25,36.0625,4.25,2.0,0.75,0.0625,84.25,27.5625,38.3125,11.875,13.25,8.75,6.75,5.0,0.5,0.5,5.125,3.625,63.9375,13.875,37.875,11.4375,20.25,14.125,11.6875,8.5,13.8125,8.8125,0.625,0.5625,211.3125,60.125,662.375,9,1,0,1,4,4,1,0,0,0,1,3,0,0,193.04,198.12,245.0,0.5,1.0,0.220625,0.44,0.06125,0.125,0.9375,0.0,0.5625,0.375,51.625,14.6875,77.0,31.875,85.0,44.0625,86.6875,41.125,1.0,0.375,0.375,0.125,48.125,11.875,67.75,26.125,2.5,1.8125,3.0,1.0625,1.0,1.0,6.25,4.6875,48.875,13.375,61.375,21.3125,2.0,0.8125,6.625,4.1875,0.75,0.5,9.0,6.375,99.5,72.25,446.0,12,2,2,0,2,3,2,0,0,0,2,0,1,0,190.5,195.58,240.0,28.0,35.0,0,0,0,0,1,0,0,0,0,0,0,0,0,0,0,1,0,0,0,0,1,0,0,0
Red,False,0.0,0.0,0.2962890625,0.500546875,0.4339453125,0.6135937499999999,1.5546875,0.51953125,0.0078125,0.2578125,56.7265625,16.40234375,70.30078125,35.44921875,106.40625,56.5234375,124.12109375,84.14453125,4.65234375,2.3359375,2.19140625,1.9296875,48.09765625,11.5859375,65.09375,30.8359375,5.4375,2.515625,2.58203125,1.98828125,3.19140625,2.30078125,2.625,2.625,46.3046875,11.02734375,50.64453125,21.3359375,2.57421875,1.19921875,3.09765625,2.203125,7.84765625,4.17578125,16.55859375,11.91015625,245.28515625,274.6015625,829.41015625,22,0,3,0,3,5,4,0,0,1,1,0,3,0,185.42,187.96,185.0,0.0,0.015625,0.41875,0.27015625,0.070625,0.59375,2.125,0.40625,0.1875,0.0,6.078125,2.609375,24.609375,7.640625,12.421875,7.921875,33.9375,16.40625,1.953125,0.328125,0.65625,0.65625,5.328125,2.453125,21.390625,5.3125,0.203125,0.125,1.8125,1.046875,0.546875,0.03125,1.40625,1.28125,4.578125,1.875,15.515625,3.078125,0.1875,0.09375,0.234375,0.0625,1.3125,0.640625,8.859375,4.5,60.171875,114.765625,335.5625,13,0,1,0,3,5,2,0,0,0,1,0,4,0,172.72,180.34,170.0,30.0,31.0,0,0,0,0,0,0,0,1,0,0,0,0,0,0,0,1,0,0,0,0,1,0,0,0
Blue,False,1.0,0.0,0.4599999999999999,0.32,1.0,0.5,0.0,0.5,0.0,0.0,110.0,44.5,116.5,42.0,111.5,46.0,149.0,73.0,2.0,2.0,3.0,0.5,77.5,21.0,80.0,21.5,10.0,6.5,19.5,8.5,22.5,17.0,17.0,12.0,107.0,43.5,110.0,39.0,2.5,1.0,2.5,1.0,0.5,0.0,4.0,2.0,178.5,19.0,763.0,6,0,2,0,2,2,0,0,0,0,1,1,0,0,180.34,190.5,145.0,0.0,0.25,0.341875,0.266875,0.375,0.6125,0.0,0.25,0.125,0.125,152.3125,51.0625,133.0625,33.6875,163.6875,61.125,139.3125,39.5,3.5625,1.625,2.375,1.0,120.625,30.6875,114.125,20.1875,16.125,8.75,7.75,4.75,15.5625,11.625,11.1875,8.75,134.125,40.5625,121.75,27.5,14.1875,9.5,10.1875,5.3125,4.0,1.0,1.125,0.875,88.0,58.25,757.125,13,1,3,0,3,4,1,0,0,0,3,0,0,1,172.72,175.26,155.0,25.0,26.0,0,0,0,0,0,0,1,0,0,0,0,0,0,0,0,1,0,0,0,0,1,0,0,0
Red,False,0.016357421875,0.0,0.40991455078125,0.38676513671875,0.557271728515625,0.365816650390625,0.53179931640625,0.5419921875,0.0157470703125,0.0322265625,124.21295166015624,46.459228515625,157.9188232421875,53.8447265625,159.009033203125,76.7576904296875,183.93389892578125,71.61187744140625,2.137939453125,0.78961181640625,4.94622802734375,2.05035400390625,88.00335693359375,17.786865234375,117.39227294921876,27.4901123046875,17.5809326171875,12.86932373046875,21.1253662109375,11.99700927734375,18.628662109375,15.80303955078125,19.40118408203125,14.35760498046875,104.36553955078124,30.53631591796875,138.44464111328125,41.38043212890625,15.82098388671875,12.6094970703125,11.7646484375,8.97821044921875,4.02642822265625,3.31341552734375,7.70953369140625,3.486083984375,60.10748291015625,214.99493408203125,875.8578491210938,37,0,2,0,3,9,6,0,0,0,4,2,2,1,170.18,172.72,155.0,0.0,0.578125,0.40578125,0.3063671875,0.812109375,0.083515625,0.4453125,0.259765625,0.033203125,0.02734375,63.3046875,22.3125,90.26171875,26.66015625,86.103515625,41.865234375,100.26171875,35.69140625,2.7421875,1.44140625,2.59765625,0.642578125,51.072265625,14.736328125,71.005859375,14.236328125,9.671875,5.24609375,10.66796875,5.294921875,2.560546875,2.330078125,8.587890625,7.12890625,55.96484375,18.107421875,82.474609375,21.73046875,3.62890625,1.828125,4.482421875,2.275390625,3.7109375,2.376953125,3.3046875,2.654296875,107.392578125,47.533203125,467.361328125,25,0,2,0,2,5,5,0,0,0,3,0,2,0,170.18,177.8,145.0,35.0,26.0,0,0,0,0,0,0,1,0,0,0,0,0,0,0,0,0,0,1,0,0,1,0,0,0
Red,False,0.0,0.0,0.72,0.63,0.66,0.85,6.0,7.0,0.0,3.0,18.0,13.0,58.0,37.0,59.0,50.0,96.0,69.0,3.0,2.0,7.0,6.0,11.0,9.0,52.0,32.0,3.0,2.0,2.0,1.0,4.0,2.0,4.0,4.0,5.0,3.0,3.0,3.0,6.0,4.0,5.0,3.0,7.0,6.0,50.0,31.0,95.0,652.0,900.0,3,0,0,1,0,0,1,0,0,0,0,0,0,0,182.88,190.5,170.0,0.28125,0.0,0.450625,0.3721875,0.22375,0.379375,2.53125,0.84375,0.3125,0.0625,51.53125,24.875,82.71875,32.59375,65.71875,34.0625,112.3125,60.15625,4.0625,0.875,5.25,1.5625,44.375,18.15625,66.28125,22.78125,5.6875,5.25,11.625,7.9375,1.46875,1.46875,4.8125,1.875,31.28125,11.84375,40.90625,8.875,15.0625,10.5625,4.59375,2.21875,5.1875,2.46875,37.21875,21.5,96.28125,430.59375,817.65625,15,0,1,0,2,3,3,0,0,0,1,1,1,0,180.34,187.96,170.0,31.0,30.0,0,0,0,0,0,0,0,0,0,1,0,0,0,0,0,1,0,0,0,0,1,0,0,0
Red,False,0.00048828125,0.40625,0.2943994140625,0.3520654296875,0.3709228515625,0.406806640625,0.14111328125,0.0,0.28125,0.0,157.015625,50.642333984375,87.113525390625,29.63134765625,213.452392578125,96.509765625,101.033447265625,42.42138671875,3.82666015625,2.531982421875,3.56640625,1.4091796875,123.063232421875,28.401611328125,77.45068359375,21.909423828125,16.8388671875,10.08837890625,7.6630859375,6.041748046875,17.113525390625,12.15234375,1.999755859375,1.68017578125,132.06640625,38.0947265625,73.9248046875,21.64013671875,6.493896484375,3.748779296875,3.212158203125,2.3642578125,18.455322265625,8.798828125,9.9765625,5.626953125,208.85986328125,94.419677734375,820.07470703125,33,3,3,0,3,9,4,0,0,1,5,1,2,0,190.5,195.58,205.0,0.375,0.5,0.404375,0.615,0.0284374999999999,0.8678125,0.0625,0.09375,0.0,0.0625,52.78125,23.03125,81.28125,47.65625,58.28125,28.28125,100.65625,65.65625,1.25,0.1875,2.40625,2.34375,32.4375,10.21875,58.4375,30.5625,8.25,4.0625,14.375,11.40625,12.09375,8.75,8.46875,5.6875,40.75,14.21875,42.96875,18.84375,9.1875,6.375,9.875,7.40625,2.84375,2.4375,28.4375,21.40625,48.5,274.53125,691.53125,16,3,0,1,2,3,3,0,0,0,0,3,0,0,185.42,193.04,205.0,32.0,29.0,0,0,0,0,0,1,0,0,0,0,0,0,0,0,0,1,0,0,0,0,1,0,0,0
Blue,False,0.015625,0.0,0.45,0.4275,0.25,0.2,0.148468017578125,0.098388671875,0.0,0.0,66.5,29.6875,64.31230545043945,27.34375,89.75,48.0,85.53125,44.41152191162109,2.0,0.75,2.0546875,0.75,51.1875,18.3359375,49.6123046875,16.280410766601562,7.5,5.07647705078125,7.5,5.0,4.5,3.625,4.984375,3.9375,48.6875,17.0,47.11572265625,16.5,5.75,3.75,5.3125,3.4375,5.0625,3.5,3.875,2.5,99.2119140625,94.125,638.5,0,0,0,0,0,0,0,0,0,0,0,0,0,0,180.34,180.34,205.0,0.828125,0.375,0.3746875,0.445,0.015625,0.0,0.0,0.0,0.0,0.25,54.375,22.96875,27.28125,12.390625,59.59375,25.6875,28.109375,13.09375,0.578125,0.015625,1.078125,0.0,51.0625,19.96875,22.734375,8.53125,1.625,1.3125,2.078125,1.796875,1.6875,1.6875,2.46875,2.0625,28.203125,9.90625,26.28125,11.484375,0.96875,0.671875,0.5,0.40625,25.203125,12.390625,0.5,0.5,48.0,3.109375,192.5625,10,0,0,1,3,4,3,0,0,0,1,3,0,0,187.96,195.58,185.0,29.0,30.0,0,0,0,0,0,1,0,0,0,0,0,0,0,0,0,1,0,0,0,0,0,0,1,0
Red,False,0.015625,0.0,0.45,0.4275,0.25,0.2,0.148468017578125,0.098388671875,0.0,0.0,66.5,29.6875,64.31230545043945,27.34375,89.75,48.0,85.53125,44.41152191162109,2.0,0.75,2.0546875,0.75,51.1875,18.3359375,49.6123046875,16.280410766601562,7.5,5.07647705078125,7.5,5.0,4.5,3.625,4.984375,3.9375,48.6875,17.0,47.11572265625,16.5,5.75,3.75,5.3125,3.4375,5.0625,3.5,3.875,2.5,99.2119140625,94.125,638.5,0,0,0,0,0,0,0,0,0,0,0,0,0,0,172.72,172.72,170.0,0.0471682548522949,0.0,0.45,0.4217682266235352,0.25,0.19173828125,0.1875,0.125,0.0,0.0,69.5,30.5,66.984375,27.8466796875,94.0,48.544921875,88.50390625,44.75,2.0,0.8125,2.015625,0.6640625,54.0,19.01513671875,51.483436584472656,16.9437255859375,7.91796875,5.430633544921875,7.75,5.0625,4.780975341796875,3.9373779296875,4.8994140625,3.84375,51.025390625,18.400863647460938,50.515625,17.5,5.75,3.75,5.5,3.5,5.375,3.6875,4.0,2.65625,104.865234375,89.5,655.8441009521484,0,0,0,0,0,0,0,0,0,0,0,0,0,0,182.88,187.96,170.0,30.0,27.0,0,0,0,0,0,0,0,0,0,1,0,0,0,0,0,1,0,0,0,0,1,0,0,0
Red,False,1.0,0.0,0.445,0.33,0.0,0.145,0.0,0.0,0.0,0.0,101.0,44.5,98.0,34.5,123.5,62.5,117.0,50.0,0.5,0.0,8.5,2.5,89.5,35.5,66.5,14.0,9.5,7.5,20.5,14.5,2.0,1.5,11.0,6.0,81.0,35.0,93.0,30.5,6.0,3.5,2.5,2.5,14.0,6.0,2.5,1.5,198.5,113.5,900.0,6,0,1,0,1,1,1,0,0,0,1,0,0,0,172.72,172.72,145.0,0.0,0.0,0.43,0.54,0.0,0.0,0.0,1.0,0.0,1.0,37.0,16.0,48.0,26.0,37.0,16.0,55.0,33.0,0.0,0.0,1.0,0.0,23.0,6.0,25.0,10.0,2.0,1.0,11.0,8.0,12.0,9.0,12.0,8.0,37.0,16.0,30.0,11.0,0.0,0.0,10.0,7.0,0.0,0.0,8.0,8.0,40.0,26.0,271.0,1,0,0,1,0,0,1,0,0,0,0,0,0,0,170.18,172.72,135.0,27.0,32.0,1,0,0,0,0,0,0,0,0,0,0,0,0,0,0,1,0,0,0,0,1,0,0,0
Red,False,0.015625,0.0,0.45,0.4275,0.25,0.2,0.148468017578125,0.098388671875,0.0,0.0,66.5,29.6875,64.31230545043945,27.34375,89.75,48.0,85.53125,44.41152191162109,2.0,0.75,2.0546875,0.75,51.1875,18.3359375,49.6123046875,16.280410766601562,7.5,5.07647705078125,7.5,5.0,4.5,3.625,4.984375,3.9375,48.6875,17.0,47.11572265625,16.5,5.75,3.75,5.3125,3.4375,5.0625,3.5,3.875,2.5,99.2119140625,94.125,638.5,0,0,0,0,0,0,0,0,0,0,0,0,0,0,172.72,185.42,135.0,0.0471682548522949,0.0,0.45,0.4217682266235352,0.25,0.19173828125,0.1875,0.125,0.0,0.0,69.5,30.5,66.984375,27.8466796875,94.0,48.544921875,88.50390625,44.75,2.0,0.8125,2.015625,0.6640625,54.0,19.01513671875,51.483436584472656,16.9437255859375,7.91796875,5.430633544921875,7.75,5.0625,4.780975341796875,3.9373779296875,4.8994140625,3.84375,51.025390625,18.400863647460938,50.515625,17.5,5.75,3.75,5.5,3.5,5.375,3.6875,4.0,2.65625,104.865234375,89.5,655.8441009521484,0,0,0,0,0,0,0,0,0,0,0,0,0,0,175.26,180.34,135.0,23.0,31.0,0,0,1,0,0,0,0,0,0,0,0,0,0,0,0,1,0,0,0,0,0,0,1,0
Red,False,0.015625,0.0,0.45,0.4275,0.25,0.2,0.148468017578125,0.098388671875,0.0,0.0,66.5,29.6875,64.31230545043945,27.34375,89.75,48.0,85.53125,44.41152191162109,2.0,0.75,2.0546875,0.75,51.1875,18.3359375,49.6123046875,16.280410766601562,7.5,5.07647705078125,7.5,5.0,4.5,3.625,4.984375,3.9375,48.6875,17.0,47.11572265625,16.5,5.75,3.75,5.3125,3.4375,5.0625,3.5,3.875,2.5,99.2119140625,94.125,638.5,0,0,0,0,0,0,0,0,0,0,0,0,0,0,170.18,180.34,135.0,0.0,1.0,0.45,0.22,0.0,0.0,0.0,0.0,0.0,0.0,20.0,9.0,18.0,4.0,20.0,9.0,19.0,5.0,0.0,0.0,0.0,0.0,12.0,3.0,16.0,2.0,4.0,3.0,1.0,1.0,4.0,3.0,1.0,1.0,20.0,9.0,18.0,4.0,0.0,0.0,0.0,0.0,0.0,0.0,0.0,0.0,0.0,2.0,152.0,1,0,0,1,0,0,1,0,0,0,0,0,0,0,165.1,167.64,135.0,33.0,29.0,1,0,0,0,0,0,0,0,0,0,0,0,0,0,0,1,0,0,0,0,1,0,0,0
Blue,False,0.0625,1.125,0.3725,0.32625,0.0,0.35625,0.0,0.125,0.0,0.0,123.75,52.4375,62.375,32.25,130.125,58.25,77.5625,46.625,2.0,0.0,3.375,1.4375,82.875,25.875,41.1875,16.1875,32.1875,20.375,7.25,4.8125,8.6875,6.1875,13.9375,11.25,98.1875,36.3125,47.75,24.3125,23.6875,14.625,5.0,3.0,1.875,1.5,9.625,4.9375,50.375,148.4375,536.5,9,0,2,0,2,3,2,0,0,1,1,1,0,0,177.8,177.8,170.0,0.0,0.015625,0.4615625,0.43296875,0.5625,0.3671875,0.03125,0.0,0.0,0.0,132.78125,64.4375,79.234375,29.859375,147.703125,77.265625,88.578125,37.5625,1.15625,1.125,4.453125,1.796875,92.84375,33.796875,69.21875,23.609375,20.78125,13.71875,6.671875,3.28125,19.15625,16.921875,3.34375,2.96875,87.59375,36.5625,61.578125,20.03125,19.875,13.25,11.328125,6.140625,25.3125,14.625,6.328125,3.6875,137.5625,236.984375,678.671875,16,1,1,0,2,5,2,0,0,0,3,1,1,0,177.8,190.5,170.0,33.0,30.0,0,0,0,0,0,0,0,0,0,1,0,0,0,0,0,1,0,0,0,0,1,0,0,0
Blue,False,0.0,0.0,0.44,0.32,0.75,0.36,0.0,2.0,0.0,1.0,126.0,56.0,34.0,11.0,190.0,114.0,62.0,36.0,4.0,3.0,11.0,4.0,88.0,26.0,26.0,6.0,25.0,19.0,5.0,3.0,13.0,11.0,3.0,2.0,58.0,13.0,20.0,4.0,44.0,30.0,7.0,4.0,24.0,13.0,7.0,3.0,332.0,267.0,900.0,3,0,1,0,1,1,0,0,0,0,1,0,0,0,175.26,177.8,170.0,0.546875,0.0,0.27193359375,0.31671875,0.79080078125,0.30080078125,2.009765625,0.072265625,0.064453125,0.01171875,88.814453125,28.00390625,84.87109375,18.697265625,114.837890625,49.7734375,94.98828125,28.32421875,1.75,0.876953125,2.88671875,1.255859375,73.966796875,18.41796875,74.40234375,10.921875,10.0625,5.806640625,5.771484375,4.203125,4.78515625,3.779296875,4.697265625,3.572265625,76.314453125,19.673828125,80.904296875,16.515625,6.27734375,3.48046875,2.294921875,0.923828125,6.22265625,4.849609375,1.671875,1.2578125,157.810546875,93.630859375,590.021484375,25,0,2,0,7,9,1,0,0,0,4,2,3,0,172.72,180.34,155.0,27.0,27.0,0,0,0,0,0,0,1,0,0,0,0,0,0,0,0,0,0,1,0,0,0,0,1,0
Red,False,0.25,0.0,0.5025,0.4674999999999999,0.6875,0.0,1.0,0.0,0.0,0.25,36.5,20.75,22.25,8.25,41.25,25.25,27.0,13.0,1.5,1.25,1.25,0.0,26.25,11.5,17.75,5.0,3.25,3.25,2.25,2.0,7.0,6.0,2.25,1.25,24.75,12.75,19.75,6.5,2.75,2.0,1.5,1.0,9.0,6.0,1.0,0.75,61.75,40.5,268.75,5,0,3,0,3,3,0,0,0,0,0,1,2,0,185.42,193.04,170.0,0.515625,0.25,0.4960742187499999,0.47373046875,0.14453125,0.256875,0.1484375,0.17578125,0.05078125,0.068359375,38.767578125,20.228515625,33.234375,16.5859375,61.169921875,41.373046875,39.341796875,22.0234375,2.0234375,1.0390625,1.080078125,0.796875,29.8671875,13.01171875,28.625,12.57421875,8.583984375,7.119140625,1.92578125,1.39453125,0.31640625,0.09765625,2.68359375,2.6171875,19.447265625,5.361328125,23.31640625,10.783203125,6.361328125,4.3671875,2.45703125,1.880859375,12.958984375,10.5,7.4609375,3.921875,127.142578125,67.9296875,302.201171875,21,1,0,2,3,5,5,0,0,0,1,2,2,0,185.42,195.58,205.0,31.0,30.0,0,0,0,0,0,0,0,1,0,0,0,0,0,0,0,0,0,1,0,0,1,0,0,0
Red,False,0.0,0.0,0.4,0.495,0.5,0.375,0.5,1.0,0.0,0.0,42.0,17.0,31.5,20.0,61.5,32.0,81.0,65.0,2.5,1.0,2.0,1.5,33.0,9.5,17.5,8.0,7.0,5.5,4.0,3.0,2.0,2.0,10.0,9.0,19.5,4.0,11.0,3.0,7.5,6.0,16.0,13.5,15.0,7.0,4.5,3.5,104.5,294.5,563.0,4,0,0,1,1,1,1,0,0,0,0,1,0,0,182.88,190.5,185.0,0.0471682548522949,0.0,0.45,0.4217682266235352,0.25,0.19173828125,0.1875,0.125,0.0,0.0,69.5,30.5,66.984375,27.8466796875,94.0,48.544921875,88.50390625,44.75,2.0,0.8125,2.015625,0.6640625,54.0,19.01513671875,51.483436584472656,16.9437255859375,7.91796875,5.430633544921875,7.75,5.0625,4.780975341796875,3.9373779296875,4.8994140625,3.84375,51.025390625,18.400863647460938,50.515625,17.5,5.75,3.75,5.5,3.5,5.375,3.6875,4.0,2.65625,104.865234375,89.5,655.8441009521484,0,0,0,0,0,0,0,0,0,0,0,0,0,0,185.42,190.5,185.0,26.0,23.0,0,0,0,0,0,1,0,0,0,0,0,0,0,0,0,1,0,0,0,0,1,0,0,0
Blue,False,0.25,0.25,0.3874999999999999,0.3725,0.25,0.5549999999999999,0.0,0.25,0.75,0.25,154.75,60.5,131.75,49.5,215.75,118.5,141.25,57.25,1.5,0.5,9.75,7.25,129.75,42.75,108.75,33.25,16.5,11.75,9.0,5.75,8.5,6.0,14.0,10.5,117.25,41.25,114.5,40.25,16.25,6.75,9.25,5.5,21.25,12.5,8.0,3.75,114.25,222.75,685.25,7,0,0,1,1,1,2,0,0,0,1,0,0,0,190.5,190.5,185.0,0.0,0.515625,0.4246875,0.62515625,0.6496875,0.127578125,0.765625,0.578125,0.1328125,0.1875,16.1953125,6.625,13.015625,6.03125,25.453125,15.171875,20.03125,12.671875,2.03125,1.5234375,0.7109375,0.1328125,10.484375,2.953125,9.9140625,3.8125,4.6875,3.0234375,1.96875,1.5859375,1.0234375,0.6484375,1.1328125,0.6328125,8.140625,2.34375,8.9921875,3.75,2.4296875,1.3359375,2.34375,0.8359375,5.625,2.9453125,1.6796875,1.4453125,98.25,48.4609375,236.828125,12,1,0,1,3,5,3,0,0,0,2,1,2,0,187.96,193.04,185.0,29.0,28.0,0,0,0,0,0,0,0,1,0,0,0,0,0,0,0,1,0,0,0,0,1,0,0,0
Red,False,0.0,0.0,0.15,0.44,0.33,0.18,0.0,0.0,0.0,0.0,71.0,11.0,110.0,49.0,81.0,21.0,122.0,61.0,3.0,1.0,11.0,2.0,65.0,8.0,89.0,36.0,2.0,1.0,19.0,12.0,4.0,2.0,2.0,1.0,64.0,7.0,56.0,24.0,4.0,3.0,6.0,6.0,3.0,1.0,48.0,19.0,103.0,306.0,900.0,3,0,0,1,0,0,1,0,0,0,0,0,0,0,170.18,175.26,135.0,0.0,0.0,0.4,0.5,0.29,0.0,0.0,0.0,0.0,0.0,118.0,48.0,90.0,45.0,147.0,70.0,98.0,50.0,17.0,5.0,1.0,0.0,72.0,18.0,76.0,32.0,36.0,25.0,12.0,11.0,10.0,5.0,2.0,2.0,109.0,41.0,79.0,39.0,5.0,5.0,8.0,4.0,4.0,2.0,3.0,2.0,227.0,15.0,900.0,3,0,1,0,1,1,0,0,0,0,1,0,0,0,162.56,165.1,125.0,27.0,27.0,1,0,0,0,0,0,0,0,0,0,0,0,0,0,0,1,0,0,0,0,0,0,1,0
Blue,False,0.0019683837890625,0.6572303771972656,0.3890711975097656,0.4739873504638672,0.0067214965820312,0.4084780502319336,3.085311889648437,0.6258544921875,1.0008697509765625,0.0007972717285156,127.00747680664062,57.9804801940918,121.90058517456056,54.37555313110352,155.46221923828125,82.92703628540039,148.3305206298828,78.75785446166992,0.2440605163574218,0.0172920227050781,4.645637512207031,2.227481842041016,108.6952896118164,44.44902801513672,89.9477424621582,28.61685943603516,17.282623291015625,13.07809066772461,22.641258239746094,18.623065948486328,1.0295639038085938,0.4533615112304687,9.31158447265625,7.135627746582031,117.45347595214844,53.09727096557617,104.58176040649414,43.84539794921875,9.5167236328125,4.850143432617188,9.37643814086914,5.816043853759766,0.0372772216796875,0.0330657958984375,7.942386627197266,4.714111328125,68.27570343017578,244.53567504882807,787.910514831543,45,1,0,2,4,9,10,0,0,0,3,1,5,0,180.34,172.72,170.0,0.046875,0.75,0.2007812499999999,0.528125,0.046875,0.5470312500000001,1.5,1.90625,0.0,0.125,32.125,9.03125,51.8125,27.75,46.625,22.5,122.09375,90.625,0.78125,0.09375,4.3125,3.484375,23.0,4.296875,37.921875,17.25,4.0625,2.28125,5.375,4.15625,5.0625,2.453125,8.515625,6.34375,25.484375,5.078125,25.265625,11.0,5.21875,3.125,5.203125,3.46875,1.421875,0.828125,21.34375,13.28125,35.4375,559.84375,803.765625,19,1,4,0,4,4,3,0,0,2,1,1,0,0,182.88,187.96,170.0,36.0,29.0,0,0,0,0,0,0,0,0,0,1,0,0,0,0,0,1,0,0,0,0,1,0,0,0
Red,False,0.5,0.0,0.55625,0.27125,0.2775,0.515,1.875,1.5,1.0,0.0,43.375,21.5,28.0,8.875,64.75,40.375,34.375,14.25,2.375,0.75,4.0,1.375,31.625,13.375,22.5,6.0,7.125,4.625,1.75,0.625,4.625,3.5,3.75,2.25,25.625,10.25,23.625,6.875,10.375,6.5,1.375,0.5,7.375,4.75,3.0,1.5,76.0,118.0,332.0,7,0,2,0,2,2,2,0,0,0,0,0,2,0,177.8,187.96,155.0,0.0,0.0,0.5449999999999999,0.36,0.375,0.07,0.5,1.0,0.0,0.0,109.5,61.5,90.5,34.0,123.5,74.5,95.0,38.0,2.5,1.5,3.5,0.5,59.5,19.5,74.5,23.5,15.0,12.0,9.0,4.5,35.0,30.0,7.0,6.0,98.0,54.5,85.0,32.5,4.0,2.0,3.0,1.0,7.5,5.0,2.5,0.5,125.5,28.0,714.0,5,0,2,0,2,2,0,0,0,0,1,0,1,0,185.42,185.42,155.0,21.0,28.0,0,0,0,0,0,0,1,0,0,0,0,0,0,0,0,1,0,0,0,0,1,0,0,0
Red,False,0.0,0.0,0.28,0.9,0.0,0.6,0.0,1.0,0.0,0.0,7.0,2.0,10.0,9.0,10.0,5.0,28.0,24.0,0.0,0.0,5.0,3.0,7.0,2.0,8.0,7.0,0.0,0.0,1.0,1.0,0.0,0.0,1.0,1.0,7.0,2.0,3.0,2.0,0.0,0.0,1.0,1.0,0.0,0.0,6.0,6.0,0.0,172.0,198.0,1,0,0,1,0,0,1,0,0,0,0,0,0,0,177.8,185.42,145.0,0.0471682548522949,0.0,0.45,0.4217682266235352,0.25,0.19173828125,0.1875,0.125,0.0,0.0,69.5,30.5,66.984375,27.8466796875,94.0,48.544921875,88.50390625,44.75,2.0,0.8125,2.015625,0.6640625,54.0,19.01513671875,51.483436584472656,16.9437255859375,7.91796875,5.430633544921875,7.75,5.0625,4.780975341796875,3.9373779296875,4.8994140625,3.84375,51.025390625,18.400863647460938,50.515625,17.5,5.75,3.75,5.5,3.5,5.375,3.6875,4.0,2.65625,104.865234375,89.5,655.8441009521484,0,0,0,0,0,0,0,0,0,0,0,0,0,0,175.26,180.34,145.0,23.0,24.0,0,0,1,0,0,0,0,0,0,0,0,0,0,0,0,0,0,1,0,0,0,0,1,0
Red,False,0.0,0.0,0.53,0.26,0.45,0.33,0.0,4.0,0.0,0.0,103.0,55.0,45.0,12.0,132.0,82.0,55.0,21.0,11.0,5.0,6.0,2.0,78.0,30.0,39.0,9.0,17.0,17.0,5.0,3.0,8.0,8.0,1.0,0.0,71.0,28.0,40.0,8.0,17.0,12.0,4.0,3.0,15.0,15.0,1.0,1.0,313.0,223.0,900.0,3,0,1,0,1,1,0,0,0,0,1,0,0,0,175.26,180.34,155.0,0.0,0.1875,0.30625,0.425625,0.5818749999999999,0.25,1.5625,0.5625,0.3125,1.1875,55.0,17.8125,55.9375,24.0,81.9375,41.6875,75.8125,40.5625,3.75,2.6875,2.75,1.0,46.25,11.5625,46.3125,15.5625,2.5,2.3125,6.125,5.3125,6.25,3.9375,3.5,3.125,35.1875,6.4375,36.6875,12.125,1.5,0.875,6.5625,4.125,18.3125,10.5,12.6875,7.75,348.1875,194.875,858.9375,13,0,0,2,3,3,2,0,0,2,1,0,0,0,175.26,180.34,155.0,31.0,30.0,0,0,0,0,0,0,1,0,0,0,0,0,0,0,0,1,0,0,0,0,0,0,1,0
Red,False,0.0,1.0,0.46,0.42,1.0,1.0,0.0,0.0,0.0,1.0,69.0,32.0,104.0,44.0,77.0,38.0,171.0,106.0,1.0,1.0,1.0,1.0,47.0,17.0,93.0,37.0,8.0,5.0,3.0,2.0,14.0,10.0,8.0,5.0,61.0,28.0,66.0,17.0,2.0,0.0,2.0,2.0,6.0,4.0,36.0,25.0,27.0,174.0,496.0,2,0,0,1,0,0,1,0,0,0,0,0,0,0,187.96,187.96,155.0,0.25390625,0.1953125,0.3564843749999999,0.41515625,0.072265625,0.7109375,0.5,0.5,0.046875,0.02734375,56.8046875,20.15234375,107.91796875,47.5625,82.265625,40.08984375,131.796875,64.85546875,1.546875,0.26953125,0.78125,0.7421875,46.84375,11.74609375,93.94921875,35.7734375,8.4375,7.3828125,2.0078125,1.33203125,1.5234375,1.0234375,11.9609375,10.45703125,43.38671875,10.71484375,56.18359375,18.9453125,12.265625,8.41015625,7.83203125,4.46484375,1.15234375,1.02734375,43.90234375,24.15234375,18.03515625,349.48046875,614.7890625,17,0,2,0,2,6,3,0,0,0,1,1,4,0,185.42,185.42,145.0,24.0,27.0,0,0,0,0,0,0,1,0,0,0,0,0,0,0,0,1,0,0,0,0,1,0,0,0
Red,False,0.0,0.0,0.33,0.5349999999999999,0.0,0.25,0.0,1.0,0.0,0.0,4.5,1.5,9.0,4.5,4.5,1.5,10.5,6.0,0.0,0.0,1.0,0.5,4.0,1.0,8.0,3.5,0.0,0.0,1.0,1.0,0.5,0.5,0.0,0.0,3.5,1.0,6.5,2.5,1.0,0.5,1.5,1.0,0.0,0.0,1.0,1.0,4.5,28.0,61.0,2,0,0,2,0,0,2,0,0,0,0,0,0,0,167.64,167.64,135.0,0.0,0.0,0.45,0.47,0.0,1.0,0.0,3.0,2.0,0.0,98.0,45.0,107.0,51.0,124.0,66.0,118.0,58.0,0.0,0.0,5.0,5.0,72.0,24.0,88.0,35.0,20.0,16.0,11.0,9.0,6.0,5.0,8.0,7.0,88.0,39.0,93.0,43.0,5.0,1.0,8.0,5.0,5.0,5.0,6.0,3.0,235.0,240.0,900.0,3,0,0,1,0,0,1,0,0,0,0,0,0,0,170.18,175.26,135.0,41.0,27.0,1,0,0,0,0,0,0,0,0,0,0,0,0,0,0,1,0,0,0,0,1,0,0,0
Red,False,0.0,0.0,0.4,0.31,0.77,0.5,1.0,0.0,0.0,1.0,44.0,18.0,51.0,16.0,89.0,57.0,74.0,37.0,9.0,7.0,2.0,1.0,31.0,6.0,47.0,12.0,4.0,4.0,3.0,3.0,9.0,8.0,1.0,1.0,42.0,17.0,42.0,12.0,1.0,0.0,0.0,0.0,1.0,1.0,9.0,4.0,485.0,194.0,873.0,3,0,1,0,1,1,0,0,0,0,0,0,1,0,170.18,172.72,135.0,0.5,0.0,0.415,0.425,0.0,0.425,1.0,0.0,0.0,0.0,20.0,8.0,25.0,9.5,48.5,35.5,59.0,36.0,1.0,0.0,3.5,3.0,14.0,4.0,18.5,5.0,5.0,3.5,5.0,4.0,1.0,0.5,1.5,0.5,9.0,0.5,5.5,2.0,5.5,4.5,3.0,2.5,5.5,3.0,16.5,5.0,10.0,399.0,495.0,4,0,0,1,1,1,1,0,0,0,0,1,0,0,167.64,162.56,145.0,24.0,29.0,1,0,0,0,0,0,0,0,0,0,0,0,0,0,0,1,0,0,0,0,1,0,0,0
Red,False,0.0,0.25,0.325,0.4475,0.4375,0.0,0.25,1.0,0.0,0.0,144.5,45.5,198.75,89.5,159.5,58.0,230.75,119.0,2.75,2.0,2.5,0.0,131.5,36.0,162.5,62.0,6.0,4.25,12.75,9.0,7.0,5.25,23.5,18.5,135.25,41.75,189.25,83.5,3.25,1.0,7.25,4.25,6.0,2.75,2.25,1.75,176.0,17.75,895.0,9,0,1,0,1,1,2,0,0,1,0,0,0,0,177.8,190.5,170.0,0.02001953125,0.5078125,0.44336181640625,0.4954541015624999,0.00830078125,0.0772265625,0.255859375,0.0009765625,0.125,0.001953125,18.764892578125,8.1875,20.868896484375,10.923095703125,22.640869140625,11.8056640625,36.608154296875,25.402587890625,0.03662109375,0.02783203125,1.87646484375,0.6259765625,16.420166015625,6.1083984375,16.15185546875,7.0849609375,0.6337890625,0.3759765625,1.621337890625,0.980712890625,1.7109375,1.703125,3.095703125,2.857421875,11.456298828125,4.06103515625,9.821044921875,2.8984375,3.196533203125,1.689208984375,3.4814453125,2.655517578125,4.112060546875,2.437255859375,7.56640625,5.369140625,27.6875,127.421875,327.544921875,19,3,3,0,3,8,5,0,0,0,0,6,1,1,182.88,187.96,185.0,36.0,34.0,0,0,0,0,0,0,0,1,0,0,0,0,0,0,0,1,0,0,0,0,0,0,1,0
Blue,False,1.0,0.0,0.52,0.36,0.5,0.0,1.0,5.0,0.0,2.0,61.0,32.0,66.0,24.0,104.0,73.0,104.0,56.0,8.0,4.0,0.0,0.0,42.0,17.0,48.0,13.0,10.0,9.0,17.0,11.0,9.0,6.0,1.0,0.0,33.0,15.0,54.0,19.0,13.0,8.0,12.0,5.0,15.0,9.0,0.0,0.0,454.0,91.0,900.0,3,0,1,0,1,1,0,0,0,0,1,0,0,0,182.88,185.42,170.0,0.5,0.125,0.5567187499999999,0.48078125,0.2,0.098125,0.5,0.265625,0.25,0.0625,26.5,14.015625,24.984375,14.5,56.765625,41.125,46.078125,33.140625,2.59375,1.09375,0.390625,0.265625,21.03125,9.75,18.328125,8.96875,3.9375,3.3125,5.1875,4.5625,1.53125,0.953125,1.46875,0.96875,8.75,2.296875,15.640625,7.796875,6.828125,4.6875,4.734375,3.796875,10.921875,7.03125,4.609375,2.90625,260.8125,104.75,478.34375,17,1,1,0,2,3,4,0,0,0,1,1,1,0,175.26,182.88,155.0,30.0,35.0,0,0,0,0,0,0,0,0,0,1,0,0,0,0,0,0,0,1,0,0,1,0,0,0
Blue,False,0.0,0.0,0.46,0.52,0.0,0.37,0.0,0.0,0.0,0.0,49.0,23.0,59.0,31.0,77.0,44.0,116.0,79.0,0.0,0.0,8.0,3.0,38.0,13.0,47.0,22.0,9.0,8.0,5.0,4.0,2.0,2.0,7.0,5.0,40.0,15.0,35.0,11.0,7.0,6.0,9.0,9.0,2.0,2.0,15.0,11.0,0.0,518.0,900.0,3,0,0,1,0,0,1,0,0,0,0,0,0,0,180.34,185.42,185.0,0.957275390625,0.51025390625,0.3123095703125,0.3731640625,0.0469970703125,0.26759765625,0.03125,0.1279296875,0.0634765625,0.0625,63.87841796875,22.00439453125,90.917236328125,35.052001953125,87.6748046875,40.56640625,106.9296875,49.564208984375,0.5166015625,0.265869140625,5.166259765625,1.72314453125,56.507568359375,16.97216796875,77.997802734375,23.459716796875,5.0576171875,3.04248046875,5.71875,4.959228515625,2.313232421875,1.98974609375,7.20068359375,6.633056640625,42.2451171875,10.32373046875,64.002685546875,19.5625,11.838134765625,6.5244140625,19.87451171875,11.389404296875,9.795166015625,5.15625,7.0400390625,4.10009765625,105.402099609375,83.665771484375,443.473876953125,25,0,1,0,3,7,6,0,0,1,2,4,0,0,185.42,185.42,185.0,31.0,39.0,0,0,0,0,0,0,0,1,0,0,0,0,0,0,0,1,0,0,0,0,1,0,0,0
Blue,False,0.375,0.0,0.3775,0.765,0.415,0.15,1.75,0.125,0.0,0.0,22.0,9.75,12.875,8.25,38.0,24.25,29.375,24.5,2.0,1.0,2.875,0.625,19.375,8.5,9.125,5.375,1.125,0.5,1.875,1.25,1.5,0.75,1.875,1.625,9.875,2.0,6.625,3.375,3.25,1.75,2.0,1.0,8.875,6.0,4.25,3.875,108.5,117.625,290.75,5,0,1,0,2,3,1,0,0,0,0,1,2,0,195.58,200.66,205.0,0.03125,0.00830078125,0.3512939453125,0.3715869140625,0.3000537109375,0.0625,0.0,0.00048828125,0.0,0.0,106.2666015625,37.91455078125,134.59716796875,49.337890625,115.51806640625,46.07421875,145.990234375,58.7890625,10.5341796875,1.04296875,0.6953125,0.0625,89.05078125,26.67041015625,108.87890625,28.48876953125,3.11572265625,1.22216796875,17.7548828125,13.94384765625,14.10009765625,10.02197265625,7.96337890625,6.9052734375,93.62158203125,32.87744140625,110.8271484375,34.97119140625,7.0693359375,3.29638671875,19.4287109375,12.0302734375,5.57568359375,1.74072265625,4.34130859375,2.33642578125,109.64501953125,36.32763671875,826.58349609375,26,0,3,0,5,9,3,0,1,0,2,5,0,0,185.42,193.04,205.0,24.0,34.0,0,0,0,0,0,1,0,0,0,0,0,0,0,0,0,1,0,0,0,0,1,0,0,0
Red,False,0.0,0.0,0.68,0.48,0.27,1.0,2.0,0.0,1.0,0.0,58.0,40.0,31.0,15.0,129.0,97.0,74.0,50.0,11.0,3.0,1.0,1.0,28.0,18.0,22.0,7.0,17.0,10.0,3.0,2.0,13.0,12.0,6.0,6.0,28.0,16.0,16.0,1.0,6.0,5.0,8.0,7.0,24.0,19.0,7.0,7.0,464.0,217.0,900.0,3,0,1,0,1,1,0,0,0,0,1,0,0,0,167.64,170.18,135.0,0.0,0.0,0.45,0.19,0.4,0.0,0.0,2.0,0.0,0.0,123.0,56.0,92.0,18.0,139.0,67.0,141.0,59.0,10.0,4.0,1.0,0.0,102.0,39.0,88.0,15.0,7.0,4.0,3.0,2.0,14.0,13.0,1.0,1.0,96.0,38.0,88.0,15.0,1.0,1.0,4.0,3.0,26.0,17.0,0.0,0.0,375.0,32.0,900.0,3,0,1,0,1,1,0,0,0,0,1,0,0,0,167.64,167.64,145.0,26.0,26.0,0,0,1,0,0,0,0,0,0,0,0,0,0,0,0,1,0,0,0,0,1,0,0,0
Red,False,0.5000019073486328,0.0783729553222656,0.3418728601932526,0.2701421165466309,0.0619492936134338,0.31946044921875,0.6563186645507812,0.0009790658950805,0.0,0.1259775161743164,57.02540338039398,17.69152593612671,77.99345767498016,25.07685685157776,70.7957034111023,30.13125574588776,89.2023743391037,34.83198094367981,2.5882811546325684,0.5074641704559326,1.2209492921829224,0.876007080078125,46.732247829437256,10.236645579338074,63.7286456823349,16.54293417930603,4.835749506950378,4.036780953407288,4.1194257736206055,2.523357391357422,5.457406044006348,3.418099403381348,10.145386219024658,6.010565280914307,49.53091549873352,13.684175729751589,68.84764397144318,21.54592442512512,2.613345146179199,1.5163753032684326,1.9264483451843264,1.0271432399749756,4.881142735481262,2.490974903106689,7.219365358352661,2.503789186477661,49.48388385772705,88.61685848236084,497.8571592569351,59,10,1,0,6,15,9,0,0,2,3,7,2,1,190.5,187.96,205.0,0.0361328125,0.875,0.3906396484375,0.384140625,0.3229150390624999,0.020634765625,0.0,0.01708984375,0.0,0.0,55.2314453125,22.12744140625,63.365234375,24.091796875,78.7939453125,41.20458984375,80.49658203125,39.708984375,10.41552734375,3.69873046875,0.884765625,0.0634765625,48.80322265625,17.09423828125,46.81787109375,11.099609375,1.64697265625,1.064453125,11.310546875,8.53759765625,4.78125,3.96875,5.23681640625,4.45458984375,34.5634765625,7.80859375,39.40869140625,12.55224609375,10.1982421875,7.38525390625,20.80029296875,9.2626953125,10.4697265625,6.93359375,3.15625,2.27685546875,357.71728515625,39.0419921875,827.98828125,32,3,5,0,5,10,2,0,1,3,2,4,0,0,182.88,190.5,205.0,36.0,31.0,0,0,0,0,0,1,0,0,0,0,0,0,0,0,0,1,0,0,0,0,1,0,0,0
Red,False,0.125,0.0625,0.468125,0.414375,0.2703125,0.259375,1.25,0.0625,0.125,0.0,77.90625,36.34375,86.21875,34.78125,130.5625,83.21875,108.59375,56.0,5.625,1.8125,9.84375,0.8125,57.0625,19.96875,55.375,12.65625,12.3125,9.96875,17.125,12.90625,8.53125,6.40625,13.71875,9.21875,57.53125,19.90625,72.71875,25.46875,10.90625,8.90625,7.03125,4.6875,9.46875,7.53125,6.46875,4.625,169.375,209.125,834.40625,15,0,0,1,3,4,2,0,0,0,2,0,2,0,182.88,187.96,170.0,0.0,0.0,0.4175,0.3924999999999999,0.6074999999999999,0.0,0.5,0.25,0.25,0.25,71.75,30.25,78.0,32.5,89.5,45.75,127.75,76.75,7.75,4.75,4.75,0.0,52.5,18.25,50.75,16.25,10.5,4.25,12.5,6.25,8.75,7.75,14.75,10.0,46.25,17.25,46.5,12.75,12.5,5.0,19.5,11.75,13.0,8.0,12.0,8.0,257.0,138.25,740.0,7,0,1,0,1,2,1,0,0,0,1,0,1,0,182.88,193.04,170.0,35.0,22.0,0,0,0,0,0,0,0,0,0,1,0,0,0,0,0,1,0,0,0,0,1,0,0,0
Red,False,0.5,0.0,0.531875,0.34,0.555,0.025,1.0,0.0625,0.0,0.0,54.0,27.1875,40.5,13.25,92.625,63.0,57.75,28.0,5.5625,3.1875,0.625,0.25,41.125,16.0625,29.3125,6.375,6.375,5.5,9.0625,6.125,6.5,5.625,2.125,0.75,23.3125,6.5625,26.6875,5.375,10.5,5.5625,12.875,7.0,20.1875,15.0625,0.9375,0.875,442.0,25.6875,587.25,14,0,1,0,3,4,1,0,0,0,2,1,1,0,172.72,180.34,170.0,0.78125,0.0,0.6934374999999999,0.3721875,0.193125,0.1675,0.375,0.25,0.0,0.0,31.875,18.0625,47.90625,21.125,43.0,28.96875,61.1875,33.6875,4.3125,2.21875,2.5,0.78125,25.46875,12.21875,32.09375,8.46875,3.71875,3.1875,11.625,8.8125,2.6875,2.65625,4.1875,3.84375,20.8125,9.5,34.9375,12.4375,6.46875,4.46875,12.71875,8.4375,4.59375,4.09375,0.25,0.25,157.125,78.625,400.28125,13,0,4,0,4,5,1,0,1,0,1,3,0,0,175.26,175.26,185.0,30.0,27.0,0,0,0,0,0,0,0,0,0,1,0,0,0,0,0,1,0,0,0,0,0,0,1,0
Red,False,0.015625,0.0,0.45,0.4275,0.25,0.2,0.148468017578125,0.098388671875,0.0,0.0,66.5,29.6875,64.31230545043945,27.34375,89.75,48.0,85.53125,44.41152191162109,2.0,0.75,2.0546875,0.75,51.1875,18.3359375,49.6123046875,16.280410766601562,7.5,5.07647705078125,7.5,5.0,4.5,3.625,4.984375,3.9375,48.6875,17.0,47.11572265625,16.5,5.75,3.75,5.3125,3.4375,5.0625,3.5,3.875,2.5,99.2119140625,94.125,638.5,0,0,0,0,0,0,0,0,0,0,0,0,0,0,175.26,175.26,170.0,0.0,0.5,0.415,0.48,0.42,0.165,0.0,0.0,0.0,1.0,62.5,20.5,80.5,39.0,97.5,48.0,101.5,58.5,8.5,3.5,3.5,1.0,44.0,12.0,66.0,26.5,11.5,3.0,6.0,5.0,7.0,5.5,8.5,7.5,53.0,14.0,44.0,13.5,5.5,3.5,4.5,3.5,4.0,3.0,32.0,22.0,229.0,255.5,900.0,6,0,0,2,0,0,2,0,0,0,0,0,0,0,182.88,195.58,185.0,28.0,28.0,0,0,0,0,0,0,0,1,0,0,0,0,0,0,0,1,0,0,0,0,1,0,0,0
Red,False,0.0,0.0,0.44,0.22,0.0,0.66,1.0,0.0,0.0,0.0,227.0,102.0,282.0,64.0,241.0,116.0,288.0,70.0,0.0,0.0,3.0,2.0,199.0,80.0,244.0,40.0,22.0,17.0,27.0,16.0,6.0,5.0,11.0,8.0,214.0,93.0,275.0,58.0,3.0,3.0,7.0,6.0,10.0,6.0,0.0,0.0,161.0,56.0,900.0,3,0,0,1,0,0,1,0,0,0,0,0,0,0,167.64,177.8,135.0,0.0,0.0,0.6,0.6725000000000001,0.6875,0.385,0.0,2.0,0.0,0.5,48.5,27.75,58.75,37.75,88.25,59.25,98.0,69.75,5.0,1.75,6.0,1.75,30.0,11.75,30.5,15.75,4.75,3.25,17.5,12.5,13.75,12.75,10.75,9.5,21.5,4.0,32.75,18.25,15.75,13.25,13.5,9.75,11.25,10.5,12.5,9.75,227.0,267.5,727.75,7,0,0,3,0,0,3,0,0,0,0,0,0,0,167.64,177.8,145.0,28.0,35.0,0,0,1,0,0,0,0,0,0,0,0,0,0,0,0,1,0,0,0,0,1,0,0,0
Red,False,1.0,0.0,0.24,0.31,0.0,1.0,0.0,0.0,0.0,0.0,106.0,26.0,70.0,22.0,106.0,26.0,71.0,23.0,1.0,0.0,1.0,1.0,82.0,13.0,54.0,13.0,13.0,4.0,13.0,6.0,11.0,9.0,3.0,3.0,103.0,23.0,67.0,21.0,1.0,1.0,3.0,1.0,2.0,2.0,0.0,0.0,12.0,29.0,388.0,2,0,1,0,1,1,0,0,0,0,0,1,0,0,177.8,182.88,155.0,1.17431640625,0.25,0.49012451171875,0.24515380859375,0.04052734375,0.167822265625,0.000244140625,0.13525390625,0.125,0.00390625,68.55712890625,31.30322265625,50.707275390625,17.9130859375,75.25048828125,37.996337890625,54.588623046875,21.432861328125,0.414306640625,0.117431640625,5.36572265625,1.105712890625,56.311279296875,21.154052734375,30.0087890625,5.546142578125,9.257568359375,7.47412109375,8.72705078125,5.6787109375,2.98828125,2.675048828125,11.971435546875,6.688232421875,57.207763671875,24.458740234375,48.9560546875,17.389892578125,6.245849609375,4.159423828125,1.0712890625,0.4560546875,5.103515625,2.68505859375,0.679931640625,0.067138671875,10.66552734375,73.03662109375,425.850830078125,22,0,1,0,4,9,4,0,0,2,1,5,0,1,175.26,180.34,155.0,31.0,28.0,0,0,0,0,0,0,1,0,0,0,0,0,0,0,0,1,0,0,0,0,1,0,0,0
Red,False,0.0,0.0,0.46,0.46,1.0,0.0,0.0,0.0,0.0,0.0,92.0,43.0,143.0,67.0,133.0,77.0,186.0,105.0,4.0,4.0,2.0,0.0,60.0,20.0,118.0,43.0,7.0,7.0,16.0,15.0,25.0,16.0,9.0,9.0,75.0,30.0,123.0,49.0,6.0,5.0,19.0,17.0,11.0,8.0,1.0,1.0,254.0,60.0,900.0,3,0,1,0,1,1,0,0,0,1,0,0,0,0,170.18,175.26,135.0,0.0,0.0,0.31,0.34,1.0,0.0,1.0,0.0,0.0,0.0,61.0,19.0,49.0,17.0,62.0,20.0,50.0,18.0,1.0,1.0,0.0,0.0,57.0,17.0,37.0,8.0,4.0,2.0,3.0,2.0,0.0,0.0,9.0,7.0,50.0,16.0,48.0,16.0,0.0,0.0,1.0,1.0,11.0,3.0,0.0,0.0,8.0,18.0,210.0,1,0,1,0,1,1,0,0,0,0,0,0,1,0,170.18,177.8,135.0,27.0,31.0,1,0,0,0,0,0,0,0,0,0,0,0,0,0,0,1,0,0,0,0,1,0,0,0
Red,False,0.28125,0.0,0.2881249999999999,0.3406249999999999,0.1878125,0.5,0.0625,1.5625,0.0,0.0,64.5625,21.09375,71.21875,20.84375,81.625,35.1875,81.96875,31.0625,6.59375,1.96875,1.0,1.0,57.125,14.8125,57.34375,10.03125,3.875,2.78125,8.4375,6.40625,3.5625,3.5,5.4375,4.40625,50.0625,12.96875,62.78125,14.6875,6.03125,3.34375,1.875,1.125,8.46875,4.78125,6.5625,5.03125,125.875,134.46875,684.9375,15,1,5,0,5,5,1,0,0,0,3,2,0,0,187.96,187.96,205.0,3.814697265625e-06,0.1567459106445312,0.3137457203865051,0.3502842330932617,0.1238985872268676,0.6389208984375,0.3126373291015625,0.0019581317901611,0.0,0.2519550323486328,98.05080676078796,29.383051872253414,134.98691534996033,46.15371370315552,124.5914068222046,53.26251149177551,157.4047486782074,65.66396188735962,5.176562309265137,1.0149283409118652,2.4418985843658447,1.75201416015625,81.46449565887451,16.473291158676147,114.4572913646698,32.08586835861206,8.671499013900757,7.073561906814575,8.238851547241211,5.046714782714844,7.914812088012695,5.836198806762695,12.290772438049316,9.021130561828612,85.06183099746704,22.36835145950317,116.69528794288637,39.09184885025024,5.226690292358398,3.032750606536865,3.852896690368652,2.054286479949951,7.762285470962524,3.981949806213379,14.438730716705322,5.007578372955322,92.9677677154541,168.23371696472168,879.7143185138702,58,10,1,0,6,14,9,0,0,2,3,7,1,1,190.5,187.96,205.0,28.0,36.0,0,0,0,0,0,1,0,0,0,0,0,0,0,0,0,1,0,0,0,0,1,0,0,0
Red,True,0.0,0.0,0.44,0.15,0.18,0.33,0.0,0.0,0.0,0.0,110.0,49.0,71.0,11.0,122.0,61.0,81.0,21.0,11.0,2.0,3.0,1.0,89.0,36.0,65.0,8.0,19.0,12.0,2.0,1.0,2.0,1.0,4.0,2.0,56.0,24.0,64.0,7.0,6.0,6.0,4.0,3.0,48.0,19.0,3.0,1.0,306.0,103.0,900.0,3,0,1,0,1,1,0,0,0,0,1,0,0,0,167.64,170.18,135.0,0.0471682548522949,0.0,0.45,0.4217682266235352,0.25,0.19173828125,0.1875,0.125,0.0,0.0,69.5,30.5,66.984375,27.8466796875,94.0,48.544921875,88.50390625,44.75,2.0,0.8125,2.015625,0.6640625,54.0,19.01513671875,51.483436584472656,16.9437255859375,7.91796875,5.430633544921875,7.75,5.0625,4.780975341796875,3.9373779296875,4.8994140625,3.84375,51.025390625,18.400863647460938,50.515625,17.5,5.75,3.75,5.5,3.5,5.375,3.6875,4.0,2.65625,104.865234375,89.5,655.8441009521484,0,0,0,0,0,0,0,0,0,0,0,0,0,0,172.72,172.72,135.0,32.0,26.0,1,0,0,0,0,0,0,0,0,0,0,0,0,0,0,1,0,0,0,0,1,0,0,0
Red,False,0.0,0.0,0.5265624999999999,0.3924999999999999,0.5559375,0.550625,0.28125,0.625,0.625,0.5,46.3125,24.59375,63.34375,26.3125,72.71875,46.96875,98.6875,57.21875,7.03125,3.8125,2.125,0.78125,37.75,17.09375,47.5625,14.8125,1.1875,1.1875,10.15625,7.90625,7.375,6.3125,5.625,3.59375,21.6875,8.65625,44.375,12.125,3.84375,3.78125,17.03125,12.90625,20.78125,12.15625,1.9375,1.28125,561.8125,110.78125,891.40625,18,0,2,0,3,5,1,0,0,1,3,1,0,0,187.96,193.04,170.0,0.5,0.25,0.4225,0.31875,0.15625,0.31125,0.75,1.125,0.5,0.875,91.5,38.75,53.0,18.5,138.0,80.125,64.0,27.875,1.25,0.5,3.125,1.75,65.375,20.875,43.0,13.375,10.625,6.25,4.5,2.125,15.5,11.625,5.5,3.0,64.25,23.125,41.0,11.875,9.875,4.0,5.25,3.25,17.375,11.625,6.75,3.375,116.75,166.25,581.75,10,0,0,1,3,3,1,0,0,1,0,2,0,0,187.96,190.5,170.0,29.0,27.0,0,0,0,0,0,0,0,0,0,1,0,0,0,0,0,0,0,1,0,0,1,0,0,0
Blue,False,0.01226806640625,1.50048828125,0.3632766723632812,0.512247314453125,0.08169921875,0.3081826782226562,1.128936767578125,0.90728759765625,0.0,0.001953125,61.45228576660156,25.74009704589844,59.799560546875,30.20082092285156,112.76792907714844,72.82838439941406,84.24002075195312,51.52995300292969,1.265655517578125,0.175018310546875,2.76971435546875,1.6304168701171875,45.50651550292969,16.42633056640625,50.219512939453125,22.89491271972656,5.4954681396484375,3.100555419921875,6.7761993408203125,5.3189697265625,10.450302124023438,6.2132110595703125,2.8038482666015625,1.9869384765625,43.79331970214844,15.227951049804688,35.81034851074219,14.858123779296877,11.497879028320312,5.898971557617188,13.996688842773438,9.2652587890625,6.1610870361328125,4.6131744384765625,9.992523193359377,6.077438354492188,63.21846008300781,218.7314910888672,497.39817810058594,36,0,5,0,5,11,6,0,0,1,2,6,2,0,180.34,185.42,185.0,0.6640625,0.1484375,0.28640625,0.312265625,0.75,0.4415625,0.5,0.0,0.0,0.0,127.34375,33.796875,115.03125,32.6484375,137.9921875,43.1328125,124.796875,41.1796875,0.765625,0.75,5.296875,2.875,101.734375,16.84375,100.171875,21.703125,4.796875,3.2890625,9.4140625,6.875,20.8125,13.6640625,5.4453125,4.0703125,107.671875,25.9140625,105.3046875,28.6484375,10.8828125,3.5,7.1171875,2.71875,8.7890625,4.3828125,2.609375,1.28125,54.234375,61.453125,755.6328125,18,1,0,1,1,3,5,0,0,0,1,2,0,0,180.34,187.96,205.0,30.0,34.0,0,0,0,0,0,0,0,1,0,0,0,0,0,0,0,0,0,1,0,0,1,0,0,0
Red,False,0.015625,0.064453125,0.42107421875,0.4050781249999999,0.60302734375,0.295234375,1.171875,0.48828125,0.2890625,0.11328125,111.125,49.994140625,55.990234375,20.69140625,139.900390625,71.1875,90.703125,47.787109375,2.0078125,1.08984375,1.8671875,0.51953125,96.314453125,38.890625,44.056640625,11.091796875,3.548828125,2.107421875,9.88671875,8.3359375,11.26171875,8.99609375,2.046875,1.263671875,52.712890625,17.83203125,39.337890625,10.4375,9.662109375,5.796875,12.958984375,8.298828125,48.75,26.365234375,3.693359375,1.955078125,402.171875,60.2421875,685.5703125,22,0,0,1,4,7,3,0,0,0,3,2,2,0,177.8,172.72,155.0,1.3212890625,0.009765625,0.3294140625,0.24484375,0.026953125,0.094296875,0.28125,0.0087890625,0.064453125,0.06640625,183.9619140625,58.310546875,144.5810546875,33.052734375,189.87109375,63.2353515625,145.6708984375,34.0361328125,0.6396484375,0.1279296875,6.69140625,0.12109375,146.087890625,30.5771484375,118.5712890625,19.892578125,14.736328125,9.3349609375,13.7041015625,6.146484375,23.1376953125,18.3984375,12.3056640625,7.013671875,173.509765625,52.8984375,141.4248046875,32.345703125,6.8037109375,2.73828125,2.71484375,0.48828125,3.6484375,2.673828125,0.44140625,0.21875,25.2529296875,12.2265625,699.7900390625,23,0,0,1,3,7,4,0,0,0,2,3,2,0,167.64,177.8,145.0,27.0,32.0,0,0,0,0,0,0,1,0,0,0,0,0,0,0,0,1,0,0,0,0,1,0,0,0
Blue,False,0.0,0.03125,0.3546875,0.2753125,0.398125,0.1728125,0.65625,0.25,0.03125,0.0625,72.3125,24.34375,75.46875,18.40625,96.46875,45.5,96.59375,36.4375,4.71875,1.875,3.1875,1.03125,58.4375,16.125,63.4375,8.90625,4.25,2.6875,5.0625,3.28125,9.625,5.53125,6.96875,6.21875,54.5,12.53125,67.0,12.84375,3.9375,3.375,3.84375,2.84375,13.875,8.4375,4.625,2.71875,197.8125,171.78125,714.84375,17,0,0,2,3,3,3,0,0,0,2,0,1,0,172.72,177.8,155.0,0.125,1.125,0.23234375,0.2828125,0.217734375,0.15625,0.796875,0.125,0.0703125,0.2734375,149.75,32.4296875,151.1796875,47.1875,160.234375,41.6328125,161.625,56.6171875,9.890625,1.1640625,0.765625,0.5625,131.609375,25.359375,126.1484375,28.46875,12.984375,4.9140625,9.7421875,7.0,5.15625,2.15625,15.2890625,11.71875,140.9453125,28.3828125,138.3515625,39.46875,5.171875,1.2109375,7.8515625,4.65625,3.6328125,2.8359375,4.9765625,3.0625,127.984375,63.6171875,763.265625,18,0,7,0,7,7,1,0,0,0,2,1,4,0,177.8,180.34,155.0,26.0,33.0,0,0,0,0,0,0,1,0,0,0,0,0,0,0,0,0,0,1,0,0,1,0,0,0
Red,False,0.015625,0.0,0.45,0.4275,0.25,0.2,0.148468017578125,0.098388671875,0.0,0.0,66.5,29.6875,64.31230545043945,27.34375,89.75,48.0,85.53125,44.41152191162109,2.0,0.75,2.0546875,0.75,51.1875,18.3359375,49.6123046875,16.280410766601562,7.5,5.07647705078125,7.5,5.0,4.5,3.625,4.984375,3.9375,48.6875,17.0,47.11572265625,16.5,5.75,3.75,5.3125,3.4375,5.0625,3.5,3.875,2.5,99.2119140625,94.125,638.5,0,0,0,0,0,0,0,0,0,0,0,0,0,0,175.26,175.26,135.0,0.0471682548522949,0.0,0.45,0.4217682266235352,0.25,0.19173828125,0.1875,0.125,0.0,0.0,69.5,30.5,66.984375,27.8466796875,94.0,48.544921875,88.50390625,44.75,2.0,0.8125,2.015625,0.6640625,54.0,19.01513671875,51.483436584472656,16.9437255859375,7.91796875,5.430633544921875,7.75,5.0625,4.780975341796875,3.9373779296875,4.8994140625,3.84375,51.025390625,18.400863647460938,50.515625,17.5,5.75,3.75,5.5,3.5,5.375,3.6875,4.0,2.65625,104.865234375,89.5,655.8441009521484,0,0,0,0,0,0,0,0,0,0,0,0,0,0,170.18,172.72,135.0,31.0,32.0,1,0,0,0,0,0,0,0,0,0,0,0,0,0,0,1,0,0,0,0,1,0,0,0
Blue,False,0.0625,0.0,0.6034375000000001,0.680625,0.410625,0.0725,0.125,0.125,0.0,0.25,85.90625,49.15625,67.125,34.75,139.875,92.1875,99.625,65.5,17.5,6.75,2.375,0.3125,51.28125,17.125,47.65625,18.9375,11.0625,8.53125,8.59375,7.1875,23.5625,23.5,10.875,8.625,38.40625,11.84375,34.40625,12.875,30.71875,25.34375,30.875,20.34375,16.78125,11.96875,1.84375,1.53125,481.625,94.0625,813.90625,14,0,3,0,3,4,2,0,0,1,1,2,0,0,182.88,185.42,170.0,0.5,0.5,0.61,0.5900000000000001,0.25,0.0,0.0,2.0,0.5,0.0,32.5,20.0,30.0,16.5,54.0,39.5,50.0,34.5,4.5,1.5,1.0,0.0,26.0,14.0,21.5,11.0,4.0,4.0,5.5,3.5,2.5,2.0,3.0,2.0,13.5,7.0,11.5,4.0,6.5,4.5,8.0,4.5,12.5,8.5,10.5,8.0,368.5,107.5,580.0,4,0,2,0,2,2,0,0,0,0,1,1,0,0,185.42,187.96,185.0,36.0,23.0,0,0,0,0,0,0,0,1,0,0,0,0,0,0,0,1,0,0,0,0,1,0,0,0
Red,False,0.125,0.5,0.3893749999999999,0.4818749999999999,0.0,0.095,0.0,0.75,0.0,0.0,62.625,22.875,72.625,32.5625,72.625,32.8125,97.3125,54.0625,0.125,0.0,6.1875,1.75,43.3125,9.5625,51.25,16.125,11.0,7.4375,10.1875,7.375,8.3125,5.875,11.1875,9.0625,52.875,14.625,56.1875,22.1875,9.4375,8.0,12.1875,7.625,0.3125,0.25,4.25,2.75,34.875,239.4375,514.875,11,1,0,1,2,2,3,0,0,0,1,1,0,0,180.34,185.42,155.0,0.0,0.0,0.38,0.3,1.0,1.0,0.0,0.0,0.0,0.0,188.0,72.0,151.0,46.0,194.0,78.0,153.0,48.0,1.0,1.0,2.0,2.0,124.0,34.0,117.0,26.0,35.0,16.0,15.0,10.0,29.0,22.0,19.0,10.0,175.0,66.0,147.0,44.0,5.0,2.0,4.0,2.0,8.0,4.0,0.0,0.0,28.0,45.0,900.0,3,0,0,1,0,0,1,0,0,0,0,0,0,0,185.42,190.5,155.0,29.0,31.0,0,0,0,0,0,0,1,0,0,0,0,0,0,0,0,1,0,0,0,0,1,0,0,0
Blue,False,0.25,0.0,0.3675,0.4599999999999999,0.0825,0.255,0.0,0.0,0.0,0.0,43.75,15.25,57.5,22.25,61.5,29.5,91.5,47.0,1.0,0.25,7.5,2.5,37.25,10.0,38.0,8.75,3.5,2.75,9.5,4.5,3.0,2.5,10.0,9.0,31.5,7.5,45.5,12.5,3.25,2.5,8.75,8.25,9.0,5.25,3.25,1.5,91.75,393.5,816.25,8,0,2,0,2,2,1,0,0,0,1,1,0,0,177.8,182.88,170.0,0.0,0.0,0.15,0.410625,0.47875,0.525,1.3125,0.75,0.5625,0.0,47.8125,4.75,39.4375,17.6875,70.125,21.875,52.875,30.4375,3.25,1.3125,2.75,2.125,39.9375,1.5625,28.625,8.375,3.125,1.5625,5.4375,4.4375,4.75,1.625,5.375,4.875,44.4375,3.6875,26.0625,8.1875,2.0625,0.5625,11.5625,8.1875,1.3125,0.5,1.8125,1.3125,181.75,160.9375,579.1875,9,0,0,1,3,3,2,0,0,1,0,0,2,0,177.8,187.96,170.0,34.0,30.0,0,0,0,0,0,0,0,0,0,1,0,0,0,0,0,1,0,0,0,0,0,0,1,0
Red,False,1.125,0.25,0.4493749999999999,0.31,0.0,0.0625,0.0,0.5625,0.0,0.0,71.0,33.4375,123.4375,41.625,78.0,39.9375,171.125,84.0,0.0,0.0,3.625,0.0625,47.1875,12.875,100.6875,24.75,2.0,1.4375,9.0,6.25,21.8125,19.125,13.75,10.625,68.375,31.3125,96.9375,23.125,1.25,0.75,25.5,17.5,1.375,1.375,1.0,1.0,38.5625,202.875,739.875,10,0,1,0,1,3,2,0,0,0,1,2,0,0,180.34,187.96,235.0,0.023681640625,0.12890625,0.4853466796875,0.28101806640625,0.319326171875,0.37963623046875,0.001953125,0.265869140625,0.0068359375,0.0078125,84.78173828125,46.309814453125,49.942138671875,14.44580078125,128.002197265625,86.4892578125,69.529052734375,31.829833984375,3.591064453125,2.427978515625,2.270263671875,1.460693359375,50.5087890625,17.752685546875,36.3544921875,6.027587890625,9.749755859375,9.219482421875,8.829833984375,4.665283203125,24.523193359375,19.337646484375,4.7578125,3.7529296875,50.8447265625,19.25048828125,38.86767578125,8.5869140625,23.3828125,18.98828125,7.48486328125,3.8896484375,10.55419921875,8.071044921875,3.589599609375,1.96923828125,282.67822265625,87.79150390625,711.609375,28,0,2,0,3,8,5,0,1,0,1,5,0,1,193.04,208.28,240.0,31.0,36.0,0,0,0,0,1,0,0,0,0,0,0,0,0,0,0,1,0,0,0,0,1,0,0,0
Red,False,0.0625,0.5,0.435,0.4309375,0.2196875,0.854375,0.34375,0.34375,0.0625,0.34375,75.3125,25.625,116.875,49.125,98.0625,47.125,162.4375,84.53125,2.0,0.625,3.5,2.625,54.21875,11.25,87.28125,25.3125,7.8125,4.78125,9.59375,7.53125,13.28125,9.59375,20.0,16.28125,62.34375,18.0,91.9375,36.0625,10.1875,5.8125,10.71875,6.09375,2.78125,1.8125,14.21875,6.96875,75.625,277.40625,762.5625,16,0,4,0,4,4,2,0,0,2,0,2,0,0,170.18,182.88,170.0,0.375,0.0,0.6077343749999999,0.48265625,0.64453125,0.57640625,1.0078125,2.3203125,0.5,0.625,29.390625,17.921875,42.03125,20.84375,40.8515625,28.625,62.296875,36.21875,1.09375,0.7734375,4.0625,2.3046875,16.671875,8.7421875,32.3125,13.2890625,6.296875,4.890625,7.640625,6.171875,6.421875,4.2890625,2.078125,1.3828125,20.5546875,10.703125,23.765625,10.0625,4.328125,3.546875,6.0234375,4.0703125,4.5078125,3.671875,12.2421875,6.7109375,97.890625,220.90625,450.984375,17,0,1,0,3,4,4,0,0,0,0,3,1,0,182.88,190.5,170.0,28.0,30.0,0,0,0,0,0,0,0,0,0,1,0,0,0,0,0,1,0,0,0,0,1,0,0,0
Red,False,0.0,0.25,0.3043749999999999,0.58875,0.16125,0.21,0.75,0.0625,0.0,0.0,46.75,14.5625,33.75,14.75,69.625,35.875,63.125,40.0625,3.5625,0.75,3.6875,1.5,41.0625,9.875,31.4375,13.0,2.375,1.875,2.0625,1.5,3.3125,2.8125,0.25,0.25,36.9375,9.3125,23.1875,9.1875,2.625,2.0625,1.75,0.75,7.1875,3.1875,8.8125,4.8125,90.375,166.1875,491.3125,8,1,0,1,2,2,3,0,0,0,0,0,2,0,165.1,170.18,135.0,0.5625,0.25,0.4035107421875,0.4404248046875,0.322978515625,0.3233837890625,0.63134765625,1.736328125,0.001953125,0.03564453125,64.0712890625,28.0771484375,56.095703125,25.0078125,93.369140625,52.47802734375,82.5625,49.2080078125,6.95458984375,4.0625,4.99169921875,2.4609375,49.662109375,16.193359375,44.75390625,14.501953125,4.90673828125,3.9208984375,7.0185546875,6.57373046875,9.50244140625,7.962890625,4.3232421875,3.93212890625,54.8935546875,22.17333984375,46.7529296875,19.990234375,5.77587890625,3.619140625,4.65478515625,2.9658203125,3.40185546875,2.28466796875,4.68798828125,2.0517578125,226.63671875,174.513671875,665.9892578125,31,0,1,0,4,7,5,0,0,1,4,1,1,0,167.64,172.72,145.0,30.0,27.0,0,0,1,0,0,0,0,0,0,0,0,0,0,0,0,1,0,0,0,0,1,0,0,0
Red,False,0.0,0.0,0.435,0.585,0.4499999999999999,0.08,1.0,1.0,0.0,0.0,69.0,31.5,80.0,49.0,128.0,67.0,149.0,107.5,5.0,2.5,3.0,0.5,42.5,10.5,42.5,16.5,11.0,10.0,22.5,19.5,15.5,11.0,15.0,13.0,47.5,19.0,53.0,25.0,11.0,9.0,21.5,19.5,10.5,3.5,5.5,4.5,479.5,63.0,900.0,6,0,0,1,1,1,1,0,0,0,1,0,0,0,182.88,185.42,155.0,0.00390625,0.0,0.3771484375,0.25625,0.2954296875,0.2053125,0.875,1.0,0.56640625,0.0703125,59.703125,17.57421875,75.0859375,23.578125,67.6953125,24.15625,82.3125,30.0078125,3.01953125,1.2109375,5.625,1.59375,58.19921875,16.0859375,64.03125,15.74609375,1.23828125,1.23828125,8.2421875,5.83203125,0.265625,0.25,2.8125,2.0,43.19140625,6.25390625,64.71875,18.55078125,5.36328125,4.01953125,6.2578125,2.7578125,11.1484375,7.30078125,4.109375,2.26953125,89.46484375,137.62890625,433.37890625,16,0,3,0,3,6,3,0,0,0,0,2,4,0,177.8,180.34,155.0,29.0,27.0,0,0,0,0,0,0,1,0,0,0,0,0,0,0,0,1,0,0,0,0,1,0,0,0
Blue,False,0.015625,0.0,0.45,0.4275,0.25,0.2,0.148468017578125,0.098388671875,0.0,0.0,66.5,29.6875,64.31230545043945,27.34375,89.75,48.0,85.53125,44.41152191162109,2.0,0.75,2.0546875,0.75,51.1875,18.3359375,49.6123046875,16.280410766601562,7.5,5.07647705078125,7.5,5.0,4.5,3.625,4.984375,3.9375,48.6875,17.0,47.11572265625,16.5,5.75,3.75,5.3125,3.4375,5.0625,3.5,3.875,2.5,99.2119140625,94.125,638.5,0,0,0,0,0,0,0,0,0,0,0,0,0,0,170.18,175.26,145.0,0.00390625,0.25408935546875,0.2960870361328125,0.4287567138671875,0.2683001708984375,0.33573486328125,2.30926513671875,0.53057861328125,0.04888916015625,0.189453125,38.58441162109375,11.78509521484375,75.42437744140625,34.9962158203125,46.489990234375,18.7984619140625,96.00262451171876,54.0927734375,4.72747802734375,1.76593017578125,6.04034423828125,2.82745361328125,33.1654052734375,8.5589599609375,59.85772705078125,20.70611572265625,3.2034912109375,2.0106201171875,9.9337158203125,9.28216552734375,2.21551513671875,1.21551513671875,5.6329345703125,5.0079345703125,32.3472900390625,7.12274169921875,57.88714599609375,20.7310791015625,2.708984375,1.968505859375,9.41754150390625,6.2679443359375,3.52813720703125,2.69384765625,8.11968994140625,7.9971923828125,187.03680419921875,203.8970947265625,673.051513671875,33,2,1,0,4,8,7,0,0,0,3,1,3,1,170.18,177.8,145.0,33.0,29.0,0,0,1,0,0,0,0,0,0,0,0,0,0,0,0,0,0,1,0,0,1,0,0,0
Blue,False,1.125,0.0,0.56875,0.36125,0.0,0.22625,0.5,0.125,0.0,0.0,62.75,34.25,48.25,16.375,69.25,40.0,62.375,28.25,0.0,0.0,3.375,0.875,52.375,25.0,39.625,10.0,3.125,2.875,5.625,3.5,7.25,6.375,3.0,2.875,51.875,26.125,40.25,10.0,4.5,2.5,5.125,4.0,6.375,5.625,2.875,2.375,39.5,138.375,423.75,8,0,4,0,4,4,0,0,0,0,1,3,0,0,190.5,208.28,265.0,0.0,0.5,0.485,0.57,0.75,0.25,1.5,1.0,0.5,0.0,59.0,29.0,16.5,9.5,98.5,62.0,19.5,12.0,1.5,1.0,1.0,0.5,54.5,24.5,15.0,8.0,3.0,3.0,1.0,1.0,1.5,1.5,0.5,0.5,16.5,4.0,11.0,5.0,3.0,2.0,0.5,0.0,39.5,23.0,5.0,4.5,326.5,43.0,436.0,4,0,0,1,1,1,1,0,0,0,0,0,1,0,198.12,205.74,260.0,32.0,24.0,0,0,0,0,1,0,0,0,0,0,0,0,0,0,0,0,0,0,1,0,1,0,0,0
Red,False,0.125,0.0,0.41984375,0.3890625,0.43171875,0.333125,0.4375,0.65625,0.078125,0.015625,141.34375,58.140625,80.75,30.390625,173.9375,89.0625,95.75,44.78125,9.46875,3.234375,5.5,2.21875,103.765625,28.25,71.421875,23.046875,23.859375,17.484375,4.5,3.625,13.71875,12.40625,4.828125,3.71875,99.6875,29.125,69.015625,24.203125,32.375,22.703125,11.625,6.140625,9.28125,6.3125,0.109375,0.046875,364.109375,141.890625,826.078125,19,0,0,1,6,6,1,0,0,2,2,1,1,0,175.26,180.34,170.0,0.0,0.5,0.5925,0.51,0.44,0.0,0.0,0.75,0.0,0.5,39.0,23.5,28.25,15.0,110.5,84.5,43.25,27.25,8.0,3.5,0.75,0.0,22.75,8.0,20.75,10.0,8.25,8.0,4.5,4.0,8.0,7.5,3.0,1.0,14.25,3.25,18.0,7.5,4.75,2.5,4.75,3.25,20.0,17.75,5.5,4.25,532.0,53.5,760.0,8,0,1,0,1,2,1,0,0,0,2,0,0,0,177.8,177.8,155.0,26.0,30.0,0,0,0,0,0,0,0,0,0,1,0,0,0,0,0,0,0,1,0,0,1,0,0,0
Red,False,0.015625,0.0,0.45,0.4275,0.25,0.2,0.148468017578125,0.098388671875,0.0,0.0,66.5,29.6875,64.31230545043945,27.34375,89.75,48.0,85.53125,44.41152191162109,2.0,0.75,2.0546875,0.75,51.1875,18.3359375,49.6123046875,16.280410766601562,7.5,5.07647705078125,7.5,5.0,4.5,3.625,4.984375,3.9375,48.6875,17.0,47.11572265625,16.5,5.75,3.75,5.3125,3.4375,5.0625,3.5,3.875,2.5,99.2119140625,94.125,638.5,0,0,0,0,0,0,0,0,0,0,0,0,0,0,180.34,177.8,155.0,1.0,0.0,0.48,0.47,0.0,0.23,0.0,0.0,1.0,0.0,62.0,30.0,67.0,32.0,70.0,38.0,95.0,57.0,1.0,0.0,13.0,3.0,55.0,24.0,67.0,32.0,3.0,2.0,0.0,0.0,4.0,4.0,0.0,0.0,44.0,18.0,30.0,7.0,13.0,10.0,4.0,2.0,5.0,2.0,33.0,23.0,74.0,586.0,900.0,3,1,0,1,0,0,1,0,0,0,0,0,0,0,177.8,185.42,155.0,26.0,25.0,0,0,0,0,0,0,1,0,0,0,0,0,0,0,0,1,0,0,0,0,0,0,1,0
Red,False,0.375,0.25,0.56,0.28375,0.25,0.5825,0.25,2.25,0.0,0.125,29.875,18.0,15.875,5.375,52.25,38.375,29.5,16.375,0.5,0.5,1.375,0.75,24.5,13.75,12.125,4.375,2.0,2.0,2.375,0.625,3.375,2.25,1.375,0.375,7.875,3.0,8.625,2.0,6.625,4.375,4.625,1.75,15.375,10.625,2.625,1.625,167.125,65.625,295.0,6,0,0,1,1,1,3,0,0,1,0,0,0,0,172.72,177.8,145.0,0.0471682548522949,0.0,0.45,0.4217682266235352,0.25,0.19173828125,0.1875,0.125,0.0,0.0,69.5,30.5,66.984375,27.8466796875,94.0,48.544921875,88.50390625,44.75,2.0,0.8125,2.015625,0.6640625,54.0,19.01513671875,51.483436584472656,16.9437255859375,7.91796875,5.430633544921875,7.75,5.0625,4.780975341796875,3.9373779296875,4.8994140625,3.84375,51.025390625,18.400863647460938,50.515625,17.5,5.75,3.75,5.5,3.5,5.375,3.6875,4.0,2.65625,104.865234375,89.5,655.8441009521484,0,0,0,0,0,0,0,0,0,0,0,0,0,0,172.72,180.34,145.0,29.0,29.0,0,0,1,0,0,0,0,0,0,0,0,0,0,0,0,1,0,0,0,0,1,0,0,0
Red,False,0.0,0.15625,0.47966796875,0.336015625,0.4150781249999999,0.001953125,0.79296875,0.015625,0.0078125,0.505859375,63.69921875,31.88671875,64.595703125,21.591796875,107.505859375,67.81640625,89.185546875,42.17578125,10.42578125,4.037109375,0.009765625,0.001953125,51.3984375,22.470703125,52.19921875,13.900390625,9.2578125,7.158203125,4.271484375,2.083984375,3.04296875,2.2578125,8.125,5.607421875,34.16796875,9.84375,55.833984375,16.9609375,4.287109375,2.01171875,3.828125,2.390625,25.244140625,20.03125,4.93359375,2.240234375,419.3359375,34.3046875,927.068359375,23,1,5,0,5,8,2,0,0,0,3,0,5,0,185.42,182.88,170.0,0.625,0.203125,0.5071874999999999,0.3759375,0.11125,0.7453125,0.03125,0.234375,0.328125,0.0625,54.796875,26.109375,46.515625,16.296875,61.46875,31.828125,65.765625,35.171875,3.65625,0.5,3.53125,1.921875,40.234375,14.390625,36.609375,8.453125,7.046875,5.96875,8.1875,6.125,7.515625,5.75,1.71875,1.71875,27.328125,10.015625,35.453125,10.4375,20.9375,12.078125,8.640625,4.078125,6.53125,4.015625,2.421875,1.78125,78.109375,102.859375,416.265625,14,0,0,1,3,5,2,0,0,1,1,3,0,0,182.88,180.34,185.0,33.0,33.0,0,0,0,0,0,0,0,1,0,0,0,0,0,0,0,0,0,1,0,0,1,0,0,0
Blue,False,0.0,0.0,0.5,0.29,0.75,0.0,1.0,2.0,0.0,0.0,74.0,37.0,75.0,22.0,101.0,62.0,82.0,29.0,4.0,3.0,0.0,0.0,46.0,14.0,64.0,16.0,15.0,13.0,8.0,4.0,13.0,10.0,3.0,2.0,56.0,26.0,68.0,21.0,6.0,2.0,5.0,1.0,12.0,9.0,2.0,0.0,211.0,0.0,528.0,2,0,1,0,1,1,0,0,0,0,0,0,1,0,185.42,185.42,155.0,0.0471682548522949,0.0,0.45,0.4217682266235352,0.25,0.19173828125,0.1875,0.125,0.0,0.0,69.5,30.5,66.984375,27.8466796875,94.0,48.544921875,88.50390625,44.75,2.0,0.8125,2.015625,0.6640625,54.0,19.01513671875,51.483436584472656,16.9437255859375,7.91796875,5.430633544921875,7.75,5.0625,4.780975341796875,3.9373779296875,4.8994140625,3.84375,51.025390625,18.400863647460938,50.515625,17.5,5.75,3.75,5.5,3.5,5.375,3.6875,4.0,2.65625,104.865234375,89.5,655.8441009521484,0,0,0,0,0,0,0,0,0,0,0,0,0,0,177.8,185.42,155.0,28.0,29.0,0,0,0,0,0,0,1,0,0,0,0,0,0,0,0,1,0,0,0,0,1,0,0,0
Blue,False,0.96875,0.0,0.4928125,0.39125,0.25,0.25,0.0,0.0,0.0,0.0,164.59375,76.71875,60.78125,24.1875,170.40625,81.90625,60.90625,24.3125,1.0,0.5,3.8125,0.25,134.84375,54.8125,56.1875,20.71875,28.0,20.78125,1.8125,1.0625,1.75,1.125,2.78125,2.40625,136.59375,61.90625,54.5625,21.40625,22.40625,11.125,6.21875,2.78125,5.59375,3.6875,0.0,0.0,16.40625,46.6875,573.34375,10,0,6,0,6,6,0,0,0,0,1,5,0,0,193.04,195.58,238.0,0.9375,0.0,0.534375,0.46,0.03125,0.25,0.0,0.5,0.0,0.0,61.8125,33.875,12.1875,5.75,82.4375,51.25,23.6875,16.25,0.625,0.0625,2.125,0.625,56.4375,28.75,8.9375,2.5,0.875,0.875,2.75,2.75,4.5,4.25,0.5,0.5,10.375,2.1875,7.375,1.1875,16.5,11.375,2.0625,1.9375,34.9375,20.3125,2.75,2.625,123.875,81.375,293.5625,6,2,4,0,4,4,1,0,0,0,0,4,0,0,187.96,203.2,265.0,27.0,36.0,0,0,0,0,1,0,0,0,0,0,0,0,0,0,0,1,0,0,0,0,1,0,0,0
Red,False,0.015625,0.0,0.45,0.4275,0.25,0.2,0.148468017578125,0.098388671875,0.0,0.0,66.5,29.6875,64.31230545043945,27.34375,89.75,48.0,85.53125,44.41152191162109,2.0,0.75,2.0546875,0.75,51.1875,18.3359375,49.6123046875,16.280410766601562,7.5,5.07647705078125,7.5,5.0,4.5,3.625,4.984375,3.9375,48.6875,17.0,47.11572265625,16.5,5.75,3.75,5.3125,3.4375,5.0625,3.5,3.875,2.5,99.2119140625,94.125,638.5,0,0,0,0,0,0,0,0,0,0,0,0,0,0,198.12,198.12,253.0,0.0471682548522949,0.0,0.45,0.4217682266235352,0.25,0.19173828125,0.1875,0.125,0.0,0.0,69.5,30.5,66.984375,27.8466796875,94.0,48.544921875,88.50390625,44.75,2.0,0.8125,2.015625,0.6640625,54.0,19.01513671875,51.483436584472656,16.9437255859375,7.91796875,5.430633544921875,7.75,5.0625,4.780975341796875,3.9373779296875,4.8994140625,3.84375,51.025390625,18.400863647460938,50.515625,17.5,5.75,3.75,5.5,3.5,5.375,3.6875,4.0,2.65625,104.865234375,89.5,655.8441009521484,0,0,0,0,0,0,0,0,0,0,0,0,0,0,193.04,195.58,242.0,35.0,26.0,0,0,0,0,1,0,0,0,0,0,0,0,0,0,0,1,0,0,0,0,1,0,0,0
Blue,False,0.0,0.0,0.42,0.38,0.62,0.0,0.0,0.0,0.0,1.0,105.0,45.0,71.0,27.0,171.0,98.0,79.0,34.0,8.0,5.0,0.0,0.0,99.0,39.0,50.0,11.0,0.0,0.0,15.0,11.0,6.0,6.0,6.0,5.0,72.0,25.0,60.0,20.0,7.0,2.0,8.0,5.0,26.0,18.0,3.0,2.0,479.0,3.0,900.0,3,0,1,0,1,1,0,0,0,0,1,0,0,0,187.96,198.12,185.0,0.0,0.0,0.65,0.56,0.33,0.62,0.0,0.0,2.0,0.0,81.0,53.0,23.0,13.0,100.0,71.0,63.0,45.0,6.0,2.0,8.0,5.0,65.0,38.0,19.0,10.0,8.0,8.0,2.0,1.0,8.0,7.0,2.0,2.0,29.0,13.0,8.0,2.0,7.0,6.0,9.0,6.0,45.0,34.0,6.0,5.0,316.0,362.0,900.0,3,0,0,1,0,0,1,0,0,0,0,0,0,0,182.88,182.88,185.0,26.0,30.0,0,0,0,0,0,0,0,1,0,0,0,0,0,0,0,1,0,0,0,0,1,0,0,0
Blue,False,0.03125,0.25,0.42765625,0.353125,0.028125,0.405625,1.546875,0.0,0.0,0.0,105.328125,45.96875,89.71875,32.640625,135.359375,73.625,132.546875,70.03125,1.46875,0.09375,4.765625,1.828125,86.0625,30.71875,71.53125,20.3125,5.375,4.0625,9.984375,6.953125,13.890625,11.1875,8.203125,5.375,75.15625,28.5,66.609375,20.296875,19.96875,10.3125,18.296875,9.53125,10.203125,7.15625,4.8125,2.8125,165.03125,251.9375,728.96875,15,0,3,0,3,5,2,0,0,0,1,1,2,1,185.42,195.58,205.0,0.25,0.0,0.35,0.6,0.525,0.25,1.75,1.25,0.0,0.0,7.0,3.25,41.75,24.5,22.0,16.75,88.5,69.0,4.75,2.75,0.25,0.25,6.0,2.25,32.0,15.75,0.5,0.5,8.25,7.25,0.5,0.5,1.5,1.5,5.0,1.25,12.25,2.25,0.5,0.5,7.0,4.5,1.5,1.5,22.5,17.75,200.25,189.0,462.25,5,0,1,0,1,1,2,0,0,0,0,0,1,0,187.96,185.42,185.0,33.0,28.0,0,0,0,0,0,1,0,0,0,0,0,0,0,0,1,0,0,0,0,0,0,0,1,0
Blue,False,0.3125,0.25,0.35314453125,0.44142578125,0.28125,0.2112109375,0.25,0.4375,0.0625,0.001953125,251.599609375,89.76953125,203.54296875,93.26953125,258.349609375,95.8671875,208.44140625,98.01171875,1.296875,0.53125,5.904296875,1.572265625,201.9296875,49.58984375,161.734375,60.87890625,19.91796875,15.904296875,20.7890625,15.107421875,29.751953125,24.275390625,21.01953125,17.283203125,242.19140625,83.7578125,195.11328125,87.02734375,5.935546875,3.623046875,6.51171875,4.61328125,3.47265625,2.388671875,1.91796875,1.62890625,56.765625,61.85546875,898.44921875,28,0,1,0,2,5,5,0,0,2,3,0,0,0,175.26,177.8,155.0,0.169921875,0.0,0.426875,0.2640771484374999,0.28173828125,0.2006982421875,1.02978515625,0.720703125,0.0205078125,0.02490234375,82.01904296875,34.7841796875,69.16357421875,17.2822265625,102.28564453125,52.43408203125,100.3212890625,47.302734375,0.40673828125,0.31298828125,7.1025390625,1.5146484375,66.12060546875,20.91552734375,60.43505859375,11.64892578125,9.919921875,8.69873046875,4.49609375,2.7705078125,5.978515625,5.169921875,4.232421875,2.86279296875,59.38720703125,21.90869140625,55.2802734375,9.93310546875,5.94970703125,3.16650390625,5.41796875,2.3173828125,16.68212890625,9.708984375,8.46533203125,5.03173828125,198.73974609375,151.19189453125,644.3291015625,28,0,0,2,6,8,4,0,0,1,2,3,2,0,175.26,185.42,155.0,27.0,34.0,0,0,0,0,0,0,1,0,0,0,0,0,0,0,0,1,0,0,0,0,0,0,1,0
Red,False,0.0,0.0,0.58,0.58,0.0,0.25,0.0,0.0,0.0,0.0,111.0,65.0,117.0,68.0,122.0,75.0,164.0,101.0,1.0,0.0,16.0,4.0,64.0,27.0,67.0,26.0,31.0,25.0,13.0,9.0,16.0,13.0,37.0,33.0,75.0,41.0,52.0,13.0,34.0,23.0,40.0,32.0,2.0,1.0,25.0,23.0,130.0,295.0,900.0,3,0,1,0,1,1,0,0,0,1,0,0,0,0,167.64,170.18,145.0,0.125,0.0,0.2623126220703125,0.2630755615234375,0.22437744140625,0.393472900390625,0.41357421875,0.08056640625,0.00048828125,0.0,95.0400390625,25.48681640625,72.44952392578125,18.4912109375,121.01727294921876,49.10675048828125,95.8143310546875,41.12738037109375,1.9112548828125,0.51531982421875,4.5299072265625,2.61627197265625,82.6614990234375,17.78729248046875,58.39324951171875,12.107421875,7.66278076171875,4.4576416015625,10.8994140625,4.8494873046875,4.71575927734375,3.24188232421875,3.1568603515625,1.5343017578125,86.2000732421875,19.293212890625,55.86651611328125,9.42718505859375,4.47998046875,3.10321044921875,4.28411865234375,2.2490234375,4.3599853515625,3.09039306640625,12.29888916015625,6.81500244140625,61.0982666015625,227.96160888671875,797.6168823242188,34,3,0,1,6,11,4,0,0,0,1,2,7,1,177.8,187.96,145.0,28.0,35.0,0,0,1,0,0,0,0,0,0,0,0,0,0,0,0,1,0,0,0,0,0,0,1,0
Red,False,0.015625,0.0,0.45,0.4275,0.25,0.2,0.148468017578125,0.098388671875,0.0,0.0,66.5,29.6875,64.31230545043945,27.34375,89.75,48.0,85.53125,44.41152191162109,2.0,0.75,2.0546875,0.75,51.1875,18.3359375,49.6123046875,16.280410766601562,7.5,5.07647705078125,7.5,5.0,4.5,3.625,4.984375,3.9375,48.6875,17.0,47.11572265625,16.5,5.75,3.75,5.3125,3.4375,5.0625,3.5,3.875,2.5,99.2119140625,94.125,638.5,0,0,0,0,0,0,0,0,0,0,0,0,0,0,175.26,185.42,145.0,0.0,0.0,0.52,0.37,0.0,0.22,0.0,2.0,1.0,0.0,148.0,77.0,43.0,16.0,181.0,106.0,63.0,35.0,0.0,0.0,9.0,2.0,120.0,55.0,27.0,7.0,16.0,11.0,10.0,5.0,12.0,11.0,6.0,4.0,54.0,29.0,30.0,11.0,82.0,41.0,11.0,4.0,12.0,7.0,2.0,1.0,469.0,162.0,900.0,3,0,1,0,1,1,0,0,0,0,1,0,0,0,175.26,182.88,155.0,24.0,22.0,0,0,1,0,0,0,0,0,0,0,0,0,0,0,0,1,0,0,0,0,0,0,1,0
Red,False,0.015625,0.0,0.45,0.4275,0.25,0.2,0.148468017578125,0.098388671875,0.0,0.0,66.5,29.6875,64.31230545043945,27.34375,89.75,48.0,85.53125,44.41152191162109,2.0,0.75,2.0546875,0.75,51.1875,18.3359375,49.6123046875,16.280410766601562,7.5,5.07647705078125,7.5,5.0,4.5,3.625,4.984375,3.9375,48.6875,17.0,47.11572265625,16.5,5.75,3.75,5.3125,3.4375,5.0625,3.5,3.875,2.5,99.2119140625,94.125,638.5,0,0,0,0,0,0,0,0,0,0,0,0,0,0,185.42,185.42,170.0,0.0,0.0,0.32,0.34,0.0,0.66,0.0,0.0,0.0,0.0,125.0,41.0,82.0,28.0,130.0,46.0,121.0,65.0,1.0,0.0,9.0,6.0,82.0,13.0,68.0,20.0,7.0,6.0,7.0,4.0,36.0,22.0,7.0,4.0,119.0,36.0,68.0,19.0,6.0,5.0,12.0,8.0,0.0,0.0,2.0,1.0,4.0,292.0,900.0,3,0,1,0,1,1,0,0,0,0,1,0,0,0,182.88,187.96,185.0,27.0,32.0,0,0,0,0,0,0,0,1,0,0,0,0,0,0,0,1,0,0,0,0,0,0,1,0
Red,False,0.015625,0.0,0.45,0.4275,0.25,0.2,0.148468017578125,0.098388671875,0.0,0.0,66.5,29.6875,64.31230545043945,27.34375,89.75,48.0,85.53125,44.41152191162109,2.0,0.75,2.0546875,0.75,51.1875,18.3359375,49.6123046875,16.280410766601562,7.5,5.07647705078125,7.5,5.0,4.5,3.625,4.984375,3.9375,48.6875,17.0,47.11572265625,16.5,5.75,3.75,5.3125,3.4375,5.0625,3.5,3.875,2.5,99.2119140625,94.125,638.5,0,0,0,0,0,0,0,0,0,0,0,0,0,0,193.04,195.58,205.0,0.0,0.5,0.3675,0.4825,0.0825,0.0475,0.0,0.0,0.125,0.0,154.0,55.375,103.75,51.375,202.625,96.75,114.875,61.125,3.75,0.25,2.125,0.375,134.75,40.625,81.0,30.875,9.25,6.75,4.125,3.25,10.0,8.0,18.625,17.25,119.25,30.75,95.25,45.625,29.375,20.375,5.75,3.125,5.375,4.25,2.75,2.625,219.125,59.0,836.375,11,0,2,0,2,2,2,0,0,0,1,1,0,0,185.42,190.5,185.0,28.0,29.0,0,0,0,0,1,0,0,0,0,0,0,0,0,0,0,1,0,0,0,0,1,0,0,0
Red,False,0.0,0.0,0.3075,0.47,0.375,0.525,1.75,0.0,0.75,0.75,70.0,20.0,99.25,47.5,127.0,71.5,135.0,77.75,1.25,0.5,9.75,4.75,66.5,17.0,83.75,36.25,1.5,1.0,6.75,3.25,2.0,2.0,8.75,8.0,52.25,9.5,59.25,24.25,11.25,7.0,8.0,3.0,6.5,3.5,32.0,20.25,101.25,459.25,900.0,9,0,0,3,0,0,3,0,0,0,0,0,0,0,167.64,172.72,145.0,0.0,0.0,0.0,0.475,0.75,0.0,0.0,1.0,0.0,0.0,3.0,0.0,4.5,2.0,3.0,0.0,4.5,2.0,1.5,1.0,0.0,0.0,3.0,0.0,4.0,1.5,0.0,0.0,0.0,0.0,0.0,0.0,0.5,0.5,3.0,0.0,3.0,1.0,0.0,0.0,0.0,0.0,0.0,0.0,1.5,1.0,18.5,1.5,42.5,2,0,1,0,1,1,1,0,0,0,0,1,0,0,177.8,180.34,145.0,35.0,27.0,0,0,1,0,0,0,0,0,0,0,0,0,0,0,0,1,0,0,0,0,1,0,0,0
Blue,True,0.015625,0.0,0.45,0.4275,0.25,0.2,0.148468017578125,0.098388671875,0.0,0.0,66.5,29.6875,64.31230545043945,27.34375,89.75,48.0,85.53125,44.41152191162109,2.0,0.75,2.0546875,0.75,51.1875,18.3359375,49.6123046875,16.280410766601562,7.5,5.07647705078125,7.5,5.0,4.5,3.625,4.984375,3.9375,48.6875,17.0,47.11572265625,16.5,5.75,3.75,5.3125,3.4375,5.0625,3.5,3.875,2.5,99.2119140625,94.125,638.5,0,0,0,0,0,0,0,0,0,0,0,0,0,0,180.34,193.04,155.0,0.0471682548522949,0.0,0.45,0.4217682266235352,0.25,0.19173828125,0.1875,0.125,0.0,0.0,69.5,30.5,66.984375,27.8466796875,94.0,48.544921875,88.50390625,44.75,2.0,0.8125,2.015625,0.6640625,54.0,19.01513671875,51.483436584472656,16.9437255859375,7.91796875,5.430633544921875,7.75,5.0625,4.780975341796875,3.9373779296875,4.8994140625,3.84375,51.025390625,18.400863647460938,50.515625,17.5,5.75,3.75,5.5,3.5,5.375,3.6875,4.0,2.65625,104.865234375,89.5,655.8441009521484,0,0,0,0,0,0,0,0,0,0,0,0,0,0,180.34,190.5,155.0,27.0,23.0,0,0,0,0,0,0,0,0,0,1,0,0,0,0,0,1,0,0,0,0,1,0,0,0
Blue,False,0.015625,0.0,0.45,0.4275,0.25,0.2,0.148468017578125,0.098388671875,0.0,0.0,66.5,29.6875,64.31230545043945,27.34375,89.75,48.0,85.53125,44.41152191162109,2.0,0.75,2.0546875,0.75,51.1875,18.3359375,49.6123046875,16.280410766601562,7.5,5.07647705078125,7.5,5.0,4.5,3.625,4.984375,3.9375,48.6875,17.0,47.11572265625,16.5,5.75,3.75,5.3125,3.4375,5.0625,3.5,3.875,2.5,99.2119140625,94.125,638.5,0,0,0,0,0,0,0,0,0,0,0,0,0,0,175.26,190.5,155.0,0.0471682548522949,0.0,0.45,0.4217682266235352,0.25,0.19173828125,0.1875,0.125,0.0,0.0,69.5,30.5,66.984375,27.8466796875,94.0,48.544921875,88.50390625,44.75,2.0,0.8125,2.015625,0.6640625,54.0,19.01513671875,51.483436584472656,16.9437255859375,7.91796875,5.430633544921875,7.75,5.0625,4.780975341796875,3.9373779296875,4.8994140625,3.84375,51.025390625,18.400863647460938,50.515625,17.5,5.75,3.75,5.5,3.5,5.375,3.6875,4.0,2.65625,104.865234375,89.5,655.8441009521484,0,0,0,0,0,0,0,0,0,0,0,0,0,0,180.34,180.34,170.0,28.0,24.0,0,0,0,0,0,0,0,0,0,1,0,0,0,0,0,0,0,1,0,0,1,0,0,0
Blue,False,0.0,1.0,0.27875,0.4825,0.125,0.2312499999999999,0.0,0.5,0.25,0.0,65.0,17.625,33.375,15.5,88.875,39.75,52.875,32.875,0.625,0.125,4.25,1.75,54.125,9.625,25.125,9.0,5.625,2.875,3.0,2.125,5.25,5.125,5.25,4.375,58.375,15.375,26.75,12.875,4.375,1.5,1.25,0.5,2.25,0.75,5.375,2.125,35.625,167.0,373.75,9,0,0,1,1,1,3,0,0,1,0,0,0,0,185.42,182.88,135.0,0.0,0.0,0.37,0.52,0.22,0.0,2.0,0.0,0.0,1.0,43.0,16.0,148.0,77.0,63.0,35.0,181.0,106.0,9.0,2.0,0.0,0.0,27.0,7.0,120.0,55.0,10.0,5.0,16.0,11.0,6.0,4.0,12.0,11.0,30.0,11.0,54.0,29.0,11.0,4.0,82.0,41.0,2.0,1.0,12.0,7.0,162.0,469.0,900.0,3,0,0,1,0,0,1,0,0,0,0,0,0,0,180.34,187.96,145.0,29.0,22.0,0,0,1,0,0,0,0,0,0,0,0,0,0,0,0,1,0,0,0,0,1,0,0,0
Blue,False,0.5,0.0,0.5225,0.3825,0.21375,0.07625,0.0,0.0,0.0,0.125,76.25,28.625,73.875,28.125,98.375,50.125,97.875,51.375,4.0,2.5,3.375,1.0,59.125,16.25,61.25,20.125,7.125,5.125,7.125,4.375,10.0,7.25,5.5,3.625,64.625,21.25,62.125,23.0,7.375,5.0,7.375,2.875,4.25,2.375,4.375,2.25,133.0,117.5,460.5,10,0,0,1,3,3,1,0,0,1,1,1,0,0,193.04,200.66,205.0,1.0,0.0,0.72,0.49,0.0,0.0,2.0,0.0,0.0,0.0,123.0,89.0,99.0,49.0,184.0,143.0,111.0,58.0,1.0,0.0,1.0,0.0,83.0,50.0,62.0,20.0,40.0,39.0,23.0,16.0,0.0,0.0,14.0,13.0,96.0,65.0,81.0,38.0,6.0,5.0,18.0,11.0,21.0,19.0,0.0,0.0,204.0,71.0,648.0,3,0,1,0,1,1,0,0,0,0,0,1,0,0,185.42,190.5,205.0,29.0,31.0,0,0,0,0,0,1,0,0,0,0,0,0,0,0,0,1,0,0,0,0,1,0,0,0
Red,False,0.015625,0.0,0.45,0.4275,0.25,0.2,0.148468017578125,0.098388671875,0.0,0.0,66.5,29.6875,64.31230545043945,27.34375,89.75,48.0,85.53125,44.41152191162109,2.0,0.75,2.0546875,0.75,51.1875,18.3359375,49.6123046875,16.280410766601562,7.5,5.07647705078125,7.5,5.0,4.5,3.625,4.984375,3.9375,48.6875,17.0,47.11572265625,16.5,5.75,3.75,5.3125,3.4375,5.0625,3.5,3.875,2.5,99.2119140625,94.125,638.5,0,0,0,0,0,0,0,0,0,0,0,0,0,0,177.8,182.88,155.0,0.00390625,0.09375,0.2348217773437499,0.20989990234375,0.39646728515625,0.11244140625,1.14404296875,0.53857421875,0.0,0.00390625,67.326904296875,15.530029296875,70.198974609375,16.07275390625,90.299560546875,33.54541015625,76.408447265625,22.008056640625,7.0068359375,2.472412109375,1.46484375,0.3525390625,59.9443359375,10.2216796875,64.631591796875,12.57763671875,4.022216796875,2.379638671875,3.34521484375,2.60888671875,3.3603515625,2.9287109375,2.22216796875,0.88623046875,58.140625,10.039306640625,66.376708984375,12.9677734375,2.59228515625,1.7705078125,2.415283203125,2.044921875,6.593994140625,3.72021484375,1.406982421875,1.06005859375,209.409912109375,36.3408203125,606.85400390625,33,0,1,0,3,8,5,0,0,2,1,1,4,0,170.18,177.8,155.0,24.0,29.0,0,0,0,0,0,0,1,0,0,0,0,0,0,0,0,1,0,0,0,0,1,0,0,0
Blue,False,0.015625,0.0,0.45,0.4275,0.25,0.2,0.148468017578125,0.098388671875,0.0,0.0,66.5,29.6875,64.31230545043945,27.34375,89.75,48.0,85.53125,44.41152191162109,2.0,0.75,2.0546875,0.75,51.1875,18.3359375,49.6123046875,16.280410766601562,7.5,5.07647705078125,7.5,5.0,4.5,3.625,4.984375,3.9375,48.6875,17.0,47.11572265625,16.5,5.75,3.75,5.3125,3.4375,5.0625,3.5,3.875,2.5,99.2119140625,94.125,638.5,0,0,0,0,0,0,0,0,0,0,0,0,0,0,182.88,182.88,170.0,0.0471682548522949,0.0,0.45,0.4217682266235352,0.25,0.19173828125,0.1875,0.125,0.0,0.0,69.5,30.5,66.984375,27.8466796875,94.0,48.544921875,88.50390625,44.75,2.0,0.8125,2.015625,0.6640625,54.0,19.01513671875,51.483436584472656,16.9437255859375,7.91796875,5.430633544921875,7.75,5.0625,4.780975341796875,3.9373779296875,4.8994140625,3.84375,51.025390625,18.400863647460938,50.515625,17.5,5.75,3.75,5.5,3.5,5.375,3.6875,4.0,2.65625,104.865234375,89.5,655.8441009521484,0,0,0,0,0,0,0,0,0,0,0,0,0,0,187.96,187.96,170.0,28.0,25.0,0,0,0,0,0,0,0,0,0,1,0,0,0,0,0,1,0,0,0,0,1,0,0,0
Blue,False,1.009765625,0.125,0.403642578125,0.30412109375,0.0955078125,0.28392578125,1.01171875,0.306640625,0.03515625,0.0224609375,93.3798828125,37.9541015625,107.24609375,36.7724609375,109.73828125,53.26953125,133.576171875,60.30859375,3.16015625,0.40234375,2.8828125,1.2236328125,63.6904296875,16.1875,89.369140625,22.8017578125,12.294921875,9.830078125,10.5625,8.044921875,17.39453125,11.9365234375,7.314453125,5.92578125,83.4111328125,30.0390625,103.599609375,34.728515625,6.10546875,5.6953125,2.2578125,0.89453125,3.86328125,2.2197265625,1.388671875,1.1494140625,49.8896484375,166.4853515625,774.90234375,28,0,0,1,2,6,5,0,0,1,1,3,0,1,175.26,180.34,145.0,0.0471682548522949,0.0,0.45,0.4217682266235352,0.25,0.19173828125,0.1875,0.125,0.0,0.0,69.5,30.5,66.984375,27.8466796875,94.0,48.544921875,88.50390625,44.75,2.0,0.8125,2.015625,0.6640625,54.0,19.01513671875,51.483436584472656,16.9437255859375,7.91796875,5.430633544921875,7.75,5.0625,4.780975341796875,3.9373779296875,4.8994140625,3.84375,51.025390625,18.400863647460938,50.515625,17.5,5.75,3.75,5.5,3.5,5.375,3.6875,4.0,2.65625,104.865234375,89.5,655.8441009521484,0,0,0,0,0,0,0,0,0,0,0,0,0,0,182.88,182.88,155.0,25.0,25.0,0,0,0,0,0,0,1,0,0,0,0,0,0,0,0,1,0,0,0,0,1,0,0,0
Red,False,0.625,1.0,0.26,0.41125,0.125,0.25,2.25,0.0,0.0,0.0,115.625,31.125,85.25,35.125,130.5,40.375,137.375,75.5,0.125,0.125,1.125,0.75,107.125,24.25,65.75,23.0,6.875,5.25,11.875,5.75,1.625,1.625,7.625,6.375,109.75,28.375,50.75,24.25,3.25,1.25,2.25,0.625,2.625,1.5,32.25,10.25,52.75,323.25,670.5,8,0,3,0,3,3,1,0,0,0,0,2,1,0,190.5,190.5,185.0,0.03125,0.5,0.4221484375,0.4974609375,0.2890625,0.51375,0.296875,0.3515625,0.1015625,0.13671875,58.53515625,29.45703125,42.46875,22.171875,103.33984375,71.74609375,54.68359375,33.046875,4.046875,2.078125,2.16015625,1.59375,41.734375,15.0234375,35.25,16.1484375,16.16796875,14.23828125,3.8515625,2.7890625,0.6328125,0.1953125,3.3671875,3.234375,24.89453125,4.72265625,22.6328125,10.56640625,11.72265625,7.734375,4.9140625,3.76171875,21.91796875,17.0,14.921875,7.84375,251.28515625,135.859375,556.40234375,20,1,0,2,3,4,5,0,0,0,1,1,2,0,185.42,195.58,205.0,33.0,30.0,0,0,0,0,0,0,0,1,0,0,0,0,0,0,0,1,0,0,0,0,1,0,0,0
Red,False,0.015625,0.0,0.45,0.4275,0.25,0.2,0.148468017578125,0.098388671875,0.0,0.0,66.5,29.6875,64.31230545043945,27.34375,89.75,48.0,85.53125,44.41152191162109,2.0,0.75,2.0546875,0.75,51.1875,18.3359375,49.6123046875,16.280410766601562,7.5,5.07647705078125,7.5,5.0,4.5,3.625,4.984375,3.9375,48.6875,17.0,47.11572265625,16.5,5.75,3.75,5.3125,3.4375,5.0625,3.5,3.875,2.5,99.2119140625,94.125,638.5,0,0,0,0,0,0,0,0,0,0,0,0,0,0,177.8,177.8,155.0,0.0471682548522949,0.0,0.45,0.4217682266235352,0.25,0.19173828125,0.1875,0.125,0.0,0.0,69.5,30.5,66.984375,27.8466796875,94.0,48.544921875,88.50390625,44.75,2.0,0.8125,2.015625,0.6640625,54.0,19.01513671875,51.483436584472656,16.9437255859375,7.91796875,5.430633544921875,7.75,5.0625,4.780975341796875,3.9373779296875,4.8994140625,3.84375,51.025390625,18.400863647460938,50.515625,17.5,5.75,3.75,5.5,3.5,5.375,3.6875,4.0,2.65625,104.865234375,89.5,655.8441009521484,0,0,0,0,0,0,0,0,0,0,0,0,0,0,185.42,187.96,170.0,28.0,30.0,0,0,0,0,0,0,0,0,0,1,0,0,0,0,0,1,0,0,0,0,1,0,0,0
Red,False,0.015625,0.0,0.45,0.4275,0.25,0.2,0.148468017578125,0.098388671875,0.0,0.0,66.5,29.6875,64.31230545043945,27.34375,89.75,48.0,85.53125,44.41152191162109,2.0,0.75,2.0546875,0.75,51.1875,18.3359375,49.6123046875,16.280410766601562,7.5,5.07647705078125,7.5,5.0,4.5,3.625,4.984375,3.9375,48.6875,17.0,47.11572265625,16.5,5.75,3.75,5.3125,3.4375,5.0625,3.5,3.875,2.5,99.2119140625,94.125,638.5,0,0,0,0,0,0,0,0,0,0,0,0,0,0,172.72,180.34,135.0,0.0471682548522949,0.0,0.45,0.4217682266235352,0.25,0.19173828125,0.1875,0.125,0.0,0.0,69.5,30.5,66.984375,27.8466796875,94.0,48.544921875,88.50390625,44.75,2.0,0.8125,2.015625,0.6640625,54.0,19.01513671875,51.483436584472656,16.9437255859375,7.91796875,5.430633544921875,7.75,5.0625,4.780975341796875,3.9373779296875,4.8994140625,3.84375,51.025390625,18.400863647460938,50.515625,17.5,5.75,3.75,5.5,3.5,5.375,3.6875,4.0,2.65625,104.865234375,89.5,655.8441009521484,0,0,0,0,0,0,0,0,0,0,0,0,0,0,165.1,167.64,135.0,28.0,28.0,1,0,0,0,0,0,0,0,0,0,0,0,0,0,0,0,0,1,0,0,1,0,0,0
Red,False,0.015625,0.0,0.45,0.4275,0.25,0.2,0.148468017578125,0.098388671875,0.0,0.0,66.5,29.6875,64.31230545043945,27.34375,89.75,48.0,85.53125,44.41152191162109,2.0,0.75,2.0546875,0.75,51.1875,18.3359375,49.6123046875,16.280410766601562,7.5,5.07647705078125,7.5,5.0,4.5,3.625,4.984375,3.9375,48.6875,17.0,47.11572265625,16.5,5.75,3.75,5.3125,3.4375,5.0625,3.5,3.875,2.5,99.2119140625,94.125,638.5,0,0,0,0,0,0,0,0,0,0,0,0,0,0,172.72,177.8,135.0,0.0,0.0,0.46,0.46,0.0,1.0,0.0,0.0,0.0,0.0,143.0,67.0,92.0,43.0,186.0,105.0,133.0,77.0,2.0,0.0,4.0,4.0,118.0,43.0,60.0,20.0,16.0,15.0,7.0,7.0,9.0,9.0,25.0,16.0,123.0,49.0,75.0,30.0,19.0,17.0,6.0,5.0,1.0,1.0,11.0,8.0,60.0,254.0,900.0,3,0,0,1,0,0,1,0,0,0,0,0,0,0,170.18,180.34,135.0,29.0,27.0,1,0,0,0,0,0,0,0,0,0,0,0,0,0,0,1,0,0,0,0,1,0,0,0
Red,False,0.0,0.0,0.355,0.28,0.355,0.45,1.0,2.0,0.5,0.0,111.75,38.5,140.5,47.5,147.25,68.5,167.25,73.0,6.5,2.5,1.5,1.25,89.75,24.5,107.25,25.0,6.75,3.25,21.25,12.5,15.25,10.75,12.0,10.0,88.75,27.75,120.75,32.5,12.75,5.25,12.25,9.75,10.25,5.5,7.5,5.25,303.75,76.0,900.0,9,0,0,1,1,1,2,0,0,0,1,0,0,0,172.72,180.34,155.0,0.125,0.00390625,0.34676513671875,0.32002685546875,0.54422607421875,0.08958984375,0.1845703125,0.508056640625,0.00048828125,0.000244140625,93.71337890625,32.56103515625,100.591064453125,33.9638671875,124.96044921875,58.412841796875,132.656982421875,65.209716796875,6.461181640625,3.133056640625,4.650146484375,0.53564453125,83.56005859375,24.128662109375,81.72314453125,19.5966796875,9.402587890625,7.931884765625,10.908447265625,8.392578125,0.750732421875,0.50048828125,7.95947265625,5.974609375,82.0537109375,25.6982421875,88.119384765625,24.377685546875,6.580078125,3.716796875,7.17041015625,4.447509765625,5.07958984375,3.14599609375,5.30126953125,5.138671875,193.66259765625,130.366455078125,812.094482421875,31,0,0,1,3,8,5,0,0,1,4,1,2,0,177.8,180.34,155.0,29.0,27.0,0,0,0,0,0,0,1,0,0,0,0,0,0,0,0,1,0,0,0,0,0,0,1,0
Blue,False,0.5,0.0,0.36,0.535,0.33,0.0,0.5,0.0,0.0,0.0,59.5,20.5,60.0,32.0,67.0,27.0,77.0,48.5,1.5,1.0,1.0,0.0,45.0,12.5,33.0,10.5,9.5,4.5,5.0,4.0,5.0,3.5,22.0,17.5,40.0,9.0,43.5,18.5,6.0,3.5,16.5,13.5,13.5,8.0,0.0,0.0,105.0,134.5,586.0,4,0,1,0,1,1,1,0,0,0,0,1,0,0,198.12,200.66,255.0,0.25,0.21875,0.54,0.4706249999999999,0.09375,0.78125,0.828125,1.28125,0.546875,0.0625,22.671875,12.3125,31.875,15.125,30.90625,19.515625,42.234375,23.875,0.109375,0.09375,0.78125,0.78125,19.703125,9.671875,30.125,13.609375,0.875,0.671875,1.734375,1.5,2.09375,1.96875,0.015625,0.015625,11.21875,4.703125,9.515625,3.0,1.640625,0.765625,1.9375,0.8125,9.8125,6.84375,20.421875,11.3125,35.96875,179.6875,274.734375,11,0,0,1,3,5,2,0,1,0,0,2,2,0,210.82,213.36,265.0,28.0,23.0,0,0,0,0,1,0,0,0,0,0,0,0,0,0,0,1,0,0,0,0,1,0,0,0
Red,False,0.25,0.75,0.39,0.29,0.5,0.375,1.5,1.0,0.5,0.0,36.25,10.75,45.0,16.75,43.5,18.0,72.0,41.75,2.0,0.5,1.75,0.75,32.5,8.75,32.25,7.0,1.75,0.75,2.5,1.25,2.0,1.25,10.25,8.5,30.0,7.5,28.25,7.75,1.75,1.25,4.25,3.25,4.5,2.0,12.5,5.75,107.5,166.0,499.5,6,0,1,0,1,1,2,0,0,0,0,1,0,0,185.42,190.5,170.0,1.5,0.0,0.524375,0.3515625,0.0,0.29125,1.0,0.8125,0.0,0.0,56.6875,30.25,35.46875,12.875,90.75,62.625,55.65625,31.1875,0.21875,0.0,4.78125,2.125,43.34375,19.0625,24.90625,6.0625,9.34375,8.0,7.28125,5.25,4.0,3.1875,3.28125,1.5625,25.21875,8.34375,19.59375,3.90625,14.53125,9.78125,6.6875,3.09375,16.9375,12.125,9.1875,5.875,149.53125,199.90625,510.15625,14,0,0,1,2,4,2,0,0,0,2,1,1,0,185.42,187.96,205.0,30.0,30.0,0,0,0,0,0,0,0,1,0,0,0,0,0,0,0,1,0,0,0,0,1,0,0,0
Blue,False,0.25,0.0,0.4796875,0.4181249999999999,0.5834375,0.33625,0.875,1.3125,0.15625,0.03125,113.6875,54.28125,50.5,19.78125,160.875,99.125,66.5,35.5625,4.9375,2.46875,8.0,3.4375,78.53125,26.5,40.84375,12.09375,28.71875,21.96875,6.0,4.25,6.4375,5.8125,3.65625,3.4375,69.375,24.25,41.03125,13.40625,26.75,18.40625,9.25,6.28125,17.5625,11.625,0.21875,0.09375,269.21875,223.78125,752.15625,16,0,0,1,5,5,1,0,0,2,1,1,1,0,175.26,180.34,170.0,0.683837890625,0.12548828125,0.344798583984375,0.3586816406249999,0.531982421875,0.32425537109375,0.00341796875,0.1265869140625,0.5,0.0001220703125,146.893798828125,51.9390869140625,104.912109375,36.4324951171875,179.9515380859375,78.4525146484375,138.860107421875,67.61279296875,1.1572265625,1.0322265625,5.90283203125,3.5660400390625,113.548583984375,26.4241943359375,77.0201416015625,17.602783203125,5.9405517578125,3.7938232421875,11.762939453125,6.8460693359375,27.4046630859375,21.7210693359375,16.1290283203125,11.983642578125,127.91357421875,44.78271484375,87.6851806640625,26.2630615234375,9.8885498046875,3.8603515625,10.0548095703125,5.319091796875,9.0916748046875,3.2960205078125,7.172119140625,4.850341796875,133.3717041015625,267.0025634765625,943.9521484375,33,1,0,1,7,10,4,0,0,0,3,6,0,1,175.26,177.8,170.0,26.0,27.0,0,0,0,0,0,0,0,0,0,1,0,0,0,0,0,0,0,1,0,0,1,0,0,0
Blue,False,0.0,0.0,0.37,0.24,0.66,0.0,0.0,0.0,0.0,0.0,102.0,38.0,65.0,16.0,134.0,70.0,66.0,17.0,15.0,10.0,2.0,0.0,73.0,17.0,59.0,12.0,15.0,12.0,5.0,3.0,14.0,9.0,1.0,1.0,82.0,23.0,59.0,14.0,17.0,12.0,5.0,2.0,3.0,3.0,1.0,0.0,226.0,27.0,900.0,3,0,1,0,1,1,0,0,0,0,1,0,0,0,160.02,167.64,125.0,0.0,0.0,0.38,0.07,0.0,0.0,0.0,0.0,0.0,0.0,188.0,73.0,135.0,10.0,188.0,73.0,135.0,10.0,0.0,0.0,0.0,0.0,175.0,61.0,120.0,9.0,6.0,5.0,10.0,0.0,7.0,7.0,5.0,1.0,184.0,72.0,126.0,8.0,4.0,1.0,9.0,2.0,0.0,0.0,0.0,0.0,0.0,1.0,900.0,3,0,1,0,1,1,0,0,0,0,1,0,0,0,175.26,193.04,135.0,24.0,30.0,1,0,0,0,0,0,0,0,0,0,0,0,0,0,0,1,0,0,0,0,1,0,0,0
Red,False,0.0625,0.0166015625,0.332587890625,0.323173828125,0.600107421875,0.125,0.0,0.0009765625,0.0,0.0,127.533203125,43.8291015625,141.1943359375,43.67578125,144.0361328125,58.1484375,156.98046875,56.578125,4.068359375,2.0859375,1.390625,0.125,115.1015625,36.3408203125,119.7578125,26.9775390625,3.2314453125,1.4443359375,9.509765625,6.8876953125,9.2001953125,6.0439453125,11.9267578125,9.810546875,110.2431640625,36.7548828125,127.654296875,36.9423828125,6.138671875,3.5927734375,4.857421875,2.060546875,11.1513671875,3.4814453125,8.6826171875,4.6728515625,144.2900390625,10.6552734375,753.1669921875,23,0,3,0,5,9,2,0,1,0,2,5,0,0,185.42,193.04,205.0,0.625,0.0,0.363046875,0.5394531250000001,0.5928125,0.23328125,0.0,0.640625,0.0,0.015625,63.015625,23.0546875,73.7421875,35.6796875,99.03125,58.0859375,95.8828125,55.5390625,1.2734375,0.78125,5.0390625,1.296875,53.1640625,14.3828125,49.125,17.3984375,5.7421875,5.0625,7.015625,5.421875,4.109375,3.609375,17.6015625,12.859375,43.375,10.90625,55.984375,23.7578125,16.2265625,9.8828125,12.3671875,8.3125,3.4140625,2.265625,5.390625,3.609375,121.8828125,275.7734375,875.390625,23,3,3,0,3,6,2,0,0,1,2,3,0,0,185.42,185.42,205.0,34.0,32.0,0,0,0,0,0,1,0,0,0,0,0,0,0,0,0,1,0,0,0,0,1,0,0,0
Red,False,0.5,0.5,0.4,0.3925,0.125,0.25,0.0,0.0,0.0,0.0,63.0,24.25,154.25,68.5,63.25,24.5,159.25,73.0,4.0,0.25,1.0,0.5,62.0,23.25,129.75,51.0,0.5,0.5,23.0,16.5,0.5,0.5,1.5,1.0,54.25,20.0,129.75,57.25,6.0,2.5,23.5,10.75,2.75,1.75,1.0,0.5,67.5,10.0,516.0,5,1,2,0,2,2,1,0,0,0,0,2,0,0,182.88,185.42,263.0,0.718994140625,0.25,0.3319183349609375,0.4111029052734375,0.041282958984375,0.0791168212890625,0.181396484375,0.001953125,0.0,3.0517578125e-05,46.83784484863281,15.092086791992188,55.82481384277344,25.447036743164062,57.65650939941406,25.33700561523437,74.69163513183594,40.92652893066406,1.057769775390625,0.047027587890625,0.5805816650390625,0.0796051025390625,37.02557373046875,7.37799072265625,46.52604675292969,16.937332153320312,4.9737701416015625,3.9383392333984375,2.572174072265625,2.533111572265625,4.8385009765625,3.7757568359375,6.726593017578125,5.976593017578125,38.60060119628906,8.039779663085938,34.58470153808594,7.306747436523437,7.14752197265625,6.55181884765625,12.855560302734377,11.298919677734377,1.0897216796875,0.50048828125,8.384552001953125,6.84136962890625,138.8416290283203,64.58088684082031,529.9124298095703,24,4,2,0,4,12,5,0,0,0,1,3,7,0,190.5,200.66,264.0,34.0,32.0,0,0,0,0,1,0,0,0,0,0,0,0,0,0,0,1,0,0,0,0,0,0,1,0
Blue,False,0.0625,0.0,0.4253125,0.4028125,0.140625,0.59375,0.75,1.125,0.0,0.0,51.25,24.6875,72.875,29.5,66.59375,39.65625,99.03125,51.9375,1.59375,0.78125,2.09375,1.53125,38.21875,14.75,45.40625,10.28125,7.4375,5.90625,17.0,10.4375,5.59375,4.03125,10.46875,8.78125,38.71875,16.34375,44.3125,13.84375,8.375,5.34375,10.96875,8.125,4.15625,3.0,17.59375,7.53125,60.3125,240.40625,603.84375,12,0,1,0,1,3,3,0,0,0,1,2,0,0,182.88,187.96,185.0,0.140625,0.005859375,0.29859375,0.4368603515625,0.31396484375,0.422177734375,0.76318359375,0.8154296875,0.12646484375,0.3759765625,63.23876953125,18.79296875,64.69970703125,29.6044921875,102.93408203125,54.5810546875,88.46484375,50.22216796875,0.31591796875,0.31396484375,9.51953125,3.78076171875,57.7646484375,14.6279296875,50.49560546875,18.2939453125,3.78466796875,3.24755859375,9.853515625,8.4912109375,1.689453125,0.91748046875,4.3505859375,2.8193359375,50.56640625,9.521484375,33.234375,9.17529296875,9.33056640625,7.03515625,3.361328125,1.92041015625,3.341796875,2.236328125,28.10400390625,18.5087890625,26.875,410.80517578125,787.27490234375,24,1,3,0,3,7,5,0,0,2,1,2,2,0,198.12,200.66,185.0,30.0,28.0,0,0,0,0,0,0,0,1,0,0,0,0,0,0,0,1,0,0,0,0,1,0,0,0
Red,False,0.0,0.0,0.38,0.39,0.0,0.0,0.0,0.0,0.0,0.0,173.0,67.0,158.0,62.0,175.0,69.0,171.0,71.0,4.0,0.0,1.0,0.0,150.0,48.0,126.0,37.0,15.0,13.0,30.0,23.0,8.0,6.0,2.0,2.0,169.0,63.0,147.0,54.0,4.0,4.0,9.0,6.0,0.0,0.0,2.0,2.0,33.0,0.0,900.0,3,0,1,0,1,1,0,0,0,0,1,0,0,0,160.02,162.56,125.0,0.0,0.0,0.47,0.45,1.0,0.0,3.0,0.0,0.0,2.0,107.0,51.0,98.0,45.0,118.0,58.0,124.0,66.0,5.0,5.0,0.0,0.0,88.0,35.0,72.0,24.0,11.0,9.0,20.0,16.0,8.0,7.0,6.0,5.0,93.0,43.0,88.0,39.0,8.0,5.0,5.0,1.0,6.0,3.0,5.0,5.0,240.0,235.0,900.0,3,0,1,0,1,1,0,0,0,0,1,0,0,0,175.26,177.8,135.0,30.0,20.0,1,0,0,0,0,0,0,0,0,0,0,0,0,0,0,0,0,1,0,0,1,0,0,0
Blue,False,0.015625,0.0,0.45,0.4275,0.25,0.2,0.148468017578125,0.098388671875,0.0,0.0,66.5,29.6875,64.31230545043945,27.34375,89.75,48.0,85.53125,44.41152191162109,2.0,0.75,2.0546875,0.75,51.1875,18.3359375,49.6123046875,16.280410766601562,7.5,5.07647705078125,7.5,5.0,4.5,3.625,4.984375,3.9375,48.6875,17.0,47.11572265625,16.5,5.75,3.75,5.3125,3.4375,5.0625,3.5,3.875,2.5,99.2119140625,94.125,638.5,0,0,0,0,0,0,0,0,0,0,0,0,0,0,167.64,177.8,145.0,0.0471682548522949,0.0,0.45,0.4217682266235352,0.25,0.19173828125,0.1875,0.125,0.0,0.0,69.5,30.5,66.984375,27.8466796875,94.0,48.544921875,88.50390625,44.75,2.0,0.8125,2.015625,0.6640625,54.0,19.01513671875,51.483436584472656,16.9437255859375,7.91796875,5.430633544921875,7.75,5.0625,4.780975341796875,3.9373779296875,4.8994140625,3.84375,51.025390625,18.400863647460938,50.515625,17.5,5.75,3.75,5.5,3.5,5.375,3.6875,4.0,2.65625,104.865234375,89.5,655.8441009521484,0,0,0,0,0,0,0,0,0,0,0,0,0,0,170.18,182.88,135.0,24.0,29.0,1,0,0,0,0,0,0,0,0,0,0,0,0,0,0,1,0,0,0,0,1,0,0,0
Red,False,1.0,0.0,0.44,0.13,0.33,0.0,1.0,1.0,0.0,0.0,253.0,112.0,258.0,35.0,295.0,148.0,266.0,41.0,3.0,1.0,2.0,0.0,215.0,86.0,248.0,31.0,24.0,15.0,7.0,1.0,14.0,11.0,3.0,3.0,218.0,86.0,249.0,31.0,21.0,15.0,4.0,1.0,14.0,11.0,5.0,3.0,222.0,44.0,900.0,3,0,1,0,1,1,0,0,0,0,1,0,0,0,182.88,193.04,170.0,0.375,0.0,0.40625,0.385,0.69625,0.0625,0.375,1.5,0.375,0.75,67.0,27.375,56.25,18.75,102.125,54.125,91.0,51.125,5.0,3.375,3.125,0.125,53.5,18.0,41.875,9.25,10.75,7.625,4.75,3.0,2.75,1.75,9.625,6.5,37.875,12.125,44.0,12.0,13.25,7.75,6.375,3.5,15.875,7.5,5.875,3.25,274.0,139.25,788.0,11,0,0,1,3,3,1,0,0,1,0,1,0,1,175.26,180.34,170.0,35.0,26.0,0,0,0,0,0,0,0,0,0,1,0,0,0,0,0,0,0,1,0,0,1,0,0,0
Red,False,0.0,0.0,0.401875,0.370625,0.33375,0.665,1.875,0.75,1.25,1.75,83.4375,34.125,72.6875,23.8125,127.8125,73.6875,94.0,42.8125,10.5625,2.5625,1.25,1.0,71.5625,26.4375,65.8125,18.0625,4.625,3.75,4.9375,3.8125,7.25,3.9375,1.9375,1.9375,53.375,15.9375,63.5,18.1875,20.6875,11.0,5.1875,3.125,9.375,7.1875,4.0,2.5,341.8125,116.1875,873.375,14,0,2,0,2,3,2,0,0,0,2,1,0,0,180.34,180.34,205.0,0.0,0.0625,0.37671875,0.5958203125,0.64625,0.2833984375,0.0625,0.0078125,0.0625,0.0625,37.42578125,16.609375,26.73046875,10.91015625,51.859375,30.0546875,31.4609375,15.44140625,2.23046875,1.609375,1.98828125,0.33203125,33.859375,14.12109375,19.91015625,5.97265625,0.8359375,0.2734375,4.46484375,2.83203125,2.73046875,2.21484375,2.35546875,2.10546875,22.5859375,7.17578125,20.30078125,5.7109375,1.5234375,0.5,3.0703125,1.96484375,13.31640625,8.93359375,3.359375,3.234375,67.015625,23.59375,295.859375,21,1,1,0,2,6,3,0,0,1,3,2,0,0,182.88,187.96,205.0,35.0,40.0,0,0,0,0,0,1,0,0,0,0,0,0,0,0,0,1,0,0,0,0,1,0,0,0
Blue,False,0.015625,0.0,0.45,0.4275,0.25,0.2,0.148468017578125,0.098388671875,0.0,0.0,66.5,29.6875,64.31230545043945,27.34375,89.75,48.0,85.53125,44.41152191162109,2.0,0.75,2.0546875,0.75,51.1875,18.3359375,49.6123046875,16.280410766601562,7.5,5.07647705078125,7.5,5.0,4.5,3.625,4.984375,3.9375,48.6875,17.0,47.11572265625,16.5,5.75,3.75,5.3125,3.4375,5.0625,3.5,3.875,2.5,99.2119140625,94.125,638.5,0,0,0,0,0,0,0,0,0,0,0,0,0,0,175.26,177.8,170.0,0.0,0.015625,0.441171875,0.17984375,0.820859375,0.1484375,1.125,0.7890625,0.0625,0.3203125,28.265625,12.0,23.6875,7.6640625,51.625,34.5625,32.7265625,15.8515625,3.21875,1.9453125,0.5546875,0.2734375,23.2890625,7.3125,19.390625,4.140625,4.0,3.7109375,2.171875,1.3984375,0.9765625,0.9765625,2.125,2.125,12.015625,1.8828125,18.359375,4.640625,3.4921875,3.0625,2.8984375,1.8359375,12.7578125,7.0546875,2.4296875,1.1875,264.78125,49.9140625,394.2109375,16,0,0,1,3,5,3,0,0,0,1,0,4,0,172.72,190.5,155.0,27.0,29.0,0,0,0,0,0,0,1,0,0,0,0,0,0,0,0,0,0,1,0,0,1,0,0,0
Red,True,0.0,0.0,0.54,0.64,0.26,0.0,0.0,3.0,0.0,0.0,46.0,25.0,54.0,35.0,80.0,53.0,77.0,57.0,15.0,4.0,0.0,0.0,25.0,9.0,33.0,18.0,11.0,9.0,21.0,17.0,10.0,7.0,0.0,0.0,42.0,21.0,22.0,8.0,2.0,2.0,25.0,20.0,2.0,2.0,7.0,7.0,448.0,195.0,900.0,3,0,1,0,1,1,0,0,0,1,0,0,0,0,182.88,182.88,170.0,0.220733642578125,0.00390625,0.5385899353027344,0.1555470275878906,0.6594316101074219,0.126483154296875,1.69970703125,0.0006103515625,0.281341552734375,9.1552734375e-05,181.5717010498047,88.09902954101562,101.1551513671875,15.080902099609377,260.22654724121094,159.1123504638672,130.053466796875,41.83502197265625,9.585067749023438,6.56671142578125,2.2939910888671875,0.5045166015625,130.31228637695312,52.67271423339844,92.4157257080078,9.7889404296875,17.923965454101562,10.41265869140625,5.20745849609375,3.1710205078125,33.33544921875,25.013656616210938,3.531967163085937,2.120941162109375,150.15562438964844,63.638946533203125,90.85137939453124,9.027557373046877,7.101821899414063,5.77508544921875,5.7618255615234375,3.7269134521484375,24.314254760742188,18.68499755859375,4.5419464111328125,2.3264312744140625,640.8747863769531,61.86714172363281,1453.1129150390625,48,10,2,0,8,15,2,0,0,1,7,5,2,0,180.34,193.04,185.0,32.0,29.0,0,0,0,0,0,0,0,0,0,1,0,0,0,0,0,1,0,0,0,0,1,0,0,0
Red,True,1.0,0.0,0.44,0.295,0.0,0.125,0.25,0.0,0.0,0.0,62.0,20.75,87.25,20.0,64.25,23.0,87.5,20.25,0.0,0.0,2.25,0.25,53.0,13.75,71.75,8.0,7.25,5.5,3.75,2.0,1.75,1.5,11.75,10.0,58.25,17.5,86.0,19.25,3.25,2.75,1.25,0.75,0.5,0.5,0.0,0.0,12.0,17.5,372.0,6,0,3,0,3,3,0,0,0,0,1,1,1,0,172.72,172.72,145.0,0.0471682548522949,0.0,0.45,0.4217682266235352,0.25,0.19173828125,0.1875,0.125,0.0,0.0,69.5,30.5,66.984375,27.8466796875,94.0,48.544921875,88.50390625,44.75,2.0,0.8125,2.015625,0.6640625,54.0,19.01513671875,51.483436584472656,16.9437255859375,7.91796875,5.430633544921875,7.75,5.0625,4.780975341796875,3.9373779296875,4.8994140625,3.84375,51.025390625,18.400863647460938,50.515625,17.5,5.75,3.75,5.5,3.5,5.375,3.6875,4.0,2.65625,104.865234375,89.5,655.8441009521484,0,0,0,0,0,0,0,0,0,0,0,0,0,0,170.18,177.8,135.0,28.0,24.0,0,0,1,0,0,0,0,0,0,0,0,0,0,0,0,1,0,0,0,0,1,0,0,0
Blue,False,0.0,0.0,0.645,0.71,0.55,0.0,1.0,0.0,0.0,0.0,29.0,18.0,16.5,8.5,57.5,43.5,43.0,31.5,3.5,2.0,1.5,0.0,24.0,14.0,7.5,2.0,3.0,2.0,4.0,2.5,2.0,2.0,5.0,4.0,4.0,1.5,7.0,2.5,4.0,3.0,9.0,5.5,21.0,13.5,0.5,0.5,512.5,72.5,654.0,5,0,2,0,2,2,0,0,0,0,1,0,1,0,180.34,190.5,170.0,0.0,0.0,0.23,0.36125,0.7075,0.25,1.625,0.5,0.125,0.0,16.625,3.5,16.875,6.375,29.25,12.75,20.75,9.875,2.5,1.625,0.5,0.25,15.875,3.125,13.25,3.75,0.25,0.125,1.875,0.875,0.5,0.25,1.75,1.75,13.875,2.375,13.125,3.375,0.125,0.125,2.125,1.375,2.625,1.0,1.625,1.625,114.5,32.875,258.375,6,0,0,1,3,3,1,0,0,1,0,0,2,0,177.8,187.96,170.0,30.0,30.0,0,0,0,0,0,0,0,0,0,1,0,0,0,0,0,1,0,0,0,0,0,0,1,0
Red,False,0.0078125,0.2861366271972656,0.6501147699356079,0.231914119720459,0.7859651184082032,0.078414077758789,1.2559239864349363,0.2041492462158203,0.062530517578125,0.12506103515625,41.11152982711792,24.527645349502563,20.676866054534912,9.008142471313477,72.640864610672,52.0380220413208,36.21385025978088,22.58406710624695,2.4180850982666016,1.0219364166259766,0.4091610908508301,0.1898307800292968,36.31886458396912,20.121334552764893,16.490224361419678,5.583545684814453,2.6146810054779053,2.3235528469085693,2.5380420684814453,2.0260934829711914,2.1779842376708984,2.0827579498291016,1.648599624633789,1.398503303527832,18.75691270828247,7.837006568908691,15.740545749664308,6.100137233734131,12.97179126739502,9.713004112243652,3.751611709594727,2.099330425262451,9.38282585144043,6.97763466835022,1.184708595275879,0.8086748123168945,248.92098426818848,44.96461296081543,401.9870569705963,61,16,7,0,7,16,7,0,1,0,4,6,4,1,185.42,190.5,205.0,0.27734375,0.25,0.6383398437500001,0.403046875,0.45578125,0.5049609375,0.544921875,0.046875,0.009765625,0.0,47.91796875,26.955078125,52.880859375,22.955078125,60.69140625,39.390625,83.673828125,53.13671875,2.25390625,1.09375,1.5078125,0.525390625,25.25,11.6015625,33.58203125,9.384765625,9.1484375,7.07421875,5.8203125,4.046875,13.51953125,8.279296875,13.478515625,9.5234375,36.736328125,20.005859375,37.77734375,11.15625,8.888671875,5.359375,13.58203125,10.291015625,2.29296875,1.58984375,1.521484375,1.5078125,170.328125,100.935546875,759.625,26,3,8,0,8,8,2,0,0,0,5,2,1,0,185.42,187.96,185.0,47.0,32.0,0,0,0,0,0,1,0,0,0,0,0,0,0,0,0,1,0,0,0,0,0,0,1,0
Blue,False,0.0,0.0,0.415,0.375,0.515,0.0,1.0,0.5,0.5,0.5,44.5,18.5,94.0,39.0,58.0,31.5,143.5,81.5,5.5,2.5,2.5,0.0,39.0,14.5,68.5,22.5,4.0,2.5,13.0,6.5,1.5,1.5,12.5,10.0,34.5,12.5,58.0,17.5,6.0,4.0,12.0,5.5,4.0,2.0,24.0,16.0,199.0,127.5,580.0,4,0,1,0,1,1,1,0,0,0,0,0,1,0,182.88,193.04,170.0,0.12548828125,0.28125,0.385390625,0.3261376953125,0.5939111328125,0.5072412109375,0.880859375,0.04150390625,0.78125,0.51904296875,151.806640625,51.4345703125,88.4853515625,26.73974609375,191.0,85.42333984375,102.4951171875,37.94287109375,2.142578125,0.85205078125,4.1884765625,2.0224609375,131.99755859375,37.2998046875,74.533203125,15.9130859375,11.99267578125,8.296875,4.5078125,2.82763671875,7.81640625,5.837890625,9.4443359375,7.9990234375,130.2001953125,36.01806640625,74.8876953125,20.46240234375,17.3330078125,12.08056640625,4.78955078125,3.07421875,4.2734375,3.3359375,8.80810546875,3.203125,110.978515625,270.341796875,777.20703125,27,1,5,0,5,8,4,0,0,1,0,1,6,0,182.88,193.04,170.0,21.0,26.0,0,0,0,0,0,0,0,0,0,1,0,0,0,0,0,1,0,0,0,0,0,0,1,0
Blue,False,1.0,0.0,0.42,1.0,0.0,0.0,0.0,0.0,0.0,0.0,7.0,3.0,1.0,1.0,7.0,3.0,1.0,1.0,0.0,0.0,0.0,0.0,6.0,2.0,0.0,0.0,0.0,0.0,0.0,0.0,1.0,1.0,1.0,1.0,6.0,2.0,1.0,1.0,0.0,0.0,0.0,0.0,1.0,1.0,0.0,0.0,1.0,0.0,51.0,1,0,1,0,1,1,0,0,0,0,0,1,0,0,185.42,185.42,145.0,0.0471682548522949,0.0,0.45,0.4217682266235352,0.25,0.19173828125,0.1875,0.125,0.0,0.0,69.5,30.5,66.984375,27.8466796875,94.0,48.544921875,88.50390625,44.75,2.0,0.8125,2.015625,0.6640625,54.0,19.01513671875,51.483436584472656,16.9437255859375,7.91796875,5.430633544921875,7.75,5.0625,4.780975341796875,3.9373779296875,4.8994140625,3.84375,51.025390625,18.400863647460938,50.515625,17.5,5.75,3.75,5.5,3.5,5.375,3.6875,4.0,2.65625,104.865234375,89.5,655.8441009521484,0,0,0,0,0,0,0,0,0,0,0,0,0,0,170.18,172.72,135.0,27.0,31.0,0,0,1,0,0,0,0,0,0,0,0,0,0,0,0,1,0,0,0,0,1,0,0,0
Red,False,0.015625,0.0,0.45,0.4275,0.25,0.2,0.148468017578125,0.098388671875,0.0,0.0,66.5,29.6875,64.31230545043945,27.34375,89.75,48.0,85.53125,44.41152191162109,2.0,0.75,2.0546875,0.75,51.1875,18.3359375,49.6123046875,16.280410766601562,7.5,5.07647705078125,7.5,5.0,4.5,3.625,4.984375,3.9375,48.6875,17.0,47.11572265625,16.5,5.75,3.75,5.3125,3.4375,5.0625,3.5,3.875,2.5,99.2119140625,94.125,638.5,0,0,0,0,0,0,0,0,0,0,0,0,0,0,160.02,162.56,135.0,0.0,0.0,0.5,0.35,0.0,0.85,2.0,0.0,0.0,0.0,16.0,8.0,40.0,14.0,68.0,59.0,108.0,67.0,2.0,0.0,7.0,6.0,10.0,3.0,33.0,9.0,6.0,5.0,7.0,5.0,0.0,0.0,0.0,0.0,8.0,1.0,4.0,2.0,6.0,5.0,3.0,2.0,2.0,2.0,33.0,10.0,7.0,798.0,900.0,3,0,0,1,0,0,1,0,0,0,0,0,0,0,167.64,162.56,145.0,36.0,28.0,1,0,0,0,0,0,0,0,0,0,0,0,0,0,0,1,0,0,0,0,1,0,0,0
Red,False,0.5,0.25,0.4271875,0.39359375,0.25875,0.68359375,0.453125,0.859375,0.03125,0.0,58.765625,21.578125,90.359375,33.640625,64.375,27.09375,96.828125,39.453125,1.875,0.625,2.5,1.484375,50.828125,16.34375,68.546875,19.25,4.421875,3.21875,12.5,6.625,3.515625,2.015625,9.3125,7.765625,52.328125,18.125,76.65625,25.8125,2.078125,1.3125,1.53125,0.03125,4.359375,2.140625,12.171875,7.796875,37.5,52.671875,409.796875,10,0,0,3,1,2,5,0,0,0,0,0,2,0,185.42,193.04,185.0,0.0,0.125,0.73166015625,0.45498046875,0.10302734375,0.45943359375,0.2216796875,0.27734375,0.0517578125,0.0341796875,7.89453125,4.904296875,18.697265625,9.3115234375,17.0361328125,13.0341796875,27.619140625,17.1669921875,1.09375,0.2763671875,1.912109375,0.8447265625,4.4345703125,1.470703125,16.33984375,8.1611328125,1.21875,1.208984375,0.982421875,0.93359375,2.2412109375,2.224609375,1.375,0.216796875,4.1767578125,1.537109375,4.3564453125,1.2744140625,2.736328125,2.6279296875,2.25390625,1.5078125,0.9814453125,0.7392578125,12.0869140625,6.529296875,48.005859375,88.8671875,198.994140625,20,0,2,0,2,5,6,0,0,0,0,2,3,0,190.5,203.2,185.0,33.0,35.0,0,0,0,0,0,0,0,1,0,0,0,0,0,0,0,1,0,0,0,0,1,0,0,0
Red,False,0.0,0.0,0.53,0.27,0.0,0.0,0.0,0.0,0.0,0.0,135.0,72.0,132.0,36.0,159.0,88.0,153.0,54.0,12.0,0.0,1.0,0.0,86.0,28.0,122.0,26.0,33.0,31.0,6.0,6.0,16.0,13.0,4.0,4.0,115.0,54.0,116.0,25.0,20.0,18.0,16.0,11.0,0.0,0.0,0.0,0.0,147.0,178.0,900.0,3,0,1,0,1,1,0,0,0,0,1,0,0,0,182.88,182.88,155.0,1.0,0.0,0.58,0.11,0.0,0.5,0.0,0.0,0.0,0.0,127.0,74.0,162.0,19.0,134.0,77.0,162.0,19.0,0.0,0.0,2.0,1.0,77.0,42.0,136.0,9.0,19.0,9.0,19.0,8.0,31.0,23.0,7.0,2.0,122.0,71.0,161.0,19.0,2.0,2.0,1.0,0.0,3.0,1.0,0.0,0.0,19.0,4.0,900.0,3,0,1,0,1,1,0,0,0,0,1,0,0,0,172.72,172.72,155.0,31.0,25.0,0,0,0,0,0,0,1,0,0,0,0,0,0,0,0,0,0,1,0,0,1,0,0,0
Blue,False,0.0,0.03125,0.4031249999999999,0.3959375,0.125,0.234375,0.0625,0.0,0.0,0.0,148.5625,66.875,101.46875,32.71875,161.40625,79.53125,114.15625,44.125,0.3125,0.25,4.90625,1.59375,92.6875,23.59375,87.4375,24.21875,23.5625,14.4375,8.34375,3.5625,32.3125,28.84375,5.6875,4.9375,124.1875,51.125,83.15625,22.0625,19.75,12.5,10.65625,5.28125,4.625,3.25,7.65625,5.375,84.125,318.96875,850.34375,14,1,1,0,2,4,2,0,0,0,3,0,1,0,177.8,190.5,170.0,0.125,0.0,0.42625,0.738125,0.5,0.38125,0.1875,0.8125,0.125,0.0,25.8125,8.9375,42.5625,20.5,34.8125,17.25,63.875,37.8125,1.0,0.5,2.375,1.4375,23.6875,7.1875,34.5625,14.875,1.5,1.125,4.375,2.9375,0.625,0.625,3.625,2.6875,20.125,5.0625,21.0,9.375,1.875,1.375,2.8125,1.875,3.8125,2.5,18.75,9.25,113.875,139.9375,367.8125,8,1,0,1,2,3,2,0,0,0,0,1,2,0,185.42,190.5,170.0,30.0,28.0,0,0,0,0,0,0,0,0,0,1,0,0,0,0,0,1,0,0,0,0,1,0,0,0
Red,False,0.09375,0.5,0.2515624999999999,0.50625,0.09375,0.2940625,0.0,1.8125,0.0,0.25,51.25,16.0625,67.625,35.5,72.25,35.0,109.1875,74.25,0.5625,0.1875,3.625,2.96875,36.0,7.59375,43.84375,17.5,6.125,3.5625,10.75,8.3125,9.125,4.90625,13.03125,9.6875,40.96875,9.15625,45.53125,19.0,7.4375,5.25,5.40625,2.9375,2.84375,1.65625,16.6875,13.5625,70.875,354.6875,707.53125,16,1,4,0,4,4,2,0,0,2,1,1,0,0,182.88,187.96,170.0,0.46875,0.0,0.35609375,0.2825,0.09234375,0.25390625,0.0234375,0.640625,0.0078125,0.0078125,54.7734375,17.3359375,35.3984375,13.328125,64.7734375,25.578125,49.4375,27.3203125,0.890625,0.3515625,2.203125,1.0078125,42.90625,10.140625,27.5,9.140625,4.171875,1.5703125,3.6640625,1.59375,7.6953125,5.625,4.234375,2.59375,47.1640625,12.9375,27.046875,8.2734375,3.8671875,2.25,0.7734375,0.4765625,3.7421875,2.1484375,7.578125,4.578125,64.546875,123.609375,408.03125,14,0,1,0,3,5,3,0,0,0,0,5,0,0,187.96,198.12,205.0,28.0,27.0,0,0,0,0,0,0,0,0,0,1,0,0,0,0,0,1,0,0,0,0,1,0,0,0
Red,False,0.0,0.0,0.3575,0.47875,0.33,0.35625,0.375,3.125,0.75,0.625,160.875,40.125,151.875,67.375,192.375,67.375,184.0,95.0,1.875,1.0,1.625,1.25,138.75,26.0,136.625,55.375,14.75,8.875,12.25,9.5,7.375,5.25,3.0,2.5,149.875,32.625,121.0,49.875,6.125,4.125,6.625,3.625,4.875,3.375,24.25,13.875,82.0,346.0,820.25,10,0,0,1,1,2,2,0,0,1,0,0,1,0,177.8,172.72,145.0,0.0471682548522949,0.0,0.45,0.4217682266235352,0.25,0.19173828125,0.1875,0.125,0.0,0.0,69.5,30.5,66.984375,27.8466796875,94.0,48.544921875,88.50390625,44.75,2.0,0.8125,2.015625,0.6640625,54.0,19.01513671875,51.483436584472656,16.9437255859375,7.91796875,5.430633544921875,7.75,5.0625,4.780975341796875,3.9373779296875,4.8994140625,3.84375,51.025390625,18.400863647460938,50.515625,17.5,5.75,3.75,5.5,3.5,5.375,3.6875,4.0,2.65625,104.865234375,89.5,655.8441009521484,0,0,0,0,0,0,0,0,0,0,0,0,0,0,170.18,182.88,145.0,31.0,24.0,0,0,1,0,0,0,0,0,0,0,0,0,0,0,0,1,0,0,0,0,1,0,0,0
Red,False,0.0,0.0,0.325,0.435,0.5,0.355,0.0,1.0,0.0,0.5,37.0,11.0,31.5,12.0,57.5,31.5,44.5,25.0,1.0,1.0,3.5,2.5,28.5,6.0,27.0,8.5,7.0,4.5,3.0,2.0,1.5,0.5,1.5,1.5,27.5,5.5,20.5,5.5,8.5,4.5,6.5,3.0,1.0,1.0,4.5,3.5,44.5,174.0,331.0,3,1,0,2,0,0,2,0,0,0,0,0,0,0,182.88,193.04,170.0,0.25,0.0,0.33125,0.351875,0.1731249999999999,0.2825,0.1875,0.9375,0.0625,0.1875,119.0625,43.0625,77.625,30.9375,178.25,96.0625,123.0,72.0,3.3125,1.1875,8.75,3.0,102.4375,31.0625,67.5625,24.6875,12.25,8.0,6.875,3.8125,4.375,4.0,3.1875,2.4375,86.4375,24.75,56.375,15.0625,5.0625,2.625,5.9375,3.5625,27.5625,15.6875,15.3125,12.3125,224.5625,264.625,861.0,13,0,4,0,4,4,1,0,0,0,3,1,0,0,185.42,190.5,170.0,29.0,23.0,0,0,0,0,0,0,0,0,0,1,0,0,0,0,0,1,0,0,0,0,1,0,0,0
Blue,False,0.015625,0.0,0.45,0.4275,0.25,0.2,0.148468017578125,0.098388671875,0.0,0.0,66.5,29.6875,64.31230545043945,27.34375,89.75,48.0,85.53125,44.41152191162109,2.0,0.75,2.0546875,0.75,51.1875,18.3359375,49.6123046875,16.280410766601562,7.5,5.07647705078125,7.5,5.0,4.5,3.625,4.984375,3.9375,48.6875,17.0,47.11572265625,16.5,5.75,3.75,5.3125,3.4375,5.0625,3.5,3.875,2.5,99.2119140625,94.125,638.5,0,0,0,0,0,0,0,0,0,0,0,0,0,0,175.26,182.88,145.0,0.0471682548522949,0.0,0.45,0.4217682266235352,0.25,0.19173828125,0.1875,0.125,0.0,0.0,69.5,30.5,66.984375,27.8466796875,94.0,48.544921875,88.50390625,44.75,2.0,0.8125,2.015625,0.6640625,54.0,19.01513671875,51.483436584472656,16.9437255859375,7.91796875,5.430633544921875,7.75,5.0625,4.780975341796875,3.9373779296875,4.8994140625,3.84375,51.025390625,18.400863647460938,50.515625,17.5,5.75,3.75,5.5,3.5,5.375,3.6875,4.0,2.65625,104.865234375,89.5,655.8441009521484,0,0,0,0,0,0,0,0,0,0,0,0,0,0,177.8,185.42,145.0,30.0,22.0,0,0,1,0,0,0,0,0,0,0,0,0,0,0,0,1,0,0,0,0,0,0,1,0
Blue,False,0.5,0.0,0.4449999999999999,0.23,0.36,0.0,1.0,0.0,0.5,0.5,40.0,17.5,120.0,31.0,78.0,51.0,132.5,43.0,10.0,4.0,0.0,0.0,38.0,15.5,112.5,26.0,2.0,2.0,5.5,3.5,0.0,0.0,2.0,1.5,25.0,8.0,109.5,26.5,0.0,0.0,9.5,4.5,15.0,9.5,1.0,0.0,343.5,16.0,827.5,6,0,2,0,2,2,0,0,0,0,1,1,0,0,185.42,185.42,255.0,0.0,0.0,0.5349999999999999,0.12625,0.8125,0.0,0.0,0.25,0.0,0.0,53.375,25.5,47.25,8.625,77.125,46.75,48.5,9.875,1.75,1.375,0.875,0.0,45.125,18.25,39.125,2.5,3.125,2.625,5.875,3.875,5.125,4.625,2.25,2.25,28.375,7.75,42.0,5.0,8.125,6.875,5.25,3.625,16.875,10.875,0.0,0.0,169.0,4.75,504.0,10,0,4,0,4,4,0,0,0,1,2,1,0,0,182.88,182.88,240.0,34.0,31.0,0,0,0,0,1,0,0,0,0,0,0,0,0,0,0,1,0,0,0,0,1,0,0,0
Red,False,0.015625,0.0,0.45,0.4275,0.25,0.2,0.148468017578125,0.098388671875,0.0,0.0,66.5,29.6875,64.31230545043945,27.34375,89.75,48.0,85.53125,44.41152191162109,2.0,0.75,2.0546875,0.75,51.1875,18.3359375,49.6123046875,16.280410766601562,7.5,5.07647705078125,7.5,5.0,4.5,3.625,4.984375,3.9375,48.6875,17.0,47.11572265625,16.5,5.75,3.75,5.3125,3.4375,5.0625,3.5,3.875,2.5,99.2119140625,94.125,638.5,0,0,0,0,0,0,0,0,0,0,0,0,0,0,170.18,175.26,135.0,0.0471682548522949,0.0,0.45,0.4217682266235352,0.25,0.19173828125,0.1875,0.125,0.0,0.0,69.5,30.5,66.984375,27.8466796875,94.0,48.544921875,88.50390625,44.75,2.0,0.8125,2.015625,0.6640625,54.0,19.01513671875,51.483436584472656,16.9437255859375,7.91796875,5.430633544921875,7.75,5.0625,4.780975341796875,3.9373779296875,4.8994140625,3.84375,51.025390625,18.400863647460938,50.515625,17.5,5.75,3.75,5.5,3.5,5.375,3.6875,4.0,2.65625,104.865234375,89.5,655.8441009521484,0,0,0,0,0,0,0,0,0,0,0,0,0,0,175.26,177.8,135.0,26.0,20.0,1,0,0,0,0,0,0,0,0,0,0,0,0,0,0,1,0,0,0,0,1,0,0,0
Red,False,0.25,0.0,0.32,0.3075,0.25,0.2125,0.25,0.75,0.75,0.5,87.25,23.25,79.5,26.25,99.0,33.75,104.0,44.0,0.25,0.25,11.25,3.25,77.25,17.25,70.5,19.25,7.0,3.0,5.25,4.5,3.0,3.0,3.75,2.5,82.75,20.5,56.5,14.5,2.75,1.75,11.25,4.75,1.75,1.0,11.75,7.0,46.75,185.75,704.0,7,0,2,0,2,2,1,0,0,1,0,1,0,0,187.96,190.5,205.0,0.0,0.0,0.53375,0.2575,0.80625,0.0,1.25,0.5,0.0,0.0,75.625,39.0,15.75,4.625,108.625,66.25,18.0,6.875,3.125,2.25,1.5,0.0,46.875,18.75,10.625,1.75,22.0,15.375,2.0,1.0,6.75,4.875,3.125,1.875,27.125,9.5,13.875,4.25,8.125,6.5,1.875,0.375,40.375,23.0,0.0,0.0,422.25,6.625,611.875,9,0,4,0,4,4,0,0,0,0,2,0,2,0,187.96,200.66,205.0,34.0,26.0,0,0,0,0,0,1,0,0,0,0,0,0,0,0,0,0,0,1,0,0,1,0,0,0
Red,False,0.0,0.0,0.63,0.72,0.85,0.66,7.0,6.0,3.0,0.0,58.0,37.0,18.0,13.0,96.0,69.0,59.0,50.0,7.0,6.0,3.0,2.0,52.0,32.0,11.0,9.0,2.0,1.0,3.0,2.0,4.0,4.0,4.0,2.0,3.0,3.0,5.0,3.0,5.0,3.0,6.0,4.0,50.0,31.0,7.0,6.0,652.0,95.0,900.0,3,0,1,0,1,1,0,0,0,0,1,0,0,0,180.34,190.5,170.0,0.5625,0.0,0.516875,0.414375,0.38625,0.335,0.75,0.5,0.0,0.0,55.75,29.125,86.8125,39.25,76.0,48.9375,113.375,64.375,8.625,4.4375,4.0,1.5625,46.9375,21.4375,58.1875,16.9375,3.4375,2.375,21.25,15.625,5.375,5.3125,7.375,6.6875,38.625,17.0,61.875,22.875,10.9375,6.9375,24.4375,15.875,6.1875,5.1875,0.5,0.5,288.25,126.25,705.5625,12,0,4,0,4,4,1,0,1,0,1,2,0,0,175.26,175.26,185.0,22.0,27.0,0,0,0,0,0,0,0,0,0,1,0,0,0,0,0,1,0,0,0,0,0,0,1,0
Blue,False,0.125,0.0,0.426875,0.43125,0.44125,0.145,0.25,0.25,0.0,0.5,96.8125,39.3125,119.25,55.5,121.75,62.375,136.25,71.0,9.0,3.5,2.75,0.625,74.5625,22.25,88.3125,31.875,18.125,13.0625,13.1875,10.375,4.125,4.0,17.75,13.25,64.8125,20.6875,64.8125,22.75,25.4375,14.6875,50.75,29.6875,6.5625,3.9375,3.6875,3.0625,202.25,119.125,727.8125,11,0,3,0,3,3,2,0,0,1,0,2,0,0,182.88,185.42,170.0,0.25,0.5,0.435,0.4675,0.25,0.355,0.0,0.5,1.0,0.0,46.25,21.5,36.25,19.75,94.25,55.5,85.0,57.0,0.75,0.75,3.5,2.5,34.0,13.25,29.0,15.0,5.25,2.75,5.0,2.75,7.0,5.5,2.25,2.0,22.5,8.0,17.75,6.75,4.5,1.75,4.5,1.75,19.25,11.75,14.0,11.25,160.75,307.75,659.0,6,0,0,1,1,1,2,0,0,0,0,1,0,0,190.5,187.96,185.0,36.0,31.0,0,0,0,0,0,0,0,1,0,0,0,0,0,0,0,1,0,0,0,0,1,0,0,0
Blue,False,0.0,1.0,0.5,0.57,1.0,0.0,1.0,2.0,0.0,0.0,72.0,36.0,19.0,11.0,101.0,60.0,20.0,12.0,1.0,1.0,0.0,0.0,69.0,33.0,18.0,10.0,3.0,3.0,0.0,0.0,0.0,0.0,1.0,1.0,16.0,4.0,12.0,5.0,2.0,1.0,0.0,0.0,54.0,31.0,7.0,6.0,285.0,8.0,322.0,2,0,0,1,0,0,1,0,0,0,0,0,0,0,198.12,205.74,260.0,0.0,0.0,0.22,0.41,0.5,0.5,2.0,0.0,0.0,0.5,6.5,2.0,13.5,6.5,8.5,4.0,18.0,10.5,1.5,0.5,0.5,0.5,6.5,2.0,13.5,6.5,0.0,0.0,0.0,0.0,0.0,0.0,0.0,0.0,2.5,0.0,5.5,1.0,0.0,0.0,0.0,0.0,4.0,2.0,8.0,5.5,93.0,25.0,149.0,2,0,1,0,1,1,1,0,0,0,0,0,1,0,200.66,205.74,265.0,24.0,34.0,0,0,0,0,1,0,0,0,0,0,0,0,0,0,0,1,0,0,0,0,1,0,0,0
Blue,False,0.0,0.625,0.5731249999999999,0.476875,0.44875,0.3506249999999999,2.1875,0.6875,0.0,0.0625,70.875,37.125,64.0,28.75,118.125,81.0625,99.0,59.125,11.375,4.75,7.4375,4.3125,51.125,19.6875,52.3125,18.125,13.3125,11.875,6.4375,5.875,6.4375,5.5625,5.25,4.75,48.1875,23.25,47.875,18.125,11.9375,7.625,14.0625,9.125,10.75,6.25,2.0625,1.5,383.0625,250.0,900.0,15,0,1,0,3,4,1,0,0,1,3,0,0,0,172.72,172.72,145.0,0.0,0.25,0.41,0.475,0.4675,0.5,0.0,0.0,0.0,0.0,30.75,14.25,48.0,20.75,58.0,37.75,85.0,55.5,7.25,3.5,0.5,0.5,28.25,12.0,36.5,12.25,2.5,2.25,4.0,2.5,0.0,0.0,7.5,6.0,22.25,9.5,35.5,9.75,1.75,0.75,2.5,2.25,6.75,4.0,10.0,8.75,413.25,44.5,727.0,7,0,0,1,2,2,1,0,0,1,1,0,0,0,170.18,170.18,145.0,26.0,30.0,0,0,0,0,0,0,1,0,0,0,0,0,0,0,0,1,0,0,0,0,0,0,1,0
Red,False,0.0,0.0,0.25375,0.3025,0.125,0.4125,0.25,0.0,0.0,0.0,100.125,23.25,90.5,25.125,106.875,30.0,104.5,38.375,0.125,0.125,5.875,1.25,89.125,15.375,75.375,13.375,6.625,4.0,2.375,1.75,4.375,3.875,12.75,10.0,98.625,22.375,79.25,21.375,1.375,0.75,7.75,2.625,0.125,0.125,3.5,1.125,14.125,106.75,798.375,10,0,3,0,3,3,1,0,0,1,1,0,1,0,187.96,195.58,205.0,0.65625,0.75,0.289375,0.6100000000000001,0.03125,0.0,0.0,0.0,0.0,0.5,45.75,16.9375,47.5625,22.78125,47.1875,18.375,49.21875,24.1875,1.15625,0.03125,0.15625,0.0,41.125,12.9375,38.46875,15.0625,3.25,2.625,4.15625,3.59375,1.375,1.375,4.9375,4.125,42.40625,14.8125,45.5625,20.96875,1.9375,1.34375,1.0,0.8125,1.40625,0.78125,1.0,1.0,37.0,6.21875,250.125,9,0,0,1,3,3,3,0,0,0,1,2,0,0,187.96,195.58,185.0,30.0,29.0,0,0,0,0,0,1,0,0,0,0,0,0,0,0,0,1,0,0,0,0,0,0,1,0
Red,False,0.015625,0.0,0.45,0.4275,0.25,0.2,0.148468017578125,0.098388671875,0.0,0.0,66.5,29.6875,64.31230545043945,27.34375,89.75,48.0,85.53125,44.41152191162109,2.0,0.75,2.0546875,0.75,51.1875,18.3359375,49.6123046875,16.280410766601562,7.5,5.07647705078125,7.5,5.0,4.5,3.625,4.984375,3.9375,48.6875,17.0,47.11572265625,16.5,5.75,3.75,5.3125,3.4375,5.0625,3.5,3.875,2.5,99.2119140625,94.125,638.5,0,0,0,0,0,0,0,0,0,0,0,0,0,0,170.18,175.26,135.0,0.0471682548522949,0.0,0.45,0.4217682266235352,0.25,0.19173828125,0.1875,0.125,0.0,0.0,69.5,30.5,66.984375,27.8466796875,94.0,48.544921875,88.50390625,44.75,2.0,0.8125,2.015625,0.6640625,54.0,19.01513671875,51.483436584472656,16.9437255859375,7.91796875,5.430633544921875,7.75,5.0625,4.780975341796875,3.9373779296875,4.8994140625,3.84375,51.025390625,18.400863647460938,50.515625,17.5,5.75,3.75,5.5,3.5,5.375,3.6875,4.0,2.65625,104.865234375,89.5,655.8441009521484,0,0,0,0,0,0,0,0,0,0,0,0,0,0,167.64,170.18,135.0,26.0,31.0,1,0,0,0,0,0,0,0,0,0,0,0,0,0,0,1,0,0,0,0,1,0,0,0
Blue,False,0.1171875,0.010009765625,0.41919677734375,0.2909033203125,0.397529296875,0.18330322265625,1.537109375,0.30078125,0.125732421875,0.00390625,46.9130859375,18.067138671875,53.05712890625,18.312744140625,55.57080078125,26.197265625,86.2216796875,48.087646484375,2.384033203125,1.615966796875,5.534912109375,1.25634765625,36.990966796875,11.689697265625,50.103515625,16.157958984375,6.580078125,3.630859375,1.963623046875,1.297607421875,3.342041015625,2.74658203125,0.989990234375,0.857177734375,34.820068359375,11.189208984375,45.45654296875,12.572021484375,5.583740234375,3.501953125,2.09716796875,1.528076171875,6.50927734375,3.3759765625,5.50341796875,4.212646484375,110.994140625,230.33984375,652.4306640625,29,1,4,0,4,9,4,0,0,0,3,4,2,0,182.88,187.96,185.0,0.0,0.0,0.332578125,0.40109375,0.537890625,0.2271875,1.109375,1.0390625,0.015625,0.515625,75.453125,22.8046875,62.6015625,23.8984375,147.8125,77.046875,138.2421875,93.2890625,3.3046875,2.671875,1.3828125,0.859375,63.1953125,16.171875,59.1875,20.671875,7.875,3.03125,2.1640625,1.9765625,4.3828125,3.6015625,1.25,1.25,58.609375,14.0546875,52.2890625,18.671875,1.1484375,0.3984375,3.1953125,1.40625,15.6953125,8.3515625,7.1171875,3.8203125,371.5703125,111.203125,758.8203125,19,0,3,0,3,5,3,0,0,1,1,0,3,0,185.42,187.96,185.0,31.0,29.0,0,0,0,0,0,0,0,1,0,0,0,0,0,0,0,1,0,0,0,0,1,0,0,0
Red,False,0.015625,0.0,0.45,0.4275,0.25,0.2,0.148468017578125,0.098388671875,0.0,0.0,66.5,29.6875,64.31230545043945,27.34375,89.75,48.0,85.53125,44.41152191162109,2.0,0.75,2.0546875,0.75,51.1875,18.3359375,49.6123046875,16.280410766601562,7.5,5.07647705078125,7.5,5.0,4.5,3.625,4.984375,3.9375,48.6875,17.0,47.11572265625,16.5,5.75,3.75,5.3125,3.4375,5.0625,3.5,3.875,2.5,99.2119140625,94.125,638.5,0,0,0,0,0,0,0,0,0,0,0,0,0,0,172.72,172.72,155.0,0.09375,0.0,0.2238671875,0.4334375,0.5816015625,0.2716015625,2.01953125,0.14453125,0.12890625,0.0234375,46.62890625,13.0078125,39.7421875,11.39453125,57.67578125,23.546875,51.9765625,22.6484375,2.5,0.75390625,2.7734375,1.51171875,36.93359375,6.8359375,34.8046875,7.84375,5.125,2.61328125,3.54296875,2.40625,4.5703125,3.55859375,1.39453125,1.14453125,38.62890625,9.34765625,33.80859375,8.03125,4.5546875,1.9609375,3.58984375,1.84765625,3.4453125,1.69921875,2.34375,1.515625,109.62109375,127.26171875,445.04296875,22,0,2,0,6,8,1,0,0,0,4,1,3,0,172.72,180.34,155.0,38.0,27.0,0,0,0,0,0,0,1,0,0,0,0,0,0,0,0,1,0,0,0,0,0,0,1,0
Red,False,0.015625,0.0,0.45,0.4275,0.25,0.2,0.148468017578125,0.098388671875,0.0,0.0,66.5,29.6875,64.31230545043945,27.34375,89.75,48.0,85.53125,44.41152191162109,2.0,0.75,2.0546875,0.75,51.1875,18.3359375,49.6123046875,16.280410766601562,7.5,5.07647705078125,7.5,5.0,4.5,3.625,4.984375,3.9375,48.6875,17.0,47.11572265625,16.5,5.75,3.75,5.3125,3.4375,5.0625,3.5,3.875,2.5,99.2119140625,94.125,638.5,0,0,0,0,0,0,0,0,0,0,0,0,0,0,185.42,190.5,155.0,2.0,0.0,0.62,0.26,1.0,0.0,0.0,1.0,0.0,0.0,69.0,43.0,45.0,12.0,70.0,44.0,104.0,68.0,2.0,2.0,5.0,0.0,38.0,16.0,36.0,9.0,5.0,3.0,4.0,1.0,26.0,24.0,5.0,2.0,67.0,43.0,45.0,12.0,1.0,0.0,0.0,0.0,1.0,0.0,0.0,0.0,312.0,10.0,626.0,3,0,1,0,1,1,0,0,0,0,0,1,0,0,180.34,190.5,145.0,31.0,25.0,0,0,0,0,0,0,1,0,0,0,0,0,0,0,0,1,0,0,0,0,1,0,0,0
Blue,True,0.015625,0.0,0.6051562500000001,0.214375,0.9121875,0.0,1.53125,0.0,0.0,0.0,37.90625,20.015625,19.9375,4.890625,48.375,29.375,22.75,7.53125,1.921875,1.703125,1.234375,0.0,25.65625,9.296875,16.671875,2.75,7.34375,6.75,1.140625,0.453125,4.90625,3.96875,2.125,1.6875,21.203125,7.59375,18.1875,3.703125,1.5,1.03125,1.359375,0.796875,15.203125,11.390625,0.390625,0.390625,179.078125,3.8125,391.34375,13,0,3,0,3,6,1,0,0,0,2,2,2,0,193.04,213.36,205.0,0.75,0.0,0.58875,0.5700000000000001,0.0568749999999999,0.735625,0.125,0.1875,0.0,0.125,65.5625,37.0625,49.5625,20.3125,74.5625,45.5625,59.3125,29.3125,2.5,0.375,1.8125,1.6875,32.875,14.4375,33.875,11.125,9.5,6.125,10.75,7.8125,23.1875,16.5,4.9375,1.375,45.5,20.4375,35.9375,11.6875,14.375,11.75,7.75,4.8125,5.6875,4.875,5.875,3.8125,92.0,79.0625,626.0625,13,2,0,1,2,3,2,0,0,0,0,3,0,0,185.42,193.04,205.0,23.0,29.0,0,0,0,0,0,1,0,0,0,0,0,0,0,0,0,1,0,0,0,0,1,0,0,0
Blue,False,0.875,0.125,0.4549999999999999,0.28375,0.0,0.0625,0.0,0.5,0.0,0.0,113.0,33.625,61.375,20.0,115.125,35.75,61.5,20.125,0.5,0.0,1.5,0.125,108.5,32.125,50.625,11.75,4.5,1.5,2.5,2.0,0.0,0.0,8.25,6.25,99.875,24.75,57.75,17.875,10.5,6.25,3.375,2.0,2.625,2.625,0.25,0.125,5.625,10.25,500.75,6,1,0,1,3,3,1,0,0,0,1,2,0,0,193.04,198.12,245.0,0.2890625,1.0078125,0.35265625,0.342421875,0.046875,0.01171875,0.625,0.0,0.0,0.015625,72.375,25.8984375,72.0,25.640625,106.5234375,55.921875,84.21875,37.296875,0.359375,0.046875,2.5078125,0.0234375,61.53125,16.90625,52.265625,10.65625,6.640625,5.578125,8.46875,6.3515625,4.203125,3.4140625,11.265625,8.6328125,60.2890625,16.8359375,62.6640625,17.5390625,8.4921875,6.7734375,8.9921875,7.875,3.59375,2.2890625,0.34375,0.2265625,97.4296875,151.1328125,782.78125,17,0,1,0,2,4,4,0,0,0,0,2,1,1,187.96,185.42,230.0,28.0,36.0,0,0,0,0,1,0,0,0,0,0,0,0,0,0,0,1,0,0,0,0,0,0,1,0
Blue,False,0.25,0.125,0.44625,0.25875,0.210625,0.46875,1.5,0.125,0.25,0.0,82.8125,36.6875,88.4375,21.5625,141.125,89.4375,114.1875,46.0,8.25,2.625,1.6875,0.625,70.125,27.9375,71.75,12.3125,6.625,3.9375,12.25,5.8125,6.0625,4.8125,4.4375,3.4375,58.0625,18.8125,78.4375,17.9375,6.8125,3.8125,4.0625,1.375,17.9375,14.0625,5.9375,2.25,283.75,106.25,768.8125,12,0,0,1,2,3,2,0,0,0,1,0,2,0,182.88,187.96,170.0,0.0,0.25390625,0.5092578125,0.32419921875,0.4898046875,0.00390625,0.216796875,0.47265625,0.0,0.5,60.0390625,32.541015625,20.646484375,7.048828125,90.609375,59.546875,35.97265625,21.40234375,6.91796875,4.326171875,0.576171875,0.013671875,52.513671875,26.09765625,15.65234375,2.42578125,5.33984375,4.3515625,2.134765625,1.833984375,2.185546875,2.091796875,2.859375,2.7890625,17.8203125,8.115234375,12.724609375,3.24609375,4.064453125,2.458984375,5.154296875,2.283203125,38.154296875,21.966796875,2.767578125,1.51953125,485.783203125,42.44921875,665.275390625,22,0,0,1,3,6,4,0,0,0,3,0,3,0,182.88,187.96,170.0,35.0,34.0,0,0,0,0,0,0,0,0,0,1,0,0,0,0,0,1,0,0,0,0,1,0,0,0
Red,False,2.0,0.0,0.39,0.26,0.0,0.0,0.0,0.0,0.0,0.0,112.0,44.0,78.0,21.0,149.0,75.0,87.0,30.0,0.0,0.0,0.0,0.0,103.0,39.0,61.0,10.0,7.0,4.0,5.0,4.0,2.0,1.0,12.0,7.0,83.0,31.0,77.0,20.0,4.0,3.0,0.0,0.0,25.0,10.0,1.0,1.0,382.0,0.0,900.0,3,0,1,0,1,1,0,0,0,0,1,0,0,0,172.72,172.72,145.0,0.0471682548522949,0.0,0.45,0.4217682266235352,0.25,0.19173828125,0.1875,0.125,0.0,0.0,69.5,30.5,66.984375,27.8466796875,94.0,48.544921875,88.50390625,44.75,2.0,0.8125,2.015625,0.6640625,54.0,19.01513671875,51.483436584472656,16.9437255859375,7.91796875,5.430633544921875,7.75,5.0625,4.780975341796875,3.9373779296875,4.8994140625,3.84375,51.025390625,18.400863647460938,50.515625,17.5,5.75,3.75,5.5,3.5,5.375,3.6875,4.0,2.65625,104.865234375,89.5,655.8441009521484,0,0,0,0,0,0,0,0,0,0,0,0,0,0,162.56,165.1,125.0,27.0,26.0,1,0,0,0,0,0,0,0,0,0,0,0,0,0,0,1,0,0,0,0,0,0,1,0
Blue,False,0.25,0.0078125,0.2735302734375,0.2500537109375,0.8084521484375,0.0191796875,0.369140625,1.01611328125,0.0009765625,0.00048828125,84.4267578125,21.1220703125,81.18212890625,20.927734375,100.9208984375,35.82568359375,94.31396484375,33.41943359375,5.92236328125,4.26611328125,3.30029296875,0.0712890625,80.1201171875,19.25732421875,60.4462890625,9.193359375,2.80517578125,0.86376953125,9.81689453125,4.78515625,1.50146484375,1.0009765625,10.9189453125,6.94921875,72.107421875,14.396484375,73.23876953125,17.75537109375,5.16015625,2.43359375,7.3408203125,2.89501953125,7.1591796875,4.2919921875,0.6025390625,0.27734375,215.3251953125,71.73291015625,724.18896484375,28,0,0,1,3,7,5,0,0,0,4,1,2,0,177.8,180.34,155.0,0.5625,0.5078125,0.4233789062499999,0.422490234375,0.877490234375,0.3483203125,0.6005859375,0.669921875,0.2734375,0.1337890625,75.259765625,29.666015625,97.6708984375,31.1943359375,122.2294921875,70.7890625,127.5,59.0087890625,2.845703125,2.29296875,2.9658203125,0.9345703125,68.224609375,25.37890625,90.326171875,28.41796875,3.3525390625,2.54296875,5.48046875,1.2109375,3.6826171875,1.744140625,1.8642578125,1.5654296875,52.4990234375,16.3837890625,82.2294921875,19.28125,7.0849609375,4.8583984375,4.998046875,3.4111328125,15.67578125,8.423828125,10.443359375,8.501953125,315.9169921875,185.4453125,776.984375,25,0,0,1,4,7,4,0,0,0,2,1,4,0,172.72,177.8,155.0,27.0,31.0,0,0,0,0,0,0,1,0,0,0,0,0,0,0,0,0,0,1,0,0,1,0,0,0
Red,False,0.015625,0.0,0.45,0.4275,0.25,0.2,0.148468017578125,0.098388671875,0.0,0.0,66.5,29.6875,64.31230545043945,27.34375,89.75,48.0,85.53125,44.41152191162109,2.0,0.75,2.0546875,0.75,51.1875,18.3359375,49.6123046875,16.280410766601562,7.5,5.07647705078125,7.5,5.0,4.5,3.625,4.984375,3.9375,48.6875,17.0,47.11572265625,16.5,5.75,3.75,5.3125,3.4375,5.0625,3.5,3.875,2.5,99.2119140625,94.125,638.5,0,0,0,0,0,0,0,0,0,0,0,0,0,0,165.1,167.64,135.0,0.0471682548522949,0.0,0.45,0.4217682266235352,0.25,0.19173828125,0.1875,0.125,0.0,0.0,69.5,30.5,66.984375,27.8466796875,94.0,48.544921875,88.50390625,44.75,2.0,0.8125,2.015625,0.6640625,54.0,19.01513671875,51.483436584472656,16.9437255859375,7.91796875,5.430633544921875,7.75,5.0625,4.780975341796875,3.9373779296875,4.8994140625,3.84375,51.025390625,18.400863647460938,50.515625,17.5,5.75,3.75,5.5,3.5,5.375,3.6875,4.0,2.65625,104.865234375,89.5,655.8441009521484,0,0,0,0,0,0,0,0,0,0,0,0,0,0,177.8,180.34,170.0,28.0,22.0,0,0,1,0,0,0,0,0,0,0,0,0,0,0,0,1,0,0,0,0,0,0,1,0
Blue,False,0.0,0.0,0.4425,0.38125,0.485,0.06,0.5,1.375,0.0,0.25,79.625,30.5,110.625,30.625,110.125,58.625,121.0,40.25,6.875,2.625,4.25,0.625,63.875,17.125,95.0,18.25,10.375,8.5,13.25,10.25,5.375,4.875,2.375,2.125,54.125,14.125,82.0,12.625,16.75,9.125,23.625,14.75,8.75,7.25,5.0,3.25,172.5,106.75,787.5,10,0,1,0,1,2,2,0,0,1,0,0,1,0,182.88,182.88,185.0,0.0471682548522949,0.0,0.45,0.4217682266235352,0.25,0.19173828125,0.1875,0.125,0.0,0.0,69.5,30.5,66.984375,27.8466796875,94.0,48.544921875,88.50390625,44.75,2.0,0.8125,2.015625,0.6640625,54.0,19.01513671875,51.483436584472656,16.9437255859375,7.91796875,5.430633544921875,7.75,5.0625,4.780975341796875,3.9373779296875,4.8994140625,3.84375,51.025390625,18.400863647460938,50.515625,17.5,5.75,3.75,5.5,3.5,5.375,3.6875,4.0,2.65625,104.865234375,89.5,655.8441009521484,0,0,0,0,0,0,0,0,0,0,0,0,0,0,180.34,185.42,185.0,29.0,31.0,0,1,0,0,0,0,0,0,0,0,0,0,0,0,0,0,0,1,0,0,1,0,0,0
Blue,False,0.015625,0.0,0.45,0.4275,0.25,0.2,0.148468017578125,0.098388671875,0.0,0.0,66.5,29.6875,64.31230545043945,27.34375,89.75,48.0,85.53125,44.41152191162109,2.0,0.75,2.0546875,0.75,51.1875,18.3359375,49.6123046875,16.280410766601562,7.5,5.07647705078125,7.5,5.0,4.5,3.625,4.984375,3.9375,48.6875,17.0,47.11572265625,16.5,5.75,3.75,5.3125,3.4375,5.0625,3.5,3.875,2.5,99.2119140625,94.125,638.5,0,0,0,0,0,0,0,0,0,0,0,0,0,0,187.96,198.12,185.0,0.6259765625,0.08203125,0.43583984375,0.375302734375,0.0087890625,0.10203125,0.0,0.00390625,0.25,0.0,39.5859375,14.740234375,38.689453125,11.2900390625,40.19921875,15.27734375,43.634765625,14.91015625,0.0478515625,0.0244140625,3.599609375,1.06640625,33.4248046875,9.6513671875,33.1669921875,6.6650390625,5.03515625,3.962890625,0.9345703125,0.7939453125,1.1259765625,1.1259765625,4.587890625,3.8310546875,35.740234375,12.51953125,30.9873046875,7.3935546875,1.56640625,0.767578125,2.2373046875,1.396484375,2.279296875,1.453125,5.46484375,2.5,10.373046875,46.4609375,345.623046875,16,0,0,1,3,6,5,0,0,1,1,4,0,0,182.88,182.88,185.0,26.0,29.0,0,0,0,0,0,0,0,1,0,0,0,0,0,0,0,1,0,0,0,0,1,0,0,0
Blue,False,0.015625,0.0,0.45,0.4275,0.25,0.2,0.148468017578125,0.098388671875,0.0,0.0,66.5,29.6875,64.31230545043945,27.34375,89.75,48.0,85.53125,44.41152191162109,2.0,0.75,2.0546875,0.75,51.1875,18.3359375,49.6123046875,16.280410766601562,7.5,5.07647705078125,7.5,5.0,4.5,3.625,4.984375,3.9375,48.6875,17.0,47.11572265625,16.5,5.75,3.75,5.3125,3.4375,5.0625,3.5,3.875,2.5,99.2119140625,94.125,638.5,0,0,0,0,0,0,0,0,0,0,0,0,0,0,175.26,180.34,155.0,0.0078125,0.5081787109375,0.332174072265625,0.327513427734375,0.206600341796875,0.2214697265625,0.6185302734375,1.0611572265625,0.0977783203125,0.37890625,32.1688232421875,11.5701904296875,47.8487548828125,14.992431640625,37.97998046875,16.596923828125,60.0052490234375,26.185546875,3.4549560546875,1.5318603515625,1.0806884765625,0.6549072265625,27.330810546875,8.117919921875,41.7154541015625,11.4122314453125,1.406982421875,1.021240234375,2.867431640625,1.5643310546875,3.4310302734375,2.4310302734375,3.265869140625,2.015869140625,24.694580078125,6.2454833984375,44.7742919921875,13.462158203125,1.41796875,0.93701171875,1.8350830078125,0.535888671875,6.0562744140625,4.3876953125,1.2393798828125,0.994384765625,151.0736083984375,94.794189453125,446.10302734375,30,2,1,0,4,8,6,0,0,0,3,1,3,1,170.18,177.8,145.0,31.0,28.0,0,0,0,0,0,0,1,0,0,0,0,0,0,0,0,1,0,0,0,0,1,0,0,0
Red,False,0.015625,0.0,0.45,0.4275,0.25,0.2,0.148468017578125,0.098388671875,0.0,0.0,66.5,29.6875,64.31230545043945,27.34375,89.75,48.0,85.53125,44.41152191162109,2.0,0.75,2.0546875,0.75,51.1875,18.3359375,49.6123046875,16.280410766601562,7.5,5.07647705078125,7.5,5.0,4.5,3.625,4.984375,3.9375,48.6875,17.0,47.11572265625,16.5,5.75,3.75,5.3125,3.4375,5.0625,3.5,3.875,2.5,99.2119140625,94.125,638.5,0,0,0,0,0,0,0,0,0,0,0,0,0,0,167.64,167.64,135.0,0.0471682548522949,0.0,0.45,0.4217682266235352,0.25,0.19173828125,0.1875,0.125,0.0,0.0,69.5,30.5,66.984375,27.8466796875,94.0,48.544921875,88.50390625,44.75,2.0,0.8125,2.015625,0.6640625,54.0,19.01513671875,51.483436584472656,16.9437255859375,7.91796875,5.430633544921875,7.75,5.0625,4.780975341796875,3.9373779296875,4.8994140625,3.84375,51.025390625,18.400863647460938,50.515625,17.5,5.75,3.75,5.5,3.5,5.375,3.6875,4.0,2.65625,104.865234375,89.5,655.8441009521484,0,0,0,0,0,0,0,0,0,0,0,0,0,0,170.18,177.8,135.0,28.0,30.0,1,0,0,0,0,0,0,0,0,0,0,0,0,0,0,1,0,0,0,0,1,0,0,0
Blue,False,0.5,1.0,0.65,0.375,0.0,0.33,0.0,1.5,0.5,0.0,21.5,14.0,36.0,16.0,23.5,16.0,56.0,33.0,0.5,0.0,2.5,1.0,15.5,9.5,30.5,13.0,3.5,2.5,2.0,1.0,2.5,2.0,3.5,2.0,17.5,12.0,19.5,5.0,3.0,1.0,6.0,4.0,1.0,1.0,10.5,7.0,10.0,185.0,297.0,3,0,1,0,1,1,1,0,0,0,0,1,0,0,198.12,205.74,205.0,0.0,0.0,0.3275,0.275,0.25,0.0,0.25,0.0,0.0,0.0,131.5,38.5,158.75,47.0,133.0,40.0,162.25,50.5,0.75,0.25,3.0,0.0,106.25,19.5,132.0,25.75,16.25,12.0,15.5,10.75,9.0,7.0,11.25,10.5,129.0,37.0,150.25,44.0,1.75,1.0,8.5,3.0,0.75,0.5,0.0,0.0,20.0,10.5,736.0,7,0,1,0,1,1,2,0,0,0,0,0,1,0,187.96,190.5,185.0,37.0,24.0,0,0,0,0,0,1,0,0,0,0,0,0,0,0,0,0,0,1,0,0,1,0,0,0
Red,False,0.1416015625,0.0107421875,0.520380859375,0.447353515625,0.1205859375,0.188828125,2.6044921875,0.34765625,0.0625,0.25,51.279296875,27.498046875,44.982421875,20.5380859375,71.3798828125,46.6962890625,65.1748046875,37.04296875,1.0537109375,0.4130859375,9.91796875,2.3603515625,37.1259765625,17.2177734375,31.9833984375,10.4189453125,12.375,9.751953125,7.0654296875,5.7021484375,1.7783203125,0.5283203125,5.93359375,4.4169921875,27.73828125,9.2890625,38.861328125,16.1201171875,15.05859375,11.8486328125,4.259765625,2.6259765625,8.482421875,6.3603515625,1.861328125,1.7919921875,235.072265625,255.8134765625,753.3935546875,20,0,4,0,4,8,3,0,0,1,2,1,4,0,182.88,182.88,170.0,0.095703125,0.25,0.341900634765625,0.5054858398437501,0.203353271484375,0.19400390625,0.25457763671875,2.0472412109375,0.00634765625,0.0313720703125,109.62689208984376,39.19281005859375,104.6163330078125,51.45623779296875,124.75323486328124,53.05419921875,138.51177978515625,78.0244140625,9.8011474609375,1.3619384765625,2.6285400390625,0.658935546875,95.52197265625,30.0152587890625,92.10760498046876,40.73388671875,12.41741943359375,8.00567626953125,8.4183349609375,6.9913330078125,1.6875,1.171875,4.09039306640625,3.73101806640625,69.3209228515625,16.70574951171875,68.55340576171875,28.4749755859375,3.7568359375,1.48876953125,21.02313232421875,14.89453125,36.54913330078125,20.998291015625,15.039794921875,8.08673095703125,365.5748901367188,149.39666748046875,950.6260375976562,40,2,6,0,6,11,4,0,0,1,5,5,0,0,177.8,182.88,170.0,28.0,29.0,0,0,0,0,0,0,0,0,0,1,0,0,0,0,0,1,0,0,0,0,0,0,1,0
Blue,False,0.015625,0.0,0.45,0.4275,0.25,0.2,0.148468017578125,0.098388671875,0.0,0.0,66.5,29.6875,64.31230545043945,27.34375,89.75,48.0,85.53125,44.41152191162109,2.0,0.75,2.0546875,0.75,51.1875,18.3359375,49.6123046875,16.280410766601562,7.5,5.07647705078125,7.5,5.0,4.5,3.625,4.984375,3.9375,48.6875,17.0,47.11572265625,16.5,5.75,3.75,5.3125,3.4375,5.0625,3.5,3.875,2.5,99.2119140625,94.125,638.5,0,0,0,0,0,0,0,0,0,0,0,0,0,0,177.8,182.88,155.0,0.0,0.15625,0.5015625,0.372734375,0.62421875,0.16703125,0.890625,0.51953125,0.06640625,0.0546875,56.609375,22.625,74.5234375,27.3203125,101.20703125,60.73046875,94.5234375,45.3828125,4.484375,1.8828125,4.1953125,1.28515625,48.14453125,16.47265625,60.01171875,15.47265625,6.34375,4.4921875,8.3359375,6.58984375,2.12109375,1.66015625,6.17578125,5.2578125,44.9296875,15.21484375,61.94921875,20.4609375,4.2578125,2.65625,7.96484375,3.55078125,7.421875,4.75390625,4.609375,3.30859375,185.78515625,83.06640625,546.72265625,23,0,2,0,2,5,4,0,0,0,3,0,2,0,170.18,177.8,145.0,31.0,26.0,0,0,0,0,0,0,1,0,0,0,0,0,0,0,0,1,0,0,0,0,1,0,0,0
Red,False,0.015625,0.0,0.45,0.4275,0.25,0.2,0.148468017578125,0.098388671875,0.0,0.0,66.5,29.6875,64.31230545043945,27.34375,89.75,48.0,85.53125,44.41152191162109,2.0,0.75,2.0546875,0.75,51.1875,18.3359375,49.6123046875,16.280410766601562,7.5,5.07647705078125,7.5,5.0,4.5,3.625,4.984375,3.9375,48.6875,17.0,47.11572265625,16.5,5.75,3.75,5.3125,3.4375,5.0625,3.5,3.875,2.5,99.2119140625,94.125,638.5,0,0,0,0,0,0,0,0,0,0,0,0,0,0,170.18,180.34,135.0,0.0471682548522949,0.0,0.45,0.4217682266235352,0.25,0.19173828125,0.1875,0.125,0.0,0.0,69.5,30.5,66.984375,27.8466796875,94.0,48.544921875,88.50390625,44.75,2.0,0.8125,2.015625,0.6640625,54.0,19.01513671875,51.483436584472656,16.9437255859375,7.91796875,5.430633544921875,7.75,5.0625,4.780975341796875,3.9373779296875,4.8994140625,3.84375,51.025390625,18.400863647460938,50.515625,17.5,5.75,3.75,5.5,3.5,5.375,3.6875,4.0,2.65625,104.865234375,89.5,655.8441009521484,0,0,0,0,0,0,0,0,0,0,0,0,0,0,170.18,175.26,135.0,27.0,27.0,1,0,0,0,0,0,0,0,0,0,0,0,0,0,0,1,0,0,0,0,1,0,0,0
Blue,False,0.25,0.40625,0.4443749999999999,0.351875,0.2225,0.490625,0.0625,0.46875,0.65625,0.125,102.59375,48.21875,88.03125,30.59375,115.9375,59.65625,126.53125,68.34375,7.3125,1.0,6.0625,2.84375,73.46875,24.78125,71.21875,16.90625,14.09375,11.9375,14.375,11.25,15.03125,11.5,2.4375,2.4375,51.65625,19.03125,66.90625,19.875,39.875,23.15625,17.28125,8.15625,11.0625,6.03125,3.84375,2.5625,151.21875,193.71875,778.53125,13,0,0,1,3,4,2,0,0,1,1,2,0,0,182.88,180.34,185.0,0.0,0.03125,0.4493749999999999,0.6803125,0.299375,0.25515625,1.53125,1.15625,0.265625,0.375,27.390625,11.25,19.03125,8.0625,45.90625,28.34375,33.0625,21.34375,3.0625,2.046875,1.421875,0.265625,18.96875,5.90625,12.828125,3.625,7.375,5.046875,3.9375,3.171875,1.046875,0.296875,2.265625,1.265625,12.28125,3.6875,14.984375,6.5,4.859375,2.671875,2.6875,0.671875,10.25,4.890625,1.359375,0.890625,184.5,91.921875,419.65625,11,1,0,1,3,5,2,0,0,0,2,1,2,0,187.96,193.04,185.0,33.0,27.0,0,0,0,0,0,0,0,1,0,0,0,0,0,0,0,1,0,0,0,0,1,0,0,0
Blue,False,0.0,0.0,0.52,0.56,0.6,0.0,0.0,0.0,0.0,1.0,98.0,51.0,130.0,74.0,117.0,60.0,145.0,85.0,5.0,3.0,1.0,0.0,82.0,36.0,82.0,32.0,8.0,7.0,29.0,25.0,8.0,8.0,19.0,17.0,92.0,45.0,107.0,58.0,4.0,4.0,23.0,16.0,2.0,2.0,0.0,0.0,127.0,37.0,900.0,3,0,0,1,0,0,1,0,0,0,0,0,0,0,177.8,185.42,185.0,0.0,0.125,0.5128125,0.5940624999999999,0.1975,0.46875,0.75,1.0625,0.5,0.0,39.375,21.09375,69.21875,42.40625,83.53125,61.625,107.78125,77.78125,2.9375,1.15625,2.34375,1.59375,29.8125,13.71875,41.5,17.875,8.5,6.3125,23.21875,20.28125,1.0625,1.0625,4.5,4.25,18.65625,6.90625,22.25,8.09375,14.625,9.5625,27.0625,21.1875,6.09375,4.625,19.90625,13.125,168.40625,261.625,527.90625,11,0,1,0,1,3,3,0,0,0,1,0,2,0,177.8,185.42,185.0,26.0,30.0,0,0,0,0,0,0,0,1,0,0,0,0,0,0,0,0,0,1,0,0,1,0,0,0
Red,False,0.0,0.0,0.38,0.53,0.0,0.5,0.0,1.0,0.0,0.0,72.0,28.0,112.0,60.0,87.0,42.0,163.0,110.0,0.0,0.0,6.0,3.0,46.0,8.0,81.0,35.0,13.0,8.0,21.0,17.0,13.0,12.0,10.0,8.0,60.0,18.0,75.0,35.0,12.0,10.0,23.0,15.0,0.0,0.0,14.0,10.0,131.0,224.0,900.0,3,0,0,1,0,0,1,0,0,0,0,0,0,0,180.34,180.34,205.0,0.25,0.0,0.4599999999999999,0.50375,0.29,0.4625,0.25,0.75,0.625,0.875,49.125,21.25,65.25,33.0,63.875,35.0,144.375,101.5,2.0,0.875,4.625,2.625,44.0,16.875,48.375,18.875,3.375,2.875,15.125,12.375,1.75,1.5,1.75,1.75,34.0,10.375,27.375,10.125,9.625,6.625,15.75,9.125,5.5,4.25,22.125,13.75,77.25,494.5,700.5,10,0,0,2,1,1,3,0,0,0,0,0,1,0,182.88,187.96,205.0,34.0,32.0,0,0,0,0,0,1,0,0,0,0,0,0,0,0,0,1,0,0,0,0,1,0,0,0
Blue,False,0.0,0.03125,0.1775,0.2803124999999999,0.14125,0.1875,1.25,0.8125,0.375,0.0,9.15625,3.21875,26.21875,9.28125,19.84375,11.84375,32.875,15.8125,1.90625,0.65625,0.3125,0.3125,8.65625,2.90625,24.78125,8.625,0.40625,0.25,0.625,0.09375,0.09375,0.0625,0.8125,0.5625,6.15625,1.75,15.03125,3.15625,0.375,0.1875,0.46875,0.125,2.625,1.28125,10.71875,6.0,94.34375,30.53125,267.125,11,0,1,0,3,4,2,0,0,0,1,0,3,0,172.72,180.34,170.0,0.0,0.0,0.5425,0.325,0.275,0.25,0.0,0.0,0.0,0.0,31.0,16.75,27.5,8.0,75.75,52.0,39.5,16.0,8.0,2.75,1.25,1.25,18.25,5.5,24.0,5.25,5.75,5.5,2.75,2.5,7.0,5.75,0.75,0.25,15.5,3.75,21.0,4.5,11.0,10.5,4.5,2.75,4.5,2.5,2.0,0.75,506.25,106.75,863.75,9,0,0,1,2,2,1,0,0,0,2,0,0,0,185.42,198.12,185.0,31.0,29.0,0,0,0,0,0,0,0,1,0,0,0,0,0,0,0,1,0,0,0,0,1,0,0,0
Blue,False,0.5,0.0,0.605,0.365,0.375,0.0,1.0,0.0,0.0,0.5,63.0,37.5,37.5,12.5,72.5,46.5,47.0,22.0,2.0,1.5,1.5,0.0,44.5,21.0,32.5,10.0,5.5,5.5,2.5,2.0,13.0,11.0,2.5,0.5,40.5,22.5,32.5,9.0,5.5,4.0,3.0,2.0,17.0,11.0,2.0,1.5,123.5,40.0,442.5,4,0,2,0,2,2,0,0,0,0,0,1,1,0,185.42,193.04,170.0,0.0,0.0,0.555,0.41,0.0,0.55,0.0,0.5,0.5,0.0,120.5,68.0,96.5,40.0,134.0,78.0,112.0,50.0,3.0,0.0,4.5,2.5,68.0,24.5,83.0,28.5,29.0,23.0,5.5,4.5,23.5,20.5,8.0,7.0,90.5,48.5,74.0,29.5,30.0,19.5,19.0,8.5,0.0,0.0,3.5,2.0,130.5,135.0,900.0,6,0,2,0,2,2,0,0,0,1,1,0,0,0,187.96,190.5,185.0,30.0,24.0,0,0,0,0,0,0,0,1,0,0,0,0,0,0,0,0,0,1,0,0,1,0,0,0
Red,False,0.003936767578125,0.3144607543945312,0.4181423950195312,0.4279747009277344,0.0134429931640625,0.3169561004638672,1.170623779296875,0.251708984375,0.001739501953125,0.0015945434570312,188.01495361328125,91.9609603881836,182.8011703491211,76.75110626220703,206.9244384765625,109.85407257080078,192.6610412597656,84.51570892333984,0.4881210327148437,0.0345840454101562,1.2912750244140625,0.4549636840820312,169.3905792236328,75.89805603027344,137.8954849243164,40.23371887207031,17.56524658203125,15.15618133544922,35.28251647949219,28.246131896972656,1.0591278076171875,0.9067230224609376,9.6231689453125,8.271255493164062,180.90695190429688,87.19454193115234,176.16352081298828,72.6907958984375,7.033447265625,4.700286865234375,5.752876281738281,3.6320877075195312,0.074554443359375,0.066131591796875,0.8847732543945312,0.42822265625,45.55140686035156,35.07135009765625,675.8210296630859,42,1,0,2,4,9,9,0,0,0,3,1,5,0,180.34,172.72,170.0,0.0471682548522949,0.0,0.45,0.4217682266235352,0.25,0.19173828125,0.1875,0.125,0.0,0.0,69.5,30.5,66.984375,27.8466796875,94.0,48.544921875,88.50390625,44.75,2.0,0.8125,2.015625,0.6640625,54.0,19.01513671875,51.483436584472656,16.9437255859375,7.91796875,5.430633544921875,7.75,5.0625,4.780975341796875,3.9373779296875,4.8994140625,3.84375,51.025390625,18.400863647460938,50.515625,17.5,5.75,3.75,5.5,3.5,5.375,3.6875,4.0,2.65625,104.865234375,89.5,655.8441009521484,0,0,0,0,0,0,0,0,0,0,0,0,0,0,182.88,185.42,170.0,36.0,30.0,0,0,0,0,0,0,0,0,0,1,0,0,0,0,0,1,0,0,0,0,0,0,1,0
Red,False,0.015625,0.0,0.45,0.4275,0.25,0.2,0.148468017578125,0.098388671875,0.0,0.0,66.5,29.6875,64.31230545043945,27.34375,89.75,48.0,85.53125,44.41152191162109,2.0,0.75,2.0546875,0.75,51.1875,18.3359375,49.6123046875,16.280410766601562,7.5,5.07647705078125,7.5,5.0,4.5,3.625,4.984375,3.9375,48.6875,17.0,47.11572265625,16.5,5.75,3.75,5.3125,3.4375,5.0625,3.5,3.875,2.5,99.2119140625,94.125,638.5,0,0,0,0,0,0,0,0,0,0,0,0,0,0,182.88,185.42,185.0,0.0471682548522949,0.0,0.45,0.4217682266235352,0.25,0.19173828125,0.1875,0.125,0.0,0.0,69.5,30.5,66.984375,27.8466796875,94.0,48.544921875,88.50390625,44.75,2.0,0.8125,2.015625,0.6640625,54.0,19.01513671875,51.483436584472656,16.9437255859375,7.91796875,5.430633544921875,7.75,5.0625,4.780975341796875,3.9373779296875,4.8994140625,3.84375,51.025390625,18.400863647460938,50.515625,17.5,5.75,3.75,5.5,3.5,5.375,3.6875,4.0,2.65625,104.865234375,89.5,655.8441009521484,0,0,0,0,0,0,0,0,0,0,0,0,0,0,182.88,187.96,185.0,30.0,32.0,0,0,0,0,0,0,0,1,0,0,0,0,0,0,0,0,0,1,0,0,0,0,1,0
Blue,False,0.642578125,0.01953125,0.338828125,0.3096875,0.05390625,0.18859375,0.5625,0.017578125,0.12890625,0.1328125,141.923828125,42.62109375,85.162109375,28.10546875,148.7421875,47.470703125,87.341796875,30.072265625,1.279296875,0.255859375,0.3828125,0.2421875,111.17578125,21.154296875,61.142578125,11.78515625,12.47265625,6.669921875,9.408203125,6.29296875,18.275390625,14.796875,14.611328125,10.02734375,133.01953125,38.796875,82.849609375,26.69140625,4.607421875,1.4765625,1.4296875,0.9765625,4.296875,2.34765625,0.8828125,0.4375,31.505859375,16.453125,499.580078125,20,0,0,1,3,6,4,0,0,0,1,3,2,0,167.64,177.8,145.0,0.25,0.25,0.2846875,0.245625,0.43546875,0.3125,1.59375,0.25,0.140625,0.546875,95.5,26.859375,76.359375,20.375,116.46875,45.265625,92.25,34.234375,6.78125,2.328125,1.53125,1.125,87.21875,22.71875,71.296875,16.9375,7.96875,3.828125,2.484375,2.0,0.3125,0.3125,2.578125,1.4375,81.890625,18.765625,62.703125,11.9375,6.34375,2.421875,6.703125,5.3125,7.265625,5.671875,6.953125,3.125,247.96875,108.234375,626.53125,15,0,7,0,7,7,0,0,0,0,2,1,4,0,177.8,180.34,155.0,32.0,33.0,0,0,0,0,0,0,1,0,0,0,0,0,0,0,0,1,0,0,0,0,1,0,0,0
Red,False,0.0,2.0,0.42,0.46,0.5,0.5,1.0,0.0,0.0,0.0,52.0,22.0,54.0,25.0,142.0,96.0,81.0,50.0,10.0,5.0,4.0,2.0,43.0,15.0,53.0,24.0,6.0,4.0,1.0,1.0,3.0,3.0,0.0,0.0,16.0,7.0,26.0,10.0,13.0,6.0,21.0,10.0,23.0,9.0,7.0,5.0,550.0,119.0,806.0,3,0,1,0,1,1,0,0,0,0,0,1,0,0,187.96,190.5,185.0,0.75,0.0,0.315,0.53,0.33,0.05,1.5,0.25,0.0,0.0,35.0,15.5,19.75,10.5,54.0,31.5,24.75,15.0,2.0,1.0,1.75,0.25,29.75,13.0,12.25,4.75,2.25,1.0,3.75,2.5,3.0,1.5,3.75,3.25,16.75,4.0,13.25,6.75,6.5,3.5,4.0,2.0,11.75,8.0,2.5,1.75,160.0,60.25,314.5,4,0,1,0,1,2,1,0,0,0,0,1,1,0,195.58,200.66,205.0,29.0,24.0,0,0,0,0,0,1,0,0,0,0,0,0,0,0,0,1,0,0,0,0,1,0,0,0
Red,False,1.91455078125,0.0205078125,0.474619140625,0.346328125,0.093994140625,0.1651953125,0.0625,0.255859375,0.126953125,0.125,74.7568359375,36.0087890625,58.83447265625,20.10400390625,121.349609375,72.1328125,81.859375,42.12841796875,1.033203125,0.53173828125,2.33251953125,0.4462890625,65.01513671875,27.9443359375,42.99560546875,6.91943359375,7.115234375,6.0849609375,6.4375,4.91845703125,2.62646484375,1.9794921875,9.4013671875,8.26611328125,32.490234375,12.6474609375,39.00537109375,11.125,22.67626953125,13.048828125,16.7490234375,7.77880859375,19.59033203125,10.3125,3.080078125,1.2001953125,210.80419921875,90.33154296875,472.94775390625,23,0,1,0,3,7,5,0,0,1,2,4,0,0,185.42,185.42,185.0,0.00439453125,0.21923828125,0.373291015625,0.2613525390625,0.14685546875,0.2005322265625,0.0634765625,0.13037109375,0.000732421875,0.000244140625,219.1875,86.09765625,171.2607421875,45.305419921875,222.762451171875,89.246826171875,175.176513671875,48.68408203125,3.912109375,0.84912109375,1.767578125,0.412841796875,198.151123046875,69.005859375,139.94287109375,26.24755859375,9.640625,6.9794921875,15.20166015625,7.286376953125,11.395751953125,10.1123046875,16.1162109375,11.771484375,211.08349609375,82.44580078125,163.375244140625,42.694091796875,5.2958984375,2.553955078125,5.38818359375,1.381103515625,2.80810546875,1.097900390625,2.497314453125,1.230224609375,14.03125,35.94287109375,858.37548828125,29,1,4,0,4,10,3,0,0,1,3,6,0,0,185.42,190.5,185.0,38.0,31.0,0,0,0,0,0,0,0,1,0,0,0,0,0,0,0,1,0,0,0,0,1,0,0,0
Red,False,0.03271484375,0.0,0.5698291015625,0.4835302734375,0.11454345703125,0.23163330078125,1.0635986328125,1.083984375,0.031494140625,0.064453125,97.4259033203125,54.91845703125,117.837646484375,48.689453125,162.01806640625,110.515380859375,157.8677978515625,74.2237548828125,3.27587890625,0.5792236328125,3.8924560546875,1.1007080078125,48.0067138671875,14.57373046875,76.7845458984375,16.980224609375,27.161865234375,21.7386474609375,19.250732421875,13.9940185546875,22.25732421875,18.6060791015625,21.8023681640625,17.7152099609375,66.7310791015625,28.0726318359375,96.8892822265625,32.7608642578125,23.6419677734375,21.218994140625,11.529296875,9.9564208984375,7.0528564453125,5.6268310546875,9.4190673828125,5.97216796875,88.2149658203125,313.9898681640625,851.7156982421875,34,0,2,0,3,9,5,0,0,0,4,2,2,1,170.18,172.72,155.0,0.0,0.5,0.39375,0.28375,0.25,0.225,0.0,0.5,0.25,0.25,106.625,43.125,115.125,29.375,117.375,53.25,122.625,36.0,1.125,0.25,3.75,1.0,83.25,23.375,100.25,19.375,9.25,7.5,7.5,5.5,14.125,12.25,7.375,4.5,88.25,31.125,101.5,22.0,16.375,11.0,12.375,6.625,2.0,1.0,1.25,0.75,60.0,84.5,614.25,10,1,3,0,3,3,1,0,0,0,2,0,0,1,172.72,175.26,155.0,34.0,26.0,0,0,0,0,0,0,1,0,0,0,0,0,0,0,0,0,0,1,0,0,1,0,0,0
Red,False,0.0,0.0,0.33,0.71,0.0,0.5,0.0,1.0,0.0,0.0,3.0,1.0,7.0,5.0,3.0,1.0,10.0,8.0,0.0,0.0,2.0,1.0,3.0,1.0,5.0,3.0,0.0,0.0,2.0,2.0,0.0,0.0,0.0,0.0,2.0,0.0,3.0,1.0,1.0,1.0,2.0,2.0,0.0,0.0,2.0,2.0,0.0,56.0,74.0,1,0,0,1,0,0,1,0,0,0,0,0,0,0,167.64,167.64,135.0,0.0471682548522949,0.0,0.45,0.4217682266235352,0.25,0.19173828125,0.1875,0.125,0.0,0.0,69.5,30.5,66.984375,27.8466796875,94.0,48.544921875,88.50390625,44.75,2.0,0.8125,2.015625,0.6640625,54.0,19.01513671875,51.483436584472656,16.9437255859375,7.91796875,5.430633544921875,7.75,5.0625,4.780975341796875,3.9373779296875,4.8994140625,3.84375,51.025390625,18.400863647460938,50.515625,17.5,5.75,3.75,5.5,3.5,5.375,3.6875,4.0,2.65625,104.865234375,89.5,655.8441009521484,0,0,0,0,0,0,0,0,0,0,0,0,0,0,172.72,175.26,155.0,41.0,32.0,0,0,1,0,0,0,0,0,0,0,0,0,0,0,0,1,0,0,0,0,1,0,0,0
Blue,False,0.25,0.5,0.4075,0.475,0.0675,0.25,0.0,0.5,0.0,0.5,43.5,18.5,89.5,34.25,52.0,26.5,121.5,63.25,8.25,0.75,0.75,0.25,36.5,11.75,84.0,29.0,1.0,0.75,3.5,3.25,6.0,6.0,2.0,2.0,32.75,11.25,61.25,18.0,8.5,5.5,11.75,7.75,2.25,1.75,16.5,8.5,85.75,166.25,565.5,6,0,0,3,0,0,3,0,0,0,0,0,0,0,190.5,190.5,205.0,0.0471682548522949,0.0,0.45,0.4217682266235352,0.25,0.19173828125,0.1875,0.125,0.0,0.0,69.5,30.5,66.984375,27.8466796875,94.0,48.544921875,88.50390625,44.75,2.0,0.8125,2.015625,0.6640625,54.0,19.01513671875,51.483436584472656,16.9437255859375,7.91796875,5.430633544921875,7.75,5.0625,4.780975341796875,3.9373779296875,4.8994140625,3.84375,51.025390625,18.400863647460938,50.515625,17.5,5.75,3.75,5.5,3.5,5.375,3.6875,4.0,2.65625,104.865234375,89.5,655.8441009521484,0,0,0,0,0,0,0,0,0,0,0,0,0,0,180.34,182.88,205.0,38.0,29.0,0,0,0,0,0,1,0,0,0,0,0,0,0,0,0,1,0,0,0,0,1,0,0,0
Blue,False,0.0,0.0,0.56,0.73,0.33,0.16,2.0,2.0,0.0,0.0,80.0,45.0,93.0,68.0,144.0,82.0,212.0,170.0,3.0,1.0,6.0,1.0,36.0,8.0,30.0,14.0,21.0,19.0,36.0,30.0,23.0,18.0,27.0,24.0,53.0,24.0,45.0,24.0,19.0,17.0,37.0,35.0,8.0,4.0,11.0,9.0,461.0,126.0,900.0,3,0,0,1,0,0,1,0,0,0,0,0,0,0,182.88,185.42,155.0,0.0471682548522949,0.0,0.45,0.4217682266235352,0.25,0.19173828125,0.1875,0.125,0.0,0.0,69.5,30.5,66.984375,27.8466796875,94.0,48.544921875,88.50390625,44.75,2.0,0.8125,2.015625,0.6640625,54.0,19.01513671875,51.483436584472656,16.9437255859375,7.91796875,5.430633544921875,7.75,5.0625,4.780975341796875,3.9373779296875,4.8994140625,3.84375,51.025390625,18.400863647460938,50.515625,17.5,5.75,3.75,5.5,3.5,5.375,3.6875,4.0,2.65625,104.865234375,89.5,655.8441009521484,0,0,0,0,0,0,0,0,0,0,0,0,0,0,182.88,182.88,155.0,29.0,30.0,0,0,0,0,0,0,1,0,0,0,0,0,0,0,0,1,0,0,0,0,0,0,1,0
Red,False,0.0,0.75,0.1925,0.7375,0.035,0.25,0.25,0.25,0.0,0.0,18.75,6.5,30.25,19.0,24.75,11.75,41.25,29.25,1.75,0.25,0.25,0.25,15.5,3.25,26.25,16.0,0.5,0.5,3.25,2.25,2.75,2.75,0.75,0.75,15.25,4.75,11.5,4.0,3.0,1.75,6.25,4.5,0.5,0.0,12.5,10.5,64.25,96.25,295.25,5,0,0,1,1,1,2,0,1,0,0,0,0,0,187.96,193.04,258.0,0.0,0.0,0.25,0.0,1.0,0.0,0.0,2.0,0.0,0.0,8.0,2.0,4.0,0.0,9.0,3.0,4.0,0.0,1.0,1.0,2.0,0.0,8.0,2.0,4.0,0.0,0.0,0.0,0.0,0.0,0.0,0.0,0.0,0.0,7.0,1.0,4.0,0.0,0.0,0.0,0.0,0.0,1.0,1.0,0.0,0.0,34.0,0.0,63.0,1,0,0,1,0,0,1,0,0,0,0,0,0,0,177.8,182.88,265.0,35.0,36.0,0,0,0,0,1,0,0,0,0,0,0,0,0,0,0,1,0,0,0,0,1,0,0,0
Red,False,0.0,0.0,0.5,0.37,0.0,1.0,1.0,0.0,1.0,0.0,4.0,2.0,8.0,3.0,5.0,3.0,19.0,14.0,0.0,0.0,2.0,2.0,3.0,1.0,4.0,1.0,0.0,0.0,3.0,2.0,1.0,1.0,1.0,0.0,4.0,2.0,5.0,1.0,0.0,0.0,1.0,0.0,0.0,0.0,2.0,2.0,24.0,89.0,141.0,1,0,1,0,1,1,0,0,0,0,0,0,1,0,177.8,185.42,170.0,0.75,0.0,0.4925,0.5,0.7925,0.125,0.75,1.0,0.75,0.5,58.0,29.75,36.5,16.5,106.25,67.25,94.0,70.25,5.0,3.75,1.25,0.25,46.0,20.0,29.75,10.5,11.5,9.25,4.5,4.0,0.5,0.5,2.25,2.0,18.75,7.25,18.0,5.0,13.5,9.5,8.75,6.0,25.75,13.0,9.75,5.5,443.0,64.5,676.0,8,0,0,1,2,2,1,0,0,0,0,1,0,1,175.26,180.34,170.0,29.0,25.0,0,0,0,0,0,0,0,0,0,1,0,0,0,0,0,1,0,0,0,0,1,0,0,0
Blue,False,0.015625,0.0,0.45,0.4275,0.25,0.2,0.148468017578125,0.098388671875,0.0,0.0,66.5,29.6875,64.31230545043945,27.34375,89.75,48.0,85.53125,44.41152191162109,2.0,0.75,2.0546875,0.75,51.1875,18.3359375,49.6123046875,16.280410766601562,7.5,5.07647705078125,7.5,5.0,4.5,3.625,4.984375,3.9375,48.6875,17.0,47.11572265625,16.5,5.75,3.75,5.3125,3.4375,5.0625,3.5,3.875,2.5,99.2119140625,94.125,638.5,0,0,0,0,0,0,0,0,0,0,0,0,0,0,160.02,167.64,125.0,0.0471682548522949,0.0,0.45,0.4217682266235352,0.25,0.19173828125,0.1875,0.125,0.0,0.0,69.5,30.5,66.984375,27.8466796875,94.0,48.544921875,88.50390625,44.75,2.0,0.8125,2.015625,0.6640625,54.0,19.01513671875,51.483436584472656,16.9437255859375,7.91796875,5.430633544921875,7.75,5.0625,4.780975341796875,3.9373779296875,4.8994140625,3.84375,51.025390625,18.400863647460938,50.515625,17.5,5.75,3.75,5.5,3.5,5.375,3.6875,4.0,2.65625,104.865234375,89.5,655.8441009521484,0,0,0,0,0,0,0,0,0,0,0,0,0,0,162.56,167.64,135.0,24.0,33.0,1,0,0,0,0,0,0,0,0,0,0,0,0,0,0,1,0,0,0,0,0,0,1,0
Red,False,0.5625,0.0,0.37625,0.21125,0.375625,0.0,0.125,0.125,0.0,0.0,105.125,37.1875,100.4375,21.6875,136.25,62.375,109.9375,31.125,11.1875,3.9375,0.0,0.0,93.25,26.625,89.6875,16.0625,6.75,5.5625,6.875,2.8125,5.125,5.0,3.875,2.8125,76.125,20.9375,96.5625,19.375,12.0625,6.6875,3.75,2.25,16.9375,9.5625,0.125,0.0625,251.75,6.9375,809.875,13,1,5,0,5,5,0,0,0,0,3,2,0,0,187.96,187.96,205.0,0.03125,0.0,0.7403125,0.22875,0.824375,0.0,0.0625,0.0,0.0,0.0,33.8125,20.03125,15.875,4.78125,42.75,27.75,18.5,7.0625,1.84375,1.40625,0.46875,0.0,26.3125,14.59375,12.34375,2.5,4.6875,3.5,1.28125,0.90625,2.8125,1.9375,2.25,1.375,13.40625,5.1875,12.375,2.40625,3.0,2.0625,2.71875,1.59375,17.40625,12.78125,0.78125,0.78125,96.15625,7.625,222.6875,11,0,3,0,3,5,1,0,0,0,2,2,1,0,193.04,213.36,205.0,27.0,23.0,0,0,0,0,0,1,0,0,0,0,0,0,0,0,0,1,0,0,0,0,1,0,0,0
Red,False,0.015625,0.0,0.45,0.4275,0.25,0.2,0.148468017578125,0.098388671875,0.0,0.0,66.5,29.6875,64.31230545043945,27.34375,89.75,48.0,85.53125,44.41152191162109,2.0,0.75,2.0546875,0.75,51.1875,18.3359375,49.6123046875,16.280410766601562,7.5,5.07647705078125,7.5,5.0,4.5,3.625,4.984375,3.9375,48.6875,17.0,47.11572265625,16.5,5.75,3.75,5.3125,3.4375,5.0625,3.5,3.875,2.5,99.2119140625,94.125,638.5,0,0,0,0,0,0,0,0,0,0,0,0,0,0,165.1,160.02,135.0,0.0471682548522949,0.0,0.45,0.4217682266235352,0.25,0.19173828125,0.1875,0.125,0.0,0.0,69.5,30.5,66.984375,27.8466796875,94.0,48.544921875,88.50390625,44.75,2.0,0.8125,2.015625,0.6640625,54.0,19.01513671875,51.483436584472656,16.9437255859375,7.91796875,5.430633544921875,7.75,5.0625,4.780975341796875,3.9373779296875,4.8994140625,3.84375,51.025390625,18.400863647460938,50.515625,17.5,5.75,3.75,5.5,3.5,5.375,3.6875,4.0,2.65625,104.865234375,89.5,655.8441009521484,0,0,0,0,0,0,0,0,0,0,0,0,0,0,175.26,193.04,135.0,31.0,30.0,1,0,0,0,0,0,0,0,0,0,0,0,0,0,0,1,0,0,0,0,1,0,0,0
Red,False,0.0,0.0,0.425,0.49,0.75,0.65,1.5,0.0,1.5,1.5,48.0,22.0,75.5,39.0,113.0,84.0,131.0,88.5,1.5,1.0,9.5,5.5,45.0,19.0,65.5,33.5,0.0,0.0,6.5,2.5,3.0,3.0,3.5,3.0,16.5,4.0,22.5,10.5,18.5,11.0,15.0,5.0,13.0,7.0,38.0,23.5,170.5,543.5,900.0,6,0,0,2,0,0,2,0,0,0,0,0,0,0,167.64,172.72,145.0,0.0471682548522949,0.0,0.45,0.4217682266235352,0.25,0.19173828125,0.1875,0.125,0.0,0.0,69.5,30.5,66.984375,27.8466796875,94.0,48.544921875,88.50390625,44.75,2.0,0.8125,2.015625,0.6640625,54.0,19.01513671875,51.483436584472656,16.9437255859375,7.91796875,5.430633544921875,7.75,5.0625,4.780975341796875,3.9373779296875,4.8994140625,3.84375,51.025390625,18.400863647460938,50.515625,17.5,5.75,3.75,5.5,3.5,5.375,3.6875,4.0,2.65625,104.865234375,89.5,655.8441009521484,0,0,0,0,0,0,0,0,0,0,0,0,0,0,167.64,167.64,145.0,35.0,25.0,0,0,1,0,0,0,0,0,0,0,0,0,0,0,0,1,0,0,0,0,1,0,0,0
Red,True,0.0400390625,0.015625,0.4867236328125,0.3909082031249999,0.0166015625,0.154453125,0.51171875,0.001953125,0.25,0.00390625,22.52978515625,10.375,31.73779296875,15.84619140625,30.28173828125,17.611328125,63.21630859375,44.80517578125,0.0732421875,0.0556640625,3.7529296875,1.251953125,19.84033203125,8.216796875,24.3037109375,10.169921875,1.267578125,0.751953125,3.24267578125,1.96142578125,1.421875,1.40625,4.19140625,3.71484375,10.91259765625,3.1220703125,12.64208984375,2.796875,4.39306640625,2.37841796875,5.962890625,4.31103515625,7.22412109375,4.87451171875,13.1328125,8.73828125,52.375,249.84375,450.08984375,18,2,3,0,3,8,4,0,0,0,0,6,1,1,182.88,187.96,185.0,0.65576171875,0.0,0.5422900390625001,0.3442138671875,0.533203125,0.22046875,1.509765625,0.5,0.0009765625,0.5,70.2275390625,38.9306640625,107.78662109375,48.76123046875,90.9599609375,57.796875,242.1611328125,165.4775390625,0.537109375,0.533203125,7.7587890625,1.5791015625,47.24951171875,22.3017578125,90.8134765625,36.78466796875,8.8115234375,6.08740234375,5.9140625,4.16357421875,14.16650390625,10.54150390625,11.05908203125,7.81298828125,53.4921875,26.1591796875,45.93701171875,10.52783203125,0.98681640625,0.75146484375,3.544921875,2.1064453125,15.74853515625,12.02001953125,58.3046875,36.126953125,52.35888671875,610.9326171875,1217.2041015625,29,8,12,0,12,12,0,0,0,0,2,7,3,0,187.96,195.58,185.0,33.0,35.0,0,0,0,0,0,0,0,1,0,0,0,0,0,0,0,0,0,1,0,0,0,0,1,0
Red,False,0.5,0.140625,0.419765625,0.429375,0.57265625,0.875,0.9453125,0.875,1.3359375,0.28125,88.4296875,37.3046875,68.96875,28.4375,141.875,85.9765625,84.0625,41.5703125,0.84375,0.65625,2.734375,2.234375,79.234375,30.9140625,53.6171875,17.9921875,3.6640625,2.796875,5.671875,3.578125,5.53125,3.59375,9.6796875,6.8671875,51.2890625,12.28125,50.171875,19.0078125,4.15625,2.7421875,2.578125,0.8359375,32.984375,22.28125,16.21875,8.59375,216.34375,162.546875,620.3125,20,0,1,0,2,5,3,0,0,0,3,1,1,0,175.26,177.8,155.0,0.0471682548522949,0.0,0.45,0.4217682266235352,0.25,0.19173828125,0.1875,0.125,0.0,0.0,69.5,30.5,66.984375,27.8466796875,94.0,48.544921875,88.50390625,44.75,2.0,0.8125,2.015625,0.6640625,54.0,19.01513671875,51.483436584472656,16.9437255859375,7.91796875,5.430633544921875,7.75,5.0625,4.780975341796875,3.9373779296875,4.8994140625,3.84375,51.025390625,18.400863647460938,50.515625,17.5,5.75,3.75,5.5,3.5,5.375,3.6875,4.0,2.65625,104.865234375,89.5,655.8441009521484,0,0,0,0,0,0,0,0,0,0,0,0,0,0,185.42,185.42,155.0,26.0,27.0,0,0,0,0,0,0,1,0,0,0,0,0,0,0,0,1,0,0,0,0,1,0,0,0
Red,False,0.54840087890625,0.0250244140625,0.3827780151367188,0.3820907592773437,0.070084228515625,0.6756866455078125,0.000152587890625,0.0276031494140625,0.0025634765625,0.0,61.620452880859375,25.092208862304688,51.31710815429688,18.619598388671875,66.49687194824219,29.5101318359375,56.19883728027344,22.531784057617188,0.532318115234375,0.141204833984375,1.3664398193359375,0.9284210205078124,47.699005126953125,13.5390625,43.25950622558594,12.595138549804688,7.776641845703125,6.076812744140625,2.532806396484375,1.882720947265625,6.144805908203125,5.476333618164063,5.5247955322265625,4.1417388916015625,54.988616943359375,21.09971618652344,42.764923095703125,13.477508544921877,4.362213134765625,2.3864898681640625,4.73773193359375,2.64404296875,2.269622802734375,1.6060028076171875,3.814453125,2.498046875,22.423141479492188,51.41128540039063,397.91087341308594,37,5,7,0,7,13,4,0,0,0,3,8,1,1,185.42,193.04,185.0,0.0009765625,0.8125,0.268798828125,0.394130859375,0.031845703125,0.31361328125,0.2822265625,0.0,0.5625,0.0,159.03125,51.28466796875,70.22705078125,26.2626953125,177.90478515625,67.01953125,90.06689453125,44.8427734375,0.6533203125,0.06396484375,5.1328125,1.818359375,126.12646484375,28.80322265625,65.9013671875,22.81884765625,13.677734375,8.1767578125,2.326171875,2.08349609375,19.22705078125,14.3046875,1.99951171875,1.3603515625,145.1328125,43.189453125,47.849609375,13.2802734375,7.98779296875,4.49755859375,2.42431640625,1.728515625,5.91064453125,3.59765625,19.953125,11.25390625,64.7197265625,167.83935546875,740.1494140625,30,3,3,0,3,8,4,0,0,1,4,1,2,0,190.5,195.58,205.0,36.0,31.0,0,0,0,0,0,1,0,0,0,0,0,0,0,0,0,0,0,1,0,0,1,0,0,0
Red,False,0.0,1.0,0.63,0.48,0.14,0.0,2.0,2.0,1.0,0.0,30.0,19.0,62.0,30.0,36.0,24.0,76.0,42.0,7.0,1.0,1.0,0.0,24.0,13.0,57.0,26.0,6.0,6.0,3.0,3.0,0.0,0.0,2.0,1.0,14.0,6.0,33.0,12.0,1.0,0.0,10.0,7.0,15.0,13.0,19.0,11.0,239.0,71.0,485.0,2,0,1,0,1,1,0,0,0,0,0,0,1,0,182.88,193.04,205.0,0.0,0.0,0.355,0.435,0.4275,0.1525,0.0,0.0,0.0,0.25,139.5,48.25,144.75,55.25,180.75,88.25,192.75,101.75,8.0,5.0,6.75,2.0,109.25,27.5,119.5,39.25,11.25,7.25,14.25,8.75,19.0,13.5,11.0,7.25,126.25,40.5,121.25,45.0,8.75,5.0,14.75,5.75,4.5,2.75,8.75,4.5,259.0,235.0,900.0,9,0,0,1,2,2,1,0,0,1,1,0,0,0,193.04,200.66,205.0,32.0,28.0,0,0,0,0,0,1,0,0,0,0,0,0,0,0,0,1,0,0,0,0,1,0,0,0
Red,False,0.0,1.0,0.21,0.585,0.08,0.8300000000000001,0.0,0.5,0.0,0.0,15.5,4.0,34.0,19.5,25.5,13.5,37.0,22.0,6.0,1.0,3.0,2.5,13.5,3.0,31.0,17.0,1.0,1.0,2.5,2.0,1.0,0.0,0.5,0.5,10.5,0.5,13.0,6.5,2.5,1.5,2.5,1.0,2.5,2.0,18.5,12.0,64.0,82.5,241.0,3,0,0,2,0,0,2,0,0,0,0,0,0,0,177.8,177.8,155.0,0.046875,0.0,0.42109375,0.435625,0.046875,0.568515625,0.296875,0.0390625,0.0390625,0.015625,181.234375,85.125,207.28125,84.859375,194.9765625,98.40625,262.578125,134.171875,1.671875,0.046875,4.078125,2.3984375,135.375,50.515625,164.1953125,49.8125,20.7421875,14.359375,20.015625,16.3984375,25.1171875,20.25,23.0703125,18.6484375,169.796875,77.7109375,164.359375,60.234375,9.1953125,6.4453125,6.9609375,4.6875,2.2421875,0.96875,35.9609375,19.9375,45.890625,289.65625,892.8984375,22,0,1,0,1,3,5,0,0,1,1,1,0,0,182.88,182.88,155.0,33.0,31.0,0,0,0,0,0,0,1,0,0,0,0,0,0,0,0,1,0,0,0,0,1,0,0,0
Red,False,0.015625,0.0,0.45,0.4275,0.25,0.2,0.148468017578125,0.098388671875,0.0,0.0,66.5,29.6875,64.31230545043945,27.34375,89.75,48.0,85.53125,44.41152191162109,2.0,0.75,2.0546875,0.75,51.1875,18.3359375,49.6123046875,16.280410766601562,7.5,5.07647705078125,7.5,5.0,4.5,3.625,4.984375,3.9375,48.6875,17.0,47.11572265625,16.5,5.75,3.75,5.3125,3.4375,5.0625,3.5,3.875,2.5,99.2119140625,94.125,638.5,0,0,0,0,0,0,0,0,0,0,0,0,0,0,177.8,187.96,170.0,0.0,0.0,0.55375,0.35,0.6100000000000001,0.05,1.0,0.125,0.0,0.0,71.0,35.375,45.0,14.5,134.25,93.0,64.5,32.0,7.125,4.375,1.25,0.5,49.25,17.125,36.625,9.75,9.75,8.0,5.125,3.25,12.0,10.25,3.25,1.5,29.625,7.125,35.375,9.75,12.0,7.125,7.75,3.0,29.375,21.125,1.875,1.75,645.0,38.375,845.5,12,0,1,0,2,3,1,0,0,0,2,0,1,0,172.72,180.34,170.0,26.0,30.0,0,0,0,0,0,0,0,0,0,1,0,0,0,0,0,1,0,0,0,0,1,0,0,0
Blue,False,0.03125,0.12890625,0.3821484375,0.40015625,0.2060546875,0.59046875,1.34375,0.9765625,0.578125,0.2265625,57.25,23.98828125,58.98046875,19.3828125,71.80078125,36.375,79.40625,35.57421875,3.015625,1.1796875,2.734375,1.0390625,44.62890625,15.78125,48.11328125,12.18359375,5.09765625,3.21484375,6.7734375,4.671875,7.5234375,4.9921875,4.09375,2.52734375,36.42578125,13.6640625,45.67578125,13.875,8.32421875,4.59375,6.91796875,2.59765625,12.5,5.73046875,6.38671875,2.91015625,144.34375,117.484375,471.140625,19,0,0,1,4,6,3,0,0,0,2,2,2,0,177.8,172.72,155.0,0.5078125,0.390625,0.30296875,0.3703125,0.14453125,0.421875,1.0,0.0,0.09375,0.0546875,60.609375,18.3046875,50.8359375,19.125,62.53125,20.1796875,55.59375,23.7109375,2.09375,0.5390625,0.5625,0.484375,53.6875,13.4921875,39.8984375,9.546875,3.875,2.765625,2.015625,1.6640625,3.046875,2.046875,8.921875,7.9140625,53.7734375,14.4296875,43.3671875,15.890625,5.53125,2.8203125,4.6640625,1.9296875,1.3046875,1.0546875,2.8046875,1.3046875,33.0703125,38.9609375,329.578125,14,0,2,0,2,6,2,0,0,0,1,1,4,0,185.42,185.42,145.0,27.0,26.0,0,0,0,0,0,0,1,0,0,0,0,0,0,0,0,1,0,0,0,0,1,0,0,0
Red,False,0.0,0.0,0.425,0.455,0.165,0.095,0.0,0.0,0.25,0.0,131.0,55.75,117.5,56.75,170.25,89.5,126.75,64.25,1.5,0.5,4.25,0.75,119.5,46.25,106.0,47.75,8.5,6.5,6.25,4.5,3.0,3.0,5.25,4.5,104.5,35.5,104.5,48.25,15.75,11.75,9.5,5.25,10.75,8.5,3.5,3.25,176.25,65.0,772.75,8,0,2,0,2,2,1,0,0,0,1,1,0,0,185.42,190.5,185.0,1.25,0.5,0.38875,0.31,0.0,0.125,0.0,1.125,0.0,0.0,52.0,20.875,69.875,28.25,53.0,21.875,107.25,64.0,0.0,0.0,1.25,0.125,38.375,11.75,51.375,14.5,2.0,0.875,8.0,5.5,11.625,8.25,10.5,8.25,50.75,19.625,59.875,20.25,0.5,0.5,8.0,6.0,0.75,0.75,2.0,2.0,24.125,143.75,579.75,7,0,1,0,1,2,2,0,0,0,0,2,0,0,180.34,187.96,235.0,29.0,31.0,0,0,0,0,1,0,0,0,0,0,0,0,0,0,0,1,0,0,0,0,1,0,0,0
Red,False,0.0,0.125,0.37,0.52625,0.515,0.035,0.375,0.25,0.0,0.5,78.25,38.5,98.5,55.375,86.125,46.0,112.125,68.25,3.875,1.375,1.75,0.25,71.25,34.5,92.75,50.625,5.5,2.5,1.5,0.5,1.5,1.5,4.25,4.25,56.75,21.5,79.75,41.75,12.25,8.5,15.0,10.75,9.25,8.5,3.75,2.875,148.0,74.25,688.625,8,0,1,0,1,1,3,0,0,0,0,0,1,0,193.04,193.04,260.0,0.25,0.0,0.5475,0.3525,0.0,0.4525,1.0,0.25,0.0,0.0,98.5,52.5,88.5,29.75,110.5,63.0,115.75,52.5,0.0,0.0,3.75,1.75,83.75,39.0,75.25,20.0,6.25,5.75,10.25,7.0,8.5,7.75,3.0,2.75,83.75,42.25,72.5,17.0,8.0,4.0,10.25,8.0,6.75,6.25,5.75,4.75,65.0,243.75,668.5,7,0,3,0,3,3,0,0,0,0,1,2,0,0,190.5,208.28,265.0,27.0,32.0,0,0,0,0,1,0,0,0,0,0,0,0,0,0,0,1,0,0,0,0,0,0,0,1
Red,False,0.125,0.125,0.40625,0.360625,0.28125,0.21,3.9375,0.625,0.0,0.625,122.0,51.6875,91.4375,31.0,161.0625,85.75,131.9375,65.1875,2.0625,1.1875,10.625,2.75,110.4375,43.1875,79.625,22.3125,10.0,7.25,3.125,2.125,1.5625,1.25,8.6875,6.5625,111.9375,45.375,83.25,26.125,5.875,4.125,4.4375,2.0625,4.1875,2.1875,3.75,2.8125,182.75,288.8125,829.4375,13,0,4,0,4,4,1,0,0,2,0,1,1,0,177.8,177.8,155.0,0.3486328125,0.5,0.4702490234374999,0.2903076171875,0.0810546875,0.1756445312499999,0.00048828125,0.2705078125,0.25,0.0078125,104.1142578125,45.6064453125,91.41455078125,33.826171875,106.5009765625,47.99267578125,99.17724609375,40.86572265625,0.82861328125,0.23486328125,4.7314453125,1.21142578125,82.62255859375,27.30810546875,54.017578125,11.09228515625,15.51513671875,12.9482421875,13.4541015625,9.357421875,5.9765625,5.35009765625,23.94287109375,13.37646484375,97.41552734375,40.91748046875,87.912109375,32.77978515625,3.49169921875,2.31884765625,2.142578125,0.912109375,3.20703125,2.3701171875,1.35986328125,0.13427734375,16.3310546875,88.0732421875,673.70166015625,21,0,1,0,3,8,4,0,0,2,1,4,0,1,175.26,180.34,155.0,29.0,27.0,0,0,0,0,0,0,1,0,0,0,0,0,0,0,0,0,0,1,0,0,1,0,0,0
Red,False,0.0,0.0,0.1875,0.405,0.25,0.4624999999999999,0.0,1.0,0.5,0.0,98.0,23.25,50.75,22.0,145.75,67.5,89.75,56.75,0.25,0.25,8.5,3.5,85.25,15.25,36.25,10.0,9.25,4.75,4.0,3.25,3.5,3.25,10.5,8.75,84.75,18.75,38.5,17.75,8.75,3.0,2.5,1.0,4.5,1.5,9.75,3.25,71.25,327.0,659.5,8,0,0,1,1,1,2,0,0,1,0,0,0,0,185.42,182.88,135.0,0.0,0.0,0.32,0.22,0.0,0.25,0.5,0.0,0.0,0.0,108.0,32.5,142.5,28.0,112.5,37.0,143.0,28.5,0.0,0.0,3.5,0.5,92.0,19.5,120.5,12.0,12.5,10.0,5.5,3.0,3.5,3.0,16.5,13.0,101.5,27.0,140.0,26.5,6.5,5.5,2.5,1.5,0.0,0.0,0.0,0.0,17.0,35.0,656.0,5,0,2,0,2,2,0,0,0,0,1,0,1,0,172.72,172.72,145.0,29.0,28.0,0,0,1,0,0,0,0,0,0,0,0,0,0,0,0,1,0,0,0,0,1,0,0,0
Red,False,0.0,0.0,0.72,0.665,0.375,0.5,0.0,2.0,0.0,0.0,66.0,40.5,59.5,35.5,102.5,68.5,67.0,42.5,9.0,2.5,1.0,0.5,38.0,16.5,33.0,13.5,6.5,4.5,18.0,15.0,21.5,19.5,8.5,7.0,27.0,7.0,37.5,20.5,23.5,19.5,21.0,14.5,15.5,14.0,1.0,0.5,237.0,71.0,555.5,4,0,0,2,0,0,2,0,0,0,0,0,0,0,167.64,177.8,145.0,0.0471682548522949,0.0,0.45,0.4217682266235352,0.25,0.19173828125,0.1875,0.125,0.0,0.0,69.5,30.5,66.984375,27.8466796875,94.0,48.544921875,88.50390625,44.75,2.0,0.8125,2.015625,0.6640625,54.0,19.01513671875,51.483436584472656,16.9437255859375,7.91796875,5.430633544921875,7.75,5.0625,4.780975341796875,3.9373779296875,4.8994140625,3.84375,51.025390625,18.400863647460938,50.515625,17.5,5.75,3.75,5.5,3.5,5.375,3.6875,4.0,2.65625,104.865234375,89.5,655.8441009521484,0,0,0,0,0,0,0,0,0,0,0,0,0,0,167.64,170.18,135.0,35.0,26.0,0,0,1,0,0,0,0,0,0,0,0,0,0,0,0,1,0,0,0,0,1,0,0,0
Red,False,0.0,0.0,0.2675,0.28,0.25,0.7050000000000001,0.5,1.5,0.25,0.25,25.75,16.25,15.5,4.75,45.25,35.75,20.5,9.75,2.0,0.75,2.75,1.25,20.5,11.25,13.25,3.75,4.0,3.75,1.25,0.5,1.25,1.25,1.0,0.5,12.5,3.0,13.75,3.0,3.25,3.25,0.5,0.5,10.0,10.0,1.25,1.25,120.25,118.75,328.25,5,0,0,1,1,1,2,0,0,0,1,0,0,0,182.88,187.96,170.0,0.25,0.0,0.3525,0.47625,0.0,0.7625,0.375,1.625,0.25,0.0,47.625,15.875,84.125,40.0,56.625,23.5,117.75,65.625,1.0,0.0,3.75,2.875,43.375,12.375,69.125,29.75,3.0,2.25,8.75,5.875,1.25,1.25,6.25,4.375,39.25,10.125,41.0,17.75,3.75,2.75,5.625,3.75,4.625,3.0,37.5,18.5,42.75,279.875,533.625,7,1,0,1,2,2,2,0,0,0,0,1,1,0,185.42,190.5,170.0,36.0,28.0,0,0,0,0,0,0,0,0,0,1,0,0,0,0,0,1,0,0,0,0,1,0,0,0
Blue,False,0.33984375,0.0,0.41375,0.3081542968749999,0.5634765625,0.181396484375,1.0595703125,1.44140625,0.041015625,0.0498046875,89.0380859375,36.568359375,66.3271484375,18.564453125,120.5712890625,63.8681640625,88.642578125,39.60546875,0.8134765625,0.6259765625,5.205078125,1.029296875,77.2412109375,26.8310546875,55.8701171875,11.2978515625,7.83984375,6.3974609375,4.9921875,3.541015625,3.95703125,3.33984375,5.46484375,3.7255859375,53.7744140625,16.8173828125,50.560546875,8.8662109375,4.8994140625,3.3330078125,5.8359375,3.634765625,30.3642578125,16.41796875,9.9306640625,6.0634765625,276.4794921875,130.3837890625,715.658203125,26,0,0,2,6,7,4,0,0,1,2,3,1,0,175.26,185.42,155.0,0.0,0.0,0.0,0.0,1.0,1.0,2.0,0.0,2.0,1.0,2.0,0.0,1.0,0.0,10.0,8.0,1.0,0.0,1.0,1.0,1.0,1.0,2.0,0.0,1.0,0.0,0.0,0.0,0.0,0.0,0.0,0.0,0.0,0.0,2.0,0.0,1.0,0.0,0.0,0.0,0.0,0.0,0.0,0.0,0.0,0.0,52.0,64.0,123.0,1,0,1,0,1,1,0,0,0,0,0,0,1,0,182.88,182.88,155.0,34.0,23.0,0,0,0,0,0,0,1,0,0,0,0,0,0,0,0,0,0,1,0,0,0,0,0,1
Red,False,0.015625,0.0,0.45,0.4275,0.25,0.2,0.148468017578125,0.098388671875,0.0,0.0,66.5,29.6875,64.31230545043945,27.34375,89.75,48.0,85.53125,44.41152191162109,2.0,0.75,2.0546875,0.75,51.1875,18.3359375,49.6123046875,16.280410766601562,7.5,5.07647705078125,7.5,5.0,4.5,3.625,4.984375,3.9375,48.6875,17.0,47.11572265625,16.5,5.75,3.75,5.3125,3.4375,5.0625,3.5,3.875,2.5,99.2119140625,94.125,638.5,0,0,0,0,0,0,0,0,0,0,0,0,0,0,172.72,172.72,155.0,0.0,0.5,0.29,0.49,0.435,0.0,0.0,0.0,0.0,0.0,33.5,13.5,46.0,18.5,62.0,37.5,72.0,44.0,6.5,3.0,0.0,0.0,32.5,13.0,33.0,8.5,1.0,0.5,3.0,2.0,0.0,0.0,10.0,8.0,23.5,8.0,38.0,12.5,1.5,0.5,3.0,2.5,8.5,5.0,5.0,3.5,249.5,1.0,554.0,4,0,0,1,1,1,1,0,0,1,0,0,0,0,170.18,170.18,145.0,23.0,30.0,0,0,0,0,0,0,1,0,0,0,0,0,0,0,0,1,0,0,0,0,0,0,1,0
Blue,False,0.015625,0.0,0.45,0.4275,0.25,0.2,0.148468017578125,0.098388671875,0.0,0.0,66.5,29.6875,64.31230545043945,27.34375,89.75,48.0,85.53125,44.41152191162109,2.0,0.75,2.0546875,0.75,51.1875,18.3359375,49.6123046875,16.280410766601562,7.5,5.07647705078125,7.5,5.0,4.5,3.625,4.984375,3.9375,48.6875,17.0,47.11572265625,16.5,5.75,3.75,5.3125,3.4375,5.0625,3.5,3.875,2.5,99.2119140625,94.125,638.5,0,0,0,0,0,0,0,0,0,0,0,0,0,0,160.02,162.56,125.0,0.0,0.0,0.31,0.4,0.5,0.77,0.0,1.0,1.0,0.0,51.0,16.0,44.0,18.0,74.0,37.0,89.0,57.0,2.0,1.0,9.0,7.0,47.0,12.0,31.0,6.0,3.0,3.0,4.0,4.0,1.0,1.0,9.0,8.0,42.0,12.0,42.0,17.0,0.0,0.0,1.0,0.0,9.0,4.0,1.0,1.0,194.0,485.0,873.0,3,0,0,1,0,0,1,0,0,0,0,0,0,0,175.26,177.8,125.0,29.0,24.0,1,0,0,0,0,0,0,0,0,0,0,0,0,0,0,0,0,1,0,0,1,0,0,0
Red,False,0.0,0.0,0.4,0.65,0.0,0.66,0.0,2.0,0.0,0.0,10.0,4.0,47.0,31.0,20.0,12.0,110.0,87.0,0.0,0.0,6.0,4.0,7.0,3.0,25.0,11.0,1.0,0.0,9.0,9.0,2.0,1.0,13.0,11.0,6.0,1.0,4.0,0.0,1.0,0.0,6.0,4.0,3.0,3.0,37.0,27.0,0.0,719.0,791.0,3,0,0,1,0,0,1,0,0,0,0,0,0,0,182.88,182.88,170.0,0.0,1.0,0.445,0.52,0.55,0.0,0.0,1.5,0.0,1.0,43.0,21.0,36.5,20.0,78.0,55.0,46.5,29.5,7.0,4.0,0.5,0.0,30.5,10.0,29.5,15.0,10.5,10.0,5.0,4.0,2.0,1.0,2.0,1.0,19.5,4.5,22.0,9.0,8.5,4.0,6.5,3.5,15.0,12.5,8.0,7.5,327.0,107.0,620.0,5,0,1,0,1,1,1,0,0,0,1,0,0,0,177.8,177.8,155.0,22.0,29.0,0,0,0,0,0,0,0,0,0,1,0,0,0,0,0,0,0,1,0,0,1,0,0,0
Blue,False,0.0,0.0,0.52,0.5,0.5,0.0,0.0,3.0,1.0,0.0,34.0,18.0,44.0,22.0,74.0,54.0,71.0,46.0,6.0,3.0,2.0,0.0,29.0,13.0,32.0,16.0,4.0,4.0,7.0,3.0,1.0,1.0,5.0,3.0,16.0,6.0,18.0,6.0,3.0,1.0,13.0,7.0,15.0,11.0,13.0,9.0,693.0,106.0,900.0,3,0,1,0,1,1,0,0,0,0,1,0,0,0,185.42,187.96,185.0,0.14453125,0.0,0.3976953125,0.5486328125,0.30953125,0.14828125,0.0078125,0.3203125,0.0078125,0.28515625,93.4609375,35.55078125,141.10546875,83.49609375,146.60546875,83.0625,181.8984375,119.9609375,3.71484375,1.5390625,3.69921875,1.0859375,81.01953125,27.4453125,84.30859375,38.08984375,12.2890625,7.96875,39.16796875,29.28515625,0.15234375,0.13671875,17.62890625,16.12109375,55.93359375,14.95703125,77.95703125,42.28125,33.23046875,18.07421875,56.21875,36.6328125,4.296875,2.51953125,6.9296875,4.58203125,168.0078125,305.89453125,830.5390625,20,0,1,0,2,3,6,0,0,0,1,2,0,0,175.26,182.88,170.0,23.0,34.0,0,0,0,0,0,0,0,1,0,0,0,0,0,0,0,1,0,0,0,0,1,0,0,0
Red,False,1.005126953125,0.064453125,0.3824804687499999,0.334312744140625,0.5421923828125,0.3860595703125,0.4718017578125,0.5235595703125,0.0,0.502685546875,118.069091796875,33.509765625,184.5626220703125,55.393798828125,132.1231689453125,46.6170654296875,208.38330078125,77.726806640625,1.2188720703125,0.667724609375,4.0941162109375,1.5941162109375,103.1771240234375,22.64453125,165.550537109375,42.482421875,7.8726806640625,4.424560546875,11.4019775390625,6.9976806640625,7.019287109375,6.440673828125,7.610107421875,5.9136962890625,107.872802734375,27.052001953125,165.65625,45.947998046875,6.95654296875,4.865966796875,13.0897216796875,6.796875,3.23974609375,1.591796875,5.816650390625,2.64892578125,51.1099853515625,152.828125,641.8350830078125,28,0,0,1,6,9,5,0,0,1,1,3,4,0,177.8,177.8,170.0,1.01953125,0.25,0.44728515625,0.3882421875,0.191015625,0.0678515624999999,0.0234375,0.61328125,0.0703125,0.044921875,118.759765625,50.908203125,138.4921875,56.544921875,123.4765625,55.5390625,145.15234375,62.6171875,2.3203125,0.8046875,1.765625,0.447265625,76.380859375,23.375,110.73828125,32.603515625,15.58984375,11.66015625,18.125,15.08984375,26.7890625,15.873046875,9.62890625,8.8515625,109.822265625,45.078125,132.19921875,52.45703125,4.2109375,3.390625,3.515625,1.7890625,4.7265625,2.439453125,2.77734375,2.298828125,37.779296875,69.970703125,796.8046875,25,0,0,1,2,5,5,0,0,1,1,2,0,1,175.26,180.34,145.0,37.0,24.0,0,0,0,0,0,0,1,0,0,0,0,0,0,0,0,0,0,1,0,0,1,0,0,0
Blue,False,0.0,0.0,0.44875,0.423125,0.0,0.5825,1.0,1.625,0.0,0.0,63.375,30.5,45.9375,18.75,112.5,77.25,77.3125,46.375,0.4375,0.0,7.5625,4.25,46.6875,16.125,33.8125,10.125,10.6875,9.0,9.5625,7.5,6.0,5.375,2.5625,1.125,31.4375,6.6875,24.1875,4.8125,11.0625,7.5625,3.375,2.1875,20.875,16.25,18.375,11.75,195.0625,391.8125,803.3125,13,0,0,1,2,3,2,0,0,0,2,0,1,0,185.42,187.96,205.0,0.0245361328125,0.0009765625,0.4465533447265625,0.42449462890625,0.1633984375,0.6163653564453125,2.25787353515625,0.8145751953125,0.0,0.00390625,97.90457153320312,44.48019409179688,69.59912109375,30.401641845703125,191.53585815429688,129.65676879882812,99.48004150390624,55.059906005859375,0.53131103515625,0.35003662109375,5.5394287109375,3.260833740234375,75.01303100585938,30.8526611328125,60.43902587890625,23.789825439453125,5.990936279296875,3.20111083984375,5.552398681640625,3.637939453125,16.900604248046875,10.426422119140623,3.607696533203125,2.973876953125,72.58663940429688,27.45590209960937,52.620697021484375,19.71624755859375,12.995758056640623,7.797943115234375,9.993377685546877,6.530517578125,12.322174072265623,9.226348876953123,6.98504638671875,4.154876708984375,118.43692016601562,333.4629821777344,777.7963562011719,35,0,5,0,5,11,5,0,0,1,2,6,2,0,180.34,185.42,185.0,30.0,30.0,0,0,0,0,0,0,0,1,0,0,0,0,0,0,0,1,0,0,0,0,0,0,1,0
Red,False,0.015625,0.0,0.45,0.4275,0.25,0.2,0.148468017578125,0.098388671875,0.0,0.0,66.5,29.6875,64.31230545043945,27.34375,89.75,48.0,85.53125,44.41152191162109,2.0,0.75,2.0546875,0.75,51.1875,18.3359375,49.6123046875,16.280410766601562,7.5,5.07647705078125,7.5,5.0,4.5,3.625,4.984375,3.9375,48.6875,17.0,47.11572265625,16.5,5.75,3.75,5.3125,3.4375,5.0625,3.5,3.875,2.5,99.2119140625,94.125,638.5,0,0,0,0,0,0,0,0,0,0,0,0,0,0,180.34,187.96,145.0,0.0471682548522949,0.0,0.45,0.4217682266235352,0.25,0.19173828125,0.1875,0.125,0.0,0.0,69.5,30.5,66.984375,27.8466796875,94.0,48.544921875,88.50390625,44.75,2.0,0.8125,2.015625,0.6640625,54.0,19.01513671875,51.483436584472656,16.9437255859375,7.91796875,5.430633544921875,7.75,5.0625,4.780975341796875,3.9373779296875,4.8994140625,3.84375,51.025390625,18.400863647460938,50.515625,17.5,5.75,3.75,5.5,3.5,5.375,3.6875,4.0,2.65625,104.865234375,89.5,655.8441009521484,0,0,0,0,0,0,0,0,0,0,0,0,0,0,175.26,182.88,155.0,22.0,21.0,0,0,1,0,0,0,0,0,0,0,0,0,0,0,0,1,0,0,0,0,0,0,1,0
Blue,False,0.0,0.0,0.643125,0.365,0.691875,0.10125,0.5625,0.25,0.25,0.0,46.625,30.1875,41.6875,16.625,79.4375,59.9375,59.375,33.4375,7.0625,4.625,3.25,0.5625,41.5,25.1875,28.125,7.625,1.375,1.375,8.3125,5.8125,3.75,3.625,5.25,3.1875,12.375,4.3125,28.75,8.25,6.6875,6.5625,10.0625,6.8125,27.5625,19.3125,2.875,1.5625,625.625,104.5625,882.8125,15,0,2,0,2,4,1,0,0,1,2,1,0,0,187.96,193.04,170.0,0.2509765625,0.5625,0.35078125,0.242275390625,0.187822265625,0.594482421875,0.76171875,0.0830078125,0.5625,0.0380859375,218.61328125,66.869140625,130.970703125,34.4794921875,244.0,89.8466796875,138.990234375,41.8857421875,3.28515625,0.7041015625,1.376953125,1.044921875,196.9951171875,52.599609375,115.06640625,22.826171875,11.9853515625,6.59375,8.015625,4.6552734375,9.6328125,7.67578125,7.888671875,6.998046875,200.400390625,56.0361328125,118.775390625,27.9248046875,10.666015625,5.1611328125,8.5791015625,5.1484375,7.546875,5.671875,3.6162109375,1.40625,104.95703125,42.68359375,654.4140625,24,1,5,0,5,8,3,0,0,1,0,1,6,0,182.88,193.04,170.0,29.0,25.0,0,0,0,0,0,0,0,0,0,1,0,0,0,0,0,0,0,1,0,0,0,0,1,0
Red,False,0.5,0.0,0.25,0.24,0.0,0.25,0.0,0.5,0.0,0.0,65.5,12.5,100.0,27.0,65.5,12.5,112.0,38.5,0.5,0.0,1.0,0.5,48.0,7.0,92.5,21.0,15.5,5.5,3.5,3.0,2.0,0.0,4.0,3.0,64.0,11.5,93.0,22.5,0.5,0.0,2.5,1.5,1.0,1.0,4.5,3.0,6.0,52.5,418.0,4,0,0,1,1,1,1,0,0,0,0,1,0,0,170.18,177.8,155.0,0.0078125,0.1875,0.2796435546874999,0.2497998046875,0.4629345703125,0.2248828125,0.2880859375,1.0771484375,0.0,0.0078125,73.65380859375,19.06005859375,59.39794921875,18.1455078125,111.59912109375,51.0908203125,71.81689453125,30.01611328125,5.013671875,1.94482421875,2.9296875,0.705078125,62.888671875,10.443359375,51.26318359375,14.1552734375,4.04443359375,2.75927734375,3.6904296875,2.2177734375,6.720703125,5.857421875,4.4443359375,1.7724609375,57.28125,9.07861328125,52.75341796875,12.935546875,5.1845703125,3.541015625,3.83056640625,3.08984375,11.18798828125,6.4404296875,2.81396484375,2.1201171875,310.81982421875,40.681640625,646.7080078125,31,0,1,0,3,7,5,0,0,2,1,1,3,0,170.18,177.8,155.0,32.0,29.0,0,0,0,0,0,0,1,0,0,0,0,0,0,0,0,0,0,1,0,0,1,0,0,0
Blue,False,0.015625,0.0,0.45,0.4275,0.25,0.2,0.148468017578125,0.098388671875,0.0,0.0,66.5,29.6875,64.31230545043945,27.34375,89.75,48.0,85.53125,44.41152191162109,2.0,0.75,2.0546875,0.75,51.1875,18.3359375,49.6123046875,16.280410766601562,7.5,5.07647705078125,7.5,5.0,4.5,3.625,4.984375,3.9375,48.6875,17.0,47.11572265625,16.5,5.75,3.75,5.3125,3.4375,5.0625,3.5,3.875,2.5,99.2119140625,94.125,638.5,0,0,0,0,0,0,0,0,0,0,0,0,0,0,167.64,170.18,145.0,0.0,0.0,0.86,0.75,0.5,1.0,0.0,4.0,0.0,0.0,15.0,13.0,8.0,6.0,41.0,36.0,12.0,10.0,2.0,1.0,1.0,1.0,9.0,7.0,2.0,0.0,0.0,0.0,5.0,5.0,6.0,6.0,1.0,1.0,2.0,1.0,0.0,0.0,7.0,7.0,8.0,6.0,6.0,5.0,0.0,0.0,179.0,12.0,211.0,1,0,0,1,0,0,1,0,0,0,0,0,0,0,167.64,177.8,145.0,28.0,35.0,0,0,1,0,0,0,0,0,0,0,0,0,0,0,0,1,0,0,0,0,1,0,0,0
Red,False,0.0,0.0,0.615,0.48,0.21,0.33,0.5,0.5,0.0,0.0,69.5,45.5,77.5,38.0,146.5,107.5,111.5,68.0,5.5,1.5,3.5,2.0,50.5,27.5,53.0,17.0,14.5,14.0,10.5,9.0,4.5,4.0,14.0,12.0,25.5,10.0,32.0,8.5,13.5,10.0,34.5,23.5,30.5,25.5,11.0,6.0,351.5,256.5,795.0,6,0,0,1,1,1,1,0,0,0,1,0,0,0,180.34,185.42,170.0,0.0,0.0,0.23,0.2625,0.915,0.5,1.25,0.0,0.25,0.0,20.25,4.0,20.75,6.75,36.5,17.5,28.5,13.75,3.0,2.25,1.0,0.5,18.75,3.25,15.5,2.5,0.5,0.25,1.75,0.75,1.0,0.5,3.5,3.5,15.75,1.75,17.25,4.75,0.25,0.25,2.25,0.75,4.25,2.0,1.25,1.25,123.0,34.75,291.75,5,0,0,1,2,2,1,0,0,1,0,0,1,0,177.8,187.96,170.0,24.0,30.0,0,0,0,0,0,0,0,0,0,1,0,0,0,0,0,1,0,0,0,0,0,0,1,0
Red,False,0.015625,0.0,0.45,0.4275,0.25,0.2,0.148468017578125,0.098388671875,0.0,0.0,66.5,29.6875,64.31230545043945,27.34375,89.75,48.0,85.53125,44.41152191162109,2.0,0.75,2.0546875,0.75,51.1875,18.3359375,49.6123046875,16.280410766601562,7.5,5.07647705078125,7.5,5.0,4.5,3.625,4.984375,3.9375,48.6875,17.0,47.11572265625,16.5,5.75,3.75,5.3125,3.4375,5.0625,3.5,3.875,2.5,99.2119140625,94.125,638.5,0,0,0,0,0,0,0,0,0,0,0,0,0,0,172.72,172.72,155.0,0.0,0.375,0.4025,0.40125,0.66375,0.25,1.125,1.125,0.625,1.375,63.0,25.625,56.875,23.0,105.875,62.375,76.625,40.125,5.5,4.375,1.5,1.0,55.5,20.125,49.625,17.125,3.0,2.625,3.25,2.625,4.5,2.875,4.0,3.25,26.375,5.875,29.375,7.25,3.0,1.75,8.125,4.25,33.625,18.0,19.375,11.5,432.375,221.75,817.875,10,0,0,2,2,2,2,0,0,1,1,0,0,0,175.26,180.34,155.0,40.0,30.0,0,0,0,0,0,0,1,0,0,0,0,0,0,0,0,0,0,1,0,0,0,0,1,0
Red,False,0.0,0.0,0.565,0.085,0.11,0.5,1.5,0.0,0.0,0.0,47.5,19.0,40.0,6.5,61.0,31.5,46.5,13.0,4.5,1.0,1.0,0.5,27.5,5.5,36.0,5.0,8.5,4.5,1.0,0.5,11.5,9.0,3.0,1.0,43.5,16.0,34.5,3.5,2.5,2.0,3.5,2.0,1.5,1.0,2.0,1.0,32.0,97.0,393.0,4,0,2,0,2,2,0,0,0,0,0,0,2,0,177.8,187.96,155.0,0.1875,0.0,0.287734375,0.246875,0.163203125,0.543203125,2.0390625,0.2890625,0.2578125,0.046875,87.2578125,25.015625,71.484375,17.7890625,104.3515625,41.09375,91.953125,37.296875,4.0,0.5078125,4.546875,3.0234375,67.8671875,12.671875,64.609375,13.6875,10.25,5.2265625,5.0859375,2.8125,9.140625,7.1171875,1.7890625,1.2890625,73.2578125,18.6953125,62.6171875,13.0625,9.109375,3.921875,6.1796875,3.6953125,4.890625,2.3984375,2.6875,1.03125,128.2421875,254.5234375,771.0859375,21,0,2,0,5,7,1,0,0,0,4,1,2,0,172.72,180.34,155.0,21.0,27.0,0,0,0,0,0,0,1,0,0,0,0,0,0,0,0,1,0,0,0,0,0,0,1,0
Red,False,0.125,0.0,0.5800000000000001,0.471875,0.439375,0.70875,0.6875,0.6875,0.125,0.6875,26.625,14.25,48.75,25.25,55.125,40.25,97.875,64.0625,2.0,1.25,5.0,3.25,19.4375,7.5,35.5625,14.625,3.625,3.5625,12.1875,10.0625,3.5625,3.1875,1.0,0.5625,14.6875,6.0,17.875,6.125,6.375,4.625,10.4375,8.1875,5.5625,3.625,20.4375,10.9375,98.25,377.8125,625.125,13,0,4,0,4,4,1,0,0,2,0,2,0,0,170.18,182.88,170.0,0.36767578125,0.2509765625,0.29959716796875,0.42736328125,0.06396484375,0.6485107421875,0.0068359375,0.253173828125,1.0,0.000244140625,108.78759765625,30.878173828125,85.82421875,35.864990234375,132.903076171875,51.905029296875,136.72021484375,81.2255859375,0.314453125,0.064453125,9.8056640625,7.132080078125,88.09716796875,16.848388671875,65.040283203125,20.20556640625,4.881103515625,2.587646484375,11.52587890625,7.692138671875,15.809326171875,11.442138671875,9.258056640625,7.96728515625,89.8271484375,23.5654296875,65.370361328125,22.526123046875,8.777099609375,3.720703125,6.109619140625,3.63818359375,10.183349609375,3.592041015625,14.34423828125,9.70068359375,89.743408203125,481.005126953125,987.904296875,30,1,0,1,7,9,4,0,0,0,2,6,0,1,175.26,177.8,170.0,27.0,27.0,0,0,0,0,0,0,0,0,0,1,0,0,0,0,0,1,0,0,0,0,1,0,0,0
Red,False,0.0,0.0,0.0,0.25,0.0,1.0,2.0,0.0,0.0,0.0,4.0,0.0,8.0,2.0,4.0,0.0,9.0,3.0,2.0,0.0,1.0,1.0,4.0,0.0,8.0,2.0,0.0,0.0,0.0,0.0,0.0,0.0,0.0,0.0,4.0,0.0,7.0,1.0,0.0,0.0,0.0,0.0,0.0,0.0,1.0,1.0,0.0,34.0,63.0,1,0,1,0,1,1,0,0,0,0,0,0,1,0,200.66,205.74,265.0,0.5,0.4375,0.51,0.50125,0.1875,0.5625,1.65625,0.5625,0.09375,0.125,26.34375,13.625,54.75,26.25,34.8125,21.03125,71.46875,39.75,0.21875,0.1875,0.5625,0.5625,20.40625,8.34375,51.25,23.21875,1.75,1.34375,3.46875,3.0,4.1875,3.9375,0.03125,0.03125,18.4375,8.40625,18.03125,6.0,3.28125,1.53125,3.875,1.625,4.625,3.6875,32.84375,18.625,55.9375,173.375,314.46875,10,0,0,1,3,4,2,0,1,0,0,1,2,0,210.82,213.36,265.0,34.0,22.0,0,0,0,0,1,0,0,0,0,0,0,0,0,0,0,1,0,0,0,0,1,0,0,0
Blue,False,0.078125,0.0,0.47703125,0.32765625,0.65875,0.12859375,0.171875,1.5625,0.4375,0.75,51.71875,24.0625,60.5,18.75,96.078125,64.25,74.875,31.09375,2.203125,1.3125,1.578125,1.109375,43.265625,17.515625,51.453125,12.140625,5.03125,3.71875,4.390625,2.734375,3.421875,2.828125,4.65625,3.875,38.703125,16.546875,43.328125,9.78125,4.890625,2.34375,8.046875,4.375,8.125,5.171875,9.125,4.59375,121.328125,155.953125,465.203125,16,1,2,0,2,3,4,0,0,0,1,0,2,0,172.72,177.8,155.0,0.015625,0.016357421875,0.35434814453125,0.26502685546875,0.41320068359375,0.442939453125,1.237060546875,2.122314453125,0.195556640625,0.7578125,45.337646484375,17.140380859375,72.697509765625,20.98486328125,56.9599609375,27.19384765625,97.010498046875,43.37109375,6.909912109375,3.063720703125,2.161376953125,1.309814453125,37.66162109375,12.23583984375,64.430908203125,15.824462890625,1.81396484375,1.04248046875,5.73486328125,3.128662109375,5.862060546875,3.862060546875,2.53173828125,2.03173828125,30.38916015625,6.490966796875,68.548583984375,18.92431640625,2.8359375,1.8740234375,2.670166015625,1.07177734375,12.112548828125,8.775390625,1.478759765625,0.98876953125,302.147216796875,188.58837890625,778.2060546875,29,2,1,0,4,8,5,0,0,0,3,1,3,1,170.18,177.8,145.0,30.0,28.0,0,0,0,0,0,0,1,0,0,0,0,0,0,0,0,1,0,0,0,0,1,0,0,0
Blue,False,0.0,0.0,0.28515625,0.3921875,0.07578125,0.454375,1.21875,0.078125,0.03125,0.03125,103.90625,27.609375,96.203125,35.796875,109.625,33.09375,114.484375,51.578125,1.609375,0.34375,2.765625,1.71875,81.390625,15.34375,92.375,32.34375,13.75,5.0625,2.328125,1.953125,8.765625,7.203125,1.5,1.5,100.21875,26.109375,87.578125,30.34375,2.296875,0.796875,4.390625,2.8125,1.390625,0.703125,4.234375,2.640625,28.140625,145.40625,617.640625,16,0,3,0,3,4,3,0,0,0,1,0,3,0,185.42,187.96,185.0,0.03125,0.328125,0.7546875,0.526875,0.15890625,0.15578125,0.859375,1.375,0.015625,0.25,28.9140625,13.6171875,35.4921875,17.875,36.9921875,21.6328125,42.8515625,24.9765625,2.1171875,0.328125,1.1796875,0.484375,22.8203125,9.6328125,32.2578125,14.8125,3.671875,2.3125,2.6484375,2.484375,2.421875,1.671875,0.5859375,0.578125,24.3671875,11.46875,23.984375,8.703125,4.015625,1.7734375,5.9296875,4.9140625,0.53125,0.375,5.578125,4.2578125,99.0859375,75.0078125,310.328125,19,0,0,1,1,2,6,0,0,0,0,0,2,0,182.88,190.5,185.0,29.0,33.0,0,0,0,0,0,0,0,1,0,0,0,0,0,0,0,1,0,0,0,0,1,0,0,0
Red,False,0.0,0.78125,0.399296875,0.5612890625,0.06640625,0.615234375,1.671875,0.00390625,0.0625,0.0,19.17578125,7.56640625,69.45703125,44.37890625,19.96484375,8.34375,99.8203125,73.73828125,1.06640625,0.06640625,1.64453125,1.62890625,12.765625,3.640625,47.234375,26.04296875,5.890625,3.546875,18.54296875,16.10546875,0.51953125,0.37890625,3.6796875,2.23046875,16.23828125,5.54296875,26.2578125,13.03125,2.40234375,1.73828125,20.03125,13.9375,0.53515625,0.28515625,23.16796875,17.41015625,3.75,183.34765625,308.93359375,14,0,0,1,3,5,4,0,0,0,1,0,4,0,185.42,193.04,170.0,0.0,0.03125,0.38234375,0.3596875,0.64171875,0.296875,1.25,1.578125,0.125,0.640625,38.53125,15.0,44.375,15.328125,70.25,45.125,62.453125,31.703125,5.4375,2.890625,1.109375,0.546875,30.578125,7.625,35.78125,8.28125,6.0,5.421875,4.34375,2.796875,1.953125,1.953125,4.25,4.25,20.03125,3.765625,33.71875,9.28125,6.984375,6.125,5.796875,3.671875,11.515625,5.109375,4.859375,2.375,421.5625,67.828125,635.421875,15,0,0,1,3,4,3,0,0,0,1,0,3,0,172.72,190.5,155.0,24.0,29.0,0,0,0,0,0,0,1,0,0,0,0,0,0,0,0,1,0,0,0,0,1,0,0,0
Red,True,0.160400390625,0.093780517578125,0.5181417846679688,0.3045367431640625,0.4649470520019531,0.0020751953125,0.7509307861328125,0.0579071044921875,0.0001220703125,0.0010986328125,35.10301208496094,17.118133544921875,38.986907958984375,11.799972534179688,73.04609680175781,55.03950500488281,41.52833557128906,14.075775146484377,4.129409790039063,2.526473999023437,0.2855224609375,0.0040283203125,27.909011840820312,11.561233520507812,32.80366516113281,8.504608154296875,5.448974609375,4.31396484375,2.438995361328125,0.7059326171875,1.745025634765625,1.2429351806640625,3.7442474365234375,2.5894317626953125,20.529800415039062,5.215911865234375,35.040924072265625,9.272201538085938,0.2305908203125,0.1484375,1.86761474609375,0.71514892578125,14.342620849609377,11.7537841796875,2.078369140625,1.8126220703125,429.550033569336,13.342529296875,650.5420227050781,35,0,2,0,5,13,4,0,0,0,5,5,3,0,177.8,185.42,170.0,0.44146728515625,0.0078125,0.6571798706054688,0.2010940551757812,0.8788632202148438,0.00296630859375,3.3994140625,0.001220703125,0.56268310546875,0.00018310546875,104.14340209960938,66.19805908203125,68.310302734375,14.16180419921875,228.45309448242188,182.2247009277344,112.10693359375,53.6700439453125,10.170135498046877,9.1334228515625,0.587982177734375,0.009033203125,74.62457275390625,40.34542846679688,56.831451416015625,7.577880859375,17.847930908203125,15.8253173828125,4.4149169921875,2.342041015625,11.6708984375,10.027313232421877,7.063934326171875,4.24188232421875,51.31124877929688,25.27789306640625,54.7027587890625,8.05511474609375,4.203643798828125,3.5501708984375,5.523651123046875,2.453826904296875,48.628509521484375,37.3699951171875,8.083892822265625,3.652862548828125,996.7495727539062,49.734283447265625,1406.225830078125,43,9,2,0,7,14,2,0,0,1,6,5,2,0,180.34,193.04,185.0,33.0,29.0,0,0,0,0,0,0,0,0,0,1,0,0,0,0,0,1,0,0,0,0,1,0,0,0
Blue,False,0.0,0.5078125,0.458515625,0.3183984375,0.229609375,0.0078125,0.43359375,0.9453125,0.0,0.0,35.078125,17.08203125,23.29296875,8.09765625,45.21875,26.09375,38.9453125,22.8046875,5.8359375,2.65234375,0.15234375,0.02734375,27.02734375,11.1953125,17.3046875,2.8515625,5.6796875,3.703125,3.26953125,2.66796875,2.37109375,2.18359375,2.71875,2.578125,20.640625,8.23046875,16.44921875,3.4921875,6.12890625,3.91796875,5.30859375,3.56640625,8.30859375,4.93359375,1.53515625,1.0390625,232.56640625,32.8984375,430.55078125,19,0,0,1,3,5,4,0,0,0,2,0,3,0,182.88,187.96,170.0,0.125,0.125,0.55125,0.405,0.430625,0.3625,0.5,0.5625,1.0625,0.75,56.75,32.25,54.25,24.75,78.625,49.6875,82.375,51.3125,4.1875,2.375,2.4375,2.375,37.5,17.1875,41.75,16.125,14.3125,10.5625,6.5,3.75,4.9375,4.5,6.0,4.875,28.625,14.4375,31.5625,12.0,19.6875,12.0,10.0625,5.1875,8.4375,5.8125,12.625,7.5625,311.875,273.25,824.625,13,0,1,0,1,3,2,0,0,1,1,1,0,0,177.8,182.88,155.0,34.0,26.0,0,0,0,0,0,0,0,0,0,1,0,0,0,0,0,1,0,0,0,0,1,0,0,0
Blue,False,0.015625,0.0,0.45,0.4275,0.25,0.2,0.148468017578125,0.098388671875,0.0,0.0,66.5,29.6875,64.31230545043945,27.34375,89.75,48.0,85.53125,44.41152191162109,2.0,0.75,2.0546875,0.75,51.1875,18.3359375,49.6123046875,16.280410766601562,7.5,5.07647705078125,7.5,5.0,4.5,3.625,4.984375,3.9375,48.6875,17.0,47.11572265625,16.5,5.75,3.75,5.3125,3.4375,5.0625,3.5,3.875,2.5,99.2119140625,94.125,638.5,0,0,0,0,0,0,0,0,0,0,0,0,0,0,172.72,172.72,155.0,0.0,0.0,0.37,0.63,0.0,1.0,0.0,1.0,0.0,0.0,8.0,3.0,11.0,7.0,13.0,6.0,63.0,50.0,0.0,0.0,2.0,2.0,6.0,1.0,9.0,5.0,2.0,2.0,2.0,2.0,0.0,0.0,0.0,0.0,8.0,3.0,3.0,1.0,0.0,0.0,0.0,0.0,0.0,0.0,8.0,6.0,5.0,178.0,227.0,1,0,0,1,0,0,1,0,0,0,0,0,0,0,182.88,182.88,155.0,25.0,24.0,0,0,0,0,0,0,1,0,0,0,0,0,0,0,0,1,0,0,0,0,1,0,0,0
Blue,False,0.015625,0.0,0.45,0.4275,0.25,0.2,0.148468017578125,0.098388671875,0.0,0.0,66.5,29.6875,64.31230545043945,27.34375,89.75,48.0,85.53125,44.41152191162109,2.0,0.75,2.0546875,0.75,51.1875,18.3359375,49.6123046875,16.280410766601562,7.5,5.07647705078125,7.5,5.0,4.5,3.625,4.984375,3.9375,48.6875,17.0,47.11572265625,16.5,5.75,3.75,5.3125,3.4375,5.0625,3.5,3.875,2.5,99.2119140625,94.125,638.5,0,0,0,0,0,0,0,0,0,0,0,0,0,0,182.88,193.04,170.0,0.0,0.0,0.531875,0.4003125,0.6425000000000001,0.03125,0.1875,0.1875,0.0625,0.25,79.46875,42.5625,40.71875,17.5625,139.75,93.03125,67.1875,42.625,5.84375,3.40625,2.3125,0.03125,60.9375,25.96875,31.8125,10.5625,8.90625,8.3125,4.46875,3.4375,9.625,8.28125,4.4375,3.5625,16.34375,5.625,22.46875,6.53125,18.8125,14.40625,8.21875,5.5625,44.3125,22.53125,10.03125,5.46875,442.125,75.9375,673.625,17,0,3,0,3,5,1,0,0,0,3,1,0,0,185.42,193.04,170.0,34.0,24.0,0,0,0,0,0,0,0,0,0,1,0,0,0,0,0,0,0,1,0,0,0,0,1,0
Blue,False,0.5,0.0,0.519375,0.42625,0.766875,0.2125,0.75,1.625,0.3125,0.0625,102.375,53.5625,43.0,15.5625,151.75,100.25,54.0,26.125,4.875,2.9375,3.0,0.875,78.0625,33.0,30.6875,6.1875,23.4375,19.9375,10.0,7.5,0.875,0.625,2.3125,1.875,45.75,15.5,33.0625,7.8125,22.5,15.8125,9.5,7.5625,34.125,22.25,0.4375,0.1875,367.4375,70.5625,604.3125,13,0,0,1,4,4,1,0,0,2,0,1,1,0,175.26,180.34,170.0,1.125,0.0,0.62375,0.38875,0.3125,0.27,0.5,0.0,0.0,0.0,53.5,34.25,48.625,23.5,73.0,52.875,56.75,30.75,4.25,2.875,3.0,1.125,42.875,24.875,37.375,13.875,4.875,3.75,8.5,7.25,5.75,5.625,2.75,2.375,28.25,15.0,30.75,12.75,12.875,8.875,17.875,10.75,12.375,10.375,0.0,0.0,199.5,81.5,511.125,9,0,4,0,4,4,0,0,1,0,1,2,0,0,175.26,175.26,185.0,26.0,27.0,0,0,0,0,0,0,0,0,0,1,0,0,0,0,0,0,0,1,0,0,0,0,1,0
Blue,False,0.0,0.3125,0.4293359375,0.41203125,0.45015625,0.00390625,0.5859375,0.03125,0.015625,1.01171875,48.3984375,21.7734375,61.19140625,25.18359375,104.01171875,64.6328125,72.37109375,34.3515625,7.8515625,3.07421875,0.01953125,0.00390625,38.796875,15.94140625,38.3984375,10.80078125,6.515625,3.31640625,7.54296875,3.16796875,3.0859375,2.515625,15.25,11.21484375,28.3359375,7.6875,49.66796875,20.921875,6.57421875,3.0234375,2.65625,0.78125,13.48828125,11.0625,8.8671875,3.48046875,342.671875,68.609375,954.13671875,20,1,5,0,5,7,2,0,0,0,2,0,5,0,185.42,182.88,170.0,0.28125,0.01171875,0.3371875,0.3437207031249999,0.6279296875,0.46435546875,1.5263671875,0.630859375,0.2529296875,0.751953125,58.4775390625,19.5859375,50.3994140625,17.208984375,99.8681640625,59.162109375,65.9296875,29.4443359375,0.6318359375,0.6279296875,6.0390625,2.5615234375,49.529296875,12.255859375,36.9912109375,7.587890625,6.5693359375,5.4951171875,7.70703125,5.982421875,2.37890625,1.8349609375,5.701171875,3.638671875,39.1328125,6.04296875,26.46875,6.3505859375,13.6611328125,10.0703125,4.72265625,2.8408203125,5.68359375,3.47265625,19.2080078125,8.017578125,53.75,325.6103515625,674.5498046875,21,1,3,0,3,7,4,0,0,2,1,2,2,0,198.12,200.66,185.0,33.0,28.0,0,0,0,0,0,0,0,1,0,0,0,0,0,0,0,0,0,1,0,0,1,0,0,0
Blue,False,0.015625,0.0,0.45,0.4275,0.25,0.2,0.148468017578125,0.098388671875,0.0,0.0,66.5,29.6875,64.31230545043945,27.34375,89.75,48.0,85.53125,44.41152191162109,2.0,0.75,2.0546875,0.75,51.1875,18.3359375,49.6123046875,16.280410766601562,7.5,5.07647705078125,7.5,5.0,4.5,3.625,4.984375,3.9375,48.6875,17.0,47.11572265625,16.5,5.75,3.75,5.3125,3.4375,5.0625,3.5,3.875,2.5,99.2119140625,94.125,638.5,0,0,0,0,0,0,0,0,0,0,0,0,0,0,182.88,182.88,155.0,0.0471682548522949,0.0,0.45,0.4217682266235352,0.25,0.19173828125,0.1875,0.125,0.0,0.0,69.5,30.5,66.984375,27.8466796875,94.0,48.544921875,88.50390625,44.75,2.0,0.8125,2.015625,0.6640625,54.0,19.01513671875,51.483436584472656,16.9437255859375,7.91796875,5.430633544921875,7.75,5.0625,4.780975341796875,3.9373779296875,4.8994140625,3.84375,51.025390625,18.400863647460938,50.515625,17.5,5.75,3.75,5.5,3.5,5.375,3.6875,4.0,2.65625,104.865234375,89.5,655.8441009521484,0,0,0,0,0,0,0,0,0,0,0,0,0,0,180.34,180.34,155.0,31.0,26.0,0,0,0,0,0,0,1,0,0,0,0,0,0,0,0,0,0,1,0,0,1,0,0,0
Red,False,0.5,0.0,0.51,0.4575,0.5800000000000001,0.325,0.5,0.5,0.25,0.75,43.25,19.5,50.5,22.0,54.75,30.0,89.75,56.0,3.0,1.75,4.25,2.25,41.0,17.75,46.75,18.75,0.75,0.75,2.25,1.75,1.5,1.0,1.5,1.5,30.0,10.75,26.75,10.25,7.25,4.25,5.5,2.25,6.0,4.5,18.25,9.5,71.5,271.0,501.0,7,0,0,2,1,1,2,0,0,0,0,0,1,0,182.88,187.96,205.0,0.501953125,0.0625,0.3969189453124999,0.420595703125,0.351162109375,0.101923828125,0.41845703125,0.03271484375,0.12548828125,0.00048828125,100.95263671875,40.013671875,86.89892578125,34.64306640625,135.45556640625,71.28369140625,98.58642578125,44.763671875,3.39306640625,1.50537109375,3.2412109375,0.88818359375,84.5732421875,29.2548828125,75.34716796875,27.14892578125,9.21728515625,6.19287109375,3.9111328125,2.513671875,7.162109375,4.56591796875,7.640625,4.98046875,52.63818359375,13.51318359375,54.884765625,21.46728515625,34.84228515625,17.66552734375,28.087890625,10.4345703125,13.47216796875,8.8349609375,3.92626953125,2.7412109375,177.2724609375,150.75830078125,608.884765625,30,1,0,1,3,6,6,0,0,0,2,2,2,0,193.04,200.66,205.0,31.0,33.0,0,0,0,0,0,1,0,0,0,0,0,0,0,0,0,1,0,0,0,0,1,0,0,0
Red,False,0.015625,0.0,0.45,0.4275,0.25,0.2,0.148468017578125,0.098388671875,0.0,0.0,66.5,29.6875,64.31230545043945,27.34375,89.75,48.0,85.53125,44.41152191162109,2.0,0.75,2.0546875,0.75,51.1875,18.3359375,49.6123046875,16.280410766601562,7.5,5.07647705078125,7.5,5.0,4.5,3.625,4.984375,3.9375,48.6875,17.0,47.11572265625,16.5,5.75,3.75,5.3125,3.4375,5.0625,3.5,3.875,2.5,99.2119140625,94.125,638.5,0,0,0,0,0,0,0,0,0,0,0,0,0,0,177.8,177.8,155.0,0.0471682548522949,0.0,0.45,0.4217682266235352,0.25,0.19173828125,0.1875,0.125,0.0,0.0,69.5,30.5,66.984375,27.8466796875,94.0,48.544921875,88.50390625,44.75,2.0,0.8125,2.015625,0.6640625,54.0,19.01513671875,51.483436584472656,16.9437255859375,7.91796875,5.430633544921875,7.75,5.0625,4.780975341796875,3.9373779296875,4.8994140625,3.84375,51.025390625,18.400863647460938,50.515625,17.5,5.75,3.75,5.5,3.5,5.375,3.6875,4.0,2.65625,104.865234375,89.5,655.8441009521484,0,0,0,0,0,0,0,0,0,0,0,0,0,0,182.88,182.88,155.0,23.0,22.0,0,0,0,0,0,0,1,0,0,0,0,0,0,0,0,1,0,0,0,0,0,0,0,1
Blue,False,0.0,0.0,0.495,0.5175,0.0,0.7125,0.75,5.25,1.5,1.25,39.75,16.25,76.75,32.75,96.75,64.75,127.0,74.0,0.75,0.0,3.25,2.5,33.5,12.0,74.25,30.75,2.5,1.75,2.5,2.0,3.75,2.5,0.0,0.0,24.75,7.25,28.0,6.75,5.25,2.25,10.25,4.25,9.75,6.75,38.5,21.75,108.0,531.0,740.5,7,0,0,1,1,1,2,0,0,0,0,0,1,0,177.8,172.72,145.0,0.0471682548522949,0.0,0.45,0.4217682266235352,0.25,0.19173828125,0.1875,0.125,0.0,0.0,69.5,30.5,66.984375,27.8466796875,94.0,48.544921875,88.50390625,44.75,2.0,0.8125,2.015625,0.6640625,54.0,19.01513671875,51.483436584472656,16.9437255859375,7.91796875,5.430633544921875,7.75,5.0625,4.780975341796875,3.9373779296875,4.8994140625,3.84375,51.025390625,18.400863647460938,50.515625,17.5,5.75,3.75,5.5,3.5,5.375,3.6875,4.0,2.65625,104.865234375,89.5,655.8441009521484,0,0,0,0,0,0,0,0,0,0,0,0,0,0,167.64,177.8,135.0,31.0,27.0,0,0,1,0,0,0,0,0,0,0,0,0,0,0,0,1,0,0,0,0,1,0,0,0
Red,True,0.015625,0.0,0.45,0.4275,0.25,0.2,0.148468017578125,0.098388671875,0.0,0.0,66.5,29.6875,64.31230545043945,27.34375,89.75,48.0,85.53125,44.41152191162109,2.0,0.75,2.0546875,0.75,51.1875,18.3359375,49.6123046875,16.280410766601562,7.5,5.07647705078125,7.5,5.0,4.5,3.625,4.984375,3.9375,48.6875,17.0,47.11572265625,16.5,5.75,3.75,5.3125,3.4375,5.0625,3.5,3.875,2.5,99.2119140625,94.125,638.5,0,0,0,0,0,0,0,0,0,0,0,0,0,0,177.8,185.42,155.0,0.0471682548522949,0.0,0.45,0.4217682266235352,0.25,0.19173828125,0.1875,0.125,0.0,0.0,69.5,30.5,66.984375,27.8466796875,94.0,48.544921875,88.50390625,44.75,2.0,0.8125,2.015625,0.6640625,54.0,19.01513671875,51.483436584472656,16.9437255859375,7.91796875,5.430633544921875,7.75,5.0625,4.780975341796875,3.9373779296875,4.8994140625,3.84375,51.025390625,18.400863647460938,50.515625,17.5,5.75,3.75,5.5,3.5,5.375,3.6875,4.0,2.65625,104.865234375,89.5,655.8441009521484,0,0,0,0,0,0,0,0,0,0,0,0,0,0,182.88,187.96,145.0,24.0,25.0,0,0,0,0,0,0,1,0,0,0,0,0,0,0,0,0,0,1,0,0,0,0,1,0
Red,False,0.015625,0.0,0.45,0.4275,0.25,0.2,0.148468017578125,0.098388671875,0.0,0.0,66.5,29.6875,64.31230545043945,27.34375,89.75,48.0,85.53125,44.41152191162109,2.0,0.75,2.0546875,0.75,51.1875,18.3359375,49.6123046875,16.280410766601562,7.5,5.07647705078125,7.5,5.0,4.5,3.625,4.984375,3.9375,48.6875,17.0,47.11572265625,16.5,5.75,3.75,5.3125,3.4375,5.0625,3.5,3.875,2.5,99.2119140625,94.125,638.5,0,0,0,0,0,0,0,0,0,0,0,0,0,0,172.72,177.8,145.0,0.0471682548522949,0.0,0.45,0.4217682266235352,0.25,0.19173828125,0.1875,0.125,0.0,0.0,69.5,30.5,66.984375,27.8466796875,94.0,48.544921875,88.50390625,44.75,2.0,0.8125,2.015625,0.6640625,54.0,19.01513671875,51.483436584472656,16.9437255859375,7.91796875,5.430633544921875,7.75,5.0625,4.780975341796875,3.9373779296875,4.8994140625,3.84375,51.025390625,18.400863647460938,50.515625,17.5,5.75,3.75,5.5,3.5,5.375,3.6875,4.0,2.65625,104.865234375,89.5,655.8441009521484,0,0,0,0,0,0,0,0,0,0,0,0,0,0,172.72,172.72,145.0,27.0,27.0,0,0,1,0,0,0,0,0,0,0,0,0,0,0,0,1,0,0,0,0,1,0,0,0
Blue,False,0.015625,0.0,0.45,0.4275,0.25,0.2,0.148468017578125,0.098388671875,0.0,0.0,66.5,29.6875,64.31230545043945,27.34375,89.75,48.0,85.53125,44.41152191162109,2.0,0.75,2.0546875,0.75,51.1875,18.3359375,49.6123046875,16.280410766601562,7.5,5.07647705078125,7.5,5.0,4.5,3.625,4.984375,3.9375,48.6875,17.0,47.11572265625,16.5,5.75,3.75,5.3125,3.4375,5.0625,3.5,3.875,2.5,99.2119140625,94.125,638.5,0,0,0,0,0,0,0,0,0,0,0,0,0,0,170.18,172.72,135.0,0.0471682548522949,0.0,0.45,0.4217682266235352,0.25,0.19173828125,0.1875,0.125,0.0,0.0,69.5,30.5,66.984375,27.8466796875,94.0,48.544921875,88.50390625,44.75,2.0,0.8125,2.015625,0.6640625,54.0,19.01513671875,51.483436584472656,16.9437255859375,7.91796875,5.430633544921875,7.75,5.0625,4.780975341796875,3.9373779296875,4.8994140625,3.84375,51.025390625,18.400863647460938,50.515625,17.5,5.75,3.75,5.5,3.5,5.375,3.6875,4.0,2.65625,104.865234375,89.5,655.8441009521484,0,0,0,0,0,0,0,0,0,0,0,0,0,0,175.26,177.8,125.0,23.0,24.0,1,0,0,0,0,0,0,0,0,0,0,0,0,0,0,1,0,0,0,0,1,0,0,0
Blue,False,0.015625,0.0,0.45,0.4275,0.25,0.2,0.148468017578125,0.098388671875,0.0,0.0,66.5,29.6875,64.31230545043945,27.34375,89.75,48.0,85.53125,44.41152191162109,2.0,0.75,2.0546875,0.75,51.1875,18.3359375,49.6123046875,16.280410766601562,7.5,5.07647705078125,7.5,5.0,4.5,3.625,4.984375,3.9375,48.6875,17.0,47.11572265625,16.5,5.75,3.75,5.3125,3.4375,5.0625,3.5,3.875,2.5,99.2119140625,94.125,638.5,0,0,0,0,0,0,0,0,0,0,0,0,0,0,185.42,185.42,145.0,0.0471682548522949,0.0,0.45,0.4217682266235352,0.25,0.19173828125,0.1875,0.125,0.0,0.0,69.5,30.5,66.984375,27.8466796875,94.0,48.544921875,88.50390625,44.75,2.0,0.8125,2.015625,0.6640625,54.0,19.01513671875,51.483436584472656,16.9437255859375,7.91796875,5.430633544921875,7.75,5.0625,4.780975341796875,3.9373779296875,4.8994140625,3.84375,51.025390625,18.400863647460938,50.515625,17.5,5.75,3.75,5.5,3.5,5.375,3.6875,4.0,2.65625,104.865234375,89.5,655.8441009521484,0,0,0,0,0,0,0,0,0,0,0,0,0,0,167.64,167.64,145.0,27.0,31.0,0,0,1,0,0,0,0,0,0,0,0,0,0,0,0,1,0,0,0,0,1,0,0,0
Blue,False,0.0,0.0,0.495,0.25,0.15,0.5,0.0,0.0,0.0,0.0,35.0,17.5,40.0,10.0,72.5,51.0,47.0,15.0,6.0,1.5,2.5,2.5,23.5,9.0,37.0,8.5,5.5,5.0,1.5,1.0,6.0,3.5,1.5,0.5,23.0,7.5,33.0,7.0,8.0,7.0,4.0,1.5,4.0,3.0,3.0,1.5,273.5,185.5,827.5,6,0,0,1,1,1,1,0,0,0,1,0,0,0,185.42,198.12,185.0,0.5,0.0,0.3349999999999999,0.33,0.165,0.11,0.0,0.0,0.0,0.0,72.5,24.5,88.0,28.5,91.0,42.0,104.0,41.0,2.0,0.5,5.0,1.0,63.5,18.0,63.0,15.5,3.0,1.5,13.0,3.0,6.0,5.0,12.0,10.0,54.0,13.0,83.0,25.0,1.5,1.0,3.5,2.5,17.0,10.5,1.5,1.0,155.5,48.0,732.5,5,0,2,0,2,2,0,0,0,0,1,1,0,0,177.8,182.88,170.0,29.0,33.0,0,0,0,0,0,0,0,1,0,0,0,0,0,0,0,1,0,0,0,0,1,0,0,0
Red,False,0.125,0.0,0.490625,0.365625,0.28125,0.1875,0.5,0.25,0.0,0.0,83.5,42.375,70.75,26.0,111.1875,69.3125,100.0625,52.875,3.1875,1.5625,2.1875,1.0625,64.4375,26.5,50.8125,10.5625,12.875,10.8125,9.0,5.875,6.1875,5.0625,10.9375,9.5625,59.4375,25.6875,53.625,13.6875,15.75,10.6875,11.9375,9.25,8.3125,6.0,5.1875,3.0625,113.625,194.8125,732.6875,10,0,1,0,1,3,2,0,0,0,1,2,0,0,182.88,187.96,185.0,0.0,0.0,0.6275,0.155,0.6125,0.0,0.5,0.0,0.0,0.0,76.25,45.0,12.5,2.25,119.25,81.5,14.0,3.75,4.25,2.5,3.0,0.0,53.75,27.5,9.25,0.5,19.0,15.75,2.0,1.0,3.5,1.75,1.25,0.75,19.25,5.0,9.75,1.5,6.25,6.0,2.75,0.75,50.75,34.0,0.0,0.0,558.5,6.25,748.75,7,0,3,0,3,3,0,0,0,0,2,0,1,0,187.96,200.66,205.0,29.0,26.0,0,0,0,0,0,1,0,0,0,0,0,0,0,0,0,1,0,0,0,0,1,0,0,0
Blue,False,0.0,0.25,0.4034375,0.6315625,0.4,0.19625,1.0,0.53125,0.5,0.125,39.0,18.03125,43.96875,27.0,91.53125,64.25,83.15625,61.28125,5.1875,2.1875,0.78125,0.53125,32.0625,13.5,30.65625,15.9375,3.875,2.625,10.375,9.125,3.0625,1.90625,2.9375,1.9375,13.5,2.59375,25.28125,13.59375,6.65625,3.375,9.46875,7.59375,18.84375,12.0625,9.21875,5.8125,516.625,151.5,849.6875,16,1,1,0,1,2,4,0,0,0,1,0,1,0,175.26,182.88,155.0,0.0,0.25390625,0.4171533203124999,0.4442138671875,0.3044873046875,0.2056201171875,0.51416015625,1.021484375,0.0009765625,0.154296875,63.35693359375,26.76171875,52.23388671875,21.8154296875,90.11181640625,51.7216796875,71.79052734375,40.47607421875,8.94140625,2.55517578125,4.03759765625,1.21875,54.33447265625,18.93896484375,38.09765625,9.3369140625,1.70263671875,1.62841796875,5.12939453125,4.60107421875,7.31982421875,6.1943359375,9.0068359375,7.87744140625,38.34619140625,11.32568359375,34.79150390625,7.7998046875,15.208984375,9.80517578125,13.96435546875,11.30615234375,9.8017578125,5.630859375,3.47802734375,2.70947265625,265.2685546875,234.65869140625,750.861328125,31,0,1,0,4,8,4,0,0,1,5,1,1,0,177.8,182.88,170.0,34.0,28.0,0,0,0,0,0,0,0,0,0,1,0,0,0,0,0,1,0,0,0,0,1,0,0,0
Blue,False,0.5,0.0,0.435,0.195,0.3125,0.135,0.125,0.5,0.0,0.0,32.75,14.0,16.125,4.0,40.5,20.625,20.625,8.25,1.0,0.5,0.875,0.5,30.0,12.0,14.625,3.25,1.5,1.125,1.375,0.625,1.25,0.875,0.125,0.125,17.375,5.5,13.375,2.375,1.125,0.375,0.875,0.625,14.25,8.125,1.875,1.0,31.625,40.25,168.0,6,0,0,1,1,2,2,0,0,0,0,2,0,0,175.26,180.34,170.0,0.75,0.0,0.60546875,0.4053125,0.2890625,0.1528125,1.015625,2.640625,0.0,0.25,37.78125,22.84375,40.0625,16.6875,49.703125,34.25,61.59375,36.4375,1.1875,0.546875,5.125,1.609375,25.34375,13.484375,32.625,11.578125,8.59375,6.78125,6.28125,4.34375,3.84375,2.578125,1.15625,0.765625,25.109375,13.40625,27.53125,9.125,7.65625,6.09375,10.046875,6.140625,5.015625,3.34375,2.484375,1.421875,86.78125,241.8125,470.96875,15,0,1,0,3,4,3,0,0,0,0,3,1,0,182.88,190.5,170.0,26.0,29.0,0,0,0,0,0,0,0,0,0,1,0,0,0,0,0,1,0,0,0,0,1,0,0,0
Blue,False,0.015625,0.0,0.45,0.4275,0.25,0.2,0.148468017578125,0.098388671875,0.0,0.0,66.5,29.6875,64.31230545043945,27.34375,89.75,48.0,85.53125,44.41152191162109,2.0,0.75,2.0546875,0.75,51.1875,18.3359375,49.6123046875,16.280410766601562,7.5,5.07647705078125,7.5,5.0,4.5,3.625,4.984375,3.9375,48.6875,17.0,47.11572265625,16.5,5.75,3.75,5.3125,3.4375,5.0625,3.5,3.875,2.5,99.2119140625,94.125,638.5,0,0,0,0,0,0,0,0,0,0,0,0,0,0,180.34,180.34,185.0,0.5,0.25,0.31,0.3775,0.625,0.0625,0.0,0.0,0.25,0.0,48.0,14.5,47.5,15.75,52.75,18.25,70.25,35.5,3.0,2.75,2.0,0.25,46.5,14.0,39.0,8.75,1.25,0.25,3.75,3.25,0.25,0.25,4.75,3.75,37.25,9.25,39.25,8.75,1.75,1.25,7.5,6.25,9.0,4.0,0.75,0.75,178.75,76.0,650.75,7,0,3,0,3,3,0,0,0,0,0,3,0,0,180.34,195.58,185.0,29.0,31.0,0,0,0,0,0,0,0,1,0,0,0,0,0,0,0,1,0,0,0,0,0,0,1,0
Blue,False,0.5,0.8125,0.40875,0.34375,0.195,0.53125,0.125,0.9375,0.3125,0.25,49.1875,20.4375,58.0625,18.1875,57.875,27.3125,107.0625,66.6875,10.625,1.0,1.125,0.6875,42.9375,14.5625,52.4375,12.8125,5.1875,4.875,4.75,4.5,1.0625,1.0,0.875,0.875,26.3125,9.0625,48.8125,12.75,5.75,3.3125,4.5625,2.3125,17.125,8.0625,4.6875,3.125,125.4375,193.4375,657.0625,10,0,0,1,3,3,2,0,0,1,0,2,0,0,182.88,180.34,185.0,0.25,0.0,0.49375,0.3825,0.4325,0.04,0.5,0.5,0.0,0.0,75.625,35.625,82.5,35.0,97.5,54.75,98.5,50.0,7.0,2.0,1.5,0.25,59.125,23.5,72.625,28.75,12.25,8.125,3.375,1.75,4.25,4.0,6.5,4.5,44.625,14.375,52.625,16.5,20.875,15.375,27.5,16.375,10.125,5.875,2.375,2.125,210.5,61.25,555.625,8,0,3,0,3,3,1,0,0,1,0,2,0,0,182.88,185.42,170.0,32.0,36.0,0,0,0,0,0,0,0,1,0,0,0,0,0,0,0,1,0,0,0,0,1,0,0,0
Blue,False,0.0312728881835937,0.0,0.324955825805664,0.3281895446777344,0.3558255004882812,0.2015829467773437,0.08746337890625,0.0003662109375,0.001953125,0.5006103515625,165.50299072265625,50.98097229003906,199.1611785888672,68.33358764648438,194.6635055541992,79.1089859008789,237.5997772216797,104.52304077148438,1.7514419555664062,1.0767822265625,12.339767456054688,1.8826675415039065,152.2620620727539,42.15077972412109,154.37947845458984,42.76734161376953,10.768333435058594,6.857994079589844,28.135910034179688,16.055831909179688,2.47259521484375,1.972198486328125,16.645790100097656,9.510414123535156,147.73802185058594,39.03748321533203,173.67511749267578,51.04651641845703,13.410270690917969,9.124778747558594,12.857772827148438,7.5898284912109375,4.354698181152344,2.818710327148437,12.628288269042969,9.697242736816406,75.09431457519531,299.3420944213867,1426.4170608520508,55,11,3,0,3,11,7,0,0,0,1,5,4,1,175.26,177.8,155.0,1.0,0.2036151885986328,0.3431724715232849,0.36790864944458,0.0978501725196838,0.2268463134765625,0.5519609451293945,0.1495263576507568,0.016265869140625,0.0196895599365234,48.30416440963745,23.96710228919983,49.78281569480896,17.270769357681274,56.224477767944336,31.468464612960812,56.68037438392639,23.851385593414307,1.5183234214782717,0.4770815372467041,0.5433235168457031,0.2893829345703125,33.53881621360779,10.848364353179932,37.571873903274536,8.99940276145935,4.432813405990601,3.911203145980835,8.941408634185791,5.370974063873291,10.332534790039062,9.207534790039062,3.269533157348633,2.900392532348633,36.90233254432678,15.025088548660278,45.09244680404663,13.628409624099731,6.867867708206177,5.47321367263794,2.432944774627685,2.1296868324279785,4.533964157104492,3.4688000679016118,2.257424116134644,1.5126729011535645,121.0334734916687,26.7239351272583,492.6185841560364,49,12,2,0,6,18,5,0,0,0,5,6,5,2,175.26,185.42,170.0,31.0,37.0,0,0,0,0,0,0,0,0,0,1,0,0,0,0,0,1,0,0,0,0,0,0,0,1
Red,False,0.5546875,0.5,0.6366796875,0.48609375,0.5815625,0.009921875,0.08984375,0.09375,0.01953125,0.0,44.8359375,20.91015625,56.76171875,29.91015625,50.3828125,25.78125,63.34765625,36.2734375,1.5078125,1.1875,2.015625,0.05078125,27.5,10.203125,26.1640625,9.76953125,11.296875,8.1484375,8.640625,5.09375,6.0390625,2.55859375,21.95703125,15.046875,33.47265625,14.01171875,40.5546875,16.3125,7.77734375,4.71875,13.1640625,10.58203125,3.5859375,2.1796875,3.04296875,3.015625,62.65625,60.87109375,619.25,23,3,8,0,8,8,1,0,0,0,5,2,1,0,185.42,187.96,185.0,1.25,0.0,0.40609375,0.43890625,0.185625,0.1365625,0.0,0.28125,0.0,0.03125,77.03125,30.109375,96.484375,38.359375,94.0625,46.171875,120.765625,58.078125,1.546875,0.5625,7.078125,1.59375,65.328125,19.765625,75.25,21.796875,8.484375,7.125,7.03125,4.84375,3.21875,3.21875,14.203125,11.71875,51.75,15.8125,71.96875,21.515625,18.453125,9.765625,14.734375,10.625,6.828125,4.53125,9.78125,6.21875,102.765625,273.546875,850.78125,20,3,3,0,3,5,2,0,0,0,2,3,0,0,185.42,185.42,205.0,32.0,32.0,0,0,0,0,0,1,0,0,0,0,0,0,0,0,0,0,0,1,0,0,1,0,0,0
Red,False,0.0078125,0.0,0.554296875,0.2425,0.590859375,0.140625,1.75,0.0,0.1328125,0.140625,40.40625,19.1484375,80.171875,28.15625,46.390625,24.3125,88.625,36.015625,6.0390625,2.421875,0.25,0.1875,39.3984375,18.171875,67.0625,18.4921875,0.4765625,0.4765625,7.484375,5.6640625,0.53125,0.5,5.625,4.0,22.3828125,6.5078125,70.4375,23.1015625,3.7265625,2.0390625,3.515625,2.515625,14.296875,10.6015625,6.21875,2.5390625,133.9296875,72.2578125,403.7578125,14,0,3,0,3,6,2,0,0,0,0,2,4,0,177.8,180.34,155.0,0.5,0.5,0.299375,0.29125,0.6009375,0.625,1.1875,0.5,0.28125,0.09375,121.0,34.71875,73.71875,24.75,156.9375,66.53125,95.5,44.46875,2.5625,1.65625,3.0625,2.25,113.4375,32.4375,65.59375,19.875,6.9375,1.65625,2.96875,2.0,0.625,0.625,5.15625,2.875,104.78125,23.53125,61.40625,17.875,3.6875,1.84375,6.40625,4.625,12.53125,9.34375,5.90625,2.25,292.9375,171.46875,790.0625,13,0,6,0,6,6,0,0,0,0,2,1,3,0,177.8,180.34,155.0,26.0,33.0,0,0,0,0,0,0,1,0,0,0,0,0,0,0,0,1,0,0,0,0,1,0,0,0
Blue,False,0.015625,0.0,0.45,0.4275,0.25,0.2,0.148468017578125,0.098388671875,0.0,0.0,66.5,29.6875,64.31230545043945,27.34375,89.75,48.0,85.53125,44.41152191162109,2.0,0.75,2.0546875,0.75,51.1875,18.3359375,49.6123046875,16.280410766601562,7.5,5.07647705078125,7.5,5.0,4.5,3.625,4.984375,3.9375,48.6875,17.0,47.11572265625,16.5,5.75,3.75,5.3125,3.4375,5.0625,3.5,3.875,2.5,99.2119140625,94.125,638.5,0,0,0,0,0,0,0,0,0,0,0,0,0,0,180.34,190.5,145.0,0.0471682548522949,0.0,0.45,0.4217682266235352,0.25,0.19173828125,0.1875,0.125,0.0,0.0,69.5,30.5,66.984375,27.8466796875,94.0,48.544921875,88.50390625,44.75,2.0,0.8125,2.015625,0.6640625,54.0,19.01513671875,51.483436584472656,16.9437255859375,7.91796875,5.430633544921875,7.75,5.0625,4.780975341796875,3.9373779296875,4.8994140625,3.84375,51.025390625,18.400863647460938,50.515625,17.5,5.75,3.75,5.5,3.5,5.375,3.6875,4.0,2.65625,104.865234375,89.5,655.8441009521484,0,0,0,0,0,0,0,0,0,0,0,0,0,0,172.72,172.72,145.0,24.0,31.0,0,0,0,0,0,0,1,0,0,0,0,0,0,0,0,1,0,0,0,0,1,0,0,0
Red,False,0.015625,0.0,0.45,0.4275,0.25,0.2,0.148468017578125,0.098388671875,0.0,0.0,66.5,29.6875,64.31230545043945,27.34375,89.75,48.0,85.53125,44.41152191162109,2.0,0.75,2.0546875,0.75,51.1875,18.3359375,49.6123046875,16.280410766601562,7.5,5.07647705078125,7.5,5.0,4.5,3.625,4.984375,3.9375,48.6875,17.0,47.11572265625,16.5,5.75,3.75,5.3125,3.4375,5.0625,3.5,3.875,2.5,99.2119140625,94.125,638.5,0,0,0,0,0,0,0,0,0,0,0,0,0,0,187.96,187.96,155.0,0.0,0.28125,0.41953125,0.39875,0.1453125,0.75,1.890625,1.75,1.671875,0.5625,72.859375,30.609375,68.9375,24.875,112.75,65.953125,91.125,45.140625,0.6875,0.3125,4.46875,3.46875,65.46875,24.828125,60.234375,18.984375,4.328125,3.59375,3.34375,2.15625,3.0625,2.1875,5.359375,3.734375,36.578125,7.5625,39.34375,10.015625,6.3125,3.484375,3.15625,1.671875,29.96875,19.5625,26.4375,13.1875,258.6875,298.09375,744.625,18,0,1,0,2,4,3,0,0,0,3,0,1,0,175.26,177.8,155.0,23.0,26.0,0,0,0,0,0,0,1,0,0,0,0,0,0,0,0,1,0,0,0,0,1,0,0,0
Blue,False,0.0,0.25,0.5762499999999999,0.44375,0.3975,0.09125,1.375,0.375,0.0,0.125,82.75,40.25,68.0,26.5,134.25,87.125,96.0,52.25,14.75,5.5,1.875,0.625,58.25,20.375,56.625,17.25,17.625,14.75,7.875,6.75,6.875,5.125,3.5,2.5,51.375,19.5,46.75,13.25,17.875,11.25,19.125,12.25,13.5,9.5,2.125,1.0,562.125,73.0,900.0,12,0,1,0,2,3,1,0,0,0,3,0,0,0,172.72,172.72,145.0,0.125,0.5,0.297021484375,0.310849609375,0.03595703125,0.146767578125,0.2626953125,0.47265625,0.00390625,0.0712890625,68.142578125,25.154296875,53.19140625,16.015625,84.73828125,38.9560546875,63.125,23.416015625,0.9091796875,0.125,1.9833984375,0.921875,51.32421875,13.38671875,45.5078125,10.00390625,4.8134765625,2.841796875,5.037109375,4.1474609375,12.0048828125,8.92578125,2.646484375,1.8642578125,60.787109375,21.3466796875,48.505859375,12.98046875,2.5517578125,1.23828125,3.3095703125,1.931640625,4.8037109375,2.5693359375,1.3759765625,1.103515625,26.2734375,145.02734375,431.978515625,28,0,1,0,4,7,4,0,0,1,4,1,1,0,167.64,172.72,145.0,26.0,26.0,0,0,0,0,0,0,1,0,0,0,0,0,0,0,0,1,0,0,0,0,1,0,0,0
Red,False,0.0,0.25,0.495625,0.538125,0.395,0.1875,1.5,0.125,0.0,0.0,48.75,26.1875,100.4375,59.8125,118.0625,88.25,158.5625,112.5625,4.875,2.3125,0.6875,0.1875,32.625,14.4375,56.0,21.75,14.0,9.625,39.4375,33.5625,2.125,2.125,5.0,4.5,17.3125,4.8125,37.5,14.1875,23.25,15.125,49.125,38.375,8.1875,6.25,13.8125,7.25,256.8125,281.25,662.8125,9,0,1,0,1,3,2,0,0,0,1,0,2,0,177.8,185.42,185.0,1.0,0.0,0.56,0.2,0.0,0.0,0.0,0.0,0.0,0.0,88.0,50.0,45.0,9.0,88.0,50.0,45.0,9.0,0.0,0.0,2.0,0.0,62.0,28.0,38.0,7.0,4.0,4.0,2.0,1.0,22.0,18.0,5.0,1.0,74.0,43.0,45.0,9.0,6.0,4.0,0.0,0.0,8.0,3.0,0.0,0.0,5.0,0.0,492.0,2,0,1,0,1,1,0,0,0,0,0,1,0,0,185.42,193.04,170.0,29.0,30.0,0,0,0,0,0,0,0,1,0,0,0,0,0,0,0,1,0,0,0,0,0,0,1,0
Red,False,0.0,0.0,0.36,0.4599999999999999,0.22,0.1,1.0,0.5,0.5,1.0,48.0,16.5,91.0,42.0,66.5,32.5,133.0,81.5,6.5,1.5,2.5,0.5,33.0,6.5,58.0,18.5,7.5,4.0,10.0,6.0,7.5,6.0,23.0,17.5,38.5,12.0,69.5,29.0,8.5,4.0,11.5,7.5,1.0,0.5,10.0,5.5,307.5,235.5,900.0,6,0,0,2,0,0,2,0,0,0,0,0,0,0,182.88,190.5,170.0,0.0,0.0625,0.37625,0.531875,0.25,0.46875,0.125,0.0,0.0,0.0,88.125,43.75,76.9375,31.4375,99.8125,55.0625,101.3125,53.25,0.625,0.5,4.8125,3.1875,57.375,20.1875,64.875,23.4375,20.125,14.875,6.6875,3.125,10.625,8.6875,5.375,4.875,59.375,27.25,48.3125,13.125,21.5,12.0,13.3125,7.5625,7.25,4.5,15.3125,10.75,121.25,433.9375,800.6875,11,1,1,0,2,3,2,0,0,0,2,0,1,0,177.8,190.5,170.0,23.0,30.0,0,0,0,0,0,0,0,0,0,1,0,0,0,0,0,0,0,1,0,0,1,0,0,0
Red,False,0.25,0.0,0.4887499999999999,0.54375,0.0,0.19,0.0,0.5,0.0,0.0,81.25,32.75,74.25,35.125,101.25,52.625,113.625,71.125,0.25,0.0,11.375,3.5,59.625,17.125,50.5,17.25,15.0,9.875,14.375,10.75,6.625,5.75,9.375,7.125,61.75,16.25,51.375,19.375,18.875,16.0,21.375,14.25,0.625,0.5,1.5,1.5,69.75,443.875,812.75,10,1,0,1,2,2,2,0,0,0,1,1,0,0,180.34,185.42,155.0,0.28515625,0.0390625,0.25765625,0.329375,0.1078125,0.3771875,0.125,0.03515625,0.2578125,0.265625,212.84765625,55.2421875,126.32421875,43.2109375,216.484375,57.94140625,130.68359375,47.14453125,1.55859375,0.51171875,0.765625,0.484375,170.3515625,27.30859375,95.28515625,21.5703125,18.9453125,9.33984375,11.81640625,7.5859375,23.55078125,18.59375,19.22265625,14.0546875,205.0390625,52.59375,121.69921875,40.3828125,6.21484375,1.953125,2.859375,1.953125,1.59375,0.6953125,1.765625,0.875,28.01171875,32.90625,782.16015625,19,0,0,1,3,5,4,0,0,0,1,3,1,0,167.64,177.8,145.0,29.0,31.0,0,0,0,0,0,0,1,0,0,0,0,0,0,0,0,1,0,0,0,0,1,0,0,0
Red,False,0.015625,0.0,0.45,0.4275,0.25,0.2,0.148468017578125,0.098388671875,0.0,0.0,66.5,29.6875,64.31230545043945,27.34375,89.75,48.0,85.53125,44.41152191162109,2.0,0.75,2.0546875,0.75,51.1875,18.3359375,49.6123046875,16.280410766601562,7.5,5.07647705078125,7.5,5.0,4.5,3.625,4.984375,3.9375,48.6875,17.0,47.11572265625,16.5,5.75,3.75,5.3125,3.4375,5.0625,3.5,3.875,2.5,99.2119140625,94.125,638.5,0,0,0,0,0,0,0,0,0,0,0,0,0,0,175.26,175.26,170.0,0.0471682548522949,0.0,0.45,0.4217682266235352,0.25,0.19173828125,0.1875,0.125,0.0,0.0,69.5,30.5,66.984375,27.8466796875,94.0,48.544921875,88.50390625,44.75,2.0,0.8125,2.015625,0.6640625,54.0,19.01513671875,51.483436584472656,16.9437255859375,7.91796875,5.430633544921875,7.75,5.0625,4.780975341796875,3.9373779296875,4.8994140625,3.84375,51.025390625,18.400863647460938,50.515625,17.5,5.75,3.75,5.5,3.5,5.375,3.6875,4.0,2.65625,104.865234375,89.5,655.8441009521484,0,0,0,0,0,0,0,0,0,0,0,0,0,0,185.42,185.42,170.0,29.0,23.0,0,0,0,0,0,0,0,0,0,1,0,0,0,0,0,1,0,0,0,0,1,0,0,0
Red,False,0.0,0.0,0.49875,0.5662499999999999,0.25,0.32625,1.0,0.75,0.25,0.0,60.125,29.0,77.5,47.25,83.125,50.875,154.125,106.5,1.625,0.625,7.75,2.75,44.875,17.5,55.875,28.75,11.125,8.375,17.25,15.5,4.125,3.125,4.375,3.0,31.0,9.75,25.25,8.125,20.125,13.125,11.375,8.5,9.0,6.125,40.875,30.625,113.5,523.375,806.625,10,0,2,0,2,2,2,0,0,0,0,1,1,0,187.96,193.04,170.0,0.125,0.25,0.325,0.1125,0.0,0.3125,0.0,0.25,0.0,0.0,16.5,5.875,14.75,4.5,22.25,10.5,20.125,9.25,0.0,0.0,1.75,0.875,12.75,2.75,11.375,2.375,3.375,2.75,1.5,0.625,0.375,0.375,1.875,1.5,12.375,2.625,9.5,2.625,1.375,1.25,0.0,0.0,2.75,2.0,5.25,1.875,37.75,59.875,173.0,6,0,2,0,2,2,2,0,0,0,1,1,0,0,177.8,177.8,170.0,25.0,32.0,0,0,0,0,0,0,0,0,0,1,0,0,0,0,0,1,0,0,0,0,1,0,0,0
Blue,False,0.8125,0.5,0.3810156249999999,0.30083984375,0.523984375,0.114140625,0.1728515625,0.0009765625,0.0,0.0048828125,87.6142578125,30.8759765625,74.1572265625,23.2060546875,133.65625,76.3984375,85.30859375,33.2998046875,0.5869140625,0.552734375,9.8271484375,1.0390625,82.5810546875,26.0771484375,59.2861328125,12.4873046875,4.6025390625,4.3916015625,3.9521484375,1.9443359375,0.4306640625,0.4072265625,10.9189453125,8.7744140625,77.21484375,24.21484375,64.4716796875,17.5966796875,1.9921875,1.4287109375,7.666015625,5.34765625,8.4072265625,5.232421875,2.01953125,0.26171875,238.1162109375,91.4443359375,778.318359375,31,0,4,0,4,9,2,0,0,1,4,3,0,1,187.96,190.5,170.0,0.234375,0.02001953125,0.4983935546875,0.281806640625,0.04505859375,0.2566064453125,1.07421875,0.6015625,0.25146484375,0.0078125,32.826171875,15.13427734375,23.1142578125,11.62548828125,43.1416015625,25.39453125,74.443359375,56.17529296875,0.76806640625,0.23193359375,2.06982421875,1.5126953125,27.98193359375,11.37939453125,20.20703125,9.31591796875,3.16015625,2.26171875,0.92724609375,0.59521484375,1.68408203125,1.4931640625,1.97998046875,1.71435546875,18.64013671875,6.37841796875,10.9130859375,3.14404296875,3.16748046875,2.00390625,2.1943359375,1.05615234375,11.0185546875,6.751953125,10.0068359375,7.42529296875,49.98828125,211.6796875,404.861328125,26,1,4,0,4,9,3,0,0,0,3,4,2,0,182.88,187.96,185.0,29.0,31.0,0,0,0,0,0,0,0,1,0,0,0,0,0,0,0,0,0,1,0,0,1,0,0,0
Red,False,0.015625,0.0,0.45,0.4275,0.25,0.2,0.148468017578125,0.098388671875,0.0,0.0,66.5,29.6875,64.31230545043945,27.34375,89.75,48.0,85.53125,44.41152191162109,2.0,0.75,2.0546875,0.75,51.1875,18.3359375,49.6123046875,16.280410766601562,7.5,5.07647705078125,7.5,5.0,4.5,3.625,4.984375,3.9375,48.6875,17.0,47.11572265625,16.5,5.75,3.75,5.3125,3.4375,5.0625,3.5,3.875,2.5,99.2119140625,94.125,638.5,0,0,0,0,0,0,0,0,0,0,0,0,0,0,170.18,170.18,205.0,0.0,0.125,0.1834374999999999,0.591640625,0.2925,0.566796875,0.125,0.015625,0.125,0.125,41.8515625,14.21875,43.4609375,15.8203125,55.71875,27.109375,49.921875,21.8828125,2.4609375,1.21875,0.9765625,0.6640625,35.71875,9.2421875,36.8203125,10.9453125,0.671875,0.546875,3.9296875,2.6640625,5.4609375,4.4296875,2.7109375,2.2109375,36.171875,11.3515625,35.6015625,8.421875,2.046875,1.0,1.140625,0.9296875,3.6328125,1.8671875,6.71875,6.46875,96.03125,47.1875,451.71875,20,1,1,0,2,5,3,0,0,1,3,1,0,0,182.88,187.96,205.0,31.0,39.0,0,0,0,0,0,1,0,0,0,0,0,0,0,0,0,1,0,0,0,0,1,0,0,0
Red,False,0.25,0.25,0.355,0.3525,0.55,0.6775,1.25,0.75,0.75,0.25,56.25,20.25,81.0,28.5,72.5,33.25,123.5,69.0,2.75,1.75,2.25,1.75,39.5,9.5,65.0,17.0,9.75,6.75,10.75,8.0,7.0,4.0,5.25,3.5,42.25,14.25,50.75,11.0,4.0,1.75,15.75,11.5,10.0,4.25,14.5,6.0,250.25,125.75,798.75,8,0,1,0,1,1,2,0,0,0,0,1,0,0,190.5,205.74,205.0,0.0625,0.5,0.3553125,0.39625,0.05625,0.48125,0.09375,0.0,0.0,0.0,96.65625,34.9375,105.4375,42.28125,102.71875,40.25,132.09375,66.0625,1.9375,0.1875,3.53125,1.65625,83.125,26.4375,83.0625,26.625,3.75,2.125,10.96875,6.90625,9.78125,6.375,11.40625,8.75,66.3125,23.0,60.21875,17.59375,29.9375,11.625,36.59375,19.0625,0.40625,0.3125,8.625,5.625,87.0625,165.875,557.9375,12,0,3,0,3,4,2,0,0,0,0,1,2,1,185.42,195.58,205.0,26.0,33.0,0,0,0,0,0,1,0,0,0,0,0,0,0,0,0,0,0,1,0,1,0,0,0,0
Blue,False,0.015625,0.0,0.45,0.4275,0.25,0.2,0.148468017578125,0.098388671875,0.0,0.0,66.5,29.6875,64.31230545043945,27.34375,89.75,48.0,85.53125,44.41152191162109,2.0,0.75,2.0546875,0.75,51.1875,18.3359375,49.6123046875,16.280410766601562,7.5,5.07647705078125,7.5,5.0,4.5,3.625,4.984375,3.9375,48.6875,17.0,47.11572265625,16.5,5.75,3.75,5.3125,3.4375,5.0625,3.5,3.875,2.5,99.2119140625,94.125,638.5,0,0,0,0,0,0,0,0,0,0,0,0,0,0,177.8,185.42,170.0,0.0,0.0,0.28,0.37,0.0,0.71,0.0,1.0,0.0,0.0,66.0,19.0,59.0,22.0,96.0,49.0,84.0,47.0,0.0,0.0,7.0,5.0,53.0,11.0,51.0,16.0,11.0,7.0,6.0,4.0,2.0,1.0,2.0,2.0,50.0,10.0,37.0,9.0,16.0,9.0,13.0,6.0,0.0,0.0,9.0,7.0,0.0,324.0,521.0,2,1,0,1,0,0,1,0,0,0,0,0,0,0,182.88,193.04,170.0,29.0,29.0,0,0,0,0,0,0,0,0,0,1,0,0,0,0,0,1,0,0,0,0,1,0,0,0
Blue,False,0.0,0.0,0.38,0.69,0.0,0.75,1.0,0.0,0.0,0.0,42.0,16.0,53.0,37.0,47.0,21.0,140.0,118.0,3.0,0.0,4.0,3.0,25.0,2.0,27.0,14.0,13.0,10.0,6.0,5.0,4.0,4.0,20.0,18.0,27.0,4.0,15.0,4.0,15.0,12.0,30.0,26.0,0.0,0.0,8.0,7.0,11.0,589.0,900.0,3,0,0,1,0,0,1,0,0,0,0,0,0,0,182.88,190.5,185.0,0.75,0.0,0.4125,0.51,0.25,0.4775,1.25,1.25,0.0,0.5,53.0,23.25,34.75,17.25,72.0,41.0,69.75,47.5,0.75,0.25,6.5,2.5,45.25,16.75,28.5,11.75,4.0,3.5,3.5,3.25,3.75,3.0,2.75,2.25,35.25,13.0,18.0,6.5,7.5,4.5,2.5,1.25,10.25,5.75,14.25,9.5,41.75,320.0,552.25,7,0,0,3,0,0,3,0,0,0,0,0,0,0,182.88,193.04,205.0,25.0,30.0,0,0,0,0,0,1,0,0,0,0,0,0,0,0,0,1,0,0,0,0,1,0,0,0
Blue,False,0.0,0.0,0.26,0.525,0.8300000000000001,1.0,1.5,0.0,0.5,0.0,30.5,6.0,38.5,13.5,63.0,33.0,54.0,27.5,5.0,3.5,1.0,1.0,29.5,5.5,28.0,5.0,1.0,0.5,3.5,1.5,0.0,0.0,7.0,7.0,21.5,1.5,31.5,9.5,0.5,0.5,4.5,1.5,8.5,4.0,2.5,2.5,244.0,52.5,510.5,4,0,0,1,1,1,1,0,0,1,0,0,0,0,177.8,187.96,170.0,0.0,0.0,0.535,0.36,0.5,0.41,1.0,2.0,0.5,0.5,48.5,32.5,21.0,7.5,87.5,71.5,31.0,17.5,3.0,1.5,4.5,1.5,38.0,22.5,18.5,6.5,8.0,7.5,2.5,1.0,2.5,2.5,0.0,0.0,22.0,6.0,17.5,4.0,6.5,6.5,1.0,1.0,20.0,20.0,2.5,2.5,223.5,235.5,583.5,4,0,0,1,1,1,1,0,0,0,1,0,0,0,182.88,187.96,170.0,30.0,36.0,0,0,0,0,0,0,0,0,0,1,0,0,0,0,0,0,0,1,0,0,1,0,0,0
Red,False,0.5625,0.0,0.35125,0.3243749999999999,0.1175,0.50875,1.0625,1.6875,0.625,0.125,38.0625,13.75,53.4375,17.1875,45.4375,19.125,85.625,47.3125,5.125,0.75,2.5,1.125,31.75,8.3125,42.5625,12.5625,3.375,2.5,3.25,1.875,2.9375,2.9375,7.625,2.75,28.5625,8.6875,41.8125,9.75,4.125,2.125,5.1875,3.4375,5.375,2.9375,6.4375,4.0,100.5625,309.1875,735.3125,12,0,1,0,2,3,2,0,0,0,1,1,1,0,180.34,187.96,170.0,0.19140625,0.5,0.26380126953125,0.4609716796874999,0.15670654296875,0.0580078125,0.5091552734375,0.094482421875,0.0126953125,0.062744140625,107.2537841796875,30.3856201171875,144.232666015625,66.9124755859375,110.5064697265625,33.1083984375,191.0235595703125,107.048828125,11.602294921875,0.723876953125,2.257080078125,0.31787109375,101.0439453125,27.030517578125,127.2152099609375,53.4677734375,4.8348388671875,2.0113525390625,8.836669921875,5.982666015625,1.375,1.34375,8.1807861328125,7.4620361328125,98.641845703125,25.4114990234375,103.1068115234375,41.949951171875,3.513671875,1.9775390625,16.0462646484375,10.7890625,5.0982666015625,2.99658203125,25.07958984375,14.1734619140625,179.1497802734375,206.7933349609375,1001.2520751953124,37,2,6,0,6,10,4,0,0,1,4,5,0,0,177.8,182.88,170.0,29.0,28.0,0,0,0,0,0,0,0,0,0,1,0,0,0,0,0,1,0,0,0,0,0,0,1,0
Red,False,0.0,0.5,0.514375,0.4271875,0.1875,0.8671875,0.90625,0.71875,0.0625,0.0,14.53125,7.15625,15.71875,7.28125,17.75,10.1875,19.65625,9.90625,0.75,0.25,1.0,0.96875,12.65625,5.6875,12.09375,4.5,0.84375,0.4375,3.0,2.25,1.03125,1.03125,0.625,0.53125,8.65625,4.25,8.3125,2.625,1.15625,0.625,0.0625,0.0625,4.71875,2.28125,7.34375,4.59375,37.0,48.34375,138.59375,7,0,0,3,1,2,4,0,0,0,0,0,2,0,185.42,193.04,185.0,0.0,0.0,0.37,0.28,0.71,0.0,1.0,0.0,0.0,0.0,59.0,22.0,66.0,19.0,84.0,47.0,96.0,49.0,7.0,5.0,0.0,0.0,51.0,16.0,53.0,11.0,6.0,4.0,11.0,7.0,2.0,2.0,2.0,1.0,37.0,9.0,50.0,10.0,13.0,6.0,16.0,9.0,9.0,7.0,0.0,0.0,324.0,0.0,521.0,2,1,1,0,1,1,0,0,0,0,0,0,1,0,180.34,190.5,170.0,33.0,25.0,0,0,0,0,0,0,0,1,0,0,0,0,0,0,0,1,0,0,0,0,1,0,0,0
Red,False,0.318359375,0.625,0.59658203125,0.370869140625,0.674775390625,0.00234375,0.046875,0.0,0.0,0.0009765625,19.658203125,12.0654296875,21.755859375,11.8671875,24.021484375,15.8857421875,22.5673828125,12.6474609375,0.7451171875,0.7138671875,0.0966796875,0.0234375,13.7978515625,7.3203125,17.4306640625,8.6474609375,1.8046875,1.22265625,3.5498046875,2.5390625,4.0556640625,3.5224609375,0.775390625,0.6806640625,11.9248046875,5.9345703125,12.6875,5.595703125,0.7568359375,0.6533203125,0.8466796875,0.55859375,6.9765625,5.4775390625,8.2216796875,5.712890625,39.408203125,11.6591796875,186.4638671875,17,1,4,0,4,7,4,0,0,0,0,5,2,0,187.96,193.04,242.0,0.75,0.25,0.6499999999999999,0.2375,0.0,0.125,0.0,0.0,0.0,0.0,27.0,14.25,12.75,3.0,31.25,18.5,13.0,3.25,0.0,0.0,1.0,0.25,26.0,14.25,12.25,2.5,1.0,0.0,0.0,0.0,0.0,0.0,0.5,0.5,14.75,5.5,11.5,2.75,8.0,4.5,0.75,0.0,4.25,4.25,0.5,0.25,4.25,20.5,101.5,3,1,0,1,2,2,1,0,0,0,0,2,0,0,193.04,198.12,245.0,31.0,27.0,0,0,0,0,1,0,0,0,0,0,0,0,0,0,0,1,0,0,0,0,1,0,0,0
Red,False,0.283203125,0.021484375,0.40076171875,0.35470703125,0.241171875,0.1176562499999999,2.208984375,0.6953125,0.125,0.5,48.55859375,19.99609375,43.96484375,16.076171875,65.759765625,36.392578125,50.349609375,21.0859375,2.107421875,0.826171875,4.8359375,0.720703125,41.251953125,16.435546875,38.966796875,11.837890625,3.75,2.50390625,3.130859375,2.404296875,3.556640625,1.056640625,1.8671875,1.833984375,33.4765625,10.578125,35.72265625,11.240234375,5.1171875,3.697265625,6.51953125,3.251953125,9.96484375,5.720703125,1.72265625,1.583984375,275.14453125,63.626953125,606.787109375,17,0,4,0,4,8,2,0,0,1,2,1,4,0,182.88,182.88,170.0,0.0471682548522949,0.0,0.45,0.4217682266235352,0.25,0.19173828125,0.1875,0.125,0.0,0.0,69.5,30.5,66.984375,27.8466796875,94.0,48.544921875,88.50390625,44.75,2.0,0.8125,2.015625,0.6640625,54.0,19.01513671875,51.483436584472656,16.9437255859375,7.91796875,5.430633544921875,7.75,5.0625,4.780975341796875,3.9373779296875,4.8994140625,3.84375,51.025390625,18.400863647460938,50.515625,17.5,5.75,3.75,5.5,3.5,5.375,3.6875,4.0,2.65625,104.865234375,89.5,655.8441009521484,0,0,0,0,0,0,0,0,0,0,0,0,0,0,182.88,182.88,170.0,28.0,31.0,0,0,0,0,0,0,0,0,0,1,0,0,0,0,0,1,0,0,0,0,1,0,0,0
Blue,True,0.59375,0.0,0.5728125000000001,0.2259375,0.384375,0.04125,0.25,0.0625,0.0,0.0,64.15625,38.0,23.09375,5.375,108.875,77.28125,25.96875,8.0625,2.78125,2.21875,0.40625,0.125,52.96875,29.5625,21.65625,4.0,4.9375,3.1875,1.0,1.0,6.25,5.25,0.4375,0.375,30.28125,12.78125,20.15625,3.5625,5.5,4.3125,2.1875,1.3125,28.375,20.90625,0.75,0.5,188.40625,6.625,308.25,10,0,6,0,6,6,0,0,0,0,1,5,0,0,185.42,195.58,240.0,0.1875,0.5,0.68125,0.45625,0.551875,0.04125,0.5625,0.1875,0.0,0.0,30.25,23.4375,49.375,23.0625,57.5625,49.0,65.75,36.3125,3.1875,1.375,0.375,0.125,22.625,15.8125,47.0625,20.9375,5.9375,5.9375,1.25,1.1875,1.6875,1.6875,1.0625,0.9375,7.3125,1.75,10.625,2.3125,3.5625,3.4375,10.0625,5.1875,19.375,18.25,28.6875,15.5625,232.3125,111.9375,444.25,10,3,0,1,4,4,1,0,0,0,1,2,1,0,190.5,205.74,265.0,28.0,33.0,0,0,0,0,1,0,0,0,0,0,0,0,0,0,0,1,0,0,0,0,1,0,0,0
Blue,False,0.125,0.033203125,0.36517578125,0.36634765625,0.2002148437499999,0.25,0.0,0.001953125,0.0,0.0,121.06640625,46.658203125,151.388671875,50.3515625,134.072265625,58.296875,156.9609375,54.15625,5.13671875,1.171875,0.78125,0.25,111.203125,39.681640625,131.515625,34.955078125,1.462890625,0.888671875,7.01953125,4.775390625,8.400390625,6.087890625,12.853515625,10.62109375,108.486328125,38.509765625,130.30859375,38.884765625,11.27734375,7.185546875,5.71484375,3.12109375,1.302734375,0.962890625,15.365234375,8.345703125,56.580078125,21.310546875,606.333984375,20,0,3,0,4,8,2,0,1,0,1,5,0,0,185.42,193.04,205.0,7.62939453125e-06,0.3134918212890625,0.3474914407730103,0.4005684661865234,0.2477971744537353,0.277841796875,0.625274658203125,0.0039162635803222,0.0,0.5039100646972656,65.10161352157593,21.76610374450684,135.97383069992063,51.30742740631104,92.18281364440918,47.52502298355103,160.8094973564148,73.32792377471924,8.353124618530273,2.0298566818237305,1.8837971687316892,0.5040283203125,54.92899131774902,13.946582317352297,109.9145827293396,31.17173671722412,5.342998027801514,5.14712381362915,11.477703094482422,8.093429565429688,4.829624176025391,2.67239761352539,14.581544876098633,12.042261123657228,45.12366199493408,9.736702919006348,121.3905758857727,43.18369770050049,6.453380584716797,5.0655012130737305,6.705793380737305,4.108572959899902,13.524570941925049,6.963899612426758,7.877461433410644,4.0151567459106445,185.9355354309082,104.46743392944336,859.4286370277405,55,10,1,0,6,14,8,0,0,2,3,7,1,1,190.5,187.96,205.0,34.0,35.0,0,0,0,0,0,1,0,0,0,0,0,0,0,0,0,1,0,0,0,0,1,0,0,0
Blue,False,0.5,0.0,0.40375,0.39375,0.0849999999999999,0.0825,0.625,0.5,0.0,0.0,80.875,35.75,77.375,32.375,92.875,47.25,104.25,58.125,4.875,1.125,2.0,0.5,79.375,34.25,62.125,23.375,1.5,1.5,11.375,6.875,0.0,0.0,3.875,2.125,54.875,18.0,58.375,22.75,23.0,15.75,17.25,8.375,3.0,2.0,1.75,1.25,136.5,102.5,559.375,9,0,2,0,2,2,2,0,0,0,1,0,1,0,182.88,187.96,205.0,0.09765625,0.0,0.4821484374999999,0.54740234375,0.507109375,0.779765625,0.53125,0.765625,0.001953125,0.501953125,43.412109375,20.4765625,46.876953125,25.61328125,53.01171875,29.919921875,59.564453125,37.482421875,1.869140625,1.01953125,2.255859375,1.0234375,32.439453125,13.677734375,29.08984375,9.935546875,1.974609375,1.150390625,11.8984375,10.46875,8.998046875,5.6484375,5.888671875,5.208984375,36.494140625,15.791015625,36.033203125,18.248046875,4.4140625,2.494140625,6.76953125,4.126953125,2.50390625,2.19140625,4.07421875,3.23828125,78.162109375,142.80078125,562.044921875,23,2,0,4,4,4,6,0,0,1,1,2,0,0,180.34,190.5,170.0,27.0,30.0,0,0,0,0,0,0,0,1,0,0,0,0,0,0,0,0,0,1,0,0,1,0,0,0
Red,False,0.09375,0.0,0.3721875,0.51125,0.09375,0.6370312499999999,0.59375,0.078125,0.078125,0.03125,66.46875,30.25,119.5625,62.71875,93.953125,56.8125,229.15625,160.34375,0.34375,0.09375,6.15625,3.796875,42.75,13.03125,93.390625,41.625,6.484375,3.71875,21.03125,16.796875,17.234375,13.5,5.140625,4.296875,50.59375,20.421875,36.71875,15.46875,11.390625,7.890625,10.921875,7.375,4.484375,1.9375,71.921875,39.875,91.78125,552.3125,885.796875,19,0,1,0,1,3,4,0,0,1,1,1,0,0,182.88,182.88,155.0,0.625,0.5,0.3462890625,0.4128515625,0.0625,0.422421875,0.5,0.875,0.125,0.00390625,208.19921875,72.5390625,111.0859375,46.5390625,220.69921875,83.734375,120.8828125,56.0234375,0.59375,0.0625,8.80859375,3.14453125,168.859375,41.1796875,95.46875,33.7578125,20.8359375,15.80859375,6.578125,5.21484375,18.50390625,15.55078125,9.0390625,7.56640625,192.3828125,62.515625,101.2265625,39.0546875,8.87109375,5.24609375,6.0234375,4.2265625,6.9453125,4.77734375,3.8359375,3.2578125,86.53125,123.7109375,896.8984375,25,0,1,0,2,4,5,0,0,1,3,0,0,0,175.26,177.8,155.0,30.0,26.0,0,0,0,0,0,0,1,0,0,0,0,0,0,0,0,1,0,0,0,0,1,0,0,0
Red,False,0.0,0.5,0.35,0.515,0.0,0.355,1.0,1.0,1.5,0.0,39.5,18.0,52.5,29.0,60.0,36.0,102.0,68.5,0.5,0.0,3.5,2.5,35.5,16.5,41.0,20.5,3.0,1.0,10.5,8.0,1.0,0.5,1.0,0.5,13.5,4.0,16.5,6.5,8.0,2.5,5.5,3.0,18.0,11.5,30.5,19.5,48.0,371.5,513.5,4,0,0,2,0,0,2,0,0,0,0,0,0,0,187.96,195.58,225.0,0.0,0.0,0.49,0.2525,0.625,0.0,0.0,0.5,0.0,0.0,75.75,33.0,92.5,17.25,119.25,73.5,95.0,19.75,2.5,1.75,1.75,0.0,59.25,18.5,76.25,5.0,6.25,5.25,11.75,7.75,10.25,9.25,4.5,4.5,54.75,15.5,82.0,10.0,16.25,13.75,10.5,7.25,4.75,3.75,0.0,0.0,296.0,9.5,900.0,9,0,3,0,3,3,0,0,0,1,2,0,0,0,182.88,182.88,240.0,34.0,30.0,0,0,0,0,1,0,0,0,0,0,0,0,0,0,0,1,0,0,0,0,1,0,0,0
Red,False,0.015625,0.0,0.45,0.4275,0.25,0.2,0.148468017578125,0.098388671875,0.0,0.0,66.5,29.6875,64.31230545043945,27.34375,89.75,48.0,85.53125,44.41152191162109,2.0,0.75,2.0546875,0.75,51.1875,18.3359375,49.6123046875,16.280410766601562,7.5,5.07647705078125,7.5,5.0,4.5,3.625,4.984375,3.9375,48.6875,17.0,47.11572265625,16.5,5.75,3.75,5.3125,3.4375,5.0625,3.5,3.875,2.5,99.2119140625,94.125,638.5,0,0,0,0,0,0,0,0,0,0,0,0,0,0,177.8,185.42,185.0,0.0,0.0,0.55,0.3,0.0,0.5,0.0,1.0,0.0,0.0,111.0,62.0,95.0,29.0,123.0,71.0,107.0,40.0,5.0,0.0,4.0,2.0,54.0,17.0,84.0,21.0,29.0,21.0,3.0,2.0,28.0,24.0,8.0,6.0,74.0,39.0,56.0,14.0,37.0,23.0,34.0,13.0,0.0,0.0,5.0,2.0,224.0,143.0,900.0,3,0,1,0,1,1,0,0,0,0,1,0,0,0,187.96,190.5,185.0,25.0,23.0,0,0,0,0,0,0,0,1,0,0,0,0,0,0,0,0,0,1,0,0,1,0,0,0
Blue,False,0.5,0.0,0.13,0.56,0.0,0.1,0.0,0.5,0.0,0.0,14.0,3.0,17.5,10.0,14.0,3.0,25.5,17.0,1.0,0.0,2.5,0.5,13.5,3.0,10.5,3.5,0.5,0.0,2.5,2.0,0.0,0.0,4.5,4.5,8.5,1.0,9.5,3.5,2.0,0.0,3.0,3.0,3.5,2.0,5.0,3.5,15.0,110.5,168.0,2,0,1,0,1,1,1,0,0,0,0,1,0,0,195.58,200.66,205.0,1.0,1.0,0.8,0.25,0.0,0.0,0.0,0.0,1.0,0.0,21.0,17.0,16.0,4.0,23.0,19.0,18.0,6.0,0.0,0.0,2.0,0.0,17.0,13.0,15.0,3.0,2.0,2.0,0.0,0.0,2.0,2.0,1.0,1.0,18.0,14.0,14.0,3.0,1.0,1.0,1.0,1.0,2.0,2.0,1.0,0.0,10.0,65.0,133.0,1,0,1,0,1,1,0,0,0,0,0,1,0,0,198.12,205.74,205.0,23.0,37.0,0,0,0,0,0,1,0,0,0,0,0,0,0,0,0,1,0,0,0,0,0,0,1,0
Blue,False,0.5,0.25,0.4225,0.3375,0.04125,0.9375,2.0,0.25,0.5,0.0,68.625,27.375,77.875,25.125,102.25,57.875,89.375,35.0,3.5,0.25,1.375,1.25,58.25,18.875,53.5,11.625,2.25,1.875,15.5,6.625,8.125,6.625,8.875,6.875,58.125,21.625,59.875,17.875,3.625,1.625,6.125,2.75,6.875,4.125,11.875,4.5,131.5,163.5,637.625,9,0,0,1,1,2,2,0,0,0,0,0,2,0,182.88,187.96,170.0,0.5,0.0,0.4825,0.23375,0.3462499999999999,0.185,0.375,0.875,0.125,0.375,139.125,68.125,58.25,15.875,217.5,135.125,66.0,23.0,4.625,2.375,4.5,1.0,114.875,49.125,53.125,12.375,15.5,11.0,2.75,1.625,8.75,8.0,2.375,1.875,75.875,31.5,54.75,14.125,8.125,5.25,1.875,1.125,55.125,31.375,1.625,0.625,400.125,93.25,822.0,10,0,4,0,4,4,0,0,0,0,3,1,0,0,185.42,190.5,170.0,35.0,23.0,0,0,0,0,0,0,0,0,0,1,0,0,0,0,0,1,0,0,0,0,1,0,0,0
Blue,False,0.0,0.5,0.405,0.4275,0.3125,0.6225,1.5,2.25,1.0,1.75,124.0,51.5,65.0,28.0,217.0,134.25,87.0,46.75,2.5,1.0,6.25,3.5,94.75,31.75,56.0,21.75,16.25,9.5,7.0,4.25,13.0,10.25,2.0,2.0,71.5,22.25,41.0,14.75,19.75,8.0,10.5,6.5,32.75,21.25,13.5,6.75,230.5,332.5,896.5,9,0,0,1,2,2,1,0,0,1,0,1,0,0,187.96,190.5,170.0,0.1875,0.0,0.2931249999999999,0.5725,0.1875,0.588125,0.0,3.625,0.0,0.5,61.5,23.125,76.25,45.0,103.5,61.0,159.375,122.5,1.125,0.375,7.25,5.9375,42.0,10.1875,51.6875,25.0,10.25,7.125,16.5,13.625,9.25,5.8125,8.0625,6.375,40.9375,9.3125,34.0625,14.0,14.875,10.5,10.8125,5.875,5.6875,3.3125,31.375,25.125,141.75,706.375,1148.0625,15,1,4,0,4,4,1,0,0,2,1,1,0,0,182.88,187.96,170.0,26.0,28.0,0,0,0,0,0,0,0,0,0,1,0,0,0,0,0,1,0,0,0,0,1,0,0,0
Red,False,0.0,0.0,0.12,0.52,1.0,0.5,3.0,0.0,0.0,0.0,16.0,2.0,59.0,31.0,19.0,5.0,117.0,83.0,1.0,1.0,8.0,4.0,13.0,0.0,51.0,24.0,2.0,1.0,5.0,5.0,1.0,1.0,3.0,2.0,15.0,1.0,21.0,8.0,1.0,1.0,2.0,1.0,0.0,0.0,36.0,22.0,56.0,750.0,900.0,3,0,0,1,0,0,1,0,0,0,0,0,0,0,182.88,182.88,155.0,0.0471682548522949,0.0,0.45,0.4217682266235352,0.25,0.19173828125,0.1875,0.125,0.0,0.0,69.5,30.5,66.984375,27.8466796875,94.0,48.544921875,88.50390625,44.75,2.0,0.8125,2.015625,0.6640625,54.0,19.01513671875,51.483436584472656,16.9437255859375,7.91796875,5.430633544921875,7.75,5.0625,4.780975341796875,3.9373779296875,4.8994140625,3.84375,51.025390625,18.400863647460938,50.515625,17.5,5.75,3.75,5.5,3.5,5.375,3.6875,4.0,2.65625,104.865234375,89.5,655.8441009521484,0,0,0,0,0,0,0,0,0,0,0,0,0,0,182.88,185.42,155.0,25.0,22.0,0,0,0,0,0,0,1,0,0,0,0,0,0,0,0,1,0,0,0,0,1,0,0,0
Blue,False,0.0,0.0,0.72,1.0,0.5,0.0,2.0,0.0,0.0,0.0,18.0,13.0,5.0,5.0,30.0,24.0,20.0,17.0,2.0,1.0,2.0,0.0,16.0,11.0,1.0,1.0,1.0,1.0,1.0,1.0,1.0,1.0,3.0,3.0,1.0,0.0,2.0,2.0,5.0,3.0,2.0,2.0,12.0,10.0,1.0,1.0,276.0,99.0,408.0,2,0,1,0,1,1,0,0,0,0,0,0,1,0,180.34,190.5,170.0,0.0,0.25,0.4674999999999999,0.4325,0.375,0.08,3.25,1.75,1.5,0.5,60.5,28.0,52.5,22.0,101.0,64.25,79.5,46.25,5.5,1.25,3.25,0.5,46.75,16.5,42.5,15.75,7.25,6.25,7.75,4.25,6.5,5.25,2.25,2.0,38.0,13.5,31.0,9.25,15.25,10.0,12.5,6.0,7.25,4.5,9.0,6.75,225.75,303.75,710.25,7,1,1,0,1,2,1,0,0,0,1,0,1,0,185.42,190.5,170.0,30.0,32.0,0,0,0,0,0,0,0,0,0,1,0,0,0,0,0,1,0,0,0,0,1,0,0,0
Red,False,0.0,0.5,0.37,0.4549999999999999,0.875,0.0,0.5,2.0,0.0,0.0,112.0,41.0,130.5,61.0,142.0,66.0,193.5,119.0,4.5,4.0,0.0,0.0,106.0,37.0,93.0,35.0,3.0,1.5,10.5,7.0,3.0,2.5,27.0,19.0,97.5,34.5,117.5,52.0,2.5,1.0,8.5,5.5,12.0,5.5,4.5,3.5,352.0,33.5,890.0,6,0,1,0,1,1,1,0,0,1,0,0,0,0,177.8,190.5,170.0,0.0087890625,0.4384765625,0.30658203125,0.242705078125,0.2937109375,0.401064453125,0.126953125,0.2607421875,0.00146484375,0.00048828125,171.375,54.1953125,165.521484375,40.61083984375,177.52490234375,59.49365234375,173.35302734375,47.3681640625,2.82421875,1.6982421875,2.53515625,0.82568359375,164.30224609375,49.01171875,122.8857421875,17.4951171875,4.28125,2.958984375,21.4033203125,7.57275390625,2.79150390625,2.224609375,21.232421875,15.54296875,161.1669921875,49.8916015625,153.75048828125,36.38818359375,4.591796875,2.10791015625,6.7763671875,1.76220703125,5.6162109375,2.19580078125,4.99462890625,2.46044921875,26.0625,71.8857421875,816.7509765625,26,1,4,0,4,9,3,0,0,1,2,6,0,0,185.42,190.5,185.0,35.0,31.0,0,0,0,0,0,0,0,1,0,0,0,0,0,0,0,1,0,0,0,0,1,0,0,0
Red,False,0.015625,0.0,0.45,0.4275,0.25,0.2,0.148468017578125,0.098388671875,0.0,0.0,66.5,29.6875,64.31230545043945,27.34375,89.75,48.0,85.53125,44.41152191162109,2.0,0.75,2.0546875,0.75,51.1875,18.3359375,49.6123046875,16.280410766601562,7.5,5.07647705078125,7.5,5.0,4.5,3.625,4.984375,3.9375,48.6875,17.0,47.11572265625,16.5,5.75,3.75,5.3125,3.4375,5.0625,3.5,3.875,2.5,99.2119140625,94.125,638.5,0,0,0,0,0,0,0,0,0,0,0,0,0,0,200.66,200.66,220.0,0.0471682548522949,0.0,0.45,0.4217682266235352,0.25,0.19173828125,0.1875,0.125,0.0,0.0,69.5,30.5,66.984375,27.8466796875,94.0,48.544921875,88.50390625,44.75,2.0,0.8125,2.015625,0.6640625,54.0,19.01513671875,51.483436584472656,16.9437255859375,7.91796875,5.430633544921875,7.75,5.0625,4.780975341796875,3.9373779296875,4.8994140625,3.84375,51.025390625,18.400863647460938,50.515625,17.5,5.75,3.75,5.5,3.5,5.375,3.6875,4.0,2.65625,104.865234375,89.5,655.8441009521484,0,0,0,0,0,0,0,0,0,0,0,0,0,0,187.96,187.96,265.0,27.0,27.0,0,0,0,0,1,0,0,0,0,0,0,0,0,0,0,1,0,0,0,0,1,0,0,0
Blue,False,0.015625,0.0,0.45,0.4275,0.25,0.2,0.148468017578125,0.098388671875,0.0,0.0,66.5,29.6875,64.31230545043945,27.34375,89.75,48.0,85.53125,44.41152191162109,2.0,0.75,2.0546875,0.75,51.1875,18.3359375,49.6123046875,16.280410766601562,7.5,5.07647705078125,7.5,5.0,4.5,3.625,4.984375,3.9375,48.6875,17.0,47.11572265625,16.5,5.75,3.75,5.3125,3.4375,5.0625,3.5,3.875,2.5,99.2119140625,94.125,638.5,0,0,0,0,0,0,0,0,0,0,0,0,0,0,185.42,190.5,205.0,0.0,0.5,0.575,0.38,0.25,0.0,1.0,1.0,1.0,0.5,53.0,32.0,46.0,17.5,76.0,55.0,57.0,27.5,1.0,0.5,1.5,0.0,39.5,21.0,37.5,15.5,9.0,7.5,6.0,1.5,4.5,3.5,2.5,0.5,22.5,11.5,25.5,4.5,7.5,5.0,5.5,3.5,23.0,15.5,15.0,9.5,219.0,133.5,536.0,4,0,1,0,1,1,1,0,0,0,0,1,0,0,193.04,195.58,230.0,30.0,29.0,0,0,0,0,0,1,0,0,0,0,0,0,0,0,0,1,0,0,0,0,0,0,0,1
Red,False,0.015625,0.0,0.45,0.4275,0.25,0.2,0.148468017578125,0.098388671875,0.0,0.0,66.5,29.6875,64.31230545043945,27.34375,89.75,48.0,85.53125,44.41152191162109,2.0,0.75,2.0546875,0.75,51.1875,18.3359375,49.6123046875,16.280410766601562,7.5,5.07647705078125,7.5,5.0,4.5,3.625,4.984375,3.9375,48.6875,17.0,47.11572265625,16.5,5.75,3.75,5.3125,3.4375,5.0625,3.5,3.875,2.5,99.2119140625,94.125,638.5,0,0,0,0,0,0,0,0,0,0,0,0,0,0,182.88,185.42,155.0,0.0654296875,0.0,0.409658203125,0.407060546875,0.0690869140625,0.1332666015625,0.127197265625,0.16796875,0.06298828125,0.12890625,101.851806640625,41.8369140625,155.67529296875,52.37890625,112.0361328125,51.03076171875,171.735595703125,66.447509765625,0.5517578125,0.158447265625,4.784912109375,1.201416015625,66.013427734375,15.1474609375,117.569091796875,25.96044921875,18.32373046875,13.477294921875,17.50146484375,8.988037109375,17.5146484375,13.212158203125,20.604736328125,17.430419921875,88.462158203125,32.145263671875,140.778564453125,41.521728515625,10.283935546875,7.43798828125,4.05859375,2.912841796875,3.105712890625,2.253662109375,10.838134765625,7.9443359375,50.429931640625,166.979736328125,803.431396484375,31,0,2,0,3,8,5,0,0,0,3,2,2,1,170.18,172.72,155.0,29.0,34.0,0,0,0,0,0,0,1,0,0,0,0,0,0,0,0,1,0,0,0,0,0,0,1,0
Red,False,0.015625,0.0,0.45,0.4275,0.25,0.2,0.148468017578125,0.098388671875,0.0,0.0,66.5,29.6875,64.31230545043945,27.34375,89.75,48.0,85.53125,44.41152191162109,2.0,0.75,2.0546875,0.75,51.1875,18.3359375,49.6123046875,16.280410766601562,7.5,5.07647705078125,7.5,5.0,4.5,3.625,4.984375,3.9375,48.6875,17.0,47.11572265625,16.5,5.75,3.75,5.3125,3.4375,5.0625,3.5,3.875,2.5,99.2119140625,94.125,638.5,0,0,0,0,0,0,0,0,0,0,0,0,0,0,182.88,182.88,155.0,0.0,0.3125,0.373125,0.37546875,0.2484374999999999,0.3340625,0.78125,1.0390625,0.1328125,0.109375,102.21875,38.25,141.046875,51.640625,139.4140625,71.4609375,176.046875,84.765625,6.96875,1.765625,8.390625,2.5703125,87.2890625,27.9453125,114.0234375,29.9453125,10.6875,6.984375,14.671875,11.1796875,4.2421875,3.3203125,12.3515625,10.515625,86.859375,29.4296875,115.8984375,37.921875,8.515625,5.3125,15.9296875,7.1015625,6.84375,3.5078125,9.21875,6.6171875,193.5703125,161.1328125,866.4453125,22,0,2,0,2,4,4,0,0,0,3,0,1,0,170.18,177.8,145.0,24.0,25.0,0,0,0,0,0,0,1,0,0,0,0,0,0,0,0,1,0,0,0,0,1,0,0,0
Red,False,0.0625,0.65625,0.509375,0.55375,0.3178125,0.3115625,1.71875,0.75,0.03125,0.5,56.828125,26.234375,68.984375,34.75,67.984375,37.265625,83.703125,48.953125,2.234375,0.65625,2.359375,0.96875,45.640625,19.265625,63.515625,29.625,7.34375,4.625,4.296875,3.96875,3.84375,2.34375,1.171875,1.15625,47.734375,21.9375,45.96875,16.40625,8.03125,3.546875,11.859375,9.828125,1.0625,0.75,11.15625,8.515625,101.171875,142.015625,487.65625,18,0,0,1,1,2,5,0,0,0,0,0,2,0,182.88,190.5,185.0,0.0,0.0625,0.39875,0.360625,0.59875,0.5103125,1.0625,2.3125,0.53125,0.75,52.78125,21.5,37.0625,15.125,89.8125,55.6875,60.125,36.6875,6.125,4.09375,0.84375,0.53125,36.9375,11.8125,25.65625,7.25,13.75,9.09375,7.875,6.34375,2.09375,0.59375,3.53125,1.53125,22.5625,6.375,28.96875,12.0,9.71875,5.34375,5.375,1.34375,20.5,9.78125,2.71875,1.78125,361.0,86.84375,706.3125,10,1,0,1,2,4,2,0,0,0,2,1,1,0,187.96,193.04,185.0,32.0,27.0,0,0,0,0,0,0,0,1,0,0,0,0,0,0,0,1,0,0,0,0,1,0,0,0
Red,False,0.25,0.25,0.3625,0.39125,0.5625,0.15,0.875,1.25,0.0,0.25,80.0,28.375,67.875,24.0,106.125,48.5,98.875,49.375,4.125,2.375,3.25,0.5,71.875,21.375,52.25,13.625,6.0,5.5,2.25,1.25,2.125,1.5,13.375,9.125,67.875,21.75,59.5,21.25,3.75,2.25,5.875,2.125,8.375,4.375,2.5,0.625,331.5,87.625,758.875,10,0,4,0,4,4,0,0,0,2,0,1,1,0,177.8,177.8,155.0,0.0,0.1875,0.258662109375,0.39880859375,0.34712890625,0.0942578125,0.16015625,0.86328125,0.078125,0.109375,195.251953125,47.1962890625,183.4599609375,73.3779296875,217.6494140625,68.1630859375,199.740234375,89.369140625,5.4619140625,2.5556640625,4.23046875,0.55859375,181.33984375,34.5888671875,153.599609375,50.0751953125,6.4072265625,5.4072265625,19.732421875,16.92578125,7.5048828125,7.2001953125,10.1279296875,6.376953125,178.4794921875,37.8779296875,173.9921875,66.1396484375,11.4794921875,5.697265625,8.0458984375,6.171875,5.29296875,3.62109375,1.421875,1.06640625,177.7744140625,33.24609375,953.6943359375,35,4,3,0,3,7,4,0,0,0,5,0,1,1,167.64,170.18,155.0,28.0,37.0,0,0,0,0,0,0,1,0,0,0,0,0,0,0,0,0,0,1,0,0,1,0,0,0
Blue,False,0.00787353515625,0.6289215087890625,0.3262847900390625,0.4459494018554687,0.026885986328125,0.6339122009277344,2.34124755859375,0.50341796875,0.00347900390625,0.0031890869140625,79.0299072265625,30.921920776367188,67.60234069824219,29.502212524414062,96.848876953125,47.70814514160156,74.32208251953125,36.03141784667969,0.9762420654296876,0.0691680908203125,1.582550048828125,0.9099273681640624,62.781158447265625,18.796112060546875,49.79096984863281,16.467437744140625,14.1304931640625,10.312362670898438,11.565032958984377,8.492263793945312,2.118255615234375,1.813446044921875,6.246337890625,4.542510986328125,68.81390380859375,24.389083862304688,57.32704162597656,22.381591796875,10.06689453125,6.40057373046875,8.505752563476562,6.264175415039063,0.14910888671875,0.13226318359375,1.7695465087890625,0.8564453125,91.10281372070312,70.1427001953125,451.6420593261719,39,1,0,2,3,8,9,0,0,0,2,1,5,0,180.34,172.72,170.0,0.890625,0.00048828125,0.3294873046875,0.4349267578125,0.2690380859375,0.2792626953125,0.00390625,0.05078125,0.03564453125,0.0087890625,36.07958984375,12.505615234375,37.349853515625,19.504638671875,46.103271484375,22.262451171875,66.9169921875,47.85595703125,0.953857421875,0.371826171875,2.181396484375,1.40771484375,25.5869140625,7.3447265625,28.17578125,10.73291015625,8.255615234375,2.97412109375,8.038818359375,7.94970703125,2.237060546875,2.186767578125,1.13525390625,0.822021484375,29.68994140625,7.9365234375,21.904052734375,7.8310546875,1.4775390625,0.988037109375,3.16455078125,2.693359375,4.912109375,3.5810546875,12.28125,8.980224609375,41.03125,194.359375,438.332763671875,32,3,0,1,2,7,6,0,1,1,2,2,1,0,167.64,172.72,170.0,36.0,36.0,0,0,0,0,0,0,0,0,0,1,0,0,0,0,0,1,0,0,0,0,1,0,0,0
Blue,False,1.125,0.0,0.4225,0.2025,0.44125,0.0,0.25,0.25,0.0,0.0,83.25,32.375,73.875,15.375,111.5,58.75,81.875,23.25,6.375,2.875,0.0,0.0,72.5,23.25,66.375,11.125,4.5,3.125,2.75,1.625,6.25,6.0,4.75,2.625,61.25,17.875,71.125,13.75,8.125,6.375,2.5,1.5,13.875,8.125,0.25,0.125,280.5,7.875,719.75,10,1,4,0,4,4,0,0,0,0,2,2,0,0,187.96,187.96,205.0,0.5,0.0,0.42,0.285,0.5,0.115,0.5,1.5,1.5,1.0,47.5,18.5,32.0,10.5,60.0,28.5,47.0,22.0,0.5,0.5,6.5,1.5,41.5,13.5,27.0,8.5,3.0,2.0,1.5,1.0,3.0,3.0,3.5,1.0,43.5,16.0,22.0,5.0,0.5,0.5,6.5,2.5,3.5,2.0,3.5,3.0,87.5,148.5,508.0,4,0,2,0,2,2,0,0,0,1,0,1,0,0,187.96,190.5,205.0,27.0,34.0,0,0,0,0,0,1,0,0,0,0,0,0,0,0,0,1,0,0,0,0,0,0,1,0
Red,False,1.0390625,0.5,0.4945703125,0.346484375,0.38203125,0.1357031249999999,0.046875,1.2265625,0.140625,0.08984375,82.51953125,39.81640625,108.984375,40.08984375,91.953125,49.078125,122.3046875,52.234375,2.640625,1.609375,2.53125,0.89453125,69.76171875,28.75,89.4765625,23.20703125,6.1796875,5.3203125,9.25,7.1796875,6.578125,5.74609375,10.2578125,9.703125,65.64453125,28.15625,98.3984375,32.9140625,8.421875,6.78125,5.03125,2.578125,8.453125,4.87890625,5.5546875,4.59765625,73.55859375,139.94140625,693.609375,22,0,0,1,2,5,4,0,0,1,1,2,0,1,175.26,180.34,145.0,0.697265625,0.0,0.510498046875,0.180615234375,0.162109375,0.3512890624999999,0.0009765625,0.541015625,0.5,0.015625,40.228515625,18.212890625,27.8291015625,5.65234375,45.001953125,22.9853515625,43.3544921875,19.7314453125,0.6572265625,0.4697265625,7.462890625,2.4228515625,33.2451171875,12.6162109375,25.03515625,4.1845703125,4.0302734375,2.896484375,1.908203125,0.71484375,2.953125,2.7001953125,0.8857421875,0.7529296875,28.8310546875,9.8349609375,21.82421875,3.5595703125,4.9833984375,3.6376953125,4.28515625,1.82421875,6.4140625,4.740234375,1.7197265625,0.2685546875,32.662109375,174.146484375,447.4033203125,18,0,1,0,2,7,4,0,0,1,1,4,0,1,175.26,180.34,155.0,24.0,27.0,0,0,0,0,0,0,1,0,0,0,0,0,0,0,0,1,0,0,0,0,1,0,0,0
Red,False,0.578125,1.015625,0.4353125,0.37484375,0.09375,0.0234375,1.25,0.0,0.0,0.03125,75.75,32.796875,65.0,26.28125,124.046875,78.84375,68.4375,29.59375,0.71875,0.09375,3.015625,0.046875,62.0625,21.8125,43.53125,10.3125,9.28125,7.15625,7.9375,5.703125,4.40625,3.828125,13.53125,10.265625,58.578125,20.671875,59.328125,22.078125,9.984375,7.546875,4.984375,3.75,7.1875,4.578125,0.6875,0.453125,194.859375,33.265625,723.5625,14,0,1,0,2,4,3,0,0,0,0,2,1,1,187.96,185.42,230.0,0.43798828125,0.5,0.353836669921875,0.552205810546875,0.08256591796875,0.158233642578125,0.36279296875,0.00390625,0.0,6.103515625e-05,14.675689697265623,5.184173583984375,42.64962768554688,31.894073486328125,15.313018798828123,5.67401123046875,60.38327026367188,48.853057861328125,0.11553955078125,0.09405517578125,1.161163330078125,0.159210205078125,13.0511474609375,3.7559814453125,32.052093505859375,21.874664306640625,0.947540283203125,0.876678466796875,1.14434814453125,1.06622314453125,0.677001953125,0.551513671875,9.45318603515625,8.95318603515625,11.201202392578123,3.079559326171875,7.169403076171875,1.613494873046875,1.2950439453125,1.1036376953125,18.71112060546875,16.59783935546875,2.179443359375,1.0009765625,16.76910400390625,13.6827392578125,8.683258056640625,129.16177368164062,217.82485961914065,21,4,2,0,4,11,5,0,0,0,1,2,7,0,190.5,200.66,264.0,36.0,31.0,0,0,0,0,1,0,0,0,0,0,0,0,0,0,0,0,0,1,0,0,0,0,1,0
Red,False,0.0,0.0,0.52,0.41,0.0,0.19,0.0,0.0,0.5,0.0,105.0,59.5,83.0,37.5,133.5,86.0,88.5,42.5,0.0,0.0,8.5,1.5,102.0,57.5,77.0,34.5,1.0,0.0,4.5,2.0,2.0,2.0,1.5,1.0,81.0,42.0,65.0,23.5,13.5,9.5,11.0,7.5,10.5,8.0,7.0,6.5,51.5,130.0,645.5,5,0,2,0,2,2,0,0,0,0,1,1,0,0,185.42,190.5,185.0,0.5,0.0,0.595,0.375,0.0,0.575,2.0,0.5,0.0,0.0,45.0,29.0,20.0,7.5,56.0,40.0,24.5,12.0,0.0,0.0,4.5,2.5,32.5,17.0,13.5,5.0,4.5,4.5,4.5,1.0,8.0,7.5,2.0,1.5,23.5,11.5,17.0,5.0,8.0,5.0,2.5,2.0,13.5,12.5,0.5,0.5,130.0,186.5,437.0,4,0,2,0,2,2,0,0,0,0,0,2,0,0,190.5,208.28,265.0,28.0,32.0,0,0,0,0,1,0,0,0,0,0,0,0,0,0,0,1,0,0,0,0,0,0,0,1
Blue,False,0.0,1.0,0.16,0.66,0.16,0.0,0.0,0.0,0.0,0.0,6.0,1.0,21.0,14.0,6.0,1.0,27.0,20.0,6.0,1.0,0.0,0.0,6.0,1.0,18.0,11.0,0.0,0.0,1.0,1.0,0.0,0.0,2.0,2.0,3.0,0.0,11.0,4.0,3.0,1.0,5.0,5.0,0.0,0.0,5.0,5.0,87.0,2.0,208.0,1,0,0,1,0,0,1,0,0,0,0,0,0,0,170.18,170.18,145.0,0.0,1.0,0.12,0.34,0.0,0.0,0.0,1.0,0.0,0.0,49.0,6.0,87.0,30.0,59.0,15.0,97.0,40.0,0.0,0.0,1.0,0.0,42.0,4.0,76.0,23.0,7.0,2.0,4.0,0.0,0.0,0.0,7.0,7.0,47.0,6.0,64.0,18.0,2.0,0.0,1.0,1.0,0.0,0.0,22.0,11.0,0.0,138.0,348.0,2,0,0,1,0,0,1,0,0,0,0,0,0,0,180.34,180.34,155.0,29.0,26.0,0,0,0,0,0,0,1,0,0,0,0,0,0,0,0,0,0,1,0,0,1,0,0,0
Blue,False,0.015625,0.0,0.45,0.4275,0.25,0.2,0.148468017578125,0.098388671875,0.0,0.0,66.5,29.6875,64.31230545043945,27.34375,89.75,48.0,85.53125,44.41152191162109,2.0,0.75,2.0546875,0.75,51.1875,18.3359375,49.6123046875,16.280410766601562,7.5,5.07647705078125,7.5,5.0,4.5,3.625,4.984375,3.9375,48.6875,17.0,47.11572265625,16.5,5.75,3.75,5.3125,3.4375,5.0625,3.5,3.875,2.5,99.2119140625,94.125,638.5,0,0,0,0,0,0,0,0,0,0,0,0,0,0,200.66,205.74,265.0,0.0471682548522949,0.0,0.45,0.4217682266235352,0.25,0.19173828125,0.1875,0.125,0.0,0.0,69.5,30.5,66.984375,27.8466796875,94.0,48.544921875,88.50390625,44.75,2.0,0.8125,2.015625,0.6640625,54.0,19.01513671875,51.483436584472656,16.9437255859375,7.91796875,5.430633544921875,7.75,5.0625,4.780975341796875,3.9373779296875,4.8994140625,3.84375,51.025390625,18.400863647460938,50.515625,17.5,5.75,3.75,5.5,3.5,5.375,3.6875,4.0,2.65625,104.865234375,89.5,655.8441009521484,0,0,0,0,0,0,0,0,0,0,0,0,0,0,177.8,182.88,265.0,34.0,36.0,0,0,0,0,1,0,0,0,0,0,0,0,0,0,0,1,0,0,0,0,1,0,0,0
Red,False,0.0,0.0,0.27,0.51,0.0,0.6,0.0,0.0,0.0,0.0,62.0,17.0,76.0,39.0,76.0,31.0,131.0,90.0,0.0,0.0,10.0,6.0,51.0,11.0,62.0,29.0,7.0,5.0,5.0,3.0,4.0,1.0,9.0,7.0,56.0,14.0,38.0,15.0,6.0,3.0,5.0,2.0,0.0,0.0,33.0,22.0,0.0,694.0,900.0,3,0,0,1,0,0,1,0,0,0,0,0,0,0,182.88,182.88,170.0,0.25,0.25,0.5925,0.53,0.2012499999999999,0.725,0.0,0.125,0.125,0.5,80.5,47.5,66.5,37.5,98.25,63.375,93.75,63.625,2.375,0.75,4.875,4.75,55.0,25.375,55.5,27.25,17.625,15.125,2.0,1.5,7.875,7.0,9.0,8.75,52.25,26.875,38.125,20.0,24.375,18.0,10.125,6.375,3.875,2.625,18.25,11.125,83.75,354.5,749.25,10,0,1,0,1,2,2,0,0,1,0,1,0,0,177.8,182.88,155.0,34.0,26.0,0,0,0,0,0,0,0,0,0,1,0,0,0,0,0,1,0,0,0,0,1,0,0,0
Red,False,0.0,0.0625,0.195,0.190625,0.2825,0.375,1.5,0.625,0.75,0.0,12.3125,5.4375,17.4375,5.5625,33.6875,22.6875,25.75,13.625,2.8125,1.3125,0.625,0.625,11.3125,4.8125,16.5625,5.25,0.8125,0.5,0.25,0.1875,0.1875,0.125,0.625,0.125,6.3125,2.5,10.0625,2.3125,0.75,0.375,0.9375,0.25,5.25,2.5625,6.4375,3.0,161.6875,44.0625,326.25,10,0,1,0,3,4,1,0,0,0,1,0,3,0,172.72,180.34,170.0,0.46875,0.0400390625,0.626787109375,0.4036132812499999,0.0901171875,0.513212890625,1.1484375,0.203125,0.5029296875,0.015625,30.65234375,17.2685546875,40.228515625,22.2509765625,46.283203125,32.7890625,142.88671875,111.3505859375,1.5361328125,0.4638671875,3.1396484375,3.025390625,22.9638671875,10.7587890625,34.4140625,17.6318359375,5.3203125,4.5234375,1.8544921875,1.1904296875,2.3681640625,1.986328125,3.9599609375,3.4287109375,17.2802734375,8.7568359375,15.826171875,5.2880859375,6.3349609375,4.0078125,4.388671875,2.1123046875,7.037109375,4.50390625,20.013671875,14.8505859375,82.9765625,396.359375,601.72265625,25,1,4,0,4,8,3,0,0,0,3,3,2,0,182.88,187.96,185.0,30.0,31.0,0,0,0,0,0,0,0,1,0,0,0,0,0,0,0,1,0,0,0,0,1,0,0,0
Red,False,0.015625,0.0,0.45,0.4275,0.25,0.2,0.148468017578125,0.098388671875,0.0,0.0,66.5,29.6875,64.31230545043945,27.34375,89.75,48.0,85.53125,44.41152191162109,2.0,0.75,2.0546875,0.75,51.1875,18.3359375,49.6123046875,16.280410766601562,7.5,5.07647705078125,7.5,5.0,4.5,3.625,4.984375,3.9375,48.6875,17.0,47.11572265625,16.5,5.75,3.75,5.3125,3.4375,5.0625,3.5,3.875,2.5,99.2119140625,94.125,638.5,0,0,0,0,0,0,0,0,0,0,0,0,0,0,182.88,195.58,185.0,0.0,0.0,0.36,0.39,0.33,0.0,0.0,0.0,0.0,0.0,65.0,24.0,74.0,29.0,79.0,38.0,76.0,31.0,3.0,1.0,1.0,0.0,60.0,21.0,57.0,17.0,2.0,1.0,5.0,1.0,3.0,2.0,12.0,11.0,49.0,12.0,68.0,24.0,1.0,1.0,5.0,4.0,15.0,11.0,1.0,1.0,116.0,0.0,565.0,2,0,1,0,1,1,0,0,0,0,0,1,0,0,177.8,182.88,170.0,27.0,33.0,0,0,0,0,0,0,0,1,0,0,0,0,0,0,0,1,0,0,0,0,1,0,0,0
Red,False,0.0,0.0,0.275,0.29,0.75,0.925,2.0,3.5,0.0,0.5,44.5,16.0,30.5,11.5,83.5,51.5,51.0,30.0,4.5,2.5,4.0,3.5,40.0,12.5,25.5,9.0,2.5,2.5,1.5,0.5,2.0,1.0,3.5,2.0,22.5,4.0,14.5,2.0,2.0,0.5,2.0,0.5,20.0,11.5,14.0,9.0,386.0,369.0,900.0,6,0,0,1,1,1,1,0,0,0,1,0,0,0,175.26,175.26,155.0,0.6796875,0.0,0.3975,0.43630859375,0.126953125,0.36279296875,1.119140625,0.8828125,0.08203125,0.099609375,53.076171875,19.13671875,50.654296875,22.12890625,64.142578125,29.736328125,86.28515625,55.2109375,0.626953125,0.251953125,4.41015625,2.05859375,44.482421875,11.662109375,44.740234375,17.595703125,4.6796875,3.794921875,2.984375,2.08203125,3.9140625,3.6796875,2.9296875,2.451171875,43.548828125,13.634765625,25.12109375,5.732421875,3.798828125,2.666015625,5.671875,4.26953125,5.728515625,2.8359375,19.861328125,12.126953125,69.958984375,211.767578125,531.31640625,23,0,0,2,6,6,4,0,0,1,1,3,1,0,175.26,185.42,155.0,31.0,33.0,0,0,0,0,0,0,1,0,0,0,0,0,0,0,0,1,0,0,0,0,0,0,1,0
Blue,False,0.0,0.0,0.51,0.27,0.0,1.0,0.0,0.0,0.0,0.0,39.0,20.0,37.0,10.0,60.0,40.0,39.0,11.0,2.0,0.0,5.0,5.0,28.0,10.0,37.0,10.0,6.0,6.0,0.0,0.0,5.0,4.0,0.0,0.0,27.0,8.0,28.0,5.0,12.0,12.0,3.0,2.0,0.0,0.0,6.0,3.0,88.0,288.0,755.0,3,0,0,1,0,0,1,0,0,0,0,0,0,0,185.42,198.12,185.0,0.125,0.0625,0.2199999999999999,0.1975,0.29875,0.0,0.25,0.5625,0.0,0.0,36.1875,14.6875,20.0,7.8125,40.125,17.9375,20.4375,8.1875,2.5625,1.375,0.5,0.0,33.0625,11.75,16.6875,5.4375,0.6875,0.5,1.625,1.3125,2.4375,2.4375,1.6875,1.0625,24.125,8.1875,16.6875,6.125,7.1875,3.6875,2.8125,1.6875,4.875,2.8125,0.5,0.0,65.5,5.0625,192.0625,7,0,0,1,3,3,2,0,0,0,0,2,1,0,185.42,193.04,205.0,28.0,28.0,0,0,0,0,0,0,0,1,0,0,0,0,0,0,0,1,0,0,0,0,1,0,0,0
Blue,False,0.0,0.0,0.35,0.51,0.165,0.305,0.0,0.0,0.0,0.5,60.0,17.5,50.5,22.5,132.5,88.5,87.5,57.5,3.0,1.0,11.5,4.0,43.5,7.0,36.0,13.5,6.5,4.5,6.5,3.5,10.0,6.0,8.0,5.5,46.5,9.0,31.5,13.0,8.5,5.0,9.5,3.5,5.0,3.5,9.5,6.0,234.0,455.0,900.0,6,0,0,1,1,1,1,0,0,1,0,0,0,0,193.04,200.66,205.0,0.5,0.5,0.415,0.385,0.5,0.42,0.0,0.5,1.5,0.5,70.5,33.0,44.5,20.0,133.5,91.0,53.5,26.5,1.0,1.0,6.5,5.5,56.5,20.5,42.5,18.5,11.0,9.5,2.0,1.5,3.0,3.0,0.0,0.0,23.5,5.5,23.0,8.5,12.5,5.5,9.5,6.0,34.5,22.0,12.0,5.5,213.5,161.5,470.5,4,0,0,1,1,1,1,0,0,0,1,0,0,0,190.5,190.5,185.0,28.0,28.0,0,0,0,0,0,1,0,0,0,0,0,0,0,0,0,1,0,0,0,0,1,0,0,0
Red,False,0.0,0.0,0.4275,0.2675,0.5,0.2,0.0,0.0,0.5,0.5,142.25,60.25,152.25,34.75,159.75,76.5,167.25,48.0,2.25,0.5,3.5,1.0,112.5,36.75,129.5,20.75,16.5,13.0,12.0,8.0,13.25,10.5,10.75,6.0,110.5,38.25,128.0,21.0,29.75,21.0,22.75,13.25,2.0,1.0,1.5,0.5,100.0,130.0,819.5,8,1,3,0,3,3,0,0,0,0,2,0,0,1,172.72,175.26,155.0,0.015625,0.78125,0.3059375,0.380625,0.0390625,0.84375,1.0,0.0,0.1875,0.109375,43.21875,12.609375,30.671875,12.25,47.0625,16.359375,36.1875,17.421875,0.1875,0.078125,1.125,0.96875,36.375,8.984375,25.796875,9.09375,4.75,2.53125,2.03125,1.328125,2.09375,1.09375,2.84375,1.828125,32.546875,5.859375,20.734375,7.78125,9.0625,5.640625,6.328125,2.859375,1.609375,1.109375,3.609375,1.609375,27.140625,57.921875,250.15625,12,0,2,0,2,5,2,0,0,0,1,1,3,0,185.42,185.42,145.0,25.0,26.0,0,0,0,0,0,0,1,0,0,0,0,0,0,0,0,1,0,0,0,0,1,0,0,0
Red,False,0.5,0.015625,0.317060546875,0.250107421875,0.816904296875,0.038359375,0.73828125,0.0322265625,0.001953125,0.0009765625,68.853515625,19.244140625,49.3642578125,12.85546875,87.841796875,35.6513671875,60.6279296875,22.8388671875,6.8447265625,4.5322265625,0.6005859375,0.142578125,66.240234375,17.5146484375,35.892578125,5.38671875,1.6103515625,0.7275390625,4.6337890625,2.5703125,1.0029296875,1.001953125,8.837890625,4.8984375,52.21484375,8.79296875,45.4775390625,10.5107421875,3.3203125,1.8671875,2.681640625,1.7900390625,13.318359375,8.583984375,1.205078125,0.5546875,229.650390625,18.4658203125,548.3779296875,25,0,0,1,3,7,4,0,0,0,4,1,2,0,177.8,180.34,155.0,0.375,0.0,0.32546875,0.26375,0.32640625,0.28640625,2.078125,0.578125,0.515625,0.09375,61.515625,21.03125,42.96875,12.578125,80.703125,38.1875,69.90625,38.59375,2.0,1.015625,4.09375,2.046875,50.734375,12.34375,35.21875,6.375,5.5,3.453125,6.171875,4.625,5.28125,5.234375,1.578125,1.578125,45.515625,12.390625,33.234375,6.125,6.21875,3.84375,5.359375,4.390625,9.78125,4.796875,4.375,2.0625,131.484375,308.046875,642.171875,18,0,2,0,4,6,1,0,0,0,3,1,2,0,172.72,180.34,155.0,26.0,27.0,0,0,0,0,0,0,1,0,0,0,0,0,0,0,0,0,0,1,0,0,0,0,1,0
Blue,False,0.0,0.0,0.75,0.0,0.0,1.0,2.0,0.0,0.0,0.0,4.0,3.0,4.0,0.0,4.0,3.0,4.0,0.0,0.0,0.0,1.0,1.0,3.0,2.0,4.0,0.0,0.0,0.0,0.0,0.0,1.0,1.0,0.0,0.0,1.0,1.0,4.0,0.0,0.0,0.0,0.0,0.0,3.0,2.0,0.0,0.0,0.0,27.0,41.0,1,0,1,0,1,1,0,0,0,0,0,0,1,0,177.8,187.96,155.0,0.875,0.0,0.3712499999999999,0.24125,0.23375,0.1875,0.5,0.5,0.25,0.125,120.125,43.125,70.0,17.25,132.0,54.375,86.875,33.125,2.875,1.0,1.625,0.75,96.875,27.125,61.125,11.25,5.25,3.25,5.25,3.0,18.0,12.75,3.625,3.0,85.375,27.0,59.125,12.125,29.5,13.5,5.125,1.875,5.25,2.625,5.75,3.25,160.625,84.5,769.25,10,1,2,0,2,3,1,0,0,0,2,1,0,0,175.26,180.34,155.0,20.0,24.0,0,0,0,0,0,0,1,0,0,0,0,0,0,0,0,1,0,0,0,0,1,0,0,0
Red,False,0.15625,0.25,0.3228124999999999,0.288125,0.53125,0.413125,0.0,1.625,0.3125,0.0,108.34375,33.75,64.625,22.03125,138.375,62.15625,99.8125,51.9375,0.6875,0.6875,8.84375,4.0625,80.9375,14.28125,54.21875,14.125,20.34375,12.53125,4.9375,2.875,7.0625,6.9375,5.46875,5.03125,92.5625,24.3125,53.21875,15.0,13.53125,8.25,5.75,3.09375,2.25,1.1875,5.65625,3.9375,99.5625,293.375,881.1875,16,0,1,0,1,2,4,0,0,0,2,0,0,0,175.26,180.34,170.0,0.0,0.0,0.25,0.25,0.625,0.27,0.25,1.0,0.0,0.0,38.5,11.0,25.25,7.0,49.0,21.25,34.25,15.5,2.0,1.0,1.75,1.0,35.0,9.0,23.25,5.5,2.0,1.25,1.75,1.25,1.5,0.75,0.25,0.25,26.75,5.0,19.75,3.75,2.25,0.75,1.75,1.25,9.5,5.25,3.75,2.0,53.25,80.5,269.0,5,0,0,1,1,1,2,0,0,0,0,1,0,0,175.26,180.34,170.0,34.0,26.0,0,0,0,0,0,0,0,0,0,1,0,0,0,0,0,1,0,0,0,0,1,0,0,0
Red,False,0.015625,0.0,0.45,0.4275,0.25,0.2,0.148468017578125,0.098388671875,0.0,0.0,66.5,29.6875,64.31230545043945,27.34375,89.75,48.0,85.53125,44.41152191162109,2.0,0.75,2.0546875,0.75,51.1875,18.3359375,49.6123046875,16.280410766601562,7.5,5.07647705078125,7.5,5.0,4.5,3.625,4.984375,3.9375,48.6875,17.0,47.11572265625,16.5,5.75,3.75,5.3125,3.4375,5.0625,3.5,3.875,2.5,99.2119140625,94.125,638.5,0,0,0,0,0,0,0,0,0,0,0,0,0,0,182.88,190.5,170.0,0.0471682548522949,0.0,0.45,0.4217682266235352,0.25,0.19173828125,0.1875,0.125,0.0,0.0,69.5,30.5,66.984375,27.8466796875,94.0,48.544921875,88.50390625,44.75,2.0,0.8125,2.015625,0.6640625,54.0,19.01513671875,51.483436584472656,16.9437255859375,7.91796875,5.430633544921875,7.75,5.0625,4.780975341796875,3.9373779296875,4.8994140625,3.84375,51.025390625,18.400863647460938,50.515625,17.5,5.75,3.75,5.5,3.5,5.375,3.6875,4.0,2.65625,104.865234375,89.5,655.8441009521484,0,0,0,0,0,0,0,0,0,0,0,0,0,0,180.34,190.5,170.0,30.0,22.0,0,0,0,0,0,0,0,0,0,1,0,0,0,0,0,1,0,0,0,0,1,0,0,0
Red,False,0.0,2.0,0.3,0.5,0.16,1.0,0.0,0.0,0.0,0.0,23.0,7.0,40.0,20.0,43.0,26.0,45.0,25.0,12.0,2.0,3.0,3.0,20.0,5.0,34.0,15.0,2.0,2.0,5.0,4.0,1.0,0.0,1.0,1.0,13.0,0.0,21.0,10.0,5.0,3.0,3.0,1.0,5.0,4.0,16.0,9.0,128.0,72.0,361.0,2,0,0,1,0,0,1,0,0,0,0,0,0,0,177.8,177.8,155.0,0.015625,0.0,0.43859375,0.365,0.52171875,0.28125,2.5,0.0,0.265625,0.28125,52.8125,19.296875,152.34375,55.3125,63.78125,29.625,169.25,71.03125,9.078125,2.84375,0.5,0.375,50.796875,17.34375,127.125,35.984375,0.953125,0.953125,14.96875,11.328125,1.0625,1.0,10.25,8.0,39.765625,10.015625,132.875,45.203125,5.453125,3.078125,7.03125,5.03125,7.59375,6.203125,12.4375,5.078125,174.859375,144.515625,686.515625,13,0,3,0,3,5,2,0,0,0,0,2,3,0,177.8,180.34,155.0,32.0,26.0,0,0,0,0,0,0,1,0,0,0,0,0,0,0,0,1,0,0,0,0,1,0,0,0
Blue,False,0.0,0.5,0.4425,0.3175,0.415,0.1825,1.75,0.75,0.0,0.25,133.5,57.5,101.0,33.0,173.5,94.25,136.0,63.5,11.5,4.0,3.75,1.25,100.5,30.75,88.25,23.5,22.25,18.5,6.75,4.5,10.75,8.25,6.0,5.0,88.75,30.0,77.5,21.5,20.75,11.5,19.25,9.5,24.0,16.0,4.25,2.0,344.25,121.0,900.0,9,0,1,0,1,2,1,0,0,0,2,0,0,0,172.72,172.72,145.0,0.5,0.0,0.4075,0.3774999999999999,0.0,0.0,0.0,0.0,0.0,0.0,127.5,45.5,116.5,47.25,146.5,64.25,132.25,62.25,0.5,0.0,4.75,0.0,94.25,23.25,85.0,24.5,21.0,10.75,15.75,10.5,12.25,11.5,15.75,12.25,107.5,27.5,88.75,29.75,18.75,17.0,27.75,17.5,1.25,1.0,0.0,0.0,114.5,107.75,725.5,7,1,0,1,2,2,1,0,0,0,1,1,0,0,180.34,185.42,155.0,26.0,28.0,0,0,0,0,0,0,1,0,0,0,0,0,0,0,0,1,0,0,0,0,1,0,0,0
Red,False,0.5,1.0,0.53,0.325,0.5,0.0,0.0,0.0,0.0,0.0,51.5,29.0,23.5,9.5,128.5,82.0,24.0,10.0,1.5,1.5,0.0,0.0,41.0,21.5,22.0,9.0,5.5,3.5,1.0,0.5,5.0,4.0,0.5,0.0,19.0,7.0,19.5,7.5,5.0,2.5,1.0,0.5,27.5,19.5,3.0,1.5,240.5,23.5,418.0,3,0,0,1,1,1,1,0,0,0,0,1,0,0,190.5,187.96,185.0,0.0,0.625,0.248671875,0.4840625,0.1903125,0.0078125,0.171875,0.0625,0.03125,0.0234375,47.796875,13.546875,81.3828125,36.3671875,62.0234375,25.265625,84.7421875,39.703125,8.703125,1.1484375,0.0390625,0.0078125,41.59375,10.8828125,49.796875,16.6015625,4.03125,1.6328125,10.0859375,4.3359375,2.171875,1.03125,21.5,15.4296875,40.671875,9.375,73.3359375,32.84375,5.1484375,3.046875,1.3125,0.5625,1.9765625,1.125,6.734375,2.9609375,93.34375,56.21875,1008.2734375,17,1,5,0,5,6,2,0,0,0,1,0,5,0,185.42,182.88,170.0,31.0,32.0,0,0,0,0,0,0,0,1,0,0,0,0,0,0,0,1,0,0,0,0,0,0,1,0
Red,True,0.0625457763671875,0.0,0.4099116516113281,0.2563790893554687,0.0516510009765625,0.0731658935546875,0.1749267578125,0.000732421875,0.00390625,0.001220703125,185.0059814453125,65.96194458007812,164.32235717773438,42.66717529296875,222.32701110839844,102.2179718017578,190.19955444335935,67.04608154296875,0.5028839111328125,0.153564453125,15.679534912109377,0.7653350830078125,172.5241241455078,55.30155944824219,129.7589569091797,26.534683227539062,8.536666870117188,6.715988159179688,21.27182006835937,10.111663818359377,3.9451904296875,3.94439697265625,13.291580200195312,6.0208282470703125,154.47604370117188,46.07496643066406,150.35023498535156,35.09303283691406,22.820541381835938,15.249557495117188,9.715545654296877,4.179656982421875,7.709396362304687,4.637420654296875,4.2565765380859375,3.3944854736328125,65.18862915039062,196.68418884277344,1352.8341217041016,50,10,3,0,3,11,6,0,0,0,1,5,4,1,175.26,177.8,155.0,0.0,0.0,0.34328125,0.2378125,0.129453125,0.1557812499999999,0.375,0.09375,0.0078125,0.0,166.90625,52.453125,172.9296875,42.78125,177.3203125,62.3828125,178.0625,47.1796875,9.2734375,1.46875,3.0234375,1.1796875,131.03125,34.7265625,163.375,35.515625,22.5703125,11.9296875,6.703125,4.734375,13.3046875,5.796875,2.8515625,2.53125,147.390625,41.6953125,161.921875,37.4765625,7.828125,3.0703125,10.828125,5.1875,11.6875,7.6875,0.1796875,0.1171875,79.6328125,45.7109375,1080.2734375,23,1,3,0,4,7,1,0,0,0,5,1,1,0,167.64,172.72,135.0,31.0,28.0,0,0,0,0,0,0,1,0,0,0,0,0,0,0,0,1,0,0,0,0,1,0,0,0
Red,False,0.0,0.0,0.255,0.48,0.29,0.25,0.0,0.0,0.0,0.5,39.5,5.0,44.0,13.0,53.5,17.0,54.0,22.0,3.5,1.0,1.0,0.5,38.0,4.5,39.5,10.0,0.5,0.5,3.0,1.5,1.0,0.0,1.5,1.5,37.0,4.0,33.0,7.5,2.5,1.0,2.0,2.0,0.0,0.0,9.0,3.5,80.0,66.0,483.0,4,0,0,1,1,1,1,0,0,0,0,1,0,0,185.42,187.96,185.0,0.0,0.0,0.2603125,0.384375,0.1515625,0.2487499999999999,0.4375,0.15625,0.0625,0.0625,133.8125,32.21875,140.40625,50.59375,145.25,43.1875,166.96875,74.15625,2.21875,0.6875,2.53125,1.4375,95.78125,13.6875,135.75,46.6875,23.5,7.125,2.65625,1.90625,14.53125,11.40625,2.0,2.0,127.4375,29.21875,129.15625,43.6875,3.59375,1.59375,3.78125,2.625,2.78125,1.40625,7.46875,4.28125,48.28125,191.8125,822.28125,14,0,3,0,3,3,3,0,0,0,1,0,2,0,185.42,187.96,185.0,25.0,29.0,0,0,0,0,0,0,0,1,0,0,0,0,0,0,0,0,0,1,0,0,1,0,0,0
Red,False,0.015625,0.0,0.45,0.4275,0.25,0.2,0.148468017578125,0.098388671875,0.0,0.0,66.5,29.6875,64.31230545043945,27.34375,89.75,48.0,85.53125,44.41152191162109,2.0,0.75,2.0546875,0.75,51.1875,18.3359375,49.6123046875,16.280410766601562,7.5,5.07647705078125,7.5,5.0,4.5,3.625,4.984375,3.9375,48.6875,17.0,47.11572265625,16.5,5.75,3.75,5.3125,3.4375,5.0625,3.5,3.875,2.5,99.2119140625,94.125,638.5,0,0,0,0,0,0,0,0,0,0,0,0,0,0,175.26,175.26,220.0,0.015625,0.5722732543945312,0.5802295398712158,0.463828239440918,0.5719302368164063,0.1568281555175781,0.511847972869873,0.4082984924316406,0.12506103515625,0.2501220703125,71.22305965423584,41.05529069900513,41.353732109069824,18.016284942626957,95.281729221344,63.0760440826416,66.42770051956177,41.1681342124939,3.836170196533203,1.0438728332519531,0.8183221817016602,0.3796615600585937,62.63772916793823,33.242669105529785,32.980448722839355,11.167091369628906,4.2293620109558105,3.6471056938171382,5.076084136962891,4.052186965942383,4.355968475341797,4.165515899658203,3.297199249267578,2.797006607055664,37.51382541656494,15.674013137817385,31.481091499328613,12.200274467468262,25.94358253479004,19.426008224487305,7.503223419189453,4.198660850524902,7.765651702880859,5.95526933670044,2.369417190551758,1.617349624633789,315.8419685363769,89.92922592163086,604.9741139411926,60,16,7,0,7,15,7,0,1,0,4,6,3,1,185.42,190.5,205.0,42.0,47.0,0,0,0,0,1,0,0,0,0,0,0,0,0,0,0,1,0,0,0,0,1,0,0,0
Blue,False,0.0234375,0.0,0.3090625,0.255234375,0.3259375,0.021875,0.4296875,0.1328125,0.0390625,0.078125,109.5625,33.4296875,185.1796875,49.6484375,128.0625,51.109375,199.7890625,62.203125,2.671875,1.515625,2.6953125,0.0546875,96.2265625,24.390625,155.4453125,32.1328125,11.2109375,8.4140625,16.203125,6.75,2.125,0.625,13.53125,10.765625,96.1328125,26.6015625,175.6328125,44.859375,10.3203125,5.1796875,8.96875,4.3984375,3.109375,1.6484375,0.578125,0.390625,129.9609375,30.03125,888.65625,21,0,0,1,7,7,1,0,0,2,4,1,0,0,175.26,177.8,155.0,0.25,0.0,0.304625244140625,0.246151123046875,0.4487548828125,0.07694580078125,0.8271484375,0.1611328125,0.0009765625,0.0,127.080078125,36.9736328125,91.8990478515625,21.982421875,157.0345458984375,65.2135009765625,105.628662109375,35.2547607421875,3.822509765625,1.0306396484375,2.059814453125,0.2325439453125,115.322998046875,28.5745849609375,67.7864990234375,12.21484375,6.3255615234375,4.915283203125,17.798828125,6.698974609375,5.4315185546875,3.4837646484375,6.313720703125,3.068603515625,112.400146484375,27.58642578125,79.7330322265625,14.8543701171875,6.9599609375,4.2064208984375,7.5682373046875,4.498046875,7.719970703125,5.1807861328125,4.5977783203125,2.6300048828125,122.196533203125,56.9232177734375,695.2337646484375,31,3,0,1,6,11,3,0,0,0,1,2,7,1,177.8,187.96,145.0,31.0,34.0,0,0,0,0,0,0,1,0,0,0,0,0,0,0,0,1,0,0,0,0,0,0,1,0
Red,False,1.01025390625,0.12890625,0.5149609374999999,0.38862548828125,0.084384765625,0.572119140625,0.943603515625,0.047119140625,0.0,0.00537109375,33.13818359375,15.01953125,41.125244140625,16.78759765625,51.246337890625,32.234130859375,58.7666015625,33.45361328125,1.437744140625,0.33544921875,3.188232421875,2.188232421875,25.354248046875,9.2890625,31.10107421875,8.96484375,5.745361328125,3.84912109375,6.803955078125,4.995361328125,2.03857421875,1.88134765625,3.22021484375,2.827392578125,25.74560546875,9.10400390625,22.3125,6.89599609375,4.9130859375,3.73193359375,10.179443359375,6.59375,2.4794921875,2.18359375,8.63330078125,3.2978515625,90.219970703125,161.65625,441.670166015625,25,0,0,1,6,9,4,0,0,1,1,3,4,0,177.8,177.8,170.0,0.501953125,0.125,0.4215625,0.23455078125,0.17564453125,0.18896484375,0.5234375,0.166015625,0.125,0.076171875,109.2265625,39.73828125,58.94140625,16.958984375,130.0,57.693359375,64.98046875,22.771484375,1.5703125,0.408203125,1.75390625,1.08984375,93.990234375,29.19921875,49.1328125,9.65234375,7.970703125,4.1875,6.03125,4.310546875,7.265625,6.3515625,3.77734375,2.99609375,91.80078125,27.072265625,47.55078125,10.849609375,5.33203125,3.322265625,8.158203125,4.296875,12.09375,9.34375,3.232421875,1.8125,65.9140625,73.3671875,466.828125,21,1,5,0,5,7,3,0,0,1,0,1,5,0,182.88,193.04,170.0,37.0,25.0,0,0,0,0,0,0,0,0,0,1,0,0,0,0,0,0,0,1,0,0,0,0,1,0
Red,False,0.015625,0.0,0.45,0.4275,0.25,0.2,0.148468017578125,0.098388671875,0.0,0.0,66.5,29.6875,64.31230545043945,27.34375,89.75,48.0,85.53125,44.41152191162109,2.0,0.75,2.0546875,0.75,51.1875,18.3359375,49.6123046875,16.280410766601562,7.5,5.07647705078125,7.5,5.0,4.5,3.625,4.984375,3.9375,48.6875,17.0,47.11572265625,16.5,5.75,3.75,5.3125,3.4375,5.0625,3.5,3.875,2.5,99.2119140625,94.125,638.5,0,0,0,0,0,0,0,0,0,0,0,0,0,0,182.88,182.88,170.0,0.0,0.0,0.4575,0.3,0.56,0.1,0.0,0.25,0.0,0.0,95.0,39.75,80.0,25.0,158.5,99.0,109.0,52.0,8.25,4.75,2.5,1.0,73.5,23.25,66.25,16.5,10.5,7.0,9.25,6.5,11.0,9.5,4.5,2.0,55.25,14.25,64.75,18.5,18.0,10.25,14.5,6.0,21.75,15.25,0.75,0.5,571.0,76.75,900.0,9,0,1,0,1,2,1,0,0,0,2,0,0,0,172.72,180.34,170.0,22.0,29.0,0,0,0,0,0,0,0,0,0,1,0,0,0,0,0,0,0,1,0,0,1,0,0,0
Blue,False,0.0,0.0,0.53,0.53,0.0,0.66,0.0,0.0,0.0,0.0,39.0,21.0,88.0,47.0,81.0,63.0,140.0,92.0,4.0,0.0,6.0,4.0,29.0,11.0,50.0,13.0,4.0,4.0,11.0,11.0,6.0,6.0,27.0,23.0,23.0,10.0,24.0,5.0,15.0,10.0,47.0,35.0,1.0,1.0,17.0,7.0,41.0,456.0,690.0,3,0,0,1,0,0,1,0,0,0,0,0,0,0,180.34,185.42,170.0,0.0,0.0,0.5675,0.4325,0.5,0.2324999999999999,1.0,0.5,0.5,0.0,53.25,29.0,55.0,24.5,83.25,57.75,96.25,61.0,2.25,1.25,8.5,2.5,33.75,14.0,39.75,13.5,12.25,9.75,9.5,7.0,7.25,5.25,5.75,4.0,22.0,7.5,22.5,6.25,18.25,14.25,10.75,7.0,13.0,7.25,21.75,11.25,170.0,384.75,713.25,7,0,2,0,2,2,1,0,0,0,0,1,1,0,187.96,193.04,170.0,24.0,25.0,0,0,0,0,0,0,0,0,0,1,0,0,0,0,0,1,0,0,0,0,1,0,0,0
Red,False,0.7353515625,0.501953125,0.3291943359375,0.4247265624999999,0.1279296875,0.487021484375,0.013671875,0.50634765625,0.0,0.00048828125,136.5751953125,39.75634765625,105.6484375,42.72998046875,162.80615234375,64.81005859375,159.4404296875,92.451171875,0.62890625,0.12890625,8.611328125,5.26416015625,108.1943359375,20.69677734375,82.08056640625,25.4111328125,5.76220703125,3.17529296875,11.0517578125,7.38427734375,22.61865234375,15.88427734375,12.51611328125,9.9345703125,113.654296875,29.130859375,89.74072265625,32.05224609375,10.55419921875,5.44140625,3.21923828125,2.2763671875,12.36669921875,5.18408203125,12.6884765625,8.4013671875,58.48681640625,475.01025390625,1075.80859375,27,1,0,1,7,9,3,0,0,0,2,6,0,1,175.26,177.8,170.0,0.000732421875,0.09375,0.55888916015625,0.46844482421875,0.4173925781249999,0.1533642578125,0.259521484375,0.71923828125,0.0,0.1015625,104.850341796875,56.2890625,69.259033203125,27.6416015625,223.508056640625,166.8134765625,92.4794921875,48.876708984375,7.317138671875,2.84814453125,1.121337890625,0.4931640625,76.416259765625,33.071044921875,53.704833984375,14.3486328125,16.94091796875,13.4482421875,8.58544921875,6.93408203125,11.4931640625,9.769775390625,6.96875,6.35888671875,51.330322265625,17.92431640625,46.6083984375,11.696044921875,25.857177734375,16.409912109375,20.072509765625,14.215087890625,27.662841796875,21.954833984375,2.578125,1.73046875,579.108642578125,110.5986328125,915.625732421875,37,1,8,0,8,12,1,0,0,1,7,1,3,0,182.88,187.96,170.0,26.0,32.0,0,0,0,0,0,0,0,0,0,1,0,0,0,0,0,1,0,0,0,0,1,0,0,0
Blue,False,0.9375,0.0,0.525625,0.3924999999999999,0.0,0.5,0.0,0.0,0.0,0.0,47.1875,23.4375,20.5625,8.375,49.8125,25.8125,20.8125,8.625,0.0,0.0,0.625,0.5,33.6875,13.625,13.375,3.4375,12.0,8.5625,2.625,1.125,1.5,1.25,4.5625,3.8125,34.1875,14.8125,19.125,7.8125,3.8125,2.25,1.4375,0.5625,9.1875,6.375,0.0,0.0,12.8125,3.375,246.6875,7,0,5,0,5,5,0,0,0,0,0,5,0,0,193.04,195.58,238.0,1.0,0.0,0.41,0.325,0.25,0.0,0.0,0.0,0.0,0.0,25.0,8.5,26.5,7.0,25.5,9.0,27.5,8.0,1.0,0.5,0.0,0.0,25.0,8.5,23.5,6.0,0.0,0.0,2.0,0.0,0.0,0.0,1.0,1.0,18.5,5.0,20.5,5.5,1.0,0.0,6.0,1.5,5.5,3.5,0.0,0.0,45.0,0.0,132.0,2,1,2,0,2,2,0,0,0,0,0,2,0,0,182.88,185.42,263.0,26.0,34.0,0,0,0,0,1,0,0,0,0,0,0,0,0,0,0,1,0,0,0,0,1,0,0,0
Blue,False,0.0,0.0,0.615,0.09,0.475,0.0,1.0,0.0,0.0,0.0,60.5,31.0,16.0,2.5,101.5,66.0,16.0,2.5,4.5,2.0,1.0,0.0,39.5,15.0,11.5,0.0,15.0,12.5,2.0,1.0,6.0,3.5,2.5,1.5,17.5,3.0,13.5,2.0,5.5,5.0,2.5,0.5,37.5,23.0,0.0,0.0,433.0,12.5,597.5,4,0,2,0,2,2,0,0,0,0,1,0,1,0,187.96,200.66,205.0,0.0,0.5,0.4649999999999999,0.505,0.65,0.5,1.5,0.0,0.5,1.5,50.5,24.5,95.5,48.0,73.0,41.5,192.0,138.0,14.0,9.0,1.5,1.0,44.5,20.0,71.0,26.5,6.0,4.5,15.5,12.5,0.0,0.0,9.0,9.0,24.5,10.5,30.0,8.0,15.0,8.5,25.5,15.0,11.0,5.5,40.0,25.0,338.5,354.0,900.0,6,0,0,2,0,0,2,0,0,0,0,0,0,0,175.26,182.88,205.0,25.0,28.0,0,0,0,0,0,1,0,0,0,0,0,0,0,0,0,1,0,0,0,0,0,0,0,1
Red,False,0.0,0.0625,0.449375,0.340625,0.54625,0.015625,1.3125,0.5,0.0625,0.125,80.625,31.6875,60.9375,17.8125,116.9375,62.0,70.1875,25.875,5.4375,2.75,0.375,0.0625,65.875,21.25,46.875,7.8125,3.5,2.375,6.125,3.5625,11.25,8.0625,7.9375,6.4375,49.0,12.0625,55.0,14.6875,4.875,3.75,2.6875,1.6875,26.75,15.875,3.25,1.4375,344.625,72.5625,718.6875,14,0,0,2,3,3,2,0,0,0,2,0,1,0,172.72,177.8,155.0,0.015625,0.375,0.3492871093749999,0.239599609375,0.5958691406250001,0.199765625,0.576171875,2.154296875,0.0,0.015625,57.3076171875,19.1201171875,54.7958984375,19.291015625,100.1982421875,55.181640625,67.6337890625,31.0322265625,4.02734375,1.8896484375,1.859375,0.41015625,45.77734375,10.88671875,51.5263671875,17.310546875,4.0888671875,2.5185546875,2.380859375,1.435546875,7.44140625,5.71484375,0.888671875,0.544921875,35.5625,7.1572265625,45.5068359375,12.87109375,5.369140625,3.08203125,4.6611328125,3.1796875,16.3759765625,8.880859375,4.6279296875,3.240234375,350.6396484375,30.36328125,582.416015625,28,0,1,0,3,6,5,0,0,2,1,1,2,0,170.18,177.8,155.0,25.0,28.0,0,0,0,0,0,0,1,0,0,0,0,0,0,0,0,0,0,1,0,0,1,0,0,0
Red,False,0.0,0.015625,0.56703125,0.516796875,0.45921875,0.015625,0.8671875,0.890625,0.0,0.0,42.15625,24.1640625,30.5859375,14.1953125,62.4375,42.1875,61.890625,43.609375,11.671875,5.3046875,0.3046875,0.0546875,34.0546875,17.390625,20.609375,4.703125,6.359375,5.40625,5.5390625,5.3359375,1.7421875,1.3671875,4.4375,4.15625,14.28125,7.4609375,17.8984375,4.984375,11.2578125,6.8359375,9.6171875,7.1328125,16.6171875,9.8671875,3.0703125,2.078125,465.1328125,52.796875,666.1015625,18,0,0,1,3,5,3,0,0,0,2,0,3,0,182.88,187.96,170.0,1.0,0.4072303771972656,0.5663449430465698,0.3858172988891601,0.1957003450393676,0.453692626953125,0.103921890258789,0.2990527153015136,0.03253173828125,0.0393791198730468,80.6083288192749,45.93420457839966,71.56563138961792,24.54153871536255,96.44895553588869,60.93692922592163,85.36074876785278,37.70277118682861,3.036646842956543,0.9541630744934082,1.0866470336914062,0.578765869140625,53.077632427215576,20.696728706359863,55.14374780654907,12.9988055229187,7.865626811981201,7.82240629196167,12.882817268371582,8.741948127746582,19.665069580078125,17.415069580078125,3.5390663146972656,2.8007850646972656,58.804665088653564,28.05017709732056,63.18489360809326,18.256819248199463,12.735735416412354,10.94642734527588,3.865889549255371,3.259373664855957,9.067928314208984,6.937600135803223,4.514848232269287,3.025345802307129,229.0669469833374,53.4478702545166,790.2371683120728,48,12,2,0,6,17,5,0,0,0,5,6,4,2,175.26,185.42,170.0,33.0,36.0,0,0,0,0,0,0,0,0,0,1,0,0,0,0,0,1,0,0,0,0,0,0,0,1
Red,False,0.0,0.0,0.62,0.38,0.6,0.0,0.0,3.0,0.0,2.0,53.0,33.0,31.0,12.0,116.0,95.0,45.0,25.0,10.0,6.0,0.0,0.0,30.0,13.0,25.0,9.0,19.0,18.0,4.0,3.0,4.0,2.0,2.0,0.0,20.0,6.0,23.0,8.0,3.0,2.0,7.0,3.0,30.0,25.0,1.0,1.0,528.0,163.0,900.0,3,0,1,0,1,1,0,0,0,0,1,0,0,0,177.8,177.8,155.0,0.25,0.0,0.5875,0.5075,0.625,0.04,1.0,0.0,0.0,0.0,65.0,40.5,64.25,38.0,98.0,71.75,73.5,46.5,7.5,5.75,2.0,0.25,51.75,28.75,43.75,20.75,3.75,2.5,15.0,12.5,9.5,9.25,5.5,4.75,35.5,20.0,42.5,22.5,19.75,13.75,21.75,15.5,9.75,6.75,0.0,0.0,348.0,37.0,682.25,7,0,3,0,3,3,0,0,1,0,1,1,0,0,175.26,175.26,185.0,29.0,26.0,0,0,0,0,0,0,0,0,0,1,0,0,0,0,0,1,0,0,0,0,0,0,1,0
Red,True,0.0,0.0,0.5440625,0.37296875,0.75515625,0.0259375,0.0,1.765625,0.0,0.5,109.234375,48.015625,54.953125,13.625,241.546875,164.390625,72.5625,30.96875,5.78125,4.578125,0.875,0.125,83.703125,29.140625,50.78125,10.578125,7.046875,2.953125,3.640625,2.640625,18.484375,15.921875,0.53125,0.40625,70.140625,20.546875,48.875,10.484375,10.9375,8.359375,2.34375,0.96875,28.15625,19.109375,3.734375,2.171875,601.71875,37.578125,829.09375,17,0,0,1,3,4,3,0,0,0,4,0,0,0,185.42,185.42,205.0,1.3115234375,0.0,0.584580078125,0.168427734375,0.06640625,0.0209375,0.01953125,0.0,0.001953125,0.0,83.455078125,48.861328125,47.5732421875,8.5224609375,86.919921875,51.59375,50.322265625,10.955078125,0.07421875,0.06640625,8.517578125,0.158203125,49.4990234375,23.603515625,39.626953125,5.5693359375,7.623046875,5.1748046875,2.828125,0.3271484375,26.3330078125,20.0830078125,5.1181640625,2.6259765625,70.984375,40.318359375,43.8740234375,7.0556640625,1.9736328125,1.5029296875,3.08984375,1.212890625,10.4970703125,7.0400390625,0.609375,0.25390625,75.7177734375,28.865234375,1044.408203125,24,7,11,0,11,11,0,0,0,0,2,7,2,0,187.96,195.58,185.0,33.0,35.0,0,0,0,0,0,0,0,1,0,0,0,0,0,0,0,0,0,1,0,0,0,0,1,0
Blue,False,0.0,0.0,0.35875,0.4425,0.5337500000000001,0.425,1.5,1.25,0.625,0.125,94.75,32.125,69.0,24.125,134.5,68.5,91.0,45.25,6.75,2.875,4.0,1.75,80.125,21.0,50.375,9.375,12.875,9.875,14.0,11.0,1.75,1.25,4.625,3.75,61.5,14.0,53.125,11.625,8.0,5.625,15.0,12.125,25.25,12.5,0.875,0.375,426.875,141.125,833.625,11,0,0,1,3,3,1,0,0,2,0,0,1,0,175.26,180.34,170.0,0.0,0.5625,0.3885937499999999,0.442578125,0.1328125,0.23046875,1.34375,0.0078125,0.125,0.0,21.3515625,8.1328125,28.9140625,13.7578125,22.9296875,9.6875,30.640625,15.4765625,0.1328125,0.1328125,0.2890625,0.2578125,14.53125,4.28125,18.46875,7.0859375,5.78125,3.09375,3.0859375,2.2109375,1.0390625,0.7578125,7.359375,4.4609375,19.4765625,7.0859375,22.515625,9.0625,0.8046875,0.4765625,3.0625,1.875,1.0703125,0.5703125,3.3359375,2.8203125,7.5,58.6953125,242.8671875,12,0,0,1,3,5,3,0,0,0,1,0,4,0,185.42,193.04,170.0,25.0,24.0,0,0,0,0,0,0,0,0,0,1,0,0,0,0,0,0,0,1,0,0,1,0,0,0
Blue,False,0.25,0.0,0.45125,0.35125,0.0625,0.375,0.0,0.5,0.0,0.0,55.0,24.75,69.5,24.0,59.375,28.625,113.125,63.75,0.375,0.125,4.375,2.125,47.875,18.0,55.625,13.125,4.75,4.625,5.0,3.75,2.375,2.125,8.875,7.125,43.875,16.375,47.25,9.375,8.5,6.375,11.875,8.5,2.625,2.0,10.375,6.125,3.25,258.625,565.375,7,0,1,0,1,2,2,0,0,0,0,2,0,0,182.88,187.96,185.0,0.0471682548522949,0.0,0.45,0.4217682266235352,0.25,0.19173828125,0.1875,0.125,0.0,0.0,69.5,30.5,66.984375,27.8466796875,94.0,48.544921875,88.50390625,44.75,2.0,0.8125,2.015625,0.6640625,54.0,19.01513671875,51.483436584472656,16.9437255859375,7.91796875,5.430633544921875,7.75,5.0625,4.780975341796875,3.9373779296875,4.8994140625,3.84375,51.025390625,18.400863647460938,50.515625,17.5,5.75,3.75,5.5,3.5,5.375,3.6875,4.0,2.65625,104.865234375,89.5,655.8441009521484,0,0,0,0,0,0,0,0,0,0,0,0,0,0,180.34,180.34,205.0,29.0,33.0,0,0,0,0,0,1,0,0,0,0,0,0,0,0,0,1,0,0,0,0,1,0,0,0
Red,False,0.015625,0.0,0.45,0.4275,0.25,0.2,0.148468017578125,0.098388671875,0.0,0.0,66.5,29.6875,64.31230545043945,27.34375,89.75,48.0,85.53125,44.41152191162109,2.0,0.75,2.0546875,0.75,51.1875,18.3359375,49.6123046875,16.280410766601562,7.5,5.07647705078125,7.5,5.0,4.5,3.625,4.984375,3.9375,48.6875,17.0,47.11572265625,16.5,5.75,3.75,5.3125,3.4375,5.0625,3.5,3.875,2.5,99.2119140625,94.125,638.5,0,0,0,0,0,0,0,0,0,0,0,0,0,0,198.12,205.74,260.0,0.0,0.875,0.45,0.5025,0.375,0.125,1.3125,0.125,0.1875,0.25,33.6875,16.25,37.5,16.5,49.625,30.0625,41.9375,19.5,0.4375,0.375,0.125,0.125,22.8125,6.6875,33.5,13.4375,3.5,2.6875,3.9375,3.0,7.375,6.875,0.0625,0.0625,24.875,11.8125,20.0625,8.0,6.5625,3.0625,5.75,2.25,2.25,1.375,11.6875,6.25,103.875,61.75,306.9375,8,0,0,1,3,3,2,0,1,0,0,0,2,0,210.82,213.36,265.0,23.0,22.0,0,0,0,0,1,0,0,0,0,0,0,0,0,0,0,1,0,0,0,0,1,0,0,0
Blue,False,0.0,0.5,0.306875,0.603125,0.3,0.3925,2.0,0.0625,1.0,0.25,23.0,8.0625,42.9375,24.0,51.0625,32.5,94.3125,68.5625,4.375,1.375,1.5625,1.0625,15.125,3.0,31.3125,14.875,5.75,4.25,5.75,5.25,2.125,0.8125,5.875,3.875,13.0,2.1875,16.5625,7.1875,5.3125,2.75,7.9375,5.1875,4.6875,3.125,18.4375,11.625,324.25,303.0,799.375,13,1,1,0,1,1,4,0,0,0,0,0,1,0,175.26,182.88,155.0,0.09375,0.125,0.583125,0.50625,0.03125,0.2675,0.1875,0.1875,0.0,0.03125,34.40625,20.59375,62.125,40.0,50.59375,36.15625,149.75,122.46875,0.65625,0.03125,4.71875,1.15625,20.125,7.5625,43.03125,22.65625,9.59375,8.46875,11.0,9.3125,4.6875,4.5625,8.09375,8.03125,14.65625,5.1875,17.84375,7.03125,19.03125,14.6875,19.71875,13.53125,0.71875,0.71875,24.5625,19.4375,61.40625,438.59375,615.8125,12,0,3,0,3,4,2,0,0,0,1,2,1,0,187.96,195.58,170.0,34.0,27.0,0,0,0,0,0,0,0,0,0,1,0,0,0,0,0,1,0,0,0,0,1,0,0,0
Blue,False,0.0,0.0,0.56375,0.470625,0.535,0.0625,0.375,0.375,0.125,0.5,75.9375,43.125,54.4375,26.125,152.5,111.0625,97.375,68.25,7.6875,3.8125,2.625,0.0625,43.875,14.9375,40.625,16.125,12.8125,11.625,6.9375,4.875,19.25,16.5625,6.875,5.125,22.6875,6.25,26.9375,10.0625,33.625,24.8125,13.4375,8.125,19.625,12.0625,14.0625,7.9375,481.25,104.875,778.25,15,0,3,0,3,4,1,0,0,0,3,0,0,0,185.42,193.04,170.0,0.5,0.0,0.375,0.4525,0.0,0.775,0.75,3.25,0.5,0.0,68.25,22.75,85.25,38.0,76.25,30.0,108.5,56.25,0.0,0.0,3.5,2.75,63.75,19.75,60.25,22.5,4.0,2.5,12.5,6.75,0.5,0.5,12.5,8.75,60.5,17.25,72.0,30.5,4.5,2.5,7.25,3.5,3.25,3.0,6.0,4.0,38.5,156.75,498.25,5,1,0,1,2,2,1,0,0,0,0,1,1,0,185.42,190.5,170.0,24.0,28.0,0,0,0,0,0,0,0,0,0,1,0,0,0,0,0,0,0,1,0,0,1,0,0,0
Red,False,0.0,0.25,0.3668749999999999,0.25328125,0.585,0.13359375,0.25,0.03125,0.25,0.25,78.703125,28.4375,70.921875,16.640625,106.4375,54.21875,81.84375,26.765625,4.921875,2.4375,0.953125,0.328125,66.4375,18.484375,61.640625,9.890625,1.34375,1.09375,4.859375,3.328125,10.921875,8.859375,4.421875,3.421875,67.34375,22.703125,67.203125,13.84375,4.09375,2.0,2.28125,1.859375,7.265625,3.734375,1.4375,0.9375,192.0625,40.375,791.4375,19,1,1,0,2,5,2,0,0,1,3,1,0,0,182.88,187.96,205.0,0.0625,0.0,0.550625,0.4575,0.6487499999999999,0.0,0.125,0.0,0.0,0.0,51.625,25.0625,26.75,9.5625,67.5,38.5,32.0,14.125,2.6875,1.8125,0.9375,0.0,40.625,17.1875,19.6875,5.0,6.375,5.0,2.5625,1.8125,4.625,2.875,4.5,2.75,22.8125,7.375,19.75,4.8125,6.0,4.125,5.4375,3.1875,22.8125,13.5625,1.5625,1.5625,138.3125,15.25,333.375,10,0,3,0,3,4,1,0,0,0,2,1,1,0,193.04,213.36,205.0,39.0,23.0,0,0,0,0,0,1,0,0,0,0,0,0,0,0,0,1,0,0,0,0,1,0,0,0
Blue,False,0.0,0.0,0.17,0.27,0.0,0.5,0.0,1.0,0.0,0.0,116.0,20.0,186.0,51.0,116.0,20.0,210.0,74.0,1.0,0.0,2.0,1.0,84.0,11.0,172.0,40.0,28.0,9.0,7.0,6.0,4.0,0.0,7.0,5.0,115.0,20.0,172.0,42.0,1.0,0.0,5.0,3.0,0.0,0.0,9.0,6.0,8.0,105.0,772.0,3,0,0,1,0,0,1,0,0,0,0,0,0,0,170.18,177.8,155.0,0.25,0.0,0.38404296875,0.29169921875,0.0719140625,0.29353515625,0.525390625,0.9453125,0.0078125,0.142578125,122.28515625,47.30859375,91.3828125,27.03125,155.4765625,74.912109375,111.25,41.83203125,1.818359375,0.25,3.966796875,1.84375,89.6484375,24.7734375,79.015625,17.0078125,9.626953125,5.68359375,7.07421875,6.294921875,23.009765625,16.8515625,5.29296875,3.728515625,107.57421875,39.693359375,84.01171875,22.9609375,5.103515625,2.4765625,6.619140625,3.86328125,9.607421875,5.138671875,0.751953125,0.20703125,52.546875,286.0546875,799.95703125,27,0,1,0,4,7,3,0,0,1,4,1,1,0,167.64,172.72,145.0,31.0,26.0,0,0,0,0,0,0,1,0,0,0,0,0,0,0,0,0,0,1,0,0,1,0,0,0
Blue,False,0.625,0.0,0.5020312499999999,0.2416796875,0.04796875,0.16828125,0.345703125,0.001953125,0.0,0.009765625,92.228515625,39.751953125,104.314453125,30.412109375,105.3125,51.796875,122.6171875,47.599609375,0.173828125,0.10546875,4.654296875,1.078125,88.162109375,36.154296875,77.572265625,11.974609375,3.205078125,2.783203125,5.904296875,1.888671875,0.861328125,0.814453125,20.837890625,16.548828125,79.4296875,30.4296875,93.943359375,22.193359375,1.984375,1.857421875,9.33203125,7.6953125,10.814453125,7.46484375,1.0390625,0.5234375,174.232421875,94.888671875,656.63671875,28,0,4,0,4,8,2,0,0,0,4,3,0,1,187.96,190.5,170.0,0.0,0.625,0.4575,0.4275,0.33,0.0625,0.25,1.875,0.625,0.5,54.375,24.875,33.125,14.375,67.75,35.625,52.125,32.375,6.25,1.0,1.25,0.375,44.875,16.125,27.875,9.625,8.375,7.75,3.5,3.0,1.125,1.0,1.75,1.75,17.625,5.125,22.625,7.5,5.5,3.625,7.125,3.625,31.25,16.125,3.375,3.25,162.875,84.875,414.125,7,0,0,1,3,3,1,0,0,1,0,2,0,0,182.88,180.34,185.0,29.0,32.0,0,0,0,0,0,0,0,1,0,0,0,0,0,0,0,0,0,1,0,0,1,0,0,0
Blue,False,1.0,0.0,0.36,0.415,0.5,0.65,0.0,1.0,0.5,0.5,59.5,21.0,79.0,33.0,79.5,39.0,154.5,98.0,3.0,1.5,7.5,4.5,55.0,17.5,71.5,26.5,1.5,1.5,4.5,3.5,3.0,2.0,3.0,3.0,43.0,11.5,49.5,19.5,12.5,6.5,9.0,4.5,4.0,3.0,20.5,9.0,81.0,476.0,853.0,6,0,0,2,0,0,2,0,0,0,0,0,0,0,182.88,187.96,205.0,0.14453125,0.75390625,0.3380078125,0.549296875,0.0,0.098515625,0.03125,0.03125,0.0,0.0,11.19140625,4.12109375,20.0546875,10.9609375,11.2734375,4.203125,20.96484375,11.85546875,0.0625,0.0,0.24609375,0.16796875,7.796875,1.6484375,15.65234375,7.07421875,0.140625,0.125,2.77734375,2.26171875,3.25390625,2.34765625,1.625,1.625,10.609375,3.7109375,17.0234375,8.03515625,0.08203125,0.05078125,0.2265625,0.17578125,0.5,0.359375,2.8046875,2.75,0.9765625,10.671875,126.640625,11,0,0,1,2,4,5,0,0,0,0,3,0,0,187.96,190.5,205.0,31.0,31.0,0,0,0,0,0,1,0,0,0,0,0,0,0,0,0,1,0,0,0,0,1,0,0,0
Red,False,0.5,0.0,0.25,0.61,0.5,0.5,1.5,0.5,0.0,0.0,3.0,1.5,11.5,6.0,11.0,7.5,25.0,19.0,0.5,0.5,0.5,0.5,3.0,1.5,10.0,5.5,0.0,0.0,1.5,0.5,0.0,0.0,0.0,0.0,3.0,1.5,4.5,1.5,0.0,0.0,1.0,0.0,0.0,0.0,6.0,4.5,42.5,60.0,134.5,2,0,1,0,1,1,1,0,0,0,0,0,1,0,187.96,185.42,185.0,0.0,0.0,0.3075,0.39625,0.0,0.615,0.0,1.25,0.0,0.0,54.75,18.0,80.875,32.5,73.0,35.5,121.625,66.75,0.875,0.0,6.125,3.5,39.375,6.25,58.625,17.25,6.375,4.0,18.125,14.0,9.0,7.75,4.125,1.25,42.875,10.375,41.375,8.625,9.125,6.125,5.75,3.375,2.75,1.5,33.75,20.5,72.125,425.625,816.625,10,0,0,1,2,2,2,0,0,0,2,0,0,0,185.42,187.96,205.0,27.0,29.0,0,0,0,0,0,0,0,1,0,0,0,0,0,0,0,0,0,1,0,0,1,0,0,0
Blue,False,0.0,0.75,0.405,0.4125,0.4775,0.5,0.25,0.25,0.25,0.75,47.0,19.25,52.75,22.0,100.75,63.75,68.25,35.25,4.0,2.75,3.0,2.0,41.0,15.25,45.25,15.25,4.0,3.25,3.5,3.25,2.0,0.75,4.0,3.5,23.75,4.75,26.75,8.5,5.0,2.5,11.25,5.5,18.25,12.0,14.75,8.0,392.75,209.5,735.75,7,0,0,2,1,1,2,0,0,1,0,0,0,0,175.26,180.34,155.0,0.0,0.5625,0.4490625,0.3974999999999999,0.290625,0.65,1.78125,1.5,1.34375,0.125,84.71875,37.21875,58.875,17.75,140.5,86.90625,71.25,29.28125,1.375,0.625,1.9375,0.9375,76.9375,30.65625,50.46875,12.96875,5.65625,5.1875,4.6875,2.3125,2.125,1.375,3.71875,2.46875,41.15625,9.125,49.6875,13.03125,7.625,3.96875,5.3125,2.34375,35.9375,24.125,3.875,2.375,283.375,124.1875,589.25,15,0,1,0,2,4,2,0,0,0,3,0,1,0,175.26,177.8,155.0,29.0,25.0,0,0,0,0,0,0,1,0,0,0,0,0,0,0,0,0,0,1,0,0,1,0,0,0
Blue,False,1.5,0.0,0.425,0.5,0.875,0.25,1.5,1.0,1.5,1.0,49.0,21.5,39.0,16.0,74.5,42.5,128.0,98.5,3.0,2.5,1.5,0.5,44.0,18.0,33.5,12.0,4.0,2.5,4.0,3.0,1.0,1.0,1.5,1.0,17.5,6.5,17.0,3.0,8.0,4.0,5.5,3.0,23.5,11.0,16.5,10.0,342.0,119.0,611.0,5,0,0,1,1,1,1,0,0,0,0,1,0,0,175.26,180.34,170.0,0.25,0.0,0.66,0.38375,0.87875,0.7075,0.375,1.375,0.25,1.375,19.25,11.5,30.5,12.5,50.25,38.5,57.75,36.125,3.0,2.5,3.0,1.5,12.875,6.0,23.125,7.25,2.25,2.125,5.375,4.125,4.125,3.375,2.0,1.125,10.375,5.0,15.75,4.25,0.75,0.25,1.875,1.375,8.125,6.25,12.875,6.875,186.5,211.625,509.25,10,0,4,0,4,4,0,0,0,2,0,2,0,0,170.18,182.88,170.0,25.0,27.0,0,0,0,0,0,0,0,0,0,1,0,0,0,0,0,1,0,0,0,0,1,0,0,0
Blue,False,0.015625,0.0,0.45,0.4275,0.25,0.2,0.148468017578125,0.098388671875,0.0,0.0,66.5,29.6875,64.31230545043945,27.34375,89.75,48.0,85.53125,44.41152191162109,2.0,0.75,2.0546875,0.75,51.1875,18.3359375,49.6123046875,16.280410766601562,7.5,5.07647705078125,7.5,5.0,4.5,3.625,4.984375,3.9375,48.6875,17.0,47.11572265625,16.5,5.75,3.75,5.3125,3.4375,5.0625,3.5,3.875,2.5,99.2119140625,94.125,638.5,0,0,0,0,0,0,0,0,0,0,0,0,0,0,177.8,187.96,155.0,0.0,0.0,0.0,0.2,0.5,0.0,0.0,0.0,0.0,0.0,2.0,0.0,5.0,1.0,2.0,0.0,5.0,1.0,2.0,1.0,0.0,0.0,2.0,0.0,5.0,1.0,0.0,0.0,0.0,0.0,0.0,0.0,0.0,0.0,2.0,0.0,5.0,1.0,0.0,0.0,0.0,0.0,0.0,0.0,0.0,0.0,10.0,3.0,44.0,1,0,1,0,1,1,0,0,0,0,0,1,0,0,177.8,180.34,145.0,20.0,26.0,0,0,0,0,0,0,1,0,0,0,0,0,0,0,0,1,0,0,0,0,1,0,0,0
Red,False,0.0,0.0,0.36,0.52,0.0,1.0,0.0,1.0,0.0,0.0,19.0,7.0,17.0,9.0,26.0,14.0,30.0,22.0,0.0,0.0,1.0,1.0,18.0,6.0,15.0,7.0,1.0,1.0,1.0,1.0,0.0,0.0,1.0,1.0,19.0,7.0,8.0,4.0,0.0,0.0,0.0,0.0,0.0,0.0,9.0,5.0,19.0,130.0,236.0,1,0,0,1,0,0,1,0,0,0,0,0,0,0,190.5,190.5,185.0,0.0,0.5,0.41125,0.42625,0.29,0.375,1.0,0.25,0.0,0.0,32.5,14.375,71.875,34.625,69.125,50.5,124.125,77.125,1.75,0.625,0.375,0.375,26.25,8.875,64.0,27.5,5.0,4.25,7.875,7.125,1.25,1.25,0.0,0.0,12.625,3.625,24.0,8.375,16.5,9.25,20.25,11.75,3.375,1.5,27.625,14.5,104.625,259.5,425.625,6,0,1,0,1,2,2,0,0,0,0,0,2,0,177.8,185.42,185.0,29.0,29.0,0,0,0,0,0,0,0,1,0,0,0,0,0,0,0,1,0,0,0,0,1,0,0,0
Red,False,0.0,1.0,0.35,0.48,0.75,0.0,0.0,0.0,0.0,0.0,156.0,55.0,156.0,76.0,173.0,70.0,156.0,76.0,4.0,3.0,0.0,0.0,149.0,50.0,108.0,39.0,4.0,2.0,15.0,11.0,3.0,3.0,33.0,26.0,140.0,48.0,144.0,67.0,1.0,1.0,9.0,7.0,15.0,6.0,3.0,2.0,191.0,44.0,900.0,3,0,1,0,1,1,0,0,0,1,0,0,0,0,177.8,190.5,170.0,0.049072265625,0.001953125,0.463106689453125,0.4589892578125,0.326796875,0.232730712890625,0.5157470703125,0.629150390625,0.0,0.0078125,90.80914306640624,42.96038818359375,71.1982421875,33.80328369140625,152.07171630859375,97.31353759765624,87.9600830078125,48.11981201171875,1.0626220703125,0.7000732421875,6.078857421875,1.52166748046875,72.02606201171875,30.705322265625,57.8780517578125,23.57965087890625,5.98187255859375,3.4022216796875,9.10479736328125,6.27587890625,12.80120849609375,8.85284423828125,4.21539306640625,3.94775390625,54.17327880859375,17.91180419921875,50.24139404296875,18.4324951171875,17.99151611328125,11.59588623046875,15.98675537109375,12.06103515625,18.64434814453125,13.45269775390625,4.9700927734375,3.30975341796875,213.87384033203125,153.92596435546875,675.5927124023438,32,0,5,0,5,10,5,0,0,1,2,6,1,0,180.34,185.42,185.0,34.0,29.0,0,0,0,0,0,0,0,1,0,0,0,0,0,0,0,1,0,0,0,0,0,0,1,0
Blue,False,0.00390625,0.125,0.3738378906249999,0.49119140625,0.20232421875,0.20384765625,0.8369140625,0.0654296875,0.2509765625,0.0009765625,89.9052734375,32.02734375,83.7978515625,37.2861328125,119.9111328125,60.5673828125,106.1728515625,56.52734375,2.7861328125,1.0107421875,4.482421875,1.7763671875,72.146484375,19.509765625,68.6943359375,27.2978515625,10.4345703125,7.3857421875,7.822265625,5.02734375,7.32421875,5.1318359375,7.28125,4.9609375,55.2763671875,12.0263671875,59.76953125,22.9345703125,23.6845703125,13.3310546875,16.17578125,8.869140625,10.9443359375,6.669921875,7.8525390625,5.482421875,157.544921875,231.5166015625,729.76953125,28,1,0,1,3,5,6,0,0,0,2,1,2,0,193.04,200.66,205.0,0.125,0.0,0.360625,0.3725,0.1125,0.4625,0.1875,0.0,0.0,0.0,103.3125,37.875,98.875,36.5625,114.4375,47.5,113.1875,50.125,1.875,0.375,3.0625,1.3125,84.25,25.875,69.125,14.25,7.5,4.25,13.9375,8.8125,11.5625,7.75,15.8125,13.5,82.625,26.0,70.4375,20.1875,19.875,11.25,27.1875,16.125,0.8125,0.625,1.25,0.25,104.125,134.75,627.875,10,0,3,0,3,4,1,0,0,0,0,1,2,1,185.42,195.58,205.0,33.0,32.0,0,0,0,0,0,1,0,0,0,0,0,0,0,0,0,1,0,0,0,1,0,0,0,0
Red,False,0.125,0.015625,0.4867578125,0.55498046875,0.75498046875,0.196640625,1.201171875,1.33984375,0.546875,0.267578125,42.51953125,20.33203125,33.341796875,14.388671875,103.458984375,73.578125,56.0,36.017578125,2.69140625,1.5859375,3.931640625,0.869140625,38.44921875,17.7578125,28.65234375,10.8359375,2.705078125,2.0859375,1.9609375,1.421875,1.365234375,0.48828125,2.728515625,2.130859375,17.998046875,5.767578125,23.458984375,6.5625,3.169921875,1.716796875,3.99609375,3.822265625,21.3515625,12.84765625,5.88671875,4.00390625,439.833984375,83.890625,653.96875,22,0,0,1,4,7,3,0,0,0,2,1,4,0,172.72,177.8,155.0,0.0,0.0,0.30875,0.2224999999999999,0.701875,0.25,2.375,1.0,0.5625,0.1875,80.0,21.4375,39.4375,10.5,114.875,51.0625,50.0,20.9375,3.125,2.3125,3.125,1.5,74.875,18.875,33.1875,6.75,4.875,2.3125,1.9375,1.0,0.25,0.25,4.3125,2.75,68.5625,15.0625,35.8125,8.75,1.375,0.6875,1.8125,1.25,10.0625,5.6875,1.8125,0.5,298.875,150.9375,680.125,10,0,5,0,5,5,0,0,0,0,1,1,3,0,177.8,180.34,155.0,31.0,32.0,0,0,0,0,0,0,1,0,0,0,0,0,0,0,0,1,0,0,0,0,1,0,0,0
Red,False,0.5,0.0,0.6209374999999999,0.430625,0.078125,0.305625,1.03125,1.28125,0.0,0.5,33.5625,20.6875,31.125,14.375,53.40625,39.5,51.1875,32.875,0.375,0.09375,9.25,3.21875,24.6875,12.96875,26.25,11.15625,6.1875,5.5625,2.5625,1.6875,2.6875,2.15625,2.3125,1.53125,17.21875,8.8125,15.0625,5.25,7.3125,5.1875,11.09375,6.28125,9.03125,6.6875,4.96875,2.84375,72.5625,337.625,519.9375,13,0,1,0,3,4,2,0,0,0,0,3,1,0,182.88,190.5,170.0,0.0157470703125,0.257843017578125,0.272569580078125,0.3018988037109374,0.05377197265625,0.7678244018554687,0.6824951171875,0.0068359375,0.0069580078125,0.006378173828125,109.059814453125,42.843841552734375,93.20468139648438,34.004425048828125,121.69775390625,55.416290283203125,102.6441650390625,43.062835693359375,0.952484130859375,0.138336181640625,1.16510009765625,0.819854736328125,86.56231689453125,25.59222412109375,73.58193969726562,18.93487548828125,18.260986328125,13.624725341796877,12.13006591796875,8.984527587890625,4.23651123046875,3.62689208984375,7.49267578125,6.08502197265625,97.6278076171875,35.778167724609375,81.65408325195312,26.76318359375,11.1337890625,6.8011474609375,9.011505126953123,5.528350830078125,0.2982177734375,0.2645263671875,2.539093017578125,1.712890625,36.20562744140625,39.285400390625,481.28411865234375,37,1,0,2,2,7,9,0,0,0,2,1,4,0,180.34,172.72,170.0,29.0,35.0,0,0,0,0,0,0,0,0,0,1,0,0,0,0,0,1,0,0,0,0,1,0,0,0
Red,True,0.875,0.0,0.59875,0.39,0.0625,0.25,0.0,0.0,0.0,0.0,38.625,27.75,9.375,3.5,52.875,41.5,10.375,4.5,1.25,0.125,0.25,0.25,28.875,18.5,8.875,3.0,0.75,0.75,0.5,0.5,9.0,8.5,0.0,0.0,6.75,1.375,7.75,2.375,19.0,16.75,1.125,0.875,12.875,9.625,0.5,0.25,84.75,8.75,148.125,4,1,4,0,4,4,0,0,0,0,0,4,0,0,187.96,203.2,265.0,0.375,0.0,0.8325,0.4425,0.85375,0.0825,0.125,0.375,0.0,0.0,45.5,38.875,13.75,6.125,78.125,70.0,19.5,11.625,2.375,1.75,0.75,0.25,36.25,29.625,10.125,2.875,6.875,6.875,1.5,1.375,2.375,2.375,2.125,1.875,7.625,3.5,7.25,1.625,4.125,3.875,6.125,4.375,33.75,31.5,0.375,0.125,310.625,60.875,449.5,8,2,0,1,3,3,1,0,0,0,1,2,0,0,190.5,205.74,265.0,35.0,32.0,0,0,0,0,1,0,0,0,0,0,0,0,0,0,0,1,0,0,0,0,1,0,0,0
Blue,False,0.015625,0.0,0.45,0.4275,0.25,0.2,0.148468017578125,0.098388671875,0.0,0.0,66.5,29.6875,64.31230545043945,27.34375,89.75,48.0,85.53125,44.41152191162109,2.0,0.75,2.0546875,0.75,51.1875,18.3359375,49.6123046875,16.280410766601562,7.5,5.07647705078125,7.5,5.0,4.5,3.625,4.984375,3.9375,48.6875,17.0,47.11572265625,16.5,5.75,3.75,5.3125,3.4375,5.0625,3.5,3.875,2.5,99.2119140625,94.125,638.5,0,0,0,0,0,0,0,0,0,0,0,0,0,0,182.88,193.04,205.0,0.5,0.0,0.345,0.39,0.5,0.815,0.5,0.5,0.0,0.0,44.0,16.5,39.5,15.5,68.0,40.0,103.5,71.0,0.5,0.5,6.0,4.0,33.5,7.5,33.0,10.5,5.0,4.0,1.0,0.5,5.5,5.0,5.5,4.5,37.5,14.0,22.0,7.0,5.0,2.0,4.0,2.5,1.5,0.5,13.5,6.0,12.5,401.0,619.5,5,0,0,2,0,0,2,0,0,0,0,0,0,0,182.88,193.04,205.0,32.0,30.0,0,0,0,0,0,1,0,0,0,0,0,0,0,0,0,1,0,0,0,0,1,0,0,0
Red,False,0.0,0.5,0.185,0.645,0.07,0.5,0.5,0.5,0.0,0.0,32.5,12.0,48.5,28.0,44.5,22.5,65.5,43.5,3.5,0.5,0.5,0.5,27.0,6.5,40.5,22.0,1.0,1.0,6.5,4.5,4.5,4.5,1.5,1.5,25.5,8.5,19.0,6.0,6.0,3.5,10.5,7.0,1.0,0.0,19.0,15.0,128.5,185.5,523.5,4,0,0,1,1,1,1,0,1,0,0,0,0,0,187.96,193.04,258.0,0.5,0.5,0.47,0.275,0.0,0.25,0.0,0.0,0.0,0.0,42.0,18.5,20.5,5.0,45.5,22.0,21.0,5.5,0.0,0.0,2.0,0.5,40.0,18.5,20.5,5.0,2.0,0.0,0.0,0.0,0.0,0.0,0.0,0.0,25.5,9.0,18.0,4.5,14.0,7.0,1.5,0.0,2.5,2.5,1.0,0.5,1.5,41.0,136.0,2,1,0,1,1,1,1,0,0,0,0,1,0,0,193.04,198.12,245.0,34.0,27.0,0,0,0,0,1,0,0,0,0,0,0,0,0,0,0,1,0,0,0,0,1,0,0,0
Red,False,0.5,0.5,0.46,0.395,0.5,0.355,1.5,0.5,0.5,0.5,56.5,26.5,73.0,29.0,72.0,39.5,101.0,55.0,0.5,0.5,3.5,2.5,42.0,17.0,55.0,17.0,10.5,7.5,11.5,8.0,4.0,2.0,6.5,4.0,42.5,19.5,39.5,13.0,3.0,0.5,12.5,8.0,11.0,6.5,21.0,8.0,96.5,224.5,697.5,5,0,1,0,1,1,1,0,0,0,0,1,0,0,190.5,205.74,205.0,0.5625,0.0234375,0.364375,0.4374414062499999,0.255859375,0.3287109374999999,2.052734375,0.26171875,0.505859375,0.50390625,27.955078125,11.171875,44.798828125,20.41796875,53.736328125,35.32421875,58.859375,31.888671875,0.263671875,0.255859375,7.078125,2.123046875,24.05859375,7.51171875,36.982421875,13.17578125,3.138671875,2.990234375,6.4140625,5.96484375,0.7578125,0.669921875,1.40234375,1.27734375,16.265625,3.0859375,10.9375,3.701171875,8.322265625,5.140625,4.4453125,2.681640625,3.3671875,2.9453125,29.416015625,14.03515625,80.5,247.220703125,449.099609375,18,1,3,0,3,6,4,0,0,1,1,2,2,0,198.12,200.66,185.0,26.0,27.0,0,0,0,0,0,0,0,1,0,0,0,0,0,0,0,0,0,1,0,0,1,0,0,0
Red,False,0.015625,0.0,0.45,0.4275,0.25,0.2,0.148468017578125,0.098388671875,0.0,0.0,66.5,29.6875,64.31230545043945,27.34375,89.75,48.0,85.53125,44.41152191162109,2.0,0.75,2.0546875,0.75,51.1875,18.3359375,49.6123046875,16.280410766601562,7.5,5.07647705078125,7.5,5.0,4.5,3.625,4.984375,3.9375,48.6875,17.0,47.11572265625,16.5,5.75,3.75,5.3125,3.4375,5.0625,3.5,3.875,2.5,99.2119140625,94.125,638.5,0,0,0,0,0,0,0,0,0,0,0,0,0,0,185.42,198.12,185.0,1.0,0.5,0.35,0.245,0.25,0.125,0.0,0.0,0.5,0.0,59.0,19.0,56.0,11.5,66.5,25.5,80.5,31.0,1.0,0.5,2.0,0.5,56.0,18.0,50.0,7.5,2.5,0.5,1.5,0.5,0.5,0.5,4.5,3.5,46.5,13.5,51.5,9.5,0.5,0.5,3.0,0.5,12.0,5.0,1.5,1.5,69.5,64.0,546.5,4,0,2,0,2,2,0,0,0,0,0,2,0,0,180.34,195.58,185.0,28.0,30.0,0,0,0,0,0,0,0,1,0,0,0,0,0,0,0,1,0,0,0,0,0,0,1,0
Blue,False,0.0,0.0,0.41,0.75,1.0,1.0,1.0,0.0,1.0,0.0,17.0,7.0,8.0,6.0,33.0,21.0,11.0,8.0,1.0,1.0,1.0,1.0,17.0,7.0,6.0,4.0,0.0,0.0,0.0,0.0,0.0,0.0,2.0,2.0,4.0,1.0,4.0,2.0,0.0,0.0,0.0,0.0,13.0,6.0,4.0,4.0,55.0,49.0,121.0,1,0,0,1,0,0,1,0,0,0,0,0,0,0,177.8,187.96,170.0,0.3125,0.5,0.3456249999999999,0.46625,0.0625,0.16625,0.0,1.25,0.625,0.0,147.6875,46.5,85.25,39.0625,179.75,77.3125,106.625,58.875,0.375,0.375,8.6875,2.125,111.875,22.5625,66.4375,24.25,33.6875,22.0625,7.875,4.75,2.125,1.875,10.9375,10.0625,126.125,31.625,67.4375,28.0,18.0625,13.5,10.5,5.1875,3.5,1.375,7.3125,5.875,143.125,153.75,862.375,13,0,1,0,1,2,3,0,0,0,2,0,0,0,175.26,180.34,170.0,29.0,34.0,0,0,0,0,0,0,0,0,0,1,0,0,0,0,0,0,0,1,0,0,1,0,0,0
Red,False,0.015625,0.0,0.45,0.4275,0.25,0.2,0.148468017578125,0.098388671875,0.0,0.0,66.5,29.6875,64.31230545043945,27.34375,89.75,48.0,85.53125,44.41152191162109,2.0,0.75,2.0546875,0.75,51.1875,18.3359375,49.6123046875,16.280410766601562,7.5,5.07647705078125,7.5,5.0,4.5,3.625,4.984375,3.9375,48.6875,17.0,47.11572265625,16.5,5.75,3.75,5.3125,3.4375,5.0625,3.5,3.875,2.5,99.2119140625,94.125,638.5,0,0,0,0,0,0,0,0,0,0,0,0,0,0,182.88,190.5,185.0,0.0,0.0,0.29,0.125,0.5,0.0,0.0,0.0,0.0,0.0,98.5,29.0,143.0,18.5,98.5,29.0,143.0,18.5,1.0,0.5,0.5,0.0,91.5,23.0,127.5,8.0,6.5,5.5,10.5,5.5,0.5,0.5,5.0,5.0,94.5,27.0,137.0,16.0,2.5,1.5,6.0,2.5,1.5,0.5,0.0,0.0,3.0,8.0,900.0,6,0,2,0,2,2,0,0,0,1,1,0,0,0,182.88,182.88,240.0,24.0,30.0,0,0,0,0,1,0,0,0,0,0,0,0,0,0,0,1,0,0,0,0,1,0,0,0
Red,True,0.015625,0.0,0.45,0.4275,0.25,0.2,0.148468017578125,0.098388671875,0.0,0.0,66.5,29.6875,64.31230545043945,27.34375,89.75,48.0,85.53125,44.41152191162109,2.0,0.75,2.0546875,0.75,51.1875,18.3359375,49.6123046875,16.280410766601562,7.5,5.07647705078125,7.5,5.0,4.5,3.625,4.984375,3.9375,48.6875,17.0,47.11572265625,16.5,5.75,3.75,5.3125,3.4375,5.0625,3.5,3.875,2.5,99.2119140625,94.125,638.5,0,0,0,0,0,0,0,0,0,0,0,0,0,0,182.88,193.04,170.0,0.0471682548522949,0.0,0.45,0.4217682266235352,0.25,0.19173828125,0.1875,0.125,0.0,0.0,69.5,30.5,66.984375,27.8466796875,94.0,48.544921875,88.50390625,44.75,2.0,0.8125,2.015625,0.6640625,54.0,19.01513671875,51.483436584472656,16.9437255859375,7.91796875,5.430633544921875,7.75,5.0625,4.780975341796875,3.9373779296875,4.8994140625,3.84375,51.025390625,18.400863647460938,50.515625,17.5,5.75,3.75,5.5,3.5,5.375,3.6875,4.0,2.65625,104.865234375,89.5,655.8441009521484,0,0,0,0,0,0,0,0,0,0,0,0,0,0,180.34,190.5,170.0,28.0,25.0,0,0,0,0,0,0,0,1,0,0,0,0,0,0,0,1,0,0,0,0,1,0,0,0
Red,False,0.5,0.0,0.4375,0.315,0.665,0.08,0.0,1.0,0.0,0.0,73.25,28.25,73.0,28.0,101.0,53.5,79.0,34.0,4.0,2.0,3.0,0.5,59.25,19.0,71.25,26.5,11.5,7.25,1.75,1.5,2.5,2.0,0.0,0.0,39.25,9.75,43.25,12.0,19.75,10.75,29.0,15.75,14.25,7.75,0.75,0.25,197.0,78.5,554.25,6,0,3,0,3,3,0,0,0,1,0,2,0,0,182.88,185.42,170.0,0.09814453125,0.00390625,0.47621337890625,0.367978515625,0.65359375,0.26546142578125,1.031494140625,0.25830078125,0.0,0.015625,89.6182861328125,43.9207763671875,64.396484375,24.6065673828125,186.1434326171875,128.6270751953125,81.920166015625,40.2396240234375,2.125244140625,1.400146484375,2.15771484375,1.0433349609375,70.0521240234375,30.41064453125,56.756103515625,19.1593017578125,6.9637451171875,4.804443359375,5.2095947265625,3.5517578125,12.6024169921875,8.7056884765625,2.4307861328125,1.8955078125,46.3465576171875,14.8236083984375,50.4827880859375,17.864990234375,9.9830322265625,6.1917724609375,9.9735107421875,4.1220703125,33.2886962890625,22.9053955078125,3.940185546875,2.6195068359375,383.7476806640625,83.8519287109375,794.1854248046875,30,0,5,0,5,9,5,0,0,1,2,5,1,0,180.34,185.42,185.0,35.0,29.0,0,0,0,0,0,0,0,1,0,0,0,0,0,0,0,1,0,0,0,0,0,0,1,0
Blue,False,0.015625,0.0,0.45,0.4275,0.25,0.2,0.148468017578125,0.098388671875,0.0,0.0,66.5,29.6875,64.31230545043945,27.34375,89.75,48.0,85.53125,44.41152191162109,2.0,0.75,2.0546875,0.75,51.1875,18.3359375,49.6123046875,16.280410766601562,7.5,5.07647705078125,7.5,5.0,4.5,3.625,4.984375,3.9375,48.6875,17.0,47.11572265625,16.5,5.75,3.75,5.3125,3.4375,5.0625,3.5,3.875,2.5,99.2119140625,94.125,638.5,0,0,0,0,0,0,0,0,0,0,0,0,0,0,177.8,182.88,170.0,0.0471682548522949,0.0,0.45,0.4217682266235352,0.25,0.19173828125,0.1875,0.125,0.0,0.0,69.5,30.5,66.984375,27.8466796875,94.0,48.544921875,88.50390625,44.75,2.0,0.8125,2.015625,0.6640625,54.0,19.01513671875,51.483436584472656,16.9437255859375,7.91796875,5.430633544921875,7.75,5.0625,4.780975341796875,3.9373779296875,4.8994140625,3.84375,51.025390625,18.400863647460938,50.515625,17.5,5.75,3.75,5.5,3.5,5.375,3.6875,4.0,2.65625,104.865234375,89.5,655.8441009521484,0,0,0,0,0,0,0,0,0,0,0,0,0,0,185.42,185.42,185.0,33.0,26.0,0,0,0,0,0,0,0,1,0,0,0,0,0,0,0,1,0,0,0,0,1,0,0,0
Red,False,0.015625,0.0,0.45,0.4275,0.25,0.2,0.148468017578125,0.098388671875,0.0,0.0,66.5,29.6875,64.31230545043945,27.34375,89.75,48.0,85.53125,44.41152191162109,2.0,0.75,2.0546875,0.75,51.1875,18.3359375,49.6123046875,16.280410766601562,7.5,5.07647705078125,7.5,5.0,4.5,3.625,4.984375,3.9375,48.6875,17.0,47.11572265625,16.5,5.75,3.75,5.3125,3.4375,5.0625,3.5,3.875,2.5,99.2119140625,94.125,638.5,0,0,0,0,0,0,0,0,0,0,0,0,0,0,182.88,182.88,155.0,0.0,0.0,0.03,0.46,1.0,0.85,4.0,4.0,0.0,1.0,30.0,1.0,45.0,21.0,50.0,20.0,83.0,55.0,1.0,1.0,7.0,6.0,29.0,1.0,38.0,18.0,0.0,0.0,1.0,0.0,1.0,0.0,6.0,3.0,24.0,0.0,14.0,3.0,2.0,0.0,3.0,0.0,4.0,1.0,28.0,18.0,22.0,682.0,900.0,3,0,0,1,0,0,1,0,0,0,0,0,0,0,175.26,175.26,155.0,24.0,31.0,0,0,0,0,0,0,1,0,0,0,0,0,0,0,0,1,0,0,0,0,1,0,0,0
Blue,False,0.5703125,0.078125,0.2153125,0.29875,0.215625,0.754375,0.25,0.0703125,0.515625,0.53125,169.6953125,33.484375,110.6484375,34.421875,176.96875,38.8828125,119.3671875,42.2890625,3.1171875,1.0234375,1.53125,0.96875,151.703125,23.6171875,93.5703125,22.140625,6.890625,3.6796875,4.6328125,3.171875,11.1015625,6.1875,12.4453125,9.109375,156.078125,29.1875,103.3984375,29.765625,10.4296875,2.90625,3.71875,2.90625,3.1875,1.390625,3.53125,1.75,55.0234375,65.8125,664.3203125,16,0,0,1,3,4,4,0,0,0,0,3,1,0,167.64,177.8,145.0,0.130859375,0.0,0.45931640625,0.51412109375,0.138173828125,0.266533203125,0.25439453125,0.3359375,0.1259765625,0.2578125,61.70361328125,31.673828125,55.3505859375,27.7578125,82.072265625,50.0615234375,87.47119140625,55.89501953125,1.103515625,0.31689453125,9.56982421875,2.40283203125,35.02685546875,9.294921875,46.13818359375,20.9208984375,17.6474609375,14.95458984375,4.0029296875,2.97607421875,9.029296875,7.42431640625,5.20947265625,3.86083984375,36.92431640625,13.29052734375,27.55712890625,7.04345703125,18.56787109375,13.8759765625,6.1171875,4.82568359375,6.21142578125,4.50732421875,21.67626953125,15.888671875,100.85986328125,332.95947265625,706.86279296875,28,0,2,0,3,8,4,0,0,0,3,2,2,1,170.18,172.72,155.0,31.0,34.0,0,0,0,0,0,0,1,0,0,0,0,0,0,0,0,1,0,0,0,0,0,0,1,0
Blue,False,0.25,0.06640625,0.3503515625,0.4526953125,0.1804296875,0.5,0.0,0.00390625,0.0,0.0,43.1328125,16.31640625,75.77734375,35.703125,54.14453125,26.59375,85.921875,42.3125,1.2734375,0.34375,1.5625,0.5,37.40625,12.36328125,63.03125,24.91015625,0.92578125,0.77734375,7.0390625,5.55078125,4.80078125,3.17578125,5.70703125,5.2421875,37.97265625,13.01953125,39.6171875,15.76953125,2.5546875,1.37109375,5.4296875,3.2421875,2.60546875,1.92578125,30.73046875,16.69140625,22.16015625,42.62109375,312.66796875,17,0,3,0,3,7,2,0,0,0,1,5,0,0,185.42,193.04,205.0,0.07861328125,1.1416015625,0.2324658203125,0.4973095703125,0.033203125,0.3113330078125,0.0,0.0009765625,0.0,0.0,76.2548828125,21.11767578125,60.72802734375,26.92041015625,78.759765625,23.61865234375,78.19580078125,43.76220703125,0.6279296875,0.126953125,4.95703125,1.81787109375,63.83837890625,11.8115234375,50.0439453125,17.6337890625,3.796875,3.3388671875,5.1728515625,3.875,8.61962890625,5.96728515625,5.51123046875,5.41162109375,69.06640625,17.19482421875,45.69287109375,15.8857421875,5.6943359375,3.2568359375,8.68603515625,6.50634765625,1.494140625,0.666015625,6.34912109375,4.5283203125,17.478515625,169.78466796875,577.484375,27,0,2,0,2,6,6,0,0,2,2,2,0,0,187.96,193.04,185.0,33.0,34.0,0,0,0,0,0,1,0,0,0,0,0,0,0,0,0,1,0,0,0,0,1,0,0,0
Red,False,0.015625,0.0,0.45,0.4275,0.25,0.2,0.148468017578125,0.098388671875,0.0,0.0,66.5,29.6875,64.31230545043945,27.34375,89.75,48.0,85.53125,44.41152191162109,2.0,0.75,2.0546875,0.75,51.1875,18.3359375,49.6123046875,16.280410766601562,7.5,5.07647705078125,7.5,5.0,4.5,3.625,4.984375,3.9375,48.6875,17.0,47.11572265625,16.5,5.75,3.75,5.3125,3.4375,5.0625,3.5,3.875,2.5,99.2119140625,94.125,638.5,0,0,0,0,0,0,0,0,0,0,0,0,0,0,190.5,190.5,170.0,0.0471682548522949,0.0,0.45,0.4217682266235352,0.25,0.19173828125,0.1875,0.125,0.0,0.0,69.5,30.5,66.984375,27.8466796875,94.0,48.544921875,88.50390625,44.75,2.0,0.8125,2.015625,0.6640625,54.0,19.01513671875,51.483436584472656,16.9437255859375,7.91796875,5.430633544921875,7.75,5.0625,4.780975341796875,3.9373779296875,4.8994140625,3.84375,51.025390625,18.400863647460938,50.515625,17.5,5.75,3.75,5.5,3.5,5.375,3.6875,4.0,2.65625,104.865234375,89.5,655.8441009521484,0,0,0,0,0,0,0,0,0,0,0,0,0,0,185.42,187.96,185.0,28.0,22.0,0,0,0,0,0,0,0,1,0,0,0,0,0,0,0,1,0,0,0,0,1,0,0,0
Blue,False,0.015625,0.0,0.45,0.4275,0.25,0.2,0.148468017578125,0.098388671875,0.0,0.0,66.5,29.6875,64.31230545043945,27.34375,89.75,48.0,85.53125,44.41152191162109,2.0,0.75,2.0546875,0.75,51.1875,18.3359375,49.6123046875,16.280410766601562,7.5,5.07647705078125,7.5,5.0,4.5,3.625,4.984375,3.9375,48.6875,17.0,47.11572265625,16.5,5.75,3.75,5.3125,3.4375,5.0625,3.5,3.875,2.5,99.2119140625,94.125,638.5,0,0,0,0,0,0,0,0,0,0,0,0,0,0,185.42,193.04,170.0,0.0471682548522949,0.0,0.45,0.4217682266235352,0.25,0.19173828125,0.1875,0.125,0.0,0.0,69.5,30.5,66.984375,27.8466796875,94.0,48.544921875,88.50390625,44.75,2.0,0.8125,2.015625,0.6640625,54.0,19.01513671875,51.483436584472656,16.9437255859375,7.91796875,5.430633544921875,7.75,5.0625,4.780975341796875,3.9373779296875,4.8994140625,3.84375,51.025390625,18.400863647460938,50.515625,17.5,5.75,3.75,5.5,3.5,5.375,3.6875,4.0,2.65625,104.865234375,89.5,655.8441009521484,0,0,0,0,0,0,0,0,0,0,0,0,0,0,177.8,177.8,185.0,30.0,30.0,0,0,0,0,0,0,0,1,0,0,0,0,0,0,0,0,0,1,0,0,1,0,0,0
Blue,False,0.015625,0.0,0.45,0.4275,0.25,0.2,0.148468017578125,0.098388671875,0.0,0.0,66.5,29.6875,64.31230545043945,27.34375,89.75,48.0,85.53125,44.41152191162109,2.0,0.75,2.0546875,0.75,51.1875,18.3359375,49.6123046875,16.280410766601562,7.5,5.07647705078125,7.5,5.0,4.5,3.625,4.984375,3.9375,48.6875,17.0,47.11572265625,16.5,5.75,3.75,5.3125,3.4375,5.0625,3.5,3.875,2.5,99.2119140625,94.125,638.5,0,0,0,0,0,0,0,0,0,0,0,0,0,0,198.12,200.66,255.0,0.0,0.0,0.61,0.33,0.5,0.0,2.0,1.0,2.0,1.0,95.0,58.0,48.0,16.0,140.0,103.0,59.0,27.0,2.0,1.0,3.0,0.0,75.0,40.0,35.0,13.0,15.0,14.0,9.0,2.0,5.0,4.0,4.0,1.0,34.0,17.0,34.0,6.0,15.0,10.0,11.0,7.0,46.0,31.0,3.0,3.0,438.0,126.0,800.0,3,0,1,0,1,1,0,0,0,0,0,1,0,0,193.04,195.58,230.0,27.0,29.0,0,0,0,0,1,0,0,0,0,0,0,0,0,0,0,1,0,0,0,0,0,0,0,1
Red,False,0.015625,0.0,0.45,0.4275,0.25,0.2,0.148468017578125,0.098388671875,0.0,0.0,66.5,29.6875,64.31230545043945,27.34375,89.75,48.0,85.53125,44.41152191162109,2.0,0.75,2.0546875,0.75,51.1875,18.3359375,49.6123046875,16.280410766601562,7.5,5.07647705078125,7.5,5.0,4.5,3.625,4.984375,3.9375,48.6875,17.0,47.11572265625,16.5,5.75,3.75,5.3125,3.4375,5.0625,3.5,3.875,2.5,99.2119140625,94.125,638.5,0,0,0,0,0,0,0,0,0,0,0,0,0,0,190.5,190.5,185.0,0.0471682548522949,0.0,0.45,0.4217682266235352,0.25,0.19173828125,0.1875,0.125,0.0,0.0,69.5,30.5,66.984375,27.8466796875,94.0,48.544921875,88.50390625,44.75,2.0,0.8125,2.015625,0.6640625,54.0,19.01513671875,51.483436584472656,16.9437255859375,7.91796875,5.430633544921875,7.75,5.0625,4.780975341796875,3.9373779296875,4.8994140625,3.84375,51.025390625,18.400863647460938,50.515625,17.5,5.75,3.75,5.5,3.5,5.375,3.6875,4.0,2.65625,104.865234375,89.5,655.8441009521484,0,0,0,0,0,0,0,0,0,0,0,0,0,0,187.96,190.5,185.0,26.0,23.0,0,0,0,0,0,0,0,1,0,0,0,0,0,0,0,1,0,0,0,0,1,0,0,0
Blue,False,0.5,0.5,0.345,0.4125,0.625,0.3,0.75,1.5,0.0,0.5,87.0,28.75,65.75,22.0,105.25,45.0,80.75,36.75,2.25,1.75,4.5,1.0,82.75,25.75,60.5,17.25,3.0,2.0,2.5,2.5,1.25,1.0,2.75,2.25,68.75,19.5,52.0,17.5,2.5,0.5,8.75,3.25,15.75,8.75,5.0,1.25,128.0,157.25,617.75,7,0,3,0,3,3,0,0,0,1,0,1,1,0,177.8,177.8,155.0,0.5,0.0,0.3980859375,0.2033984375,0.143828125,0.0870703125,0.05078125,0.890625,0.015625,0.28515625,174.5703125,68.6171875,109.765625,26.0625,193.953125,87.82421875,115.5,31.6640625,1.63671875,0.5,1.93359375,0.6875,135.296875,39.546875,97.03125,17.015625,17.25390625,11.3671875,5.1484375,3.58984375,22.01953125,17.703125,7.5859375,5.45703125,148.1484375,54.38671875,101.0234375,21.921875,7.20703125,3.953125,8.23828125,3.7265625,19.21484375,10.27734375,0.50390625,0.4140625,87.09375,37.109375,699.9140625,24,0,1,0,4,7,2,0,0,1,4,1,1,0,167.64,172.72,145.0,28.0,26.0,0,0,0,0,0,0,1,0,0,0,0,0,0,0,0,0,0,1,0,0,1,0,0,0
Blue,False,0.56640625,0.04296875,0.4015234374999999,0.3894140625,0.15234375,0.1253125,1.41796875,0.390625,0.25,0.0,38.1171875,15.9921875,47.9296875,19.15234375,48.51953125,25.78515625,54.69921875,25.171875,1.21484375,0.65234375,0.671875,0.44140625,35.50390625,13.87109375,43.93359375,15.67578125,2.5,2.0078125,3.26171875,2.80859375,0.11328125,0.11328125,0.734375,0.66796875,22.953125,7.15625,38.4453125,13.48046875,4.234375,2.39453125,8.0390625,4.50390625,10.9296875,6.44140625,1.4453125,1.16796875,131.2890625,34.25390625,313.57421875,14,0,4,0,4,7,2,0,0,1,1,1,4,0,182.88,182.88,170.0,1.125,0.0,0.3825,0.2487499999999999,0.125,0.6875,1.125,0.375,0.25,0.25,36.125,14.5,47.875,10.375,44.875,21.25,88.25,47.625,1.25,0.5,2.0,1.25,29.5,8.625,38.125,6.125,3.75,3.0,1.5,0.75,2.875,2.875,8.25,3.5,24.125,8.375,39.625,5.5,3.25,2.25,4.375,1.875,8.75,3.875,3.875,3.0,108.125,199.375,570.625,9,0,1,0,2,3,1,0,0,0,1,1,1,0,180.34,187.96,170.0,28.0,29.0,0,0,0,0,0,0,0,0,0,1,0,0,0,0,0,1,0,0,0,0,1,0,0,0
Red,False,0.5,0.0,0.4075,0.2,0.0,0.25,0.0,0.25,0.0,0.0,38.0,16.75,39.75,14.5,39.0,17.75,40.5,15.0,0.0,0.0,1.5,0.25,31.75,12.5,22.75,3.0,3.0,1.75,3.0,1.0,3.25,2.5,14.0,10.5,36.5,15.25,38.75,14.5,0.0,0.0,1.0,0.0,1.5,1.5,0.0,0.0,44.25,20.5,289.5,4,0,1,0,1,2,1,0,0,0,0,2,0,0,180.34,187.96,235.0,0.15625,0.03125,0.450625,0.3796875,0.1875,0.046875,0.5,0.0,0.0,0.0625,51.5,23.59375,64.0,27.5625,74.09375,44.6875,69.875,33.1875,0.4375,0.1875,6.03125,0.09375,44.125,17.625,42.0625,9.625,5.5625,4.3125,14.875,11.40625,1.8125,1.65625,7.0625,6.53125,36.15625,15.34375,53.65625,20.15625,4.96875,3.09375,8.96875,6.5,10.375,5.15625,1.375,0.90625,122.71875,62.53125,577.125,11,0,1,0,1,3,3,0,0,0,0,2,0,1,187.96,185.42,230.0,30.0,35.0,0,0,0,0,1,0,0,0,0,0,0,0,0,0,0,1,0,0,0,0,0,0,1,0
Blue,False,1.0,2.0,0.4,0.45,0.0,0.0,0.0,0.0,0.0,0.0,40.0,16.0,37.0,17.0,63.0,33.0,37.0,17.0,0.0,0.0,0.0,0.0,28.0,8.0,36.0,17.0,3.0,1.0,1.0,0.0,9.0,7.0,0.0,0.0,33.0,12.0,31.0,14.0,4.0,1.0,0.0,0.0,3.0,3.0,6.0,3.0,40.0,7.0,289.0,1,0,0,1,0,0,1,0,0,0,0,0,0,0,190.5,187.96,185.0,0.1875,0.2578125,0.408125,0.6284375,0.37890625,0.5565625000000001,0.015625,0.15625,0.125,0.125,38.671875,16.7265625,98.71875,61.125,43.203125,21.109375,186.734375,142.171875,0.4140625,0.3828125,7.359375,4.109375,30.1953125,10.46875,59.84375,26.2734375,5.140625,3.4453125,34.484375,31.265625,3.3359375,2.8125,4.390625,3.5859375,25.9765625,7.9453125,41.90625,14.0390625,8.671875,6.1015625,20.0859375,16.921875,4.0234375,2.6796875,36.7265625,30.1640625,72.1484375,505.140625,924.1796875,20,1,1,0,3,4,4,0,0,0,0,2,0,2,182.88,193.04,185.0,30.0,30.0,0,0,0,0,0,0,0,1,0,0,0,0,0,0,0,1,0,0,0,0,1,0,0,0
Red,False,0.0,1.0,0.16,0.42,0.0,0.0,0.0,0.0,0.0,0.0,18.0,3.0,33.0,14.0,18.0,3.0,37.0,17.0,0.0,0.0,0.0,0.0,15.0,3.0,24.0,9.0,2.0,0.0,7.0,4.0,1.0,0.0,2.0,1.0,17.0,3.0,25.0,10.0,1.0,0.0,1.0,0.0,0.0,0.0,7.0,4.0,0.0,7.0,127.0,1,0,0,1,0,0,1,0,0,0,0,0,0,0,187.96,195.58,225.0,0.0,0.0,0.14,0.65,0.0,1.0,0.0,0.0,0.0,0.0,21.0,3.0,95.0,62.0,21.0,3.0,119.0,84.0,0.0,0.0,5.0,5.0,21.0,3.0,89.0,56.0,0.0,0.0,3.0,3.0,0.0,0.0,3.0,3.0,19.0,3.0,21.0,10.0,2.0,0.0,1.0,0.0,0.0,0.0,73.0,52.0,0.0,278.0,358.0,2,0,0,1,0,0,1,0,0,0,0,0,0,0,193.04,198.12,265.0,33.0,28.0,0,0,0,0,1,0,0,0,0,0,0,0,0,0,0,1,0,0,0,0,1,0,0,0
Red,False,0.0,0.0,0.42,0.33,0.66,0.0,2.0,0.0,0.0,0.0,19.0,8.0,18.0,6.0,34.0,23.0,26.0,14.0,3.0,2.0,3.0,0.0,18.0,7.0,13.0,2.0,1.0,1.0,4.0,3.0,0.0,0.0,1.0,1.0,16.0,5.0,15.0,3.0,1.0,1.0,0.0,0.0,2.0,2.0,3.0,3.0,170.0,8.0,267.0,1,0,1,0,1,1,0,0,0,0,0,0,1,0,182.88,193.04,170.0,0.0,1.0,0.39,0.4449999999999999,0.625,0.875,2.0,4.5,1.0,2.5,78.0,31.0,60.0,27.0,173.0,119.5,92.0,53.5,3.0,2.0,4.5,4.0,65.5,20.5,52.0,21.5,10.5,9.0,7.0,4.5,2.0,1.5,1.0,1.0,42.0,12.5,29.0,9.5,15.5,5.0,10.0,6.0,20.5,13.5,21.0,11.5,214.0,437.0,900.0,6,0,0,1,1,1,1,0,0,1,0,0,0,0,187.96,190.5,170.0,20.0,26.0,0,0,0,0,0,0,0,0,0,1,0,0,0,0,0,1,0,0,0,0,1,0,0,0
Blue,False,0.0625,0.2578125,0.434296875,0.3003125,0.412109375,0.1809375,0.6875,1.953125,0.15625,0.453125,102.5,43.9765625,109.9609375,34.765625,129.6015625,66.75,143.8125,62.1484375,6.03125,2.359375,4.46875,1.078125,82.2578125,30.5625,90.2265625,21.3671875,8.1953125,5.4296875,13.546875,9.34375,12.046875,7.984375,6.1875,4.0546875,61.8515625,24.328125,86.3515625,24.75,16.6484375,9.1875,13.8359375,5.1953125,24.0,10.4609375,9.7734375,4.8203125,264.6875,177.96875,837.28125,18,0,0,1,4,5,3,0,0,0,2,2,1,0,177.8,172.72,155.0,0.15625,0.0,0.4540625,0.3253125,0.3175,0.2571875,0.34375,1.125,0.875,0.5,95.4375,44.125,109.0,33.5,177.15625,119.5,135.75,56.1875,3.40625,1.625,3.15625,2.21875,80.53125,32.03125,95.90625,23.28125,10.0625,7.4375,6.78125,4.46875,4.84375,4.65625,6.3125,5.75,72.40625,30.09375,75.65625,16.5625,9.78125,4.6875,16.09375,8.75,13.25,9.34375,17.25,8.1875,185.65625,287.90625,825.40625,15,1,2,0,2,3,3,0,0,0,1,0,2,0,172.72,177.8,155.0,26.0,30.0,0,0,0,0,0,0,1,0,0,0,0,0,0,0,0,1,0,0,0,0,1,0,0,0
Blue,False,0.0968017578125,0.050048828125,0.3055560302734375,0.3541815185546875,0.14016845703125,0.351373291015625,0.00030517578125,0.055206298828125,0.005126953125,0.0,71.24090576171875,26.18441772460937,61.63421630859375,20.23919677734375,77.99374389648438,32.020263671875,68.39767456054688,26.06356811523437,1.06463623046875,0.28240966796875,1.732879638671875,0.856842041015625,55.39801025390625,13.078125,51.51901245117188,13.190277099609377,10.55328369140625,8.15362548828125,3.06561279296875,1.76544189453125,5.28961181640625,4.952667236328125,7.049591064453125,5.283477783203125,63.97723388671875,22.199432373046875,49.52984619140625,12.95501708984375,4.72442626953125,2.772979736328125,5.4754638671875,3.2880859375,2.53924560546875,1.212005615234375,6.62890625,3.99609375,39.846282958984375,73.82257080078125,500.8217468261719,36,5,7,0,7,12,4,0,0,0,3,7,1,1,185.42,193.04,185.0,0.0413627624511718,0.96875,0.2353231239318847,0.5579594659805298,0.6254887580871582,0.0032861423492431,0.0,0.0001235008239746,0.0001225471496582,0.0,64.76305294036865,16.949434280395508,59.71015119552612,26.574510097503666,65.40192365646362,17.15077257156372,60.83686065673828,27.20094490051269,0.7506113052368164,0.7504892349243164,0.6543760299682617,0.0201301574707031,60.13496971130371,14.708783626556396,48.13944625854492,15.87691354751587,1.9554705619812007,1.1308526992797852,3.1104722023010254,3.0228710174560547,2.67261266708374,1.1097979545593262,8.460232734680176,7.674725532531738,61.15470838546753,15.010761737823486,52.351444244384766,20.378623962402344,2.731495857238769,1.586287498474121,3.604746818542481,2.600571632385254,0.8768486976623535,0.3523850440979004,3.753960132598877,3.5953145027160645,20.80594825744629,14.302656173706056,426.9599847793579,44,7,1,0,7,16,6,0,0,0,6,9,0,1,187.96,193.04,205.0,35.0,40.0,0,0,0,0,0,1,0,0,0,0,0,0,0,0,0,0,0,1,0,0,1,0,0,0
Red,False,0.0,0.0,0.46,0.45,0.28,0.0,0.0,0.0,0.0,0.0,39.0,18.0,102.0,46.0,40.0,19.0,136.0,80.0,7.0,2.0,0.0,0.0,22.0,5.0,55.0,16.0,5.0,4.0,8.0,1.0,12.0,9.0,39.0,29.0,38.0,17.0,92.0,42.0,1.0,1.0,2.0,1.0,0.0,0.0,8.0,3.0,128.0,273.0,900.0,3,0,0,1,0,0,1,0,0,0,0,0,0,0,182.88,190.5,170.0,0.0,0.5,0.4649999999999999,0.605,0.55,0.0,5.5,1.5,1.0,0.0,41.0,18.0,48.0,29.0,72.0,45.5,66.0,46.5,6.0,1.5,0.5,0.0,32.5,12.0,41.0,23.5,2.5,1.5,5.5,4.5,6.0,4.5,1.5,1.0,29.0,11.0,23.0,11.5,9.5,6.0,9.0,5.0,2.5,1.0,16.0,12.5,253.5,120.5,520.5,4,1,1,0,1,1,1,0,0,0,0,0,1,0,185.42,190.5,170.0,23.0,32.0,0,0,0,0,0,0,0,0,0,1,0,0,0,0,0,0,0,1,0,0,1,0,0,0
Blue,False,0.015625,0.0,0.45,0.4275,0.25,0.2,0.148468017578125,0.098388671875,0.0,0.0,66.5,29.6875,64.31230545043945,27.34375,89.75,48.0,85.53125,44.41152191162109,2.0,0.75,2.0546875,0.75,51.1875,18.3359375,49.6123046875,16.280410766601562,7.5,5.07647705078125,7.5,5.0,4.5,3.625,4.984375,3.9375,48.6875,17.0,47.11572265625,16.5,5.75,3.75,5.3125,3.4375,5.0625,3.5,3.875,2.5,99.2119140625,94.125,638.5,0,0,0,0,0,0,0,0,0,0,0,0,0,0,180.34,190.5,170.0,0.0,0.0,0.61,0.59,0.16,0.5,0.0,4.0,0.0,0.0,26.0,16.0,83.0,49.0,39.0,28.0,155.0,114.0,6.0,1.0,14.0,7.0,13.0,6.0,66.0,36.0,9.0,6.0,9.0,6.0,4.0,4.0,8.0,7.0,11.0,6.0,29.0,10.0,15.0,10.0,42.0,30.0,0.0,0.0,12.0,9.0,130.0,598.0,900.0,3,0,0,1,0,0,1,0,0,0,0,0,0,0,177.8,187.96,170.0,29.0,29.0,0,0,0,0,0,0,0,0,0,1,0,0,0,0,0,1,0,0,0,0,0,0,1,0
Red,False,0.0,0.0,0.245,0.32,0.5,0.5800000000000001,0.5,1.0,0.0,0.5,121.0,29.5,143.0,45.0,125.5,31.5,155.0,56.5,2.0,1.0,2.5,1.5,103.0,18.5,116.5,24.5,15.0,9.0,17.0,12.0,3.0,2.0,9.5,8.5,109.5,22.5,122.0,33.0,5.5,3.0,10.5,5.5,6.0,4.0,10.5,6.5,65.0,162.5,858.5,6,0,1,0,1,1,1,0,0,0,0,0,0,1,175.26,182.88,170.0,0.0,0.5,0.445,0.375,0.0825,0.875,1.0,0.5,0.0,0.0,15.25,5.75,35.75,13.25,51.5,38.75,48.75,25.0,2.0,0.5,1.75,1.5,11.5,3.75,28.0,9.25,1.5,0.75,6.0,3.25,2.25,1.25,1.75,0.75,11.25,2.25,14.75,3.75,1.25,1.25,6.25,3.5,2.75,2.25,14.75,6.0,94.0,191.0,391.25,6,0,0,1,1,1,2,0,0,0,0,0,1,0,182.88,187.96,170.0,28.0,34.0,0,0,0,0,0,0,0,0,0,1,0,0,0,0,0,1,0,0,0,0,1,0,0,0
Red,False,0.015625,0.0,0.45,0.4275,0.25,0.2,0.148468017578125,0.098388671875,0.0,0.0,66.5,29.6875,64.31230545043945,27.34375,89.75,48.0,85.53125,44.41152191162109,2.0,0.75,2.0546875,0.75,51.1875,18.3359375,49.6123046875,16.280410766601562,7.5,5.07647705078125,7.5,5.0,4.5,3.625,4.984375,3.9375,48.6875,17.0,47.11572265625,16.5,5.75,3.75,5.3125,3.4375,5.0625,3.5,3.875,2.5,99.2119140625,94.125,638.5,0,0,0,0,0,0,0,0,0,0,0,0,0,0,170.18,170.18,145.0,0.39453125,0.0,0.3609960937499999,0.20123046875,0.32421875,0.5425781249999999,0.001953125,1.08203125,1.0,0.03125,59.45703125,22.42578125,49.658203125,10.3046875,63.00390625,25.970703125,80.708984375,38.462890625,1.314453125,0.939453125,8.92578125,3.845703125,48.490234375,14.232421875,44.0703125,7.369140625,7.060546875,4.79296875,3.81640625,1.4296875,3.90625,3.400390625,1.771484375,1.505859375,46.662109375,15.669921875,40.6484375,7.119140625,4.966796875,2.275390625,5.5703125,2.6484375,7.828125,4.48046875,3.439453125,0.537109375,63.32421875,261.29296875,686.806640625,17,0,1,0,2,6,4,0,0,1,1,3,0,1,175.26,180.34,155.0,29.0,27.0,0,0,0,0,0,0,1,0,0,0,0,0,0,0,0,0,0,1,0,0,1,0,0,0
Red,False,0.0,0.0,0.2906249999999999,0.43875,0.053125,0.4974999999999999,0.875,0.3125,0.125,0.125,56.625,14.4375,55.8125,25.1875,73.5,30.375,107.9375,71.3125,0.4375,0.375,5.0625,2.875,39.5625,6.375,47.5,18.375,11.0,3.25,5.3125,3.8125,6.0625,4.8125,3.0,3.0,46.875,9.4375,34.3125,12.375,4.1875,2.1875,6.5625,4.25,5.5625,2.8125,14.9375,8.5625,51.5625,383.625,744.5625,11,0,3,0,3,3,2,0,0,0,1,0,2,0,185.42,187.96,185.0,0.017578125,0.876953125,0.2831640625,0.25541015625,0.587421875,0.55212890625,0.25390625,0.521484375,0.0029296875,0.0009765625,117.75,32.390625,120.04296875,31.2216796875,129.0498046875,41.9873046875,129.7060546875,38.736328125,5.6484375,3.396484375,1.0703125,0.6513671875,104.6044921875,23.0234375,93.771484375,13.990234375,8.5625,5.91796875,6.806640625,4.1455078125,4.5830078125,3.44921875,19.46484375,13.0859375,98.333984375,24.783203125,99.5009765625,23.7763671875,8.18359375,3.2158203125,10.552734375,2.5244140625,11.232421875,4.3916015625,9.9892578125,4.9208984375,52.125,98.771484375,733.501953125,23,1,4,0,4,8,3,0,0,1,1,6,0,0,185.42,190.5,185.0,28.0,31.0,0,0,0,0,0,0,0,1,0,0,0,0,0,0,0,1,0,0,0,0,1,0,0,0
Blue,False,0.0,0.0,0.58,0.18,0.72,0.0,2.0,0.0,1.0,1.0,36.0,21.0,58.0,11.0,111.0,87.0,83.0,35.0,11.0,8.0,0.0,0.0,32.0,17.0,54.0,9.0,4.0,4.0,1.0,0.0,0.0,0.0,3.0,2.0,6.0,2.0,46.0,5.0,0.0,0.0,10.0,6.0,30.0,19.0,2.0,0.0,684.0,31.0,900.0,3,0,1,0,1,1,0,0,0,0,1,0,0,0,185.42,185.42,255.0,1.0,0.0,0.8,0.0,0.0,0.0,0.0,0.0,0.0,0.0,5.0,4.0,1.0,0.0,6.0,5.0,1.0,0.0,0.0,0.0,0.0,0.0,5.0,4.0,1.0,0.0,0.0,0.0,0.0,0.0,0.0,0.0,0.0,0.0,1.0,1.0,1.0,0.0,0.0,0.0,0.0,0.0,4.0,3.0,0.0,0.0,4.0,0.0,7.0,1,0,1,0,1,1,0,0,0,0,0,1,0,0,190.5,198.12,260.0,33.0,24.0,0,0,0,0,1,0,0,0,0,0,0,0,0,0,0,1,0,0,0,0,1,0,0,0
Red,False,0.5,0.5,0.365,0.6,0.7,0.0,0.0,0.5,0.0,0.0,24.5,9.0,25.5,14.0,30.0,13.0,34.5,23.0,3.0,1.5,0.0,0.0,22.0,7.5,23.0,12.0,1.5,1.0,1.5,1.5,1.0,0.5,1.0,0.5,7.0,3.0,11.0,4.0,5.0,2.5,13.0,8.5,12.5,3.5,1.5,1.5,132.5,8.5,231.5,2,0,0,2,0,0,2,0,0,0,0,0,0,0,177.8,177.8,155.0,0.75,0.0,0.4024999999999999,0.2525,0.4675,0.375,1.0,1.0,0.5,0.25,56.25,22.25,67.0,17.5,77.0,41.75,100.75,49.25,2.75,2.0,2.25,1.5,45.75,14.25,57.25,12.5,3.5,2.5,6.5,3.0,7.0,5.5,3.25,2.0,37.75,13.0,52.25,9.25,9.0,4.0,3.25,1.75,9.5,5.25,11.5,6.5,227.25,124.0,638.5,7,1,2,0,2,2,1,0,0,0,1,1,0,0,175.26,180.34,155.0,22.0,24.0,0,0,0,0,0,0,1,0,0,0,0,0,0,0,0,1,0,0,0,0,1,0,0,0
Blue,False,1.0,0.0,0.5,0.21,0.0,0.0,0.0,0.0,0.0,0.0,28.0,14.0,14.0,3.0,30.0,15.0,14.0,3.0,0.0,0.0,0.0,0.0,24.0,11.0,12.0,1.0,1.0,0.0,0.0,0.0,3.0,3.0,2.0,2.0,28.0,14.0,14.0,3.0,0.0,0.0,0.0,0.0,0.0,0.0,0.0,0.0,2.0,0.0,116.0,1,0,1,0,1,1,0,0,0,0,0,1,0,0,187.96,190.5,205.0,0.0,0.0,0.44375,0.40125,0.4375,0.33,0.75,0.5,0.5,0.5,116.875,50.25,78.375,24.625,175.625,106.375,98.0,43.625,8.125,2.125,1.5,1.0,101.125,36.875,72.625,20.125,6.25,5.5,4.875,3.625,9.5,7.875,0.875,0.875,76.75,24.875,68.0,18.375,28.375,17.0,9.375,5.25,11.75,8.375,1.0,1.0,386.625,59.375,846.75,11,0,2,0,2,3,1,0,0,0,2,1,0,0,180.34,180.34,205.0,33.0,34.0,0,0,0,0,0,1,0,0,0,0,0,0,0,0,0,0,0,1,0,0,1,0,0,0
Blue,False,0.0,0.0,0.485,0.2075,0.6924999999999999,0.25,0.75,1.75,0.25,0.75,104.25,52.25,26.5,7.75,220.0,155.25,40.0,21.0,7.25,4.75,1.0,1.0,82.75,35.25,19.25,2.75,17.0,13.0,4.5,3.25,4.5,4.0,2.75,1.75,19.75,6.0,19.5,4.25,7.25,4.5,3.75,2.25,77.25,41.75,3.25,1.25,566.25,61.5,744.0,7,0,3,0,3,3,0,0,0,0,2,1,0,0,185.42,190.5,170.0,0.3828125,0.0,0.2676025390625,0.441943359375,0.1934130859375,0.116015625,1.018310546875,0.18896484375,0.025390625,0.12548828125,124.507568359375,36.771240234375,114.46533203125,49.824951171875,129.012939453125,41.216796875,167.047119140625,99.09765625,15.20458984375,0.44775390625,2.51416015625,0.6357421875,115.087890625,32.06103515625,107.430419921875,43.935546875,8.669677734375,4.022705078125,3.67333984375,2.96533203125,0.75,0.6875,3.361572265625,2.924072265625,107.28369140625,26.822998046875,74.213623046875,26.89990234375,7.02734375,3.955078125,23.092529296875,15.578125,10.196533203125,5.9931640625,17.1591796875,7.346923828125,233.299560546875,179.586669921875,1102.504150390625,34,2,6,0,6,10,3,0,0,1,4,5,0,0,177.8,182.88,170.0,22.0,28.0,0,0,0,0,0,0,0,0,0,1,0,0,0,0,0,1,0,0,0,0,0,0,1,0
Blue,False,0.072265625,0.75,0.2312792968749999,0.40828125,0.395830078125,0.04126953125,0.0,0.0341796875,0.0,0.0,58.462890625,15.2548828125,79.73046875,31.18359375,66.587890625,21.4091796875,102.9931640625,52.41796875,8.8310546875,4.3974609375,0.76953125,0.126953125,55.6064453125,13.1884765625,58.6357421875,15.19921875,1.2939453125,1.12890625,11.62109375,8.0751953125,1.5625,0.9375,9.4736328125,7.9091796875,47.126953125,8.6171875,60.8173828125,23.1044921875,5.396484375,2.7705078125,17.6005859375,7.525390625,5.939453125,3.8671875,1.3125,0.5537109375,253.4345703125,22.083984375,755.9765625,29,3,5,0,5,9,2,0,1,3,1,4,0,0,182.88,190.5,205.0,1.5,0.0,0.4521875,0.3278125,0.37125,0.023125,0.0,0.5625,0.0,0.0625,107.0625,43.21875,140.96875,47.71875,130.125,65.34375,150.53125,55.15625,2.09375,1.125,2.15625,0.1875,95.65625,32.53125,108.5,22.59375,5.96875,5.25,12.0625,8.6875,5.4375,5.4375,20.40625,16.4375,85.5,29.625,121.9375,36.03125,12.90625,8.53125,14.46875,9.25,8.65625,5.0625,4.5625,2.4375,149.53125,85.09375,801.5625,17,3,3,0,3,5,1,0,0,0,2,3,0,0,185.42,185.42,205.0,30.0,31.0,0,0,0,0,0,1,0,0,0,0,0,0,0,0,0,1,0,0,0,0,1,0,0,0
Blue,False,0.0,0.0,0.53625,0.47,0.63375,0.2025,1.125,0.5,0.5,0.0,53.25,30.375,45.375,23.25,100.875,74.875,65.75,41.875,6.125,3.25,6.5,1.125,47.0,24.375,25.25,8.25,2.75,2.75,12.625,9.625,3.5,3.25,7.5,5.375,16.75,3.625,26.5,8.5,9.375,9.125,15.125,11.625,27.125,17.625,3.75,3.125,508.25,200.125,865.625,12,0,2,0,2,3,1,0,0,1,1,1,0,0,187.96,193.04,170.0,0.0,0.125,0.4925,0.31375,0.5,0.1875,0.25,0.0,0.0,0.0,138.25,77.5,113.875,32.875,146.625,85.125,144.625,61.5,1.25,1.0,1.625,0.375,83.75,33.375,93.75,20.875,36.25,27.75,13.375,6.25,18.25,16.375,6.75,5.75,87.75,46.5,88.625,21.25,38.0,22.0,22.625,11.125,12.5,9.0,2.625,0.5,233.5,124.875,701.375,8,1,1,0,2,3,1,0,0,0,2,0,1,0,177.8,190.5,170.0,28.0,29.0,0,0,0,0,0,0,0,0,0,1,0,0,0,0,0,0,0,1,0,0,1,0,0,0
Blue,False,0.015625,0.0,0.45,0.4275,0.25,0.2,0.148468017578125,0.098388671875,0.0,0.0,66.5,29.6875,64.31230545043945,27.34375,89.75,48.0,85.53125,44.41152191162109,2.0,0.75,2.0546875,0.75,51.1875,18.3359375,49.6123046875,16.280410766601562,7.5,5.07647705078125,7.5,5.0,4.5,3.625,4.984375,3.9375,48.6875,17.0,47.11572265625,16.5,5.75,3.75,5.3125,3.4375,5.0625,3.5,3.875,2.5,99.2119140625,94.125,638.5,0,0,0,0,0,0,0,0,0,0,0,0,0,0,198.12,205.74,205.0,0.3125,0.5,0.32875,0.42,0.0625,0.0,0.0,0.0,0.0,0.0,75.5,29.875,74.125,28.5625,76.375,30.75,75.4375,29.375,0.3125,0.0625,0.3125,0.0,67.25,22.875,59.9375,17.125,6.5,5.25,6.3125,5.1875,1.75,1.75,7.875,6.25,70.8125,26.625,73.125,27.9375,2.875,1.6875,1.0,0.625,1.8125,1.5625,0.0,0.0,9.0,2.4375,367.25,8,0,0,1,3,3,2,0,0,0,1,2,0,0,187.96,195.58,185.0,36.0,29.0,0,0,0,0,0,1,0,0,0,0,0,0,0,0,0,0,0,1,0,0,0,0,1,0
Red,False,0.0,0.0,0.15,0.37,0.0,1.0,0.0,1.0,0.0,0.0,19.0,3.0,16.0,6.0,21.0,5.0,26.0,15.0,0.0,0.0,2.0,2.0,14.0,0.0,11.0,1.0,2.0,0.0,4.0,4.0,3.0,3.0,1.0,1.0,19.0,3.0,10.0,1.0,0.0,0.0,6.0,5.0,0.0,0.0,0.0,0.0,5.0,133.0,216.0,1,0,0,1,0,0,1,0,0,0,0,0,0,0,172.72,172.72,155.0,0.0,0.15625,0.3078125,0.4303125,0.178125,0.0390625,0.03125,0.0,0.0,0.0,86.78125,28.625,100.25,44.28125,121.25,60.25,122.4375,64.96875,2.53125,0.625,1.75,0.25,66.4375,14.5625,81.25,27.65625,13.59375,10.125,15.46875,14.03125,6.75,3.9375,3.53125,2.59375,61.4375,13.8125,71.0,25.125,21.3125,11.78125,28.0625,18.5,4.03125,3.03125,1.1875,0.65625,141.40625,36.65625,613.25,13,0,0,2,1,2,4,0,0,0,2,0,0,0,172.72,175.26,155.0,26.0,29.0,0,0,0,0,0,0,1,0,0,0,0,0,0,0,0,1,0,0,0,0,0,0,1,0
Blue,False,0.0,0.0,0.52875,0.524375,0.375,0.734375,0.8125,0.4375,0.125,0.0,23.0625,11.3125,22.4375,11.5625,29.5,17.375,30.3125,16.8125,1.5,0.5,1.0,0.9375,19.3125,8.375,16.1875,6.0,1.6875,0.875,5.0,4.5,2.0625,2.0625,1.25,1.0625,11.3125,5.5,10.625,3.25,2.3125,1.25,0.125,0.125,9.4375,4.5625,11.6875,8.1875,73.0,61.6875,211.1875,6,0,0,3,1,1,4,0,0,0,0,0,1,0,185.42,193.04,185.0,0.0,0.0,0.31,0.495,0.0,0.61,0.0,0.0,0.0,0.0,90.5,20.5,75.5,32.5,98.0,28.0,128.5,79.0,0.5,0.0,5.0,1.5,78.0,11.0,64.0,22.5,11.5,8.5,6.0,5.0,1.0,1.0,5.5,5.0,73.0,11.0,47.5,14.0,17.5,9.5,21.5,14.0,0.0,0.0,6.5,4.5,34.0,136.5,593.5,4,0,0,2,0,0,2,0,0,0,0,0,0,0,187.96,190.5,185.0,32.0,25.0,0,0,0,0,0,0,0,1,0,0,0,0,0,0,0,1,0,0,0,0,0,0,1,0
Red,False,0.5,0.8203125,0.368828125,0.6715625000000001,0.1978125,0.087109375,0.1328125,0.2265625,0.0390625,0.0,24.0546875,10.046875,22.0390625,11.4453125,29.46875,14.6640625,28.5078125,17.859375,1.109375,0.53125,1.625,0.3515625,20.234375,6.5234375,21.03125,10.4375,1.5,1.4765625,0.1953125,0.1953125,2.3203125,2.046875,0.8125,0.8125,17.5,6.6171875,11.765625,4.671875,5.0859375,2.3046875,0.359375,0.1953125,1.46875,1.125,9.9140625,6.578125,45.6328125,35.7734375,190.2421875,13,0,1,0,2,4,4,0,1,0,0,1,1,1,182.88,185.42,170.0,0.0205078125,0.2578125,0.389921875,0.4672509765625,0.16876953125,0.34423828125,0.88720703125,0.09423828125,0.0,0.0107421875,49.2763671875,19.0390625,66.25048828125,28.5751953125,80.49267578125,48.46826171875,87.533203125,47.9072265625,2.87548828125,0.6708984375,1.37646484375,0.37646484375,36.70849609375,9.578125,47.2021484375,12.9296875,8.49072265625,5.6982421875,12.60791015625,9.99072265625,4.0771484375,3.7626953125,6.4404296875,5.65478515625,40.4912109375,13.2080078125,40.625,12.7919921875,6.826171875,4.4638671875,20.35888671875,13.1875,1.958984375,1.3671875,5.2666015625,2.595703125,134.43994140625,112.3125,500.34033203125,23,0,0,1,6,8,4,0,0,1,1,2,4,0,177.8,177.8,170.0,30.0,36.0,0,0,0,0,0,0,0,0,0,1,0,0,0,0,0,1,0,0,0,0,0,0,1,0
Blue,False,0.125,0.3125,0.5587500000000001,0.6575,0.635625,0.623125,2.4375,1.5,0.0625,1.0,19.65625,8.46875,45.96875,27.5,32.96875,21.53125,70.40625,50.90625,3.46875,1.3125,2.71875,1.9375,15.28125,4.53125,37.03125,19.25,2.6875,2.25,6.59375,5.9375,1.6875,1.6875,2.34375,2.3125,15.46875,5.875,18.9375,7.8125,2.0625,1.09375,5.71875,3.65625,2.125,1.5,21.3125,16.03125,171.34375,260.03125,545.3125,16,0,0,1,1,1,5,0,0,0,0,0,1,0,182.88,190.5,185.0,0.0,0.0,0.3575,0.3275,0.1699999999999999,0.165,1.25,0.0,0.0,0.0,69.75,29.5,60.75,20.75,88.75,47.5,105.5,63.25,7.75,2.25,3.0,1.0,68.75,28.5,48.25,12.75,1.0,1.0,10.75,6.75,0.0,0.0,1.75,1.25,36.75,11.0,36.75,7.5,28.0,15.5,20.5,10.75,5.0,3.0,3.5,2.5,249.0,174.0,688.75,7,0,2,0,2,2,1,0,0,0,1,0,1,0,182.88,187.96,205.0,32.0,26.0,0,0,0,0,0,0,0,1,0,0,0,0,0,0,0,1,0,0,0,0,0,0,1,0
Red,False,0.5,0.0,0.41,0.35,0.0,0.0,0.0,0.0,0.0,0.0,41.5,17.5,23.0,8.0,42.5,18.5,23.0,8.0,0.0,0.0,1.0,0.0,35.5,14.5,18.0,5.0,1.5,1.0,5.0,3.0,4.5,2.0,0.0,0.0,33.5,12.0,19.5,6.0,6.5,4.0,3.5,2.0,1.5,1.5,0.0,0.0,1.5,10.0,147.5,2,0,2,0,2,2,0,0,0,0,0,2,0,0,175.26,193.04,170.0,0.32080078125,0.18756103515625,0.3862835693359375,0.219073486328125,0.2698941040039062,0.004150390625,0.501861572265625,0.115814208984375,0.000244140625,0.002197265625,41.20602416992188,15.23626708984375,49.97381591796875,12.599945068359377,53.092193603515625,27.079010009765625,52.056671142578125,14.15155029296875,2.258819580078125,1.052947998046875,0.571044921875,0.008056640625,34.818023681640625,12.122467041015623,39.607330322265625,7.00921630859375,3.89794921875,1.6279296875,2.87799072265625,0.411865234375,2.49005126953125,1.485870361328125,7.488494873046875,5.178863525390625,31.059600830078125,8.43182373046875,48.08184814453125,11.544403076171877,0.461181640625,0.296875,0.7352294921875,0.4302978515625,9.68524169921875,6.507568359375,1.15673828125,0.625244140625,137.10006713867188,24.68505859375,401.08404541015625,32,0,2,0,5,12,4,0,0,0,4,5,3,0,177.8,185.42,170.0,27.0,32.0,0,0,0,0,0,0,0,0,0,1,0,0,0,0,0,1,0,0,0,0,1,0,0,0
Blue,False,0.5,0.0,0.525,0.415,0.25,0.08,2.0,0.0,0.0,0.0,49.0,28.0,17.5,9.0,85.0,60.5,24.0,15.0,7.0,3.5,3.0,0.5,40.5,21.5,9.5,3.5,4.5,3.0,5.0,3.0,4.0,3.5,3.0,2.5,17.0,6.0,10.0,4.0,23.5,17.5,7.5,5.0,8.5,4.5,0.0,0.0,300.0,65.0,464.5,4,0,2,0,2,2,0,0,0,0,1,1,0,0,175.26,175.26,185.0,0.5,0.5,0.585,0.41,0.4024999999999999,0.45,0.0,0.25,0.25,1.0,50.0,28.0,52.0,22.0,73.5,48.75,76.5,44.25,3.75,1.5,1.75,1.5,32.0,12.75,48.0,18.5,10.25,8.25,1.0,1.0,7.75,7.0,3.0,2.5,29.5,12.75,22.25,6.0,12.75,10.0,4.25,2.75,7.75,5.25,25.5,13.25,158.5,313.0,598.5,7,0,1,0,1,2,1,0,0,1,0,1,0,0,177.8,182.88,155.0,26.0,26.0,0,0,0,0,0,0,0,0,0,1,0,0,0,0,0,0,0,1,0,0,1,0,0,0
Blue,False,0.751953125,0.0,0.4063671875,0.3655859375,0.0327734375,0.2982617187499999,0.13671875,0.263671875,0.001953125,0.001953125,78.259765625,35.087890625,102.23828125,35.9375,82.84765625,38.666015625,115.17578125,47.962890625,0.064453125,0.037109375,2.45703125,1.466796875,61.21875,22.078125,97.064453125,32.10546875,6.91796875,4.708984375,3.341796875,2.189453125,10.123046875,8.30078125,1.83203125,1.642578125,68.76171875,29.349609375,93.0078125,30.916015625,6.609375,4.18359375,2.9609375,1.970703125,2.888671875,1.5546875,6.26953125,3.05078125,31.576171875,111.30859375,464.361328125,21,0,0,1,2,6,4,0,0,1,0,2,2,1,187.96,190.5,185.0,0.1953125,0.0,0.374296875,0.5748046874999999,0.01421875,0.55953125,0.0625,0.53125,0.00390625,0.00390625,49.82421875,18.953125,42.75390625,24.2265625,56.0234375,24.83984375,51.12890625,30.96484375,1.73828125,0.0390625,3.51171875,1.046875,33.87890625,8.35546875,28.1796875,10.87109375,2.94921875,2.30078125,8.796875,7.9375,12.99609375,8.296875,5.77734375,5.41796875,39.98828125,12.58203125,29.06640625,14.49609375,5.828125,2.98828125,7.5390625,5.25390625,4.0078125,3.3828125,6.1484375,4.4765625,57.32421875,138.6015625,619.08984375,21,2,0,4,4,4,5,0,0,1,1,2,0,0,180.34,190.5,170.0,26.0,30.0,0,0,0,0,0,0,0,1,0,0,0,0,0,0,0,1,0,0,0,0,1,0,0,0
Blue,False,1.078125,0.0,0.529140625,0.31296875,0.1640625,0.2714062499999999,0.09375,1.453125,0.28125,0.1796875,46.0390625,24.6328125,36.96875,10.1796875,55.90625,34.15625,57.609375,28.46875,0.28125,0.21875,4.0625,1.7890625,36.5234375,16.5,31.953125,6.4140625,4.359375,3.640625,2.5,1.359375,5.15625,4.4921875,2.515625,2.40625,21.2890625,9.3125,30.796875,6.828125,10.84375,8.5625,2.0625,1.15625,13.90625,6.7578125,4.109375,2.1953125,75.1171875,231.8828125,487.21875,19,0,0,1,2,4,4,0,0,0,1,2,0,1,175.26,180.34,145.0,0.25,0.0,0.312578125,0.365703125,0.125,0.24484375,0.0,1.75,0.25,0.0078125,235.3984375,75.078125,103.171875,38.078125,254.3984375,91.46875,113.765625,48.046875,0.1875,0.125,12.6171875,3.2890625,190.71875,42.359375,87.9375,26.515625,25.671875,18.6171875,5.15625,3.4296875,19.0078125,14.1015625,10.078125,8.1328125,218.765625,66.03125,92.453125,31.109375,9.7421875,6.4921875,6.046875,3.453125,6.890625,2.5546875,4.671875,3.515625,125.0625,175.421875,893.796875,22,0,1,0,2,4,4,0,0,1,3,0,0,0,175.26,177.8,155.0,23.0,26.0,0,0,0,0,0,0,1,0,0,0,0,0,0,0,0,1,0,0,0,0,1,0,0,0
Blue,False,1.0,0.0,0.41,0.52,0.0,0.75,0.0,1.0,0.0,0.0,34.0,14.0,19.0,10.0,37.0,17.0,19.0,10.0,0.0,0.0,4.0,3.0,25.0,6.0,14.0,6.0,4.0,4.0,2.0,1.0,5.0,4.0,3.0,3.0,20.0,5.0,14.0,6.0,10.0,6.0,5.0,4.0,4.0,3.0,0.0,0.0,63.0,161.0,310.0,2,0,1,0,1,1,0,0,0,0,0,1,0,0,190.5,208.28,265.0,0.0,0.0,0.4,0.54,1.0,0.0,1.0,0.0,0.0,0.0,66.0,27.0,79.0,43.0,76.0,36.0,98.0,61.0,4.0,4.0,0.0,0.0,62.0,23.0,35.0,11.0,4.0,4.0,0.0,0.0,0.0,0.0,44.0,32.0,46.0,12.0,68.0,40.0,9.0,4.0,8.0,1.0,11.0,11.0,3.0,2.0,199.0,16.0,900.0,3,0,1,0,1,1,0,0,0,0,1,0,0,0,187.96,195.58,235.0,31.0,36.0,0,0,0,0,1,0,0,0,0,0,0,0,0,0,0,0,0,0,1,0,1,0,0,0
Red,False,0.0,0.25,0.24,0.4525,0.75,0.07,0.75,0.5,0.0,0.0,36.5,17.0,36.0,13.75,47.25,27.0,48.25,24.5,0.75,0.75,3.5,0.5,29.5,12.0,30.5,8.25,6.0,4.0,1.0,1.0,1.0,1.0,4.5,4.5,19.5,5.0,28.5,9.5,10.5,7.0,6.0,3.5,6.5,5.0,1.5,0.75,138.0,129.5,477.25,5,0,1,0,1,1,2,0,0,0,0,0,1,0,193.04,193.04,260.0,0.0,0.0,0.44,0.32,0.0,0.1,0.0,0.0,0.0,0.0,49.0,22.0,46.0,15.0,91.0,60.0,52.0,20.0,0.0,0.0,10.0,1.0,49.0,22.0,41.0,12.0,0.0,0.0,4.0,3.0,0.0,0.0,1.0,0.0,31.0,10.0,36.0,9.0,3.0,1.0,8.0,5.0,15.0,11.0,2.0,1.0,84.0,102.0,391.0,2,0,1,0,1,1,0,0,0,0,0,1,0,0,185.42,190.5,185.0,26.0,28.0,0,0,0,0,1,0,0,0,0,0,0,0,0,0,0,1,0,0,0,0,1,0,0,0
Blue,False,0.0,0.0,0.09,0.25,0.25,0.5,0.0,0.0,0.0,1.0,72.0,7.0,81.0,21.0,98.0,29.0,96.0,34.0,4.0,1.0,2.0,1.0,72.0,7.0,76.0,19.0,0.0,0.0,4.0,1.0,0.0,0.0,1.0,1.0,70.0,7.0,62.0,13.0,2.0,0.0,1.0,1.0,0.0,0.0,18.0,7.0,88.0,132.0,804.0,3,0,0,1,0,0,1,0,0,0,0,0,0,0,185.42,187.96,185.0,0.0,0.25,0.7533203125,0.4899609375,0.2060546875,0.5888671875,0.443359375,0.5546875,0.103515625,0.068359375,8.7890625,4.80859375,30.39453125,15.623046875,22.072265625,16.068359375,46.23828125,29.333984375,2.1875,0.552734375,0.82421875,0.689453125,5.869140625,1.94140625,28.6796875,14.322265625,0.4375,0.41796875,0.96484375,0.8671875,2.482421875,2.44921875,0.75,0.43359375,4.353515625,1.07421875,4.712890625,1.548828125,2.47265625,2.255859375,1.5078125,1.015625,1.962890625,1.478515625,24.173828125,13.05859375,96.01171875,105.734375,235.98828125,19,0,2,0,2,5,5,0,0,0,0,2,3,0,190.5,203.2,185.0,25.0,34.0,0,0,0,0,0,0,0,1,0,0,0,0,0,0,0,0,0,1,0,0,1,0,0,0
Blue,False,0.0,0.0,0.33,0.42,0.0,0.66,0.0,2.0,0.0,0.0,18.0,6.0,19.0,8.0,26.0,14.0,34.0,23.0,3.0,0.0,3.0,2.0,13.0,2.0,18.0,7.0,4.0,3.0,1.0,1.0,1.0,1.0,0.0,0.0,15.0,3.0,16.0,5.0,0.0,0.0,1.0,1.0,3.0,3.0,2.0,2.0,8.0,170.0,267.0,1,0,0,1,0,0,1,0,0,0,0,0,0,0,182.88,187.96,170.0,0.0,0.625,0.25,0.45875,0.125,0.0,0.375,0.0,0.25,0.0,4.5,1.875,13.5,6.375,4.5,1.875,14.125,7.0,0.125,0.125,0.25,0.0,1.375,0.25,12.375,5.25,2.0,1.25,1.0,1.0,1.125,0.375,0.125,0.125,3.25,0.75,7.5,3.5,1.25,1.125,6.0,2.875,0.0,0.0,0.0,0.0,21.5,8.0,80.375,4,0,1,0,1,2,2,0,0,0,0,0,2,0,180.34,177.8,170.0,35.0,35.0,0,0,0,0,0,0,0,0,0,1,0,0,0,0,0,1,0,0,0,0,0,0,1,0
Blue,True,0.5,0.0,0.5775,0.3299999999999999,0.1137499999999999,0.47125,0.25,0.375,0.0,0.25,103.125,57.125,88.125,31.625,114.125,67.125,106.625,48.625,4.0,0.75,1.625,1.375,45.75,17.875,60.75,16.25,18.0,11.25,18.5,12.625,39.375,28.0,8.875,2.75,73.0,33.875,64.875,18.375,24.75,19.5,12.5,6.625,5.375,3.75,10.75,6.625,150.0,105.125,1037.125,12,1,0,1,2,2,2,0,0,0,0,2,0,0,185.42,193.04,205.0,1.109375,0.0,0.463359375,0.3721875,0.163125,0.01984375,0.1796875,0.1875,0.0390625,0.0,78.671875,32.8203125,85.5234375,42.8203125,88.765625,41.5625,91.6953125,48.546875,1.015625,0.375,3.03125,0.1015625,48.0,14.40625,32.328125,8.5390625,19.59375,13.296875,16.28125,9.1875,11.078125,5.1171875,36.9140625,25.09375,59.9453125,23.0234375,63.109375,25.625,12.5546875,6.4375,22.328125,17.1640625,6.171875,3.359375,0.0859375,0.03125,72.3125,87.7421875,1023.5,22,2,8,0,8,8,0,0,0,0,5,2,1,0,185.42,187.96,185.0,28.0,31.0,0,0,0,0,0,1,0,0,0,0,0,0,0,0,0,1,0,0,0,0,0,0,1,0
Blue,True,0.0,0.0,0.4265625,0.205625,0.18890625,0.3115624999999999,0.75,0.1875,0.015625,0.0,101.8125,43.90625,83.859375,14.5625,120.640625,61.765625,93.125,22.359375,5.546875,1.9375,6.046875,2.359375,83.0625,30.453125,78.75,11.03125,13.140625,9.859375,3.40625,2.46875,5.609375,3.59375,1.703125,1.0625,72.78125,25.390625,76.84375,11.953125,6.65625,4.140625,6.65625,2.375,22.375,14.375,0.359375,0.234375,154.265625,91.421875,660.546875,18,0,3,0,3,6,1,0,0,0,4,1,1,0,167.64,172.72,135.0,0.125091552734375,0.0,0.5498233032226563,0.2527581787109375,0.103302001953125,0.076331787109375,0.349853515625,0.00146484375,0.0078125,0.00244140625,108.011962890625,60.92388916015625,96.64471435546876,24.3343505859375,181.65402221679688,132.43594360351562,146.39910888671875,71.0921630859375,1.005767822265625,0.30712890625,18.35906982421875,0.530670166015625,97.04824829101562,50.603118896484375,80.51791381835938,14.069366455078123,7.073333740234375,6.431976318359375,10.54364013671875,6.22332763671875,3.890380859375,3.8887939453125,5.583160400390625,4.041656494140625,61.95208740234375,29.149932861328125,78.70046997070312,12.186065673828123,30.641082763671875,22.49911499023437,10.43109130859375,6.35931396484375,15.418792724609377,9.27484130859375,7.513153076171875,5.788970947265625,130.37725830078125,388.3683776855469,1205.6682434082031,45,9,3,0,3,11,5,0,0,0,1,5,4,1,175.26,177.8,155.0,28.0,31.0,0,0,0,0,0,0,1,0,0,0,0,0,0,0,0,1,0,0,0,0,1,0,0,0
Red,True,0.0,0.25,0.30734375,0.428125,0.380625,0.015625,0.34375,0.125,0.0625,0.046875,43.59375,17.09375,51.765625,11.734375,71.046875,39.53125,57.484375,17.40625,4.40625,2.296875,0.078125,0.015625,37.1875,12.765625,35.59375,4.203125,5.0625,3.265625,10.171875,2.671875,1.34375,1.0625,6.0,4.859375,33.34375,10.75,44.671875,8.6875,6.296875,4.09375,2.625,1.125,3.953125,2.25,4.46875,1.921875,182.6875,30.4375,516.546875,12,0,5,0,5,6,1,0,0,0,1,0,5,0,185.42,182.88,170.0,1.623046875,0.0,0.62916015625,0.14685546875,0.1328125,0.041875,0.0390625,0.0,0.00390625,0.0,55.91015625,36.72265625,43.146484375,7.044921875,61.83984375,41.1875,47.64453125,10.91015625,0.1484375,0.1328125,4.03515625,0.31640625,34.998046875,18.20703125,33.25390625,2.138671875,5.24609375,4.349609375,2.65625,0.654296875,15.666015625,14.166015625,7.236328125,4.251953125,39.96875,23.63671875,39.748046875,6.111328125,3.947265625,3.005859375,2.1796875,0.42578125,11.994140625,10.080078125,1.21875,0.5078125,69.435546875,53.73046875,588.81640625,19,6,10,0,10,10,0,0,0,0,1,7,2,0,187.96,195.58,185.0,32.0,34.0,0,0,0,0,0,0,0,1,0,0,0,0,0,0,0,0,0,1,0,0,0,0,1,0
Blue,False,0.0,0.25,0.505,0.515,0.54,0.125,0.5,0.75,0.25,0.0,48.75,24.75,40.25,19.75,60.5,33.25,49.25,28.75,4.5,1.0,2.5,0.75,37.75,15.25,31.75,12.25,8.75,7.5,5.0,4.0,2.25,2.0,3.5,3.5,24.25,7.25,29.25,12.0,8.0,6.25,7.25,4.25,16.5,11.25,3.75,3.5,103.75,62.75,358.25,5,0,0,1,2,2,1,0,0,1,0,1,0,0,182.88,180.34,185.0,0.125,0.046875,0.38875,0.4648828124999999,0.51171875,0.5374218749999999,1.10546875,0.5234375,0.01171875,0.0078125,29.91015625,13.34375,29.59765625,15.8359375,52.47265625,34.6484375,42.71875,25.77734375,0.52734375,0.51171875,6.15625,3.24609375,24.1171875,8.0234375,21.96484375,9.3515625,4.27734375,3.98046875,4.828125,3.9296875,1.515625,1.33984375,2.8046875,2.5546875,16.53125,3.171875,10.875,4.40234375,9.64453125,7.28125,5.890625,4.36328125,3.734375,2.890625,12.83203125,7.0703125,54.0,272.44140625,428.19921875,16,1,3,0,3,6,3,0,0,1,1,2,2,0,198.12,200.66,185.0,32.0,27.0,0,0,0,0,0,0,0,1,0,0,0,0,0,0,0,1,0,0,0,0,1,0,0,0
Blue,False,0.0,0.0,0.2875,0.205,0.7675000000000001,0.35,2.0,1.5,1.25,0.25,117.5,33.25,97.0,20.25,139.0,54.0,119.0,41.5,3.5,2.75,4.0,1.5,102.25,21.0,79.75,9.75,12.75,9.75,12.0,7.0,2.5,2.5,5.25,3.5,98.0,23.0,87.25,15.25,8.0,5.25,8.0,4.25,11.5,5.0,1.75,0.75,258.75,135.25,767.25,8,0,0,1,2,2,1,0,0,1,0,0,1,0,175.26,180.34,170.0,0.0,0.0,0.455,0.435,0.5,0.165,1.0,0.0,1.0,0.0,65.5,30.0,38.0,18.0,103.5,66.5,62.5,39.0,0.5,0.5,7.0,2.0,46.5,19.0,21.5,6.0,8.5,4.5,6.0,4.0,10.5,6.5,10.5,8.0,25.0,7.0,20.0,7.5,14.5,8.5,13.5,8.0,26.0,14.5,4.5,2.5,193.0,174.5,526.5,4,0,2,0,2,2,0,0,0,0,0,1,1,0,187.96,193.04,170.0,25.0,25.0,0,0,0,0,0,0,0,0,0,1,0,0,0,0,0,0,0,1,0,0,1,0,0,0
Red,False,0.015625,0.0,0.45,0.4275,0.25,0.2,0.148468017578125,0.098388671875,0.0,0.0,66.5,29.6875,64.31230545043945,27.34375,89.75,48.0,85.53125,44.41152191162109,2.0,0.75,2.0546875,0.75,51.1875,18.3359375,49.6123046875,16.280410766601562,7.5,5.07647705078125,7.5,5.0,4.5,3.625,4.984375,3.9375,48.6875,17.0,47.11572265625,16.5,5.75,3.75,5.3125,3.4375,5.0625,3.5,3.875,2.5,99.2119140625,94.125,638.5,0,0,0,0,0,0,0,0,0,0,0,0,0,0,177.8,177.8,185.0,0.0,0.8144607543945312,0.5726898860931395,0.4616345977783204,0.3914006900787353,0.90738525390625,0.2078437805175781,0.5981054306030273,0.0650634765625,0.0787582397460937,38.216657638549805,21.86840915679932,34.13126277923584,15.083077430725098,68.89791107177734,50.87385845184326,61.721497535705566,41.40554237365723,5.073293685913086,1.9083261489868164,1.1732940673828125,1.15753173828125,25.155264854431152,9.393457412719728,24.287495613098145,9.997611045837402,9.731253623962402,9.64481258392334,7.765634536743164,3.483896255493164,3.33013916015625,2.83013916015625,2.0781326293945312,1.6015701293945312,17.60933017730713,6.100354194641113,23.369787216186523,7.513638496398926,3.471470832824707,2.892854690551758,1.7317790985107422,1.518747329711914,17.13585662841797,12.875200271606444,9.029696464538574,6.050691604614258,354.1338939666748,106.8957405090332,700.4743366241455,45,12,2,0,6,16,5,0,0,0,5,5,4,2,175.26,185.42,170.0,43.0,36.0,0,0,0,0,0,0,0,0,0,1,0,0,0,0,0,1,0,0,0,0,0,0,0,1
Red,False,0.625,0.0,0.3275,0.39375,0.0,0.5825,0.25,0.0,0.0,0.0,163.375,51.5,154.0,62.25,183.125,71.0,159.375,67.125,0.875,0.0,2.75,1.25,130.375,30.25,117.75,31.625,16.25,8.0,23.5,19.125,16.75,13.25,12.75,11.5,149.125,44.5,127.625,46.375,10.375,4.5,13.75,6.75,3.875,2.5,12.625,9.125,105.625,156.75,843.625,11,0,3,0,3,3,1,0,0,1,1,1,0,0,177.8,185.42,170.0,0.0,0.0,0.44,0.4649999999999999,0.0,0.75,0.5,4.5,0.0,0.0,28.5,11.5,38.5,17.0,35.5,18.0,52.0,29.5,0.0,0.0,2.0,1.5,24.5,8.5,32.5,13.0,3.0,2.0,3.0,1.5,1.0,1.0,3.0,2.5,20.0,5.5,20.0,6.0,5.0,3.0,10.5,6.0,3.5,3.0,8.0,5.0,38.0,122.5,268.5,2,1,0,1,1,1,1,0,0,0,0,0,1,0,185.42,190.5,170.0,32.0,27.0,0,0,0,0,0,0,0,0,0,1,0,0,0,0,0,1,0,0,0,0,1,0,0,0
Blue,False,0.0,0.0,0.46,0.18,0.75,0.0,1.0,0.0,0.0,0.0,103.0,48.0,27.0,5.0,169.0,104.0,27.0,5.0,4.0,3.0,0.0,0.0,71.0,26.0,19.0,0.0,26.0,21.0,3.0,2.0,6.0,1.0,5.0,3.0,33.0,5.0,26.0,4.0,5.0,4.0,1.0,1.0,65.0,39.0,0.0,0.0,645.0,0.0,900.0,3,0,1,0,1,1,0,0,0,0,1,0,0,0,187.96,200.66,205.0,1.0,0.0,0.26,0.35,0.0,0.0,0.0,0.0,0.0,0.0,23.0,6.0,17.0,6.0,23.0,6.0,17.0,6.0,0.0,0.0,0.0,0.0,23.0,6.0,13.0,3.0,0.0,0.0,1.0,0.0,0.0,0.0,3.0,3.0,16.0,2.0,17.0,6.0,0.0,0.0,0.0,0.0,7.0,4.0,0.0,0.0,5.0,0.0,41.0,1,0,1,0,1,1,0,0,0,0,0,1,0,0,195.58,200.66,205.0,25.0,23.0,0,0,0,0,0,1,0,0,0,0,0,0,0,0,0,1,0,0,0,0,1,0,0,0
Blue,False,0.0,0.125,0.34875,0.33125,0.4325,0.03125,1.625,0.0,0.125,0.25,116.25,38.375,101.875,28.625,164.875,79.0,115.375,40.75,7.875,3.5,0.75,0.125,97.75,26.5,81.75,12.625,4.0,1.75,10.25,7.125,14.5,10.125,9.875,8.875,81.0,22.125,92.0,23.375,4.75,2.5,4.375,2.375,30.5,13.75,5.5,2.875,352.25,56.125,867.375,12,0,0,2,2,2,2,0,0,0,2,0,0,0,172.72,177.8,155.0,0.15625,0.25,0.38515625,0.26,0.125,0.4171875,1.328125,0.0,0.25,0.0,60.953125,23.015625,59.046875,15.9375,62.515625,24.4375,84.796875,39.1875,0.265625,0.125,2.234375,1.0625,44.328125,9.5,46.078125,8.375,2.78125,1.546875,4.375,2.5625,13.84375,11.96875,8.59375,5.0,54.84375,18.65625,50.015625,10.875,5.234375,4.078125,2.375,1.96875,0.875,0.28125,6.65625,3.09375,50.140625,101.34375,448.1875,16,0,1,0,4,5,2,0,0,0,1,1,3,0,185.42,185.42,155.0,25.0,24.0,0,0,0,0,0,0,1,0,0,0,0,0,0,0,0,0,0,1,0,0,1,0,0,0
Red,False,0.5,0.5,0.285,0.5,0.33,0.0,0.0,1.0,0.0,0.0,35.5,9.5,54.5,27.0,41.0,14.5,72.0,43.5,6.0,2.0,1.5,0.0,33.0,8.0,47.0,22.5,1.5,1.0,6.0,3.5,1.0,0.5,1.5,1.0,24.0,5.0,26.5,8.5,8.5,3.5,10.0,5.5,3.0,1.0,18.0,13.0,102.0,69.0,357.0,3,0,1,0,1,1,1,0,0,0,0,1,0,0,180.34,180.34,155.0,0.0,1.125,0.258125,0.355,0.58125,0.3,0.5625,1.0,0.6875,0.25,96.4375,27.4375,108.75,31.5,136.0,63.8125,128.5,49.5625,2.75,1.25,2.875,0.875,86.875,20.3125,92.9375,21.9375,5.3125,4.375,8.375,4.625,4.25,2.75,7.4375,4.9375,63.3125,9.25,93.375,24.0625,10.25,5.9375,10.625,4.6875,22.875,12.25,4.75,2.75,241.75,102.375,657.5,13,0,1,0,2,3,2,0,0,0,3,0,0,0,175.26,177.8,155.0,28.0,25.0,0,0,0,0,0,0,1,0,0,0,0,0,0,0,0,1,0,0,0,0,1,0,0,0
Red,False,0.0,1.0,0.36,0.61,0.0,1.0,0.0,0.0,0.0,0.0,17.0,5.5,39.5,25.0,18.5,7.0,60.5,45.5,4.5,0.0,1.0,1.0,11.5,1.0,33.0,19.0,1.0,0.5,1.5,1.5,4.5,4.0,5.0,4.5,15.0,4.0,17.0,8.5,2.0,1.5,6.0,4.5,0.0,0.0,16.5,12.0,48.5,46.0,231.5,2,0,0,2,0,0,2,0,0,0,0,0,0,0,187.96,195.58,245.0,0.0,0.0,0.26,0.1,0.0,0.0,0.0,0.0,0.0,0.0,100.0,26.0,159.0,17.0,100.0,26.0,159.0,17.0,1.0,0.0,1.0,0.0,93.0,20.0,139.0,5.0,7.0,6.0,17.0,9.0,0.0,0.0,3.0,3.0,95.0,23.0,147.0,12.0,5.0,3.0,12.0,5.0,0.0,0.0,0.0,0.0,0.0,16.0,900.0,3,0,1,0,1,1,0,0,0,1,0,0,0,0,182.88,182.88,240.0,36.0,30.0,0,0,0,0,1,0,0,0,0,0,0,0,0,0,0,1,0,0,0,0,1,0,0,0
Red,False,0.015625,0.0,0.45,0.4275,0.25,0.2,0.148468017578125,0.098388671875,0.0,0.0,66.5,29.6875,64.31230545043945,27.34375,89.75,48.0,85.53125,44.41152191162109,2.0,0.75,2.0546875,0.75,51.1875,18.3359375,49.6123046875,16.280410766601562,7.5,5.07647705078125,7.5,5.0,4.5,3.625,4.984375,3.9375,48.6875,17.0,47.11572265625,16.5,5.75,3.75,5.3125,3.4375,5.0625,3.5,3.875,2.5,99.2119140625,94.125,638.5,0,0,0,0,0,0,0,0,0,0,0,0,0,0,170.18,177.8,155.0,0.5,0.0,0.33925048828125,0.32230224609375,0.397509765625,0.1538916015625,0.654296875,0.322265625,0.001953125,0.0,68.16015625,22.947265625,67.798095703125,23.96484375,104.069091796875,56.427001953125,95.25732421875,50.509521484375,5.64501953125,1.061279296875,3.11962890625,0.465087890625,58.64599609375,17.149169921875,51.572998046875,13.4296875,5.651123046875,3.83056640625,7.59765625,4.39794921875,3.863037109375,1.967529296875,8.62744140625,6.13720703125,52.80029296875,13.1728515625,44.466064453125,9.708740234375,8.919921875,5.412841796875,14.136474609375,8.99609375,6.43994140625,4.361572265625,9.195556640625,5.260009765625,139.39306640625,105.846435546875,618.467529296875,28,3,0,1,6,10,3,0,0,0,1,2,6,1,177.8,187.96,145.0,31.0,33.0,0,0,0,0,0,0,1,0,0,0,0,0,0,0,0,0,0,1,0,0,0,0,1,0
Red,False,1.140625,0.15625,0.260625,0.2675,0.03125,0.50875,0.5,0.140625,0.03125,0.0625,114.390625,27.96875,62.296875,14.84375,125.9375,38.765625,68.734375,20.578125,1.234375,0.046875,2.0625,0.9375,99.40625,19.234375,53.140625,8.28125,5.78125,2.359375,3.265625,2.34375,9.203125,6.375,5.890625,4.21875,103.15625,23.375,54.796875,10.53125,7.859375,2.8125,4.4375,2.8125,3.375,1.78125,3.0625,1.5,40.046875,71.625,428.640625,13,0,0,1,3,4,3,0,0,0,0,3,1,0,167.64,177.8,145.0,0.0,0.0,0.5249999999999999,0.365,0.0,0.0,0.0,0.0,0.0,0.0,125.5,66.5,79.5,30.5,149.5,89.0,106.5,57.0,3.5,0.0,2.0,0.0,91.0,37.5,55.0,13.5,27.0,22.0,16.0,11.0,7.5,7.0,8.5,6.0,69.0,27.5,47.0,7.0,56.5,39.0,32.5,23.5,0.0,0.0,0.0,0.0,140.0,190.0,739.0,5,1,2,0,2,2,0,0,0,0,1,0,0,1,172.72,175.26,155.0,31.0,25.0,0,0,0,0,0,0,1,0,0,0,0,0,0,0,0,1,0,0,0,0,1,0,0,0
Blue,False,0.0,0.0,0.415,0.315,0.55,0.365,2.5,0.5,0.0,0.5,171.0,69.0,128.0,42.0,214.0,109.5,176.0,82.0,9.0,4.0,6.5,2.5,129.0,35.5,111.5,31.0,25.5,21.0,11.5,7.0,16.5,12.5,5.0,4.0,135.5,48.0,104.0,32.0,22.5,11.0,17.5,8.0,13.0,10.0,6.5,2.0,155.5,223.0,900.0,6,0,1,0,1,1,1,0,0,0,1,0,0,0,172.72,172.72,145.0,0.0625,0.03125,0.3990625,0.3325,0.39625,0.1275,0.03125,1.15625,0.0,0.53125,86.28125,25.1875,79.78125,26.90625,98.34375,34.71875,99.96875,45.71875,6.40625,3.78125,4.3125,0.8125,69.34375,11.78125,59.78125,12.0625,6.3125,4.65625,8.625,5.59375,10.625,8.75,11.375,9.25,68.6875,14.40625,64.4375,19.84375,6.71875,4.53125,6.8125,5.03125,10.875,6.25,8.53125,2.03125,287.0,127.15625,776.21875,14,0,0,1,2,3,3,0,0,1,1,1,0,0,175.26,177.8,155.0,25.0,28.0,0,0,0,0,0,0,1,0,0,0,0,0,0,0,0,1,0,0,0,0,1,0,0,0
Blue,False,0.0,0.03125,0.26412109375,0.29021484375,0.63380859375,0.07671875,1.4765625,0.064453125,0.00390625,0.001953125,78.70703125,16.48828125,70.728515625,19.7109375,110.68359375,45.302734375,87.255859375,35.677734375,12.689453125,8.064453125,1.201171875,0.28515625,74.48046875,14.029296875,54.78515625,8.7734375,3.220703125,1.455078125,7.267578125,5.140625,1.005859375,1.00390625,8.67578125,5.796875,68.4296875,11.5859375,62.955078125,15.021484375,4.640625,2.734375,5.36328125,3.580078125,5.63671875,2.16796875,2.41015625,1.109375,370.30078125,36.931640625,843.755859375,24,0,0,1,3,6,4,0,0,0,4,0,2,0,177.8,180.34,155.0,0.0,0.1328125,0.51671875,0.481328125,0.474609375,0.8278125000000001,0.078125,1.26953125,0.90625,0.0,56.15625,29.6171875,67.03125,33.1171875,97.03515625,65.1484375,81.48046875,47.34375,6.39453125,2.31640625,3.9609375,3.4296875,34.359375,11.734375,48.11328125,16.375,3.87890625,3.359375,15.87109375,14.2578125,17.91796875,14.5234375,3.046875,2.484375,27.64453125,10.66796875,32.2734375,10.7265625,8.88671875,6.83984375,26.76953125,16.58984375,19.625,12.109375,7.98828125,5.80078125,442.625,167.90625,875.5546875,26,2,0,1,2,3,6,0,0,0,2,1,0,0,170.18,177.8,155.0,26.0,34.0,0,0,0,0,0,0,1,0,0,0,0,0,0,0,0,0,0,1,0,0,0,0,1,0
Red,False,0.0,0.0,0.36,0.26,0.71,0.9,2.0,4.0,1.0,0.0,77.5,25.0,83.0,34.0,135.5,73.0,123.5,72.0,7.0,5.0,3.0,2.5,69.5,21.0,62.5,18.0,3.5,1.5,13.5,12.0,4.5,2.5,7.0,4.0,44.5,10.5,57.5,18.0,12.5,3.5,11.5,6.5,20.5,11.0,14.0,9.5,510.5,110.0,900.0,6,0,0,1,1,1,1,0,0,0,1,0,0,0,172.72,180.34,155.0,1.0,0.0,0.515,0.4049999999999999,0.0,0.0,0.0,0.0,0.0,0.0,57.0,30.0,87.0,42.5,82.0,54.5,105.5,60.5,1.0,0.0,3.5,0.0,36.5,14.5,60.0,21.0,13.0,8.5,21.5,16.0,7.5,7.0,5.5,5.5,31.0,8.0,44.5,14.5,24.5,21.0,42.5,28.0,1.5,1.0,0.0,0.0,187.0,118.5,551.0,4,1,0,1,1,1,1,0,0,0,0,1,0,0,180.34,185.42,155.0,28.0,28.0,0,0,0,0,0,0,1,0,0,0,0,0,0,0,0,1,0,0,0,0,1,0,0,0
Red,False,0.0,0.75,0.5,0.405,0.75,0.25,2.625,0.25,0.375,0.5,62.375,30.5,60.0,24.0,94.25,58.125,68.875,30.0,0.875,0.75,0.25,0.25,42.625,13.375,52.0,17.875,7.0,5.375,7.875,6.0,12.75,11.75,0.125,0.125,44.75,21.625,34.125,13.0,13.125,6.125,11.5,4.5,4.5,2.75,14.375,6.5,207.75,115.5,574.875,7,0,0,1,3,3,1,0,1,0,0,0,2,0,210.82,213.36,265.0,1.0,0.0,0.22,0.25,0.5,0.0,0.0,0.0,0.0,0.0,35.0,8.0,48.0,12.0,36.0,9.0,50.0,14.0,2.0,1.0,0.0,0.0,35.0,8.0,44.0,12.0,0.0,0.0,4.0,0.0,0.0,0.0,0.0,0.0,31.0,7.0,36.0,9.0,2.0,0.0,12.0,3.0,2.0,1.0,0.0,0.0,82.0,0.0,225.0,1,1,1,0,1,1,0,0,0,0,0,1,0,0,182.88,185.42,263.0,22.0,33.0,0,0,0,0,1,0,0,0,0,0,0,0,0,0,0,1,0,0,0,0,1,0,0,0
Red,False,0.0,0.0,0.12,0.41,0.38,0.0,1.0,0.0,0.0,2.0,49.0,6.0,81.0,34.0,91.0,44.0,86.0,39.0,13.0,5.0,0.0,0.0,46.0,6.0,65.0,23.0,3.0,0.0,10.0,6.0,0.0,0.0,6.0,5.0,40.0,5.0,63.0,24.0,5.0,1.0,6.0,2.0,4.0,0.0,12.0,8.0,343.0,96.0,900.0,3,0,0,1,0,0,1,0,0,0,0,0,0,0,170.18,170.18,155.0,0.0,1.5,0.39,0.425,0.125,0.25,0.5,0.5,0.5,0.5,37.0,14.5,55.5,24.0,76.5,48.5,73.5,38.5,2.0,0.5,2.0,1.0,30.0,11.5,48.5,17.5,3.0,1.5,5.0,4.5,4.0,1.5,2.0,2.0,23.5,6.5,26.5,9.0,9.0,4.0,6.5,4.0,4.5,4.0,22.5,11.0,184.5,232.0,571.5,4,0,0,2,0,0,2,0,0,0,0,0,0,0,175.26,180.34,155.0,34.0,29.0,0,0,0,0,0,0,1,0,0,0,0,0,0,0,0,1,0,0,0,0,0,0,1,0
Blue,False,0.8291015625,0.041015625,0.50923828125,0.4326562499999999,0.18798828125,0.330390625,0.125,0.51171875,0.25390625,0.25,84.513671875,43.017578125,46.6689453125,21.2080078125,138.69921875,86.265625,91.71875,65.2568359375,2.06640625,1.0634765625,3.6650390625,0.892578125,72.0302734375,31.888671875,33.9912109375,9.8388671875,10.23046875,9.169921875,8.875,7.8369140625,2.2529296875,1.958984375,3.802734375,3.5322265625,27.98046875,10.294921875,18.0107421875,5.25,25.3525390625,16.09765625,22.498046875,13.5576171875,31.1806640625,16.625,6.16015625,2.400390625,332.6083984375,180.6630859375,616.8955078125,21,0,1,0,2,6,5,0,0,1,2,3,0,0,185.42,185.42,185.0,1.046875,0.5625,0.37484375,0.47015625,0.25,0.09875,0.0,0.625,0.0,0.0,89.09375,38.05078125,89.45703125,23.1875,140.82421875,78.25,108.07421875,34.76953125,0.28125,0.25,0.8125,0.25,70.78125,25.31640625,83.125,17.68359375,9.5234375,4.6875,4.77734375,4.04296875,8.7890625,8.046875,1.5546875,1.4609375,48.046875,24.62109375,85.0390625,20.94140625,4.41796875,2.0546875,2.51171875,0.90234375,36.62890625,11.375,1.90625,1.34375,268.8671875,47.4765625,583.8671875,15,1,3,0,3,7,2,0,0,0,2,5,0,0,182.88,182.88,185.0,38.0,38.0,0,0,0,0,0,0,0,1,0,0,0,0,0,0,0,1,0,0,0,1,0,0,0,0
Red,False,0.0,0.0,0.29,0.42,1.0,0.5,2.0,3.0,0.0,3.0,27.0,8.0,14.0,6.0,51.0,31.0,32.0,21.0,2.0,2.0,2.0,1.0,25.0,8.0,13.0,5.0,0.0,0.0,1.0,1.0,2.0,0.0,0.0,0.0,8.0,0.0,5.0,2.0,0.0,0.0,0.0,0.0,19.0,8.0,9.0,4.0,111.0,245.0,501.0,2,0,0,1,0,0,1,0,0,0,0,0,0,0,187.96,187.96,185.0,0.25,0.0,0.3140625,0.303359375,0.0959375,0.3365625,0.69140625,0.00390625,0.0,0.01953125,112.45703125,29.50390625,164.62890625,52.82421875,130.625,46.59375,200.234375,86.19921875,0.34765625,0.2109375,7.30859375,2.15625,106.32421875,24.30859375,119.14453125,20.94921875,4.41015625,3.56640625,11.80859375,3.77734375,1.72265625,1.62890625,33.67578125,28.09765625,98.859375,19.859375,143.88671875,36.38671875,3.96875,3.71484375,18.6640625,15.390625,9.62890625,5.9296875,2.078125,1.046875,197.46484375,189.77734375,846.2734375,26,0,4,0,4,7,2,0,0,0,4,3,0,0,187.96,190.5,170.0,36.0,28.0,0,0,0,0,0,0,0,1,0,0,0,0,0,0,0,1,0,0,0,0,0,0,1,0
Red,False,0.015625,0.0,0.45,0.4275,0.25,0.2,0.148468017578125,0.098388671875,0.0,0.0,66.5,29.6875,64.31230545043945,27.34375,89.75,48.0,85.53125,44.41152191162109,2.0,0.75,2.0546875,0.75,51.1875,18.3359375,49.6123046875,16.280410766601562,7.5,5.07647705078125,7.5,5.0,4.5,3.625,4.984375,3.9375,48.6875,17.0,47.11572265625,16.5,5.75,3.75,5.3125,3.4375,5.0625,3.5,3.875,2.5,99.2119140625,94.125,638.5,0,0,0,0,0,0,0,0,0,0,0,0,0,0,190.5,187.96,185.0,0.0,0.0,0.25,0.09,0.5,0.25,0.0,0.0,1.0,0.0,81.0,21.0,72.0,7.0,96.0,34.0,98.0,29.0,2.0,1.0,4.0,1.0,76.0,19.0,72.0,7.0,4.0,1.0,0.0,0.0,1.0,1.0,0.0,0.0,62.0,13.0,70.0,7.0,1.0,1.0,2.0,0.0,18.0,7.0,0.0,0.0,132.0,88.0,804.0,3,0,1,0,1,1,0,0,0,0,0,1,0,0,180.34,195.58,185.0,30.0,30.0,0,0,0,0,0,0,0,1,0,0,0,0,0,0,0,1,0,0,0,0,0,0,1,0
Red,False,0.015625,0.0,0.45,0.4275,0.25,0.2,0.148468017578125,0.098388671875,0.0,0.0,66.5,29.6875,64.31230545043945,27.34375,89.75,48.0,85.53125,44.41152191162109,2.0,0.75,2.0546875,0.75,51.1875,18.3359375,49.6123046875,16.280410766601562,7.5,5.07647705078125,7.5,5.0,4.5,3.625,4.984375,3.9375,48.6875,17.0,47.11572265625,16.5,5.75,3.75,5.3125,3.4375,5.0625,3.5,3.875,2.5,99.2119140625,94.125,638.5,0,0,0,0,0,0,0,0,0,0,0,0,0,0,172.72,185.42,155.0,0.0471682548522949,0.0,0.45,0.4217682266235352,0.25,0.19173828125,0.1875,0.125,0.0,0.0,69.5,30.5,66.984375,27.8466796875,94.0,48.544921875,88.50390625,44.75,2.0,0.8125,2.015625,0.6640625,54.0,19.01513671875,51.483436584472656,16.9437255859375,7.91796875,5.430633544921875,7.75,5.0625,4.780975341796875,3.9373779296875,4.8994140625,3.84375,51.025390625,18.400863647460938,50.515625,17.5,5.75,3.75,5.5,3.5,5.375,3.6875,4.0,2.65625,104.865234375,89.5,655.8441009521484,0,0,0,0,0,0,0,0,0,0,0,0,0,0,177.8,177.8,155.0,28.0,29.0,0,0,0,0,0,0,0,0,0,1,0,0,0,0,0,0,0,1,0,0,1,0,0,0
Red,False,0.0,0.0625,0.3946874999999999,0.379375,0.7834375,0.09375,1.5,0.15625,0.25,0.28125,32.0625,13.0,21.75,7.65625,59.5,38.25,35.90625,21.40625,2.875,1.78125,0.21875,0.09375,27.15625,8.25,17.5625,4.5625,4.0,3.84375,1.6875,0.59375,0.90625,0.90625,2.5,2.5,11.0625,1.53125,17.4375,4.5625,4.96875,4.25,1.59375,1.34375,16.03125,7.21875,2.71875,1.75,252.125,38.65625,370.84375,12,0,0,1,3,4,2,0,0,0,1,0,3,0,172.72,190.5,155.0,0.75,0.0,0.3109375,0.1575,0.1528125,0.0728125,1.15625,0.15625,0.03125,0.1875,56.03125,19.0625,40.9375,8.15625,72.40625,34.375,58.8125,25.1875,2.0,1.03125,0.1875,0.09375,47.46875,12.6875,36.4375,5.75,4.0,1.90625,4.34375,2.25,4.5625,4.46875,0.15625,0.15625,41.03125,10.78125,37.46875,6.25,2.4375,1.6875,1.71875,0.78125,12.5625,6.59375,1.75,1.125,165.96875,25.09375,384.34375,15,0,2,0,3,5,1,0,0,0,2,1,2,0,172.72,180.34,155.0,28.0,26.0,0,0,0,0,0,0,1,0,0,0,0,0,0,0,0,1,0,0,0,0,0,0,1,0
Red,False,0.25,0.125,0.4399999999999999,0.395,0.5975,0.0,0.5,0.125,0.0,0.0,70.375,29.375,39.0,15.625,78.25,35.875,39.875,16.375,5.125,2.75,1.0,0.0,64.125,23.5,32.375,10.875,1.375,1.0,3.25,2.625,4.875,4.875,3.375,2.125,46.25,16.375,33.375,12.25,14.375,7.375,5.625,3.375,9.75,5.625,0.0,0.0,131.0,3.125,339.125,6,0,0,1,3,3,1,0,0,0,0,2,1,0,185.42,193.04,205.0,0.0,0.125,0.39,0.38125,0.565,0.75,2.0,1.25,1.5,0.0,23.625,10.875,32.875,11.125,66.375,45.375,49.5,27.25,5.625,2.625,1.25,1.25,21.625,9.625,31.125,10.5,1.625,1.0,0.5,0.375,0.375,0.25,1.25,0.25,12.625,5.0,18.125,4.625,1.5,0.75,1.875,0.5,9.5,5.125,12.875,6.0,316.375,88.125,607.5,9,0,1,0,2,3,1,0,0,0,1,0,2,0,172.72,180.34,170.0,28.0,30.0,0,0,0,0,0,0,0,1,0,0,0,0,0,0,0,1,0,0,0,0,1,0,0,0
Red,False,1.0,0.0,0.641875,0.31125,0.15625,0.16125,2.0625,1.5625,0.0,1.0,57.125,35.375,35.25,13.75,78.8125,56.0,66.375,41.75,0.75,0.1875,7.5,1.4375,45.375,25.9375,28.5,9.3125,9.375,8.125,2.125,1.375,2.375,1.3125,4.625,3.0625,27.4375,14.625,28.125,9.5,11.625,7.375,4.1875,2.5625,18.0625,13.375,2.9375,1.6875,129.125,249.25,529.875,11,0,1,0,3,4,1,0,0,0,0,3,1,0,182.88,190.5,170.0,0.0,0.03125,0.5840624999999999,0.43359375,0.4684374999999999,0.03125,0.734375,1.78125,0.0,0.0,57.3125,33.328125,51.171875,22.390625,88.875,60.375,95.78125,64.21875,12.34375,5.609375,0.609375,0.109375,44.109375,21.78125,37.21875,9.40625,9.71875,8.8125,8.078125,7.671875,3.484375,2.734375,5.875,5.3125,26.5625,13.921875,28.796875,6.96875,4.515625,3.671875,16.234375,11.265625,26.234375,15.734375,6.140625,4.15625,504.265625,89.59375,822.203125,16,0,0,1,2,4,3,0,0,0,2,0,2,0,182.88,187.96,170.0,29.0,33.0,0,0,0,0,0,0,0,0,0,1,0,0,0,0,0,1,0,0,0,0,1,0,0,0
Red,False,0.5,0.5,0.275,0.485,0.0,0.0,0.0,0.0,0.0,0.0,14.5,4.0,22.0,11.5,14.5,4.0,22.0,11.5,0.0,0.0,0.0,0.0,13.5,3.5,19.5,9.5,0.5,0.5,0.0,0.0,0.5,0.0,2.5,2.0,14.0,3.5,20.5,10.5,0.5,0.5,1.0,0.5,0.0,0.0,0.5,0.5,0.5,2.5,83.0,2,0,1,0,1,1,1,0,0,0,0,1,0,0,182.88,180.34,170.0,0.00390625,0.25,0.283125,0.3391015625,0.3512890625,0.3779296875,1.046875,0.33203125,0.25,0.15234375,158.453125,45.4765625,95.8828125,30.91796875,176.0,61.38671875,107.9609375,42.54296875,3.140625,0.81640625,3.5078125,2.1796875,134.98046875,31.3984375,79.265625,18.3046875,13.94140625,6.375,10.0625,7.62109375,9.53125,7.703125,6.5546875,4.9921875,148.6015625,40.14453125,76.1015625,20.69921875,8.6640625,4.64453125,13.31640625,6.59375,1.1875,0.6875,6.46484375,3.625,57.828125,146.734375,766.65625,20,1,5,0,5,6,3,0,0,1,0,0,5,0,182.88,193.04,170.0,28.0,24.0,0,0,0,0,0,0,0,0,0,1,0,0,0,0,0,1,0,0,0,0,0,0,1,0
Red,False,0.0,0.0,0.3,0.47,1.0,0.66,2.0,0.0,0.0,1.0,71.0,22.0,59.0,28.0,77.0,28.0,110.0,71.0,5.0,5.0,3.0,2.0,64.0,17.0,37.0,11.0,7.0,5.0,2.0,2.0,0.0,0.0,20.0,15.0,45.0,12.0,34.0,12.0,22.0,9.0,6.0,4.0,4.0,1.0,19.0,12.0,146.0,494.0,900.0,3,0,0,1,0,0,1,0,0,0,0,0,0,0,177.8,180.34,155.0,0.25,0.03125,0.4235156249999999,0.3899609375,0.5099609375,0.19328125,0.40234375,0.6796875,0.09375,0.53515625,56.0390625,24.6640625,55.68359375,20.77734375,115.91796875,76.15625,90.0,53.03515625,4.3828125,2.171875,2.86328125,0.73828125,48.8984375,19.515625,48.3046875,15.671875,5.41015625,4.171875,2.921875,1.84375,1.73046875,0.9765625,4.45703125,3.26171875,31.99609375,11.53515625,41.91796875,10.125,2.33984375,1.43359375,3.9921875,3.64453125,21.703125,11.6953125,9.7734375,7.0078125,472.66796875,67.78125,747.9375,20,0,0,1,3,6,3,0,0,0,2,1,3,0,172.72,177.8,155.0,31.0,30.0,0,0,0,0,0,0,1,0,0,0,0,0,0,0,0,1,0,0,0,0,1,0,0,0
Red,True,0.375,0.0,0.44625,0.405,0.375,0.17625,0.0,1.25,0.0,0.0,96.0,42.25,73.5,31.0,135.0,80.0,117.75,71.0,2.25,0.75,3.5,0.875,60.0,17.375,49.375,15.0,19.5,14.25,15.0,10.25,16.5,10.625,9.125,5.75,60.875,17.625,50.125,18.0,28.75,21.0,21.625,11.75,6.375,3.625,1.75,1.25,246.5,178.75,796.125,10,0,4,0,4,4,0,0,0,2,1,1,0,0,182.88,187.96,170.0,0.8829345703125,0.015625,0.5743597412109375,0.2621881103515625,0.7577264404296875,0.0059326171875,0.798828125,0.00244140625,0.1253662109375,0.0003662109375,129.28680419921875,73.3961181640625,109.62060546875,24.3236083984375,255.90618896484372,190.44940185546875,152.2138671875,65.340087890625,9.34027099609375,7.266845703125,1.17596435546875,0.01806640625,95.2491455078125,45.69085693359375,89.66290283203125,12.15576171875,17.69586181640625,14.650634765625,7.829833984375,4.68408203125,16.341796875,13.05462646484375,12.12786865234375,7.4837646484375,84.62249755859375,40.5557861328125,88.405517578125,15.1102294921875,8.40728759765625,7.100341796875,10.04730224609375,4.90765380859375,36.25701904296875,25.739990234375,11.16778564453125,4.30572509765625,759.4991455078125,62.46856689453125,1312.45166015625,38,8,2,0,6,13,2,0,0,1,5,5,2,0,180.34,193.04,185.0,27.0,28.0,0,0,0,0,0,0,0,0,0,1,0,0,0,0,0,1,0,0,0,0,1,0,0,0
Blue,True,0.75,0.0,0.4275,0.48,0.125,0.5,0.0,0.0,0.0,0.0,14.25,6.5,8.75,4.0,16.75,9.0,10.75,6.0,0.5,0.25,0.5,0.5,13.75,6.0,8.75,4.0,0.5,0.5,0.0,0.0,0.0,0.0,0.0,0.0,7.5,1.75,6.5,2.75,1.0,0.5,1.25,0.75,5.75,4.25,1.0,0.5,16.5,14.5,68.25,3,0,3,0,3,3,0,0,0,0,0,3,0,0,187.96,203.2,265.0,0.8759765625,0.0,0.40767333984375,0.33441162109375,0.1651318359375,0.31646728515625,0.7255859375,0.0078125,0.0,0.0001220703125,19.35137939453125,7.36834716796875,22.29925537109375,14.78814697265625,20.62603759765625,8.3480224609375,31.76654052734375,23.70611572265625,0.2310791015625,0.1881103515625,0.32232666015625,0.31842041015625,17.102294921875,5.511962890625,20.10418701171875,12.74932861328125,0.89508056640625,0.75335693359375,1.2886962890625,1.1324462890625,1.35400390625,1.10302734375,0.9063720703125,0.9063720703125,13.40240478515625,4.15911865234375,8.33880615234375,2.22698974609375,1.590087890625,1.207275390625,0.4222412109375,0.1956787109375,4.35888671875,2.001953125,13.5382080078125,12.365478515625,14.36651611328125,105.32354736328124,207.64971923828125,20,3,2,0,4,11,4,0,0,0,1,2,7,0,190.5,200.66,264.0,35.0,30.0,0,0,0,0,1,0,0,0,0,0,0,0,0,0,0,1,0,0,0,0,0,0,1,0
Blue,False,0.00146484375,0.1875,0.3977783203125,0.3768896484375,0.5547851562499999,0.306728515625,0.51904296875,1.4384765625,0.0,0.203125,110.70068359375,40.578125,108.51806640625,38.283203125,200.01611328125,121.626953125,140.958984375,66.75341796875,7.63427734375,3.6962890625,2.24267578125,0.986328125,87.83251953125,25.14208984375,90.40966796875,24.697265625,13.8818359375,9.896484375,11.1708984375,7.8681640625,8.986328125,5.53955078125,6.9375,5.7177734375,82.66064453125,24.8486328125,79.216796875,19.39208984375,19.71435546875,9.81982421875,24.14501953125,15.43017578125,8.32568359375,5.90966796875,5.15625,3.4609375,425.21728515625,178.197265625,931.25146484375,34,1,8,0,8,11,1,0,0,1,6,1,3,0,182.88,187.96,170.0,0.1875,0.25,0.60625,0.2925,0.0625,0.255,0.375,0.375,0.0,0.0625,38.8125,24.1875,25.25,8.0,57.1875,41.3125,52.5,32.9375,1.3125,0.0625,2.4375,0.3125,23.25,11.125,21.0625,4.3125,13.1875,10.9375,2.0,1.625,2.375,2.125,2.1875,2.0625,15.3125,6.375,15.6875,3.0625,22.0625,16.375,7.4375,4.0625,1.4375,1.4375,2.125,0.875,79.8125,144.1875,331.625,9,0,3,0,3,4,1,0,0,0,1,2,1,0,187.96,195.58,170.0,32.0,26.0,0,0,0,0,0,0,0,0,0,1,0,0,0,0,0,1,0,0,0,0,1,0,0,0
Blue,False,0.0,1.0,0.35,0.26,0.0,0.0,0.0,0.0,0.0,0.0,17.0,6.0,23.0,6.0,17.0,6.0,23.0,6.0,0.0,0.0,0.0,0.0,13.0,3.0,23.0,6.0,1.0,0.0,0.0,0.0,3.0,3.0,0.0,0.0,17.0,6.0,16.0,2.0,0.0,0.0,0.0,0.0,0.0,0.0,7.0,4.0,0.0,5.0,41.0,1,0,0,1,0,0,1,0,0,0,0,0,0,0,190.5,190.5,185.0,0.0,0.0,0.42,0.53,0.46,0.0,2.0,0.0,0.0,0.0,35.0,15.0,67.0,36.0,62.0,36.0,134.0,100.0,15.0,7.0,1.0,0.0,27.0,9.0,42.0,15.0,8.0,6.0,10.0,6.0,0.0,0.0,15.0,15.0,19.0,6.0,30.0,11.0,11.0,5.0,26.0,19.0,5.0,4.0,11.0,6.0,359.0,281.0,900.0,3,0,0,1,0,0,1,0,0,0,0,0,0,0,175.26,182.88,205.0,28.0,28.0,0,0,0,0,0,1,0,0,0,0,0,0,0,0,0,1,0,0,0,0,0,0,0,1
Red,False,0.015625,0.0,0.45,0.4275,0.25,0.2,0.148468017578125,0.098388671875,0.0,0.0,66.5,29.6875,64.31230545043945,27.34375,89.75,48.0,85.53125,44.41152191162109,2.0,0.75,2.0546875,0.75,51.1875,18.3359375,49.6123046875,16.280410766601562,7.5,5.07647705078125,7.5,5.0,4.5,3.625,4.984375,3.9375,48.6875,17.0,47.11572265625,16.5,5.75,3.75,5.3125,3.4375,5.0625,3.5,3.875,2.5,99.2119140625,94.125,638.5,0,0,0,0,0,0,0,0,0,0,0,0,0,0,180.34,185.42,170.0,0.0,0.0,0.5974999999999999,0.41125,0.41,0.125,0.75,0.75,0.25,1.0,63.875,39.25,69.875,31.25,165.0,130.125,113.75,73.5,9.375,3.625,1.25,0.125,37.75,16.875,52.25,21.25,14.625,12.25,9.875,5.75,11.5,10.125,7.75,4.25,21.375,7.5,30.875,10.125,20.25,14.625,11.875,6.25,22.25,17.125,27.125,14.875,506.5,168.75,866.5,12,0,3,0,3,3,1,0,0,0,3,0,0,0,185.42,193.04,170.0,23.0,24.0,0,0,0,0,0,0,0,0,0,1,0,0,0,0,0,1,0,0,0,0,0,0,1,0
Red,False,0.2890625,0.5078125,0.306015625,0.65859375,0.0,0.19703125,0.0625,0.0625,0.0,0.0,6.3828125,2.2421875,11.109375,8.921875,6.546875,2.40625,12.9296875,10.7109375,0.125,0.0,0.4921875,0.3359375,4.59375,1.296875,9.3046875,7.1484375,0.28125,0.25,0.5546875,0.5234375,1.5078125,0.6953125,1.25,1.25,5.21875,1.421875,6.046875,4.0703125,0.1640625,0.1015625,0.453125,0.3515625,1.0,0.71875,4.609375,4.5,1.953125,20.34375,72.28125,10,0,0,1,2,4,4,0,0,0,0,3,0,0,187.96,190.5,205.0,0.251953125,0.1640625,0.4316796875,0.38060546875,0.017578125,0.2040625,0.0,0.0078125,0.5,0.0,50.171875,16.48046875,61.37890625,16.580078125,51.3984375,17.5546875,71.26953125,23.8203125,0.095703125,0.048828125,7.19921875,2.1328125,44.849609375,12.302734375,55.333984375,11.330078125,5.0703125,3.92578125,1.869140625,1.587890625,0.251953125,0.251953125,4.17578125,3.662109375,43.48046875,13.0390625,45.974609375,8.787109375,3.1328125,1.53515625,4.474609375,2.79296875,3.55859375,1.90625,10.9296875,5.0,19.74609375,92.921875,510.24609375,15,0,0,1,2,5,5,0,0,1,1,3,0,0,182.88,182.88,185.0,31.0,28.0,0,0,0,0,0,0,0,1,0,0,0,0,0,0,0,1,0,0,0,0,1,0,0,0
Red,False,0.015625,0.0,0.45,0.4275,0.25,0.2,0.148468017578125,0.098388671875,0.0,0.0,66.5,29.6875,64.31230545043945,27.34375,89.75,48.0,85.53125,44.41152191162109,2.0,0.75,2.0546875,0.75,51.1875,18.3359375,49.6123046875,16.280410766601562,7.5,5.07647705078125,7.5,5.0,4.5,3.625,4.984375,3.9375,48.6875,17.0,47.11572265625,16.5,5.75,3.75,5.3125,3.4375,5.0625,3.5,3.875,2.5,99.2119140625,94.125,638.5,0,0,0,0,0,0,0,0,0,0,0,0,0,0,177.8,187.96,170.0,0.5,0.0,0.5700000000000001,0.3575,0.7575000000000001,0.415,0.75,1.75,0.5,1.75,30.5,17.0,44.0,18.0,89.5,69.0,82.5,51.25,5.0,4.0,5.0,2.0,19.75,8.0,29.25,7.5,4.5,4.25,10.75,8.25,6.25,4.75,4.0,2.25,16.75,8.0,27.5,7.5,1.5,0.5,3.75,2.75,12.25,8.5,12.75,7.75,324.0,368.25,897.5,9,0,3,0,3,3,0,0,0,2,0,1,0,0,170.18,182.88,170.0,29.0,27.0,0,0,0,0,0,0,0,0,0,1,0,0,0,0,0,0,0,1,0,0,1,0,0,0
Red,False,0.0,0.125,0.27625,0.35875,0.64375,0.0,0.875,1.0,0.0,0.125,29.75,9.625,38.0,13.375,41.0,19.0,44.75,20.0,3.0,1.125,0.25,0.0,19.75,3.25,26.375,4.125,3.25,1.75,2.0,1.25,6.75,4.625,9.625,8.0,25.875,7.25,32.375,9.125,2.375,1.25,5.125,4.0,1.5,1.125,0.5,0.25,114.875,49.0,362.125,7,0,1,0,1,2,2,0,0,0,0,0,2,0,177.8,180.34,155.0,0.03125,0.75,0.27857421875,0.33919921875,0.19173828125,0.39953125,0.15234375,1.30859375,0.0,0.03125,81.615234375,24.240234375,102.591796875,37.58203125,98.396484375,38.36328125,123.267578125,56.064453125,6.0546875,1.779296875,2.71875,0.8203125,64.5546875,12.7734375,96.052734375,33.62109375,5.177734375,2.037109375,4.76171875,2.87109375,11.8828125,9.4296875,1.77734375,1.08984375,57.125,13.314453125,85.013671875,25.7421875,9.73828125,5.1640625,9.322265625,6.359375,14.751953125,5.76171875,8.255859375,5.48046875,253.279296875,58.7265625,644.83203125,26,0,1,0,3,5,5,0,0,2,1,1,1,0,170.18,177.8,155.0,28.0,28.0,0,0,0,0,0,0,1,0,0,0,0,0,0,0,0,1,0,0,0,0,1,0,0,0
Blue,False,0.0,0.5,0.4337499999999999,0.3165625,0.51,0.2671875,0.5,0.0625,0.5,0.5,66.40625,28.875,44.84375,14.28125,114.875,73.4375,66.6875,34.53125,6.84375,2.875,1.90625,0.65625,60.875,23.96875,38.28125,8.78125,2.6875,2.1875,1.71875,1.65625,2.84375,2.71875,4.84375,3.84375,48.6875,18.40625,37.40625,8.6875,5.1875,3.0,4.5625,3.71875,12.53125,7.46875,2.875,1.875,297.125,80.75,682.875,16,1,1,0,2,4,2,0,0,0,3,1,0,0,182.88,187.96,205.0,0.0,0.0,0.3175,0.305,0.25,0.165,0.5,0.0,0.0,0.0,103.25,27.5,90.0,22.25,116.75,41.0,111.0,41.75,0.25,0.25,8.75,0.5,93.25,19.75,78.75,13.75,5.25,3.0,4.75,3.5,4.75,4.75,6.5,5.0,100.25,25.75,72.5,15.75,2.75,1.5,12.5,4.25,0.25,0.25,5.0,2.25,28.25,126.5,696.75,7,0,3,0,3,3,0,0,0,1,1,0,1,0,187.96,195.58,205.0,39.0,29.0,0,0,0,0,0,1,0,0,0,0,0,0,0,0,0,1,0,0,0,0,1,0,0,0
Red,False,0.63671875,0.25,0.7231640625,0.17173828125,0.34955078125,0.0046875,0.09375,0.0,0.0,0.001953125,20.31640625,15.130859375,8.51171875,3.734375,29.04296875,22.771484375,10.134765625,5.294921875,0.490234375,0.427734375,0.193359375,0.046875,17.595703125,12.640625,7.861328125,3.294921875,1.609375,1.4453125,0.099609375,0.078125,1.111328125,1.044921875,0.55078125,0.361328125,4.849609375,2.869140625,4.375,1.19140625,1.513671875,1.306640625,1.693359375,1.1171875,13.953125,10.955078125,2.443359375,1.42578125,77.81640625,14.318359375,139.927734375,16,1,4,0,4,7,3,0,0,0,0,5,2,0,187.96,193.04,242.0,0.875,0.0,0.4812499999999999,0.315,0.0,0.0,0.0,0.0,0.0,0.0,59.375,26.875,22.125,7.75,64.625,31.625,22.625,8.25,0.0,0.0,0.25,0.0,40.375,13.25,16.75,4.875,17.0,12.125,3.25,1.25,2.0,1.5,2.125,1.625,47.375,19.625,19.25,6.625,7.625,4.5,2.875,1.125,4.375,2.75,0.0,0.0,16.625,5.75,260.375,6,0,4,0,4,4,0,0,0,0,0,4,0,0,193.04,195.58,238.0,30.0,26.0,0,0,0,0,1,0,0,0,0,0,0,0,0,0,0,1,0,0,0,0,1,0,0,0
Blue,False,0.015625,0.0,0.45,0.4275,0.25,0.2,0.148468017578125,0.098388671875,0.0,0.0,66.5,29.6875,64.31230545043945,27.34375,89.75,48.0,85.53125,44.41152191162109,2.0,0.75,2.0546875,0.75,51.1875,18.3359375,49.6123046875,16.280410766601562,7.5,5.07647705078125,7.5,5.0,4.5,3.625,4.984375,3.9375,48.6875,17.0,47.11572265625,16.5,5.75,3.75,5.3125,3.4375,5.0625,3.5,3.875,2.5,99.2119140625,94.125,638.5,0,0,0,0,0,0,0,0,0,0,0,0,0,0,177.8,180.34,145.0,0.25,0.5,0.45,0.225,0.0,0.125,0.0,0.5,0.0,0.0,28.0,10.75,27.5,9.0,39.5,20.0,38.25,18.5,0.0,0.0,1.5,0.75,20.5,4.5,20.75,4.75,6.75,5.5,3.0,1.25,0.75,0.75,3.75,3.0,19.75,4.25,17.0,5.25,2.75,2.5,0.0,0.0,5.5,4.0,10.5,3.75,72.5,109.75,302.0,5,0,2,0,2,2,1,0,0,0,1,1,0,0,177.8,177.8,170.0,25.0,31.0,0,0,0,0,0,0,1,0,0,0,0,0,0,0,0,1,0,0,0,0,1,0,0,0
Blue,False,0.125,0.0,0.46125,0.295,0.6375,0.0,0.25,0.0,0.0,0.0,86.25,39.125,45.5,14.125,102.0,51.0,53.0,21.25,2.375,1.625,1.875,0.0,67.25,25.375,34.375,7.0,11.75,9.0,4.125,2.625,7.25,4.75,7.0,4.5,42.625,13.75,35.5,8.625,11.0,7.25,9.875,5.375,32.625,18.125,0.125,0.125,113.625,30.5,467.75,9,0,3,0,3,3,1,0,0,0,2,0,1,0,193.04,213.36,205.0,0.8154296875,0.0625,0.4993359375,0.42125,0.5859375,0.14775390625,0.001953125,0.0,0.0,0.0,77.1572265625,37.9833984375,83.2001953125,35.2421875,90.4609375,50.447265625,102.5849609375,52.025390625,1.4462890625,0.8828125,6.7265625,0.9404296875,46.572265625,12.8759765625,61.8994140625,17.2275390625,12.2841796875,9.0771484375,8.32421875,7.0966796875,18.30078125,16.0302734375,12.9765625,10.91796875,54.3115234375,23.04296875,47.56640625,11.0556640625,19.1201171875,12.9072265625,33.875,23.3974609375,3.7255859375,2.033203125,1.7587890625,0.7890625,130.990234375,335.724609375,820.3095703125,23,0,4,0,4,7,4,0,0,0,2,4,1,0,190.5,198.12,230.0,22.0,32.0,0,0,0,0,0,1,0,0,0,0,0,0,0,0,0,1,0,0,0,0,1,0,0,0
Red,False,0.625,0.125,0.475,0.448125,0.125,0.5,0.3125,1.0,0.5,0.0,68.4375,33.5,75.5625,35.8125,77.8125,41.3125,100.375,57.8125,0.5,0.25,1.0625,0.5,57.1875,23.875,53.25,17.0625,9.6875,8.1875,8.8125,6.9375,1.5625,1.4375,13.5,11.8125,40.375,16.0625,49.0625,22.25,22.5625,12.75,23.5,11.8125,5.5,4.6875,3.0,1.75,88.4375,212.375,592.0,8,1,2,0,2,3,2,0,0,0,0,2,1,0,187.96,195.58,245.0,0.0947265625,0.515625,0.32138671875,0.444072265625,0.2773046875,0.198544921875,0.0078125,1.0634765625,0.02734375,0.03125,27.126953125,16.2392578125,20.7685546875,10.783203125,41.0087890625,28.95703125,89.1162109375,70.3193359375,1.3642578125,0.7119140625,3.0810546875,1.8427734375,18.03515625,8.0107421875,16.41796875,7.1103515625,3.9990234375,3.8779296875,3.3193359375,2.6611328125,5.0927734375,4.3505859375,1.03125,1.01171875,12.37890625,5.001953125,7.470703125,2.34765625,5.53125,4.953125,0.939453125,0.55859375,9.216796875,6.2841796875,12.3583984375,7.876953125,85.712890625,213.166015625,370.4375,22,0,2,0,3,7,4,0,1,0,1,4,0,1,193.04,208.28,240.0,36.0,34.0,0,0,0,0,1,0,0,0,0,0,0,0,0,0,0,1,0,0,0,0,1,0,0,0
Red,False,0.0,0.0,0.34,0.75,1.0,1.0,1.0,3.0,0.0,1.0,23.0,8.0,16.0,12.0,28.0,10.0,41.0,32.0,1.0,1.0,1.0,1.0,16.0,4.0,11.0,7.0,7.0,4.0,0.0,0.0,0.0,0.0,5.0,5.0,6.0,1.0,6.0,5.0,2.0,2.0,0.0,0.0,15.0,5.0,10.0,7.0,89.0,67.0,244.0,1,0,0,1,0,0,1,0,0,0,0,0,0,0,190.5,190.5,265.0,0.0,1.0,0.25,0.22,0.0,0.5,0.0,0.0,0.0,0.0,48.0,12.0,35.0,8.0,50.0,14.0,36.0,9.0,0.0,0.0,2.0,1.0,44.0,12.0,35.0,8.0,4.0,0.0,0.0,0.0,0.0,0.0,0.0,0.0,36.0,9.0,31.0,7.0,12.0,3.0,2.0,0.0,0.0,0.0,2.0,1.0,0.0,82.0,225.0,1,1,0,1,0,0,1,0,0,0,0,0,0,0,193.04,198.12,245.0,29.0,27.0,0,0,0,0,1,0,0,0,0,0,0,0,0,0,0,1,0,0,0,0,1,0,0,0
Blue,False,0.0,0.0,0.4075,0.4725,0.375,0.0,0.5,0.0,0.0,0.0,88.75,30.5,75.75,22.25,145.25,82.75,89.0,35.25,10.25,1.25,0.0,0.0,76.25,19.75,71.25,18.25,4.5,4.0,2.75,2.25,8.0,6.75,1.75,1.75,57.5,11.75,72.0,19.75,16.75,8.0,3.75,2.5,14.5,10.75,0.0,0.0,341.25,13.75,793.5,8,0,2,0,2,2,1,0,0,0,1,1,0,0,180.34,180.34,205.0,0.0,1.0,0.45125,0.4440625,0.056875,0.375,0.9375,0.0,0.375,0.03125,71.8125,22.125,91.40625,30.78125,97.09375,47.03125,110.78125,47.59375,1.28125,0.28125,2.0625,1.5,68.09375,19.90625,86.40625,26.5,2.6875,1.28125,1.4375,1.21875,1.03125,0.9375,3.5625,3.0625,57.875,11.9375,68.53125,17.78125,2.34375,1.84375,4.75,3.3125,11.59375,8.34375,18.125,9.6875,87.1875,154.34375,582.375,9,0,1,0,2,3,3,0,0,0,0,1,2,0,190.5,193.04,185.0,34.0,32.0,0,0,0,0,0,1,0,0,0,0,0,0,0,0,0,1,0,0,0,0,1,0,0,0
Red,False,0.015625,0.0,0.45,0.4275,0.25,0.2,0.148468017578125,0.098388671875,0.0,0.0,66.5,29.6875,64.31230545043945,27.34375,89.75,48.0,85.53125,44.41152191162109,2.0,0.75,2.0546875,0.75,51.1875,18.3359375,49.6123046875,16.280410766601562,7.5,5.07647705078125,7.5,5.0,4.5,3.625,4.984375,3.9375,48.6875,17.0,47.11572265625,16.5,5.75,3.75,5.3125,3.4375,5.0625,3.5,3.875,2.5,99.2119140625,94.125,638.5,0,0,0,0,0,0,0,0,0,0,0,0,0,0,182.88,182.88,170.0,0.0,0.0,0.405,0.33,0.52,0.2,0.0,0.5,0.0,0.0,114.0,40.5,98.0,33.0,186.0,108.0,142.0,73.0,6.5,3.5,5.0,2.0,85.0,17.5,81.5,22.0,16.0,11.0,11.5,8.0,13.0,12.0,5.0,3.0,72.5,13.5,73.5,23.0,31.0,18.5,23.0,9.0,10.5,8.5,1.5,1.0,448.0,153.5,900.0,6,0,1,0,1,1,1,0,0,0,1,0,0,0,172.72,180.34,170.0,34.0,29.0,0,0,0,0,0,0,0,0,0,1,0,0,0,0,0,1,0,0,0,0,1,0,0,0
Red,False,0.0,0.0,0.28,0.36,0.25,0.54,0.5,1.0,0.0,0.0,55.0,17.0,36.5,12.0,75.0,36.5,54.5,29.0,3.0,1.0,3.5,2.0,49.0,13.0,32.5,9.0,4.0,2.5,3.5,2.5,2.0,1.5,0.5,0.5,32.5,6.0,25.5,5.5,4.5,1.5,3.5,2.5,18.0,9.5,7.5,4.0,90.5,161.0,437.0,4,0,0,1,1,1,1,0,0,0,0,1,0,0,175.26,180.34,170.0,0.031494140625,0.51568603515625,0.40513916015625,0.3837976074218749,0.1075439453125,0.5356488037109375,0.364990234375,0.013671875,0.013916015625,0.01275634765625,204.11962890625,83.68768310546875,164.40936279296875,63.00885009765625,229.3955078125,108.83258056640624,182.288330078125,80.12567138671875,1.90496826171875,0.27667236328125,1.3302001953125,0.63970947265625,159.1246337890625,49.1844482421875,126.16387939453124,32.8697509765625,36.52197265625,27.24945068359375,24.2601318359375,17.96905517578125,8.4730224609375,7.2537841796875,13.9853515625,12.1700439453125,181.255615234375,69.55633544921875,142.30816650390625,49.5263671875,22.267578125,13.602294921875,18.02301025390625,11.05670166015625,0.596435546875,0.529052734375,4.07818603515625,2.42578125,72.4112548828125,62.57080078125,861.5682373046875,36,1,0,2,2,6,9,0,0,0,2,1,3,0,180.34,172.72,170.0,25.0,35.0,0,0,0,0,0,0,0,0,0,1,0,0,0,0,0,1,0,0,0,0,1,0,0,0
Red,False,0.0078125,0.25,0.4476757812499999,0.5923828125,0.0046484375,0.4076953125,1.673828125,0.130859375,0.501953125,0.001953125,62.810546875,28.0546875,44.595703125,26.572265625,101.822265625,65.134765625,78.345703125,56.0546875,0.572265625,0.021484375,7.96484375,3.552734375,51.29296875,20.01953125,33.388671875,17.595703125,6.869140625,4.771484375,7.64453125,6.0546875,4.6484375,3.263671875,3.5625,2.921875,28.552734375,5.052734375,20.5390625,8.869140625,14.369140625,9.662109375,8.3515625,6.73828125,19.888671875,13.33984375,15.705078125,10.96484375,150.08984375,387.033203125,795.5390625,25,1,0,1,3,5,5,0,0,0,2,1,2,0,193.04,200.66,205.0,0.25,0.0,0.33125,0.445,0.225,0.525,0.375,0.0,0.0,0.0,83.625,27.75,80.75,37.125,94.875,38.0,88.375,44.25,2.75,0.75,1.125,0.625,64.5,14.75,45.25,9.5,7.0,4.5,13.875,7.625,12.125,8.5,21.625,20.0,66.25,15.0,58.875,21.375,15.75,11.5,21.375,15.25,1.625,1.25,0.5,0.5,132.25,104.5,591.75,7,0,3,0,3,3,1,0,0,0,0,1,2,0,185.42,195.58,205.0,32.0,32.0,0,0,0,0,0,1,0,0,0,0,0,0,0,0,0,1,0,0,0,1,0,0,0,0
Red,False,1.0,1.0,0.52,0.45,0.0,0.0,0.0,0.0,0.0,0.0,63.0,33.0,73.0,33.0,74.0,39.0,78.0,38.0,0.0,0.0,0.0,0.0,53.0,27.0,59.0,22.0,9.0,5.0,4.0,4.0,1.0,1.0,10.0,7.0,44.0,22.0,43.0,17.0,0.0,0.0,11.0,9.0,19.0,11.0,19.0,7.0,68.0,70.0,495.0,2,0,1,0,1,1,0,0,0,0,0,1,0,0,190.5,205.74,205.0,0.0,0.125,0.4574999999999999,0.32125,0.4875,0.020625,1.125,1.625,0.0625,0.5,32.5625,18.0,24.125,10.25,55.625,39.375,50.25,33.375,5.25,3.1875,0.6875,0.0625,22.875,11.625,20.3125,7.5,8.5,6.1875,3.75,2.6875,1.1875,0.1875,0.0625,0.0625,9.125,3.75,16.9375,7.0,5.4375,3.6875,4.75,1.6875,18.0,10.5625,2.4375,1.5625,343.0,48.6875,512.625,7,1,0,1,2,3,2,0,0,0,1,1,1,0,187.96,193.04,185.0,25.0,26.0,0,0,0,0,0,0,0,1,0,0,0,0,0,0,0,0,0,1,0,0,1,0,0,0
Red,False,1.0,1.0,0.31125,0.37,0.1225,0.25,1.875,0.0,1.125,0.75,81.25,26.375,109.0,40.75,148.0,85.125,128.375,59.25,2.0,0.75,0.75,0.25,74.25,20.75,102.5,36.25,5.0,3.625,2.0,1.125,2.0,2.0,4.5,3.375,75.75,23.75,84.75,26.625,4.0,1.625,11.25,6.375,1.5,1.0,13.0,7.75,199.0,141.5,752.0,11,2,2,0,2,3,1,0,0,0,2,0,1,0,190.5,195.58,240.0,0.1875,0.0,0.6356250000000001,0.321875,0.76875,0.0825,0.5,0.125,0.0,0.0,83.3125,53.0,24.1875,7.75,172.75,131.5625,29.9375,13.125,5.5625,4.4375,0.8125,0.25,72.9375,43.125,21.3125,5.0,5.875,5.375,2.0,2.0,4.5,4.5,0.875,0.75,22.5625,9.5625,18.3125,4.125,9.0,6.625,4.375,2.625,51.75,36.8125,1.5,1.0,373.8125,13.25,476.5,9,0,5,0,5,5,0,0,0,0,1,4,0,0,185.42,195.58,240.0,33.0,27.0,0,0,0,0,1,0,0,0,0,0,0,0,0,0,0,1,0,0,0,0,1,0,0,0
Red,False,0.5,1.0,0.4549999999999999,0.49,0.135,0.5,0.0,0.0,0.0,1.0,62.0,28.0,116.0,39.5,78.0,43.0,141.0,61.5,5.5,1.5,1.5,0.5,55.0,21.5,111.0,35.0,2.0,1.5,2.0,1.5,5.0,5.0,3.0,3.0,41.5,14.5,80.5,19.0,16.0,10.0,20.5,12.5,4.5,3.5,15.0,8.0,132.5,121.5,531.0,4,0,0,2,0,0,2,0,0,0,0,0,0,0,190.5,190.5,205.0,0.3125,0.0625,0.44125,0.399375,0.375,0.09375,0.0,0.0,0.0,0.125,40.0,18.1875,103.0,46.125,46.1875,24.375,113.75,56.375,0.875,0.375,1.0625,0.1875,31.25,12.25,66.125,17.25,6.125,3.625,29.75,22.8125,2.625,2.3125,7.125,6.0625,30.3125,13.6875,83.3125,32.3125,6.9375,3.1875,16.9375,12.0,2.75,1.3125,2.75,1.8125,34.4375,86.0625,554.25,9,0,1,0,1,2,3,0,0,0,0,2,0,0,187.96,185.42,230.0,37.0,35.0,0,0,0,0,1,0,0,0,0,0,0,0,0,0,0,1,0,0,0,0,0,0,1,0
Red,False,0.03125,0.03271484375,0.4886962890625,0.3100537109375,0.3264013671875,0.22587890625,0.47412109375,1.24462890625,0.39111328125,0.515625,59.67529296875,27.28076171875,58.39501953125,21.9697265625,80.919921875,45.3876953125,78.02099609375,39.7421875,7.81982421875,3.12744140625,1.32275390625,0.61962890625,51.3232421875,20.4716796875,46.86181640625,13.64892578125,2.6279296875,2.0849609375,6.4697265625,4.25732421875,5.72412109375,4.72412109375,5.0634765625,4.0634765625,31.7783203125,6.98193359375,53.09716796875,19.8486328125,4.671875,2.748046875,3.34033203125,1.1435546875,23.22509765625,17.55078125,1.95751953125,0.9775390625,315.29443359375,58.1767578125,656.412109375,26,2,1,0,4,8,4,0,0,0,3,1,3,1,170.18,177.8,145.0,0.0,0.0,0.3975,0.2249999999999999,0.74375,0.0,1.75,0.0,0.125,0.375,73.0,22.875,47.875,14.0,113.75,55.125,67.0,32.875,3.25,2.625,0.25,0.0,67.75,19.75,42.375,9.5,4.75,2.625,2.875,2.0,0.5,0.5,2.625,2.5,53.125,12.125,42.625,11.5,0.75,0.375,2.625,1.5,19.125,10.375,2.625,1.0,278.75,12.875,460.25,7,0,4,0,4,4,0,0,0,0,0,1,3,0,177.8,180.34,155.0,27.0,32.0,0,0,0,0,0,0,1,0,0,0,0,0,0,0,0,1,0,0,0,0,1,0,0,0
Red,False,0.1572265625,1.283203125,0.264931640625,0.534619140625,0.06640625,0.292666015625,0.0,0.001953125,0.0,0.0,78.509765625,27.2353515625,59.4560546875,24.8408203125,80.51953125,29.2373046875,67.3916015625,32.5244140625,1.255859375,0.25390625,0.9140625,0.6357421875,63.6767578125,14.623046875,52.087890625,18.267578125,5.59375,4.677734375,3.345703125,2.75,9.2392578125,7.9345703125,4.0224609375,3.8232421875,67.1328125,21.3896484375,48.3857421875,17.771484375,8.388671875,4.513671875,5.3720703125,3.0126953125,2.98828125,1.33203125,5.6982421875,4.056640625,34.95703125,63.5693359375,424.96875,24,0,2,0,2,6,5,0,0,2,2,2,0,0,187.96,193.04,185.0,1.25,0.0,0.385,0.205,0.5525,0.0,0.5,0.5,0.0,0.0,104.5,35.75,73.75,15.75,134.0,62.5,86.75,28.5,3.75,2.75,0.0,0.0,97.0,29.5,68.75,13.25,2.0,1.25,3.5,1.25,5.5,5.0,1.5,1.25,79.5,21.75,71.25,14.5,4.25,2.75,2.0,1.0,20.75,11.25,0.5,0.25,285.0,15.75,709.5,7,1,3,0,3,3,0,0,0,0,2,1,0,0,187.96,187.96,205.0,34.0,26.0,0,0,0,0,0,1,0,0,0,0,0,0,0,0,0,1,0,0,0,0,1,0,0,0
Red,False,0.03515625,0.75390625,0.336328125,0.2608203125,0.62484375,0.1042578124999999,0.5078125,0.04296875,0.005859375,0.001953125,98.5,32.78125,75.0859375,20.443359375,114.099609375,45.974609375,88.412109375,30.47265625,2.296875,1.79296875,1.140625,0.302734375,88.208984375,25.046875,61.54296875,11.98046875,7.125,4.8359375,7.61328125,4.291015625,3.166015625,2.8984375,5.9296875,4.171875,69.66796875,20.56640625,62.001953125,14.552734375,6.3671875,3.431640625,7.10546875,3.048828125,22.46484375,8.783203125,5.978515625,2.841796875,61.25,136.54296875,567.00390625,20,1,4,0,4,8,2,0,0,1,1,6,0,0,185.42,190.5,185.0,0.328125,0.296875,0.3228125,0.39453125,0.5,0.333125,0.0,0.0,0.0,0.0,89.6875,25.59375,93.0625,33.296875,104.984375,39.265625,105.59375,44.359375,0.53125,0.5,1.59375,0.75,77.46875,17.6875,79.34375,22.40625,3.59375,2.578125,8.828125,6.75,8.625,5.328125,4.890625,4.140625,78.34375,18.828125,83.609375,28.296875,7.765625,5.0,4.234375,2.4375,3.578125,1.765625,5.21875,2.5625,47.46875,79.90625,611.265625,15,1,0,1,1,2,5,0,0,0,0,2,0,0,180.34,187.96,205.0,30.0,33.0,0,0,0,0,0,0,0,1,0,0,0,0,0,0,0,1,0,0,0,0,1,0,0,0
Red,False,0.0,0.0,0.26,0.41,0.5,0.8,0.0,1.0,1.0,1.0,65.0,17.0,106.0,44.0,78.0,28.0,167.0,100.0,2.0,1.0,5.0,4.0,57.0,11.0,100.0,38.0,2.0,2.0,3.0,3.0,6.0,4.0,3.0,3.0,60.0,13.0,83.0,32.0,4.0,3.0,5.0,3.0,1.0,1.0,18.0,9.0,43.0,402.0,900.0,3,0,0,1,0,0,1,0,0,0,0,0,0,0,182.88,187.96,205.0,0.0471682548522949,0.0,0.45,0.4217682266235352,0.25,0.19173828125,0.1875,0.125,0.0,0.0,69.5,30.5,66.984375,27.8466796875,94.0,48.544921875,88.50390625,44.75,2.0,0.8125,2.015625,0.6640625,54.0,19.01513671875,51.483436584472656,16.9437255859375,7.91796875,5.430633544921875,7.75,5.0625,4.780975341796875,3.9373779296875,4.8994140625,3.84375,51.025390625,18.400863647460938,50.515625,17.5,5.75,3.75,5.5,3.5,5.375,3.6875,4.0,2.65625,104.865234375,89.5,655.8441009521484,0,0,0,0,0,0,0,0,0,0,0,0,0,0,187.96,190.5,185.0,31.0,28.0,0,0,0,0,0,1,0,0,0,0,0,0,0,0,0,1,0,0,0,0,1,0,0,0
Red,False,0.0,0.0,0.3712499999999999,0.4975,0.10625,0.425,1.75,0.625,0.25,0.25,18.25,8.875,34.625,20.375,47.0,35.75,93.875,75.625,0.875,0.75,3.125,1.75,15.125,6.75,29.0,14.75,2.0,1.5,1.625,1.625,1.125,0.625,4.0,4.0,10.75,3.875,7.625,4.75,3.375,2.375,1.125,0.5,4.125,2.625,25.875,15.125,92.125,451.25,589.125,8,0,3,0,3,3,1,0,0,0,1,0,2,0,185.42,187.96,185.0,0.0,0.5,0.2346875,0.64625,0.19125,0.03125,0.6875,0.25,0.125,0.09375,10.1875,4.1875,8.53125,3.46875,20.09375,12.0625,14.96875,9.8125,1.8125,0.59375,0.15625,0.03125,8.375,3.53125,7.1875,2.40625,1.125,0.53125,0.34375,0.34375,0.6875,0.125,1.0,0.71875,5.6875,1.5,6.34375,2.375,0.59375,0.1875,0.25,0.25,3.90625,2.5,1.9375,0.84375,49.375,49.875,133.09375,9,0,5,0,5,5,1,0,0,0,0,0,5,0,185.42,182.88,170.0,28.0,32.0,0,0,0,0,0,0,0,1,0,0,0,0,0,0,0,1,0,0,0,0,0,0,1,0
Red,False,0.015625,0.0,0.45,0.4275,0.25,0.2,0.148468017578125,0.098388671875,0.0,0.0,66.5,29.6875,64.31230545043945,27.34375,89.75,48.0,85.53125,44.41152191162109,2.0,0.75,2.0546875,0.75,51.1875,18.3359375,49.6123046875,16.280410766601562,7.5,5.07647705078125,7.5,5.0,4.5,3.625,4.984375,3.9375,48.6875,17.0,47.11572265625,16.5,5.75,3.75,5.3125,3.4375,5.0625,3.5,3.875,2.5,99.2119140625,94.125,638.5,0,0,0,0,0,0,0,0,0,0,0,0,0,0,170.18,170.18,155.0,0.7890625,0.0,0.3119921875,0.2824609375,0.6484375,0.7051562499999999,0.00390625,1.1640625,0.0,0.0625,37.9140625,10.8515625,50.31640625,14.609375,40.0078125,12.94140625,70.41796875,32.92578125,2.62890625,1.87890625,4.8515625,2.69140625,31.98046875,5.46484375,42.140625,8.73828125,4.12109375,3.5859375,4.6328125,2.859375,1.8125,1.80078125,3.54296875,3.01171875,30.32421875,7.33984375,41.296875,9.23828125,3.93359375,2.55078125,6.140625,4.296875,3.65625,0.9609375,2.87890625,1.07421875,30.6484375,179.5859375,473.61328125,14,0,1,0,2,5,4,0,0,1,0,3,0,1,175.26,180.34,155.0,34.0,26.0,0,0,0,0,0,0,1,0,0,0,0,0,0,0,0,1,0,0,0,0,1,0,0,0
Red,False,0.125,0.5,0.263125,0.556875,0.09375,0.34375,0.15625,0.875,0.03125,0.15625,12.9375,5.0625,20.375,12.65625,17.0625,9.03125,24.90625,17.1875,0.34375,0.09375,1.0625,0.40625,10.46875,4.125,18.25,11.625,1.90625,0.875,1.84375,0.75,0.5625,0.0625,0.28125,0.28125,6.96875,1.09375,8.46875,2.78125,1.875,1.3125,0.78125,0.375,4.09375,2.65625,11.125,9.5,42.40625,75.28125,177.59375,7,2,0,1,2,2,4,0,0,0,0,2,0,0,175.26,180.34,170.0,0.78125,0.0009765625,0.328974609375,0.589853515625,0.538076171875,0.5585253906250001,0.0078125,0.1015625,0.0712890625,0.017578125,36.1591796875,13.01123046875,53.69970703125,33.00927734375,56.20654296875,32.52490234375,112.833984375,89.7119140625,1.90771484375,0.74365234375,4.36279296875,2.8154296875,26.173828125,7.689453125,35.3515625,15.4658203125,7.51123046875,2.9482421875,16.07763671875,15.8994140625,2.47412109375,2.37353515625,2.2705078125,1.64404296875,27.3798828125,7.873046875,22.80810546875,9.662109375,2.955078125,1.97607421875,6.3291015625,5.38671875,5.82421875,3.162109375,24.5625,17.96044921875,79.0625,388.71875,733.66552734375,31,3,0,1,2,6,6,0,1,1,2,1,1,0,167.64,172.72,170.0,37.0,35.0,0,0,0,0,0,0,0,0,0,1,0,0,0,0,0,0,0,1,0,0,1,0,0,0
Red,False,0.0,0.5625,0.50955078125,0.5055664062499999,0.4448828125,0.125,0.103515625,2.0625,0.0,0.5322265625,46.73828125,23.3681640625,63.8974609375,33.65234375,88.2138671875,59.91015625,102.1220703125,70.7412109375,8.2412109375,3.7685546875,0.548828125,0.25,43.787109375,20.6669921875,50.96484375,23.033203125,2.201171875,2.076171875,7.908203125,6.4072265625,0.75,0.625,5.0244140625,4.2119140625,21.5732421875,6.3515625,35.3623046875,14.6806640625,2.3427734375,2.1474609375,11.00390625,6.7529296875,22.822265625,14.869140625,17.53125,12.21875,387.0,132.75,873.69140625,19,3,6,0,6,7,4,0,0,0,1,3,3,0,185.42,190.5,205.0,0.03125,1.1445465087890625,0.5104590797424317,0.4576564788818359,0.1438604736328125,0.3136563110351562,0.023695945739746,0.8165969848632812,0.2501220703125,0.500244140625,75.44611930847168,38.110581398010254,61.70746421813965,26.032569885253903,97.563458442688,58.1520881652832,105.85540103912354,66.3362684249878,6.672340393066406,1.0877456665039062,1.6366443634033203,0.7593231201171875,62.27545833587647,25.48533821105957,47.96089744567871,14.334182739257812,5.458724021911621,5.294211387634277,8.152168273925781,7.104373931884766,7.711936950683594,7.331031799316406,5.594398498535156,4.594013214111328,37.02765083312988,11.348026275634766,44.96218299865723,15.400548934936523,32.88716506958008,22.85201644897461,12.006446838378906,7.397321701049805,5.531303405761719,3.910538673400879,4.738834381103516,3.234699249267578,414.6839370727539,179.85845184326172,840.9482278823853,58,16,7,0,7,14,7,0,1,0,4,6,2,1,185.42,190.5,205.0,45.0,46.0,0,0,0,0,0,1,0,0,0,0,0,0,0,0,0,1,0,0,0,0,1,0,0,0
Red,False,0.25,1.0,0.25,0.545,0.0,0.25,0.125,1.125,0.125,0.25,52.25,13.625,49.625,25.75,60.25,21.625,55.5,31.25,0.25,0.0,0.375,0.375,43.75,9.0,40.375,18.25,3.875,2.25,3.75,2.25,4.625,2.375,5.5,5.25,41.875,9.0,28.625,13.25,5.375,2.875,12.0,8.75,5.0,1.75,9.0,3.75,30.375,78.0,305.125,6,0,0,1,1,1,3,0,0,0,0,0,1,0,182.88,185.42,155.0,0.3125,0.0,0.4181249999999999,0.420625,0.135,0.514375,0.6875,1.25,0.75,0.0,64.875,26.25,88.0,37.0,135.3125,93.0,130.5,76.375,0.8125,0.25,6.3125,4.4375,56.0625,19.0625,71.8125,22.5625,7.125,5.875,8.5625,6.9375,1.6875,1.3125,7.625,7.5,47.8125,15.1875,48.3125,13.125,7.5625,5.375,15.1875,10.5,9.5,5.6875,24.5,13.375,85.3125,431.8125,750.8125,12,1,2,0,2,2,3,0,0,0,0,0,2,0,172.72,177.8,155.0,26.0,30.0,0,0,0,0,0,0,1,0,0,0,0,0,0,0,0,1,0,0,0,0,1,0,0,0
Red,False,0.376953125,0.0,0.419423828125,0.48494140625,0.31578125,0.1803125,0.818359375,0.15625,0.015625,0.0,69.6669921875,26.80859375,71.5947265625,35.767578125,113.5771484375,65.8046875,106.5869140625,69.916015625,1.9296875,0.3984375,3.158203125,0.7890625,49.7900390625,12.9296875,39.552734375,12.947265625,13.328125,9.5,18.8486328125,14.095703125,6.548828125,4.37890625,13.193359375,8.724609375,39.4677734375,11.1591796875,38.4384765625,10.37890625,25.21875,13.427734375,29.53125,22.912109375,4.98046875,2.2216796875,3.625,2.4765625,200.1923828125,216.302734375,692.1796875,22,0,5,0,5,9,2,0,1,0,2,4,2,0,185.42,195.58,170.0,1.25,0.0,0.405,0.3874999999999999,0.25,0.375,1.25,0.75,0.5,0.5,47.25,20.0,34.75,13.75,62.75,31.5,102.5,75.25,2.5,1.0,3.0,1.5,39.0,12.25,25.25,9.25,5.5,5.0,3.0,1.5,2.75,2.75,6.5,3.0,24.25,7.75,19.25,4.0,6.5,4.5,8.75,3.75,16.5,7.75,6.75,6.0,201.25,368.75,727.25,7,0,1,0,1,2,1,0,0,0,1,1,0,0,180.34,187.96,170.0,30.0,29.0,0,0,0,0,0,0,0,0,0,1,0,0,0,0,0,1,0,0,0,0,1,0,0,0
Red,False,0.0,0.0,0.315,0.615,0.0,0.935,1.0,0.0,0.5,0.0,33.0,11.5,28.0,17.0,71.5,49.0,57.5,44.0,0.5,0.0,4.5,4.0,21.5,5.0,14.5,6.5,5.0,2.5,6.0,3.5,6.5,4.0,7.5,7.0,25.0,6.5,9.5,3.5,6.0,4.0,5.0,3.5,2.0,1.0,13.5,10.0,38.0,284.5,481.5,4,1,0,2,0,0,2,0,0,0,0,0,0,0,175.26,182.88,145.0,0.125,0.0625,0.308125,0.275,0.1625,0.255,0.0625,0.3125,0.0,0.0625,119.5625,24.375,111.5625,34.8125,125.6875,29.4375,133.9375,55.4375,1.8125,0.5625,7.625,1.625,106.6875,14.5625,88.5625,17.125,3.625,1.3125,6.25,3.1875,9.25,8.5,16.75,14.5,111.375,20.8125,93.875,27.6875,4.4375,2.0625,6.625,3.0625,3.75,1.5,11.0625,4.0625,26.0,173.3125,652.4375,11,0,0,1,2,2,3,0,0,1,0,1,0,0,175.26,177.8,155.0,26.0,28.0,0,0,0,0,0,0,1,0,0,0,0,0,0,0,0,1,0,0,0,0,1,0,0,0
Red,False,0.9375,0.080078125,0.80357421875,0.1172265624999999,0.180234375,0.02642578125,0.296875,0.40625,0.005859375,0.03125,37.3046875,23.537109375,24.45703125,5.501953125,42.56640625,28.578125,27.7734375,8.701171875,2.072265625,0.927734375,0.279296875,0.05078125,26.927734375,14.517578125,21.828125,4.263671875,5.640625,5.046875,0.708984375,0.380859375,4.736328125,3.97265625,1.919921875,0.857421875,20.560546875,11.513671875,21.65234375,4.576171875,9.669921875,7.015625,1.77734375,0.224609375,7.07421875,5.0078125,1.02734375,0.701171875,108.953125,11.71875,303.4453125,22,1,4,0,4,8,2,0,0,0,3,3,2,0,182.88,187.96,185.0,0.0,0.0,0.398125,0.2959375,0.5103125,0.051875,0.0,1.53125,0.0,0.0,162.46875,57.03125,85.90625,16.25,225.09375,114.78125,95.125,24.9375,5.5625,3.15625,0.75,0.25,120.40625,27.28125,82.5625,14.15625,11.09375,3.90625,2.28125,1.28125,30.96875,25.84375,1.0625,0.8125,130.28125,35.09375,83.75,14.96875,14.875,12.71875,1.6875,0.9375,17.3125,9.21875,0.46875,0.34375,422.4375,18.15625,758.1875,14,0,0,1,2,3,3,0,0,0,3,0,0,0,185.42,185.42,205.0,30.0,32.0,0,0,0,0,0,0,0,1,0,0,0,0,0,0,0,1,0,0,0,0,0,0,1,0
Red,False,0.0,0.0,0.435,0.3325,0.0,0.48,0.0,1.5,0.0,0.0,82.5,31.0,58.75,17.0,119.0,66.0,74.25,29.5,1.75,0.0,8.25,4.0,59.75,12.5,46.25,8.5,9.75,6.0,10.25,7.0,13.0,12.5,2.25,1.5,59.75,16.75,49.75,12.25,17.25,11.25,6.5,2.75,5.5,3.0,2.5,2.0,144.25,206.25,733.25,7,0,0,1,2,2,1,0,0,0,2,0,0,0,185.42,187.96,205.0,0.0471682548522949,0.0,0.45,0.4217682266235352,0.25,0.19173828125,0.1875,0.125,0.0,0.0,69.5,30.5,66.984375,27.8466796875,94.0,48.544921875,88.50390625,44.75,2.0,0.8125,2.015625,0.6640625,54.0,19.01513671875,51.483436584472656,16.9437255859375,7.91796875,5.430633544921875,7.75,5.0625,4.780975341796875,3.9373779296875,4.8994140625,3.84375,51.025390625,18.400863647460938,50.515625,17.5,5.75,3.75,5.5,3.5,5.375,3.6875,4.0,2.65625,104.865234375,89.5,655.8441009521484,0,0,0,0,0,0,0,0,0,0,0,0,0,0,187.96,200.66,205.0,29.0,25.0,0,0,0,0,0,1,0,0,0,0,0,0,0,0,0,1,0,0,0,0,1,0,0,0
Red,False,0.0,0.5,0.0,0.535,0.5,0.0,0.5,0.0,0.0,0.0,3.0,0.0,8.0,3.5,4.5,1.0,8.5,4.0,0.5,0.5,0.0,0.0,3.0,0.0,8.0,3.5,0.0,0.0,0.0,0.0,0.0,0.0,0.0,0.0,3.0,0.0,6.0,2.0,0.0,0.0,0.0,0.0,0.0,0.0,2.0,1.5,22.0,2.0,54.5,2,0,1,0,1,1,1,0,0,0,0,0,1,0,193.04,193.04,260.0,0.0,1.0,0.0,0.81,0.0,0.0,0.0,0.0,0.0,0.0,1.0,0.0,27.0,22.0,1.0,0.0,41.0,34.0,0.0,0.0,0.0,0.0,1.0,0.0,25.0,20.0,0.0,0.0,1.0,1.0,0.0,0.0,1.0,1.0,0.0,0.0,2.0,2.0,0.0,0.0,0.0,0.0,1.0,0.0,25.0,20.0,0.0,117.0,147.0,1,0,0,1,0,0,1,0,0,0,0,0,0,0,187.96,193.04,258.0,26.0,34.0,0,0,0,0,1,0,0,0,0,0,0,0,0,0,0,1,0,0,0,0,1,0,0,0
Red,False,0.015625,0.0,0.45,0.4275,0.25,0.2,0.148468017578125,0.098388671875,0.0,0.0,66.5,29.6875,64.31230545043945,27.34375,89.75,48.0,85.53125,44.41152191162109,2.0,0.75,2.0546875,0.75,51.1875,18.3359375,49.6123046875,16.280410766601562,7.5,5.07647705078125,7.5,5.0,4.5,3.625,4.984375,3.9375,48.6875,17.0,47.11572265625,16.5,5.75,3.75,5.3125,3.4375,5.0625,3.5,3.875,2.5,99.2119140625,94.125,638.5,0,0,0,0,0,0,0,0,0,0,0,0,0,0,193.04,193.04,242.0,0.0471682548522949,0.0,0.45,0.4217682266235352,0.25,0.19173828125,0.1875,0.125,0.0,0.0,69.5,30.5,66.984375,27.8466796875,94.0,48.544921875,88.50390625,44.75,2.0,0.8125,2.015625,0.6640625,54.0,19.01513671875,51.483436584472656,16.9437255859375,7.91796875,5.430633544921875,7.75,5.0625,4.780975341796875,3.9373779296875,4.8994140625,3.84375,51.025390625,18.400863647460938,50.515625,17.5,5.75,3.75,5.5,3.5,5.375,3.6875,4.0,2.65625,104.865234375,89.5,655.8441009521484,0,0,0,0,0,0,0,0,0,0,0,0,0,0,185.42,190.5,185.0,31.0,28.0,0,0,0,0,1,0,0,0,0,0,0,0,0,0,0,1,0,0,0,0,1,0,0,0
Red,False,0.0,0.0,0.32,0.37,0.5,0.5,0.0,1.0,0.0,0.0,114.0,37.0,114.0,43.0,121.0,39.0,118.0,46.0,2.0,1.0,2.0,1.0,94.0,24.0,80.0,18.0,18.0,11.0,19.0,12.0,2.0,2.0,15.0,13.0,93.0,24.0,92.0,30.0,9.0,5.0,11.0,4.0,12.0,8.0,11.0,9.0,67.0,62.0,817.0,3,0,1,0,1,1,0,0,0,0,0,0,0,1,175.26,182.88,170.0,0.0,0.0,0.305,0.24,0.875,0.2,3.0,2.0,1.5,0.5,63.0,19.5,66.0,18.5,86.0,41.0,108.0,59.0,4.0,3.5,6.0,2.0,51.5,11.0,47.5,6.5,10.5,7.5,12.0,7.0,1.0,1.0,6.5,5.0,44.0,10.0,48.5,9.5,6.0,3.5,14.0,7.5,13.0,6.0,3.5,1.5,254.5,207.5,634.5,5,0,0,1,1,1,1,0,0,0,0,0,1,0,175.26,180.34,170.0,27.0,25.0,0,0,0,0,0,0,0,0,0,1,0,0,0,0,0,1,0,0,0,0,0,0,1,0
Red,False,1.25,0.0,0.415,0.2575,0.0,0.165,0.5,0.0,0.0,0.0,176.75,66.0,146.0,37.5,186.25,75.0,147.75,39.25,0.75,0.0,3.5,0.5,140.75,41.5,129.5,23.25,15.5,9.0,11.0,9.25,20.5,15.5,5.5,5.0,163.25,58.0,143.25,35.75,5.75,3.0,2.5,1.5,7.75,5.0,0.25,0.25,63.25,10.5,787.25,8,0,3,0,3,3,0,0,0,1,1,1,0,0,177.8,185.42,170.0,0.0,0.25,0.4549999999999999,0.3875,0.0,0.375,0.5,0.0,0.0,0.0,114.5,68.0,77.75,28.75,122.25,75.25,109.25,56.0,0.5,0.0,2.25,0.75,61.5,26.75,67.5,22.75,36.5,26.5,9.75,5.5,16.5,14.75,0.5,0.5,63.5,36.0,42.25,11.5,51.0,32.0,30.25,16.25,0.0,0.0,5.25,1.0,164.0,101.75,502.75,5,1,1,0,1,2,1,0,0,0,1,0,1,0,177.8,190.5,170.0,32.0,29.0,0,0,0,0,0,0,0,0,0,1,0,0,0,0,0,1,0,0,0,0,1,0,0,0
Red,False,0.0,0.0,0.315,0.325,0.18,0.0,0.5,0.0,0.0,0.0,11.5,7.0,13.5,5.5,41.5,35.0,62.0,52.5,9.5,3.5,0.0,0.0,11.5,7.0,11.5,3.5,0.0,0.0,1.5,1.5,0.0,0.0,0.5,0.5,0.5,0.0,7.5,1.0,2.0,1.0,4.0,2.5,9.0,6.0,2.0,2.0,341.0,80.0,477.5,4,0,2,0,2,2,0,0,0,0,1,0,1,0,182.88,187.96,205.0,1.0,0.0,0.5449999999999999,0.2299999999999999,1.0,0.0,0.0,0.0,0.0,0.0,38.5,20.5,18.0,4.0,53.0,33.0,22.0,8.0,2.0,2.0,0.0,0.0,33.5,16.0,16.5,3.0,3.0,2.5,1.5,1.0,2.0,2.0,0.0,0.0,12.5,5.5,13.5,2.0,2.5,2.5,4.0,1.5,23.5,12.5,0.5,0.5,126.0,0.0,208.5,3,0,2,0,2,2,0,0,0,0,0,2,0,0,182.88,185.42,170.0,26.0,35.0,0,0,0,0,0,0,0,1,0,0,0,0,0,0,0,0,0,1,0,0,1,0,0,0
Red,False,0.5,0.0,0.4549999999999999,0.235,0.935,0.0,0.0,1.0,0.0,0.5,38.5,18.5,54.0,13.0,68.0,45.5,92.5,50.5,4.5,4.0,0.5,0.0,24.5,8.5,39.5,6.0,4.0,2.0,8.0,3.0,10.0,8.0,6.5,4.0,19.5,6.0,46.5,8.5,6.0,3.0,5.5,3.5,13.0,9.5,2.0,1.0,282.5,38.0,558.0,4,1,2,0,2,2,0,0,0,0,1,1,0,0,175.26,180.34,155.0,1.0,0.0,0.42,0.475,0.5,0.6,0.5,1.0,0.0,0.0,94.0,35.5,57.5,18.0,101.5,42.0,75.5,35.5,0.5,0.5,8.0,2.0,90.5,32.5,54.0,14.5,1.0,1.0,2.0,2.0,2.5,2.0,1.5,1.5,79.5,29.0,48.0,15.0,4.0,1.0,5.5,1.5,10.5,5.5,4.0,1.5,46.0,142.5,516.5,4,0,2,0,2,2,0,0,0,1,0,1,0,0,177.8,177.8,155.0,23.0,28.0,0,0,0,0,0,0,1,0,0,0,0,0,0,0,0,1,0,0,0,0,0,0,1,0
Red,False,0.015625,0.0,0.45,0.4275,0.25,0.2,0.148468017578125,0.098388671875,0.0,0.0,66.5,29.6875,64.31230545043945,27.34375,89.75,48.0,85.53125,44.41152191162109,2.0,0.75,2.0546875,0.75,51.1875,18.3359375,49.6123046875,16.280410766601562,7.5,5.07647705078125,7.5,5.0,4.5,3.625,4.984375,3.9375,48.6875,17.0,47.11572265625,16.5,5.75,3.75,5.3125,3.4375,5.0625,3.5,3.875,2.5,99.2119140625,94.125,638.5,0,0,0,0,0,0,0,0,0,0,0,0,0,0,182.88,187.96,170.0,0.0471682548522949,0.0,0.45,0.4217682266235352,0.25,0.19173828125,0.1875,0.125,0.0,0.0,69.5,30.5,66.984375,27.8466796875,94.0,48.544921875,88.50390625,44.75,2.0,0.8125,2.015625,0.6640625,54.0,19.01513671875,51.483436584472656,16.9437255859375,7.91796875,5.430633544921875,7.75,5.0625,4.780975341796875,3.9373779296875,4.8994140625,3.84375,51.025390625,18.400863647460938,50.515625,17.5,5.75,3.75,5.5,3.5,5.375,3.6875,4.0,2.65625,104.865234375,89.5,655.8441009521484,0,0,0,0,0,0,0,0,0,0,0,0,0,0,182.88,193.04,170.0,35.0,20.0,0,0,0,0,0,0,0,0,0,1,0,0,0,0,0,1,0,0,0,0,1,0,0,0
Red,False,0.0078125,0.5,0.29625,0.398203125,0.702578125,0.755859375,2.09375,0.6640625,0.5,0.3046875,65.90625,20.953125,49.765625,20.8359375,93.0,45.7734375,61.921875,32.0859375,3.28125,1.6328125,7.015625,4.359375,55.9609375,13.796875,35.53125,7.609375,5.8828125,3.75,5.125,4.2421875,4.0625,3.40625,9.109375,8.984375,54.203125,13.2890625,26.203125,7.3984375,9.328125,6.2890625,10.6328125,6.1875,2.375,1.375,12.9296875,7.25,115.65625,282.46875,633.3125,17,1,5,0,5,6,2,0,0,1,0,0,5,0,182.88,193.04,170.0,0.046875,0.0,0.338125,0.24046875,0.651875,0.04375,0.859375,0.265625,0.078125,0.15625,77.125,25.859375,119.359375,29.296875,102.125,49.21875,140.578125,47.40625,5.34375,3.03125,2.390625,0.109375,69.453125,19.78125,96.890625,15.265625,7.421875,5.828125,10.40625,4.5,0.25,0.25,12.0625,9.53125,66.265625,19.203125,108.265625,22.71875,4.640625,3.359375,9.9375,5.796875,6.21875,3.296875,1.15625,0.78125,248.921875,60.0625,877.3125,18,0,0,1,6,6,1,0,0,1,4,1,0,0,175.26,177.8,155.0,24.0,30.0,0,0,0,0,0,0,1,0,0,0,0,0,0,0,0,0,0,1,0,0,1,0,0,0
Red,False,0.0,0.0,0.43,0.58,0.0,0.6,2.0,2.0,1.0,0.0,44.0,19.0,55.0,32.0,91.0,61.0,93.0,67.0,1.0,0.0,10.0,6.0,37.0,14.0,37.0,20.0,7.0,5.0,16.0,12.0,0.0,0.0,2.0,0.0,31.0,13.0,13.0,6.0,9.0,3.0,10.0,7.0,4.0,3.0,32.0,19.0,79.0,619.0,900.0,3,0,0,1,0,0,1,0,0,0,0,0,0,0,187.96,187.96,185.0,0.1962890625,0.0078125,0.3524267578125,0.46595703125,0.6471875,0.5309228515625,0.06298828125,0.5166015625,0.0,0.03125,80.236572265625,27.841552734375,74.79296875,34.213134765625,132.286865234375,76.254150390625,89.84033203125,48.479248046875,1.25048828125,0.80029296875,3.3154296875,2.086669921875,56.104248046875,12.8212890625,62.51220703125,25.318603515625,8.927490234375,4.60888671875,7.419189453125,5.103515625,15.204833984375,10.411376953125,4.861572265625,3.791015625,66.693115234375,20.647216796875,56.965576171875,24.72998046875,10.966064453125,5.383544921875,9.947021484375,4.244140625,2.577392578125,1.810791015625,7.88037109375,5.239013671875,131.495361328125,120.703857421875,688.370849609375,27,0,5,0,5,8,5,0,0,1,1,5,1,0,180.34,185.42,185.0,29.0,29.0,0,0,0,0,0,0,0,1,0,0,0,0,0,0,0,0,0,1,0,0,0,0,1,0
Red,False,0.015625,0.0,0.45,0.4275,0.25,0.2,0.148468017578125,0.098388671875,0.0,0.0,66.5,29.6875,64.31230545043945,27.34375,89.75,48.0,85.53125,44.41152191162109,2.0,0.75,2.0546875,0.75,51.1875,18.3359375,49.6123046875,16.280410766601562,7.5,5.07647705078125,7.5,5.0,4.5,3.625,4.984375,3.9375,48.6875,17.0,47.11572265625,16.5,5.75,3.75,5.3125,3.4375,5.0625,3.5,3.875,2.5,99.2119140625,94.125,638.5,0,0,0,0,0,0,0,0,0,0,0,0,0,0,185.42,187.96,185.0,0.0471682548522949,0.0,0.45,0.4217682266235352,0.25,0.19173828125,0.1875,0.125,0.0,0.0,69.5,30.5,66.984375,27.8466796875,94.0,48.544921875,88.50390625,44.75,2.0,0.8125,2.015625,0.6640625,54.0,19.01513671875,51.483436584472656,16.9437255859375,7.91796875,5.430633544921875,7.75,5.0625,4.780975341796875,3.9373779296875,4.8994140625,3.84375,51.025390625,18.400863647460938,50.515625,17.5,5.75,3.75,5.5,3.5,5.375,3.6875,4.0,2.65625,104.865234375,89.5,655.8441009521484,0,0,0,0,0,0,0,0,0,0,0,0,0,0,180.34,195.58,185.0,24.0,30.0,0,0,0,0,0,0,0,1,0,0,0,0,0,0,0,0,0,1,0,0,0,0,1,0
Red,False,0.0,0.25,0.4075,0.415,0.5,0.125,0.0,0.5,0.0,0.0,18.25,8.0,23.25,10.25,18.75,8.5,26.75,13.5,0.75,0.5,0.5,0.25,14.0,4.5,20.75,8.75,4.0,3.25,0.75,0.75,0.25,0.25,1.75,0.75,14.75,5.0,15.5,4.0,1.5,1.5,3.0,2.75,2.0,1.5,4.75,3.5,5.0,10.25,138.25,4,0,0,2,1,1,2,0,0,0,0,1,0,0,175.26,180.34,155.0,0.0,0.25,0.3275,0.2725,0.245,0.0625,1.25,0.0,0.25,0.5,120.5,34.75,150.75,36.25,146.75,59.0,166.75,50.5,7.75,2.0,1.5,0.25,95.5,16.0,130.5,21.25,6.0,2.5,9.5,5.25,19.0,16.25,10.75,9.75,104.0,29.25,135.0,27.75,7.5,3.0,5.75,2.75,9.0,2.5,10.0,5.75,207.5,88.25,834.75,9,0,0,2,1,1,2,0,0,0,1,0,0,0,172.72,177.8,155.0,27.0,25.0,0,0,0,0,0,0,1,0,0,0,0,0,0,0,0,1,0,0,0,0,0,0,1,0
Red,False,0.0,0.0,0.42,0.68,0.0,1.0,0.0,0.0,0.0,0.0,21.0,9.0,48.0,33.0,28.0,16.0,117.0,93.0,0.0,0.0,1.0,1.0,15.0,4.0,45.0,30.0,4.0,3.0,1.0,1.0,2.0,2.0,2.0,2.0,19.0,8.0,18.0,9.0,2.0,1.0,19.0,16.0,0.0,0.0,11.0,8.0,0.0,175.0,287.0,1,0,0,1,0,0,1,0,0,0,0,0,0,0,187.96,190.5,185.0,0.0,0.0,0.575,0.5625,0.75,0.12,1.0,2.75,0.0,0.5,56.25,29.0,61.25,29.25,80.25,52.25,74.0,40.5,4.75,3.25,7.5,1.25,44.75,19.25,49.0,18.5,9.75,8.0,7.5,6.5,1.75,1.75,4.75,4.25,31.25,9.25,37.0,11.25,9.5,6.25,14.25,11.5,15.5,13.5,10.0,6.5,247.0,145.5,675.0,7,0,1,0,1,1,2,0,0,0,0,0,1,0,182.88,182.88,185.0,25.0,28.0,0,0,0,0,0,0,0,1,0,0,0,0,0,0,0,0,0,1,0,0,0,0,1,0
Red,False,0.5,0.0,0.8300000000000001,0.19,0.0,0.25,0.0,0.0,0.0,0.0,29.0,19.5,32.0,12.0,51.0,37.0,48.5,26.0,0.0,0.0,3.0,1.5,15.0,7.0,22.5,6.5,12.5,11.0,4.0,1.5,1.5,1.5,5.5,4.0,12.5,6.5,13.0,5.5,5.5,5.0,0.0,0.0,11.0,8.0,19.0,6.5,124.0,204.5,453.0,4,0,2,0,2,2,0,0,0,0,1,1,0,0,177.8,177.8,170.0,0.5,0.0,0.361875,0.245,0.305625,0.145625,1.3125,0.3125,0.0625,0.375,89.0625,32.125,54.875,14.3125,116.8125,57.75,89.625,47.375,4.0,2.0625,0.375,0.1875,75.9375,22.375,46.875,9.5,6.0,2.8125,7.6875,4.5,7.125,6.9375,0.3125,0.3125,61.0625,16.5625,47.9375,10.5,4.875,3.375,3.4375,1.5625,23.125,12.1875,3.5,2.25,316.9375,29.1875,617.6875,14,0,2,0,2,4,1,0,0,0,2,1,1,0,172.72,180.34,155.0,31.0,26.0,0,0,0,0,0,0,1,0,0,0,0,0,0,0,0,1,0,0,0,0,0,0,1,0
Red,False,0.0,2.0,0.42,0.44,0.25,0.5,1.0,0.0,1.0,1.0,38.0,16.0,77.0,34.0,115.0,83.0,103.0,53.0,4.0,1.0,4.0,2.0,25.0,11.0,63.0,21.0,5.0,2.0,10.0,9.0,8.0,3.0,4.0,4.0,13.0,2.0,33.0,11.0,16.0,6.0,12.0,8.0,9.0,8.0,32.0,15.0,367.0,360.0,900.0,3,0,0,1,0,0,1,0,0,0,0,0,0,0,175.26,180.34,155.0,0.1328125,0.0859375,0.393046875,0.418828125,0.3046875,0.250625,1.8359375,0.78125,0.5,0.0,42.234375,17.984375,59.859375,25.3046875,53.0390625,27.5703125,71.3984375,36.34375,2.4296875,1.3046875,1.34375,0.8828125,37.0078125,13.7421875,52.8671875,19.3515625,5.0,4.015625,5.5234375,4.6171875,0.2265625,0.2265625,1.46875,1.3359375,25.90625,7.3125,42.890625,15.9609375,7.46875,4.7890625,14.078125,7.0078125,8.859375,5.8828125,2.890625,2.3359375,158.578125,66.5078125,384.1484375,13,0,4,0,4,6,2,0,0,1,1,1,3,0,182.88,182.88,170.0,29.0,27.0,0,0,0,0,0,0,0,0,0,1,0,0,0,0,0,0,0,1,0,0,1,0,0,0
Red,False,0.0,1.0,0.32,0.76,0.4,0.0,0.0,0.0,0.0,0.0,25.0,8.0,17.0,13.0,33.0,13.0,32.0,28.0,5.0,2.0,0.0,0.0,23.0,7.0,16.0,12.0,0.0,0.0,1.0,1.0,2.0,1.0,0.0,0.0,0.0,0.0,3.0,3.0,2.0,1.0,11.0,7.0,23.0,7.0,3.0,3.0,219.0,11.0,278.0,1,0,0,1,0,0,1,0,0,0,0,0,0,0,177.8,177.8,155.0,0.03125,0.5625,0.171875,0.3512499999999999,0.078125,0.6875,1.0,0.0,0.375,0.21875,52.4375,10.21875,37.34375,14.5,57.125,14.71875,45.375,21.84375,0.375,0.15625,1.25,0.9375,42.75,5.96875,30.59375,10.1875,7.5,3.0625,1.0625,0.65625,2.1875,1.1875,5.6875,3.65625,46.09375,6.71875,27.46875,9.5625,3.125,1.28125,4.65625,1.71875,3.21875,2.21875,5.21875,3.21875,48.28125,69.84375,315.3125,11,0,2,0,2,4,2,0,0,0,1,1,2,0,185.42,185.42,145.0,21.0,25.0,0,0,0,0,0,0,1,0,0,0,0,0,0,0,0,1,0,0,0,0,1,0,0,0
Red,False,0.0,0.125,0.4171875,0.48515625,0.265625,0.4609375,2.6875,0.015625,0.25,0.0,31.703125,12.265625,37.828125,19.515625,34.859375,15.375,41.28125,22.953125,0.265625,0.265625,0.578125,0.515625,25.0625,7.5625,25.9375,10.171875,4.5625,3.1875,6.171875,4.421875,2.078125,1.515625,5.71875,4.921875,27.953125,10.171875,28.03125,13.125,1.609375,0.953125,6.125,3.75,2.140625,1.140625,3.671875,2.640625,15.0,114.390625,341.734375,11,0,0,1,3,5,2,0,0,0,1,0,4,0,185.42,193.04,170.0,0.0,0.0,0.42,0.34,0.0,0.0,0.0,0.0,0.0,0.0,63.0,27.0,35.0,12.0,65.0,29.0,35.0,12.0,0.0,0.0,2.0,0.0,60.0,25.0,32.0,9.0,3.0,2.0,3.0,3.0,0.0,0.0,0.0,0.0,50.0,19.0,28.0,8.0,13.0,8.0,7.0,4.0,0.0,0.0,0.0,0.0,0.0,20.0,151.0,1,0,1,0,1,1,0,0,0,0,0,1,0,0,175.26,193.04,170.0,23.0,26.0,0,0,0,0,0,0,0,0,0,1,0,0,0,0,0,1,0,0,0,0,1,0,0,0
Red,False,0.015625,0.0,0.45,0.4275,0.25,0.2,0.148468017578125,0.098388671875,0.0,0.0,66.5,29.6875,64.31230545043945,27.34375,89.75,48.0,85.53125,44.41152191162109,2.0,0.75,2.0546875,0.75,51.1875,18.3359375,49.6123046875,16.280410766601562,7.5,5.07647705078125,7.5,5.0,4.5,3.625,4.984375,3.9375,48.6875,17.0,47.11572265625,16.5,5.75,3.75,5.3125,3.4375,5.0625,3.5,3.875,2.5,99.2119140625,94.125,638.5,0,0,0,0,0,0,0,0,0,0,0,0,0,0,187.96,195.58,225.0,0.75,0.0,0.5425,0.47,0.0,0.0,0.0,0.0,0.0,0.0,85.75,39.75,26.25,12.5,92.25,46.25,27.25,13.5,0.0,0.0,0.5,0.0,56.75,17.5,18.5,6.75,27.0,20.25,4.5,2.5,2.0,2.0,3.25,3.25,69.75,29.25,21.5,10.25,14.25,9.0,4.75,2.25,1.75,1.5,0.0,0.0,26.25,11.5,393.75,5,0,3,0,3,3,0,0,0,0,0,3,0,0,193.04,195.58,238.0,33.0,25.0,0,0,0,0,1,0,0,0,0,0,0,0,0,0,0,1,0,0,0,0,1,0,0,0
Red,False,0.03125,0.0,0.5571875,0.38,0.7934375,0.5625,3.0,0.0,0.53125,0.5625,24.625,12.59375,40.6875,16.625,38.5625,26.25,57.5,32.0625,2.15625,1.6875,1.0,0.75,23.59375,11.6875,35.25,11.96875,0.90625,0.90625,3.9375,3.65625,0.125,0.0,1.5,1.0,12.53125,3.03125,19.75,6.40625,2.90625,2.15625,2.0625,2.0625,9.1875,7.40625,18.875,8.15625,190.71875,144.03125,473.03125,10,0,3,0,3,5,1,0,0,0,0,2,3,0,177.8,180.34,155.0,0.5,0.0,0.27515625,0.41140625,0.25,0.2396875,0.0,1.5,0.5,0.015625,206.796875,56.15625,125.34375,50.15625,227.796875,72.9375,138.53125,63.09375,0.375,0.25,9.234375,2.578125,162.4375,24.71875,97.875,30.03125,25.34375,18.234375,9.3125,5.859375,19.015625,13.203125,18.15625,14.265625,191.53125,48.0625,117.90625,45.21875,7.484375,4.984375,4.09375,2.90625,7.78125,3.109375,3.34375,2.03125,105.125,191.84375,887.59375,19,0,1,0,1,3,4,0,0,1,2,0,0,0,175.26,177.8,155.0,25.0,25.0,0,0,0,0,0,0,1,0,0,0,0,0,0,0,0,1,0,0,0,0,1,0,0,0
Red,False,0.53125,0.625,0.5465625000000001,0.335625,0.078125,0.305625,0.15625,0.03125,0.0,0.0,14.875,8.28125,24.59375,9.6875,20.84375,14.0,27.84375,12.90625,0.75,0.09375,1.125,0.71875,11.21875,5.96875,19.59375,5.59375,2.78125,1.625,2.6875,2.28125,0.875,0.6875,2.3125,1.8125,7.3125,2.25,17.625,5.09375,2.125,1.71875,2.1875,1.46875,5.4375,4.3125,4.78125,3.125,39.53125,44.09375,172.71875,7,0,4,0,4,5,1,0,0,0,0,5,0,0,187.96,187.96,205.0,0.14453125,1.5,0.28255859375,0.4565625,0.2916601562499999,0.0825390625,0.0,0.068359375,0.0,0.0,50.92578125,18.509765625,75.4609375,31.3671875,55.17578125,21.818359375,83.986328125,37.8359375,1.662109375,0.794921875,1.5390625,0.25390625,46.212890625,15.376953125,54.271484375,15.3984375,1.587890625,1.2578125,9.2421875,6.150390625,3.125,1.875,11.947265625,9.818359375,38.25390625,11.234375,66.634765625,26.208984375,1.79296875,0.541015625,6.201171875,4.05078125,10.87890625,6.734375,2.625,1.107421875,72.869140625,30.16796875,611.953125,26,3,5,0,5,8,2,0,1,3,0,4,0,0,182.88,190.5,205.0,27.0,30.0,0,0,0,0,0,1,0,0,0,0,0,0,0,0,0,1,0,0,0,0,1,0,0,0
Red,False,0.0,0.0,0.4975,0.47875,0.75,0.46875,0.625,0.875,0.25,0.0,30.125,13.625,16.875,7.125,42.0,24.75,21.625,11.625,1.0,1.0,1.0,0.875,27.625,11.75,13.375,4.0,1.375,0.75,1.0,1.0,1.125,1.125,2.5,2.125,10.625,4.0,16.25,6.5,0.625,0.5,0.25,0.25,18.875,9.125,0.375,0.375,125.0,40.375,272.375,5,0,0,3,1,1,3,0,0,0,0,0,1,0,185.42,193.04,185.0,0.0,0.5,0.44,0.47,0.08,0.25,1.0,0.5,0.5,0.0,69.5,33.5,64.5,30.5,82.0,44.5,81.5,47.5,8.0,1.0,3.0,1.5,56.5,22.5,52.5,19.5,8.5,7.0,8.0,7.0,4.5,4.0,4.0,4.0,43.5,14.5,46.5,17.0,16.0,12.5,10.5,6.5,10.0,6.5,7.5,7.0,124.5,104.5,566.5,4,0,0,1,1,1,1,0,0,1,0,0,0,0,182.88,180.34,185.0,32.0,31.0,0,0,0,0,0,0,0,1,0,0,0,0,0,0,0,1,0,0,0,0,1,0,0,0
Red,False,0.015625,0.0,0.45,0.4275,0.25,0.2,0.148468017578125,0.098388671875,0.0,0.0,66.5,29.6875,64.31230545043945,27.34375,89.75,48.0,85.53125,44.41152191162109,2.0,0.75,2.0546875,0.75,51.1875,18.3359375,49.6123046875,16.280410766601562,7.5,5.07647705078125,7.5,5.0,4.5,3.625,4.984375,3.9375,48.6875,17.0,47.11572265625,16.5,5.75,3.75,5.3125,3.4375,5.0625,3.5,3.875,2.5,99.2119140625,94.125,638.5,0,0,0,0,0,0,0,0,0,0,0,0,0,0,175.26,175.26,155.0,0.0,0.0,0.26,0.49,0.57,0.8,0.0,4.0,1.0,0.0,110.0,29.0,136.0,67.0,188.0,91.0,197.0,124.0,7.0,4.0,5.0,4.0,101.0,24.0,96.0,35.0,6.0,3.0,27.0,24.0,3.0,2.0,13.0,8.0,75.0,18.0,91.0,36.0,22.0,7.0,21.0,13.0,13.0,4.0,24.0,18.0,339.0,198.0,900.0,3,0,0,1,0,0,1,0,0,0,0,0,0,0,172.72,180.34,155.0,30.0,27.0,0,0,0,0,0,0,1,0,0,0,0,0,0,0,0,1,0,0,0,0,1,0,0,0
Red,False,0.0,0.0,0.27,0.37,0.165,0.75,1.0,1.0,0.0,0.0,22.5,6.5,32.5,11.5,69.0,48.5,41.5,20.0,3.0,1.0,1.5,1.0,17.0,4.5,19.0,5.5,2.0,0.5,10.0,4.5,3.5,1.5,3.5,1.5,17.5,2.5,21.5,5.5,0.5,0.5,7.5,4.0,4.5,3.5,3.5,2.0,188.0,104.0,460.5,4,0,0,1,1,1,1,0,0,0,0,0,1,0,182.88,187.96,170.0,2.0,0.0,0.47,0.38,0.75,0.5,3.0,1.0,3.0,2.0,59.0,28.0,70.0,27.0,93.0,55.0,222.0,168.0,4.0,3.0,2.0,1.0,51.0,23.0,61.0,21.0,6.0,3.0,7.0,5.0,2.0,2.0,2.0,1.0,27.0,11.0,29.0,4.0,11.0,5.0,9.0,4.0,21.0,12.0,32.0,19.0,406.0,238.0,900.0,3,0,0,1,0,0,1,0,0,0,0,0,0,0,175.26,180.34,170.0,34.0,24.0,0,0,0,0,0,0,0,0,0,1,0,0,0,0,0,1,0,0,0,0,1,0,0,0
Red,False,0.189453125,0.03125,0.6427734375,0.48814453125,0.5546093750000001,0.39708984375,0.015625,1.126953125,0.0546875,0.0625,50.25390625,32.478515625,36.537109375,19.56640625,78.017578125,57.9140625,173.232421875,138.638671875,2.728515625,1.423828125,6.162109375,3.685546875,32.0703125,16.021484375,27.8359375,12.220703125,7.998046875,7.755859375,6.638671875,5.322265625,10.185546875,8.701171875,2.0625,2.0234375,20.7578125,10.00390625,12.94140625,3.6953125,11.0625,9.90625,1.87890625,1.1171875,18.43359375,12.568359375,21.716796875,14.75390625,148.42578125,420.33203125,668.875,21,0,2,0,3,7,3,0,1,0,1,4,0,1,193.04,208.28,240.0,0.751953125,0.0,0.4153466796875,0.6688232421875,0.330263671875,0.6329345703125,0.451171875,0.015625,0.0,0.000244140625,33.7027587890625,12.7366943359375,40.5985107421875,29.5762939453125,36.2520751953125,14.696044921875,59.5330810546875,47.4122314453125,0.462158203125,0.376220703125,0.6446533203125,0.6368408203125,29.20458984375,9.02392578125,36.2083740234375,25.4986572265625,1.7901611328125,1.5067138671875,2.577392578125,2.264892578125,2.7080078125,2.2060546875,1.812744140625,1.812744140625,24.8048095703125,7.3182373046875,12.6776123046875,4.4539794921875,3.18017578125,2.41455078125,0.844482421875,0.391357421875,5.7177734375,3.00390625,27.076416015625,24.73095703125,22.7330322265625,187.6470947265625,343.2994384765625,19,3,2,0,4,10,4,0,0,0,1,2,6,0,190.5,200.66,264.0,34.0,30.0,0,0,0,0,1,0,0,0,0,0,0,0,0,0,0,1,0,0,0,0,0,0,1,0
Red,False,0.015625,0.0,0.45,0.4275,0.25,0.2,0.148468017578125,0.098388671875,0.0,0.0,66.5,29.6875,64.31230545043945,27.34375,89.75,48.0,85.53125,44.41152191162109,2.0,0.75,2.0546875,0.75,51.1875,18.3359375,49.6123046875,16.280410766601562,7.5,5.07647705078125,7.5,5.0,4.5,3.625,4.984375,3.9375,48.6875,17.0,47.11572265625,16.5,5.75,3.75,5.3125,3.4375,5.0625,3.5,3.875,2.5,99.2119140625,94.125,638.5,0,0,0,0,0,0,0,0,0,0,0,0,0,0,177.8,187.96,170.0,1.0,0.0,0.46,0.22,0.0,0.0,0.0,0.0,0.0,0.0,15.0,7.0,9.0,2.0,15.0,7.0,9.0,2.0,0.0,0.0,0.0,0.0,15.0,7.0,6.0,1.0,0.0,0.0,1.0,0.0,0.0,0.0,2.0,1.0,5.0,2.0,9.0,2.0,5.0,5.0,0.0,0.0,5.0,0.0,0.0,0.0,2.0,0.0,29.0,1,0,1,0,1,1,0,0,0,0,0,1,0,0,175.26,175.26,185.0,29.0,26.0,0,0,0,0,0,0,0,0,0,1,0,0,0,0,0,0,0,1,0,0,0,0,1,0
Red,False,0.25,0.0,0.365,0.38,0.075,0.45,0.5,0.0,0.0,0.0,48.0,17.75,81.75,31.25,90.75,58.5,158.5,101.25,5.0,0.75,2.75,1.25,40.0,10.0,63.25,16.5,7.25,7.25,15.0,11.25,0.75,0.5,3.5,3.5,32.25,8.25,50.5,11.0,9.5,6.75,22.75,14.25,6.25,2.75,8.5,6.0,121.5,293.75,686.0,7,0,2,0,2,2,1,0,0,1,0,1,0,0,175.26,177.8,155.0,0.125,0.515625,0.44859375,0.370625,0.42421875,0.221875,1.375,0.90625,0.3125,0.90625,75.0,32.953125,134.921875,49.53125,95.203125,51.5,172.625,79.296875,7.0625,2.71875,1.9375,1.15625,60.515625,22.125,111.453125,30.734375,7.390625,4.859375,16.09375,13.6875,7.09375,5.96875,7.375,5.109375,62.703125,25.65625,99.703125,31.5,6.296875,3.375,16.671875,9.390625,6.0,3.921875,18.546875,8.640625,191.375,277.9375,774.5625,15,0,0,1,4,4,3,0,0,0,1,2,1,0,177.8,172.72,155.0,25.0,26.0,0,0,0,0,0,0,1,0,0,0,0,0,0,0,0,0,0,1,0,0,1,0,0,0
Red,False,0.0,0.0,0.5,0.33,0.54,0.0,0.0,1.0,0.0,0.0,54.0,27.0,33.0,11.0,152.0,122.0,61.0,37.0,11.0,6.0,0.0,0.0,23.0,1.0,28.0,7.0,15.0,10.0,5.0,4.0,16.0,16.0,0.0,0.0,16.0,1.0,17.0,6.0,17.0,9.0,16.0,5.0,21.0,17.0,0.0,0.0,707.0,49.0,900.0,3,0,1,0,1,1,0,0,0,0,1,0,0,0,172.72,180.34,170.0,0.0029296875,0.375,0.465556640625,0.443779296875,0.7095703124999999,0.11345703125,1.0380859375,2.876953125,0.0,0.40625,58.4013671875,26.15625,43.0361328125,22.56640625,177.0322265625,134.25390625,61.91796875,39.5068359375,5.2685546875,3.392578125,2.4853515625,0.97265625,40.6650390625,13.2841796875,33.8193359375,15.39453125,9.763671875,7.79296875,5.341796875,3.736328125,7.97265625,5.0791015625,3.875,3.435546875,35.3212890625,9.697265625,29.43359375,12.7841796875,9.4287109375,6.6396484375,3.2900390625,2.8603515625,13.6513671875,9.8193359375,10.3125,6.921875,592.4345703125,167.39453125,962.5029296875,31,1,8,0,8,10,1,0,0,1,5,1,3,0,182.88,187.96,170.0,29.0,31.0,0,0,0,0,0,0,0,0,0,1,0,0,0,0,0,1,0,0,0,0,1,0,0,0
Red,False,0.0625,0.5,0.3771484375,0.3983984375,0.3834765625,0.2990625,0.3046875,1.6171875,0.0,0.0625,94.23046875,35.48046875,127.18359375,53.1640625,125.79296875,62.7265625,144.53515625,69.12890625,9.109375,3.55859375,3.4375,0.640625,74.109375,18.546875,119.10546875,47.2421875,6.35546875,4.07421875,5.5234375,3.7421875,13.765625,12.859375,2.5546875,2.1796875,60.25,17.62890625,102.02734375,36.484375,12.4765625,8.328125,10.64453125,7.71875,21.50390625,9.5234375,14.51171875,8.9609375,463.55859375,52.453125,850.6640625,24,0,1,0,3,5,4,0,0,2,1,1,1,0,170.18,177.8,155.0,0.0,0.0,0.3985009765625,0.4646044921875,0.29501953125,0.307783203125,0.30859375,0.64453125,0.00390625,0.0,58.3203125,23.89453125,66.59619140625,34.9296875,106.13818359375,69.85400390625,119.5146484375,87.01904296875,9.2900390625,1.12255859375,3.2392578125,0.93017578125,44.2919921875,14.29833984375,48.14599609375,19.859375,7.30224609375,5.6611328125,11.1953125,8.7958984375,6.72607421875,3.93505859375,7.2548828125,6.2744140625,37.6005859375,11.345703125,34.93212890625,10.41748046875,9.83984375,5.82568359375,21.27294921875,15.9921875,10.8798828125,6.72314453125,10.39111328125,8.52001953125,213.7861328125,168.69287109375,797.93505859375,26,3,0,1,6,9,3,0,0,0,1,2,5,1,177.8,187.96,145.0,28.0,33.0,0,0,0,0,0,0,1,0,0,0,0,0,0,0,0,1,0,0,0,0,0,0,1,0
Red,False,0.359375,0.5625,0.37234375,0.546484375,0.138671875,0.39546875,0.90234375,0.5,0.0,0.125,52.69140625,16.35546875,70.1484375,42.03515625,58.2421875,20.65625,80.80859375,51.81640625,0.17578125,0.140625,4.35546875,1.54296875,47.23828125,12.5078125,50.55078125,24.37890625,0.89453125,0.88671875,9.3046875,8.89453125,4.55859375,2.9609375,10.29296875,8.76171875,42.76171875,11.0078125,39.98046875,21.94140625,3.45703125,0.75,12.2734375,9.19921875,6.47265625,4.59765625,17.89453125,10.89453125,20.109375,179.80078125,533.83203125,17,0,0,1,4,6,3,0,0,0,0,2,4,0,185.42,193.04,185.0,0.50390625,0.0,0.442734375,0.4111718749999999,0.065546875,0.5965234374999999,0.2734375,0.52734375,0.00390625,0.00390625,100.51953125,49.17578125,114.4765625,42.875,102.6953125,51.33203125,139.3515625,65.92578125,0.12890625,0.07421875,4.9140625,2.93359375,69.4375,25.15625,105.12890625,36.2109375,10.8359375,7.41796875,6.68359375,4.37890625,20.24609375,16.6015625,2.6640625,2.28515625,90.5234375,41.69921875,96.015625,32.83203125,8.21875,6.3671875,5.921875,3.94140625,1.77734375,1.109375,12.5390625,6.1015625,59.15234375,222.6171875,745.72265625,20,0,0,1,2,5,4,0,0,1,0,1,2,1,187.96,190.5,185.0,31.0,25.0,0,1,0,0,0,0,0,0,0,0,0,0,0,0,0,1,0,0,0,0,1,0,0,0
Red,False,0.25,0.25,0.54,0.43625,0.25,0.0,0.625,0.0,0.0,0.0,47.875,30.0,36.125,17.625,57.625,39.625,43.75,24.625,1.0,0.5,1.125,0.0,36.375,19.75,27.5,11.125,8.375,7.375,4.625,3.875,3.125,2.875,4.0,2.625,18.75,8.125,13.125,4.5,25.125,18.5,21.0,11.625,4.0,3.375,2.0,1.5,63.875,74.75,284.0,5,1,2,0,2,3,1,0,0,0,0,2,1,0,187.96,195.58,245.0,0.0,0.5,0.54,0.4,0.5,0.5,3.25,0.5,0.75,0.0,9.75,7.0,31.0,11.0,31.5,25.25,39.75,17.0,0.75,0.5,0.5,0.5,6.25,3.75,26.0,7.75,1.0,0.75,4.75,3.0,2.5,2.5,0.25,0.25,4.5,3.25,6.25,2.0,0.25,0.25,3.0,2.0,5.0,3.5,21.75,7.0,65.5,118.0,249.75,4,0,0,1,2,2,1,0,0,0,0,0,2,0,210.82,213.36,265.0,35.0,21.0,0,0,0,0,1,0,0,0,0,0,0,0,0,0,0,1,0,0,0,0,1,0,0,0
Red,True,0.765625,0.0,0.465205078125,0.35388671875,0.386826171875,0.23203125,2.03662109375,0.3779296875,0.05078125,0.2509765625,141.01513671875,65.54248046875,97.9306640625,29.64990234375,150.02587890625,74.43359375,121.09423828125,49.1953125,3.4091796875,0.8955078125,5.0283203125,1.271484375,130.17578125,57.1220703125,87.86083984375,21.87109375,9.33935546875,7.04541015625,5.3466796875,3.9306640625,1.5,1.375,4.72314453125,3.84814453125,111.5673828125,47.64599609375,74.42724609375,19.7998046875,9.0546875,5.91015625,8.18505859375,4.15625,20.39306640625,11.986328125,15.318359375,5.69384765625,84.59912109375,269.17333984375,848.00830078125,29,1,6,0,6,10,2,0,0,1,4,5,0,0,177.8,182.88,170.0,0.25018310546875,0.0,0.5696466064453125,0.435516357421875,0.20660400390625,0.15266357421875,0.69970703125,0.0029296875,0.015625,0.0048828125,85.02392578125,51.8477783203125,85.2894287109375,40.668701171875,150.30804443359375,115.87188720703124,184.7982177734375,134.184326171875,2.01153564453125,0.6142578125,9.7181396484375,1.06134033203125,67.09649658203125,35.20623779296875,61.03582763671875,21.13873291015625,12.14666748046875,10.86395263671875,13.0872802734375,11.4466552734375,5.78076171875,5.777587890625,11.16632080078125,8.08331298828125,49.9041748046875,24.29986572265625,54.40093994140625,18.37213134765625,23.28216552734375,17.99822998046875,15.8621826171875,10.7186279296875,11.83758544921875,9.5496826171875,15.02630615234375,11.57794189453125,170.7545166015625,394.73675537109375,1054.3364868164062,40,8,3,0,3,10,5,0,0,0,1,5,4,0,175.26,177.8,155.0,27.0,30.0,0,0,0,0,0,0,1,0,0,0,0,0,0,0,0,0,0,1,0,0,1,0,0,0
Red,False,0.015625,0.0,0.45,0.4275,0.25,0.2,0.148468017578125,0.098388671875,0.0,0.0,66.5,29.6875,64.31230545043945,27.34375,89.75,48.0,85.53125,44.41152191162109,2.0,0.75,2.0546875,0.75,51.1875,18.3359375,49.6123046875,16.280410766601562,7.5,5.07647705078125,7.5,5.0,4.5,3.625,4.984375,3.9375,48.6875,17.0,47.11572265625,16.5,5.75,3.75,5.3125,3.4375,5.0625,3.5,3.875,2.5,99.2119140625,94.125,638.5,0,0,0,0,0,0,0,0,0,0,0,0,0,0,187.96,187.96,185.0,0.0,0.25,0.36,0.4725,0.63,0.5,1.0,0.5,0.0,0.0,33.25,15.75,38.75,14.25,100.75,69.75,48.0,23.5,9.25,4.25,0.5,0.5,30.25,14.25,37.25,13.0,2.25,1.0,1.0,0.75,0.75,0.5,0.5,0.5,20.25,8.0,28.25,9.25,3.0,1.5,3.75,1.0,10.0,6.25,6.75,4.0,387.75,65.25,714.0,7,0,1,0,1,2,1,0,0,0,1,0,1,0,172.72,180.34,170.0,36.0,29.0,0,0,0,0,0,0,0,1,0,0,0,0,0,0,0,1,0,0,0,0,1,0,0,0
Red,False,0.0,0.0,0.21,0.4,0.33,0.0,0.0,1.0,0.0,0.0,185.0,39.0,162.0,66.0,185.0,39.0,162.0,66.0,3.0,1.0,1.0,0.0,173.0,29.0,116.0,36.0,9.0,7.0,19.0,11.0,3.0,3.0,27.0,19.0,181.0,36.0,155.0,63.0,4.0,3.0,7.0,3.0,0.0,0.0,0.0,0.0,7.0,6.0,900.0,3,0,0,1,0,0,1,0,0,0,0,0,0,0,177.8,180.34,170.0,0.0,0.0,0.61,0.58,0.0,1.0,0.0,8.0,0.0,0.0,21.0,13.0,29.0,17.0,35.0,26.0,47.0,33.0,0.0,0.0,2.0,2.0,18.0,11.0,22.0,11.0,2.0,1.0,3.0,2.0,1.0,1.0,4.0,4.0,9.0,3.0,12.0,6.0,5.0,4.0,14.0,9.0,7.0,6.0,3.0,2.0,76.0,136.0,294.0,1,1,0,1,0,0,1,0,0,0,0,0,0,0,185.42,190.5,170.0,25.0,27.0,0,0,0,0,0,0,0,0,0,1,0,0,0,0,0,1,0,0,0,0,1,0,0,0
Red,False,0.5,0.25,0.39875,0.45,0.5,0.395,0.625,0.0,0.0,0.0,120.75,44.375,155.5,67.125,142.875,65.75,190.75,99.0,0.625,0.5,3.75,1.625,93.125,22.125,121.625,40.875,13.25,10.375,29.125,22.25,14.375,11.875,4.75,4.0,109.125,37.375,136.75,56.625,9.625,6.0,8.0,5.625,2.0,1.0,10.75,4.875,19.625,223.0,775.125,11,0,2,0,2,2,2,0,0,0,0,1,1,0,177.8,187.96,170.0,0.0,0.0,0.47,0.4499999999999999,0.475,0.9,0.0,0.5,0.5,2.0,60.0,28.0,67.0,30.0,103.0,65.5,109.0,67.5,4.5,2.0,3.5,3.0,43.0,15.5,63.0,26.0,11.5,8.5,2.0,2.0,5.5,4.0,2.0,2.0,38.0,11.5,25.5,9.0,15.5,12.0,3.5,2.5,6.5,4.5,38.0,18.5,171.0,587.0,900.0,6,0,1,0,1,1,1,0,0,1,0,0,0,0,177.8,182.88,155.0,29.0,25.0,0,0,0,0,0,0,0,0,0,1,0,0,0,0,0,1,0,0,0,0,1,0,0,0
Red,False,0.25,0.0,0.4225,0.3,0.275,0.0,0.5,0.0,0.0,0.0,84.5,34.25,74.0,23.25,98.0,47.0,87.0,35.5,3.75,2.25,2.75,0.0,58.5,17.75,57.75,12.0,15.5,11.0,8.25,5.25,10.5,5.5,8.0,6.0,60.25,18.5,54.0,12.25,20.0,12.5,19.75,10.75,4.25,3.25,0.25,0.25,143.25,61.0,681.5,8,0,3,0,3,3,0,0,0,0,2,0,1,0,193.04,213.36,205.0,0.5,0.1328125,0.410703125,0.405390625,0.360859375,0.0,0.0,0.0078125,0.0,0.0,69.265625,27.6328125,63.5546875,27.40625,89.2890625,46.1875,65.84375,29.625,1.546875,0.6875,2.125,0.0,63.8125,22.7265625,50.0625,16.8203125,1.8515625,1.5546875,6.078125,4.1015625,3.6015625,3.3515625,7.4140625,6.484375,58.9453125,21.0390625,54.234375,22.5390625,5.109375,2.7421875,8.859375,4.484375,5.2109375,3.8515625,0.4609375,0.3828125,44.3203125,1.2421875,371.3359375,16,0,3,0,3,6,2,0,0,0,1,5,0,0,185.42,193.04,205.0,22.0,33.0,0,0,0,0,0,1,0,0,0,0,0,0,0,0,0,1,0,0,0,0,1,0,0,0
Red,False,0.015625,0.0,0.45,0.4275,0.25,0.2,0.148468017578125,0.098388671875,0.0,0.0,66.5,29.6875,64.31230545043945,27.34375,89.75,48.0,85.53125,44.41152191162109,2.0,0.75,2.0546875,0.75,51.1875,18.3359375,49.6123046875,16.280410766601562,7.5,5.07647705078125,7.5,5.0,4.5,3.625,4.984375,3.9375,48.6875,17.0,47.11572265625,16.5,5.75,3.75,5.3125,3.4375,5.0625,3.5,3.875,2.5,99.2119140625,94.125,638.5,0,0,0,0,0,0,0,0,0,0,0,0,0,0,175.26,182.88,205.0,0.0,0.0,0.3399999999999999,0.245,0.0,0.5,0.0,1.0,0.0,0.0,98.0,26.0,82.5,19.0,104.0,32.0,86.5,23.0,2.5,0.0,1.5,1.0,77.5,10.0,65.5,8.0,9.5,6.0,12.5,8.0,11.0,10.0,4.5,3.0,89.5,22.5,80.5,18.5,8.5,3.5,2.0,0.5,0.0,0.0,0.0,0.0,7.5,53.5,566.5,4,0,0,1,1,1,1,0,0,0,1,0,0,0,185.42,187.96,205.0,28.0,29.0,0,0,0,0,0,1,0,0,0,0,0,0,0,0,0,0,0,0,1,0,1,0,0,0
Red,False,0.015625,0.0,0.45,0.4275,0.25,0.2,0.148468017578125,0.098388671875,0.0,0.0,66.5,29.6875,64.31230545043945,27.34375,89.75,48.0,85.53125,44.41152191162109,2.0,0.75,2.0546875,0.75,51.1875,18.3359375,49.6123046875,16.280410766601562,7.5,5.07647705078125,7.5,5.0,4.5,3.625,4.984375,3.9375,48.6875,17.0,47.11572265625,16.5,5.75,3.75,5.3125,3.4375,5.0625,3.5,3.875,2.5,99.2119140625,94.125,638.5,0,0,0,0,0,0,0,0,0,0,0,0,0,0,198.12,198.12,265.0,0.0471682548522949,0.0,0.45,0.4217682266235352,0.25,0.19173828125,0.1875,0.125,0.0,0.0,69.5,30.5,66.984375,27.8466796875,94.0,48.544921875,88.50390625,44.75,2.0,0.8125,2.015625,0.6640625,54.0,19.01513671875,51.483436584472656,16.9437255859375,7.91796875,5.430633544921875,7.75,5.0625,4.780975341796875,3.9373779296875,4.8994140625,3.84375,51.025390625,18.400863647460938,50.515625,17.5,5.75,3.75,5.5,3.5,5.375,3.6875,4.0,2.65625,104.865234375,89.5,655.8441009521484,0,0,0,0,0,0,0,0,0,0,0,0,0,0,190.5,208.28,265.0,36.0,31.0,0,0,0,0,1,0,0,0,0,0,0,0,0,0,0,1,0,0,0,0,0,0,0,1
Red,False,1.0,1.0,0.41,0.6,0.33,0.0,0.0,1.0,0.0,0.0,29.0,12.0,48.0,29.0,40.0,22.0,72.0,51.0,3.0,1.0,0.0,0.0,27.0,11.0,45.0,26.0,1.0,0.0,2.0,2.0,1.0,1.0,1.0,1.0,13.0,5.0,15.0,6.0,10.0,5.0,15.0,9.0,6.0,2.0,18.0,14.0,84.0,101.0,274.0,1,0,1,0,1,1,0,0,0,0,0,1,0,0,180.34,180.34,155.0,0.0,0.0,0.453125,0.25125,0.3778125,0.2931249999999999,0.5,0.375,0.03125,0.0,142.625,62.8125,125.71875,22.125,169.28125,87.53125,144.25,37.71875,8.09375,3.875,3.09375,1.71875,117.125,41.90625,118.5,17.0625,16.28125,14.71875,4.8125,2.9375,9.21875,6.1875,2.40625,2.125,107.5625,39.78125,118.6875,18.90625,8.3125,6.28125,6.3125,2.75,26.75,16.75,0.71875,0.46875,271.53125,62.84375,881.09375,16,0,3,0,3,5,1,0,0,0,4,1,0,0,167.64,172.72,135.0,28.0,28.0,0,0,0,0,0,0,1,0,0,0,0,0,0,0,0,1,0,0,0,0,1,0,0,0
Red,False,0.015625,0.0,0.45,0.4275,0.25,0.2,0.148468017578125,0.098388671875,0.0,0.0,66.5,29.6875,64.31230545043945,27.34375,89.75,48.0,85.53125,44.41152191162109,2.0,0.75,2.0546875,0.75,51.1875,18.3359375,49.6123046875,16.280410766601562,7.5,5.07647705078125,7.5,5.0,4.5,3.625,4.984375,3.9375,48.6875,17.0,47.11572265625,16.5,5.75,3.75,5.3125,3.4375,5.0625,3.5,3.875,2.5,99.2119140625,94.125,638.5,0,0,0,0,0,0,0,0,0,0,0,0,0,0,187.96,187.96,220.0,0.0471682548522949,0.0,0.45,0.4217682266235352,0.25,0.19173828125,0.1875,0.125,0.0,0.0,69.5,30.5,66.984375,27.8466796875,94.0,48.544921875,88.50390625,44.75,2.0,0.8125,2.015625,0.6640625,54.0,19.01513671875,51.483436584472656,16.9437255859375,7.91796875,5.430633544921875,7.75,5.0625,4.780975341796875,3.9373779296875,4.8994140625,3.84375,51.025390625,18.400863647460938,50.515625,17.5,5.75,3.75,5.5,3.5,5.375,3.6875,4.0,2.65625,104.865234375,89.5,655.8441009521484,0,0,0,0,0,0,0,0,0,0,0,0,0,0,193.04,195.58,230.0,24.0,29.0,0,0,0,0,1,0,0,0,0,0,0,0,0,0,0,1,0,0,0,0,0,0,0,1
Red,False,0.1875,0.25,0.400625,0.6312500000000001,0.125,0.28125,0.0,1.0,0.0,0.5,15.25,8.4375,25.1875,15.875,20.25,13.4375,42.125,31.8125,0.125,0.125,2.25,0.6875,11.5625,5.4375,21.375,13.5625,2.5,1.8125,3.6875,2.1875,1.1875,1.1875,0.125,0.125,4.125,1.625,1.9375,1.0,5.0,3.3125,3.625,2.0,6.125,3.5,19.625,12.875,21.75,113.5625,180.9375,5,0,2,0,2,2,3,0,0,0,0,2,0,0,182.88,182.88,205.0,0.0471682548522949,0.0,0.45,0.4217682266235352,0.25,0.19173828125,0.1875,0.125,0.0,0.0,69.5,30.5,66.984375,27.8466796875,94.0,48.544921875,88.50390625,44.75,2.0,0.8125,2.015625,0.6640625,54.0,19.01513671875,51.483436584472656,16.9437255859375,7.91796875,5.430633544921875,7.75,5.0625,4.780975341796875,3.9373779296875,4.8994140625,3.84375,51.025390625,18.400863647460938,50.515625,17.5,5.75,3.75,5.5,3.5,5.375,3.6875,4.0,2.65625,104.865234375,89.5,655.8441009521484,0,0,0,0,0,0,0,0,0,0,0,0,0,0,187.96,195.58,235.0,37.0,35.0,0,1,0,0,0,0,0,0,0,0,0,0,0,0,0,1,0,0,0,0,1,0,0,0
Red,True,0.015625,0.0,0.45,0.4275,0.25,0.2,0.148468017578125,0.098388671875,0.0,0.0,66.5,29.6875,64.31230545043945,27.34375,89.75,48.0,85.53125,44.41152191162109,2.0,0.75,2.0546875,0.75,51.1875,18.3359375,49.6123046875,16.280410766601562,7.5,5.07647705078125,7.5,5.0,4.5,3.625,4.984375,3.9375,48.6875,17.0,47.11572265625,16.5,5.75,3.75,5.3125,3.4375,5.0625,3.5,3.875,2.5,99.2119140625,94.125,638.5,0,0,0,0,0,0,0,0,0,0,0,0,0,0,193.04,198.12,245.0,0.0471682548522949,0.0,0.45,0.4217682266235352,0.25,0.19173828125,0.1875,0.125,0.0,0.0,69.5,30.5,66.984375,27.8466796875,94.0,48.544921875,88.50390625,44.75,2.0,0.8125,2.015625,0.6640625,54.0,19.01513671875,51.483436584472656,16.9437255859375,7.91796875,5.430633544921875,7.75,5.0625,4.780975341796875,3.9373779296875,4.8994140625,3.84375,51.025390625,18.400863647460938,50.515625,17.5,5.75,3.75,5.5,3.5,5.375,3.6875,4.0,2.65625,104.865234375,89.5,655.8441009521484,0,0,0,0,0,0,0,0,0,0,0,0,0,0,182.88,185.42,263.0,26.0,33.0,0,0,0,0,1,0,0,0,0,0,0,0,0,0,0,1,0,0,0,0,1,0,0,0
Red,False,0.015625,0.0,0.45,0.4275,0.25,0.2,0.148468017578125,0.098388671875,0.0,0.0,66.5,29.6875,64.31230545043945,27.34375,89.75,48.0,85.53125,44.41152191162109,2.0,0.75,2.0546875,0.75,51.1875,18.3359375,49.6123046875,16.280410766601562,7.5,5.07647705078125,7.5,5.0,4.5,3.625,4.984375,3.9375,48.6875,17.0,47.11572265625,16.5,5.75,3.75,5.3125,3.4375,5.0625,3.5,3.875,2.5,99.2119140625,94.125,638.5,0,0,0,0,0,0,0,0,0,0,0,0,0,0,187.96,187.96,265.0,0.0471682548522949,0.0,0.45,0.4217682266235352,0.25,0.19173828125,0.1875,0.125,0.0,0.0,69.5,30.5,66.984375,27.8466796875,94.0,48.544921875,88.50390625,44.75,2.0,0.8125,2.015625,0.6640625,54.0,19.01513671875,51.483436584472656,16.9437255859375,7.91796875,5.430633544921875,7.75,5.0625,4.780975341796875,3.9373779296875,4.8994140625,3.84375,51.025390625,18.400863647460938,50.515625,17.5,5.75,3.75,5.5,3.5,5.375,3.6875,4.0,2.65625,104.865234375,89.5,655.8441009521484,0,0,0,0,0,0,0,0,0,0,0,0,0,0,182.88,182.88,240.0,22.0,29.0,0,0,0,0,1,0,0,0,0,0,0,0,0,0,0,1,0,0,0,0,1,0,0,0
Red,False,0.0,0.0,0.28375,0.57625,0.1,0.125,2.0,0.125,0.0,0.5,22.0,8.125,63.875,34.0,32.125,18.0,101.625,68.125,4.75,0.75,0.125,0.125,16.25,4.0,48.625,22.75,3.5,2.5,7.5,6.5,2.25,1.625,7.75,4.75,12.0,3.375,22.125,7.375,9.625,4.5,14.875,10.375,0.375,0.25,26.875,16.25,98.5,392.0,703.75,10,1,1,0,1,1,3,0,0,0,0,0,1,0,175.26,182.88,155.0,0.0,0.0,0.51,0.385,0.855,0.33,1.5,1.5,1.0,1.5,39.0,20.0,64.0,28.0,92.0,69.0,95.0,55.5,7.0,6.0,6.0,2.0,25.5,9.0,44.5,13.0,5.0,4.5,13.5,10.5,8.5,6.5,6.0,4.5,22.5,9.0,41.0,14.0,2.0,1.0,6.5,4.5,14.5,10.0,16.5,9.5,434.0,186.5,900.0,6,0,2,0,2,2,0,0,0,2,0,0,0,0,170.18,182.88,170.0,34.0,26.0,0,0,0,0,0,0,0,0,0,1,0,0,0,0,0,1,0,0,0,0,1,0,0,0
Red,False,0.015625,0.0,0.45,0.4275,0.25,0.2,0.148468017578125,0.098388671875,0.0,0.0,66.5,29.6875,64.31230545043945,27.34375,89.75,48.0,85.53125,44.41152191162109,2.0,0.75,2.0546875,0.75,51.1875,18.3359375,49.6123046875,16.280410766601562,7.5,5.07647705078125,7.5,5.0,4.5,3.625,4.984375,3.9375,48.6875,17.0,47.11572265625,16.5,5.75,3.75,5.3125,3.4375,5.0625,3.5,3.875,2.5,99.2119140625,94.125,638.5,0,0,0,0,0,0,0,0,0,0,0,0,0,0,172.72,172.72,155.0,0.0,0.125,0.419375,0.60875,0.566875,0.1875,2.0,0.3125,0.5,0.5625,48.125,20.0,24.5,12.3125,93.0,61.5,50.8125,37.8125,3.75,1.5625,0.4375,0.1875,43.3125,15.5,21.125,9.125,4.0,3.6875,1.375,1.1875,0.8125,0.8125,2.0,2.0,12.125,2.0625,15.875,6.125,3.9375,3.5,3.1875,2.6875,32.0625,14.4375,5.4375,3.5,371.25,72.3125,525.6875,11,0,0,1,2,3,2,0,0,0,1,0,2,0,172.72,190.5,155.0,26.0,28.0,0,0,0,0,0,0,1,0,0,0,0,0,0,0,0,1,0,0,0,0,1,0,0,0
Red,False,0.625,0.0,0.4475,0.34,0.125,0.0,0.0,0.0,0.0,0.0,137.0,56.75,120.25,43.125,138.75,58.5,120.875,43.75,0.625,0.125,0.625,0.0,122.5,44.75,95.875,23.25,13.0,10.5,11.625,10.375,1.5,1.5,12.75,9.5,127.625,50.25,118.25,41.875,5.75,3.375,2.0,1.25,3.625,3.125,0.0,0.0,18.0,2.875,618.5,7,0,0,1,3,3,1,0,0,0,1,2,0,0,187.96,195.58,185.0,0.0471682548522949,0.0,0.45,0.4217682266235352,0.25,0.19173828125,0.1875,0.125,0.0,0.0,69.5,30.5,66.984375,27.8466796875,94.0,48.544921875,88.50390625,44.75,2.0,0.8125,2.015625,0.6640625,54.0,19.01513671875,51.483436584472656,16.9437255859375,7.91796875,5.430633544921875,7.75,5.0625,4.780975341796875,3.9373779296875,4.8994140625,3.84375,51.025390625,18.400863647460938,50.515625,17.5,5.75,3.75,5.5,3.5,5.375,3.6875,4.0,2.65625,104.865234375,89.5,655.8441009521484,0,0,0,0,0,0,0,0,0,0,0,0,0,0,187.96,190.5,205.0,28.0,33.0,0,0,0,0,0,1,0,0,0,0,0,0,0,0,0,0,0,1,0,0,0,0,1,0
Red,False,0.015625,0.0,0.45,0.4275,0.25,0.2,0.148468017578125,0.098388671875,0.0,0.0,66.5,29.6875,64.31230545043945,27.34375,89.75,48.0,85.53125,44.41152191162109,2.0,0.75,2.0546875,0.75,51.1875,18.3359375,49.6123046875,16.280410766601562,7.5,5.07647705078125,7.5,5.0,4.5,3.625,4.984375,3.9375,48.6875,17.0,47.11572265625,16.5,5.75,3.75,5.3125,3.4375,5.0625,3.5,3.875,2.5,99.2119140625,94.125,638.5,0,0,0,0,0,0,0,0,0,0,0,0,0,0,175.26,180.34,155.0,0.5,0.0,0.37,0.355,0.0,0.5,2.5,0.5,0.0,0.0,17.5,6.0,31.5,11.5,22.5,10.0,90.0,67.5,1.0,0.0,2.0,2.0,15.0,3.5,25.5,7.5,1.0,1.0,1.0,1.0,1.5,1.5,5.0,3.0,15.5,4.5,25.5,6.0,1.0,1.0,1.5,1.5,1.0,0.5,4.5,4.0,42.5,370.5,554.5,4,0,1,0,1,1,1,0,0,0,0,1,0,0,180.34,187.96,170.0,29.0,28.0,0,0,0,0,0,0,0,0,0,1,0,0,0,0,0,0,0,1,0,0,1,0,0,0
Red,False,0.041015625,0.515625,0.44984375,0.374501953125,0.3375390625,0.6884765625,1.7744140625,0.1884765625,0.0,0.021484375,74.552734375,30.078125,93.5009765625,35.150390625,128.9853515625,80.9365234375,125.06640625,64.814453125,3.7509765625,1.341796875,0.7529296875,0.7529296875,54.4169921875,16.15625,70.404296875,16.859375,14.9814453125,9.396484375,11.2158203125,7.9814453125,5.154296875,4.525390625,11.880859375,10.3095703125,63.982421875,23.416015625,67.25,21.583984375,6.65234375,3.927734375,16.7177734375,9.375,3.91796875,2.734375,9.533203125,4.19140625,201.8798828125,170.625,796.6806640625,22,0,0,1,6,8,3,0,0,1,1,2,4,0,177.8,177.8,170.0,0.375,0.5,0.6525,0.255,0.125,0.51,0.75,0.75,0.0,0.125,38.625,26.375,26.5,8.0,64.375,51.625,73.0,49.875,0.625,0.125,2.875,0.625,22.5,13.25,23.125,5.625,12.375,9.875,2.0,1.25,3.75,3.25,1.375,1.125,16.625,8.75,14.375,3.125,20.125,15.75,7.875,3.125,1.875,1.875,4.25,1.75,105.625,221.375,459.25,8,0,3,0,3,3,1,0,0,0,1,1,1,0,187.96,195.58,170.0,36.0,26.0,0,0,0,0,0,0,0,0,0,1,0,0,0,0,0,0,0,1,0,0,1,0,0,0
Red,False,0.0,0.0,0.5,0.325,0.625,0.5,0.5,1.0,0.0,0.5,23.0,11.5,24.5,8.0,33.5,21.5,60.0,40.5,3.0,2.0,0.5,0.5,20.0,9.0,17.5,4.0,0.0,0.0,0.5,0.0,3.0,2.5,6.5,4.0,14.0,6.0,22.0,6.0,1.5,0.5,0.5,0.5,7.5,5.0,2.0,1.5,85.0,115.5,376.5,4,0,0,1,1,1,1,0,0,0,0,0,1,0,185.42,185.42,185.0,0.25,0.09375,0.4075,0.519765625,0.0234375,0.32484375,1.2109375,0.046875,0.0234375,0.015625,51.8203125,23.6875,47.1953125,26.671875,89.9453125,59.296875,69.4375,44.5546875,0.0546875,0.0234375,8.3125,3.4921875,42.234375,15.046875,35.9296875,16.703125,6.5546875,5.9609375,6.65625,5.859375,3.03125,2.6796875,4.609375,4.109375,28.0625,6.34375,17.75,8.8046875,17.2890625,12.5625,6.78125,4.7265625,6.46875,4.78125,22.6640625,13.140625,47.0,419.8828125,617.3984375,15,1,3,0,3,5,3,0,0,1,1,2,1,0,198.12,200.66,185.0,27.0,27.0,0,0,0,0,0,0,0,1,0,0,0,0,0,0,0,1,0,0,0,0,1,0,0,0
Red,False,0.9375,0.0,0.4921875,0.215,0.1846875,0.0078125,0.046875,0.28125,0.015625,0.015625,37.546875,18.671875,17.796875,7.65625,55.546875,34.15625,24.875,14.640625,0.78125,0.703125,0.40625,0.015625,27.8125,11.28125,11.0,3.28125,4.34375,3.140625,2.328125,1.1875,5.390625,4.25,4.46875,3.1875,24.328125,10.875,16.09375,6.546875,7.734375,4.5,1.546875,0.953125,5.484375,3.296875,0.15625,0.15625,86.09375,8.21875,229.0625,12,0,1,0,3,5,2,0,0,0,0,5,0,0,187.96,198.12,205.0,0.6416015625,0.3751220703125,0.422567138671875,0.21814697265625,0.0397882080078125,0.00830078125,0.00372314453125,0.23162841796875,0.00048828125,0.00439453125,29.41204833984375,11.4725341796875,27.9476318359375,9.19989013671875,32.18438720703125,14.15802001953125,30.11334228515625,11.3031005859375,0.51763916015625,0.10589599609375,0.14208984375,0.01611328125,25.63604736328125,9.24493408203125,21.21466064453125,5.0184326171875,2.7958984375,1.255859375,1.7559814453125,0.82373046875,0.9801025390625,0.97174072265625,4.97698974609375,3.35772705078125,24.11920166015625,6.8636474609375,26.1636962890625,8.08880615234375,0.92236328125,0.59375,1.470458984375,0.860595703125,4.3704833984375,4.01513671875,0.3134765625,0.25048828125,35.20013427734375,6.3701171875,215.1680908203125,30,0,2,0,5,11,4,0,0,0,4,5,2,0,177.8,185.42,170.0,25.0,31.0,0,0,0,0,0,0,0,0,0,1,0,0,0,0,0,1,0,0,0,0,1,0,0,0
Red,False,0.0,0.0,0.415,0.366875,0.34375,0.314375,1.0625,0.1875,0.0,0.0,26.1875,10.375,34.1875,16.3125,46.75,29.3125,95.0,75.5625,2.0,0.75,6.0,3.3125,22.125,6.9375,17.25,2.8125,3.3125,2.75,7.875,5.375,0.75,0.6875,9.0625,8.125,12.125,3.75,12.3125,1.625,9.3125,3.5625,9.5,5.125,4.75,3.0625,12.375,9.5625,116.0,391.625,624.125,11,0,0,1,3,3,2,0,0,0,1,0,2,0,180.34,180.34,170.0,0.0,0.0,0.12,0.3,0.0,0.75,1.0,1.0,0.0,0.0,47.0,6.0,59.0,18.0,57.0,16.0,78.0,35.0,2.0,0.0,4.0,3.0,42.0,4.0,53.0,13.0,4.0,2.0,5.0,4.0,1.0,0.0,1.0,1.0,41.0,5.0,43.0,9.0,5.0,1.0,3.0,2.0,1.0,0.0,13.0,7.0,5.0,263.0,369.0,2,0,0,1,0,0,1,0,0,0,0,0,0,0,175.26,180.34,170.0,32.0,25.0,0,0,0,0,0,0,0,0,0,1,0,0,0,0,0,0,0,1,0,0,1,0,0,0
Red,False,1.52587890625e-05,0.626983642578125,0.3749828815460205,0.4711369323730469,0.1655943489074707,0.55568359375,1.25054931640625,0.0078325271606445,0.0,0.0078201293945312,55.203227043151855,19.532207489013672,65.94766139984131,32.61485481262207,75.36562728881836,39.05004596710205,90.6189947128296,55.65584754943848,7.706249237060547,1.059713363647461,2.767594337463379,1.008056640625,38.85798263549805,6.89316463470459,49.8291654586792,18.34347343444824,8.685996055603027,8.2942476272583,5.955406188964844,5.186859130859375,7.659248352050781,4.344795227050781,10.163089752197266,9.084522247314451,40.24732398986816,8.473405838012695,49.78115177154541,24.367395401000977,11.906761169433594,9.13100242614746,4.411586761474609,3.2171459197998047,3.0491418838500977,1.927799224853516,11.754922866821287,5.030313491821289,122.8710708618164,137.93486785888672,818.857274055481,52,10,1,0,6,14,7,0,0,2,3,7,1,1,190.5,187.96,205.0,0.001953125,1.625,0.20759765625,0.46826171875,0.06369140625,0.2972265625,0.564453125,0.0,0.125,0.0,112.0625,32.5693359375,65.4541015625,28.525390625,124.8095703125,43.0390625,71.1337890625,33.685546875,0.306640625,0.1279296875,1.265625,0.63671875,82.2529296875,13.6064453125,60.802734375,24.6376953125,10.35546875,5.353515625,2.65234375,2.1669921875,19.4541015625,13.609375,1.9990234375,1.720703125,97.265625,24.37890625,45.69921875,15.560546875,6.9755859375,3.9951171875,3.8486328125,2.45703125,7.8212890625,4.1953125,15.90625,10.5078125,58.439453125,86.6787109375,580.298828125,27,3,3,0,3,7,4,0,0,0,4,1,2,0,190.5,195.58,205.0,34.0,30.0,0,0,0,0,0,1,0,0,0,0,0,0,0,0,0,1,0,0,0,0,1,0,0,0
Red,False,0.2890625,0.0,0.435390625,0.497265625,0.3690625,0.2965625,0.015625,0.640625,0.015625,0.5703125,46.921875,20.1015625,60.2109375,32.9921875,93.2109375,63.125,127.796875,92.921875,3.4296875,2.078125,6.3984375,2.171875,41.0390625,14.890625,49.6171875,23.1796875,5.578125,4.9375,7.3359375,6.5703125,0.3046875,0.2734375,3.2578125,3.2421875,31.8671875,8.9140625,35.9140625,14.5625,8.4609375,6.1484375,10.4375,9.265625,6.59375,5.0390625,13.859375,9.1640625,200.015625,283.7890625,761.078125,17,0,1,0,2,3,5,0,0,0,1,2,0,0,175.26,182.88,170.0,0.0,0.5,0.31,0.415,0.0,0.5,1.0,0.0,0.0,0.0,7.0,2.0,15.5,6.5,8.5,3.5,18.5,9.0,0.0,0.0,0.5,0.5,4.0,0.5,14.0,5.5,2.0,1.0,0.5,0.0,1.0,0.5,1.0,1.0,7.0,2.0,4.5,2.0,0.0,0.0,2.5,2.5,0.0,0.0,8.5,2.0,0.0,67.5,105.5,2,1,1,0,1,1,1,0,0,0,0,0,1,0,177.8,190.5,170.0,33.0,29.0,0,0,0,0,0,0,0,0,0,1,0,0,0,0,0,1,0,0,0,0,1,0,0,0
Red,False,0.0,0.0,0.3775,0.3975,0.0,0.3725,1.25,0.25,0.25,0.25,48.5,19.5,95.75,38.75,90.5,57.25,134.75,70.5,0.0,0.0,4.25,2.75,35.25,9.75,85.75,31.25,6.5,4.25,8.25,6.5,6.75,5.5,1.75,1.0,42.25,15.75,59.25,20.25,4.75,2.5,5.0,2.25,1.5,1.25,31.5,16.25,18.75,351.0,593.0,7,0,0,2,1,1,2,0,0,0,0,0,1,0,177.8,180.34,155.0,0.0,0.0,0.525,0.09,0.4875,0.0,1.5,0.0,0.25,0.75,26.0,12.75,26.75,3.0,57.5,40.25,37.0,12.75,3.5,2.25,0.5,0.0,23.5,10.5,23.75,1.0,2.5,2.25,1.75,1.0,0.0,0.0,1.25,1.0,14.25,6.25,22.25,3.0,1.5,0.75,2.25,0.0,10.25,5.75,2.25,0.0,229.5,25.75,344.5,5,0,3,0,3,3,0,0,0,0,0,1,2,0,177.8,180.34,155.0,29.0,32.0,0,0,0,0,0,0,1,0,0,0,0,0,0,0,0,1,0,0,0,0,1,0,0,0
Red,False,0.630859375,0.125,0.4786718749999999,0.3125,0.671875,0.1955078125,0.00390625,0.0,0.0,0.0,103.314453125,48.966796875,93.400390625,31.484375,111.921875,56.89453125,108.169921875,45.05078125,0.892578125,0.765625,3.453125,0.880859375,62.14453125,15.751953125,70.798828125,15.455078125,13.568359375,8.154296875,7.6484375,5.193359375,27.6015625,25.060546875,14.953125,10.8359375,78.623046875,31.0859375,70.1328125,16.111328125,22.240234375,15.814453125,19.75,13.794921875,2.451171875,2.06640625,3.517578125,1.578125,116.98046875,132.44921875,740.619140625,20,0,4,0,4,7,3,0,0,0,2,4,1,0,190.5,198.12,230.0,0.0625,1.289093017578125,0.4909181594848633,0.3953129577636719,0.187720947265625,0.1273126220703125,0.0473918914794921,1.6331939697265625,0.500244140625,1.00048828125,77.89223861694336,37.22116279602051,72.4149284362793,25.06513977050781,98.12691688537598,57.304176330566406,142.71080207824707,88.67253684997559,3.3446807861328125,1.1754913330078125,1.2732887268066406,0.518646240234375,71.55091667175293,31.97067642211914,64.92179489135742,18.668365478515625,1.9174480438232424,1.588422775268555,5.3043365478515625,4.208747863769531,4.423873901367188,3.662063598632813,2.1887969970703125,2.188026428222656,49.055301666259766,16.69605255126953,59.92436599731445,15.801097869873049,17.774330139160156,12.70403289794922,8.012893676757812,4.794643402099609,11.062606811523438,7.821077346801758,4.477668762207031,4.469398498535156,290.3678741455078,214.71690368652344,781.8964557647705,55,16,7,0,7,13,7,0,1,0,3,6,2,1,185.42,190.5,205.0,32.0,46.0,0,0,0,0,0,1,0,0,0,0,0,0,0,0,0,1,0,0,0,0,1,0,0,0
Red,False,0.0,0.25,0.2925,0.4275,0.7875,0.0,1.75,1.0,0.0,0.25,18.5,8.25,19.0,9.75,34.0,21.0,32.5,23.0,4.0,1.25,0.5,0.0,9.5,2.5,9.75,3.25,4.5,2.5,4.0,2.5,4.5,3.25,5.25,4.0,11.75,4.5,9.75,3.25,4.75,2.5,8.25,6.0,2.0,1.25,1.0,0.5,178.75,60.0,340.25,5,0,1,0,1,2,1,0,0,0,0,0,2,0,177.8,180.34,155.0,0.3125,0.5,0.4803125,0.26,0.25,0.334375,1.65625,0.0,0.5,0.0,64.90625,29.03125,77.09375,20.875,68.03125,31.875,121.59375,61.375,0.53125,0.25,2.46875,1.125,45.65625,14.0,62.15625,12.75,5.5625,3.09375,6.75,4.125,13.6875,11.9375,8.1875,4.0,54.6875,22.3125,60.03125,11.75,8.46875,6.15625,4.75,3.9375,1.75,0.5625,12.3125,5.1875,62.28125,151.6875,512.375,14,0,1,0,3,4,2,0,0,0,1,1,2,0,185.42,185.42,155.0,27.0,23.0,0,0,0,0,0,0,1,0,0,0,0,0,0,0,0,1,0,0,0,0,1,0,0,0
Red,False,0.0,0.0,0.47,0.375,0.715,0.0,1.0,0.5,0.0,0.5,60.0,28.5,40.5,16.0,113.0,78.5,45.0,20.5,5.5,4.0,0.0,0.0,50.0,21.0,26.5,5.5,9.0,6.5,10.0,7.0,1.0,1.0,4.0,3.5,36.5,12.5,36.0,13.0,5.5,3.0,3.5,2.5,18.0,13.0,1.0,0.5,411.5,13.0,738.0,5,0,0,1,1,1,1,0,0,0,1,0,0,0,180.34,195.58,185.0,0.0703125,0.5078125,0.33265625,0.321640625,0.2496875,0.2085156249999999,0.015625,0.0859375,0.01171875,0.00390625,112.0,36.5625,97.171875,29.88671875,118.19921875,41.94921875,101.82421875,33.9453125,1.59375,0.5859375,1.28125,0.60546875,97.41796875,26.09375,77.0859375,15.9609375,10.25,6.671875,11.2265625,6.58203125,4.33203125,3.796875,8.859375,7.34375,98.3359375,29.1328125,84.00390625,23.10546875,9.734375,4.86328125,12.2109375,6.09765625,3.9296875,2.56640625,0.95703125,0.68359375,37.5,49.0859375,570.0078125,18,1,4,0,4,7,2,0,0,1,1,5,0,0,185.42,190.5,185.0,32.0,30.0,0,0,0,0,0,0,0,1,0,0,0,0,0,0,0,1,0,0,0,0,1,0,0,0
Red,False,0.0,0.0,0.6849999999999999,0.3725,0.49,0.25,1.5,0.5,0.5,0.0,73.75,50.5,38.75,16.5,229.0,192.25,53.5,31.0,6.75,3.25,2.5,0.25,41.5,22.75,24.5,7.5,23.25,19.5,9.75,5.5,9.0,8.25,4.5,3.5,12.75,2.0,20.75,7.25,25.5,19.25,14.75,8.5,35.5,29.25,3.25,0.75,668.0,91.5,900.0,9,0,3,0,3,3,0,0,0,0,3,0,0,0,185.42,193.04,170.0,0.0,0.0,0.46,0.36,1.0,0.0,1.0,0.0,0.0,0.0,30.0,14.0,22.0,8.0,33.0,17.0,24.0,10.0,1.0,1.0,2.0,0.0,13.0,3.0,9.0,1.0,7.0,3.0,6.0,3.0,10.0,8.0,7.0,4.0,9.0,1.0,10.0,2.0,20.0,13.0,12.0,6.0,1.0,0.0,0.0,0.0,140.0,4.0,220.0,1,0,1,0,1,1,0,0,0,0,0,0,1,0,187.96,193.04,170.0,23.0,24.0,0,0,0,0,0,0,0,0,0,1,0,0,0,0,0,0,0,1,0,0,1,0,0,0
Red,False,0.1875,0.0,0.484375,0.4825,0.1875,0.4440625,0.1875,0.15625,0.15625,0.0625,113.9375,55.5,91.125,45.4375,162.90625,102.625,128.3125,81.6875,0.6875,0.1875,6.3125,2.59375,72.5,25.0625,63.78125,24.25,11.96875,6.4375,19.0625,14.59375,29.46875,24.0,8.28125,6.59375,85.1875,37.84375,63.4375,26.9375,19.78125,13.78125,19.84375,13.75,8.96875,3.875,7.84375,4.75,183.5625,301.625,871.59375,16,0,1,0,1,3,3,0,0,1,1,1,0,0,182.88,182.88,155.0,0.0,0.0,0.43,0.155,0.5549999999999999,0.5,1.5,2.5,0.5,1.5,60.5,24.5,34.0,10.5,110.0,71.5,55.0,31.0,8.5,4.5,2.0,2.0,42.5,11.5,25.5,4.5,11.0,7.0,8.0,5.5,7.0,6.0,0.5,0.5,29.5,8.0,23.0,5.5,12.5,8.0,4.5,2.5,18.5,8.5,6.5,2.5,329.5,123.0,588.0,4,0,2,0,2,2,0,0,0,0,1,1,0,0,185.42,190.5,170.0,29.0,22.0,0,0,0,0,0,0,0,0,0,1,0,0,0,0,0,1,0,0,0,0,1,0,0,0
Red,False,0.0,0.0,0.58,0.61,1.0,0.0,8.0,0.0,0.0,0.0,29.0,17.0,21.0,13.0,47.0,33.0,35.0,26.0,2.0,2.0,0.0,0.0,22.0,11.0,18.0,11.0,3.0,2.0,2.0,1.0,4.0,4.0,1.0,1.0,12.0,6.0,9.0,3.0,14.0,9.0,5.0,4.0,3.0,2.0,7.0,6.0,136.0,76.0,294.0,1,1,1,0,1,1,0,0,0,0,0,0,1,0,185.42,190.5,170.0,1.0,0.0,0.68375,0.2725,0.3125,0.2225,1.125,0.125,0.0,0.0,39.25,25.75,17.5,8.5,60.625,45.0,35.75,25.5,0.5,0.375,5.0,1.875,26.75,15.875,14.0,5.625,9.75,8.25,2.25,1.75,2.75,1.625,1.25,1.125,17.875,9.25,10.25,3.0,10.25,8.75,3.375,2.125,11.125,7.75,3.875,3.375,93.25,127.5,312.75,8,0,1,0,2,3,1,0,0,0,0,2,1,0,182.88,190.5,170.0,31.0,28.0,0,0,0,0,0,0,0,0,0,1,0,0,0,0,0,1,0,0,0,0,1,0,0,0
Red,False,0.0,0.3125,0.415625,0.380625,0.35625,0.078125,0.0625,0.0,0.0,0.0,100.5625,42.25,78.5,29.5625,165.5,101.5,109.875,59.9375,3.0625,1.25,3.5,0.5,76.875,23.125,64.5,17.3125,16.1875,13.25,11.9375,11.0625,7.5,5.875,2.0625,1.1875,67.875,19.625,61.0,18.25,24.625,16.5625,15.125,10.0,8.0625,6.0625,2.375,1.3125,263.8125,20.3125,648.5,11,0,0,2,1,2,3,0,0,0,2,0,0,0,172.72,175.26,155.0,0.0,0.0,0.57,0.53,0.0,0.0,0.0,0.0,0.0,0.0,129.0,74.0,86.0,46.0,164.0,108.0,136.0,95.0,7.0,0.0,2.0,0.0,84.0,37.0,54.0,21.0,35.0,27.0,21.0,15.0,10.0,10.0,11.0,10.0,57.0,23.0,39.0,6.0,72.0,51.0,47.0,40.0,0.0,0.0,0.0,0.0,227.0,361.0,900.0,3,1,1,0,1,1,0,0,0,0,1,0,0,0,172.72,175.26,155.0,28.0,25.0,0,0,0,0,0,0,1,0,0,0,0,0,0,0,0,0,0,1,0,0,1,0,0,0
Red,False,0.75390625,0.0,0.45884765625,0.4798828125,0.6315625,0.110625,0.63671875,0.3125,0.03125,0.0,41.333984375,15.6171875,31.189453125,16.53515625,87.154296875,56.609375,48.173828125,32.83203125,0.859375,0.796875,2.31640625,0.578125,32.580078125,8.859375,16.10546875,4.89453125,5.65625,4.0,8.697265625,6.19140625,3.09765625,2.7578125,6.38671875,5.44921875,19.935546875,5.318359375,16.876953125,5.7578125,11.4375,5.85546875,13.0625,9.82421875,9.9609375,4.443359375,1.25,0.953125,241.384765625,73.60546875,484.359375,19,0,5,0,5,9,1,0,1,0,2,4,2,0,185.42,195.58,170.0,0.75,0.0,0.4024999999999999,0.43,0.5,0.3525,0.0,1.5,0.0,0.0,80.0,29.5,49.0,24.0,105.0,53.0,95.5,67.0,0.5,0.5,4.0,1.75,57.0,13.75,31.75,13.0,10.0,6.5,9.0,5.5,13.0,9.25,8.25,5.5,61.75,20.25,41.25,19.0,11.5,6.0,4.25,2.5,6.75,3.25,3.5,2.5,134.0,198.5,692.25,7,0,3,0,3,3,0,0,0,2,0,1,0,0,182.88,187.96,170.0,30.0,27.0,0,0,0,0,0,0,0,0,0,1,0,0,0,0,0,1,0,0,0,0,1,0,0,0
Red,False,0.015625,0.0,0.45,0.4275,0.25,0.2,0.148468017578125,0.098388671875,0.0,0.0,66.5,29.6875,64.31230545043945,27.34375,89.75,48.0,85.53125,44.41152191162109,2.0,0.75,2.0546875,0.75,51.1875,18.3359375,49.6123046875,16.280410766601562,7.5,5.07647705078125,7.5,5.0,4.5,3.625,4.984375,3.9375,48.6875,17.0,47.11572265625,16.5,5.75,3.75,5.3125,3.4375,5.0625,3.5,3.875,2.5,99.2119140625,94.125,638.5,0,0,0,0,0,0,0,0,0,0,0,0,0,0,190.5,190.5,185.0,0.0471682548522949,0.0,0.45,0.4217682266235352,0.25,0.19173828125,0.1875,0.125,0.0,0.0,69.5,30.5,66.984375,27.8466796875,94.0,48.544921875,88.50390625,44.75,2.0,0.8125,2.015625,0.6640625,54.0,19.01513671875,51.483436584472656,16.9437255859375,7.91796875,5.430633544921875,7.75,5.0625,4.780975341796875,3.9373779296875,4.8994140625,3.84375,51.025390625,18.400863647460938,50.515625,17.5,5.75,3.75,5.5,3.5,5.375,3.6875,4.0,2.65625,104.865234375,89.5,655.8441009521484,0,0,0,0,0,0,0,0,0,0,0,0,0,0,195.58,200.66,205.0,27.0,22.0,0,0,0,0,0,1,0,0,0,0,0,0,0,0,0,1,0,0,0,0,1,0,0,0
Red,False,0.0,0.25,0.37625,0.48,0.8325,0.6,1.125,2.0,1.375,0.5,108.875,42.875,52.5,25.0,185.0,112.625,86.0,55.125,2.5,1.5,3.75,1.75,95.75,31.625,39.875,15.875,7.625,6.75,7.75,5.25,5.5,4.5,4.875,3.875,50.625,11.5,38.75,16.125,12.5,6.875,8.25,5.375,45.75,24.5,5.5,3.5,426.5,178.75,842.0,11,0,1,0,2,3,1,0,0,0,3,0,0,0,175.26,177.8,155.0,0.28125,0.3125,0.29125,0.395,0.0625,0.6875,1.0,0.28125,0.0625,0.125,63.78125,17.9375,40.59375,17.6875,80.875,33.53125,50.46875,26.15625,0.46875,0.09375,1.125,0.875,52.8125,10.46875,28.28125,7.5625,2.5625,0.71875,3.53125,2.6875,8.40625,6.75,8.78125,7.4375,58.3125,14.75,33.59375,14.0625,2.71875,1.625,0.875,0.625,2.75,1.5625,6.125,3.0,54.09375,86.25,384.28125,11,0,0,1,2,3,3,0,0,0,0,2,1,0,167.64,177.8,145.0,25.0,30.0,0,0,0,0,0,0,1,0,0,0,0,0,0,0,0,1,0,0,0,0,1,0,0,0
Red,False,0.5,0.0,0.525,0.235,0.225,0.5,3.0,1.5,0.5,1.0,27.5,14.5,48.5,16.5,59.0,43.0,81.0,47.0,4.5,1.0,0.5,0.5,16.0,7.0,45.0,14.0,9.5,6.5,1.5,1.0,2.0,1.0,2.0,1.5,21.0,9.5,22.5,1.5,1.0,1.0,0.5,0.0,5.5,4.0,25.5,15.0,244.5,247.5,669.0,5,0,1,0,1,1,1,0,0,0,0,0,1,0,190.5,195.58,155.0,0.0,0.0,0.53,0.57,0.0,0.0,0.0,0.0,0.0,0.0,86.0,46.0,129.0,74.0,136.0,95.0,164.0,108.0,2.0,0.0,7.0,0.0,54.0,21.0,84.0,37.0,21.0,15.0,35.0,27.0,11.0,10.0,10.0,10.0,39.0,6.0,57.0,23.0,47.0,40.0,72.0,51.0,0.0,0.0,0.0,0.0,361.0,227.0,900.0,3,1,0,1,0,0,1,0,0,0,0,0,0,0,180.34,185.42,155.0,27.0,28.0,0,0,0,0,0,0,1,0,0,0,0,0,0,0,0,1,0,0,0,0,1,0,0,0
Red,False,0.0,0.25,0.5,0.4175,0.25,0.0,0.75,0.0,0.5,0.0,8.0,3.75,7.0,2.75,8.0,3.75,8.25,4.0,0.25,0.25,0.5,0.0,2.75,0.5,5.75,1.5,3.0,2.5,1.0,1.0,2.25,0.75,0.25,0.25,5.5,1.5,6.0,2.0,2.5,2.25,1.0,0.75,0.0,0.0,0.0,0.0,43.0,16.0,119.75,3,0,1,0,1,2,1,0,0,0,0,0,2,0,180.34,177.8,170.0,0.875,0.0,0.484375,0.43,0.369375,0.015625,0.09375,0.5625,0.03125,0.03125,55.09375,27.34375,34.59375,15.3125,91.09375,58.3125,48.75,29.28125,1.5625,1.40625,0.8125,0.03125,36.625,13.5625,22.0,6.5625,7.6875,5.28125,3.65625,2.375,10.78125,8.5,8.9375,6.375,39.65625,16.75,31.1875,13.09375,4.46875,4.0,3.09375,1.90625,10.96875,6.59375,0.3125,0.3125,172.1875,16.4375,417.125,11,0,1,0,2,4,2,0,0,0,0,4,0,0,187.96,198.12,205.0,35.0,25.0,0,0,0,0,0,0,0,0,0,1,0,0,0,0,0,0,0,1,0,0,1,0,0,0
Red,True,1.0,0.0,0.615,0.3399999999999999,0.2274999999999999,0.9425,0.5,0.75,0.0,0.5,60.25,34.25,68.25,28.25,80.25,52.25,100.25,58.25,4.0,1.5,3.25,2.75,45.5,20.75,59.5,21.5,7.0,6.5,5.0,4.25,7.75,7.0,3.75,2.5,41.0,19.75,42.75,11.75,8.5,7.0,4.0,3.25,10.75,7.5,21.5,13.25,138.0,187.25,574.25,7,0,0,1,2,2,1,0,0,0,0,2,0,0,185.42,193.04,205.0,2.21875,0.0,0.60671875,0.204375,0.32625,0.0396875,0.359375,0.375,0.078125,0.0,49.34375,30.640625,25.046875,5.640625,64.53125,44.125,35.390625,15.09375,2.03125,0.75,2.0625,0.203125,34.0,17.8125,18.65625,2.078125,7.1875,5.59375,3.5625,2.375,8.15625,7.234375,2.828125,1.1875,32.890625,21.046875,21.21875,3.25,4.109375,2.875,3.65625,2.328125,12.34375,6.71875,0.171875,0.0625,121.625,13.484375,547.0,17,1,7,0,7,7,0,0,0,0,4,2,1,0,185.42,187.96,185.0,27.0,31.0,0,0,0,0,0,1,0,0,0,0,0,0,0,0,0,1,0,0,0,0,0,0,1,0
Red,False,0.0,0.0,0.6925,0.578125,0.11375,0.0,0.875,0.0,0.75,0.0625,27.625,19.25,16.8125,9.5625,58.1875,49.0625,29.5625,21.1875,2.5625,0.5625,0.125,0.0,24.1875,16.8125,13.8125,7.0,2.375,1.5625,1.875,1.4375,1.0625,0.875,1.125,1.125,1.75,0.875,6.0625,2.5625,2.6875,1.6875,2.5,1.625,23.1875,16.6875,8.25,5.375,173.375,43.6875,264.75,6,0,1,0,2,3,2,0,0,0,0,1,2,0,190.5,193.04,185.0,0.5,0.0,0.4599999999999999,0.2,0.355,0.0,1.0,0.0,0.0,0.0,43.0,19.5,31.5,6.5,76.0,51.0,37.5,12.0,3.5,2.5,0.0,0.0,35.0,13.0,25.5,3.5,3.0,1.5,4.0,1.5,5.0,5.0,2.0,1.5,28.0,10.5,28.5,6.0,1.5,0.5,2.0,0.0,13.5,8.5,1.0,0.5,305.0,30.5,519.0,4,1,2,0,2,2,0,0,0,0,1,1,0,0,187.96,187.96,205.0,32.0,26.0,0,0,0,0,0,1,0,0,0,0,0,0,0,0,0,1,0,0,0,0,1,0,0,0
Red,False,0.26171875,0.0,0.6086328125,0.5082421875,0.27634765625,0.25306640625,0.5087890625,0.671875,0.251953125,0.515625,79.4072265625,49.34765625,57.701171875,27.515625,113.14453125,80.123046875,93.9423828125,60.7900390625,2.20703125,0.6337890625,12.1396484375,2.8056640625,41.0537109375,15.58984375,41.2763671875,13.841796875,29.294921875,25.9091796875,8.005859375,5.9521484375,9.05859375,7.8486328125,8.4189453125,7.7216796875,31.8486328125,13.5810546875,33.1142578125,11.0869140625,35.1357421875,26.751953125,11.234375,8.6513671875,12.4228515625,9.0146484375,13.3525390625,7.77734375,201.7197265625,386.9189453125,870.7255859375,26,0,2,0,3,8,3,0,0,0,3,2,2,1,170.18,172.72,155.0,0.0625,0.0654296875,0.457392578125,0.3101074218749999,0.372802734375,0.4517578125,0.9482421875,2.4892578125,0.7822265625,1.03125,66.3505859375,26.5615234375,72.7900390625,29.939453125,80.83984375,39.775390625,105.0419921875,59.484375,8.6396484375,4.2548828125,2.6455078125,1.2392578125,51.646484375,12.943359375,64.7236328125,24.2978515625,5.255859375,4.169921875,6.939453125,4.5146484375,9.4482421875,9.4482421875,1.126953125,1.126953125,41.556640625,10.9638671875,64.1943359375,26.697265625,8.34375,4.49609375,4.6806640625,1.287109375,16.4501953125,11.1015625,3.9150390625,1.955078125,351.5888671875,116.353515625,769.82421875,24,2,1,0,4,7,4,0,0,0,3,0,3,1,170.18,177.8,145.0,33.0,27.0,0,0,0,0,0,0,1,0,0,0,0,0,0,0,0,0,0,1,0,0,1,0,0,0
Red,False,0.5,0.0,0.468125,0.28671875,0.191875,0.103125,0.3828125,0.0078125,0.0,0.0390625,70.9140625,34.0078125,48.2578125,14.6484375,103.25,64.1875,63.46875,28.3984375,0.6953125,0.421875,7.6171875,0.3125,61.6484375,25.6171875,34.2890625,3.8984375,6.8203125,6.1328125,3.6171875,1.5546875,2.4453125,2.2578125,10.3515625,9.1953125,43.71875,14.71875,39.7734375,8.7734375,7.9375,7.4296875,8.328125,5.78125,19.2578125,11.859375,0.15625,0.09375,375.9296875,68.5546875,792.546875,23,0,4,0,4,7,1,0,0,0,4,3,0,0,187.96,190.5,170.0,0.0,0.0,0.47625,0.431875,0.450625,0.10375,0.0,2.0625,0.0,0.0,43.9375,23.0625,17.8125,7.5,113.1875,85.5625,32.25,20.875,4.125,2.3125,1.5,0.5,36.8125,16.5625,14.125,5.3125,2.1875,1.8125,2.5625,1.5625,4.9375,4.6875,1.125,0.625,12.5625,6.1875,13.5,4.9375,0.75,0.4375,3.375,1.875,30.625,16.4375,0.9375,0.6875,533.875,17.3125,616.375,11,0,0,1,1,2,3,0,0,0,2,0,0,0,185.42,185.42,205.0,28.0,32.0,0,0,0,0,0,0,0,1,0,0,0,0,0,0,0,0,0,1,0,0,0,0,1,0
Red,False,0.0078125,0.265625,0.4866015625,0.4471874999999999,0.1184375,0.423203125,1.7734375,0.05859375,0.515625,0.25,68.06640625,33.19921875,62.9921875,28.1796875,102.0703125,65.5,138.73046875,92.3203125,1.3671875,0.70703125,4.73828125,2.4375,56.890625,24.6015625,51.89453125,19.96484375,6.84375,4.953125,8.5078125,6.40625,4.33203125,3.64453125,2.58984375,1.80859375,33.67578125,9.7109375,33.76953125,12.796875,18.2265625,11.7421875,10.21875,7.3203125,16.1640625,11.74609375,19.00390625,8.0625,131.57421875,487.50390625,792.16796875,22,0,0,1,2,4,5,0,0,0,2,0,2,0,180.34,182.88,170.0,0.0,0.0625,0.3482421875,0.3404296875,0.4876171874999999,0.1534375,0.953125,0.12890625,0.0078125,0.00390625,36.4140625,10.9765625,42.45703125,15.421875,86.3671875,55.60546875,51.51171875,24.35546875,11.37890625,5.12890625,2.40234375,0.5703125,30.9609375,7.05859375,30.5703125,5.546875,3.44140625,1.91015625,6.53515625,5.28125,2.01171875,2.0078125,5.3515625,4.59375,22.859375,4.171875,32.91015625,8.04296875,5.28125,3.46875,7.7265625,6.16015625,8.2734375,3.3359375,1.8203125,1.21875,464.6015625,34.86328125,787.51171875,21,0,0,1,3,5,4,0,0,0,3,0,2,0,177.8,180.34,155.0,26.0,26.0,0,0,0,0,0,0,1,0,0,0,0,0,0,0,0,1,0,0,0,0,0,0,1,0
Red,False,0.203125,0.25,0.5767187500000001,0.555,0.0,0.57375,0.515625,0.03125,0.25,0.0,35.390625,22.90625,57.203125,34.390625,39.015625,26.234375,89.390625,61.375,0.0,0.0,3.625,2.09375,24.625,13.359375,38.96875,18.421875,5.15625,4.3125,6.140625,5.875,5.609375,5.234375,12.09375,10.09375,18.5,8.9375,23.59375,10.84375,10.140625,7.71875,12.15625,10.265625,6.75,6.25,21.453125,13.28125,29.6875,262.8125,421.703125,12,0,1,0,3,4,3,0,0,0,0,4,0,0,193.04,198.12,245.0,0.0,0.0,0.365,0.0,0.0,0.5,0.0,0.5,0.0,0.0,12.0,4.5,7.5,0.0,12.0,4.5,9.0,1.0,0.0,0.0,1.0,0.5,8.5,2.0,6.5,0.0,1.0,0.5,1.0,0.0,2.5,2.0,0.0,0.0,12.0,4.5,7.5,0.0,0.0,0.0,0.0,0.0,0.0,0.0,0.0,0.0,19.5,41.0,129.0,2,0,1,0,1,1,1,0,0,0,0,1,0,0,180.34,187.96,235.0,33.0,30.0,0,0,0,0,1,0,0,0,0,0,0,0,0,0,0,1,0,0,0,0,1,0,0,0
Red,False,0.015625,0.0,0.45,0.4275,0.25,0.2,0.148468017578125,0.098388671875,0.0,0.0,66.5,29.6875,64.31230545043945,27.34375,89.75,48.0,85.53125,44.41152191162109,2.0,0.75,2.0546875,0.75,51.1875,18.3359375,49.6123046875,16.280410766601562,7.5,5.07647705078125,7.5,5.0,4.5,3.625,4.984375,3.9375,48.6875,17.0,47.11572265625,16.5,5.75,3.75,5.3125,3.4375,5.0625,3.5,3.875,2.5,99.2119140625,94.125,638.5,0,0,0,0,0,0,0,0,0,0,0,0,0,0,193.04,198.12,265.0,0.375,0.0,0.6212500000000001,0.50375,0.5375,0.165,1.0,0.25,0.0,0.0,71.625,44.0,27.375,12.5,226.5,179.125,38.875,23.25,6.125,3.875,1.625,0.5,56.875,30.25,21.625,7.0,8.75,7.75,4.0,4.0,6.0,6.0,1.75,1.5,24.125,9.125,17.625,5.25,17.0,13.25,6.75,5.25,30.5,21.625,3.0,2.0,469.625,26.5,595.0,7,0,4,0,4,4,0,0,0,0,1,3,0,0,185.42,195.58,240.0,28.0,27.0,0,0,0,0,1,0,0,0,0,0,0,0,0,0,0,1,0,0,0,0,1,0,0,0
Red,False,0.015625,0.0,0.45,0.4275,0.25,0.2,0.148468017578125,0.098388671875,0.0,0.0,66.5,29.6875,64.31230545043945,27.34375,89.75,48.0,85.53125,44.41152191162109,2.0,0.75,2.0546875,0.75,51.1875,18.3359375,49.6123046875,16.280410766601562,7.5,5.07647705078125,7.5,5.0,4.5,3.625,4.984375,3.9375,48.6875,17.0,47.11572265625,16.5,5.75,3.75,5.3125,3.4375,5.0625,3.5,3.875,2.5,99.2119140625,94.125,638.5,0,0,0,0,0,0,0,0,0,0,0,0,0,0,190.5,190.5,265.0,0.0,1.0,0.33,0.46,0.0,0.0,3.5,0.0,0.5,0.0,3.5,2.0,39.0,14.0,22.0,18.5,51.5,24.0,0.5,0.0,0.0,0.0,1.5,0.5,36.0,11.5,2.0,1.5,2.5,2.0,0.0,0.0,0.5,0.5,3.0,1.5,6.5,3.0,0.5,0.5,4.0,2.0,0.0,0.0,28.5,9.0,64.0,147.0,255.5,3,0,0,1,1,1,1,0,0,0,0,0,1,0,210.82,213.36,265.0,29.0,21.0,0,0,0,0,1,0,0,0,0,0,0,0,0,0,0,1,0,0,0,0,1,0,0,0
Red,False,0.0,0.0,0.4024999999999999,0.3725,0.25,0.75,2.0,0.5,0.0,0.0,11.0,5.75,7.75,3.25,18.25,13.0,24.25,19.25,0.5,0.25,0.75,0.75,9.5,4.75,6.0,2.0,1.0,0.5,1.75,1.25,0.5,0.5,0.0,0.0,5.25,2.25,5.0,1.75,3.0,1.5,1.5,0.5,2.75,2.0,1.25,1.0,30.25,80.0,138.25,3,0,1,0,1,2,1,0,0,0,0,0,2,0,177.8,185.42,185.0,0.658203125,0.08203125,0.5384765625,0.4453125,0.3759765625,0.3307812499999999,0.25,1.0234375,0.5078125,0.5,33.02734375,20.03515625,39.337890625,19.416015625,53.3984375,37.53125,63.4375,42.513671875,4.1328125,2.126953125,4.330078125,0.78515625,22.060546875,10.77734375,24.982421875,6.677734375,6.4609375,5.33984375,8.75,7.673828125,4.505859375,3.91796875,5.60546875,5.064453125,12.9609375,5.58984375,16.021484375,5.5,11.705078125,9.1953125,14.99609375,10.115234375,8.361328125,5.25,8.3203125,3.80078125,226.216796875,182.326171875,520.791015625,18,0,1,0,1,5,5,0,0,1,2,2,0,0,185.42,185.42,185.0,28.0,37.0,0,0,0,0,0,0,0,1,0,0,0,0,0,0,0,1,0,0,0,0,1,0,0,0
Red,False,0.0,0.0,0.23,0.51,0.0,1.0,0.0,1.0,0.0,0.0,56.0,13.0,29.0,15.0,58.0,15.0,33.0,19.0,1.0,0.0,1.0,1.0,46.0,5.0,22.0,9.0,3.0,2.0,5.0,4.0,7.0,6.0,2.0,2.0,53.0,12.0,24.0,12.0,3.0,1.0,2.0,1.0,0.0,0.0,3.0,2.0,17.0,78.0,244.0,1,0,0,1,0,0,1,0,0,0,0,0,0,0,187.96,187.96,205.0,0.0,0.0,0.45,0.63,0.0,0.36,0.0,0.0,0.0,0.0,22.0,10.0,22.0,14.0,116.0,101.0,82.0,70.0,0.0,0.0,19.0,7.0,18.0,6.0,22.0,14.0,3.0,3.0,0.0,0.0,1.0,1.0,0.0,0.0,10.0,1.0,0.0,0.0,8.0,5.0,4.0,2.0,4.0,4.0,18.0,12.0,139.0,682.0,900.0,3,0,0,1,0,0,1,0,0,0,0,0,0,0,193.04,200.66,205.0,27.0,27.0,0,0,0,0,0,1,0,0,0,0,0,0,0,0,0,1,0,0,0,0,1,0,0,0
Red,False,0.25,0.0,0.41625,0.59375,0.1875,0.6875,0.3125,1.75,0.0625,0.3125,16.875,9.125,23.75,16.3125,25.125,17.0625,32.8125,25.375,0.6875,0.1875,2.125,0.8125,13.9375,7.25,22.5,15.25,2.8125,1.75,0.6875,0.5,0.125,0.125,0.5625,0.5625,4.9375,1.1875,5.9375,2.5625,3.75,2.625,1.5625,0.75,8.1875,5.3125,16.25,13.0,84.8125,144.5625,270.1875,6,2,0,1,2,2,3,0,0,0,0,2,0,0,175.26,180.34,170.0,0.283203125,0.750244140625,0.32513427734375,0.3262939453125,0.079576416015625,0.0166015625,0.0074462890625,0.4632568359375,0.0009765625,0.0087890625,41.8240966796875,13.945068359375,46.895263671875,17.3997802734375,47.3687744140625,19.3160400390625,51.2266845703125,21.606201171875,1.0352783203125,0.2117919921875,0.2841796875,0.0322265625,37.2720947265625,10.4898681640625,35.4293212890625,9.036865234375,2.591796875,1.51171875,2.511962890625,1.6474609375,1.960205078125,1.9434814453125,8.9539794921875,6.7154541015625,37.2384033203125,10.727294921875,43.327392578125,15.1776123046875,1.8447265625,1.1875,2.94091796875,1.72119140625,2.740966796875,2.0302734375,0.626953125,0.5009765625,64.4002685546875,12.740234375,345.336181640625,29,0,2,0,5,10,4,0,0,0,4,4,2,0,177.8,185.42,170.0,37.0,31.0,0,0,0,0,0,0,0,0,0,1,0,0,0,0,0,0,0,1,0,0,1,0,0,0
Red,False,0.625,0.125,0.4425,0.35875,0.75,0.1875,0.0,0.0,0.0,0.25,31.0,14.375,49.0,22.25,41.375,24.75,57.5,29.75,0.75,0.75,2.125,0.375,26.5,11.5,29.25,6.5,3.25,2.25,8.5,6.625,1.25,0.625,11.25,9.125,20.625,9.375,34.625,10.625,4.875,2.375,8.875,8.0,5.5,2.625,5.5,3.625,45.875,124.125,388.5,6,0,1,0,1,2,2,0,0,0,0,2,0,0,187.96,185.42,230.0,1.5,0.0,0.645,0.5,0.0,0.0,0.0,0.0,0.0,0.0,14.5,9.5,3.5,3.0,14.5,9.5,3.5,3.0,0.0,0.0,0.0,0.0,10.5,7.0,1.0,0.5,3.0,1.5,0.0,0.0,1.0,1.0,2.5,2.5,7.5,4.5,3.0,2.5,3.5,2.0,0.5,0.5,3.5,3.0,0.0,0.0,4.5,0.0,67.5,2,0,2,0,2,2,0,0,0,0,0,2,0,0,193.04,195.58,238.0,35.0,25.0,0,0,0,0,1,0,0,0,0,0,0,0,0,0,0,0,0,1,0,0,1,0,0,0
Red,False,0.1328125,0.0,0.44068359375,0.46244140625,0.0537890625,0.4079296874999999,0.8984375,0.2578125,0.2578125,0.1328125,82.25,38.4453125,96.08984375,44.439453125,111.794921875,64.3125,146.505859375,91.478515625,0.630859375,0.25,10.126953125,5.298828125,54.046875,18.41796875,84.884765625,34.09765625,3.279296875,1.396484375,6.291015625,5.576171875,24.923828125,18.630859375,4.9140625,4.765625,75.720703125,35.888671875,62.396484375,23.083984375,4.07421875,1.791015625,3.8515625,2.1171875,2.455078125,0.765625,29.841796875,19.23828125,27.392578125,424.125,945.10546875,30,1,2,0,3,6,4,0,0,0,2,2,2,0,167.64,180.34,155.0,0.0,0.0,0.356171875,0.256796875,0.28765625,0.174140625,0.1015625,1.78125,0.03125,0.5703125,200.140625,70.234375,148.53125,41.125,233.90625,103.6484375,159.0,51.328125,3.2734375,1.0,3.8671875,1.375,160.59375,41.09375,133.0625,29.03125,23.5078125,15.734375,8.296875,6.1796875,16.0390625,13.40625,7.171875,5.9140625,178.296875,56.7734375,136.046875,33.84375,9.4140625,5.90625,11.4765625,6.453125,12.4296875,7.5546875,1.0078125,0.828125,157.1875,74.21875,893.828125,22,0,1,0,4,6,2,0,0,1,4,0,1,0,167.64,172.72,145.0,35.0,25.0,0,0,0,0,0,0,1,0,0,0,0,0,0,0,0,1,0,0,0,0,1,0,0,0
Red,False,0.193603515625,0.10009765625,0.401112060546875,0.308363037109375,0.2803369140625,0.70274658203125,0.0006103515625,0.11041259765625,0.01025390625,0.0,123.4818115234375,48.36883544921875,101.2684326171875,31.4783935546875,136.98748779296875,60.04052734375,114.79534912109376,43.12713623046875,1.1292724609375,0.5648193359375,3.46575927734375,1.71368408203125,96.7960205078125,26.15625,84.03802490234375,19.38055419921875,18.1065673828125,14.3072509765625,5.1312255859375,3.5308837890625,8.5792236328125,7.90533447265625,12.09918212890625,8.56695556640625,108.9544677734375,40.39886474609375,82.0596923828125,20.9100341796875,9.4488525390625,5.54595947265625,10.950927734375,6.576171875,5.0784912109375,2.42401123046875,8.2578125,3.9921875,79.69256591796875,143.6451416015625,819.6434936523438,35,5,7,0,7,12,3,0,0,0,3,7,1,1,185.42,193.04,185.0,0.080078125,0.03125,0.573447265625,0.57181640625,0.033203125,0.30890625,1.0234375,0.00390625,0.5,0.0078125,23.0595703125,11.75,44.4755859375,27.6923828125,38.5634765625,26.22265625,107.4326171875,85.6103515625,0.146484375,0.111328125,6.505859375,2.50390625,20.6806640625,9.43359375,34.607421875,20.33984375,1.53515625,1.50390625,3.4853515625,1.9228515625,0.84375,0.8125,6.3828125,5.4296875,4.8251953125,1.244140625,6.2841796875,1.59375,8.7861328125,4.7568359375,11.92578125,8.6220703125,9.4482421875,5.7490234375,26.265625,17.4765625,100.75,499.6875,718.1796875,17,2,3,0,3,7,4,0,0,0,0,5,1,1,182.88,187.96,185.0,34.0,32.0,0,1,0,0,0,0,0,0,0,0,0,0,0,0,0,0,0,1,0,0,0,0,1,0
Red,False,0.015625,0.0,0.45,0.4275,0.25,0.2,0.148468017578125,0.098388671875,0.0,0.0,66.5,29.6875,64.31230545043945,27.34375,89.75,48.0,85.53125,44.41152191162109,2.0,0.75,2.0546875,0.75,51.1875,18.3359375,49.6123046875,16.280410766601562,7.5,5.07647705078125,7.5,5.0,4.5,3.625,4.984375,3.9375,48.6875,17.0,47.11572265625,16.5,5.75,3.75,5.3125,3.4375,5.0625,3.5,3.875,2.5,99.2119140625,94.125,638.5,0,0,0,0,0,0,0,0,0,0,0,0,0,0,180.34,180.34,155.0,0.0,0.0,0.38375,0.37,0.61125,0.29125,1.625,0.625,0.125,0.75,91.125,34.25,60.75,22.625,136.625,75.5,120.25,79.75,7.0,4.125,0.75,0.375,75.875,21.75,51.75,15.0,8.0,5.625,8.375,7.0,7.25,6.875,0.625,0.625,58.125,15.125,48.875,15.0,8.75,5.75,4.875,3.125,24.25,13.375,7.0,4.5,495.875,58.375,887.375,12,0,2,0,2,3,1,0,0,0,2,0,1,0,172.72,180.34,155.0,25.0,26.0,0,0,0,0,0,0,1,0,0,0,0,0,0,0,0,1,0,0,0,0,0,0,1,0
Red,False,0.0625,0.125,0.2337499999999999,0.3924999999999999,0.15625,0.375,2.0,0.0,0.75,0.4375,51.875,14.4375,42.6875,19.0,61.25,23.4375,58.75,33.6875,0.75,0.3125,1.5,0.875,42.5,8.9375,34.1875,12.375,8.0,4.125,2.125,1.3125,1.375,1.375,6.375,5.3125,39.1875,7.4375,28.9375,11.125,6.25,2.5625,6.3125,3.4375,6.4375,4.4375,7.4375,4.4375,96.5625,134.6875,414.625,10,0,2,0,2,4,1,0,0,0,1,1,2,0,185.42,185.42,145.0,0.0,0.0,0.6,0.36,0.87,0.0,0.0,2.0,0.0,1.0,45.0,27.0,55.0,20.0,104.0,81.0,132.0,95.0,8.0,7.0,1.0,0.0,22.0,9.0,36.0,9.0,8.0,4.0,9.0,4.0,15.0,14.0,10.0,7.0,13.0,4.0,40.0,11.0,9.0,6.0,11.0,7.0,23.0,17.0,4.0,2.0,560.0,76.0,900.0,3,1,1,0,1,1,0,0,0,0,1,0,0,0,175.26,180.34,155.0,25.0,23.0,0,0,0,0,0,0,1,0,0,0,0,0,0,0,0,1,0,0,0,0,1,0,0,0
Red,False,0.265625,0.171875,0.4460937499999999,0.41765625,0.609375,0.50125,3.671875,1.5625,1.0,0.0,49.46875,23.96875,56.71875,23.609375,71.078125,43.140625,77.796875,43.6875,2.859375,2.609375,2.6875,1.765625,42.015625,18.484375,45.734375,13.703125,7.0,5.03125,8.046875,7.234375,0.453125,0.453125,2.9375,2.671875,23.8125,6.625,35.78125,12.921875,7.9375,5.578125,15.15625,6.015625,17.71875,11.765625,5.78125,4.671875,297.15625,133.015625,617.296875,12,0,4,0,4,6,1,0,0,1,1,1,3,0,182.88,182.88,170.0,0.0471682548522949,0.0,0.45,0.4217682266235352,0.25,0.19173828125,0.1875,0.125,0.0,0.0,69.5,30.5,66.984375,27.8466796875,94.0,48.544921875,88.50390625,44.75,2.0,0.8125,2.015625,0.6640625,54.0,19.01513671875,51.483436584472656,16.9437255859375,7.91796875,5.430633544921875,7.75,5.0625,4.780975341796875,3.9373779296875,4.8994140625,3.84375,51.025390625,18.400863647460938,50.515625,17.5,5.75,3.75,5.5,3.5,5.375,3.6875,4.0,2.65625,104.865234375,89.5,655.8441009521484,0,0,0,0,0,0,0,0,0,0,0,0,0,0,175.26,193.04,170.0,27.0,26.0,0,0,0,0,0,0,0,0,0,1,0,0,0,0,0,1,0,0,0,0,1,0,0,0
Red,False,0.015625,0.0,0.45,0.4275,0.25,0.2,0.148468017578125,0.098388671875,0.0,0.0,66.5,29.6875,64.31230545043945,27.34375,89.75,48.0,85.53125,44.41152191162109,2.0,0.75,2.0546875,0.75,51.1875,18.3359375,49.6123046875,16.280410766601562,7.5,5.07647705078125,7.5,5.0,4.5,3.625,4.984375,3.9375,48.6875,17.0,47.11572265625,16.5,5.75,3.75,5.3125,3.4375,5.0625,3.5,3.875,2.5,99.2119140625,94.125,638.5,0,0,0,0,0,0,0,0,0,0,0,0,0,0,172.72,180.34,155.0,0.0471682548522949,0.0,0.45,0.4217682266235352,0.25,0.19173828125,0.1875,0.125,0.0,0.0,69.5,30.5,66.984375,27.8466796875,94.0,48.544921875,88.50390625,44.75,2.0,0.8125,2.015625,0.6640625,54.0,19.01513671875,51.483436584472656,16.9437255859375,7.91796875,5.430633544921875,7.75,5.0625,4.780975341796875,3.9373779296875,4.8994140625,3.84375,51.025390625,18.400863647460938,50.515625,17.5,5.75,3.75,5.5,3.5,5.375,3.6875,4.0,2.65625,104.865234375,89.5,655.8441009521484,0,0,0,0,0,0,0,0,0,0,0,0,0,0,172.72,172.72,145.0,27.0,25.0,0,0,0,0,0,0,1,0,0,0,0,0,0,0,0,1,0,0,0,0,1,0,0,0
Red,False,1.09375,0.03125,0.619375,0.061015625,0.0703125,0.2784375,0.125,0.3828125,0.0,0.0,10.328125,6.515625,2.078125,1.0078125,11.3203125,7.5078125,4.7109375,3.2578125,0.0703125,0.0703125,0.8359375,0.4453125,9.4921875,6.0078125,1.8203125,0.8828125,0.53125,0.2734375,0.2109375,0.109375,0.3046875,0.234375,0.046875,0.015625,3.640625,1.90625,1.203125,0.359375,3.0625,2.515625,0.6484375,0.4296875,3.625,2.09375,0.2265625,0.21875,5.703125,27.7578125,60.8671875,8,0,1,0,1,4,4,0,0,0,0,4,0,0,182.88,182.88,185.0,0.5,0.25,0.4599999999999999,0.43,0.775,0.0,0.0,0.25,0.0,0.0,67.75,27.75,32.0,14.25,76.5,35.75,33.75,15.75,3.25,2.5,2.0,0.0,62.25,23.0,24.75,9.75,2.75,2.0,4.5,3.25,2.75,2.75,2.75,1.25,36.5,10.75,21.75,8.5,18.75,8.75,10.25,5.75,12.5,8.25,0.0,0.0,107.0,6.25,315.25,4,0,0,1,2,2,1,0,0,0,0,2,0,0,185.42,193.04,205.0,31.0,27.0,0,0,0,0,0,0,0,1,0,0,0,0,0,0,0,0,0,1,0,0,1,0,0,0
Red,False,0.015625,0.0,0.45,0.4275,0.25,0.2,0.148468017578125,0.098388671875,0.0,0.0,66.5,29.6875,64.31230545043945,27.34375,89.75,48.0,85.53125,44.41152191162109,2.0,0.75,2.0546875,0.75,51.1875,18.3359375,49.6123046875,16.280410766601562,7.5,5.07647705078125,7.5,5.0,4.5,3.625,4.984375,3.9375,48.6875,17.0,47.11572265625,16.5,5.75,3.75,5.3125,3.4375,5.0625,3.5,3.875,2.5,99.2119140625,94.125,638.5,0,0,0,0,0,0,0,0,0,0,0,0,0,0,175.26,180.34,170.0,0.0,0.0,0.31,0.36,1.0,0.4,5.0,3.0,3.0,1.0,67.0,21.0,85.0,31.0,94.0,47.0,159.0,102.0,4.0,4.0,10.0,4.0,50.0,9.0,53.0,9.0,16.0,11.0,20.0,12.0,1.0,1.0,12.0,10.0,45.0,11.0,56.0,14.0,9.0,5.0,23.0,14.0,13.0,5.0,6.0,3.0,246.0,410.0,900.0,3,0,0,1,0,0,1,0,0,0,0,0,0,0,175.26,180.34,170.0,25.0,25.0,0,0,0,0,0,0,0,0,0,1,0,0,0,0,0,1,0,0,0,0,0,0,1,0
Red,False,0.25,0.125,0.46625,0.24,0.325,0.35,0.125,0.625,0.0,0.125,67.125,21.75,58.125,17.625,70.375,24.875,66.875,25.875,2.625,1.125,3.25,1.25,57.375,13.125,52.125,13.25,2.25,1.625,4.5,3.375,7.5,7.0,1.5,1.0,60.75,18.625,50.75,12.375,1.875,1.125,3.25,2.125,4.5,2.0,4.125,3.125,32.0,88.625,404.875,8,0,0,1,2,2,2,0,0,1,0,1,0,0,175.26,177.8,155.0,0.0,0.5,0.345,0.395,0.33,0.125,2.5,0.0,0.5,1.0,76.0,17.5,129.5,45.5,92.5,33.0,152.5,67.0,3.5,2.0,2.0,0.5,66.0,11.0,105.0,26.5,4.0,2.0,14.0,9.5,6.0,4.5,10.5,9.5,71.0,15.5,108.0,32.5,5.0,2.0,4.5,2.5,0.0,0.0,17.0,10.5,157.0,156.5,769.5,6,0,0,2,0,0,2,0,0,0,0,0,0,0,172.72,177.8,155.0,28.0,24.0,0,0,0,0,0,0,1,0,0,0,0,0,0,0,0,1,0,0,0,0,0,0,1,0
Red,False,0.0,0.0,0.5650000000000001,0.705,0.75,0.0,1.0,0.0,0.0,0.0,72.5,34.0,34.5,15.5,145.5,101.5,37.0,17.5,4.5,2.5,0.0,0.0,58.5,22.5,31.5,12.5,7.0,6.0,1.5,1.5,7.0,5.5,1.5,1.5,33.0,4.5,31.0,12.5,10.5,8.0,3.5,3.0,29.0,21.5,0.0,0.0,462.5,3.5,687.0,5,0,2,0,2,2,0,0,0,0,1,1,0,0,180.34,180.34,205.0,0.0,0.0,0.395,0.36,0.5,0.33,1.0,0.0,0.0,0.0,89.5,26.0,75.0,17.5,92.5,29.0,77.0,19.5,0.5,0.5,1.5,1.0,75.5,15.5,63.5,10.5,6.5,3.0,7.5,5.0,7.5,7.5,4.0,2.0,87.5,24.5,63.0,12.5,1.5,1.0,2.0,0.5,0.5,0.5,10.0,4.5,32.5,33.0,493.5,4,0,2,0,2,2,0,0,0,0,1,0,1,0,187.96,195.58,205.0,34.0,29.0,0,0,0,0,0,1,0,0,0,0,0,0,0,0,0,1,0,0,0,0,1,0,0,0
Red,False,0.015625,0.0,0.45,0.4275,0.25,0.2,0.148468017578125,0.098388671875,0.0,0.0,66.5,29.6875,64.31230545043945,27.34375,89.75,48.0,85.53125,44.41152191162109,2.0,0.75,2.0546875,0.75,51.1875,18.3359375,49.6123046875,16.280410766601562,7.5,5.07647705078125,7.5,5.0,4.5,3.625,4.984375,3.9375,48.6875,17.0,47.11572265625,16.5,5.75,3.75,5.3125,3.4375,5.0625,3.5,3.875,2.5,99.2119140625,94.125,638.5,0,0,0,0,0,0,0,0,0,0,0,0,0,0,182.88,187.96,205.0,0.0,1.0,0.4575,0.373125,0.22,0.034375,0.0,0.125,0.0,0.0,26.8125,13.75,24.6875,11.5625,62.75,46.875,55.375,41.0625,8.6875,1.75,1.8125,0.3125,21.75,9.9375,19.5625,6.5625,2.375,1.375,1.4375,1.3125,2.6875,2.4375,3.6875,3.6875,14.375,4.8125,14.8125,4.375,5.375,3.0,5.125,4.4375,7.0625,5.9375,4.75,2.75,192.25,118.5,465.75,13,1,1,0,2,3,2,0,0,0,2,1,0,0,182.88,187.96,205.0,30.0,38.0,0,0,0,0,0,1,0,0,0,0,0,0,0,0,0,1,0,0,0,0,1,0,0,0
Red,False,0.015625,0.0,0.45,0.4275,0.25,0.2,0.148468017578125,0.098388671875,0.0,0.0,66.5,29.6875,64.31230545043945,27.34375,89.75,48.0,85.53125,44.41152191162109,2.0,0.75,2.0546875,0.75,51.1875,18.3359375,49.6123046875,16.280410766601562,7.5,5.07647705078125,7.5,5.0,4.5,3.625,4.984375,3.9375,48.6875,17.0,47.11572265625,16.5,5.75,3.75,5.3125,3.4375,5.0625,3.5,3.875,2.5,99.2119140625,94.125,638.5,0,0,0,0,0,0,0,0,0,0,0,0,0,0,187.96,187.96,185.0,0.0,0.25,0.3349999999999999,0.2125,0.375,0.04125,0.25,1.25,0.125,0.0,10.125,4.0,4.25,1.5,18.25,11.75,9.5,5.75,0.5,0.375,0.375,0.125,8.75,3.25,3.625,1.0,1.0,0.375,0.5,0.375,0.375,0.375,0.125,0.125,5.25,1.5,2.875,1.0,0.875,0.375,0.5,0.375,4.0,2.125,0.875,0.125,67.0,18.375,125.25,4,1,0,1,2,2,2,0,0,0,0,1,1,0,187.96,193.04,185.0,29.0,26.0,0,0,0,0,0,0,0,1,0,0,0,0,0,0,0,0,0,1,0,0,1,0,0,0
Red,False,0.0,0.0,0.435,0.31,0.5,0.0,0.5,0.0,0.0,0.0,109.0,42.0,139.5,50.0,111.0,44.0,140.5,51.0,0.5,0.5,1.0,0.0,86.5,23.0,122.0,35.5,11.5,10.0,13.0,10.5,11.0,9.0,4.5,4.0,106.0,40.0,134.5,47.0,1.5,1.0,5.0,3.0,1.5,1.0,0.0,0.0,40.0,15.0,572.0,4,0,1,0,1,1,1,0,0,0,0,0,1,0,187.96,190.5,185.0,0.0,0.0,0.44,0.27,0.0,1.0,0.0,2.0,0.0,0.0,18.0,8.0,11.0,3.0,24.0,14.0,18.0,10.0,0.0,0.0,2.0,2.0,13.0,4.0,5.0,0.0,1.0,1.0,4.0,2.0,4.0,3.0,2.0,1.0,13.0,4.0,9.0,3.0,5.0,4.0,2.0,0.0,0.0,0.0,0.0,0.0,9.0,107.0,233.0,1,0,0,1,0,0,1,0,0,0,0,0,0,0,185.42,187.96,205.0,22.0,28.0,0,0,0,0,0,1,0,0,0,0,0,0,0,0,0,1,0,0,0,0,1,0,0,0
Red,False,0.5,0.0,0.32,0.53,0.0,0.5,0.25,2.25,0.25,0.5,55.5,18.25,49.25,23.5,69.5,32.25,59.0,32.5,0.5,0.0,0.75,0.75,44.5,13.0,37.75,14.5,4.75,3.5,5.5,3.5,6.25,1.75,6.0,5.5,35.75,9.0,33.25,13.5,9.75,5.75,12.0,8.5,10.0,3.5,4.0,1.5,60.75,130.0,407.25,5,0,0,1,1,1,2,0,0,0,0,0,1,0,182.88,185.42,155.0,0.15625,0.0,0.49828125,0.4459375,0.328125,0.5428124999999999,0.1875,2.90625,0.5625,0.359375,42.078125,21.265625,24.9375,11.359375,59.8125,38.3125,64.21875,45.9375,0.5625,0.4375,8.125,3.578125,30.046875,11.0,20.90625,7.828125,6.71875,6.28125,2.0,1.71875,5.3125,3.984375,2.03125,1.8125,18.578125,5.625,13.59375,4.65625,9.6875,8.125,3.125,2.3125,13.8125,7.515625,8.21875,4.390625,124.234375,463.765625,771.4375,18,0,0,1,2,3,4,0,0,0,1,2,0,0,175.26,180.34,145.0,26.0,23.0,0,0,0,0,0,0,1,0,0,0,0,0,0,0,0,1,0,0,0,0,1,0,0,0
Red,False,0.578125,0.0,0.363984375,0.284921875,0.296875,0.4103124999999999,0.0078125,0.328125,0.0,0.125,33.828125,10.703125,27.6328125,8.21875,37.015625,13.8828125,61.8359375,38.8515625,2.2578125,0.7578125,7.703125,3.3828125,27.9609375,5.9296875,22.28125,4.4765625,3.2421875,2.171875,3.265625,1.71875,2.625,2.6015625,2.0859375,2.0234375,27.6484375,6.6796875,17.59375,3.4765625,2.8671875,2.1015625,4.28125,2.59375,3.3125,1.921875,5.7578125,2.1484375,18.296875,276.171875,514.2265625,12,0,1,0,2,5,3,0,0,1,0,3,0,1,175.26,180.34,155.0,0.015625,0.0,0.3125,0.53640625,0.40515625,0.51171875,2.1875,1.328125,1.0,0.609375,58.8125,20.90625,57.53125,30.671875,107.0,64.546875,80.84375,52.171875,4.5625,1.265625,11.03125,5.71875,49.921875,14.59375,35.0625,10.21875,5.765625,3.5,5.25,3.484375,3.125,2.8125,17.21875,16.96875,43.40625,11.578125,19.40625,6.796875,10.65625,6.578125,16.265625,9.375,4.75,2.75,21.859375,14.5,148.3125,521.9375,833.625,15,1,5,0,5,5,2,0,0,1,0,0,4,0,182.88,193.04,170.0,26.0,24.0,0,0,0,0,0,0,1,0,0,0,0,0,0,0,0,1,0,0,0,0,0,0,1,0
Red,False,0.25,0.0,0.28,0.4225,0.25,0.5,3.5,0.0,0.0,0.0,69.25,22.25,39.5,17.25,72.0,24.75,49.75,27.0,0.25,0.25,2.25,1.5,62.25,17.5,26.5,9.0,5.75,3.5,8.75,5.5,1.25,1.25,4.25,2.75,63.5,18.75,31.5,11.5,3.5,2.5,0.5,0.25,2.25,1.0,7.5,5.5,65.5,165.5,441.0,5,0,3,0,3,3,0,0,0,0,0,2,1,0,190.5,190.5,185.0,0.09375,0.125,0.3496875,0.7003125,0.5,0.1975,0.0,0.25,0.0,0.0,47.1875,23.1015625,16.9140625,6.375,56.6484375,32.5,27.1484375,13.5390625,0.5625,0.5,1.625,0.5,36.5625,13.6328125,14.25,4.3671875,4.046875,3.375,1.5546875,1.0859375,6.578125,6.09375,1.109375,0.921875,26.09375,12.2421875,14.078125,3.8828125,4.8359375,3.109375,2.0234375,1.8046875,16.2578125,7.75,0.8125,0.6875,56.734375,54.953125,267.734375,12,1,3,0,3,6,2,0,0,0,1,5,0,0,182.88,182.88,185.0,32.0,37.0,0,0,0,0,0,0,0,1,0,0,0,0,0,0,0,1,0,0,0,1,0,0,0,0
Red,False,0.0,0.25,0.3421875,0.52453125,0.0525,0.54,0.75,0.734375,0.609375,0.328125,99.3125,33.59375,78.75,40.515625,139.578125,65.984375,106.890625,64.65625,3.25,0.296875,7.46875,4.25,81.09375,23.859375,61.296875,28.890625,8.21875,3.265625,11.6875,7.21875,10.0,6.46875,5.765625,4.40625,77.015625,21.140625,54.625,23.96875,7.03125,3.484375,9.578125,6.015625,15.265625,8.96875,14.546875,10.53125,141.28125,202.890625,775.859375,18,0,6,0,6,6,1,0,0,0,2,3,1,0,175.26,177.8,155.0,0.09375,0.0,0.38625,0.2409375,0.88375,0.0875,0.71875,0.53125,0.15625,0.3125,75.25,28.71875,72.71875,18.59375,104.25,55.4375,89.15625,32.8125,3.6875,3.0625,4.78125,0.21875,64.90625,20.5625,59.78125,8.53125,9.84375,7.65625,6.8125,4.0,0.5,0.5,6.125,6.0625,59.53125,19.40625,64.53125,14.4375,4.28125,3.71875,6.875,3.59375,11.4375,5.59375,1.3125,0.5625,303.84375,60.125,854.625,15,0,0,1,5,5,1,0,0,0,4,1,0,0,175.26,177.8,155.0,26.0,30.0,0,0,0,0,0,0,1,0,0,0,0,0,0,0,0,1,0,0,0,0,1,0,0,0
Red,False,0.015625,0.0,0.45,0.4275,0.25,0.2,0.148468017578125,0.098388671875,0.0,0.0,66.5,29.6875,64.31230545043945,27.34375,89.75,48.0,85.53125,44.41152191162109,2.0,0.75,2.0546875,0.75,51.1875,18.3359375,49.6123046875,16.280410766601562,7.5,5.07647705078125,7.5,5.0,4.5,3.625,4.984375,3.9375,48.6875,17.0,47.11572265625,16.5,5.75,3.75,5.3125,3.4375,5.0625,3.5,3.875,2.5,99.2119140625,94.125,638.5,0,0,0,0,0,0,0,0,0,0,0,0,0,0,175.26,180.34,170.0,0.0,0.0,0.4,0.42,0.75,1.0,3.0,6.0,0.0,2.0,86.0,35.0,61.0,26.0,124.0,71.0,91.0,52.0,4.0,3.0,5.0,5.0,70.0,20.0,53.0,20.0,14.0,13.0,8.0,6.0,2.0,2.0,0.0,0.0,55.0,21.0,31.0,8.0,22.0,6.0,9.0,7.0,9.0,8.0,21.0,11.0,190.0,468.0,900.0,3,0,0,1,0,0,1,0,0,0,0,0,0,0,187.96,190.5,170.0,24.0,25.0,0,0,0,0,0,0,0,0,0,1,0,0,0,0,0,1,0,0,0,0,1,0,0,0
Red,False,0.75,0.0,0.5375000000000001,0.4525,0.415,0.6275,1.75,1.0,0.5,0.5,72.0,39.75,44.0,21.75,104.5,69.25,100.5,74.75,3.5,1.5,9.0,4.75,43.5,18.5,31.0,11.75,21.5,16.0,4.5,4.25,7.0,5.25,8.5,5.75,45.5,20.5,29.0,11.5,9.0,6.0,3.0,1.25,17.5,13.25,12.0,9.0,232.5,317.0,900.0,9,0,0,1,1,1,2,0,0,0,1,0,0,0,185.42,190.5,170.0,0.0,0.0,0.25,0.4,0.0,1.0,0.0,1.0,0.0,0.0,4.0,1.0,10.0,4.0,6.0,3.0,19.0,13.0,0.0,0.0,1.0,1.0,1.0,1.0,8.0,2.0,0.0,0.0,2.0,2.0,3.0,0.0,0.0,0.0,3.0,0.0,3.0,0.0,1.0,1.0,0.0,0.0,0.0,0.0,7.0,4.0,0.0,128.0,186.0,1,0,0,1,0,0,1,0,0,0,0,0,0,0,182.88,187.96,170.0,32.0,33.0,0,0,0,0,0,0,0,0,0,1,0,0,0,0,0,1,0,0,0,0,1,0,0,0
Red,False,0.015625,0.0,0.45,0.4275,0.25,0.2,0.148468017578125,0.098388671875,0.0,0.0,66.5,29.6875,64.31230545043945,27.34375,89.75,48.0,85.53125,44.41152191162109,2.0,0.75,2.0546875,0.75,51.1875,18.3359375,49.6123046875,16.280410766601562,7.5,5.07647705078125,7.5,5.0,4.5,3.625,4.984375,3.9375,48.6875,17.0,47.11572265625,16.5,5.75,3.75,5.3125,3.4375,5.0625,3.5,3.875,2.5,99.2119140625,94.125,638.5,0,0,0,0,0,0,0,0,0,0,0,0,0,0,190.5,190.5,185.0,0.0,0.0,0.475,0.5975,0.5,0.9375,0.25,1.75,0.5,0.0,43.25,18.25,14.75,7.25,54.0,27.5,17.25,9.25,1.0,1.0,2.0,1.75,40.25,16.5,8.75,2.0,1.75,0.5,1.0,1.0,1.25,1.25,5.0,4.25,13.25,4.0,13.5,6.0,1.25,1.0,0.5,0.5,28.75,13.25,0.75,0.75,120.0,61.75,308.75,4,0,0,3,0,0,3,0,0,0,0,0,0,0,185.42,193.04,185.0,28.0,31.0,0,0,0,0,0,0,0,1,0,0,0,0,0,0,0,1,0,0,0,0,1,0,0,0
Red,False,0.0,0.0,0.5,0.23375,0.6875,0.08875,1.125,0.375,0.0,0.0,19.375,9.75,14.375,5.625,32.5,21.625,38.0,29.125,4.0,1.5,1.0,0.625,16.25,6.875,11.5,4.625,1.625,1.5,0.75,0.75,1.5,1.375,2.125,0.25,7.25,1.5,8.625,2.25,2.625,2.125,2.0,1.25,9.5,6.125,3.75,2.125,183.0,76.25,348.25,8,0,0,1,3,3,1,0,0,0,1,0,2,0,180.34,180.34,170.0,0.0471682548522949,0.0,0.45,0.4217682266235352,0.25,0.19173828125,0.1875,0.125,0.0,0.0,69.5,30.5,66.984375,27.8466796875,94.0,48.544921875,88.50390625,44.75,2.0,0.8125,2.015625,0.6640625,54.0,19.01513671875,51.483436584472656,16.9437255859375,7.91796875,5.430633544921875,7.75,5.0625,4.780975341796875,3.9373779296875,4.8994140625,3.84375,51.025390625,18.400863647460938,50.515625,17.5,5.75,3.75,5.5,3.5,5.375,3.6875,4.0,2.65625,104.865234375,89.5,655.8441009521484,0,0,0,0,0,0,0,0,0,0,0,0,0,0,172.72,180.34,170.0,32.0,29.0,0,0,0,0,0,0,0,0,0,1,0,0,0,0,0,0,0,1,0,0,1,0,0,0
Red,False,0.314453125,1.56640625,0.35986328125,0.44923828125,0.1328125,0.58533203125,0.0,0.00390625,0.0,0.0,140.01953125,51.470703125,110.912109375,44.681640625,143.0390625,54.474609375,125.783203125,59.048828125,2.51171875,0.5078125,1.828125,1.271484375,112.353515625,28.24609375,97.17578125,32.53515625,10.1875,8.35546875,6.69140625,5.5,17.478515625,14.869140625,7.044921875,6.646484375,117.265625,39.779296875,91.771484375,33.54296875,16.77734375,9.02734375,10.744140625,6.025390625,5.9765625,2.6640625,8.396484375,5.11328125,69.9140625,100.138671875,754.9375,23,0,2,0,2,6,4,0,0,2,2,2,0,0,187.96,193.04,185.0,0.0625,1.25,0.473125,0.50125,0.15625,0.6112500000000001,0.3125,0.0625,0.0,0.0,21.75,11.5625,32.1875,16.375,32.6875,22.0,37.6875,21.8125,1.5,0.1875,2.25,1.4375,15.4375,7.9375,24.1875,10.1875,5.5625,3.25,4.375,3.5625,0.75,0.375,3.625,2.625,9.625,2.5,18.25,7.1875,4.25,3.4375,4.375,2.9375,7.875,5.625,9.5625,6.25,52.0625,88.1875,250.4375,6,0,4,0,4,4,1,0,0,0,0,4,0,0,187.96,187.96,205.0,33.0,26.0,0,0,0,0,0,1,0,0,0,0,0,0,0,0,0,1,0,0,0,0,1,0,0,0
Red,False,0.5,0.0,0.3425,0.43,0.25,0.05,0.75,0.0,0.0,0.0,40.25,14.5,27.5,12.25,46.75,21.0,30.75,15.5,0.5,0.5,1.25,0.25,36.0,11.5,14.5,3.0,2.0,1.0,8.75,5.25,2.25,2.0,4.25,4.0,33.5,10.0,20.75,7.75,3.5,2.0,6.75,4.5,3.25,2.5,0.0,0.0,105.5,23.0,283.5,4,0,3,0,3,3,0,0,0,0,0,1,2,0,185.42,195.58,205.0,1.26171875,0.25,0.49734375,0.305,0.34375,0.191015625,0.0078125,0.0,0.0,0.0,72.62890625,35.93359375,59.80078125,21.96875,77.84375,40.7890625,73.33984375,35.1015625,0.78515625,0.53125,1.90625,0.76171875,48.2890625,15.50390625,48.59765625,12.91015625,8.13671875,6.30859375,3.296875,2.38671875,16.203125,14.12109375,7.90625,6.671875,60.24609375,27.171875,41.265625,12.22265625,8.48046875,5.62890625,11.5,6.58984375,3.90234375,3.1328125,7.03515625,3.15625,47.9609375,105.8984375,581.23828125,17,0,4,0,4,6,3,0,0,0,1,4,1,0,190.5,198.12,230.0,32.0,31.0,0,0,0,0,0,1,0,0,0,0,0,0,0,0,1,0,0,0,0,0,1,0,0,0
Red,False,0.015625,0.0,0.45,0.4275,0.25,0.2,0.148468017578125,0.098388671875,0.0,0.0,66.5,29.6875,64.31230545043945,27.34375,89.75,48.0,85.53125,44.41152191162109,2.0,0.75,2.0546875,0.75,51.1875,18.3359375,49.6123046875,16.280410766601562,7.5,5.07647705078125,7.5,5.0,4.5,3.625,4.984375,3.9375,48.6875,17.0,47.11572265625,16.5,5.75,3.75,5.3125,3.4375,5.0625,3.5,3.875,2.5,99.2119140625,94.125,638.5,0,0,0,0,0,0,0,0,0,0,0,0,0,0,187.96,193.04,258.0,0.2734375,0.5,0.6363281249999999,0.3434765625,0.6991015625,0.009375,0.1875,0.0,0.0,0.00390625,13.6328125,8.26171875,16.0234375,7.46875,17.0859375,11.54296875,19.26953125,10.58984375,0.98046875,0.85546875,0.38671875,0.09375,10.19140625,5.28125,14.72265625,6.58984375,2.21875,1.890625,0.19921875,0.15625,1.22265625,1.08984375,1.1015625,0.72265625,7.69921875,3.73828125,8.75,2.3828125,3.02734375,2.61328125,3.38671875,2.234375,2.90625,1.91015625,3.88671875,2.8515625,38.6328125,28.63671875,132.85546875,15,1,4,0,4,6,3,0,0,0,0,4,2,0,187.96,193.04,242.0,33.0,30.0,0,0,0,0,1,0,0,0,0,0,0,0,0,0,0,1,0,0,0,0,1,0,0,0
Red,False,0.125,0.57818603515625,0.5818363189697265,0.5106259155273438,0.37544189453125,0.254625244140625,0.0947837829589843,0.266387939453125,0.00048828125,0.0009765625,52.78447723388672,32.442325592041016,48.829856872558594,23.130279541015625,70.25383377075195,49.60835266113281,70.42160415649414,44.34507369995117,5.689361572265625,2.350982666015625,2.546577453613281,1.03729248046875,43.10183334350586,23.94135284423828,41.84358978271485,16.33673095703125,3.834896087646485,3.1768455505371094,4.608673095703125,4.417495727539063,5.847747802734375,5.324127197265625,2.377593994140625,2.3760528564453125,21.11060333251953,8.392105102539062,29.848731994628903,6.602195739746094,19.548660278320312,15.408065795898438,11.025787353515623,8.589286804199219,12.125213623046877,8.642154693603516,7.9553375244140625,7.938796997070312,373.7357482910156,94.43380737304688,663.792911529541,52,16,7,0,7,13,6,0,1,0,3,6,2,1,185.42,190.5,205.0,0.0,2.0,0.3425,0.3399999999999999,0.245,0.5,0.75,0.0,0.25,0.5,66.5,25.75,115.0,39.5,81.0,37.25,130.75,53.5,4.0,1.5,0.5,0.5,60.5,20.5,105.0,32.5,4.0,3.25,4.0,2.25,2.0,2.0,6.0,4.75,61.5,22.5,92.5,28.25,3.0,2.25,6.5,2.75,2.0,1.0,16.0,8.5,63.0,76.0,604.0,8,2,2,0,2,2,1,0,0,0,1,0,1,0,190.5,195.58,240.0,46.0,33.0,0,0,0,0,1,0,0,0,0,0,0,0,0,0,0,1,0,0,0,0,1,0,0,0
Red,False,0.0625,0.0,0.634296875,0.494921875,0.578125,0.0275,0.59375,0.703125,0.203125,0.2734375,85.0703125,51.9140625,34.9375,19.34375,167.6796875,129.4921875,43.3671875,27.09375,8.09375,4.15625,1.3203125,0.1875,54.46875,25.046875,25.5,11.296875,29.3359375,26.4765625,4.703125,3.578125,1.265625,0.390625,4.734375,4.46875,26.7890625,6.4453125,25.265625,13.1328125,15.4453125,12.46875,6.828125,4.5234375,42.8359375,33.0,2.84375,1.6875,502.5703125,85.71875,795.8046875,18,1,0,2,3,4,4,0,0,0,1,1,2,0,185.42,195.58,205.0,1.0,0.0,0.59,0.25,1.0,0.0,0.0,0.0,0.0,0.0,27.0,16.0,4.0,1.0,40.0,27.0,5.0,2.0,1.0,1.0,0.0,0.0,22.0,11.0,4.0,1.0,3.0,3.0,0.0,0.0,2.0,2.0,0.0,0.0,5.0,3.0,4.0,1.0,2.0,2.0,0.0,0.0,20.0,11.0,0.0,0.0,66.0,0.0,100.0,1,0,1,0,1,1,0,0,0,0,0,1,0,0,182.88,185.42,170.0,28.0,35.0,0,0,0,0,0,0,0,1,0,0,0,0,0,0,0,1,0,0,0,0,1,0,0,0
Red,False,0.5,0.5,0.41,0.5825,0.275,0.25,0.0,0.5,0.0,0.0,56.25,25.75,60.75,29.0,113.75,77.5,98.5,63.5,3.25,1.25,2.25,0.25,43.75,19.25,47.25,16.75,3.0,2.0,10.75,9.5,9.5,4.5,2.75,2.75,33.5,13.0,34.0,10.5,13.75,8.25,24.75,16.75,9.0,4.5,2.0,1.75,399.5,87.0,704.25,7,0,1,0,1,2,1,0,0,0,2,0,0,0,185.42,185.42,225.0,0.0471682548522949,0.0,0.45,0.4217682266235352,0.25,0.19173828125,0.1875,0.125,0.0,0.0,69.5,30.5,66.984375,27.8466796875,94.0,48.544921875,88.50390625,44.75,2.0,0.8125,2.015625,0.6640625,54.0,19.01513671875,51.483436584472656,16.9437255859375,7.91796875,5.430633544921875,7.75,5.0625,4.780975341796875,3.9373779296875,4.8994140625,3.84375,51.025390625,18.400863647460938,50.515625,17.5,5.75,3.75,5.5,3.5,5.375,3.6875,4.0,2.65625,104.865234375,89.5,655.8441009521484,0,0,0,0,0,0,0,0,0,0,0,0,0,0,185.42,185.42,255.0,33.0,32.0,0,0,0,0,1,0,0,0,0,0,0,0,0,0,0,1,0,0,0,0,1,0,0,0
Red,False,0.392578125,0.015625,0.384853515625,0.4319140625,0.294375,0.311845703125,0.1259765625,0.033203125,0.0,0.0625,117.47314453125,41.68310546875,107.5859375,47.42626953125,152.57373046875,75.50830078125,119.6806640625,58.95849609375,1.5009765625,0.6005859375,2.630859375,1.17333984375,83.20849609375,19.642578125,89.0244140625,34.63720703125,16.85498046875,9.2177734375,14.83837890625,10.20703125,17.40966796875,12.82275390625,3.72314453125,2.58203125,93.38623046875,29.29443359375,87.93115234375,38.4599609375,21.93212890625,10.76708984375,16.89404296875,7.48828125,2.15478515625,1.62158203125,2.7607421875,1.47802734375,53.99072265625,97.40771484375,686.74169921875,24,0,5,0,5,8,4,0,0,1,1,5,1,0,180.34,185.42,185.0,0.0,0.0,0.5,0.33,0.5,0.0,0.0,2.0,0.0,1.0,4.0,2.0,6.0,2.0,7.0,5.0,8.0,4.0,2.0,1.0,0.0,0.0,4.0,2.0,6.0,2.0,0.0,0.0,0.0,0.0,0.0,0.0,0.0,0.0,2.0,1.0,4.0,0.0,0.0,0.0,1.0,1.0,2.0,1.0,1.0,1.0,26.0,22.0,63.0,1,0,0,1,0,0,1,0,0,0,0,0,0,0,185.42,185.42,185.0,29.0,27.0,0,0,0,0,0,0,0,1,0,0,0,0,0,0,0,0,0,1,0,0,1,0,0,0
Red,False,0.0,0.0,0.469375,0.2925,0.3825,0.0625,1.375,0.5,0.25,0.1875,18.375,8.375,16.0625,5.9375,38.1875,24.125,28.9375,18.625,3.625,1.1875,0.3125,0.0625,15.75,7.0625,13.375,3.8125,2.25,1.0625,0.6875,0.6875,0.375,0.25,2.0,1.4375,9.375,3.0,11.6875,3.75,1.1875,0.375,0.5,0.5,7.8125,5.0,3.875,1.6875,98.75,98.75,245.1875,8,0,5,0,5,5,0,0,0,0,0,0,5,0,185.42,182.88,170.0,0.875,0.16015625,0.6071484375,0.2344531249999999,0.36046875,0.0528515625,0.59375,0.8125,0.01171875,0.0625,73.609375,46.07421875,46.9140625,11.00390625,84.1328125,56.15625,53.546875,17.40234375,4.14453125,1.85546875,0.55859375,0.1015625,52.85546875,28.03515625,42.65625,8.52734375,11.28125,10.09375,1.41796875,0.76171875,9.47265625,7.9453125,2.83984375,1.71484375,40.12109375,22.02734375,41.3046875,9.15234375,19.33984375,14.03125,3.5546875,0.44921875,14.1484375,10.015625,2.0546875,1.40234375,216.90625,23.4375,585.890625,21,1,4,0,4,7,2,0,0,0,3,2,2,0,182.88,187.96,185.0,31.0,30.0,0,0,0,0,0,0,0,1,0,0,0,0,0,0,0,0,0,1,0,0,1,0,0,0
Red,False,0.125,0.125,0.384375,0.41875,0.070625,0.25,0.375,0.0,0.0,0.0,83.5,29.5,117.0,56.125,100.8125,45.875,134.5,73.625,5.9375,0.5625,0.875,0.75,77.8125,24.375,72.625,25.625,3.375,2.8125,13.5,7.0625,2.3125,2.3125,30.875,23.4375,77.625,24.625,104.5,48.3125,3.3125,2.5,3.75,2.375,2.5625,2.375,8.75,5.4375,71.9375,109.5625,750.0625,11,0,0,1,2,2,3,0,0,0,0,1,1,0,177.8,187.96,155.0,1.0,0.0,0.48,0.69,0.0,1.0,1.0,1.0,0.0,0.0,27.0,13.0,13.0,9.0,28.0,14.0,18.0,14.0,0.0,0.0,1.0,1.0,27.0,13.0,9.0,5.0,0.0,0.0,3.0,3.0,0.0,0.0,1.0,1.0,18.0,7.0,12.0,8.0,0.0,0.0,0.0,0.0,9.0,6.0,1.0,1.0,31.0,32.0,133.0,1,0,1,0,1,1,0,0,0,0,0,1,0,0,177.8,177.8,155.0,36.0,27.0,0,0,0,0,0,0,1,0,0,0,0,0,0,0,0,1,0,0,0,0,0,0,1,0
Red,False,0.0,0.0,0.0,0.27,1.0,0.0,1.0,0.0,0.0,0.0,5.0,0.0,11.0,3.0,8.0,2.0,11.0,3.0,1.0,1.0,0.0,0.0,5.0,0.0,11.0,3.0,0.0,0.0,0.0,0.0,0.0,0.0,0.0,0.0,5.0,0.0,11.0,3.0,0.0,0.0,0.0,0.0,0.0,0.0,0.0,0.0,44.0,0.0,102.0,1,0,1,0,1,1,0,0,0,0,0,0,1,0,193.04,193.04,260.0,0.0471682548522949,0.0,0.45,0.4217682266235352,0.25,0.19173828125,0.1875,0.125,0.0,0.0,69.5,30.5,66.984375,27.8466796875,94.0,48.544921875,88.50390625,44.75,2.0,0.8125,2.015625,0.6640625,54.0,19.01513671875,51.483436584472656,16.9437255859375,7.91796875,5.430633544921875,7.75,5.0625,4.780975341796875,3.9373779296875,4.8994140625,3.84375,51.025390625,18.400863647460938,50.515625,17.5,5.75,3.75,5.5,3.5,5.375,3.6875,4.0,2.65625,104.865234375,89.5,655.8441009521484,0,0,0,0,0,0,0,0,0,0,0,0,0,0,190.5,198.12,260.0,26.0,23.0,0,0,0,0,1,0,0,0,0,0,0,0,0,0,0,1,0,0,0,0,1,0,0,0
Red,False,0.0,0.0,0.69,0.615,1.0,0.08,1.0,3.5,0.0,0.0,30.5,20.0,20.5,5.5,61.5,49.5,21.0,6.0,3.5,3.5,3.0,0.5,26.5,17.5,17.0,3.0,3.5,2.0,3.0,2.0,0.5,0.5,0.5,0.5,11.5,4.5,18.0,3.5,2.0,1.5,2.5,2.0,17.0,14.0,0.0,0.0,304.0,43.0,450.0,4,0,1,0,1,1,1,0,0,0,0,0,1,0,182.88,182.88,185.0,0.0,1.0,0.37,0.48,0.0,0.0,0.0,0.0,0.0,0.0,37.0,14.0,47.0,23.0,37.0,14.0,64.0,40.0,4.0,0.0,0.0,0.0,32.0,11.0,42.0,18.0,5.0,3.0,0.0,0.0,0.0,0.0,5.0,5.0,31.0,10.0,42.0,20.0,6.0,4.0,4.0,2.0,0.0,0.0,1.0,1.0,1.0,19.0,233.0,1,0,0,1,0,0,1,0,0,0,0,0,0,0,182.88,180.34,185.0,27.0,31.0,0,0,0,0,0,0,0,1,0,0,0,0,0,0,0,0,0,1,0,0,1,0,0,0
Red,False,0.5,0.0,0.36,0.36,0.15,0.5,1.0,0.0,0.0,0.0,22.0,7.5,41.5,12.5,53.5,37.0,81.0,48.5,5.0,1.5,0.5,0.5,21.0,7.0,30.5,5.0,0.5,0.5,8.0,4.5,0.5,0.0,3.0,3.0,7.5,1.5,27.0,6.0,2.0,0.5,10.5,4.5,12.5,5.5,4.0,2.0,242.0,119.5,472.0,4,0,2,0,2,2,0,0,0,1,0,1,0,0,175.26,177.8,155.0,0.0,0.625,0.43125,0.39125,0.3125,0.15625,0.125,0.0,0.0,0.0,79.125,34.5,83.0,31.125,95.0,49.0,91.75,39.875,1.125,0.5,2.0,1.0,57.75,18.25,70.0,21.625,10.375,8.5,9.875,8.125,11.0,7.75,3.125,1.375,61.75,23.25,65.0,21.5,14.25,9.125,13.25,7.0,3.125,2.125,4.75,2.625,59.625,39.625,397.0,8,0,0,2,1,1,3,0,0,0,1,0,0,0,172.72,175.26,155.0,24.0,28.0,0,0,0,0,0,0,1,0,0,0,0,0,0,0,0,0,0,1,0,0,0,0,1,0
Red,True,0.0,0.0,0.477001953125,0.329208984375,0.5900390625,0.28556640625,0.6171875,0.2890625,0.0078125,0.0,58.640625,28.7890625,39.1923828125,12.859375,81.2763671875,49.7080078125,50.029296875,23.0380859375,3.580078125,2.2451171875,3.478515625,0.8603515625,48.583984375,21.5966796875,29.2919921875,7.71875,6.6044921875,4.322265625,4.390625,1.591796875,3.4521484375,2.8701171875,5.509765625,3.548828125,33.201171875,13.69140625,31.8642578125,7.8349609375,5.6796875,3.6513671875,4.5458984375,2.984375,19.759765625,11.4462890625,2.7822265625,2.0400390625,116.572265625,86.3857421875,461.8701171875,22,2,0,1,6,9,2,0,0,0,1,2,5,1,177.8,187.96,145.0,0.5003662109375,0.0,0.5392932128906249,0.5510327148437499,0.0832080078125,0.3053271484375,0.3994140625,0.005859375,0.03125,0.009765625,76.0478515625,46.695556640625,112.578857421875,62.33740234375,111.6160888671875,80.7437744140625,238.596435546875,178.36865234375,1.0230712890625,0.228515625,4.436279296875,2.1226806640625,67.1929931640625,38.4124755859375,82.0716552734375,35.2774658203125,6.2933349609375,5.7279052734375,18.174560546875,15.893310546875,2.5615234375,2.55517578125,12.3326416015625,11.1666259765625,61.808349609375,35.5997314453125,66.8018798828125,27.7442626953125,8.5643310546875,6.9964599609375,17.724365234375,13.437255859375,5.6751708984375,4.099365234375,28.0526123046875,21.1558837890625,90.509033203125,478.4735107421875,974.6729736328124,36,7,3,0,3,9,5,0,0,0,1,5,3,0,175.26,177.8,155.0,33.0,30.0,0,0,0,0,0,0,1,0,0,0,0,0,0,0,0,0,0,1,0,0,1,0,0,0
Red,False,0.015625,0.53125,0.473203125,0.464375,0.236875,0.24640625,2.546875,0.1171875,0.03125,0.5,88.1328125,42.3984375,77.984375,35.359375,113.140625,66.0,129.4609375,79.640625,2.734375,1.4140625,4.4765625,1.875,71.78125,29.203125,61.7890625,22.9296875,10.6875,7.90625,12.015625,8.8125,5.6640625,5.2890625,4.1796875,3.6171875,36.3515625,11.421875,47.5390625,15.59375,30.453125,17.484375,20.4375,14.640625,21.328125,13.4921875,10.0078125,5.125,230.1484375,237.0078125,684.3359375,19,0,0,1,2,4,4,0,0,0,2,0,2,0,180.34,182.88,170.0,0.5,0.0625,0.4170312499999999,0.279921875,0.419921875,0.3865625,0.8046875,0.359375,0.1875,0.0703125,64.078125,28.328125,63.3671875,17.5546875,83.8359375,47.3125,89.0,41.0703125,3.765625,1.34375,5.7265625,1.4765625,55.796875,22.03125,54.609375,11.34375,5.8203125,4.34375,2.84375,1.6875,2.4609375,1.953125,5.9140625,4.5234375,43.9921875,13.0703125,52.8359375,12.25,4.6796875,2.8671875,1.984375,1.2890625,15.40625,12.390625,8.546875,4.015625,207.3359375,102.5625,595.875,17,0,0,1,2,5,3,0,0,0,1,1,3,0,172.72,177.8,155.0,26.0,30.0,0,0,0,0,0,0,1,0,0,0,0,0,0,0,0,1,0,0,0,0,1,0,0,0
Red,False,0.00390625,0.25,0.3451953125,0.4165234375,0.1273828125,0.594453125,1.12890625,0.0,0.25,0.0,182.125,62.138671875,105.908203125,44.05078125,206.619140625,82.078125,117.267578125,54.37109375,0.61328125,0.255859375,2.53125,1.2734375,129.505859375,26.212890625,97.60546875,37.275390625,18.7109375,10.70703125,4.3046875,3.333984375,33.908203125,25.21875,3.998046875,3.44140625,154.53125,45.7578125,74.3984375,24.12109375,11.951171875,7.990234375,5.697265625,3.9140625,15.642578125,8.390625,25.8125,16.015625,116.87890625,154.357421875,957.59765625,26,3,3,0,3,7,3,0,0,0,4,1,2,0,190.5,195.58,205.0,0.24609375,0.0,0.7383203125,0.2237109375,0.265625,0.08375,0.078125,0.0,0.0078125,0.0,86.8203125,60.4453125,44.29296875,11.08984375,98.6796875,69.375,52.2890625,17.8203125,0.296875,0.265625,8.0703125,0.6328125,45.99609375,24.4140625,31.5078125,3.27734375,9.4921875,7.69921875,3.3125,1.30859375,31.33203125,28.33203125,9.47265625,6.50390625,62.9375,40.2734375,39.49609375,9.22265625,5.89453125,5.01171875,2.359375,0.8515625,17.98828125,15.16015625,2.4375,1.015625,119.87109375,107.4609375,974.6328125,18,6,9,0,9,9,0,0,0,0,1,6,2,0,187.96,195.58,185.0,30.0,34.0,0,0,0,0,0,1,0,0,0,0,0,0,0,0,0,1,0,0,0,0,0,0,1,0
Red,False,0.0,0.0,0.4,0.37,0.0,1.0,2.0,0.0,0.0,0.0,5.0,2.0,16.0,6.0,8.0,5.0,22.0,11.0,0.0,0.0,1.0,1.0,2.0,0.0,13.0,4.0,3.0,2.0,1.0,0.0,0.0,0.0,2.0,2.0,5.0,2.0,4.0,2.0,0.0,0.0,0.0,0.0,0.0,0.0,12.0,4.0,0.0,133.0,182.0,1,1,1,0,1,1,0,0,0,0,0,0,1,0,177.8,190.5,170.0,0.0471682548522949,0.0,0.45,0.4217682266235352,0.25,0.19173828125,0.1875,0.125,0.0,0.0,69.5,30.5,66.984375,27.8466796875,94.0,48.544921875,88.50390625,44.75,2.0,0.8125,2.015625,0.6640625,54.0,19.01513671875,51.483436584472656,16.9437255859375,7.91796875,5.430633544921875,7.75,5.0625,4.780975341796875,3.9373779296875,4.8994140625,3.84375,51.025390625,18.400863647460938,50.515625,17.5,5.75,3.75,5.5,3.5,5.375,3.6875,4.0,2.65625,104.865234375,89.5,655.8441009521484,0,0,0,0,0,0,0,0,0,0,0,0,0,0,175.26,175.26,185.0,28.0,25.0,0,0,0,0,0,0,0,0,0,1,0,0,0,0,0,1,0,0,0,0,0,0,1,0
Red,False,0.0,0.0625,0.5331250000000001,0.245,0.59625,0.125,1.0,0.9375,0.125,0.0625,28.75,15.4375,14.25,6.75,36.625,22.0625,29.875,20.25,1.6875,1.125,0.3125,0.1875,23.9375,11.4375,8.125,2.75,2.9375,2.3125,3.25,2.125,1.875,1.6875,2.875,1.875,9.8125,4.75,9.8125,4.3125,5.1875,2.9375,1.3125,0.8125,13.75,7.75,3.125,1.625,207.0,43.25,337.4375,9,0,1,0,1,3,2,0,0,0,1,1,1,0,193.04,193.04,185.0,0.0,0.0,0.51,0.54,1.0,0.33,2.0,2.0,1.0,1.0,41.0,21.0,82.0,45.0,106.0,80.0,107.0,67.0,7.0,7.0,6.0,2.0,32.0,13.0,47.0,18.0,4.0,4.0,24.0,19.0,5.0,4.0,11.0,8.0,24.0,10.0,49.0,23.0,4.0,2.0,10.0,6.0,13.0,9.0,23.0,16.0,361.0,191.0,900.0,3,0,1,0,1,1,0,0,0,1,0,0,0,0,170.18,182.88,170.0,22.0,26.0,0,0,0,0,0,0,0,0,0,1,0,0,0,0,0,0,0,0,1,0,1,0,0,0
Red,False,0.140625,0.015625,0.1925,0.5704687500000001,0.23453125,0.08875,0.71875,0.09375,0.0,0.0,38.046875,9.03125,84.1875,54.03125,48.796875,18.53125,94.671875,62.265625,8.28125,1.0625,0.875,0.625,30.453125,4.453125,46.890625,22.328125,3.328125,0.875,8.0,5.40625,4.265625,3.703125,29.296875,26.296875,33.828125,7.375,62.515625,36.328125,1.109375,0.28125,3.90625,3.46875,3.109375,1.375,17.765625,14.234375,130.671875,141.3125,931.5,17,1,0,1,5,5,2,0,0,1,1,0,3,0,185.42,198.12,185.0,0.50390625,0.328125,0.583359375,0.5512109375,0.03515625,0.078125,0.0,0.015625,0.0,0.0,17.34375,8.9609375,20.7578125,11.16015625,18.796875,10.109375,22.5390625,12.640625,0.19140625,0.09765625,2.3984375,0.265625,14.69921875,6.60546875,15.66796875,7.66015625,2.140625,1.8515625,2.73828125,2.17578125,0.50390625,0.50390625,2.3515625,1.32421875,8.9609375,4.078125,10.94921875,3.57421875,6.265625,3.0703125,6.94921875,5.5859375,2.1171875,1.8125,2.859375,2.0,6.4921875,24.84375,120.4921875,12,0,0,1,1,4,5,0,0,0,1,3,0,0,182.88,182.88,185.0,27.0,27.0,0,0,0,0,0,0,0,1,0,0,0,0,0,0,0,1,0,0,0,0,1,0,0,0
Red,False,0.5,0.1875,0.415,0.42953125,0.046875,0.2296875,0.421875,0.09375,0.046875,0.03125,41.640625,22.375,32.390625,15.34375,52.890625,33.59375,36.875,19.109375,0.109375,0.046875,2.625,0.984375,34.46875,17.09375,26.859375,10.40625,5.109375,3.921875,2.3125,1.71875,2.0625,1.359375,3.21875,3.21875,24.125,8.6875,16.5,5.609375,14.578125,11.125,9.5625,5.453125,2.9375,2.5625,6.328125,4.28125,37.0,166.765625,334.796875,12,1,3,0,3,5,2,0,0,1,1,2,1,0,198.12,200.66,185.0,0.0,0.0625,0.558125,0.4671875,0.516875,0.0625,1.46875,1.5625,0.0,0.0,52.625,28.65625,40.34375,19.78125,75.75,50.75,64.5625,43.4375,10.6875,5.21875,1.21875,0.21875,43.21875,20.5625,24.4375,5.8125,8.4375,7.625,8.15625,7.34375,0.96875,0.46875,7.75,6.625,34.125,15.84375,25.59375,9.9375,5.03125,3.34375,12.46875,8.53125,13.46875,9.46875,2.28125,1.3125,335.53125,122.1875,744.40625,13,0,0,1,1,3,3,0,0,0,1,0,2,0,182.88,187.96,170.0,26.0,32.0,0,0,0,0,0,0,0,1,0,0,0,0,0,0,0,1,0,0,0,0,1,0,0,0
Red,False,0.0,0.0,0.35,0.64,0.0,0.4,0.0,5.0,2.0,0.0,68.0,24.0,25.0,16.0,90.0,38.0,164.0,148.0,0.0,0.0,5.0,2.0,66.0,22.0,18.0,10.0,1.0,1.0,5.0,4.0,1.0,1.0,2.0,2.0,3.0,2.0,11.0,4.0,0.0,0.0,2.0,0.0,65.0,22.0,12.0,12.0,653.0,145.0,900.0,3,0,1,0,1,1,0,0,0,1,0,0,0,0,187.96,187.96,170.0,0.0,0.0,0.6699999999999999,0.575,0.7,0.5,1.0,0.0,0.0,0.0,80.5,54.0,49.5,28.0,236.0,202.5,74.0,52.0,6.5,4.5,3.0,0.5,35.0,16.5,22.0,11.0,31.5,25.0,18.5,10.0,14.0,12.5,9.0,7.0,14.5,2.0,22.5,13.5,38.0,29.5,25.5,14.0,28.0,22.5,1.5,0.5,610.0,86.0,900.0,6,0,2,0,2,2,0,0,0,0,2,0,0,0,185.42,193.04,170.0,23.0,23.0,0,0,0,0,0,0,0,0,0,1,0,0,0,0,0,1,0,0,0,0,0,0,1,0
Red,False,0.015625,0.0,0.45,0.4275,0.25,0.2,0.148468017578125,0.098388671875,0.0,0.0,66.5,29.6875,64.31230545043945,27.34375,89.75,48.0,85.53125,44.41152191162109,2.0,0.75,2.0546875,0.75,51.1875,18.3359375,49.6123046875,16.280410766601562,7.5,5.07647705078125,7.5,5.0,4.5,3.625,4.984375,3.9375,48.6875,17.0,47.11572265625,16.5,5.75,3.75,5.3125,3.4375,5.0625,3.5,3.875,2.5,99.2119140625,94.125,638.5,0,0,0,0,0,0,0,0,0,0,0,0,0,0,185.42,185.42,185.0,0.0471682548522949,0.0,0.45,0.4217682266235352,0.25,0.19173828125,0.1875,0.125,0.0,0.0,69.5,30.5,66.984375,27.8466796875,94.0,48.544921875,88.50390625,44.75,2.0,0.8125,2.015625,0.6640625,54.0,19.01513671875,51.483436584472656,16.9437255859375,7.91796875,5.430633544921875,7.75,5.0625,4.780975341796875,3.9373779296875,4.8994140625,3.84375,51.025390625,18.400863647460938,50.515625,17.5,5.75,3.75,5.5,3.5,5.375,3.6875,4.0,2.65625,104.865234375,89.5,655.8441009521484,0,0,0,0,0,0,0,0,0,0,0,0,0,0,175.26,182.88,170.0,26.0,27.0,0,0,0,0,0,0,0,0,0,1,0,0,0,0,0,1,0,0,0,0,1,0,0,0
Red,False,0.0,0.0,0.275,0.39,0.5,0.3249999999999999,0.0,1.0,0.0,0.0,150.0,41.5,68.5,30.0,227.5,113.0,126.5,83.5,0.5,0.5,12.0,4.0,128.5,28.5,43.5,10.0,15.5,7.5,4.0,2.5,6.0,5.5,21.0,17.5,131.5,32.5,55.0,24.5,13.5,6.0,3.0,1.0,5.0,3.0,10.5,4.5,118.5,396.0,900.0,6,0,0,1,1,1,1,0,0,1,0,0,0,0,185.42,182.88,135.0,0.0,0.0,0.63,0.08,0.375,0.0,2.0,0.0,0.5,0.5,19.0,11.5,7.5,1.0,62.0,50.5,10.0,3.5,2.0,1.5,1.0,0.0,18.0,11.0,5.5,0.0,1.0,0.5,0.5,0.0,0.0,0.0,1.5,1.0,6.5,1.5,6.5,1.0,1.0,0.5,0.5,0.0,11.5,9.5,0.5,0.0,201.0,27.5,270.0,3,0,2,0,2,2,0,0,0,0,0,1,1,0,177.8,180.34,155.0,27.0,32.0,0,0,0,0,0,0,1,0,0,0,0,0,0,0,0,1,0,0,0,0,1,0,0,0
Red,False,0.625,0.0,0.48625,0.44125,0.27,0.17875,0.375,1.5,0.5,0.0,72.75,32.5,85.0,37.0,113.625,70.0,104.0,54.75,1.625,0.5,5.625,2.875,63.125,25.125,66.625,21.125,6.25,4.75,11.125,8.875,3.375,2.625,7.25,7.0,51.625,19.375,43.625,11.25,12.125,8.75,26.375,17.0,9.0,4.375,15.0,8.75,142.625,235.625,601.625,9,1,2,0,2,2,2,0,0,0,0,0,2,0,172.72,177.8,155.0,0.0,0.0,0.3675,0.39,0.3725,0.5825,2.25,0.25,0.25,0.5,91.25,31.5,64.5,25.25,116.25,53.0,83.5,43.5,7.0,2.25,1.5,0.75,74.75,19.5,54.5,17.0,10.0,6.25,8.75,7.0,6.5,5.75,1.25,1.25,63.25,15.25,53.75,19.0,13.5,7.5,6.75,4.25,14.5,8.75,4.0,2.0,363.75,88.75,874.75,9,0,2,0,2,2,1,0,0,0,1,0,1,0,172.72,180.34,155.0,29.0,25.0,0,0,0,0,0,0,1,0,0,0,0,0,0,0,0,1,0,0,0,0,0,0,1,0
Red,False,1.0,0.0,0.29,0.27,0.0,0.0,0.0,0.0,0.0,0.0,24.0,7.0,29.0,8.0,24.0,7.0,29.0,8.0,0.0,0.0,0.0,0.0,21.0,4.0,27.0,6.0,1.0,1.0,0.0,0.0,2.0,2.0,2.0,2.0,24.0,7.0,29.0,8.0,0.0,0.0,0.0,0.0,0.0,0.0,0.0,0.0,2.0,0.0,209.0,1,0,1,0,1,1,0,0,0,0,0,1,0,0,180.34,187.96,170.0,0.005859375,0.75,0.49111328125,0.43755859375,0.4191406249999999,0.2269140625,1.076171875,0.75390625,0.0,0.8125,82.802734375,37.3125,75.072265625,40.1328125,203.064453125,141.5078125,102.8359375,66.013671875,6.537109375,2.78515625,2.970703125,1.9453125,57.330078125,17.568359375,58.638671875,27.7890625,17.52734375,13.5859375,9.68359375,6.47265625,7.9453125,6.158203125,6.75,5.87109375,48.642578125,15.39453125,51.8671875,23.568359375,15.857421875,10.279296875,4.580078125,3.720703125,18.302734375,11.638671875,18.625,12.84375,443.869140625,251.7890625,1025.005859375,28,1,8,0,8,9,1,0,0,1,4,1,3,0,182.88,187.96,170.0,28.0,31.0,0,0,0,0,0,0,0,0,0,1,0,0,0,0,0,1,0,0,0,0,1,0,0,0
Red,True,1.50390625,0.0,0.500693359375,0.417646484375,0.66052734375,0.265869140625,0.90234375,0.03125,0.0,0.00048828125,55.405517578125,21.473388671875,30.197021484375,12.152587890625,60.504150390625,25.39208984375,39.066162109375,20.824462890625,0.92431640625,0.75244140625,0.289306640625,0.273681640625,48.4091796875,16.0478515625,27.416748046875,9.997314453125,2.580322265625,2.013427734375,1.15478515625,0.52978515625,4.416015625,3.412109375,1.62548828125,1.62548828125,41.609619140625,13.636474609375,20.355224609375,5.907958984375,2.3603515625,1.8291015625,1.68896484375,0.78271484375,11.435546875,6.0078125,8.15283203125,5.4619140625,45.466064453125,29.294189453125,278.598876953125,17,2,2,0,4,10,3,0,0,0,1,2,6,0,190.5,200.66,264.0,0.75,0.0,0.745,0.5549999999999999,0.7075,0.165,0.25,0.75,0.0,0.0,40.0,30.75,15.5,8.25,76.25,66.0,27.0,19.25,3.75,2.5,1.5,0.5,27.5,18.25,10.25,3.75,9.75,9.75,2.0,1.75,2.75,2.75,3.25,2.75,10.25,4.0,6.5,2.25,8.25,7.75,8.25,5.75,21.5,19.0,0.75,0.25,275.25,121.75,491.0,6,1,0,1,2,2,1,0,0,0,1,1,0,0,190.5,205.74,265.0,30.0,31.0,0,0,0,0,1,0,0,0,0,0,0,0,0,0,0,0,0,1,0,0,1,0,0,0
Red,False,0.015625,0.5,0.4653515625,0.634765625,0.009296875,0.4853906249999999,0.34765625,0.26171875,0.00390625,0.00390625,65.62109375,30.109375,53.19140625,33.14453125,100.64453125,62.26953125,74.69140625,53.109375,1.14453125,0.04296875,6.9296875,4.10546875,47.5859375,17.0390625,32.77734375,17.19140625,8.73828125,6.54296875,13.2890625,10.109375,9.296875,6.52734375,7.125,5.84375,36.10546875,8.10546875,29.078125,13.73828125,19.73828125,15.32421875,16.703125,13.4765625,9.77734375,6.6796875,7.41015625,5.9296875,139.1796875,185.06640625,691.078125,22,1,0,1,3,5,4,0,0,0,2,1,2,0,193.04,200.66,205.0,0.0,1.125,0.4691015625,0.5811328124999999,0.559765625,0.25,0.20703125,1.125,0.0,0.064453125,57.4765625,26.736328125,67.794921875,41.3046875,94.427734375,60.8203125,101.244140625,73.482421875,7.482421875,4.537109375,1.09765625,0.5,53.57421875,23.333984375,46.9296875,23.06640625,2.40234375,2.15234375,10.81640625,9.814453125,1.5,1.25,10.048828125,8.423828125,31.146484375,8.703125,49.724609375,27.361328125,4.685546875,4.294921875,13.0078125,9.505859375,21.64453125,13.73828125,5.0625,4.4375,185.0,104.5,847.3828125,16,3,6,0,6,6,4,0,0,0,0,3,3,0,185.42,190.5,205.0,32.0,44.0,0,0,0,0,0,1,0,0,0,0,0,0,0,0,0,1,0,0,0,0,1,0,0,0
Red,True,1.470703125,0.00390625,0.478388671875,0.3894531249999999,0.255859375,0.14404296875,0.02734375,0.0126953125,0.0,0.0009765625,111.150390625,49.5126953125,83.296875,26.4599609375,119.6123046875,57.6201171875,93.880859375,36.90234375,1.2578125,0.2578125,5.22265625,0.5283203125,83.388671875,27.3935546875,68.1611328125,15.822265625,3.5244140625,2.3505859375,10.103515625,5.7685546875,24.2373046875,19.7685546875,5.0322265625,4.869140625,95.30859375,39.26171875,74.4814453125,20.1044921875,11.1083984375,6.8828125,5.4384765625,3.552734375,4.7333984375,3.3681640625,3.376953125,2.802734375,36.9736328125,156.0205078125,651.6171875,22,0,0,1,7,9,2,0,0,0,2,6,0,1,175.26,177.8,170.0,0.765869140625,0.03125,0.688719482421875,0.344376220703125,0.685452880859375,0.011865234375,0.59765625,0.0048828125,0.250732421875,0.000732421875,130.5736083984375,87.792236328125,57.2412109375,18.647216796875,286.8123779296875,232.8988037109375,98.427734375,58.68017578125,6.6805419921875,4.53369140625,2.3519287109375,0.0361328125,94.498291015625,56.3817138671875,46.3258056640625,10.3115234375,23.3917236328125,20.30126953125,7.65966796875,5.3681640625,12.68359375,11.1092529296875,3.2557373046875,2.967529296875,64.2449951171875,37.111572265625,44.81103515625,11.220458984375,15.8145751953125,13.20068359375,10.0946044921875,5.8153076171875,50.5140380859375,37.47998046875,2.3355712890625,1.6114501953125,724.998291015625,44.9371337890625,1124.9033203125,33,7,2,0,5,12,2,0,0,1,4,5,2,0,180.34,193.04,185.0,25.0,28.0,0,0,0,0,0,0,0,0,0,1,0,0,0,0,0,1,0,0,0,0,1,0,0,0
Red,False,0.0078125,0.0,0.40546875,0.47234375,0.13109375,0.4430468749999999,0.546875,1.0546875,0.0078125,0.0078125,45.0390625,22.3515625,72.953125,30.75,49.390625,26.6640625,105.703125,61.8515625,0.2578125,0.1484375,5.828125,2.8671875,30.875,11.3125,61.2578125,22.421875,6.671875,3.8359375,9.3671875,6.7578125,7.4921875,7.203125,2.328125,1.5703125,37.046875,16.3984375,52.03125,17.6640625,7.4375,5.734375,10.84375,6.8828125,0.5546875,0.21875,10.078125,6.203125,74.3046875,254.234375,591.4453125,17,0,0,1,2,5,3,0,0,1,0,1,2,1,187.96,190.5,185.0,0.0471682548522949,0.0,0.45,0.4217682266235352,0.25,0.19173828125,0.1875,0.125,0.0,0.0,69.5,30.5,66.984375,27.8466796875,94.0,48.544921875,88.50390625,44.75,2.0,0.8125,2.015625,0.6640625,54.0,19.01513671875,51.483436584472656,16.9437255859375,7.91796875,5.430633544921875,7.75,5.0625,4.780975341796875,3.9373779296875,4.8994140625,3.84375,51.025390625,18.400863647460938,50.515625,17.5,5.75,3.75,5.5,3.5,5.375,3.6875,4.0,2.65625,104.865234375,89.5,655.8441009521484,0,0,0,0,0,0,0,0,0,0,0,0,0,0,177.8,190.5,170.0,25.0,33.0,0,0,0,0,0,0,0,1,0,0,0,0,0,0,0,1,0,0,0,0,1,0,0,0
Red,False,0.140625,0.015625,0.4653125,0.35328125,0.499375,0.4170312499999999,0.03125,0.171875,0.0234375,0.0078125,115.0,51.125,96.34375,30.7734375,127.3984375,61.8984375,105.6484375,38.890625,2.1875,1.171875,2.5625,1.2109375,94.8359375,36.1875,71.171875,14.921875,15.5,11.34375,12.453125,6.1640625,4.6640625,3.59375,12.71875,9.6875,91.671875,38.265625,84.0078125,26.2109375,15.46875,7.7265625,11.421875,4.1953125,7.859375,5.1328125,0.9140625,0.3671875,69.0,71.171875,640.015625,16,1,4,0,4,7,1,0,0,1,1,5,0,0,185.42,190.5,185.0,0.28125,0.15625,0.4678125,0.4884375,0.456875,0.091875,0.21875,0.40625,0.0625,0.0,78.4375,36.59375,80.40625,38.5,92.96875,49.8125,97.21875,53.84375,4.0,2.4375,4.28125,0.6875,61.96875,23.71875,57.9375,19.1875,4.5,3.09375,18.25,15.4375,11.96875,9.78125,4.21875,3.875,47.0,18.25,62.0,25.875,11.65625,6.9375,11.375,7.28125,19.78125,11.40625,7.03125,5.34375,252.125,124.25,899.0,17,3,2,0,2,4,2,0,0,2,2,0,0,0,180.34,187.96,185.0,30.0,38.0,0,0,0,0,0,0,0,1,0,0,0,0,0,0,0,1,0,0,0,0,1,0,0,0
Red,False,0.5,0.0625,0.4834374999999999,0.4325,0.524375,0.4375,0.0625,0.0625,0.125,0.0,48.90625,15.25,105.75,31.90625,80.25,44.21875,139.625,63.75,8.25,5.53125,0.9375,0.4375,48.6875,15.03125,93.3125,22.90625,0.21875,0.21875,2.96875,2.0625,0.0,0.0,9.46875,6.9375,36.3125,9.0,93.4375,23.53125,4.75,2.625,4.125,1.3125,7.84375,3.625,8.1875,7.0625,258.1875,48.53125,645.5,14,0,3,0,3,4,2,0,0,1,2,1,0,0,190.5,193.04,205.0,0.5,0.0,0.565,0.44,0.55,0.0,0.0,0.0,0.0,0.0,82.0,43.5,80.0,35.5,109.0,69.0,106.0,60.0,7.5,4.5,1.5,0.0,54.0,24.5,47.5,13.0,23.0,16.0,16.5,10.5,5.0,3.0,16.0,12.0,34.5,13.0,41.0,13.5,39.0,24.0,38.5,21.5,8.5,6.5,0.5,0.5,252.5,119.0,900.0,6,0,2,0,2,2,0,0,0,0,2,0,0,0,193.04,213.36,205.0,24.0,21.0,0,0,0,0,0,1,0,0,0,0,0,0,0,0,0,1,0,0,0,0,1,0,0,0
Red,False,0.0,0.5,0.47,0.425,0.75,0.0825,0.5,1.5,0.25,0.0,15.25,7.0,7.5,3.0,28.5,19.5,18.0,11.5,1.0,0.75,0.75,0.25,12.5,5.5,6.25,2.0,2.0,0.75,1.0,0.75,0.75,0.75,0.25,0.25,5.5,2.0,4.75,2.0,1.75,0.75,1.0,0.75,8.0,4.25,1.75,0.25,113.0,36.75,195.5,3,1,0,1,2,2,1,0,0,0,0,1,1,0,187.96,193.04,185.0,0.0,0.0,0.63,0.45,0.36,0.0,0.0,0.0,0.0,0.0,22.0,14.0,22.0,10.0,82.0,70.0,116.0,101.0,19.0,7.0,0.0,0.0,22.0,14.0,18.0,6.0,0.0,0.0,3.0,3.0,0.0,0.0,1.0,1.0,0.0,0.0,10.0,1.0,4.0,2.0,8.0,5.0,18.0,12.0,4.0,4.0,682.0,139.0,900.0,3,0,1,0,1,1,0,0,0,0,1,0,0,0,182.88,187.96,205.0,25.0,26.0,0,0,0,0,0,0,0,1,0,0,0,0,0,0,0,1,0,0,0,0,0,0,1,0
Red,False,0.0,0.0,0.44,0.41,0.75,1.0,0.0,0.0,1.0,3.0,76.0,34.0,75.0,31.0,149.0,98.0,101.0,53.0,4.0,3.0,2.0,2.0,63.0,24.0,71.0,27.0,7.0,5.0,1.0,1.0,6.0,5.0,3.0,3.0,49.0,15.0,32.0,13.0,17.0,13.0,3.0,1.0,10.0,6.0,40.0,17.0,203.0,549.0,900.0,3,0,1,0,1,1,0,0,0,1,0,0,0,0,177.8,182.88,155.0,0.0,0.0,0.5825,0.44,0.4675,0.205,1.25,1.0,0.0,0.0,47.5,31.75,46.75,24.5,84.75,67.75,74.5,50.75,7.25,2.5,8.0,1.25,39.0,23.75,27.5,9.5,2.5,2.5,9.25,7.25,6.0,5.5,10.0,7.75,14.5,2.25,26.0,9.0,14.75,14.25,16.25,12.25,18.25,15.25,4.5,3.25,391.5,261.25,831.25,9,0,2,0,2,2,1,0,0,1,0,1,0,0,187.96,193.04,170.0,25.0,27.0,0,0,0,0,0,0,0,0,0,1,0,0,0,0,0,1,0,0,0,0,0,0,1,0
Red,False,0.75,0.5,0.62,0.4675,0.5,0.165,0.5,2.5,0.0,0.25,51.75,32.0,21.75,9.75,93.5,69.75,39.0,25.75,1.0,1.0,1.75,0.5,47.0,27.5,19.25,7.75,4.0,4.0,1.75,1.25,0.75,0.5,0.75,0.75,11.75,5.0,11.25,4.0,9.25,5.75,6.25,3.5,30.75,21.25,4.25,2.25,298.25,58.25,434.0,5,0,0,1,1,1,2,0,0,1,0,0,0,0,172.72,177.8,145.0,0.0,0.5,0.485,0.355,0.575,0.0,1.5,2.0,0.0,0.5,27.0,15.5,30.0,15.5,48.0,35.0,54.0,39.0,7.0,1.5,1.0,0.0,14.0,4.0,17.5,6.5,6.0,5.0,8.0,5.0,7.0,6.5,4.5,4.0,17.5,9.0,15.5,5.5,6.5,5.0,12.5,9.0,3.0,1.5,2.0,1.0,284.5,84.0,524.5,4,0,1,0,1,1,1,0,0,0,0,0,1,0,177.8,180.34,155.0,27.0,27.0,0,0,0,0,0,0,1,0,0,0,0,0,0,0,0,1,0,0,0,0,1,0,0,0
Red,False,0.125,0.0,0.454296875,0.326796875,0.486953125,0.098125,0.609375,0.234375,0.0,0.125,92.4609375,41.9609375,110.3671875,38.328125,121.5859375,68.453125,133.0703125,58.2578125,11.21875,5.1171875,4.875,0.28125,63.21875,17.09375,100.2109375,31.484375,8.7109375,5.1484375,7.046875,4.484375,20.53125,19.71875,3.109375,2.359375,56.5,18.2578125,97.0546875,28.96875,21.953125,14.65625,12.2890625,8.4375,14.0078125,9.046875,1.0234375,0.921875,451.1171875,38.90625,801.328125,21,0,1,0,3,5,3,0,0,2,1,1,1,0,170.18,177.8,155.0,0.53125,0.0,0.46041015625,0.4077734375,0.27365234375,0.1840625,1.0732421875,0.755859375,0.1015625,0.501953125,138.0302734375,63.0849609375,99.861328125,30.2998046875,144.0517578125,68.8671875,112.1884765625,41.390625,4.818359375,0.791015625,3.056640625,0.54296875,122.3515625,51.244140625,90.7216796875,23.7421875,14.6787109375,11.0908203125,6.693359375,4.861328125,1.0,0.75,2.4462890625,1.6962890625,116.134765625,51.2919921875,84.8544921875,22.599609375,9.109375,4.8203125,13.3701171875,6.3125,12.7861328125,6.97265625,1.63671875,1.3876953125,103.1982421875,62.3466796875,796.0166015625,26,1,6,0,6,9,2,0,0,0,4,5,0,0,177.8,182.88,170.0,27.0,27.0,0,0,0,0,0,0,1,0,0,0,0,0,0,0,0,1,0,0,0,0,0,0,1,0
Red,True,0.015625,0.0,0.45,0.4275,0.25,0.2,0.148468017578125,0.098388671875,0.0,0.0,66.5,29.6875,64.31230545043945,27.34375,89.75,48.0,85.53125,44.41152191162109,2.0,0.75,2.0546875,0.75,51.1875,18.3359375,49.6123046875,16.280410766601562,7.5,5.07647705078125,7.5,5.0,4.5,3.625,4.984375,3.9375,48.6875,17.0,47.11572265625,16.5,5.75,3.75,5.3125,3.4375,5.0625,3.5,3.875,2.5,99.2119140625,94.125,638.5,0,0,0,0,0,0,0,0,0,0,0,0,0,0,180.34,185.42,155.0,0.0471682548522949,0.0,0.45,0.4217682266235352,0.25,0.19173828125,0.1875,0.125,0.0,0.0,69.5,30.5,66.984375,27.8466796875,94.0,48.544921875,88.50390625,44.75,2.0,0.8125,2.015625,0.6640625,54.0,19.01513671875,51.483436584472656,16.9437255859375,7.91796875,5.430633544921875,7.75,5.0625,4.780975341796875,3.9373779296875,4.8994140625,3.84375,51.025390625,18.400863647460938,50.515625,17.5,5.75,3.75,5.5,3.5,5.375,3.6875,4.0,2.65625,104.865234375,89.5,655.8441009521484,0,0,0,0,0,0,0,0,0,0,0,0,0,0,172.72,175.26,155.0,27.0,24.0,0,0,0,0,0,0,1,0,0,0,0,0,0,0,0,1,0,0,0,0,1,0,0,0
Red,False,0.0,0.0,0.0,0.0,0.0,0.0,2.0,1.0,0.0,0.0,0.0,0.0,3.0,0.0,0.0,0.0,6.0,2.0,1.0,0.0,0.0,0.0,0.0,0.0,3.0,0.0,0.0,0.0,0.0,0.0,0.0,0.0,0.0,0.0,0.0,0.0,3.0,0.0,0.0,0.0,0.0,0.0,0.0,0.0,0.0,0.0,0.0,22.0,63.0,1,0,1,0,1,1,0,0,0,0,0,0,1,0,182.88,182.88,235.0,0.0,0.5,0.48,0.36,0.75,0.0,0.0,0.5,0.0,0.0,74.5,28.5,58.0,25.5,81.0,34.5,61.5,28.5,1.5,1.0,3.0,0.0,64.5,20.0,43.5,16.5,5.5,4.0,9.0,6.5,4.5,4.5,5.5,2.5,51.0,15.5,37.5,14.0,17.5,8.5,20.5,11.5,6.0,4.5,0.0,0.0,51.0,12.5,342.5,3,0,0,1,1,1,1,0,0,0,0,1,0,0,185.42,193.04,205.0,29.0,27.0,0,0,0,0,0,1,0,0,0,0,0,0,0,0,0,1,0,0,0,0,1,0,0,0
Red,False,0.0,0.5,0.4475,0.5,0.0,0.79,1.25,0.0,0.0,0.0,46.5,19.75,64.0,33.25,83.75,56.5,127.5,90.0,0.25,0.0,4.5,3.25,31.25,8.25,44.25,16.75,4.5,2.75,10.25,8.5,10.75,8.75,9.5,8.0,41.25,15.75,38.5,20.25,4.25,3.0,4.0,3.25,1.0,1.0,21.5,9.75,18.25,432.0,650.25,8,0,2,0,2,2,1,0,0,0,0,1,1,0,177.8,187.96,170.0,0.06298828125,0.0313720703125,0.4102783203125,0.41759521484375,0.215087890625,0.0712976074218749,0.72998046875,0.02734375,0.02783203125,0.0255126953125,161.2392578125,66.3753662109375,133.8187255859375,57.0177001953125,204.791015625,109.6651611328125,162.57666015625,85.2513427734375,0.8099365234375,0.5533447265625,1.660400390625,0.2794189453125,119.249267578125,33.368896484375,97.3277587890625,29.739501953125,25.0439453125,18.4989013671875,26.520263671875,17.9381103515625,16.946044921875,14.507568359375,9.970703125,9.340087890625,127.51123046875,46.1126708984375,107.6163330078125,40.052734375,32.53515625,19.20458984375,21.0460205078125,13.1134033203125,1.19287109375,1.05810546875,5.1563720703125,3.8515625,130.822509765625,104.1416015625,823.136474609375,33,1,0,2,2,5,9,0,0,0,1,1,3,0,180.34,172.72,170.0,29.0,34.0,0,0,0,0,0,0,0,0,0,1,0,0,0,0,0,1,0,0,0,0,1,0,0,0
Red,False,0.015625,0.0,0.45,0.4275,0.25,0.2,0.148468017578125,0.098388671875,0.0,0.0,66.5,29.6875,64.31230545043945,27.34375,89.75,48.0,85.53125,44.41152191162109,2.0,0.75,2.0546875,0.75,51.1875,18.3359375,49.6123046875,16.280410766601562,7.5,5.07647705078125,7.5,5.0,4.5,3.625,4.984375,3.9375,48.6875,17.0,47.11572265625,16.5,5.75,3.75,5.3125,3.4375,5.0625,3.5,3.875,2.5,99.2119140625,94.125,638.5,0,0,0,0,0,0,0,0,0,0,0,0,0,0,177.8,180.34,170.0,2.5,0.0,0.43,0.305,0.0,0.0,0.0,0.0,0.0,0.0,191.5,66.0,107.0,36.0,210.5,84.0,110.5,39.5,0.5,0.0,4.0,0.0,165.5,47.0,86.0,17.5,12.0,7.0,13.0,11.5,14.0,12.0,8.0,7.0,171.5,53.0,105.5,35.5,4.5,3.0,1.0,0.0,15.5,10.0,0.5,0.5,120.5,14.0,674.5,5,0,2,0,2,2,0,0,0,0,1,1,0,0,177.8,185.42,170.0,25.0,32.0,0,0,0,0,0,0,0,0,0,1,0,0,0,0,0,1,0,0,0,0,1,0,0,0
Red,False,0.0,0.125,0.4164843749999999,0.420859375,0.555234375,0.056875,1.90625,0.2578125,0.015625,0.0078125,22.828125,7.953125,34.9140625,17.84375,57.734375,39.2109375,47.0234375,29.7109375,8.7578125,4.2578125,0.8046875,0.140625,20.921875,6.1171875,22.140625,7.09375,0.8828125,0.8203125,7.0703125,6.5625,1.0234375,1.015625,5.703125,4.1875,14.71875,3.34375,20.8203125,7.0859375,2.5625,1.9375,10.453125,8.3203125,5.546875,2.671875,3.640625,2.4375,416.203125,59.7265625,675.0234375,18,0,0,1,3,5,3,0,0,0,3,0,2,0,177.8,180.34,155.0,1.15625,0.0,0.46796875,0.28984375,0.34375,0.400625,0.015625,0.65625,0.0,0.25,17.65625,8.40625,5.265625,2.4375,18.03125,8.765625,8.671875,5.703125,0.515625,0.515625,1.40625,0.765625,16.921875,7.859375,3.5625,0.953125,0.484375,0.34375,0.53125,0.4375,0.25,0.203125,1.171875,1.046875,10.296875,4.359375,4.1875,1.953125,0.734375,0.203125,0.5625,0.1875,6.625,3.84375,0.515625,0.296875,26.59375,39.34375,128.453125,9,0,1,0,2,4,3,0,0,0,0,3,0,1,175.26,180.34,155.0,25.0,26.0,0,0,0,0,0,0,1,0,0,0,0,0,0,0,0,0,0,1,0,0,1,0,0,0
Red,False,0.03125,0.0,0.425,0.5028125,0.3103125,0.4534375,0.375,1.65625,0.0,0.21875,88.625,35.8125,68.0625,34.34375,128.0,71.09375,90.6875,55.34375,7.125,1.53125,8.0625,3.4375,73.84375,25.1875,45.125,15.4375,10.53125,7.0,6.5,2.96875,4.25,3.625,16.4375,15.9375,65.8125,19.15625,31.8125,11.59375,16.3125,12.15625,22.53125,13.75,6.5,4.5,13.71875,9.0,160.625,406.875,767.25,12,1,5,0,5,5,1,0,0,1,0,0,4,0,182.88,193.04,170.0,0.125,0.130859375,0.34478515625,0.4202148437499999,0.17560546875,0.403515625,0.896484375,0.978515625,0.564453125,0.0625,85.701171875,26.123046875,116.580078125,53.87890625,90.6796875,30.55078125,124.083984375,60.96875,3.279296875,0.509765625,3.291015625,1.478515625,78.29296875,20.88671875,103.447265625,44.595703125,6.51171875,4.33984375,12.87890625,9.029296875,0.896484375,0.896484375,0.25390625,0.25390625,76.11328125,19.927734375,107.388671875,49.39453125,6.6875,3.9921875,4.361328125,1.57421875,2.900390625,2.203125,4.830078125,2.91015625,66.177734375,96.70703125,639.6484375,21,2,1,0,4,6,4,0,0,0,2,0,3,1,170.18,177.8,145.0,24.0,27.0,0,0,0,0,0,0,1,0,0,0,0,0,0,0,0,0,0,1,0,0,1,0,0,0
Red,False,0.015625,0.0,0.45,0.4275,0.25,0.2,0.148468017578125,0.098388671875,0.0,0.0,66.5,29.6875,64.31230545043945,27.34375,89.75,48.0,85.53125,44.41152191162109,2.0,0.75,2.0546875,0.75,51.1875,18.3359375,49.6123046875,16.280410766601562,7.5,5.07647705078125,7.5,5.0,4.5,3.625,4.984375,3.9375,48.6875,17.0,47.11572265625,16.5,5.75,3.75,5.3125,3.4375,5.0625,3.5,3.875,2.5,99.2119140625,94.125,638.5,0,0,0,0,0,0,0,0,0,0,0,0,0,0,180.34,180.34,170.0,0.0471682548522949,0.0,0.45,0.4217682266235352,0.25,0.19173828125,0.1875,0.125,0.0,0.0,69.5,30.5,66.984375,27.8466796875,94.0,48.544921875,88.50390625,44.75,2.0,0.8125,2.015625,0.6640625,54.0,19.01513671875,51.483436584472656,16.9437255859375,7.91796875,5.430633544921875,7.75,5.0625,4.780975341796875,3.9373779296875,4.8994140625,3.84375,51.025390625,18.400863647460938,50.515625,17.5,5.75,3.75,5.5,3.5,5.375,3.6875,4.0,2.65625,104.865234375,89.5,655.8441009521484,0,0,0,0,0,0,0,0,0,0,0,0,0,0,187.96,193.04,170.0,25.0,24.0,0,0,0,0,0,0,0,0,0,1,0,0,0,0,0,1,0,0,0,0,1,0,0,0
Red,False,0.015625,0.0,0.45,0.4275,0.25,0.2,0.148468017578125,0.098388671875,0.0,0.0,66.5,29.6875,64.31230545043945,27.34375,89.75,48.0,85.53125,44.41152191162109,2.0,0.75,2.0546875,0.75,51.1875,18.3359375,49.6123046875,16.280410766601562,7.5,5.07647705078125,7.5,5.0,4.5,3.625,4.984375,3.9375,48.6875,17.0,47.11572265625,16.5,5.75,3.75,5.3125,3.4375,5.0625,3.5,3.875,2.5,99.2119140625,94.125,638.5,0,0,0,0,0,0,0,0,0,0,0,0,0,0,180.34,180.34,155.0,0.0,0.0,0.375,0.415,0.0,0.745,1.5,0.5,0.5,0.5,61.0,25.0,128.5,53.5,145.0,100.5,206.5,117.0,0.0,0.0,7.5,5.5,45.5,15.5,115.5,44.5,10.0,5.5,9.5,7.0,5.5,4.0,3.5,2.0,51.5,18.5,57.5,16.5,6.5,4.0,8.0,4.5,3.0,2.5,63.0,32.5,7.5,697.0,900.0,6,0,0,2,0,0,2,0,0,0,0,0,0,0,177.8,180.34,155.0,22.0,29.0,0,0,0,0,0,0,1,0,0,0,0,0,0,0,0,1,0,0,0,0,1,0,0,0
Red,True,0.015625,0.0,0.45,0.4275,0.25,0.2,0.148468017578125,0.098388671875,0.0,0.0,66.5,29.6875,64.31230545043945,27.34375,89.75,48.0,85.53125,44.41152191162109,2.0,0.75,2.0546875,0.75,51.1875,18.3359375,49.6123046875,16.280410766601562,7.5,5.07647705078125,7.5,5.0,4.5,3.625,4.984375,3.9375,48.6875,17.0,47.11572265625,16.5,5.75,3.75,5.3125,3.4375,5.0625,3.5,3.875,2.5,99.2119140625,94.125,638.5,0,0,0,0,0,0,0,0,0,0,0,0,0,0,185.42,190.5,170.0,0.0471682548522949,0.0,0.45,0.4217682266235352,0.25,0.19173828125,0.1875,0.125,0.0,0.0,69.5,30.5,66.984375,27.8466796875,94.0,48.544921875,88.50390625,44.75,2.0,0.8125,2.015625,0.6640625,54.0,19.01513671875,51.483436584472656,16.9437255859375,7.91796875,5.430633544921875,7.75,5.0625,4.780975341796875,3.9373779296875,4.8994140625,3.84375,51.025390625,18.400863647460938,50.515625,17.5,5.75,3.75,5.5,3.5,5.375,3.6875,4.0,2.65625,104.865234375,89.5,655.8441009521484,0,0,0,0,0,0,0,0,0,0,0,0,0,0,185.42,190.5,170.0,26.0,31.0,0,0,0,0,0,0,0,0,0,1,0,0,0,0,0,1,0,0,0,0,1,0,0,0
Red,False,0.0,1.0,0.44,0.77,0.0,1.0,0.0,0.0,0.0,0.0,9.0,4.0,44.0,34.0,12.0,7.0,84.0,73.0,7.0,0.0,1.0,1.0,4.0,0.0,32.0,23.0,2.0,1.0,2.0,2.0,3.0,3.0,10.0,9.0,5.0,1.0,11.0,6.0,4.0,3.0,6.0,6.0,0.0,0.0,27.0,22.0,92.0,77.0,277.0,1,0,0,1,0,0,1,0,0,0,0,0,0,0,187.96,195.58,245.0,0.25,0.25,0.435,0.4375,0.5,0.375,0.0,0.0,0.0,0.5,27.0,12.75,73.0,37.5,45.75,31.5,90.0,52.5,0.5,0.5,2.25,0.75,19.0,8.0,39.5,11.0,5.5,3.5,17.0,13.25,2.5,1.25,16.5,13.25,18.25,7.75,44.25,14.25,3.75,1.75,17.75,16.0,5.0,3.25,11.0,7.25,76.75,243.25,591.0,5,0,1,0,1,1,2,0,0,0,0,1,0,0,187.96,185.42,230.0,35.0,34.0,0,0,0,0,1,0,0,0,0,0,0,0,0,0,0,1,0,0,0,0,0,0,1,0
Red,False,0.0,0.53125,0.6168750000000001,0.6053124999999999,0.3784375,0.81125,0.3125,1.078125,0.625,0.0,59.625,38.46875,41.125,26.46875,91.140625,67.59375,71.921875,56.375,4.578125,2.265625,3.84375,2.71875,30.4375,12.9375,33.453125,19.5,7.515625,6.4375,6.484375,6.03125,21.671875,19.09375,1.1875,0.9375,20.578125,11.671875,17.09375,8.90625,11.546875,10.359375,12.078125,8.359375,27.5,16.4375,11.953125,9.203125,349.5,193.625,802.21875,20,2,0,1,2,3,4,0,0,0,2,1,0,0,170.18,177.8,155.0,0.5234375,0.0,0.497265625,0.506484375,0.0526953125,0.3061328125,1.017578125,1.34375,0.50390625,0.03125,73.814453125,36.6953125,68.40234375,31.03125,126.2890625,83.24609375,110.884765625,70.580078125,2.4140625,0.267578125,9.279296875,2.611328125,51.107421875,19.1796875,49.552734375,15.68359375,15.58984375,10.818359375,12.01171875,8.904296875,7.1171875,6.697265625,6.837890625,6.443359375,41.697265625,17.162109375,44.228515625,15.173828125,19.271484375,13.50390625,10.46875,8.302734375,12.845703125,6.029296875,13.705078125,7.5546875,217.439453125,340.837890625,841.451171875,23,0,2,0,2,7,3,0,0,0,2,2,2,1,170.18,172.72,155.0,34.0,33.0,0,0,0,0,0,0,1,0,0,0,0,0,0,0,0,0,0,1,0,0,0,0,1,0
Red,False,0.65625,0.59375,0.375625,0.4490625,0.0,0.16625,0.0,0.0,0.0,0.0,42.375,13.1875,36.125,14.59375,52.96875,23.53125,44.1875,21.71875,0.0625,0.0,1.1875,0.5,36.9375,9.375,33.6875,12.8125,1.1875,1.15625,0.65625,0.5,4.25,2.65625,1.78125,1.28125,37.6875,9.65625,31.21875,11.59375,2.53125,2.0,1.46875,0.875,2.15625,1.53125,3.4375,2.125,2.9375,81.8125,322.53125,12,1,0,1,1,2,4,0,0,0,0,2,0,0,180.34,187.96,205.0,0.38720703125,0.2001953125,0.46222412109375,0.34672607421875,0.060673828125,0.4054931640625,0.001220703125,0.2208251953125,0.0205078125,0.0,96.963623046875,44.7376708984375,65.536865234375,24.956787109375,106.9749755859375,53.0810546875,72.5906982421875,31.2542724609375,0.258544921875,0.129638671875,5.9315185546875,2.4273681640625,68.592041015625,20.3125,50.0760498046875,12.7611083984375,19.213134765625,15.614501953125,4.262451171875,3.061767578125,9.158447265625,8.8106689453125,11.1983642578125,9.1339111328125,81.908935546875,35.7977294921875,45.119384765625,13.820068359375,11.897705078125,7.0919189453125,8.90185546875,5.15234375,3.156982421875,1.8480224609375,11.515625,5.984375,81.3851318359375,195.290283203125,739.2869873046875,32,5,7,0,7,11,3,0,0,0,2,7,1,1,185.42,193.04,185.0,32.0,34.0,0,1,0,0,0,0,0,0,0,0,0,0,0,0,0,1,0,0,0,0,0,0,1,0
Red,False,0.08203125,0.03125,0.4396874999999999,0.29900390625,0.345078125,0.376953125,0.548828125,0.376953125,0.0,0.04296875,108.10546875,41.15625,126.001953125,42.30078125,124.970703125,57.873046875,141.1328125,56.62890625,1.501953125,0.68359375,0.505859375,0.505859375,79.833984375,21.3125,97.80859375,19.71875,21.962890625,14.79296875,12.431640625,8.962890625,6.30859375,5.05078125,15.76171875,13.619140625,97.96484375,34.83203125,101.5,31.16796875,8.3046875,4.85546875,18.435546875,8.75,1.8359375,1.46875,6.06640625,2.3828125,39.759765625,75.25,693.361328125,19,0,0,1,6,8,2,0,0,1,1,2,4,0,177.8,177.8,170.0,0.5,0.0,0.355,0.4,0.0,0.375,0.0,0.0,0.0,0.0,99.0,31.0,57.0,29.0,101.0,33.0,58.0,30.0,0.0,0.0,2.0,1.5,71.0,13.5,34.5,15.0,10.0,6.0,10.0,7.0,18.0,11.5,12.5,7.0,90.5,28.5,52.5,26.0,8.0,2.0,3.5,2.0,0.5,0.5,1.0,1.0,2.0,33.0,484.5,4,0,2,0,2,2,0,0,0,1,0,1,0,0,182.88,187.96,170.0,35.0,27.0,0,0,0,0,0,0,0,0,0,1,0,0,0,0,0,0,0,1,0,0,1,0,0,0
Red,False,0.75,0.0,0.7649999999999999,0.2299999999999999,0.25,0.02,1.5,0.5,0.0,0.25,46.25,35.75,18.0,6.0,85.75,74.25,38.0,24.75,0.25,0.25,4.75,0.25,35.0,25.5,14.25,3.25,9.75,8.75,1.0,0.5,1.5,1.5,2.75,2.25,19.25,12.5,10.75,2.25,23.25,19.5,4.75,2.25,3.75,3.75,2.5,1.5,173.25,115.75,391.5,6,0,3,0,3,3,0,0,0,0,1,1,1,0,187.96,195.58,170.0,0.5078125,0.0,0.6376953125,0.419765625,0.263125,0.22125,0.2734375,0.625,0.0625,0.0,47.66796875,21.234375,31.37890625,16.0703125,66.30859375,38.21875,53.34765625,36.6640625,0.71875,0.59375,3.6328125,1.15625,33.16015625,9.71875,22.2109375,8.7890625,8.3125,6.0,2.39453125,1.3828125,6.1953125,5.515625,6.7734375,5.8984375,21.87109375,6.63671875,19.75390625,6.515625,11.875,7.7109375,9.125,7.6484375,13.921875,6.88671875,2.5,1.90625,155.76953125,109.2109375,441.71875,17,0,5,0,5,8,1,0,1,0,2,3,2,0,185.42,195.58,170.0,26.0,29.0,0,0,0,0,0,0,0,0,0,1,0,0,0,0,0,1,0,0,0,0,1,0,0,0
Red,False,0.0,0.0,0.3,0.52,0.0,1.0,0.5,1.5,0.5,0.0,45.0,13.5,48.5,20.0,53.0,21.5,64.0,34.0,0.0,0.0,1.5,1.5,33.0,8.0,42.5,16.0,6.5,4.0,4.0,3.0,5.5,1.5,2.0,1.0,33.5,9.0,32.5,11.0,11.5,4.5,9.0,6.0,0.0,0.0,7.0,3.0,5.5,156.0,356.5,3,0,0,1,1,1,1,0,0,0,0,0,1,0,182.88,185.42,155.0,0.625,0.0,0.420625,0.18,0.5,0.66875,0.3125,0.0,0.0,0.0,79.8125,31.0625,88.1875,18.75,82.0625,32.75,157.1875,79.75,1.0625,0.5,3.9375,2.25,58.3125,15.0,68.3125,7.5,4.125,2.1875,10.5,5.25,17.375,13.875,9.375,6.0,75.375,28.625,82.0625,14.5,1.9375,1.3125,1.5,0.875,2.5,1.125,4.625,3.375,20.5625,187.375,566.75,12,0,1,0,2,3,2,0,0,0,1,1,1,0,185.42,185.42,155.0,25.0,23.0,0,0,0,0,0,0,1,0,0,0,0,0,0,0,0,1,0,0,0,0,1,0,0,0
Red,False,0.0,0.0,0.3,0.345,0.0,0.8300000000000001,1.0,1.0,0.0,0.0,12.0,4.5,16.5,5.5,14.5,7.0,30.0,18.0,0.0,0.0,2.0,1.5,5.0,0.0,11.5,2.5,0.5,0.5,1.5,1.0,6.5,4.0,3.5,2.0,11.5,4.5,13.0,4.5,0.5,0.0,0.0,0.0,0.0,0.0,3.5,1.0,3.5,165.5,266.5,3,0,0,1,1,1,1,0,0,0,0,1,0,0,177.8,175.26,155.0,0.5625,0.625,0.2425,0.48,0.125,0.375,0.0,0.5625,0.125,0.25,104.5625,27.875,65.1875,30.375,130.75,51.0625,84.9375,47.3125,0.9375,0.1875,1.25,0.75,87.625,16.9375,44.5625,14.125,5.125,1.4375,7.0625,5.375,11.8125,9.5,13.5625,10.875,96.625,23.5,51.1875,23.125,5.4375,3.25,1.75,1.25,2.5,1.125,12.25,6.0,37.1875,143.5,565.5625,10,0,0,1,1,2,3,0,0,0,0,2,0,0,167.64,177.8,145.0,30.0,30.0,0,0,0,0,0,0,1,0,0,0,0,0,0,0,0,1,0,0,0,0,1,0,0,0
Red,False,0.37890625,0.0625,0.675546875,0.4362890625,0.7792187500000001,0.0941796875,0.03125,0.25390625,0.109375,0.125,66.5078125,43.95703125,20.07421875,10.1328125,100.03515625,73.828125,26.46484375,16.27734375,2.45703125,1.84765625,2.32421875,0.37109375,40.140625,21.04296875,9.671875,1.44140625,7.99609375,7.51171875,6.27734375,4.64453125,18.37109375,15.40234375,4.125,4.046875,24.515625,12.0078125,13.8828125,5.390625,11.125,10.8125,1.7578125,1.234375,30.8671875,21.13671875,4.43359375,3.5078125,245.8515625,60.6640625,437.75,18,0,2,0,3,7,2,0,1,0,1,4,0,1,193.04,208.28,240.0,0.75,0.0,0.7025,0.3975,0.375,0.0,0.0,0.5,0.0,0.0,90.25,59.0,20.75,4.0,133.0,97.25,21.75,4.5,2.25,0.75,0.25,0.0,67.75,37.5,19.25,3.0,10.5,9.5,0.0,0.0,12.0,12.0,1.5,1.0,36.25,16.25,18.25,2.5,32.0,25.5,2.5,1.5,22.0,17.25,0.0,0.0,159.25,2.0,290.0,4,0,3,0,3,3,0,0,0,0,0,3,0,0,185.42,195.58,240.0,34.0,26.0,0,0,0,0,1,0,0,0,0,0,0,0,0,0,0,1,0,0,0,0,1,0,0,0
Red,False,1.0,0.0,0.55,0.04,0.25,0.0,3.0,1.0,0.0,0.0,27.0,15.0,23.0,1.0,59.0,44.0,28.0,4.0,4.0,1.0,0.0,0.0,16.0,8.0,22.0,1.0,10.0,7.0,1.0,0.0,1.0,0.0,0.0,0.0,18.0,9.0,23.0,1.0,0.0,0.0,0.0,0.0,9.0,6.0,0.0,0.0,246.0,21.0,438.0,2,0,1,0,1,1,0,0,0,0,0,0,1,0,190.5,195.58,155.0,0.0,0.5,0.3225,0.46,0.665,1.0,0.25,1.0,0.75,0.0,143.75,53.75,77.0,36.0,236.0,135.25,113.0,68.25,4.0,2.0,2.5,2.5,123.5,36.25,63.75,25.75,13.25,11.5,6.5,4.5,7.0,6.0,6.75,5.75,79.25,21.0,53.5,22.25,24.0,13.75,14.5,8.75,40.5,19.0,9.0,5.0,379.0,114.5,784.0,8,0,1,0,1,2,1,0,0,0,2,0,0,0,175.26,177.8,155.0,27.0,24.0,0,0,0,0,0,0,1,0,0,0,0,0,0,0,0,1,0,0,0,0,1,0,0,0
Red,False,0.015625,0.0,0.45,0.4275,0.25,0.2,0.148468017578125,0.098388671875,0.0,0.0,66.5,29.6875,64.31230545043945,27.34375,89.75,48.0,85.53125,44.41152191162109,2.0,0.75,2.0546875,0.75,51.1875,18.3359375,49.6123046875,16.280410766601562,7.5,5.07647705078125,7.5,5.0,4.5,3.625,4.984375,3.9375,48.6875,17.0,47.11572265625,16.5,5.75,3.75,5.3125,3.4375,5.0625,3.5,3.875,2.5,99.2119140625,94.125,638.5,0,0,0,0,0,0,0,0,0,0,0,0,0,0,175.26,180.34,170.0,0.0,0.0,0.5,0.0,0.71,0.0,0.0,0.0,0.0,0.0,36.0,18.0,1.0,0.0,61.0,41.0,16.0,15.0,7.0,5.0,0.0,0.0,32.0,14.0,1.0,0.0,2.0,2.0,0.0,0.0,2.0,2.0,0.0,0.0,3.0,2.0,1.0,0.0,2.0,2.0,0.0,0.0,31.0,14.0,0.0,0.0,249.0,0.0,276.0,1,0,1,0,1,1,0,0,0,0,0,1,0,0,185.42,190.5,170.0,24.0,21.0,0,0,0,0,0,0,0,0,0,1,0,0,0,0,0,0,0,1,0,0,1,0,0,0
Red,False,0.015625,0.0,0.45,0.4275,0.25,0.2,0.148468017578125,0.098388671875,0.0,0.0,66.5,29.6875,64.31230545043945,27.34375,89.75,48.0,85.53125,44.41152191162109,2.0,0.75,2.0546875,0.75,51.1875,18.3359375,49.6123046875,16.280410766601562,7.5,5.07647705078125,7.5,5.0,4.5,3.625,4.984375,3.9375,48.6875,17.0,47.11572265625,16.5,5.75,3.75,5.3125,3.4375,5.0625,3.5,3.875,2.5,99.2119140625,94.125,638.5,0,0,0,0,0,0,0,0,0,0,0,0,0,0,182.88,190.5,170.0,0.375,0.0,0.51875,0.505,0.375,0.608125,0.375,0.3125,0.3125,0.125,125.875,65.0,143.25,72.875,189.8125,125.25,216.625,144.375,1.375,0.375,5.625,3.1875,90.0,34.125,105.5625,43.5,15.9375,11.875,33.125,25.1875,19.9375,19.0,4.5625,4.1875,78.375,33.6875,88.875,36.875,37.5625,26.5625,38.6875,26.5,9.9375,4.75,15.6875,9.5,94.125,475.25,843.1875,13,0,1,0,1,2,3,0,0,1,0,1,0,0,182.88,182.88,155.0,22.0,29.0,0,0,0,0,0,0,0,0,0,1,0,0,0,0,0,0,0,1,0,0,1,0,0,0
Red,False,0.0,0.0,0.17,0.62,0.0,0.25,1.0,0.0,0.0,0.0,39.0,7.0,140.0,88.0,41.0,8.0,183.0,124.0,0.0,0.0,4.0,1.0,36.0,5.0,97.0,47.0,0.0,0.0,19.0,17.0,3.0,2.0,24.0,24.0,34.0,4.0,67.0,30.0,5.0,3.0,61.0,48.0,0.0,0.0,12.0,10.0,4.0,208.0,454.0,2,0,0,1,0,0,1,0,0,0,0,0,0,0,182.88,182.88,245.0,0.0,2.0,0.0,0.66,0.0,0.0,0.0,0.0,0.0,0.0,1.0,0.0,18.0,12.0,1.0,0.0,18.0,12.0,0.0,0.0,0.0,0.0,1.0,0.0,14.0,9.0,0.0,0.0,3.0,2.0,0.0,0.0,1.0,1.0,1.0,0.0,8.0,6.0,0.0,0.0,7.0,4.0,0.0,0.0,3.0,2.0,0.0,6.0,54.0,1,0,0,1,0,0,1,0,0,0,0,0,0,0,210.82,213.36,265.0,29.0,21.0,0,0,0,0,1,0,0,0,0,0,0,0,0,0,0,1,0,0,0,0,1,0,0,0
Red,False,0.015625,0.0,0.45,0.4275,0.25,0.2,0.148468017578125,0.098388671875,0.0,0.0,66.5,29.6875,64.31230545043945,27.34375,89.75,48.0,85.53125,44.41152191162109,2.0,0.75,2.0546875,0.75,51.1875,18.3359375,49.6123046875,16.280410766601562,7.5,5.07647705078125,7.5,5.0,4.5,3.625,4.984375,3.9375,48.6875,17.0,47.11572265625,16.5,5.75,3.75,5.3125,3.4375,5.0625,3.5,3.875,2.5,99.2119140625,94.125,638.5,0,0,0,0,0,0,0,0,0,0,0,0,0,0,182.88,187.96,170.0,0.0,0.0,0.6000000000000001,0.2175,0.375,0.1775,1.25,0.75,0.0,0.0,28.75,15.5,24.75,10.25,46.0,30.25,70.0,55.25,7.0,2.0,2.0,1.25,24.5,11.75,22.0,8.25,1.25,1.0,1.5,1.5,3.0,2.75,1.25,0.5,11.5,3.0,14.25,4.5,5.25,4.25,3.0,1.5,12.0,8.25,7.5,4.25,238.0,152.5,510.5,7,0,0,1,2,2,1,0,0,0,1,0,1,0,180.34,180.34,170.0,33.0,31.0,0,0,0,0,0,0,0,0,0,1,0,0,0,0,0,1,0,0,0,0,0,0,1,0
Red,False,0.0,0.0,0.46,0.0,0.0,0.0,0.0,0.0,0.0,0.0,13.0,6.0,10.0,0.0,13.0,6.0,10.0,0.0,0.0,0.0,1.0,0.0,6.0,1.0,8.0,0.0,2.0,1.0,2.0,0.0,5.0,4.0,0.0,0.0,13.0,6.0,10.0,0.0,0.0,0.0,0.0,0.0,0.0,0.0,0.0,0.0,39.0,38.0,156.0,1,0,1,0,1,1,0,0,0,0,0,1,0,0,180.34,187.96,235.0,0.0471682548522949,0.0,0.45,0.4217682266235352,0.25,0.19173828125,0.1875,0.125,0.0,0.0,69.5,30.5,66.984375,27.8466796875,94.0,48.544921875,88.50390625,44.75,2.0,0.8125,2.015625,0.6640625,54.0,19.01513671875,51.483436584472656,16.9437255859375,7.91796875,5.430633544921875,7.75,5.0625,4.780975341796875,3.9373779296875,4.8994140625,3.84375,51.025390625,18.400863647460938,50.515625,17.5,5.75,3.75,5.5,3.5,5.375,3.6875,4.0,2.65625,104.865234375,89.5,655.8441009521484,0,0,0,0,0,0,0,0,0,0,0,0,0,0,193.04,193.04,260.0,29.0,26.0,0,0,0,0,1,0,0,0,0,0,0,0,0,0,0,1,0,0,0,0,1,0,0,0
Red,False,0.0,0.0,0.36,0.6,0.0,0.87,2.0,0.0,1.0,0.0,55.0,20.0,45.0,27.0,132.0,95.0,104.0,81.0,1.0,0.0,8.0,7.0,36.0,9.0,22.0,9.0,9.0,4.0,8.0,4.0,10.0,7.0,15.0,14.0,40.0,11.0,13.0,4.0,11.0,7.0,9.0,6.0,4.0,2.0,23.0,17.0,76.0,560.0,900.0,3,1,0,1,0,0,1,0,0,0,0,0,0,0,175.26,182.88,145.0,0.0,0.5,0.185,0.5599999999999999,0.0,0.25,0.0,1.0,0.0,0.0,25.5,9.0,35.5,17.5,26.5,10.0,42.5,24.0,0.5,0.0,1.0,0.5,21.0,5.0,34.5,16.5,4.0,3.5,0.5,0.5,0.5,0.5,0.5,0.5,23.5,7.0,21.0,6.0,2.0,2.0,5.0,4.5,0.0,0.0,9.5,7.0,1.0,20.5,213.5,3,0,0,2,0,0,2,0,0,0,0,0,0,0,175.26,180.34,155.0,25.0,26.0,0,0,0,0,0,0,1,0,0,0,0,0,0,0,0,1,0,0,0,0,1,0,0,0
Red,True,0.2890625,0.0,0.4051171875,0.313125,0.5833203124999999,0.165078125,0.0,0.13671875,0.0,0.0,77.8515625,33.01953125,104.921875,34.734375,84.3515625,38.63671875,109.97265625,38.671875,3.32421875,1.58984375,1.078125,0.5078125,72.42578125,28.75390625,75.54296875,13.796875,2.17578125,1.515625,11.484375,7.30078125,3.25,2.75,17.89453125,13.63671875,53.5078125,18.46875,96.26953125,28.41796875,2.5859375,1.08203125,8.40234375,6.1015625,21.7578125,13.46875,0.25,0.21484375,145.73828125,30.3359375,686.90625,24,2,5,0,5,8,1,0,1,3,0,4,0,0,182.88,190.5,205.0,1.4375,0.0,0.6134375000000001,0.24875,0.6525000000000001,0.079375,0.71875,0.75,0.15625,0.0,52.6875,33.28125,26.09375,7.28125,71.0625,51.25,44.78125,25.1875,2.0625,1.5,4.125,0.40625,35.0,18.625,17.3125,2.15625,7.375,6.1875,6.125,3.75,10.3125,8.46875,2.65625,1.375,28.78125,18.09375,19.4375,2.5,4.21875,3.75,6.3125,4.65625,19.6875,11.4375,0.34375,0.125,213.25,26.96875,557.0,15,0,6,0,6,6,0,0,0,0,4,1,1,0,185.42,187.96,185.0,29.0,30.0,0,0,0,0,0,1,0,0,0,0,0,0,0,0,0,1,0,0,0,0,0,0,1,0
Red,False,0.0,0.375,0.38732421875,0.4176171875,0.3642578125,0.048515625,0.3203125,0.7265625,0.15625,0.21875,186.50390625,67.392578125,175.919921875,72.755859375,228.298828125,106.326171875,206.48046875,102.73828125,7.923828125,4.111328125,1.4609375,0.1171875,165.6796875,47.177734375,155.19921875,56.150390625,7.814453125,7.814453125,14.46484375,11.8515625,13.009765625,12.400390625,6.255859375,4.75390625,158.958984375,50.755859375,163.984375,64.279296875,16.958984375,9.39453125,9.091796875,6.34375,10.5859375,7.2421875,2.84375,2.1328125,330.548828125,21.4921875,1007.388671875,32,4,3,0,3,7,3,0,0,0,5,0,1,1,167.64,170.18,155.0,0.0,0.0,0.52625,0.3725,0.6156250000000001,0.25625,0.0,0.75,0.0625,0.0,94.25,51.625,47.4375,17.25,145.5625,99.0625,81.5,45.4375,9.1875,6.75,3.1875,2.4375,82.25,39.8125,40.0,12.125,7.5625,7.4375,4.625,2.875,4.4375,4.375,2.8125,2.25,31.125,11.5625,39.375,12.8125,9.625,6.5625,6.625,3.5,53.5,33.5,1.4375,0.9375,498.0625,100.6875,862.1875,13,0,3,0,3,4,1,0,0,0,3,1,0,0,167.64,172.72,135.0,35.0,27.0,0,0,0,0,0,0,1,0,0,0,0,0,0,0,0,1,0,0,0,0,1,0,0,0
Red,False,0.0,0.0,0.3225,0.405,0.2125,0.25,1.5,1.25,0.5,0.5,15.5,8.75,8.25,4.75,48.0,39.5,21.75,18.25,1.75,1.5,1.25,0.5,14.25,7.5,7.0,3.5,1.0,1.0,1.25,1.25,0.25,0.25,0.0,0.0,5.5,1.75,3.25,1.5,1.75,1.75,2.25,1.0,8.25,5.25,2.75,2.25,183.25,70.5,278.25,5,0,3,0,3,3,0,0,0,0,1,0,2,0,185.42,187.96,185.0,0.0,0.0,0.3625,0.44375,0.30125,0.2075,0.0,2.125,0.0,0.0,26.875,10.125,14.625,6.0,60.375,38.125,18.5,9.75,3.25,1.625,3.0,1.0,22.625,7.125,12.25,4.625,2.375,1.625,2.125,1.125,1.875,1.375,0.25,0.25,13.125,4.375,11.0,3.875,1.5,0.875,1.75,0.75,12.25,4.875,1.875,1.375,235.75,33.625,332.75,8,0,0,1,1,1,3,0,0,0,1,0,0,0,185.42,185.42,205.0,27.0,32.0,0,0,0,0,0,0,0,1,0,0,0,0,0,0,0,1,0,0,0,0,0,0,1,0
Red,False,0.5625,0.001953125,0.31794921875,0.59970703125,0.0761523437499999,0.51705078125,0.015625,0.203125,0.142578125,0.03515625,31.318359375,12.0224609375,49.3994140625,32.0185546875,49.4130859375,29.0498046875,119.66796875,100.423828125,2.8154296875,0.4873046875,3.7255859375,2.630859375,24.34765625,6.37890625,33.703125,16.931640625,4.0224609375,2.896484375,14.1552734375,13.798828125,2.9482421875,2.7470703125,1.541015625,1.2880859375,20.759765625,5.74609375,17.6162109375,8.32421875,4.91015625,2.9521484375,6.658203125,5.7734375,5.6484375,3.32421875,25.125,17.9208984375,105.125,282.4375,567.3310546875,28,3,0,1,2,6,5,0,1,1,2,1,1,0,167.64,172.72,170.0,0.0,0.6289215087890625,0.5653797721862792,0.5832691955566407,0.1828013801574707,0.8147705078125,0.4156875610351562,1.196210861206055,0.130126953125,0.1575164794921875,18.43331527709961,9.736818313598633,27.26252555847168,16.166154861450195,31.795822143554688,22.747716903686523,60.44299507141113,46.81108474731445,5.146587371826172,0.8166522979736328,1.346588134765625,1.3150634765625,13.310529708862305,4.786914825439453,20.57499122619629,10.995222091674805,1.462507247924805,1.2896251678466797,4.531269073486328,3.967792510986328,3.6602783203125,3.6602783203125,2.1562652587890625,1.2031402587890625,7.218660354614258,1.2007083892822266,12.739574432373049,5.027276992797852,0.942941665649414,0.7857093811035156,2.4635581970214844,2.037494659423828,10.271713256835938,7.750400543212891,12.059392929077148,9.101383209228516,213.2677879333496,160.7914810180664,500.948673248291,42,12,2,0,6,15,5,0,0,0,4,5,4,2,175.26,185.42,170.0,34.0,35.0,0,0,0,0,0,0,0,0,0,1,0,0,0,0,0,1,0,0,0,0,0,0,0,1
Red,False,0.0,0.0,0.43,0.47,0.0,0.83,0.0,1.0,1.0,0.0,53.0,23.0,65.0,31.0,62.0,32.0,141.0,103.0,0.0,0.0,6.0,5.0,34.0,8.0,55.0,25.0,15.0,12.0,10.0,6.0,4.0,3.0,0.0,0.0,45.0,18.0,34.0,9.0,6.0,4.0,7.0,3.0,2.0,1.0,24.0,19.0,6.0,480.0,900.0,3,0,0,1,0,0,1,0,0,0,0,0,0,0,185.42,185.42,185.0,0.1875,0.0625,0.57875,0.12203125,0.140625,0.556875,0.25,0.765625,0.0,0.0,8.65625,5.03125,4.15625,2.015625,10.640625,7.015625,9.421875,6.515625,0.140625,0.140625,1.671875,0.890625,6.984375,4.015625,3.640625,1.765625,1.0625,0.546875,0.421875,0.21875,0.609375,0.46875,0.09375,0.03125,4.28125,1.8125,2.40625,0.71875,3.125,2.03125,1.296875,0.859375,1.25,1.1875,0.453125,0.4375,1.40625,55.515625,84.734375,7,0,1,0,1,3,4,0,0,0,0,3,0,0,182.88,182.88,185.0,26.0,30.0,0,0,0,0,0,0,0,1,0,0,0,0,0,0,1,0,0,0,0,0,0,0,1,0
Red,False,0.0,0.0,0.4,0.41,0.0,0.4,0.0,0.0,0.0,0.0,84.0,34.0,102.0,42.0,98.0,46.0,129.0,68.0,1.0,0.0,5.0,2.0,49.0,11.0,73.0,25.0,20.0,11.0,24.0,16.0,15.0,12.0,5.0,1.0,43.0,19.0,46.0,13.0,41.0,15.0,51.0,26.0,0.0,0.0,5.0,3.0,107.0,256.0,900.0,3,0,0,1,0,0,1,0,0,0,0,0,0,0,182.88,182.88,205.0,0.0,0.0,0.325,0.35,0.5,0.1,1.5,0.0,0.0,0.0,30.5,11.0,22.0,7.5,43.5,24.0,27.5,13.0,1.0,1.0,2.5,0.5,26.0,8.0,16.0,3.0,3.0,2.0,3.5,2.5,1.5,1.0,2.5,2.0,21.0,6.0,13.5,2.5,5.0,2.0,8.5,5.0,4.5,3.0,0.0,0.0,195.0,43.0,370.0,3,0,2,0,2,2,0,0,0,0,0,0,2,0,185.42,195.58,205.0,32.0,31.0,0,0,0,0,0,1,0,0,0,0,0,0,0,0,0,1,0,0,0,1,0,0,0,0
Red,False,0.0,1.0,0.0,0.82,0.0,0.0,0.0,0.0,0.0,0.0,1.0,0.0,51.0,42.0,5.0,4.0,58.0,49.0,0.0,0.0,0.0,0.0,1.0,0.0,43.0,35.0,0.0,0.0,7.0,6.0,0.0,0.0,1.0,1.0,0.0,0.0,10.0,7.0,1.0,0.0,41.0,35.0,0.0,0.0,0.0,0.0,6.0,48.0,109.0,1,0,0,1,0,0,1,0,0,0,0,0,0,0,175.26,175.26,170.0,0.0,0.5,0.3399999999999999,0.435,0.5,0.0,0.5,0.0,0.0,0.0,10.0,3.5,9.0,3.5,10.0,3.5,9.5,4.0,0.5,0.5,0.0,0.0,4.5,1.0,8.5,3.0,2.0,1.0,0.0,0.0,3.5,1.5,0.5,0.5,9.0,3.0,8.0,3.0,1.0,0.5,1.0,0.5,0.0,0.0,0.0,0.0,19.0,0.0,95.5,2,0,1,0,1,1,1,0,0,0,0,0,1,0,180.34,177.8,170.0,33.0,35.0,0,0,0,0,0,0,0,0,0,1,0,0,0,0,0,1,0,0,0,0,0,0,1,0
Red,False,0.0,0.0,0.41,0.49,1.0,1.0,1.0,2.0,1.0,1.0,29.0,12.0,63.0,31.0,32.0,14.0,71.0,38.0,2.0,2.0,2.0,2.0,17.0,5.0,50.0,21.0,4.0,3.0,6.0,5.0,8.0,4.0,7.0,5.0,22.0,8.0,48.0,25.0,7.0,4.0,7.0,3.0,0.0,0.0,8.0,3.0,60.0,186.0,392.0,2,0,0,1,0,0,1,0,0,0,0,0,0,0,170.18,170.18,155.0,0.0,0.0,0.28,0.31,1.0,0.3,0.0,2.0,0.0,0.0,74.0,21.0,32.0,10.0,153.0,93.0,95.0,69.0,1.0,1.0,10.0,3.0,56.0,10.0,32.0,10.0,15.0,8.0,0.0,0.0,3.0,3.0,0.0,0.0,45.0,8.0,9.0,1.0,21.0,9.0,3.0,1.0,8.0,4.0,20.0,8.0,237.0,478.0,900.0,3,0,0,1,0,0,1,0,0,0,0,0,0,0,185.42,182.88,135.0,29.0,27.0,0,0,0,0,0,0,1,0,0,0,0,0,0,0,0,1,0,0,0,0,1,0,0,0
Red,False,0.40625,0.5,0.7034375,0.48,0.0,0.4875,1.03125,0.0625,0.5,0.0,50.78125,36.8125,30.40625,15.78125,58.03125,43.46875,61.78125,42.75,0.0,0.0,4.25,2.1875,38.25,25.71875,26.9375,12.84375,7.3125,6.625,3.28125,2.75,5.21875,4.46875,0.1875,0.1875,17.0,8.875,14.1875,5.6875,20.28125,15.4375,11.3125,7.53125,13.5,12.5,4.90625,2.5625,59.375,225.625,394.40625,10,0,1,0,3,4,2,0,0,0,0,4,0,0,193.04,198.12,245.0,0.7578125,0.125,0.72109375,0.422578125,0.8984375,0.188359375,0.0625,0.5078125,0.21875,0.25,49.015625,34.9140625,20.1484375,11.265625,83.0703125,67.65625,32.9296875,23.5546875,1.9140625,1.6953125,4.6484375,0.7421875,29.28125,18.0859375,8.34375,1.8828125,6.9921875,6.0234375,9.5546875,7.2890625,12.7421875,10.8046875,2.25,2.09375,16.03125,8.015625,7.765625,1.78125,9.25,8.625,3.515625,2.46875,23.734375,18.2734375,8.8671875,7.015625,191.703125,121.328125,426.5,16,0,2,0,2,6,2,0,1,0,1,3,0,1,193.04,208.28,240.0,33.0,33.0,0,0,0,0,1,0,0,0,0,0,0,0,0,0,0,1,0,0,0,0,1,0,0,0
Red,False,0.0,0.0,0.51,0.23,1.0,0.0,1.0,0.0,0.0,0.0,29.0,15.0,56.0,13.0,33.0,19.0,58.0,15.0,1.0,1.0,1.0,0.0,22.0,9.0,46.0,5.0,5.0,4.0,3.0,2.0,2.0,2.0,7.0,6.0,24.0,12.0,53.0,12.0,2.0,1.0,3.0,1.0,3.0,2.0,0.0,0.0,78.0,17.0,244.0,1,0,1,0,1,1,0,0,0,0,0,0,1,0,187.96,190.5,185.0,1.25,0.0,0.505,0.32,0.25,0.0,0.0,0.0,0.0,0.0,51.0,26.5,51.5,17.25,54.5,30.0,52.75,18.5,0.25,0.25,1.25,0.0,47.0,23.5,40.75,9.5,3.0,2.0,5.25,4.75,1.0,1.0,5.5,3.0,39.25,18.5,48.5,15.75,4.5,1.75,3.0,1.5,7.25,6.25,0.0,0.0,23.0,3.75,337.0,4,0,0,1,2,2,1,0,0,0,0,2,0,0,187.96,195.58,185.0,22.0,27.0,0,0,0,0,0,1,0,0,0,0,0,0,0,0,0,1,0,0,0,0,0,0,1,0
Red,False,0.015625,0.0,0.45,0.4275,0.25,0.2,0.148468017578125,0.098388671875,0.0,0.0,66.5,29.6875,64.31230545043945,27.34375,89.75,48.0,85.53125,44.41152191162109,2.0,0.75,2.0546875,0.75,51.1875,18.3359375,49.6123046875,16.280410766601562,7.5,5.07647705078125,7.5,5.0,4.5,3.625,4.984375,3.9375,48.6875,17.0,47.11572265625,16.5,5.75,3.75,5.3125,3.4375,5.0625,3.5,3.875,2.5,99.2119140625,94.125,638.5,0,0,0,0,0,0,0,0,0,0,0,0,0,0,185.42,187.96,205.0,0.0,0.0,0.38,0.26,0.0,0.2,1.0,0.0,0.0,0.0,50.0,19.0,26.0,7.0,69.0,38.0,31.0,12.0,0.0,0.0,5.0,1.0,47.0,16.0,19.0,2.0,2.0,2.0,6.0,4.0,1.0,1.0,1.0,1.0,33.0,9.0,14.0,1.0,8.0,4.0,12.0,6.0,9.0,6.0,0.0,0.0,283.0,77.0,507.0,2,0,1,0,1,1,0,0,0,0,0,0,1,0,185.42,195.58,205.0,28.0,31.0,0,0,0,0,0,1,0,0,0,0,0,0,0,0,0,1,0,0,0,1,0,0,0,0
Red,False,0.015625,0.0,0.45,0.4275,0.25,0.2,0.148468017578125,0.098388671875,0.0,0.0,66.5,29.6875,64.31230545043945,27.34375,89.75,48.0,85.53125,44.41152191162109,2.0,0.75,2.0546875,0.75,51.1875,18.3359375,49.6123046875,16.280410766601562,7.5,5.07647705078125,7.5,5.0,4.5,3.625,4.984375,3.9375,48.6875,17.0,47.11572265625,16.5,5.75,3.75,5.3125,3.4375,5.0625,3.5,3.875,2.5,99.2119140625,94.125,638.5,0,0,0,0,0,0,0,0,0,0,0,0,0,0,185.42,185.42,185.0,0.0,0.0,0.47,0.32,0.6,0.0,1.0,1.0,0.0,0.0,55.0,26.0,28.0,9.0,85.0,54.0,28.0,9.0,5.0,3.0,0.0,0.0,45.0,17.0,19.0,3.0,8.0,7.0,5.0,2.0,2.0,2.0,4.0,4.0,39.0,16.0,27.0,8.0,4.0,3.0,1.0,1.0,12.0,7.0,0.0,0.0,343.0,20.0,576.0,2,0,0,1,0,0,1,0,0,0,0,0,0,0,180.34,195.58,185.0,26.0,31.0,0,0,0,0,0,0,0,1,0,0,0,0,0,0,1,0,0,0,0,0,1,0,0,0
Red,False,0.0,0.5,0.506640625,0.5099218750000001,0.412109375,0.177734375,0.88671875,1.109375,0.20703125,0.13671875,16.578125,8.6171875,26.7890625,15.24609375,39.14453125,29.13671875,45.4765625,29.66796875,3.375,1.10546875,0.6484375,0.37890625,11.73828125,3.8828125,24.359375,13.64453125,0.875,0.8359375,0.9296875,0.734375,3.96484375,3.8984375,1.5,0.8671875,8.70703125,2.1484375,8.42578125,3.09765625,3.9453125,3.51171875,2.015625,1.03125,3.92578125,2.95703125,16.34765625,11.1171875,165.0234375,104.46875,324.9765625,18,0,2,0,2,5,4,0,0,0,0,2,3,0,190.5,203.2,185.0,0.1875,0.25,0.229375,0.400625,0.0,0.395,0.0,0.5,0.0,0.0,60.375,30.203125,32.828125,11.75,66.296875,36.0,49.296875,24.078125,0.125,0.0,2.25,1.0,40.125,12.265625,28.5,8.734375,7.09375,5.75,3.109375,2.171875,13.15625,12.1875,1.21875,0.84375,51.1875,24.484375,28.15625,7.765625,8.671875,5.21875,3.046875,2.609375,0.515625,0.5,1.625,1.375,6.46875,82.90625,388.46875,11,1,3,0,3,5,2,0,0,0,1,4,0,0,182.88,182.88,185.0,33.0,37.0,0,0,0,0,0,0,0,1,0,0,0,0,0,0,0,1,0,0,0,1,0,0,0,0
Red,False,0.25,0.03125,0.4571875,0.41125,0.4884374999999999,0.44375,0.75,1.8125,0.625,0.8125,46.0,19.90625,83.84375,37.0625,71.40625,42.0,126.25,71.59375,3.125,1.4375,3.875,2.3125,39.03125,14.25,73.90625,30.46875,4.78125,3.71875,8.1875,5.375,2.1875,1.9375,1.75,1.21875,29.40625,10.3125,34.40625,11.0,9.59375,4.75,24.34375,12.78125,7.0,4.84375,25.09375,13.28125,115.75,394.875,649.125,12,0,0,1,4,4,2,0,0,0,1,2,1,0,177.8,172.72,155.0,0.0,0.0,0.2203125,0.3828125,0.5,0.119375,0.0,1.0,0.0,0.03125,227.59375,50.3125,146.6875,54.3125,236.59375,58.875,158.0625,65.1875,0.75,0.5,7.46875,1.15625,175.875,18.4375,113.75,30.0625,26.6875,14.46875,8.625,5.71875,25.03125,17.40625,24.3125,18.53125,218.0625,44.125,139.8125,49.4375,5.96875,3.96875,5.1875,3.8125,3.5625,2.21875,1.6875,1.0625,49.25,116.6875,875.1875,16,0,1,0,1,2,4,0,0,1,1,0,0,0,175.26,177.8,155.0,25.0,24.0,0,0,0,0,0,0,1,0,0,0,0,0,0,0,0,1,0,0,0,0,1,0,0,0
Red,False,0.0827255249023437,0.9375,0.2606462478637695,0.3659189319610595,0.2509775161743164,0.0065722846984863,0.0,0.0002470016479492,0.0002450942993164,0.0,92.5261058807373,25.898868560791016,87.42030239105225,29.149020195007324,93.80384731292725,26.30154514312744,87.67372131347656,29.40188980102539,0.5012226104736328,0.5009784698486328,0.3087520599365234,0.0402603149414062,85.26993942260742,21.417567253112797,74.27889251708984,17.75382709503174,3.9109411239624015,2.2617053985595703,4.220944404602051,4.045742034912109,3.3452253341674805,2.2195959091186523,8.920465469360352,7.349451065063477,86.30941677093506,23.021523475646973,83.70288848876953,27.757247924804688,4.462991714477539,2.172574996948242,3.209493637084961,1.2011432647705078,1.753697395324707,0.7047700881958008,0.5079202651977539,0.1906290054321289,20.611896514892575,2.6053123474121094,585.9199695587158,43,7,1,0,7,16,5,0,0,0,6,9,0,1,187.96,193.04,205.0,1.0,0.0,0.48,0.47,0.4549999999999999,0.885,1.0,1.5,0.0,1.0,88.5,44.5,99.5,48.5,126.5,79.5,163.5,108.5,7.0,3.0,5.5,4.5,69.0,27.5,84.0,35.0,12.0,11.0,10.0,8.5,7.5,6.0,5.5,5.0,61.0,26.5,49.5,16.5,13.0,10.0,7.0,5.5,14.5,8.0,43.0,26.5,250.0,353.5,880.5,6,0,0,1,1,1,1,0,0,0,0,1,0,0,185.42,193.04,205.0,39.0,27.0,0,0,0,0,0,1,0,0,0,0,0,0,0,0,0,1,0,0,0,0,1,0,0,0
Red,True,0.28125,0.03125,0.205,0.4709375,0.3990625,0.1775,1.4375,0.1875,0.0,0.0,22.09375,8.0625,29.375,14.0625,33.59375,19.0625,34.34375,18.53125,2.5625,1.125,1.75,1.25,18.90625,5.90625,22.78125,9.65625,1.65625,0.75,5.0,2.8125,1.53125,1.40625,1.59375,1.59375,16.65625,4.75,19.03125,6.65625,1.21875,0.5625,3.8125,2.9375,4.21875,2.75,6.53125,4.46875,103.34375,117.625,363.0,12,0,0,1,5,5,1,0,0,1,1,0,3,0,185.42,198.12,185.0,0.4921875,0.0,0.806640625,0.267421875,0.53125,0.0975,0.15625,0.0,0.015625,0.0,34.640625,26.890625,34.5859375,12.1796875,42.359375,32.75,40.578125,17.640625,0.59375,0.53125,2.140625,0.265625,20.9921875,13.828125,21.015625,3.5546875,7.984375,7.3984375,1.625,1.6171875,5.6640625,5.6640625,11.9453125,7.0078125,19.875,14.546875,27.9921875,8.4453125,7.7890625,6.0234375,3.71875,1.703125,6.9765625,6.3203125,2.875,2.03125,74.7421875,56.921875,449.265625,13,5,8,0,8,8,0,0,0,0,0,6,2,0,187.96,195.58,185.0,27.0,34.0,0,0,0,0,0,0,0,1,0,0,0,0,0,0,0,1,0,0,0,0,0,0,1,0
Red,False,0.375,0.515625,0.44625,0.416875,0.7578125,0.563125,0.03125,0.3125,0.25,0.25,61.34375,27.453125,113.4375,51.25,68.40625,34.21875,163.46875,95.34375,0.828125,0.765625,5.71875,3.21875,46.390625,16.9375,83.6875,27.546875,8.28125,4.890625,20.96875,16.53125,6.671875,5.625,8.78125,7.171875,39.953125,10.890625,81.8125,28.078125,14.34375,11.203125,22.171875,15.84375,7.046875,5.359375,9.453125,7.328125,110.296875,295.28125,948.359375,17,1,1,0,3,4,3,0,0,0,0,2,0,2,182.88,193.04,185.0,0.125,0.0,0.42859375,0.61984375,0.60625,0.055,1.1875,1.40625,0.40625,0.546875,86.140625,32.828125,53.875,32.6875,125.359375,69.984375,68.734375,46.1875,7.1875,3.3125,2.640625,0.375,72.9375,25.09375,37.0,18.59375,10.671875,6.953125,7.40625,5.15625,2.53125,0.78125,9.46875,8.9375,51.578125,12.890625,38.53125,21.265625,12.890625,6.9375,10.65625,8.046875,21.671875,13.0,4.6875,3.375,290.140625,137.4375,691.609375,15,1,0,2,3,3,4,0,0,0,0,1,2,0,185.42,195.58,205.0,29.0,28.0,0,0,0,0,0,0,0,1,0,0,0,0,0,0,0,1,0,0,0,0,1,0,0,0
Red,False,0.0,0.0,0.835,0.48,0.315,1.0,0.0,1.0,0.0,0.0,27.0,18.5,37.5,18.0,57.5,48.5,73.5,53.5,5.5,3.5,1.0,1.0,24.5,16.0,36.0,16.5,2.5,2.5,1.5,1.5,0.0,0.0,0.0,0.0,2.0,0.0,4.0,0.5,10.0,8.5,2.0,2.0,15.0,10.0,31.5,15.5,297.0,232.0,591.5,4,0,0,1,1,1,1,0,0,0,1,0,0,0,177.8,180.34,155.0,0.0,0.25,0.37875,0.4175,0.63375,0.375,3.0,0.625,1.0,1.125,53.25,20.0,44.0,20.625,118.0,78.0,95.625,70.625,5.5,2.125,0.875,0.375,46.625,14.0,41.25,18.25,6.0,5.375,1.75,1.375,0.625,0.625,1.0,1.0,23.25,4.125,29.75,11.25,3.875,3.0,3.375,2.375,26.125,12.875,10.875,7.0,502.5,122.625,754.375,10,0,0,1,1,2,2,0,0,0,1,0,1,0,172.72,190.5,155.0,29.0,27.0,0,0,0,0,0,0,1,0,0,0,0,0,0,0,0,1,0,0,0,0,1,0,0,0
Red,False,0.0,0.5,0.3675,0.3575,0.0,0.275,0.0,0.25,0.25,0.25,126.75,46.0,185.0,56.25,146.75,64.75,220.0,88.25,1.0,0.0,4.25,2.25,98.0,22.0,162.25,39.25,17.75,15.0,10.0,5.5,11.0,9.0,12.75,11.5,109.0,37.0,163.25,44.25,7.5,4.75,3.5,2.25,10.25,4.25,18.25,9.75,142.5,201.75,900.0,9,0,0,1,1,1,2,0,0,1,0,0,0,0,175.26,177.8,170.0,0.0471682548522949,0.0,0.45,0.4217682266235352,0.25,0.19173828125,0.1875,0.125,0.0,0.0,69.5,30.5,66.984375,27.8466796875,94.0,48.544921875,88.50390625,44.75,2.0,0.8125,2.015625,0.6640625,54.0,19.01513671875,51.483436584472656,16.9437255859375,7.91796875,5.430633544921875,7.75,5.0625,4.780975341796875,3.9373779296875,4.8994140625,3.84375,51.025390625,18.400863647460938,50.515625,17.5,5.75,3.75,5.5,3.5,5.375,3.6875,4.0,2.65625,104.865234375,89.5,655.8441009521484,0,0,0,0,0,0,0,0,0,0,0,0,0,0,177.8,182.88,155.0,32.0,25.0,0,0,0,0,0,0,0,0,0,1,0,0,0,0,0,1,0,0,0,0,1,0,0,0
Red,False,0.0,1.0,0.2,0.5,0.0,0.0,0.0,0.0,0.0,0.0,20.0,4.0,30.0,15.0,20.0,4.0,30.0,15.0,0.0,0.0,0.0,0.0,14.0,1.0,24.0,9.0,5.0,3.0,2.0,2.0,1.0,0.0,4.0,4.0,20.0,4.0,26.0,12.0,0.0,0.0,0.0,0.0,0.0,0.0,4.0,3.0,0.0,4.0,138.0,1,1,0,1,0,0,1,0,0,0,0,0,0,0,190.5,190.5,205.0,0.0,0.0,0.53,0.5,1.0,0.0,2.0,0.0,0.0,0.0,15.0,8.0,2.0,1.0,20.0,13.0,4.0,3.0,1.0,1.0,0.0,0.0,15.0,8.0,1.0,0.0,0.0,0.0,0.0,0.0,0.0,0.0,1.0,1.0,11.0,5.0,1.0,0.0,3.0,2.0,1.0,1.0,1.0,1.0,0.0,0.0,65.0,0.0,87.0,1,0,1,0,1,1,0,0,0,0,0,0,1,0,187.96,195.58,205.0,24.0,28.0,0,0,0,0,0,1,0,0,0,0,0,0,0,0,0,1,0,0,0,0,1,0,0,0
Red,False,0.0,0.0,0.87,1.0,1.0,0.16,2.0,0.0,0.0,0.0,24.0,21.0,2.0,2.0,67.0,62.0,2.0,2.0,4.0,4.0,6.0,1.0,24.0,21.0,0.0,0.0,0.0,0.0,2.0,2.0,0.0,0.0,0.0,0.0,1.0,1.0,0.0,0.0,4.0,3.0,2.0,2.0,19.0,17.0,0.0,0.0,277.0,62.0,375.0,2,0,1,0,1,1,0,0,0,0,0,0,1,0,182.88,182.88,185.0,0.5,0.0,0.33,0.335,0.5,0.0,0.0,0.0,0.0,0.0,99.5,35.5,42.0,15.5,104.0,39.5,43.5,17.0,0.5,0.5,1.5,0.0,90.5,29.0,24.0,4.0,7.5,5.0,10.5,7.0,1.5,1.5,7.5,4.5,91.0,30.5,41.0,15.0,4.0,3.0,1.0,0.5,4.5,2.0,0.0,0.0,107.0,0.0,357.0,3,0,2,0,2,2,0,0,0,0,0,2,0,0,190.5,190.5,185.0,27.0,31.0,0,0,0,0,0,0,0,1,0,0,0,0,0,0,0,0,0,1,0,0,1,0,0,0
Red,False,0.3125,0.0,0.4265625,0.541875,0.65625,0.705625,0.375,2.8125,1.125,0.71875,44.15625,19.53125,29.875,15.71875,62.625,36.625,63.4375,45.875,1.125,0.875,3.25,2.15625,37.09375,14.0,23.8125,10.65625,4.4375,3.5625,3.0,2.4375,2.625,1.96875,3.0625,2.625,20.15625,6.25,15.1875,6.3125,2.375,2.25,4.25,2.625,21.625,11.03125,10.4375,6.78125,203.46875,320.53125,642.875,15,0,0,1,2,3,3,0,0,0,1,2,0,0,175.26,180.34,145.0,0.0,0.25,0.4829687499999999,0.27171875,0.73046875,0.11375,0.8125,0.515625,0.03125,0.015625,25.65625,8.90625,29.828125,12.6875,50.46875,32.421875,37.046875,19.421875,4.515625,3.515625,1.609375,0.28125,23.84375,7.234375,21.28125,6.1875,0.765625,0.640625,5.140625,4.125,1.046875,1.03125,3.40625,2.375,17.4375,3.6875,24.640625,9.171875,3.125,1.875,3.90625,2.640625,5.09375,3.34375,1.28125,0.875,225.40625,74.453125,450.046875,15,0,0,1,3,4,3,0,0,0,2,0,2,0,177.8,180.34,155.0,22.0,25.0,0,0,0,0,0,0,1,0,0,0,0,0,0,0,0,1,0,0,0,0,0,0,1,0
Red,False,0.0,1.0,0.5,0.47,0.66,0.0,2.0,0.0,0.0,2.0,18.0,9.0,46.0,22.0,48.0,37.0,60.0,33.0,6.0,4.0,0.0,0.0,12.0,4.0,36.0,13.0,0.0,0.0,6.0,5.0,6.0,5.0,4.0,4.0,16.0,8.0,26.0,9.0,2.0,1.0,1.0,1.0,0.0,0.0,19.0,12.0,309.0,142.0,639.0,3,0,0,1,0,0,1,0,0,0,0,0,0,0,172.72,177.8,155.0,0.0,0.0,0.39234375,0.32359375,0.3253125,0.34828125,0.203125,0.5625,0.0625,0.140625,187.28125,71.46875,163.0625,56.25,222.8125,106.296875,181.0,73.65625,2.546875,1.0,6.734375,2.75,147.1875,42.1875,146.125,40.0625,25.015625,17.46875,8.59375,8.359375,15.078125,11.8125,8.34375,7.828125,166.59375,57.546875,146.09375,44.6875,10.828125,7.8125,14.953125,9.90625,9.859375,6.109375,2.015625,1.65625,143.375,143.4375,887.65625,19,0,1,0,4,5,2,0,0,1,3,0,1,0,167.64,172.72,145.0,24.0,24.0,0,0,0,0,0,0,1,0,0,0,0,0,0,0,0,0,0,1,0,0,1,0,0,0
Red,False,0.0,0.0,0.62,0.63,0.0,0.85,5.0,0.0,2.0,0.0,24.0,15.0,49.0,31.0,71.0,62.0,165.0,142.0,0.0,0.0,7.0,6.0,19.0,10.0,44.0,26.0,5.0,5.0,4.0,4.0,0.0,0.0,1.0,1.0,8.0,4.0,13.0,7.0,9.0,4.0,5.0,5.0,7.0,7.0,31.0,19.0,222.0,627.0,900.0,3,0,0,1,0,0,1,0,0,0,0,0,0,0,185.42,185.42,185.0,0.0,0.125,0.50625,0.294375,0.4337499999999999,0.125,1.9375,0.125,0.0,0.0,38.25,16.3125,41.6875,14.5625,44.5,22.5,63.125,34.875,6.375,1.4375,0.4375,0.4375,30.4375,9.125,34.875,8.625,6.875,6.25,2.3125,1.6875,0.9375,0.9375,4.5,4.25,25.25,6.6875,32.1875,8.875,2.0625,1.6875,4.9375,3.0625,10.9375,7.9375,4.5625,2.625,170.0625,120.375,588.8125,10,0,0,1,1,2,3,0,0,0,0,0,2,0,182.88,187.96,170.0,30.0,32.0,0,0,0,0,0,0,0,1,0,0,0,0,0,0,0,1,0,0,0,0,1,0,0,0
Red,False,0.015625,0.0,0.45,0.4275,0.25,0.2,0.148468017578125,0.098388671875,0.0,0.0,66.5,29.6875,64.31230545043945,27.34375,89.75,48.0,85.53125,44.41152191162109,2.0,0.75,2.0546875,0.75,51.1875,18.3359375,49.6123046875,16.280410766601562,7.5,5.07647705078125,7.5,5.0,4.5,3.625,4.984375,3.9375,48.6875,17.0,47.11572265625,16.5,5.75,3.75,5.3125,3.4375,5.0625,3.5,3.875,2.5,99.2119140625,94.125,638.5,0,0,0,0,0,0,0,0,0,0,0,0,0,0,182.88,182.88,170.0,0.0,0.0,0.55,0.435,0.25,0.355,1.5,1.5,0.0,0.0,37.5,18.0,46.5,20.5,52.0,30.5,137.0,110.5,12.0,3.0,4.0,2.5,29.0,10.5,42.0,16.5,2.5,2.0,3.0,3.0,6.0,5.5,1.5,1.0,21.0,6.0,25.5,9.0,10.5,8.5,6.0,3.0,6.0,3.5,15.0,8.5,389.0,305.0,900.0,6,0,0,1,1,1,1,0,0,0,1,0,0,0,180.34,180.34,170.0,29.0,31.0,0,0,0,0,0,0,0,0,0,1,0,0,0,0,0,1,0,0,0,0,0,0,1,0
Red,False,0.0,0.5,0.3225,0.495,0.15,0.25,0.0,1.75,0.0,0.0,11.75,4.75,28.5,14.5,27.25,19.5,52.75,37.75,4.75,1.5,0.75,0.25,8.0,1.75,19.5,7.5,2.75,2.5,1.0,1.0,1.0,0.5,8.0,6.0,4.0,0.5,20.25,9.5,0.25,0.0,4.75,2.75,7.5,4.25,3.5,2.25,135.5,105.25,368.5,5,0,1,0,1,1,2,0,0,1,0,0,0,0,182.88,185.42,205.0,1.0,0.0,0.5,0.2,0.0,0.0,0.0,0.0,0.0,0.0,30.0,15.0,20.0,4.0,30.0,15.0,20.0,4.0,0.0,0.0,0.0,0.0,24.0,9.0,14.0,1.0,2.0,2.0,5.0,3.0,4.0,4.0,1.0,0.0,26.0,12.0,20.0,4.0,0.0,0.0,0.0,0.0,4.0,3.0,0.0,0.0,4.0,0.0,138.0,1,1,1,0,1,1,0,0,0,0,0,1,0,0,187.96,187.96,205.0,28.0,25.0,0,0,0,0,0,1,0,0,0,0,0,0,0,0,0,1,0,0,0,0,1,0,0,0
Red,False,0.0,0.0,0.49,0.41,1.0,1.0,2.0,1.0,1.0,1.0,63.0,31.0,29.0,12.0,71.0,38.0,32.0,14.0,2.0,2.0,2.0,2.0,50.0,21.0,17.0,5.0,6.0,5.0,4.0,3.0,7.0,5.0,8.0,4.0,48.0,25.0,22.0,8.0,7.0,3.0,7.0,4.0,8.0,3.0,0.0,0.0,186.0,60.0,392.0,2,0,1,0,1,1,0,0,0,0,0,0,1,0,175.26,175.26,155.0,0.125,0.25,0.2875,0.4549999999999999,0.3125,0.75,3.0,0.0,1.5,0.875,87.75,25.875,82.375,37.0,104.5,41.875,114.5,66.375,1.5,0.625,2.0,1.75,72.0,16.875,66.375,24.75,13.0,6.25,3.25,1.625,2.75,2.75,12.75,10.625,64.375,12.875,54.875,21.25,10.5,4.125,12.625,6.875,12.875,8.875,14.875,8.875,193.125,203.375,711.25,9,0,2,0,2,3,1,0,0,0,1,1,1,0,185.42,185.42,145.0,24.0,24.0,0,0,0,0,0,0,1,0,0,0,0,0,0,0,0,1,0,0,0,0,1,0,0,0
Red,False,0.015625,0.0,0.45,0.4275,0.25,0.2,0.148468017578125,0.098388671875,0.0,0.0,66.5,29.6875,64.31230545043945,27.34375,89.75,48.0,85.53125,44.41152191162109,2.0,0.75,2.0546875,0.75,51.1875,18.3359375,49.6123046875,16.280410766601562,7.5,5.07647705078125,7.5,5.0,4.5,3.625,4.984375,3.9375,48.6875,17.0,47.11572265625,16.5,5.75,3.75,5.3125,3.4375,5.0625,3.5,3.875,2.5,99.2119140625,94.125,638.5,0,0,0,0,0,0,0,0,0,0,0,0,0,0,187.96,190.5,170.0,0.53125,0.34375,0.4721875,0.4353125,0.21875,0.2525,1.34375,0.125,0.0,0.0,37.9375,21.9375,27.4375,12.21875,51.15625,34.28125,31.59375,16.375,0.71875,0.21875,1.375,0.53125,31.03125,16.96875,21.46875,7.40625,6.0,4.0625,2.09375,1.46875,0.90625,0.90625,3.875,3.34375,16.625,5.25,16.5625,4.84375,6.875,4.15625,8.3125,6.03125,14.4375,12.53125,2.5625,1.34375,126.3125,76.03125,334.59375,9,0,4,0,4,5,1,0,0,0,1,1,3,0,182.88,182.88,170.0,24.0,26.0,0,0,0,0,0,0,0,0,0,1,0,0,0,0,0,1,0,0,0,0,1,0,0,0
Red,False,0.0,1.0,0.77,0.7,0.0,0.0,0.0,0.0,0.0,0.0,9.0,7.0,10.0,7.0,10.0,8.0,10.0,7.0,3.0,0.0,0.0,0.0,7.0,5.0,6.0,3.0,2.0,2.0,3.0,3.0,0.0,0.0,1.0,1.0,2.0,0.0,7.0,4.0,7.0,7.0,2.0,2.0,0.0,0.0,1.0,1.0,23.0,0.0,87.0,1,0,0,1,0,0,1,0,0,0,0,0,0,0,182.88,182.88,185.0,0.0,0.0,0.345,0.415,0.5,0.5,2.0,1.0,0.0,0.0,7.0,4.5,3.5,2.5,15.5,13.0,28.5,26.5,1.0,0.5,0.5,0.5,7.0,4.5,1.0,0.0,0.0,0.0,2.5,2.5,0.0,0.0,0.0,0.0,1.5,0.5,1.0,0.5,0.0,0.0,0.0,0.0,5.5,4.0,2.5,2.0,50.5,97.0,162.5,2,0,1,0,1,1,1,0,0,0,0,0,1,0,177.8,185.42,185.0,29.0,28.0,0,0,0,0,0,0,0,1,0,0,0,0,0,0,0,1,0,0,0,0,1,0,0,0
Red,False,0.015625,0.0,0.45,0.4275,0.25,0.2,0.148468017578125,0.098388671875,0.0,0.0,66.5,29.6875,64.31230545043945,27.34375,89.75,48.0,85.53125,44.41152191162109,2.0,0.75,2.0546875,0.75,51.1875,18.3359375,49.6123046875,16.280410766601562,7.5,5.07647705078125,7.5,5.0,4.5,3.625,4.984375,3.9375,48.6875,17.0,47.11572265625,16.5,5.75,3.75,5.3125,3.4375,5.0625,3.5,3.875,2.5,99.2119140625,94.125,638.5,0,0,0,0,0,0,0,0,0,0,0,0,0,0,182.88,187.96,185.0,0.0471682548522949,0.0,0.45,0.4217682266235352,0.25,0.19173828125,0.1875,0.125,0.0,0.0,69.5,30.5,66.984375,27.8466796875,94.0,48.544921875,88.50390625,44.75,2.0,0.8125,2.015625,0.6640625,54.0,19.01513671875,51.483436584472656,16.9437255859375,7.91796875,5.430633544921875,7.75,5.0625,4.780975341796875,3.9373779296875,4.8994140625,3.84375,51.025390625,18.400863647460938,50.515625,17.5,5.75,3.75,5.5,3.5,5.375,3.6875,4.0,2.65625,104.865234375,89.5,655.8441009521484,0,0,0,0,0,0,0,0,0,0,0,0,0,0,182.88,185.42,170.0,26.0,34.0,0,0,0,0,0,0,0,1,0,0,0,0,0,0,0,1,0,0,0,0,1,0,0,0
Red,False,0.015625,0.0,0.45,0.4275,0.25,0.2,0.148468017578125,0.098388671875,0.0,0.0,66.5,29.6875,64.31230545043945,27.34375,89.75,48.0,85.53125,44.41152191162109,2.0,0.75,2.0546875,0.75,51.1875,18.3359375,49.6123046875,16.280410766601562,7.5,5.07647705078125,7.5,5.0,4.5,3.625,4.984375,3.9375,48.6875,17.0,47.11572265625,16.5,5.75,3.75,5.3125,3.4375,5.0625,3.5,3.875,2.5,99.2119140625,94.125,638.5,0,0,0,0,0,0,0,0,0,0,0,0,0,0,187.96,187.96,185.0,0.31640625,0.1640625,0.476953125,0.390625,0.251953125,0.5415625,0.5,1.046875,0.015625,0.0,18.0546875,11.0703125,8.67578125,3.83203125,21.796875,14.0625,16.875,11.02734375,0.265625,0.25390625,0.66015625,0.5703125,15.12109375,8.5546875,6.96484375,2.35546875,0.921875,0.6796875,1.5,1.34765625,2.01171875,1.8359375,0.2109375,0.12890625,7.921875,4.1796875,4.04296875,1.0,2.41015625,1.390625,1.9921875,1.23046875,7.72265625,5.5,2.640625,1.6015625,28.43359375,73.65234375,141.58203125,15,0,1,0,1,4,5,0,0,0,2,2,0,0,185.42,185.42,185.0,27.0,37.0,0,0,0,0,0,0,0,1,0,0,0,0,0,0,0,1,0,0,0,0,1,0,0,0
Red,False,0.0,0.0,0.485,0.39,0.745,0.165,3.5,0.5,0.5,1.0,82.5,38.0,36.0,13.5,128.5,78.0,52.0,28.0,6.0,4.5,2.0,0.5,70.5,30.0,31.0,9.0,8.0,5.5,3.5,3.0,4.0,2.5,1.5,1.5,33.5,10.5,27.5,10.0,20.0,10.0,8.5,3.5,29.0,17.5,0.0,0.0,641.5,52.5,849.5,6,0,2,0,2,2,0,0,0,0,1,0,1,0,172.72,180.34,155.0,0.1875,0.0,0.3825,0.231875,0.7675,0.175,1.4375,0.0625,0.3125,0.625,57.5,20.4375,45.4375,12.1875,93.5,51.875,74.3125,37.625,6.375,5.125,1.5625,0.4375,51.8125,16.125,40.5625,8.0625,5.6875,4.3125,1.625,1.0,0.0,0.0,3.25,3.125,39.0625,10.8125,36.0625,8.875,3.5625,2.4375,6.75,2.1875,14.875,7.1875,2.625,1.125,482.6875,34.25,809.25,12,0,0,1,4,4,1,0,0,0,3,1,0,0,175.26,177.8,155.0,25.0,29.0,0,0,0,0,0,0,1,0,0,0,0,0,0,0,0,0,0,1,0,0,1,0,0,0
Red,False,0.015625,0.0,0.45,0.4275,0.25,0.2,0.148468017578125,0.098388671875,0.0,0.0,66.5,29.6875,64.31230545043945,27.34375,89.75,48.0,85.53125,44.41152191162109,2.0,0.75,2.0546875,0.75,51.1875,18.3359375,49.6123046875,16.280410766601562,7.5,5.07647705078125,7.5,5.0,4.5,3.625,4.984375,3.9375,48.6875,17.0,47.11572265625,16.5,5.75,3.75,5.3125,3.4375,5.0625,3.5,3.875,2.5,99.2119140625,94.125,638.5,0,0,0,0,0,0,0,0,0,0,0,0,0,0,182.88,182.88,170.0,0.0,0.125,0.54625,0.49,0.1925,0.25,2.0,1.875,0.25,0.125,34.5,18.875,26.5,13.5,40.25,24.125,39.75,25.5,2.375,1.25,0.625,0.375,24.875,10.875,15.25,5.5,5.875,4.625,6.5,4.25,3.75,3.375,4.75,3.75,17.625,8.5,17.625,8.625,10.375,5.875,2.625,1.625,6.5,4.5,6.25,3.25,212.0,86.5,459.875,8,0,1,0,1,2,2,0,0,0,1,0,1,0,193.04,193.04,185.0,29.0,22.0,0,0,0,0,0,0,0,0,0,1,0,0,0,0,0,1,0,0,0,0,0,0,0,1
Red,False,0.546875,0.0,0.6526562499999999,0.286953125,0.398203125,0.01875,0.375,0.0,0.0,0.0078125,19.265625,11.5234375,22.046875,10.9375,24.171875,16.0859375,28.5390625,17.1796875,0.9609375,0.7109375,0.7734375,0.1875,12.3828125,5.5625,19.4453125,9.1796875,4.4375,3.78125,0.3984375,0.3125,2.4453125,2.1796875,2.203125,1.4453125,10.3984375,4.4765625,9.5,2.765625,5.0546875,4.2265625,6.7734375,4.46875,3.8125,2.8203125,5.7734375,3.703125,48.265625,55.2734375,196.7109375,14,1,4,0,4,6,2,0,0,0,0,4,2,0,187.96,193.04,242.0,0.5,0.0,0.455,0.3399999999999999,0.25,0.0,0.0,0.0,0.0,0.0,18.5,9.0,9.5,3.0,23.5,14.0,11.5,5.0,1.0,0.5,0.0,0.0,17.5,8.0,9.5,3.0,1.0,1.0,0.0,0.0,0.0,0.0,0.0,0.0,7.0,1.5,8.0,2.5,2.0,1.0,1.5,0.5,9.5,6.5,0.0,0.0,31.0,0.0,67.5,2,0,2,0,2,2,0,0,0,0,0,2,0,0,187.96,203.2,265.0,29.0,34.0,0,0,0,0,1,0,0,0,0,0,0,0,0,0,0,1,0,0,0,0,1,0,0,0
Red,False,0.25,0.40625,0.438125,0.4665625,0.1828125,0.396875,0.78125,0.5,0.03125,0.0,99.28125,48.6875,106.0625,50.25,120.125,68.875,124.375,67.375,6.125,1.03125,4.4375,2.5,86.96875,38.15625,86.375,33.71875,9.28125,7.625,10.15625,7.4375,3.03125,2.90625,9.53125,9.09375,90.9375,42.84375,79.53125,30.03125,7.15625,5.09375,12.03125,7.59375,1.1875,0.75,14.5,12.625,93.75,215.78125,783.21875,15,0,1,0,1,2,4,0,0,0,1,0,1,0,180.34,190.5,170.0,0.0,0.0,0.5974999999999999,0.545,0.625,0.445,2.25,0.25,0.0,0.0,47.5,27.5,34.0,17.0,70.25,46.0,70.5,51.0,1.0,0.75,9.0,3.75,27.5,11.75,27.0,11.25,15.5,12.5,4.5,3.5,4.5,3.25,2.5,2.25,23.75,10.5,19.5,6.0,12.5,10.5,6.75,4.25,11.25,6.5,7.75,6.75,151.5,234.0,533.5,7,0,1,0,1,2,1,0,0,0,0,1,1,0,182.88,190.5,170.0,26.0,28.0,0,0,0,0,0,0,0,0,0,1,0,0,0,0,0,1,0,0,0,0,1,0,0,0
Red,False,0.015625,0.0,0.45,0.4275,0.25,0.2,0.148468017578125,0.098388671875,0.0,0.0,66.5,29.6875,64.31230545043945,27.34375,89.75,48.0,85.53125,44.41152191162109,2.0,0.75,2.0546875,0.75,51.1875,18.3359375,49.6123046875,16.280410766601562,7.5,5.07647705078125,7.5,5.0,4.5,3.625,4.984375,3.9375,48.6875,17.0,47.11572265625,16.5,5.75,3.75,5.3125,3.4375,5.0625,3.5,3.875,2.5,99.2119140625,94.125,638.5,0,0,0,0,0,0,0,0,0,0,0,0,0,0,182.88,180.34,185.0,0.0,0.265625,0.34140625,0.44078125,0.72171875,0.0,0.0,0.015625,0.0,0.0,91.53125,32.265625,90.109375,40.8125,114.578125,52.375,94.6875,45.25,3.09375,1.375,0.25,0.0,85.625,27.453125,68.125,22.640625,3.703125,3.109375,7.15625,5.203125,2.203125,1.703125,14.828125,12.96875,75.890625,22.078125,77.46875,35.078125,6.21875,3.484375,11.71875,4.96875,9.421875,6.703125,0.921875,0.765625,69.640625,1.484375,509.671875,15,0,3,0,3,5,2,0,0,0,1,4,0,0,185.42,193.04,205.0,31.0,32.0,0,0,0,0,0,1,0,0,0,0,0,0,0,0,0,1,0,0,0,0,1,0,0,0
Red,False,0.62890625,1.1328125,0.3797265625,0.5284765625000001,0.265625,0.5106640625,0.0,0.0078125,0.0,0.0,96.0390625,38.94140625,70.82421875,33.36328125,101.078125,43.94921875,75.56640625,38.09765625,2.0234375,1.015625,0.65625,0.54296875,79.70703125,24.4921875,56.3515625,21.0703125,5.375,4.7109375,8.3828125,7.0,10.95703125,9.73828125,6.08984375,5.29296875,69.53125,26.55859375,56.54296875,24.0859375,14.5546875,7.0546875,6.48828125,3.05078125,11.953125,5.328125,7.79296875,6.2265625,111.828125,26.27734375,609.875,20,0,2,0,2,6,3,0,0,2,2,2,0,0,187.96,193.04,185.0,1.0,0.0,0.534375,0.315625,0.0825,0.04625,0.0,1.125,0.0,0.125,63.125,30.4375,97.9375,31.4375,84.25,50.6875,116.0625,45.3125,1.1875,0.25,1.3125,0.375,53.3125,21.0625,72.0,13.1875,6.9375,6.5,9.125,5.375,2.875,2.875,16.8125,12.875,44.0,16.25,78.875,19.0625,10.8125,8.0625,9.9375,7.5,8.3125,6.125,9.125,4.875,125.0625,142.1875,703.125,14,3,3,0,3,4,1,0,0,0,1,3,0,0,185.42,185.42,205.0,33.0,30.0,0,0,0,0,0,1,0,0,0,0,0,0,0,0,0,1,0,0,0,0,1,0,0,0
Red,False,0.0,0.0,0.625,0.475,0.0,1.0,0.0,0.0,0.0,0.0,27.5,18.0,25.5,14.0,47.5,37.5,36.0,23.0,0.0,0.0,1.5,1.5,22.5,13.5,20.5,9.5,2.5,2.0,3.0,2.5,2.5,2.5,2.0,2.0,16.5,9.5,9.0,3.0,11.0,8.5,2.5,2.0,0.0,0.0,14.0,9.0,1.5,152.0,230.0,2,0,1,0,1,1,1,0,0,0,0,1,0,0,182.88,182.88,185.0,0.0,0.375,0.43,0.6190625,0.09375,0.459375,0.84375,0.1875,0.09375,0.0625,58.28125,34.75,39.78125,24.6875,79.78125,56.1875,48.75,32.21875,0.21875,0.09375,5.25,1.96875,48.9375,26.1875,31.71875,16.8125,7.21875,6.84375,3.625,3.4375,2.125,1.71875,4.4375,4.4375,31.25,12.375,18.0,8.21875,25.15625,21.25,9.125,7.90625,1.875,1.125,12.65625,8.5625,71.0,333.53125,577.59375,11,1,3,0,3,4,2,0,0,1,1,1,1,0,198.12,200.66,185.0,27.0,26.0,0,0,0,0,0,0,0,1,0,0,0,0,0,0,0,1,0,0,0,0,1,0,0,0
Red,False,0.5,0.0,0.4925,0.3725,0.125,0.25,0.0,0.0,0.0,0.0,45.0,22.5,36.0,14.0,48.75,26.25,43.25,20.5,0.75,0.25,0.75,0.25,35.75,14.0,31.25,10.25,6.5,6.25,1.0,0.5,2.75,2.25,3.75,3.25,29.75,11.75,28.5,9.75,10.0,6.75,2.75,1.0,5.25,4.0,4.75,3.25,4.5,39.25,230.75,4,0,1,0,1,2,1,0,0,0,0,2,0,0,182.88,187.96,185.0,0.0,0.0,0.8,1.0,1.0,0.0,1.0,0.0,0.0,0.0,42.0,34.0,4.0,4.0,108.0,96.0,4.0,4.0,1.0,1.0,0.0,0.0,37.0,29.0,3.0,3.0,5.0,5.0,0.0,0.0,0.0,0.0,1.0,1.0,0.0,0.0,4.0,4.0,0.0,0.0,0.0,0.0,42.0,34.0,0.0,0.0,447.0,5.0,474.0,2,0,1,0,1,1,0,0,0,0,0,1,0,0,180.34,180.34,205.0,28.0,33.0,0,0,0,0,0,1,0,0,0,0,0,0,0,0,0,1,0,0,0,0,1,0,0,0
Red,False,0.0,0.25,0.4225,0.3725,0.625,0.3125,0.25,0.0,0.0,0.0,149.25,65.0,154.0,57.25,181.0,94.0,171.5,74.75,2.25,1.0,4.0,2.0,110.5,36.5,130.0,39.25,19.75,16.0,18.75,15.25,19.0,12.5,5.25,2.75,114.5,42.5,124.0,41.0,28.5,18.25,25.5,14.0,6.25,4.25,4.5,2.25,117.25,73.25,750.0,7,0,0,2,1,1,2,0,0,0,1,0,0,0,172.72,175.26,155.0,0.0,0.0,0.31,0.28,0.3,1.0,2.0,0.0,0.0,0.0,32.0,10.0,74.0,21.0,95.0,69.0,153.0,93.0,10.0,3.0,1.0,1.0,32.0,10.0,56.0,10.0,0.0,0.0,15.0,8.0,0.0,0.0,3.0,3.0,9.0,1.0,45.0,8.0,3.0,1.0,21.0,9.0,20.0,8.0,8.0,4.0,478.0,237.0,900.0,3,0,1,0,1,1,0,0,0,1,0,0,0,0,175.26,177.8,155.0,28.0,24.0,0,0,0,0,0,0,1,0,0,0,0,0,0,0,0,0,0,1,0,0,0,0,1,0
Red,False,0.0,1.0,0.42,0.48,0.0,0.0,0.0,0.0,0.0,0.0,21.0,9.0,31.0,15.0,23.0,11.0,34.0,18.0,1.0,0.0,0.0,0.0,13.0,3.0,27.0,11.0,2.0,1.0,3.0,3.0,6.0,5.0,1.0,1.0,18.0,7.0,22.0,8.0,3.0,2.0,1.0,1.0,0.0,0.0,8.0,6.0,0.0,5.0,123.0,1,0,0,1,0,0,1,0,0,0,0,0,0,0,182.88,182.88,205.0,0.5234375,0.5,0.5746875,0.44,0.6875,0.38203125,0.015625,0.0,0.0,0.0,70.2578125,39.8671875,91.6015625,38.9375,80.6875,49.578125,118.6796875,65.203125,1.5703125,1.0625,3.8125,1.5234375,47.578125,20.0078125,72.1953125,22.8203125,12.2734375,10.6171875,6.59375,4.7734375,10.40625,9.2421875,12.8125,11.34375,45.4921875,22.34375,54.53125,19.4453125,16.9609375,11.2578125,23.0,13.1796875,7.8046875,6.265625,14.0703125,6.3125,84.921875,211.796875,775.4765625,15,0,4,0,4,5,3,0,0,0,1,3,1,0,190.5,198.12,230.0,29.0,31.0,0,0,0,0,0,1,0,0,0,0,0,0,0,0,0,1,0,0,0,0,1,0,0,0
Red,False,0.0,0.0,0.395,0.5375,0.6025,0.165,0.0,3.25,0.0,0.0,29.75,12.25,12.25,6.0,86.75,58.25,20.0,13.5,6.5,3.25,2.0,1.0,25.25,9.25,10.5,4.25,3.75,2.25,1.25,1.25,0.75,0.75,0.5,0.5,5.25,1.75,7.0,2.75,3.0,1.75,2.5,1.5,21.5,8.75,2.75,1.75,384.5,58.25,508.5,7,0,0,1,1,1,2,0,0,0,1,0,0,0,185.42,185.42,205.0,0.0,0.0,0.58875,0.255,0.515,0.125,1.75,1.0,0.5,0.375,19.75,10.75,8.125,3.875,59.375,42.25,23.875,19.25,3.25,1.375,0.625,0.125,17.5,9.125,6.75,2.625,1.5,1.125,0.375,0.375,0.75,0.5,1.0,0.875,3.75,1.0,2.375,0.5,1.375,0.75,1.0,1.0,14.625,9.0,4.75,2.375,188.5,110.5,333.375,7,0,4,0,4,4,0,0,0,0,0,0,4,0,185.42,182.88,170.0,31.0,31.0,0,0,0,0,0,0,0,1,0,0,0,0,0,0,0,0,0,1,0,0,0,0,1,0
Red,False,0.25,0.26171875,0.4095703125,0.3704296875,0.3512109375,0.55703125,0.79296875,0.95703125,0.12890625,0.125,26.40234375,11.24609375,40.16015625,16.7578125,34.359375,18.1015625,55.16796875,30.9375,2.55859375,1.01953125,2.58203125,1.95703125,21.5859375,7.7734375,36.89453125,14.19140625,4.0234375,2.6796875,2.7578125,2.05859375,0.79296875,0.79296875,0.5078125,0.5078125,18.2265625,4.85546875,27.77734375,9.7890625,3.375,2.984375,2.72265625,1.1484375,4.80078125,3.40625,9.66015625,5.8203125,108.35546875,147.4140625,379.296875,18,2,1,0,4,6,3,0,0,0,2,0,3,1,170.18,177.8,145.0,1.0625,0.0,0.4508203125,0.535546875,0.2973046875,0.368125,1.146484375,0.51171875,0.203125,0.00390625,83.060546875,35.169921875,54.72265625,19.599609375,95.103515625,46.734375,77.376953125,39.78125,5.63671875,0.58203125,2.11328125,1.0859375,74.703125,27.48828125,46.443359375,13.484375,6.357421875,6.181640625,4.38671875,3.72265625,2.0,1.5,3.892578125,2.392578125,45.26953125,13.583984375,35.708984375,10.19921875,12.21875,7.640625,16.740234375,7.625,25.572265625,13.9453125,2.2734375,1.775390625,160.396484375,100.693359375,692.033203125,23,1,6,0,6,8,2,0,0,0,3,5,0,0,177.8,182.88,170.0,26.0,27.0,0,0,0,0,0,0,1,0,0,0,0,0,0,0,0,1,0,0,0,0,0,0,1,0
Red,False,0.0,0.0,0.595,0.3299999999999999,0.13,0.25,3.0,0.5,0.0,0.0,42.5,25.5,91.5,28.0,84.0,65.5,121.0,55.5,17.5,1.5,1.0,0.5,24.0,9.5,72.5,13.0,14.5,12.5,6.0,4.0,4.0,3.5,13.0,11.0,19.5,8.5,60.0,8.5,17.0,12.5,10.0,7.5,6.0,4.5,21.5,12.0,212.5,325.0,803.5,6,0,0,1,1,1,1,0,0,0,0,0,1,0,177.8,182.88,155.0,0.0471682548522949,0.0,0.45,0.4217682266235352,0.25,0.19173828125,0.1875,0.125,0.0,0.0,69.5,30.5,66.984375,27.8466796875,94.0,48.544921875,88.50390625,44.75,2.0,0.8125,2.015625,0.6640625,54.0,19.01513671875,51.483436584472656,16.9437255859375,7.91796875,5.430633544921875,7.75,5.0625,4.780975341796875,3.9373779296875,4.8994140625,3.84375,51.025390625,18.400863647460938,50.515625,17.5,5.75,3.75,5.5,3.5,5.375,3.6875,4.0,2.65625,104.865234375,89.5,655.8441009521484,0,0,0,0,0,0,0,0,0,0,0,0,0,0,177.8,177.8,155.0,29.0,27.0,0,0,0,0,0,0,1,0,0,0,0,0,0,0,0,1,0,0,0,0,0,0,1,0
Red,False,0.015625,0.0,0.45,0.4275,0.25,0.2,0.148468017578125,0.098388671875,0.0,0.0,66.5,29.6875,64.31230545043945,27.34375,89.75,48.0,85.53125,44.41152191162109,2.0,0.75,2.0546875,0.75,51.1875,18.3359375,49.6123046875,16.280410766601562,7.5,5.07647705078125,7.5,5.0,4.5,3.625,4.984375,3.9375,48.6875,17.0,47.11572265625,16.5,5.75,3.75,5.3125,3.4375,5.0625,3.5,3.875,2.5,99.2119140625,94.125,638.5,0,0,0,0,0,0,0,0,0,0,0,0,0,0,180.34,180.34,155.0,0.25,0.0,0.40125,0.36,0.0,0.8375,0.625,0.0,0.0,0.0,116.625,43.125,163.375,37.5,121.125,46.5,228.375,89.5,1.125,0.0,3.875,2.5,86.625,22.0,124.625,15.0,6.25,3.375,20.0,10.5,23.75,17.75,18.75,12.0,111.75,40.25,151.125,29.0,3.875,2.625,3.0,1.75,1.0,0.25,9.25,6.75,17.125,266.75,823.5,10,0,1,0,1,2,2,0,0,0,1,0,1,0,185.42,185.42,155.0,29.0,23.0,0,0,0,0,0,0,1,0,0,0,0,0,0,0,0,1,0,0,0,0,1,0,0,0
Red,False,0.56640625,0.50048828125,0.3802685546875,0.3625878906249999,0.15915283203125,0.033203125,0.014892578125,0.926513671875,0.001953125,0.017578125,54.648193359375,19.89013671875,69.79052734375,27.799560546875,65.737548828125,30.632080078125,78.453369140625,36.21240234375,2.070556640625,0.423583984375,0.568359375,0.064453125,47.544189453125,14.979736328125,49.858642578125,14.07373046875,5.18359375,3.0234375,4.02392578125,2.294921875,1.92041015625,1.886962890625,15.907958984375,11.430908203125,45.476806640625,13.45458984375,62.65478515625,23.355224609375,3.689453125,2.375,5.8818359375,3.4423828125,5.48193359375,4.060546875,1.25390625,1.001953125,128.800537109375,23.48046875,481.67236328125,28,0,2,0,5,10,3,0,0,0,4,4,2,0,177.8,185.42,170.0,0.0471682548522949,0.0,0.45,0.4217682266235352,0.25,0.19173828125,0.1875,0.125,0.0,0.0,69.5,30.5,66.984375,27.8466796875,94.0,48.544921875,88.50390625,44.75,2.0,0.8125,2.015625,0.6640625,54.0,19.01513671875,51.483436584472656,16.9437255859375,7.91796875,5.430633544921875,7.75,5.0625,4.780975341796875,3.9373779296875,4.8994140625,3.84375,51.025390625,18.400863647460938,50.515625,17.5,5.75,3.75,5.5,3.5,5.375,3.6875,4.0,2.65625,104.865234375,89.5,655.8441009521484,0,0,0,0,0,0,0,0,0,0,0,0,0,0,180.34,187.96,170.0,31.0,28.0,0,0,0,0,0,0,0,0,0,1,0,0,0,0,0,1,0,0,0,0,1,0,0,0
Red,False,0.71875,0.125,0.5346875,0.44296875,0.27734375,0.4609375,0.8046875,0.0,0.0,0.25,31.3828125,16.7109375,38.296875,17.0703125,38.484375,21.3125,47.6171875,24.6328125,0.3515625,0.28125,2.7109375,1.0859375,26.4765625,13.015625,32.1015625,11.7578125,0.7890625,0.7734375,2.609375,1.7890625,4.1171875,2.921875,3.5859375,3.5234375,17.5234375,7.015625,16.9609375,5.8828125,1.9140625,1.5,2.546875,2.3984375,11.9453125,8.1953125,18.7890625,8.7890625,40.21875,100.6015625,277.6640625,14,0,0,1,4,6,2,0,0,0,0,2,4,0,185.42,193.04,185.0,0.75,0.3203125,0.5642968749999999,0.25890625,0.3909375,0.105703125,0.1875,0.625,0.0234375,0.125,45.21875,25.1484375,19.828125,6.0078125,54.265625,33.3125,29.09375,14.8046875,2.2890625,1.7109375,1.1171875,0.203125,36.7109375,19.0703125,17.3125,5.0546875,6.5625,4.1875,1.8359375,0.5234375,1.9453125,1.890625,0.6796875,0.4296875,17.2421875,6.0546875,14.609375,3.3046875,16.6796875,12.0625,2.109375,0.8984375,11.296875,7.03125,3.109375,1.8046875,174.8125,46.875,381.78125,18,1,4,0,4,6,2,0,0,0,3,1,2,0,182.88,187.96,185.0,30.0,29.0,0,0,0,0,0,0,0,1,0,0,0,0,0,0,0,1,0,0,0,0,1,0,0,0
Red,False,0.015625,0.0,0.45,0.4275,0.25,0.2,0.148468017578125,0.098388671875,0.0,0.0,66.5,29.6875,64.31230545043945,27.34375,89.75,48.0,85.53125,44.41152191162109,2.0,0.75,2.0546875,0.75,51.1875,18.3359375,49.6123046875,16.280410766601562,7.5,5.07647705078125,7.5,5.0,4.5,3.625,4.984375,3.9375,48.6875,17.0,47.11572265625,16.5,5.75,3.75,5.3125,3.4375,5.0625,3.5,3.875,2.5,99.2119140625,94.125,638.5,0,0,0,0,0,0,0,0,0,0,0,0,0,0,210.82,213.36,265.0,1.0,0.0,0.63,1.0,0.0,0.0,0.0,0.0,0.0,0.0,11.0,7.0,6.0,6.0,11.0,7.0,6.0,6.0,0.0,0.0,0.0,0.0,7.0,5.0,1.0,1.0,3.0,1.0,0.0,0.0,1.0,1.0,5.0,5.0,7.0,3.0,5.0,5.0,0.0,0.0,1.0,1.0,4.0,4.0,0.0,0.0,3.0,0.0,81.0,1,0,1,0,1,1,0,0,0,0,0,1,0,0,193.04,195.58,238.0,21.0,25.0,0,0,0,0,1,0,0,0,0,0,0,0,0,0,0,1,0,0,0,0,1,0,0,0
Red,False,1.0,0.0,0.27,0.56,0.0,0.0,0.0,0.0,0.0,0.0,22.0,6.0,32.0,18.0,22.0,6.0,32.0,18.0,0.0,0.0,0.0,0.0,21.0,5.0,30.0,16.0,1.0,1.0,0.0,0.0,0.0,0.0,2.0,2.0,21.0,5.0,30.0,17.0,1.0,1.0,2.0,1.0,0.0,0.0,0.0,0.0,1.0,3.0,97.0,1,0,1,0,1,1,0,0,0,0,0,1,0,0,182.88,180.34,170.0,0.0,0.0,0.3,0.52,0.0,0.75,0.0,0.0,0.0,0.0,186.0,57.0,107.0,56.0,190.0,61.0,109.0,58.0,0.0,0.0,4.0,3.0,133.0,24.0,63.0,28.0,20.0,12.0,20.0,14.0,33.0,21.0,24.0,14.0,170.0,53.0,98.0,50.0,16.0,4.0,7.0,4.0,0.0,0.0,2.0,2.0,2.0,66.0,900.0,3,0,1,0,1,1,0,0,0,1,0,0,0,0,182.88,187.96,170.0,26.0,26.0,0,0,0,0,0,0,0,0,0,1,0,0,0,0,0,1,0,0,0,0,1,0,0,0
Red,False,0.015625,0.0,0.45,0.4275,0.25,0.2,0.148468017578125,0.098388671875,0.0,0.0,66.5,29.6875,64.31230545043945,27.34375,89.75,48.0,85.53125,44.41152191162109,2.0,0.75,2.0546875,0.75,51.1875,18.3359375,49.6123046875,16.280410766601562,7.5,5.07647705078125,7.5,5.0,4.5,3.625,4.984375,3.9375,48.6875,17.0,47.11572265625,16.5,5.75,3.75,5.3125,3.4375,5.0625,3.5,3.875,2.5,99.2119140625,94.125,638.5,0,0,0,0,0,0,0,0,0,0,0,0,0,0,198.12,198.12,265.0,0.0471682548522949,0.0,0.45,0.4217682266235352,0.25,0.19173828125,0.1875,0.125,0.0,0.0,69.5,30.5,66.984375,27.8466796875,94.0,48.544921875,88.50390625,44.75,2.0,0.8125,2.015625,0.6640625,54.0,19.01513671875,51.483436584472656,16.9437255859375,7.91796875,5.430633544921875,7.75,5.0625,4.780975341796875,3.9373779296875,4.8994140625,3.84375,51.025390625,18.400863647460938,50.515625,17.5,5.75,3.75,5.5,3.5,5.375,3.6875,4.0,2.65625,104.865234375,89.5,655.8441009521484,0,0,0,0,0,0,0,0,0,0,0,0,0,0,182.88,182.88,235.0,38.0,29.0,0,0,0,0,1,0,0,0,0,0,0,0,0,0,0,1,0,0,0,0,1,0,0,0
Red,False,1.0,0.0,0.78,0.35,0.0,1.0,0.0,0.0,0.0,0.0,38.0,30.0,56.0,20.0,44.0,36.0,67.0,30.0,2.0,0.0,1.0,1.0,24.0,16.0,48.0,14.0,1.0,1.0,6.0,4.0,13.0,13.0,2.0,2.0,22.0,15.0,45.0,14.0,13.0,12.0,10.0,6.0,3.0,3.0,1.0,0.0,98.0,19.0,260.0,1,0,1,0,1,1,0,0,0,0,0,1,0,0,175.26,175.26,170.0,0.0,0.0,0.275,0.46,1.0,1.0,0.5,2.0,0.5,0.0,97.5,36.5,72.0,34.0,145.0,78.5,138.0,92.5,2.0,2.0,1.0,1.0,90.0,29.5,56.5,20.5,7.5,7.0,6.0,5.0,0.0,0.0,9.5,8.5,45.5,8.0,51.0,18.5,8.0,5.5,10.0,8.5,44.0,23.0,11.0,7.0,375.0,64.0,668.0,5,0,1,0,1,1,1,0,0,0,1,0,0,0,175.26,177.8,155.0,29.0,24.0,0,0,0,0,0,0,0,0,0,1,0,0,0,0,0,1,0,0,0,0,1,0,0,0
Red,False,0.625,0.0,0.453125,0.44375,0.3125,0.41125,0.75,1.625,1.25,0.4375,51.3125,24.0625,42.75,20.4375,78.25,48.25,88.875,59.75,1.25,0.75,4.5,2.3125,41.1875,16.0,31.625,11.3125,6.875,5.125,5.0,3.875,3.25,2.9375,6.125,5.25,27.3125,8.5,24.375,10.625,2.75,2.5,6.5,4.25,21.25,13.0625,11.875,5.5625,182.9375,330.0625,702.75,13,0,0,1,2,3,2,0,0,0,1,2,0,0,175.26,180.34,145.0,0.0625,0.0,0.474375,0.36,0.586875,0.125,2.0,0.0,0.0625,0.125,32.25,14.1875,44.375,18.25,39.125,20.5,68.0,39.125,2.3125,1.375,1.0,0.5,31.1875,13.375,37.5,11.9375,0.8125,0.8125,5.875,5.3125,0.25,0.0,1.0,1.0,19.0625,4.0625,26.5,8.8125,3.8125,3.3125,2.125,2.125,9.375,6.8125,15.75,7.3125,70.4375,64.0625,363.0625,8,0,3,0,3,4,1,0,0,0,0,2,2,0,177.8,180.34,155.0,22.0,24.0,0,0,0,0,0,0,1,0,0,0,0,0,0,0,0,1,0,0,0,0,1,0,0,0
Red,False,0.015625,0.0,0.45,0.4275,0.25,0.2,0.148468017578125,0.098388671875,0.0,0.0,66.5,29.6875,64.31230545043945,27.34375,89.75,48.0,85.53125,44.41152191162109,2.0,0.75,2.0546875,0.75,51.1875,18.3359375,49.6123046875,16.280410766601562,7.5,5.07647705078125,7.5,5.0,4.5,3.625,4.984375,3.9375,48.6875,17.0,47.11572265625,16.5,5.75,3.75,5.3125,3.4375,5.0625,3.5,3.875,2.5,99.2119140625,94.125,638.5,0,0,0,0,0,0,0,0,0,0,0,0,0,0,182.88,182.88,245.0,1.5,0.0,0.785,0.625,0.5,0.0,0.0,0.0,0.0,0.0,40.5,30.0,2.5,1.0,83.0,70.5,2.5,1.0,0.5,0.5,0.5,0.0,38.5,28.0,2.5,1.0,2.0,2.0,0.0,0.0,0.0,0.0,0.0,0.0,5.5,2.5,2.5,1.0,3.0,3.0,0.0,0.0,32.0,24.5,0.0,0.0,110.5,0.0,126.0,2,0,2,0,2,2,0,0,0,0,0,2,0,0,185.42,195.58,240.0,29.0,26.0,0,0,0,0,1,0,0,0,0,0,0,0,0,0,0,1,0,0,0,0,1,0,0,0
Red,False,0.5,0.0,0.64,0.525,1.0,0.0,0.0,5.0,0.0,0.5,55.5,35.0,14.5,7.5,115.0,88.5,38.0,29.5,2.0,2.0,0.5,0.0,49.0,29.0,11.5,4.5,6.0,6.0,2.5,2.5,0.5,0.0,0.5,0.5,8.5,4.0,9.5,3.0,3.5,2.5,2.5,2.0,43.5,28.5,2.5,2.5,495.5,32.5,594.0,4,0,0,1,1,1,1,0,0,1,0,0,0,0,172.72,177.8,145.0,0.0471682548522949,0.0,0.45,0.4217682266235352,0.25,0.19173828125,0.1875,0.125,0.0,0.0,69.5,30.5,66.984375,27.8466796875,94.0,48.544921875,88.50390625,44.75,2.0,0.8125,2.015625,0.6640625,54.0,19.01513671875,51.483436584472656,16.9437255859375,7.91796875,5.430633544921875,7.75,5.0625,4.780975341796875,3.9373779296875,4.8994140625,3.84375,51.025390625,18.400863647460938,50.515625,17.5,5.75,3.75,5.5,3.5,5.375,3.6875,4.0,2.65625,104.865234375,89.5,655.8441009521484,0,0,0,0,0,0,0,0,0,0,0,0,0,0,180.34,180.34,155.0,27.0,27.0,0,0,0,0,0,0,1,0,0,0,0,0,0,0,0,1,0,0,0,0,1,0,0,0
Red,False,0.25,0.0,0.4725,0.4125,0.54,0.3575,0.75,0.0,0.0,0.0,79.5,32.0,74.0,28.0,127.25,78.0,89.0,41.5,2.25,1.0,11.25,5.75,73.25,27.25,57.25,13.25,3.5,2.5,7.25,5.75,2.75,2.25,9.5,9.0,59.25,18.75,46.25,10.5,9.25,6.5,16.75,12.0,11.0,6.75,11.0,5.5,107.25,338.25,687.25,7,1,2,0,2,2,1,0,0,0,0,0,2,0,172.72,177.8,155.0,0.03125,0.0625,0.47640625,0.42875,0.47375,0.4928125,2.09375,0.234375,0.0625,0.0,80.265625,38.796875,89.96875,37.71875,107.28125,64.0,158.921875,97.28125,5.46875,2.828125,7.953125,3.75,67.5625,29.40625,70.578125,22.859375,6.375,3.8125,15.03125,10.625,6.328125,5.578125,4.359375,4.234375,31.703125,10.84375,51.078125,11.1875,24.90625,12.96875,25.875,18.28125,23.65625,14.984375,13.015625,8.25,327.296875,296.015625,852.671875,17,0,0,1,2,3,4,0,0,0,2,0,1,0,180.34,182.88,170.0,29.0,25.0,0,0,0,0,0,0,1,0,0,0,0,0,0,0,0,1,0,0,0,0,1,0,0,0
Red,False,0.0234375,0.5,0.45953125,0.360703125,0.6071875,0.272109375,2.75,0.84375,0.0078125,0.0078125,66.546875,29.6015625,68.265625,23.3359375,125.1484375,78.046875,83.3046875,37.7890625,7.875,5.8984375,3.4375,0.609375,50.3515625,16.5625,54.796875,14.1796875,4.6640625,3.46875,10.0546875,7.2890625,11.53125,9.5703125,3.4140625,1.8671875,34.2578125,12.7265625,47.375,11.0703125,15.9453125,7.578125,11.625,7.578125,16.34375,9.296875,9.265625,4.6875,389.671875,61.15625,859.1171875,19,0,0,1,2,4,4,0,0,0,2,2,0,0,172.72,177.8,170.0,0.75,0.0,0.52875,0.3399999999999999,0.73875,0.03125,0.1875,1.125,0.0625,0.0625,63.1875,33.6875,46.1875,18.625,120.1875,84.625,73.5,45.5625,3.125,2.8125,0.625,0.0625,43.25,17.125,31.0,7.125,10.375,8.5625,4.3125,2.75,9.5625,8.0,10.875,8.75,41.3125,21.5,41.375,15.1875,4.9375,4.0,4.1875,2.8125,16.9375,8.1875,0.625,0.625,335.375,14.875,555.25,10,0,1,0,1,3,2,0,0,0,0,3,0,0,187.96,198.12,205.0,28.0,24.0,0,0,0,0,0,0,0,0,0,1,0,0,0,0,0,1,0,0,0,0,1,0,0,0
Red,False,0.015625,0.0,0.45,0.4275,0.25,0.2,0.148468017578125,0.098388671875,0.0,0.0,66.5,29.6875,64.31230545043945,27.34375,89.75,48.0,85.53125,44.41152191162109,2.0,0.75,2.0546875,0.75,51.1875,18.3359375,49.6123046875,16.280410766601562,7.5,5.07647705078125,7.5,5.0,4.5,3.625,4.984375,3.9375,48.6875,17.0,47.11572265625,16.5,5.75,3.75,5.3125,3.4375,5.0625,3.5,3.875,2.5,99.2119140625,94.125,638.5,0,0,0,0,0,0,0,0,0,0,0,0,0,0,185.42,185.42,185.0,0.0,0.0,0.315,0.31,0.425,0.0,1.0,2.5,0.0,1.0,25.0,15.5,12.5,7.5,88.0,75.0,36.5,31.5,3.5,3.0,0.5,0.0,22.5,13.0,10.0,5.0,2.0,2.0,2.5,2.5,0.5,0.5,0.0,0.0,7.0,3.5,4.5,2.0,2.5,2.5,4.5,2.0,15.5,9.5,3.5,3.5,344.5,115.0,493.5,4,0,2,0,2,2,0,0,0,0,1,0,1,0,185.42,187.96,185.0,26.0,27.0,0,0,0,0,0,0,0,1,0,0,0,0,0,0,0,1,0,0,0,0,1,0,0,0
Red,False,0.5,0.25,0.6625,0.21,0.25,0.5,0.25,0.25,0.0,0.25,57.25,22.5,58.25,19.25,60.75,25.75,64.75,24.75,0.25,0.25,1.5,1.5,47.75,13.25,55.25,16.5,2.5,2.25,3.0,2.75,7.0,7.0,0.0,0.0,53.5,20.25,47.5,12.75,2.75,1.25,5.5,3.25,1.0,1.0,5.25,3.25,4.0,88.25,315.75,6,0,0,1,2,2,1,0,0,1,0,1,0,0,175.26,177.8,155.0,1.0,0.125,0.5640624999999999,0.28984375,0.63984375,0.373125,0.609375,0.71875,0.375,0.140625,70.15625,40.65625,49.734375,14.109375,98.671875,67.625,98.0,58.140625,2.53125,1.6875,6.453125,0.953125,62.59375,34.0625,42.21875,9.6875,5.640625,4.6875,3.6875,2.375,1.921875,1.90625,3.828125,2.046875,33.984375,14.140625,37.671875,7.5,8.359375,4.734375,2.96875,1.578125,27.8125,21.78125,9.09375,5.03125,325.671875,145.125,697.75,15,0,0,1,2,4,3,0,0,0,1,1,2,0,172.72,177.8,155.0,27.0,29.0,0,0,0,0,0,0,1,0,0,0,0,0,0,0,0,1,0,0,0,0,1,0,0,0
Red,False,0.0,0.2890625,0.301640625,0.3519140625,0.2551171875,0.450625,0.5703125,1.4140625,0.59375,0.03125,48.2578125,14.77734375,72.48046875,24.6015625,110.984375,64.8046875,101.875,49.875,3.359375,1.55078125,3.87890625,2.70703125,41.78125,9.2109375,61.32421875,16.03125,1.49609375,0.9375,6.49609375,4.69140625,4.98046875,4.62890625,4.66015625,3.87890625,38.3125,10.1640625,60.47265625,18.2265625,4.48046875,1.28125,3.7578125,2.65625,5.46484375,3.33203125,8.25,3.71875,208.28515625,322.54296875,844.078125,22,0,0,2,4,5,4,0,0,1,1,0,3,0,175.26,182.88,155.0,0.0,0.5,0.2659375,0.4334375,0.8009375,0.2275,0.625,1.03125,0.0625,0.03125,41.3125,10.8125,50.65625,24.375,74.9375,42.84375,64.09375,36.84375,6.03125,5.03125,2.21875,0.5625,39.6875,9.46875,36.5625,12.375,1.53125,1.28125,8.28125,7.25,0.09375,0.0625,5.8125,4.75,32.875,5.375,43.28125,18.34375,2.25,0.75,4.8125,4.28125,6.1875,4.6875,2.5625,1.75,249.8125,128.90625,625.09375,14,0,0,1,3,3,3,0,0,0,2,0,1,0,177.8,180.34,155.0,32.0,25.0,0,0,0,0,0,0,1,0,0,0,0,0,0,0,0,0,0,1,0,0,0,0,1,0
Red,False,0.015625,0.0,0.45,0.4275,0.25,0.2,0.148468017578125,0.098388671875,0.0,0.0,66.5,29.6875,64.31230545043945,27.34375,89.75,48.0,85.53125,44.41152191162109,2.0,0.75,2.0546875,0.75,51.1875,18.3359375,49.6123046875,16.280410766601562,7.5,5.07647705078125,7.5,5.0,4.5,3.625,4.984375,3.9375,48.6875,17.0,47.11572265625,16.5,5.75,3.75,5.3125,3.4375,5.0625,3.5,3.875,2.5,99.2119140625,94.125,638.5,0,0,0,0,0,0,0,0,0,0,0,0,0,0,185.42,185.42,185.0,0.0471682548522949,0.0,0.45,0.4217682266235352,0.25,0.19173828125,0.1875,0.125,0.0,0.0,69.5,30.5,66.984375,27.8466796875,94.0,48.544921875,88.50390625,44.75,2.0,0.8125,2.015625,0.6640625,54.0,19.01513671875,51.483436584472656,16.9437255859375,7.91796875,5.430633544921875,7.75,5.0625,4.780975341796875,3.9373779296875,4.8994140625,3.84375,51.025390625,18.400863647460938,50.515625,17.5,5.75,3.75,5.5,3.5,5.375,3.6875,4.0,2.65625,104.865234375,89.5,655.8441009521484,0,0,0,0,0,0,0,0,0,0,0,0,0,0,182.88,182.88,185.0,28.0,27.0,0,0,0,0,0,0,0,1,0,0,0,0,0,0,0,1,0,0,0,0,0,0,1,0
Red,False,0.0,1.5,0.41,0.6699999999999999,0.285,0.625,0.5,1.0,0.0,0.0,18.0,7.5,62.0,41.5,34.0,22.5,103.5,80.0,9.5,2.0,3.0,1.5,12.5,3.5,36.0,21.5,1.5,1.5,21.0,16.0,4.0,2.5,5.0,4.0,12.5,3.5,26.0,12.0,4.0,2.5,21.5,16.5,1.5,1.5,14.5,13.0,184.5,345.0,712.0,5,0,0,1,1,1,1,0,0,0,0,0,1,0,177.8,177.8,170.0,0.0,0.0,0.75,0.53,0.83,0.0,2.0,0.0,0.0,0.0,80.0,60.0,64.0,34.0,151.0,129.0,95.0,64.0,6.0,5.0,5.0,0.0,25.0,15.0,26.0,11.0,34.0,26.0,34.0,19.0,21.0,19.0,4.0,4.0,10.0,1.0,18.0,9.0,51.0,42.0,43.0,24.0,19.0,17.0,3.0,1.0,549.0,149.0,900.0,3,0,1,0,1,1,0,0,0,0,1,0,0,0,185.42,193.04,170.0,27.0,23.0,0,0,0,0,0,0,0,0,0,1,0,0,0,0,0,1,0,0,0,0,0,0,1,0
Red,False,0.0,0.5,0.3087499999999999,0.7575000000000001,0.1225,0.0,0.5,0.125,0.0,0.0,7.5,3.125,3.5,2.5,10.25,5.75,11.25,10.125,2.125,0.5,0.375,0.0,6.125,1.75,2.875,2.0,0.75,0.75,0.125,0.0,0.625,0.625,0.5,0.5,2.875,0.625,2.375,1.375,1.25,1.125,0.5,0.5,3.375,1.375,0.625,0.625,42.75,24.375,82.625,5,1,0,1,2,2,2,0,0,0,0,0,2,0,165.1,170.18,135.0,0.0,1.25,0.3325,0.521875,0.25375,0.53625,1.125,1.15625,0.53125,0.4375,52.875,16.0,66.1875,38.5625,114.65625,69.84375,113.1875,83.0625,8.875,2.0625,2.5625,1.28125,45.15625,11.78125,56.09375,29.78125,4.75,2.9375,6.6875,5.71875,2.96875,1.28125,3.40625,3.0625,37.4375,8.71875,32.59375,13.6875,5.0625,2.25,11.71875,7.40625,10.375,5.03125,21.875,17.46875,252.28125,280.53125,765.78125,16,0,2,0,2,3,3,0,0,0,2,0,1,0,170.18,177.8,145.0,27.0,24.0,0,0,0,0,0,0,1,0,0,0,0,0,0,0,0,1,0,0,0,0,1,0,0,0
Red,False,0.0625,0.0,0.49,0.515625,0.620625,0.546875,0.75,2.3125,0.0,0.4375,42.25,22.625,37.125,19.6875,98.0,72.1875,54.375,35.6875,6.25,3.0625,5.125,2.875,27.6875,11.375,31.25,15.875,10.0625,7.0,4.0,1.9375,4.5,4.25,1.875,1.875,14.625,2.3125,6.625,2.1875,15.625,12.3125,16.0625,8.5,12.0,8.0,14.4375,9.0,271.25,283.75,634.5,9,1,5,0,5,5,0,0,0,1,0,0,4,0,182.88,193.04,170.0,0.25,0.0,0.41859375,0.29359375,0.6139062500000001,0.19625,0.21875,0.46875,0.0,0.25,85.921875,34.921875,85.734375,27.65625,116.171875,61.90625,108.140625,46.515625,11.4375,6.234375,1.75,0.5625,67.4375,19.1875,80.421875,23.96875,8.421875,6.296875,3.09375,1.96875,10.0625,9.4375,2.21875,1.71875,56.0,15.515625,77.109375,21.9375,14.90625,10.3125,7.578125,4.875,15.015625,9.09375,1.046875,0.84375,372.234375,27.8125,702.65625,18,0,1,0,2,4,3,0,0,1,1,1,1,0,170.18,177.8,155.0,23.0,27.0,0,0,0,0,0,0,1,0,0,0,0,0,0,0,0,0,0,1,0,0,1,0,0,0
Red,False,0.03125,0.0,0.450703125,0.54953125,0.01859375,0.27078125,0.6953125,0.5234375,0.0078125,0.0078125,55.2421875,23.21875,44.3828125,21.2890625,87.2890625,50.5390625,60.3828125,36.21875,0.2890625,0.0859375,3.859375,1.2109375,49.171875,19.078125,30.5546875,10.3828125,4.4765625,3.0859375,4.578125,4.21875,1.59375,1.0546875,9.25,6.6875,33.2109375,8.2109375,35.15625,14.4765625,3.4765625,2.6484375,6.40625,4.953125,18.5546875,12.359375,2.8203125,1.859375,147.359375,121.1328125,482.15625,19,1,0,1,3,5,3,0,0,0,2,1,2,0,193.04,200.66,205.0,0.0,0.0,0.41,0.4,0.4,0.0,0.0,0.0,0.0,0.0,102.0,42.0,84.0,34.0,129.0,68.0,98.0,46.0,5.0,2.0,1.0,0.0,73.0,25.0,49.0,11.0,24.0,16.0,20.0,11.0,5.0,1.0,15.0,12.0,46.0,13.0,43.0,19.0,51.0,26.0,41.0,15.0,5.0,3.0,0.0,0.0,256.0,107.0,900.0,3,0,1,0,1,1,0,0,0,0,1,0,0,0,193.04,213.36,205.0,31.0,21.0,0,0,0,0,0,1,0,0,0,0,0,0,0,0,0,1,0,0,0,0,1,0,0,0
Red,True,1.000732421875,0.0,0.6485864257812499,0.3520654296875,0.166416015625,0.040654296875,0.798828125,0.01171875,0.0625,0.01953125,115.095703125,77.39111328125,103.15771484375,32.6748046875,138.232177734375,98.487548828125,119.19287109375,46.7373046875,1.046142578125,0.45703125,1.87255859375,0.245361328125,106.385986328125,68.824951171875,89.143310546875,19.554931640625,7.586669921875,7.455810546875,4.34912109375,3.78662109375,1.123046875,1.1103515625,9.665283203125,9.333251953125,96.61669921875,63.199462890625,90.603759765625,25.488525390625,7.128662109375,5.992919921875,7.44873046875,3.87451171875,11.350341796875,8.19873046875,5.105224609375,3.311767578125,155.01806640625,59.947021484375,749.345947265625,32,6,3,0,3,9,4,0,0,0,1,5,3,0,175.26,177.8,155.0,1.53173828125,0.0625,0.62743896484375,0.25875244140625,0.80090576171875,0.02373046875,1.1953125,0.009765625,0.50146484375,0.00146484375,139.147216796875,83.58447265625,77.482421875,21.29443359375,215.624755859375,155.797607421875,111.85546875,54.3603515625,6.361083984375,5.0673828125,3.703857421875,0.072265625,113.99658203125,61.763427734375,64.651611328125,12.623046875,14.783447265625,12.6025390625,10.3193359375,6.736328125,10.3671875,9.218505859375,2.511474609375,1.93505859375,85.489990234375,44.22314453125,62.6220703125,14.44091796875,3.629150390625,3.4013671875,10.189208984375,3.630615234375,50.028076171875,35.9599609375,4.671142578125,3.222900390625,552.99658203125,63.874267578125,1049.806640625,29,6,2,0,5,11,2,0,0,1,4,4,2,0,180.34,193.04,185.0,30.0,27.0,0,0,0,0,0,0,0,0,0,1,0,0,0,0,0,1,0,0,0,0,1,0,0,0
Red,False,0.125,0.5,0.74625,0.4024999999999999,0.3125,0.5625,0.625,0.125,0.0,0.0,33.5,21.125,24.375,8.75,37.375,25.0,27.375,11.625,1.0,0.375,1.5,0.875,25.875,14.875,19.375,4.375,6.125,5.5,3.75,3.125,1.5,0.75,1.25,1.25,11.25,5.0,16.5,4.375,6.5,4.875,6.75,3.875,15.75,11.25,1.125,0.5,80.125,28.375,201.875,5,0,4,0,4,4,0,0,0,0,0,4,0,0,187.96,187.96,205.0,0.875,0.0,0.6268750000000001,0.2975,0.645,0.15875,1.4375,1.5,0.3125,0.0,65.375,42.5625,42.1875,12.5625,94.125,70.5,61.5625,31.375,1.125,1.0,6.25,0.8125,41.0,21.25,29.625,3.3125,9.75,8.375,7.25,6.5,14.625,12.9375,5.3125,2.75,37.5625,26.1875,30.875,5.0,6.4375,5.5,10.625,7.3125,21.375,10.875,0.6875,0.25,278.5,29.9375,815.0,14,0,5,0,5,5,0,0,0,0,4,0,1,0,185.42,187.96,185.0,26.0,30.0,0,0,0,0,0,1,0,0,0,0,0,0,0,0,0,1,0,0,0,0,0,0,1,0
Red,False,0.5,0.0,0.565,0.4,0.875,0.0,0.5,0.0,0.0,0.0,75.5,41.5,124.0,44.0,82.5,48.5,126.5,46.5,2.5,2.0,0.0,0.0,38.0,16.0,87.0,19.0,16.5,11.5,16.5,11.0,21.0,14.0,20.5,14.0,65.5,35.0,101.5,35.0,6.0,3.5,22.5,9.0,4.0,3.0,0.0,0.0,111.0,34.5,699.5,5,0,1,0,1,1,1,0,0,0,0,0,1,0,170.18,172.72,170.0,0.01171875,1.5,0.4122265625,0.5251171875,0.2682812499999999,0.453828125,0.15234375,1.5078125,0.0,0.625,95.60546875,34.625,130.14453125,73.265625,174.12890625,109.015625,173.671875,114.02734375,6.07421875,1.5703125,5.94140625,3.890625,74.66015625,20.13671875,107.27734375,54.578125,13.0546875,9.171875,13.3671875,9.9453125,7.890625,5.31640625,9.5,8.7421875,70.28515625,19.7890625,88.734375,43.13671875,11.71484375,4.55859375,6.16015625,5.44140625,13.60546875,10.27734375,35.25,24.6875,279.73828125,382.578125,1150.01171875,25,1,8,0,8,8,1,0,0,1,3,1,3,0,182.88,187.96,170.0,34.0,30.0,0,0,0,0,0,0,0,0,0,1,0,0,0,0,0,0,0,0,1,0,1,0,0,0
Red,False,1.5,0.0,0.535,0.395,0.5,0.255,1.5,0.0,0.0,0.0,62.0,34.5,47.0,22.5,102.0,71.5,95.0,69.5,1.0,1.0,11.0,2.5,40.0,19.0,30.0,10.5,19.0,13.0,5.0,4.5,3.0,2.5,12.0,7.5,42.0,18.0,34.0,13.0,8.0,6.0,2.0,0.5,12.0,10.5,11.0,9.0,274.0,273.0,900.0,6,0,0,1,1,1,1,0,0,0,1,0,0,0,185.42,190.5,170.0,0.0471682548522949,0.0,0.45,0.4217682266235352,0.25,0.19173828125,0.1875,0.125,0.0,0.0,69.5,30.5,66.984375,27.8466796875,94.0,48.544921875,88.50390625,44.75,2.0,0.8125,2.015625,0.6640625,54.0,19.01513671875,51.483436584472656,16.9437255859375,7.91796875,5.430633544921875,7.75,5.0625,4.780975341796875,3.9373779296875,4.8994140625,3.84375,51.025390625,18.400863647460938,50.515625,17.5,5.75,3.75,5.5,3.5,5.375,3.6875,4.0,2.65625,104.865234375,89.5,655.8441009521484,0,0,0,0,0,0,0,0,0,0,0,0,0,0,170.18,182.88,170.0,31.0,25.0,0,0,0,0,0,0,0,0,0,1,0,0,0,0,0,1,0,0,0,0,1,0,0,0
Red,False,0.125,0.75,0.26125,0.47625,0.40625,0.03375,0.625,0.0,0.125,0.0,34.625,10.125,30.125,14.875,41.125,15.875,38.625,22.875,0.875,0.5,1.375,0.375,31.875,8.0,25.375,11.0,1.75,1.125,2.125,1.25,1.0,1.0,2.625,2.625,25.875,5.625,18.125,6.25,6.0,3.5,9.875,6.75,2.75,1.0,2.125,1.875,39.75,60.25,205.625,6,0,0,1,2,2,2,0,0,0,1,0,1,0,187.96,195.58,234.0,0.0,0.125,0.676875,0.615,0.23875,0.875,0.125,0.125,0.25,0.0,13.8125,5.5,32.5,17.8125,38.5,27.4375,79.25,60.5,5.5,2.0625,0.875,0.875,13.375,5.0625,28.625,14.8125,0.4375,0.4375,1.9375,1.125,0.0,0.0,1.9375,1.875,5.625,1.0,14.875,3.0625,0.5,0.25,1.25,0.625,7.6875,4.25,16.375,14.125,202.375,93.0625,391.0,11,0,3,0,3,3,2,0,0,0,2,1,0,0,190.5,193.04,205.0,33.0,24.0,0,0,0,0,0,1,0,0,0,0,0,0,0,0,0,1,0,0,0,0,1,0,0,0
Red,False,0.0,0.0,0.45,0.345,0.165,0.0,2.5,0.5,0.0,0.0,36.0,15.0,35.0,16.5,49.5,26.5,59.0,32.5,3.0,1.0,1.0,0.0,30.5,11.0,28.0,11.5,2.5,1.5,6.5,4.5,3.0,2.5,0.5,0.5,22.5,7.0,15.5,6.0,9.5,4.5,6.0,4.5,4.0,3.5,13.5,6.0,84.0,205.0,401.0,3,0,1,0,1,1,1,0,0,0,0,0,1,0,177.8,182.88,170.0,0.0471682548522949,0.0,0.45,0.4217682266235352,0.25,0.19173828125,0.1875,0.125,0.0,0.0,69.5,30.5,66.984375,27.8466796875,94.0,48.544921875,88.50390625,44.75,2.0,0.8125,2.015625,0.6640625,54.0,19.01513671875,51.483436584472656,16.9437255859375,7.91796875,5.430633544921875,7.75,5.0625,4.780975341796875,3.9373779296875,4.8994140625,3.84375,51.025390625,18.400863647460938,50.515625,17.5,5.75,3.75,5.5,3.5,5.375,3.6875,4.0,2.65625,104.865234375,89.5,655.8441009521484,0,0,0,0,0,0,0,0,0,0,0,0,0,0,187.96,187.96,170.0,26.0,23.0,0,0,0,0,0,0,0,0,0,1,0,0,0,0,0,1,0,0,0,0,1,0,0,0
Red,False,0.1259765625,0.062744140625,0.460556640625,0.4851904296875,0.43017578125,0.1425952148437499,1.4599609375,0.0546875,0.0556640625,0.051025390625,124.478515625,59.750732421875,101.637451171875,55.035400390625,193.58203125,128.330322265625,145.1533203125,97.502685546875,1.619873046875,1.106689453125,2.32080078125,0.558837890625,88.49853515625,32.73779296875,72.655517578125,30.47900390625,31.087890625,22.997802734375,13.04052734375,8.876220703125,4.89208984375,4.01513671875,15.94140625,15.68017578125,88.0224609375,34.225341796875,61.232666015625,27.10546875,34.0703125,23.4091796875,30.092041015625,20.226806640625,2.3857421875,2.1162109375,10.312744140625,7.703125,258.64501953125,202.283203125,746.27294921875,30,1,0,2,2,5,8,0,0,0,1,1,3,0,180.34,172.72,170.0,0.1640625,0.0625,0.5293749999999999,0.2380078125,0.69015625,0.75390625,1.09765625,0.75390625,0.0,0.0859375,50.2109375,23.3125,54.00390625,11.6015625,69.94140625,42.74609375,66.265625,22.2578125,2.00390625,1.3671875,1.01171875,1.01171875,37.66796875,13.625,45.6171875,5.4375,3.92578125,2.5859375,5.86328125,3.92578125,8.6171875,7.1015625,2.5234375,2.23828125,41.9296875,16.6640625,36.0,4.3359375,4.609375,3.7109375,5.87109375,2.5,3.671875,2.9375,12.1328125,4.765625,73.51953125,147.5,486.72265625,16,0,0,1,6,7,2,0,0,0,1,2,4,0,177.8,177.8,170.0,34.0,35.0,0,0,0,0,0,0,0,0,0,1,0,0,0,0,0,1,0,0,0,0,0,0,1,0
Red,False,0.015625,0.0,0.45,0.4275,0.25,0.2,0.148468017578125,0.098388671875,0.0,0.0,66.5,29.6875,64.31230545043945,27.34375,89.75,48.0,85.53125,44.41152191162109,2.0,0.75,2.0546875,0.75,51.1875,18.3359375,49.6123046875,16.280410766601562,7.5,5.07647705078125,7.5,5.0,4.5,3.625,4.984375,3.9375,48.6875,17.0,47.11572265625,16.5,5.75,3.75,5.3125,3.4375,5.0625,3.5,3.875,2.5,99.2119140625,94.125,638.5,0,0,0,0,0,0,0,0,0,0,0,0,0,0,180.34,180.34,170.0,0.0471682548522949,0.0,0.45,0.4217682266235352,0.25,0.19173828125,0.1875,0.125,0.0,0.0,69.5,30.5,66.984375,27.8466796875,94.0,48.544921875,88.50390625,44.75,2.0,0.8125,2.015625,0.6640625,54.0,19.01513671875,51.483436584472656,16.9437255859375,7.91796875,5.430633544921875,7.75,5.0625,4.780975341796875,3.9373779296875,4.8994140625,3.84375,51.025390625,18.400863647460938,50.515625,17.5,5.75,3.75,5.5,3.5,5.375,3.6875,4.0,2.65625,104.865234375,89.5,655.8441009521484,0,0,0,0,0,0,0,0,0,0,0,0,0,0,185.42,190.5,170.0,29.0,21.0,0,0,0,0,0,0,0,0,0,1,0,0,0,0,0,1,0,0,0,0,1,0,0,0
Red,False,0.7744140625,0.400390625,0.5244482421875001,0.2934521484375,0.12134765625,0.150986328125,0.00244140625,0.441650390625,0.041015625,0.0,97.92724609375,50.475341796875,43.07373046875,13.91357421875,107.949951171875,59.162109375,49.181396484375,19.508544921875,0.51708984375,0.25927734375,5.863037109375,0.854736328125,71.18408203125,26.625,36.152099609375,7.522216796875,11.42626953125,9.22900390625,3.52490234375,3.12353515625,15.31689453125,14.621337890625,3.396728515625,3.267822265625,81.81787109375,40.595458984375,31.23876953125,6.64013671875,10.79541015625,6.183837890625,9.8037109375,6.3046875,5.31396484375,3.696044921875,2.03125,0.96875,69.770263671875,84.58056640625,578.573974609375,29,5,7,0,7,11,2,0,0,0,2,7,1,1,185.42,193.04,185.0,0.5625,0.3125,0.535625,0.576875,0.25375,0.18375,0.4375,0.8125,0.125,0.0,68.875,37.1875,64.8125,38.0,89.9375,56.625,88.4375,60.6875,2.0,0.875,8.5625,1.375,59.9375,29.4375,49.875,24.375,4.0,3.1875,9.5,8.875,4.9375,4.5625,5.4375,4.75,35.0,15.5,42.0,20.75,15.3125,9.875,9.75,6.5625,18.5625,11.8125,13.0625,10.6875,198.25,155.5,898.0,14,3,2,0,2,3,2,0,0,1,2,0,0,0,180.34,187.96,185.0,34.0,38.0,0,0,0,0,0,1,0,0,0,0,0,0,0,0,0,0,0,1,0,0,1,0,0,0
Red,False,0.0,0.25,0.4982031249999999,0.562265625,0.34953125,0.0,0.4140625,0.25,0.0,0.12890625,45.953125,22.47265625,33.58984375,20.609375,75.85546875,50.640625,54.48828125,40.96484375,5.96484375,2.07421875,0.1953125,0.0,43.1484375,20.66796875,24.859375,12.1328125,0.8046875,0.3046875,0.6328125,0.62890625,2.0,1.5,8.09765625,7.84765625,17.29296875,5.40625,27.44921875,15.72265625,2.37109375,1.58984375,3.015625,2.01171875,26.2890625,15.4765625,3.125,2.875,0.0,0.0,818.765625,13,3,6,0,6,6,3,0,0,0,0,3,3,0,185.42,190.5,205.0,0.0,0.0,0.36,0.5,0.41,1.0,0.0,3.0,0.0,2.0,75.0,27.0,130.0,66.0,105.0,53.0,214.0,146.0,12.0,5.0,2.0,2.0,69.0,21.0,104.0,44.0,3.0,3.0,16.0,13.0,3.0,3.0,10.0,9.0,50.0,14.0,54.0,21.0,3.0,3.0,7.0,4.0,22.0,10.0,69.0,41.0,291.0,337.0,885.0,3,0,0,1,0,0,1,0,0,0,0,0,0,0,185.42,193.04,205.0,44.0,27.0,0,0,0,0,0,1,0,0,0,0,0,0,0,0,0,1,0,0,0,0,1,0,0,0
Red,False,1.0,0.0,0.41,0.82,0.5,0.0,0.0,1.0,0.0,0.0,12.0,5.0,23.0,19.0,15.0,8.0,24.0,20.0,2.0,1.0,0.0,0.0,8.0,1.0,18.0,14.0,4.0,4.0,5.0,5.0,0.0,0.0,0.0,0.0,6.0,2.0,2.0,1.0,5.0,3.0,3.0,3.0,1.0,0.0,18.0,15.0,22.0,87.0,144.0,1,0,0,1,0,0,1,0,0,0,0,0,0,0,190.5,195.58,205.0,0.0,0.0,0.655,0.5562499999999999,0.2275,0.0,1.75,0.0,0.5,0.125,25.25,16.5,28.625,16.125,49.375,39.125,48.125,33.375,4.125,1.125,0.25,0.0,18.375,11.625,23.625,12.0,4.75,3.125,3.75,2.875,2.125,1.75,1.25,1.25,3.5,1.75,8.125,3.125,5.375,3.375,5.0,3.25,16.375,11.375,15.5,9.75,160.75,78.375,314.5,5,0,1,0,1,2,2,0,0,0,0,0,2,0,190.5,193.04,185.0,27.0,31.0,0,0,0,0,0,1,0,0,0,0,0,0,0,0,0,0,0,1,0,0,1,0,0,0
Red,False,0.015625,0.0,0.45,0.4275,0.25,0.2,0.148468017578125,0.098388671875,0.0,0.0,66.5,29.6875,64.31230545043945,27.34375,89.75,48.0,85.53125,44.41152191162109,2.0,0.75,2.0546875,0.75,51.1875,18.3359375,49.6123046875,16.280410766601562,7.5,5.07647705078125,7.5,5.0,4.5,3.625,4.984375,3.9375,48.6875,17.0,47.11572265625,16.5,5.75,3.75,5.3125,3.4375,5.0625,3.5,3.875,2.5,99.2119140625,94.125,638.5,0,0,0,0,0,0,0,0,0,0,0,0,0,0,175.26,175.26,170.0,0.0625,0.6875,0.314375,0.470625,0.4375,0.005,0.6875,0.25,0.0,0.0,23.875,10.875,34.875,16.4375,31.3125,17.5625,38.1875,19.75,0.4375,0.4375,0.75,0.0625,20.0625,7.9375,30.9375,13.8125,3.0,2.125,3.1875,1.9375,0.8125,0.8125,0.75,0.6875,17.25,6.5,18.125,5.6875,3.75,2.3125,13.625,9.0625,2.875,2.0625,3.125,1.6875,66.625,17.0625,180.1875,7,0,4,0,4,4,1,0,0,0,1,0,3,0,182.88,182.88,170.0,32.0,26.0,0,0,0,0,0,0,0,0,0,1,0,0,0,0,0,0,0,1,0,0,1,0,0,0
Red,False,0.0,0.3125,0.2807421875,0.4086865234375,0.087060546875,0.54814453125,0.8271484375,0.783203125,0.25,0.001953125,24.890625,6.14306640625,31.841796875,13.70166015625,36.25732421875,17.0654296875,42.59521484375,23.1337890625,1.21484375,0.26318359375,3.50634765625,1.81689453125,21.9736328125,4.26953125,28.07666015625,10.02392578125,1.34130859375,1.13671875,1.4912109375,1.40576171875,1.57568359375,0.73681640625,2.27392578125,2.27197265625,20.36279296875,3.5302734375,18.048828125,5.759765625,2.77001953125,1.45166015625,4.8935546875,3.57763671875,1.7578125,1.1611328125,8.8994140625,4.3642578125,69.533203125,160.21484375,359.08544921875,20,2,0,2,4,6,6,0,0,0,1,1,4,0,185.42,187.96,185.0,0.0,0.5,0.21,0.755,0.56,0.0,2.0,0.0,0.0,0.0,31.5,13.5,41.5,21.5,33.5,15.5,45.0,25.0,8.5,1.5,0.0,0.0,28.5,11.5,40.5,21.0,1.5,1.0,1.0,0.5,1.5,1.0,0.0,0.0,26.5,11.0,25.5,12.5,4.0,2.0,4.5,2.0,1.0,0.5,11.5,7.0,112.5,73.5,528.0,4,0,1,0,1,1,1,0,0,0,0,0,1,0,172.72,180.34,170.0,33.0,28.0,0,0,0,0,0,0,0,1,0,0,0,0,0,0,0,1,0,0,0,0,1,0,0,0
Red,False,0.015625,0.0,0.45,0.4275,0.25,0.2,0.148468017578125,0.098388671875,0.0,0.0,66.5,29.6875,64.31230545043945,27.34375,89.75,48.0,85.53125,44.41152191162109,2.0,0.75,2.0546875,0.75,51.1875,18.3359375,49.6123046875,16.280410766601562,7.5,5.07647705078125,7.5,5.0,4.5,3.625,4.984375,3.9375,48.6875,17.0,47.11572265625,16.5,5.75,3.75,5.3125,3.4375,5.0625,3.5,3.875,2.5,99.2119140625,94.125,638.5,0,0,0,0,0,0,0,0,0,0,0,0,0,0,180.34,195.58,185.0,0.015625,0.0,0.4909374999999999,0.4746875,0.2621875,0.28609375,0.09375,1.109375,0.015625,0.015625,62.078125,35.703125,90.90625,35.5,70.78125,44.328125,126.40625,69.703125,0.515625,0.296875,6.65625,2.734375,42.75,19.625,77.515625,27.84375,8.34375,5.671875,10.734375,6.515625,10.984375,10.40625,2.65625,1.140625,47.09375,24.796875,65.0625,19.328125,13.875,10.46875,17.6875,10.765625,1.109375,0.4375,8.15625,5.40625,128.609375,165.46875,606.890625,15,0,0,1,2,4,3,0,0,1,0,1,1,1,187.96,190.5,185.0,31.0,24.0,0,0,0,0,0,0,0,1,0,0,0,0,0,0,0,1,0,0,0,0,1,0,0,0
Red,False,0.015625,0.0,0.45,0.4275,0.25,0.2,0.148468017578125,0.098388671875,0.0,0.0,66.5,29.6875,64.31230545043945,27.34375,89.75,48.0,85.53125,44.41152191162109,2.0,0.75,2.0546875,0.75,51.1875,18.3359375,49.6123046875,16.280410766601562,7.5,5.07647705078125,7.5,5.0,4.5,3.625,4.984375,3.9375,48.6875,17.0,47.11572265625,16.5,5.75,3.75,5.3125,3.4375,5.0625,3.5,3.875,2.5,99.2119140625,94.125,638.5,0,0,0,0,0,0,0,0,0,0,0,0,0,0,182.88,182.88,205.0,0.0,1.0,0.33,0.45,0.5,0.0,0.0,1.0,0.0,0.0,127.0,43.0,105.0,48.0,138.0,53.0,110.0,53.0,2.0,1.0,4.0,0.0,110.0,29.0,77.0,31.0,10.0,7.0,18.0,13.0,7.0,7.0,10.0,4.0,94.0,26.0,71.0,27.0,30.0,15.0,34.0,21.0,3.0,2.0,0.0,0.0,64.0,25.0,563.0,2,0,0,1,0,0,1,0,0,0,0,0,0,0,185.42,193.04,205.0,29.0,26.0,0,0,0,0,0,1,0,0,0,0,0,0,0,0,0,1,0,0,0,0,1,0,0,0
Red,False,0.0,0.25,0.5575,0.4449999999999999,0.0,0.29,0.0,0.75,0.0,0.0,50.5,20.0,36.75,9.5,56.0,25.25,41.0,13.25,0.0,0.0,2.25,0.75,46.5,17.0,32.5,6.5,2.0,1.25,2.5,1.5,2.0,1.75,1.75,1.5,46.5,17.25,33.5,7.75,2.25,1.75,1.0,0.25,1.75,1.0,2.25,1.5,6.0,58.0,315.0,5,0,0,1,1,1,2,0,0,0,1,0,0,0,175.26,182.88,155.0,0.125,1.25,0.235,0.49,0.25,0.25,0.0,1.125,0.25,0.5,19.125,7.75,28.375,12.75,61.5,45.125,44.875,26.625,0.875,0.375,0.5,0.5,16.25,5.875,26.125,11.25,1.25,0.875,1.125,0.75,1.625,1.0,1.125,0.75,12.25,5.0,10.375,4.25,1.875,0.5,1.5,0.5,5.0,2.25,16.5,8.0,67.375,178.0,306.125,7,0,0,1,1,1,3,0,0,0,0,1,0,0,167.64,177.8,145.0,25.0,30.0,0,0,0,0,0,0,1,0,0,0,0,0,0,0,0,1,0,0,0,0,1,0,0,0
Red,True,0.0078125,0.5,0.360390625,0.363046875,0.254765625,0.18890625,2.2578125,0.0,0.5,0.0,215.25,74.27734375,108.81640625,39.1015625,262.23828125,113.15625,129.53515625,57.7421875,1.2265625,0.51171875,4.0625,1.546875,159.01171875,36.42578125,99.2109375,30.55078125,20.421875,11.4140625,6.609375,5.66796875,35.81640625,26.4375,2.99609375,2.8828125,168.0625,47.515625,84.796875,24.2421875,15.90234375,9.98046875,11.39453125,7.828125,31.28515625,16.78125,12.625,7.03125,230.7578125,177.71484375,1149.1953125,23,2,3,0,3,7,2,0,0,0,4,1,2,0,190.5,195.58,205.0,0.578125,0.0,0.340234375,0.29625,0.166640625,0.33015625,0.0,0.2734375,0.0,0.0,52.703125,17.0390625,60.84375,19.46875,63.703125,26.2734375,68.9453125,26.34375,5.6484375,2.1796875,2.15625,1.015625,48.8515625,13.5078125,51.0859375,11.59375,2.3515625,2.03125,5.96875,4.6015625,1.5,1.5,3.7890625,3.2734375,43.015625,12.9375,51.5390625,12.8359375,5.171875,2.1640625,8.8046875,6.203125,4.515625,1.9375,0.5,0.4296875,160.4765625,57.671875,607.8125,21,1,5,0,5,7,1,0,1,3,0,3,0,0,182.88,190.5,205.0,29.0,29.0,0,0,0,0,0,1,0,0,0,0,0,0,0,0,0,1,0,0,0,0,1,0,0,0
Red,False,0.0,0.5,0.324375,0.2025,0.193125,0.125,0.75,0.0,0.0625,0.0,44.4375,14.5625,52.8125,14.3125,52.5,21.3125,68.875,30.25,7.0,1.3125,0.25,0.25,35.125,9.125,46.25,10.5,5.1875,2.375,1.75,1.25,4.125,3.0625,4.8125,2.5625,37.375,11.5,43.8125,9.4375,3.3125,0.4375,4.625,2.5,3.75,2.625,4.375,2.375,81.0,135.9375,518.5,11,0,2,0,2,4,1,0,0,0,2,0,2,0,185.42,190.5,185.0,1.0,0.0,0.43625,0.4234375,0.38375,0.20625,0.765625,0.015625,0.0,0.078125,64.828125,29.015625,57.515625,23.296875,89.5,51.375,74.9375,39.796875,1.390625,0.84375,4.234375,0.625,53.296875,19.234375,35.578125,5.796875,7.640625,6.265625,6.234375,3.109375,3.890625,3.515625,15.703125,14.390625,43.4375,13.4375,43.546875,11.546875,9.875,8.859375,13.65625,11.5625,11.515625,6.71875,0.3125,0.1875,215.859375,122.109375,685.09375,20,0,4,0,4,6,1,0,0,0,3,3,0,0,187.96,190.5,170.0,32.0,27.0,0,0,0,0,0,0,0,1,0,0,0,0,0,0,0,1,0,0,0,0,0,0,1,0
Red,False,0.015625,0.0,0.45,0.4275,0.25,0.2,0.148468017578125,0.098388671875,0.0,0.0,66.5,29.6875,64.31230545043945,27.34375,89.75,48.0,85.53125,44.41152191162109,2.0,0.75,2.0546875,0.75,51.1875,18.3359375,49.6123046875,16.280410766601562,7.5,5.07647705078125,7.5,5.0,4.5,3.625,4.984375,3.9375,48.6875,17.0,47.11572265625,16.5,5.75,3.75,5.3125,3.4375,5.0625,3.5,3.875,2.5,99.2119140625,94.125,638.5,0,0,0,0,0,0,0,0,0,0,0,0,0,0,187.96,195.58,245.0,0.515625,0.25,0.6721874999999999,0.40515625,0.796875,0.37671875,0.125,1.015625,0.4375,0.5,54.03125,35.828125,31.296875,18.53125,82.140625,62.3125,53.859375,40.109375,2.828125,2.390625,2.296875,1.484375,26.5625,13.171875,12.6875,3.765625,11.984375,10.046875,17.109375,13.578125,15.484375,12.609375,1.5,1.1875,21.0625,10.03125,10.53125,2.5625,12.5,11.25,3.03125,1.9375,20.46875,14.546875,17.734375,14.03125,306.40625,150.65625,576.0,15,0,2,0,2,5,2,0,1,0,1,2,0,1,193.04,208.28,240.0,35.0,33.0,0,0,0,0,1,0,0,0,0,0,0,0,0,0,0,1,0,0,0,0,1,0,0,0
Red,False,0.015625,0.0,0.45,0.4275,0.25,0.2,0.148468017578125,0.098388671875,0.0,0.0,66.5,29.6875,64.31230545043945,27.34375,89.75,48.0,85.53125,44.41152191162109,2.0,0.75,2.0546875,0.75,51.1875,18.3359375,49.6123046875,16.280410766601562,7.5,5.07647705078125,7.5,5.0,4.5,3.625,4.984375,3.9375,48.6875,17.0,47.11572265625,16.5,5.75,3.75,5.3125,3.4375,5.0625,3.5,3.875,2.5,99.2119140625,94.125,638.5,0,0,0,0,0,0,0,0,0,0,0,0,0,0,182.88,182.88,260.0,0.8125,1.0,0.6368750000000001,0.4,0.0,0.475,0.0625,0.125,0.0,0.0,42.5625,27.625,37.8125,18.5625,46.0625,30.9375,65.5625,40.5,0.0,0.0,2.5,1.375,30.5,17.4375,36.875,17.6875,6.625,5.25,0.5625,0.5,5.4375,4.9375,0.375,0.375,23.0,13.75,23.375,9.375,19.5625,13.875,10.625,7.0625,0.0,0.0,3.8125,2.125,22.75,214.25,359.8125,8,0,1,0,2,3,2,0,0,0,0,3,0,0,193.04,198.12,245.0,31.0,32.0,0,0,0,0,1,0,0,0,0,0,0,0,0,0,0,1,0,0,0,0,1,0,0,0
Red,False,0.0,0.0,0.56,0.51,0.2,0.5,0.0,0.0,0.0,0.0,53.0,30.0,74.0,38.0,118.0,95.0,89.0,51.0,5.0,1.0,4.0,2.0,25.0,8.0,49.0,17.0,5.0,2.0,14.0,12.0,23.0,20.0,11.0,9.0,39.0,19.0,37.0,12.0,13.0,10.0,31.0,22.0,1.0,1.0,6.0,4.0,220.0,188.0,900.0,3,0,0,1,0,0,1,0,0,0,0,0,0,0,182.88,182.88,205.0,0.0,0.53125,0.3428124999999999,0.4215625,0.4434375,0.0,0.0,0.03125,0.0,0.0,68.0625,24.53125,107.21875,47.625,88.15625,41.75,112.375,52.5,5.1875,1.75,0.5,0.0,64.25,20.90625,82.25,25.28125,1.40625,1.21875,9.3125,7.40625,2.40625,2.40625,15.65625,14.9375,52.78125,16.15625,94.9375,42.15625,7.4375,2.96875,10.4375,3.9375,7.84375,5.40625,1.84375,1.53125,114.28125,2.96875,580.34375,13,0,3,0,3,4,2,0,0,0,1,3,0,0,185.42,193.04,205.0,35.0,32.0,0,0,0,0,0,1,0,0,0,0,0,0,0,0,0,1,0,0,0,0,1,0,0,0
Red,False,1.3125,0.1875,0.4912499999999999,0.348125,0.0,0.3325,0.0,0.0,0.0,0.0,58.75,19.375,52.25,18.1875,79.9375,40.0625,68.375,32.4375,0.125,0.0,1.375,1.0,52.875,14.75,48.375,15.625,2.375,2.3125,1.3125,1.0,3.5,2.3125,2.5625,1.5625,50.375,13.3125,44.4375,14.1875,4.0625,3.0,2.9375,1.75,4.3125,3.0625,4.875,2.25,5.875,161.625,444.0625,11,1,0,1,1,2,3,0,0,0,0,2,0,0,180.34,187.96,205.0,1.0,0.0,0.51875,0.37125,0.165,0.0925,0.0,2.25,0.0,0.25,106.25,49.875,169.875,55.875,148.5,90.375,206.125,83.625,1.375,0.5,2.625,0.75,87.625,32.125,123.0,22.375,13.875,13.0,18.25,10.75,4.75,4.75,28.625,22.75,70.0,23.5,132.75,32.125,21.625,16.125,18.875,14.0,14.625,10.25,18.25,9.75,248.125,284.375,1205.25,13,3,3,0,3,3,1,0,0,0,1,2,0,0,185.42,185.42,205.0,32.0,30.0,0,0,0,0,0,1,0,0,0,0,0,0,0,0,0,1,0,0,0,0,1,0,0,0
Red,True,0.0,1.0,0.425,0.32,0.49,0.0,1.5,0.0,0.5,1.0,95.0,41.5,129.0,42.0,119.0,59.5,155.5,67.0,8.0,3.0,0.0,0.0,86.0,33.0,119.0,35.0,7.0,6.5,5.0,2.5,2.0,2.0,5.0,4.5,88.0,36.0,106.0,31.5,5.0,4.5,10.0,3.5,2.0,1.0,13.0,7.0,126.0,111.0,794.0,6,1,2,0,2,2,0,0,0,0,1,0,1,0,190.5,195.58,240.0,0.0078125,0.0,0.64138671875,0.57529296875,0.3210546875,0.53173828125,1.8046875,0.0625,0.0,0.0009765625,9.81103515625,5.94677734375,22.39404296875,14.30517578125,15.00830078125,10.7841796875,35.13232421875,26.64892578125,0.8486328125,0.5048828125,0.57861328125,0.54736328125,5.818359375,2.095703125,19.83349609375,11.99462890625,2.16064453125,2.02685546875,1.3095703125,1.0595703125,1.83203125,1.82421875,1.2509765625,1.2509765625,4.21923828125,2.27294921875,5.71044921875,2.81591796875,1.720703125,1.658203125,2.3779296875,1.5654296875,3.87109375,2.015625,14.3056640625,9.923828125,49.93212890625,58.58837890625,143.19775390625,15,1,2,0,4,9,3,0,0,0,1,1,6,0,190.5,200.66,264.0,32.0,29.0,0,0,0,0,1,0,0,0,0,0,0,0,0,0,0,1,0,0,0,0,0,0,1,0
Red,False,0.0,0.0,0.0,0.75,1.0,0.0,1.0,1.0,0.0,0.0,0.0,0.0,4.0,3.0,10.0,7.0,10.0,9.0,1.0,1.0,0.0,0.0,0.0,0.0,4.0,3.0,0.0,0.0,0.0,0.0,0.0,0.0,0.0,0.0,0.0,0.0,1.0,0.0,0.0,0.0,0.0,0.0,0.0,0.0,3.0,3.0,81.0,0.0,88.0,1,0,1,0,1,1,0,0,0,0,0,0,1,0,187.96,185.42,185.0,0.0,0.0,0.47,0.35,0.5,0.165,1.0,1.0,0.5,0.0,11.5,5.0,9.0,3.0,17.0,10.0,24.0,15.0,1.0,0.5,1.5,0.5,9.0,3.0,6.5,1.0,1.0,0.5,2.0,1.5,1.5,1.5,0.5,0.5,3.0,1.0,3.5,1.0,1.5,1.5,2.0,1.5,7.0,2.5,3.5,0.5,106.0,69.5,210.0,2,1,0,1,1,1,1,0,0,0,0,0,1,0,187.96,193.04,185.0,26.0,25.0,0,0,0,0,0,0,0,1,0,0,0,0,0,0,0,0,0,1,0,0,1,0,0,0
Red,False,0.0,0.0,0.395,0.4549999999999999,0.0,0.55,0.0,0.5,0.5,0.5,72.5,29.0,74.0,33.5,110.5,64.5,139.0,92.5,0.0,0.0,7.5,4.5,52.0,13.0,70.5,30.5,12.5,10.0,1.0,1.0,8.0,6.0,2.5,2.0,39.0,12.0,35.5,12.5,14.0,9.5,6.0,3.5,19.5,7.5,32.5,17.5,285.0,381.5,900.0,6,0,0,1,1,1,1,0,0,1,0,0,0,0,175.26,177.8,170.0,4.0,0.0,0.6,0.27,0.0,0.0,0.0,0.0,0.0,0.0,87.0,53.0,33.0,9.0,120.0,84.0,38.0,14.0,0.0,0.0,6.0,0.0,77.0,46.0,28.0,4.0,5.0,4.0,3.0,3.0,5.0,3.0,2.0,2.0,52.0,30.0,32.0,9.0,8.0,5.0,1.0,0.0,27.0,18.0,0.0,0.0,219.0,28.0,449.0,2,0,1,0,1,1,0,0,0,0,0,1,0,0,177.8,185.42,170.0,32.0,31.0,0,0,0,0,0,0,0,0,0,1,0,0,0,0,0,1,0,0,0,0,1,0,0,0
Red,False,0.0,1.0,0.22,0.67,0.0,1.0,2.0,0.0,0.0,0.0,9.0,2.0,34.0,23.0,10.0,3.0,50.0,38.0,0.0,0.0,2.0,2.0,6.0,0.0,16.0,9.0,3.0,2.0,4.0,3.0,0.0,0.0,14.0,11.0,7.0,0.0,11.0,6.0,2.0,2.0,6.0,5.0,0.0,0.0,17.0,12.0,0.0,230.0,295.0,1,0,0,1,0,0,1,0,0,0,0,0,0,0,190.5,190.5,250.0,0.0471682548522949,0.0,0.45,0.4217682266235352,0.25,0.19173828125,0.1875,0.125,0.0,0.0,69.5,30.5,66.984375,27.8466796875,94.0,48.544921875,88.50390625,44.75,2.0,0.8125,2.015625,0.6640625,54.0,19.01513671875,51.483436584472656,16.9437255859375,7.91796875,5.430633544921875,7.75,5.0625,4.780975341796875,3.9373779296875,4.8994140625,3.84375,51.025390625,18.400863647460938,50.515625,17.5,5.75,3.75,5.5,3.5,5.375,3.6875,4.0,2.65625,104.865234375,89.5,655.8441009521484,0,0,0,0,0,0,0,0,0,0,0,0,0,0,180.34,187.96,235.0,34.0,29.0,0,0,0,0,1,0,0,0,0,0,0,0,0,0,0,1,0,0,0,0,1,0,0,0
Red,False,0.0,0.0,0.55328125,0.37984375,0.57421875,0.35546875,1.7734375,2.21875,0.4140625,0.2734375,20.15625,11.234375,25.578125,12.4921875,62.2890625,49.2734375,51.953125,35.3359375,2.75,1.2109375,1.296875,0.7578125,16.4765625,7.765625,22.71875,10.2890625,0.75,0.671875,1.859375,1.46875,2.9296875,2.796875,1.0,0.734375,8.4140625,2.296875,6.8515625,2.1953125,3.890625,3.0234375,4.03125,2.0625,7.8515625,5.9140625,14.6953125,8.234375,293.046875,163.9375,511.953125,17,0,2,0,2,5,3,0,0,0,0,2,3,0,190.5,203.2,185.0,0.4375,0.25,0.4293749999999999,0.4259374999999999,0.5546875,0.671875,1.609375,0.0,0.0,0.5,34.765625,15.421875,63.59375,28.140625,37.96875,18.625,79.234375,40.265625,0.703125,0.5625,1.421875,1.171875,26.953125,9.03125,57.203125,23.515625,1.578125,1.546875,4.21875,2.578125,6.234375,4.84375,2.171875,2.046875,25.046875,10.03125,24.921875,9.765625,3.828125,3.0,1.09375,0.796875,5.890625,2.390625,37.578125,17.578125,35.4375,164.203125,417.328125,13,0,0,1,4,5,2,0,0,0,0,1,4,0,185.42,193.04,185.0,33.0,30.0,0,0,0,0,0,0,0,1,0,0,0,0,0,0,0,1,0,0,0,0,1,0,0,0
Red,False,0.015625,0.0,0.45,0.4275,0.25,0.2,0.148468017578125,0.098388671875,0.0,0.0,66.5,29.6875,64.31230545043945,27.34375,89.75,48.0,85.53125,44.41152191162109,2.0,0.75,2.0546875,0.75,51.1875,18.3359375,49.6123046875,16.280410766601562,7.5,5.07647705078125,7.5,5.0,4.5,3.625,4.984375,3.9375,48.6875,17.0,47.11572265625,16.5,5.75,3.75,5.3125,3.4375,5.0625,3.5,3.875,2.5,99.2119140625,94.125,638.5,0,0,0,0,0,0,0,0,0,0,0,0,0,0,170.18,170.18,155.0,0.0471682548522949,0.0,0.45,0.4217682266235352,0.25,0.19173828125,0.1875,0.125,0.0,0.0,69.5,30.5,66.984375,27.8466796875,94.0,48.544921875,88.50390625,44.75,2.0,0.8125,2.015625,0.6640625,54.0,19.01513671875,51.483436584472656,16.9437255859375,7.91796875,5.430633544921875,7.75,5.0625,4.780975341796875,3.9373779296875,4.8994140625,3.84375,51.025390625,18.400863647460938,50.515625,17.5,5.75,3.75,5.5,3.5,5.375,3.6875,4.0,2.65625,104.865234375,89.5,655.8441009521484,0,0,0,0,0,0,0,0,0,0,0,0,0,0,175.26,175.26,155.0,29.0,24.0,0,0,0,0,0,0,1,0,0,0,0,0,0,0,0,1,0,0,0,0,1,0,0,0
Red,False,0.0,0.0,0.525,0.46,0.0,0.58,0.5,0.0,0.0,0.0,48.0,22.5,64.0,31.5,100.5,74.0,107.0,71.0,0.5,0.0,6.0,3.5,30.5,9.5,49.5,18.5,6.0,4.5,8.5,8.0,11.5,8.5,6.0,5.0,37.5,14.5,39.0,17.5,8.5,6.0,8.0,6.5,2.0,2.0,17.0,7.5,35.5,415.0,672.5,5,0,2,0,2,2,0,0,0,0,0,1,1,0,177.8,187.96,170.0,0.5,0.0,0.5175000000000001,0.31,0.4775,0.0625,0.375,0.25,0.125,0.125,62.375,32.375,47.375,20.25,92.375,60.25,80.0,52.125,3.25,2.625,1.25,0.125,47.5,19.25,30.0,7.25,8.75,8.125,5.625,4.5,6.125,5.0,11.75,8.5,44.625,20.0,37.75,13.375,9.875,8.0,8.375,5.625,7.875,4.375,1.25,1.25,221.75,28.75,482.5,7,0,1,0,1,2,2,0,0,0,0,2,0,0,187.96,198.12,205.0,28.0,24.0,0,0,0,0,0,0,0,0,0,1,0,0,0,0,0,1,0,0,0,0,1,0,0,0
Red,False,0.015625,0.0,0.45,0.4275,0.25,0.2,0.148468017578125,0.098388671875,0.0,0.0,66.5,29.6875,64.31230545043945,27.34375,89.75,48.0,85.53125,44.41152191162109,2.0,0.75,2.0546875,0.75,51.1875,18.3359375,49.6123046875,16.280410766601562,7.5,5.07647705078125,7.5,5.0,4.5,3.625,4.984375,3.9375,48.6875,17.0,47.11572265625,16.5,5.75,3.75,5.3125,3.4375,5.0625,3.5,3.875,2.5,99.2119140625,94.125,638.5,0,0,0,0,0,0,0,0,0,0,0,0,0,0,190.5,190.5,205.0,0.0471682548522949,0.0,0.45,0.4217682266235352,0.25,0.19173828125,0.1875,0.125,0.0,0.0,69.5,30.5,66.984375,27.8466796875,94.0,48.544921875,88.50390625,44.75,2.0,0.8125,2.015625,0.6640625,54.0,19.01513671875,51.483436584472656,16.9437255859375,7.91796875,5.430633544921875,7.75,5.0625,4.780975341796875,3.9373779296875,4.8994140625,3.84375,51.025390625,18.400863647460938,50.515625,17.5,5.75,3.75,5.5,3.5,5.375,3.6875,4.0,2.65625,104.865234375,89.5,655.8441009521484,0,0,0,0,0,0,0,0,0,0,0,0,0,0,185.42,195.58,205.0,24.0,31.0,0,0,0,0,0,1,0,0,0,0,0,0,0,0,0,1,0,0,0,1,0,0,0,0
Red,False,0.015625,0.0,0.45,0.4275,0.25,0.2,0.148468017578125,0.098388671875,0.0,0.0,66.5,29.6875,64.31230545043945,27.34375,89.75,48.0,85.53125,44.41152191162109,2.0,0.75,2.0546875,0.75,51.1875,18.3359375,49.6123046875,16.280410766601562,7.5,5.07647705078125,7.5,5.0,4.5,3.625,4.984375,3.9375,48.6875,17.0,47.11572265625,16.5,5.75,3.75,5.3125,3.4375,5.0625,3.5,3.875,2.5,99.2119140625,94.125,638.5,0,0,0,0,0,0,0,0,0,0,0,0,0,0,193.04,200.66,205.0,0.0471682548522949,0.0,0.45,0.4217682266235352,0.25,0.19173828125,0.1875,0.125,0.0,0.0,69.5,30.5,66.984375,27.8466796875,94.0,48.544921875,88.50390625,44.75,2.0,0.8125,2.015625,0.6640625,54.0,19.01513671875,51.483436584472656,16.9437255859375,7.91796875,5.430633544921875,7.75,5.0625,4.780975341796875,3.9373779296875,4.8994140625,3.84375,51.025390625,18.400863647460938,50.515625,17.5,5.75,3.75,5.5,3.5,5.375,3.6875,4.0,2.65625,104.865234375,89.5,655.8441009521484,0,0,0,0,0,0,0,0,0,0,0,0,0,0,182.88,187.96,205.0,26.0,25.0,0,0,0,0,0,1,0,0,0,0,0,0,0,0,0,1,0,0,0,0,0,0,1,0
Red,True,0.015625,0.0,0.45,0.4275,0.25,0.2,0.148468017578125,0.098388671875,0.0,0.0,66.5,29.6875,64.31230545043945,27.34375,89.75,48.0,85.53125,44.41152191162109,2.0,0.75,2.0546875,0.75,51.1875,18.3359375,49.6123046875,16.280410766601562,7.5,5.07647705078125,7.5,5.0,4.5,3.625,4.984375,3.9375,48.6875,17.0,47.11572265625,16.5,5.75,3.75,5.3125,3.4375,5.0625,3.5,3.875,2.5,99.2119140625,94.125,638.5,0,0,0,0,0,0,0,0,0,0,0,0,0,0,175.26,182.88,145.0,0.0471682548522949,0.0,0.45,0.4217682266235352,0.25,0.19173828125,0.1875,0.125,0.0,0.0,69.5,30.5,66.984375,27.8466796875,94.0,48.544921875,88.50390625,44.75,2.0,0.8125,2.015625,0.6640625,54.0,19.01513671875,51.483436584472656,16.9437255859375,7.91796875,5.430633544921875,7.75,5.0625,4.780975341796875,3.9373779296875,4.8994140625,3.84375,51.025390625,18.400863647460938,50.515625,17.5,5.75,3.75,5.5,3.5,5.375,3.6875,4.0,2.65625,104.865234375,89.5,655.8441009521484,0,0,0,0,0,0,0,0,0,0,0,0,0,0,175.26,180.34,155.0,24.0,22.0,0,0,0,0,0,0,1,0,0,0,0,0,0,0,0,1,0,0,0,0,1,0,0,0
Red,True,0.015625,0.0,0.45,0.4275,0.25,0.2,0.148468017578125,0.098388671875,0.0,0.0,66.5,29.6875,64.31230545043945,27.34375,89.75,48.0,85.53125,44.41152191162109,2.0,0.75,2.0546875,0.75,51.1875,18.3359375,49.6123046875,16.280410766601562,7.5,5.07647705078125,7.5,5.0,4.5,3.625,4.984375,3.9375,48.6875,17.0,47.11572265625,16.5,5.75,3.75,5.3125,3.4375,5.0625,3.5,3.875,2.5,99.2119140625,94.125,638.5,0,0,0,0,0,0,0,0,0,0,0,0,0,0,190.5,190.5,205.0,0.0471682548522949,0.0,0.45,0.4217682266235352,0.25,0.19173828125,0.1875,0.125,0.0,0.0,69.5,30.5,66.984375,27.8466796875,94.0,48.544921875,88.50390625,44.75,2.0,0.8125,2.015625,0.6640625,54.0,19.01513671875,51.483436584472656,16.9437255859375,7.91796875,5.430633544921875,7.75,5.0625,4.780975341796875,3.9373779296875,4.8994140625,3.84375,51.025390625,18.400863647460938,50.515625,17.5,5.75,3.75,5.5,3.5,5.375,3.6875,4.0,2.65625,104.865234375,89.5,655.8441009521484,0,0,0,0,0,0,0,0,0,0,0,0,0,0,187.96,187.96,205.0,24.0,25.0,0,0,0,0,0,1,0,0,0,0,0,0,0,0,0,1,0,0,0,0,1,0,0,0
Red,False,0.015625,0.0,0.45,0.4275,0.25,0.2,0.148468017578125,0.098388671875,0.0,0.0,66.5,29.6875,64.31230545043945,27.34375,89.75,48.0,85.53125,44.41152191162109,2.0,0.75,2.0546875,0.75,51.1875,18.3359375,49.6123046875,16.280410766601562,7.5,5.07647705078125,7.5,5.0,4.5,3.625,4.984375,3.9375,48.6875,17.0,47.11572265625,16.5,5.75,3.75,5.3125,3.4375,5.0625,3.5,3.875,2.5,99.2119140625,94.125,638.5,0,0,0,0,0,0,0,0,0,0,0,0,0,0,182.88,182.88,205.0,0.0471682548522949,0.0,0.45,0.4217682266235352,0.25,0.19173828125,0.1875,0.125,0.0,0.0,69.5,30.5,66.984375,27.8466796875,94.0,48.544921875,88.50390625,44.75,2.0,0.8125,2.015625,0.6640625,54.0,19.01513671875,51.483436584472656,16.9437255859375,7.91796875,5.430633544921875,7.75,5.0625,4.780975341796875,3.9373779296875,4.8994140625,3.84375,51.025390625,18.400863647460938,50.515625,17.5,5.75,3.75,5.5,3.5,5.375,3.6875,4.0,2.65625,104.865234375,89.5,655.8441009521484,0,0,0,0,0,0,0,0,0,0,0,0,0,0,187.96,195.58,205.0,31.0,28.0,0,0,0,0,0,1,0,0,0,0,0,0,0,0,0,0,0,1,0,0,1,0,0,0
Red,False,0.015625,0.0,0.45,0.4275,0.25,0.2,0.148468017578125,0.098388671875,0.0,0.0,66.5,29.6875,64.31230545043945,27.34375,89.75,48.0,85.53125,44.41152191162109,2.0,0.75,2.0546875,0.75,51.1875,18.3359375,49.6123046875,16.280410766601562,7.5,5.07647705078125,7.5,5.0,4.5,3.625,4.984375,3.9375,48.6875,17.0,47.11572265625,16.5,5.75,3.75,5.3125,3.4375,5.0625,3.5,3.875,2.5,99.2119140625,94.125,638.5,0,0,0,0,0,0,0,0,0,0,0,0,0,0,185.42,182.88,135.0,0.0471682548522949,0.0,0.45,0.4217682266235352,0.25,0.19173828125,0.1875,0.125,0.0,0.0,69.5,30.5,66.984375,27.8466796875,94.0,48.544921875,88.50390625,44.75,2.0,0.8125,2.015625,0.6640625,54.0,19.01513671875,51.483436584472656,16.9437255859375,7.91796875,5.430633544921875,7.75,5.0625,4.780975341796875,3.9373779296875,4.8994140625,3.84375,51.025390625,18.400863647460938,50.515625,17.5,5.75,3.75,5.5,3.5,5.375,3.6875,4.0,2.65625,104.865234375,89.5,655.8441009521484,0,0,0,0,0,0,0,0,0,0,0,0,0,0,175.26,177.8,155.0,27.0,24.0,0,0,0,0,0,0,1,0,0,0,0,0,0,0,0,1,0,0,0,0,0,0,1,0
Red,False,0.015625,0.0,0.45,0.4275,0.25,0.2,0.148468017578125,0.098388671875,0.0,0.0,66.5,29.6875,64.31230545043945,27.34375,89.75,48.0,85.53125,44.41152191162109,2.0,0.75,2.0546875,0.75,51.1875,18.3359375,49.6123046875,16.280410766601562,7.5,5.07647705078125,7.5,5.0,4.5,3.625,4.984375,3.9375,48.6875,17.0,47.11572265625,16.5,5.75,3.75,5.3125,3.4375,5.0625,3.5,3.875,2.5,99.2119140625,94.125,638.5,0,0,0,0,0,0,0,0,0,0,0,0,0,0,177.8,177.8,155.0,0.0471682548522949,0.0,0.45,0.4217682266235352,0.25,0.19173828125,0.1875,0.125,0.0,0.0,69.5,30.5,66.984375,27.8466796875,94.0,48.544921875,88.50390625,44.75,2.0,0.8125,2.015625,0.6640625,54.0,19.01513671875,51.483436584472656,16.9437255859375,7.91796875,5.430633544921875,7.75,5.0625,4.780975341796875,3.9373779296875,4.8994140625,3.84375,51.025390625,18.400863647460938,50.515625,17.5,5.75,3.75,5.5,3.5,5.375,3.6875,4.0,2.65625,104.865234375,89.5,655.8441009521484,0,0,0,0,0,0,0,0,0,0,0,0,0,0,190.5,195.58,155.0,27.0,27.0,0,0,0,0,0,0,1,0,0,0,0,0,0,0,0,1,0,0,0,0,1,0,0,0
Red,False,0.015625,0.0,0.45,0.4275,0.25,0.2,0.148468017578125,0.098388671875,0.0,0.0,66.5,29.6875,64.31230545043945,27.34375,89.75,48.0,85.53125,44.41152191162109,2.0,0.75,2.0546875,0.75,51.1875,18.3359375,49.6123046875,16.280410766601562,7.5,5.07647705078125,7.5,5.0,4.5,3.625,4.984375,3.9375,48.6875,17.0,47.11572265625,16.5,5.75,3.75,5.3125,3.4375,5.0625,3.5,3.875,2.5,99.2119140625,94.125,638.5,0,0,0,0,0,0,0,0,0,0,0,0,0,0,175.26,175.26,170.0,0.5,0.0,0.71,0.4599999999999999,0.5,0.04,3.0,1.0,0.0,0.5,41.5,29.5,35.0,12.0,113.5,99.5,71.0,45.5,0.5,0.5,9.5,0.5,27.0,16.0,27.5,6.5,12.5,11.5,2.0,1.0,2.0,2.0,5.5,4.5,28.5,18.0,21.5,4.5,5.5,4.0,8.5,4.5,7.5,7.5,5.0,3.0,298.5,225.5,674.0,5,0,2,0,2,2,0,0,0,0,1,0,1,0,187.96,195.58,170.0,33.0,25.0,0,0,0,0,0,0,0,0,0,1,0,0,0,0,0,1,0,0,0,0,1,0,0,0
Red,False,0.015625,0.0,0.45,0.4275,0.25,0.2,0.148468017578125,0.098388671875,0.0,0.0,66.5,29.6875,64.31230545043945,27.34375,89.75,48.0,85.53125,44.41152191162109,2.0,0.75,2.0546875,0.75,51.1875,18.3359375,49.6123046875,16.280410766601562,7.5,5.07647705078125,7.5,5.0,4.5,3.625,4.984375,3.9375,48.6875,17.0,47.11572265625,16.5,5.75,3.75,5.3125,3.4375,5.0625,3.5,3.875,2.5,99.2119140625,94.125,638.5,0,0,0,0,0,0,0,0,0,0,0,0,0,0,187.96,187.96,205.0,0.0471682548522949,0.0,0.45,0.4217682266235352,0.25,0.19173828125,0.1875,0.125,0.0,0.0,69.5,30.5,66.984375,27.8466796875,94.0,48.544921875,88.50390625,44.75,2.0,0.8125,2.015625,0.6640625,54.0,19.01513671875,51.483436584472656,16.9437255859375,7.91796875,5.430633544921875,7.75,5.0625,4.780975341796875,3.9373779296875,4.8994140625,3.84375,51.025390625,18.400863647460938,50.515625,17.5,5.75,3.75,5.5,3.5,5.375,3.6875,4.0,2.65625,104.865234375,89.5,655.8441009521484,0,0,0,0,0,0,0,0,0,0,0,0,0,0,187.96,190.5,185.0,26.0,22.0,0,0,0,0,0,1,0,0,0,0,0,0,0,0,0,1,0,0,0,0,1,0,0,0
Red,False,0.5,0.0625,0.5643750000000001,0.3825,0.646875,0.2275,1.5,1.625,0.25,0.625,36.0,19.8125,30.6875,13.125,69.8125,50.0,59.5,33.1875,3.25,1.875,1.75,0.625,30.0625,15.5,27.8125,10.9375,4.5625,3.4375,2.375,1.75,1.375,0.875,0.5,0.4375,14.8125,5.625,12.8125,4.0,7.1875,4.5,10.6875,6.5625,14.0,9.6875,7.1875,2.5625,181.5,151.75,398.25,9,0,0,1,4,4,1,0,0,0,1,2,1,0,177.8,172.72,155.0,0.0,0.0,0.53,0.43,0.83,0.0,5.0,1.0,0.0,1.0,28.0,15.0,16.0,7.0,64.0,46.0,31.0,22.0,6.0,5.0,1.0,0.0,21.0,10.0,14.0,5.0,2.0,2.0,2.0,2.0,5.0,3.0,0.0,0.0,11.0,3.0,11.0,5.0,2.0,1.0,5.0,2.0,15.0,11.0,0.0,0.0,645.0,55.0,799.0,3,0,1,0,1,1,0,0,0,0,0,0,1,0,172.72,180.34,155.0,25.0,25.0,0,0,0,0,0,0,1,0,0,0,0,0,0,0,0,1,0,0,0,0,0,0,1,0
Red,False,0.0,0.0,0.46,0.33,0.0,0.0,0.0,2.0,0.0,0.0,15.0,7.0,3.0,1.0,19.0,10.0,12.0,10.0,0.0,0.0,0.0,0.0,14.0,6.0,0.0,0.0,1.0,1.0,2.0,0.0,0.0,0.0,1.0,1.0,6.0,2.0,3.0,1.0,0.0,0.0,0.0,0.0,9.0,5.0,0.0,0.0,246.0,0.0,261.0,1,0,0,1,0,0,1,0,0,0,0,0,0,0,182.88,182.88,170.0,0.0,3.0,0.27,0.65,0.07,1.0,0.0,2.0,0.0,0.0,18.0,5.0,72.0,47.0,21.0,8.0,142.0,111.0,13.0,1.0,2.0,2.0,14.0,2.0,46.0,28.0,1.0,1.0,24.0,17.0,3.0,2.0,2.0,2.0,18.0,5.0,40.0,20.0,0.0,0.0,8.0,6.0,0.0,0.0,24.0,21.0,68.0,540.0,900.0,3,0,0,1,0,0,1,0,0,0,0,0,0,0,177.8,177.8,170.0,26.0,27.0,0,0,0,0,0,0,0,0,0,1,0,0,0,0,0,1,0,0,0,0,1,0,0,0
Red,False,0.0,0.0,0.33,0.5,1.0,0.0,1.0,0.0,0.0,0.0,3.0,1.0,2.0,1.0,3.0,1.0,3.0,2.0,1.0,1.0,0.0,0.0,3.0,1.0,1.0,0.0,0.0,0.0,0.0,0.0,0.0,0.0,1.0,1.0,3.0,1.0,2.0,1.0,0.0,0.0,0.0,0.0,0.0,0.0,0.0,0.0,38.0,0.0,56.0,1,0,1,0,1,1,0,0,0,0,0,0,1,0,180.34,177.8,170.0,0.1328125,1.0009765625,0.3905371093749999,0.37517578125,0.3183056640625,0.06640625,0.02978515625,1.85302734375,0.00390625,0.03515625,93.29638671875,33.7802734375,122.5810546875,49.59912109375,115.47509765625,55.26416015625,139.90673828125,66.4248046875,4.14111328125,0.84716796875,1.13671875,0.12890625,79.08837890625,23.95947265625,93.71728515625,27.1474609375,10.3671875,6.046875,4.0478515625,2.58984375,3.8408203125,3.77392578125,24.81591796875,19.86181640625,76.95361328125,21.9091796875,110.3095703125,41.71044921875,5.37890625,3.75,9.763671875,5.884765625,10.9638671875,8.12109375,2.5078125,2.00390625,257.60107421875,46.9609375,828.3447265625,27,0,2,0,5,9,3,0,0,0,4,3,2,0,177.8,185.42,170.0,34.0,31.0,0,0,0,0,0,0,0,0,0,1,0,0,0,0,0,0,0,1,0,0,1,0,0,0
Red,False,0.0,0.0,0.33,0.46,0.0,0.0,2.0,0.0,0.0,0.0,3.0,1.0,15.0,7.0,12.0,10.0,19.0,10.0,0.0,0.0,0.0,0.0,0.0,0.0,14.0,6.0,2.0,0.0,1.0,1.0,1.0,1.0,0.0,0.0,3.0,1.0,6.0,2.0,0.0,0.0,0.0,0.0,0.0,0.0,9.0,5.0,0.0,246.0,261.0,1,0,1,0,1,1,0,0,0,0,0,0,1,0,187.96,187.96,185.0,1.0,0.0,0.27,0.27,0.0,0.0,0.0,0.0,0.0,0.0,68.0,19.0,22.0,6.0,68.0,19.0,22.0,6.0,0.0,0.0,0.0,0.0,66.0,19.0,17.0,2.0,2.0,0.0,2.0,2.0,0.0,0.0,3.0,2.0,66.0,17.0,22.0,6.0,0.0,0.0,0.0,0.0,2.0,2.0,0.0,0.0,2.0,0.0,114.0,1,0,1,0,1,1,0,0,0,0,0,1,0,0,190.5,190.5,185.0,28.0,31.0,0,0,0,0,0,0,0,1,0,0,0,0,0,0,0,1,0,0,0,0,1,0,0,0
Red,False,0.0,1.0,0.56,0.27,0.0,0.0,0.0,0.0,0.0,0.0,32.0,18.0,22.0,6.0,32.0,18.0,22.0,6.0,0.0,0.0,0.0,0.0,30.0,16.0,21.0,5.0,0.0,0.0,1.0,1.0,2.0,2.0,0.0,0.0,30.0,17.0,21.0,5.0,2.0,1.0,1.0,1.0,0.0,0.0,0.0,0.0,3.0,1.0,97.0,1,0,0,1,0,0,1,0,0,0,0,0,0,0,185.42,185.42,170.0,0.046875,1.0,0.3790624999999999,0.3814062499999999,0.414375,0.04421875,0.5,0.6875,0.015625,0.015625,78.09375,29.203125,107.53125,36.671875,111.296875,56.09375,133.609375,61.578125,5.75,3.796875,4.875,0.21875,63.703125,18.125,92.59375,26.359375,5.328125,3.9375,12.109375,8.578125,9.0625,7.140625,2.828125,1.734375,43.515625,13.453125,76.75,19.140625,19.890625,9.15625,16.25,9.15625,14.6875,6.59375,14.53125,8.375,187.34375,92.3125,818.234375,16,0,0,1,2,3,4,0,0,0,1,2,0,0,172.72,177.8,170.0,28.0,27.0,0,0,0,0,0,0,0,0,0,1,0,0,0,0,0,1,0,0,0,0,1,0,0,0
Red,False,1.0,0.640625,0.40765625,0.473125,0.395625,0.17421875,0.265625,0.453125,0.078125,0.0,45.109375,19.09375,36.078125,15.890625,55.9375,28.328125,40.015625,19.71875,1.21875,1.0625,3.25,0.703125,37.46875,12.046875,34.0625,13.875,3.0,2.953125,0.390625,0.390625,4.640625,4.09375,1.625,1.625,32.0,12.234375,20.53125,7.34375,10.171875,4.609375,0.71875,0.390625,2.9375,2.25,14.828125,8.15625,91.265625,62.546875,347.484375,12,0,1,0,2,4,3,0,1,0,0,1,1,1,182.88,185.42,170.0,0.015625,0.0,0.405390625,0.50953125,0.52625,0.4425,0.546875,1.25,0.125,0.0,87.3359375,35.46875,59.7578125,31.140625,115.6171875,60.4375,103.6953125,72.328125,1.4375,1.1875,6.265625,2.3125,58.3203125,12.4375,41.421875,16.578125,16.625,12.0,4.7890625,2.765625,12.390625,11.03125,13.546875,11.796875,40.7421875,11.2734375,36.5078125,12.03125,23.75,15.421875,18.25,15.296875,22.84375,8.7734375,5.0,3.8125,302.5390625,218.421875,850.4375,16,0,5,0,5,7,1,0,1,0,2,2,2,0,185.42,195.58,170.0,29.0,29.0,0,0,0,0,0,0,0,0,0,1,0,0,0,0,0,1,0,0,0,0,1,0,0,0
Red,False,0.0,0.0,0.55,0.15,0.5,0.0,0.0,0.5,0.0,0.5,64.0,31.5,45.0,12.0,88.0,55.0,53.0,20.0,1.0,1.0,5.0,0.0,53.5,23.0,32.5,6.5,9.0,8.0,6.5,4.0,1.5,0.5,6.0,1.5,37.5,13.0,35.5,7.5,11.5,8.0,9.5,4.5,15.0,10.5,0.0,0.0,178.5,15.0,437.0,4,0,1,0,1,1,1,0,0,0,0,1,0,0,193.04,203.2,155.0,0.0,0.0,0.16,0.37,0.0,1.0,2.0,2.0,0.0,0.0,6.0,1.0,8.0,3.0,7.0,2.0,23.0,16.0,0.0,0.0,1.0,1.0,4.0,0.0,5.0,1.0,0.0,0.0,0.0,0.0,2.0,1.0,3.0,2.0,6.0,1.0,4.0,2.0,0.0,0.0,0.0,0.0,0.0,0.0,4.0,1.0,0.0,190.0,213.0,1,0,0,1,0,0,1,0,0,0,0,0,0,0,177.8,175.26,155.0,30.0,29.0,0,0,0,0,0,0,1,0,0,0,0,0,0,0,0,1,0,0,0,0,1,0,0,0
Red,False,1.0625,0.5625,0.459375,0.613125,0.3625,0.4375,0.0,0.25,0.125,0.0,75.25,35.5625,56.6875,35.625,125.1875,80.0,63.8125,42.75,3.5,1.375,0.4375,0.4375,69.5,31.25,40.3125,22.0,3.8125,3.1875,9.5625,7.4375,1.9375,1.125,6.8125,6.1875,46.0,16.5,26.6875,14.3125,22.125,15.0625,24.75,18.3125,7.125,4.0,5.25,3.0,217.4375,136.625,556.875,10,0,1,0,2,3,2,0,0,0,0,3,0,0,187.96,187.96,230.0,0.0,0.0,0.37,0.745,0.3,0.5,0.0,1.0,0.0,0.0,24.5,11.5,21.5,16.0,64.5,41.0,40.0,33.0,2.5,1.5,0.5,0.5,21.5,9.5,10.5,5.5,0.0,0.0,8.5,8.0,3.0,2.0,2.5,2.5,6.0,2.0,5.0,3.0,0.5,0.5,14.5,11.5,18.0,9.0,2.0,1.5,405.0,38.0,508.5,4,0,1,0,1,1,1,0,0,0,1,0,0,0,185.42,185.42,225.0,26.0,32.0,0,0,0,0,1,0,0,0,0,0,0,0,0,0,0,1,0,0,0,0,1,0,0,0
Red,True,0.25,0.1563720703125,0.5936726379394531,0.2912518310546875,0.4208837890625,0.00925048828125,0.1895675659179687,0.53277587890625,0.0009765625,0.001953125,86.56895446777344,53.88465118408203,55.65971374511719,15.26055908203125,115.5076675415039,82.21670532226562,61.84320831298828,20.690147399902344,8.37872314453125,3.70196533203125,1.0931549072265625,0.0745849609375,73.20366668701172,41.88270568847656,51.68717956542969,11.6734619140625,6.669792175292969,5.353691101074219,3.21734619140625,2.834991455078125,6.69549560546875,6.64825439453125,0.75518798828125,0.752105712890625,34.22120666503906,13.784210205078123,44.69746398925781,8.204391479492188,28.097320556640625,22.816131591796875,9.05157470703125,5.1785736083984375,24.25042724609375,17.28430938720703,1.910675048828125,1.877593994140625,561.4714965820312,18.86761474609375,840.585823059082,50,15,7,0,7,13,5,0,1,0,3,6,2,1,185.42,190.5,205.0,0.5,0.0,0.76,0.54,0.915,0.0,0.5,1.5,0.0,0.0,38.0,30.5,12.0,5.5,73.5,64.0,29.0,21.5,3.5,3.0,0.0,0.0,23.0,15.5,7.5,1.5,13.5,13.5,3.0,2.5,1.5,1.5,1.5,1.5,5.5,3.0,5.0,1.5,3.5,3.5,5.5,3.5,29.0,24.0,1.5,0.5,380.5,57.5,495.0,4,0,0,1,1,1,1,0,0,0,1,0,0,0,190.5,205.74,265.0,45.0,31.0,0,0,0,0,1,0,0,0,0,0,0,0,0,0,0,1,0,0,0,0,1,0,0,0
Red,False,0.0,0.25,0.5625,0.51,0.385,0.5,4.0,0.75,0.5,0.25,41.0,22.75,32.0,17.0,52.5,33.25,55.5,38.0,4.75,2.5,1.25,0.75,31.75,15.75,16.5,6.0,6.75,5.25,9.0,5.5,2.5,1.75,6.5,5.5,14.25,6.0,16.25,8.25,13.75,7.75,5.25,3.25,13.0,9.0,10.5,5.5,350.0,173.0,680.75,7,0,1,0,1,2,1,0,0,0,1,0,1,0,193.04,193.04,185.0,0.0,0.25,0.364375,0.4403125,0.53125,0.921875,2.375,0.03125,0.5,0.0,42.40625,14.53125,47.65625,24.03125,45.71875,17.75,54.5625,30.90625,0.53125,0.53125,1.15625,1.03125,36.125,10.125,33.875,14.34375,5.125,3.375,7.34375,4.84375,1.15625,1.03125,6.4375,4.84375,36.90625,11.34375,35.0625,15.25,3.21875,1.90625,5.25,3.5,2.28125,1.28125,7.34375,5.28125,30.0,154.78125,444.46875,10,0,0,1,3,4,2,0,0,0,1,0,3,0,185.42,193.04,170.0,22.0,22.0,0,0,0,0,0,0,0,0,0,1,0,0,0,0,0,0,0,0,1,0,1,0,0,0
Red,False,0.5,0.5234375,0.489140625,0.290859375,0.372421875,0.6140625,1.5859375,0.9140625,0.2578125,0.25,34.8046875,16.4921875,43.3203125,16.515625,47.71875,27.203125,66.3359375,37.875,2.1171875,1.0390625,3.1640625,2.9140625,30.171875,12.546875,41.7890625,15.3828125,4.046875,3.359375,1.515625,1.1171875,0.5859375,0.5859375,0.015625,0.015625,21.453125,6.7109375,30.5546875,9.578125,3.75,2.96875,2.4453125,0.296875,9.6015625,6.8125,10.3203125,6.640625,139.7109375,228.828125,515.59375,17,2,1,0,4,6,2,0,0,0,2,0,3,1,170.18,177.8,145.0,0.0,0.0,0.50400390625,0.3284179687499999,0.680078125,0.2411328125,0.234375,0.578125,0.015625,0.0,80.28125,40.578125,60.384765625,19.71875,118.552734375,75.416015625,79.05859375,37.076171875,5.16015625,3.490234375,3.95703125,0.720703125,65.16796875,30.193359375,45.583984375,12.4375,9.208984375,5.64453125,4.78125,1.18359375,5.904296875,4.740234375,10.01953125,6.09765625,41.40234375,17.3828125,48.728515625,12.669921875,8.359375,5.302734375,6.091796875,2.96875,30.51953125,17.892578125,5.564453125,4.080078125,167.14453125,95.771484375,680.740234375,21,2,0,1,5,8,2,0,0,0,1,2,4,1,177.8,187.96,145.0,26.0,32.0,0,0,0,0,0,0,1,0,0,0,0,0,0,0,0,1,0,0,0,0,0,0,1,0
Red,False,0.375,0.5,0.45875,0.30125,0.0,0.29,0.0,0.0,0.0,0.0,120.75,60.40625,61.65625,21.5,124.59375,64.0,66.59375,26.15625,0.25,0.0,2.5,1.0,80.25,24.53125,53.0,15.46875,14.1875,11.5,6.21875,4.34375,26.3125,24.375,2.4375,1.6875,102.375,48.96875,54.3125,15.53125,17.34375,10.4375,6.09375,5.21875,1.03125,1.0,1.25,0.75,6.9375,60.8125,643.9375,10,1,3,0,3,5,1,0,0,0,1,4,0,0,182.88,182.88,185.0,0.0,0.0,0.6775,0.51,0.53,0.25,2.5,2.0,1.0,0.75,35.5,19.5,16.25,7.75,86.75,62.5,39.75,30.5,4.5,1.75,1.25,0.25,31.0,16.25,13.5,5.25,3.0,2.25,0.75,0.75,1.5,1.0,2.0,1.75,5.5,2.0,4.75,1.0,2.75,1.5,2.0,2.0,27.25,16.0,9.5,4.75,272.0,215.0,533.75,6,0,3,0,3,3,0,0,0,0,0,0,3,0,185.42,182.88,170.0,36.0,31.0,0,0,0,0,0,0,0,1,0,0,0,0,0,0,1,0,0,0,0,0,0,0,1,0
Red,False,0.015625,0.0,0.45,0.4275,0.25,0.2,0.148468017578125,0.098388671875,0.0,0.0,66.5,29.6875,64.31230545043945,27.34375,89.75,48.0,85.53125,44.41152191162109,2.0,0.75,2.0546875,0.75,51.1875,18.3359375,49.6123046875,16.280410766601562,7.5,5.07647705078125,7.5,5.0,4.5,3.625,4.984375,3.9375,48.6875,17.0,47.11572265625,16.5,5.75,3.75,5.3125,3.4375,5.0625,3.5,3.875,2.5,99.2119140625,94.125,638.5,0,0,0,0,0,0,0,0,0,0,0,0,0,0,172.72,177.8,155.0,0.25,0.0,0.43625,0.3875,0.625,0.1625,1.5,1.25,0.5,0.875,56.625,26.125,67.5,31.875,96.5,63.5,129.75,82.5,2.5,1.5,3.0,0.625,46.375,19.0,51.25,18.625,7.75,5.25,10.0,7.75,2.5,1.875,6.25,5.5,28.625,8.0,32.75,13.25,4.5,4.0,11.0,7.5,23.5,14.125,23.75,11.125,223.875,351.125,766.5,10,0,0,1,2,2,2,0,0,0,1,1,0,0,175.26,180.34,145.0,24.0,22.0,0,0,0,0,0,0,1,0,0,0,0,0,0,0,0,0,0,1,0,0,1,0,0,0
Red,False,0.015625,0.0,0.45,0.4275,0.25,0.2,0.148468017578125,0.098388671875,0.0,0.0,66.5,29.6875,64.31230545043945,27.34375,89.75,48.0,85.53125,44.41152191162109,2.0,0.75,2.0546875,0.75,51.1875,18.3359375,49.6123046875,16.280410766601562,7.5,5.07647705078125,7.5,5.0,4.5,3.625,4.984375,3.9375,48.6875,17.0,47.11572265625,16.5,5.75,3.75,5.3125,3.4375,5.0625,3.5,3.875,2.5,99.2119140625,94.125,638.5,0,0,0,0,0,0,0,0,0,0,0,0,0,0,187.96,187.96,235.0,0.09375,0.0,0.6053124999999999,0.37390625,0.79640625,0.0375,0.75,0.0,0.0,0.015625,21.53125,11.046875,39.09375,20.875,31.34375,20.171875,47.078125,28.359375,1.921875,1.421875,1.546875,0.375,13.765625,4.125,33.890625,17.359375,2.875,2.5625,0.796875,0.625,4.890625,4.359375,4.40625,2.890625,13.796875,5.953125,17.0,5.53125,2.109375,1.453125,10.546875,7.9375,5.625,3.640625,11.546875,7.40625,92.53125,110.546875,332.421875,13,1,4,0,4,5,2,0,0,0,0,3,2,0,187.96,193.04,242.0,32.0,29.0,0,0,0,0,1,0,0,0,0,0,0,0,0,0,0,0,0,1,0,0,1,0,0,0
Red,False,0.0,0.0,0.3984375,0.3609375,0.5543750000000001,0.3125,0.03125,1.625,0.625,0.625,125.1875,51.5,125.625,43.15625,161.15625,83.40625,178.03125,90.9375,3.125,1.78125,1.625,0.75,103.21875,33.65625,104.5625,29.46875,2.3125,0.96875,16.5625,9.78125,19.65625,16.875,4.5,3.90625,84.90625,30.5,94.0625,24.9375,16.875,9.8125,15.3125,7.625,23.40625,11.1875,16.25,10.59375,320.46875,142.875,894.0,18,0,0,1,2,3,3,0,0,1,2,0,0,0,170.18,175.26,155.0,0.0,0.5,0.405,0.395,0.25,0.375,0.5,0.0,0.0,0.0,76.5,32.0,109.0,44.5,101.0,55.0,123.0,58.5,3.5,1.0,4.0,3.0,49.0,10.0,94.0,32.5,12.5,11.0,11.5,9.5,15.0,11.0,3.5,2.5,48.0,16.0,74.0,26.0,28.0,15.5,26.0,14.0,0.5,0.5,9.0,4.5,87.5,134.5,600.0,4,0,0,2,0,0,2,0,0,0,0,0,0,0,172.72,175.26,155.0,31.0,27.0,0,0,0,0,0,0,1,0,0,0,0,0,0,0,0,1,0,0,0,0,0,0,1,0
Red,False,0.0,0.0,0.4325,0.4024999999999999,0.375,0.65,1.25,1.0,0.75,0.25,26.0,13.5,15.0,7.25,72.75,52.75,43.25,33.5,1.25,0.75,2.25,1.75,24.75,12.5,13.75,6.25,0.75,0.75,0.5,0.5,0.5,0.25,0.75,0.5,5.5,2.0,3.0,0.75,2.5,1.25,0.5,0.5,18.0,10.25,11.5,6.0,168.5,203.5,402.0,5,0,0,1,1,1,2,0,0,0,1,0,0,0,175.26,172.72,155.0,0.0,0.5,0.2875,0.485,0.2675,0.75,0.0,1.25,0.0,0.25,62.5,19.0,74.0,36.25,84.0,38.0,138.25,100.25,10.0,3.25,0.75,0.75,55.25,13.0,68.5,31.5,6.0,4.75,3.5,2.75,1.25,1.25,2.0,2.0,38.5,6.25,45.5,17.5,6.75,5.0,6.75,4.75,17.25,7.75,21.75,14.0,306.0,191.25,712.75,7,0,0,1,1,1,2,0,0,0,1,0,0,0,172.72,190.5,155.0,26.0,27.0,0,0,0,0,0,0,1,0,0,0,0,0,0,0,0,0,0,1,0,0,1,0,0,0
Red,False,0.0,1.0,0.22,0.7,0.0,1.0,2.0,2.0,0.0,0.0,53.0,12.0,58.0,41.0,78.0,32.0,74.0,56.0,7.0,0.0,1.0,1.0,44.0,7.0,37.0,22.0,4.0,2.0,18.0,16.0,5.0,3.0,3.0,3.0,42.0,9.0,46.0,31.0,11.0,3.0,6.0,4.0,0.0,0.0,6.0,6.0,22.0,248.0,448.0,2,0,0,1,0,0,1,0,0,0,0,0,0,0,182.88,182.88,170.0,0.0,0.0,0.5449999999999999,0.41,0.25,0.27,1.5,0.5,0.0,0.0,72.0,40.0,46.0,19.0,110.5,72.0,56.0,26.0,1.0,0.5,10.0,2.5,40.0,16.5,40.0,14.5,24.0,18.0,3.0,2.0,8.0,5.5,3.0,2.5,34.5,16.0,29.0,9.0,18.0,14.0,11.5,6.5,19.5,10.0,5.5,3.5,258.0,206.0,710.0,5,0,1,0,1,1,1,0,0,0,0,1,0,0,182.88,190.5,170.0,24.0,27.0,0,0,0,0,0,0,0,0,0,1,0,0,0,0,0,1,0,0,0,0,1,0,0,0
Red,False,0.0,0.25,0.405,0.5675,0.25,0.1875,0.0,0.0,0.0,0.0,59.75,24.75,39.5,19.25,73.0,34.0,44.75,24.0,3.0,1.0,1.0,0.75,52.75,19.5,19.25,6.5,2.75,2.0,4.5,3.5,4.25,3.25,15.75,9.25,32.0,8.5,27.5,9.75,9.75,6.75,8.5,6.75,18.0,9.5,3.5,2.75,121.25,58.0,508.5,6,0,0,1,2,2,1,0,0,0,0,2,0,0,193.04,195.58,231.0,0.0471682548522949,0.0,0.45,0.4217682266235352,0.25,0.19173828125,0.1875,0.125,0.0,0.0,69.5,30.5,66.984375,27.8466796875,94.0,48.544921875,88.50390625,44.75,2.0,0.8125,2.015625,0.6640625,54.0,19.01513671875,51.483436584472656,16.9437255859375,7.91796875,5.430633544921875,7.75,5.0625,4.780975341796875,3.9373779296875,4.8994140625,3.84375,51.025390625,18.400863647460938,50.515625,17.5,5.75,3.75,5.5,3.5,5.375,3.6875,4.0,2.65625,104.865234375,89.5,655.8441009521484,0,0,0,0,0,0,0,0,0,0,0,0,0,0,193.04,195.58,238.0,31.0,24.0,0,0,0,0,1,0,0,0,0,0,0,0,0,0,0,1,0,0,0,0,1,0,0,0
Red,False,0.0,0.0,0.4846875,0.2871875,0.650625,0.2765625,0.40625,1.125,0.125,0.28125,134.5625,68.9375,73.125,20.5,177.625,110.59375,98.0,44.3125,3.09375,2.0,6.46875,2.5,86.375,34.375,66.25,14.125,29.03125,18.9375,6.1875,5.71875,19.15625,15.625,0.6875,0.65625,104.1875,48.09375,62.1875,11.375,10.65625,8.625,6.90625,5.8125,19.71875,12.21875,4.03125,3.3125,286.75,135.875,875.3125,16,0,1,0,4,5,1,0,0,1,3,0,1,0,167.64,172.72,145.0,0.0,0.75,0.4146484375,0.5352343749999999,0.3085156249999999,0.09703125,0.640625,1.453125,0.3125,0.4375,120.0078125,42.78515625,111.83984375,71.51171875,192.59765625,109.65234375,144.9609375,103.4765625,8.84765625,5.22265625,0.921875,0.234375,105.359375,28.35546875,102.3984375,62.30078125,4.62890625,4.62890625,7.9296875,7.703125,10.01953125,9.80078125,1.51171875,1.5078125,87.91796875,23.51171875,98.96875,61.55859375,10.91796875,4.7890625,7.18359375,5.6875,21.171875,14.484375,5.6875,4.265625,510.09765625,42.984375,1114.77734375,29,4,3,0,3,6,3,0,0,0,4,0,1,1,167.64,170.18,155.0,24.0,35.0,0,0,0,0,0,0,1,0,0,0,0,0,0,0,0,1,0,0,0,0,1,0,0,0
Red,False,0.375,0.125,0.6575,0.2440625,0.28125,0.61375,0.5,0.53125,0.0,0.0,15.3125,9.0625,8.3125,4.03125,19.28125,13.03125,14.84375,9.03125,0.28125,0.28125,1.34375,0.78125,12.96875,7.03125,7.28125,3.53125,1.125,1.09375,0.84375,0.4375,1.21875,0.9375,0.1875,0.0625,6.5625,2.625,4.8125,1.4375,6.25,4.0625,2.59375,1.71875,2.5,2.375,0.90625,0.875,2.8125,48.03125,91.46875,6,0,1,0,1,3,3,0,0,0,0,3,0,0,182.88,182.88,185.0,0.5625,0.0625,0.41,0.4418749999999999,0.298125,0.355,1.875,0.375,0.0,0.0,44.1875,16.125,56.75,27.125,63.1875,34.125,66.6875,36.0625,3.125,1.25,3.5,2.5,37.8125,11.8125,44.5625,18.3125,3.3125,1.5,9.0,5.625,3.0625,2.8125,3.1875,3.1875,33.3125,9.5,36.0625,12.3125,2.4375,1.125,7.625,5.875,8.4375,5.5,13.0625,8.9375,143.6875,235.25,648.0,11,0,0,1,4,4,1,0,0,1,1,0,2,0,185.42,198.12,185.0,30.0,27.0,0,0,0,0,0,0,0,1,0,0,0,0,0,0,0,0,0,1,0,0,1,0,0,0
Red,False,0.0,0.578125,0.44328125,0.343828125,0.510234375,0.19125,1.140625,0.828125,0.1875,0.0625,54.515625,22.5546875,83.9609375,27.203125,164.96875,109.609375,92.75,33.75,6.71875,3.1015625,0.7578125,0.4140625,46.5625,15.421875,67.6484375,15.0625,1.9921875,1.875,6.9921875,4.3828125,5.9609375,5.2578125,9.3203125,7.7578125,44.625,15.328125,74.9453125,22.453125,2.9609375,2.5625,5.515625,3.3125,6.9296875,4.6640625,3.5,1.4375,403.5703125,64.0859375,788.15625,19,0,0,2,4,5,3,0,0,1,1,0,3,0,175.26,182.88,155.0,0.375,0.0,0.405,0.30375,0.825,0.35,0.875,0.125,0.625,0.25,54.0,18.875,48.875,17.375,76.0,37.75,91.625,55.25,5.75,5.25,3.125,0.875,48.625,15.25,44.125,13.125,5.375,3.625,2.25,2.0,0.0,0.0,2.5,2.25,32.125,7.625,40.125,12.75,5.125,2.875,7.5,4.375,16.75,8.375,1.25,0.25,384.375,55.5,718.5,9,0,0,1,3,3,1,0,0,0,2,1,0,0,175.26,177.8,155.0,32.0,29.0,0,0,0,0,0,0,1,0,0,0,0,0,0,0,0,0,0,1,0,0,1,0,0,0
Red,False,0.015625,0.0,0.45,0.4275,0.25,0.2,0.148468017578125,0.098388671875,0.0,0.0,66.5,29.6875,64.31230545043945,27.34375,89.75,48.0,85.53125,44.41152191162109,2.0,0.75,2.0546875,0.75,51.1875,18.3359375,49.6123046875,16.280410766601562,7.5,5.07647705078125,7.5,5.0,4.5,3.625,4.984375,3.9375,48.6875,17.0,47.11572265625,16.5,5.75,3.75,5.3125,3.4375,5.0625,3.5,3.875,2.5,99.2119140625,94.125,638.5,0,0,0,0,0,0,0,0,0,0,0,0,0,0,185.42,185.42,185.0,0.0,0.0,0.0,0.0,0.0,0.0,2.0,0.0,0.0,0.0,1.0,0.0,1.0,0.0,11.0,8.0,2.0,1.0,0.0,0.0,1.0,0.0,1.0,0.0,1.0,0.0,0.0,0.0,0.0,0.0,0.0,0.0,0.0,0.0,1.0,0.0,1.0,0.0,0.0,0.0,0.0,0.0,0.0,0.0,0.0,0.0,62.0,8.0,87.0,1,0,1,0,1,1,0,0,0,0,0,0,1,0,185.42,187.96,185.0,30.0,27.0,0,0,0,0,0,0,0,1,0,0,0,0,0,0,0,1,0,0,0,0,1,0,0,0
Red,True,0.390625,0.0,0.42859375,0.4296093749999999,0.0284375,0.1190625,0.125,1.0625,0.0078125,0.0078125,50.6484375,21.90625,45.5078125,19.453125,61.046875,31.6796875,56.2578125,29.9296875,0.4765625,0.078125,6.0234375,1.09375,40.7578125,13.7109375,35.359375,10.7421875,3.8984375,2.6015625,7.59375,6.875,5.9921875,5.59375,2.5546875,1.8359375,36.9765625,12.1640625,29.1328125,7.9921875,7.65625,4.9765625,5.078125,3.5078125,6.015625,4.765625,11.296875,7.953125,86.6484375,180.203125,599.1796875,18,1,0,4,4,4,4,0,0,1,1,2,0,0,180.34,190.5,170.0,0.984375,0.0,0.89328125,0.21484375,0.0625,0.195,0.3125,0.0,0.03125,0.0,29.28125,24.78125,20.171875,8.359375,38.71875,33.5,30.15625,17.28125,0.1875,0.0625,1.28125,0.53125,20.984375,16.65625,15.03125,4.109375,5.96875,5.796875,1.25,1.234375,2.328125,2.328125,3.890625,3.015625,10.75,8.09375,12.984375,3.890625,5.578125,5.046875,3.4375,2.40625,12.953125,11.640625,3.75,2.0625,52.484375,85.84375,259.53125,10,4,7,0,7,7,0,0,0,0,0,5,2,0,187.96,195.58,185.0,28.0,33.0,0,0,0,0,0,0,0,1,0,0,0,0,0,0,0,1,0,0,0,0,0,0,1,0
Red,False,0.0,0.0,0.37,0.16,1.0,0.0,2.0,2.0,0.0,0.0,8.0,3.0,6.0,1.0,23.0,16.0,7.0,2.0,1.0,1.0,0.0,0.0,5.0,1.0,4.0,0.0,0.0,0.0,0.0,0.0,3.0,2.0,2.0,1.0,4.0,2.0,6.0,1.0,0.0,0.0,0.0,0.0,4.0,1.0,0.0,0.0,190.0,0.0,213.0,1,0,1,0,1,1,0,0,0,0,0,0,1,0,177.8,180.34,155.0,0.046875,0.0,0.44453125,0.41296875,0.105390625,0.462265625,0.03515625,1.6875,0.0078125,0.0625,93.62890625,43.390625,90.8046875,34.0625,151.578125,90.4921875,148.76953125,87.16015625,2.828125,0.53515625,5.55859375,3.22265625,71.21484375,25.359375,76.10546875,24.3671875,15.1796875,11.63671875,12.0234375,7.80859375,7.234375,6.39453125,2.67578125,1.88671875,58.39453125,24.32421875,57.45703125,14.34765625,13.54296875,9.0078125,7.9375,6.60546875,21.69140625,10.05859375,25.41015625,13.109375,266.87890625,302.67578125,846.90234375,20,0,2,0,2,6,3,0,0,0,2,2,1,1,170.18,172.72,155.0,26.0,32.0,0,0,0,0,0,0,1,0,0,0,0,0,0,0,0,1,0,0,0,0,0,0,1,0
Red,False,0.265625,0.001953125,0.48107421875,0.3103515625,0.636611328125,0.1328125,0.0595703125,3.7060546875,0.0078125,0.0703125,58.5927734375,28.560546875,64.162109375,19.1982421875,95.9501953125,64.5283203125,91.8134765625,45.849609375,3.2822265625,1.6943359375,0.2734375,0.2578125,52.1767578125,22.9189453125,53.4345703125,11.294921875,3.734375,3.09375,4.095703125,3.1796875,2.681640625,2.5478515625,6.6318359375,4.7236328125,32.9072265625,9.818359375,58.619140625,15.4208984375,3.7578125,2.5,2.52734375,1.76953125,21.927734375,16.2421875,3.015625,2.0078125,357.2021484375,76.921875,756.689453125,24,0,2,0,5,9,2,0,0,0,4,3,2,0,177.8,185.42,170.0,0.94140625,0.0078125,0.51677734375,0.47890625,0.51171875,0.2880859375,0.0546875,0.025390625,0.0,0.001953125,41.30078125,19.025390625,38.59375,13.919921875,51.224609375,28.240234375,52.76171875,27.8046875,0.515625,0.515625,5.4453125,1.056640625,32.77734375,11.787109375,30.322265625,6.64453125,3.048828125,2.701171875,3.20703125,2.537109375,5.474609375,4.537109375,5.064453125,4.73828125,28.6171875,10.5234375,27.962890625,6.208984375,5.216796875,3.765625,3.876953125,2.10546875,7.466796875,4.736328125,6.75390625,5.60546875,56.947265625,154.041015625,403.234375,19,0,0,1,6,8,2,0,0,0,1,6,0,1,175.26,177.8,170.0,30.0,25.0,0,0,0,0,0,0,0,0,0,1,0,0,0,0,0,1,0,0,0,0,1,0,0,0
Red,False,0.140625,0.0078125,0.5019921875,0.3880859375,0.602578125,0.538828125,0.26171875,1.5859375,0.03125,0.640625,70.546875,34.83984375,73.8515625,32.19140625,81.66015625,45.171875,84.578125,42.65234375,5.88671875,1.60546875,1.109375,0.6953125,47.56640625,18.0078125,51.28125,13.87890625,9.21875,5.234375,14.83984375,11.1796875,13.76171875,11.59765625,7.73046875,7.1328125,47.52734375,18.078125,54.28125,18.01171875,15.2265625,10.921875,18.6015625,13.75,7.79296875,5.83984375,0.96875,0.4296875,257.3046875,82.71484375,733.9453125,21,0,2,0,2,5,4,0,0,1,2,1,1,0,177.8,182.88,170.0,0.5,0.8125,0.35625,0.493125,0.265625,0.13375,0.5625,1.0,0.0625,0.0,75.5625,32.375,100.125,50.5,94.25,49.75,127.75,76.75,2.25,1.0625,2.875,1.0,64.9375,24.3125,75.75,30.4375,7.5625,5.25,10.3125,6.875,3.0625,2.8125,14.0625,13.1875,64.875,24.6875,74.0625,32.0625,8.3125,6.1875,10.0625,6.1875,2.375,1.5,16.0,12.25,105.5,199.5625,666.4375,12,0,1,0,1,1,4,0,0,0,0,0,1,0,180.34,190.5,170.0,28.0,26.0,0,0,0,0,0,0,0,0,0,1,0,0,0,0,0,1,0,0,0,0,1,0,0,0
Red,False,0.25,0.25,0.38875,0.3475,0.03125,0.5,0.75,0.0,0.0,0.0,63.0,19.0,112.0,52.25,81.625,36.75,142.0,82.25,2.875,0.125,1.75,1.5,58.625,14.75,74.25,27.25,3.75,3.625,23.0,13.125,0.625,0.625,14.75,11.875,55.25,12.25,88.0,36.625,4.625,4.0,6.5,4.75,3.125,2.75,17.5,10.875,33.875,217.125,600.125,8,0,0,1,2,2,2,0,0,0,0,1,1,0,177.8,187.96,155.0,0.265625,0.0,0.3913671875,0.5448828125,0.107578125,0.705859375,1.796875,0.515625,0.515625,0.265625,42.5,16.890625,88.1796875,48.87890625,96.58984375,63.625,173.01171875,127.95703125,1.26171875,0.5,11.25390625,9.59765625,37.09375,12.8359375,72.76953125,34.1953125,2.55859375,1.79296875,9.58203125,9.15234375,2.84765625,2.26171875,5.828125,5.53125,30.44140625,11.77734375,24.79296875,9.16796875,7.1484375,3.58203125,5.703125,3.234375,4.91015625,1.53125,57.68359375,36.4765625,52.78515625,738.25,990.2109375,27,1,2,0,3,5,4,0,0,0,1,2,2,0,167.64,180.34,155.0,35.0,34.0,0,0,0,0,0,0,1,0,0,0,0,0,0,0,0,1,0,0,0,0,1,0,0,0
Red,False,1.0,0.0,0.61,0.5,1.0,0.0,1.0,0.0,0.0,0.0,44.0,27.0,62.0,31.0,56.0,39.0,63.0,32.0,1.0,1.0,0.0,0.0,13.0,4.0,41.0,14.0,13.0,9.0,13.0,10.0,18.0,14.0,8.0,7.0,33.0,20.0,33.0,17.0,5.0,3.0,29.0,14.0,6.0,4.0,0.0,0.0,156.0,67.0,499.0,2,0,1,0,1,1,0,0,0,0,0,0,1,0,170.18,172.72,170.0,0.0471682548522949,0.0,0.45,0.4217682266235352,0.25,0.19173828125,0.1875,0.125,0.0,0.0,69.5,30.5,66.984375,27.8466796875,94.0,48.544921875,88.50390625,44.75,2.0,0.8125,2.015625,0.6640625,54.0,19.01513671875,51.483436584472656,16.9437255859375,7.91796875,5.430633544921875,7.75,5.0625,4.780975341796875,3.9373779296875,4.8994140625,3.84375,51.025390625,18.400863647460938,50.515625,17.5,5.75,3.75,5.5,3.5,5.375,3.6875,4.0,2.65625,104.865234375,89.5,655.8441009521484,0,0,0,0,0,0,0,0,0,0,0,0,0,0,182.88,187.96,170.0,34.0,26.0,0,0,0,0,0,0,0,0,0,1,0,0,0,0,0,0,0,0,1,0,1,0,0,0
Red,False,0.5,0.5,0.405,0.345,0.25,0.0,1.0,2.5,0.0,0.5,35.0,16.0,35.5,13.5,43.5,24.0,45.5,23.0,2.0,1.0,0.0,0.0,23.5,5.5,27.0,6.5,3.5,3.0,5.0,4.0,8.0,7.5,3.5,3.0,30.0,12.0,20.0,8.0,3.0,2.5,0.5,0.0,2.0,1.5,15.0,5.5,12.5,167.0,430.0,3,0,0,1,1,1,1,0,0,0,0,1,0,0,177.8,198.12,205.0,1.5,0.0,0.49,0.3,0.5,0.0,0.0,0.0,0.0,0.0,24.0,12.0,21.0,6.5,31.0,19.0,23.5,9.0,0.5,0.5,1.5,0.0,22.0,10.0,16.5,3.0,1.0,1.0,1.5,1.5,1.0,1.0,3.0,2.0,18.5,9.0,19.0,4.5,4.0,1.5,2.0,2.0,1.5,1.5,0.0,0.0,33.0,7.5,119.0,2,0,0,1,1,1,1,0,0,0,0,1,0,0,187.96,195.58,185.0,24.0,27.0,0,0,0,0,0,1,0,0,0,0,0,0,0,0,0,1,0,0,0,0,0,0,1,0
Red,False,0.015625,0.0,0.45,0.4275,0.25,0.2,0.148468017578125,0.098388671875,0.0,0.0,66.5,29.6875,64.31230545043945,27.34375,89.75,48.0,85.53125,44.41152191162109,2.0,0.75,2.0546875,0.75,51.1875,18.3359375,49.6123046875,16.280410766601562,7.5,5.07647705078125,7.5,5.0,4.5,3.625,4.984375,3.9375,48.6875,17.0,47.11572265625,16.5,5.75,3.75,5.3125,3.4375,5.0625,3.5,3.875,2.5,99.2119140625,94.125,638.5,0,0,0,0,0,0,0,0,0,0,0,0,0,0,177.8,177.8,242.0,1.0,0.0,0.35,0.18,0.0,0.0,0.0,0.0,0.0,0.0,14.0,5.0,11.0,2.0,14.0,5.0,11.0,2.0,0.0,0.0,0.0,0.0,14.0,5.0,11.0,2.0,0.0,0.0,0.0,0.0,0.0,0.0,0.0,0.0,12.0,3.0,11.0,2.0,0.0,0.0,0.0,0.0,2.0,2.0,0.0,0.0,0.0,0.0,44.0,1,0,1,0,1,1,0,0,0,0,0,1,0,0,187.96,203.2,265.0,29.0,33.0,0,0,0,0,1,0,0,0,0,0,0,0,0,0,0,1,0,0,0,0,1,0,0,0
Red,False,0.75,0.0,0.5075000000000001,0.49,0.75,0.55625,0.75,0.625,0.625,0.25,91.75,45.0,92.5,43.75,170.625,117.5,129.25,76.75,0.75,0.75,8.25,4.375,71.0,26.25,80.125,33.0,8.875,8.75,9.25,8.375,11.875,10.0,3.125,2.375,51.75,19.375,49.75,17.75,20.125,16.125,14.375,10.0,19.875,9.5,28.375,16.0,124.25,471.5,786.375,10,0,1,0,1,2,2,0,0,1,0,1,0,0,182.88,182.88,155.0,0.251953125,0.12548828125,0.40111328125,0.440380859375,0.2003515625,0.2851904296874999,2.919921875,0.109375,0.111328125,0.10205078125,54.95703125,17.50146484375,43.27490234375,25.07080078125,83.1640625,44.66064453125,81.306640625,62.00537109375,0.23974609375,0.21337890625,2.6416015625,1.11767578125,45.9970703125,11.4755859375,36.31103515625,18.9580078125,5.17578125,3.99560546875,3.0810546875,2.75244140625,3.7841796875,2.0302734375,3.8828125,3.3603515625,48.044921875,12.45068359375,17.46533203125,6.2109375,5.140625,3.818359375,5.18408203125,3.45361328125,1.771484375,1.232421875,20.62548828125,15.40625,38.2900390625,340.56640625,592.5458984375,27,1,0,2,2,4,8,0,0,0,0,1,3,0,180.34,172.72,170.0,28.0,34.0,0,0,0,0,0,0,0,0,0,1,0,0,0,0,0,1,0,0,0,0,1,0,0,0
Red,False,0.0,0.0,0.5,0.53,1.0,1.0,0.0,3.0,1.0,0.0,139.0,70.0,81.0,43.0,234.0,154.0,202.0,149.0,3.0,3.0,1.0,1.0,125.0,57.0,67.0,29.0,14.0,13.0,7.0,7.0,0.0,0.0,7.0,7.0,36.0,13.0,40.0,13.0,15.0,11.0,20.0,17.0,88.0,46.0,21.0,13.0,727.0,82.0,900.0,3,0,1,0,1,1,0,0,0,0,1,0,0,0,175.26,177.8,155.0,0.328125,0.125,0.66875,0.426015625,0.3803125,0.5078125,1.1953125,0.5078125,0.0,0.171875,37.421875,21.625,52.0078125,20.203125,65.8828125,49.4921875,76.53125,41.515625,3.0078125,1.734375,1.0234375,1.0234375,29.3359375,15.25,36.234375,8.875,2.8515625,2.171875,10.7265625,6.8515625,5.234375,4.203125,5.046875,4.4765625,21.859375,9.328125,17.0,5.671875,9.21875,7.421875,10.7421875,5.0,6.34375,4.875,24.265625,9.53125,101.0390625,272.0,537.4453125,14,0,0,1,6,6,2,0,0,0,1,2,3,0,177.8,177.8,170.0,24.0,35.0,0,0,0,0,0,0,0,0,0,1,0,0,0,0,0,1,0,0,0,0,0,0,1,0
Red,False,0.78515625,0.03125,0.45970703125,0.433828125,0.08875,0.29369140625,0.251953125,0.06640625,0.0,0.125,70.9462890625,32.3662109375,55.171875,24.8525390625,129.1474609375,89.0166015625,72.361328125,40.9169921875,1.001953125,0.201171875,2.26171875,1.3466796875,49.4169921875,17.28515625,45.048828125,17.2744140625,9.7099609375,6.435546875,8.6767578125,6.4140625,11.8193359375,8.6455078125,1.4462890625,1.1640625,44.7724609375,15.5888671875,30.8623046875,11.919921875,21.8642578125,13.5341796875,18.7880859375,9.9765625,4.3095703125,3.2431640625,5.521484375,2.9560546875,60.9814453125,164.8154296875,473.4833984375,21,0,5,0,5,8,3,0,0,1,1,5,1,0,180.34,185.42,185.0,0.28125,0.03125,0.500625,0.3965625,0.66875,0.3340625,0.0625,0.34375,0.046875,0.015625,70.0,32.25,28.6875,10.546875,87.796875,46.796875,35.296875,15.78125,1.375,1.34375,3.125,1.421875,56.671875,20.375,25.34375,7.84375,10.0,8.6875,0.90625,0.328125,3.328125,3.1875,2.4375,2.375,38.34375,11.53125,26.015625,9.421875,15.9375,10.453125,0.84375,0.390625,15.71875,10.265625,1.828125,0.734375,108.0,95.34375,380.03125,13,1,4,0,4,6,1,0,0,1,0,5,0,0,185.42,190.5,185.0,28.0,29.0,0,0,0,0,0,0,0,1,0,0,0,0,0,0,0,0,0,1,0,0,1,0,0,0
Red,False,0.25,0.75,0.47,0.655,0.265,0.625,0.625,0.0,0.0,0.5,46.0,23.375,47.875,25.625,59.125,35.375,97.125,72.25,6.625,3.5,0.625,0.625,38.75,17.375,35.625,13.875,4.25,3.375,6.875,6.875,3.0,2.625,5.375,4.875,29.25,11.375,20.875,8.625,12.5,9.125,14.5,11.5,4.25,2.875,12.5,5.5,281.125,100.75,507.375,6,0,2,0,2,2,2,0,0,0,0,1,1,0,175.26,182.88,170.0,0.0,0.0,1.0,0.48,0.0,1.0,0.0,0.0,0.0,0.0,1.0,1.0,50.0,24.0,11.0,11.0,75.0,49.0,0.0,0.0,1.0,1.0,0.0,0.0,47.0,21.0,1.0,1.0,3.0,3.0,0.0,0.0,0.0,0.0,0.0,0.0,1.0,0.0,1.0,1.0,0.0,0.0,0.0,0.0,49.0,24.0,0.0,270.0,283.0,1,0,0,1,0,0,1,0,0,0,0,0,0,0,177.8,180.34,155.0,29.0,29.0,0,0,0,0,0,0,1,0,0,0,0,0,0,0,0,1,0,0,0,0,1,0,0,0
Red,False,0.046875,0.0,0.599375,0.5,0.375,0.2640625,0.03125,0.0,0.0,0.0,54.515625,31.734375,52.203125,27.875,66.375,42.15625,97.359375,71.40625,2.140625,1.125,3.625,1.046875,33.15625,13.015625,30.390625,10.640625,10.546875,9.234375,7.1875,4.546875,10.8125,9.484375,14.625,12.6875,25.984375,9.6875,28.0625,11.890625,23.921875,18.515625,19.0,13.359375,4.609375,3.53125,5.140625,2.625,131.84375,203.59375,650.953125,12,0,4,0,4,5,2,0,0,0,1,3,1,0,190.5,198.12,230.0,0.2578125,1.265625,0.379453125,0.506953125,0.03125,0.021328125,0.0,0.015625,0.0,0.0,61.078125,27.8828125,55.6484375,18.7265625,62.15625,28.8984375,56.1328125,19.1953125,0.046875,0.03125,0.3125,0.0859375,45.4140625,13.984375,50.703125,15.140625,4.75,4.421875,2.765625,2.0,10.9140625,9.4765625,2.1796875,1.5859375,58.0625,26.1171875,48.0859375,13.171875,2.109375,1.109375,2.9765625,2.1015625,0.90625,0.65625,4.5859375,3.453125,3.65625,14.5546875,319.75,17,0,2,0,2,5,3,0,0,1,2,2,0,0,187.96,193.04,185.0,31.0,32.0,0,0,0,0,0,1,0,0,0,0,0,0,0,0,0,1,0,0,0,0,1,0,0,0
Red,False,0.0,0.0,0.250625,0.415625,0.0,0.23875,0.0,2.0,0.0,0.0625,167.1875,45.625,101.375,39.625,184.1875,61.75,124.125,61.375,0.5,0.0,12.9375,2.3125,135.75,21.875,84.5,25.125,16.375,10.9375,9.25,7.4375,15.0625,12.8125,7.625,7.0625,152.125,35.25,91.625,32.875,7.9375,5.9375,6.375,4.625,7.125,4.4375,3.375,2.125,93.5,230.375,850.375,13,0,1,0,1,2,3,0,0,1,1,0,0,0,175.26,177.8,155.0,0.5,0.0,0.4525,0.53,0.0,0.675,1.25,0.0,0.0,0.0,41.25,17.25,38.75,20.0,50.25,24.0,167.75,123.0,0.25,0.0,6.75,4.0,30.25,9.0,33.25,15.0,4.5,2.75,3.0,3.0,6.5,5.5,2.5,2.0,35.5,14.5,18.25,5.0,3.75,2.25,2.0,1.5,2.0,0.5,18.5,13.5,31.25,528.5,747.0,7,0,1,0,1,1,2,0,0,0,0,0,1,0,185.42,185.42,155.0,24.0,22.0,0,0,0,0,0,0,1,0,0,0,0,0,0,0,0,1,0,0,0,0,1,0,0,0
Red,False,0.0,0.0,0.18,0.42,0.0,1.0,0.0,0.0,0.0,0.0,22.0,4.0,26.0,11.0,22.0,4.0,39.0,24.0,0.0,0.0,1.0,1.0,21.0,4.0,24.0,10.0,1.0,0.0,2.0,1.0,0.0,0.0,0.0,0.0,22.0,4.0,11.0,2.0,0.0,0.0,0.0,0.0,0.0,0.0,15.0,9.0,0.0,116.0,255.0,1,0,0,1,0,0,1,0,0,0,0,0,0,0,172.72,172.72,155.0,0.0,0.0,0.46,0.25,0.06,0.0,1.0,0.0,0.0,0.0,43.0,20.0,127.0,33.0,64.0,39.0,180.0,83.0,30.0,2.0,0.0,0.0,26.0,5.0,98.0,10.0,12.0,11.0,9.0,7.0,5.0,4.0,20.0,16.0,33.0,14.0,89.0,7.0,10.0,6.0,11.0,9.0,0.0,0.0,27.0,17.0,182.0,332.0,900.0,3,0,0,1,0,0,1,0,0,0,0,0,0,0,177.8,182.88,155.0,32.0,29.0,0,0,0,0,0,0,1,0,0,0,0,0,0,0,0,1,0,0,0,0,1,0,0,0
Red,False,0.015625,0.0,0.45,0.4275,0.25,0.2,0.148468017578125,0.098388671875,0.0,0.0,66.5,29.6875,64.31230545043945,27.34375,89.75,48.0,85.53125,44.41152191162109,2.0,0.75,2.0546875,0.75,51.1875,18.3359375,49.6123046875,16.280410766601562,7.5,5.07647705078125,7.5,5.0,4.5,3.625,4.984375,3.9375,48.6875,17.0,47.11572265625,16.5,5.75,3.75,5.3125,3.4375,5.0625,3.5,3.875,2.5,99.2119140625,94.125,638.5,0,0,0,0,0,0,0,0,0,0,0,0,0,0,167.64,167.64,155.0,0.0471682548522949,0.0,0.45,0.4217682266235352,0.25,0.19173828125,0.1875,0.125,0.0,0.0,69.5,30.5,66.984375,27.8466796875,94.0,48.544921875,88.50390625,44.75,2.0,0.8125,2.015625,0.6640625,54.0,19.01513671875,51.483436584472656,16.9437255859375,7.91796875,5.430633544921875,7.75,5.0625,4.780975341796875,3.9373779296875,4.8994140625,3.84375,51.025390625,18.400863647460938,50.515625,17.5,5.75,3.75,5.5,3.5,5.375,3.6875,4.0,2.65625,104.865234375,89.5,655.8441009521484,0,0,0,0,0,0,0,0,0,0,0,0,0,0,172.72,180.34,155.0,35.0,25.0,0,0,0,0,0,0,1,0,0,0,0,0,0,0,0,0,0,0,1,0,0,0,1,0
Red,False,0.25,0.0,0.5271875,0.6396875,0.8025,0.11,0.375,2.8125,0.8125,1.09375,42.28125,22.65625,17.75,11.375,75.71875,53.96875,34.46875,25.375,2.375,1.625,5.28125,0.75,35.875,17.1875,14.0,8.1875,5.34375,4.90625,2.8125,2.3125,1.0625,0.5625,0.9375,0.875,7.15625,1.78125,6.0625,3.53125,6.78125,4.875,2.3125,1.09375,28.34375,16.0,9.375,6.75,291.28125,130.875,483.21875,12,1,0,2,3,3,3,0,0,0,0,1,2,0,185.42,195.58,205.0,0.03125,0.0,0.3818749999999999,0.619375,0.524375,0.1621874999999999,0.1875,0.21875,0.03125,0.03125,34.15625,17.40625,51.8125,28.0,38.5625,21.65625,77.8125,53.40625,1.03125,0.59375,1.3125,0.46875,25.5,10.25,45.03125,22.6875,4.6875,3.34375,5.46875,4.03125,3.96875,3.8125,1.3125,1.28125,23.1875,10.59375,34.125,14.65625,8.75,5.9375,16.375,12.53125,2.21875,0.875,1.3125,0.8125,113.21875,41.9375,313.78125,12,0,0,1,2,3,3,0,0,0,0,1,1,1,187.96,190.5,185.0,27.0,24.0,0,0,0,0,0,0,0,1,0,0,0,0,0,0,0,1,0,0,0,0,1,0,0,0
Red,False,0.0625,0.125,0.4328125,0.3075,0.4475,0.535625,0.1875,0.46875,0.125,0.0,110.53125,51.59375,107.9375,35.4375,140.5625,80.0,160.84375,80.5625,2.9375,1.65625,4.90625,2.5,95.125,38.8125,94.15625,24.71875,5.75,4.625,11.0625,8.25,9.65625,8.15625,2.71875,2.46875,53.40625,17.6875,79.15625,18.375,19.8125,9.9375,24.75,15.5625,37.3125,23.96875,4.03125,1.5,318.59375,143.03125,805.34375,14,0,0,1,2,3,3,0,0,0,2,0,1,0,180.34,182.88,170.0,0.125,0.0,0.43,0.51125,0.79125,0.59375,1.5,0.625,0.0,0.875,12.5,5.25,24.25,13.375,39.0,30.375,34.75,23.375,1.5,1.125,2.25,1.75,8.375,1.75,22.5,11.75,1.125,1.0,1.0,0.875,3.0,2.5,0.75,0.75,6.25,0.625,3.25,0.375,4.25,3.625,2.125,1.0,2.0,1.0,18.875,12.0,93.5,231.5,369.0,6,1,4,0,4,4,0,0,0,0,0,0,4,0,182.88,193.04,170.0,25.0,23.0,0,0,0,0,0,0,1,0,0,0,0,0,0,0,0,1,0,0,0,0,0,0,1,0
Red,False,0.5,0.0,0.615,0.425,0.75,0.165,1.5,0.0,0.0,0.0,51.0,28.0,42.0,13.0,115.5,92.0,45.0,16.0,1.5,1.0,4.5,1.5,45.5,23.5,35.5,7.5,4.0,3.0,5.5,4.5,1.5,1.5,1.0,1.0,24.5,10.5,25.5,4.0,4.5,4.0,4.5,4.0,22.0,13.5,12.0,5.0,180.5,160.5,474.5,4,1,2,0,2,2,0,0,0,0,0,0,2,0,172.72,177.8,155.0,0.5,0.0,0.4371875,0.2571875,0.6778125,0.0625,0.4375,0.9375,0.0,0.5,65.84375,26.84375,63.46875,19.3125,99.34375,56.8125,77.28125,29.03125,4.875,2.46875,0.5,0.125,55.875,19.375,59.84375,16.9375,7.84375,5.59375,3.1875,1.9375,2.125,1.875,0.4375,0.4375,45.0,14.03125,60.21875,16.875,0.8125,0.625,1.15625,0.75,20.03125,12.1875,2.09375,1.6875,228.46875,21.625,505.3125,15,0,1,0,1,3,3,0,0,1,0,1,1,0,170.18,177.8,155.0,28.0,26.0,0,0,0,0,0,0,1,0,0,0,0,0,0,0,0,1,0,0,0,0,1,0,0,0
Red,False,0.015625,0.0,0.45,0.4275,0.25,0.2,0.148468017578125,0.098388671875,0.0,0.0,66.5,29.6875,64.31230545043945,27.34375,89.75,48.0,85.53125,44.41152191162109,2.0,0.75,2.0546875,0.75,51.1875,18.3359375,49.6123046875,16.280410766601562,7.5,5.07647705078125,7.5,5.0,4.5,3.625,4.984375,3.9375,48.6875,17.0,47.11572265625,16.5,5.75,3.75,5.3125,3.4375,5.0625,3.5,3.875,2.5,99.2119140625,94.125,638.5,0,0,0,0,0,0,0,0,0,0,0,0,0,0,182.88,182.88,185.0,0.0078125,0.65625,0.46671875,0.332421875,0.0703125,0.15625,0.0,0.03125,0.0,0.0,24.6875,10.921875,32.515625,15.3203125,27.59375,13.21875,35.078125,17.28125,0.3828125,0.1953125,1.796875,0.53125,23.3984375,10.2109375,24.3359375,10.3203125,1.28125,0.703125,3.4765625,2.3515625,0.0078125,0.0078125,4.703125,2.6484375,10.921875,4.15625,19.8984375,7.1484375,10.53125,4.140625,6.8984375,4.171875,3.234375,2.625,5.71875,4.0,12.984375,26.6875,153.984375,11,0,0,1,1,3,5,0,0,0,1,2,0,0,182.88,182.88,185.0,29.0,27.0,0,0,0,0,0,0,0,1,0,0,0,0,0,0,0,1,0,0,0,0,1,0,0,0
Red,False,0.0,1.0,0.0,0.7,0.0,0.0,0.0,0.0,0.0,0.0,3.0,0.0,17.0,12.0,4.0,1.0,23.0,18.0,1.0,0.0,0.0,0.0,3.0,0.0,16.0,11.0,0.0,0.0,0.0,0.0,0.0,0.0,1.0,1.0,3.0,0.0,10.0,6.0,0.0,0.0,3.0,3.0,0.0,0.0,4.0,3.0,0.0,4.0,33.0,1,0,0,1,0,0,1,0,0,0,0,0,0,0,175.26,180.34,155.0,0.125,0.0,0.5287499999999999,0.35,0.6737500000000001,0.25,2.0,0.0,0.125,0.25,10.5,5.375,40.75,18.5,16.25,11.0,87.0,59.25,2.625,1.75,2.0,1.0,9.375,4.75,36.0,13.875,0.625,0.625,3.75,3.625,0.5,0.0,1.0,1.0,6.125,2.125,9.0,3.625,0.625,0.625,0.25,0.25,3.75,2.625,31.5,14.625,103.875,126.125,332.125,6,0,3,0,3,3,1,0,0,0,0,1,2,0,177.8,180.34,155.0,26.0,24.0,0,0,0,0,0,0,1,0,0,0,0,0,0,0,0,1,0,0,0,0,1,0,0,0
Red,False,0.0,3.0,0.25,0.65,0.0,0.0,0.0,0.0,0.0,0.0,4.0,1.0,55.0,36.0,4.0,1.0,83.0,62.0,1.0,0.0,0.0,0.0,4.0,1.0,52.0,33.0,0.0,0.0,3.0,3.0,0.0,0.0,0.0,0.0,4.0,1.0,10.0,5.0,0.0,0.0,5.0,5.0,0.0,0.0,40.0,26.0,0.0,108.0,130.0,1,0,0,1,0,0,1,0,0,0,0,0,0,0,187.96,187.96,205.0,0.0471682548522949,0.0,0.45,0.4217682266235352,0.25,0.19173828125,0.1875,0.125,0.0,0.0,69.5,30.5,66.984375,27.8466796875,94.0,48.544921875,88.50390625,44.75,2.0,0.8125,2.015625,0.6640625,54.0,19.01513671875,51.483436584472656,16.9437255859375,7.91796875,5.430633544921875,7.75,5.0625,4.780975341796875,3.9373779296875,4.8994140625,3.84375,51.025390625,18.400863647460938,50.515625,17.5,5.75,3.75,5.5,3.5,5.375,3.6875,4.0,2.65625,104.865234375,89.5,655.8441009521484,0,0,0,0,0,0,0,0,0,0,0,0,0,0,180.34,180.34,205.0,28.0,33.0,0,0,0,0,0,1,0,0,0,0,0,0,0,0,0,1,0,0,0,0,1,0,0,0
Red,False,0.0,0.0,0.54,0.775,0.0,0.875,0.5,1.5,0.0,0.0,14.5,6.5,10.5,6.5,18.0,10.0,15.5,10.5,0.0,0.0,3.0,2.5,11.5,5.0,4.5,1.0,2.5,1.0,1.0,1.0,0.5,0.5,5.0,4.5,9.5,3.0,9.0,5.0,1.5,1.0,0.0,0.0,3.5,2.5,1.5,1.5,20.0,109.5,193.5,2,0,0,2,0,0,2,0,0,0,0,0,0,0,185.42,193.04,185.0,0.875,0.5,0.43875,0.441875,0.109375,0.34375,1.21875,0.0,0.0,0.0,50.53125,22.84375,55.1875,26.28125,56.9375,29.25,68.46875,35.53125,0.40625,0.125,0.84375,0.34375,40.90625,15.0625,45.40625,19.03125,2.15625,2.09375,7.4375,5.15625,7.46875,5.6875,2.34375,2.09375,32.09375,13.0625,32.84375,14.53125,6.65625,5.0,1.1875,0.59375,11.78125,4.78125,21.15625,11.15625,56.875,108.40625,410.65625,11,0,0,1,4,4,2,0,0,0,0,1,3,0,185.42,193.04,185.0,30.0,29.0,0,0,0,0,0,0,0,1,0,0,0,0,0,0,0,1,0,0,0,0,1,0,0,0
Red,False,0.375,0.5,0.23125,0.6325000000000001,0.25,0.3125,0.0,0.0,0.0,0.0,9.5,4.875,12.375,7.75,9.5,4.875,15.25,10.625,0.25,0.25,0.5,0.375,8.125,3.875,10.75,6.125,1.0,0.625,1.375,1.375,0.375,0.375,0.25,0.25,3.25,0.25,2.875,2.0,3.0,2.625,1.25,1.0,3.25,2.0,8.25,4.75,11.5,31.125,68.875,4,0,2,0,2,2,2,0,0,0,0,2,0,0,182.88,182.88,205.0,0.0,0.0,0.6799999999999999,0.5425,0.205,0.0,1.5,0.0,0.0,0.25,12.5,9.0,36.25,20.25,29.75,25.25,65.25,44.75,4.25,1.25,0.5,0.0,4.75,2.25,32.25,17.0,3.5,3.25,3.5,2.75,4.25,3.5,0.5,0.5,6.0,3.5,11.25,3.25,4.75,3.75,3.0,2.5,1.75,1.75,22.0,14.5,125.5,124.75,336.0,4,0,1,0,1,1,2,0,0,0,0,0,1,0,190.5,193.04,185.0,36.0,30.0,0,0,0,0,0,1,0,0,0,0,0,0,0,0,0,1,0,0,0,0,1,0,0,0
Red,False,0.75,0.25,0.565,0.488125,0.5625,0.2275,0.0,0.0625,0.0,0.0,26.625,15.125,16.625,8.0625,28.5625,17.0625,19.6875,11.0625,0.5625,0.5625,1.6875,0.5625,21.9375,11.0625,14.5625,7.0625,2.25,2.1875,1.6875,0.875,2.4375,1.875,0.375,0.125,12.125,5.25,9.625,2.875,12.5,8.125,5.1875,3.4375,2.0,1.75,1.8125,1.75,5.625,15.0625,94.9375,5,0,1,0,1,3,2,0,0,0,0,3,0,0,182.88,182.88,185.0,0.0471682548522949,0.0,0.45,0.4217682266235352,0.25,0.19173828125,0.1875,0.125,0.0,0.0,69.5,30.5,66.984375,27.8466796875,94.0,48.544921875,88.50390625,44.75,2.0,0.8125,2.015625,0.6640625,54.0,19.01513671875,51.483436584472656,16.9437255859375,7.91796875,5.430633544921875,7.75,5.0625,4.780975341796875,3.9373779296875,4.8994140625,3.84375,51.025390625,18.400863647460938,50.515625,17.5,5.75,3.75,5.5,3.5,5.375,3.6875,4.0,2.65625,104.865234375,89.5,655.8441009521484,0,0,0,0,0,0,0,0,0,0,0,0,0,0,187.96,185.42,185.0,30.0,25.0,0,0,0,0,0,0,0,1,0,0,0,0,0,0,0,0,0,1,0,0,0,0,1,0
Red,False,0.0,0.0,0.69,0.83,1.0,1.0,4.0,0.0,0.0,0.0,13.0,9.0,6.0,5.0,29.0,25.0,46.0,45.0,1.0,1.0,1.0,1.0,13.0,9.0,1.0,0.0,0.0,0.0,5.0,5.0,0.0,0.0,0.0,0.0,2.0,1.0,1.0,1.0,0.0,0.0,0.0,0.0,11.0,8.0,5.0,4.0,93.0,132.0,238.0,1,0,1,0,1,1,0,0,0,0,0,0,1,0,177.8,185.42,185.0,0.0471682548522949,0.0,0.45,0.4217682266235352,0.25,0.19173828125,0.1875,0.125,0.0,0.0,69.5,30.5,66.984375,27.8466796875,94.0,48.544921875,88.50390625,44.75,2.0,0.8125,2.015625,0.6640625,54.0,19.01513671875,51.483436584472656,16.9437255859375,7.91796875,5.430633544921875,7.75,5.0625,4.780975341796875,3.9373779296875,4.8994140625,3.84375,51.025390625,18.400863647460938,50.515625,17.5,5.75,3.75,5.5,3.5,5.375,3.6875,4.0,2.65625,104.865234375,89.5,655.8441009521484,0,0,0,0,0,0,0,0,0,0,0,0,0,0,185.42,187.96,185.0,27.0,27.0,0,0,0,0,0,0,0,1,0,0,0,0,0,0,0,1,0,0,0,0,1,0,0,0
Red,False,0.015625,0.0,0.45,0.4275,0.25,0.2,0.148468017578125,0.098388671875,0.0,0.0,66.5,29.6875,64.31230545043945,27.34375,89.75,48.0,85.53125,44.41152191162109,2.0,0.75,2.0546875,0.75,51.1875,18.3359375,49.6123046875,16.280410766601562,7.5,5.07647705078125,7.5,5.0,4.5,3.625,4.984375,3.9375,48.6875,17.0,47.11572265625,16.5,5.75,3.75,5.3125,3.4375,5.0625,3.5,3.875,2.5,99.2119140625,94.125,638.5,0,0,0,0,0,0,0,0,0,0,0,0,0,0,182.88,182.88,205.0,0.0,0.0,0.505,0.325,0.25,0.5,0.0,0.0,0.0,0.0,59.0,30.0,51.0,19.0,63.5,34.5,63.5,30.0,1.5,0.5,0.5,0.5,44.5,17.0,49.5,17.5,10.0,9.5,0.0,0.0,4.5,3.5,1.5,1.5,37.5,15.5,39.0,12.5,19.0,12.5,2.5,0.0,2.5,2.0,9.5,6.5,4.0,78.5,338.5,3,0,1,0,1,1,1,0,0,0,0,1,0,0,182.88,187.96,185.0,29.0,27.0,0,0,0,0,0,1,0,0,0,0,0,0,0,0,0,1,0,0,0,0,1,0,0,0
Red,False,0.1654510498046875,0.875,0.321292495727539,0.3618378639221191,0.5019550323486328,0.0131445693969726,0.0,0.0004940032958984,0.0004901885986328,0.0,135.0522117614746,41.79773712158203,139.8406047821045,45.29804039001465,137.6076946258545,42.60309028625488,140.34744262695312,45.80377960205078,1.0024452209472656,1.0019569396972656,0.6175041198730469,0.0805206298828125,125.53987884521484,35.835134506225586,117.55778503417967,26.50765419006348,4.821882247924805,3.5234107971191406,7.441888809204102,7.091484069824219,4.690450668334961,2.4391918182373047,14.840930938720703,11.698902130126951,125.61883354187012,37.043046951293945,135.40577697753906,42.514495849609375,5.925983428955078,3.3451499938964844,3.418987274169922,2.402286529541016,3.507394790649414,1.4095401763916016,1.0158405303955078,0.3812580108642578,41.22379302978516,5.210624694824219,760.8399391174316,41,7,1,0,7,16,4,0,0,0,6,9,0,1,187.96,193.04,205.0,0.15625,0.0,0.31046875,0.3924999999999999,0.33328125,0.6603125000000001,0.0,0.546875,0.0,0.0,70.40625,21.078125,71.6875,28.9375,92.40625,39.546875,87.890625,42.6875,11.296875,4.359375,4.3125,2.03125,66.703125,18.015625,57.171875,16.1875,3.703125,3.0625,8.9375,8.203125,0.0,0.0,5.578125,4.546875,54.03125,12.875,56.078125,16.671875,7.34375,4.328125,14.609375,11.40625,9.03125,3.875,1.0,0.859375,320.953125,115.34375,804.625,19,1,5,0,5,6,1,0,1,3,0,2,0,0,182.88,190.5,205.0,38.0,28.0,0,0,0,0,0,1,0,0,0,0,0,0,0,0,0,1,0,0,0,0,1,0,0,0
Red,False,0.265625,1.75,0.4315625,0.4496875,0.3828125,0.21015625,0.234375,1.125,0.0,0.0,33.078125,15.46875,23.734375,11.34375,51.453125,30.796875,34.9375,22.40625,1.6875,0.515625,1.09375,0.734375,26.0,9.234375,21.5,10.015625,4.96875,4.625,1.453125,0.671875,2.109375,1.609375,0.78125,0.65625,12.765625,3.21875,13.921875,6.296875,5.234375,4.390625,5.921875,2.359375,15.078125,7.859375,3.890625,2.6875,114.765625,85.328125,258.171875,11,0,3,0,3,4,3,0,0,0,0,3,1,0,190.5,190.5,185.0,0.0,0.0,0.5565625,0.5596875,0.1484375,0.7109375,2.546875,2.4375,0.828125,0.546875,22.3125,12.46875,46.15625,23.984375,50.578125,39.546875,97.90625,68.671875,3.5,0.421875,2.59375,1.515625,14.953125,5.53125,40.4375,19.578125,1.5,1.34375,3.71875,2.9375,5.859375,5.59375,2.0,1.46875,8.828125,1.59375,10.703125,3.390625,5.78125,5.046875,6.0625,4.125,7.703125,5.828125,29.390625,16.46875,230.09375,327.875,643.90625,15,0,2,0,2,4,3,0,0,0,0,2,2,0,190.5,203.2,185.0,33.0,33.0,0,0,0,0,0,0,0,1,0,0,0,0,0,0,0,1,0,0,0,0,1,0,0,0
Red,False,0.0,0.0,0.49,0.4,0.0,0.33,1.0,0.0,0.0,0.0,65.0,32.0,64.0,26.0,95.0,53.0,76.0,34.0,0.0,0.0,6.0,2.0,51.0,22.0,53.0,18.0,13.0,9.0,5.0,3.0,1.0,1.0,6.0,5.0,28.0,12.0,41.0,14.0,12.0,9.0,19.0,9.0,25.0,11.0,4.0,3.0,208.0,108.0,520.0,2,0,1,0,1,1,0,0,0,0,0,1,0,0,182.88,190.5,170.0,0.0,0.0,0.83,0.14,1.0,0.0,0.0,0.0,0.0,0.0,92.0,77.0,14.0,2.0,175.0,159.0,32.0,20.0,3.0,3.0,6.0,0.0,89.0,74.0,13.0,1.0,3.0,3.0,0.0,0.0,0.0,0.0,1.0,1.0,9.0,3.0,13.0,2.0,21.0,21.0,1.0,0.0,62.0,53.0,0.0,0.0,450.0,109.0,625.0,3,0,1,0,1,1,0,0,0,0,0,1,0,0,187.96,193.04,170.0,27.0,26.0,0,0,0,0,0,0,0,0,0,1,0,0,0,0,0,1,0,0,0,0,0,0,1,0
Red,False,0.0,0.0625,0.4656249999999999,0.323125,0.7268749999999999,0.0,0.0,0.0625,0.0,0.0,78.125,36.0625,78.4375,24.25,114.3125,66.5,88.75,34.0,4.375,2.5,1.0,0.0,76.5,34.8125,67.5,14.5625,0.8125,0.4375,5.625,4.8125,0.8125,0.8125,5.3125,4.875,59.5625,24.3125,68.875,20.3125,4.875,1.9375,8.875,3.875,13.6875,9.8125,0.6875,0.0625,196.5625,1.9375,521.6875,10,0,3,0,3,4,1,0,0,0,1,3,0,0,185.42,193.04,205.0,0.548828125,0.80078125,0.528896484375,0.366904296875,0.2426953125,0.14197265625,0.0048828125,0.88330078125,0.08203125,0.0,59.8544921875,29.95068359375,28.1474609375,14.8271484375,79.89990234375,47.32421875,36.36279296875,22.01708984375,1.0341796875,0.5185546875,5.72607421875,0.70947265625,45.3681640625,17.25,20.30419921875,8.04443359375,9.8525390625,8.4580078125,5.0498046875,4.2470703125,4.6337890625,4.24267578125,2.79345703125,2.53564453125,42.6357421875,17.19091796875,16.4775390625,5.2802734375,9.5908203125,8.36767578125,9.607421875,8.609375,7.6279296875,4.39208984375,2.0625,0.9375,135.54052734375,137.1611328125,518.14794921875,26,5,7,0,7,10,2,0,0,0,2,6,1,1,185.42,193.04,185.0,31.0,33.0,0,0,0,0,0,1,0,0,0,0,0,0,0,0,0,1,0,0,0,0,0,0,1,0
Red,False,0.0,0.5,0.415,0.42375,0.4175,0.5725,2.25,1.3125,1.0625,0.875,33.75,14.0,35.375,16.125,83.3125,53.6875,88.375,66.125,6.75,3.125,3.125,1.5625,28.3125,10.5625,27.1875,9.5625,4.5,2.875,4.375,3.4375,0.9375,0.5625,3.8125,3.125,16.875,5.4375,19.1875,5.375,8.125,4.5,8.4375,5.8125,8.75,4.0625,7.75,4.9375,298.5625,181.0625,631.5625,13,0,2,0,2,3,2,0,0,0,2,0,1,0,170.18,177.8,145.0,0.0,0.25,0.5081249999999999,0.3296875,0.7796875,0.65625,0.21875,1.4375,0.75,0.28125,43.3125,20.3125,27.46875,10.21875,59.34375,35.25,50.0,30.28125,3.0625,2.375,1.90625,0.90625,40.1875,18.125,22.4375,6.375,2.28125,1.375,2.375,1.75,0.84375,0.8125,2.65625,2.09375,21.96875,6.28125,17.34375,3.0,1.71875,0.46875,3.9375,3.15625,19.625,13.5625,6.1875,4.0625,271.34375,84.25,495.5,12,0,0,1,2,3,3,0,0,0,0,1,2,0,172.72,177.8,155.0,23.0,29.0,0,0,0,0,0,0,1,0,0,0,0,0,0,0,0,1,0,0,0,0,1,0,0,0
Red,False,0.125,0.375,0.48875,0.33125,0.875,0.01,1.375,0.5,0.0,0.0,40.75,20.75,33.75,10.875,54.625,33.125,35.375,12.5,0.875,0.875,1.5,0.125,34.125,14.875,30.875,8.625,5.0,4.25,1.375,0.875,1.625,1.625,1.5,1.375,29.5,13.0,29.25,8.375,5.5,3.625,2.25,1.125,5.75,4.125,2.25,1.375,125.25,23.125,278.375,6,0,4,0,4,4,0,0,0,0,1,0,3,0,182.88,182.88,170.0,0.5,0.640625,0.51859375,0.3778125,0.781875,0.21140625,0.375,1.25,0.046875,0.25,54.4375,28.296875,32.65625,11.015625,67.53125,39.625,50.1875,27.609375,4.578125,3.421875,2.234375,0.40625,42.421875,19.140625,28.625,9.109375,8.125,5.375,2.671875,1.046875,3.890625,3.78125,1.359375,0.859375,27.484375,9.109375,24.21875,6.609375,8.359375,7.125,2.21875,0.796875,18.59375,12.0625,6.21875,3.609375,338.625,85.75,681.5625,17,1,4,0,4,5,2,0,0,0,3,0,2,0,182.88,187.96,185.0,26.0,29.0,0,0,0,0,0,0,0,1,0,0,0,0,0,0,0,1,0,0,0,0,1,0,0,0
Red,False,0.0,0.0,0.0,1.0,1.0,0.0,3.0,0.0,0.0,0.0,0.0,0.0,1.0,1.0,2.0,2.0,1.0,1.0,1.0,1.0,0.0,0.0,0.0,0.0,0.0,0.0,0.0,0.0,1.0,1.0,0.0,0.0,0.0,0.0,0.0,0.0,1.0,1.0,0.0,0.0,0.0,0.0,0.0,0.0,0.0,0.0,137.0,0.0,156.0,1,0,1,0,1,1,0,0,0,0,0,0,1,0,172.72,180.34,170.0,0.125,0.625,0.56125,0.73375,0.5075000000000001,0.2475,0.875,0.625,0.25,0.0,55.75,32.375,66.625,49.0,90.875,64.25,111.875,92.375,4.0,1.75,1.125,0.75,38.875,16.875,42.75,25.75,7.0,6.375,16.0,15.75,9.875,9.125,7.875,7.5,20.0,7.0,31.0,19.5,21.625,15.75,11.5,9.125,14.125,9.625,24.125,20.375,249.5,223.0,896.0,11,3,2,0,2,2,2,0,0,1,1,0,0,0,180.34,187.96,185.0,28.0,38.0,0,0,0,0,0,0,0,1,0,0,0,0,0,0,0,1,0,0,0,0,1,0,0,0
Red,False,0.0,0.0,0.54625,0.56125,0.58625,0.0,1.125,0.875,0.0,0.25,27.5,15.25,17.875,9.625,58.75,44.25,59.875,50.875,5.25,2.875,0.125,0.0,23.875,11.875,15.125,7.375,1.625,1.375,1.625,1.125,2.0,2.0,1.125,1.125,7.5,3.5,9.875,3.375,3.0,2.375,3.375,2.625,17.0,9.375,4.625,3.625,399.125,71.75,551.625,9,0,1,0,1,2,2,0,0,0,1,1,0,0,180.34,193.04,170.0,0.0,0.0,0.4,0.44,0.0,0.77,0.0,0.0,1.0,0.0,87.0,35.0,110.0,49.0,110.0,57.0,186.0,117.0,0.0,0.0,9.0,7.0,61.0,15.0,105.0,45.0,16.0,13.0,1.0,1.0,10.0,7.0,4.0,3.0,61.0,18.0,54.0,19.0,24.0,17.0,9.0,5.0,2.0,0.0,47.0,25.0,110.0,444.0,900.0,3,0,0,1,0,0,1,0,0,0,0,0,0,0,175.26,177.8,170.0,30.0,31.0,0,0,0,0,0,0,0,0,0,1,0,0,0,0,0,1,0,0,0,0,1,0,0,0
Red,False,0.0,0.0,0.6174999999999999,0.515,0.245,0.0,1.0,0.25,0.0,0.0,12.0,6.25,4.0,2.0,17.5,11.5,19.5,17.25,4.25,1.0,0.75,0.0,9.25,3.5,2.75,1.0,1.5,1.5,0.25,0.0,1.25,1.25,1.0,1.0,2.75,1.25,2.75,0.75,2.5,2.25,1.0,1.0,6.75,2.75,0.25,0.25,85.5,45.75,153.25,4,1,0,1,2,2,1,0,0,0,0,0,2,0,165.1,170.18,135.0,0.0,0.5,0.325,0.42,0.5,1.0,0.5,0.5,0.0,0.5,111.5,42.0,113.5,38.5,118.5,48.5,126.5,49.5,0.5,0.5,3.0,3.0,92.5,23.5,107.5,33.0,5.0,4.5,6.0,5.5,14.0,14.0,0.0,0.0,105.0,38.5,92.0,25.5,5.5,2.5,11.0,6.5,1.0,1.0,10.5,6.5,5.0,176.5,619.5,5,0,0,1,1,1,1,0,0,1,0,0,0,0,175.26,177.8,155.0,27.0,27.0,0,0,0,0,0,0,1,0,0,0,0,0,0,0,0,1,0,0,0,0,1,0,0,0
Red,False,0.0,0.0,0.653125,0.619375,0.296875,0.921875,1.09375,1.875,0.65625,0.09375,29.625,17.9375,33.3125,17.96875,56.15625,43.09375,50.8125,34.34375,5.0,0.84375,1.1875,1.03125,17.90625,7.0625,27.875,13.15625,3.0,2.6875,3.4375,2.875,8.71875,8.1875,2.0,1.9375,9.65625,1.1875,12.40625,4.78125,9.5625,8.09375,7.125,5.25,10.40625,8.65625,13.78125,7.9375,144.1875,276.75,523.8125,12,0,2,0,2,4,2,0,0,0,0,2,2,0,190.5,203.2,185.0,0.0,0.0,0.855,0.56,0.56,0.5,2.0,0.0,1.0,0.5,12.0,9.0,17.5,8.5,28.5,22.0,34.5,25.0,5.0,1.5,0.5,0.5,9.0,6.5,15.0,6.5,2.0,1.5,1.5,1.5,1.0,1.0,1.0,0.5,2.0,2.0,1.5,0.0,0.5,0.0,2.0,2.0,9.5,7.0,14.0,6.5,165.0,114.0,303.5,3,0,2,0,2,2,0,0,0,0,0,0,2,0,185.42,182.88,170.0,33.0,30.0,0,0,0,0,0,0,0,1,0,0,0,0,0,0,0,1,0,0,0,0,0,0,1,0
Red,False,0.015625,0.0,0.45,0.4275,0.25,0.2,0.148468017578125,0.098388671875,0.0,0.0,66.5,29.6875,64.31230545043945,27.34375,89.75,48.0,85.53125,44.41152191162109,2.0,0.75,2.0546875,0.75,51.1875,18.3359375,49.6123046875,16.280410766601562,7.5,5.07647705078125,7.5,5.0,4.5,3.625,4.984375,3.9375,48.6875,17.0,47.11572265625,16.5,5.75,3.75,5.3125,3.4375,5.0625,3.5,3.875,2.5,99.2119140625,94.125,638.5,0,0,0,0,0,0,0,0,0,0,0,0,0,0,182.88,182.88,205.0,0.0471682548522949,0.0,0.45,0.4217682266235352,0.25,0.19173828125,0.1875,0.125,0.0,0.0,69.5,30.5,66.984375,27.8466796875,94.0,48.544921875,88.50390625,44.75,2.0,0.8125,2.015625,0.6640625,54.0,19.01513671875,51.483436584472656,16.9437255859375,7.91796875,5.430633544921875,7.75,5.0625,4.780975341796875,3.9373779296875,4.8994140625,3.84375,51.025390625,18.400863647460938,50.515625,17.5,5.75,3.75,5.5,3.5,5.375,3.6875,4.0,2.65625,104.865234375,89.5,655.8441009521484,0,0,0,0,0,0,0,0,0,0,0,0,0,0,193.04,213.36,205.0,31.0,21.0,0,0,0,0,0,1,0,0,0,0,0,0,0,0,0,1,0,0,0,0,1,0,0,0
Red,False,0.0,0.5,0.364375,0.5390625,0.105,0.37,1.5,1.46875,1.21875,0.65625,95.625,34.1875,58.5,30.03125,147.15625,71.96875,100.78125,64.3125,1.5,0.59375,7.9375,3.5,87.1875,28.71875,45.59375,19.78125,7.4375,4.53125,10.375,8.4375,1.0,0.9375,2.53125,1.8125,66.03125,19.28125,40.25,18.9375,4.0625,1.96875,3.15625,2.03125,25.53125,12.9375,15.09375,9.0625,204.5625,258.78125,651.71875,15,0,6,0,6,6,0,0,0,0,2,3,1,0,175.26,177.8,155.0,0.0,0.0,0.4980078125,0.3368359374999999,0.65015625,0.482265625,0.46875,1.15625,0.03125,0.0,61.5625,30.15625,17.76953125,6.4375,124.10546875,85.83203125,26.1171875,14.15234375,3.3203125,1.98046875,2.9140625,1.44140625,53.3359375,22.38671875,16.16796875,5.875,5.41796875,5.2890625,0.5625,0.3671875,2.80859375,2.48046875,1.0390625,0.1953125,13.8046875,5.765625,9.45703125,2.33984375,0.71875,0.60546875,2.18359375,0.9375,47.0390625,23.78515625,6.12890625,3.16015625,187.2890625,113.54296875,461.48046875,18,2,0,1,4,7,2,0,0,0,0,2,4,1,177.8,187.96,145.0,25.0,32.0,0,0,0,0,0,0,1,0,0,0,0,0,0,0,0,1,0,0,0,0,0,0,1,0
Red,False,0.5,0.0,0.40125,0.3678125,0.0546875,0.5015625,0.3125,0.09375,0.0,0.09375,41.28125,17.03125,53.3125,20.65625,81.5,54.84375,120.125,74.40625,0.78125,0.125,9.625,7.21875,30.6875,9.53125,45.53125,15.375,9.28125,6.6875,3.1875,1.875,1.3125,0.8125,4.59375,3.40625,28.46875,9.4375,17.28125,3.625,8.78125,5.125,4.4375,2.53125,4.03125,2.46875,31.59375,14.5,42.78125,389.625,646.875,15,1,0,1,2,3,3,0,0,0,1,2,0,0,182.88,187.96,170.0,0.0,0.5,0.5349999999999999,0.5800000000000001,0.2,0.5,1.0,0.5,0.0,0.5,38.0,19.5,39.0,23.0,41.0,22.5,50.0,34.0,2.5,1.0,0.5,0.5,24.5,9.5,22.0,10.0,8.5,6.5,7.0,5.0,5.0,3.5,10.0,8.0,19.5,10.0,19.5,12.5,16.5,7.5,2.5,1.5,2.0,2.0,17.0,9.0,83.0,213.0,461.5,4,0,1,0,1,1,1,0,0,0,0,0,1,0,193.04,193.04,185.0,28.0,21.0,0,0,0,0,0,0,0,0,0,1,0,0,0,0,0,1,0,0,0,0,0,0,0,1
Red,False,1.125,0.0,0.5025,0.57125,0.625,0.85625,0.125,0.875,1.75,0.75,94.75,45.625,71.625,40.25,137.875,86.125,112.0,76.375,2.25,1.75,5.0,4.375,59.625,17.0,53.125,22.875,31.125,24.875,11.875,11.25,4.0,3.75,6.625,6.125,45.125,10.5,37.5,14.75,7.25,2.875,8.5,8.125,42.375,32.25,25.625,17.375,275.375,387.75,900.0,12,0,0,1,1,2,2,0,0,1,1,0,0,0,193.04,198.12,250.0,0.0,0.0,0.66,0.66,1.0,0.0,0.0,3.0,0.0,0.0,24.0,16.0,3.0,2.0,40.0,32.0,3.0,2.0,1.0,1.0,0.0,0.0,24.0,16.0,1.0,0.0,0.0,0.0,0.0,0.0,0.0,0.0,2.0,2.0,1.0,1.0,3.0,2.0,0.0,0.0,0.0,0.0,23.0,15.0,0.0,0.0,68.0,0.0,90.0,1,0,0,1,0,0,1,0,0,0,0,0,0,0,190.5,205.74,265.0,30.0,31.0,0,0,0,0,1,0,0,0,0,0,0,0,0,0,0,1,0,0,0,0,1,0,0,0
Red,True,0.0234375,0.0,0.544453125,0.480234375,0.5365624999999999,0.13765625,0.3046875,2.015625,0.0,0.25,59.2109375,32.25,34.2890625,15.53125,155.2578125,122.03125,44.34375,25.0546875,6.1484375,3.140625,2.8828125,0.78125,40.3203125,18.2734375,21.5546875,6.15625,7.109375,6.34375,9.734375,6.890625,11.78125,7.6328125,3.0,2.484375,33.5703125,13.578125,26.46875,9.2734375,5.4296875,3.1171875,7.3203125,5.8828125,20.2109375,15.5546875,0.5,0.375,447.4765625,92.15625,800.0234375,20,0,8,0,8,8,0,0,0,1,3,1,3,0,182.88,187.96,170.0,0.0634765625,0.125,0.6848779296875,0.2375048828124999,0.8318115234375001,0.0474609375,1.390625,0.01953125,0.0029296875,0.0029296875,52.29443359375,36.1689453125,22.96484375,5.5888671875,128.24951171875,108.59521484375,30.7109375,12.720703125,3.72216796875,3.134765625,1.40771484375,0.14453125,34.9931640625,20.52685546875,20.30322265625,3.24609375,12.56689453125,12.205078125,1.638671875,1.47265625,4.734375,3.43701171875,1.02294921875,0.8701171875,19.97998046875,11.4462890625,18.244140625,2.8818359375,2.25830078125,1.802734375,2.37841796875,1.26123046875,30.05615234375,22.919921875,2.34228515625,1.44580078125,432.9931640625,15.74853515625,599.61328125,24,5,2,0,5,10,2,0,0,1,3,4,2,0,180.34,193.04,185.0,30.0,27.0,0,0,0,0,0,0,0,0,0,1,0,0,0,0,0,1,0,0,0,0,1,0,0,0
Red,False,0.015625,0.0,0.45,0.4275,0.25,0.2,0.148468017578125,0.098388671875,0.0,0.0,66.5,29.6875,64.31230545043945,27.34375,89.75,48.0,85.53125,44.41152191162109,2.0,0.75,2.0546875,0.75,51.1875,18.3359375,49.6123046875,16.280410766601562,7.5,5.07647705078125,7.5,5.0,4.5,3.625,4.984375,3.9375,48.6875,17.0,47.11572265625,16.5,5.75,3.75,5.3125,3.4375,5.0625,3.5,3.875,2.5,99.2119140625,94.125,638.5,0,0,0,0,0,0,0,0,0,0,0,0,0,0,190.5,190.5,250.0,0.03125,0.5,0.674375,0.5903125,0.59375,0.7534375,0.25,0.03125,0.875,1.0,74.0625,48.65625,53.59375,35.0625,114.28125,86.625,97.71875,77.21875,3.65625,2.78125,4.59375,2.96875,37.125,17.34375,19.375,7.53125,19.96875,17.09375,31.21875,25.15625,16.96875,14.21875,3.0,2.375,31.125,14.0625,14.0625,5.125,19.0,17.5,4.0625,1.875,23.9375,17.09375,35.46875,28.0625,382.8125,301.3125,857.0,14,0,2,0,2,4,2,0,1,0,1,1,0,1,193.04,208.28,240.0,34.0,33.0,0,0,0,0,1,0,0,0,0,0,0,0,0,0,0,1,0,0,0,0,1,0,0,0
Red,False,0.015625,0.0,0.45,0.4275,0.25,0.2,0.148468017578125,0.098388671875,0.0,0.0,66.5,29.6875,64.31230545043945,27.34375,89.75,48.0,85.53125,44.41152191162109,2.0,0.75,2.0546875,0.75,51.1875,18.3359375,49.6123046875,16.280410766601562,7.5,5.07647705078125,7.5,5.0,4.5,3.625,4.984375,3.9375,48.6875,17.0,47.11572265625,16.5,5.75,3.75,5.3125,3.4375,5.0625,3.5,3.875,2.5,99.2119140625,94.125,638.5,0,0,0,0,0,0,0,0,0,0,0,0,0,0,182.88,182.88,170.0,0.0,0.0,0.72,0.7,0.0,0.08,4.0,0.0,0.0,1.0,25.0,18.0,17.0,12.0,153.0,143.0,64.0,59.0,0.0,0.0,12.0,1.0,17.0,10.0,11.0,6.0,7.0,7.0,0.0,0.0,1.0,1.0,6.0,6.0,11.0,5.0,1.0,0.0,5.0,4.0,6.0,6.0,9.0,9.0,10.0,6.0,349.0,429.0,900.0,3,0,1,0,1,1,0,0,0,0,1,0,0,0,187.96,195.58,170.0,23.0,25.0,0,0,0,0,0,0,0,0,0,1,0,0,0,0,0,1,0,0,0,0,1,0,0,0
Red,False,0.015625,0.0,0.45,0.4275,0.25,0.2,0.148468017578125,0.098388671875,0.0,0.0,66.5,29.6875,64.31230545043945,27.34375,89.75,48.0,85.53125,44.41152191162109,2.0,0.75,2.0546875,0.75,51.1875,18.3359375,49.6123046875,16.280410766601562,7.5,5.07647705078125,7.5,5.0,4.5,3.625,4.984375,3.9375,48.6875,17.0,47.11572265625,16.5,5.75,3.75,5.3125,3.4375,5.0625,3.5,3.875,2.5,99.2119140625,94.125,638.5,0,0,0,0,0,0,0,0,0,0,0,0,0,0,177.8,177.8,170.0,0.0,0.0,0.42,0.52,0.0,0.44,1.0,0.0,0.0,0.0,52.0,22.0,76.0,40.0,62.0,32.0,169.0,131.0,0.0,0.0,9.0,4.0,34.0,10.0,46.0,19.0,14.0,9.0,9.0,8.0,4.0,3.0,21.0,13.0,44.0,16.0,50.0,21.0,8.0,6.0,4.0,1.0,0.0,0.0,22.0,18.0,8.0,478.0,900.0,3,0,0,1,0,0,1,0,0,0,0,0,0,0,185.42,190.5,170.0,26.0,31.0,0,0,0,0,0,0,0,0,0,1,0,0,0,0,0,1,0,0,0,0,1,0,0,0
Red,False,0.015625,0.0,0.45,0.4275,0.25,0.2,0.148468017578125,0.098388671875,0.0,0.0,66.5,29.6875,64.31230545043945,27.34375,89.75,48.0,85.53125,44.41152191162109,2.0,0.75,2.0546875,0.75,51.1875,18.3359375,49.6123046875,16.280410766601562,7.5,5.07647705078125,7.5,5.0,4.5,3.625,4.984375,3.9375,48.6875,17.0,47.11572265625,16.5,5.75,3.75,5.3125,3.4375,5.0625,3.5,3.875,2.5,99.2119140625,94.125,638.5,0,0,0,0,0,0,0,0,0,0,0,0,0,0,182.88,182.88,205.0,0.09375,0.0,0.68875,0.44,0.25,0.328125,0.0625,0.0,0.0,0.0,35.03125,25.46875,51.40625,25.75,43.75,33.3125,76.71875,47.8125,0.28125,0.25,2.25,1.09375,17.3125,9.03125,35.78125,13.28125,7.09375,6.46875,9.375,7.09375,10.625,9.96875,6.25,5.375,14.96875,7.375,17.125,4.78125,16.84375,15.03125,25.0,16.71875,3.21875,3.0625,9.28125,4.25,75.6875,187.1875,401.90625,9,0,4,0,4,4,2,0,0,0,0,3,1,0,190.5,198.12,230.0,35.0,30.0,0,0,0,0,0,1,0,0,0,0,0,0,0,0,0,1,0,0,0,0,1,0,0,0
Red,False,0.578125,0.015625,0.61203125,0.3171875,0.0,0.3940625,0.125,0.125,0.0,0.0,9.765625,4.484375,9.21875,4.84375,10.09375,4.8125,12.859375,8.421875,0.25,0.0,0.984375,0.671875,7.1875,2.59375,7.609375,3.296875,0.5625,0.5,1.109375,1.046875,2.015625,1.390625,0.5,0.5,7.4375,2.84375,7.09375,3.140625,0.328125,0.203125,0.90625,0.703125,2.0,1.4375,1.21875,1.0,3.90625,34.6875,83.5625,9,0,0,1,2,4,3,0,0,0,0,3,0,0,187.96,190.5,205.0,0.96875,0.0,0.7865625,0.4296875,0.125,0.39,0.625,0.0,0.0625,0.0,45.5625,36.5625,37.34375,16.71875,64.4375,54.0,57.3125,34.5625,0.375,0.125,2.5625,1.0625,30.96875,22.3125,28.0625,8.21875,11.9375,11.59375,2.5,2.46875,2.65625,2.65625,6.78125,6.03125,16.5,11.1875,22.96875,7.78125,11.15625,10.09375,6.875,4.8125,17.90625,15.28125,7.5,4.125,98.96875,171.6875,458.0625,9,4,6,0,6,6,0,0,0,0,0,4,2,0,187.96,195.58,185.0,29.0,33.0,0,0,0,0,0,1,0,0,0,0,0,0,0,0,0,1,0,0,0,0,0,0,1,0
Red,False,0.0,0.25,0.35375,0.31,0.4775,0.75,0.25,0.25,0.5,0.0,26.625,10.0,39.0,11.625,76.0,53.875,75.5,42.0,11.0,4.125,0.75,0.75,25.75,9.125,32.25,6.625,0.875,0.875,2.875,1.25,0.0,0.0,3.875,3.75,10.25,1.0,28.75,6.125,1.0,0.5,1.5,0.25,15.375,8.5,8.75,5.25,404.75,73.125,660.0,10,0,3,0,3,3,1,0,0,0,2,1,0,0,190.5,193.04,205.0,3.0,0.0,0.65,0.25,0.0,0.0,0.0,0.0,0.0,0.0,55.0,36.0,4.0,1.0,83.0,62.0,4.0,1.0,0.0,0.0,1.0,0.0,52.0,33.0,4.0,1.0,3.0,3.0,0.0,0.0,0.0,0.0,0.0,0.0,10.0,5.0,4.0,1.0,5.0,5.0,0.0,0.0,40.0,26.0,0.0,0.0,108.0,0.0,130.0,1,0,1,0,1,1,0,0,0,0,0,1,0,0,185.42,195.58,240.0,23.0,25.0,0,0,0,0,1,0,0,0,0,0,0,0,0,0,0,1,0,0,0,0,1,0,0,0
Red,False,0.015625,0.0,0.45,0.4275,0.25,0.2,0.148468017578125,0.098388671875,0.0,0.0,66.5,29.6875,64.31230545043945,27.34375,89.75,48.0,85.53125,44.41152191162109,2.0,0.75,2.0546875,0.75,51.1875,18.3359375,49.6123046875,16.280410766601562,7.5,5.07647705078125,7.5,5.0,4.5,3.625,4.984375,3.9375,48.6875,17.0,47.11572265625,16.5,5.75,3.75,5.3125,3.4375,5.0625,3.5,3.875,2.5,99.2119140625,94.125,638.5,0,0,0,0,0,0,0,0,0,0,0,0,0,0,185.42,185.42,185.0,0.0471682548522949,0.0,0.45,0.4217682266235352,0.25,0.19173828125,0.1875,0.125,0.0,0.0,69.5,30.5,66.984375,27.8466796875,94.0,48.544921875,88.50390625,44.75,2.0,0.8125,2.015625,0.6640625,54.0,19.01513671875,51.483436584472656,16.9437255859375,7.91796875,5.430633544921875,7.75,5.0625,4.780975341796875,3.9373779296875,4.8994140625,3.84375,51.025390625,18.400863647460938,50.515625,17.5,5.75,3.75,5.5,3.5,5.375,3.6875,4.0,2.65625,104.865234375,89.5,655.8441009521484,0,0,0,0,0,0,0,0,0,0,0,0,0,0,190.5,190.5,185.0,21.0,31.0,0,0,0,0,0,0,0,1,0,0,0,0,0,0,0,1,0,0,0,0,1,0,0,0
Red,False,0.015625,0.0,0.45,0.4275,0.25,0.2,0.148468017578125,0.098388671875,0.0,0.0,66.5,29.6875,64.31230545043945,27.34375,89.75,48.0,85.53125,44.41152191162109,2.0,0.75,2.0546875,0.75,51.1875,18.3359375,49.6123046875,16.280410766601562,7.5,5.07647705078125,7.5,5.0,4.5,3.625,4.984375,3.9375,48.6875,17.0,47.11572265625,16.5,5.75,3.75,5.3125,3.4375,5.0625,3.5,3.875,2.5,99.2119140625,94.125,638.5,0,0,0,0,0,0,0,0,0,0,0,0,0,0,185.42,185.42,170.0,0.0471682548522949,0.0,0.45,0.4217682266235352,0.25,0.19173828125,0.1875,0.125,0.0,0.0,69.5,30.5,66.984375,27.8466796875,94.0,48.544921875,88.50390625,44.75,2.0,0.8125,2.015625,0.6640625,54.0,19.01513671875,51.483436584472656,16.9437255859375,7.91796875,5.430633544921875,7.75,5.0625,4.780975341796875,3.9373779296875,4.8994140625,3.84375,51.025390625,18.400863647460938,50.515625,17.5,5.75,3.75,5.5,3.5,5.375,3.6875,4.0,2.65625,104.865234375,89.5,655.8441009521484,0,0,0,0,0,0,0,0,0,0,0,0,0,0,182.88,180.34,170.0,28.0,26.0,0,0,0,0,0,0,0,0,0,1,0,0,0,0,0,1,0,0,0,0,1,0,0,0
Red,False,0.015625,0.0,0.45,0.4275,0.25,0.2,0.148468017578125,0.098388671875,0.0,0.0,66.5,29.6875,64.31230545043945,27.34375,89.75,48.0,85.53125,44.41152191162109,2.0,0.75,2.0546875,0.75,51.1875,18.3359375,49.6123046875,16.280410766601562,7.5,5.07647705078125,7.5,5.0,4.5,3.625,4.984375,3.9375,48.6875,17.0,47.11572265625,16.5,5.75,3.75,5.3125,3.4375,5.0625,3.5,3.875,2.5,99.2119140625,94.125,638.5,0,0,0,0,0,0,0,0,0,0,0,0,0,0,182.88,185.42,170.0,0.0,0.0,0.37,0.4,1.0,0.0,0.0,2.0,0.0,0.0,16.0,6.0,5.0,2.0,22.0,11.0,8.0,5.0,1.0,1.0,0.0,0.0,13.0,4.0,2.0,0.0,1.0,0.0,3.0,2.0,2.0,2.0,0.0,0.0,4.0,2.0,5.0,2.0,0.0,0.0,0.0,0.0,12.0,4.0,0.0,0.0,133.0,0.0,182.0,1,1,0,1,0,0,1,0,0,0,0,0,0,0,187.96,193.04,185.0,25.0,24.0,0,0,0,0,0,0,0,1,0,0,0,0,0,0,0,1,0,0,0,0,1,0,0,0
Red,False,0.53125,0.0,0.312734375,0.479765625,0.21515625,0.51171875,2.59375,1.03125,1.03125,0.53125,47.0,15.78125,64.359375,28.7578125,99.1796875,64.25,175.0234375,131.9140625,2.5234375,1.0,11.5078125,9.1953125,43.1875,12.671875,51.5390625,17.390625,2.1171875,1.5859375,8.1640625,7.3046875,1.6953125,1.5234375,4.65625,4.0625,30.8828125,9.5546875,30.5859375,8.3359375,6.296875,3.1640625,3.40625,1.46875,9.8203125,3.0625,30.3671875,18.953125,105.5703125,748.5,1080.421875,24,1,2,0,3,5,3,0,0,0,1,2,2,0,167.64,180.34,155.0,0.0,0.0,0.4425,0.275,0.33125,0.5125,0.0,0.5,0.125,0.0,76.5,34.25,56.875,16.5,120.125,74.125,69.0,27.875,7.375,3.5,6.375,4.875,70.5,28.625,49.0,11.25,4.125,3.875,6.25,3.75,1.875,1.75,1.625,1.5,43.25,13.125,48.75,11.625,11.25,8.125,5.25,3.0,22.0,13.0,2.875,1.875,268.125,201.375,824.375,10,0,3,0,3,3,1,0,0,0,2,1,0,0,167.64,172.72,135.0,33.0,26.0,0,0,0,0,0,0,1,0,0,0,0,0,0,0,0,1,0,0,0,0,1,0,0,0
Red,False,0.015625,0.0,0.45,0.4275,0.25,0.2,0.148468017578125,0.098388671875,0.0,0.0,66.5,29.6875,64.31230545043945,27.34375,89.75,48.0,85.53125,44.41152191162109,2.0,0.75,2.0546875,0.75,51.1875,18.3359375,49.6123046875,16.280410766601562,7.5,5.07647705078125,7.5,5.0,4.5,3.625,4.984375,3.9375,48.6875,17.0,47.11572265625,16.5,5.75,3.75,5.3125,3.4375,5.0625,3.5,3.875,2.5,99.2119140625,94.125,638.5,0,0,0,0,0,0,0,0,0,0,0,0,0,0,182.88,182.88,170.0,0.0471682548522949,0.0,0.45,0.4217682266235352,0.25,0.19173828125,0.1875,0.125,0.0,0.0,69.5,30.5,66.984375,27.8466796875,94.0,48.544921875,88.50390625,44.75,2.0,0.8125,2.015625,0.6640625,54.0,19.01513671875,51.483436584472656,16.9437255859375,7.91796875,5.430633544921875,7.75,5.0625,4.780975341796875,3.9373779296875,4.8994140625,3.84375,51.025390625,18.400863647460938,50.515625,17.5,5.75,3.75,5.5,3.5,5.375,3.6875,4.0,2.65625,104.865234375,89.5,655.8441009521484,0,0,0,0,0,0,0,0,0,0,0,0,0,0,187.96,187.96,185.0,25.0,27.0,0,0,0,0,0,0,0,1,0,0,0,0,0,0,0,1,0,0,0,0,1,0,0,0
Red,False,1.0,0.0,0.515,0.18,0.125,0.125,0.75,0.5,0.25,0.25,26.75,13.75,11.75,3.5,27.75,14.5,20.0,11.25,0.5,0.25,1.5,0.25,24.0,11.5,10.0,2.5,1.5,1.25,0.25,0.0,1.25,1.0,1.5,1.0,18.25,7.0,9.5,1.75,3.75,3.0,0.75,0.25,4.75,3.75,1.5,1.5,36.5,40.5,150.0,4,0,1,0,1,2,1,0,0,0,0,2,0,0,187.96,198.12,205.0,0.0,0.0,0.61,0.4,0.0,0.33,1.0,0.0,0.0,0.0,13.0,8.0,30.0,12.0,61.0,55.0,57.0,36.0,0.0,0.0,6.0,2.0,11.0,7.0,28.0,10.0,1.0,0.0,1.0,1.0,1.0,1.0,1.0,1.0,9.0,4.0,7.0,2.0,1.0,1.0,0.0,0.0,3.0,3.0,23.0,10.0,54.0,423.0,530.0,2,0,1,0,1,1,0,0,0,0,0,0,1,0,177.8,187.96,170.0,24.0,28.0,0,0,0,0,0,0,0,0,0,1,0,0,0,0,0,1,0,0,0,0,1,0,0,0
Red,False,0.015625,0.0,0.45,0.4275,0.25,0.2,0.148468017578125,0.098388671875,0.0,0.0,66.5,29.6875,64.31230545043945,27.34375,89.75,48.0,85.53125,44.41152191162109,2.0,0.75,2.0546875,0.75,51.1875,18.3359375,49.6123046875,16.280410766601562,7.5,5.07647705078125,7.5,5.0,4.5,3.625,4.984375,3.9375,48.6875,17.0,47.11572265625,16.5,5.75,3.75,5.3125,3.4375,5.0625,3.5,3.875,2.5,99.2119140625,94.125,638.5,0,0,0,0,0,0,0,0,0,0,0,0,0,0,177.8,175.26,155.0,0.0471682548522949,0.0,0.45,0.4217682266235352,0.25,0.19173828125,0.1875,0.125,0.0,0.0,69.5,30.5,66.984375,27.8466796875,94.0,48.544921875,88.50390625,44.75,2.0,0.8125,2.015625,0.6640625,54.0,19.01513671875,51.483436584472656,16.9437255859375,7.91796875,5.430633544921875,7.75,5.0625,4.780975341796875,3.9373779296875,4.8994140625,3.84375,51.025390625,18.400863647460938,50.515625,17.5,5.75,3.75,5.5,3.5,5.375,3.6875,4.0,2.65625,104.865234375,89.5,655.8441009521484,0,0,0,0,0,0,0,0,0,0,0,0,0,0,177.8,180.34,155.0,29.0,26.0,0,0,0,0,0,0,1,0,0,0,0,0,0,0,0,1,0,0,0,0,1,0,0,0
Red,False,0.015625,0.0,0.45,0.4275,0.25,0.2,0.148468017578125,0.098388671875,0.0,0.0,66.5,29.6875,64.31230545043945,27.34375,89.75,48.0,85.53125,44.41152191162109,2.0,0.75,2.0546875,0.75,51.1875,18.3359375,49.6123046875,16.280410766601562,7.5,5.07647705078125,7.5,5.0,4.5,3.625,4.984375,3.9375,48.6875,17.0,47.11572265625,16.5,5.75,3.75,5.3125,3.4375,5.0625,3.5,3.875,2.5,99.2119140625,94.125,638.5,0,0,0,0,0,0,0,0,0,0,0,0,0,0,180.34,180.34,170.0,0.0471682548522949,0.0,0.45,0.4217682266235352,0.25,0.19173828125,0.1875,0.125,0.0,0.0,69.5,30.5,66.984375,27.8466796875,94.0,48.544921875,88.50390625,44.75,2.0,0.8125,2.015625,0.6640625,54.0,19.01513671875,51.483436584472656,16.9437255859375,7.91796875,5.430633544921875,7.75,5.0625,4.780975341796875,3.9373779296875,4.8994140625,3.84375,51.025390625,18.400863647460938,50.515625,17.5,5.75,3.75,5.5,3.5,5.375,3.6875,4.0,2.65625,104.865234375,89.5,655.8441009521484,0,0,0,0,0,0,0,0,0,0,0,0,0,0,177.8,185.42,170.0,30.0,31.0,0,0,0,0,0,0,0,0,0,1,0,0,0,0,0,1,0,0,0,0,1,0,0,0
Red,False,0.0,0.0,0.3718749999999999,0.426875,0.6018749999999999,0.125,0.25,0.0625,0.125,0.0625,58.625,17.625,74.3125,36.75,101.875,57.6875,100.1875,60.6875,7.0625,5.0625,1.4375,0.125,55.375,14.9375,50.125,16.75,3.0625,2.5625,13.5625,11.5,0.1875,0.125,10.625,8.5,45.75,7.75,66.5625,30.6875,1.5,1.5,4.625,4.5625,11.375,8.375,3.125,1.5,348.625,63.8125,773.1875,12,0,0,1,3,3,2,0,0,0,2,0,1,0,177.8,180.34,155.0,0.0,1.046875,0.53828125,0.42171875,0.41484375,0.228125,1.171875,0.828125,0.515625,0.5,42.609375,20.984375,62.640625,29.03125,67.4375,41.40625,84.671875,47.75,1.234375,1.078125,1.328125,0.828125,37.34375,17.09375,59.578125,26.765625,5.09375,3.71875,3.03125,2.234375,0.171875,0.171875,0.03125,0.03125,22.90625,7.421875,41.109375,16.15625,2.5,1.9375,1.890625,0.59375,17.203125,11.625,19.640625,12.28125,85.421875,306.65625,554.1875,15,2,1,0,4,5,2,0,0,0,2,0,2,1,170.18,177.8,145.0,24.0,26.0,0,0,0,0,0,0,1,0,0,0,0,0,0,0,0,0,0,1,0,0,1,0,0,0
Red,False,0.0,0.25,0.6025,0.21875,0.6875,0.25,1.875,0.25,0.0,0.0,14.5,6.625,19.375,5.125,17.0,9.0,46.25,30.75,1.75,0.875,0.875,0.875,10.875,3.25,17.75,4.25,1.75,1.5,0.625,0.375,1.875,1.875,1.0,0.5,11.5,4.375,12.375,1.75,2.125,1.375,1.875,1.125,0.875,0.875,5.125,2.25,44.125,135.75,277.625,7,0,0,1,1,2,2,0,0,0,0,0,2,0,182.88,187.96,170.0,0.78125,0.0,0.4871875,0.44921875,0.056875,0.058125,0.25,0.125,0.015625,0.015625,37.296875,19.8125,29.015625,12.90625,42.09375,24.359375,40.515625,23.859375,0.953125,0.15625,1.046875,0.1875,29.515625,14.421875,20.71875,6.484375,3.796875,2.203125,3.1875,2.75,3.984375,3.1875,5.109375,3.671875,21.953125,8.328125,19.265625,6.984375,7.3125,4.953125,8.15625,5.015625,8.03125,6.53125,1.59375,0.90625,68.296875,64.40625,298.359375,15,1,0,4,3,3,4,0,0,0,1,2,0,0,180.34,190.5,170.0,31.0,28.0,0,0,0,0,0,0,0,1,0,0,0,0,0,0,0,1,0,0,0,0,1,0,0,0
Red,False,0.25,0.5,0.47,0.32,0.5,0.5,0.0,2.25,0.5,1.0,37.25,15.5,41.75,15.5,122.0,90.25,74.75,43.25,1.75,0.75,1.0,1.0,31.5,11.75,37.25,12.5,2.5,1.75,2.25,1.5,3.25,2.0,2.25,1.5,23.5,10.0,15.75,4.5,3.75,1.0,3.0,1.0,10.0,4.5,23.0,10.0,134.75,336.0,576.25,6,0,0,1,1,1,2,0,0,0,0,1,0,0,167.64,177.8,145.0,0.3125,0.0,0.2759375,0.5796875,0.6875,0.80125,0.03125,1.3125,0.0,0.5,20.3125,6.8125,9.53125,4.875,21.0625,7.53125,16.34375,11.40625,1.03125,1.03125,2.8125,1.53125,18.84375,5.71875,6.125,1.90625,0.96875,0.6875,1.0625,0.875,0.5,0.40625,2.34375,2.09375,15.59375,4.71875,7.375,3.90625,1.46875,0.40625,1.125,0.375,3.25,1.6875,1.03125,0.59375,33.1875,78.6875,220.90625,8,0,1,0,2,3,3,0,0,0,0,2,0,1,175.26,180.34,155.0,29.0,25.0,0,0,0,0,0,0,1,0,0,0,0,0,0,0,0,1,0,0,0,0,1,0,0,0
Red,False,0.0,0.0,0.3768749999999999,0.431875,0.10875,0.125,0.0625,1.25,0.25,0.25,123.375,49.0,110.25,45.3125,171.3125,90.8125,197.0625,122.875,3.25,0.5625,1.25,0.5,105.4375,33.3125,98.125,34.9375,2.625,1.9375,8.125,7.5625,15.3125,13.75,4.0,2.8125,74.8125,23.0,77.125,25.875,9.75,6.625,12.625,8.25,38.8125,19.375,20.5,11.1875,399.9375,159.75,900.0,15,0,0,1,2,3,2,0,0,1,2,0,0,0,170.18,175.26,155.0,0.25,0.5,0.285,0.49,0.125,0.5,4.0,0.0,2.0,0.75,34.5,10.75,37.75,20.0,50.0,24.75,78.0,56.75,1.0,0.25,1.0,0.5,33.0,9.75,31.75,15.5,1.0,0.5,4.5,3.25,0.5,0.5,1.5,1.25,17.75,1.75,14.75,4.5,3.0,1.25,1.25,0.75,13.75,7.75,21.75,14.75,260.25,165.75,534.5,6,0,2,0,2,2,1,0,0,0,1,1,0,0,185.42,185.42,145.0,31.0,24.0,0,0,0,0,0,0,1,0,0,0,0,0,0,0,0,1,0,0,0,0,1,0,0,0
Red,True,1.0,0.0,0.6775,0.4725,0.33,0.185,0.0,1.5,0.0,0.5,74.5,49.75,63.75,34.75,134.0,107.75,86.25,54.25,1.75,1.0,4.25,1.5,50.25,26.25,41.0,13.75,17.75,17.0,11.5,10.5,6.5,6.5,11.25,10.5,32.0,17.0,29.5,8.25,24.25,19.25,25.75,20.0,18.25,13.5,8.5,6.5,306.25,281.75,910.5,8,2,3,0,3,3,0,0,0,0,1,2,0,0,185.42,185.42,205.0,0.015625,0.0,0.45078125,0.36609375,0.50953125,0.3778125,1.515625,0.0,1.0,0.0,154.5,71.5546875,79.6328125,28.203125,198.4765625,113.3125,96.0703125,42.484375,1.453125,1.0234375,7.125,3.09375,113.0234375,41.8515625,73.421875,23.1015625,15.84375,11.828125,3.21875,2.3359375,25.6328125,17.875,2.9921875,2.765625,100.125,39.03125,61.59375,18.484375,19.8046875,11.9609375,3.7890625,2.65625,34.5703125,20.5625,14.25,7.0625,174.515625,165.4296875,798.390625,18,1,3,0,3,6,2,0,0,0,3,1,2,0,190.5,195.58,205.0,30.0,29.0,0,0,0,0,0,1,0,0,0,0,0,0,0,0,0,1,0,0,0,0,1,0,0,0
Red,False,0.5,0.5,0.5275000000000001,0.175,0.0625,0.0,0.5,0.0,0.0,0.0,46.0,18.0,49.0,12.5,61.25,32.5,57.0,20.5,1.75,0.25,0.5,0.0,44.25,16.5,41.5,7.5,1.5,1.25,4.0,2.25,0.25,0.25,3.5,2.75,38.5,11.5,44.0,9.25,1.25,1.0,2.0,1.5,6.25,5.5,3.0,1.75,38.75,55.25,300.25,5,0,0,1,2,2,1,0,0,0,0,1,1,0,177.8,187.96,155.0,0.0,0.0,0.4493749999999999,0.324375,0.30125,0.553125,0.8125,1.25,0.25,0.5625,94.125,45.875,66.25,21.0,128.25,77.1875,94.0,47.625,3.1875,1.0,8.9375,5.0,65.75,21.75,59.5,15.25,16.0625,13.875,6.375,5.4375,12.3125,10.25,0.375,0.3125,76.375,32.1875,52.375,9.75,10.3125,9.25,5.8125,4.625,7.4375,4.4375,8.0625,6.625,194.5,242.75,850.625,13,0,1,0,3,4,1,0,0,1,2,0,1,0,167.64,172.72,145.0,34.0,24.0,0,0,0,0,0,0,1,0,0,0,0,0,0,0,0,1,0,0,0,0,1,0,0,0
Red,False,0.50390625,0.2509765625,0.5622265625,0.23076171875,0.400703125,0.070380859375,0.83984375,0.21875,0.22265625,0.2041015625,44.9140625,19.0029296875,28.5498046875,12.1416015625,73.328125,46.3212890625,37.61328125,21.0107421875,0.4794921875,0.4267578125,1.283203125,0.2353515625,35.994140625,11.951171875,19.6220703125,4.916015625,6.3515625,4.9912109375,3.162109375,2.5048828125,2.568359375,2.060546875,5.765625,4.720703125,34.08984375,10.9013671875,19.9306640625,7.421875,7.28125,5.63671875,5.3681640625,2.9072265625,3.54296875,2.46484375,3.2509765625,1.8125,63.580078125,83.1328125,285.091796875,24,1,0,2,2,4,7,0,0,0,0,1,3,0,180.34,172.72,170.0,0.53125,0.00390625,0.3121484375,0.380703125,0.77322265625,0.265625,0.119140625,2.412109375,0.015625,0.140625,59.185546875,19.12109375,63.32421875,22.396484375,66.900390625,26.056640625,90.626953125,48.69921875,2.564453125,1.388671875,0.546875,0.515625,51.353515625,12.837890625,50.869140625,11.58984375,4.46875,3.1875,4.19140625,3.359375,3.36328125,3.095703125,8.263671875,7.447265625,50.814453125,14.63671875,55.23828125,16.841796875,2.515625,1.0,2.0546875,1.5390625,5.85546875,3.484375,6.03125,4.015625,116.404296875,140.84375,613.37890625,21,0,2,0,5,8,2,0,0,0,3,3,2,0,177.8,185.42,170.0,33.0,30.0,0,0,0,0,0,0,0,0,0,1,0,0,0,0,0,1,0,0,0,0,1,0,0,0
Red,False,0.0,0.0,0.52,0.74,0.6,0.0,0.0,1.0,0.0,0.0,40.0,21.0,35.0,26.0,120.0,80.0,61.0,50.0,5.0,3.0,0.0,0.0,38.0,19.0,18.0,10.0,0.0,0.0,15.0,14.0,2.0,2.0,2.0,2.0,3.0,2.0,6.0,3.0,1.0,1.0,29.0,23.0,36.0,18.0,0.0,0.0,810.0,0.0,900.0,3,0,1,0,1,1,0,0,0,0,1,0,0,0,185.42,185.42,225.0,0.1875,0.0,0.4606249999999999,0.5278125,0.5928125,0.075,0.5,0.0,0.0,0.03125,35.0625,16.09375,69.1875,39.75,43.6875,24.34375,85.15625,54.71875,2.84375,1.84375,3.09375,0.75,24.53125,7.25,62.78125,34.71875,3.75,3.125,1.59375,1.25,6.78125,5.71875,4.8125,3.78125,23.59375,8.90625,25.0,9.0625,4.21875,2.90625,21.09375,15.875,7.25,4.28125,23.09375,14.8125,109.0625,221.09375,547.84375,12,1,4,0,4,4,2,0,0,0,0,3,1,0,187.96,193.04,242.0,32.0,29.0,0,0,0,0,1,0,0,0,0,0,0,0,0,0,0,1,0,0,0,0,1,0,0,0
Red,False,0.0,0.0,0.72,0.0,0.0,0.0,0.0,0.0,0.0,0.0,40.0,29.0,10.0,0.0,78.0,66.0,10.0,0.0,0.0,0.0,10.0,0.0,30.0,19.0,9.0,0.0,10.0,10.0,0.0,0.0,0.0,0.0,1.0,0.0,12.0,5.0,10.0,0.0,5.0,4.0,0.0,0.0,23.0,20.0,0.0,0.0,205.0,19.0,337.0,2,0,1,0,1,1,0,0,0,0,0,1,0,0,193.04,203.2,155.0,0.0,0.0,0.3,0.66,0.0,1.0,0.0,3.0,0.0,0.0,10.0,3.0,9.0,6.0,10.0,3.0,30.0,24.0,0.0,0.0,1.0,1.0,10.0,3.0,8.0,5.0,0.0,0.0,0.0,0.0,0.0,0.0,1.0,1.0,6.0,3.0,2.0,1.0,4.0,0.0,0.0,0.0,0.0,0.0,7.0,5.0,0.0,160.0,176.0,1,0,0,1,0,0,1,0,0,0,0,0,0,0,182.88,185.42,155.0,29.0,24.0,0,0,0,0,0,0,1,0,0,0,0,0,0,0,0,1,0,0,0,0,1,0,0,0
Red,False,0.28125,0.015625,0.443984375,0.476171875,0.2051562499999999,0.07765625,0.5234375,0.171875,0.0625,0.28125,81.09375,35.6796875,104.703125,51.3828125,93.3203125,46.34375,124.15625,70.3046875,10.7734375,2.2109375,1.21875,0.390625,56.1328125,16.015625,66.5625,18.7578125,7.4375,3.46875,22.6796875,18.359375,17.5234375,16.1953125,15.4609375,14.265625,55.0546875,17.15625,69.5625,25.0234375,22.453125,15.84375,33.203125,25.5,3.5859375,2.6796875,1.9375,0.859375,290.609375,123.4296875,881.890625,19,0,2,0,2,5,3,0,0,1,2,1,1,0,177.8,182.88,170.0,0.0,0.5,0.4287499999999999,0.320625,0.0625,0.84375,1.75,0.0625,0.0,0.0,41.8125,16.0625,35.3125,14.0625,46.4375,20.5,39.125,17.8125,0.0625,0.0625,1.3125,1.0625,36.25,11.25,28.75,8.6875,3.25,2.75,3.6875,2.6875,2.3125,2.0625,2.875,2.6875,34.8125,11.6875,30.125,11.5,2.4375,1.8125,2.5,1.0,4.5625,2.5625,2.6875,1.5625,18.0,85.5625,302.9375,8,0,0,1,3,3,2,0,0,0,1,0,2,0,185.42,193.04,170.0,28.0,22.0,0,0,0,0,0,0,0,0,0,1,0,0,0,0,0,1,0,0,0,0,1,0,0,0
Red,False,0.0,0.0,0.5,0.2,0.0,0.0,5.0,0.0,0.0,0.0,8.0,4.0,5.0,1.0,23.0,19.0,23.0,12.0,0.0,0.0,2.0,0.0,8.0,4.0,5.0,1.0,0.0,0.0,0.0,0.0,0.0,0.0,0.0,0.0,4.0,0.0,3.0,0.0,0.0,0.0,0.0,0.0,4.0,4.0,2.0,1.0,60.0,202.0,282.0,1,0,1,0,1,1,0,0,0,0,0,0,1,0,177.8,182.88,170.0,0.0471682548522949,0.0,0.45,0.4217682266235352,0.25,0.19173828125,0.1875,0.125,0.0,0.0,69.5,30.5,66.984375,27.8466796875,94.0,48.544921875,88.50390625,44.75,2.0,0.8125,2.015625,0.6640625,54.0,19.01513671875,51.483436584472656,16.9437255859375,7.91796875,5.430633544921875,7.75,5.0625,4.780975341796875,3.9373779296875,4.8994140625,3.84375,51.025390625,18.400863647460938,50.515625,17.5,5.75,3.75,5.5,3.5,5.375,3.6875,4.0,2.65625,104.865234375,89.5,655.8441009521484,0,0,0,0,0,0,0,0,0,0,0,0,0,0,182.88,190.5,170.0,25.0,27.0,0,0,0,0,0,0,0,0,0,1,0,0,0,0,0,1,0,0,0,0,1,0,0,0
Red,False,0.0625,1.009765625,0.4910128784179687,0.4381829833984375,0.4011376953125,0.047188720703125,0.829254150390625,0.345703125,0.0,0.3125,37.392852783203125,16.892547607421875,52.50042724609375,21.65472412109375,52.1461181640625,29.0732421875,57.27145385742188,26.358062744140625,2.9268798828125,1.2335205078125,0.086822509765625,0.078765869140625,23.39996337890625,6.94927978515625,43.392608642578125,13.897491455078123,6.564178466796875,3.282196044921875,6.212188720703125,5.020782470703125,7.4287109375,6.66107177734375,2.8956298828125,2.7364501953125,25.883544921875,8.687774658203125,42.567474365234375,13.233123779296877,6.753814697265625,4.91802978515625,8.075531005859375,7.026153564453125,4.7554931640625,3.2867431640625,1.857421875,1.39544677734375,149.70733642578125,35.2718505859375,447.2644958496094,26,3,3,0,4,11,5,0,0,0,2,4,4,1,182.88,187.96,185.0,0.0,0.75,0.25,0.668125,0.1875,0.54875,0.6875,0.375,0.1875,0.125,20.5625,10.5,32.5625,22.375,32.5625,22.375,40.5,29.4375,0.4375,0.1875,2.5,0.9375,13.875,5.375,28.4375,18.625,4.4375,3.6875,2.25,1.875,2.25,1.4375,1.875,1.875,9.5,2.75,12.0,7.4375,7.3125,5.5,1.25,0.8125,3.75,2.25,19.3125,14.125,60.0,128.0625,255.1875,8,1,3,0,3,3,2,0,0,0,1,1,1,0,198.12,200.66,185.0,37.0,25.0,0,0,0,0,0,0,0,1,0,0,0,0,0,0,0,1,0,0,0,0,1,0,0,0
Red,False,0.09375,0.0,0.428125,0.3328124999999999,0.49875,0.0884375,0.0,0.375,0.03125,0.03125,76.1875,31.40625,99.0625,22.34375,139.59375,82.1875,146.21875,67.15625,8.5,6.59375,1.75,0.4375,60.40625,18.25,80.1875,11.71875,4.65625,2.875,16.21875,9.15625,11.125,10.28125,2.65625,1.46875,38.03125,12.90625,83.5,14.28125,8.78125,5.3125,10.5,5.3125,29.375,13.1875,5.0625,2.75,329.6875,73.625,789.46875,13,0,0,1,2,3,3,0,0,0,1,2,0,0,172.72,177.8,170.0,0.125,0.0,0.471640625,0.74109375,0.594609375,0.40625,1.29296875,0.0234375,0.40625,0.0078125,50.12109375,19.33984375,29.4453125,12.19921875,69.20703125,37.46875,71.75390625,49.5625,3.2734375,1.1640625,1.2265625,1.171875,44.40625,13.9765625,25.88671875,8.96875,4.71484375,4.36328125,2.7734375,2.4453125,1.0,1.0,0.78515625,0.78515625,20.5390625,3.16796875,22.41796875,6.3984375,2.4375,2.28125,2.48046875,2.25,27.14453125,13.890625,4.546875,3.55078125,209.79296875,156.38671875,537.06640625,20,1,6,0,6,7,2,0,0,0,3,4,0,0,177.8,182.88,170.0,27.0,26.0,0,0,0,0,0,0,0,0,0,1,0,0,0,0,0,1,0,0,0,0,0,0,1,0
Red,False,0.015625,0.0,0.45,0.4275,0.25,0.2,0.148468017578125,0.098388671875,0.0,0.0,66.5,29.6875,64.31230545043945,27.34375,89.75,48.0,85.53125,44.41152191162109,2.0,0.75,2.0546875,0.75,51.1875,18.3359375,49.6123046875,16.280410766601562,7.5,5.07647705078125,7.5,5.0,4.5,3.625,4.984375,3.9375,48.6875,17.0,47.11572265625,16.5,5.75,3.75,5.3125,3.4375,5.0625,3.5,3.875,2.5,99.2119140625,94.125,638.5,0,0,0,0,0,0,0,0,0,0,0,0,0,0,185.42,185.42,185.0,0.0471682548522949,0.0,0.45,0.4217682266235352,0.25,0.19173828125,0.1875,0.125,0.0,0.0,69.5,30.5,66.984375,27.8466796875,94.0,48.544921875,88.50390625,44.75,2.0,0.8125,2.015625,0.6640625,54.0,19.01513671875,51.483436584472656,16.9437255859375,7.91796875,5.430633544921875,7.75,5.0625,4.780975341796875,3.9373779296875,4.8994140625,3.84375,51.025390625,18.400863647460938,50.515625,17.5,5.75,3.75,5.5,3.5,5.375,3.6875,4.0,2.65625,104.865234375,89.5,655.8441009521484,0,0,0,0,0,0,0,0,0,0,0,0,0,0,185.42,193.04,170.0,33.0,22.0,0,0,0,0,0,0,0,1,0,0,0,0,0,0,0,0,0,1,0,0,0,0,1,0
Red,True,0.015625,0.0,0.45,0.4275,0.25,0.2,0.148468017578125,0.098388671875,0.0,0.0,66.5,29.6875,64.31230545043945,27.34375,89.75,48.0,85.53125,44.41152191162109,2.0,0.75,2.0546875,0.75,51.1875,18.3359375,49.6123046875,16.280410766601562,7.5,5.07647705078125,7.5,5.0,4.5,3.625,4.984375,3.9375,48.6875,17.0,47.11572265625,16.5,5.75,3.75,5.3125,3.4375,5.0625,3.5,3.875,2.5,99.2119140625,94.125,638.5,0,0,0,0,0,0,0,0,0,0,0,0,0,0,187.96,193.04,185.0,0.0471682548522949,0.0,0.45,0.4217682266235352,0.25,0.19173828125,0.1875,0.125,0.0,0.0,69.5,30.5,66.984375,27.8466796875,94.0,48.544921875,88.50390625,44.75,2.0,0.8125,2.015625,0.6640625,54.0,19.01513671875,51.483436584472656,16.9437255859375,7.91796875,5.430633544921875,7.75,5.0625,4.780975341796875,3.9373779296875,4.8994140625,3.84375,51.025390625,18.400863647460938,50.515625,17.5,5.75,3.75,5.5,3.5,5.375,3.6875,4.0,2.65625,104.865234375,89.5,655.8441009521484,0,0,0,0,0,0,0,0,0,0,0,0,0,0,177.8,190.5,170.0,24.0,27.0,0,0,0,0,0,0,0,1,0,0,0,0,0,0,0,1,0,0,0,0,1,0,0,0
Red,False,0.5,0.0,0.4625,0.245,0.75,0.125,0.0,2.5,1.0,1.75,58.25,29.25,31.0,7.75,96.0,64.0,58.5,33.0,1.0,1.0,1.0,0.25,49.75,23.0,27.5,5.25,6.5,4.5,1.0,0.5,2.0,1.75,2.5,2.0,22.25,7.0,23.5,3.5,0.0,0.0,2.0,1.0,36.0,22.25,5.5,3.25,293.75,180.25,633.0,7,0,0,1,2,2,1,0,0,0,1,1,0,0,175.26,180.34,145.0,0.09375,0.0,0.3590625,0.4159375,0.01078125,0.42453125,0.0703125,0.375,0.015625,0.125,83.2578125,30.78125,126.609375,45.125,102.15625,48.984375,200.5390625,111.3203125,0.65625,0.0703125,7.1171875,4.4453125,67.4296875,18.71875,109.2109375,33.734375,11.359375,8.2734375,15.046875,9.6171875,4.46875,3.7890625,2.3515625,1.7734375,74.7890625,25.6484375,79.9140625,19.6953125,7.0859375,4.015625,6.875,5.2109375,1.3828125,1.1171875,39.8203125,20.21875,11.7578125,451.3515625,793.8046875,17,0,2,0,2,5,3,0,0,0,1,2,1,1,170.18,172.72,155.0,22.0,32.0,0,0,0,0,0,0,1,0,0,0,0,0,0,0,0,1,0,0,0,0,0,0,1,0
Red,False,0.0,0.5,0.34,0.5449999999999999,0.165,0.06,0.0,0.0,0.0,0.0,64.25,25.125,63.875,37.5,82.875,43.75,78.375,52.0,1.75,0.5,4.375,0.5,48.625,10.625,39.0,14.375,9.25,8.75,17.75,16.0,6.375,5.75,7.125,7.125,38.625,5.0,30.125,7.0,25.625,20.125,32.5,29.5,0.0,0.0,1.25,1.0,134.75,182.875,632.25,8,0,0,3,1,1,3,0,0,0,1,0,0,0,175.26,185.42,185.0,0.5,0.5,0.54,0.4762499999999999,0.125,0.125,0.0,0.125,0.0,0.0,21.25,11.25,27.25,13.125,22.125,12.125,29.375,15.125,0.125,0.125,0.375,0.125,16.875,7.125,23.125,11.125,1.5,1.375,3.375,1.75,2.875,2.75,0.75,0.25,16.25,7.5,18.25,5.75,2.0,1.25,5.375,3.875,3.0,2.5,3.625,3.5,6.25,18.125,121.875,4,0,1,0,1,2,2,0,0,0,0,2,0,0,182.88,182.88,185.0,37.0,29.0,0,0,0,0,0,0,0,1,0,0,0,0,0,0,0,1,0,0,0,0,0,0,1,0
Red,False,0.0,0.625,0.491484375,0.547373046875,0.17412109375,0.8462890625,1.654296875,0.56640625,0.5,0.00390625,21.78125,10.2861328125,41.68359375,21.4033203125,31.5146484375,19.130859375,60.1904296875,37.267578125,2.4296875,0.5263671875,3.0126953125,2.6337890625,16.947265625,6.5390625,35.1533203125,15.0478515625,2.6826171875,2.2734375,2.982421875,2.8115234375,2.1513671875,1.4736328125,3.5478515625,3.5439453125,12.7255859375,5.060546875,18.09765625,6.51953125,5.5400390625,2.9033203125,7.787109375,7.1552734375,3.515625,2.322265625,15.798828125,7.728515625,64.06640625,280.4296875,486.1708984375,19,2,0,2,4,6,5,0,0,0,1,1,4,0,185.42,187.96,185.0,0.0,1.0,0.37875,0.335,0.13625,0.25,0.5,0.0,0.125,0.0,66.875,23.125,77.625,26.625,80.0,33.625,96.75,45.5,10.0,1.625,0.5,0.5,49.25,13.25,65.5,19.0,10.375,4.75,3.5,2.5,7.25,5.125,8.625,5.125,56.75,18.0,59.625,16.875,4.625,0.875,9.25,5.0,5.5,4.25,8.75,4.75,122.0,196.875,805.0,10,0,2,0,2,3,1,0,0,0,2,0,1,0,185.42,190.5,185.0,32.0,32.0,0,0,0,0,0,0,0,1,0,0,0,0,0,0,0,1,0,0,0,0,1,0,0,0
Red,False,0.0,0.0,0.18,0.66,0.0,1.0,0.0,1.0,0.0,0.0,11.0,2.0,6.0,4.0,19.0,10.0,6.0,4.0,0.0,0.0,1.0,1.0,11.0,2.0,4.0,2.0,0.0,0.0,2.0,2.0,0.0,0.0,0.0,0.0,10.0,1.0,5.0,3.0,0.0,0.0,0.0,0.0,1.0,1.0,1.0,1.0,5.0,19.0,68.0,1,0,0,1,0,0,1,0,0,0,0,0,0,0,185.42,185.42,185.0,0.0471682548522949,0.0,0.45,0.4217682266235352,0.25,0.19173828125,0.1875,0.125,0.0,0.0,69.5,30.5,66.984375,27.8466796875,94.0,48.544921875,88.50390625,44.75,2.0,0.8125,2.015625,0.6640625,54.0,19.01513671875,51.483436584472656,16.9437255859375,7.91796875,5.430633544921875,7.75,5.0625,4.780975341796875,3.9373779296875,4.8994140625,3.84375,51.025390625,18.400863647460938,50.515625,17.5,5.75,3.75,5.5,3.5,5.375,3.6875,4.0,2.65625,104.865234375,89.5,655.8441009521484,0,0,0,0,0,0,0,0,0,0,0,0,0,0,177.8,185.42,185.0,28.0,27.0,0,0,0,0,0,0,0,1,0,0,0,0,0,0,0,1,0,0,0,0,1,0,0,0
Red,False,0.6328125,0.328125,0.62390625,0.34125,0.50390625,0.083125,0.0,0.09375,0.03125,0.0,30.109375,20.140625,8.3515625,3.6640625,36.59375,25.125,9.75,5.0546875,0.53125,0.5078125,0.3203125,0.140625,26.2421875,17.109375,6.9296875,2.7109375,1.84375,1.359375,1.0,0.6953125,2.0234375,1.671875,0.421875,0.2578125,9.84375,6.359375,4.0859375,1.0,4.8203125,2.78125,2.984375,1.4609375,15.4453125,11.0,1.28125,1.203125,53.8671875,20.3046875,119.1640625,14,0,1,0,1,4,4,0,0,0,2,2,0,0,185.42,185.42,185.0,0.25,0.75,0.5375,0.3325,0.75,0.02,0.75,0.0,0.0,0.0,72.5,37.5,61.5,19.75,85.25,49.25,63.75,22.0,0.75,0.75,3.0,0.25,61.25,27.75,57.75,17.25,8.0,6.5,2.75,1.75,3.25,3.25,1.0,0.75,55.0,25.0,52.5,14.75,10.0,6.25,4.5,2.25,7.5,6.25,4.5,2.75,123.5,43.25,392.75,5,0,3,0,3,3,0,0,0,0,1,0,2,0,182.88,182.88,170.0,36.0,26.0,0,0,0,0,0,0,0,1,0,0,0,0,0,0,0,1,0,0,0,0,1,0,0,0
Red,False,0.65625,0.25,0.7775,0.48203125,0.160625,0.015625,0.390625,0.015625,0.0,0.34375,19.84375,12.25,18.015625,8.40625,24.765625,16.984375,22.0625,12.03125,1.015625,0.46875,0.046875,0.046875,17.671875,10.5,11.46875,3.75,1.703125,1.34375,1.453125,0.703125,0.46875,0.40625,5.09375,3.953125,10.71875,5.65625,13.0,5.34375,1.4375,0.84375,1.484375,1.0,7.6875,5.75,3.53125,2.0625,68.078125,24.0,174.890625,11,0,0,1,6,6,1,0,0,0,1,2,3,0,177.8,177.8,170.0,0.03125,0.0,0.44078125,0.4590625,0.0525,0.285,0.09375,0.5,0.25,0.0,88.671875,38.9375,64.515625,31.28125,100.234375,49.875,100.390625,62.65625,0.875,0.375,7.53125,1.625,55.640625,10.875,41.84375,13.15625,13.25,11.0,5.578125,2.53125,19.78125,17.0625,17.09375,15.59375,60.484375,16.546875,40.015625,11.0625,27.5,21.84375,19.5,16.59375,0.6875,0.546875,5.0,3.625,85.078125,302.84375,800.875,13,0,5,0,5,6,1,0,1,0,1,2,2,0,185.42,195.58,170.0,34.0,28.0,0,0,0,0,0,0,0,0,0,1,0,0,0,0,0,0,0,1,0,0,1,0,0,0
Red,False,0.0,0.0,0.67,0.37,0.0,1.0,0.0,0.0,0.0,0.0,43.0,29.0,8.0,3.0,82.0,67.0,11.0,6.0,0.0,0.0,1.0,1.0,38.0,24.0,5.0,1.0,4.0,4.0,3.0,2.0,1.0,1.0,0.0,0.0,21.0,12.0,5.0,2.0,22.0,17.0,0.0,0.0,0.0,0.0,3.0,1.0,0.0,162.0,238.0,1,0,1,0,1,1,0,0,0,0,0,1,0,0,182.88,182.88,185.0,0.5625,0.0625,0.42125,0.213125,0.3375,0.668125,0.125,0.6875,0.09375,0.03125,97.0,39.5,45.375,14.09375,114.59375,53.59375,57.59375,23.5625,0.75,0.6875,6.25,2.84375,77.34375,22.75,43.6875,12.6875,17.0,14.375,0.8125,0.65625,2.65625,2.375,0.875,0.75,63.6875,19.0625,40.03125,11.84375,26.875,16.90625,1.6875,0.78125,6.4375,3.53125,3.65625,1.46875,74.0,187.6875,538.0625,12,1,4,0,4,5,1,0,0,1,0,4,0,0,185.42,190.5,185.0,27.0,29.0,0,0,0,0,0,0,0,1,0,0,0,0,0,0,0,1,0,0,0,0,1,0,0,0
Red,False,0.1875,0.0,0.6975,0.47,0.5,0.15625,0.125,0.0,0.0,0.0,48.0625,35.9375,66.8125,36.5,60.5,46.625,103.4375,72.625,0.5625,0.5,0.5,0.1875,22.625,12.0625,42.5625,16.5625,9.1875,7.9375,15.75,12.1875,16.25,15.9375,8.5,7.75,21.9375,11.75,23.25,7.5625,21.6875,20.0625,43.0,28.4375,4.4375,4.125,0.5625,0.5,114.375,241.375,523.8125,8,0,4,0,4,4,1,0,0,0,0,3,1,0,190.5,198.12,230.0,0.0,0.5,0.4,0.4549999999999999,0.0,0.375,0.0,0.0,0.0,0.0,83.5,34.5,57.0,23.5,96.0,45.0,62.5,28.0,2.0,0.0,2.0,1.5,76.5,29.0,26.5,7.0,2.5,2.0,4.0,2.0,4.5,3.5,26.5,14.5,53.0,15.0,47.0,16.5,12.5,8.5,5.0,3.5,18.0,11.0,5.0,3.5,109.5,79.0,737.0,5,0,0,1,1,1,1,0,0,0,0,1,0,0,193.04,195.58,231.0,30.0,30.0,0,0,0,0,1,0,0,0,0,0,0,0,0,0,0,1,0,0,0,0,1,0,0,0
Red,False,0.0,0.0,0.4599999999999999,0.3275,0.505,0.645,1.5,1.625,1.125,1.75,32.5,15.0,36.75,14.25,89.625,68.375,103.75,78.25,10.5,5.25,2.25,1.125,24.625,10.125,28.375,7.125,6.0,3.75,1.75,0.875,1.875,1.125,6.625,6.25,17.75,6.875,16.375,2.75,7.25,3.0,7.875,4.625,7.5,5.125,12.5,6.875,336.125,289.125,846.125,11,0,2,0,2,3,1,0,0,0,2,0,1,0,170.18,177.8,145.0,0.0,0.125,0.60875,0.395,0.79375,0.125,2.0,0.25,0.5,0.25,38.0,21.625,26.375,13.25,66.625,46.0,42.0,27.375,2.5,1.75,0.5,0.25,34.125,19.0,23.625,10.875,2.125,0.875,1.75,1.5,1.75,1.75,1.0,0.875,7.625,3.25,9.625,4.0,5.375,2.0,12.375,7.125,25.0,16.375,4.375,2.125,290.0,42.5,379.5,7,0,0,1,3,3,1,0,0,0,1,1,1,0,177.8,172.72,155.0,23.0,24.0,0,0,0,0,0,0,1,0,0,0,0,0,0,0,0,1,0,0,0,0,1,0,0,0
Red,False,0.0,0.257843017578125,0.4407595443725586,0.5465383911132813,0.2256027603149414,0.629541015625,0.8313751220703125,2.3924217224121094,0.26025390625,0.315032958984375,23.86663055419922,10.473636627197266,38.52505111694336,22.33230972290039,41.591644287109375,27.495433807373047,89.88599014282227,69.6221694946289,3.293174743652344,0.6333045959472656,1.69317626953125,1.630126953125,20.62105941772461,7.573829650878906,27.149982452392575,13.99044418334961,2.9250144958496094,2.57925033569336,7.062538146972656,5.935585021972656,0.320556640625,0.320556640625,4.312530517578125,2.406280517578125,11.437320709228516,2.401416778564453,19.479148864746094,7.054553985595703,1.885883331298828,1.5714187622070312,2.9271163940429688,2.074989318847656,10.543426513671877,6.500801086425781,16.118785858154297,13.202766418457031,243.5355758666992,234.5829620361328,639.897346496582,40,12,2,0,6,15,4,0,0,0,4,5,4,2,175.26,185.42,170.0,0.8828125,0.015625,0.4135546874999999,0.2678125,0.0234375,0.436171875,0.109375,0.05078125,0.0,0.00390625,66.6015625,28.05078125,64.1875,18.83984375,71.44921875,32.48046875,83.5234375,37.609375,0.03125,0.03125,3.890625,1.11328125,51.5546875,15.57421875,54.64453125,11.2890625,4.09765625,3.40234375,6.4140625,5.07421875,10.94921875,9.07421875,3.12890625,2.4765625,51.234375,18.046875,52.92578125,12.41796875,8.43359375,5.53125,7.75390625,4.2109375,6.93359375,4.47265625,3.5078125,2.2109375,26.89453125,125.08203125,444.46875,17,0,0,1,5,7,2,0,0,0,1,5,0,1,175.26,177.8,170.0,34.0,24.0,0,0,0,0,0,0,0,0,0,1,0,0,0,0,0,0,0,0,1,0,1,0,0,0
Red,False,1.0,0.28125,0.5571875,0.4756249999999999,0.85375,0.4228125,0.75,0.5,0.09375,0.5,36.875,21.59375,20.3125,9.03125,47.0625,30.25,34.375,22.21875,2.15625,1.84375,3.46875,0.8125,29.84375,15.28125,16.25,6.21875,3.25,2.75,1.34375,1.09375,3.78125,3.5625,2.71875,1.71875,15.96875,7.21875,13.4375,5.21875,6.71875,6.25,1.4375,0.59375,14.1875,8.125,5.4375,3.21875,253.25,58.5,463.125,14,1,4,0,4,5,1,0,0,0,3,0,2,0,182.88,187.96,185.0,0.125,0.125,0.54,0.4037499999999999,0.59625,0.0,1.75,0.75,0.0,0.0,43.375,19.25,41.5,19.25,60.375,35.25,45.375,23.125,5.25,2.5,0.0,0.0,34.625,11.625,34.125,13.625,2.625,2.0,5.0,3.25,6.125,5.625,2.375,2.375,31.625,11.0,33.125,13.625,1.875,1.25,5.25,3.75,9.875,7.0,3.125,1.875,174.375,46.5,396.0,8,0,0,1,3,3,1,0,0,0,1,0,2,0,185.42,198.12,185.0,29.0,26.0,0,0,0,0,0,0,0,1,0,0,0,0,0,0,0,1,0,0,0,0,1,0,0,0
Red,False,0.0,0.0,0.6925,0.5125,0.8425,0.0,2.25,0.75,0.0,0.5,25.0,18.5,22.75,11.25,60.5,52.5,58.75,46.75,4.5,3.75,0.25,0.0,19.75,13.75,19.25,7.75,2.25,1.75,2.25,2.25,3.0,3.0,1.25,1.25,8.0,5.0,10.75,2.75,6.0,4.75,5.75,4.25,11.0,8.75,6.25,4.25,375.25,89.5,573.25,7,0,1,0,1,2,1,0,0,0,1,1,0,0,180.34,193.04,170.0,0.0471682548522949,0.0,0.45,0.4217682266235352,0.25,0.19173828125,0.1875,0.125,0.0,0.0,69.5,30.5,66.984375,27.8466796875,94.0,48.544921875,88.50390625,44.75,2.0,0.8125,2.015625,0.6640625,54.0,19.01513671875,51.483436584472656,16.9437255859375,7.91796875,5.430633544921875,7.75,5.0625,4.780975341796875,3.9373779296875,4.8994140625,3.84375,51.025390625,18.400863647460938,50.515625,17.5,5.75,3.75,5.5,3.5,5.375,3.6875,4.0,2.65625,104.865234375,89.5,655.8441009521484,0,0,0,0,0,0,0,0,0,0,0,0,0,0,177.8,187.96,170.0,30.0,28.0,0,0,0,0,0,0,0,0,0,1,0,0,0,0,0,1,0,0,0,0,1,0,0,0
Red,False,0.53125,0.5,0.5231250000000001,0.369375,0.765625,0.4203125,0.46875,2.25,0.0,0.0,43.15625,22.9375,19.46875,7.6875,74.90625,48.59375,28.875,16.8125,1.375,1.03125,2.1875,1.46875,34.0,14.46875,16.0,6.03125,7.9375,7.25,2.90625,1.34375,1.21875,1.21875,0.5625,0.3125,6.53125,2.4375,9.84375,2.59375,6.46875,4.78125,3.84375,1.71875,30.15625,15.71875,5.78125,3.375,215.53125,116.65625,389.34375,10,0,3,0,3,4,2,0,0,0,0,3,1,0,190.5,190.5,185.0,0.0,0.0,0.45,0.26,1.0,0.0,0.0,0.0,0.0,0.0,20.0,9.0,19.0,5.0,21.0,10.0,19.0,5.0,1.0,1.0,1.0,0.0,17.0,6.0,15.0,2.0,2.0,2.0,1.0,1.0,1.0,1.0,3.0,2.0,19.0,8.0,19.0,5.0,0.0,0.0,0.0,0.0,1.0,1.0,0.0,0.0,12.0,1.0,111.0,1,0,0,1,0,0,1,0,0,0,0,0,0,0,187.96,195.58,185.0,33.0,27.0,0,0,0,0,0,1,0,0,0,0,0,0,0,0,0,1,0,0,0,0,0,0,1,0
Red,False,0.5,0.5,0.44,0.79,0.0,0.25,0.25,0.0,0.0,0.0,22.0,11.75,9.75,6.25,24.25,13.75,14.25,10.5,0.25,0.0,0.25,0.25,16.5,7.75,7.25,3.75,1.5,0.75,1.75,1.75,4.0,3.25,0.75,0.75,15.5,6.75,7.75,4.25,5.0,4.25,1.0,1.0,1.5,0.75,1.0,1.0,25.25,12.5,114.75,3,0,2,0,2,2,1,0,0,0,0,1,1,0,175.26,182.88,170.0,0.5,0.0,0.495,0.48,0.5,0.5825,1.5,0.25,0.25,0.5,97.5,45.0,115.0,52.5,161.25,101.0,164.5,96.5,0.5,0.5,3.5,1.75,78.0,28.5,99.25,39.0,5.75,5.5,11.5,10.75,13.75,11.0,4.25,2.75,69.5,25.75,56.5,19.5,12.25,10.25,8.75,6.0,15.75,9.0,49.75,27.0,59.5,406.0,672.75,7,0,1,0,1,1,2,0,0,0,0,1,0,0,182.88,182.88,155.0,29.0,28.0,0,0,0,0,0,0,0,0,0,1,0,0,0,0,0,1,0,0,0,0,1,0,0,0
Red,False,0.125,0.125,0.4287499999999999,0.58625,0.225,0.875,0.0,0.5,0.25,0.0,83.5,38.125,38.375,23.25,140.375,93.0,49.625,34.5,3.0,0.75,0.875,0.875,73.0,30.5,24.625,12.0,6.625,5.375,9.125,6.875,3.875,2.25,4.625,4.375,48.0,15.0,12.375,4.625,23.25,16.125,15.5,12.625,12.25,7.0,10.5,6.0,143.875,230.25,558.75,8,0,1,0,2,3,1,0,0,0,0,3,0,0,187.96,187.96,230.0,0.625,0.0,0.63375,0.31,0.0,0.45,0.125,0.25,0.0,0.0,10.125,7.25,8.625,4.125,14.125,10.875,21.125,14.0,0.0,0.0,1.0,0.75,5.0,2.875,7.75,3.375,3.25,2.5,0.125,0.0,1.875,1.875,0.75,0.75,5.0,3.5,2.75,0.75,5.125,3.75,0.25,0.125,0.0,0.0,5.625,3.25,2.5,137.5,164.625,6,0,1,0,1,2,2,0,0,0,0,2,0,0,193.04,198.12,245.0,25.0,32.0,0,0,0,0,1,0,0,0,0,0,0,0,0,0,0,1,0,0,0,0,1,0,0,0
Red,False,0.0,0.0,0.535,0.64,0.0,0.85,1.5,0.0,0.0,0.0,21.5,11.5,30.5,20.0,28.5,18.0,91.5,75.0,0.5,0.0,5.5,4.0,14.5,5.0,26.5,16.0,3.0,2.5,4.0,4.0,4.0,4.0,0.0,0.0,21.0,11.0,3.5,0.0,0.5,0.5,1.0,0.0,0.0,0.0,26.0,20.0,14.5,464.0,594.0,4,0,1,0,1,1,1,0,0,0,0,0,1,0,185.42,185.42,155.0,0.0,0.15625,0.4665625,0.31765625,0.52046875,0.3825,2.28125,0.65625,0.375,0.125,62.03125,25.109375,106.921875,31.40625,85.9375,48.21875,113.5,37.5,5.4375,2.203125,1.515625,0.828125,53.125,16.84375,89.296875,17.125,1.984375,1.75,7.984375,5.765625,6.921875,6.515625,9.640625,8.515625,56.25,20.65625,99.890625,26.90625,2.921875,2.125,4.03125,2.625,2.859375,2.328125,3.0,1.875,214.140625,80.171875,676.3125,16,0,0,2,3,4,3,0,0,1,0,0,3,0,175.26,182.88,155.0,22.0,32.0,0,0,0,0,0,0,1,0,0,0,0,0,0,0,0,1,0,0,0,0,0,0,1,0
Red,False,0.515625,0.53125,0.50890625,0.4039062499999999,0.0625,0.04265625,0.0,0.03125,0.0,0.0,118.15625,54.765625,93.296875,26.453125,120.3125,56.796875,94.265625,27.390625,0.09375,0.0625,0.625,0.171875,87.828125,27.96875,83.40625,19.28125,9.5,8.84375,5.53125,4.0,20.828125,17.953125,4.359375,3.171875,112.125,51.234375,86.171875,21.34375,4.21875,2.21875,5.953125,4.203125,1.8125,1.3125,1.171875,0.90625,7.3125,20.109375,603.5,16,0,2,0,2,5,2,0,0,1,2,2,0,0,187.96,193.04,185.0,0.625,0.375,0.3725,0.44625,0.0,0.665,0.0,0.0,0.0,0.0,99.5,27.75,100.5,35.375,141.875,69.125,132.75,63.875,0.25,0.0,2.75,2.0,87.75,18.5,93.75,31.25,4.75,4.625,2.625,2.0,7.0,4.625,4.125,2.125,90.75,21.625,84.875,27.375,8.125,6.0,5.875,3.5,0.625,0.125,9.75,4.5,2.75,323.25,852.125,10,1,0,1,1,1,3,0,0,0,0,1,0,0,180.34,187.96,205.0,32.0,31.0,0,0,0,0,0,1,0,0,0,0,0,0,0,0,0,1,0,0,0,0,1,0,0,0
Red,False,0.0625,0.0,0.465,0.3771875,0.03125,0.57625,0.4375,0.53125,0.03125,0.0,27.25,11.40625,30.90625,10.40625,38.65625,22.3125,35.34375,14.1875,1.125,0.0625,2.53125,1.34375,14.1875,1.875,23.0625,5.34375,3.5,2.625,1.15625,0.3125,9.5625,6.90625,6.6875,4.75,24.40625,9.65625,21.96875,4.28125,1.78125,1.15625,3.03125,2.3125,1.0625,0.59375,5.90625,3.8125,18.21875,126.21875,364.71875,12,0,1,0,2,3,3,0,0,0,0,1,2,0,182.88,182.88,185.0,0.0471682548522949,0.0,0.45,0.4217682266235352,0.25,0.19173828125,0.1875,0.125,0.0,0.0,69.5,30.5,66.984375,27.8466796875,94.0,48.544921875,88.50390625,44.75,2.0,0.8125,2.015625,0.6640625,54.0,19.01513671875,51.483436584472656,16.9437255859375,7.91796875,5.430633544921875,7.75,5.0625,4.780975341796875,3.9373779296875,4.8994140625,3.84375,51.025390625,18.400863647460938,50.515625,17.5,5.75,3.75,5.5,3.5,5.375,3.6875,4.0,2.65625,104.865234375,89.5,655.8441009521484,0,0,0,0,0,0,0,0,0,0,0,0,0,0,172.72,180.34,170.0,37.0,28.0,0,0,0,0,0,0,0,1,0,0,0,0,0,0,0,1,0,0,0,0,1,0,0,0
Red,False,0.0,0.0,0.48,0.78,0.2,0.66,0.0,1.0,0.0,0.0,31.0,15.0,89.0,70.0,44.0,27.0,153.0,134.0,10.0,2.0,3.0,2.0,21.0,6.0,53.0,36.0,6.0,5.0,27.0,26.0,4.0,4.0,9.0,8.0,13.0,3.0,22.0,17.0,17.0,12.0,35.0,32.0,1.0,0.0,32.0,21.0,107.0,548.0,900.0,3,0,0,1,0,0,1,0,0,0,0,0,0,0,180.34,177.8,205.0,0.0,1.0,0.25,0.43,0.5,0.0,2.0,5.0,0.0,1.0,24.0,6.0,48.0,21.0,38.0,19.0,68.0,40.0,4.0,2.0,0.0,0.0,20.0,4.0,36.0,12.0,1.0,0.0,5.0,3.0,3.0,2.0,7.0,6.0,20.0,4.0,17.0,10.0,2.0,1.0,1.0,0.0,2.0,1.0,30.0,11.0,22.0,334.0,560.0,2,0,0,1,0,0,1,0,0,0,0,0,0,0,177.8,198.12,205.0,28.0,24.0,0,0,0,0,0,1,0,0,0,0,0,0,0,0,0,1,0,0,0,0,1,0,0,0
Red,True,0.0,0.5,0.549296875,0.38046875,0.6170312499999999,0.1940625,1.28125,2.90625,0.625,0.875,78.015625,39.5703125,48.6796875,21.0234375,216.1953125,167.3046875,106.921875,76.953125,15.6953125,10.4453125,0.84375,0.46875,68.71875,30.7109375,42.796875,15.6015625,6.2578125,6.2578125,4.859375,4.40625,3.0390625,2.6015625,1.0234375,1.015625,24.8359375,6.0234375,35.9375,13.1171875,10.8359375,4.578125,4.3671875,2.375,42.34375,28.96875,8.375,5.53125,1020.1953125,78.96875,1329.5546875,26,3,3,0,3,6,2,0,0,0,4,0,1,1,167.64,170.18,155.0,1.00146484375,0.0,0.6071728515624999,0.424130859375,0.33283203125,0.08130859375,1.59765625,0.0234375,0.125,0.0390625,55.19140625,32.7822265625,44.3154296875,19.349609375,93.46435546875,66.97509765625,69.3857421875,41.474609375,1.09228515625,0.9140625,1.7451171875,0.49072265625,50.77197265625,28.64990234375,36.28662109375,13.10986328125,4.17333984375,3.91162109375,5.6982421875,4.5732421875,0.24609375,0.220703125,2.33056640625,1.66650390625,31.2333984375,16.39892578125,30.20751953125,9.97705078125,4.25732421875,2.98583984375,3.8974609375,2.7490234375,19.70068359375,13.3974609375,10.21044921875,6.62353515625,303.0361328125,119.89404296875,598.69189453125,29,5,3,0,3,8,4,0,0,0,1,4,3,0,175.26,177.8,155.0,34.0,29.0,0,0,0,0,0,0,1,0,0,0,0,0,0,0,0,1,0,0,0,0,1,0,0,0
Red,False,3.0517578125e-05,0.25396728515625,0.449965763092041,0.2622738647460937,0.3311886978149414,0.1113671875,0.5010986328125,0.015665054321289,0.0,0.0156402587890625,57.40645408630371,23.064414978027344,71.89532279968262,24.22970962524414,74.73125457763672,39.1000919342041,94.23798942565918,44.31169509887695,8.412498474121094,2.119426727294922,4.535188674926758,1.01611328125,42.715965270996094,11.78632926940918,65.6583309173584,18.686946868896484,6.371992111206055,5.588495254516602,4.910812377929688,4.37371826171875,8.318496704101562,5.6895904541015625,1.3261795043945312,1.1690444946289062,42.49464797973633,11.94681167602539,52.56230354309082,14.734790802001951,8.813522338867188,7.262004852294922,7.823173522949219,5.434291839599609,6.098283767700195,3.8555984497070312,11.509845733642578,4.060626983642578,226.7421417236328,100.86973571777344,737.7145481109619,49,10,1,0,6,14,6,0,0,2,3,7,1,1,190.5,187.96,205.0,0.75,0.0,0.57375,0.295,0.29,0.3175,2.875,1.0,0.625,0.0,70.75,44.125,31.375,9.125,101.25,74.0,47.125,23.75,1.25,1.0,5.5,1.625,48.0,24.5,24.25,4.625,12.5,10.75,3.5,2.0,10.25,8.875,3.625,2.5,28.125,18.375,23.75,5.0,11.875,10.0,6.25,3.625,30.75,15.75,1.375,0.5,382.0,40.875,730.0,11,0,4,0,4,4,0,0,0,0,3,0,1,0,185.42,187.96,185.0,33.0,29.0,0,0,0,0,0,1,0,0,0,0,0,0,0,0,0,1,0,0,0,0,0,0,1,0
Red,False,0.75,0.0,0.4275,0.36375,0.21875,0.6875,2.4375,0.0,0.0,0.0,28.0625,12.6875,47.375,19.5625,35.875,20.5,62.9375,32.0625,0.8125,0.25,1.6875,0.6875,22.8125,8.125,37.8125,11.0625,0.3125,0.1875,5.875,5.3125,4.9375,4.375,3.6875,3.1875,21.1875,9.125,21.6875,7.0625,2.3125,1.0,2.375,1.1875,4.5625,2.5625,23.3125,11.3125,43.75,148.8125,326.3125,9,0,0,1,4,4,1,0,0,0,0,1,3,0,185.42,193.04,185.0,0.0471682548522949,0.0,0.45,0.4217682266235352,0.25,0.19173828125,0.1875,0.125,0.0,0.0,69.5,30.5,66.984375,27.8466796875,94.0,48.544921875,88.50390625,44.75,2.0,0.8125,2.015625,0.6640625,54.0,19.01513671875,51.483436584472656,16.9437255859375,7.91796875,5.430633544921875,7.75,5.0625,4.780975341796875,3.9373779296875,4.8994140625,3.84375,51.025390625,18.400863647460938,50.515625,17.5,5.75,3.75,5.5,3.5,5.375,3.6875,4.0,2.65625,104.865234375,89.5,655.8441009521484,0,0,0,0,0,0,0,0,0,0,0,0,0,0,190.5,205.74,205.0,29.0,24.0,0,0,0,0,0,1,0,0,0,0,0,0,0,0,0,1,0,0,0,0,0,0,1,0
Red,False,0.015625,0.0,0.45,0.4275,0.25,0.2,0.148468017578125,0.098388671875,0.0,0.0,66.5,29.6875,64.31230545043945,27.34375,89.75,48.0,85.53125,44.41152191162109,2.0,0.75,2.0546875,0.75,51.1875,18.3359375,49.6123046875,16.280410766601562,7.5,5.07647705078125,7.5,5.0,4.5,3.625,4.984375,3.9375,48.6875,17.0,47.11572265625,16.5,5.75,3.75,5.3125,3.4375,5.0625,3.5,3.875,2.5,99.2119140625,94.125,638.5,0,0,0,0,0,0,0,0,0,0,0,0,0,0,190.5,195.58,205.0,0.25,0.0,0.6725,0.395,0.625,0.625,0.25,0.25,0.0,0.0,44.0,23.25,36.75,12.5,50.75,30.0,39.75,15.25,2.0,0.75,1.0,0.75,33.75,15.75,30.75,7.75,7.25,6.0,3.5,2.25,3.0,1.5,2.5,2.5,20.5,9.0,27.0,6.75,10.0,6.75,8.5,4.75,13.5,7.5,1.25,1.0,73.25,34.75,259.75,4,0,3,0,3,3,0,0,0,0,0,3,0,0,187.96,187.96,205.0,27.0,25.0,0,0,0,0,0,1,0,0,0,0,0,0,0,0,0,0,0,1,0,0,1,0,0,0
Red,False,0.0,1.0,0.6,0.57,0.5,0.5,0.0,1.0,1.0,0.0,48.0,29.0,70.0,40.0,156.0,127.0,111.0,78.0,2.0,1.0,4.0,2.0,46.0,27.0,70.0,40.0,2.0,2.0,0.0,0.0,0.0,0.0,0.0,0.0,9.0,3.0,11.0,3.0,0.0,0.0,6.0,5.0,39.0,26.0,53.0,32.0,434.0,223.0,721.0,3,0,1,0,1,1,0,0,0,0,0,1,0,0,180.34,180.34,170.0,0.0471682548522949,0.0,0.45,0.4217682266235352,0.25,0.19173828125,0.1875,0.125,0.0,0.0,69.5,30.5,66.984375,27.8466796875,94.0,48.544921875,88.50390625,44.75,2.0,0.8125,2.015625,0.6640625,54.0,19.01513671875,51.483436584472656,16.9437255859375,7.91796875,5.430633544921875,7.75,5.0625,4.780975341796875,3.9373779296875,4.8994140625,3.84375,51.025390625,18.400863647460938,50.515625,17.5,5.75,3.75,5.5,3.5,5.375,3.6875,4.0,2.65625,104.865234375,89.5,655.8441009521484,0,0,0,0,0,0,0,0,0,0,0,0,0,0,180.34,177.8,170.0,26.0,34.0,0,0,0,0,0,0,0,0,0,1,0,0,0,0,0,1,0,0,0,0,0,0,1,0
Red,False,0.0,1.0,0.46,0.64,0.0,0.0,0.0,0.0,0.0,0.0,13.0,6.0,14.0,9.0,13.0,6.0,14.0,9.0,0.0,0.0,0.0,0.0,5.0,0.0,14.0,9.0,0.0,0.0,0.0,0.0,8.0,6.0,0.0,0.0,13.0,6.0,9.0,5.0,0.0,0.0,1.0,0.0,0.0,0.0,4.0,4.0,0.0,3.0,75.0,1,0,0,1,0,0,1,0,0,0,0,0,0,0,177.8,177.8,170.0,0.0471682548522949,0.0,0.45,0.4217682266235352,0.25,0.19173828125,0.1875,0.125,0.0,0.0,69.5,30.5,66.984375,27.8466796875,94.0,48.544921875,88.50390625,44.75,2.0,0.8125,2.015625,0.6640625,54.0,19.01513671875,51.483436584472656,16.9437255859375,7.91796875,5.430633544921875,7.75,5.0625,4.780975341796875,3.9373779296875,4.8994140625,3.84375,51.025390625,18.400863647460938,50.515625,17.5,5.75,3.75,5.5,3.5,5.375,3.6875,4.0,2.65625,104.865234375,89.5,655.8441009521484,0,0,0,0,0,0,0,0,0,0,0,0,0,0,187.96,193.04,170.0,26.0,26.0,0,0,0,0,0,0,0,0,0,1,0,0,0,0,0,1,0,0,0,0,0,0,1,0
Red,False,0.25,0.5,0.3425,0.6025,0.8125,0.0675,1.25,0.0,0.25,0.0,58.25,18.25,46.25,24.75,71.25,29.75,63.25,40.75,1.75,1.0,2.75,0.75,52.75,14.0,36.75,17.0,3.5,2.25,4.25,2.5,2.0,2.0,5.25,5.25,40.75,9.25,24.25,9.5,12.0,7.0,19.75,13.5,5.5,2.0,2.25,1.75,79.5,120.5,367.25,5,0,0,1,2,2,1,0,0,0,1,0,1,0,187.96,195.58,234.0,0.0471682548522949,0.0,0.45,0.4217682266235352,0.25,0.19173828125,0.1875,0.125,0.0,0.0,69.5,30.5,66.984375,27.8466796875,94.0,48.544921875,88.50390625,44.75,2.0,0.8125,2.015625,0.6640625,54.0,19.01513671875,51.483436584472656,16.9437255859375,7.91796875,5.430633544921875,7.75,5.0625,4.780975341796875,3.9373779296875,4.8994140625,3.84375,51.025390625,18.400863647460938,50.515625,17.5,5.75,3.75,5.5,3.5,5.375,3.6875,4.0,2.65625,104.865234375,89.5,655.8441009521484,0,0,0,0,0,0,0,0,0,0,0,0,0,0,187.96,203.2,265.0,32.0,33.0,0,0,0,0,1,0,0,0,0,0,0,0,0,0,0,1,0,0,0,0,1,0,0,0
Red,False,0.0625,0.0,0.39375,0.56875,0.04875,0.3243749999999999,0.375,0.4375,0.0625,0.0625,60.3125,31.8125,60.625,27.0,66.125,37.3125,73.625,39.8125,1.0625,0.1875,2.625,0.9375,46.0,19.5,52.0625,21.375,6.375,4.6875,6.9375,4.0625,7.9375,7.625,1.625,1.5625,41.375,19.1875,47.25,17.3125,17.5,11.875,10.75,8.0625,1.4375,0.75,2.625,1.625,64.4375,83.875,389.5625,11,0,0,1,2,3,2,0,0,0,0,1,1,1,187.96,190.5,185.0,0.0471682548522949,0.0,0.45,0.4217682266235352,0.25,0.19173828125,0.1875,0.125,0.0,0.0,69.5,30.5,66.984375,27.8466796875,94.0,48.544921875,88.50390625,44.75,2.0,0.8125,2.015625,0.6640625,54.0,19.01513671875,51.483436584472656,16.9437255859375,7.91796875,5.430633544921875,7.75,5.0625,4.780975341796875,3.9373779296875,4.8994140625,3.84375,51.025390625,18.400863647460938,50.515625,17.5,5.75,3.75,5.5,3.5,5.375,3.6875,4.0,2.65625,104.865234375,89.5,655.8441009521484,0,0,0,0,0,0,0,0,0,0,0,0,0,0,182.88,182.88,185.0,23.0,26.0,0,0,0,0,0,0,0,1,0,0,0,0,0,0,0,1,0,0,0,0,1,0,0,0
Red,True,1.125,0.00390625,0.4758984375,0.4294140625,0.1523046874999999,0.2341015625,0.03125,0.40625,0.28515625,0.0703125,44.63671875,21.044921875,44.798828125,22.037109375,73.826171875,48.099609375,96.3359375,71.84765625,5.630859375,0.974609375,2.451171875,1.26171875,32.6953125,11.7578125,32.40625,10.86328125,7.044921875,4.79296875,9.310546875,8.59765625,4.896484375,4.494140625,3.08203125,2.576171875,26.51953125,9.4921875,23.232421875,6.6484375,6.8203125,4.904296875,11.31640625,9.546875,11.296875,6.6484375,10.25,5.841796875,210.25,72.875,549.662109375,26,2,0,1,2,6,4,0,1,1,2,1,1,0,167.64,172.72,170.0,0.126953125,0.25,0.599755859375,0.315009765625,0.863623046875,0.094921875,2.78125,0.0390625,0.005859375,0.005859375,50.5888671875,30.337890625,27.9296875,8.177734375,113.4990234375,88.1904296875,36.421875,15.44140625,2.4443359375,2.26953125,2.8154296875,0.2890625,34.986328125,18.0537109375,24.6064453125,5.4921875,6.1337890625,5.41015625,2.27734375,1.9453125,9.46875,6.8740234375,1.0458984375,0.740234375,27.9599609375,12.892578125,21.48828125,3.763671875,2.5166015625,1.60546875,1.7568359375,1.5224609375,20.1123046875,15.83984375,4.6845703125,2.8916015625,373.986328125,31.4970703125,614.2265625,22,4,2,0,5,9,2,0,0,1,3,3,2,0,180.34,193.04,185.0,33.0,26.0,0,0,0,0,0,0,0,0,0,1,0,0,0,0,0,1,0,0,0,0,1,0,0,0
Red,False,0.0,0.0,0.295,0.4499999999999999,0.205,0.5,0.0,0.5,0.0,0.5,48.0,16.0,60.0,26.5,86.0,49.0,86.5,52.5,11.0,3.5,0.5,0.5,41.5,11.0,54.0,21.0,4.0,2.5,5.0,4.5,2.5,2.5,1.0,1.0,28.0,4.5,42.0,14.0,9.5,6.0,10.5,6.5,10.5,5.5,7.5,6.0,319.0,95.5,597.5,4,0,0,1,1,1,1,0,0,0,1,0,0,0,172.72,190.5,155.0,0.0,0.0,0.71,0.57,0.5,0.0,1.0,0.0,0.0,0.0,14.0,10.0,7.0,4.0,41.0,36.0,8.0,5.0,2.0,1.0,0.0,0.0,8.0,5.0,2.0,0.0,6.0,5.0,3.0,2.0,0.0,0.0,2.0,2.0,0.0,0.0,2.0,0.0,6.0,5.0,5.0,4.0,8.0,5.0,0.0,0.0,74.0,28.0,121.0,1,1,1,0,1,1,0,0,0,0,0,0,1,0,172.72,177.8,155.0,26.0,28.0,0,0,0,0,0,0,1,0,0,0,0,0,0,0,0,1,0,0,0,0,1,0,0,0
Red,False,0.0,0.5,0.08,0.42,0.665,0.0,1.0,0.0,0.0,0.0,6.5,1.0,33.0,14.5,16.0,5.0,38.0,19.5,2.0,1.0,0.0,0.0,6.0,0.5,26.0,9.5,0.5,0.5,3.5,3.0,0.0,0.0,3.5,2.0,6.0,0.5,19.5,7.0,0.5,0.5,0.5,0.5,0.0,0.0,13.0,7.0,101.5,86.5,356.5,3,0,0,1,1,1,1,0,0,0,0,0,1,0,177.8,180.34,185.0,0.125,0.125,0.4125,0.34625,0.675,0.33625,0.25,0.375,0.1875,0.0625,104.0,40.0,78.75,27.1875,126.1875,58.1875,102.1875,45.125,1.5,1.375,11.5,4.6875,89.6875,26.5,76.375,25.375,9.0,8.75,1.625,1.3125,5.3125,4.75,0.75,0.5,83.375,26.125,68.0625,22.6875,10.75,8.8125,3.375,1.5625,9.875,5.0625,7.3125,2.9375,76.0,313.375,776.125,11,1,4,0,4,4,1,0,0,1,0,3,0,0,185.42,190.5,185.0,27.0,29.0,0,0,0,0,0,0,0,1,0,0,0,0,0,0,0,1,0,0,0,0,1,0,0,0
Red,False,0.0625,0.0,0.314375,0.5425,0.4875,0.135,0.25,1.0625,0.0625,0.5,11.3125,5.1875,18.875,12.5625,18.125,11.9375,44.4375,35.875,4.0,1.8125,1.0,0.75,10.0625,4.0625,12.625,7.1875,1.25,1.125,2.125,1.4375,0.0,0.0,4.125,3.9375,3.5625,0.5625,6.375,2.3125,0.75,0.625,5.9375,5.1875,7.0,4.0,6.5625,5.0625,196.5625,114.875,414.125,10,1,1,0,1,2,3,0,0,0,0,1,1,0,180.34,190.5,185.0,0.09765625,1.6015625,0.40779296875,0.62380859375,0.485390625,0.1739453125,0.009765625,0.7666015625,0.1640625,0.0,76.708984375,31.9013671875,47.294921875,28.654296875,84.7998046875,38.6484375,54.7255859375,35.0341796875,2.068359375,1.037109375,2.4521484375,0.4189453125,58.736328125,16.5,31.6083984375,15.0888671875,9.705078125,7.916015625,10.099609375,8.494140625,8.267578125,7.4853515625,5.5869140625,5.0712890625,60.271484375,20.3818359375,25.955078125,10.560546875,8.181640625,6.7353515625,19.21484375,17.21875,8.255859375,4.7841796875,2.125,0.875,145.0810546875,72.322265625,555.2958984375,24,5,7,0,7,9,2,0,0,0,2,5,1,1,185.42,193.04,185.0,34.0,33.0,0,0,0,0,0,0,0,1,0,0,0,0,0,0,0,1,0,0,0,0,0,0,1,0
Red,False,0.5,0.0,0.594375,0.569375,0.605,0.1,0.75,2.625,0.625,0.1875,52.5625,30.3125,14.5,7.75,89.4375,63.9375,22.9375,15.75,3.75,2.25,2.5625,0.5,44.75,23.375,11.0,4.375,7.6875,6.8125,2.625,2.625,0.125,0.125,0.875,0.75,12.3125,3.5625,9.125,4.0625,9.5625,5.75,3.625,2.1875,30.6875,21.0,1.75,1.5,354.5625,77.75,519.4375,10,1,0,2,3,3,2,0,0,0,0,1,2,0,185.42,195.58,205.0,0.0,0.0,1.0,0.66,1.0,0.0,1.0,0.0,0.0,0.0,3.0,3.0,3.0,2.0,11.0,9.0,7.0,6.0,2.0,2.0,0.0,0.0,1.0,1.0,3.0,2.0,1.0,1.0,0.0,0.0,1.0,1.0,0.0,0.0,1.0,1.0,1.0,0.0,0.0,0.0,0.0,0.0,2.0,2.0,2.0,2.0,146.0,0.0,160.0,1,0,1,0,1,1,0,0,0,0,0,0,1,0,185.42,182.88,170.0,27.0,30.0,0,0,0,0,0,0,0,1,0,0,0,0,0,0,0,1,0,0,0,0,0,0,1,0
Red,False,0.25,0.625,0.4575,0.5549999999999999,0.27125,0.7462500000000001,1.875,1.0,0.125,1.0,33.3125,12.9375,74.9375,42.0,52.9375,32.0625,111.8125,76.8125,5.9375,1.625,3.4375,2.875,27.5625,8.0625,61.0625,29.5,4.375,3.5,10.1875,8.875,1.375,1.375,3.6875,3.625,26.9375,9.75,33.875,15.625,4.125,2.1875,10.4375,6.3125,2.25,1.0,30.625,20.0625,115.6875,429.0625,736.625,14,0,0,1,1,1,4,0,0,0,0,0,1,0,182.88,190.5,185.0,0.0,0.0,0.54625,0.57875,0.09375,0.84375,0.1875,0.75,0.3125,0.1875,42.25,22.875,60.625,31.9375,83.3125,61.1875,88.625,57.6875,8.0,0.6875,1.375,1.0625,22.8125,5.125,52.75,25.3125,3.0,2.375,5.875,4.75,16.4375,15.375,2.0,1.875,15.3125,2.375,20.8125,7.5625,18.125,15.1875,14.25,10.5,8.8125,5.3125,25.5625,13.875,197.375,326.5,693.625,10,0,2,0,2,3,2,0,0,0,0,1,2,0,190.5,203.2,185.0,30.0,32.0,0,0,0,0,0,0,0,1,0,0,0,0,0,0,0,1,0,0,0,0,1,0,0,0
Red,False,0.0,0.0,0.5225,0.47,0.3925,0.09375,0.25,0.125,0.25,0.0,72.375,36.75,94.375,44.75,88.375,51.5,127.125,75.125,3.0,1.125,0.5,0.375,55.25,24.0,71.375,27.5,13.375,9.25,12.5,7.75,3.75,3.5,10.5,9.5,51.0,21.25,63.875,25.75,12.75,10.5,27.0,16.625,8.625,5.0,3.5,2.375,119.0,75.75,534.0,9,0,1,0,1,2,2,0,0,0,1,0,1,0,190.5,187.96,185.0,0.75,1.0,0.4075,0.3825,0.0,0.25,0.0,0.0,0.0,0.0,77.5,36.8125,70.3125,31.0,85.1875,44.0,80.1875,40.3125,0.5,0.0,2.0,1.0,54.5,18.0625,61.0,23.9375,10.375,7.0,6.4375,4.6875,12.625,11.75,2.875,2.375,65.75,28.9375,60.625,23.0625,9.6875,5.875,8.1875,6.4375,2.0625,2.0,1.5,1.5,13.875,80.625,387.875,7,1,3,0,3,4,1,0,0,0,0,4,0,0,182.88,182.88,185.0,33.0,36.0,0,0,0,0,0,0,0,1,0,0,0,0,0,0,0,1,0,0,0,1,0,0,0,0
Red,False,0.015625,0.0,0.45,0.4275,0.25,0.2,0.148468017578125,0.098388671875,0.0,0.0,66.5,29.6875,64.31230545043945,27.34375,89.75,48.0,85.53125,44.41152191162109,2.0,0.75,2.0546875,0.75,51.1875,18.3359375,49.6123046875,16.280410766601562,7.5,5.07647705078125,7.5,5.0,4.5,3.625,4.984375,3.9375,48.6875,17.0,47.11572265625,16.5,5.75,3.75,5.3125,3.4375,5.0625,3.5,3.875,2.5,99.2119140625,94.125,638.5,0,0,0,0,0,0,0,0,0,0,0,0,0,0,187.96,187.96,205.0,0.0471682548522949,0.0,0.45,0.4217682266235352,0.25,0.19173828125,0.1875,0.125,0.0,0.0,69.5,30.5,66.984375,27.8466796875,94.0,48.544921875,88.50390625,44.75,2.0,0.8125,2.015625,0.6640625,54.0,19.01513671875,51.483436584472656,16.9437255859375,7.91796875,5.430633544921875,7.75,5.0625,4.780975341796875,3.9373779296875,4.8994140625,3.84375,51.025390625,18.400863647460938,50.515625,17.5,5.75,3.75,5.5,3.5,5.375,3.6875,4.0,2.65625,104.865234375,89.5,655.8441009521484,0,0,0,0,0,0,0,0,0,0,0,0,0,0,185.42,195.58,240.0,28.0,25.0,0,0,0,0,1,0,0,0,0,0,0,0,0,0,0,1,0,0,0,0,1,0,0,0
Red,False,0.0,0.0,0.23125,0.44125,0.0,0.1475,0.0,1.0,0.0,0.125,158.375,43.25,100.75,39.25,187.375,70.5,116.25,53.75,0.0,0.0,16.875,1.625,125.5,19.75,78.0,21.25,19.75,12.875,16.5,12.875,13.125,10.625,6.25,5.125,131.25,24.5,88.25,31.75,12.875,9.875,9.75,6.25,14.25,8.875,2.75,1.25,176.0,137.75,800.75,10,0,1,0,1,2,2,0,0,1,1,0,0,0,175.26,177.8,155.0,0.0,0.3125,0.5431250000000001,0.3653125,0.7109375,0.765,1.5625,1.3125,0.75,0.25,22.0625,10.21875,37.84375,14.8125,39.875,27.4375,46.0,22.0,1.875,1.40625,2.03125,1.65625,15.25,4.6875,32.59375,10.25,1.96875,1.5,2.96875,2.53125,4.84375,4.03125,2.28125,2.03125,17.5,7.3125,26.78125,7.8125,2.84375,1.25,5.0625,3.25,1.71875,1.65625,6.0,3.75,105.28125,149.34375,452.625,13,0,0,2,2,3,3,0,0,0,0,0,3,0,175.26,182.88,155.0,23.0,32.0,0,0,0,0,0,0,1,0,0,0,0,0,0,0,0,1,0,0,0,0,0,0,1,0
Red,False,0.0,0.0,0.39,0.435,0.2675,0.2075,0.75,0.0,0.0,0.25,35.0,15.0,76.75,36.75,64.25,43.0,121.5,77.5,6.5,2.25,1.5,1.25,28.0,9.0,60.0,24.0,3.25,3.0,3.75,2.25,3.75,3.0,13.0,10.5,23.25,6.75,48.75,18.75,4.0,2.5,11.5,8.0,7.75,5.75,16.5,10.0,210.75,219.0,722.0,8,0,0,1,1,1,2,0,0,0,1,0,0,0,177.8,177.8,168.0,0.0,0.28125,0.4253125,0.52625,0.79125,0.1484375,0.53125,0.90625,0.15625,0.0,12.21875,7.1875,22.15625,10.78125,30.875,22.65625,28.03125,16.4375,2.4375,2.125,1.5,0.40625,10.9375,6.09375,20.125,8.75,1.0,0.90625,0.78125,0.78125,0.28125,0.1875,1.25,1.25,6.0,2.46875,15.0625,5.6875,0.34375,0.21875,1.4375,0.78125,5.875,4.5,5.65625,4.3125,162.53125,48.09375,267.96875,10,0,1,0,1,3,3,0,1,0,0,0,1,1,182.88,185.42,170.0,31.0,28.0,0,0,0,0,0,0,0,0,0,1,0,0,0,0,0,1,0,0,0,0,1,0,0,0
Red,False,0.0,0.0,0.7,0.22,0.5,0.0,0.0,0.0,0.0,0.0,60.0,42.0,31.0,7.0,64.0,46.0,31.0,7.0,2.0,1.0,0.0,0.0,41.0,25.0,29.0,5.0,14.0,14.0,0.0,0.0,5.0,3.0,2.0,2.0,34.0,20.0,31.0,7.0,22.0,18.0,0.0,0.0,4.0,4.0,0.0,0.0,6.0,0.0,292.0,1,0,1,0,1,1,0,0,0,0,0,1,0,0,182.88,187.96,185.0,0.0,0.125,0.50125,0.33625,0.45375,0.0,0.0,0.125,0.0,0.0,85.25,41.125,98.875,30.5,132.625,80.0,114.5,45.0,7.75,4.0,1.0,0.0,83.0,39.625,87.0,20.125,1.625,0.875,5.25,4.625,0.625,0.625,6.625,5.75,72.125,30.625,96.75,29.625,4.75,3.875,1.75,0.75,8.375,6.625,0.375,0.125,236.125,1.875,658.375,8,0,3,0,3,3,1,0,0,0,1,2,0,0,185.42,193.04,205.0,27.0,31.0,0,0,0,0,0,1,0,0,0,0,0,0,0,0,0,1,0,0,0,0,1,0,0,0
Red,False,0.015625,0.0,0.45,0.4275,0.25,0.2,0.148468017578125,0.098388671875,0.0,0.0,66.5,29.6875,64.31230545043945,27.34375,89.75,48.0,85.53125,44.41152191162109,2.0,0.75,2.0546875,0.75,51.1875,18.3359375,49.6123046875,16.280410766601562,7.5,5.07647705078125,7.5,5.0,4.5,3.625,4.984375,3.9375,48.6875,17.0,47.11572265625,16.5,5.75,3.75,5.3125,3.4375,5.0625,3.5,3.875,2.5,99.2119140625,94.125,638.5,0,0,0,0,0,0,0,0,0,0,0,0,0,0,167.64,167.64,155.0,0.0,1.0,0.515,0.35,0.125,0.0,0.0,0.0,0.0,0.0,81.0,30.0,97.0,25.0,111.5,59.0,113.0,41.0,3.5,0.5,1.0,0.0,77.5,27.0,82.0,15.0,3.0,2.5,8.0,4.5,0.5,0.5,7.0,5.5,72.0,22.0,87.0,18.5,2.5,2.0,4.0,3.0,6.5,6.0,6.0,3.5,71.5,110.5,584.5,4,0,0,1,1,1,1,0,0,0,0,1,0,0,177.8,187.96,155.0,29.0,34.0,0,0,0,0,0,0,1,0,0,0,0,0,0,0,0,1,0,0,0,0,1,0,0,0
Red,False,0.75,0.0,0.4625,0.515,0.5,0.625,0.0,0.0,0.0,0.0,18.0,9.75,20.75,12.5,18.0,9.75,26.5,18.25,0.5,0.5,1.0,0.75,15.25,7.75,17.5,9.25,2.0,1.25,2.75,2.75,0.75,0.75,0.5,0.5,5.5,0.5,4.75,3.0,6.0,5.25,2.5,2.0,6.5,4.0,13.5,7.5,23.0,60.25,129.75,3,0,2,0,2,2,1,0,0,0,0,2,0,0,182.88,182.88,205.0,0.15625,0.03125,0.4740625,0.634375,0.0,0.788125,0.25,0.25,0.0,0.0,15.53125,5.96875,17.4375,9.6875,16.1875,6.625,24.71875,16.84375,0.5,0.0,1.96875,1.34375,10.375,2.1875,14.21875,6.59375,1.125,1.0,2.21875,2.09375,4.03125,2.78125,1.0,1.0,13.875,4.6875,13.1875,6.28125,0.65625,0.40625,1.8125,1.40625,1.0,0.875,2.4375,2.0,5.8125,69.375,159.125,8,0,0,1,1,3,3,0,0,0,0,2,0,0,187.96,190.5,205.0,36.0,29.0,0,0,0,0,0,1,0,0,0,0,0,0,0,0,0,1,0,0,0,0,1,0,0,0
Red,False,0.0,0.015625,0.42861328125,0.34685546875,0.64794921875,0.16248046875,0.056640625,0.0859375,0.00390625,0.6171875,114.427734375,49.046875,90.935546875,32.26171875,164.447265625,93.88671875,111.162109375,50.904296875,7.765625,5.220703125,4.150390625,0.875,107.337890625,42.755859375,69.390625,15.34765625,2.810546875,2.513671875,12.517578125,10.404296875,4.279296875,3.77734375,9.02734375,6.509765625,66.384765625,24.302734375,64.166015625,17.19921875,16.8359375,8.220703125,19.857421875,11.224609375,31.20703125,16.5234375,6.912109375,3.837890625,318.07421875,124.634765625,879.4453125,26,0,1,0,4,8,2,0,0,1,5,1,1,0,177.8,182.88,170.0,0.765625,0.03125,0.4771093749999999,0.315625,0.046875,0.62234375,0.21875,0.1015625,0.0,0.0078125,85.203125,39.1015625,83.375,27.6796875,94.8984375,47.9609375,111.046875,54.21875,0.0625,0.0625,3.78125,1.2265625,60.109375,19.1484375,67.2890625,15.578125,6.1953125,4.8046875,10.828125,8.1484375,18.8984375,15.1484375,5.2578125,3.953125,59.46875,24.09375,68.8515625,17.8359375,14.8671875,9.0625,11.5078125,7.421875,10.8671875,5.9453125,3.015625,2.421875,51.7890625,135.1640625,564.9375,15,0,0,1,4,6,2,0,0,0,1,4,0,1,175.26,177.8,170.0,25.0,24.0,0,0,0,0,0,0,0,0,0,1,0,0,0,0,0,1,0,0,0,0,1,0,0,0
Red,False,0.25,0.0,0.6475,0.23,0.6875,0.0,2.0,0.0,0.25,0.5,9.0,5.75,7.5,2.0,16.5,13.0,9.0,3.5,2.25,1.5,0.0,0.0,7.75,4.5,7.0,1.75,1.25,1.25,0.5,0.25,0.0,0.0,0.0,0.0,4.25,1.25,6.0,1.25,1.25,1.25,0.5,0.5,3.5,3.25,1.0,0.25,96.75,28.25,156.25,4,0,3,0,3,3,0,0,0,0,0,1,2,0,177.8,180.34,155.0,0.0,0.0,0.526015625,0.263671875,0.8003125,0.30453125,0.9375,0.3125,0.0625,0.0,49.125,25.3125,23.5390625,7.875,83.2109375,56.6640625,36.234375,19.3046875,2.640625,1.9609375,2.828125,0.8828125,41.671875,18.7734375,21.3359375,6.75,3.8359375,3.578125,1.125,0.734375,3.6171875,2.9609375,1.078125,0.390625,15.609375,5.53125,10.9140625,1.6796875,1.4375,1.2109375,4.3671875,1.875,32.078125,18.5703125,8.2578125,4.3203125,150.578125,116.0859375,414.9609375,16,2,0,1,3,6,2,0,0,0,0,1,4,1,177.8,187.96,145.0,23.0,31.0,0,0,0,0,0,0,1,0,0,0,0,0,0,0,0,1,0,0,0,0,0,0,1,0
Red,False,0.0,0.0,0.545,0.26,0.4625,0.125,0.0,1.0,0.25,0.0,78.0,42.5,48.75,14.0,160.25,117.25,64.0,28.75,9.75,6.0,2.75,0.75,72.0,37.25,40.0,7.5,5.25,4.75,5.5,3.5,0.75,0.5,3.25,3.0,23.5,8.25,43.5,11.25,10.5,8.25,4.5,2.0,44.0,26.0,0.75,0.75,505.25,24.75,748.75,7,0,3,0,3,3,0,0,0,0,2,1,0,0,167.64,172.72,135.0,0.75,0.0,0.52,0.2675,0.75,0.5,1.75,0.25,1.25,0.5,43.0,18.75,22.75,8.75,78.0,48.5,103.25,79.5,1.5,1.5,1.25,0.75,39.25,15.5,19.25,6.25,3.75,3.25,1.5,1.0,0.0,0.0,2.0,1.5,10.25,3.25,17.25,7.5,4.25,1.75,3.0,0.75,28.5,13.75,2.5,0.5,390.75,80.0,537.0,6,0,0,1,2,2,1,0,0,0,1,1,0,0,175.26,177.8,155.0,26.0,28.0,0,0,0,0,0,0,1,0,0,0,0,0,0,0,0,1,0,0,0,0,1,0,0,0
Red,False,0.0,0.5,0.43625,0.309375,0.559375,0.3125,0.4375,1.875,0.5,0.5625,52.625,20.625,37.9375,14.4375,68.6875,35.5,59.0,32.5625,3.125,1.75,2.8125,0.8125,47.375,17.25,34.875,12.75,3.5625,1.75,2.75,1.5,1.6875,1.625,0.3125,0.1875,39.9375,12.5625,24.6875,6.0,2.4375,0.9375,1.875,1.3125,10.25,7.125,11.375,7.125,201.6875,86.5,505.0,10,0,0,1,2,3,2,0,0,0,0,1,2,0,172.72,177.8,155.0,0.25,0.0,0.51,0.4425,0.5825,0.1875,2.0,1.25,0.0,0.75,8.0,4.5,14.5,6.75,37.0,32.75,19.5,11.75,2.0,1.25,1.5,0.5,6.75,3.5,12.0,4.5,0.25,0.0,1.0,0.75,1.0,1.0,1.5,1.5,2.5,1.25,2.5,0.75,2.5,2.25,3.25,2.0,3.0,1.0,8.75,4.0,105.0,122.0,252.0,4,1,3,0,3,3,0,0,0,0,0,0,3,0,182.88,193.04,170.0,28.0,22.0,0,0,0,0,0,0,1,0,0,0,0,0,0,0,0,1,0,0,0,0,0,0,1,0
Red,False,0.0625,0.0078125,0.25921875,0.371328125,0.2109375,0.573125,0.75,0.515625,0.0,0.25,38.421875,11.6015625,58.6953125,22.3046875,52.1328125,24.2890625,84.5546875,46.1484375,1.171875,0.375,4.0625,1.734375,34.3046875,8.75,51.1484375,16.6015625,1.8984375,1.1328125,4.296875,3.40625,2.21875,1.71875,3.25,2.296875,31.015625,7.2734375,29.703125,6.578125,4.1328125,2.328125,2.21875,1.4453125,3.2734375,2.0,26.7734375,14.28125,95.859375,134.4453125,445.171875,18,0,0,1,4,5,3,0,0,1,2,0,2,0,175.26,175.26,155.0,0.125,0.25,0.385625,0.385,0.145,0.6712499999999999,0.375,0.9375,0.25,0.0,57.0625,23.1875,131.875,50.875,71.125,36.0,210.6875,119.125,1.875,0.3125,4.8125,3.0,51.25,17.625,107.3125,32.4375,3.5,3.25,20.125,14.5,2.3125,2.3125,4.4375,3.9375,30.8125,9.375,85.3125,23.75,15.625,7.875,38.5,24.125,10.625,5.9375,8.0625,3.0,145.1875,193.0625,710.6875,11,0,0,1,2,2,3,0,0,0,1,0,1,0,180.34,182.88,170.0,31.0,25.0,0,0,0,0,0,0,1,0,0,0,0,0,0,0,0,1,0,0,0,0,1,0,0,0
Red,False,0.015625,0.0,0.45,0.4275,0.25,0.2,0.148468017578125,0.098388671875,0.0,0.0,66.5,29.6875,64.31230545043945,27.34375,89.75,48.0,85.53125,44.41152191162109,2.0,0.75,2.0546875,0.75,51.1875,18.3359375,49.6123046875,16.280410766601562,7.5,5.07647705078125,7.5,5.0,4.5,3.625,4.984375,3.9375,48.6875,17.0,47.11572265625,16.5,5.75,3.75,5.3125,3.4375,5.0625,3.5,3.875,2.5,99.2119140625,94.125,638.5,0,0,0,0,0,0,0,0,0,0,0,0,0,0,172.72,172.72,155.0,1.0,0.0,0.454375,0.334375,0.355625,0.125,0.875,1.875,0.0,1.0,105.6875,42.6875,104.9375,34.625,159.6875,89.625,132.5625,54.0625,8.75,3.9375,1.0,0.25,87.75,28.75,98.6875,29.875,13.6875,10.1875,5.375,3.875,4.25,3.75,0.875,0.875,79.0,26.0625,98.4375,29.75,1.625,1.25,2.3125,1.5,25.0625,15.375,4.1875,3.375,340.9375,43.25,755.625,14,0,1,0,1,2,3,0,0,1,0,0,1,0,170.18,177.8,155.0,32.0,26.0,0,0,0,0,0,0,1,0,0,0,0,0,0,0,0,1,0,0,0,0,1,0,0,0
Red,False,0.0,0.0,0.0,0.6,1.0,0.0,0.0,1.0,0.0,1.0,4.0,0.0,5.0,3.0,5.0,1.0,6.0,4.0,1.0,1.0,0.0,0.0,4.0,0.0,5.0,3.0,0.0,0.0,0.0,0.0,0.0,0.0,0.0,0.0,4.0,0.0,5.0,3.0,0.0,0.0,0.0,0.0,0.0,0.0,0.0,0.0,12.0,56.0,112.0,1,0,0,1,0,0,1,0,0,0,0,0,0,0,177.8,177.8,155.0,0.0,0.0,0.485,0.53,0.29,0.0,1.0,0.5,0.0,0.0,20.0,9.5,4.0,2.0,29.0,18.0,34.0,31.5,3.5,1.0,0.5,0.0,17.5,7.0,3.5,2.0,0.0,0.0,0.5,0.0,2.5,2.5,0.0,0.0,3.5,1.5,3.5,1.5,3.0,2.5,0.0,0.0,13.5,5.5,0.5,0.5,157.0,18.5,205.5,3,1,0,1,1,1,1,0,0,0,0,0,1,0,165.1,170.18,135.0,39.0,26.0,0,0,0,0,0,0,1,0,0,0,0,0,0,0,0,1,0,0,0,0,1,0,0,0
Red,False,0.0,0.0,0.57,0.71,0.0,0.5,0.0,1.0,0.0,0.0,7.0,4.0,14.0,10.0,8.0,5.0,41.0,36.0,0.0,0.0,2.0,1.0,2.0,0.0,8.0,5.0,3.0,2.0,6.0,5.0,2.0,2.0,0.0,0.0,2.0,0.0,0.0,0.0,5.0,4.0,6.0,5.0,0.0,0.0,8.0,5.0,28.0,74.0,121.0,1,1,0,1,0,0,1,0,0,0,0,0,0,0,177.8,180.34,170.0,1.0,0.0,0.43,0.36,0.25,0.25,1.5,1.0,0.5,0.5,28.5,12.5,16.5,7.0,30.5,14.0,33.0,22.5,1.0,0.5,1.0,0.5,24.0,9.0,13.0,5.0,3.0,2.5,0.5,0.0,1.5,1.0,3.0,2.0,17.5,5.0,12.0,3.5,3.5,2.0,1.5,0.5,7.5,5.5,3.0,3.0,72.0,81.0,249.0,3,0,1,0,1,1,1,0,0,0,0,1,0,0,187.96,198.12,205.0,23.0,24.0,0,0,0,0,0,0,0,0,0,1,0,0,0,0,0,1,0,0,0,0,1,0,0,0
Red,False,0.0,0.0,0.0,0.0,1.0,0.0,1.0,0.0,0.0,0.0,0.0,0.0,2.0,0.0,0.0,0.0,2.0,0.0,1.0,1.0,0.0,0.0,0.0,0.0,1.0,0.0,0.0,0.0,1.0,0.0,0.0,0.0,0.0,0.0,0.0,0.0,1.0,0.0,0.0,0.0,1.0,0.0,0.0,0.0,0.0,0.0,12.0,0.0,23.0,1,0,1,0,1,1,0,0,0,0,0,0,1,0,177.8,177.8,170.0,0.0,0.0,0.66,0.0,0.0,0.0,1.0,0.0,0.0,0.0,3.0,2.0,3.0,0.0,28.0,24.0,3.0,0.0,0.0,0.0,2.0,0.0,3.0,2.0,3.0,0.0,0.0,0.0,0.0,0.0,0.0,0.0,0.0,0.0,1.0,0.0,3.0,0.0,0.0,0.0,0.0,0.0,2.0,2.0,0.0,0.0,72.0,19.0,96.0,1,0,1,0,1,1,0,0,0,0,0,0,1,0,177.8,180.34,155.0,29.0,30.0,0,0,0,0,0,0,0,0,0,1,0,0,0,0,0,1,0,0,0,0,1,0,0,0
Red,False,0.0,0.0,0.5275,0.24125,0.125,0.6875,1.5,0.125,0.0,0.0,24.625,12.125,11.625,4.125,29.875,17.0,18.25,10.625,0.125,0.125,1.625,1.125,22.5,10.5,10.5,3.375,0.5,0.5,0.375,0.375,1.625,1.125,0.75,0.375,15.625,7.375,10.25,3.0,0.875,0.625,0.0,0.0,8.125,4.125,1.375,1.125,36.0,99.125,221.875,6,0,0,1,3,3,1,0,0,0,1,0,2,0,185.42,193.04,170.0,0.0625,0.0078125,0.224296875,0.43140625,0.5464453125,0.53125,0.23828125,2.82421875,0.03125,0.28125,59.37109375,14.2421875,67.6484375,24.79296875,73.80078125,27.11328125,118.25390625,73.3984375,4.12890625,1.77734375,1.09375,1.03125,55.70703125,11.67578125,51.73828125,11.1796875,1.9375,1.375,2.3828125,1.71875,1.7265625,1.19140625,13.52734375,11.89453125,51.62890625,9.2734375,56.4765625,17.68359375,0.03125,0.0,0.109375,0.078125,7.7109375,4.96875,11.0625,7.03125,160.80859375,281.6875,842.7578125,19,0,2,0,5,7,2,0,0,0,3,2,2,0,177.8,185.42,170.0,21.0,30.0,0,0,0,0,0,0,0,0,0,1,0,0,0,0,0,1,0,0,0,0,1,0,0,0
Red,False,1.0,0.0,0.3924999999999999,0.315625,0.109375,0.193125,0.625,0.1875,0.0,0.1875,43.5625,18.0625,31.625,9.3125,54.0,27.6875,43.25,19.8125,0.5625,0.25,3.25,1.4375,32.375,10.0625,25.0625,4.75,9.5625,6.375,2.375,1.75,1.625,1.625,4.1875,2.8125,34.9375,12.875,24.5625,5.25,5.5625,3.25,1.875,1.0625,3.0625,1.9375,5.1875,3.0,45.5625,144.25,393.75,12,1,0,1,2,3,2,0,0,0,1,2,0,0,182.88,187.96,170.0,0.1875,0.0,0.43625,0.255625,0.1875,0.176875,0.0,0.75,0.0625,0.0625,77.375,30.8125,159.125,28.6875,82.1875,35.375,183.4375,52.3125,1.0,0.1875,2.5,0.875,54.8125,10.5,131.375,14.4375,5.3125,3.75,23.4375,11.3125,17.25,16.5625,4.3125,2.9375,66.0625,23.8125,145.0,22.5625,10.5625,6.625,9.0,3.625,0.75,0.375,5.125,2.5,24.375,107.25,678.9375,10,0,0,1,2,2,3,0,0,0,0,2,0,0,172.72,177.8,170.0,27.0,27.0,0,0,0,0,0,0,0,0,0,1,0,0,0,0,0,1,0,0,0,0,1,0,0,0
Red,False,0.015625,0.0,0.45,0.4275,0.25,0.2,0.148468017578125,0.098388671875,0.0,0.0,66.5,29.6875,64.31230545043945,27.34375,89.75,48.0,85.53125,44.41152191162109,2.0,0.75,2.0546875,0.75,51.1875,18.3359375,49.6123046875,16.280410766601562,7.5,5.07647705078125,7.5,5.0,4.5,3.625,4.984375,3.9375,48.6875,17.0,47.11572265625,16.5,5.75,3.75,5.3125,3.4375,5.0625,3.5,3.875,2.5,99.2119140625,94.125,638.5,0,0,0,0,0,0,0,0,0,0,0,0,0,0,185.42,190.5,170.0,0.046875,0.0,0.56890625,0.54046875,0.6331249999999999,0.2753125,0.609375,3.03125,0.0,0.5,42.421875,24.5,16.578125,9.0625,141.515625,113.0625,26.6875,18.109375,3.296875,2.28125,5.765625,1.5625,34.640625,17.546875,9.109375,2.3125,5.21875,4.6875,5.46875,4.78125,2.5625,2.265625,2.0,1.96875,17.140625,6.15625,8.9375,2.546875,6.859375,5.234375,6.640625,5.765625,18.421875,13.109375,1.0,0.75,416.953125,176.3125,700.046875,17,0,7,0,7,7,0,0,0,1,2,1,3,0,182.88,187.96,170.0,30.0,30.0,0,0,0,0,0,0,0,0,0,1,0,0,0,0,0,1,0,0,0,0,1,0,0,0
Red,False,0.015625,0.3125,0.5434375,0.18484375,0.140625,0.3125,0.0,0.0625,0.0,0.0,16.375,8.84375,15.03125,6.640625,19.1875,11.4375,18.15625,9.5625,0.765625,0.390625,2.59375,1.0625,15.796875,8.421875,13.671875,5.640625,0.5625,0.40625,0.953125,0.703125,0.015625,0.015625,0.40625,0.296875,7.84375,2.3125,6.796875,1.296875,2.0625,1.28125,1.796875,1.34375,6.46875,5.25,6.4375,4.0,25.96875,27.375,111.96875,10,0,0,1,1,3,4,0,0,0,1,2,0,0,182.88,182.88,185.0,0.5703125,0.0625,0.4394140625,0.47765625,0.1775,0.5873828125,0.50390625,0.1328125,0.0,0.25,91.892578125,40.732421875,77.34375,36.705078125,206.294921875,153.033203125,108.72265625,66.833984375,1.00390625,0.40234375,4.5234375,2.693359375,63.833984375,19.5703125,59.09765625,22.548828125,13.419921875,8.87109375,15.353515625,11.828125,14.638671875,12.291015625,2.892578125,2.328125,56.544921875,18.177734375,47.724609375,17.83984375,31.728515625,20.068359375,18.576171875,12.953125,3.619140625,2.486328125,11.04296875,5.912109375,95.962890625,329.630859375,750.966796875,20,0,5,0,5,7,3,0,0,1,1,4,1,0,180.34,185.42,185.0,26.0,27.0,0,0,0,0,0,0,0,1,0,0,0,0,0,0,0,1,0,0,0,0,0,0,1,0
Red,False,0.0625,0.0,0.59875,0.470625,0.1875,0.756875,0.5,0.0625,0.75,0.0,88.125,52.3125,27.1875,13.125,118.5625,80.25,70.4375,54.4375,2.3125,0.5625,5.1875,2.9375,44.25,17.6875,16.75,6.0625,22.9375,18.1875,6.4375,4.3125,20.9375,16.4375,4.0,2.75,55.25,24.125,16.125,7.25,27.0,24.0,4.125,1.75,5.875,4.1875,6.9375,4.125,268.625,251.625,814.0,11,0,2,0,2,4,1,0,1,0,1,1,0,1,193.04,208.28,240.0,1.25,0.0,0.295,0.3924999999999999,0.5,0.7125,0.25,1.75,1.5,0.5,109.5,34.25,83.25,35.5,150.75,72.25,114.0,59.75,0.5,0.5,5.0,3.75,97.25,25.0,76.25,28.75,6.25,3.75,6.75,6.5,6.0,5.5,0.25,0.25,78.25,18.0,68.0,25.5,10.5,3.75,6.0,5.25,20.75,12.5,9.25,4.75,199.75,278.5,900.0,9,0,0,1,1,1,2,0,0,0,1,0,0,0,193.04,198.12,250.0,32.0,29.0,0,0,0,0,1,0,0,0,0,0,0,0,0,0,0,1,0,0,0,0,1,0,0,0
Red,False,0.0,0.5,0.3774999999999999,0.22,0.815,0.5,0.5,0.5,1.0,0.0,41.25,16.0,43.0,9.25,100.0,70.75,65.0,29.0,8.0,6.25,0.5,0.5,40.5,15.25,37.5,5.25,0.75,0.75,2.75,1.5,0.0,0.0,2.75,2.5,12.5,1.0,36.5,5.25,0.0,0.0,2.0,0.5,28.75,15.0,4.5,3.5,525.5,27.25,763.0,8,0,3,0,3,3,0,0,0,0,2,1,0,0,190.5,193.04,205.0,0.6103515625,0.06298828125,0.40810546875,0.2361572265625,0.000244140625,6.103515625e-05,0.26611328125,0.500244140625,0.0,0.000244140625,87.2080078125,25.556884765625,74.912841796875,24.609375,96.246826171875,33.154296875,77.702392578125,26.39892578125,0.12548828125,0.000244140625,2.779541015625,0.00048828125,59.5078125,11.666748046875,66.22998046875,16.940185546875,3.85400390625,1.21337890625,3.128173828125,2.376220703125,23.84619140625,12.6767578125,5.5546875,5.29296875,78.279052734375,19.242919921875,68.1142578125,19.595458984375,5.087158203125,3.00927734375,6.414794921875,4.632080078125,3.841796875,3.3046875,0.3837890625,0.3818359375,40.055419921875,43.740478515625,703.4775390625,24,5,1,0,6,9,4,0,0,0,1,6,2,0,190.5,195.58,240.0,23.0,29.0,0,0,0,0,1,0,0,0,0,0,0,0,0,0,0,1,0,0,0,0,1,0,0,0
Red,True,0.25,1.25,0.6225,0.6775,0.685,0.495,1.75,0.25,0.5,0.0,71.5,44.75,74.25,51.0,106.75,76.5,135.75,110.75,5.0,2.5,2.25,1.5,47.75,22.75,45.5,23.5,13.0,11.75,16.0,15.5,10.75,10.25,12.75,12.0,23.0,8.0,40.0,25.0,32.25,24.5,17.0,13.25,16.25,12.25,17.25,12.75,274.0,290.0,1200.0,9,2,2,0,2,2,1,0,0,1,1,0,0,0,180.34,187.96,185.0,1.9375,0.0,0.7831250000000001,0.359375,0.25,0.45,0.25,0.0,0.125,0.0,32.125,26.125,34.6875,13.4375,40.875,34.0,39.625,17.125,0.75,0.25,2.125,1.125,21.9375,16.625,26.125,5.4375,7.875,7.1875,4.0,3.9375,2.3125,2.3125,4.5625,4.0625,11.0,8.375,28.9375,9.5625,16.3125,15.1875,2.75,2.625,4.8125,2.5625,3.0,1.25,41.9375,118.375,324.125,7,3,5,0,5,5,0,0,0,0,0,4,1,0,187.96,195.58,185.0,37.0,32.0,0,0,0,0,0,0,0,1,0,0,0,0,0,0,0,1,0,0,0,0,0,0,1,0
Red,False,0.125,0.01953125,0.5520257568359375,0.436365966796875,0.472275390625,0.09437744140625,1.65850830078125,0.69140625,0.0,0.625,30.78570556640625,14.78509521484375,47.0008544921875,17.3094482421875,54.292236328125,33.146484375,51.54290771484375,21.71612548828125,2.853759765625,1.467041015625,0.17364501953125,0.15753173828125,20.7999267578125,7.8985595703125,41.78521728515625,13.79498291015625,7.12835693359375,4.56439208984375,3.42437744140625,2.04156494140625,2.857421875,2.3221435546875,1.791259765625,1.472900390625,15.76708984375,5.37554931640625,38.13494873046875,11.46624755859375,5.50762939453125,2.8360595703125,5.15106201171875,3.05230712890625,9.510986328125,6.573486328125,3.71484375,2.7908935546875,182.4146728515625,33.543701171875,414.5289916992188,24,3,3,0,4,11,4,0,0,0,2,4,4,1,182.88,187.96,185.0,0.0,0.0,0.4325,0.416875,0.7675,0.0825,1.53125,0.03125,0.0,0.15625,71.65625,32.03125,71.03125,27.59375,116.0,71.75,99.875,54.59375,2.78125,1.6875,5.46875,0.25,61.59375,24.46875,45.15625,5.59375,6.28125,4.53125,6.46875,4.21875,3.78125,3.03125,19.40625,17.78125,39.875,11.875,51.09375,11.09375,8.75,6.71875,19.3125,16.125,23.03125,13.4375,0.625,0.375,394.71875,127.21875,890.1875,18,0,4,0,4,5,1,0,0,0,3,2,0,0,187.96,190.5,170.0,37.0,26.0,0,0,0,0,0,0,0,1,0,0,0,0,0,0,0,1,0,0,0,0,0,0,1,0
Red,False,0.015625,0.0,0.45,0.4275,0.25,0.2,0.148468017578125,0.098388671875,0.0,0.0,66.5,29.6875,64.31230545043945,27.34375,89.75,48.0,85.53125,44.41152191162109,2.0,0.75,2.0546875,0.75,51.1875,18.3359375,49.6123046875,16.280410766601562,7.5,5.07647705078125,7.5,5.0,4.5,3.625,4.984375,3.9375,48.6875,17.0,47.11572265625,16.5,5.75,3.75,5.3125,3.4375,5.0625,3.5,3.875,2.5,99.2119140625,94.125,638.5,0,0,0,0,0,0,0,0,0,0,0,0,0,0,177.8,180.34,155.0,0.25,0.0,0.46328125,0.4821875,0.18921875,0.8125,2.5859375,0.046875,0.8125,0.015625,50.2421875,14.6796875,57.890625,23.3984375,63.4140625,25.9375,132.5078125,88.125,5.546875,1.328125,2.453125,2.34375,41.8125,6.953125,51.7734375,17.9375,6.4296875,5.7265625,4.546875,3.890625,2.0,2.0,1.5703125,1.5703125,40.078125,6.3359375,44.8359375,12.796875,4.875,4.5625,3.9609375,3.5,5.2890625,3.78125,9.09375,7.1015625,149.5859375,312.7734375,791.1328125,19,1,6,0,6,6,2,0,0,0,3,3,0,0,177.8,182.88,170.0,28.0,26.0,0,0,0,0,0,0,0,0,0,1,0,0,0,0,0,1,0,0,0,0,0,0,1,0
Red,False,0.0,0.0,0.5,0.72,0.0,1.0,0.0,0.0,0.0,0.0,2.0,1.0,18.0,13.0,2.0,1.0,18.0,13.0,0.0,0.0,1.0,1.0,1.0,0.0,18.0,13.0,1.0,1.0,0.0,0.0,0.0,0.0,0.0,0.0,2.0,1.0,1.0,0.0,0.0,0.0,0.0,0.0,0.0,0.0,17.0,13.0,0.0,12.0,19.0,1,0,0,1,0,0,1,0,0,0,0,0,0,0,175.26,175.26,155.0,0.0,0.0,0.26375,0.43375,0.0175,0.25,0.125,0.5,0.5,0.5,109.75,30.0,118.5,46.625,150.625,63.625,214.125,127.75,1.5,0.125,2.5,1.0,99.875,23.625,110.25,40.875,3.25,1.875,5.25,4.125,6.625,4.5,3.0,1.625,86.625,20.0,77.25,23.75,8.5,4.25,8.25,3.5,14.625,5.75,33.0,19.375,278.875,258.5,900.0,12,0,0,1,2,2,2,0,0,1,1,0,0,0,170.18,175.26,155.0,35.0,31.0,0,0,0,0,0,0,1,0,0,0,0,0,0,0,0,0,0,1,0,0,1,0,0,0
Red,False,0.0,0.25,0.53296875,0.36474609375,0.0182421875,0.692578125,2.30859375,0.1328125,0.0,0.0078125,32.5625,15.572265625,53.3671875,20.806640625,44.029296875,26.26171875,83.380859375,46.53515625,1.859375,0.052734375,4.025390625,3.267578125,24.89453125,9.078125,46.306640625,14.095703125,4.365234375,3.546875,2.96484375,2.623046875,3.302734375,2.947265625,4.095703125,4.087890625,21.451171875,9.12109375,32.1953125,10.0390625,9.080078125,4.806640625,6.57421875,5.310546875,2.03125,1.64453125,14.59765625,5.45703125,45.1328125,322.859375,575.341796875,17,2,0,2,4,6,4,0,0,0,1,1,4,0,185.42,187.96,185.0,1.0,0.5625,0.384375,0.50125,0.7075,0.515625,0.5,0.0,0.1875,0.0,43.75,21.1875,29.625,13.0625,57.125,32.5,49.75,32.4375,2.3125,1.6875,3.9375,0.625,35.6875,14.5625,23.5,8.4375,3.5,2.5,1.6875,1.1875,4.5625,4.125,4.4375,3.4375,27.9375,11.4375,22.875,9.4375,4.4375,3.5,0.875,0.1875,11.375,6.25,5.875,3.4375,268.5,34.0,529.25,12,1,4,0,4,4,1,0,0,0,3,0,1,0,182.88,187.96,185.0,32.0,28.0,0,0,0,0,0,0,0,1,0,0,0,0,0,0,0,1,0,0,0,0,1,0,0,0
Red,False,0.015625,0.0,0.45,0.4275,0.25,0.2,0.148468017578125,0.098388671875,0.0,0.0,66.5,29.6875,64.31230545043945,27.34375,89.75,48.0,85.53125,44.41152191162109,2.0,0.75,2.0546875,0.75,51.1875,18.3359375,49.6123046875,16.280410766601562,7.5,5.07647705078125,7.5,5.0,4.5,3.625,4.984375,3.9375,48.6875,17.0,47.11572265625,16.5,5.75,3.75,5.3125,3.4375,5.0625,3.5,3.875,2.5,99.2119140625,94.125,638.5,0,0,0,0,0,0,0,0,0,0,0,0,0,0,185.42,185.42,185.0,0.0,0.5,0.545,0.2575,0.375,0.5,2.75,0.5,0.0,0.0,23.0,9.25,27.75,8.25,28.0,14.0,73.5,51.5,2.5,0.75,1.75,1.75,17.75,4.5,24.5,6.5,1.5,1.0,1.25,0.75,3.75,3.75,2.0,1.0,18.0,5.75,14.75,2.5,4.25,2.75,3.75,2.25,0.75,0.75,9.25,3.5,69.25,266.5,487.25,6,0,0,1,1,1,2,0,0,0,0,0,1,0,182.88,187.96,170.0,27.0,31.0,0,0,0,0,0,0,0,1,0,0,0,0,0,0,0,1,0,0,0,0,1,0,0,0
Red,True,0.04052734375,0.28515625,0.421220703125,0.600810546875,0.001953125,0.68375,0.125,0.26025390625,0.125,0.125,130.46435546875,54.5087890625,99.59033203125,53.93115234375,177.919921875,99.8388671875,133.951171875,84.6982421875,0.001953125,0.001953125,4.76708984375,2.375,101.31884765625,30.07666015625,69.84423828125,26.38818359375,17.2138671875,13.2900390625,12.91748046875,10.85498046875,11.931640625,11.14208984375,16.82861328125,16.68798828125,80.17529296875,20.3291015625,63.29150390625,24.1796875,45.81201171875,30.07958984375,21.033203125,19.25146484375,4.47705078125,4.10009765625,15.265625,10.5,290.37353515625,370.1875,1128.423828125,29,8,3,0,5,9,3,0,0,0,4,5,0,0,203.2,203.2,265.0,0.0,1.0,0.45,0.24,0.8,0.0,2.0,0.0,0.0,2.0,120.0,55.0,127.0,31.0,153.0,79.0,144.0,47.0,5.0,4.0,0.0,0.0,109.0,44.0,109.0,19.0,11.0,11.0,8.0,3.0,0.0,0.0,10.0,9.0,108.0,45.0,100.0,21.0,8.0,8.0,15.0,5.0,4.0,2.0,12.0,5.0,221.0,102.0,900.0,3,0,1,0,1,1,0,0,0,0,1,0,0,0,190.5,195.58,240.0,31.0,31.0,0,0,0,0,1,0,0,0,0,0,0,0,0,0,0,1,0,0,0,0,1,0,0,0
Red,False,0.125,0.5625,0.520625,0.5625,0.459375,0.0,0.0,0.5,0.0,0.0,59.9375,26.4375,55.875,30.1875,77.6875,44.125,135.8125,110.0625,4.25,2.4375,0.625,0.0,50.125,18.625,36.75,13.1875,8.0625,6.3125,7.5,6.375,1.75,1.5,11.625,10.625,38.3125,11.5,32.6875,12.625,14.8125,10.25,21.25,15.6875,6.8125,4.6875,1.9375,1.875,252.75,54.1875,498.625,9,0,0,2,2,2,3,0,0,0,0,2,0,0,172.72,180.34,185.0,0.0,1.0,0.24,0.51,0.0,0.0,0.0,0.0,0.0,0.0,39.5,10.25,42.75,25.0,44.75,15.5,47.75,30.0,0.5,0.0,0.75,0.0,33.25,5.25,35.0,17.75,2.5,2.5,6.5,6.0,3.75,2.5,1.25,1.25,32.25,5.0,20.25,7.0,7.25,5.25,20.0,16.0,0.0,0.0,2.5,2.0,15.5,31.75,364.5,5,0,0,3,0,0,3,0,0,0,0,0,0,0,175.26,185.42,185.0,27.0,36.0,0,0,0,0,0,0,0,1,0,0,0,0,0,0,0,1,0,0,0,0,1,0,0,0
Red,False,0.0,0.25,0.41625,0.64375,0.125,0.29125,0.375,1.75,0.0,0.0,34.25,10.875,99.125,55.25,55.0,29.875,146.125,95.0,0.375,0.125,1.375,0.625,27.875,7.125,79.0,36.875,3.375,1.875,13.25,12.125,3.0,1.875,6.875,6.25,27.5,6.75,41.5,17.25,2.375,1.125,5.75,4.375,4.375,3.0,51.875,33.625,90.125,198.375,611.5,9,0,2,0,2,2,2,0,0,1,0,0,1,0,180.34,182.88,205.0,0.0471682548522949,0.0,0.45,0.4217682266235352,0.25,0.19173828125,0.1875,0.125,0.0,0.0,69.5,30.5,66.984375,27.8466796875,94.0,48.544921875,88.50390625,44.75,2.0,0.8125,2.015625,0.6640625,54.0,19.01513671875,51.483436584472656,16.9437255859375,7.91796875,5.430633544921875,7.75,5.0625,4.780975341796875,3.9373779296875,4.8994140625,3.84375,51.025390625,18.400863647460938,50.515625,17.5,5.75,3.75,5.5,3.5,5.375,3.6875,4.0,2.65625,104.865234375,89.5,655.8441009521484,0,0,0,0,0,0,0,0,0,0,0,0,0,0,182.88,187.96,185.0,31.0,27.0,0,0,0,0,0,1,0,0,0,0,0,0,0,0,0,1,0,0,0,0,1,0,0,0
Red,False,0.015625,0.0,0.45,0.4275,0.25,0.2,0.148468017578125,0.098388671875,0.0,0.0,66.5,29.6875,64.31230545043945,27.34375,89.75,48.0,85.53125,44.41152191162109,2.0,0.75,2.0546875,0.75,51.1875,18.3359375,49.6123046875,16.280410766601562,7.5,5.07647705078125,7.5,5.0,4.5,3.625,4.984375,3.9375,48.6875,17.0,47.11572265625,16.5,5.75,3.75,5.3125,3.4375,5.0625,3.5,3.875,2.5,99.2119140625,94.125,638.5,0,0,0,0,0,0,0,0,0,0,0,0,0,0,190.5,205.74,265.0,0.015625,0.0,0.6227734375,0.4905859375,0.642109375,0.0634765625,0.609375,0.125,0.0,0.001953125,16.6220703125,9.8935546875,20.7880859375,12.6103515625,27.0166015625,19.568359375,30.2646484375,21.2978515625,1.697265625,1.009765625,0.1572265625,0.0947265625,10.63671875,4.19140625,15.6669921875,7.9892578125,4.3212890625,4.0537109375,2.619140625,2.119140625,1.6640625,1.6484375,2.501953125,2.501953125,5.4384765625,2.5458984375,10.4208984375,4.6318359375,3.44140625,3.31640625,4.755859375,3.130859375,7.7421875,4.03125,5.611328125,4.84765625,99.8642578125,49.1767578125,196.3955078125,14,1,2,0,4,8,3,0,0,0,1,1,5,0,190.5,200.66,264.0,30.0,28.0,0,0,0,0,1,0,0,0,0,0,0,0,0,0,0,1,0,0,0,0,0,0,1,0
Red,False,0.0,0.0,0.5037499999999999,0.35375,0.45375,0.25,0.5,0.125,0.25,0.125,24.25,12.25,29.625,13.5,86.75,68.375,58.375,39.375,6.125,4.125,0.875,0.25,22.75,10.875,22.25,7.5,1.125,1.125,3.125,2.0,0.375,0.25,4.25,4.0,7.5,1.5,23.125,10.375,0.0,0.0,0.25,0.125,16.75,10.75,6.25,3.0,485.25,27.625,646.375,9,0,0,1,3,3,1,0,0,0,2,0,1,0,177.8,180.34,155.0,0.0,0.0,0.39875,0.40875,0.6025,0.35625,1.625,2.5,0.5,1.125,69.25,31.75,39.5,19.0,114.5,72.375,71.0,48.25,4.375,2.0,9.875,4.0,53.5,17.5,31.0,11.5,8.125,6.75,7.75,6.875,7.625,7.5,0.75,0.625,42.75,13.375,20.75,5.5,11.625,9.5,8.625,6.25,14.875,8.875,10.125,7.25,289.0,273.5,801.25,10,0,1,0,2,3,1,0,0,1,1,0,1,0,167.64,172.72,145.0,24.0,23.0,0,0,0,0,0,0,1,0,0,0,0,0,0,0,0,0,0,1,0,0,1,0,0,0
Red,False,0.015625,0.0,0.45,0.4275,0.25,0.2,0.148468017578125,0.098388671875,0.0,0.0,66.5,29.6875,64.31230545043945,27.34375,89.75,48.0,85.53125,44.41152191162109,2.0,0.75,2.0546875,0.75,51.1875,18.3359375,49.6123046875,16.280410766601562,7.5,5.07647705078125,7.5,5.0,4.5,3.625,4.984375,3.9375,48.6875,17.0,47.11572265625,16.5,5.75,3.75,5.3125,3.4375,5.0625,3.5,3.875,2.5,99.2119140625,94.125,638.5,0,0,0,0,0,0,0,0,0,0,0,0,0,0,175.26,180.34,155.0,0.0078125,0.501953125,0.424453125,0.4615234375,0.80140625,0.14076171875,1.6796875,0.4375,0.4453125,0.408203125,72.828125,26.005859375,54.099609375,24.283203125,123.65625,74.642578125,71.2265625,41.021484375,0.958984375,0.853515625,1.56640625,0.470703125,55.98828125,12.90234375,36.244140625,9.83203125,12.703125,9.982421875,6.32421875,5.009765625,4.13671875,3.12109375,11.53125,9.44140625,58.1796875,15.802734375,36.861328125,14.84375,11.5625,8.2734375,10.736328125,5.814453125,3.0859375,1.9296875,6.501953125,3.625,123.16015625,166.265625,537.18359375,23,1,0,2,2,3,7,0,0,0,0,0,3,0,180.34,172.72,170.0,25.0,33.0,0,0,0,0,0,0,0,0,0,1,0,0,0,0,0,1,0,0,0,0,1,0,0,0
Red,False,0.0,0.0,0.36,0.425,0.5,0.325,0.5,0.0,0.5,0.0,66.0,24.0,114.5,50.5,111.0,62.0,160.0,87.0,1.5,1.0,12.5,3.5,63.5,21.5,88.5,28.0,2.0,2.0,23.0,19.5,0.5,0.5,3.0,3.0,50.5,15.5,47.0,13.5,8.5,5.0,26.5,19.0,7.0,3.5,41.0,18.0,91.0,503.0,900.0,6,0,0,2,0,0,2,0,0,0,0,0,0,0,180.34,185.42,170.0,0.0,0.0,0.27,0.55,1.0,1.0,1.0,1.0,0.0,1.0,11.0,3.0,36.0,20.0,17.0,8.0,50.0,33.0,1.0,1.0,2.0,2.0,11.0,3.0,29.0,13.0,0.0,0.0,7.0,7.0,0.0,0.0,0.0,0.0,5.0,2.0,8.0,4.0,6.0,1.0,9.0,3.0,0.0,0.0,19.0,13.0,10.0,265.0,339.0,2,0,0,1,0,0,1,0,0,0,0,0,0,0,175.26,177.8,155.0,23.0,26.0,0,0,0,0,0,0,1,0,0,0,0,0,0,0,0,0,0,1,0,0,1,0,0,0
Red,False,1.0,0.0,0.55,0.5025,0.25,0.25,0.0,0.25,0.0,0.0,27.5,14.5,23.5,12.25,29.25,16.25,27.75,16.25,0.25,0.25,0.75,0.25,24.75,12.25,19.25,9.25,2.0,1.75,3.75,2.5,0.75,0.5,0.5,0.5,18.5,8.0,14.5,6.5,3.0,1.5,7.75,4.75,6.0,5.0,1.25,1.0,12.5,33.25,139.75,3,0,1,0,1,2,1,0,0,0,0,2,0,0,182.88,182.88,185.0,0.5625,0.0,0.524375,0.3684375,0.11375,0.11625,0.5,0.25,0.03125,0.03125,43.59375,25.625,43.03125,17.8125,53.1875,34.71875,66.03125,39.71875,1.90625,0.3125,2.09375,0.375,32.03125,15.84375,32.4375,10.96875,4.59375,3.40625,5.375,4.5,6.96875,6.375,5.21875,2.34375,21.90625,11.65625,24.53125,6.96875,11.625,6.90625,15.3125,9.03125,10.0625,7.0625,3.1875,1.8125,133.59375,128.8125,492.71875,14,1,0,4,2,2,4,0,0,0,1,1,0,0,180.34,190.5,170.0,29.0,27.0,0,0,0,0,0,0,0,1,0,0,0,0,0,0,0,0,0,1,0,0,1,0,0,0
Red,False,0.0,0.0,0.465,0.435,0.75,0.3,0.5,0.0,0.5,0.5,47.0,25.0,22.0,11.5,137.5,100.5,56.5,42.0,2.5,1.5,2.5,1.5,44.5,23.0,19.5,9.5,1.5,1.5,1.0,1.0,1.0,0.5,1.5,1.0,10.0,4.0,4.0,0.5,5.0,2.5,1.0,1.0,32.0,18.5,17.0,10.0,280.0,256.0,585.0,4,0,0,1,1,1,1,0,0,0,1,0,0,0,175.26,172.72,155.0,0.5,0.0,0.65,0.485,0.165,0.375,2.0,0.5,0.0,0.5,8.0,6.0,24.0,11.5,44.0,40.5,31.0,18.5,2.0,0.5,3.0,1.0,5.5,4.0,19.0,7.0,0.5,0.0,2.0,1.5,2.0,2.0,3.0,3.0,3.0,1.5,4.0,1.5,5.0,4.5,6.5,4.0,0.0,0.0,13.5,6.0,59.0,187.0,285.0,3,1,2,0,2,2,0,0,0,0,0,0,2,0,182.88,193.04,170.0,25.0,22.0,0,0,0,0,0,0,1,0,0,0,0,0,0,0,0,0,0,1,0,0,0,0,1,0
Red,False,0.0,0.0,0.66,0.4,0.0,0.0,3.0,0.0,2.0,0.0,6.0,4.0,64.0,26.0,16.0,14.0,148.0,97.0,7.0,0.0,0.0,0.0,1.0,0.0,55.0,20.0,2.0,2.0,7.0,4.0,3.0,2.0,2.0,2.0,6.0,4.0,12.0,3.0,0.0,0.0,0.0,0.0,0.0,0.0,52.0,23.0,225.0,392.0,710.0,3,0,0,1,0,0,1,0,0,0,0,0,0,0,165.1,165.1,155.0,0.0,0.0,0.4225,0.46875,0.6187499999999999,0.625,0.875,1.75,1.0,1.125,54.25,18.25,49.875,24.875,71.375,34.0,82.0,53.125,4.25,2.5,1.625,1.625,49.75,15.5,45.75,22.5,4.125,2.5,3.5,2.0,0.375,0.25,0.625,0.375,39.875,9.125,23.375,8.0,2.875,0.875,3.75,2.625,11.5,8.25,22.75,14.25,281.375,128.0,595.0,8,0,0,1,2,2,2,0,0,0,0,0,2,0,172.72,177.8,155.0,31.0,28.0,0,0,0,0,0,0,1,0,0,0,0,0,0,0,0,1,0,0,0,0,1,0,0,0
Red,False,0.0,0.0,0.51,0.54,0.5,0.8,1.0,0.0,1.0,2.0,64.0,33.0,108.0,59.0,114.0,78.0,167.0,109.0,2.0,1.0,5.0,4.0,63.0,32.0,98.0,53.0,0.0,0.0,6.0,2.0,1.0,1.0,4.0,4.0,21.0,7.0,20.0,10.0,31.0,21.0,19.0,6.0,12.0,5.0,69.0,43.0,111.0,686.0,900.0,3,0,0,1,0,0,1,0,0,0,0,0,0,0,167.64,172.72,145.0,0.0,0.0,0.48,0.315,0.51,0.29,3.0,1.25,1.25,1.5,22.0,11.0,41.5,17.5,84.25,68.75,95.5,66.5,7.0,3.5,3.5,1.25,16.25,6.25,29.75,8.25,5.0,4.5,3.5,1.75,0.75,0.25,8.25,7.5,10.5,2.75,20.75,4.5,3.5,2.0,9.75,8.25,8.0,6.25,11.0,4.75,271.25,348.25,792.25,8,0,2,0,2,2,1,0,0,0,1,0,1,0,170.18,177.8,145.0,32.0,23.0,0,0,0,0,0,0,1,0,0,0,0,0,0,0,0,1,0,0,0,0,1,0,0,0
Red,False,0.5,0.0,0.54,0.25,0.5,0.0,0.0,1.5,0.0,0.0,34.5,15.0,17.5,5.0,46.0,25.5,20.5,7.5,1.5,0.5,0.0,0.0,30.0,12.5,12.5,2.0,2.0,1.5,0.5,0.0,2.5,1.0,4.5,3.0,15.0,6.0,15.5,5.0,4.5,1.0,2.0,0.0,15.0,8.0,0.0,0.0,114.5,24.0,252.5,3,0,0,1,1,1,1,0,0,0,0,1,0,0,167.64,177.8,145.0,0.5,0.0,0.65,0.135,0.5,0.5,0.5,0.5,0.5,0.0,20.0,11.5,5.5,1.5,27.0,18.0,8.5,4.0,1.0,1.0,0.5,0.5,16.5,8.0,5.5,1.5,3.5,3.5,0.0,0.0,0.0,0.0,0.0,0.0,4.5,2.5,2.5,1.0,4.5,1.5,3.0,0.5,11.0,7.5,0.0,0.0,133.5,5.0,174.0,3,0,0,1,1,1,1,0,0,0,0,1,0,0,175.26,177.8,155.0,29.0,28.0,0,0,0,0,0,0,1,0,0,0,0,0,0,0,0,1,0,0,0,0,1,0,0,0
Red,False,0.0,1.0,0.0,0.75,0.0,0.0,0.0,0.0,0.0,0.0,0.0,0.0,4.0,3.0,0.0,0.0,4.0,3.0,0.0,0.0,0.0,0.0,0.0,0.0,4.0,3.0,0.0,0.0,0.0,0.0,0.0,0.0,0.0,0.0,0.0,0.0,1.0,1.0,0.0,0.0,0.0,0.0,0.0,0.0,3.0,2.0,0.0,2.0,9.0,1,0,0,1,0,0,1,0,0,0,0,0,0,0,170.18,170.18,155.0,0.0471682548522949,0.0,0.45,0.4217682266235352,0.25,0.19173828125,0.1875,0.125,0.0,0.0,69.5,30.5,66.984375,27.8466796875,94.0,48.544921875,88.50390625,44.75,2.0,0.8125,2.015625,0.6640625,54.0,19.01513671875,51.483436584472656,16.9437255859375,7.91796875,5.430633544921875,7.75,5.0625,4.780975341796875,3.9373779296875,4.8994140625,3.84375,51.025390625,18.400863647460938,50.515625,17.5,5.75,3.75,5.5,3.5,5.375,3.6875,4.0,2.65625,104.865234375,89.5,655.8441009521484,0,0,0,0,0,0,0,0,0,0,0,0,0,0,193.04,203.2,155.0,30.0,29.0,0,0,0,0,0,0,1,0,0,0,0,0,0,0,0,1,0,0,0,0,1,0,0,0
Red,False,0.5,0.0,0.4,0.43,0.25,0.0,5.0,0.0,1.0,0.5,40.0,16.5,21.5,10.0,62.0,36.5,65.0,49.5,1.0,0.5,1.0,0.0,38.0,15.5,17.5,7.0,2.0,1.0,2.0,1.5,0.0,0.0,2.0,1.5,16.5,3.5,11.5,3.0,2.0,0.5,2.5,1.5,21.5,12.5,7.5,5.5,346.5,72.5,485.0,4,0,2,0,2,2,0,0,0,0,1,1,0,0,185.42,185.42,145.0,0.0,0.0,0.375,0.32,0.5,0.25,0.0,2.0,1.0,0.5,62.5,28.5,33.0,10.5,101.0,64.0,79.0,53.0,1.0,1.0,1.0,0.5,53.5,22.0,27.0,6.5,6.0,4.0,2.0,1.0,3.0,2.5,4.0,3.0,26.5,8.0,28.0,7.0,0.0,0.0,0.0,0.0,36.0,20.5,5.0,3.5,328.5,186.5,682.0,5,0,0,1,1,1,1,0,0,0,1,0,0,0,175.26,180.34,145.0,23.0,21.0,0,0,0,0,0,0,1,0,0,0,0,0,0,0,0,1,0,0,0,0,1,0,0,0
Red,False,0.5625,0.03125,0.42796875,0.4223437499999999,0.3103125,0.1553125,1.046875,0.34375,0.125,0.5625,79.1875,32.359375,108.40625,48.765625,91.640625,43.6875,143.3125,82.609375,11.546875,3.421875,2.4375,0.78125,66.265625,23.03125,79.125,26.515625,6.875,3.9375,25.359375,18.71875,6.046875,5.390625,3.921875,3.53125,58.109375,21.3125,80.125,30.046875,13.90625,5.6875,24.40625,17.0,7.171875,5.359375,3.875,1.71875,237.21875,162.859375,863.78125,16,0,2,0,2,5,2,0,0,1,2,1,1,0,177.8,182.88,170.0,0.0625,0.0,0.3515625,0.458125,0.105,0.47,0.1875,1.0,0.5,0.0,76.34375,23.875,46.03125,23.5625,95.46875,41.75,105.78125,76.3125,1.75,0.75,5.0625,2.25,57.28125,10.75,37.6875,17.3125,6.5,4.0,3.15625,2.0625,12.5625,9.125,5.1875,4.1875,61.96875,13.09375,28.03125,9.125,13.0,9.6875,8.0,7.1875,1.375,1.09375,10.0,7.25,86.15625,261.6875,701.75,10,0,5,0,5,5,1,0,0,0,1,2,2,0,185.42,195.58,170.0,27.0,28.0,0,0,0,0,0,0,0,0,0,1,0,0,0,0,0,1,0,0,0,0,1,0,0,0
Red,False,0.015625,0.0,0.45,0.4275,0.25,0.2,0.148468017578125,0.098388671875,0.0,0.0,66.5,29.6875,64.31230545043945,27.34375,89.75,48.0,85.53125,44.41152191162109,2.0,0.75,2.0546875,0.75,51.1875,18.3359375,49.6123046875,16.280410766601562,7.5,5.07647705078125,7.5,5.0,4.5,3.625,4.984375,3.9375,48.6875,17.0,47.11572265625,16.5,5.75,3.75,5.3125,3.4375,5.0625,3.5,3.875,2.5,99.2119140625,94.125,638.5,0,0,0,0,0,0,0,0,0,0,0,0,0,0,182.88,185.42,155.0,0.0,0.25,0.5575,0.49,0.5875,0.25,1.0,0.5,1.0,0.5,67.0,37.25,42.75,23.5,103.25,68.0,74.0,51.75,4.0,2.5,1.0,0.5,60.25,33.0,37.25,18.75,4.25,1.75,3.5,3.0,2.5,2.5,2.0,1.75,13.25,5.5,13.25,5.0,10.75,4.0,20.75,14.25,43.0,27.75,8.75,4.25,420.0,85.0,583.0,6,0,0,1,2,2,1,0,0,0,1,1,0,0,177.8,172.72,155.0,24.0,24.0,0,0,0,0,0,0,1,0,0,0,0,0,0,0,0,1,0,0,0,0,1,0,0,0
Red,False,1.0,0.0,0.38,0.5800000000000001,0.0,0.5,0.5,0.0,0.0,0.0,36.0,19.5,14.5,7.5,40.5,23.5,23.5,16.0,0.5,0.0,0.5,0.5,31.0,15.5,10.5,3.5,2.0,1.5,2.5,2.5,3.0,2.5,1.5,1.5,23.0,9.5,12.5,5.5,10.0,8.5,2.0,2.0,3.0,1.5,0.0,0.0,50.5,23.0,165.5,2,0,2,0,2,2,0,0,0,0,0,1,1,0,175.26,182.88,170.0,0.3125,0.5,0.5549999999999999,0.4640625,0.32125,0.03125,0.78125,0.03125,0.0,0.6875,34.6875,19.5,28.03125,12.8125,44.53125,28.96875,36.125,20.0625,2.03125,0.9375,0.09375,0.09375,31.34375,17.0,20.9375,7.5,2.40625,1.6875,1.90625,1.40625,0.9375,0.8125,5.1875,3.90625,18.4375,8.3125,18.0,6.6875,2.875,1.6875,2.96875,2.0,13.375,9.5,7.0625,4.125,134.15625,48.0,285.78125,10,0,0,1,5,5,1,0,0,0,1,1,3,0,177.8,177.8,170.0,29.0,34.0,0,0,0,0,0,0,0,0,0,1,0,0,0,0,0,1,0,0,0,0,0,0,1,0
Red,True,0.0,0.09375,0.6065625,0.2534375,0.8296875,0.45625,2.34375,0.65625,1.03125,1.0,49.21875,24.96875,56.28125,17.0625,77.875,49.8125,64.34375,24.5,2.46875,2.15625,2.65625,1.65625,45.6875,23.1875,53.15625,15.53125,3.1875,1.4375,3.0625,1.46875,0.34375,0.34375,0.0625,0.0625,21.8125,7.84375,44.21875,10.3125,3.0,1.875,1.78125,0.1875,24.40625,15.25,10.28125,6.5625,170.84375,220.3125,566.375,13,1,1,0,4,5,1,0,0,0,2,0,2,1,170.18,177.8,145.0,0.0029296875,0.0,0.6243457031249999,0.37826171875,0.6656640625,0.1626171875,2.1953125,0.046875,0.25,0.078125,41.3828125,24.564453125,52.630859375,21.69921875,81.9287109375,62.9501953125,81.771484375,49.94921875,2.1845703125,1.828125,3.490234375,0.9814453125,35.5439453125,19.2998046875,43.5732421875,15.2197265625,5.3466796875,4.8232421875,4.396484375,3.146484375,0.4921875,0.44140625,4.6611328125,3.3330078125,24.466796875,10.7978515625,36.4150390625,12.9541015625,6.5146484375,4.9716796875,5.794921875,3.498046875,10.4013671875,8.794921875,10.4208984375,5.2470703125,213.072265625,239.7880859375,655.3837890625,27,4,3,0,3,7,4,0,0,0,1,4,2,0,175.26,177.8,155.0,25.0,29.0,0,0,0,0,0,0,1,0,0,0,0,0,0,0,0,1,0,0,0,0,1,0,0,0
Red,False,0.015625,0.0,0.45,0.4275,0.25,0.2,0.148468017578125,0.098388671875,0.0,0.0,66.5,29.6875,64.31230545043945,27.34375,89.75,48.0,85.53125,44.41152191162109,2.0,0.75,2.0546875,0.75,51.1875,18.3359375,49.6123046875,16.280410766601562,7.5,5.07647705078125,7.5,5.0,4.5,3.625,4.984375,3.9375,48.6875,17.0,47.11572265625,16.5,5.75,3.75,5.3125,3.4375,5.0625,3.5,3.875,2.5,99.2119140625,94.125,638.5,0,0,0,0,0,0,0,0,0,0,0,0,0,0,180.34,180.34,205.0,0.03125,0.625,0.286875,0.3696875,0.28125,0.125,0.0,0.125,0.0,0.0,22.75,9.6875,29.0625,13.28125,26.375,12.875,35.3125,19.125,1.53125,0.78125,1.1875,0.125,21.59375,8.84375,26.34375,11.28125,1.125,0.8125,1.90625,1.40625,0.03125,0.03125,0.8125,0.59375,13.6875,4.625,12.59375,2.59375,4.125,2.5625,3.59375,2.6875,4.9375,2.5,12.875,8.0,43.9375,12.75,133.9375,9,0,0,1,1,2,4,0,0,0,1,1,0,0,182.88,182.88,185.0,34.0,26.0,0,0,0,0,0,1,0,0,0,0,0,0,0,0,0,0,0,1,0,0,1,0,0,0
Red,False,0.0,0.0,0.72,0.61,1.0,0.5,2.0,0.0,0.0,1.0,50.0,36.0,67.0,41.0,76.0,62.0,94.0,68.0,1.0,1.0,2.0,1.0,39.0,26.0,61.0,38.0,11.0,10.0,6.0,3.0,0.0,0.0,0.0,0.0,0.0,0.0,3.0,1.0,18.0,16.0,21.0,15.0,32.0,20.0,43.0,25.0,135.0,143.0,332.0,2,0,0,1,0,0,1,0,0,0,0,0,0,0,193.04,193.04,243.0,0.25,0.0,0.5575,0.62,0.0,0.9,0.25,0.5,0.0,0.0,13.25,9.5,15.25,8.25,21.25,16.75,39.25,27.0,0.0,0.0,2.0,1.5,7.0,3.75,13.5,6.75,4.5,4.0,0.25,0.0,1.75,1.75,1.5,1.5,5.0,3.0,3.5,1.5,8.25,6.5,0.5,0.25,0.0,0.0,11.25,6.5,1.0,275.0,312.25,5,0,1,0,1,1,2,0,0,0,0,1,0,0,193.04,198.12,245.0,39.0,31.0,0,0,0,0,1,0,0,0,0,0,0,0,0,0,0,1,0,0,0,0,1,0,0,0
Red,False,0.375,0.0,0.35125,0.545625,0.435625,0.15,1.0,0.0,0.0,0.0625,37.125,13.1875,49.375,33.5,47.375,22.6875,61.3125,45.4375,1.6875,0.6875,5.1875,1.5,33.0625,9.5,41.5625,26.4375,2.5,2.25,2.1875,1.5,1.5625,1.4375,5.625,5.5625,21.1875,3.8125,12.0,4.125,6.4375,3.8125,27.1875,21.75,9.5,5.5625,10.1875,7.625,97.125,273.1875,521.6875,10,1,4,0,4,4,1,0,0,0,0,3,1,0,187.96,193.04,242.0,0.0,1.0,0.29,0.34,0.0,0.0,0.0,0.0,0.0,0.0,78.0,23.0,81.0,28.0,83.0,26.0,85.0,30.0,3.0,0.0,0.0,0.0,69.0,15.0,37.0,9.0,4.0,3.0,3.0,0.0,5.0,5.0,41.0,19.0,68.0,16.0,68.0,19.0,10.0,7.0,8.0,5.0,0.0,0.0,5.0,4.0,50.0,37.0,900.0,3,0,0,1,0,0,1,0,0,0,0,0,0,0,193.04,195.58,231.0,28.0,30.0,0,0,0,0,1,0,0,0,0,0,0,0,0,0,0,1,0,0,0,0,1,0,0,0
Red,False,1.0,0.0,0.46,0.4599999999999999,0.0,0.165,0.0,0.5,0.5,0.0,114.0,47.0,91.0,35.0,120.5,53.0,95.0,39.0,0.0,0.0,4.0,0.5,89.0,28.0,73.5,21.0,4.5,4.0,9.0,8.5,20.5,15.0,8.5,5.5,99.0,38.5,77.0,26.0,4.5,3.5,2.5,1.0,10.5,5.0,11.5,8.0,37.0,85.0,445.5,4,0,1,0,1,1,1,0,0,0,0,1,0,0,182.88,182.88,155.0,0.0471682548522949,0.0,0.45,0.4217682266235352,0.25,0.19173828125,0.1875,0.125,0.0,0.0,69.5,30.5,66.984375,27.8466796875,94.0,48.544921875,88.50390625,44.75,2.0,0.8125,2.015625,0.6640625,54.0,19.01513671875,51.483436584472656,16.9437255859375,7.91796875,5.430633544921875,7.75,5.0625,4.780975341796875,3.9373779296875,4.8994140625,3.84375,51.025390625,18.400863647460938,50.515625,17.5,5.75,3.75,5.5,3.5,5.375,3.6875,4.0,2.65625,104.865234375,89.5,655.8441009521484,0,0,0,0,0,0,0,0,0,0,0,0,0,0,175.26,177.8,155.0,28.0,23.0,0,0,0,0,0,0,0,0,0,1,0,0,0,0,0,1,0,0,0,0,1,0,0,0
Red,False,0.0,0.5,0.5,0.60625,0.375,0.0975,1.375,0.75,0.375,0.25,40.125,21.0,27.125,16.75,64.125,44.75,39.0,27.875,0.875,0.375,4.0,0.875,26.75,10.75,19.875,10.25,8.875,7.375,4.5,3.75,4.5,2.875,2.75,2.75,18.0,5.5,12.0,5.875,14.625,11.0,2.5,1.625,7.5,4.5,12.625,9.25,120.0,191.125,430.375,7,1,3,0,3,3,1,0,0,0,1,1,1,0,198.12,200.66,185.0,0.265625,0.65625,0.5178125,0.6825,0.0078125,0.16625,0.0,0.1875,0.0625,0.0,22.21875,12.28125,15.703125,7.328125,31.1875,19.25,18.5,10.109375,0.0625,0.015625,0.640625,0.28125,15.484375,7.21875,12.859375,5.421875,3.6875,2.71875,2.0,1.390625,3.046875,2.34375,0.84375,0.515625,7.6875,3.71875,7.171875,2.0,9.640625,5.5625,5.96875,2.921875,4.890625,3.0,2.5625,2.40625,42.734375,40.609375,158.328125,13,0,1,0,1,3,4,0,0,0,2,1,0,0,185.42,185.42,185.0,25.0,35.0,0,0,0,0,0,0,0,1,0,0,0,0,0,0,0,1,0,0,0,0,1,0,0,0
Red,False,1.0625,0.0,0.56625,0.38875,0.53125,0.840625,0.9375,0.5,0.0,0.0,30.3125,18.875,24.9375,10.375,67.8125,50.1875,39.75,24.625,1.75,1.0625,3.375,2.9375,24.0,12.9375,18.0,7.0625,4.875,4.5,5.8125,2.6875,1.4375,1.4375,1.125,0.625,5.0625,1.875,7.6875,1.1875,9.9375,7.5625,7.6875,3.4375,15.3125,9.4375,9.5625,5.75,141.0625,226.3125,441.6875,8,0,3,0,3,4,1,0,0,0,0,3,1,0,190.5,190.5,185.0,0.5,0.0,0.505,0.2475,0.4375,0.375,0.875,0.0,0.0,0.0,42.125,20.375,38.75,12.125,53.75,32.0,43.875,17.125,0.625,0.5,2.375,0.375,31.625,11.25,31.625,6.125,0.625,0.375,0.75,0.625,9.875,8.75,6.375,5.375,30.375,14.25,35.375,11.125,4.625,2.0,1.75,0.375,7.125,4.125,1.625,0.625,80.5,7.625,315.625,7,0,0,1,3,3,1,0,0,0,0,0,3,0,185.42,193.04,185.0,32.0,29.0,0,0,0,0,0,1,0,0,0,0,0,0,0,0,0,1,0,0,0,0,1,0,0,0
Red,False,0.015625,0.0,0.45,0.4275,0.25,0.2,0.148468017578125,0.098388671875,0.0,0.0,66.5,29.6875,64.31230545043945,27.34375,89.75,48.0,85.53125,44.41152191162109,2.0,0.75,2.0546875,0.75,51.1875,18.3359375,49.6123046875,16.280410766601562,7.5,5.07647705078125,7.5,5.0,4.5,3.625,4.984375,3.9375,48.6875,17.0,47.11572265625,16.5,5.75,3.75,5.3125,3.4375,5.0625,3.5,3.875,2.5,99.2119140625,94.125,638.5,0,0,0,0,0,0,0,0,0,0,0,0,0,0,177.8,182.88,155.0,0.0,0.0,0.2125,0.4225,0.0,0.235,0.0,1.0,0.0,0.25,189.75,53.5,158.5,58.5,194.75,58.0,168.5,68.5,0.0,0.0,3.75,1.25,153.0,29.5,130.0,37.5,30.5,18.75,21.0,14.75,6.25,5.25,7.5,6.25,173.5,42.0,143.5,49.5,14.75,10.75,9.5,6.5,1.5,0.75,5.5,2.5,20.0,93.5,701.5,7,0,1,0,1,1,2,0,0,1,0,0,0,0,175.26,177.8,155.0,29.0,23.0,0,0,0,0,0,0,1,0,0,0,0,0,0,0,0,1,0,0,0,0,1,0,0,0
Red,False,0.0,0.5,0.455,0.3899999999999999,0.0,0.25,0.0,0.5,0.0,0.0,98.0,38.0,67.5,16.0,104.0,43.5,70.0,18.5,0.0,0.0,1.5,0.5,90.0,32.0,60.0,11.0,4.0,2.5,5.0,3.0,4.0,3.5,2.5,2.0,91.0,33.5,63.0,13.5,4.5,3.5,2.0,0.5,2.5,1.0,2.5,2.0,0.0,57.0,539.0,4,0,0,1,1,1,1,0,0,0,1,0,0,0,175.26,182.88,155.0,0.0,0.0,0.47,0.4,0.25,0.0,1.0,1.0,0.0,0.0,34.0,16.0,5.0,2.0,46.0,28.0,60.0,56.0,4.0,1.0,1.0,0.0,30.0,12.0,4.0,2.0,0.0,0.0,1.0,0.0,4.0,4.0,0.0,0.0,3.0,1.0,5.0,2.0,6.0,5.0,0.0,0.0,25.0,10.0,0.0,0.0,255.0,25.0,320.0,2,1,0,1,0,0,1,0,0,0,0,0,0,0,165.1,170.18,135.0,24.0,26.0,0,0,0,0,0,0,1,0,0,0,0,0,0,0,0,1,0,0,0,0,1,0,0,0
Red,False,0.015625,0.0,0.45,0.4275,0.25,0.2,0.148468017578125,0.098388671875,0.0,0.0,66.5,29.6875,64.31230545043945,27.34375,89.75,48.0,85.53125,44.41152191162109,2.0,0.75,2.0546875,0.75,51.1875,18.3359375,49.6123046875,16.280410766601562,7.5,5.07647705078125,7.5,5.0,4.5,3.625,4.984375,3.9375,48.6875,17.0,47.11572265625,16.5,5.75,3.75,5.3125,3.4375,5.0625,3.5,3.875,2.5,99.2119140625,94.125,638.5,0,0,0,0,0,0,0,0,0,0,0,0,0,0,177.8,198.12,205.0,0.5,0.0,0.7175,0.3399999999999999,0.5800000000000001,0.135,0.75,0.0,0.25,0.0,93.5,67.25,38.75,12.25,134.5,108.0,56.25,28.5,2.5,2.0,7.0,1.25,60.0,37.0,28.5,5.25,20.0,18.5,6.0,4.0,13.5,11.75,4.25,3.0,39.25,26.75,27.5,6.0,22.75,20.0,10.5,6.25,31.5,20.5,0.75,0.0,430.0,59.75,900.0,9,0,3,0,3,3,0,0,0,0,3,0,0,0,185.42,187.96,185.0,23.0,29.0,0,0,0,0,0,1,0,0,0,0,0,0,0,0,0,1,0,0,0,0,0,0,1,0
Red,False,0.25,0.75,0.505,0.5625,0.0,0.33,0.0,0.0,0.0,0.0,22.0,11.5,26.0,12.75,105.75,93.25,86.5,68.75,0.5,0.0,3.5,2.0,14.5,6.0,24.5,11.5,3.5,3.25,1.25,1.0,4.0,2.25,0.25,0.25,10.5,3.25,4.75,2.75,11.25,8.0,1.75,1.0,0.25,0.25,19.5,9.0,3.5,576.5,804.25,7,1,0,1,1,1,2,0,0,0,0,1,0,0,180.34,187.96,205.0,0.330902099609375,0.75,0.3125849914550781,0.4836757278442383,0.0039100646972656,0.0262891387939453,0.0,0.0009880065917968,0.0009803771972656,0.0,95.10442352294922,25.595474243164062,102.68120956420898,46.5960807800293,96.21538925170898,26.20618057250977,102.69488525390624,46.60755920410156,0.0048904418945312,0.0039138793945312,1.2350082397460938,0.161041259765625,88.07975769042969,20.67026901245117,74.11557006835938,22.015308380126957,5.643764495849609,4.046821594238281,8.883777618408203,8.182968139648438,1.380901336669922,0.8783836364746094,19.681861877441406,16.397804260253906,86.23766708374023,22.08609390258789,99.81155395507812,45.02899169921875,1.851966857910156,0.6902999877929688,1.837974548339844,0.8045730590820312,7.014789581298828,2.819080352783203,1.0316810607910156,0.7625160217285156,12.447586059570312,8.421249389648438,621.6798782348633,38,7,1,0,7,15,4,0,0,0,5,9,0,1,187.96,193.04,205.0,31.0,38.0,0,0,0,0,0,1,0,0,0,0,0,0,0,0,0,1,0,0,0,0,1,0,0,0
Red,True,0.0,0.51568603515625,0.5015190887451172,0.3930767822265625,0.4512055206298828,0.25908203125,1.662750244140625,1.7848434448242188,0.5205078125,0.63006591796875,34.73326110839844,15.947273254394531,37.05010223388672,16.66461944580078,64.18328857421875,44.990867614746094,62.77198028564453,42.24433898925781,3.5863494873046875,1.2666091918945312,0.3863525390625,0.26025390625,30.24211883544922,12.147659301757812,27.29996490478516,9.98088836669922,3.8500289916992183,3.1585006713867188,5.1250762939453125,3.871170043945313,0.64111328125,0.64111328125,4.62506103515625,2.81256103515625,16.87464141845703,4.802833557128906,26.958297729492188,10.109107971191406,1.7717666625976562,1.1428375244140625,2.854232788085937,2.1499786376953125,16.08685302734375,10.001602172851562,7.237571716308594,4.405532836914063,470.0711517333984,49.165924072265625,685.7946929931641,38,11,2,0,6,15,3,0,0,0,4,5,4,2,175.26,185.42,170.0,0.25390625,0.5,0.49951171875,0.25001953125,0.72724609375,0.18984375,2.5625,0.078125,0.01171875,0.01171875,61.177734375,32.67578125,42.859375,11.35546875,109.998046875,79.380859375,53.84375,20.8828125,1.888671875,1.5390625,2.630859375,0.578125,42.97265625,18.107421875,38.212890625,7.984375,3.267578125,2.8203125,2.5546875,1.890625,14.9375,11.748046875,2.091796875,1.48046875,43.919921875,21.78515625,36.9765625,7.52734375,2.033203125,1.2109375,1.513671875,1.044921875,15.224609375,9.6796875,4.369140625,2.783203125,327.97265625,45.994140625,634.453125,20,3,2,0,5,8,2,0,0,1,3,3,1,0,180.34,193.04,185.0,34.0,26.0,0,0,0,0,0,0,0,0,0,1,0,0,0,0,0,0,0,0,1,0,1,0,0,0
Red,False,0.0,1.0,0.5,0.6,0.0,0.0,0.0,0.0,0.0,0.0,2.0,1.0,10.0,6.0,2.0,1.0,10.0,6.0,0.0,0.0,0.0,0.0,1.0,0.0,10.0,6.0,0.0,0.0,0.0,0.0,1.0,1.0,0.0,0.0,2.0,1.0,8.0,4.0,0.0,0.0,0.0,0.0,0.0,0.0,2.0,2.0,0.0,3.0,33.0,1,0,0,1,0,0,1,0,0,0,0,0,0,0,170.18,170.18,185.0,0.0,2.0,0.4475,0.45,0.0725,0.5,1.0,0.0,0.25,0.0,34.75,15.25,66.25,33.25,51.0,29.25,75.5,42.0,10.0,1.25,1.0,1.0,27.5,9.5,57.0,26.0,0.75,0.5,5.0,3.0,6.5,5.25,4.25,4.25,28.5,12.0,44.25,17.75,3.25,0.75,9.5,7.0,3.0,2.5,12.5,8.5,87.0,347.75,710.0,7,0,2,0,2,2,1,0,0,0,1,0,1,0,185.42,190.5,185.0,31.0,31.0,0,0,0,0,0,0,0,1,0,0,0,0,0,0,0,0,0,1,0,0,1,0,0,0
Red,False,0.625,0.0,0.281875,0.499375,0.375,0.6025,0.0625,0.625,0.0,0.0,22.625,8.625,10.0625,3.75,24.125,10.0625,19.6875,12.8125,1.0625,1.0625,3.625,1.0625,19.6875,6.4375,8.25,2.8125,1.9375,1.375,1.125,0.75,1.0,0.8125,0.6875,0.1875,14.1875,4.4375,6.75,1.8125,1.9375,0.8125,1.25,0.75,6.5,3.375,2.0625,1.1875,38.375,49.375,161.8125,7,0,1,0,2,3,2,0,0,0,0,2,0,1,175.26,180.34,155.0,0.0,0.625,0.42625,0.4606249999999999,0.421875,0.53,1.125,2.625,0.5,0.5,35.125,14.4375,57.6875,24.625,66.75,44.875,74.0,39.0,1.75,0.8125,3.0625,2.3125,26.5,8.375,47.1875,15.5,2.9375,2.0,5.9375,5.0625,5.6875,4.0625,4.5625,4.0625,27.0,8.625,36.5625,10.625,4.6875,2.5,9.125,6.5,3.4375,3.3125,12.0,7.5,102.5625,270.6875,625.25,12,0,0,2,1,2,3,0,0,0,0,0,2,0,175.26,182.88,155.0,24.0,31.0,0,0,0,0,0,0,1,0,0,0,0,0,0,0,0,1,0,0,0,0,0,0,1,0
Red,False,0.015625,0.0,0.45,0.4275,0.25,0.2,0.148468017578125,0.098388671875,0.0,0.0,66.5,29.6875,64.31230545043945,27.34375,89.75,48.0,85.53125,44.41152191162109,2.0,0.75,2.0546875,0.75,51.1875,18.3359375,49.6123046875,16.280410766601562,7.5,5.07647705078125,7.5,5.0,4.5,3.625,4.984375,3.9375,48.6875,17.0,47.11572265625,16.5,5.75,3.75,5.3125,3.4375,5.0625,3.5,3.875,2.5,99.2119140625,94.125,638.5,0,0,0,0,0,0,0,0,0,0,0,0,0,0,187.96,195.58,185.0,0.3125,0.0625,0.688125,0.81875,0.0,0.57625,0.5,0.5,0.0,0.0,12.0625,6.9375,14.875,10.375,13.375,8.25,28.4375,23.6875,0.0,0.0,2.9375,1.6875,5.75,2.375,11.4375,7.1875,1.25,1.0,2.4375,2.1875,5.0625,3.5625,1.0,1.0,8.75,4.375,7.375,4.5625,1.3125,0.8125,3.625,2.8125,2.0,1.75,3.875,3.0,10.625,126.75,207.25,7,0,0,1,1,2,3,0,0,0,0,2,0,0,187.96,190.5,205.0,26.0,29.0,0,0,0,0,0,1,0,0,0,0,0,0,0,0,0,0,0,1,0,0,1,0,0,0
Red,False,0.015625,0.0,0.45,0.4275,0.25,0.2,0.148468017578125,0.098388671875,0.0,0.0,66.5,29.6875,64.31230545043945,27.34375,89.75,48.0,85.53125,44.41152191162109,2.0,0.75,2.0546875,0.75,51.1875,18.3359375,49.6123046875,16.280410766601562,7.5,5.07647705078125,7.5,5.0,4.5,3.625,4.984375,3.9375,48.6875,17.0,47.11572265625,16.5,5.75,3.75,5.3125,3.4375,5.0625,3.5,3.875,2.5,99.2119140625,94.125,638.5,0,0,0,0,0,0,0,0,0,0,0,0,0,0,193.04,205.74,265.0,0.25,0.25,0.4075,0.6125,0.25,0.75,0.0,1.0,0.5,0.0,52.0,24.25,39.75,25.5,68.75,41.0,56.25,42.0,1.0,0.5,0.75,0.75,48.0,22.0,31.25,18.0,3.25,1.75,6.25,5.75,0.75,0.5,2.25,1.75,17.0,2.0,9.75,4.25,11.5,8.25,11.0,9.25,23.5,14.0,19.0,12.0,86.75,111.5,313.5,5,0,1,0,1,2,1,0,0,0,0,2,0,0,187.96,187.96,230.0,30.0,25.0,0,0,0,0,1,0,0,0,0,0,0,0,0,0,0,1,0,0,0,0,1,0,0,0
Red,False,0.0,1.125,0.381875,0.5218750000000001,0.3125,0.0,0.375,0.9375,0.0,0.0625,10.0625,3.6875,27.75,14.5,19.25,12.875,43.6875,29.625,4.5625,0.5625,0.1875,0.0,9.25,3.0,26.5,13.75,0.6875,0.5625,0.0,0.0,0.125,0.125,1.25,0.75,5.4375,0.125,6.9375,2.75,0.9375,0.75,0.0625,0.0,3.6875,2.8125,20.75,11.75,107.1875,87.6875,344.4375,9,0,2,0,2,3,2,0,0,0,1,0,2,0,182.88,177.8,170.0,0.0,0.0,0.505,0.425,0.685,0.0,2.5,0.5,0.0,0.0,23.0,13.0,30.5,13.5,44.0,32.0,73.5,56.5,6.0,4.5,0.5,0.0,17.5,8.5,26.5,9.5,4.5,3.5,1.5,1.5,1.0,1.0,2.5,2.5,8.0,4.0,16.5,5.5,7.0,5.5,6.5,3.5,8.0,3.5,7.5,4.5,463.5,41.0,633.5,5,0,1,0,1,1,1,0,0,0,1,0,0,0,180.34,193.04,170.0,33.0,29.0,0,0,0,0,0,0,0,0,0,1,0,0,0,0,0,0,0,1,0,0,1,0,0,0
Red,False,0.0,0.0,0.39,0.43,0.8,0.0,0.0,0.0,0.0,1.0,51.0,20.0,78.0,34.0,72.0,36.0,107.0,60.0,5.0,4.0,6.0,0.0,41.0,12.0,62.0,21.0,5.0,4.0,13.0,10.0,5.0,4.0,3.0,3.0,34.0,8.0,47.0,16.0,12.0,10.0,8.0,5.0,5.0,2.0,23.0,13.0,172.0,183.0,510.0,2,0,0,1,0,0,1,0,0,0,0,0,0,0,175.26,175.26,155.0,0.0,0.0,0.15,0.57,0.0,0.0,0.0,0.0,0.0,0.0,38.0,6.0,54.0,31.0,43.0,11.0,76.0,53.0,5.0,0.0,0.0,0.0,35.0,6.0,50.0,28.0,3.0,0.0,3.0,2.0,0.0,0.0,1.0,1.0,33.0,6.0,32.0,14.0,5.0,0.0,7.0,5.0,0.0,0.0,15.0,12.0,0.0,139.0,295.0,1,0,0,1,0,0,1,0,0,0,0,0,0,0,172.72,190.5,155.0,27.0,26.0,0,0,0,0,0,0,1,0,0,0,0,0,0,0,0,1,0,0,0,0,1,0,0,0
Red,False,0.015625,0.0,0.45,0.4275,0.25,0.2,0.148468017578125,0.098388671875,0.0,0.0,66.5,29.6875,64.31230545043945,27.34375,89.75,48.0,85.53125,44.41152191162109,2.0,0.75,2.0546875,0.75,51.1875,18.3359375,49.6123046875,16.280410766601562,7.5,5.07647705078125,7.5,5.0,4.5,3.625,4.984375,3.9375,48.6875,17.0,47.11572265625,16.5,5.75,3.75,5.3125,3.4375,5.0625,3.5,3.875,2.5,99.2119140625,94.125,638.5,0,0,0,0,0,0,0,0,0,0,0,0,0,0,190.5,190.5,170.0,0.0471682548522949,0.0,0.45,0.4217682266235352,0.25,0.19173828125,0.1875,0.125,0.0,0.0,69.5,30.5,66.984375,27.8466796875,94.0,48.544921875,88.50390625,44.75,2.0,0.8125,2.015625,0.6640625,54.0,19.01513671875,51.483436584472656,16.9437255859375,7.91796875,5.430633544921875,7.75,5.0625,4.780975341796875,3.9373779296875,4.8994140625,3.84375,51.025390625,18.400863647460938,50.515625,17.5,5.75,3.75,5.5,3.5,5.375,3.6875,4.0,2.65625,104.865234375,89.5,655.8441009521484,0,0,0,0,0,0,0,0,0,0,0,0,0,0,177.8,177.8,170.0,30.0,29.0,0,0,0,0,0,0,0,0,0,1,0,0,0,0,0,0,0,1,0,0,1,0,0,0
Red,False,0.015625,0.0,0.45,0.4275,0.25,0.2,0.148468017578125,0.098388671875,0.0,0.0,66.5,29.6875,64.31230545043945,27.34375,89.75,48.0,85.53125,44.41152191162109,2.0,0.75,2.0546875,0.75,51.1875,18.3359375,49.6123046875,16.280410766601562,7.5,5.07647705078125,7.5,5.0,4.5,3.625,4.984375,3.9375,48.6875,17.0,47.11572265625,16.5,5.75,3.75,5.3125,3.4375,5.0625,3.5,3.875,2.5,99.2119140625,94.125,638.5,0,0,0,0,0,0,0,0,0,0,0,0,0,0,175.26,175.26,170.0,0.0471682548522949,0.0,0.45,0.4217682266235352,0.25,0.19173828125,0.1875,0.125,0.0,0.0,69.5,30.5,66.984375,27.8466796875,94.0,48.544921875,88.50390625,44.75,2.0,0.8125,2.015625,0.6640625,54.0,19.01513671875,51.483436584472656,16.9437255859375,7.91796875,5.430633544921875,7.75,5.0625,4.780975341796875,3.9373779296875,4.8994140625,3.84375,51.025390625,18.400863647460938,50.515625,17.5,5.75,3.75,5.5,3.5,5.375,3.6875,4.0,2.65625,104.865234375,89.5,655.8441009521484,0,0,0,0,0,0,0,0,0,0,0,0,0,0,180.34,180.34,170.0,30.0,26.0,0,0,0,0,0,0,0,0,0,1,0,0,0,0,0,1,0,0,0,0,1,0,0,0
Red,False,0.015625,0.0,0.45,0.4275,0.25,0.2,0.148468017578125,0.098388671875,0.0,0.0,66.5,29.6875,64.31230545043945,27.34375,89.75,48.0,85.53125,44.41152191162109,2.0,0.75,2.0546875,0.75,51.1875,18.3359375,49.6123046875,16.280410766601562,7.5,5.07647705078125,7.5,5.0,4.5,3.625,4.984375,3.9375,48.6875,17.0,47.11572265625,16.5,5.75,3.75,5.3125,3.4375,5.0625,3.5,3.875,2.5,99.2119140625,94.125,638.5,0,0,0,0,0,0,0,0,0,0,0,0,0,0,172.72,172.72,170.0,0.0471682548522949,0.0,0.45,0.4217682266235352,0.25,0.19173828125,0.1875,0.125,0.0,0.0,69.5,30.5,66.984375,27.8466796875,94.0,48.544921875,88.50390625,44.75,2.0,0.8125,2.015625,0.6640625,54.0,19.01513671875,51.483436584472656,16.9437255859375,7.91796875,5.430633544921875,7.75,5.0625,4.780975341796875,3.9373779296875,4.8994140625,3.84375,51.025390625,18.400863647460938,50.515625,17.5,5.75,3.75,5.5,3.5,5.375,3.6875,4.0,2.65625,104.865234375,89.5,655.8441009521484,0,0,0,0,0,0,0,0,0,0,0,0,0,0,175.26,175.26,170.0,33.0,27.0,0,0,0,0,0,0,0,0,0,1,0,0,0,0,0,1,0,0,0,0,1,0,0,0
Red,False,0.015625,0.0,0.45,0.4275,0.25,0.2,0.148468017578125,0.098388671875,0.0,0.0,66.5,29.6875,64.31230545043945,27.34375,89.75,48.0,85.53125,44.41152191162109,2.0,0.75,2.0546875,0.75,51.1875,18.3359375,49.6123046875,16.280410766601562,7.5,5.07647705078125,7.5,5.0,4.5,3.625,4.984375,3.9375,48.6875,17.0,47.11572265625,16.5,5.75,3.75,5.3125,3.4375,5.0625,3.5,3.875,2.5,99.2119140625,94.125,638.5,0,0,0,0,0,0,0,0,0,0,0,0,0,0,180.34,180.34,185.0,0.0471682548522949,0.0,0.45,0.4217682266235352,0.25,0.19173828125,0.1875,0.125,0.0,0.0,69.5,30.5,66.984375,27.8466796875,94.0,48.544921875,88.50390625,44.75,2.0,0.8125,2.015625,0.6640625,54.0,19.01513671875,51.483436584472656,16.9437255859375,7.91796875,5.430633544921875,7.75,5.0625,4.780975341796875,3.9373779296875,4.8994140625,3.84375,51.025390625,18.400863647460938,50.515625,17.5,5.75,3.75,5.5,3.5,5.375,3.6875,4.0,2.65625,104.865234375,89.5,655.8441009521484,0,0,0,0,0,0,0,0,0,0,0,0,0,0,177.8,182.88,170.0,33.0,25.0,0,0,0,0,0,0,0,0,0,1,0,0,0,0,0,1,0,0,0,0,1,0,0,0
Red,False,0.015625,0.0,0.45,0.4275,0.25,0.2,0.148468017578125,0.098388671875,0.0,0.0,66.5,29.6875,64.31230545043945,27.34375,89.75,48.0,85.53125,44.41152191162109,2.0,0.75,2.0546875,0.75,51.1875,18.3359375,49.6123046875,16.280410766601562,7.5,5.07647705078125,7.5,5.0,4.5,3.625,4.984375,3.9375,48.6875,17.0,47.11572265625,16.5,5.75,3.75,5.3125,3.4375,5.0625,3.5,3.875,2.5,99.2119140625,94.125,638.5,0,0,0,0,0,0,0,0,0,0,0,0,0,0,175.26,175.26,170.0,0.0471682548522949,0.0,0.45,0.4217682266235352,0.25,0.19173828125,0.1875,0.125,0.0,0.0,69.5,30.5,66.984375,27.8466796875,94.0,48.544921875,88.50390625,44.75,2.0,0.8125,2.015625,0.6640625,54.0,19.01513671875,51.483436584472656,16.9437255859375,7.91796875,5.430633544921875,7.75,5.0625,4.780975341796875,3.9373779296875,4.8994140625,3.84375,51.025390625,18.400863647460938,50.515625,17.5,5.75,3.75,5.5,3.5,5.375,3.6875,4.0,2.65625,104.865234375,89.5,655.8441009521484,0,0,0,0,0,0,0,0,0,0,0,0,0,0,187.96,195.58,170.0,26.0,24.0,0,0,0,0,0,0,0,0,0,1,0,0,0,0,0,1,0,0,0,0,1,0,0,0
Red,True,0.015625,0.0,0.45,0.4275,0.25,0.2,0.148468017578125,0.098388671875,0.0,0.0,66.5,29.6875,64.31230545043945,27.34375,89.75,48.0,85.53125,44.41152191162109,2.0,0.75,2.0546875,0.75,51.1875,18.3359375,49.6123046875,16.280410766601562,7.5,5.07647705078125,7.5,5.0,4.5,3.625,4.984375,3.9375,48.6875,17.0,47.11572265625,16.5,5.75,3.75,5.3125,3.4375,5.0625,3.5,3.875,2.5,99.2119140625,94.125,638.5,0,0,0,0,0,0,0,0,0,0,0,0,0,0,177.8,180.34,170.0,0.0471682548522949,0.0,0.45,0.4217682266235352,0.25,0.19173828125,0.1875,0.125,0.0,0.0,69.5,30.5,66.984375,27.8466796875,94.0,48.544921875,88.50390625,44.75,2.0,0.8125,2.015625,0.6640625,54.0,19.01513671875,51.483436584472656,16.9437255859375,7.91796875,5.430633544921875,7.75,5.0625,4.780975341796875,3.9373779296875,4.8994140625,3.84375,51.025390625,18.400863647460938,50.515625,17.5,5.75,3.75,5.5,3.5,5.375,3.6875,4.0,2.65625,104.865234375,89.5,655.8441009521484,0,0,0,0,0,0,0,0,0,0,0,0,0,0,172.72,177.8,155.0,23.0,27.0,0,0,0,0,0,0,0,0,0,1,0,0,0,0,0,1,0,0,0,0,1,0,0,0
Red,False,1.0,0.0,0.35875,0.3687499999999999,0.17125,0.25,0.75,0.75,0.0,0.0,126.375,38.375,107.875,38.25,169.375,79.25,125.125,55.125,6.5,1.875,2.0,0.5,108.5,25.5,101.375,31.75,10.375,6.375,4.75,4.75,7.5,6.5,1.75,1.75,101.0,22.125,97.875,30.5,3.25,2.5,4.625,3.0,22.125,13.75,5.375,4.75,328.875,36.5,860.25,11,0,1,0,1,2,2,0,0,1,0,0,1,0,170.18,177.8,155.0,0.0,0.0,0.42875,0.528125,0.21,0.2,0.0,1.9375,0.4375,1.3125,89.25,37.375,32.0,13.0625,154.3125,90.9375,51.5625,28.625,3.0,1.1875,4.875,1.0,78.375,29.4375,24.1875,7.5625,8.875,6.0625,3.75,2.875,2.0,1.875,4.0625,2.625,33.0625,9.5625,23.5,7.875,8.125,3.9375,6.3125,4.0625,48.0625,23.875,2.1875,1.125,359.125,164.5625,652.4375,12,0,5,0,5,5,0,0,0,0,2,3,0,0,175.26,177.8,155.0,25.0,24.0,0,0,0,0,0,0,1,0,0,0,0,0,0,0,0,1,0,0,0,0,1,0,0,0
Red,False,0.015625,0.0,0.45,0.4275,0.25,0.2,0.148468017578125,0.098388671875,0.0,0.0,66.5,29.6875,64.31230545043945,27.34375,89.75,48.0,85.53125,44.41152191162109,2.0,0.75,2.0546875,0.75,51.1875,18.3359375,49.6123046875,16.280410766601562,7.5,5.07647705078125,7.5,5.0,4.5,3.625,4.984375,3.9375,48.6875,17.0,47.11572265625,16.5,5.75,3.75,5.3125,3.4375,5.0625,3.5,3.875,2.5,99.2119140625,94.125,638.5,0,0,0,0,0,0,0,0,0,0,0,0,0,0,177.8,177.8,170.0,0.0471682548522949,0.0,0.45,0.4217682266235352,0.25,0.19173828125,0.1875,0.125,0.0,0.0,69.5,30.5,66.984375,27.8466796875,94.0,48.544921875,88.50390625,44.75,2.0,0.8125,2.015625,0.6640625,54.0,19.01513671875,51.483436584472656,16.9437255859375,7.91796875,5.430633544921875,7.75,5.0625,4.780975341796875,3.9373779296875,4.8994140625,3.84375,51.025390625,18.400863647460938,50.515625,17.5,5.75,3.75,5.5,3.5,5.375,3.6875,4.0,2.65625,104.865234375,89.5,655.8441009521484,0,0,0,0,0,0,0,0,0,0,0,0,0,0,177.8,180.34,155.0,29.0,30.0,0,0,0,0,0,0,0,0,0,1,0,0,0,0,0,1,0,0,0,0,1,0,0,0
Red,False,0.015625,0.0,0.45,0.4275,0.25,0.2,0.148468017578125,0.098388671875,0.0,0.0,66.5,29.6875,64.31230545043945,27.34375,89.75,48.0,85.53125,44.41152191162109,2.0,0.75,2.0546875,0.75,51.1875,18.3359375,49.6123046875,16.280410766601562,7.5,5.07647705078125,7.5,5.0,4.5,3.625,4.984375,3.9375,48.6875,17.0,47.11572265625,16.5,5.75,3.75,5.3125,3.4375,5.0625,3.5,3.875,2.5,99.2119140625,94.125,638.5,0,0,0,0,0,0,0,0,0,0,0,0,0,0,187.96,187.96,170.0,0.0,0.5625,0.210625,0.6525,0.5825,0.296875,0.0625,1.8125,0.3125,0.0,7.4375,3.375,14.3125,9.5625,17.75,12.3125,20.0625,14.875,1.875,1.25,1.0,0.8125,5.875,2.1875,13.25,8.5,1.0,0.8125,0.5625,0.5625,0.5625,0.375,0.5,0.5,3.0,0.9375,6.125,3.375,0.6875,0.4375,0.875,0.5625,3.75,2.0,7.3125,5.625,113.0625,96.1875,253.9375,9,0,1,0,1,2,3,0,1,0,0,0,0,1,182.88,185.42,170.0,25.0,28.0,0,0,0,0,0,0,0,0,0,1,0,0,0,0,0,1,0,0,0,0,1,0,0,0
Red,False,0.5,0.25,0.445,0.53,0.3425,0.8325,0.75,2.0,0.25,1.0,47.625,16.875,75.875,41.0,79.875,48.125,101.625,64.625,6.875,2.25,3.875,3.75,40.125,11.125,61.125,28.0,5.75,4.0,7.375,5.75,1.75,1.75,7.375,7.25,38.875,12.5,46.75,25.25,4.25,2.375,7.875,3.625,4.5,2.0,21.25,12.125,117.375,464.125,834.25,11,0,0,1,1,1,3,0,0,0,0,0,1,0,182.88,190.5,185.0,0.0,0.0,0.60875,0.66875,0.55,0.0,1.5,2.25,0.25,0.375,31.125,17.625,10.0,6.5,56.875,38.875,19.875,15.5,4.5,2.5,0.125,0.0,28.5,15.75,7.0,3.75,2.375,1.625,2.25,2.25,0.25,0.25,0.75,0.5,3.625,1.125,3.25,1.125,6.125,2.5,3.25,2.375,21.375,14.0,3.5,3.0,315.125,41.5,399.875,7,1,0,2,2,2,2,0,0,0,0,0,2,0,185.42,195.58,205.0,30.0,27.0,0,0,0,0,0,0,0,1,0,0,0,0,0,0,0,1,0,0,0,0,1,0,0,0
Red,False,0.1875,0.0,0.438125,0.301875,0.0215625,0.1890625,0.140625,0.75,0.03125,0.25,145.515625,55.5625,174.21875,48.25,157.3125,66.96875,189.078125,60.640625,1.3125,0.140625,2.234375,0.890625,117.859375,34.4375,142.421875,28.46875,19.71875,14.546875,27.09375,16.234375,7.9375,6.578125,4.703125,3.546875,133.578125,48.296875,151.828125,36.390625,10.171875,6.03125,11.75,8.421875,1.765625,1.234375,10.640625,3.4375,23.515625,112.703125,687.609375,14,0,2,0,2,5,2,0,0,0,1,2,1,1,170.18,172.72,155.0,0.0,0.0,0.56,0.24,0.265,0.25,0.0,2.0,0.5,0.0,77.0,43.0,76.5,22.0,108.5,72.5,81.0,26.5,7.5,4.0,5.5,1.5,68.0,35.5,63.0,12.0,7.5,6.5,8.0,5.0,1.5,1.0,5.5,5.0,39.0,13.5,71.0,19.5,19.0,14.5,5.0,2.0,19.0,15.0,0.5,0.5,220.5,49.5,597.5,4,0,2,0,2,2,0,0,0,0,1,1,0,0,167.64,172.72,135.0,31.0,26.0,0,0,0,0,0,0,1,0,0,0,0,0,0,0,0,0,0,1,0,0,1,0,0,0
Red,False,1.5,0.0,0.675,0.41,0.0,0.25,0.0,0.0,0.0,0.0,28.0,17.5,6.5,3.0,28.0,17.5,7.0,3.5,0.0,0.0,1.0,0.5,25.5,15.5,6.0,2.5,2.0,1.5,0.5,0.5,0.5,0.5,0.0,0.0,5.0,1.0,4.5,2.0,10.0,8.5,2.0,1.0,13.0,8.0,0.0,0.0,17.0,4.5,54.5,2,0,2,0,2,2,0,0,0,0,0,2,0,0,182.88,182.88,205.0,0.5,0.0,0.725,0.54,0.25,0.25,0.5,0.5,0.0,0.0,53.0,24.5,65.5,23.0,55.5,27.0,71.5,28.5,3.0,0.5,1.0,0.5,38.5,15.5,56.5,15.5,9.5,7.0,5.0,3.5,5.0,2.0,4.0,4.0,36.0,14.0,48.0,13.5,17.0,10.5,15.0,7.5,0.0,0.0,2.5,2.0,30.5,40.5,314.5,3,0,2,0,2,2,0,0,0,0,0,2,0,0,187.96,187.96,205.0,35.0,25.0,0,0,0,0,0,1,0,0,0,0,0,0,0,0,0,1,0,0,0,0,1,0,0,0
Red,False,1.0,0.0,0.21,0.37,0.0,0.0,0.0,0.0,0.0,0.0,128.0,28.0,185.0,70.0,128.0,28.0,187.0,71.0,1.0,0.0,0.0,0.0,114.0,19.0,172.0,60.0,9.0,5.0,6.0,3.0,5.0,4.0,7.0,7.0,124.0,27.0,179.0,66.0,4.0,1.0,6.0,4.0,0.0,0.0,0.0,0.0,1.0,0.0,900.0,3,0,0,1,0,0,1,0,0,0,0,0,0,0,170.18,170.18,155.0,0.0,2.0,0.29,0.24,0.0,0.0,0.0,0.0,0.0,0.0,135.0,40.0,181.0,44.0,142.0,47.0,208.0,71.0,3.0,0.0,1.0,0.0,134.0,39.0,155.0,27.0,0.0,0.0,13.0,6.0,1.0,1.0,13.0,11.0,135.0,40.0,166.0,35.0,0.0,0.0,3.0,2.0,0.0,0.0,12.0,7.0,0.0,206.0,900.0,3,0,0,1,0,0,1,0,0,0,0,0,0,0,177.8,187.96,155.0,26.0,34.0,0,0,0,0,0,0,1,0,0,0,0,0,0,0,0,1,0,0,0,0,1,0,0,0
Red,False,0.015625,0.0,0.45,0.4275,0.25,0.2,0.148468017578125,0.098388671875,0.0,0.0,66.5,29.6875,64.31230545043945,27.34375,89.75,48.0,85.53125,44.41152191162109,2.0,0.75,2.0546875,0.75,51.1875,18.3359375,49.6123046875,16.280410766601562,7.5,5.07647705078125,7.5,5.0,4.5,3.625,4.984375,3.9375,48.6875,17.0,47.11572265625,16.5,5.75,3.75,5.3125,3.4375,5.0625,3.5,3.875,2.5,99.2119140625,94.125,638.5,0,0,0,0,0,0,0,0,0,0,0,0,0,0,167.64,167.64,135.0,0.5,0.0,0.585,0.13,0.875,0.0,3.0,0.0,0.5,1.0,11.0,6.5,12.0,3.0,23.0,18.0,15.0,6.0,2.5,2.0,0.0,0.0,10.5,6.0,11.0,2.5,0.5,0.5,1.0,0.5,0.0,0.0,0.0,0.0,5.5,1.5,10.0,2.5,0.5,0.5,0.0,0.0,5.0,4.5,2.0,0.5,137.5,56.5,238.5,3,0,2,0,2,2,0,0,0,0,0,1,1,0,177.8,180.34,155.0,38.0,23.0,0,0,0,0,0,0,1,0,0,0,0,0,0,0,0,1,0,0,0,0,1,0,0,0
Red,False,0.015625,0.00390625,0.52890625,0.493046875,0.6028125,0.2815234375,3.359375,0.875,0.890625,0.81640625,17.65625,10.01171875,18.19921875,9.56640625,71.3125,61.28515625,43.453125,34.04296875,0.91796875,0.70703125,3.1328125,0.94140625,9.9765625,2.8046875,13.48828125,5.6640625,6.40625,5.96484375,3.6484375,3.01953125,1.2734375,1.2421875,1.0625,0.8828125,7.359375,2.60546875,4.72265625,1.6875,5.125,4.546875,3.47265625,2.62890625,5.171875,2.859375,10.00390625,5.25,97.3203125,300.53125,474.3671875,21,1,0,2,2,3,6,0,0,0,0,0,3,0,180.34,172.72,170.0,0.53125,0.0625,0.52421875,0.31125,0.09375,0.2446875,0.4375,0.203125,0.0,0.015625,80.40625,39.203125,38.75,13.359375,90.796875,47.921875,46.09375,20.4375,0.125,0.125,6.5625,1.453125,61.21875,24.296875,32.578125,8.15625,3.390625,2.609375,2.65625,2.296875,15.796875,12.296875,3.515625,2.90625,49.9375,20.1875,28.703125,6.671875,11.734375,9.125,5.015625,2.84375,18.734375,9.890625,5.03125,3.84375,71.578125,121.328125,529.875,13,0,0,1,3,5,2,0,0,0,1,4,0,0,175.26,177.8,170.0,33.0,24.0,0,0,0,0,0,0,0,0,0,1,0,0,0,0,0,1,0,0,0,0,1,0,0,0
Red,False,0.25,0.25,0.415,0.4325,0.35,0.3025,0.5,0.75,0.375,0.125,112.0,40.0,70.5,31.375,140.375,64.375,96.375,52.25,1.0,0.75,7.0,3.375,101.375,30.0,66.75,28.75,7.0,6.5,2.25,1.625,3.625,3.5,1.5,1.0,88.75,27.25,65.125,27.375,3.5,2.625,2.75,2.125,19.75,10.125,2.625,1.875,118.0,164.75,652.25,8,1,4,0,4,4,0,0,0,1,0,3,0,0,185.42,190.5,185.0,0.3125,0.0,0.3609375,0.375,0.2965625,0.320625,0.0,1.09375,0.0,0.0,53.8125,19.15625,47.375,17.875,76.8125,41.09375,63.78125,33.375,6.59375,2.71875,6.625,2.0625,47.40625,14.03125,36.34375,9.375,6.40625,5.125,6.875,5.40625,0.0,0.0,4.15625,3.09375,37.0625,7.75,34.15625,8.34375,10.6875,7.65625,11.21875,7.8125,6.0625,3.75,2.0,1.71875,179.90625,196.6875,709.25,16,1,5,0,5,5,1,0,1,2,0,2,0,0,182.88,190.5,205.0,28.0,28.0,0,0,0,0,0,1,0,0,0,0,0,0,0,0,0,1,0,0,0,0,1,0,0,0
Red,False,0.015625,0.0,0.45,0.4275,0.25,0.2,0.148468017578125,0.098388671875,0.0,0.0,66.5,29.6875,64.31230545043945,27.34375,89.75,48.0,85.53125,44.41152191162109,2.0,0.75,2.0546875,0.75,51.1875,18.3359375,49.6123046875,16.280410766601562,7.5,5.07647705078125,7.5,5.0,4.5,3.625,4.984375,3.9375,48.6875,17.0,47.11572265625,16.5,5.75,3.75,5.3125,3.4375,5.0625,3.5,3.875,2.5,99.2119140625,94.125,638.5,0,0,0,0,0,0,0,0,0,0,0,0,0,0,175.26,177.8,170.0,0.0,0.03125,0.4172265625,0.2937109375,0.5258984375,0.3249609375,0.11328125,0.171875,0.0078125,0.234375,118.85546875,49.09375,94.87109375,29.5234375,142.89453125,70.7734375,112.32421875,44.80859375,6.53125,3.44140625,8.30078125,1.75,109.67578125,40.51171875,77.78125,15.6953125,4.62109375,4.02734375,9.03515625,7.80859375,4.55859375,4.5546875,8.0546875,6.01953125,78.76953125,29.60546875,67.33203125,16.3984375,24.671875,11.44140625,15.71484375,5.44921875,15.4140625,8.046875,11.82421875,7.67578125,192.1484375,139.26953125,858.890625,23,0,1,0,4,7,2,0,0,1,4,1,1,0,177.8,182.88,170.0,31.0,25.0,0,0,0,0,0,0,0,0,0,1,0,0,0,0,0,1,0,0,0,0,1,0,0,0
Red,False,0.0,0.0,0.57,0.55,0.4,0.0,2.0,0.0,0.0,1.0,14.0,8.0,34.0,19.0,19.0,13.0,44.0,29.0,5.0,2.0,0.0,0.0,8.0,5.0,31.0,16.0,4.0,3.0,1.0,1.0,2.0,0.0,2.0,2.0,6.0,3.0,6.0,5.0,4.0,1.0,0.0,0.0,4.0,4.0,28.0,14.0,99.0,270.0,424.0,2,0,1,0,1,1,0,0,0,0,0,0,1,0,193.04,193.04,185.0,0.0471682548522949,0.0,0.45,0.4217682266235352,0.25,0.19173828125,0.1875,0.125,0.0,0.0,69.5,30.5,66.984375,27.8466796875,94.0,48.544921875,88.50390625,44.75,2.0,0.8125,2.015625,0.6640625,54.0,19.01513671875,51.483436584472656,16.9437255859375,7.91796875,5.430633544921875,7.75,5.0625,4.780975341796875,3.9373779296875,4.8994140625,3.84375,51.025390625,18.400863647460938,50.515625,17.5,5.75,3.75,5.5,3.5,5.375,3.6875,4.0,2.65625,104.865234375,89.5,655.8441009521484,0,0,0,0,0,0,0,0,0,0,0,0,0,0,170.18,172.72,170.0,21.0,33.0,0,0,0,0,0,0,0,0,0,1,0,0,0,0,0,0,0,0,1,0,0,0,0,1
Red,False,0.375,0.0,0.595,0.38,0.0,0.3125,0.25,0.0,0.0,0.0,24.125,13.875,12.625,5.0,27.0,16.25,15.875,8.25,0.125,0.0,1.0,0.375,16.25,8.125,9.125,2.125,4.375,2.875,1.5,1.375,3.5,2.875,2.0,1.5,15.875,6.5,10.5,3.125,3.375,3.125,1.0,0.875,4.875,4.25,1.125,1.0,43.75,22.75,147.625,5,0,4,0,4,4,0,0,0,0,0,3,1,0,190.5,198.12,230.0,0.0810546875,0.5703125,0.28244140625,0.40162109375,0.00390625,0.3675,0.25,0.5205078125,0.25,0.25,139.9287109375,41.017578125,127.1806640625,49.8623046875,164.83984375,62.677734375,173.90234375,92.396484375,0.00390625,0.00390625,8.5341796875,3.75,126.6376953125,29.1533203125,110.6884765625,36.7763671875,4.427734375,3.580078125,11.8349609375,8.7099609375,8.86328125,8.2841796875,4.6572265625,4.3759765625,124.3505859375,28.658203125,98.5830078125,31.359375,6.6240234375,4.1591796875,2.06640625,1.5029296875,8.9541015625,8.2001953125,26.53125,17.0,120.7470703125,555.375,1356.84765625,26,8,3,0,5,8,3,0,0,0,3,5,0,0,203.2,203.2,265.0,30.0,31.0,0,0,0,0,1,0,0,0,0,0,0,0,0,0,0,1,0,0,0,0,1,0,0,0
Red,False,0.0,0.0,0.5825,0.6575,0.1875,0.6875,0.375,0.5,0.625,0.375,35.5,20.75,39.25,22.875,71.625,53.375,54.25,37.375,7.0,1.375,1.75,1.125,23.625,10.25,33.5,17.625,3.0,2.75,3.75,3.5,8.875,7.75,2.0,1.75,8.625,2.75,7.625,3.125,9.25,7.375,15.5,11.0,17.625,10.625,16.125,8.75,261.75,121.0,487.25,7,0,2,0,2,3,1,0,0,0,0,1,2,0,190.5,203.2,185.0,0.0,0.0,0.365,0.32375,0.5349999999999999,0.165,2.0625,0.0625,0.0,0.3125,61.3125,23.0625,93.0625,30.1875,109.0,65.5,104.75,40.1875,4.5625,2.375,1.9375,0.5,51.1875,15.9375,68.3125,11.1875,4.5625,3.0625,9.9375,6.4375,5.5625,4.0625,14.8125,12.5625,45.75,11.75,80.1875,20.1875,4.5,3.4375,11.625,9.25,11.0625,7.875,1.25,0.75,257.4375,121.4375,880.375,15,0,4,0,4,4,1,0,0,0,2,2,0,0,187.96,190.5,170.0,32.0,26.0,0,0,0,0,0,0,0,1,0,0,0,0,0,0,0,1,0,0,0,0,0,0,1,0
Red,False,0.625,0.0,0.22125,0.4325,0.125,0.1025,0.0,0.5,0.25,0.0,157.375,28.0,83.5,34.125,172.5,41.625,118.25,66.75,0.75,0.75,4.375,1.25,132.75,15.125,61.875,14.5,22.375,11.125,5.75,4.5,2.25,1.75,15.875,15.125,147.25,23.25,65.875,23.0,7.125,3.0,9.0,5.375,3.0,1.75,8.625,5.75,70.25,157.5,824.75,10,0,1,0,1,2,2,0,0,0,2,0,0,0,175.26,180.34,170.0,0.125,0.0625,0.3559375,0.3746874999999999,0.390625,0.310625,0.09375,0.6875,0.25,0.125,71.375,20.71875,78.8125,32.53125,88.28125,36.375,99.625,52.21875,10.09375,3.84375,4.875,1.5625,61.53125,12.0625,67.25,23.03125,3.75,2.875,5.71875,4.4375,6.09375,5.78125,5.84375,5.0625,47.21875,9.625,55.25,20.09375,15.8125,6.375,19.8125,10.0,8.34375,4.71875,3.75,2.4375,324.4375,109.71875,827.5625,13,0,2,0,2,4,2,0,0,0,2,1,1,0,177.8,182.88,170.0,32.0,27.0,0,0,0,0,0,0,0,0,0,1,0,0,0,0,0,1,0,0,0,0,1,0,0,0
Red,False,0.0,0.0,0.2774999999999999,0.3075,0.035,0.0,0.25,0.0,0.0,0.0,207.5,57.0,159.0,49.25,255.25,94.25,180.25,69.5,3.0,0.25,1.0,0.0,188.75,44.25,145.5,39.75,6.5,3.75,9.5,7.25,12.25,9.0,4.0,2.25,170.25,40.0,143.5,42.5,17.0,8.5,12.5,5.0,20.25,8.5,3.0,1.75,187.75,32.0,900.0,9,0,0,1,2,2,1,0,0,1,1,0,0,0,170.18,175.26,155.0,0.0,0.0,0.37,0.62,1.0,0.6,0.0,0.0,0.0,0.0,16.0,6.0,32.0,20.0,27.0,15.0,67.0,51.0,1.0,1.0,5.0,3.0,14.0,4.0,28.0,16.0,2.0,2.0,2.0,2.0,0.0,0.0,2.0,2.0,9.0,3.0,5.0,1.0,6.0,3.0,2.0,2.0,1.0,0.0,25.0,17.0,75.0,142.0,270.0,1,0,0,1,0,0,1,0,0,0,0,0,0,0,175.26,172.72,155.0,30.0,25.0,0,0,0,0,0,0,1,0,0,0,0,0,0,0,0,1,0,0,0,0,0,0,1,0
Red,True,0.1953125,0.203125,0.4255859375,0.4276171875,0.47078125,0.347890625,0.01953125,1.533203125,0.328125,0.0,97.41796875,41.802734375,47.58984375,18.30859375,111.599609375,54.296875,60.451171875,30.068359375,2.13671875,1.07421875,3.904296875,0.837890625,76.47265625,25.0,32.216796875,6.177734375,12.41015625,8.83203125,8.19921875,5.98828125,8.53515625,7.970703125,7.173828125,6.142578125,69.54296875,23.763671875,35.91015625,9.12109375,11.36328125,8.470703125,9.4296875,7.4375,16.51171875,9.568359375,2.25,1.75,199.162109375,92.64453125,743.591796875,22,4,7,0,7,9,1,0,0,0,2,5,1,1,185.42,193.04,185.0,0.875,0.0,0.7462500000000001,0.32875,0.5,0.4,0.5,0.0,0.25,0.0,17.25,13.25,13.375,4.875,32.75,28.0,21.25,11.25,0.5,0.5,2.25,1.25,12.875,9.25,11.25,2.875,3.75,3.375,1.0,0.875,0.625,0.625,1.125,1.125,6.0,4.75,6.875,2.125,3.625,3.375,0.5,0.25,7.625,5.125,6.0,2.5,31.875,145.75,281.25,5,2,4,0,4,4,0,0,0,0,0,3,1,0,187.96,195.58,185.0,33.0,32.0,0,0,0,0,0,0,0,1,0,0,0,0,0,0,0,0,0,1,0,0,0,0,1,0
Red,False,0.0,0.0,0.42,0.55,0.0,0.75,1.0,2.0,0.0,0.0,26.0,11.0,18.0,10.0,29.0,14.0,20.0,12.0,0.0,0.0,4.0,3.0,20.0,8.0,8.0,1.0,5.0,2.0,1.0,1.0,1.0,1.0,9.0,8.0,18.0,6.0,17.0,9.0,3.0,2.0,0.0,0.0,5.0,3.0,1.0,1.0,40.0,73.0,227.0,1,0,0,1,0,0,1,0,0,0,0,0,0,0,185.42,193.04,185.0,0.0471682548522949,0.0,0.45,0.4217682266235352,0.25,0.19173828125,0.1875,0.125,0.0,0.0,69.5,30.5,66.984375,27.8466796875,94.0,48.544921875,88.50390625,44.75,2.0,0.8125,2.015625,0.6640625,54.0,19.01513671875,51.483436584472656,16.9437255859375,7.91796875,5.430633544921875,7.75,5.0625,4.780975341796875,3.9373779296875,4.8994140625,3.84375,51.025390625,18.400863647460938,50.515625,17.5,5.75,3.75,5.5,3.5,5.375,3.6875,4.0,2.65625,104.865234375,89.5,655.8441009521484,0,0,0,0,0,0,0,0,0,0,0,0,0,0,185.42,182.88,170.0,30.0,29.0,0,0,0,0,0,0,0,1,0,0,0,0,0,0,0,1,0,0,0,0,0,0,1,0
Red,False,0.0,0.0,0.6,0.5349999999999999,0.21,0.0,2.0,0.0,0.0,0.5,8.0,5.0,18.5,10.5,18.5,15.5,21.5,13.5,3.5,1.5,1.0,0.0,3.5,1.5,15.5,8.0,2.0,1.5,2.0,1.5,2.5,2.0,1.0,1.0,4.0,2.0,9.5,4.5,2.5,1.5,1.0,1.0,1.5,1.5,8.0,5.0,122.0,19.5,205.0,2,0,1,0,1,1,1,0,0,0,0,0,1,0,190.5,193.04,185.0,0.0625,0.0,0.35140625,0.3390625,0.0371875,0.3415625,1.390625,0.046875,0.015625,0.015625,56.484375,16.4375,71.765625,29.578125,65.578125,25.078125,79.765625,37.4375,0.578125,0.171875,2.71875,1.421875,49.34375,12.15625,55.109375,17.765625,3.953125,2.171875,4.15625,3.4375,3.1875,2.109375,12.5,8.375,53.421875,14.421875,62.3125,23.953125,1.953125,1.296875,5.8125,3.90625,1.109375,0.71875,3.640625,1.71875,64.71875,113.265625,497.3125,17,1,0,1,3,4,3,0,0,0,2,0,2,0,193.04,200.66,205.0,30.0,30.0,0,0,0,0,0,1,0,0,0,0,0,0,0,0,0,1,0,0,0,0,1,0,0,0
Red,False,0.0,0.0,0.605,0.37,0.455,0.1875,0.5,0.25,0.5,0.0,55.75,33.5,88.75,32.5,82.75,58.0,150.25,89.25,3.0,1.25,1.0,0.75,31.5,14.0,65.75,18.0,17.75,13.5,14.0,7.5,6.5,6.0,9.0,7.0,27.0,13.5,61.75,17.5,11.5,10.0,20.0,10.25,17.25,10.0,7.0,4.75,210.0,100.5,669.0,7,0,1,0,1,2,1,0,0,0,1,0,1,0,190.5,187.96,185.0,0.125,0.0,0.2175,0.6975,0.0975,0.31875,0.75,0.875,0.125,0.125,20.625,6.625,32.25,14.0,28.25,13.625,53.25,34.625,2.125,0.375,2.25,0.875,15.0,2.0,25.125,8.75,1.75,1.375,4.875,3.125,3.875,3.25,2.25,2.125,16.75,4.375,19.5,5.625,1.0,0.75,7.5,5.125,2.875,1.5,5.25,3.25,77.875,139.75,380.125,9,0,0,1,1,2,2,0,0,0,0,1,1,0,187.96,190.5,185.0,32.0,23.0,0,0,0,0,0,0,0,1,0,0,0,0,0,0,0,1,0,0,0,0,1,0,0,0
Red,False,0.0,0.0,0.0,0.61,0.0,0.5,2.0,2.0,1.0,0.0,4.0,0.0,18.0,11.0,20.0,16.0,64.0,52.0,0.0,0.0,4.0,2.0,2.0,0.0,17.0,10.0,2.0,0.0,1.0,1.0,0.0,0.0,0.0,0.0,3.0,0.0,3.0,2.0,0.0,0.0,0.0,0.0,1.0,0.0,15.0,9.0,88.0,305.0,469.0,2,0,0,1,0,0,1,0,0,0,0,0,0,0,172.72,172.72,155.0,0.0,0.0,0.68,0.55,1.0,0.0,0.0,3.0,0.0,0.0,38.0,26.0,9.0,5.0,60.0,45.0,20.0,16.0,1.0,1.0,0.0,0.0,32.0,20.0,6.0,2.0,6.0,6.0,2.0,2.0,0.0,0.0,1.0,1.0,1.0,0.0,8.0,4.0,2.0,0.0,1.0,1.0,35.0,26.0,0.0,0.0,227.0,29.0,288.0,1,0,0,1,0,0,1,0,0,0,0,0,0,0,172.72,177.8,145.0,35.0,26.0,0,0,0,0,0,0,1,0,0,0,0,0,0,0,0,1,0,0,0,0,1,0,0,0
Red,False,1.0,0.0,0.42,0.22,0.0,0.0,0.0,0.0,0.0,0.0,7.0,3.0,9.0,2.0,7.0,3.0,9.0,2.0,0.0,0.0,0.0,0.0,7.0,3.0,8.0,1.0,0.0,0.0,0.0,0.0,0.0,0.0,1.0,1.0,7.0,3.0,9.0,2.0,0.0,0.0,0.0,0.0,0.0,0.0,0.0,0.0,1.0,0.0,13.0,1,0,1,0,1,1,0,0,0,0,0,1,0,0,187.96,198.12,205.0,0.0,0.25,0.3525,0.4812499999999999,0.34375,0.56,0.25,2.25,0.0,0.0,46.25,16.875,65.375,27.25,76.5,46.75,94.0,53.0,1.5,0.625,4.125,3.625,35.0,7.75,53.375,16.0,4.875,4.0,5.875,5.125,6.375,5.125,6.125,6.125,39.0,12.25,45.125,14.25,6.375,4.0,11.25,9.0,0.875,0.625,9.0,4.0,43.125,398.375,765.5,10,0,0,2,1,1,3,0,0,0,0,0,1,0,175.26,182.88,155.0,23.0,31.0,0,0,0,0,0,0,0,0,0,1,0,0,0,0,0,1,0,0,0,0,0,0,1,0
Red,False,0.0,0.0,0.36,0.35,0.25,0.5,0.0,0.5,0.0,0.0,99.0,31.5,167.5,55.5,136.5,68.5,224.0,101.5,5.0,2.0,0.5,0.5,92.0,27.0,155.0,48.0,3.0,2.5,4.5,3.0,4.0,2.0,8.0,4.5,86.5,26.5,109.0,29.0,7.5,2.0,16.0,8.0,5.0,3.0,42.5,18.5,173.5,284.0,900.0,6,0,0,2,0,0,2,0,0,0,0,0,0,0,167.64,167.64,155.0,0.0,0.0,0.2,0.27,0.0,0.5,0.0,2.0,1.0,0.0,35.0,7.0,37.0,10.0,48.0,19.0,65.0,35.0,0.0,0.0,2.0,1.0,30.0,5.0,30.0,5.0,3.0,1.0,3.0,1.0,2.0,1.0,4.0,4.0,27.0,5.0,35.0,8.0,0.0,0.0,0.0,0.0,8.0,2.0,2.0,2.0,66.0,242.0,464.0,2,0,0,1,0,0,1,0,0,0,0,0,0,0,175.26,180.34,145.0,25.0,21.0,0,0,0,0,0,0,1,0,0,0,0,0,0,0,0,1,0,0,0,0,1,0,0,0
Red,False,0.5,0.0,0.3165624999999999,0.344375,0.1584375,0.625,0.171875,0.09375,0.625,0.03125,82.484375,18.359375,75.78125,21.796875,92.828125,26.875,87.015625,32.25,2.09375,0.65625,1.90625,1.6875,73.625,10.90625,70.546875,17.875,5.859375,4.453125,3.09375,1.78125,3.0,3.0,2.140625,2.140625,70.15625,9.671875,70.671875,19.59375,2.75,2.125,1.921875,1.0,9.578125,6.5625,3.1875,1.203125,83.171875,45.546875,682.265625,16,1,6,0,6,6,1,0,0,0,3,3,0,0,177.8,182.88,170.0,0.09375,0.0,0.5178125,0.4709375,0.26625,0.330625,1.21875,1.0625,0.0,0.0,44.84375,24.0,15.15625,7.125,105.03125,82.125,19.375,11.21875,3.59375,1.5625,2.53125,1.125,36.28125,17.09375,8.21875,1.625,4.4375,3.375,3.9375,2.5625,4.125,3.53125,3.0,2.9375,15.28125,6.3125,7.875,2.09375,7.71875,4.46875,6.28125,4.53125,21.84375,13.21875,1.0,0.5,253.90625,136.625,500.09375,14,0,6,0,6,6,0,0,0,0,2,1,3,0,182.88,187.96,170.0,25.0,29.0,0,0,0,0,0,0,0,0,0,1,0,0,0,0,0,0,0,1,0,0,1,0,0,0
Red,False,0.015625,0.0,0.45,0.4275,0.25,0.2,0.148468017578125,0.098388671875,0.0,0.0,66.5,29.6875,64.31230545043945,27.34375,89.75,48.0,85.53125,44.41152191162109,2.0,0.75,2.0546875,0.75,51.1875,18.3359375,49.6123046875,16.280410766601562,7.5,5.07647705078125,7.5,5.0,4.5,3.625,4.984375,3.9375,48.6875,17.0,47.11572265625,16.5,5.75,3.75,5.3125,3.4375,5.0625,3.5,3.875,2.5,99.2119140625,94.125,638.5,0,0,0,0,0,0,0,0,0,0,0,0,0,0,185.42,193.04,205.0,0.03125,0.0,0.4015625,0.3721875,0.0190625,0.345625,0.03125,0.0,0.0,0.0,179.0,77.109375,84.265625,29.40625,182.953125,80.625,87.140625,31.96875,0.90625,0.046875,2.25,1.1875,122.046875,39.703125,77.84375,25.203125,15.6875,10.65625,3.4375,1.671875,41.265625,26.75,2.984375,2.53125,146.25,57.0625,73.1875,22.96875,32.609375,19.921875,4.578125,2.3125,0.140625,0.125,6.5,4.125,12.03125,39.859375,711.78125,15,1,3,0,3,5,2,0,0,0,3,1,1,0,190.5,195.58,205.0,25.0,28.0,0,0,0,0,0,1,0,0,0,0,0,0,0,0,0,1,0,0,0,0,1,0,0,0
Red,False,0.015625,0.0,0.45,0.4275,0.25,0.2,0.148468017578125,0.098388671875,0.0,0.0,66.5,29.6875,64.31230545043945,27.34375,89.75,48.0,85.53125,44.41152191162109,2.0,0.75,2.0546875,0.75,51.1875,18.3359375,49.6123046875,16.280410766601562,7.5,5.07647705078125,7.5,5.0,4.5,3.625,4.984375,3.9375,48.6875,17.0,47.11572265625,16.5,5.75,3.75,5.3125,3.4375,5.0625,3.5,3.875,2.5,99.2119140625,94.125,638.5,0,0,0,0,0,0,0,0,0,0,0,0,0,0,180.34,177.8,205.0,1.0,0.0,0.655,0.2,0.5,0.07,0.5,0.0,0.5,0.0,98.0,64.5,46.5,9.5,116.0,82.0,68.5,30.0,2.0,2.0,4.0,0.5,67.0,38.0,36.0,4.5,13.0,11.0,6.0,3.0,18.0,15.5,4.5,2.0,56.5,36.5,42.0,9.0,10.5,8.0,4.0,0.5,31.0,20.0,0.5,0.0,312.0,12.5,900.0,6,0,2,0,2,2,0,0,0,0,2,0,0,0,185.42,187.96,185.0,28.0,29.0,0,0,0,0,0,1,0,0,0,0,0,0,0,0,0,1,0,0,0,0,0,0,1,0
Red,False,0.015625,0.0,0.45,0.4275,0.25,0.2,0.148468017578125,0.098388671875,0.0,0.0,66.5,29.6875,64.31230545043945,27.34375,89.75,48.0,85.53125,44.41152191162109,2.0,0.75,2.0546875,0.75,51.1875,18.3359375,49.6123046875,16.280410766601562,7.5,5.07647705078125,7.5,5.0,4.5,3.625,4.984375,3.9375,48.6875,17.0,47.11572265625,16.5,5.75,3.75,5.3125,3.4375,5.0625,3.5,3.875,2.5,99.2119140625,94.125,638.5,0,0,0,0,0,0,0,0,0,0,0,0,0,0,185.42,185.42,265.0,0.5,1.0,0.145,0.605,0.625,0.135,0.5,0.0,0.5,0.0,105.5,30.5,64.5,32.5,130.5,52.5,84.5,51.5,2.5,1.0,5.5,1.5,102.5,28.0,57.5,26.0,1.0,0.5,2.5,2.0,2.0,2.0,4.5,4.5,80.5,18.5,38.5,14.0,14.0,8.0,21.5,15.0,11.0,4.0,4.5,3.5,111.0,167.0,535.5,4,0,0,1,1,1,1,0,0,0,1,0,0,0,187.96,195.58,234.0,28.0,32.0,0,0,0,0,1,0,0,0,0,0,0,0,0,0,0,1,0,0,0,0,1,0,0,0
Red,False,0.66180419921875,0.5,0.4051699829101562,0.4973514556884765,0.0078201293945312,0.0525782775878906,0.0,0.0019760131835937,0.0019607543945312,0.0,52.20884704589844,20.190948486328125,29.36241912841797,10.192161560058594,54.43077850341797,21.41236114501953,29.3897705078125,10.215118408203123,0.0097808837890625,0.0078277587890625,2.4700164794921875,0.32208251953125,48.159515380859375,16.340538024902344,23.23114013671875,6.030616760253906,2.2875289916992188,2.0936431884765625,1.7675552368164062,1.365936279296875,1.7618026733398438,1.7567672729492188,4.3637237548828125,2.7956085205078125,37.47533416748047,14.17218780517578,26.62310791015625,8.0579833984375,0.7039337158203125,0.3805999755859375,0.6759490966796875,0.6091461181640625,14.029579162597656,5.638160705566406,2.0633621215820312,1.5250320434570312,24.895172119140625,10.842498779296877,343.35975646972656,35,7,1,0,7,15,3,0,0,0,5,9,0,1,187.96,193.04,205.0,0.03125,1.0625,0.5478125,0.5878125,0.125,0.0853125,0.0,0.0625,0.0,0.0,60.3125,26.53125,48.59375,21.90625,64.625,30.59375,50.53125,23.78125,0.1875,0.125,1.25,0.34375,50.65625,17.9375,38.8125,13.5625,3.0,2.6875,2.0625,2.0,6.65625,5.90625,7.71875,6.34375,51.25,20.46875,37.34375,12.6875,5.4375,3.4375,8.90625,7.40625,3.625,2.625,2.34375,1.8125,8.625,40.21875,307.0,13,0,2,0,2,4,2,0,0,0,2,2,0,0,187.96,193.04,185.0,37.0,31.0,0,0,0,0,0,1,0,0,0,0,0,0,0,0,0,1,0,0,0,0,1,0,0,0
Red,False,0.0,0.0,0.6799999999999999,0.2,0.5800000000000001,0.25,2.0,1.5,0.5,2.0,23.0,16.0,17.0,6.0,119.5,105.5,57.0,44.0,5.0,3.0,1.0,0.5,17.5,11.5,9.5,1.5,4.0,4.0,2.0,0.5,1.5,0.5,5.5,4.0,7.0,3.5,12.5,4.0,0.0,0.0,2.5,1.5,16.0,12.5,2.0,0.5,306.5,221.5,684.5,5,0,2,0,2,2,0,0,0,0,1,0,1,0,170.18,177.8,145.0,0.0,0.0,0.3675,0.5375000000000001,0.875,0.2725,2.25,1.0,0.0,0.25,72.5,34.5,58.0,32.0,95.0,55.75,93.0,64.5,2.75,2.0,10.75,4.0,57.0,20.0,47.0,22.0,11.25,10.5,9.5,8.75,4.25,4.0,1.5,1.25,56.5,21.75,27.5,9.0,6.25,4.0,10.25,8.5,9.75,8.75,20.25,14.5,103.0,311.0,702.5,7,0,1,0,1,2,1,0,0,1,0,0,1,0,167.64,172.72,145.0,22.0,23.0,0,0,0,0,0,0,1,0,0,0,0,0,0,0,0,1,0,0,0,0,1,0,0,0
Red,False,0.015625,0.0,0.45,0.4275,0.25,0.2,0.148468017578125,0.098388671875,0.0,0.0,66.5,29.6875,64.31230545043945,27.34375,89.75,48.0,85.53125,44.41152191162109,2.0,0.75,2.0546875,0.75,51.1875,18.3359375,49.6123046875,16.280410766601562,7.5,5.07647705078125,7.5,5.0,4.5,3.625,4.984375,3.9375,48.6875,17.0,47.11572265625,16.5,5.75,3.75,5.3125,3.4375,5.0625,3.5,3.875,2.5,99.2119140625,94.125,638.5,0,0,0,0,0,0,0,0,0,0,0,0,0,0,167.64,172.72,145.0,0.0,0.5,0.575,0.47,0.375,0.0,2.0,0.0,0.0,0.0,26.0,15.5,21.5,14.0,39.5,27.0,34.0,25.5,3.0,1.0,0.0,0.0,22.5,13.0,11.5,5.5,2.5,1.5,7.0,6.0,1.0,1.0,3.0,2.5,6.5,1.0,5.5,3.0,2.5,2.0,10.5,7.5,17.0,12.5,5.5,3.5,154.0,59.0,266.0,3,0,0,1,1,1,1,0,0,0,0,1,0,0,177.8,172.72,155.0,31.0,24.0,0,0,0,0,0,0,1,0,0,0,0,0,0,0,0,1,0,0,0,0,1,0,0,0
Red,False,0.125,0.015625,0.3184375,0.27265625,0.421875,0.14625,1.5,0.03125,0.0,0.5,61.84375,20.203125,60.390625,17.609375,89.265625,45.578125,87.109375,42.296875,1.34375,0.75,6.125,1.46875,54.609375,14.5,52.296875,12.203125,3.796875,2.265625,4.59375,2.8125,3.4375,3.4375,3.5,2.59375,54.03125,14.546875,42.40625,8.15625,5.265625,3.65625,4.4375,2.890625,2.546875,2.0,13.546875,6.5625,170.71875,166.890625,619.34375,17,0,0,1,4,5,2,0,0,1,2,0,2,0,175.26,175.26,155.0,0.0,0.0,0.58203125,0.32734375,0.600625,0.6090625000000001,0.875,0.625,0.125,0.0,41.25,23.625,32.078125,12.75,84.421875,63.328125,57.46875,35.609375,3.28125,1.921875,4.65625,1.765625,33.34375,16.546875,28.671875,10.5,3.671875,3.15625,2.25,1.46875,4.234375,3.921875,1.15625,0.78125,14.21875,6.0625,13.828125,3.359375,2.875,2.421875,5.734375,2.75,24.15625,15.140625,12.515625,6.640625,199.15625,211.171875,558.921875,15,2,0,1,3,5,2,0,0,0,0,1,3,1,177.8,187.96,145.0,30.0,31.0,0,0,0,0,0,0,1,0,0,0,0,0,0,0,0,1,0,0,0,0,0,0,1,0
Red,False,0.25,0.125,0.6112500000000001,0.605,0.25875,0.0,0.0,0.0,0.0,0.0,15.875,7.875,10.75,7.375,20.375,12.25,15.625,12.125,2.5,0.875,0.25,0.0,12.25,5.25,5.5,2.375,1.125,0.625,2.0,1.75,2.5,2.0,3.25,3.25,7.625,1.0,6.375,3.25,3.625,2.5,2.5,2.375,4.625,4.375,1.875,1.75,86.5,21.375,161.25,6,0,0,2,2,2,2,0,0,0,0,2,0,0,172.72,180.34,185.0,0.140625,0.125,0.358828125,0.5253125000000001,0.355,0.514765625,0.0078125,0.265625,0.0,0.5,82.78515625,28.46484375,50.6875,28.41015625,156.58984375,98.06640625,82.4453125,57.66796875,1.0078125,0.8046875,3.046875,1.38671875,59.66796875,15.140625,30.1953125,13.09765625,13.83984375,6.7421875,15.70703125,11.65625,9.27734375,6.58203125,4.78515625,3.65625,54.08984375,14.35546875,26.44921875,13.6796875,23.45703125,11.13671875,11.15234375,7.90625,5.23828125,2.97265625,13.0859375,6.82421875,104.92578125,240.26171875,665.93359375,17,0,5,0,5,6,3,0,0,1,1,3,1,0,180.34,185.42,185.0,26.0,27.0,0,0,0,0,0,0,0,1,0,0,0,0,0,0,0,1,0,0,0,0,0,0,1,0
Red,False,0.015625,0.0,0.45,0.4275,0.25,0.2,0.148468017578125,0.098388671875,0.0,0.0,66.5,29.6875,64.31230545043945,27.34375,89.75,48.0,85.53125,44.41152191162109,2.0,0.75,2.0546875,0.75,51.1875,18.3359375,49.6123046875,16.280410766601562,7.5,5.07647705078125,7.5,5.0,4.5,3.625,4.984375,3.9375,48.6875,17.0,47.11572265625,16.5,5.75,3.75,5.3125,3.4375,5.0625,3.5,3.875,2.5,99.2119140625,94.125,638.5,0,0,0,0,0,0,0,0,0,0,0,0,0,0,170.18,170.18,155.0,0.0,0.0,0.55,0.27,1.0,1.0,1.0,1.0,1.0,0.0,36.0,20.0,11.0,3.0,50.0,33.0,17.0,8.0,2.0,2.0,1.0,1.0,29.0,13.0,11.0,3.0,7.0,7.0,0.0,0.0,0.0,0.0,0.0,0.0,8.0,4.0,5.0,2.0,9.0,3.0,6.0,1.0,19.0,13.0,0.0,0.0,265.0,10.0,339.0,2,0,0,1,0,0,1,0,0,0,0,0,0,0,175.26,177.8,155.0,29.0,28.0,0,0,0,0,0,0,1,0,0,0,0,0,0,0,0,1,0,0,0,0,1,0,0,0
Red,False,0.0,0.0,0.3999999999999999,0.38,0.205,0.415,1.5,0.0,0.0,0.5,31.0,15.0,56.5,25.5,84.5,66.0,142.0,105.0,7.0,2.5,3.0,2.5,26.0,11.0,48.0,20.0,3.5,3.0,4.5,2.5,1.5,1.0,4.0,3.0,14.5,3.5,29.5,9.5,3.0,2.0,6.0,2.0,13.5,9.5,21.0,14.0,326.5,384.0,900.0,6,0,0,1,1,1,1,0,0,0,1,0,0,0,177.8,177.8,168.0,1.0625,0.125,0.5584375,0.2425,0.1875,0.159375,0.875,0.40625,0.0,0.03125,63.8125,30.40625,38.5,11.71875,80.59375,45.84375,48.1875,20.875,0.25,0.25,7.125,0.90625,50.4375,20.59375,35.15625,9.3125,3.78125,3.21875,2.3125,1.59375,9.59375,6.59375,1.03125,0.8125,31.875,12.375,25.40625,3.34375,6.46875,4.25,5.03125,2.6875,25.46875,13.78125,8.0625,5.6875,89.15625,147.65625,515.75,11,0,0,1,2,4,2,0,0,0,1,3,0,0,175.26,177.8,170.0,31.0,23.0,0,0,0,0,0,0,0,0,0,1,0,0,0,0,0,1,0,0,0,0,1,0,0,0
Red,False,0.0,0.0,0.49,0.605,0.0,0.925,1.5,0.5,2.0,0.5,47.5,16.5,105.5,44.5,74.5,34.5,164.0,89.0,0.5,0.0,4.5,4.0,40.0,13.0,101.5,41.5,3.0,1.5,4.0,3.0,4.5,2.0,0.0,0.0,32.5,9.5,39.0,9.5,10.5,4.5,20.5,8.5,4.5,2.5,46.0,26.5,71.0,384.0,581.0,4,0,0,1,1,1,1,0,0,0,0,0,1,0,177.8,172.72,145.0,1.0,0.0,0.37,0.36,0.0,0.0,0.0,0.0,0.0,0.0,32.0,12.0,11.0,4.0,34.0,14.0,11.0,4.0,0.0,0.0,1.0,0.0,29.0,11.0,8.0,3.0,3.0,1.0,2.0,1.0,0.0,0.0,1.0,0.0,16.0,3.0,6.0,1.0,4.0,1.0,5.0,3.0,12.0,8.0,0.0,0.0,15.0,0.0,70.0,1,0,1,0,1,1,0,0,0,0,0,1,0,0,185.42,185.42,145.0,28.0,23.0,0,0,0,0,0,0,1,0,0,0,0,0,0,0,0,1,0,0,0,0,1,0,0,0
Red,False,0.0,1.0,0.32,0.39,0.0,0.0,0.0,0.0,0.0,0.0,142.0,46.0,198.0,78.0,142.0,46.0,200.0,80.0,5.0,0.0,0.0,0.0,110.0,20.0,153.0,44.0,15.0,15.0,7.0,6.0,17.0,11.0,38.0,28.0,139.0,45.0,183.0,71.0,3.0,1.0,5.0,4.0,0.0,0.0,10.0,3.0,19.0,8.0,637.0,3,0,0,1,0,0,1,0,0,0,0,0,0,0,182.88,182.88,170.0,1.0,0.0,0.475,0.32125,0.21875,0.38625,1.25,0.375,0.0,0.375,68.125,30.125,47.25,13.625,89.0,49.375,70.5,34.625,1.125,0.5,6.5,2.875,50.75,16.125,40.125,8.5,14.125,10.75,4.75,3.5,3.25,3.25,2.375,1.625,51.875,20.75,33.125,5.5,11.125,6.5,3.75,2.125,5.125,2.875,10.375,6.0,89.125,288.5,682.5,11,1,0,1,1,2,2,0,0,0,1,1,0,0,182.88,187.96,170.0,24.0,27.0,0,0,0,0,0,0,0,0,0,1,0,0,0,0,0,1,0,0,0,0,1,0,0,0
Red,False,0.0,0.625,0.2525,0.49625,0.03125,0.2675,1.125,2.0,0.125,0.0,37.125,11.75,71.25,37.0,56.5,29.5,114.5,78.5,0.5,0.125,4.75,2.0,29.875,6.625,64.5,31.875,4.125,2.5,2.625,1.75,3.125,2.625,4.125,3.375,31.75,9.375,38.125,13.125,2.625,1.375,4.125,2.375,2.75,1.0,29.0,21.5,60.0,376.125,688.875,9,0,1,0,1,1,3,0,0,0,0,0,1,0,180.34,190.5,170.0,0.5,1.0,0.325,0.305,0.0,0.0,0.0,0.0,0.0,0.0,26.0,9.625,26.625,9.0,29.375,13.0,28.375,10.625,0.0,0.0,0.0,0.0,22.0,7.125,22.0,5.875,2.75,2.0,1.875,1.375,1.25,0.5,2.75,1.75,21.5,6.875,23.25,6.125,3.375,1.75,2.375,1.875,1.125,1.0,1.0,1.0,4.75,10.25,131.75,4,1,3,0,3,3,1,0,0,0,0,3,0,0,182.88,182.88,185.0,25.0,35.0,0,0,0,0,0,0,0,1,0,0,0,0,0,0,0,1,0,0,0,1,0,0,0,0
Red,False,0.5,0.0,0.375,0.525,0.0,0.5,1.0,0.5,0.0,0.0,27.5,15.0,16.5,8.5,47.0,31.0,36.5,26.5,0.5,0.0,2.5,0.5,23.5,11.0,10.0,4.0,3.5,3.5,5.0,3.5,0.5,0.5,1.5,1.0,13.0,5.0,6.0,2.5,12.0,7.5,6.0,3.5,2.5,2.5,4.5,2.5,154.0,68.5,269.5,3,0,0,1,1,1,1,0,0,0,0,0,1,0,175.26,182.88,145.0,0.0,0.0,0.4,0.47,0.0,0.25,1.0,1.0,0.0,0.0,5.0,2.0,34.0,16.0,60.0,56.0,46.0,28.0,1.0,0.0,4.0,1.0,4.0,2.0,30.0,12.0,1.0,0.0,0.0,0.0,0.0,0.0,4.0,4.0,5.0,2.0,3.0,1.0,0.0,0.0,6.0,5.0,0.0,0.0,25.0,10.0,25.0,255.0,320.0,2,1,1,0,1,1,0,0,0,0,0,0,1,0,182.88,193.04,170.0,26.0,22.0,0,0,0,0,0,0,1,0,0,0,0,0,0,0,0,1,0,0,0,0,0,0,1,0
Red,False,0.0,1.125,0.42125,0.705,0.165,0.59375,0.125,1.625,0.625,0.0,14.875,6.75,23.625,16.125,35.5,24.625,35.125,26.75,2.75,1.5,2.0,1.625,11.75,4.375,21.5,14.0,2.0,1.625,1.125,1.125,1.125,0.75,1.0,1.0,6.0,1.875,7.25,3.75,1.375,0.875,1.75,1.125,7.5,4.0,14.625,11.25,178.125,192.375,433.875,8,0,1,0,1,2,2,0,1,0,0,0,0,1,182.88,185.42,170.0,0.0,0.0,0.4549999999999999,0.4825,0.25,0.375,1.0,0.25,0.0,0.0,44.25,21.25,23.25,8.25,54.75,31.0,36.5,21.25,0.25,0.25,2.25,1.25,40.0,18.0,21.0,6.75,1.0,1.0,0.75,0.75,3.25,2.25,1.5,0.75,26.25,11.75,20.5,6.0,1.75,1.25,0.0,0.0,16.25,8.25,2.75,2.25,72.0,150.25,369.75,5,0,0,1,2,2,1,0,0,0,1,0,1,0,185.42,193.04,170.0,28.0,21.0,0,0,0,0,0,0,0,0,0,1,0,0,0,0,0,1,0,0,0,0,1,0,0,0
Red,False,0.0625,0.25,0.37375,0.239375,0.0625,0.25,0.0,0.25,0.0,0.0,40.5,18.375,22.125,8.5625,47.75,24.75,34.625,20.25,1.0625,0.5625,2.375,0.25,38.1875,16.6875,18.6875,5.5625,2.25,1.625,1.8125,1.8125,0.0625,0.0625,1.625,1.1875,22.375,8.25,16.1875,4.1875,8.25,5.125,2.1875,1.375,9.875,5.0,3.75,3.0,78.875,11.5,206.875,8,0,0,1,1,2,3,0,0,0,1,1,0,0,182.88,182.88,185.0,2.0,0.0,0.85,0.62,0.0,0.0,0.0,0.0,0.0,0.0,20.0,17.0,8.0,5.0,20.0,17.0,9.0,6.0,0.0,0.0,0.0,0.0,17.0,14.0,7.0,4.0,2.0,2.0,1.0,1.0,1.0,1.0,0.0,0.0,1.0,1.0,4.0,3.0,15.0,13.0,4.0,2.0,4.0,3.0,0.0,0.0,20.0,0.0,48.0,1,0,1,0,1,1,0,0,0,0,0,1,0,0,182.88,182.88,205.0,26.0,35.0,0,0,0,0,0,1,0,0,0,0,0,0,0,0,0,1,0,0,0,0,1,0,0,0
Red,False,0.015625,0.0,0.45,0.4275,0.25,0.2,0.148468017578125,0.098388671875,0.0,0.0,66.5,29.6875,64.31230545043945,27.34375,89.75,48.0,85.53125,44.41152191162109,2.0,0.75,2.0546875,0.75,51.1875,18.3359375,49.6123046875,16.280410766601562,7.5,5.07647705078125,7.5,5.0,4.5,3.625,4.984375,3.9375,48.6875,17.0,47.11572265625,16.5,5.75,3.75,5.3125,3.4375,5.0625,3.5,3.875,2.5,99.2119140625,94.125,638.5,0,0,0,0,0,0,0,0,0,0,0,0,0,0,185.42,193.04,205.0,0.0,0.0,1.0,0.75,0.5,0.0,0.0,1.0,0.0,0.0,1.0,1.0,4.0,3.0,1.0,1.0,5.0,4.0,2.0,1.0,0.0,0.0,0.0,0.0,3.0,2.0,1.0,1.0,0.0,0.0,0.0,0.0,1.0,1.0,1.0,1.0,2.0,1.0,0.0,0.0,0.0,0.0,0.0,0.0,2.0,2.0,36.0,17.0,66.0,1,0,1,0,1,1,0,0,0,0,0,1,0,0,187.96,187.96,205.0,25.0,24.0,0,0,0,0,0,1,0,0,0,0,0,0,0,0,0,1,0,0,0,0,1,0,0,0
Red,False,0.5,0.5,0.42,0.265,0.0,0.5,0.0,0.0,0.0,0.0,21.0,10.5,43.0,12.0,28.5,18.0,49.0,18.0,0.0,0.0,0.5,0.5,18.0,8.0,41.0,11.0,2.0,2.0,1.0,0.5,1.0,0.5,1.0,0.5,14.5,6.5,27.5,2.5,1.5,0.5,1.5,1.0,5.0,3.5,14.0,8.5,28.5,92.5,282.0,2,0,1,0,1,1,1,0,0,0,0,1,0,0,187.96,185.42,230.0,0.125,0.0,0.5875,0.49125,0.125,0.5137499999999999,1.0,0.125,0.5,0.0,73.25,41.625,21.375,11.25,106.125,73.5,77.875,63.875,0.625,0.125,9.375,4.875,50.5,24.375,13.5,4.125,12.875,10.375,3.875,3.625,9.875,6.875,4.0,3.5,49.5,22.25,10.25,5.5,20.0,17.0,2.25,0.5,3.75,2.375,8.875,5.25,143.25,378.25,728.0,8,0,2,0,2,3,1,0,1,0,0,1,0,1,193.04,208.28,240.0,32.0,32.0,0,0,0,0,1,0,0,0,0,0,0,0,0,0,0,0,0,1,0,0,1,0,0,0
Red,False,0.0,0.25,0.5525,0.3825,0.4075,0.0,0.0,0.25,0.0,0.0,46.5,26.25,35.75,14.0,100.25,72.0,47.0,25.0,3.5,2.0,2.0,0.0,44.0,24.25,24.0,5.25,1.25,0.75,4.5,3.25,1.25,1.25,7.25,5.5,24.25,9.25,31.5,12.25,8.5,6.75,3.5,1.5,13.75,10.25,0.75,0.25,224.25,2.75,416.75,5,0,3,0,3,3,0,0,0,0,1,2,0,0,185.42,193.04,205.0,0.5,0.5,0.54,0.415,0.7,0.105,1.0,1.5,0.75,0.25,62.0,33.0,17.0,6.75,98.75,63.75,27.75,16.5,2.0,1.5,2.0,0.75,52.75,25.0,11.5,2.5,8.0,7.0,2.5,2.25,1.25,1.0,3.0,2.0,15.5,7.5,10.25,2.75,7.0,5.25,4.5,3.25,39.5,20.25,2.25,0.75,235.0,81.5,404.5,5,1,3,0,3,3,0,0,0,0,0,3,0,0,185.42,190.5,185.0,30.0,28.0,0,0,0,0,0,1,0,0,0,0,0,0,0,0,0,1,0,0,0,0,1,0,0,0
Red,False,0.0,0.0,0.4,0.75,0.5,0.66,1.0,2.0,3.0,1.0,30.0,12.0,28.0,21.0,94.0,72.0,175.0,159.0,2.0,1.0,6.0,4.0,17.0,3.0,18.0,13.0,2.0,1.0,7.0,7.0,11.0,8.0,3.0,1.0,22.0,8.0,11.0,5.0,5.0,3.0,0.0,0.0,3.0,1.0,17.0,16.0,355.0,308.0,900.0,3,0,0,1,0,0,1,0,0,0,0,0,0,0,172.72,167.64,155.0,0.0,0.0,0.66,0.2,1.0,0.0,0.0,1.0,0.0,0.0,3.0,2.0,5.0,1.0,5.0,4.0,5.0,1.0,1.0,1.0,0.0,0.0,1.0,0.0,2.0,0.0,2.0,2.0,1.0,0.0,0.0,0.0,2.0,1.0,3.0,2.0,5.0,1.0,0.0,0.0,0.0,0.0,0.0,0.0,0.0,0.0,0.0,43.0,81.0,1,0,0,1,0,0,1,0,0,0,0,0,0,0,167.64,177.8,145.0,25.0,28.0,0,0,0,0,0,0,1,0,0,0,0,0,0,0,0,0,0,1,0,0,1,0,0,0
Red,False,0.0,0.0,0.55,0.68,0.0,1.0,3.0,0.0,0.0,0.0,9.0,5.0,38.0,26.0,20.0,16.0,60.0,45.0,0.0,0.0,1.0,1.0,6.0,2.0,32.0,20.0,2.0,2.0,6.0,6.0,1.0,1.0,0.0,0.0,8.0,4.0,1.0,0.0,1.0,1.0,2.0,0.0,0.0,0.0,35.0,26.0,29.0,227.0,288.0,1,0,1,0,1,1,0,0,0,0,0,0,1,0,185.42,185.42,155.0,0.0,0.0,0.4075,0.1875,0.2075,0.5,1.0,0.25,0.5,0.25,25.5,10.5,25.25,9.0,50.5,31.75,79.75,58.75,2.25,1.25,0.75,0.5,24.5,9.75,21.5,7.0,0.25,0.25,2.25,1.0,0.75,0.5,1.5,1.0,9.0,3.0,12.25,2.75,0.0,0.0,0.5,0.25,16.5,7.5,12.5,6.0,269.5,55.25,392.75,6,0,0,1,2,2,1,0,0,0,1,0,1,0,177.8,180.34,155.0,21.0,23.0,0,0,0,0,0,0,1,0,0,0,0,0,0,0,0,1,0,0,0,0,0,0,1,0
Red,False,1.0,0.0,0.39,0.32,0.0,0.0,0.0,0.0,0.0,0.0,198.0,78.0,142.0,46.0,200.0,80.0,142.0,46.0,0.0,0.0,5.0,0.0,153.0,44.0,110.0,20.0,7.0,6.0,15.0,15.0,38.0,28.0,17.0,11.0,183.0,71.0,139.0,45.0,5.0,4.0,3.0,1.0,10.0,3.0,0.0,0.0,8.0,19.0,637.0,3,0,1,0,1,1,0,0,0,0,0,1,0,0,182.88,182.88,155.0,0.625,0.0,0.51,0.398125,0.3125,0.0625,0.5625,0.0625,0.0,0.375,29.375,15.0,26.0625,9.625,41.0625,25.9375,31.25,14.125,1.0625,0.875,0.1875,0.1875,25.6875,12.0,16.875,3.0,1.8125,1.375,1.8125,0.8125,1.875,1.625,7.375,5.8125,21.875,9.625,21.0,7.375,3.75,2.375,1.9375,1.0,3.75,3.0,3.125,1.25,117.3125,30.0,317.5625,9,0,0,1,4,4,1,0,0,0,1,1,2,0,177.8,177.8,170.0,27.0,34.0,0,0,0,0,0,0,0,0,0,1,0,0,0,0,0,1,0,0,0,0,0,0,1,0
Red,False,0.0,0.0,0.47,0.5,0.0,0.0,1.0,0.0,0.0,0.0,23.0,11.0,26.0,13.0,48.0,35.0,33.0,20.0,0.0,0.0,1.0,0.0,22.0,10.0,21.0,8.0,1.0,1.0,3.0,3.0,0.0,0.0,2.0,2.0,14.0,5.0,21.0,9.0,6.0,3.0,5.0,4.0,3.0,3.0,0.0,0.0,67.0,15.0,157.0,1,0,1,0,1,1,0,0,0,0,0,0,1,0,172.72,172.72,170.0,0.0,0.0,0.2,0.66,0.0,1.0,1.0,0.0,0.0,0.0,5.0,1.0,3.0,2.0,5.0,1.0,5.0,4.0,0.0,0.0,1.0,1.0,2.0,0.0,1.0,0.0,1.0,0.0,2.0,2.0,2.0,1.0,0.0,0.0,5.0,1.0,3.0,2.0,0.0,0.0,0.0,0.0,0.0,0.0,0.0,0.0,43.0,0.0,81.0,1,0,1,0,1,1,0,0,0,0,0,0,1,0,175.26,182.88,170.0,29.0,29.0,0,0,0,0,0,0,0,0,0,1,0,0,0,0,0,1,0,0,0,0,1,0,0,0
Red,True,0.5,1.5,0.615,0.675,1.0,0.33,0.5,0.5,0.0,0.0,48.0,29.5,40.5,28.0,78.5,59.0,49.5,36.5,2.0,2.0,1.5,1.0,41.5,23.5,24.0,13.0,6.0,5.5,3.0,3.0,0.5,0.5,13.5,12.0,13.0,4.0,35.0,24.0,19.5,14.0,5.0,3.5,15.5,11.5,0.5,0.5,0.0,0.0,900.0,4,1,2,0,2,2,0,0,0,1,1,0,0,0,180.34,187.96,185.0,1.0,0.0,0.675,0.315,0.0,0.0,0.0,0.0,0.0,0.0,41.0,25.5,32.5,9.5,46.0,30.5,37.5,14.5,0.5,0.0,0.5,0.0,33.5,18.5,28.0,5.5,6.5,6.0,3.0,3.0,1.0,1.0,1.5,1.0,19.0,8.0,26.0,4.5,19.5,15.5,6.5,5.0,2.5,2.0,0.0,0.0,32.5,15.5,321.0,3,1,2,0,2,2,0,0,0,0,0,2,0,0,185.42,185.42,205.0,37.0,29.0,0,0,0,0,0,1,0,0,0,0,0,0,0,0,0,1,0,0,0,0,1,0,0,0
Red,False,0.015625,0.0,0.45,0.4275,0.25,0.2,0.148468017578125,0.098388671875,0.0,0.0,66.5,29.6875,64.31230545043945,27.34375,89.75,48.0,85.53125,44.41152191162109,2.0,0.75,2.0546875,0.75,51.1875,18.3359375,49.6123046875,16.280410766601562,7.5,5.07647705078125,7.5,5.0,4.5,3.625,4.984375,3.9375,48.6875,17.0,47.11572265625,16.5,5.75,3.75,5.3125,3.4375,5.0625,3.5,3.875,2.5,99.2119140625,94.125,638.5,0,0,0,0,0,0,0,0,0,0,0,0,0,0,165.1,165.1,155.0,0.0,0.0,0.4575,0.39625,0.42,0.4,0.0,0.875,0.875,0.625,114.5,48.75,58.0,22.125,160.625,84.875,87.125,43.25,6.0,2.375,2.75,2.0,101.75,38.875,47.375,15.125,10.75,8.125,5.5,3.75,2.0,1.75,5.125,3.25,54.125,16.125,41.0,11.75,16.25,7.875,12.625,8.125,44.125,24.75,4.375,2.25,326.25,104.125,594.875,9,0,4,0,4,4,0,0,0,0,2,2,0,0,175.26,177.8,155.0,31.0,24.0,0,0,0,0,0,0,1,0,0,0,0,0,0,0,0,1,0,0,0,0,1,0,0,0
Red,False,0.0,0.5,0.2925,0.6575,0.25,0.0825,0.75,0.5,0.0,0.0,57.5,15.75,103.25,50.5,69.0,26.75,117.25,64.0,0.75,0.25,0.75,0.25,44.75,8.25,78.0,28.75,6.75,3.75,12.5,10.25,6.0,3.75,12.75,11.5,51.0,12.5,76.0,32.5,4.75,2.25,10.5,7.75,1.75,1.0,16.75,10.25,36.25,93.75,713.0,7,0,2,0,2,2,1,0,0,1,0,0,1,0,180.34,182.88,205.0,0.0,1.515625,0.3048046875,0.5781640625,0.5728125,0.53515625,0.90234375,0.0,0.125,0.0,17.71875,5.55078125,24.30859375,15.06640625,29.74609375,16.8671875,56.16015625,41.7734375,1.17578125,0.859375,1.38671875,1.06640625,11.91015625,3.17578125,21.1875,12.34375,3.83203125,0.92578125,2.52734375,2.13671875,1.9765625,1.44921875,0.59375,0.5859375,9.09765625,2.0859375,6.15625,4.03515625,5.56640625,2.22265625,5.75,4.15625,3.0546875,1.2421875,12.40234375,6.875,155.75,120.16015625,350.046875,18,1,1,0,3,5,4,0,1,0,1,0,3,0,185.42,190.5,205.0,31.0,31.0,0,0,0,0,0,1,0,0,0,0,0,0,0,0,0,1,0,0,0,0,1,0,0,0
Red,False,0.0,0.0,0.56,0.5725,0.75,0.195,2.75,0.5,0.75,0.5,53.25,30.0,23.25,13.5,88.25,64.5,34.0,23.75,0.75,0.75,6.0,1.75,38.5,18.5,14.75,5.5,10.75,7.75,7.0,6.5,4.0,3.75,1.5,1.5,20.0,8.0,10.0,4.75,18.25,13.0,2.0,1.25,15.0,9.0,11.25,7.5,234.0,221.25,575.75,6,1,3,0,3,3,0,0,0,0,1,1,1,0,198.12,200.66,185.0,0.125,0.0,0.4087499999999999,0.296875,0.2275,0.2325,0.0,0.5,0.0625,0.0625,56.1875,31.25,59.0625,23.625,62.375,37.4375,92.0625,54.4375,1.8125,0.625,3.1875,0.75,39.0625,16.6875,49.875,18.9375,7.1875,5.8125,3.75,2.0,9.9375,8.75,5.4375,2.6875,29.8125,16.3125,33.0625,10.9375,20.25,11.8125,19.625,9.0625,6.125,3.125,6.375,3.625,106.1875,251.625,700.4375,13,1,0,4,1,1,4,0,0,0,1,0,0,0,180.34,190.5,170.0,24.0,27.0,0,0,0,0,0,0,0,1,0,0,0,0,0,0,0,1,0,0,0,0,1,0,0,0
Red,True,0.75,0.0,0.4225,0.3712499999999999,0.87125,0.0,1.0,0.0,0.0,0.125,36.25,15.375,11.75,4.0,55.75,33.375,16.625,8.875,2.375,1.375,0.375,0.0,33.125,13.0,10.125,2.875,1.0,0.5,1.375,1.0,2.125,1.875,0.25,0.125,16.375,3.625,10.0,3.25,0.875,0.625,1.375,0.5,19.0,11.125,0.375,0.25,191.25,5.375,346.375,7,0,4,0,4,4,0,0,0,0,0,3,1,0,187.96,193.04,242.0,0.5,0.312744140625,0.4673452758789062,0.302503662109375,0.541767578125,0.0185009765625,0.3791351318359375,0.0655517578125,0.001953125,0.00390625,86.13790893554688,44.76930236816406,73.31942749023438,19.5211181640625,125.0153350830078,82.43341064453125,84.68641662597656,29.380294799804688,6.7574462890625,4.4039306640625,1.186309814453125,0.149169921875,73.40733337402344,33.765411376953125,70.37435913085938,17.346923828125,10.339584350585938,8.707382202148438,2.4346923828125,1.66998291015625,2.3909912109375,2.2965087890625,0.5103759765625,0.50421142578125,54.442413330078125,22.56842041015625,63.394927978515625,12.408782958984377,3.19464111328125,2.63226318359375,6.1031494140625,3.357147216796875,28.5008544921875,19.568618774414062,3.82135009765625,3.75518798828125,581.9429931640625,34.7352294921875,984.171646118164,47,14,7,0,7,12,5,0,1,0,3,5,2,1,185.42,190.5,205.0,28.0,44.0,0,0,0,0,1,0,0,0,0,0,0,0,0,0,0,1,0,0,0,0,1,0,0,0
Red,False,0.5,0.0,0.7849999999999999,0.44,0.0,0.8,0.5,0.0,0.0,0.0,23.5,18.0,25.5,12.5,39.5,32.5,70.5,47.0,0.0,0.0,3.0,2.0,12.0,7.5,24.0,11.5,9.0,8.0,0.5,0.0,2.5,2.5,1.0,1.0,7.0,5.0,4.0,1.0,16.5,13.0,1.0,0.5,0.0,0.0,20.5,11.0,0.0,487.0,547.5,4,0,1,0,1,1,1,0,0,0,0,1,0,0,193.04,198.12,245.0,0.03125,0.0,0.445546875,0.651171875,0.2842187499999999,0.126953125,0.21875,0.25,0.0,0.00390625,28.244140625,15.787109375,38.576171875,24.220703125,46.033203125,32.13671875,57.529296875,41.595703125,2.39453125,1.01953125,0.314453125,0.189453125,18.2734375,6.3828125,29.333984375,15.978515625,8.642578125,8.107421875,5.23828125,4.23828125,1.328125,1.296875,4.00390625,4.00390625,7.876953125,3.091796875,17.841796875,8.263671875,6.8828125,6.6328125,9.51171875,6.26171875,13.484375,6.0625,11.22265625,9.6953125,136.728515625,96.353515625,315.791015625,13,1,2,0,4,7,3,0,0,0,1,1,4,0,190.5,200.66,264.0,31.0,28.0,0,0,0,0,1,0,0,0,0,0,0,0,0,0,0,1,0,0,0,0,0,0,1,0
Red,False,0.125,0.015625,0.35859375,0.2428125,0.842890625,0.0625,0.4765625,0.6484375,0.0625,0.5625,77.7421875,24.484375,74.296875,11.5859375,94.6015625,40.2265625,91.5078125,28.796875,4.2578125,2.5546875,0.1875,0.0625,71.4140625,19.3515625,66.4765625,5.359375,3.875,2.75,1.765625,0.4375,2.453125,2.3828125,6.0546875,5.7890625,65.2578125,16.546875,73.953125,11.3671875,0.0625,0.0,0.21875,0.15625,12.421875,7.9375,0.125,0.0625,234.6171875,5.375,785.515625,16,0,2,0,5,7,1,0,0,0,3,2,2,0,177.8,185.42,170.0,0.5078125,1.0,0.3790234375,0.4100390625,0.4544921875,0.1296875,0.125,0.15625,0.0234375,0.0234375,61.35546875,27.3515625,44.71875,18.7109375,74.99609375,40.76171875,54.6875,27.765625,1.77734375,1.078125,1.26171875,0.15625,48.9453125,19.21484375,36.42578125,11.96875,3.53515625,2.640625,5.109375,3.78125,8.875,5.49609375,3.18359375,2.9609375,48.83984375,19.5703125,35.953125,13.0546875,4.06640625,2.421875,3.02734375,2.08984375,8.44921875,5.359375,5.73828125,3.56640625,97.9453125,4.98828125,368.90625,17,3,2,0,5,7,2,0,0,1,2,3,1,0,180.34,193.04,185.0,29.0,26.0,0,0,0,0,0,0,0,0,0,1,0,0,0,0,0,1,0,0,0,0,1,0,0,0
Red,False,0.0,0.0,0.5549999999999999,0.4375,0.6375,0.25,0.75,0.5,0.0,0.25,17.5,9.5,15.75,7.75,43.75,33.0,36.0,26.25,3.5,2.0,0.25,0.25,13.5,6.0,12.5,5.0,3.25,3.0,2.0,2.0,0.75,0.5,1.25,0.75,5.75,1.25,8.75,3.0,2.75,1.75,2.5,2.25,9.0,6.5,4.5,2.5,193.75,9.0,290.0,5,0,0,1,2,2,1,0,0,0,0,0,2,0,172.72,177.8,155.0,0.0,0.1875,0.713125,0.216875,0.659375,0.3125,1.6875,0.3125,0.0625,0.0,14.4375,7.9375,21.5625,7.125,27.75,19.625,29.6875,14.0,1.9375,1.3125,0.3125,0.3125,12.375,6.375,20.3125,6.0625,1.375,0.875,1.125,0.9375,0.6875,0.6875,0.125,0.125,5.625,2.6875,14.4375,3.625,1.0,0.75,0.5625,0.375,7.8125,4.5,6.5625,3.125,94.6875,71.625,232.75,10,1,1,0,3,4,1,0,0,0,1,0,2,1,170.18,177.8,145.0,28.0,25.0,0,0,0,0,0,0,1,0,0,0,0,0,0,0,0,1,0,0,0,0,1,0,0,0
Red,False,0.015625,0.0,0.45,0.4275,0.25,0.2,0.148468017578125,0.098388671875,0.0,0.0,66.5,29.6875,64.31230545043945,27.34375,89.75,48.0,85.53125,44.41152191162109,2.0,0.75,2.0546875,0.75,51.1875,18.3359375,49.6123046875,16.280410766601562,7.5,5.07647705078125,7.5,5.0,4.5,3.625,4.984375,3.9375,48.6875,17.0,47.11572265625,16.5,5.75,3.75,5.3125,3.4375,5.0625,3.5,3.875,2.5,99.2119140625,94.125,638.5,0,0,0,0,0,0,0,0,0,0,0,0,0,0,177.8,187.96,155.0,0.0,0.0,0.4775,0.4474999999999999,0.3425,0.5,1.5,1.5,0.0,0.0,71.75,32.75,80.75,36.5,130.75,87.5,108.25,63.25,12.0,3.75,1.0,1.0,62.0,24.0,68.75,24.5,7.75,6.75,9.5,9.5,2.0,2.0,2.5,2.5,36.0,9.25,60.75,21.0,3.5,3.0,9.25,6.0,32.25,20.5,10.75,9.5,451.75,73.0,820.5,8,0,1,0,1,1,2,0,0,0,0,0,1,0,170.18,177.8,155.0,34.0,25.0,0,0,0,0,0,0,1,0,0,0,0,0,0,0,0,1,0,0,0,0,1,0,0,0
Red,False,0.015625,0.0,0.45,0.4275,0.25,0.2,0.148468017578125,0.098388671875,0.0,0.0,66.5,29.6875,64.31230545043945,27.34375,89.75,48.0,85.53125,44.41152191162109,2.0,0.75,2.0546875,0.75,51.1875,18.3359375,49.6123046875,16.280410766601562,7.5,5.07647705078125,7.5,5.0,4.5,3.625,4.984375,3.9375,48.6875,17.0,47.11572265625,16.5,5.75,3.75,5.3125,3.4375,5.0625,3.5,3.875,2.5,99.2119140625,94.125,638.5,0,0,0,0,0,0,0,0,0,0,0,0,0,0,185.42,193.04,185.0,0.25,0.25,0.53,0.3874999999999999,0.4425,0.0,1.5,0.5,0.0,0.0,68.75,28.5,57.0,27.5,100.75,58.5,61.75,32.25,6.5,2.0,0.0,0.0,61.25,22.25,48.25,19.25,4.25,3.0,5.0,4.5,3.25,3.25,3.75,3.75,46.25,13.0,48.25,21.25,3.75,2.5,7.5,5.5,18.75,13.0,1.25,0.75,275.75,53.0,565.0,7,0,0,1,2,2,1,0,0,0,1,0,1,0,185.42,198.12,185.0,29.0,25.0,0,0,0,0,0,0,0,1,0,0,0,0,0,0,0,1,0,0,0,0,1,0,0,0
Red,True,2.0,0.125,0.49875,0.3425,0.915,0.03125,1.0,0.0,0.375,0.0,76.5,39.375,44.25,16.125,91.25,53.0,64.5,34.875,2.625,2.375,6.875,0.25,62.375,28.125,33.0,7.875,6.0,4.0,2.375,1.375,8.125,7.25,8.875,6.875,49.875,20.875,40.75,14.875,8.875,7.0,1.75,0.375,17.75,11.5,1.75,0.875,393.0,25.0,768.5,11,0,4,0,4,4,0,0,0,0,3,0,1,0,182.88,187.96,185.0,0.75,0.0,0.8325,0.3875,0.0,0.3,1.0,0.0,0.5,0.0,19.5,16.5,15.75,6.75,30.5,26.0,19.5,10.5,0.0,0.0,2.5,1.5,11.75,9.5,13.5,4.75,6.5,5.75,1.0,0.75,1.25,1.25,1.25,1.25,7.0,5.5,7.75,2.25,7.25,6.75,1.0,0.5,5.25,4.25,7.0,4.0,20.75,147.5,272.5,4,1,3,0,3,3,0,0,0,0,0,2,1,0,187.96,195.58,185.0,28.0,32.0,0,0,0,0,0,0,0,1,0,0,0,0,0,0,0,1,0,0,0,0,0,0,1,0
Red,False,0.015625,0.0,0.45,0.4275,0.25,0.2,0.148468017578125,0.098388671875,0.0,0.0,66.5,29.6875,64.31230545043945,27.34375,89.75,48.0,85.53125,44.41152191162109,2.0,0.75,2.0546875,0.75,51.1875,18.3359375,49.6123046875,16.280410766601562,7.5,5.07647705078125,7.5,5.0,4.5,3.625,4.984375,3.9375,48.6875,17.0,47.11572265625,16.5,5.75,3.75,5.3125,3.4375,5.0625,3.5,3.875,2.5,99.2119140625,94.125,638.5,0,0,0,0,0,0,0,0,0,0,0,0,0,0,175.26,172.72,155.0,0.0,0.0,0.5440625,0.2846875,0.6012500000000001,0.218125,1.75,1.25,0.25,0.0,50.5,27.25,48.15625,19.5,101.84375,75.65625,87.9375,56.21875,1.5625,0.84375,8.3125,2.53125,38.6875,17.09375,43.34375,17.0,5.34375,4.3125,2.5,0.9375,6.46875,5.84375,2.3125,1.5625,23.4375,11.125,18.65625,3.71875,3.75,2.84375,5.46875,2.5,23.3125,13.28125,24.03125,13.28125,256.3125,347.34375,847.84375,14,2,0,1,3,4,2,0,0,0,0,0,3,1,177.8,187.96,145.0,24.0,31.0,0,0,0,0,0,0,1,0,0,0,0,0,0,0,0,0,0,1,0,0,0,0,1,0
Red,False,1.5,0.0,0.35,0.3349999999999999,1.0,0.625,0.5,1.5,1.0,1.0,92.0,37.5,46.5,16.0,157.5,97.5,75.0,40.5,1.0,1.0,5.0,3.5,85.5,31.0,43.5,13.5,4.5,4.5,2.5,2.0,2.0,2.0,0.5,0.5,56.5,15.0,28.0,6.0,6.0,2.5,4.0,2.5,29.5,20.0,14.5,7.5,297.5,336.0,900.0,6,0,0,1,1,1,1,0,0,0,1,0,0,0,193.04,198.12,250.0,0.0471682548522949,0.0,0.45,0.4217682266235352,0.25,0.19173828125,0.1875,0.125,0.0,0.0,69.5,30.5,66.984375,27.8466796875,94.0,48.544921875,88.50390625,44.75,2.0,0.8125,2.015625,0.6640625,54.0,19.01513671875,51.483436584472656,16.9437255859375,7.91796875,5.430633544921875,7.75,5.0625,4.780975341796875,3.9373779296875,4.8994140625,3.84375,51.025390625,18.400863647460938,50.515625,17.5,5.75,3.75,5.5,3.5,5.375,3.6875,4.0,2.65625,104.865234375,89.5,655.8441009521484,0,0,0,0,0,0,0,0,0,0,0,0,0,0,190.5,195.58,240.0,29.0,31.0,0,0,0,0,1,0,0,0,0,0,0,0,0,0,0,1,0,0,0,0,1,0,0,0
Red,False,0.0,0.0,0.0,0.53,0.0,1.0,0.0,2.0,0.0,0.0,2.0,0.0,13.0,7.0,3.0,1.0,16.0,10.0,0.0,0.0,1.0,1.0,2.0,0.0,12.0,6.0,0.0,0.0,0.0,0.0,0.0,0.0,1.0,1.0,1.0,0.0,1.0,1.0,1.0,0.0,0.0,0.0,0.0,0.0,12.0,6.0,0.0,80.0,94.0,1,0,0,1,0,0,1,0,0,0,0,0,0,0,182.88,182.88,170.0,0.03125,0.0078125,0.4378125,0.5660937500000001,0.205625,0.563046875,1.71875,1.75,0.78125,0.6328125,27.3125,15.0234375,29.3984375,16.1328125,97.625,83.5703125,77.90625,63.0859375,0.8359375,0.4140625,6.265625,1.8828125,14.953125,3.609375,22.9765625,11.328125,10.8125,9.9296875,4.296875,3.0390625,1.546875,1.484375,2.125,1.765625,10.71875,2.2109375,5.4453125,1.375,10.25,9.09375,5.9453125,4.2578125,6.34375,3.71875,18.0078125,10.5,77.640625,596.0625,813.734375,20,1,0,2,2,2,6,0,0,0,0,0,2,0,180.34,172.72,170.0,29.0,32.0,0,0,0,0,0,0,0,0,0,1,0,0,0,0,0,1,0,0,0,0,1,0,0,0
Red,True,0.0625,0.0,0.36546875,0.32953125,0.4303125,0.1834375,2.1875,0.0625,1.0625,0.0625,71.0,25.5625,73.71875,22.515625,119.359375,69.5,101.046875,48.828125,5.046875,2.0,4.015625,2.390625,64.375,20.34375,59.078125,10.78125,4.234375,3.171875,6.328125,4.609375,2.390625,2.046875,8.3125,7.125,44.765625,15.109375,48.171875,14.671875,9.59375,5.328125,5.8125,1.9375,16.640625,5.125,19.734375,5.90625,170.140625,155.0,660.84375,19,0,2,0,3,5,2,0,0,0,1,2,2,0,167.64,180.34,155.0,0.0,0.0,0.46859375,0.5009375,0.3940625,0.388125,0.5625,2.8125,0.25,0.75,101.03125,44.140625,74.359375,36.046875,183.390625,119.609375,134.84375,94.90625,12.390625,4.890625,1.6875,0.9375,93.4375,37.421875,63.59375,26.203125,2.515625,2.515625,9.71875,8.8125,5.078125,4.203125,1.046875,1.03125,36.671875,10.046875,54.875,22.234375,20.671875,8.15625,5.734375,3.75,43.6875,25.9375,13.75,10.0625,698.390625,116.9375,1159.109375,21,2,3,0,3,5,2,0,0,0,3,0,1,1,167.64,170.18,155.0,32.0,33.0,0,0,0,0,0,0,1,0,0,0,0,0,0,0,0,1,0,0,0,0,1,0,0,0
Red,False,0.0,0.0,0.43,0.41,0.5,1.0,0.0,1.0,0.0,0.0,32.0,14.0,105.0,44.0,78.0,59.0,147.0,83.0,8.0,4.0,1.0,1.0,29.0,12.0,96.0,39.0,1.0,1.0,2.0,2.0,2.0,1.0,7.0,3.0,26.0,10.0,47.0,18.0,0.0,0.0,7.0,5.0,6.0,4.0,51.0,21.0,344.0,254.0,900.0,3,0,0,1,0,0,1,0,0,0,0,0,0,0,167.64,167.64,155.0,0.0,0.0,0.265,0.325,0.07,0.0,0.5,0.0,0.0,0.0,185.0,47.0,152.0,49.5,209.5,68.5,165.5,61.0,6.0,0.5,0.0,0.0,163.5,31.5,136.0,37.5,6.0,3.5,14.0,10.5,15.5,12.0,2.0,1.5,169.5,40.0,140.0,42.0,9.0,6.0,10.0,6.0,6.5,1.0,2.0,1.5,61.5,61.0,900.0,6,0,0,1,1,1,1,0,0,1,0,0,0,0,170.18,175.26,155.0,25.0,30.0,0,0,0,0,0,0,1,0,0,0,0,0,0,0,0,1,0,0,0,0,1,0,0,0
Red,False,0.0,0.0,0.59,0.33,1.0,0.0,1.0,0.0,0.0,0.0,37.0,22.0,12.0,4.0,56.0,41.0,32.0,17.0,3.0,3.0,0.0,0.0,23.0,12.0,9.0,3.0,14.0,10.0,2.0,0.0,0.0,0.0,1.0,1.0,4.0,1.0,7.0,2.0,14.0,8.0,5.0,2.0,19.0,13.0,0.0,0.0,156.0,1.0,190.0,1,0,1,0,1,1,0,0,0,0,0,0,1,0,193.04,193.04,205.0,0.125,0.0,0.3028125,0.458125,0.074375,0.1831249999999999,0.78125,0.09375,0.03125,0.03125,107.96875,30.875,134.53125,57.15625,126.15625,48.15625,149.53125,71.875,1.15625,0.34375,3.4375,1.84375,94.6875,23.3125,102.21875,34.53125,7.90625,4.34375,8.3125,6.875,5.375,3.21875,24.0,15.75,101.84375,26.84375,116.625,45.90625,3.90625,2.59375,11.625,7.8125,2.21875,1.4375,6.28125,3.4375,64.4375,184.53125,860.625,16,1,0,1,3,3,3,0,0,0,2,0,1,0,193.04,200.66,205.0,35.0,30.0,0,0,0,0,0,1,0,0,0,0,0,0,0,0,0,1,0,0,0,0,1,0,0,0
Red,False,0.015625,0.0,0.45,0.4275,0.25,0.2,0.148468017578125,0.098388671875,0.0,0.0,66.5,29.6875,64.31230545043945,27.34375,89.75,48.0,85.53125,44.41152191162109,2.0,0.75,2.0546875,0.75,51.1875,18.3359375,49.6123046875,16.280410766601562,7.5,5.07647705078125,7.5,5.0,4.5,3.625,4.984375,3.9375,48.6875,17.0,47.11572265625,16.5,5.75,3.75,5.3125,3.4375,5.0625,3.5,3.875,2.5,99.2119140625,94.125,638.5,0,0,0,0,0,0,0,0,0,0,0,0,0,0,172.72,190.5,155.0,0.0,0.0,0.55,0.33,0.53,0.5,0.0,4.0,1.0,0.0,100.0,55.0,115.0,38.0,141.0,92.0,119.0,42.0,15.0,8.0,6.0,3.0,86.0,43.0,91.0,18.0,12.0,11.0,13.0,10.0,2.0,1.0,11.0,10.0,46.0,13.0,109.0,33.0,31.0,24.0,5.0,4.0,23.0,18.0,1.0,1.0,302.0,99.0,900.0,3,0,1,0,1,1,0,0,0,0,1,0,0,0,167.64,172.72,135.0,25.0,25.0,0,0,0,0,0,0,1,0,0,0,0,0,0,0,0,1,0,0,0,0,1,0,0,0
Red,False,0.015625,0.0,0.45,0.4275,0.25,0.2,0.148468017578125,0.098388671875,0.0,0.0,66.5,29.6875,64.31230545043945,27.34375,89.75,48.0,85.53125,44.41152191162109,2.0,0.75,2.0546875,0.75,51.1875,18.3359375,49.6123046875,16.280410766601562,7.5,5.07647705078125,7.5,5.0,4.5,3.625,4.984375,3.9375,48.6875,17.0,47.11572265625,16.5,5.75,3.75,5.3125,3.4375,5.0625,3.5,3.875,2.5,99.2119140625,94.125,638.5,0,0,0,0,0,0,0,0,0,0,0,0,0,0,175.26,175.26,155.0,0.0,0.0,0.485,0.4024999999999999,0.8400000000000001,0.0,0.0,1.75,0.75,1.25,151.0,63.5,65.0,24.25,214.25,109.75,102.25,50.5,6.0,4.75,0.5,0.0,141.5,56.75,53.75,18.25,8.5,6.25,6.0,3.5,1.0,0.5,5.25,2.5,61.25,16.25,48.0,15.5,24.5,10.75,13.25,6.25,65.25,36.5,3.75,2.5,469.5,36.25,679.75,7,0,3,0,3,3,0,0,0,0,2,1,0,0,175.26,177.8,155.0,26.0,24.0,0,0,0,0,0,0,1,0,0,0,0,0,0,0,0,1,0,0,0,0,1,0,0,0
Red,False,0.015625,0.0,0.45,0.4275,0.25,0.2,0.148468017578125,0.098388671875,0.0,0.0,66.5,29.6875,64.31230545043945,27.34375,89.75,48.0,85.53125,44.41152191162109,2.0,0.75,2.0546875,0.75,51.1875,18.3359375,49.6123046875,16.280410766601562,7.5,5.07647705078125,7.5,5.0,4.5,3.625,4.984375,3.9375,48.6875,17.0,47.11572265625,16.5,5.75,3.75,5.3125,3.4375,5.0625,3.5,3.875,2.5,99.2119140625,94.125,638.5,0,0,0,0,0,0,0,0,0,0,0,0,0,0,172.72,172.72,155.0,0.0,0.0,0.32,0.41,0.0,0.85,2.0,0.0,2.0,1.0,89.0,29.0,206.0,85.0,134.0,58.0,300.0,152.0,1.0,0.0,7.0,6.0,75.0,23.0,198.0,79.0,6.0,3.0,8.0,6.0,8.0,3.0,0.0,0.0,63.0,17.0,77.0,19.0,21.0,9.0,41.0,17.0,5.0,3.0,88.0,49.0,65.0,608.0,900.0,3,0,0,1,0,0,1,0,0,0,0,0,0,0,177.8,172.72,145.0,32.0,27.0,0,0,0,0,0,0,1,0,0,0,0,0,0,0,0,1,0,0,0,0,1,0,0,0
Red,False,0.015625,0.0,0.45,0.4275,0.25,0.2,0.148468017578125,0.098388671875,0.0,0.0,66.5,29.6875,64.31230545043945,27.34375,89.75,48.0,85.53125,44.41152191162109,2.0,0.75,2.0546875,0.75,51.1875,18.3359375,49.6123046875,16.280410766601562,7.5,5.07647705078125,7.5,5.0,4.5,3.625,4.984375,3.9375,48.6875,17.0,47.11572265625,16.5,5.75,3.75,5.3125,3.4375,5.0625,3.5,3.875,2.5,99.2119140625,94.125,638.5,0,0,0,0,0,0,0,0,0,0,0,0,0,0,182.88,182.88,185.0,0.5,0.5,0.46,0.355,0.225,0.0,2.0,1.0,0.0,0.0,127.5,51.0,107.0,52.0,166.5,89.0,116.5,61.5,10.0,2.0,0.0,0.0,117.5,42.5,91.5,37.5,6.5,5.0,9.0,8.0,3.5,3.5,6.5,6.5,88.5,24.0,91.5,40.5,7.5,5.0,13.0,10.0,31.5,22.0,2.5,1.5,402.5,68.0,900.0,6,0,0,1,1,1,1,0,0,0,1,0,0,0,185.42,198.12,185.0,30.0,25.0,0,0,0,0,0,0,0,1,0,0,0,0,0,0,0,1,0,0,0,0,1,0,0,0
Red,True,0.015625,0.0,0.45,0.4275,0.25,0.2,0.148468017578125,0.098388671875,0.0,0.0,66.5,29.6875,64.31230545043945,27.34375,89.75,48.0,85.53125,44.41152191162109,2.0,0.75,2.0546875,0.75,51.1875,18.3359375,49.6123046875,16.280410766601562,7.5,5.07647705078125,7.5,5.0,4.5,3.625,4.984375,3.9375,48.6875,17.0,47.11572265625,16.5,5.75,3.75,5.3125,3.4375,5.0625,3.5,3.875,2.5,99.2119140625,94.125,638.5,0,0,0,0,0,0,0,0,0,0,0,0,0,0,165.1,170.18,135.0,0.0471682548522949,0.0,0.45,0.4217682266235352,0.25,0.19173828125,0.1875,0.125,0.0,0.0,69.5,30.5,66.984375,27.8466796875,94.0,48.544921875,88.50390625,44.75,2.0,0.8125,2.015625,0.6640625,54.0,19.01513671875,51.483436584472656,16.9437255859375,7.91796875,5.430633544921875,7.75,5.0625,4.780975341796875,3.9373779296875,4.8994140625,3.84375,51.025390625,18.400863647460938,50.515625,17.5,5.75,3.75,5.5,3.5,5.375,3.6875,4.0,2.65625,104.865234375,89.5,655.8441009521484,0,0,0,0,0,0,0,0,0,0,0,0,0,0,182.88,193.04,170.0,26.0,22.0,0,0,0,0,0,0,1,0,0,0,0,0,0,0,0,1,0,0,0,0,0,0,1,0
Red,False,0.03125,0.5,0.194453125,0.6140625000000001,0.2578125,0.7071875,0.1484375,0.875,1.015625,0.0,43.5625,16.890625,42.7890625,22.25,78.96875,50.828125,78.3046875,56.2109375,0.28125,0.2734375,6.359375,2.7109375,38.625,12.296875,34.3515625,15.8125,2.984375,2.6484375,3.046875,2.140625,1.953125,1.9453125,5.390625,4.296875,29.8203125,8.671875,33.484375,15.6328125,3.625,2.671875,2.9375,1.9453125,10.1171875,5.546875,6.3671875,4.671875,282.296875,118.3671875,703.0703125,24,3,0,1,6,6,2,0,1,0,3,2,0,0,170.18,177.8,145.0,0.005859375,0.0,0.50869140625,0.4265234375,0.331328125,0.325234375,1.390625,0.09375,0.5,0.15625,51.765625,26.12890625,87.26171875,37.3984375,93.857421875,65.900390625,133.54296875,81.8984375,1.369140625,0.65625,6.98046875,1.962890625,42.087890625,17.599609375,70.146484375,25.439453125,8.693359375,7.646484375,7.79296875,5.29296875,0.984375,0.8828125,9.322265625,6.666015625,34.93359375,13.595703125,61.830078125,23.908203125,11.029296875,7.943359375,9.58984375,4.99609375,5.802734375,4.58984375,15.841796875,8.494140625,130.14453125,362.576171875,818.767578125,25,4,3,0,3,6,4,0,0,0,1,4,1,0,175.26,177.8,155.0,32.0,28.0,0,0,0,0,0,0,1,0,0,0,0,0,0,0,0,0,0,1,0,0,1,0,0,0
Red,False,0.015625,0.0,0.45,0.4275,0.25,0.2,0.148468017578125,0.098388671875,0.0,0.0,66.5,29.6875,64.31230545043945,27.34375,89.75,48.0,85.53125,44.41152191162109,2.0,0.75,2.0546875,0.75,51.1875,18.3359375,49.6123046875,16.280410766601562,7.5,5.07647705078125,7.5,5.0,4.5,3.625,4.984375,3.9375,48.6875,17.0,47.11572265625,16.5,5.75,3.75,5.3125,3.4375,5.0625,3.5,3.875,2.5,99.2119140625,94.125,638.5,0,0,0,0,0,0,0,0,0,0,0,0,0,0,170.18,170.18,155.0,0.0,1.0,0.52,0.69,0.25,0.0,4.0,0.0,0.0,0.0,19.0,10.0,39.0,27.0,42.0,29.0,58.0,44.0,4.0,1.0,0.0,0.0,14.0,7.0,20.0,10.0,4.0,2.0,13.0,12.0,1.0,1.0,6.0,5.0,8.0,1.0,9.0,6.0,5.0,4.0,19.0,14.0,6.0,5.0,11.0,7.0,204.0,118.0,403.0,2,0,0,1,0,0,1,0,0,0,0,0,0,0,177.8,172.72,155.0,26.0,23.0,0,0,0,0,0,0,1,0,0,0,0,0,0,0,0,1,0,0,0,0,1,0,0,0
Red,False,0.015625,0.0,0.45,0.4275,0.25,0.2,0.148468017578125,0.098388671875,0.0,0.0,66.5,29.6875,64.31230545043945,27.34375,89.75,48.0,85.53125,44.41152191162109,2.0,0.75,2.0546875,0.75,51.1875,18.3359375,49.6123046875,16.280410766601562,7.5,5.07647705078125,7.5,5.0,4.5,3.625,4.984375,3.9375,48.6875,17.0,47.11572265625,16.5,5.75,3.75,5.3125,3.4375,5.0625,3.5,3.875,2.5,99.2119140625,94.125,638.5,0,0,0,0,0,0,0,0,0,0,0,0,0,0,167.64,167.64,155.0,0.0471682548522949,0.0,0.45,0.4217682266235352,0.25,0.19173828125,0.1875,0.125,0.0,0.0,69.5,30.5,66.984375,27.8466796875,94.0,48.544921875,88.50390625,44.75,2.0,0.8125,2.015625,0.6640625,54.0,19.01513671875,51.483436584472656,16.9437255859375,7.91796875,5.430633544921875,7.75,5.0625,4.780975341796875,3.9373779296875,4.8994140625,3.84375,51.025390625,18.400863647460938,50.515625,17.5,5.75,3.75,5.5,3.5,5.375,3.6875,4.0,2.65625,104.865234375,89.5,655.8441009521484,0,0,0,0,0,0,0,0,0,0,0,0,0,0,185.42,185.42,145.0,30.0,23.0,0,0,0,0,0,0,1,0,0,0,0,0,0,0,0,1,0,0,0,0,1,0,0,0
Red,False,0.015625,0.0,0.45,0.4275,0.25,0.2,0.148468017578125,0.098388671875,0.0,0.0,66.5,29.6875,64.31230545043945,27.34375,89.75,48.0,85.53125,44.41152191162109,2.0,0.75,2.0546875,0.75,51.1875,18.3359375,49.6123046875,16.280410766601562,7.5,5.07647705078125,7.5,5.0,4.5,3.625,4.984375,3.9375,48.6875,17.0,47.11572265625,16.5,5.75,3.75,5.3125,3.4375,5.0625,3.5,3.875,2.5,99.2119140625,94.125,638.5,0,0,0,0,0,0,0,0,0,0,0,0,0,0,180.34,180.34,155.0,1.0,0.0,0.81,0.0,1.0,0.0,0.0,0.0,0.0,0.0,11.0,9.0,1.0,0.0,11.0,9.0,1.0,0.0,1.0,1.0,0.0,0.0,11.0,9.0,1.0,0.0,0.0,0.0,0.0,0.0,0.0,0.0,0.0,0.0,4.0,3.0,1.0,0.0,1.0,1.0,0.0,0.0,6.0,5.0,0.0,0.0,0.0,31.0,48.0,1,0,1,0,1,1,0,0,0,0,0,1,0,0,177.8,180.34,155.0,24.0,23.0,0,0,0,0,0,0,1,0,0,0,0,0,0,0,0,0,0,1,0,0,1,0,0,0
Red,False,0.015625,0.0,0.45,0.4275,0.25,0.2,0.148468017578125,0.098388671875,0.0,0.0,66.5,29.6875,64.31230545043945,27.34375,89.75,48.0,85.53125,44.41152191162109,2.0,0.75,2.0546875,0.75,51.1875,18.3359375,49.6123046875,16.280410766601562,7.5,5.07647705078125,7.5,5.0,4.5,3.625,4.984375,3.9375,48.6875,17.0,47.11572265625,16.5,5.75,3.75,5.3125,3.4375,5.0625,3.5,3.875,2.5,99.2119140625,94.125,638.5,0,0,0,0,0,0,0,0,0,0,0,0,0,0,177.8,177.8,170.0,0.25,0.0,0.38,0.33625,0.625,0.125,1.125,0.125,0.0,0.75,44.75,21.0,39.125,13.25,68.125,42.875,49.5,22.25,2.125,1.75,0.375,0.375,37.375,15.0,28.75,6.0,3.625,2.75,3.625,1.625,3.75,3.25,6.75,5.625,34.75,14.25,29.0,8.75,6.5,4.75,3.875,2.0,3.5,2.0,6.25,2.5,231.625,60.0,560.125,8,0,0,1,3,3,1,0,0,0,1,0,2,0,177.8,177.8,170.0,25.0,33.0,0,0,0,0,0,0,0,0,0,1,0,0,0,0,0,1,0,0,0,0,0,0,1,0
Red,False,0.5,0.0,0.3775,0.5549999999999999,0.0,0.2275,0.0,0.5,0.0,0.0,69.75,24.25,69.0,35.5,70.5,25.0,78.75,45.25,1.5,0.0,2.5,0.75,60.25,20.0,48.5,18.25,3.0,1.25,7.75,6.25,6.5,3.0,12.75,11.0,51.5,16.0,44.75,21.5,17.25,8.0,19.0,11.25,1.0,0.25,5.25,2.75,108.75,101.5,623.25,6,0,0,1,1,1,2,0,0,0,0,1,0,0,182.88,177.8,185.0,0.0,0.0,0.6675,0.8375,0.5,0.0,1.0,2.5,0.5,0.75,19.25,11.25,14.0,10.0,35.75,24.75,23.75,19.0,4.0,2.0,0.25,0.0,15.0,7.5,8.0,4.5,3.75,3.25,4.5,4.5,0.5,0.5,1.5,1.0,4.25,1.25,4.5,2.25,1.25,1.0,5.5,4.75,13.75,9.0,4.0,3.0,247.25,67.0,354.75,5,1,0,2,1,1,2,0,0,0,0,0,1,0,185.42,195.58,205.0,28.0,26.0,0,0,0,0,0,0,0,1,0,0,0,0,0,0,0,1,0,0,0,0,1,0,0,0
Red,False,0.015625,0.0,0.45,0.4275,0.25,0.2,0.148468017578125,0.098388671875,0.0,0.0,66.5,29.6875,64.31230545043945,27.34375,89.75,48.0,85.53125,44.41152191162109,2.0,0.75,2.0546875,0.75,51.1875,18.3359375,49.6123046875,16.280410766601562,7.5,5.07647705078125,7.5,5.0,4.5,3.625,4.984375,3.9375,48.6875,17.0,47.11572265625,16.5,5.75,3.75,5.3125,3.4375,5.0625,3.5,3.875,2.5,99.2119140625,94.125,638.5,0,0,0,0,0,0,0,0,0,0,0,0,0,0,193.04,193.04,243.0,0.5,0.5,0.205,0.505,0.0,0.5,0.0,0.0,0.0,0.0,37.0,7.5,29.5,15.0,43.5,14.0,36.5,22.0,0.0,0.0,0.5,0.5,35.0,6.0,23.5,10.0,0.5,0.5,1.5,1.5,1.5,1.0,4.5,3.5,31.0,3.0,19.5,8.5,2.0,1.5,4.0,2.5,4.0,3.0,6.0,4.0,30.5,88.0,295.0,3,0,1,0,1,1,1,0,0,0,0,1,0,0,187.96,187.96,230.0,38.0,24.0,0,0,0,0,1,0,0,0,0,0,0,0,0,0,0,1,0,0,0,0,1,0,0,0
Red,False,0.0,0.0,0.405,0.3249999999999999,0.405,0.0,1.0,1.0,0.0,0.0,78.5,29.5,74.5,23.0,147.5,93.0,91.5,39.5,10.0,3.5,0.0,0.0,74.0,26.0,69.5,18.0,2.5,1.5,3.0,3.0,2.0,2.0,2.0,2.0,41.0,7.5,63.5,15.0,2.0,1.0,8.5,6.0,35.5,21.0,2.5,2.0,432.5,37.0,741.0,5,0,1,0,1,1,1,0,0,0,0,0,1,0,170.18,177.8,155.0,0.0,0.0,0.165,0.525,0.75,0.265,2.5,0.0,0.0,0.5,58.0,19.0,51.0,28.0,65.0,24.5,72.0,47.0,3.5,2.0,7.5,4.0,46.0,9.0,44.0,22.0,6.5,5.0,6.0,5.5,5.5,5.0,1.0,0.5,55.0,16.5,24.0,7.0,2.5,2.0,15.5,12.0,0.5,0.5,11.5,9.0,97.0,151.0,505.0,4,0,1,0,1,1,1,0,0,0,0,0,1,0,167.64,172.72,145.0,25.0,23.0,0,0,0,0,0,0,1,0,0,0,0,0,0,0,0,1,0,0,0,0,1,0,0,0
Red,False,0.0,1.0,0.68,0.5,0.6,0.0,1.0,0.0,0.0,0.0,48.0,33.0,34.0,17.0,81.0,66.0,35.0,18.0,5.0,3.0,0.0,0.0,38.0,24.0,14.0,4.0,6.0,5.0,3.0,2.0,4.0,4.0,17.0,11.0,24.0,15.0,27.0,13.0,13.0,10.0,3.0,1.0,11.0,8.0,4.0,3.0,221.0,6.0,456.0,2,0,0,1,0,0,1,0,0,0,0,0,0,0,182.88,182.88,205.0,0.0625,0.0,0.353125,0.474375,0.038125,0.03125,0.0625,0.0,0.0,0.0,112.0,41.21875,94.53125,38.8125,117.90625,46.25,100.28125,43.9375,0.8125,0.09375,1.5,0.375,90.09375,26.40625,84.6875,31.40625,3.375,2.3125,3.875,2.34375,18.53125,12.5,5.96875,5.0625,105.5,37.125,81.375,28.9375,6.21875,3.84375,3.15625,2.625,0.28125,0.25,10.0,7.25,15.0625,43.71875,523.5625,12,1,3,0,3,4,2,0,0,0,2,1,1,0,190.5,195.58,205.0,31.0,28.0,0,0,0,0,0,1,0,0,0,0,0,0,0,0,0,1,0,0,0,0,1,0,0,0
Red,False,0.015625,0.0,0.45,0.4275,0.25,0.2,0.148468017578125,0.098388671875,0.0,0.0,66.5,29.6875,64.31230545043945,27.34375,89.75,48.0,85.53125,44.41152191162109,2.0,0.75,2.0546875,0.75,51.1875,18.3359375,49.6123046875,16.280410766601562,7.5,5.07647705078125,7.5,5.0,4.5,3.625,4.984375,3.9375,48.6875,17.0,47.11572265625,16.5,5.75,3.75,5.3125,3.4375,5.0625,3.5,3.875,2.5,99.2119140625,94.125,638.5,0,0,0,0,0,0,0,0,0,0,0,0,0,0,177.8,177.8,170.0,0.0,0.0,0.3299999999999999,0.715,0.5,0.75,1.0,0.5,0.0,0.0,54.5,22.5,18.5,9.5,75.5,42.0,45.0,35.5,0.5,0.5,4.5,2.5,50.0,20.0,17.0,8.5,1.0,1.0,0.5,0.5,3.5,1.5,1.0,0.5,25.5,9.5,13.0,5.0,3.5,2.5,0.0,0.0,25.5,10.5,5.5,4.5,127.0,281.5,569.5,4,0,0,1,1,1,1,0,0,0,1,0,0,0,185.42,193.04,170.0,29.0,21.0,0,0,0,0,0,0,0,0,0,1,0,0,0,0,0,1,0,0,0,0,1,0,0,0
Red,False,0.0,0.5,0.375,0.315,0.0,0.415,0.25,0.0,0.0,0.0,78.25,27.0,71.75,24.25,84.0,32.25,96.5,46.75,0.75,0.0,3.5,1.75,64.0,13.75,61.5,16.75,4.0,4.0,4.75,3.5,10.25,9.25,5.5,4.0,62.0,15.0,49.0,9.0,16.0,12.0,5.25,4.0,0.25,0.0,17.5,11.25,34.0,252.5,657.5,7,0,2,0,2,2,1,0,0,0,1,0,1,0,187.96,195.58,185.0,0.0,0.0,0.5549999999999999,0.635,0.095,0.875,0.75,0.0,0.25,0.75,22.0,11.5,53.5,28.75,36.25,25.75,70.5,45.75,7.0,0.75,1.5,1.25,10.25,1.5,49.0,25.25,3.0,2.5,2.5,2.0,8.75,7.5,2.0,1.5,12.25,3.5,15.25,6.25,8.5,6.75,10.0,7.0,1.25,1.25,28.25,15.5,144.5,194.0,476.5,5,0,2,0,2,2,1,0,0,0,0,0,2,0,190.5,203.2,185.0,31.0,32.0,0,0,0,0,0,0,0,1,0,0,0,0,0,0,0,1,0,0,0,0,1,0,0,0
Red,False,0.0,0.0,0.45,0.2975,0.57,0.0,1.125,0.125,0.0,0.625,63.625,29.125,84.125,24.375,140.0,97.0,99.5,38.375,7.125,3.75,0.875,0.0,56.375,22.875,63.625,9.375,3.125,3.125,4.875,2.875,4.125,3.125,15.625,12.125,40.5,11.5,69.375,12.375,5.0,4.875,14.25,11.5,18.125,12.75,0.5,0.5,397.875,64.875,860.75,12,0,4,0,4,4,0,0,0,0,2,2,0,0,187.96,190.5,170.0,0.390625,0.40625,0.501171875,0.575234375,0.6115625,0.19578125,0.0390625,0.06640625,0.65625,0.0,92.8359375,47.60546875,36.1796875,19.6171875,113.19921875,66.59375,42.90234375,26.13671875,1.2734375,1.1484375,5.80859375,0.67578125,79.9453125,37.0,18.43359375,3.35546875,9.8203125,7.6640625,10.3984375,8.9765625,3.0703125,2.94140625,7.34765625,7.28515625,48.0859375,19.52734375,20.8203125,6.2421875,13.7265625,9.94140625,14.859375,12.875,31.0234375,18.13671875,0.5,0.5,220.32421875,68.2890625,587.18359375,19,4,7,0,7,8,1,0,0,0,1,5,1,1,185.42,193.04,185.0,25.0,32.0,0,0,0,0,0,0,0,1,0,0,0,0,0,0,0,0,0,1,0,0,0,0,1,0
Red,False,0.015625,0.0,0.45,0.4275,0.25,0.2,0.148468017578125,0.098388671875,0.0,0.0,66.5,29.6875,64.31230545043945,27.34375,89.75,48.0,85.53125,44.41152191162109,2.0,0.75,2.0546875,0.75,51.1875,18.3359375,49.6123046875,16.280410766601562,7.5,5.07647705078125,7.5,5.0,4.5,3.625,4.984375,3.9375,48.6875,17.0,47.11572265625,16.5,5.75,3.75,5.3125,3.4375,5.0625,3.5,3.875,2.5,99.2119140625,94.125,638.5,0,0,0,0,0,0,0,0,0,0,0,0,0,0,177.8,177.8,155.0,0.0,0.0,0.215,0.375,0.415,0.0,1.0,0.5,0.0,0.5,46.0,18.0,46.5,18.0,95.0,59.5,154.5,116.5,4.5,2.5,0.5,0.0,44.0,16.5,39.0,14.0,0.5,0.5,4.5,2.0,1.5,1.0,3.0,2.0,13.0,3.0,20.5,5.5,0.0,0.0,1.0,0.5,33.0,15.0,25.0,12.0,483.0,98.5,673.5,5,0,0,1,1,1,1,0,0,0,1,0,0,0,177.8,180.34,155.0,38.0,23.0,0,0,0,0,0,0,1,0,0,0,0,0,0,0,0,1,0,0,0,0,0,0,1,0
Red,False,0.015625,0.0,0.45,0.4275,0.25,0.2,0.148468017578125,0.098388671875,0.0,0.0,66.5,29.6875,64.31230545043945,27.34375,89.75,48.0,85.53125,44.41152191162109,2.0,0.75,2.0546875,0.75,51.1875,18.3359375,49.6123046875,16.280410766601562,7.5,5.07647705078125,7.5,5.0,4.5,3.625,4.984375,3.9375,48.6875,17.0,47.11572265625,16.5,5.75,3.75,5.3125,3.4375,5.0625,3.5,3.875,2.5,99.2119140625,94.125,638.5,0,0,0,0,0,0,0,0,0,0,0,0,0,0,170.18,170.18,185.0,1.0,0.0,0.5,0.505,0.5,0.5,0.0,0.5,0.0,0.0,45.0,23.0,45.0,23.5,48.5,26.5,53.5,31.5,0.5,0.5,1.5,0.5,39.5,18.5,37.5,18.5,4.0,3.5,7.5,5.0,1.5,1.0,0.0,0.0,29.0,12.0,27.0,12.0,6.0,3.0,15.5,9.5,10.0,8.0,2.5,2.0,22.0,66.5,246.5,2,0,1,0,1,1,1,0,0,0,0,1,0,0,182.88,182.88,185.0,30.0,28.0,0,0,0,0,0,0,0,1,0,0,0,0,0,0,0,0,0,1,0,0,0,0,1,0
Red,False,0.0,0.0,0.61,0.33,0.87,0.0,4.0,0.0,0.0,0.0,36.0,22.0,27.0,9.0,77.0,59.0,77.0,59.0,8.0,7.0,0.0,0.0,30.0,16.0,23.0,5.0,4.0,4.0,2.0,2.0,2.0,2.0,2.0,2.0,12.0,7.0,21.0,6.0,10.0,9.0,6.0,3.0,14.0,6.0,0.0,0.0,710.0,8.0,900.0,3,0,1,0,1,1,0,0,0,0,1,0,0,0,180.34,193.04,170.0,0.1875,0.0,0.515625,0.5418750000000001,0.5325,0.16125,1.4375,1.125,0.0,0.0,55.6875,30.0,20.3125,10.25,140.0625,110.25,27.75,17.4375,6.1875,3.125,1.0625,0.25,42.5625,20.1875,11.4375,2.25,7.875,5.75,2.875,2.125,5.25,4.0625,6.0,5.875,18.5625,7.625,11.75,3.1875,8.4375,4.9375,8.5625,7.0625,28.6875,17.4375,0.0,0.0,433.8125,56.25,633.1875,12,0,5,0,5,5,0,0,0,0,2,1,2,0,182.88,187.96,170.0,29.0,29.0,0,0,0,0,0,0,0,0,0,1,0,0,0,0,0,1,0,0,0,0,1,0,0,0
Red,False,0.0,0.0,0.443125,0.2875,0.0625,0.76625,0.03125,0.65625,0.75,0.25,16.40625,7.8125,15.46875,5.25,28.03125,19.4375,27.625,16.40625,0.0625,0.0625,3.3125,2.3125,10.6875,3.65625,12.71875,3.25,2.4375,1.4375,1.0625,0.9375,3.28125,2.71875,1.6875,1.0625,10.4375,4.03125,11.09375,2.59375,3.15625,2.53125,2.75,2.0,2.8125,1.25,1.625,0.65625,32.84375,242.09375,381.1875,9,0,1,0,1,3,3,0,0,0,0,0,3,0,175.26,175.26,170.0,0.0471682548522949,0.0,0.45,0.4217682266235352,0.25,0.19173828125,0.1875,0.125,0.0,0.0,69.5,30.5,66.984375,27.8466796875,94.0,48.544921875,88.50390625,44.75,2.0,0.8125,2.015625,0.6640625,54.0,19.01513671875,51.483436584472656,16.9437255859375,7.91796875,5.430633544921875,7.75,5.0625,4.780975341796875,3.9373779296875,4.8994140625,3.84375,51.025390625,18.400863647460938,50.515625,17.5,5.75,3.75,5.5,3.5,5.375,3.6875,4.0,2.65625,104.865234375,89.5,655.8441009521484,0,0,0,0,0,0,0,0,0,0,0,0,0,0,193.04,193.04,185.0,36.0,20.0,0,0,0,0,0,0,0,0,0,1,0,0,0,0,0,1,0,0,0,0,0,0,0,1
Red,False,0.0,0.0,0.2,0.55,0.33,0.75,2.0,0.0,0.0,1.0,30.0,6.0,49.0,27.0,68.0,41.0,94.0,69.0,3.0,1.0,12.0,9.0,22.0,3.0,37.0,16.0,4.0,2.0,3.0,3.0,4.0,1.0,9.0,8.0,24.0,3.0,15.0,4.0,6.0,3.0,10.0,9.0,0.0,0.0,24.0,14.0,87.0,736.0,900.0,3,0,0,1,0,0,1,0,0,0,0,0,0,0,180.34,180.34,170.0,0.0471682548522949,0.0,0.45,0.4217682266235352,0.25,0.19173828125,0.1875,0.125,0.0,0.0,69.5,30.5,66.984375,27.8466796875,94.0,48.544921875,88.50390625,44.75,2.0,0.8125,2.015625,0.6640625,54.0,19.01513671875,51.483436584472656,16.9437255859375,7.91796875,5.430633544921875,7.75,5.0625,4.780975341796875,3.9373779296875,4.8994140625,3.84375,51.025390625,18.400863647460938,50.515625,17.5,5.75,3.75,5.5,3.5,5.375,3.6875,4.0,2.65625,104.865234375,89.5,655.8441009521484,0,0,0,0,0,0,0,0,0,0,0,0,0,0,187.96,198.12,205.0,25.0,23.0,0,0,0,0,0,0,0,0,0,1,0,0,0,0,0,1,0,0,0,0,1,0,0,0
Red,False,0.375,0.0,0.5025000000000001,0.3712499999999999,0.375,0.35375,0.0,1.5,0.125,0.125,33.75,16.625,46.25,17.375,43.375,25.75,94.875,64.625,1.0,0.375,5.0,1.75,22.625,7.0,30.75,7.875,4.625,3.5,8.875,5.625,6.5,6.125,6.625,3.875,18.125,6.625,23.0,6.125,14.125,9.25,13.0,6.25,1.5,0.75,10.25,5.0,47.75,214.5,457.875,7,0,0,1,2,2,2,0,0,0,0,2,0,0,172.72,177.8,170.0,1.25,0.0,0.3025,0.495,0.25,0.205,0.0,1.0,0.5,0.0,42.75,16.0,46.0,23.25,73.0,43.25,115.5,88.5,1.5,1.5,7.75,2.5,33.5,9.25,36.75,15.0,6.75,5.25,5.5,5.0,2.5,1.5,3.75,3.25,27.5,7.5,17.75,5.0,9.25,5.0,11.0,6.75,6.0,3.5,17.25,11.5,140.5,314.0,749.5,7,0,1,0,1,1,2,0,0,0,1,0,0,0,175.26,180.34,170.0,26.0,31.0,0,0,0,0,0,0,0,0,0,1,0,0,0,0,0,1,0,0,0,0,1,0,0,0
Red,False,0.0,0.0,0.165,0.485,0.0,0.47,0.0,2.0,0.0,0.5,93.5,31.0,78.0,29.0,101.5,38.0,97.0,48.0,0.0,0.0,5.5,2.5,78.0,19.0,62.0,18.0,11.0,7.5,12.0,7.5,4.5,4.5,4.0,3.5,76.0,20.0,58.0,18.0,14.5,9.5,9.0,6.0,3.0,1.5,11.0,5.0,30.0,178.0,503.0,4,0,1,0,1,1,1,0,0,1,0,0,0,0,175.26,177.8,155.0,0.375,0.0,0.51625,0.34375,0.043125,0.378125,0.28125,1.5,0.0625,0.5,52.03125,23.125,62.4375,20.5,74.625,44.9375,90.15625,43.28125,0.625,0.28125,4.46875,1.78125,37.71875,11.875,56.84375,16.9375,9.4375,7.09375,4.1875,2.46875,4.875,4.15625,1.40625,1.09375,38.15625,15.59375,32.65625,8.78125,10.34375,5.0625,8.5,4.84375,3.53125,2.46875,21.28125,6.875,38.03125,215.40625,475.21875,11,0,2,0,2,4,2,0,0,0,0,2,1,1,170.18,172.72,155.0,23.0,31.0,0,0,0,0,0,0,1,0,0,0,0,0,0,0,0,1,0,0,0,0,0,0,1,0
Red,False,0.015625,0.0,0.45,0.4275,0.25,0.2,0.148468017578125,0.098388671875,0.0,0.0,66.5,29.6875,64.31230545043945,27.34375,89.75,48.0,85.53125,44.41152191162109,2.0,0.75,2.0546875,0.75,51.1875,18.3359375,49.6123046875,16.280410766601562,7.5,5.07647705078125,7.5,5.0,4.5,3.625,4.984375,3.9375,48.6875,17.0,47.11572265625,16.5,5.75,3.75,5.3125,3.4375,5.0625,3.5,3.875,2.5,99.2119140625,94.125,638.5,0,0,0,0,0,0,0,0,0,0,0,0,0,0,172.72,172.72,155.0,0.0,0.0,0.75,0.4,0.66,0.5,2.0,1.0,1.0,3.0,28.0,21.0,30.0,12.0,175.0,159.0,94.0,72.0,6.0,4.0,2.0,1.0,18.0,13.0,17.0,3.0,7.0,7.0,2.0,1.0,3.0,1.0,11.0,8.0,11.0,5.0,22.0,8.0,0.0,0.0,5.0,3.0,17.0,16.0,3.0,1.0,308.0,355.0,900.0,3,0,1,0,1,1,0,0,0,0,1,0,0,0,170.18,177.8,145.0,34.0,22.0,0,0,0,0,0,0,1,0,0,0,0,0,0,0,0,1,0,0,0,0,1,0,0,0
Red,False,0.015625,0.0,0.45,0.4275,0.25,0.2,0.148468017578125,0.098388671875,0.0,0.0,66.5,29.6875,64.31230545043945,27.34375,89.75,48.0,85.53125,44.41152191162109,2.0,0.75,2.0546875,0.75,51.1875,18.3359375,49.6123046875,16.280410766601562,7.5,5.07647705078125,7.5,5.0,4.5,3.625,4.984375,3.9375,48.6875,17.0,47.11572265625,16.5,5.75,3.75,5.3125,3.4375,5.0625,3.5,3.875,2.5,99.2119140625,94.125,638.5,0,0,0,0,0,0,0,0,0,0,0,0,0,0,170.18,170.18,155.0,0.0,0.0,0.54,0.57,0.0,0.5,0.0,1.0,0.0,0.0,11.0,6.0,7.0,4.0,21.0,16.0,12.0,9.0,0.0,0.0,2.0,1.0,8.0,4.0,6.0,3.0,2.0,2.0,1.0,1.0,1.0,0.0,0.0,0.0,3.0,1.0,2.0,0.0,3.0,3.0,0.0,0.0,5.0,2.0,5.0,4.0,0.0,113.0,178.0,1,0,0,1,0,0,1,0,0,0,0,0,0,0,175.26,182.88,155.0,26.0,24.0,0,0,0,0,0,0,1,0,0,0,0,0,0,0,0,1,0,0,0,0,1,0,0,0
Red,False,0.125,0.0,0.38,0.404375,0.0625,0.8225,0.875,1.0625,0.0625,0.0,45.5,17.8125,41.8125,13.8125,68.3125,39.625,50.6875,21.375,2.25,0.125,2.0625,1.6875,24.375,3.75,30.125,5.6875,6.0,4.25,1.3125,0.625,15.125,9.8125,10.375,7.5,39.8125,14.3125,30.9375,7.5625,3.5625,2.3125,3.0625,2.625,2.125,1.1875,7.8125,3.625,36.4375,207.4375,605.4375,11,0,1,0,2,3,2,0,0,0,0,1,2,0,182.88,182.88,185.0,0.5,0.25,0.8725,0.66,0.1875,0.0,0.0,0.0,0.0,0.0,11.75,8.75,12.5,9.75,20.75,17.5,22.25,19.25,2.0,0.75,0.5,0.0,8.5,5.5,7.0,4.75,1.25,1.25,3.0,2.5,2.0,2.0,2.5,2.5,2.25,1.0,3.75,1.5,4.25,3.0,5.0,4.75,5.25,4.75,3.75,3.5,128.0,42.75,198.5,5,0,0,2,1,1,2,0,0,0,0,1,0,0,172.72,180.34,185.0,36.0,26.0,0,0,0,0,0,0,0,1,0,0,0,0,0,0,0,1,0,0,0,0,1,0,0,0
Red,True,1.3236083984375,0.0,0.4503399658203125,0.2447029113769531,0.0156402587890625,0.1051565551757812,0.0,0.0039520263671875,0.0039215087890625,0.0,93.41769409179688,36.38189697265625,50.72483825683594,14.384323120117188,97.86155700683594,38.82472229003906,50.779541015625,14.43023681640625,0.019561767578125,0.015655517578125,4.940032958984375,0.6441650390625,87.31903076171875,30.681076049804688,38.4622802734375,6.0612335205078125,3.575057983398437,3.187286376953125,3.5351104736328125,2.73187255859375,2.5236053466796875,2.513534545898437,8.727447509765625,5.591217041015625,63.95066833496094,24.34437561035156,49.2462158203125,13.115966796875,1.407867431640625,0.761199951171875,1.351898193359375,1.218292236328125,28.059158325195312,11.276321411132812,0.1267242431640625,0.0500640869140625,49.79034423828125,17.68499755859375,573.7195129394531,34,6,1,0,7,15,2,0,0,0,5,9,0,1,187.96,193.04,205.0,1.0,0.0,0.6,0.27,0.0,0.0,0.0,0.0,0.0,0.0,74.0,45.0,54.0,15.0,84.0,55.0,64.0,25.0,1.0,0.0,1.0,0.0,59.0,31.0,47.0,9.0,13.0,12.0,5.0,5.0,2.0,2.0,2.0,1.0,34.0,13.0,41.0,5.0,39.0,31.0,13.0,10.0,1.0,1.0,0.0,0.0,61.0,31.0,529.0,2,0,1,0,1,1,0,0,0,0,0,1,0,0,185.42,185.42,205.0,37.0,28.0,0,0,0,0,0,1,0,0,0,0,0,0,0,0,0,1,0,0,0,0,1,0,0,0
Red,False,0.015625,0.0,0.45,0.4275,0.25,0.2,0.148468017578125,0.098388671875,0.0,0.0,66.5,29.6875,64.31230545043945,27.34375,89.75,48.0,85.53125,44.41152191162109,2.0,0.75,2.0546875,0.75,51.1875,18.3359375,49.6123046875,16.280410766601562,7.5,5.07647705078125,7.5,5.0,4.5,3.625,4.984375,3.9375,48.6875,17.0,47.11572265625,16.5,5.75,3.75,5.3125,3.4375,5.0625,3.5,3.875,2.5,99.2119140625,94.125,638.5,0,0,0,0,0,0,0,0,0,0,0,0,0,0,175.26,180.34,145.0,0.25,0.03125,0.3668749999999999,0.3453125,0.34375,0.2925,1.0,0.0625,0.0,0.0,86.6875,30.40625,85.78125,28.21875,113.53125,56.15625,126.21875,65.59375,0.6875,0.5,12.25,2.9375,79.21875,24.0,74.59375,19.40625,4.59375,3.53125,6.1875,4.625,2.875,2.875,5.0,4.1875,73.0625,21.09375,57.8125,11.3125,10.53125,7.3125,8.875,5.78125,3.09375,2.0,19.09375,11.125,99.4375,267.78125,774.6875,15,0,0,1,3,4,2,0,0,1,2,0,1,0,175.26,175.26,155.0,21.0,30.0,0,0,0,0,0,0,1,0,0,0,0,0,0,0,0,1,0,0,0,0,1,0,0,0
Red,False,0.625,0.125,0.62625,0.6375,0.0,0.6525000000000001,0.0,1.0,0.0,0.0,20.125,10.875,28.75,19.75,21.75,12.5,55.875,46.375,0.0,0.0,3.875,2.375,8.5,2.75,22.875,14.375,2.5,2.0,3.875,3.375,9.125,6.125,2.0,2.0,15.5,7.75,13.75,8.125,2.625,1.625,7.25,5.625,2.0,1.5,7.75,6.0,4.25,217.5,348.5,6,0,0,1,1,2,2,0,0,0,0,2,0,0,187.96,190.5,205.0,0.0471682548522949,0.0,0.45,0.4217682266235352,0.25,0.19173828125,0.1875,0.125,0.0,0.0,69.5,30.5,66.984375,27.8466796875,94.0,48.544921875,88.50390625,44.75,2.0,0.8125,2.015625,0.6640625,54.0,19.01513671875,51.483436584472656,16.9437255859375,7.91796875,5.430633544921875,7.75,5.0625,4.780975341796875,3.9373779296875,4.8994140625,3.84375,51.025390625,18.400863647460938,50.515625,17.5,5.75,3.75,5.5,3.5,5.375,3.6875,4.0,2.65625,104.865234375,89.5,655.8441009521484,0,0,0,0,0,0,0,0,0,0,0,0,0,0,187.96,187.96,205.0,28.0,24.0,0,0,0,0,0,1,0,0,0,0,0,0,0,0,0,1,0,0,0,0,1,0,0,0
Red,False,0.0,1.0,0.35,0.37,0.66,0.0,0.0,0.0,0.0,0.0,28.0,10.0,35.0,13.0,33.0,15.0,35.0,13.0,3.0,2.0,0.0,0.0,27.0,10.0,30.0,10.0,1.0,0.0,5.0,3.0,0.0,0.0,0.0,0.0,16.0,2.0,26.0,6.0,5.0,2.0,8.0,6.0,7.0,6.0,1.0,1.0,52.0,2.0,366.0,2,0,0,1,0,0,1,0,0,0,0,0,0,0,177.8,177.8,185.0,0.25,0.0,0.435,0.395,0.195,0.6375,0.5,1.75,0.25,0.25,39.25,13.25,63.5,27.0,54.5,27.25,105.5,68.25,4.25,0.75,3.5,1.75,28.0,4.0,50.25,17.5,3.5,2.75,8.75,5.25,7.75,6.5,4.5,4.25,31.5,8.75,39.0,11.25,2.0,1.5,15.0,10.25,5.75,3.0,9.5,5.5,155.75,274.5,707.25,8,0,0,1,1,1,2,0,0,0,0,1,0,0,187.96,190.5,185.0,29.0,23.0,0,0,0,0,0,1,0,0,0,0,0,0,0,0,0,0,0,1,0,0,1,0,0,0
Red,False,0.25,0.125,0.541875,0.329375,0.62125,0.34125,0.1875,1.375,0.5,0.25,51.75,25.4375,31.625,11.0625,80.5625,52.75,69.25,46.4375,8.1875,5.6875,2.75,1.125,39.0625,14.125,25.5,8.0625,4.5,3.75,3.4375,1.875,8.1875,7.5625,2.6875,1.125,22.4375,6.25,19.5,4.1875,14.625,10.75,7.625,4.0,14.6875,8.4375,4.5,2.875,492.875,130.4375,755.125,10,0,2,0,2,4,1,0,0,0,2,1,1,0,177.8,182.88,170.0,0.0,0.0625,0.414453125,0.417421875,0.771796875,0.489921875,0.2265625,0.34375,0.015625,0.46875,111.7109375,44.1875,98.7421875,43.046875,155.7890625,83.546875,128.6484375,69.6171875,6.0625,4.8828125,4.6015625,1.5,110.3515625,43.0234375,71.5625,21.390625,1.2421875,1.0546875,15.0703125,13.6171875,0.1171875,0.109375,12.109375,8.0390625,66.5390625,23.2109375,62.6640625,19.796875,17.34375,6.8828125,14.4296875,8.8984375,27.828125,14.09375,21.6484375,14.3515625,295.296875,122.5390625,817.78125,20,0,1,0,4,6,2,0,0,1,3,1,1,0,177.8,182.88,170.0,27.0,24.0,0,0,0,0,0,0,0,0,0,1,0,0,0,0,0,1,0,0,0,0,1,0,0,0
Red,False,0.28125,0.25,0.39765625,0.460625,0.71,0.36953125,0.015625,0.53125,0.0,0.0,30.5703125,12.9296875,22.375,9.8203125,65.1796875,47.1328125,37.890625,25.3359375,2.015625,1.609375,3.09375,0.7734375,25.3359375,10.28125,14.390625,5.1953125,3.6796875,2.484375,3.4140625,2.3125,1.5546875,0.1640625,4.5703125,2.3125,10.1796875,2.7109375,13.8984375,5.359375,13.9140625,7.2734375,7.3046875,3.8125,6.4765625,2.9453125,1.171875,0.6484375,131.8515625,172.5234375,431.8671875,14,0,5,0,5,6,2,0,0,1,1,3,1,0,180.34,185.42,185.0,0.0,0.0,0.62,0.42,0.25,0.375,1.0,0.5,0.0,0.0,32.5,20.0,42.5,21.0,38.5,26.0,52.5,29.5,3.0,0.5,2.0,1.5,17.0,7.0,37.5,16.0,7.5,6.0,4.0,4.0,8.0,7.0,1.0,1.0,15.0,5.0,25.5,9.0,8.0,8.0,7.0,5.5,9.5,7.0,10.0,6.5,112.0,123.0,438.0,4,0,1,0,1,1,1,0,0,0,0,0,1,0,190.5,187.96,185.0,26.0,32.0,0,0,0,0,0,0,0,1,0,0,0,0,0,0,0,0,0,1,0,0,1,0,0,0
Red,False,0.0625,0.125,0.4756249999999999,0.3256249999999999,0.25,0.170625,0.0,0.125,0.0,0.0,112.625,48.0625,77.1875,26.8125,120.25,55.1875,81.0625,30.5625,0.375,0.25,2.5,0.6875,94.3125,31.875,60.625,13.125,5.0,4.375,2.125,2.0,13.3125,11.8125,14.4375,11.6875,98.5,37.9375,73.6875,24.375,6.875,4.875,2.8125,1.8125,7.25,5.25,0.6875,0.625,17.25,60.4375,566.0,12,0,2,0,2,4,1,0,0,0,2,2,0,0,187.96,193.04,185.0,0.0471682548522949,0.0,0.45,0.4217682266235352,0.25,0.19173828125,0.1875,0.125,0.0,0.0,69.5,30.5,66.984375,27.8466796875,94.0,48.544921875,88.50390625,44.75,2.0,0.8125,2.015625,0.6640625,54.0,19.01513671875,51.483436584472656,16.9437255859375,7.91796875,5.430633544921875,7.75,5.0625,4.780975341796875,3.9373779296875,4.8994140625,3.84375,51.025390625,18.400863647460938,50.515625,17.5,5.75,3.75,5.5,3.5,5.375,3.6875,4.0,2.65625,104.865234375,89.5,655.8441009521484,0,0,0,0,0,0,0,0,0,0,0,0,0,0,182.88,182.88,205.0,31.0,35.0,0,0,0,0,0,1,0,0,0,0,0,0,0,0,0,1,0,0,0,0,1,0,0,0
Red,False,0.0,0.0,0.505,0.41,0.3,0.5,0.0,2.5,0.0,0.0,16.5,8.5,26.0,11.0,47.5,38.0,63.5,46.5,5.5,3.0,1.5,0.5,11.0,3.5,15.0,4.0,5.5,5.0,2.0,2.0,0.0,0.0,9.0,5.0,1.0,0.0,19.5,7.0,0.5,0.0,2.5,2.5,15.0,8.5,4.0,1.5,271.0,171.5,551.0,4,0,1,0,1,1,1,0,0,1,0,0,0,0,182.88,185.42,205.0,0.0,0.0,0.43,0.355,0.875,0.75,0.75,0.0,0.0,0.0,53.25,22.75,70.5,23.25,65.5,35.0,80.75,33.25,1.25,1.0,0.75,0.75,39.25,11.5,58.25,12.25,1.25,0.75,1.5,1.25,12.75,10.5,10.75,9.75,39.75,16.5,63.75,21.25,2.25,1.0,3.5,0.75,11.25,5.25,3.25,1.25,122.0,15.25,445.25,6,0,0,1,2,2,1,0,0,0,0,0,2,0,185.42,193.04,185.0,26.0,28.0,0,0,0,0,0,1,0,0,0,0,0,0,0,0,0,1,0,0,0,0,1,0,0,0
Red,False,0.0,0.0,0.415,0.655,0.5,0.165,1.5,0.0,0.0,0.0,69.0,23.5,105.5,34.0,79.0,33.5,119.5,48.0,0.5,0.5,1.5,0.5,54.5,13.5,91.0,23.5,7.5,4.5,7.0,4.5,7.0,5.5,7.5,6.0,59.0,18.0,92.0,27.0,6.5,3.5,9.0,4.5,3.5,2.0,4.5,2.5,72.5,30.5,526.0,4,0,2,0,2,2,0,0,0,1,0,0,1,0,180.34,182.88,205.0,1.0,0.0,0.65,0.23,1.0,0.14,0.0,0.0,1.0,0.0,95.0,62.0,47.0,11.0,117.0,84.0,78.0,40.0,4.0,4.0,7.0,1.0,69.0,42.0,37.0,6.0,8.0,6.0,6.0,3.0,18.0,14.0,4.0,2.0,53.0,35.0,41.0,11.0,9.0,5.0,5.0,0.0,33.0,22.0,1.0,0.0,467.0,25.0,900.0,3,0,1,0,1,1,0,0,0,0,1,0,0,0,185.42,187.96,185.0,31.0,28.0,0,0,0,0,0,1,0,0,0,0,0,0,0,0,0,1,0,0,0,0,0,0,1,0
Red,False,0.015625,0.0,0.45,0.4275,0.25,0.2,0.148468017578125,0.098388671875,0.0,0.0,66.5,29.6875,64.31230545043945,27.34375,89.75,48.0,85.53125,44.41152191162109,2.0,0.75,2.0546875,0.75,51.1875,18.3359375,49.6123046875,16.280410766601562,7.5,5.07647705078125,7.5,5.0,4.5,3.625,4.984375,3.9375,48.6875,17.0,47.11572265625,16.5,5.75,3.75,5.3125,3.4375,5.0625,3.5,3.875,2.5,99.2119140625,94.125,638.5,0,0,0,0,0,0,0,0,0,0,0,0,0,0,172.72,177.8,145.0,0.0471682548522949,0.0,0.45,0.4217682266235352,0.25,0.19173828125,0.1875,0.125,0.0,0.0,69.5,30.5,66.984375,27.8466796875,94.0,48.544921875,88.50390625,44.75,2.0,0.8125,2.015625,0.6640625,54.0,19.01513671875,51.483436584472656,16.9437255859375,7.91796875,5.430633544921875,7.75,5.0625,4.780975341796875,3.9373779296875,4.8994140625,3.84375,51.025390625,18.400863647460938,50.515625,17.5,5.75,3.75,5.5,3.5,5.375,3.6875,4.0,2.65625,104.865234375,89.5,655.8441009521484,0,0,0,0,0,0,0,0,0,0,0,0,0,0,185.42,185.42,155.0,25.0,21.0,0,0,0,0,0,0,1,0,0,0,0,0,0,0,0,1,0,0,0,0,1,0,0,0
Red,False,0.015625,0.0,0.45,0.4275,0.25,0.2,0.148468017578125,0.098388671875,0.0,0.0,66.5,29.6875,64.31230545043945,27.34375,89.75,48.0,85.53125,44.41152191162109,2.0,0.75,2.0546875,0.75,51.1875,18.3359375,49.6123046875,16.280410766601562,7.5,5.07647705078125,7.5,5.0,4.5,3.625,4.984375,3.9375,48.6875,17.0,47.11572265625,16.5,5.75,3.75,5.3125,3.4375,5.0625,3.5,3.875,2.5,99.2119140625,94.125,638.5,0,0,0,0,0,0,0,0,0,0,0,0,0,0,193.04,195.58,231.0,0.220703125,0.1259765625,0.4762109375,0.182314453125,0.00048828125,0.0001220703125,0.5322265625,1.00048828125,0.0,0.00048828125,93.416015625,23.11376953125,71.82568359375,26.21875,107.49365234375,36.30859375,72.40478515625,26.7978515625,0.2509765625,0.00048828125,2.55908203125,0.0009765625,82.015625,14.33349609375,63.4599609375,18.88037109375,4.7080078125,2.4267578125,2.25634765625,1.75244140625,6.6923828125,6.353515625,6.109375,5.5859375,88.55810546875,19.48583984375,68.228515625,23.19091796875,2.17431640625,1.0185546875,2.82958984375,2.26416015625,2.68359375,2.609375,0.767578125,0.763671875,43.11083984375,37.48095703125,506.955078125,21,5,1,0,6,8,4,0,0,0,0,6,2,0,190.5,195.58,240.0,29.0,28.0,0,0,0,0,1,0,0,0,0,0,0,0,0,0,0,1,0,0,0,0,1,0,0,0
Red,False,0.0,0.0,0.5,0.0,0.0,1.0,0.0,1.0,0.0,0.0,2.0,1.0,1.0,0.0,3.0,2.0,11.0,7.0,0.0,0.0,1.0,1.0,2.0,1.0,1.0,0.0,0.0,0.0,0.0,0.0,0.0,0.0,0.0,0.0,2.0,1.0,1.0,0.0,0.0,0.0,0.0,0.0,0.0,0.0,0.0,0.0,0.0,95.0,110.0,1,0,0,1,0,0,1,0,0,0,0,0,0,0,177.8,177.8,155.0,0.0,0.0,0.16,0.55,0.0,1.0,0.0,1.0,0.0,0.0,6.0,1.0,9.0,5.0,10.0,3.0,37.0,30.0,0.0,0.0,1.0,1.0,6.0,1.0,9.0,5.0,0.0,0.0,0.0,0.0,0.0,0.0,0.0,0.0,6.0,1.0,0.0,0.0,0.0,0.0,0.0,0.0,0.0,0.0,9.0,5.0,0.0,114.0,124.0,1,0,0,1,0,0,1,0,0,0,0,0,0,0,175.26,182.88,145.0,29.0,25.0,0,0,0,0,0,0,1,0,0,0,0,0,0,0,0,1,0,0,0,0,1,0,0,0
Red,False,0.0,0.0,0.31,0.33,0.33,0.0,0.0,0.0,0.0,0.0,209.0,66.0,132.0,44.0,226.0,83.0,136.0,48.0,3.0,1.0,0.0,0.0,181.0,46.0,103.0,24.0,13.0,8.0,15.0,9.0,15.0,12.0,14.0,11.0,183.0,53.0,118.0,36.0,17.0,8.0,13.0,7.0,9.0,5.0,1.0,1.0,59.0,5.0,900.0,3,0,0,1,0,0,1,0,0,0,0,0,0,0,182.88,182.88,205.0,0.125,0.5,0.4875,0.47875,0.125,0.5,0.0,0.5,0.0,0.0,58.0,30.75,34.25,17.125,72.5,43.5,59.25,40.5,2.125,1.125,0.75,0.5,53.375,27.375,27.375,11.125,4.5,3.25,3.625,3.625,0.125,0.125,3.25,2.375,24.75,11.5,22.375,8.375,13.5,9.25,4.375,2.75,19.75,10.0,7.5,6.0,157.75,18.0,309.75,7,0,0,1,1,1,3,0,0,0,1,0,0,0,182.88,182.88,185.0,29.0,25.0,0,0,0,0,0,1,0,0,0,0,0,0,0,0,0,1,0,0,0,0,1,0,0,0
Red,False,1.0,0.0,0.51,0.12,0.0,0.0,0.0,0.0,0.0,0.0,39.0,20.0,40.0,5.0,51.0,32.0,40.0,5.0,0.0,0.0,0.0,0.0,34.0,16.0,38.0,4.0,3.0,3.0,1.0,1.0,2.0,1.0,1.0,0.0,26.0,12.0,37.0,3.0,3.0,1.0,3.0,2.0,10.0,7.0,0.0,0.0,57.0,0.0,273.0,1,0,1,0,1,1,0,0,0,0,0,1,0,0,187.96,185.42,230.0,0.5,0.0,0.435,0.4125,0.7424999999999999,0.0,2.0,0.0,0.0,0.25,26.5,11.75,20.5,7.0,53.5,35.75,27.25,13.75,3.75,1.75,0.75,0.0,22.25,8.0,18.25,5.75,1.0,1.0,1.75,1.0,3.25,2.75,0.5,0.25,14.75,5.25,17.0,5.5,1.75,1.25,2.75,1.0,10.0,5.25,0.75,0.5,197.5,10.75,401.75,6,0,3,0,3,3,0,0,0,0,0,2,1,0,187.96,193.04,242.0,32.0,27.0,0,0,0,0,1,0,0,0,0,0,0,0,0,0,0,0,0,1,0,0,1,0,0,0
Red,False,0.0,0.0,0.485,0.32,0.5,0.0,0.0,0.5,0.0,0.0,48.0,22.5,126.5,46.5,52.5,27.0,152.5,72.5,3.0,0.5,0.0,0.0,24.0,5.0,102.0,27.0,14.5,10.5,15.0,11.5,9.5,7.0,9.5,8.0,43.5,19.0,115.5,38.5,3.5,2.5,10.0,7.0,1.0,1.0,1.0,1.0,51.5,98.5,529.5,4,0,0,2,0,0,2,0,0,0,0,0,0,0,177.8,177.8,241.0,0.25,0.0,0.615,0.4425,0.25,0.5275,1.0,0.25,0.0,0.0,33.5,19.25,18.75,9.5,64.25,50.0,52.75,41.75,1.25,0.25,6.75,3.75,19.0,8.75,13.0,4.25,4.75,4.75,5.75,5.25,9.75,5.75,0.0,0.0,20.0,7.5,1.5,0.0,12.0,11.0,0.5,0.0,1.5,0.75,16.75,9.5,109.5,325.5,556.0,5,0,2,0,2,2,1,0,0,0,0,1,0,1,193.04,208.28,240.0,32.0,31.0,0,0,0,0,1,0,0,0,0,0,0,0,0,0,0,1,0,0,0,0,1,0,0,0
Red,False,0.0,0.25,0.3690624999999999,0.4465625,0.0,0.65625,0.0625,0.0,0.0,0.0,33.65625,12.28125,107.71875,49.40625,118.625,91.34375,164.09375,98.5625,0.125,0.0,5.03125,5.03125,23.8125,4.1875,98.21875,41.90625,0.8125,0.78125,6.3125,4.6875,9.03125,7.3125,3.1875,2.8125,31.46875,10.28125,41.78125,17.78125,1.9375,1.875,3.78125,2.40625,0.25,0.125,62.15625,29.21875,6.375,485.75,634.875,10,1,1,0,1,1,5,0,0,0,0,0,1,0,190.5,195.58,205.0,1.0,0.0,0.62,0.43,0.4,0.21,2.0,1.0,0.5,0.5,47.0,30.0,14.0,5.5,53.5,36.5,21.5,13.0,3.0,2.0,4.0,1.5,35.5,20.0,11.0,3.0,9.0,8.0,3.0,2.5,2.5,2.0,0.0,0.0,16.0,8.0,6.5,1.5,14.0,10.5,6.0,3.5,17.0,11.5,1.5,0.5,184.0,104.0,409.0,3,1,2,0,2,2,0,0,0,0,0,2,0,0,185.42,190.5,185.0,36.0,28.0,0,0,0,0,0,1,0,0,0,0,0,0,0,0,0,1,0,0,0,0,1,0,0,0
Red,False,0.015625,0.0,0.45,0.4275,0.25,0.2,0.148468017578125,0.098388671875,0.0,0.0,66.5,29.6875,64.31230545043945,27.34375,89.75,48.0,85.53125,44.41152191162109,2.0,0.75,2.0546875,0.75,51.1875,18.3359375,49.6123046875,16.280410766601562,7.5,5.07647705078125,7.5,5.0,4.5,3.625,4.984375,3.9375,48.6875,17.0,47.11572265625,16.5,5.75,3.75,5.3125,3.4375,5.0625,3.5,3.875,2.5,99.2119140625,94.125,638.5,0,0,0,0,0,0,0,0,0,0,0,0,0,0,167.64,177.8,145.0,0.0471682548522949,0.0,0.45,0.4217682266235352,0.25,0.19173828125,0.1875,0.125,0.0,0.0,69.5,30.5,66.984375,27.8466796875,94.0,48.544921875,88.50390625,44.75,2.0,0.8125,2.015625,0.6640625,54.0,19.01513671875,51.483436584472656,16.9437255859375,7.91796875,5.430633544921875,7.75,5.0625,4.780975341796875,3.9373779296875,4.8994140625,3.84375,51.025390625,18.400863647460938,50.515625,17.5,5.75,3.75,5.5,3.5,5.375,3.6875,4.0,2.65625,104.865234375,89.5,655.8441009521484,0,0,0,0,0,0,0,0,0,0,0,0,0,0,175.26,182.88,170.0,28.0,29.0,0,0,0,0,0,0,0,0,0,1,0,0,0,0,0,1,0,0,0,0,1,0,0,0
Red,False,0.015625,0.0,0.45,0.4275,0.25,0.2,0.148468017578125,0.098388671875,0.0,0.0,66.5,29.6875,64.31230545043945,27.34375,89.75,48.0,85.53125,44.41152191162109,2.0,0.75,2.0546875,0.75,51.1875,18.3359375,49.6123046875,16.280410766601562,7.5,5.07647705078125,7.5,5.0,4.5,3.625,4.984375,3.9375,48.6875,17.0,47.11572265625,16.5,5.75,3.75,5.3125,3.4375,5.0625,3.5,3.875,2.5,99.2119140625,94.125,638.5,0,0,0,0,0,0,0,0,0,0,0,0,0,0,182.88,182.88,170.0,0.0471682548522949,0.0,0.45,0.4217682266235352,0.25,0.19173828125,0.1875,0.125,0.0,0.0,69.5,30.5,66.984375,27.8466796875,94.0,48.544921875,88.50390625,44.75,2.0,0.8125,2.015625,0.6640625,54.0,19.01513671875,51.483436584472656,16.9437255859375,7.91796875,5.430633544921875,7.75,5.0625,4.780975341796875,3.9373779296875,4.8994140625,3.84375,51.025390625,18.400863647460938,50.515625,17.5,5.75,3.75,5.5,3.5,5.375,3.6875,4.0,2.65625,104.865234375,89.5,655.8441009521484,0,0,0,0,0,0,0,0,0,0,0,0,0,0,182.88,182.88,155.0,24.0,27.0,0,0,0,0,0,0,0,0,0,1,0,0,0,0,0,1,0,0,0,0,1,0,0,0
Red,False,0.5,0.0,0.26,0.24,0.25,0.275,1.0,1.5,0.5,0.5,65.5,18.5,53.0,13.0,94.0,44.5,83.0,41.5,1.5,0.5,6.0,2.5,51.0,8.0,48.5,10.0,2.0,0.5,1.5,0.5,12.5,10.0,3.0,2.5,52.0,10.5,46.0,9.5,3.0,3.0,1.0,0.5,10.5,5.0,6.0,3.0,179.5,265.0,832.5,6,0,0,1,1,1,1,0,0,0,0,1,0,0,187.96,190.5,185.0,0.0,0.0,0.5700000000000001,0.5349999999999999,0.5,0.25,3.5,1.0,1.5,1.0,32.5,19.0,33.5,19.0,48.5,34.0,53.0,37.5,0.5,0.5,5.0,2.5,25.0,12.0,24.5,11.0,5.5,5.5,9.0,8.0,2.0,1.5,0.0,0.0,8.0,3.0,9.0,2.5,7.5,6.0,3.0,2.5,17.0,10.0,21.5,14.0,184.0,310.5,569.5,4,1,2,0,2,2,0,0,0,0,1,1,0,0,198.12,200.66,185.0,22.0,24.0,0,0,0,0,0,0,0,1,0,0,0,0,0,0,0,1,0,0,0,0,1,0,0,0
Red,False,0.015625,0.0,0.45,0.4275,0.25,0.2,0.148468017578125,0.098388671875,0.0,0.0,66.5,29.6875,64.31230545043945,27.34375,89.75,48.0,85.53125,44.41152191162109,2.0,0.75,2.0546875,0.75,51.1875,18.3359375,49.6123046875,16.280410766601562,7.5,5.07647705078125,7.5,5.0,4.5,3.625,4.984375,3.9375,48.6875,17.0,47.11572265625,16.5,5.75,3.75,5.3125,3.4375,5.0625,3.5,3.875,2.5,99.2119140625,94.125,638.5,0,0,0,0,0,0,0,0,0,0,0,0,0,0,177.8,172.72,145.0,0.0,0.0,0.56,0.485,0.8300000000000001,0.0,0.0,1.5,0.5,0.5,96.0,42.0,41.0,19.5,128.5,67.5,70.5,43.0,5.0,3.5,0.0,0.0,85.0,34.5,32.5,13.5,9.0,6.5,6.0,4.0,2.0,1.0,2.5,2.0,45.5,13.5,33.0,14.0,8.0,4.5,5.5,3.5,42.5,24.0,2.5,2.0,331.0,7.5,459.5,4,0,2,0,2,2,0,0,0,0,1,1,0,0,175.26,177.8,155.0,27.0,23.0,0,0,0,0,0,0,1,0,0,0,0,0,0,0,0,1,0,0,0,0,1,0,0,0
Red,False,0.125,0.0,0.423125,0.41625,0.21,0.5,0.375,0.0,0.0,0.0,53.6875,19.75,37.0625,19.125,69.9375,35.5,41.5625,23.625,3.5,1.5,1.125,0.5,37.5625,7.5,25.375,10.625,7.0,5.0,4.3125,2.125,9.125,7.25,7.375,6.375,40.9375,10.1875,22.0625,6.25,11.0,8.375,12.0,10.375,1.75,1.1875,3.0,2.5,113.3125,89.375,503.5,7,0,5,0,5,5,0,0,0,0,1,2,2,0,185.42,195.58,170.0,0.0,0.0,0.4,0.315,0.7,0.0,0.25,0.25,0.0,0.25,72.25,30.25,69.25,20.75,110.0,65.0,78.0,28.75,5.25,3.5,1.75,0.0,62.75,21.75,50.25,4.75,4.25,4.25,3.75,2.75,5.25,4.25,15.25,13.25,47.0,11.0,55.75,8.75,6.0,5.75,13.5,12.0,19.25,13.5,0.0,0.0,361.75,70.75,821.5,9,0,3,0,3,3,0,0,0,0,1,2,0,0,187.96,190.5,170.0,27.0,25.0,0,0,0,0,0,0,0,1,0,0,0,0,0,0,0,1,0,0,0,0,0,0,1,0
Red,True,1.015625,0.0,0.498046875,0.320078125,0.908984375,0.259375,0.25,0.3125,0.046875,0.046875,99.7109375,48.703125,49.4375,17.421875,126.9921875,75.5234375,69.375,35.53125,2.5546875,2.15625,2.5234375,0.3125,77.890625,34.4296875,41.8515625,10.9375,7.0703125,5.28125,5.21875,4.5625,14.75,8.9921875,2.3671875,1.921875,74.6796875,33.140625,42.90625,13.109375,8.1328125,4.84375,6.0546875,4.1796875,16.8984375,10.71875,0.4765625,0.1328125,190.890625,9.9765625,532.8125,16,2,2,0,5,7,1,0,0,1,2,3,1,0,180.34,193.04,185.0,0.25,0.0078125,0.451796875,0.598828125,0.3046093749999999,0.468203125,0.0625,0.8125,0.5703125,0.140625,49.2734375,22.08984375,66.59765625,38.07421875,107.65234375,76.19921875,169.671875,137.6953125,11.26171875,1.94921875,3.90234375,2.5234375,34.390625,10.515625,44.8125,17.7265625,9.08984375,6.5859375,18.62109375,17.1953125,5.79296875,4.98828125,3.1640625,3.15234375,24.0390625,5.984375,23.46484375,7.296875,13.640625,9.80859375,22.6328125,19.09375,11.59375,6.296875,20.5,11.68359375,420.5,140.75,894.32421875,25,1,0,1,2,5,4,0,1,1,2,0,1,0,167.64,172.72,170.0,25.0,32.0,0,0,0,0,0,0,0,0,0,1,0,0,0,0,0,1,0,0,0,0,1,0,0,0
Red,False,1.0,0.0,0.533125,0.43875,0.316875,0.25,0.34375,0.1875,0.25,0.0625,48.96875,24.71875,35.5625,13.59375,69.65625,41.75,55.03125,31.5,4.1875,1.3125,2.8125,2.375,39.25,15.8125,34.09375,12.75,9.71875,8.90625,1.1875,0.5625,0.0,0.0,0.28125,0.28125,24.3125,7.34375,25.34375,9.1875,5.5,4.25,3.84375,2.0,19.15625,13.125,6.375,2.40625,160.34375,77.09375,464.53125,13,1,6,0,6,6,0,0,0,0,3,3,0,0,177.8,182.88,170.0,0.25,0.03125,0.4671875,0.385625,0.68578125,0.125,0.953125,1.296875,0.125,0.125,39.484375,18.96875,32.59375,11.171875,70.203125,47.453125,67.015625,45.59375,7.515625,4.109375,0.375,0.125,35.828125,15.703125,24.953125,4.71875,2.75,2.5,1.53125,0.875,0.90625,0.765625,6.109375,5.578125,14.515625,3.09375,31.90625,10.734375,0.125,0.0,0.4375,0.3125,24.84375,15.875,0.25,0.125,455.234375,4.75,671.03125,13,0,2,0,4,6,1,0,0,0,2,2,2,0,177.8,185.42,170.0,25.0,29.0,0,0,0,0,0,0,0,0,0,1,0,0,0,0,0,0,0,1,0,0,1,0,0,0
Red,False,0.0,1.0,0.305,0.495,0.8300000000000001,0.0,0.5,0.5,0.5,0.5,160.5,50.0,122.0,60.5,175.5,62.5,135.0,72.0,2.5,2.0,0.0,0.0,146.0,41.0,102.0,42.5,13.5,8.0,7.0,6.0,1.0,1.0,13.0,12.0,110.5,29.0,94.5,44.5,36.0,14.0,21.0,13.0,14.0,7.0,6.5,3.0,156.5,118.0,858.5,6,1,0,2,0,0,2,0,0,0,0,0,0,0,200.66,200.66,265.0,1.0,0.0,0.18,0.31,1.0,0.75,1.0,1.0,0.0,2.0,61.0,11.0,41.0,13.0,83.0,32.0,76.0,46.0,1.0,1.0,8.0,6.0,59.0,9.0,40.0,12.0,2.0,2.0,1.0,1.0,0.0,0.0,0.0,0.0,49.0,4.0,20.0,2.0,3.0,0.0,0.0,0.0,9.0,7.0,21.0,11.0,41.0,598.0,900.0,3,0,0,1,0,0,1,0,0,0,0,0,0,0,193.04,198.12,250.0,30.0,29.0,0,0,0,0,1,0,0,0,0,0,0,0,0,0,0,1,0,0,0,0,1,0,0,0
Red,False,0.0,0.0,0.55625,0.275,0.125,0.5325,0.0625,0.3125,0.5,0.5,11.8125,8.625,10.9375,4.5,27.0625,23.875,23.25,14.8125,0.125,0.125,3.625,1.625,7.375,4.3125,5.4375,0.5,1.875,1.875,2.125,1.875,2.5625,2.4375,3.375,2.125,4.875,3.0625,5.1875,0.1875,3.3125,3.0625,4.5,4.0,3.625,2.5,1.25,0.3125,45.6875,153.1875,285.375,7,0,1,0,1,3,2,0,0,0,0,0,3,0,175.26,175.26,170.0,0.5,0.0,0.46,0.3425,0.25,0.25,1.25,0.25,0.0,0.5,69.5,36.0,57.25,19.5,104.25,67.75,70.0,29.5,1.25,0.5,0.75,0.75,54.75,24.0,43.5,9.0,7.25,5.5,4.25,2.25,7.5,6.5,9.5,8.25,52.5,23.5,42.0,12.5,12.0,9.5,4.75,2.0,5.0,3.0,10.5,5.0,132.25,100.0,643.25,6,0,0,1,2,2,1,0,0,0,1,0,1,0,177.8,177.8,170.0,36.0,33.0,0,0,0,0,0,0,0,0,0,1,0,0,0,0,0,1,0,0,0,0,0,0,1,0
Red,False,0.0,1.25,0.295,0.3325,0.0625,0.165,0.25,0.0,0.25,0.0,60.25,20.5,58.5,18.0,88.0,45.0,74.0,32.0,1.0,0.25,1.5,1.0,49.75,12.25,54.0,15.75,4.25,3.0,1.25,0.5,6.25,5.25,3.25,1.75,52.5,16.75,52.25,14.25,5.25,2.75,3.25,1.75,2.5,1.0,3.0,2.0,84.0,98.25,477.75,6,0,1,0,1,1,2,0,0,0,0,0,1,0,180.34,190.5,170.0,1.0,1.0,0.26,0.5,0.08,0.0,0.0,0.0,0.0,0.0,171.0,46.0,200.0,101.0,178.0,53.0,208.0,109.0,12.0,1.0,0.0,0.0,160.0,37.0,173.0,74.0,9.0,7.0,14.0,14.0,2.0,2.0,13.0,13.0,153.0,36.0,172.0,79.0,10.0,7.0,26.0,20.0,8.0,3.0,2.0,2.0,151.0,100.0,900.0,3,0,0,1,0,0,1,0,0,0,0,0,0,0,185.42,198.12,185.0,24.0,25.0,0,0,0,0,0,0,0,1,0,0,0,0,0,0,0,1,0,0,0,0,1,0,0,0
Red,False,0.5,1.0,0.29,0.535,0.08,0.4,0.0,2.0,0.5,0.0,61.5,15.5,92.0,45.5,71.5,24.0,101.0,54.5,3.5,0.5,3.0,2.0,53.0,10.0,80.0,34.5,6.0,3.5,9.5,9.0,2.5,2.0,2.5,2.0,43.0,7.5,58.5,23.5,7.5,3.5,24.0,15.5,11.0,4.5,9.5,6.5,113.5,202.5,727.0,5,1,0,2,0,0,2,0,0,0,0,0,0,0,175.26,175.26,170.0,1.0,0.0,0.53,0.4825,0.4375,0.5225,2.5,0.75,0.0,0.75,47.25,22.25,39.5,18.25,84.0,55.75,80.0,54.25,1.25,1.0,9.0,4.75,35.5,13.25,32.25,13.0,8.25,5.5,5.5,4.0,3.5,3.5,1.75,1.25,26.75,10.5,15.25,4.0,10.25,6.0,3.5,2.25,10.25,5.75,20.75,12.0,149.25,554.0,900.0,9,1,0,1,1,1,2,0,0,0,1,0,0,0,182.88,187.96,170.0,29.0,26.0,0,0,0,0,0,0,0,0,0,1,0,0,0,0,0,1,0,0,0,0,1,0,0,0
Red,False,0.015625,0.0,0.45,0.4275,0.25,0.2,0.148468017578125,0.098388671875,0.0,0.0,66.5,29.6875,64.31230545043945,27.34375,89.75,48.0,85.53125,44.41152191162109,2.0,0.75,2.0546875,0.75,51.1875,18.3359375,49.6123046875,16.280410766601562,7.5,5.07647705078125,7.5,5.0,4.5,3.625,4.984375,3.9375,48.6875,17.0,47.11572265625,16.5,5.75,3.75,5.3125,3.4375,5.0625,3.5,3.875,2.5,99.2119140625,94.125,638.5,0,0,0,0,0,0,0,0,0,0,0,0,0,0,175.26,182.88,155.0,0.0,0.0,0.54,0.335,0.775,0.5,0.5,1.0,0.0,0.5,28.0,15.0,20.5,9.5,75.5,57.0,51.0,36.5,5.0,3.0,0.5,0.5,21.0,9.0,17.0,6.0,5.5,5.0,2.0,2.0,1.5,1.0,1.5,1.5,9.5,2.5,14.5,5.0,5.5,3.5,2.0,1.5,13.0,9.0,4.0,3.0,274.5,18.0,402.0,4,0,0,1,1,1,1,0,0,0,0,0,1,0,172.72,177.8,155.0,24.0,27.0,0,0,0,0,0,0,1,0,0,0,0,0,0,0,0,1,0,0,0,0,1,0,0,0
Red,False,2.5,0.0,0.405,0.42,0.5,0.0,0.0,1.0,0.0,0.0,50.5,25.0,47.0,20.5,92.0,60.5,93.0,62.0,3.0,3.0,3.5,0.0,39.0,14.5,35.5,10.0,10.5,9.5,7.0,6.0,1.0,1.0,4.5,4.5,28.0,11.0,21.5,6.0,10.5,7.0,18.0,10.5,12.0,7.0,7.5,4.0,233.0,25.0,599.0,4,0,1,0,1,1,1,0,0,0,1,0,0,0,175.26,180.34,170.0,0.0,0.0,0.23,0.56,0.0,0.83,2.0,0.0,0.0,0.0,17.0,4.0,78.0,44.0,31.0,17.0,230.0,184.0,2.0,0.0,6.0,5.0,14.0,2.0,68.0,36.0,3.0,2.0,6.0,4.0,0.0,0.0,4.0,4.0,15.0,3.0,32.0,15.0,2.0,1.0,4.0,1.0,0.0,0.0,42.0,28.0,50.0,720.0,900.0,3,0,0,1,0,0,1,0,0,0,0,0,0,0,177.8,177.8,168.0,31.0,30.0,0,0,0,0,0,0,0,0,0,1,0,0,0,0,0,1,0,0,0,0,1,0,0,0
Red,False,1.25,0.0,0.4237499999999999,0.33875,0.75,0.205,0.125,0.25,0.0,0.0,38.25,16.25,17.125,5.5,41.25,19.125,36.375,23.625,2.125,2.125,6.25,1.125,32.375,11.875,13.5,3.625,3.875,2.75,2.25,1.5,2.0,1.625,1.375,0.375,21.375,7.875,11.5,1.625,3.875,1.625,2.5,1.5,13.0,6.75,3.125,2.375,73.75,87.75,296.625,6,0,1,0,2,3,1,0,0,0,0,2,0,1,175.26,180.34,155.0,0.0,0.375,0.76625,0.29375,0.31875,0.625,2.375,0.625,0.125,0.0,25.875,13.875,36.125,13.25,52.5,37.25,52.375,27.0,2.875,1.625,0.625,0.625,21.75,10.75,33.625,11.125,2.75,1.75,2.25,1.875,1.375,1.375,0.25,0.25,9.25,3.375,21.875,6.25,2.0,1.5,1.125,0.75,14.625,9.0,13.125,6.25,178.375,140.25,438.5,9,1,1,0,2,3,1,0,0,0,1,0,1,1,170.18,177.8,145.0,24.0,24.0,0,0,0,0,0,0,1,0,0,0,0,0,0,0,0,1,0,0,0,0,1,0,0,0
Red,False,0.0,0.0,0.36,0.4,0.0,0.25,1.0,0.0,0.0,0.0,44.0,16.0,55.0,22.0,104.0,75.0,79.0,42.0,1.0,0.0,20.0,5.0,42.0,14.0,52.0,20.0,2.0,2.0,3.0,2.0,0.0,0.0,0.0,0.0,38.0,13.0,36.0,11.0,5.0,2.0,7.0,4.0,1.0,1.0,12.0,7.0,1.0,602.0,900.0,3,0,0,1,0,0,1,0,0,0,0,0,0,0,180.34,185.42,170.0,0.0625,0.0,0.37875,0.464375,0.340625,0.575,0.78125,0.15625,0.25,0.0,75.15625,28.6875,88.25,36.03125,99.96875,51.625,139.15625,82.6875,3.84375,0.8125,4.6875,3.125,54.6875,13.625,83.375,31.6875,7.875,6.65625,3.34375,3.0625,12.59375,8.40625,1.53125,1.28125,53.21875,16.09375,53.875,18.3125,9.84375,5.53125,16.875,7.34375,12.09375,7.0625,17.5,10.375,52.21875,306.3125,694.34375,12,0,0,1,2,3,3,0,0,0,0,0,3,0,177.8,177.8,155.0,22.0,27.0,0,0,0,0,0,0,0,0,0,1,0,0,0,0,0,0,0,1,0,0,1,0,0,0
Red,False,0.0,0.5,0.375,0.3525,0.6875,0.25,0.5,0.5,0.0,0.0,65.5,24.75,94.75,32.5,76.0,34.5,111.0,47.0,3.0,1.25,0.25,0.25,47.0,10.5,76.75,16.0,7.75,6.0,7.75,6.25,10.75,8.25,10.25,10.25,57.0,18.5,78.25,21.5,6.75,5.0,12.5,9.0,1.75,1.25,4.0,2.0,78.25,86.75,631.0,7,0,0,2,1,1,2,0,0,0,0,0,1,0,175.26,182.88,155.0,0.0471682548522949,0.0,0.45,0.4217682266235352,0.25,0.19173828125,0.1875,0.125,0.0,0.0,69.5,30.5,66.984375,27.8466796875,94.0,48.544921875,88.50390625,44.75,2.0,0.8125,2.015625,0.6640625,54.0,19.01513671875,51.483436584472656,16.9437255859375,7.91796875,5.430633544921875,7.75,5.0625,4.780975341796875,3.9373779296875,4.8994140625,3.84375,51.025390625,18.400863647460938,50.515625,17.5,5.75,3.75,5.5,3.5,5.375,3.6875,4.0,2.65625,104.865234375,89.5,655.8441009521484,0,0,0,0,0,0,0,0,0,0,0,0,0,0,180.34,193.04,170.0,31.0,28.0,0,0,0,0,0,0,0,0,0,1,0,0,0,0,0,0,0,1,0,0,1,0,0,0
Red,False,0.0,0.0,0.2,1.0,1.0,0.0,0.0,3.0,0.0,0.0,5.0,1.0,1.0,1.0,13.0,6.0,2.0,2.0,1.0,1.0,0.0,0.0,4.0,0.0,0.0,0.0,1.0,1.0,1.0,1.0,0.0,0.0,0.0,0.0,2.0,0.0,0.0,0.0,0.0,0.0,1.0,1.0,3.0,1.0,0.0,0.0,111.0,0.0,127.0,1,0,0,1,0,0,1,0,0,0,0,0,0,0,170.18,170.18,155.0,0.0,0.0,0.568125,0.409375,0.2025,0.33625,2.5,0.5,0.5,0.0,29.0,16.5,60.3125,33.0,71.6875,57.3125,117.875,84.4375,2.125,0.6875,6.625,4.0625,20.375,9.1875,56.6875,30.0,7.6875,6.625,1.0,0.875,0.9375,0.6875,2.625,2.125,16.875,7.25,11.3125,4.4375,2.5,1.6875,5.9375,3.0,9.625,7.5625,43.0625,25.5625,75.625,605.6875,858.6875,11,2,0,1,3,3,2,0,0,0,0,0,2,1,177.8,187.96,145.0,34.0,30.0,0,0,0,0,0,0,1,0,0,0,0,0,0,0,0,0,0,1,0,0,0,0,1,0
Red,False,1.0,0.0,0.83,0.36,0.0,1.0,0.0,0.0,0.0,0.0,12.0,10.0,11.0,4.0,18.0,15.0,21.0,14.0,0.0,0.0,1.0,1.0,6.0,5.0,10.0,4.0,3.0,2.0,1.0,0.0,3.0,3.0,0.0,0.0,8.0,7.0,5.0,0.0,4.0,3.0,1.0,0.0,0.0,0.0,5.0,4.0,0.0,164.0,195.0,1,0,1,0,1,1,0,0,0,0,0,1,0,0,193.04,198.12,245.0,0.0471682548522949,0.0,0.45,0.4217682266235352,0.25,0.19173828125,0.1875,0.125,0.0,0.0,69.5,30.5,66.984375,27.8466796875,94.0,48.544921875,88.50390625,44.75,2.0,0.8125,2.015625,0.6640625,54.0,19.01513671875,51.483436584472656,16.9437255859375,7.91796875,5.430633544921875,7.75,5.0625,4.780975341796875,3.9373779296875,4.8994140625,3.84375,51.025390625,18.400863647460938,50.515625,17.5,5.75,3.75,5.5,3.5,5.375,3.6875,4.0,2.65625,104.865234375,89.5,655.8441009521484,0,0,0,0,0,0,0,0,0,0,0,0,0,0,185.42,185.42,225.0,31.0,31.0,0,0,0,0,1,0,0,0,0,0,0,0,0,0,0,1,0,0,0,0,1,0,0,0
Red,False,1.0,0.0,0.43,0.35,0.0,0.63,1.0,0.0,0.0,0.0,58.0,25.0,40.0,14.0,88.0,54.0,148.0,105.0,0.0,0.0,11.0,7.0,41.0,11.0,37.0,11.0,10.0,8.0,0.0,0.0,7.0,6.0,3.0,3.0,49.0,21.0,29.0,8.0,6.0,3.0,5.0,3.0,3.0,1.0,6.0,3.0,11.0,608.0,900.0,3,0,0,1,0,0,1,0,0,0,0,0,0,0,182.88,193.04,205.0,0.0,0.0,0.43,0.4499999999999999,0.75,0.5,0.5,0.0,0.0,0.0,67.5,28.5,111.0,38.5,72.0,33.0,113.5,40.5,1.5,1.0,0.5,0.5,49.5,13.0,90.5,20.5,0.5,0.5,3.0,2.5,17.5,15.0,17.5,15.5,64.5,27.0,101.5,35.5,1.5,0.0,3.0,0.5,1.5,1.5,6.5,2.5,50.0,16.5,551.5,4,0,0,1,1,1,1,0,0,0,0,0,1,0,185.42,193.04,185.0,27.0,28.0,0,0,0,0,0,1,0,0,0,0,0,0,0,0,0,1,0,0,0,0,1,0,0,0
Red,False,0.015625,0.0,0.45,0.4275,0.25,0.2,0.148468017578125,0.098388671875,0.0,0.0,66.5,29.6875,64.31230545043945,27.34375,89.75,48.0,85.53125,44.41152191162109,2.0,0.75,2.0546875,0.75,51.1875,18.3359375,49.6123046875,16.280410766601562,7.5,5.07647705078125,7.5,5.0,4.5,3.625,4.984375,3.9375,48.6875,17.0,47.11572265625,16.5,5.75,3.75,5.3125,3.4375,5.0625,3.5,3.875,2.5,99.2119140625,94.125,638.5,0,0,0,0,0,0,0,0,0,0,0,0,0,0,172.72,167.64,155.0,0.0471682548522949,0.0,0.45,0.4217682266235352,0.25,0.19173828125,0.1875,0.125,0.0,0.0,69.5,30.5,66.984375,27.8466796875,94.0,48.544921875,88.50390625,44.75,2.0,0.8125,2.015625,0.6640625,54.0,19.01513671875,51.483436584472656,16.9437255859375,7.91796875,5.430633544921875,7.75,5.0625,4.780975341796875,3.9373779296875,4.8994140625,3.84375,51.025390625,18.400863647460938,50.515625,17.5,5.75,3.75,5.5,3.5,5.375,3.6875,4.0,2.65625,104.865234375,89.5,655.8441009521484,0,0,0,0,0,0,0,0,0,0,0,0,0,0,170.18,177.8,145.0,25.0,22.0,0,0,0,0,0,0,1,0,0,0,0,0,0,0,0,0,0,1,0,0,1,0,0,0
Red,False,0.0625,0.015625,0.565625,0.5221875,0.41125,0.46609375,0.4375,0.5,0.5625,0.265625,38.625,25.046875,37.796875,19.265625,140.25,123.140625,87.8125,66.171875,1.671875,0.828125,9.53125,1.765625,18.90625,6.21875,26.953125,11.65625,16.625,15.859375,6.59375,4.078125,3.09375,2.96875,4.25,3.53125,12.4375,3.421875,10.890625,2.75,20.5,18.1875,11.890625,8.515625,5.6875,3.4375,15.015625,8.0,110.28125,403.125,727.46875,17,1,0,2,2,2,5,0,0,0,0,0,2,0,180.34,172.72,170.0,0.0,1.0313720703125,0.3930381774902344,0.476153564453125,0.2424110412597656,0.5181640625,0.32550048828125,0.5696868896484375,0.041015625,0.2601318359375,48.46652221679688,18.894546508789062,58.10020446777344,28.32923889160156,60.3665771484375,29.981735229492188,70.54396057128906,40.488677978515625,4.172698974609375,0.5332183837890625,0.772705078125,0.5205078125,41.48423767089844,13.295318603515623,43.59992980957031,18.96177673339844,5.7000579833984375,4.3170013427734375,5.250152587890625,3.742340087890625,1.2822265625,1.2822265625,9.2501220703125,5.6251220703125,33.74928283691406,9.605667114257812,44.916595458984375,19.21821594238281,3.5435333251953125,2.285675048828125,5.708465576171875,4.299957275390625,11.1737060546875,7.003204345703125,7.4751434326171875,4.811065673828125,151.14230346679688,53.33184814453125,471.5893859863281,35,11,2,0,6,14,3,0,0,0,3,5,4,2,175.26,185.42,170.0,32.0,33.0,0,0,0,0,0,0,0,0,0,1,0,0,0,0,0,1,0,0,0,0,0,0,0,1
Red,True,0.162109375,0.140625,0.3348828125,0.2832421875,0.0078125,0.035,0.5,1.041015625,0.5,0.5,173.857421875,57.03515625,116.361328125,26.724609375,206.6796875,86.35546875,142.8046875,46.79296875,0.0078125,0.0078125,7.068359375,0.5,151.275390625,36.306640625,102.376953125,16.552734375,4.85546875,4.16015625,7.669921875,4.419921875,17.7265625,16.568359375,6.314453125,5.751953125,156.701171875,42.31640625,107.166015625,22.71875,4.248046875,3.318359375,2.1328125,1.005859375,12.908203125,11.400390625,7.0625,3.0,196.494140625,159.75,1213.6953125,21,7,3,0,5,8,2,0,0,0,3,5,0,0,203.2,203.2,265.0,0.0,0.62548828125,0.4146905517578124,0.37500732421875,0.38353515625,0.037001953125,0.758270263671875,0.131103515625,0.00390625,0.0078125,34.27581787109375,16.538604736328125,40.63885498046875,14.042236328125,45.030670166015625,26.8668212890625,46.372833251953125,19.76058959960937,3.514892578125,1.807861328125,2.37261962890625,0.29833984375,27.814666748046875,10.53082275390625,38.74871826171875,12.69384765625,4.679168701171875,4.414764404296875,0.869384765625,0.3399658203125,1.781982421875,1.593017578125,1.020751953125,1.0084228515625,18.88482666015625,5.1368408203125,34.78985595703125,9.81756591796875,4.3892822265625,3.2645263671875,3.206298828125,1.71429443359375,11.001708984375,8.137237548828125,2.6427001953125,2.5103759765625,212.885986328125,24.470458984375,468.3432922363281,42,13,7,0,7,11,5,0,1,0,2,5,2,1,185.42,190.5,205.0,30.0,43.0,0,0,0,0,1,0,0,0,0,0,0,0,0,0,0,1,0,0,0,0,1,0,0,0
Red,False,0.75,0.0,0.445,0.2925,0.75,0.4275,0.0,1.0,0.25,0.25,42.5,19.25,50.5,15.75,54.75,30.5,96.75,60.25,2.0,0.75,3.0,1.5,32.25,11.0,36.5,8.75,5.25,4.0,7.75,4.25,5.0,4.25,6.25,2.75,23.25,9.25,29.0,6.25,16.25,8.5,16.0,6.5,3.0,1.5,5.5,3.0,58.5,168.0,430.75,5,0,0,1,2,2,1,0,0,0,0,2,0,0,172.72,177.8,170.0,0.375,0.0,0.58125,0.52375,0.7849999999999999,0.3225,0.875,2.25,0.0,0.0,69.375,41.0,15.625,6.5,187.125,151.5,23.5,13.875,5.375,4.25,2.125,0.5,60.125,33.375,9.875,1.5,5.75,4.5,1.75,1.25,3.5,3.125,4.0,3.75,20.125,9.25,10.5,2.375,6.875,3.875,5.125,4.125,42.375,27.875,0.0,0.0,606.625,75.5,781.375,10,0,4,0,4,4,0,0,0,0,2,1,1,0,182.88,187.96,170.0,26.0,29.0,0,0,0,0,0,0,0,0,0,1,0,0,0,0,0,1,0,0,0,0,1,0,0,0
Red,False,0.0,0.0,0.52,0.72,0.1,0.75,1.5,0.0,0.5,0.5,17.0,7.0,18.0,8.5,34.5,24.5,38.0,28.5,3.0,0.5,2.0,1.5,9.5,3.0,15.0,6.5,3.0,2.0,1.0,1.0,4.5,2.0,2.0,1.0,10.5,3.0,6.5,2.5,5.0,2.5,9.0,5.0,1.5,1.5,2.5,1.0,172.0,93.0,353.0,3,0,2,0,2,2,0,0,0,0,0,0,2,0,190.5,203.2,185.0,0.78125,0.8125,0.45234375,0.56046875,0.223125,0.3015625,0.078125,0.1328125,0.3125,0.0,96.671875,46.2109375,45.359375,23.234375,123.3984375,70.1875,47.8046875,25.2734375,1.546875,1.296875,0.6171875,0.3515625,76.890625,30.0,25.8671875,6.7109375,15.640625,12.328125,17.796875,14.953125,4.140625,3.8828125,1.6953125,1.5703125,72.171875,29.0546875,27.640625,8.484375,16.453125,10.8828125,17.71875,14.75,8.046875,6.2734375,0.0,0.0,145.6484375,19.578125,574.3671875,17,4,7,0,7,7,1,0,0,0,1,4,1,1,185.42,193.04,185.0,31.0,32.0,0,0,0,0,0,0,0,1,0,0,0,0,0,0,0,1,0,0,0,0,0,0,1,0
Red,False,0.0,0.0,0.47,0.4,0.0,0.66,3.0,0.0,1.0,1.0,80.0,38.0,174.0,71.0,139.0,85.0,239.0,122.0,0.0,0.0,9.0,6.0,64.0,27.0,152.0,56.0,11.0,7.0,18.0,13.0,5.0,4.0,4.0,2.0,64.0,27.0,90.0,27.0,11.0,7.0,16.0,9.0,5.0,4.0,68.0,35.0,15.0,650.0,900.0,3,0,0,1,0,0,1,0,0,0,0,0,0,0,177.8,180.34,155.0,0.0,0.0,0.0,0.47,0.0,0.0,1.0,1.0,0.0,1.0,9.0,0.0,51.0,24.0,16.0,7.0,158.0,117.0,3.0,0.0,1.0,0.0,9.0,0.0,51.0,24.0,0.0,0.0,0.0,0.0,0.0,0.0,0.0,0.0,1.0,0.0,2.0,1.0,0.0,0.0,0.0,0.0,8.0,0.0,49.0,23.0,222.0,197.0,447.0,2,0,0,1,0,0,1,0,0,0,0,0,0,0,177.8,180.34,155.0,26.0,23.0,0,0,0,0,0,0,1,0,0,0,0,0,0,0,0,1,0,0,0,0,0,0,1,0
Red,False,0.015625,0.0,0.45,0.4275,0.25,0.2,0.148468017578125,0.098388671875,0.0,0.0,66.5,29.6875,64.31230545043945,27.34375,89.75,48.0,85.53125,44.41152191162109,2.0,0.75,2.0546875,0.75,51.1875,18.3359375,49.6123046875,16.280410766601562,7.5,5.07647705078125,7.5,5.0,4.5,3.625,4.984375,3.9375,48.6875,17.0,47.11572265625,16.5,5.75,3.75,5.3125,3.4375,5.0625,3.5,3.875,2.5,99.2119140625,94.125,638.5,0,0,0,0,0,0,0,0,0,0,0,0,0,0,190.5,190.5,205.0,0.0,0.5,0.515,0.425,0.815,0.0,0.0,0.5,0.0,0.0,44.0,23.5,39.5,17.0,132.5,99.0,58.0,35.0,6.0,4.0,0.0,0.0,41.0,20.5,28.0,7.5,0.5,0.5,7.0,5.5,2.5,2.5,4.5,4.0,23.5,8.5,34.0,14.5,12.0,9.5,4.0,2.0,8.5,5.5,1.5,0.5,391.5,5.5,593.5,4,0,2,0,2,2,0,0,0,0,1,1,0,0,185.42,193.04,205.0,29.0,30.0,0,0,0,0,0,1,0,0,0,0,0,0,0,0,0,0,0,1,0,0,1,0,0,0
Red,False,1.0,0.0,0.52,0.55,1.0,0.0,0.0,0.0,0.0,0.0,57.0,30.0,58.0,32.0,63.0,36.0,59.0,33.0,1.0,1.0,2.0,0.0,47.0,21.0,52.0,28.0,7.0,7.0,6.0,4.0,3.0,2.0,0.0,0.0,34.0,13.0,33.0,15.0,8.0,5.0,25.0,17.0,15.0,12.0,0.0,0.0,33.0,11.0,247.0,1,0,1,0,1,1,0,0,0,0,0,1,0,0,182.88,182.88,185.0,0.5,0.5,0.615,0.185,0.5,0.04,0.5,0.0,0.0,0.0,113.0,60.0,90.0,23.5,122.5,68.5,93.5,27.0,0.5,0.5,6.0,0.5,99.5,46.5,83.5,18.5,7.0,7.0,4.5,3.5,6.5,6.5,2.0,1.5,89.0,41.0,81.0,18.5,14.0,10.5,5.0,3.5,10.0,8.5,4.0,1.5,125.0,75.5,539.5,4,0,2,0,2,2,0,0,0,0,1,0,1,0,182.88,182.88,170.0,28.0,24.0,0,0,0,0,0,0,0,1,0,0,0,0,0,0,0,0,0,1,0,0,1,0,0,0
Red,False,0.0,1.03125,0.389609375,0.526328125,0.145625,0.0703125,0.8046875,0.0,0.25,0.0,13.4375,6.1015625,18.6171875,11.1328125,18.4921875,10.734375,27.3203125,19.546875,1.3515625,0.71875,0.7734375,0.1328125,8.8203125,2.3515625,16.375,9.6875,1.6640625,0.8515625,2.0546875,1.2734375,2.953125,2.8984375,0.1875,0.171875,7.1953125,2.171875,9.3125,5.0703125,3.1328125,2.4453125,0.5,0.3125,3.109375,1.484375,8.8046875,5.75,74.5,49.3203125,184.09375,16,1,1,0,3,5,3,0,1,0,1,0,3,0,185.42,190.5,205.0,0.125,0.0,0.5025000000000001,0.5575,0.0625,0.68125,1.875,0.0,0.0,0.0,30.625,18.75,27.875,15.75,50.625,36.375,38.5,26.25,1.5,0.125,5.75,4.875,22.0,10.875,21.0,10.125,6.75,6.0,5.625,4.375,1.875,1.875,1.25,1.25,7.125,0.75,4.375,0.375,8.875,7.125,7.375,4.875,14.625,10.875,16.125,10.5,91.125,215.625,367.375,6,0,3,0,3,3,1,0,0,0,0,2,1,0,190.5,190.5,185.0,31.0,31.0,0,0,0,0,0,1,0,0,0,0,0,0,0,0,0,1,0,0,0,0,1,0,0,0
Red,False,0.015625,0.0,0.45,0.4275,0.25,0.2,0.148468017578125,0.098388671875,0.0,0.0,66.5,29.6875,64.31230545043945,27.34375,89.75,48.0,85.53125,44.41152191162109,2.0,0.75,2.0546875,0.75,51.1875,18.3359375,49.6123046875,16.280410766601562,7.5,5.07647705078125,7.5,5.0,4.5,3.625,4.984375,3.9375,48.6875,17.0,47.11572265625,16.5,5.75,3.75,5.3125,3.4375,5.0625,3.5,3.875,2.5,99.2119140625,94.125,638.5,0,0,0,0,0,0,0,0,0,0,0,0,0,0,182.88,182.88,170.0,0.0,0.0,0.16,0.47,0.6,0.5,0.0,3.0,0.0,2.0,106.0,18.0,46.0,22.0,129.0,41.0,125.0,97.0,15.0,9.0,2.0,1.0,101.0,14.0,37.0,13.0,1.0,1.0,4.0,4.0,4.0,3.0,5.0,5.0,37.0,1.0,28.0,14.0,3.0,1.0,10.0,6.0,66.0,16.0,8.0,2.0,430.0,69.0,811.0,3,0,0,1,0,0,1,0,0,0,0,0,0,0,172.72,180.34,155.0,29.0,22.0,0,0,0,0,0,0,1,0,0,0,0,0,0,0,0,1,0,0,0,0,1,0,0,0
Red,False,1.0,0.0,0.29,0.5,0.0,1.0,0.0,0.0,0.0,0.0,34.0,10.0,20.0,10.0,47.0,23.0,22.0,12.0,0.0,0.0,1.0,1.0,32.0,8.0,13.0,4.0,0.0,0.0,0.0,0.0,2.0,2.0,7.0,6.0,25.0,3.0,13.0,5.0,1.0,1.0,5.0,4.0,8.0,6.0,2.0,1.0,61.0,119.0,317.0,2,0,1,0,1,1,0,0,0,0,0,1,0,0,187.96,187.96,230.0,0.0471682548522949,0.0,0.45,0.4217682266235352,0.25,0.19173828125,0.1875,0.125,0.0,0.0,69.5,30.5,66.984375,27.8466796875,94.0,48.544921875,88.50390625,44.75,2.0,0.8125,2.015625,0.6640625,54.0,19.01513671875,51.483436584472656,16.9437255859375,7.91796875,5.430633544921875,7.75,5.0625,4.780975341796875,3.9373779296875,4.8994140625,3.84375,51.025390625,18.400863647460938,50.515625,17.5,5.75,3.75,5.5,3.5,5.375,3.6875,4.0,2.65625,104.865234375,89.5,655.8441009521484,0,0,0,0,0,0,0,0,0,0,0,0,0,0,187.96,185.42,230.0,24.0,32.0,0,0,0,0,1,0,0,0,0,0,0,0,0,0,0,1,0,0,0,0,0,0,1,0
Red,False,0.53125,0.3125,0.535625,0.365,0.015625,0.3325,0.0,0.375,0.125,0.0,42.4375,23.5625,27.40625,10.65625,60.375,37.5,33.0,16.21875,0.125,0.03125,1.28125,0.5625,30.96875,14.4375,21.71875,6.84375,6.375,5.4375,4.0,2.78125,5.09375,3.6875,1.6875,1.03125,13.375,6.4375,13.34375,3.0,19.28125,11.125,11.9375,5.84375,9.78125,6.0,2.125,1.8125,85.46875,76.21875,302.65625,12,0,1,0,1,3,3,0,0,0,2,1,0,0,185.42,185.42,185.0,0.0,0.5,0.745,0.8200000000000001,0.375,0.0,0.0,0.0,0.0,0.0,19.5,13.5,23.0,18.5,37.5,31.0,42.5,37.5,4.0,1.5,1.0,0.0,13.0,7.0,14.0,9.5,2.5,2.5,5.0,5.0,4.0,4.0,4.0,4.0,3.5,1.0,5.5,2.0,8.5,6.0,10.0,9.5,7.5,6.5,7.5,7.0,251.0,85.5,383.0,4,0,0,2,0,0,2,0,0,0,0,0,0,0,172.72,180.34,185.0,34.0,26.0,0,0,0,0,0,0,0,1,0,0,0,0,0,0,0,1,0,0,0,0,1,0,0,0
Red,False,0.0,1.0,0.21,0.42,0.0,0.0,0.0,0.0,0.0,0.0,25.0,5.5,11.5,5.0,25.5,6.0,11.5,5.0,0.0,0.0,0.5,0.0,19.5,1.5,11.0,4.5,0.0,0.0,0.0,0.0,5.5,4.0,0.5,0.5,23.5,5.0,6.5,1.0,1.5,0.5,1.0,1.0,0.0,0.0,4.0,3.0,0.0,2.5,200.0,3,0,0,2,0,0,2,0,0,0,0,0,0,0,175.26,185.42,185.0,0.0471682548522949,0.0,0.45,0.4217682266235352,0.25,0.19173828125,0.1875,0.125,0.0,0.0,69.5,30.5,66.984375,27.8466796875,94.0,48.544921875,88.50390625,44.75,2.0,0.8125,2.015625,0.6640625,54.0,19.01513671875,51.483436584472656,16.9437255859375,7.91796875,5.430633544921875,7.75,5.0625,4.780975341796875,3.9373779296875,4.8994140625,3.84375,51.025390625,18.400863647460938,50.515625,17.5,5.75,3.75,5.5,3.5,5.375,3.6875,4.0,2.65625,104.865234375,89.5,655.8441009521484,0,0,0,0,0,0,0,0,0,0,0,0,0,0,185.42,185.42,205.0,35.0,28.0,0,0,0,0,0,1,0,0,0,0,0,0,0,0,0,1,0,0,0,0,1,0,0,0
Red,False,1.0,0.0,0.385,0.53,0.0,0.125,0.0,1.0,0.0,0.0,49.5,14.5,52.0,21.0,50.0,15.0,63.5,32.5,0.0,0.0,2.0,0.5,44.5,12.0,41.0,12.5,1.0,0.5,3.5,2.5,4.0,2.0,7.5,6.0,45.0,13.0,42.5,15.0,2.5,1.0,6.0,3.5,2.0,0.5,3.5,2.5,45.5,56.0,346.5,3,0,0,1,1,1,1,0,0,0,0,1,0,0,182.88,177.8,185.0,0.25,0.0,0.2375,0.22375,0.125,0.465,0.0,1.0,0.125,0.125,26.375,12.5,28.125,13.25,30.75,16.875,93.125,73.875,0.625,0.25,3.375,1.5,22.125,9.375,23.75,9.875,2.375,1.625,2.5,2.0,1.875,1.5,1.875,1.375,12.625,4.625,8.125,2.875,8.5,4.625,7.25,3.125,5.25,3.25,12.75,7.25,65.375,331.25,500.875,10,1,0,4,0,0,4,0,0,0,0,0,0,0,180.34,190.5,170.0,27.0,26.0,0,0,0,0,0,0,0,1,0,0,0,0,0,0,0,1,0,0,0,0,1,0,0,0
Red,False,0.125,0.0,0.31125,0.295,0.375,0.52,1.75,1.125,0.125,0.125,59.75,15.625,60.375,20.0,98.75,53.625,89.625,47.25,1.5,0.875,6.625,5.0,47.375,9.125,54.75,15.625,10.875,5.375,3.375,2.375,1.5,1.125,2.25,2.0,48.75,10.375,44.375,12.375,4.75,2.5,7.375,3.75,6.25,2.75,8.625,3.875,108.25,367.5,781.25,11,0,1,0,1,2,2,0,0,0,1,0,1,0,187.96,187.96,205.0,0.0471682548522949,0.0,0.45,0.4217682266235352,0.25,0.19173828125,0.1875,0.125,0.0,0.0,69.5,30.5,66.984375,27.8466796875,94.0,48.544921875,88.50390625,44.75,2.0,0.8125,2.015625,0.6640625,54.0,19.01513671875,51.483436584472656,16.9437255859375,7.91796875,5.430633544921875,7.75,5.0625,4.780975341796875,3.9373779296875,4.8994140625,3.84375,51.025390625,18.400863647460938,50.515625,17.5,5.75,3.75,5.5,3.5,5.375,3.6875,4.0,2.65625,104.865234375,89.5,655.8441009521484,0,0,0,0,0,0,0,0,0,0,0,0,0,0,185.42,187.96,185.0,26.0,28.0,0,0,0,0,0,1,0,0,0,0,0,0,0,0,0,1,0,0,0,0,0,0,1,0
Red,False,0.125,0.0,0.12875,0.275,0.375,0.27,0.5,0.125,0.125,0.0,6.625,2.375,26.75,16.125,14.25,9.875,55.875,43.75,3.0,0.625,2.0,1.5,5.125,1.125,16.25,6.375,1.5,1.25,3.25,2.875,0.0,0.0,7.25,6.875,5.125,1.125,9.75,2.625,1.5,1.25,11.875,10.375,0.0,0.0,5.125,3.125,98.125,203.75,397.25,8,1,1,0,1,2,2,0,0,0,0,1,1,0,180.34,190.5,185.0,1.5,0.0,0.855,0.275,0.0,0.0,0.0,0.0,0.0,0.0,28.0,24.0,15.5,5.5,28.0,24.0,17.0,7.0,0.0,0.0,0.0,0.0,14.5,11.0,12.0,2.5,12.0,11.5,1.0,0.5,1.5,1.5,2.5,2.5,11.0,9.0,13.5,4.5,14.5,13.5,2.0,1.0,2.5,1.5,0.0,0.0,15.5,0.0,114.0,2,1,2,0,2,2,0,0,0,0,0,2,0,0,187.96,195.58,185.0,33.0,31.0,0,0,0,0,0,0,0,1,0,0,0,0,0,0,0,1,0,0,0,0,0,0,1,0
Red,False,0.0,0.0,0.0,0.5,1.0,0.0,1.0,0.0,0.0,0.0,1.0,0.0,2.0,1.0,11.0,7.0,3.0,2.0,1.0,1.0,0.0,0.0,1.0,0.0,2.0,1.0,0.0,0.0,0.0,0.0,0.0,0.0,0.0,0.0,1.0,0.0,2.0,1.0,0.0,0.0,0.0,0.0,0.0,0.0,0.0,0.0,95.0,0.0,110.0,1,0,1,0,1,1,0,0,0,0,0,0,1,0,167.64,172.72,145.0,0.0471682548522949,0.0,0.45,0.4217682266235352,0.25,0.19173828125,0.1875,0.125,0.0,0.0,69.5,30.5,66.984375,27.8466796875,94.0,48.544921875,88.50390625,44.75,2.0,0.8125,2.015625,0.6640625,54.0,19.01513671875,51.483436584472656,16.9437255859375,7.91796875,5.430633544921875,7.75,5.0625,4.780975341796875,3.9373779296875,4.8994140625,3.84375,51.025390625,18.400863647460938,50.515625,17.5,5.75,3.75,5.5,3.5,5.375,3.6875,4.0,2.65625,104.865234375,89.5,655.8441009521484,0,0,0,0,0,0,0,0,0,0,0,0,0,0,167.64,172.72,135.0,22.0,25.0,0,0,0,0,0,0,1,0,0,0,0,0,0,0,0,1,0,0,0,0,1,0,0,0
Red,False,0.015625,0.0,0.45,0.4275,0.25,0.2,0.148468017578125,0.098388671875,0.0,0.0,66.5,29.6875,64.31230545043945,27.34375,89.75,48.0,85.53125,44.41152191162109,2.0,0.75,2.0546875,0.75,51.1875,18.3359375,49.6123046875,16.280410766601562,7.5,5.07647705078125,7.5,5.0,4.5,3.625,4.984375,3.9375,48.6875,17.0,47.11572265625,16.5,5.75,3.75,5.3125,3.4375,5.0625,3.5,3.875,2.5,99.2119140625,94.125,638.5,0,0,0,0,0,0,0,0,0,0,0,0,0,0,175.26,175.26,155.0,0.0,0.0,0.4,0.47,0.66,0.0,0.0,3.0,1.0,1.0,174.0,71.0,80.0,38.0,239.0,122.0,139.0,85.0,9.0,6.0,0.0,0.0,152.0,56.0,64.0,27.0,18.0,13.0,11.0,7.0,4.0,2.0,5.0,4.0,90.0,27.0,64.0,27.0,16.0,9.0,11.0,7.0,68.0,35.0,5.0,4.0,650.0,15.0,900.0,3,0,1,0,1,1,0,0,0,0,1,0,0,0,175.26,177.8,155.0,34.0,23.0,0,0,0,0,0,0,1,0,0,0,0,0,0,0,0,0,0,1,0,0,1,0,0,0
Red,False,0.015625,0.0,0.45,0.4275,0.25,0.2,0.148468017578125,0.098388671875,0.0,0.0,66.5,29.6875,64.31230545043945,27.34375,89.75,48.0,85.53125,44.41152191162109,2.0,0.75,2.0546875,0.75,51.1875,18.3359375,49.6123046875,16.280410766601562,7.5,5.07647705078125,7.5,5.0,4.5,3.625,4.984375,3.9375,48.6875,17.0,47.11572265625,16.5,5.75,3.75,5.3125,3.4375,5.0625,3.5,3.875,2.5,99.2119140625,94.125,638.5,0,0,0,0,0,0,0,0,0,0,0,0,0,0,167.64,167.64,155.0,0.0,0.0,0.25,1.0,0.0,1.0,1.0,1.0,0.0,0.0,4.0,1.0,5.0,5.0,4.0,1.0,12.0,12.0,0.0,0.0,1.0,1.0,4.0,1.0,5.0,5.0,0.0,0.0,0.0,0.0,0.0,0.0,0.0,0.0,4.0,1.0,0.0,0.0,0.0,0.0,0.0,0.0,0.0,0.0,5.0,5.0,0.0,219.0,239.0,1,0,0,1,0,0,1,0,0,0,0,0,0,0,185.42,193.04,170.0,24.0,20.0,0,0,0,0,0,0,1,0,0,0,0,0,0,0,0,1,0,0,0,0,1,0,0,0
Red,False,0.015625,0.0,0.45,0.4275,0.25,0.2,0.148468017578125,0.098388671875,0.0,0.0,66.5,29.6875,64.31230545043945,27.34375,89.75,48.0,85.53125,44.41152191162109,2.0,0.75,2.0546875,0.75,51.1875,18.3359375,49.6123046875,16.280410766601562,7.5,5.07647705078125,7.5,5.0,4.5,3.625,4.984375,3.9375,48.6875,17.0,47.11572265625,16.5,5.75,3.75,5.3125,3.4375,5.0625,3.5,3.875,2.5,99.2119140625,94.125,638.5,0,0,0,0,0,0,0,0,0,0,0,0,0,0,177.8,177.8,185.0,0.25,0.0,0.49375,0.31,0.74625,0.0825,0.0,2.375,0.0,0.0,52.25,25.625,47.5,13.5,72.25,45.375,68.125,32.5,8.375,6.875,1.5,0.25,45.625,20.125,38.375,7.5,6.625,5.5,8.5,5.625,0.0,0.0,0.625,0.375,22.25,7.0,36.625,7.375,6.75,4.625,9.875,5.25,23.25,14.0,1.0,0.875,411.625,28.75,671.0,11,1,4,0,4,4,0,0,1,2,0,1,0,0,182.88,190.5,205.0,29.0,27.0,0,0,0,0,0,1,0,0,0,0,0,0,0,0,0,0,0,1,0,0,1,0,0,0
Red,False,0.015625,0.0,0.45,0.4275,0.25,0.2,0.148468017578125,0.098388671875,0.0,0.0,66.5,29.6875,64.31230545043945,27.34375,89.75,48.0,85.53125,44.41152191162109,2.0,0.75,2.0546875,0.75,51.1875,18.3359375,49.6123046875,16.280410766601562,7.5,5.07647705078125,7.5,5.0,4.5,3.625,4.984375,3.9375,48.6875,17.0,47.11572265625,16.5,5.75,3.75,5.3125,3.4375,5.0625,3.5,3.875,2.5,99.2119140625,94.125,638.5,0,0,0,0,0,0,0,0,0,0,0,0,0,0,193.04,198.12,250.0,0.0,0.0,0.4449999999999999,0.26,0.88,0.0,0.0,0.0,0.0,0.0,41.5,19.0,25.0,7.5,124.0,95.5,47.0,26.0,8.0,6.5,0.0,0.0,41.0,18.5,16.0,1.5,0.5,0.5,3.5,1.0,0.0,0.0,5.5,5.0,5.0,0.0,24.0,6.5,0.0,0.0,1.0,1.0,36.5,19.0,0.0,0.0,453.0,13.5,626.0,5,0,2,0,2,2,0,0,0,0,1,1,0,0,190.5,193.04,205.0,28.0,22.0,0,0,0,0,1,0,0,0,0,0,0,0,0,0,0,1,0,0,0,0,1,0,0,0
Red,False,1.0,0.0,0.2,0.5,0.0,0.0,0.0,1.0,0.0,0.0,20.0,4.0,4.0,2.0,23.0,7.0,4.0,2.0,0.0,0.0,0.0,0.0,19.0,4.0,3.0,1.0,0.0,0.0,1.0,1.0,1.0,0.0,0.0,0.0,18.0,4.0,4.0,2.0,0.0,0.0,0.0,0.0,2.0,0.0,0.0,0.0,20.0,0.0,44.0,1,0,0,1,0,0,1,0,0,0,0,0,0,0,172.72,172.72,170.0,0.0,1.0,0.39,0.485,0.375,0.5,0.0,1.0,0.0,0.0,68.0,26.5,85.5,42.0,86.0,43.0,118.0,71.0,5.0,1.5,0.5,0.5,51.0,13.0,67.5,26.0,8.5,7.0,12.5,10.5,8.5,6.5,5.5,5.5,51.0,14.0,56.5,22.0,13.5,10.0,21.0,16.0,3.5,2.5,8.0,4.0,113.5,173.5,669.0,5,0,0,2,0,0,2,0,0,0,0,0,0,0,175.26,182.88,155.0,26.0,30.0,0,0,0,0,0,0,0,0,0,1,0,0,0,0,0,1,0,0,0,0,0,0,1,0
Red,False,0.0,0.0,0.5,0.36,0.5,0.0,2.0,1.0,0.0,0.0,52.0,26.0,36.0,13.0,125.0,93.0,52.0,28.0,4.0,2.0,0.0,0.0,49.0,23.0,31.0,8.0,2.0,2.0,5.0,5.0,1.0,1.0,0.0,0.0,13.0,2.0,24.0,3.0,1.0,1.0,10.0,8.0,38.0,23.0,2.0,2.0,452.0,26.0,582.0,2,0,1,0,1,1,0,0,0,0,0,0,1,0,170.18,177.8,155.0,0.5,0.0625,0.44375,0.380625,0.6875,0.275,1.0,0.125,0.0,0.0,60.375,27.8125,66.5625,23.4375,96.0625,61.3125,82.4375,38.1875,1.375,1.0,8.5,0.875,50.4375,20.0,50.1875,9.8125,8.1875,6.0625,9.375,8.25,1.75,1.75,7.0,5.375,43.125,15.1875,46.625,9.625,14.0625,10.625,14.75,10.5625,3.1875,2.0,5.1875,3.25,150.875,122.5625,649.375,12,0,0,1,2,3,2,0,0,1,1,0,1,0,175.26,175.26,155.0,25.0,30.0,0,0,0,0,0,0,1,0,0,0,0,0,0,0,0,1,0,0,0,0,1,0,0,0
Red,False,0.015625,0.0,0.45,0.4275,0.25,0.2,0.148468017578125,0.098388671875,0.0,0.0,66.5,29.6875,64.31230545043945,27.34375,89.75,48.0,85.53125,44.41152191162109,2.0,0.75,2.0546875,0.75,51.1875,18.3359375,49.6123046875,16.280410766601562,7.5,5.07647705078125,7.5,5.0,4.5,3.625,4.984375,3.9375,48.6875,17.0,47.11572265625,16.5,5.75,3.75,5.3125,3.4375,5.0625,3.5,3.875,2.5,99.2119140625,94.125,638.5,0,0,0,0,0,0,0,0,0,0,0,0,0,0,180.34,180.34,170.0,0.5,0.25,0.53375,0.45875,0.4925,0.3525,0.375,0.75,0.0,0.5,54.5,23.875,33.25,16.125,67.125,36.5,70.5,51.875,4.375,2.375,2.5,1.25,41.125,12.25,29.0,13.125,6.0,4.5,2.875,1.75,7.375,7.125,1.375,1.25,29.875,8.5,15.0,5.375,19.25,12.5,9.25,5.0,5.375,2.875,9.0,5.75,249.75,173.875,610.25,7,0,2,0,2,3,1,0,0,0,1,1,1,0,177.8,182.88,170.0,25.0,26.0,0,0,0,0,0,0,0,0,0,1,0,0,0,0,0,1,0,0,0,0,1,0,0,0
Red,False,0.0,0.0,0.5,0.5,0.0,1.0,0.0,1.0,1.0,1.0,10.0,5.0,26.0,13.0,12.0,7.0,36.0,22.0,0.0,0.0,1.0,1.0,7.0,2.0,25.0,12.0,3.0,3.0,1.0,1.0,0.0,0.0,0.0,0.0,5.0,2.0,4.0,1.0,3.0,3.0,1.0,1.0,2.0,0.0,21.0,11.0,36.0,163.0,239.0,1,0,0,1,0,0,1,0,0,0,0,0,0,0,187.96,187.96,185.0,0.0,0.0,0.7849999999999999,0.675,0.5,0.0,1.0,4.0,1.0,1.5,29.5,17.5,23.0,15.0,49.5,36.5,38.5,30.0,6.0,3.0,0.5,0.0,21.0,10.0,15.0,8.0,7.5,6.5,5.0,5.0,1.0,1.0,3.0,2.0,7.5,2.5,8.0,3.5,1.5,1.0,7.0,5.5,20.5,14.0,8.0,6.0,331.5,131.0,531.5,4,1,0,2,0,0,2,0,0,0,0,0,0,0,185.42,195.58,205.0,24.0,26.0,0,0,0,0,0,0,0,1,0,0,0,0,0,0,0,0,0,1,0,0,1,0,0,0
Red,False,0.75,0.0,0.6425,0.3775,0.08625,0.35625,0.5625,1.0,0.125,0.0,43.0625,22.25,44.875,16.0,59.25,37.875,62.3125,29.5625,1.25,0.5625,3.9375,1.5625,32.4375,13.75,37.6875,10.875,7.875,6.1875,4.375,2.9375,2.75,2.3125,2.8125,2.1875,23.3125,9.1875,22.3125,5.5625,13.6875,9.125,7.0,4.6875,6.0625,3.9375,15.5625,5.75,72.0625,197.8125,407.4375,9,0,2,0,2,4,1,0,0,0,0,2,1,1,170.18,172.72,155.0,0.125,0.0,0.4209374999999999,0.2690625,0.460625,0.366875,2.375,0.125,1.125,0.125,62.0,26.125,86.4375,21.03125,120.71875,82.0,112.09375,45.65625,5.09375,2.0,8.03125,4.78125,52.75,17.6875,75.15625,11.5625,4.46875,4.34375,1.65625,1.21875,4.78125,4.09375,9.625,8.25,46.53125,18.21875,43.34375,7.34375,9.1875,5.65625,4.625,2.875,6.28125,2.25,38.46875,10.8125,107.28125,306.0,778.6875,17,0,2,0,2,4,2,0,0,0,1,1,2,0,167.64,180.34,155.0,30.0,32.0,0,0,0,0,0,0,1,0,0,0,0,0,0,0,0,0,0,1,0,0,1,0,0,0
Red,False,0.0,0.0,0.485,0.36,0.145,0.0,2.0,0.0,0.5,0.0,26.5,12.5,34.5,13.5,47.0,31.5,39.0,18.0,9.0,2.5,0.0,0.0,23.0,10.0,30.0,10.0,1.5,1.0,2.0,1.0,2.0,1.5,2.5,2.5,17.0,7.0,29.5,11.5,4.5,1.5,5.0,2.0,5.0,4.0,0.0,0.0,174.0,193.5,520.0,4,0,2,0,2,2,0,0,0,0,1,0,1,0,185.42,190.5,185.0,0.0,0.25,0.4575,0.275,0.8300000000000001,0.0625,2.0,0.0,0.75,0.0,55.0,25.75,45.5,14.25,70.5,40.0,74.0,42.75,3.25,2.75,2.75,0.5,40.75,14.25,34.0,6.75,4.0,3.0,4.75,2.75,10.25,8.5,6.75,4.75,40.75,17.75,41.5,12.75,3.75,2.0,1.5,0.75,10.5,6.0,2.5,0.75,284.0,50.0,637.0,8,0,3,0,3,3,0,0,0,0,2,0,1,0,182.88,187.96,185.0,30.0,27.0,0,0,0,0,0,0,0,1,0,0,0,0,0,0,0,1,0,0,0,0,1,0,0,0
Red,False,0.0,0.0,0.51,0.42,0.6,0.0,0.0,2.0,0.0,0.0,31.0,16.0,42.0,18.0,88.0,70.0,94.0,70.0,10.0,6.0,2.0,0.0,20.0,6.0,20.0,4.0,11.0,10.0,4.0,4.0,0.0,0.0,18.0,10.0,1.0,0.0,36.0,13.0,1.0,0.0,5.0,5.0,29.0,16.0,1.0,0.0,542.0,165.0,900.0,3,0,1,0,1,1,0,0,0,1,0,0,0,0,182.88,185.42,205.0,1.0,0.0,0.47,0.325,0.485,0.0,1.0,0.0,0.0,0.5,43.0,19.5,39.0,13.0,74.0,48.5,47.5,21.5,6.5,2.5,0.5,0.0,34.5,12.0,34.5,10.5,2.0,2.0,3.5,2.0,6.5,5.5,1.0,0.5,26.5,9.5,33.0,11.0,3.5,2.5,5.5,2.0,13.0,7.5,0.5,0.0,217.0,21.5,601.5,5,0,2,0,2,2,0,0,0,0,0,2,0,0,187.96,193.04,242.0,25.0,27.0,0,0,0,0,1,0,0,0,0,0,0,0,0,0,0,1,0,0,0,0,1,0,0,0
Red,False,0.5625,0.5,0.3553125,0.59125,0.42,0.5390625,0.03125,0.0625,0.0,0.0,27.140625,10.859375,17.75,10.640625,59.359375,42.265625,22.78125,15.671875,2.03125,1.21875,1.1875,0.546875,20.671875,7.5625,14.78125,8.390625,5.359375,2.96875,0.828125,0.625,1.109375,0.328125,2.140625,1.625,9.359375,2.421875,10.796875,6.71875,9.828125,4.546875,4.609375,2.625,7.953125,3.890625,2.34375,1.296875,155.703125,58.046875,320.734375,12,0,5,0,5,6,1,0,0,1,1,3,1,0,180.34,185.42,185.0,0.0,0.0,0.71,1.0,0.0,0.5,2.0,0.0,1.0,1.0,7.0,5.0,2.0,2.0,16.0,14.0,5.0,5.0,1.0,0.0,2.0,1.0,5.0,4.0,0.0,0.0,0.0,0.0,0.0,0.0,2.0,1.0,2.0,2.0,4.0,2.0,2.0,2.0,0.0,0.0,0.0,0.0,3.0,3.0,0.0,0.0,57.0,78.0,163.0,1,0,1,0,1,1,0,0,0,0,0,0,1,0,190.5,203.2,185.0,26.0,31.0,0,0,0,0,0,0,0,1,0,0,0,0,0,0,0,0,0,1,0,0,1,0,0,0
Red,False,0.0,0.0,0.7,0.5,0.0,0.0,2.0,0.0,0.0,0.0,10.0,7.0,4.0,2.0,24.0,21.0,8.0,6.0,0.0,0.0,1.0,0.0,4.0,2.0,3.0,1.0,1.0,1.0,0.0,0.0,5.0,4.0,1.0,1.0,7.0,4.0,4.0,2.0,1.0,1.0,0.0,0.0,2.0,2.0,0.0,0.0,89.0,0.0,146.0,1,0,1,0,1,1,0,0,0,0,0,0,1,0,190.5,193.04,185.0,2.0,0.0,0.67,0.36,0.8,0.0,4.0,0.0,0.0,1.0,61.0,41.0,22.0,8.0,72.0,52.0,30.0,16.0,5.0,4.0,1.0,0.0,43.0,25.0,19.0,5.0,14.0,13.0,3.0,3.0,4.0,3.0,0.0,0.0,17.0,9.0,12.0,3.0,26.0,19.0,8.0,5.0,18.0,13.0,2.0,0.0,329.0,53.0,554.0,2,1,1,0,1,1,0,0,0,0,0,1,0,0,185.42,190.5,185.0,29.0,27.0,0,0,0,0,0,1,0,0,0,0,0,0,0,0,0,1,0,0,0,0,1,0,0,0
Red,False,0.125,0.0,0.40625,0.37875,0.07625,0.0625,0.125,0.0,0.0,0.0,168.0,65.4375,126.0625,41.625,179.8125,75.5,137.5625,51.875,0.625,0.1875,3.0,0.75,136.1875,44.8125,114.375,34.8125,6.75,4.625,5.75,2.6875,25.0625,16.0,5.9375,4.125,156.0,58.25,111.75,33.875,11.4375,6.6875,2.3125,1.25,0.5625,0.5,12.0,6.5,30.125,76.4375,766.125,11,1,3,0,3,4,1,0,0,0,2,1,1,0,190.5,195.58,205.0,0.125,0.25,0.38125,0.3512499999999999,0.5,0.34125,0.0,0.25,0.0,0.0,162.25,60.125,98.375,36.625,177.5,74.375,106.125,44.125,0.75,0.5,4.0,1.375,133.625,35.75,77.25,18.25,8.0,6.75,4.25,4.0,20.625,17.625,16.875,14.375,146.0,51.875,92.375,32.75,9.75,5.75,4.625,2.625,6.5,2.5,1.375,1.25,23.5,120.875,851.0,11,0,2,0,2,3,1,0,0,0,2,1,0,0,187.96,193.04,185.0,27.0,31.0,0,0,0,0,0,1,0,0,0,0,0,0,0,0,0,1,0,0,0,0,1,0,0,0
Red,True,0.0001220703125,0.015869140625,0.6898630523681641,0.099095458984375,0.6647547912597656,0.00546875,0.00439453125,0.0626602172851562,0.0,0.06256103515625,39.62581634521485,23.25765991210937,27.58129119873047,9.918838500976562,68.92501831054688,49.400367736816406,38.95195770263672,20.24678039550781,3.649993896484375,1.4777069091796875,0.1407546997070312,0.064453125,35.863861083984375,20.14531707763672,25.633323669433597,8.747787475585938,1.4879684448242188,1.3539810180664062,0.64324951171875,0.494873046875,2.27398681640625,1.75836181640625,1.304718017578125,0.676177978515625,11.978591918945312,4.7872467041015625,24.24921417236328,7.939163208007812,3.25408935546875,3.0480194091796875,1.292694091796875,0.7371673583984375,24.39313507080078,15.422393798828123,2.0393829345703125,1.2425079345703125,181.96856689453125,24.47894287109375,311.85819244384766,43,9,1,0,6,14,4,0,0,2,3,7,1,1,190.5,187.96,205.0,1.647216796875,0.0,0.530679931640625,0.2194058227539062,0.031280517578125,0.0903131103515625,0.0,0.007904052734375,0.007843017578125,0.0,54.83538818359375,23.7637939453125,25.449676513671875,7.768646240234375,57.72311401367188,26.649444580078125,25.55908203125,7.8604736328125,0.03912353515625,0.03131103515625,1.88006591796875,0.288330078125,51.6380615234375,21.36215209960937,21.924560546875,5.122467041015625,2.150115966796875,1.37457275390625,1.070220947265625,0.4637451171875,1.047210693359375,1.027069091796875,2.45489501953125,2.18243408203125,41.90133666992188,15.688751220703123,24.492431640625,7.23193359375,0.81573486328125,0.52239990234375,0.70379638671875,0.43658447265625,12.118316650390623,7.552642822265625,0.253448486328125,0.100128173828125,26.5806884765625,16.3699951171875,308.43902587890625,31,5,1,0,7,14,2,0,0,0,5,8,0,1,187.96,193.04,205.0,31.0,37.0,0,0,0,0,0,1,0,0,0,0,0,0,0,0,0,1,0,0,0,0,1,0,0,0
Red,False,0.0,1.0,0.45,0.21,0.0,0.08,0.5,0.0,0.0,0.0,63.5,26.0,60.5,13.5,67.0,29.5,68.0,19.5,0.5,0.0,3.0,0.5,60.0,22.5,53.0,9.5,3.0,3.0,4.5,2.0,0.5,0.5,3.0,2.0,52.0,20.0,46.0,8.0,11.0,6.0,3.5,1.0,0.5,0.0,11.0,4.5,38.0,97.0,472.0,4,0,2,0,2,2,0,0,0,0,1,0,1,0,187.96,195.58,185.0,0.0,0.0,0.38,0.33,0.65,0.0,0.5,0.5,0.0,0.5,61.5,25.5,45.5,13.5,95.0,56.0,55.0,22.5,6.5,4.0,2.5,0.0,55.5,19.5,32.5,4.5,3.5,3.5,2.5,0.5,2.5,2.5,10.5,8.5,42.0,12.0,39.5,7.5,5.0,4.5,6.0,6.0,14.5,9.0,0.0,0.0,315.5,111.5,800.0,6,0,2,0,2,2,0,0,0,0,1,1,0,0,187.96,190.5,170.0,30.0,25.0,0,0,0,0,0,0,0,1,0,0,0,0,0,0,0,1,0,0,0,0,0,0,1,0
Red,False,0.0,0.0,0.4649999999999999,0.295,0.125,0.85,0.25,0.25,0.0,0.0,71.0,30.75,59.0,17.0,89.75,48.25,127.25,81.0,3.5,0.25,2.5,1.75,52.75,13.0,49.25,8.25,5.0,5.0,7.0,6.25,13.25,12.75,2.75,2.5,57.25,20.0,47.25,8.0,4.25,3.25,6.0,5.5,9.5,7.5,5.75,3.5,95.5,237.0,603.0,6,0,2,0,2,2,1,0,0,0,0,1,1,0,193.04,193.04,232.0,0.44140625,0.251953125,0.3224218749999999,0.36462890625,0.0009765625,0.000244140625,0.064453125,0.0009765625,0.0,0.0009765625,175.83203125,39.2275390625,141.6513671875,52.4375,177.9873046875,40.6171875,142.8095703125,53.595703125,0.501953125,0.0009765625,0.1181640625,0.001953125,155.03125,23.6669921875,124.919921875,37.7607421875,9.416015625,4.853515625,4.5126953125,3.5048828125,11.384765625,10.70703125,12.21875,11.171875,171.1162109375,36.9716796875,134.45703125,46.3818359375,4.3486328125,2.037109375,5.6591796875,4.5283203125,0.3671875,0.21875,1.53515625,1.52734375,3.2216796875,23.9619140625,818.91015625,20,5,1,0,6,7,4,0,0,0,0,5,2,0,190.5,195.58,240.0,28.0,27.0,0,0,0,0,1,0,0,0,0,0,0,0,0,0,0,1,0,0,0,0,1,0,0,0
Red,False,0.0,0.25,0.6637500000000001,0.51375,0.625,0.0,0.75,0.875,0.0,0.125,10.125,6.375,6.5,3.0,27.5,23.75,22.375,18.25,1.125,1.125,0.375,0.0,9.5,6.0,5.0,1.5,0.375,0.125,0.0,0.0,0.25,0.25,1.5,1.5,1.875,0.25,5.875,2.5,0.875,0.5,0.125,0.0,7.375,5.625,0.5,0.5,188.375,71.375,318.875,7,0,2,0,2,3,1,0,0,0,1,0,2,0,182.88,177.8,170.0,0.125,0.25,0.586875,0.385,0.375,0.31875,0.75,0.8125,0.0,0.0625,78.625,34.8125,67.0,22.4375,96.1875,50.6875,85.375,39.75,0.5,0.5,6.25,1.8125,52.875,15.1875,61.3125,18.625,7.5625,6.4375,3.625,2.1875,18.1875,13.1875,2.0625,1.625,55.75,21.75,41.8125,6.6875,12.9375,8.5,9.0625,4.375,9.9375,4.5625,16.125,11.375,74.3125,269.3125,661.5,9,0,0,1,2,3,2,0,0,0,1,2,0,0,175.26,177.8,170.0,32.0,23.0,0,0,0,0,0,0,0,0,0,1,0,0,0,0,0,0,0,1,0,0,1,0,0,0
Red,False,0.0,1.0,0.47,0.69,0.0,0.0,0.0,0.0,0.0,1.0,17.0,8.0,26.0,18.0,19.0,10.0,33.0,25.0,0.0,0.0,2.0,0.0,12.0,3.0,22.0,14.0,3.0,3.0,2.0,2.0,2.0,2.0,2.0,2.0,12.0,4.0,4.0,1.0,5.0,4.0,13.0,9.0,0.0,0.0,9.0,8.0,9.0,64.0,162.0,1,0,0,1,0,0,1,0,0,0,0,0,0,0,190.5,190.5,205.0,0.0,1.0,0.0,0.77,0.25,0.0,1.0,0.0,0.0,0.0,5.0,0.0,22.0,17.0,12.0,7.0,32.0,27.0,4.0,1.0,0.0,0.0,5.0,0.0,17.0,12.0,0.0,0.0,4.0,4.0,0.0,0.0,1.0,1.0,4.0,0.0,6.0,3.0,0.0,0.0,16.0,14.0,1.0,0.0,0.0,0.0,43.0,78.0,171.0,1,0,0,1,0,0,1,0,0,0,0,0,0,0,187.96,195.58,234.0,34.0,31.0,0,0,0,0,1,0,0,0,0,0,0,0,0,0,0,1,0,0,0,0,1,0,0,0
Red,False,0.015625,0.0,0.45,0.4275,0.25,0.2,0.148468017578125,0.098388671875,0.0,0.0,66.5,29.6875,64.31230545043945,27.34375,89.75,48.0,85.53125,44.41152191162109,2.0,0.75,2.0546875,0.75,51.1875,18.3359375,49.6123046875,16.280410766601562,7.5,5.07647705078125,7.5,5.0,4.5,3.625,4.984375,3.9375,48.6875,17.0,47.11572265625,16.5,5.75,3.75,5.3125,3.4375,5.0625,3.5,3.875,2.5,99.2119140625,94.125,638.5,0,0,0,0,0,0,0,0,0,0,0,0,0,0,182.88,182.88,205.0,0.0,0.0,0.5,1.0,1.0,0.0,3.0,0.0,0.0,0.0,6.0,3.0,2.0,2.0,22.0,19.0,13.0,13.0,1.0,1.0,0.0,0.0,6.0,3.0,1.0,1.0,0.0,0.0,1.0,1.0,0.0,0.0,0.0,0.0,0.0,0.0,1.0,1.0,0.0,0.0,1.0,1.0,6.0,3.0,0.0,0.0,140.0,2.0,152.0,1,0,1,0,1,1,0,0,0,0,0,0,1,0,180.34,182.88,205.0,29.0,30.0,0,0,0,0,0,1,0,0,0,0,0,0,0,0,0,1,0,0,0,0,1,0,0,0
Red,False,0.015625,0.0,0.45,0.4275,0.25,0.2,0.148468017578125,0.098388671875,0.0,0.0,66.5,29.6875,64.31230545043945,27.34375,89.75,48.0,85.53125,44.41152191162109,2.0,0.75,2.0546875,0.75,51.1875,18.3359375,49.6123046875,16.280410766601562,7.5,5.07647705078125,7.5,5.0,4.5,3.625,4.984375,3.9375,48.6875,17.0,47.11572265625,16.5,5.75,3.75,5.3125,3.4375,5.0625,3.5,3.875,2.5,99.2119140625,94.125,638.5,0,0,0,0,0,0,0,0,0,0,0,0,0,0,182.88,182.88,170.0,0.5,0.0625,0.624375,0.44125,0.8715625,0.25,0.90625,1.59375,0.25,0.25,34.96875,23.9375,11.1875,4.34375,60.40625,46.90625,15.03125,8.1875,3.03125,2.21875,0.75,0.25,29.65625,19.40625,6.90625,1.4375,4.5,4.0,1.0625,0.75,0.8125,0.53125,3.21875,2.15625,9.03125,3.1875,9.8125,3.46875,0.25,0.0,0.875,0.625,25.6875,20.75,0.5,0.25,354.46875,9.5,442.0625,10,0,2,0,3,5,1,0,0,0,1,2,2,0,177.8,185.42,170.0,31.0,29.0,0,0,0,0,0,0,0,0,0,1,0,0,0,0,0,1,0,0,0,0,1,0,0,0
Red,False,0.0,0.375,0.335625,0.6212500000000001,0.5625,0.3475,2.8125,0.5,0.625,0.5,36.875,15.1875,41.6875,26.6875,55.5,33.0,80.5625,60.875,0.5625,0.5625,6.3125,2.75,24.6875,6.375,31.875,18.0625,3.375,2.625,9.625,8.4375,8.8125,6.1875,0.1875,0.1875,25.9375,8.125,15.0625,6.0625,7.0,4.8125,1.625,0.625,3.9375,2.25,25.0,20.0,81.125,408.25,647.5,14,2,2,0,2,2,3,0,0,0,2,0,0,0,177.8,177.8,170.0,0.5,0.0,0.43,0.395,0.5,0.855,0.0,0.0,0.5,0.5,35.0,15.5,59.0,23.5,50.5,30.0,151.5,112.5,3.0,0.5,4.0,3.0,24.5,8.0,43.0,15.5,5.5,3.0,13.5,6.5,5.0,4.5,2.5,1.5,11.5,4.5,17.0,4.5,22.5,10.0,31.0,13.0,1.0,1.0,11.0,6.0,84.0,336.0,577.5,4,0,0,1,1,1,1,0,0,0,0,1,0,0,172.72,177.8,170.0,32.0,25.0,0,0,0,0,0,0,0,0,0,1,0,0,0,0,0,1,0,0,0,0,1,0,0,0
Red,False,0.5,0.5,0.55,0.2,1.0,0.25,0.0,0.0,0.0,0.0,13.5,7.5,14.0,4.5,18.0,12.0,22.0,12.5,1.0,1.0,1.5,0.5,12.0,6.5,10.5,3.0,0.5,0.5,3.0,1.5,1.0,0.5,0.5,0.0,6.0,3.0,6.5,1.5,1.5,1.5,3.5,1.5,6.0,3.0,4.0,1.5,70.0,73.0,234.0,3,0,1,0,1,1,1,0,0,0,0,1,0,0,185.42,190.5,170.0,0.0,0.0,0.14,0.25,0.0,0.55,0.0,0.0,1.0,0.0,55.0,8.0,47.0,12.0,66.0,18.0,97.0,59.0,1.0,0.0,9.0,5.0,48.0,5.0,44.0,9.0,2.0,0.0,0.0,0.0,5.0,3.0,3.0,3.0,54.0,7.0,38.0,7.0,1.0,1.0,0.0,0.0,0.0,0.0,9.0,5.0,100.0,385.0,900.0,3,0,0,1,0,0,1,0,0,0,0,0,0,0,187.96,190.5,185.0,26.0,22.0,0,0,0,0,0,0,0,1,0,0,0,0,0,0,0,1,0,0,0,0,1,0,0,0
Red,False,0.0,0.125,0.2890625,0.2135937499999999,0.6034375,0.0825,0.53125,0.515625,0.046875,0.546875,19.625,8.203125,18.53125,6.71875,22.890625,11.296875,37.140625,24.359375,2.09375,0.953125,1.125,0.125,17.78125,6.65625,13.75,3.34375,1.53125,1.234375,3.078125,2.203125,0.3125,0.3125,1.703125,1.171875,11.96875,4.078125,12.40625,2.59375,5.421875,3.03125,5.125,3.5,2.234375,1.09375,1.0,0.625,53.328125,61.875,244.515625,11,0,1,0,1,4,3,0,0,0,1,1,1,1,182.88,177.8,185.0,0.0,0.0,0.46625,0.3775,0.63375,0.5,0.6875,0.375,0.5,0.125,87.9375,43.4375,65.125,24.1875,129.3125,77.5,104.0625,60.0,7.375,2.625,5.625,4.75,69.5,26.625,64.1875,23.5,18.4375,16.8125,0.375,0.125,0.0,0.0,0.5625,0.5625,41.625,11.6875,44.6875,15.375,11.0,8.5,7.6875,4.0,35.3125,23.25,12.75,4.8125,316.6875,154.1875,824.0625,12,1,5,0,5,5,0,0,0,0,3,2,0,0,177.8,182.88,170.0,24.0,24.0,0,0,0,0,0,0,0,0,0,1,0,0,0,0,0,0,0,1,0,0,0,0,1,0
Red,False,0.25,1.25,0.36875,0.5575,0.165625,0.26875,0.0,0.4375,0.3125,0.25,30.0625,11.75,25.75,14.375,42.3125,22.75,63.9375,51.5,1.125,0.75,2.125,0.5,17.75,3.625,19.875,10.5625,5.1875,3.3125,3.5625,2.875,7.125,4.8125,2.3125,0.9375,21.5,7.1875,13.875,6.5,6.0,3.625,8.0625,4.625,2.5625,0.9375,3.8125,3.25,99.375,125.1875,380.375,10,0,3,0,3,3,2,0,0,0,2,1,0,0,177.8,177.8,170.0,0.0,0.0,0.42,0.375,0.0,0.5,0.5,0.5,0.0,0.0,33.0,18.0,28.5,12.0,86.5,66.5,38.0,20.0,0.5,0.0,1.5,1.5,23.5,10.0,24.0,9.0,4.5,4.0,2.5,1.5,5.0,4.0,2.0,1.5,12.0,3.0,12.0,3.0,12.0,10.0,4.5,2.0,9.0,5.0,12.0,7.0,94.5,108.0,386.5,3,0,0,1,1,1,1,0,0,0,0,0,1,0,177.8,177.8,170.0,34.0,33.0,0,0,0,0,0,0,0,0,0,1,0,0,0,0,0,0,0,1,0,0,0,0,1,0
Red,False,0.125,0.0,0.3974999999999999,0.5487500000000001,0.54125,0.4,1.5625,0.3125,0.5,0.0,22.3125,10.375,29.5,16.0625,54.9375,40.25,82.3125,64.375,0.6875,0.625,5.375,3.25,17.375,6.25,20.75,8.375,2.75,2.3125,5.6875,5.125,2.1875,1.8125,3.0625,2.5625,15.4375,5.1875,11.75,3.625,2.6875,2.0625,6.75,4.6875,4.1875,3.125,11.0,7.75,32.4375,327.625,488.6875,9,0,0,1,2,3,2,0,0,0,0,0,3,0,177.8,177.8,155.0,0.0,0.125,0.44890625,0.47484375,0.7935937500000001,0.83984375,0.453125,0.6875,0.03125,0.9375,76.421875,32.375,69.484375,39.09375,115.578125,66.09375,112.296875,76.234375,8.125,6.765625,2.203125,2.0,74.703125,31.046875,51.125,21.78125,1.484375,1.109375,17.140625,16.234375,0.234375,0.21875,1.21875,1.078125,37.078125,13.421875,34.328125,12.59375,7.6875,3.765625,11.859375,8.796875,31.65625,15.1875,23.296875,17.703125,305.59375,173.078125,735.5625,17,0,1,0,4,5,2,0,0,1,2,1,1,0,177.8,182.88,170.0,26.0,24.0,0,0,0,0,0,0,0,0,0,1,0,0,0,0,0,1,0,0,0,0,1,0,0,0
Red,False,0.015625,0.0,0.45,0.4275,0.25,0.2,0.148468017578125,0.098388671875,0.0,0.0,66.5,29.6875,64.31230545043945,27.34375,89.75,48.0,85.53125,44.41152191162109,2.0,0.75,2.0546875,0.75,51.1875,18.3359375,49.6123046875,16.280410766601562,7.5,5.07647705078125,7.5,5.0,4.5,3.625,4.984375,3.9375,48.6875,17.0,47.11572265625,16.5,5.75,3.75,5.3125,3.4375,5.0625,3.5,3.875,2.5,99.2119140625,94.125,638.5,0,0,0,0,0,0,0,0,0,0,0,0,0,0,180.34,185.42,170.0,0.0,0.0,0.7,0.51,0.25,0.71,3.0,2.0,0.0,0.0,20.0,14.0,49.0,25.0,25.0,19.0,170.0,146.0,4.0,1.0,7.0,5.0,6.0,1.0,42.0,19.0,2.0,2.0,4.0,4.0,12.0,11.0,3.0,2.0,6.0,1.0,13.0,5.0,14.0,13.0,7.0,4.0,0.0,0.0,29.0,16.0,176.0,609.0,900.0,3,0,0,1,0,0,1,0,0,0,0,0,0,0,180.34,180.34,170.0,22.0,29.0,0,0,0,0,0,0,0,0,0,1,0,0,0,0,0,0,0,1,0,0,0,0,1,0
Red,False,0.015625,0.0,0.45,0.4275,0.25,0.2,0.148468017578125,0.098388671875,0.0,0.0,66.5,29.6875,64.31230545043945,27.34375,89.75,48.0,85.53125,44.41152191162109,2.0,0.75,2.0546875,0.75,51.1875,18.3359375,49.6123046875,16.280410766601562,7.5,5.07647705078125,7.5,5.0,4.5,3.625,4.984375,3.9375,48.6875,17.0,47.11572265625,16.5,5.75,3.75,5.3125,3.4375,5.0625,3.5,3.875,2.5,99.2119140625,94.125,638.5,0,0,0,0,0,0,0,0,0,0,0,0,0,0,182.88,182.88,170.0,0.0471682548522949,0.0,0.45,0.4217682266235352,0.25,0.19173828125,0.1875,0.125,0.0,0.0,69.5,30.5,66.984375,27.8466796875,94.0,48.544921875,88.50390625,44.75,2.0,0.8125,2.015625,0.6640625,54.0,19.01513671875,51.483436584472656,16.9437255859375,7.91796875,5.430633544921875,7.75,5.0625,4.780975341796875,3.9373779296875,4.8994140625,3.84375,51.025390625,18.400863647460938,50.515625,17.5,5.75,3.75,5.5,3.5,5.375,3.6875,4.0,2.65625,104.865234375,89.5,655.8441009521484,0,0,0,0,0,0,0,0,0,0,0,0,0,0,187.96,187.96,185.0,29.0,21.0,0,0,0,0,0,0,0,1,0,0,0,0,0,0,0,1,0,0,0,0,1,0,0,0
Red,False,0.015625,0.0,0.45,0.4275,0.25,0.2,0.148468017578125,0.098388671875,0.0,0.0,66.5,29.6875,64.31230545043945,27.34375,89.75,48.0,85.53125,44.41152191162109,2.0,0.75,2.0546875,0.75,51.1875,18.3359375,49.6123046875,16.280410766601562,7.5,5.07647705078125,7.5,5.0,4.5,3.625,4.984375,3.9375,48.6875,17.0,47.11572265625,16.5,5.75,3.75,5.3125,3.4375,5.0625,3.5,3.875,2.5,99.2119140625,94.125,638.5,0,0,0,0,0,0,0,0,0,0,0,0,0,0,170.18,170.18,155.0,0.0,0.75,0.5325,0.3875,0.6375,0.25,1.75,1.25,0.25,0.0,50.75,26.75,67.25,25.5,103.0,72.5,91.75,48.0,5.75,3.25,0.25,0.25,43.5,21.5,63.25,22.25,4.5,2.5,3.5,2.75,2.75,2.75,0.5,0.5,18.5,6.75,41.75,12.5,3.0,2.0,2.25,1.5,29.25,18.0,23.25,11.5,356.75,169.5,750.0,8,1,1,0,1,2,1,0,0,0,1,0,0,1,170.18,177.8,145.0,34.0,24.0,0,0,0,0,0,0,1,0,0,0,0,0,0,0,0,0,0,1,0,0,1,0,0,0
Red,False,0.015625,0.0,0.45,0.4275,0.25,0.2,0.148468017578125,0.098388671875,0.0,0.0,66.5,29.6875,64.31230545043945,27.34375,89.75,48.0,85.53125,44.41152191162109,2.0,0.75,2.0546875,0.75,51.1875,18.3359375,49.6123046875,16.280410766601562,7.5,5.07647705078125,7.5,5.0,4.5,3.625,4.984375,3.9375,48.6875,17.0,47.11572265625,16.5,5.75,3.75,5.3125,3.4375,5.0625,3.5,3.875,2.5,99.2119140625,94.125,638.5,0,0,0,0,0,0,0,0,0,0,0,0,0,0,182.88,182.88,205.0,0.25,0.25,0.7525,0.595,0.0,0.7050000000000001,0.0,1.0,0.0,0.0,6.25,4.75,9.5,6.5,8.5,7.0,30.75,26.75,0.0,0.0,2.75,1.75,3.0,1.5,7.75,4.75,2.0,2.0,1.75,1.75,1.25,1.25,0.0,0.0,4.0,2.5,3.5,1.25,2.25,2.25,1.5,1.25,0.0,0.0,4.5,4.0,2.5,214.0,241.0,4,0,0,1,1,1,2,0,0,0,0,1,0,0,187.96,190.5,205.0,30.0,28.0,0,0,0,0,0,1,0,0,0,0,0,0,0,0,0,1,0,0,0,0,1,0,0,0
Red,False,0.0625,0.0,0.61109375,0.59234375,0.5684374999999999,0.25390625,0.4375,0.5,0.0,0.0078125,49.48828125,29.57421875,56.15234375,33.44140625,85.06640625,62.2734375,91.05859375,66.19140625,3.7890625,2.0390625,0.62890625,0.37890625,29.546875,10.765625,39.66796875,18.95703125,17.28515625,16.21484375,9.4765625,7.4765625,2.65625,2.59375,7.0078125,7.0078125,8.75390625,4.18359375,25.68359375,11.52734375,13.765625,13.265625,17.0234375,10.5234375,26.96875,12.125,13.4453125,11.390625,273.45703125,158.70703125,562.58203125,12,1,2,0,4,7,2,0,0,0,1,1,4,0,190.5,200.66,264.0,0.75,0.0,0.48,0.48,0.0,0.625,0.5,0.0,0.0,0.0,27.25,12.75,18.25,8.0,30.0,15.5,24.75,14.5,0.25,0.0,1.0,0.75,13.5,3.25,11.25,2.25,7.75,4.75,3.0,2.75,6.0,4.75,4.0,3.0,21.75,8.0,14.0,4.25,4.75,4.25,2.0,1.75,0.75,0.5,2.25,2.0,53.5,45.5,226.25,4,0,3,0,3,3,0,0,0,0,0,2,1,0,190.5,198.12,230.0,27.0,29.0,0,0,0,0,1,0,0,0,0,0,0,0,0,0,0,0,0,1,0,0,1,0,0,0
Red,True,0.0,0.062744140625,0.5360763549804688,0.47230712890625,0.4848220825195312,0.036328125,0.6510009765625,1.139373779296875,0.08203125,0.520263671875,57.93304443359375,27.789093017578125,24.200408935546875,11.658477783203123,81.733154296875,49.963470458984375,45.087921142578125,31.97735595703125,5.34539794921875,1.066436767578125,0.54541015625,0.041015625,48.96847534179688,20.59063720703125,17.199859619140625,5.923553466796875,7.400115966796875,5.634002685546875,5.50030517578125,4.48468017578125,1.564453125,1.564453125,1.500244140625,1.250244140625,31.498565673828125,11.211334228515623,15.83319091796875,5.436431884765625,4.087066650390625,2.57135009765625,6.41693115234375,4.59991455078125,22.347412109375,14.00640869140625,1.950286865234375,1.62213134765625,302.2846069335937,69.6636962890625,558.1787719726562,33,10,2,0,6,14,2,0,0,0,3,5,4,2,175.26,185.42,170.0,0.03125,0.0,0.51609375,0.39015625,0.81796875,0.51875,0.5,0.625,0.09375,0.09375,107.421875,52.40625,59.875,24.84375,157.984375,102.046875,99.75,61.0625,4.109375,3.3125,2.046875,0.625,85.78125,36.859375,49.703125,15.875,9.140625,7.5625,6.4375,6.125,12.5,7.984375,3.734375,2.84375,75.359375,33.28125,49.8125,18.21875,11.265625,5.6875,9.109375,6.359375,20.796875,13.4375,0.953125,0.265625,344.78125,19.953125,680.625,14,1,2,0,4,6,1,0,0,1,2,2,1,0,180.34,193.04,185.0,33.0,25.0,0,0,0,0,0,0,0,0,0,1,0,0,0,0,0,0,0,0,1,0,1,0,0,0
Red,False,0.25,0.0,0.425,0.4375,0.25,0.0,0.0,1.0,0.0,0.0,58.0,29.5,11.5,4.25,86.0,54.0,55.5,45.0,2.25,2.25,0.5,0.0,54.75,26.75,7.75,1.25,3.0,2.5,0.25,0.25,0.25,0.25,3.5,2.75,16.5,8.0,10.75,3.75,2.0,1.5,0.75,0.5,39.5,20.0,0.0,0.0,304.5,3.0,372.5,6,0,0,1,1,1,2,0,0,0,1,0,0,0,182.88,182.88,185.0,0.0471682548522949,0.0,0.45,0.4217682266235352,0.25,0.19173828125,0.1875,0.125,0.0,0.0,69.5,30.5,66.984375,27.8466796875,94.0,48.544921875,88.50390625,44.75,2.0,0.8125,2.015625,0.6640625,54.0,19.01513671875,51.483436584472656,16.9437255859375,7.91796875,5.430633544921875,7.75,5.0625,4.780975341796875,3.9373779296875,4.8994140625,3.84375,51.025390625,18.400863647460938,50.515625,17.5,5.75,3.75,5.5,3.5,5.375,3.6875,4.0,2.65625,104.865234375,89.5,655.8441009521484,0,0,0,0,0,0,0,0,0,0,0,0,0,0,182.88,182.88,185.0,25.0,28.0,0,0,0,0,0,1,0,0,0,0,0,0,0,0,0,1,0,0,0,0,0,0,1,0
Red,False,0.015625,0.0,0.45,0.4275,0.25,0.2,0.148468017578125,0.098388671875,0.0,0.0,66.5,29.6875,64.31230545043945,27.34375,89.75,48.0,85.53125,44.41152191162109,2.0,0.75,2.0546875,0.75,51.1875,18.3359375,49.6123046875,16.280410766601562,7.5,5.07647705078125,7.5,5.0,4.5,3.625,4.984375,3.9375,48.6875,17.0,47.11572265625,16.5,5.75,3.75,5.3125,3.4375,5.0625,3.5,3.875,2.5,99.2119140625,94.125,638.5,0,0,0,0,0,0,0,0,0,0,0,0,0,0,185.42,185.42,235.0,0.0471682548522949,0.0,0.45,0.4217682266235352,0.25,0.19173828125,0.1875,0.125,0.0,0.0,69.5,30.5,66.984375,27.8466796875,94.0,48.544921875,88.50390625,44.75,2.0,0.8125,2.015625,0.6640625,54.0,19.01513671875,51.483436584472656,16.9437255859375,7.91796875,5.430633544921875,7.75,5.0625,4.780975341796875,3.9373779296875,4.8994140625,3.84375,51.025390625,18.400863647460938,50.515625,17.5,5.75,3.75,5.5,3.5,5.375,3.6875,4.0,2.65625,104.865234375,89.5,655.8441009521484,0,0,0,0,0,0,0,0,0,0,0,0,0,0,193.04,198.12,245.0,39.0,30.0,0,0,0,0,1,0,0,0,0,0,0,0,0,0,0,1,0,0,0,0,1,0,0,0
Red,True,0.5,0.0,0.576875,0.4728124999999999,0.32125,0.046875,0.125,0.1875,0.625,0.0,45.6875,19.84375,42.90625,18.71875,90.125,61.6875,52.6875,27.90625,2.90625,0.8125,1.53125,0.1875,37.6875,12.28125,31.375,7.71875,5.34375,4.96875,4.09375,4.03125,2.65625,2.59375,7.4375,6.96875,25.53125,4.75,34.1875,11.9375,10.625,7.84375,6.5625,5.03125,9.53125,7.25,2.15625,1.75,176.8125,62.0,436.0,13,0,1,0,3,4,2,0,0,1,1,1,1,0,175.26,187.96,247.0,0.32421875,0.28125,0.389765625,0.326484375,0.015625,0.0,0.0,0.08203125,0.0,0.0,172.71484375,65.0703125,182.72265625,41.44921875,180.359375,72.7109375,185.609375,43.5859375,0.015625,0.015625,1.13671875,0.0,150.55078125,45.61328125,157.75390625,23.10546875,7.7109375,6.3203125,12.33984375,6.83984375,14.453125,13.13671875,12.62890625,11.50390625,162.40234375,56.6328125,178.33203125,39.4375,8.49609375,6.63671875,4.265625,2.01171875,1.81640625,1.80078125,0.125,0.0,48.98828125,10.5,927.390625,16,6,3,0,4,7,2,0,0,0,2,5,0,0,203.2,203.2,265.0,35.0,30.0,0,0,0,0,1,0,0,0,0,0,0,0,0,0,0,1,0,0,0,0,1,0,0,0
Red,False,0.015625,0.0,0.45,0.4275,0.25,0.2,0.148468017578125,0.098388671875,0.0,0.0,66.5,29.6875,64.31230545043945,27.34375,89.75,48.0,85.53125,44.41152191162109,2.0,0.75,2.0546875,0.75,51.1875,18.3359375,49.6123046875,16.280410766601562,7.5,5.07647705078125,7.5,5.0,4.5,3.625,4.984375,3.9375,48.6875,17.0,47.11572265625,16.5,5.75,3.75,5.3125,3.4375,5.0625,3.5,3.875,2.5,99.2119140625,94.125,638.5,0,0,0,0,0,0,0,0,0,0,0,0,0,0,177.8,180.34,155.0,0.16015625,0.0,0.3863671875,0.3562890625,0.580703125,0.1040625,1.4765625,0.09375,0.3203125,0.25390625,151.87109375,58.73828125,92.01171875,31.60546875,256.515625,153.23046875,111.92578125,50.03515625,4.0234375,1.90625,7.5546875,1.2578125,128.19140625,41.03125,82.49609375,22.421875,20.5,15.2890625,6.484375,6.15234375,3.1796875,2.41796875,3.03125,3.03125,107.359375,31.83203125,51.11328125,14.1640625,40.125,25.4609375,34.76171875,14.87890625,4.38671875,1.4453125,6.13671875,2.5625,119.875,152.0625,763.13671875,22,0,2,0,2,5,4,0,0,0,0,3,2,0,185.42,193.04,185.0,23.0,23.0,0,0,0,0,0,0,0,0,0,1,0,0,0,0,0,0,0,1,0,0,0,0,1,0
Red,False,0.015625,0.0,0.45,0.4275,0.25,0.2,0.148468017578125,0.098388671875,0.0,0.0,66.5,29.6875,64.31230545043945,27.34375,89.75,48.0,85.53125,44.41152191162109,2.0,0.75,2.0546875,0.75,51.1875,18.3359375,49.6123046875,16.280410766601562,7.5,5.07647705078125,7.5,5.0,4.5,3.625,4.984375,3.9375,48.6875,17.0,47.11572265625,16.5,5.75,3.75,5.3125,3.4375,5.0625,3.5,3.875,2.5,99.2119140625,94.125,638.5,0,0,0,0,0,0,0,0,0,0,0,0,0,0,193.04,193.04,235.0,0.0,0.0,0.48,0.2,1.0,0.0,0.0,0.0,0.0,0.0,52.0,25.0,10.0,2.0,116.0,85.0,11.0,2.0,3.0,3.0,0.0,0.0,52.0,25.0,10.0,2.0,0.0,0.0,0.0,0.0,0.0,0.0,0.0,0.0,3.0,0.0,8.0,0.0,0.0,0.0,2.0,2.0,49.0,25.0,0.0,0.0,284.0,0.0,352.0,2,0,1,0,1,1,0,0,0,0,0,1,0,0,190.5,193.04,205.0,25.0,22.0,0,0,0,0,1,0,0,0,0,0,0,0,0,0,0,0,0,1,0,0,1,0,0,0
Red,True,0.5,0.0,0.475,0.4475,0.25,0.43,0.0,1.0,0.25,0.25,51.75,25.0,56.25,26.5,60.5,33.75,181.25,142.75,1.25,0.5,4.75,2.0,43.25,18.75,47.5,19.75,4.75,3.25,5.0,4.0,3.75,3.0,3.75,2.75,24.25,9.25,16.25,5.75,17.0,9.25,14.5,6.25,10.5,6.5,25.5,14.5,130.75,545.5,863.75,9,0,0,3,0,0,3,0,0,0,0,0,0,0,180.34,190.5,170.0,0.25,0.0,0.2575,0.55,0.25,0.54,0.0,0.25,0.25,0.0,13.25,4.75,52.5,32.25,23.5,14.75,110.75,87.5,4.0,0.25,4.0,3.0,10.25,2.25,31.5,12.75,3.0,2.5,6.5,5.75,0.0,0.0,14.5,13.75,10.25,2.25,18.5,5.25,3.0,2.5,23.75,20.75,0.0,0.0,10.25,6.25,79.25,407.5,656.5,7,0,1,0,1,1,2,0,0,0,0,1,0,0,180.34,190.5,185.0,26.0,33.0,0,0,0,0,0,0,0,1,0,0,0,0,0,0,0,1,0,0,0,0,1,0,0,0
Red,False,0.015625,0.0,0.45,0.4275,0.25,0.2,0.148468017578125,0.098388671875,0.0,0.0,66.5,29.6875,64.31230545043945,27.34375,89.75,48.0,85.53125,44.41152191162109,2.0,0.75,2.0546875,0.75,51.1875,18.3359375,49.6123046875,16.280410766601562,7.5,5.07647705078125,7.5,5.0,4.5,3.625,4.984375,3.9375,48.6875,17.0,47.11572265625,16.5,5.75,3.75,5.3125,3.4375,5.0625,3.5,3.875,2.5,99.2119140625,94.125,638.5,0,0,0,0,0,0,0,0,0,0,0,0,0,0,185.42,198.12,185.0,0.0,0.0,0.73,0.11,1.0,0.0,1.0,0.0,0.0,0.0,26.0,19.0,9.0,1.0,37.0,28.0,9.0,1.0,1.0,1.0,0.0,0.0,26.0,19.0,7.0,0.0,0.0,0.0,0.0,0.0,0.0,0.0,2.0,1.0,6.0,3.0,9.0,1.0,2.0,1.0,0.0,0.0,18.0,15.0,0.0,0.0,150.0,0.0,179.0,1,0,1,0,1,1,0,0,0,0,0,0,1,0,182.88,182.88,170.0,25.0,24.0,0,0,0,0,0,0,0,1,0,0,0,0,0,0,0,1,0,0,0,0,1,0,0,0
Red,False,0.0,0.0,0.24,0.7,0.0,0.46,0.0,2.0,1.0,0.0,37.0,9.0,24.0,17.0,103.0,71.0,107.0,92.0,0.0,0.0,13.0,6.0,37.0,9.0,20.0,14.0,0.0,0.0,4.0,3.0,0.0,0.0,0.0,0.0,7.0,0.0,3.0,1.0,5.0,1.0,0.0,0.0,25.0,8.0,21.0,16.0,208.0,403.0,724.0,3,0,0,1,0,0,1,0,0,0,0,0,0,0,177.8,177.8,170.0,0.0,0.0,0.3125,0.2,0.25,0.665,0.125,0.625,0.0,0.0,8.625,5.25,7.875,4.0,11.125,7.75,13.5,9.625,0.25,0.25,2.25,1.25,4.75,1.625,3.875,1.0,1.75,1.75,3.25,2.75,2.125,1.875,0.75,0.25,4.75,2.125,2.375,0.375,3.625,3.125,4.0,3.0,0.25,0.0,1.5,0.625,25.375,104.375,199.75,5,0,1,0,1,2,2,0,0,0,0,0,2,0,175.26,175.26,170.0,24.0,35.0,0,0,0,0,0,0,0,0,0,1,0,0,0,0,0,1,0,0,0,0,1,0,0,0
Red,False,0.0,0.5,0.24,0.395,0.125,0.33,0.5,0.0,0.5,0.0,30.5,9.0,24.0,10.0,74.0,46.0,55.0,38.0,2.0,0.5,3.0,2.0,26.5,5.5,22.0,8.5,2.5,2.0,1.5,1.0,1.5,1.5,0.5,0.5,23.0,4.5,17.5,4.5,2.5,2.5,1.5,1.5,5.0,2.0,5.0,4.0,131.0,188.5,450.5,4,0,1,0,1,1,1,0,0,0,0,0,1,0,180.34,190.5,170.0,0.0,0.0,0.5,0.71,0.0,0.25,0.0,2.0,0.0,0.0,6.0,3.0,14.0,10.0,7.0,4.0,25.0,21.0,0.0,0.0,4.0,1.0,3.0,1.0,9.0,6.0,1.0,1.0,1.0,1.0,2.0,1.0,4.0,3.0,3.0,2.0,3.0,1.0,0.0,0.0,4.0,4.0,3.0,1.0,7.0,5.0,83.0,75.0,188.0,1,0,0,1,0,0,1,0,0,0,0,0,0,0,182.88,177.8,185.0,24.0,27.0,0,0,0,0,0,0,0,1,0,0,0,0,0,0,0,1,0,0,0,0,1,0,0,0
Red,True,0.125,0.03125,0.41125,0.534375,0.3225,0.8721875,0.875,1.0,1.125,0.53125,19.25,8.09375,36.59375,18.53125,66.5,51.28125,61.625,41.34375,1.34375,0.65625,3.0625,2.53125,15.8125,5.4375,32.90625,16.3125,2.25,1.71875,2.1875,1.15625,1.1875,0.9375,1.5,1.0625,12.875,3.84375,6.78125,2.5,3.0,2.375,2.78125,2.03125,3.375,1.875,27.03125,14.0,136.5625,313.25,554.9375,14,0,0,2,2,2,4,0,0,0,0,0,2,0,180.34,172.72,170.0,0.5,0.015625,0.39359375,0.47765625,0.54921875,0.43640625,0.125,1.625,1.140625,0.28125,59.546875,24.1796875,75.1953125,34.1484375,101.3046875,61.3984375,125.34375,80.390625,6.5234375,2.8984375,5.8046875,4.046875,47.78125,14.03125,67.625,28.453125,7.1796875,6.171875,6.2421875,4.390625,4.5859375,3.9765625,1.328125,1.3046875,33.078125,8.96875,34.9296875,11.59375,6.28125,4.6171875,7.265625,4.1875,20.1875,10.59375,33.0,18.3671875,348.0,197.5,888.6484375,22,0,0,1,2,4,4,0,1,0,2,0,1,0,167.64,172.72,170.0,32.0,32.0,0,0,0,0,0,0,0,0,0,1,0,0,0,0,0,1,0,0,0,0,1,0,0,0
Red,False,0.0,0.5,0.685,0.755,1.0,0.0,1.5,0.5,0.0,0.0,6.5,4.5,26.5,21.0,15.0,13.0,37.0,31.5,1.0,1.0,0.0,0.0,2.0,1.0,17.5,12.0,3.5,2.5,8.5,8.5,1.0,1.0,0.5,0.5,2.5,1.5,2.5,2.0,4.0,3.0,13.0,11.0,0.0,0.0,11.0,8.0,50.5,115.5,210.5,2,0,0,2,0,0,2,0,0,0,0,0,0,0,185.42,185.42,185.0,0.0625,0.625,0.52125,0.49,0.03125,0.665,0.0,0.75,0.25,0.0,41.875,23.125,29.8125,15.3125,64.75,44.0,40.0,25.4375,0.25,0.0625,2.5625,1.125,28.9375,12.875,21.4375,9.6875,7.75,6.875,7.0,4.5625,5.1875,3.375,1.375,1.0625,15.75,5.875,8.6875,2.0,17.5625,12.25,16.875,9.6875,8.5625,5.0,4.25,3.625,155.9375,137.4375,448.3125,11,0,1,0,1,2,3,0,0,0,2,0,0,0,185.42,185.42,185.0,24.0,34.0,0,0,0,0,0,0,0,1,0,0,0,0,0,0,0,1,0,0,0,0,1,0,0,0
Red,False,0.0,1.5,0.4,0.6,0.5,0.0,0.0,0.5,0.0,0.0,13.0,6.0,22.0,12.0,13.5,6.5,26.5,16.0,0.5,0.5,0.0,0.0,7.0,1.0,20.0,11.0,2.5,2.0,1.0,0.5,3.5,3.0,1.0,0.5,9.5,2.5,8.5,3.0,3.0,3.0,1.5,1.5,0.5,0.5,12.0,7.5,17.5,81.0,161.0,2,0,0,2,0,0,2,0,0,0,0,0,0,0,177.8,177.8,185.0,0.0,1.0,0.0,0.5,0.33,0.0,1.0,0.0,0.0,0.0,1.0,0.0,40.0,20.0,20.0,8.0,50.0,30.0,3.0,1.0,0.0,0.0,1.0,0.0,34.0,15.0,0.0,0.0,6.0,5.0,0.0,0.0,0.0,0.0,1.0,0.0,13.0,5.0,0.0,0.0,1.0,1.0,0.0,0.0,26.0,14.0,165.0,173.0,430.0,2,0,0,1,0,0,1,0,0,0,0,0,0,0,177.8,180.34,185.0,33.0,26.0,0,0,0,0,0,0,0,1,0,0,0,0,0,0,0,0,0,1,0,0,1,0,0,0
Red,False,0.0,1.0,0.48,0.53,0.25,0.0,0.0,1.0,0.0,0.0,64.0,31.0,96.0,51.0,95.0,59.0,129.0,79.0,8.0,2.0,0.0,0.0,48.0,17.0,73.0,29.0,8.0,7.0,13.0,12.0,8.0,7.0,10.0,10.0,45.0,15.0,59.0,27.0,12.0,11.0,24.0,18.0,7.0,5.0,13.0,6.0,207.0,212.0,847.0,3,0,0,1,0,0,1,0,0,0,0,0,0,0,175.26,182.88,155.0,0.0,0.125,0.4475,0.46125,0.375,0.05,1.0,0.25,0.0,0.0,45.75,22.625,61.125,24.875,85.125,59.625,87.875,49.375,1.75,1.0,15.0,0.75,38.875,17.0,46.375,10.625,4.375,3.125,9.75,9.5,2.5,2.5,5.0,4.75,32.25,13.375,36.25,6.25,10.125,7.25,14.5,12.125,3.375,2.0,10.375,6.5,166.75,225.125,807.75,10,0,0,1,1,2,2,0,0,1,1,0,0,0,175.26,175.26,155.0,30.0,30.0,0,0,0,0,0,0,1,0,0,0,0,0,0,0,0,0,0,1,0,0,1,0,0,0
Red,True,1.5625,0.625,0.4746875,0.2609375,0.44625,0.603125,0.15625,0.265625,0.625,0.0,170.34375,82.421875,54.71875,15.46875,220.796875,127.375,59.609375,19.546875,3.09375,2.59375,1.234375,0.703125,137.78125,56.0,42.734375,8.421875,29.28125,23.65625,11.59375,6.90625,3.28125,2.765625,0.390625,0.140625,125.34375,50.109375,47.28125,11.96875,28.90625,19.765625,7.4375,3.5,16.09375,12.546875,0.0,0.0,291.296875,17.15625,969.734375,16,3,7,0,7,7,0,0,0,0,1,4,1,1,185.42,193.04,185.0,2.0,0.0,0.85,0.12,0.0,0.0,0.0,0.0,0.0,0.0,20.0,17.0,8.0,1.0,20.0,17.0,8.0,1.0,0.0,0.0,0.0,0.0,20.0,17.0,8.0,1.0,0.0,0.0,0.0,0.0,0.0,0.0,0.0,0.0,14.0,13.0,8.0,1.0,1.0,1.0,0.0,0.0,5.0,3.0,0.0,0.0,9.0,0.0,49.0,1,0,1,0,1,1,0,0,0,0,0,1,0,0,187.96,195.58,185.0,32.0,31.0,0,0,0,0,0,0,0,1,0,0,0,0,0,0,0,0,0,1,0,0,0,0,1,0
Red,False,0.015625,0.0,0.45,0.4275,0.25,0.2,0.148468017578125,0.098388671875,0.0,0.0,66.5,29.6875,64.31230545043945,27.34375,89.75,48.0,85.53125,44.41152191162109,2.0,0.75,2.0546875,0.75,51.1875,18.3359375,49.6123046875,16.280410766601562,7.5,5.07647705078125,7.5,5.0,4.5,3.625,4.984375,3.9375,48.6875,17.0,47.11572265625,16.5,5.75,3.75,5.3125,3.4375,5.0625,3.5,3.875,2.5,99.2119140625,94.125,638.5,0,0,0,0,0,0,0,0,0,0,0,0,0,0,177.8,177.8,155.0,0.0471682548522949,0.0,0.45,0.4217682266235352,0.25,0.19173828125,0.1875,0.125,0.0,0.0,69.5,30.5,66.984375,27.8466796875,94.0,48.544921875,88.50390625,44.75,2.0,0.8125,2.015625,0.6640625,54.0,19.01513671875,51.483436584472656,16.9437255859375,7.91796875,5.430633544921875,7.75,5.0625,4.780975341796875,3.9373779296875,4.8994140625,3.84375,51.025390625,18.400863647460938,50.515625,17.5,5.75,3.75,5.5,3.5,5.375,3.6875,4.0,2.65625,104.865234375,89.5,655.8441009521484,0,0,0,0,0,0,0,0,0,0,0,0,0,0,170.18,177.8,155.0,29.0,24.0,0,0,0,0,0,0,1,0,0,0,0,0,0,0,0,1,0,0,0,0,1,0,0,0
Red,False,0.015625,0.0,0.45,0.4275,0.25,0.2,0.148468017578125,0.098388671875,0.0,0.0,66.5,29.6875,64.31230545043945,27.34375,89.75,48.0,85.53125,44.41152191162109,2.0,0.75,2.0546875,0.75,51.1875,18.3359375,49.6123046875,16.280410766601562,7.5,5.07647705078125,7.5,5.0,4.5,3.625,4.984375,3.9375,48.6875,17.0,47.11572265625,16.5,5.75,3.75,5.3125,3.4375,5.0625,3.5,3.875,2.5,99.2119140625,94.125,638.5,0,0,0,0,0,0,0,0,0,0,0,0,0,0,177.8,177.8,155.0,0.5,0.0,0.5249999999999999,0.435,0.1725,0.3125,1.125,2.0,0.25,0.0,69.125,31.5,64.75,24.0,86.5,47.75,91.625,46.125,2.5,1.125,2.875,1.125,48.875,15.5,52.375,14.75,14.75,11.375,8.75,5.875,5.5,4.625,3.625,3.375,43.625,15.375,44.625,11.125,16.375,11.25,12.0,8.375,9.125,4.875,8.125,4.5,133.125,176.625,536.875,8,0,2,0,2,3,1,0,0,0,0,1,1,1,170.18,172.72,155.0,18.0,30.0,0,0,0,0,0,0,1,0,0,0,0,0,0,0,0,1,0,0,0,0,0,0,1,0
Red,False,0.5,0.0,0.81,0.375,0.5,0.455,0.0,0.5,0.0,0.0,25.0,20.5,6.5,3.0,34.5,30.0,17.5,13.5,0.5,0.5,3.5,1.5,18.0,13.5,6.0,2.5,5.5,5.5,0.5,0.5,1.5,1.5,0.0,0.0,4.0,2.0,2.0,0.0,19.0,17.0,0.0,0.0,2.0,1.5,4.5,3.0,54.0,109.0,212.0,2,0,2,0,2,2,0,0,0,0,0,1,0,1,193.04,208.28,240.0,0.0471682548522949,0.0,0.45,0.4217682266235352,0.25,0.19173828125,0.1875,0.125,0.0,0.0,69.5,30.5,66.984375,27.8466796875,94.0,48.544921875,88.50390625,44.75,2.0,0.8125,2.015625,0.6640625,54.0,19.01513671875,51.483436584472656,16.9437255859375,7.91796875,5.430633544921875,7.75,5.0625,4.780975341796875,3.9373779296875,4.8994140625,3.84375,51.025390625,18.400863647460938,50.515625,17.5,5.75,3.75,5.5,3.5,5.375,3.6875,4.0,2.65625,104.865234375,89.5,655.8441009521484,0,0,0,0,0,0,0,0,0,0,0,0,0,0,182.88,185.42,205.0,31.0,25.0,0,0,0,0,1,0,0,0,0,0,0,0,0,0,0,1,0,0,0,0,1,0,0,0
Red,False,0.0,0.0,0.72,0.33,0.5,0.0,1.0,0.0,0.0,0.0,29.0,21.0,9.0,3.0,33.0,25.0,12.0,6.0,2.0,1.0,0.0,0.0,17.0,10.0,8.0,2.0,12.0,11.0,1.0,1.0,0.0,0.0,0.0,0.0,5.0,2.0,5.0,1.0,5.0,5.0,4.0,2.0,19.0,14.0,0.0,0.0,101.0,0.0,176.0,1,0,1,0,1,1,0,0,0,0,0,0,1,0,190.5,187.96,185.0,0.0,0.0,0.25,0.14,0.55,0.0,0.0,0.0,0.0,1.0,47.0,12.0,55.0,8.0,97.0,59.0,66.0,18.0,9.0,5.0,1.0,0.0,44.0,9.0,48.0,5.0,0.0,0.0,2.0,0.0,3.0,3.0,5.0,3.0,38.0,7.0,54.0,7.0,0.0,0.0,1.0,1.0,9.0,5.0,0.0,0.0,385.0,100.0,900.0,3,0,1,0,1,1,0,0,0,0,1,0,0,0,187.96,190.5,170.0,31.0,25.0,0,0,0,0,0,0,0,1,0,0,0,0,0,0,0,1,0,0,0,0,0,0,1,0
Red,False,0.015625,0.0,0.45,0.4275,0.25,0.2,0.148468017578125,0.098388671875,0.0,0.0,66.5,29.6875,64.31230545043945,27.34375,89.75,48.0,85.53125,44.41152191162109,2.0,0.75,2.0546875,0.75,51.1875,18.3359375,49.6123046875,16.280410766601562,7.5,5.07647705078125,7.5,5.0,4.5,3.625,4.984375,3.9375,48.6875,17.0,47.11572265625,16.5,5.75,3.75,5.3125,3.4375,5.0625,3.5,3.875,2.5,99.2119140625,94.125,638.5,0,0,0,0,0,0,0,0,0,0,0,0,0,0,175.26,182.88,145.0,0.0,0.0,0.53,0.51,0.55,1.0,0.0,2.0,0.0,1.0,47.0,25.0,35.0,18.0,114.0,84.0,92.0,70.0,9.0,5.0,1.0,1.0,33.0,13.0,28.0,11.0,11.0,10.0,4.0,4.0,3.0,2.0,3.0,3.0,19.0,5.0,23.0,9.0,11.0,7.0,4.0,3.0,17.0,13.0,8.0,6.0,435.0,36.0,680.0,3,0,0,1,0,0,1,0,0,0,0,0,0,0,172.72,177.8,155.0,25.0,27.0,0,0,0,0,0,0,1,0,0,0,0,0,0,0,0,1,0,0,0,0,1,0,0,0
Red,False,0.015625,0.0,0.45,0.4275,0.25,0.2,0.148468017578125,0.098388671875,0.0,0.0,66.5,29.6875,64.31230545043945,27.34375,89.75,48.0,85.53125,44.41152191162109,2.0,0.75,2.0546875,0.75,51.1875,18.3359375,49.6123046875,16.280410766601562,7.5,5.07647705078125,7.5,5.0,4.5,3.625,4.984375,3.9375,48.6875,17.0,47.11572265625,16.5,5.75,3.75,5.3125,3.4375,5.0625,3.5,3.875,2.5,99.2119140625,94.125,638.5,0,0,0,0,0,0,0,0,0,0,0,0,0,0,177.8,177.8,168.0,0.75,0.0,0.6025,0.8175,0.74,0.645,1.75,2.5,0.0,0.0,60.75,38.0,14.25,9.0,144.25,119.0,16.0,10.75,4.75,3.5,2.25,1.0,52.25,30.75,5.75,1.0,5.5,5.0,0.5,0.5,3.0,2.25,8.0,7.5,8.25,3.5,6.0,1.75,9.75,6.75,8.25,7.25,42.75,27.75,0.0,0.0,493.25,101.0,662.75,7,0,3,0,3,3,0,0,0,0,1,1,1,0,182.88,187.96,170.0,30.0,28.0,0,0,0,0,0,0,0,0,0,1,0,0,0,0,0,1,0,0,0,0,1,0,0,0
Red,True,0.0,0.0,0.5662499999999999,0.24875,0.405,0.0625,1.0,0.0,0.0,0.0,18.0,10.0,16.625,6.0,33.375,24.625,18.75,7.875,3.25,1.375,0.25,0.125,12.75,6.375,15.375,5.0,4.375,3.25,1.0,0.75,0.875,0.375,0.25,0.25,5.75,2.5,7.625,0.875,5.0,3.375,5.875,3.0,7.25,4.125,3.125,2.125,118.25,23.375,217.375,6,1,0,1,3,3,1,0,0,0,0,0,2,1,177.8,187.96,145.0,0.0,0.0,0.3671875,0.431875,0.1781249999999999,0.77625,0.125,1.625,0.5,0.5,98.0625,28.28125,108.71875,49.09375,149.78125,78.21875,159.6875,99.8125,11.78125,1.78125,2.375,1.875,88.875,19.84375,99.1875,40.40625,4.03125,4.03125,8.4375,7.625,5.15625,4.40625,1.09375,1.0625,58.34375,12.09375,81.75,32.46875,35.34375,13.3125,11.46875,7.5,4.375,2.875,15.5,9.125,208.78125,200.875,818.21875,16,1,3,0,3,4,2,0,0,0,2,0,1,1,167.64,170.18,155.0,30.0,33.0,0,0,0,0,0,0,1,0,0,0,0,0,0,0,0,0,0,1,0,0,1,0,0,0
Red,False,0.015625,0.0,0.45,0.4275,0.25,0.2,0.148468017578125,0.098388671875,0.0,0.0,66.5,29.6875,64.31230545043945,27.34375,89.75,48.0,85.53125,44.41152191162109,2.0,0.75,2.0546875,0.75,51.1875,18.3359375,49.6123046875,16.280410766601562,7.5,5.07647705078125,7.5,5.0,4.5,3.625,4.984375,3.9375,48.6875,17.0,47.11572265625,16.5,5.75,3.75,5.3125,3.4375,5.0625,3.5,3.875,2.5,99.2119140625,94.125,638.5,0,0,0,0,0,0,0,0,0,0,0,0,0,0,182.88,193.04,205.0,0.0,0.0,0.68,0.42,1.0,0.0,0.0,0.0,0.0,0.0,48.0,33.0,21.0,9.0,117.0,93.0,28.0,16.0,1.0,1.0,0.0,0.0,45.0,30.0,15.0,4.0,1.0,1.0,4.0,3.0,2.0,2.0,2.0,2.0,18.0,9.0,19.0,8.0,19.0,16.0,2.0,1.0,11.0,8.0,0.0,0.0,175.0,0.0,287.0,1,0,1,0,1,1,0,0,0,0,0,1,0,0,185.42,193.04,205.0,26.0,30.0,0,0,0,0,0,1,0,0,0,0,0,0,0,0,0,1,0,0,0,0,1,0,0,0
Red,False,0.125,0.0,0.141904296875,0.8172265625,0.294677734375,0.2025,0.55517578125,0.0625,0.0,0.0234375,9.88134765625,3.3515625,24.40869140625,16.7119140625,17.24462890625,10.27490234375,37.99267578125,29.15234375,0.37548828125,0.294921875,1.8544921875,0.6875,8.22705078125,1.783203125,22.13671875,14.49267578125,1.58251953125,1.49658203125,2.01416015625,2.00830078125,0.07177734375,0.07177734375,0.2578125,0.2109375,5.64794921875,0.4716796875,8.15234375,3.44482421875,2.66748046875,1.84716796875,4.51904296875,3.27294921875,1.56591796875,1.03271484375,11.7373046875,9.994140625,9.4375,76.1875,196.27783203125,18,1,2,0,2,6,6,0,0,0,0,2,4,0,185.42,182.88,205.0,0.000244140625,0.03173828125,0.7597261047363282,0.19819091796875,0.3295095825195312,0.0109375,0.0087890625,0.1253204345703125,0.0,0.1251220703125,50.25163269042969,28.51531982421875,55.16258239746094,19.837677001953125,85.85003662109375,60.80073547363281,70.90391540527344,33.493560791015625,6.29998779296875,1.955413818359375,0.2815093994140625,0.12890625,46.72772216796875,25.29063415527344,51.26664733886719,17.495574951171875,1.9759368896484373,1.7079620361328125,1.2864990234375,0.98974609375,1.5479736328125,1.5167236328125,2.60943603515625,1.35235595703125,21.957183837890625,9.574493408203123,48.49842834472656,15.878326416015623,3.5081787109375,3.096038818359375,2.58538818359375,1.474334716796875,24.78627014160156,15.84478759765625,4.078765869140625,2.485015869140625,237.9371337890625,48.9578857421875,480.7163848876953,42,9,1,0,6,13,4,0,0,2,3,6,1,1,190.5,187.96,205.0,42.0,31.0,0,0,0,0,0,1,0,0,0,0,0,0,0,0,0,1,0,0,0,0,1,0,0,0
Red,False,0.015625,0.0,0.45,0.4275,0.25,0.2,0.148468017578125,0.098388671875,0.0,0.0,66.5,29.6875,64.31230545043945,27.34375,89.75,48.0,85.53125,44.41152191162109,2.0,0.75,2.0546875,0.75,51.1875,18.3359375,49.6123046875,16.280410766601562,7.5,5.07647705078125,7.5,5.0,4.5,3.625,4.984375,3.9375,48.6875,17.0,47.11572265625,16.5,5.75,3.75,5.3125,3.4375,5.0625,3.5,3.875,2.5,99.2119140625,94.125,638.5,0,0,0,0,0,0,0,0,0,0,0,0,0,0,185.42,193.04,170.0,0.0,0.5,0.3275,0.7775000000000001,0.25,0.0,0.5,0.75,0.0,0.25,15.25,7.75,9.0,5.0,43.0,35.5,40.75,35.5,1.25,1.25,0.75,0.0,14.0,7.0,6.0,2.0,0.75,0.25,0.0,0.0,0.5,0.5,3.0,3.0,3.75,0.5,7.75,4.0,1.75,1.0,0.25,0.0,9.75,6.25,1.0,1.0,157.75,142.75,398.75,6,0,2,0,2,2,1,0,0,0,1,0,1,0,182.88,177.8,170.0,20.0,32.0,0,0,0,0,0,0,0,0,0,1,0,0,0,0,0,1,0,0,0,0,0,0,1,0
Red,False,0.0,0.0,0.395,0.315,0.0,0.53,1.5,0.5,0.0,0.0,29.5,9.0,42.5,9.0,36.5,16.0,70.0,34.5,0.0,0.0,9.0,1.5,27.5,7.5,39.5,8.5,1.0,0.5,3.0,0.5,1.0,1.0,0.0,0.0,28.0,8.0,38.0,5.5,1.5,1.0,2.0,1.5,0.0,0.0,2.5,2.0,0.0,282.5,651.5,5,1,0,2,0,0,2,0,0,0,0,0,0,0,177.8,182.88,155.0,0.25,0.5,0.73375,0.62,0.75,0.4375,1.5,1.625,0.0,0.125,15.25,6.625,52.0,31.875,28.375,17.375,83.75,61.5,1.0,1.0,2.5,1.625,10.75,3.375,43.625,25.25,2.125,1.875,5.25,4.375,2.375,1.375,3.125,2.25,7.5,2.5,11.625,3.375,2.875,2.0,9.125,6.75,4.875,2.125,31.25,21.75,72.625,287.625,423.0,6,0,0,1,2,2,2,0,0,0,0,2,0,0,175.26,177.8,170.0,27.0,23.0,0,0,0,0,0,0,0,0,0,1,0,0,0,0,0,1,0,0,0,0,1,0,0,0
Red,False,0.0,0.0,0.11,0.73,0.0,1.0,0.0,1.0,0.0,0.0,9.0,1.0,26.0,19.0,9.0,1.0,37.0,28.0,0.0,0.0,1.0,1.0,7.0,0.0,26.0,19.0,0.0,0.0,0.0,0.0,2.0,1.0,0.0,0.0,9.0,1.0,6.0,3.0,0.0,0.0,2.0,1.0,0.0,0.0,18.0,15.0,0.0,150.0,179.0,1,0,0,1,0,0,1,0,0,0,0,0,0,0,182.88,182.88,185.0,0.0,0.5,0.435,0.33,1.0,0.125,2.0,0.0,0.5,0.0,83.0,38.5,73.0,24.5,94.0,49.0,107.0,58.5,3.5,3.5,5.5,1.0,61.5,21.5,52.0,10.5,6.0,4.0,8.5,5.5,15.5,13.0,12.5,8.5,65.5,28.5,66.0,21.5,7.5,4.0,3.0,1.5,10.0,6.0,4.0,1.5,353.0,55.0,900.0,6,0,2,0,2,2,0,0,0,0,2,0,0,0,182.88,187.96,185.0,30.0,27.0,0,0,0,0,0,0,0,1,0,0,0,0,0,0,0,1,0,0,0,0,1,0,0,0
Red,False,0.015625,0.0,0.45,0.4275,0.25,0.2,0.148468017578125,0.098388671875,0.0,0.0,66.5,29.6875,64.31230545043945,27.34375,89.75,48.0,85.53125,44.41152191162109,2.0,0.75,2.0546875,0.75,51.1875,18.3359375,49.6123046875,16.280410766601562,7.5,5.07647705078125,7.5,5.0,4.5,3.625,4.984375,3.9375,48.6875,17.0,47.11572265625,16.5,5.75,3.75,5.3125,3.4375,5.0625,3.5,3.875,2.5,99.2119140625,94.125,638.5,0,0,0,0,0,0,0,0,0,0,0,0,0,0,187.96,187.96,185.0,0.0,0.0,0.64,0.57,0.0,0.5,6.0,2.0,2.0,1.0,39.0,25.0,57.0,33.0,61.0,46.0,94.0,68.0,0.0,0.0,10.0,5.0,25.0,12.0,42.0,20.0,10.0,10.0,15.0,13.0,4.0,3.0,0.0,0.0,12.0,5.0,13.0,3.0,14.0,11.0,3.0,2.0,13.0,9.0,41.0,28.0,205.0,585.0,900.0,3,1,1,0,1,1,0,0,0,0,1,0,0,0,198.12,200.66,185.0,23.0,23.0,0,0,0,0,0,0,0,1,0,0,0,0,0,0,0,0,0,1,0,0,1,0,0,0
Red,False,0.0,2.0,0.36,0.67,0.0,0.8,0.0,4.0,1.0,0.0,22.0,8.0,61.0,41.0,30.0,16.0,72.0,52.0,1.0,0.0,5.0,4.0,19.0,5.0,43.0,25.0,3.0,3.0,14.0,13.0,0.0,0.0,4.0,3.0,12.0,3.0,17.0,9.0,8.0,5.0,26.0,19.0,2.0,0.0,18.0,13.0,53.0,329.0,554.0,2,1,0,1,0,0,1,0,0,0,0,0,0,0,175.26,175.26,170.0,0.0,1.0,0.5,0.2,0.0,0.0,1.0,0.0,0.0,0.0,4.0,2.0,20.0,4.0,4.0,2.0,23.0,7.0,0.0,0.0,0.0,0.0,3.0,1.0,19.0,4.0,1.0,1.0,0.0,0.0,0.0,0.0,1.0,0.0,4.0,2.0,18.0,4.0,0.0,0.0,0.0,0.0,0.0,0.0,2.0,0.0,0.0,20.0,44.0,1,0,1,0,1,1,0,0,0,0,0,0,1,0,187.96,195.58,185.0,29.0,30.0,0,0,0,0,0,0,0,1,0,0,0,0,0,0,0,1,0,0,0,0,1,0,0,0
Red,False,0.0,0.0,0.57,0.64,0.5,0.0,2.0,6.0,1.0,2.0,57.0,33.0,39.0,25.0,94.0,68.0,61.0,46.0,10.0,5.0,0.0,0.0,42.0,20.0,25.0,12.0,15.0,13.0,10.0,10.0,0.0,0.0,4.0,3.0,13.0,3.0,12.0,5.0,3.0,2.0,14.0,11.0,41.0,28.0,13.0,9.0,585.0,205.0,900.0,3,1,0,1,0,0,1,0,0,0,0,0,0,0,185.42,195.58,205.0,0.0471682548522949,0.0,0.45,0.4217682266235352,0.25,0.19173828125,0.1875,0.125,0.0,0.0,69.5,30.5,66.984375,27.8466796875,94.0,48.544921875,88.50390625,44.75,2.0,0.8125,2.015625,0.6640625,54.0,19.01513671875,51.483436584472656,16.9437255859375,7.91796875,5.430633544921875,7.75,5.0625,4.780975341796875,3.9373779296875,4.8994140625,3.84375,51.025390625,18.400863647460938,50.515625,17.5,5.75,3.75,5.5,3.5,5.375,3.6875,4.0,2.65625,104.865234375,89.5,655.8441009521484,0,0,0,0,0,0,0,0,0,0,0,0,0,0,190.5,203.2,185.0,26.0,31.0,0,0,0,0,0,0,0,1,0,0,0,0,0,0,0,1,0,0,0,0,1,0,0,0
Red,False,5.0,0.0,0.54,0.18,1.0,0.0,0.0,1.0,0.0,0.0,83.0,45.0,44.0,8.0,149.0,102.0,98.0,58.0,6.0,6.0,7.0,0.0,64.0,27.0,38.0,3.0,18.0,17.0,5.0,4.0,1.0,1.0,1.0,1.0,47.0,21.0,32.0,7.0,12.0,10.0,12.0,1.0,24.0,14.0,0.0,0.0,445.0,0.0,900.0,3,0,1,0,1,1,0,0,0,0,1,0,0,0,175.26,180.34,170.0,0.0,0.0,0.18,0.48,0.0,1.0,0.0,1.0,0.0,0.0,16.0,3.0,39.0,19.0,85.0,67.0,41.0,21.0,1.0,0.0,3.0,3.0,14.0,3.0,34.0,16.0,0.0,0.0,2.0,1.0,2.0,0.0,3.0,2.0,13.0,1.0,15.0,5.0,0.0,0.0,0.0,0.0,3.0,2.0,24.0,14.0,139.0,195.0,475.0,2,0,0,1,0,0,1,0,0,0,0,0,0,0,177.8,177.8,170.0,31.0,33.0,0,0,0,0,0,0,0,0,0,1,0,0,0,0,0,1,0,0,0,0,0,0,1,0
Red,False,0.0625,0.0,0.38890625,0.418125,0.515625,0.414375,0.296875,1.75,2.03125,0.0,86.125,33.78125,74.578125,35.5,156.9375,101.65625,145.609375,103.421875,0.5625,0.546875,11.71875,4.421875,76.25,24.59375,57.703125,22.625,5.96875,5.296875,6.09375,4.28125,3.90625,3.890625,10.78125,8.59375,58.640625,17.34375,62.96875,28.265625,7.25,5.34375,4.875,2.890625,20.234375,11.09375,6.734375,4.34375,533.59375,236.734375,1358.140625,23,3,0,1,6,6,1,0,1,0,3,2,0,0,170.18,177.8,145.0,0.0471682548522949,0.0,0.45,0.4217682266235352,0.25,0.19173828125,0.1875,0.125,0.0,0.0,69.5,30.5,66.984375,27.8466796875,94.0,48.544921875,88.50390625,44.75,2.0,0.8125,2.015625,0.6640625,54.0,19.01513671875,51.483436584472656,16.9437255859375,7.91796875,5.430633544921875,7.75,5.0625,4.780975341796875,3.9373779296875,4.8994140625,3.84375,51.025390625,18.400863647460938,50.515625,17.5,5.75,3.75,5.5,3.5,5.375,3.6875,4.0,2.65625,104.865234375,89.5,655.8441009521484,0,0,0,0,0,0,0,0,0,0,0,0,0,0,177.8,180.34,155.0,31.0,22.0,0,0,0,0,0,0,1,0,0,0,0,0,0,0,0,0,0,1,0,0,1,0,0,0
Red,False,0.0,0.0,0.33,0.72,0.0,0.5,0.0,1.0,0.0,0.0,9.0,3.0,29.0,21.0,12.0,6.0,33.0,25.0,0.0,0.0,2.0,1.0,8.0,2.0,17.0,10.0,1.0,1.0,12.0,11.0,0.0,0.0,0.0,0.0,5.0,1.0,5.0,2.0,4.0,2.0,5.0,5.0,0.0,0.0,19.0,14.0,0.0,101.0,176.0,1,0,0,1,0,0,1,0,0,0,0,0,0,0,180.34,180.34,155.0,0.0,0.0,0.17,0.27,0.0,0.0,0.0,0.0,0.0,0.0,211.0,36.0,158.0,43.0,211.0,36.0,158.0,43.0,5.0,0.0,0.0,0.0,178.0,14.0,135.0,26.0,5.0,1.0,19.0,14.0,28.0,21.0,4.0,3.0,211.0,36.0,158.0,43.0,0.0,0.0,0.0,0.0,0.0,0.0,0.0,0.0,0.0,12.0,900.0,3,0,0,1,0,0,1,0,0,0,0,0,0,0,170.18,175.26,155.0,23.0,29.0,0,0,0,0,0,0,1,0,0,0,0,0,0,0,0,1,0,0,0,0,1,0,0,0
Red,False,0.015625,0.0,0.45,0.4275,0.25,0.2,0.148468017578125,0.098388671875,0.0,0.0,66.5,29.6875,64.31230545043945,27.34375,89.75,48.0,85.53125,44.41152191162109,2.0,0.75,2.0546875,0.75,51.1875,18.3359375,49.6123046875,16.280410766601562,7.5,5.07647705078125,7.5,5.0,4.5,3.625,4.984375,3.9375,48.6875,17.0,47.11572265625,16.5,5.75,3.75,5.3125,3.4375,5.0625,3.5,3.875,2.5,99.2119140625,94.125,638.5,0,0,0,0,0,0,0,0,0,0,0,0,0,0,182.88,182.88,229.0,0.0471682548522949,0.0,0.45,0.4217682266235352,0.25,0.19173828125,0.1875,0.125,0.0,0.0,69.5,30.5,66.984375,27.8466796875,94.0,48.544921875,88.50390625,44.75,2.0,0.8125,2.015625,0.6640625,54.0,19.01513671875,51.483436584472656,16.9437255859375,7.91796875,5.430633544921875,7.75,5.0625,4.780975341796875,3.9373779296875,4.8994140625,3.84375,51.025390625,18.400863647460938,50.515625,17.5,5.75,3.75,5.5,3.5,5.375,3.6875,4.0,2.65625,104.865234375,89.5,655.8441009521484,0,0,0,0,0,0,0,0,0,0,0,0,0,0,187.96,187.96,230.0,29.0,23.0,0,0,0,0,1,0,0,0,0,0,0,0,0,0,0,1,0,0,0,0,1,0,0,0
Red,False,0.015625,0.0,0.45,0.4275,0.25,0.2,0.148468017578125,0.098388671875,0.0,0.0,66.5,29.6875,64.31230545043945,27.34375,89.75,48.0,85.53125,44.41152191162109,2.0,0.75,2.0546875,0.75,51.1875,18.3359375,49.6123046875,16.280410766601562,7.5,5.07647705078125,7.5,5.0,4.5,3.625,4.984375,3.9375,48.6875,17.0,47.11572265625,16.5,5.75,3.75,5.3125,3.4375,5.0625,3.5,3.875,2.5,99.2119140625,94.125,638.5,0,0,0,0,0,0,0,0,0,0,0,0,0,0,177.8,177.8,155.0,0.5,0.0,0.3475,0.3775,0.5,0.25,0.25,0.5,0.0,0.0,36.5,12.5,11.25,4.0,37.5,13.25,29.75,21.25,1.25,1.25,0.5,0.25,30.75,8.75,7.0,2.25,2.75,1.5,2.5,1.0,3.0,2.25,1.75,0.75,21.75,5.75,10.0,3.25,4.75,2.25,0.0,0.0,10.0,4.5,1.25,0.75,75.5,47.5,232.25,4,0,1,0,1,2,1,0,0,0,0,1,0,1,175.26,180.34,155.0,29.0,23.0,0,0,0,0,0,0,1,0,0,0,0,0,0,0,0,1,0,0,0,0,1,0,0,0
Red,True,0.01171875,0.0,0.5673828125,0.4630468749999999,0.66265625,0.54046875,0.78125,0.1875,0.0,0.3125,66.53125,35.2578125,86.5234375,39.796875,117.71484375,82.80078125,134.0859375,86.796875,1.73828125,1.3125,4.9609375,2.92578125,56.17578125,25.19921875,62.29296875,22.87890625,8.38671875,8.29296875,7.5859375,5.5859375,1.96875,1.765625,16.64453125,11.33203125,44.8671875,19.19140625,65.66015625,27.81640625,12.05859375,8.88671875,12.1796875,5.9921875,9.60546875,7.1796875,8.68359375,5.98828125,142.2890625,306.15234375,804.53515625,22,3,3,0,3,6,3,0,0,0,1,4,1,0,175.26,177.8,155.0,0.0,0.12548828125,0.6821527099609375,0.4946142578125,0.8596441650390625,0.07265625,1.302001953125,0.27874755859375,0.1640625,0.04052734375,27.8660888671875,20.57818603515625,11.40081787109375,6.31695556640625,30.46630859375,22.92694091796875,20.17584228515625,14.9547119140625,1.6907958984375,1.13287353515625,0.0908203125,0.08203125,19.93695068359375,13.1812744140625,6.39971923828125,1.84710693359375,6.80023193359375,6.26800537109375,2.0006103515625,1.9693603515625,1.12890625,1.12890625,3.00048828125,2.50048828125,4.99713134765625,2.42266845703125,6.6663818359375,2.87286376953125,1.17413330078125,1.1427001953125,2.8338623046875,2.1998291015625,21.69482421875,17.0128173828125,1.90057373046875,1.2442626953125,185.5692138671875,21.327392578125,283.3575439453125,30,9,2,0,6,13,2,0,0,0,3,4,4,2,175.26,185.42,170.0,27.0,32.0,0,0,0,0,0,0,0,0,0,1,0,0,0,0,0,1,0,0,0,0,0,0,0,1
Red,False,0.25,0.0,0.675,0.5549999999999999,0.125,0.3625,0.75,0.0,0.0,0.0,43.25,31.5,11.75,6.5,74.25,59.75,16.0,10.5,1.0,0.25,3.5,1.75,32.0,20.75,7.0,2.25,7.5,7.0,2.25,1.75,3.75,3.75,2.5,2.5,3.25,0.5,2.75,0.75,10.75,9.25,7.75,4.75,29.25,21.75,1.25,1.0,151.25,108.25,292.75,4,0,3,0,3,3,0,0,0,0,0,2,1,0,190.5,190.5,185.0,0.5,0.0,0.4275,0.29,0.4925,0.165,0.0,1.75,0.0,0.0,60.5,26.25,77.0,21.0,83.5,48.75,109.25,52.0,8.75,5.75,1.0,0.5,56.25,22.25,64.75,14.0,4.25,4.0,11.0,6.25,0.0,0.0,1.25,0.75,38.5,14.0,62.25,13.75,6.5,4.25,12.75,5.5,15.5,8.0,2.0,1.75,500.25,26.5,900.0,9,1,3,0,3,3,0,0,1,2,0,0,0,0,182.88,190.5,205.0,31.0,26.0,0,0,0,0,0,1,0,0,0,0,0,0,0,0,0,1,0,0,0,0,1,0,0,0
Red,False,0.75,1.03125,0.3725,0.49375,0.515625,0.70625,0.0625,0.625,0.5,0.5,54.6875,18.90625,133.875,70.5,60.8125,24.4375,201.9375,127.6875,0.65625,0.53125,4.4375,3.4375,45.78125,12.875,101.375,43.09375,8.5625,5.78125,28.9375,24.0625,0.34375,0.25,3.5625,3.34375,39.90625,9.78125,91.625,39.15625,6.6875,3.40625,26.34375,18.6875,8.09375,5.71875,15.90625,12.65625,58.59375,381.5625,996.71875,14,1,1,0,3,4,2,0,0,0,0,2,0,2,182.88,193.04,185.0,0.25,0.0,0.50625,0.3125,0.0,0.0,0.75,0.0,0.0,0.0,14.375,7.5,6.125,2.25,14.875,8.0,7.125,3.25,0.0,0.0,1.25,0.0,9.125,3.0,3.75,0.25,1.0,1.0,0.625,0.25,4.25,3.5,1.75,1.75,9.875,3.375,4.125,0.5,4.0,3.75,2.0,1.75,0.5,0.375,0.0,0.0,17.625,16.75,107.0,4,0,4,0,4,4,0,0,0,0,0,2,2,0,185.42,195.58,170.0,26.0,27.0,0,0,0,0,0,0,0,1,0,0,0,0,0,0,0,1,0,0,0,0,1,0,0,0
Red,False,0.015625,0.0,0.45,0.4275,0.25,0.2,0.148468017578125,0.098388671875,0.0,0.0,66.5,29.6875,64.31230545043945,27.34375,89.75,48.0,85.53125,44.41152191162109,2.0,0.75,2.0546875,0.75,51.1875,18.3359375,49.6123046875,16.280410766601562,7.5,5.07647705078125,7.5,5.0,4.5,3.625,4.984375,3.9375,48.6875,17.0,47.11572265625,16.5,5.75,3.75,5.3125,3.4375,5.0625,3.5,3.875,2.5,99.2119140625,94.125,638.5,0,0,0,0,0,0,0,0,0,0,0,0,0,0,177.8,177.8,155.0,0.0471682548522949,0.0,0.45,0.4217682266235352,0.25,0.19173828125,0.1875,0.125,0.0,0.0,69.5,30.5,66.984375,27.8466796875,94.0,48.544921875,88.50390625,44.75,2.0,0.8125,2.015625,0.6640625,54.0,19.01513671875,51.483436584472656,16.9437255859375,7.91796875,5.430633544921875,7.75,5.0625,4.780975341796875,3.9373779296875,4.8994140625,3.84375,51.025390625,18.400863647460938,50.515625,17.5,5.75,3.75,5.5,3.5,5.375,3.6875,4.0,2.65625,104.865234375,89.5,655.8441009521484,0,0,0,0,0,0,0,0,0,0,0,0,0,0,167.64,172.72,145.0,29.0,22.0,0,0,0,0,0,0,1,0,0,0,0,0,0,0,0,1,0,0,0,0,1,0,0,0
Red,False,0.015625,0.0,0.45,0.4275,0.25,0.2,0.148468017578125,0.098388671875,0.0,0.0,66.5,29.6875,64.31230545043945,27.34375,89.75,48.0,85.53125,44.41152191162109,2.0,0.75,2.0546875,0.75,51.1875,18.3359375,49.6123046875,16.280410766601562,7.5,5.07647705078125,7.5,5.0,4.5,3.625,4.984375,3.9375,48.6875,17.0,47.11572265625,16.5,5.75,3.75,5.3125,3.4375,5.0625,3.5,3.875,2.5,99.2119140625,94.125,638.5,0,0,0,0,0,0,0,0,0,0,0,0,0,0,177.8,180.34,155.0,0.0471682548522949,0.0,0.45,0.4217682266235352,0.25,0.19173828125,0.1875,0.125,0.0,0.0,69.5,30.5,66.984375,27.8466796875,94.0,48.544921875,88.50390625,44.75,2.0,0.8125,2.015625,0.6640625,54.0,19.01513671875,51.483436584472656,16.9437255859375,7.91796875,5.430633544921875,7.75,5.0625,4.780975341796875,3.9373779296875,4.8994140625,3.84375,51.025390625,18.400863647460938,50.515625,17.5,5.75,3.75,5.5,3.5,5.375,3.6875,4.0,2.65625,104.865234375,89.5,655.8441009521484,0,0,0,0,0,0,0,0,0,0,0,0,0,0,175.26,177.8,155.0,26.0,23.0,0,0,0,0,0,0,1,0,0,0,0,0,0,0,0,1,0,0,0,0,1,0,0,0
Red,False,0.015625,0.0,0.45,0.4275,0.25,0.2,0.148468017578125,0.098388671875,0.0,0.0,66.5,29.6875,64.31230545043945,27.34375,89.75,48.0,85.53125,44.41152191162109,2.0,0.75,2.0546875,0.75,51.1875,18.3359375,49.6123046875,16.280410766601562,7.5,5.07647705078125,7.5,5.0,4.5,3.625,4.984375,3.9375,48.6875,17.0,47.11572265625,16.5,5.75,3.75,5.3125,3.4375,5.0625,3.5,3.875,2.5,99.2119140625,94.125,638.5,0,0,0,0,0,0,0,0,0,0,0,0,0,0,182.88,182.88,205.0,0.0471682548522949,0.0,0.45,0.4217682266235352,0.25,0.19173828125,0.1875,0.125,0.0,0.0,69.5,30.5,66.984375,27.8466796875,94.0,48.544921875,88.50390625,44.75,2.0,0.8125,2.015625,0.6640625,54.0,19.01513671875,51.483436584472656,16.9437255859375,7.91796875,5.430633544921875,7.75,5.0625,4.780975341796875,3.9373779296875,4.8994140625,3.84375,51.025390625,18.400863647460938,50.515625,17.5,5.75,3.75,5.5,3.5,5.375,3.6875,4.0,2.65625,104.865234375,89.5,655.8441009521484,0,0,0,0,0,0,0,0,0,0,0,0,0,0,180.34,182.88,205.0,29.0,30.0,0,0,0,0,0,1,0,0,0,0,0,0,0,0,0,1,0,0,0,0,1,0,0,0
Red,False,0.0,0.0,0.33,0.59,0.0,1.0,0.0,1.0,0.0,0.0,12.0,4.0,37.0,22.0,32.0,17.0,56.0,41.0,0.0,0.0,3.0,3.0,9.0,3.0,23.0,12.0,2.0,0.0,14.0,10.0,1.0,1.0,0.0,0.0,7.0,2.0,4.0,1.0,5.0,2.0,14.0,8.0,0.0,0.0,19.0,13.0,1.0,156.0,190.0,1,0,0,1,0,0,1,0,0,0,0,0,0,0,187.96,187.96,205.0,0.0,0.0,0.41,0.32,0.5,1.0,0.0,0.0,0.0,0.0,115.0,48.0,205.0,67.0,118.0,51.0,210.0,71.0,2.0,1.0,1.0,1.0,85.0,21.0,175.0,41.0,1.0,1.0,5.0,4.0,29.0,26.0,25.0,22.0,110.0,46.0,186.0,61.0,3.0,0.0,6.0,1.0,2.0,2.0,13.0,5.0,29.0,33.0,900.0,3,0,0,1,0,0,1,0,0,0,0,0,0,0,185.42,193.04,185.0,33.0,27.0,0,0,0,0,0,1,0,0,0,0,0,0,0,0,0,1,0,0,0,0,1,0,0,0
Red,True,0.0,0.0625,0.66921875,0.37265625,0.29125,0.140625,1.609375,0.0,0.5,0.0,17.875,11.203125,12.234375,5.265625,27.984375,20.46875,29.640625,22.09375,2.703125,1.4375,1.546875,0.265625,10.640625,4.703125,10.75,4.375,2.328125,1.703125,1.109375,0.546875,4.90625,4.796875,0.375,0.34375,5.390625,3.34375,6.625,2.140625,6.265625,4.890625,1.0,0.625,6.21875,2.96875,4.609375,2.5,149.0,73.640625,273.1875,15,0,1,0,3,5,2,0,1,0,1,0,3,0,185.42,190.5,205.0,1.29443359375,0.0,0.38135986328125,0.3288116455078125,0.06256103515625,0.180626220703125,0.0,0.01580810546875,0.01568603515625,0.0,84.6707763671875,30.527587890625,41.89935302734375,14.53729248046875,90.44622802734376,36.29888916015625,42.1181640625,14.720947265625,0.0782470703125,0.0626220703125,3.7601318359375,0.57666015625,81.276123046875,27.72430419921875,36.84912109375,10.24493408203125,1.30023193359375,0.7491455078125,1.14044189453125,0.927490234375,2.09442138671875,2.05413818359375,3.9097900390625,3.3648681640625,71.80267333984375,23.37750244140625,39.98486328125,13.4638671875,1.6314697265625,1.0447998046875,1.4075927734375,0.8731689453125,11.23663330078125,6.10528564453125,0.50689697265625,0.20025634765625,28.161376953125,32.739990234375,521.8780517578125,30,4,1,0,7,13,2,0,0,0,5,7,0,1,187.96,193.04,205.0,30.0,36.0,0,0,0,0,0,1,0,0,0,0,0,0,0,0,0,1,0,0,0,0,1,0,0,0
Red,False,0.25,0.5,0.3712499999999999,0.4,0.29,0.7424999999999999,0.75,0.875,0.5,0.0,52.125,21.375,64.75,26.75,71.25,39.0,93.375,52.25,1.75,0.625,4.625,3.0,50.5,20.25,50.625,15.875,1.0,0.5,9.25,6.0,0.625,0.625,4.875,4.875,25.625,6.75,37.625,12.5,5.25,2.75,16.0,9.25,21.25,11.875,11.125,5.0,220.375,265.125,719.375,8,0,0,1,2,2,2,0,0,0,1,0,1,0,180.34,182.88,170.0,0.3203125,0.0,0.402734375,0.312578125,0.56140625,0.208125,1.953125,0.1875,0.640625,0.5078125,104.7421875,42.4765625,122.0234375,38.2109375,185.03125,120.4609375,152.8515625,67.0703125,3.046875,0.8125,13.109375,2.515625,92.3828125,33.0625,112.9921875,29.84375,10.0,7.578125,6.96875,6.3046875,2.359375,1.8359375,2.0625,2.0625,81.71875,28.6640625,66.2265625,16.328125,19.25,11.921875,43.5234375,16.7578125,3.7734375,1.890625,12.2734375,5.125,118.75,234.125,824.2734375,19,0,2,0,2,4,4,0,0,0,0,3,1,0,185.42,193.04,185.0,23.0,23.0,0,0,0,0,0,0,0,0,0,1,0,0,0,0,0,1,0,0,0,0,0,0,1,0
Red,False,0.015625,0.0,0.45,0.4275,0.25,0.2,0.148468017578125,0.098388671875,0.0,0.0,66.5,29.6875,64.31230545043945,27.34375,89.75,48.0,85.53125,44.41152191162109,2.0,0.75,2.0546875,0.75,51.1875,18.3359375,49.6123046875,16.280410766601562,7.5,5.07647705078125,7.5,5.0,4.5,3.625,4.984375,3.9375,48.6875,17.0,47.11572265625,16.5,5.75,3.75,5.3125,3.4375,5.0625,3.5,3.875,2.5,99.2119140625,94.125,638.5,0,0,0,0,0,0,0,0,0,0,0,0,0,0,187.96,195.58,234.0,0.0,0.0,0.85,0.75,1.0,0.66,0.0,0.0,0.0,0.0,28.0,24.0,8.0,6.0,37.0,33.0,23.0,20.0,1.0,1.0,3.0,2.0,19.0,15.0,7.0,5.0,7.0,7.0,1.0,1.0,2.0,2.0,0.0,0.0,2.0,1.0,0.0,0.0,22.0,20.0,0.0,0.0,4.0,3.0,8.0,6.0,30.0,175.0,253.0,1,0,1,0,1,1,0,0,0,0,0,0,0,1,193.04,208.28,240.0,30.0,31.0,0,0,0,0,1,0,0,0,0,0,0,0,0,0,0,1,0,0,0,0,1,0,0,0
Red,False,0.015625,0.0,0.45,0.4275,0.25,0.2,0.148468017578125,0.098388671875,0.0,0.0,66.5,29.6875,64.31230545043945,27.34375,89.75,48.0,85.53125,44.41152191162109,2.0,0.75,2.0546875,0.75,51.1875,18.3359375,49.6123046875,16.280410766601562,7.5,5.07647705078125,7.5,5.0,4.5,3.625,4.984375,3.9375,48.6875,17.0,47.11572265625,16.5,5.75,3.75,5.3125,3.4375,5.0625,3.5,3.875,2.5,99.2119140625,94.125,638.5,0,0,0,0,0,0,0,0,0,0,0,0,0,0,172.72,180.34,155.0,0.25,0.0,0.371875,0.378125,0.42125,0.13375,1.75,0.25,0.25,0.25,78.0,30.25,66.875,24.0625,116.4375,67.0,95.1875,50.3125,8.1875,3.0,1.0625,0.5625,68.5,22.375,49.3125,9.125,4.9375,4.6875,2.3125,1.4375,4.5625,3.1875,15.25,13.5,65.0625,22.4375,49.6875,13.6875,8.375,5.3125,6.25,4.75,4.5625,2.5,10.9375,5.625,145.5625,182.0,746.375,14,0,2,0,2,3,2,0,0,0,1,1,1,0,167.64,180.34,155.0,21.0,32.0,0,0,0,0,0,0,1,0,0,0,0,0,0,0,0,1,0,0,0,0,1,0,0,0
Red,False,0.0,0.5,0.4549999999999999,0.4649999999999999,0.5,0.25,1.5,0.5,0.0,0.0,13.0,6.5,11.0,5.0,16.0,8.5,21.5,14.5,2.0,2.0,2.5,0.5,12.5,6.0,8.5,3.0,0.0,0.0,1.0,0.5,0.5,0.5,1.5,1.5,4.0,1.0,5.5,2.0,2.5,1.0,4.5,2.5,6.5,4.5,1.0,0.5,94.0,30.0,177.5,2,0,0,1,1,1,1,0,0,0,0,0,1,0,190.5,198.12,205.0,0.0471682548522949,0.0,0.45,0.4217682266235352,0.25,0.19173828125,0.1875,0.125,0.0,0.0,69.5,30.5,66.984375,27.8466796875,94.0,48.544921875,88.50390625,44.75,2.0,0.8125,2.015625,0.6640625,54.0,19.01513671875,51.483436584472656,16.9437255859375,7.91796875,5.430633544921875,7.75,5.0625,4.780975341796875,3.9373779296875,4.8994140625,3.84375,51.025390625,18.400863647460938,50.515625,17.5,5.75,3.75,5.5,3.5,5.375,3.6875,4.0,2.65625,104.865234375,89.5,655.8441009521484,0,0,0,0,0,0,0,0,0,0,0,0,0,0,190.5,193.04,185.0,27.0,28.0,0,0,0,0,0,1,0,0,0,0,0,0,0,0,0,1,0,0,0,0,1,0,0,0
Red,False,0.25,0.0,0.3556249999999999,0.51625,0.14875,0.3662499999999999,1.5625,0.1875,0.0625,0.0625,56.9375,20.75,62.0625,31.3125,90.3125,52.3125,88.0625,56.75,2.3125,0.6875,6.875,3.6875,48.375,14.625,47.4375,19.0625,5.8125,4.6875,8.625,7.75,2.75,1.4375,6.0,4.5,45.6875,12.6875,40.25,16.8125,6.8125,5.1875,9.25,7.625,4.4375,2.875,12.5625,6.875,128.875,352.0625,821.25,13,1,0,1,3,3,2,0,0,0,2,0,1,0,193.04,200.66,205.0,0.25,0.0,0.4125,0.5075,0.1525,0.125,0.25,0.0,0.0,0.0,129.0,47.875,93.125,42.25,148.625,64.0,113.125,59.75,1.25,0.375,6.0,1.5,115.375,39.625,87.75,37.625,5.5,3.25,1.5,1.375,8.125,5.0,3.875,3.25,119.0,41.5,65.5,26.75,8.875,5.375,3.625,2.5,1.125,1.0,24.0,13.0,43.25,152.875,632.25,8,1,3,0,3,3,1,0,0,0,1,1,1,0,190.5,195.58,205.0,29.0,27.0,0,0,0,0,0,1,0,0,0,0,0,0,0,0,0,1,0,0,0,0,1,0,0,0
Red,False,0.015625,0.0,0.45,0.4275,0.25,0.2,0.148468017578125,0.098388671875,0.0,0.0,66.5,29.6875,64.31230545043945,27.34375,89.75,48.0,85.53125,44.41152191162109,2.0,0.75,2.0546875,0.75,51.1875,18.3359375,49.6123046875,16.280410766601562,7.5,5.07647705078125,7.5,5.0,4.5,3.625,4.984375,3.9375,48.6875,17.0,47.11572265625,16.5,5.75,3.75,5.3125,3.4375,5.0625,3.5,3.875,2.5,99.2119140625,94.125,638.5,0,0,0,0,0,0,0,0,0,0,0,0,0,0,187.96,190.5,185.0,0.0471682548522949,0.0,0.45,0.4217682266235352,0.25,0.19173828125,0.1875,0.125,0.0,0.0,69.5,30.5,66.984375,27.8466796875,94.0,48.544921875,88.50390625,44.75,2.0,0.8125,2.015625,0.6640625,54.0,19.01513671875,51.483436584472656,16.9437255859375,7.91796875,5.430633544921875,7.75,5.0625,4.780975341796875,3.9373779296875,4.8994140625,3.84375,51.025390625,18.400863647460938,50.515625,17.5,5.75,3.75,5.5,3.5,5.375,3.6875,4.0,2.65625,104.865234375,89.5,655.8441009521484,0,0,0,0,0,0,0,0,0,0,0,0,0,0,187.96,190.5,170.0,22.0,25.0,0,0,0,0,0,0,0,1,0,0,0,0,0,0,0,1,0,0,0,0,0,0,1,0
Red,False,0.015625,0.0,0.45,0.4275,0.25,0.2,0.148468017578125,0.098388671875,0.0,0.0,66.5,29.6875,64.31230545043945,27.34375,89.75,48.0,85.53125,44.41152191162109,2.0,0.75,2.0546875,0.75,51.1875,18.3359375,49.6123046875,16.280410766601562,7.5,5.07647705078125,7.5,5.0,4.5,3.625,4.984375,3.9375,48.6875,17.0,47.11572265625,16.5,5.75,3.75,5.3125,3.4375,5.0625,3.5,3.875,2.5,99.2119140625,94.125,638.5,0,0,0,0,0,0,0,0,0,0,0,0,0,0,182.88,182.88,185.0,0.0471682548522949,0.0,0.45,0.4217682266235352,0.25,0.19173828125,0.1875,0.125,0.0,0.0,69.5,30.5,66.984375,27.8466796875,94.0,48.544921875,88.50390625,44.75,2.0,0.8125,2.015625,0.6640625,54.0,19.01513671875,51.483436584472656,16.9437255859375,7.91796875,5.430633544921875,7.75,5.0625,4.780975341796875,3.9373779296875,4.8994140625,3.84375,51.025390625,18.400863647460938,50.515625,17.5,5.75,3.75,5.5,3.5,5.375,3.6875,4.0,2.65625,104.865234375,89.5,655.8441009521484,0,0,0,0,0,0,0,0,0,0,0,0,0,0,182.88,182.88,170.0,30.0,24.0,0,0,0,0,0,0,0,1,0,0,0,0,0,0,0,1,0,0,0,0,1,0,0,0
Red,False,1.0,0.0,0.6,0.0,1.0,0.0,0.0,0.0,0.0,0.0,15.0,9.0,6.0,0.0,20.0,14.0,7.0,1.0,1.0,1.0,1.0,0.0,14.0,8.0,5.0,0.0,1.0,1.0,1.0,0.0,0.0,0.0,0.0,0.0,2.0,1.0,4.0,0.0,3.0,3.0,2.0,0.0,10.0,5.0,0.0,0.0,70.0,10.0,133.0,1,0,1,0,1,1,0,0,0,0,0,1,0,0,185.42,190.5,170.0,0.125,1.0,0.310625,0.6825,0.3399999999999999,0.078125,0.0625,0.125,0.0,0.0,32.28125,12.71875,23.5,15.28125,81.71875,60.53125,29.5625,21.34375,2.0625,1.4375,1.375,0.09375,25.34375,9.125,19.5625,11.78125,5.71875,2.9375,1.65625,1.25,1.21875,0.65625,2.28125,2.25,9.71875,1.84375,11.59375,8.4375,14.65625,6.09375,9.21875,5.25,7.90625,4.78125,2.6875,1.59375,175.40625,46.09375,306.46875,10,0,5,0,5,5,1,0,0,1,1,2,1,0,180.34,185.42,185.0,25.0,26.0,0,0,0,0,0,0,0,1,0,0,0,0,0,0,0,1,0,0,0,0,0,0,1,0
Red,False,0.0,0.0,0.5,0.8,0.0,1.0,0.0,0.0,0.0,0.0,2.0,1.0,5.0,4.0,2.0,1.0,5.0,4.0,0.0,0.0,1.0,1.0,1.0,0.0,4.0,3.0,1.0,1.0,0.0,0.0,0.0,0.0,1.0,1.0,1.0,0.0,2.0,1.0,1.0,1.0,0.0,0.0,0.0,0.0,3.0,3.0,0.0,3.0,21.0,1,0,0,1,0,0,1,0,0,0,0,0,0,0,177.8,177.8,170.0,0.0471682548522949,0.0,0.45,0.4217682266235352,0.25,0.19173828125,0.1875,0.125,0.0,0.0,69.5,30.5,66.984375,27.8466796875,94.0,48.544921875,88.50390625,44.75,2.0,0.8125,2.015625,0.6640625,54.0,19.01513671875,51.483436584472656,16.9437255859375,7.91796875,5.430633544921875,7.75,5.0625,4.780975341796875,3.9373779296875,4.8994140625,3.84375,51.025390625,18.400863647460938,50.515625,17.5,5.75,3.75,5.5,3.5,5.375,3.6875,4.0,2.65625,104.865234375,89.5,655.8441009521484,0,0,0,0,0,0,0,0,0,0,0,0,0,0,175.26,180.34,170.0,24.0,30.0,0,0,0,0,0,0,0,0,0,1,0,0,0,0,0,1,0,0,0,0,1,0,0,0
Red,False,0.0,0.0,0.35,0.345,0.11,0.475,1.5,3.0,0.0,0.0,62.5,22.5,84.0,30.5,79.5,39.5,121.0,66.0,5.5,1.0,4.5,2.0,48.5,13.5,63.5,16.0,12.5,7.5,13.5,7.5,1.5,1.5,7.0,7.0,42.5,11.5,54.0,14.0,19.0,11.0,22.0,11.5,1.0,0.0,8.0,5.0,223.0,189.5,788.5,6,0,1,0,1,1,1,0,0,0,0,0,1,0,182.88,182.88,170.0,0.0,0.25,0.328125,0.4271874999999999,0.206875,0.165,0.0625,1.03125,0.09375,0.09375,35.25,15.40625,35.0625,13.4375,41.78125,21.59375,63.28125,39.71875,3.1875,0.90625,2.25,0.25,31.5625,12.3125,25.5,6.6875,3.0625,2.46875,6.15625,4.40625,0.625,0.625,3.40625,2.34375,19.9375,7.15625,22.8125,5.1875,10.84375,6.0625,10.25,7.0,4.46875,2.1875,2.0,1.25,69.65625,83.75,368.03125,10,0,1,0,1,3,3,0,0,0,1,1,0,1,182.88,177.8,185.0,31.0,23.0,0,0,0,0,0,0,0,0,0,1,0,0,0,0,0,1,0,0,0,0,0,0,1,0
Red,False,0.0,0.25,0.5078125,0.3396875,0.6871875000000001,0.6796875,0.90625,0.375,0.0625,0.875,60.84375,28.75,30.96875,12.1875,92.15625,54.1875,53.59375,34.46875,6.25,4.53125,1.40625,1.0,57.40625,26.09375,25.25,7.5625,2.96875,2.21875,3.28125,2.46875,0.46875,0.4375,2.4375,2.15625,18.15625,5.84375,20.65625,6.1875,3.375,1.53125,4.71875,2.59375,39.3125,21.375,5.59375,3.40625,340.1875,51.15625,571.125,14,0,1,0,4,5,1,0,0,1,2,1,1,0,177.8,182.88,170.0,0.0,0.0,0.3225,0.365,0.2674999999999999,0.1,0.375,0.75,0.0,0.25,67.875,20.875,38.25,12.375,87.625,37.0,69.125,42.0,11.75,2.25,1.25,0.5,62.0,17.25,36.375,11.0,5.875,3.625,0.75,0.25,0.0,0.0,1.125,1.125,35.25,4.375,33.375,9.75,3.0,2.0,3.375,2.0,29.625,14.5,1.5,0.625,338.375,37.375,748.125,9,1,4,0,4,4,0,0,0,0,2,2,0,0,177.8,182.88,170.0,23.0,24.0,0,0,0,0,0,0,0,0,0,1,0,0,0,0,0,1,0,0,0,0,0,0,1,0
Red,False,0.0,1.25,0.3425,0.6499999999999999,0.33,0.1875,0.25,2.25,1.25,0.0,27.75,12.5,17.25,9.25,69.0,48.25,32.25,22.5,4.5,3.0,3.0,2.25,22.5,8.75,14.0,6.0,3.0,2.25,2.25,2.25,2.25,1.5,1.0,1.0,10.0,2.75,8.5,4.5,2.75,1.75,3.5,2.25,15.0,8.0,5.25,2.5,356.25,167.75,617.75,7,0,1,0,1,2,1,0,1,0,0,0,0,1,182.88,185.42,170.0,0.0,0.125,0.48875,0.3825,0.743125,0.5,0.8125,3.1875,0.5,0.5,39.9375,24.875,20.375,7.6875,82.8125,62.8125,28.0625,15.375,5.0625,3.4375,0.5,0.5,30.3125,16.8125,12.8125,2.875,9.0,8.0,1.125,0.5,0.625,0.0625,6.4375,4.3125,12.0625,3.375,17.625,5.9375,0.5,0.0,1.75,1.25,27.375,21.5,1.0,0.5,491.9375,19.0,634.125,9,0,2,0,2,4,1,0,0,0,1,1,2,0,177.8,185.42,170.0,27.0,28.0,0,0,0,0,0,0,0,0,0,1,0,0,0,0,0,1,0,0,0,0,1,0,0,0
Red,False,0.015625,0.0,0.45,0.4275,0.25,0.2,0.148468017578125,0.098388671875,0.0,0.0,66.5,29.6875,64.31230545043945,27.34375,89.75,48.0,85.53125,44.41152191162109,2.0,0.75,2.0546875,0.75,51.1875,18.3359375,49.6123046875,16.280410766601562,7.5,5.07647705078125,7.5,5.0,4.5,3.625,4.984375,3.9375,48.6875,17.0,47.11572265625,16.5,5.75,3.75,5.3125,3.4375,5.0625,3.5,3.875,2.5,99.2119140625,94.125,638.5,0,0,0,0,0,0,0,0,0,0,0,0,0,0,185.42,185.42,220.0,0.0471682548522949,0.0,0.45,0.4217682266235352,0.25,0.19173828125,0.1875,0.125,0.0,0.0,69.5,30.5,66.984375,27.8466796875,94.0,48.544921875,88.50390625,44.75,2.0,0.8125,2.015625,0.6640625,54.0,19.01513671875,51.483436584472656,16.9437255859375,7.91796875,5.430633544921875,7.75,5.0625,4.780975341796875,3.9373779296875,4.8994140625,3.84375,51.025390625,18.400863647460938,50.515625,17.5,5.75,3.75,5.5,3.5,5.375,3.6875,4.0,2.65625,104.865234375,89.5,655.8441009521484,0,0,0,0,0,0,0,0,0,0,0,0,0,0,190.5,193.04,205.0,32.0,21.0,0,0,0,0,1,0,0,0,0,0,0,0,0,0,0,1,0,0,0,0,1,0,0,0
Red,False,0.015625,0.0,0.45,0.4275,0.25,0.2,0.148468017578125,0.098388671875,0.0,0.0,66.5,29.6875,64.31230545043945,27.34375,89.75,48.0,85.53125,44.41152191162109,2.0,0.75,2.0546875,0.75,51.1875,18.3359375,49.6123046875,16.280410766601562,7.5,5.07647705078125,7.5,5.0,4.5,3.625,4.984375,3.9375,48.6875,17.0,47.11572265625,16.5,5.75,3.75,5.3125,3.4375,5.0625,3.5,3.875,2.5,99.2119140625,94.125,638.5,0,0,0,0,0,0,0,0,0,0,0,0,0,0,187.96,187.96,185.0,0.0,0.0,0.5,0.33,0.0,0.0,2.0,0.0,0.0,0.0,2.0,1.0,3.0,1.0,8.0,6.0,6.0,4.0,1.0,0.0,0.0,0.0,2.0,1.0,3.0,1.0,0.0,0.0,0.0,0.0,0.0,0.0,0.0,0.0,2.0,1.0,3.0,1.0,0.0,0.0,0.0,0.0,0.0,0.0,0.0,0.0,0.0,110.0,140.0,1,0,1,0,1,1,0,0,0,0,0,0,1,0,185.42,190.5,185.0,29.0,30.0,0,0,0,0,0,0,0,1,0,0,0,0,0,0,0,1,0,0,0,0,1,0,0,0
Red,False,0.015625,0.0,0.45,0.4275,0.25,0.2,0.148468017578125,0.098388671875,0.0,0.0,66.5,29.6875,64.31230545043945,27.34375,89.75,48.0,85.53125,44.41152191162109,2.0,0.75,2.0546875,0.75,51.1875,18.3359375,49.6123046875,16.280410766601562,7.5,5.07647705078125,7.5,5.0,4.5,3.625,4.984375,3.9375,48.6875,17.0,47.11572265625,16.5,5.75,3.75,5.3125,3.4375,5.0625,3.5,3.875,2.5,99.2119140625,94.125,638.5,0,0,0,0,0,0,0,0,0,0,0,0,0,0,182.88,182.88,155.0,0.0471682548522949,0.0,0.45,0.4217682266235352,0.25,0.19173828125,0.1875,0.125,0.0,0.0,69.5,30.5,66.984375,27.8466796875,94.0,48.544921875,88.50390625,44.75,2.0,0.8125,2.015625,0.6640625,54.0,19.01513671875,51.483436584472656,16.9437255859375,7.91796875,5.430633544921875,7.75,5.0625,4.780975341796875,3.9373779296875,4.8994140625,3.84375,51.025390625,18.400863647460938,50.515625,17.5,5.75,3.75,5.5,3.5,5.375,3.6875,4.0,2.65625,104.865234375,89.5,655.8441009521484,0,0,0,0,0,0,0,0,0,0,0,0,0,0,172.72,172.72,170.0,23.0,28.0,0,0,0,0,0,0,0,0,0,1,0,0,0,0,0,1,0,0,0,0,1,0,0,0
Red,False,0.25,0.0,0.28380859375,0.6344531250000001,0.58935546875,0.075,1.1103515625,0.125,0.0,0.046875,16.7626953125,6.703125,37.8173828125,22.423828125,28.4892578125,17.5498046875,52.9853515625,36.3046875,0.7509765625,0.58984375,0.708984375,0.375,13.4541015625,3.56640625,34.2734375,18.9853515625,3.1650390625,2.9931640625,3.0283203125,3.0166015625,0.1435546875,0.1435546875,0.515625,0.421875,8.2958984375,0.943359375,16.3046875,6.8896484375,5.3349609375,3.6943359375,6.0380859375,3.5458984375,3.1318359375,2.0654296875,15.474609375,11.98828125,14.875,88.375,314.5556640625,17,1,2,0,2,6,5,0,0,0,0,2,4,0,185.42,182.88,205.0,0.00048828125,0.0634765625,0.5194522094726562,0.3963818359375,0.3290191650390625,0.021875,0.017578125,0.250640869140625,0.0,0.250244140625,89.50326538085938,46.0306396484375,107.32516479492188,39.67535400390625,148.7000732421875,99.60147094726562,135.80783081054688,63.98712158203125,9.5999755859375,2.91082763671875,0.563018798828125,0.2578125,83.4554443359375,40.58126831054688,99.53329467773438,34.99114990234375,2.951873779296875,2.415924072265625,2.572998046875,1.9794921875,3.095947265625,3.033447265625,5.2188720703125,2.7047119140625,43.91436767578125,19.14898681640625,93.99685668945312,31.75665283203125,4.016357421875,3.19207763671875,5.1707763671875,2.94866943359375,41.572540283203125,23.6895751953125,8.15753173828125,4.97003173828125,411.874267578125,93.915771484375,883.4327697753906,41,9,1,0,6,12,4,0,0,2,3,5,1,1,190.5,187.96,205.0,42.0,31.0,0,0,0,0,0,1,0,0,0,0,0,0,0,0,0,1,0,0,0,0,1,0,0,0
Red,True,0.8828125,0.50390625,0.44484375,0.3692578125,0.001953125,0.00048828125,0.12890625,0.001953125,0.0,0.001953125,24.6640625,12.455078125,20.302734375,7.875,25.974609375,13.234375,20.619140625,8.19140625,0.00390625,0.001953125,0.236328125,0.00390625,19.0625,8.333984375,19.83984375,7.521484375,2.83203125,1.70703125,0.025390625,0.009765625,2.76953125,2.4140625,0.4375,0.34375,20.232421875,9.943359375,16.9140625,4.763671875,3.697265625,2.07421875,0.318359375,0.056640625,0.734375,0.4375,3.0703125,3.0546875,6.443359375,2.923828125,137.8203125,15,4,1,0,6,7,3,0,0,0,0,5,2,0,190.5,195.58,240.0,0.6484375,0.5625,0.41953125,0.45296875,0.03125,0.0,0.0,0.1640625,0.0,0.0,82.4296875,33.140625,38.4453125,16.8984375,95.71875,46.421875,41.21875,19.171875,0.03125,0.03125,1.2734375,0.0,71.1015625,23.2265625,24.5078125,7.2109375,6.421875,5.640625,8.6796875,5.6796875,4.90625,4.2734375,5.2578125,4.0078125,72.8046875,25.265625,34.6640625,14.875,5.9921875,4.2734375,3.53125,2.0234375,3.6328125,3.6015625,0.25,0.0,52.9765625,21.0,354.78125,11,5,3,0,3,6,2,0,0,0,1,5,0,0,203.2,203.2,265.0,27.0,30.0,0,0,0,0,1,0,0,0,0,0,0,0,0,0,0,1,0,0,0,0,1,0,0,0
Red,False,0.015625,0.0,0.45,0.4275,0.25,0.2,0.148468017578125,0.098388671875,0.0,0.0,66.5,29.6875,64.31230545043945,27.34375,89.75,48.0,85.53125,44.41152191162109,2.0,0.75,2.0546875,0.75,51.1875,18.3359375,49.6123046875,16.280410766601562,7.5,5.07647705078125,7.5,5.0,4.5,3.625,4.984375,3.9375,48.6875,17.0,47.11572265625,16.5,5.75,3.75,5.3125,3.4375,5.0625,3.5,3.875,2.5,99.2119140625,94.125,638.5,0,0,0,0,0,0,0,0,0,0,0,0,0,0,190.5,190.5,205.0,0.0,0.0,0.46375,0.475625,0.6425000000000001,0.09375,0.25,0.375,0.25,0.0,65.375,21.6875,68.8125,29.4375,147.25,98.375,86.375,45.8125,3.8125,1.625,3.0625,0.375,53.375,10.5625,50.75,12.4375,8.6875,7.9375,5.1875,5.0625,3.3125,3.1875,12.875,11.9375,47.0625,8.5,56.375,19.875,8.25,6.6875,8.125,6.0625,10.0625,6.5,4.3125,3.5,289.625,115.0,710.0,12,0,1,0,2,3,2,0,0,1,1,0,1,0,175.26,187.96,247.0,33.0,35.0,0,0,0,0,1,0,0,0,0,0,0,0,0,0,0,1,0,0,0,0,1,0,0,0
Red,False,0.0,0.0,0.51,0.69,0.0,0.5,0.0,1.0,0.0,0.0,54.0,28.0,71.0,49.0,65.0,38.0,89.0,67.0,2.0,0.0,2.0,1.0,43.0,19.0,53.0,33.0,5.0,5.0,14.0,12.0,6.0,4.0,4.0,4.0,14.0,6.0,20.0,10.0,36.0,19.0,45.0,33.0,4.0,3.0,6.0,6.0,108.0,117.0,447.0,2,0,0,1,0,0,1,0,0,0,0,0,0,0,185.42,185.42,250.0,0.0471682548522949,0.0,0.45,0.4217682266235352,0.25,0.19173828125,0.1875,0.125,0.0,0.0,69.5,30.5,66.984375,27.8466796875,94.0,48.544921875,88.50390625,44.75,2.0,0.8125,2.015625,0.6640625,54.0,19.01513671875,51.483436584472656,16.9437255859375,7.91796875,5.430633544921875,7.75,5.0625,4.780975341796875,3.9373779296875,4.8994140625,3.84375,51.025390625,18.400863647460938,50.515625,17.5,5.75,3.75,5.5,3.5,5.375,3.6875,4.0,2.65625,104.865234375,89.5,655.8441009521484,0,0,0,0,0,0,0,0,0,0,0,0,0,0,193.04,208.28,240.0,28.0,31.0,0,0,0,0,1,0,0,0,0,0,0,0,0,0,0,1,0,0,0,0,1,0,0,0
Red,False,0.0,0.0,0.49,0.36,0.0,1.0,1.0,0.0,1.0,1.0,148.0,73.0,157.0,58.0,167.0,91.0,183.0,80.0,0.0,0.0,2.0,2.0,110.0,39.0,143.0,48.0,12.0,10.0,12.0,8.0,26.0,24.0,2.0,2.0,117.0,56.0,97.0,31.0,28.0,16.0,36.0,16.0,3.0,1.0,24.0,11.0,108.0,218.0,817.0,3,0,1,0,1,1,0,0,0,0,0,0,1,0,203.2,203.2,265.0,0.125,0.0,0.6321875,0.6246875,0.636875,0.5078125,0.875,0.0,0.0,0.015625,9.9765625,6.1484375,27.3046875,18.8828125,18.1328125,13.546875,59.1171875,48.3828125,1.578125,1.078125,1.2578125,0.7578125,6.09375,2.53125,20.3359375,11.9140625,2.5703125,2.4296875,6.953125,6.953125,1.3125,1.1875,0.015625,0.015625,3.5078125,1.3671875,5.3671875,1.0546875,1.53125,1.53125,1.046875,1.046875,4.9375,3.25,20.890625,16.78125,74.9140625,125.4140625,225.1640625,9,1,2,0,4,6,2,0,0,0,0,1,4,0,190.5,200.66,264.0,34.0,27.0,0,0,0,0,1,0,0,0,0,0,0,0,0,0,0,1,0,0,0,0,0,0,1,0
Red,False,0.359375,0.0,0.455,0.3826171874999999,0.25390625,0.2255859375,0.23828125,0.765625,0.1640625,0.19921875,54.15234375,20.2734375,44.30859375,16.2578125,65.28515625,30.47265625,63.5703125,34.421875,1.25390625,0.50390625,2.8203125,1.1171875,42.96484375,10.32421875,34.48046875,8.19140625,4.359375,3.58984375,4.96875,4.1640625,6.828125,6.359375,4.859375,3.90234375,42.09765625,12.26953125,34.2421875,8.46484375,6.59765625,4.33203125,9.34375,7.5390625,5.45703125,3.671875,0.72265625,0.25390625,99.91796875,83.53515625,462.6328125,21,0,0,2,6,6,3,0,0,1,1,3,1,0,175.26,185.42,155.0,0.0,0.5,0.575,0.435,0.775,0.5,2.5,0.5,0.5,0.0,44.5,25.5,82.5,33.0,97.0,69.0,120.5,67.0,5.5,3.5,0.5,0.5,32.0,16.0,80.5,31.5,8.0,5.0,2.0,1.5,4.5,4.5,0.0,0.0,21.0,10.5,38.5,10.0,4.0,3.0,3.5,2.0,19.5,12.0,40.5,21.0,373.5,299.0,900.0,6,1,1,0,1,1,1,0,0,0,1,0,0,0,170.18,177.8,145.0,29.0,24.0,0,0,0,0,0,0,1,0,0,0,0,0,0,0,0,0,0,1,0,0,1,0,0,0
Red,False,0.015625,0.0,0.45,0.4275,0.25,0.2,0.148468017578125,0.098388671875,0.0,0.0,66.5,29.6875,64.31230545043945,27.34375,89.75,48.0,85.53125,44.41152191162109,2.0,0.75,2.0546875,0.75,51.1875,18.3359375,49.6123046875,16.280410766601562,7.5,5.07647705078125,7.5,5.0,4.5,3.625,4.984375,3.9375,48.6875,17.0,47.11572265625,16.5,5.75,3.75,5.3125,3.4375,5.0625,3.5,3.875,2.5,99.2119140625,94.125,638.5,0,0,0,0,0,0,0,0,0,0,0,0,0,0,167.64,167.64,155.0,0.5,0.0,0.34375,0.50625,0.5125,0.2675,2.5,0.5,0.5,0.5,43.0,14.5,55.75,28.125,94.875,63.0,101.375,69.625,7.375,3.0,2.125,1.125,38.0,11.75,36.625,12.25,1.875,1.375,3.625,2.875,3.125,1.375,15.5,13.0,30.125,6.875,32.375,15.375,5.75,3.625,5.5,3.5,7.125,4.0,17.875,9.25,209.125,297.0,845.75,11,0,2,0,2,2,2,0,0,0,1,1,0,0,167.64,180.34,155.0,27.0,31.0,0,1,0,0,0,0,0,0,0,0,0,0,0,0,0,1,0,0,0,0,1,0,0,0
Red,False,0.5,0.0,0.2625,0.41,0.25,0.915,0.5,1.75,0.0,0.0,65.25,23.75,41.5,18.5,78.5,36.0,73.75,44.5,0.5,0.25,2.25,2.0,65.0,23.5,29.25,9.75,0.0,0.0,6.5,3.0,0.25,0.25,5.75,5.75,30.25,6.5,25.25,11.0,1.5,0.5,4.0,2.5,33.5,16.75,12.25,5.0,250.75,125.25,538.75,5,0,0,1,2,2,1,0,0,0,1,0,1,0,180.34,182.88,170.0,0.0,0.5,0.6775,0.4375,0.415,0.375,0.75,0.5,0.0,0.0,21.0,12.75,27.5,13.25,21.25,13.0,77.0,61.75,1.75,0.75,2.0,1.5,10.25,2.5,22.0,9.25,0.0,0.0,3.75,2.5,10.75,10.25,1.75,1.5,9.75,3.0,9.0,3.75,10.5,9.0,9.5,5.0,0.75,0.75,9.0,4.5,94.5,157.75,320.5,4,0,2,0,2,2,1,0,0,0,0,1,1,0,177.8,182.88,170.0,23.0,26.0,0,0,0,0,0,0,0,0,0,1,0,0,0,0,0,1,0,0,0,0,1,0,0,0
Red,False,0.015625,0.0,0.45,0.4275,0.25,0.2,0.148468017578125,0.098388671875,0.0,0.0,66.5,29.6875,64.31230545043945,27.34375,89.75,48.0,85.53125,44.41152191162109,2.0,0.75,2.0546875,0.75,51.1875,18.3359375,49.6123046875,16.280410766601562,7.5,5.07647705078125,7.5,5.0,4.5,3.625,4.984375,3.9375,48.6875,17.0,47.11572265625,16.5,5.75,3.75,5.3125,3.4375,5.0625,3.5,3.875,2.5,99.2119140625,94.125,638.5,0,0,0,0,0,0,0,0,0,0,0,0,0,0,172.72,177.8,155.0,0.25,0.0,0.285,0.5675,0.0825,0.25,1.125,0.625,0.0,0.0,9.625,2.75,12.0,7.125,17.875,10.5,50.625,44.75,0.375,0.25,1.75,1.5,6.75,1.5,8.5,3.75,1.5,0.625,0.375,0.25,1.375,0.625,3.125,3.125,7.875,1.375,4.5,2.25,1.375,1.125,2.5,2.375,0.375,0.25,5.0,2.5,28.875,220.25,297.375,6,0,0,1,2,2,2,0,0,0,0,0,2,0,177.8,177.8,155.0,27.0,26.0,0,0,0,0,0,0,0,0,0,1,0,0,0,0,0,1,0,0,0,0,1,0,0,0
Red,False,0.0,0.0,0.45,0.4449999999999999,0.875,0.385,2.0,1.5,0.0,0.5,73.5,31.5,45.0,18.5,128.0,81.5,73.0,43.5,2.5,2.0,9.0,3.5,54.0,17.5,36.5,12.0,13.5,8.0,7.0,5.0,6.0,6.0,1.5,1.5,44.5,15.0,25.5,6.0,14.5,8.0,7.0,4.5,14.5,8.5,12.5,8.0,183.5,415.0,900.0,6,1,0,1,1,1,1,0,0,0,1,0,0,0,182.88,187.96,170.0,0.0,0.5,0.165,0.69,0.0,0.375,0.5,1.5,1.5,0.0,21.5,7.0,13.5,5.5,51.0,31.5,24.5,15.0,0.0,0.0,6.0,4.5,17.0,3.5,11.0,3.0,2.0,1.5,1.5,1.5,2.5,2.0,1.0,1.0,15.0,3.5,8.0,3.0,5.5,3.5,1.0,0.5,1.0,0.0,4.5,2.0,19.5,220.5,335.5,4,0,1,0,1,1,1,0,0,0,0,0,0,1,182.88,185.42,170.0,26.0,26.0,0,0,0,0,0,0,0,0,0,1,0,0,0,0,0,1,0,0,0,0,1,0,0,0
Red,False,0.5,0.0,0.38125,0.5825,0.2975,0.1525,1.125,0.375,0.125,0.125,77.875,29.5,87.125,45.625,102.625,52.625,108.125,65.5,4.625,1.375,1.75,0.375,68.75,22.25,62.875,26.125,5.625,5.375,12.25,10.5,3.5,1.875,12.0,9.0,61.375,18.375,68.5,30.625,9.625,7.375,17.5,14.25,6.875,3.75,1.125,0.75,253.75,49.125,742.5,10,1,0,1,3,3,1,0,0,0,2,0,1,0,193.04,200.66,205.0,1.0,0.0,0.405,0.25,0.405,0.33,0.0,1.5,0.0,0.0,84.0,35.5,118.0,30.0,99.0,49.5,140.5,52.0,5.5,4.5,2.0,1.0,80.5,32.5,101.5,21.0,3.5,3.0,16.0,8.5,0.0,0.0,0.5,0.5,65.0,25.0,94.5,20.5,12.0,7.5,21.5,8.0,7.0,3.0,2.0,1.5,345.5,49.0,900.0,6,1,2,0,2,2,0,0,0,2,0,0,0,0,182.88,190.5,205.0,29.0,26.0,0,0,0,0,0,1,0,0,0,0,0,0,0,0,0,1,0,0,0,0,1,0,0,0
Red,False,0.015625,0.0,0.45,0.4275,0.25,0.2,0.148468017578125,0.098388671875,0.0,0.0,66.5,29.6875,64.31230545043945,27.34375,89.75,48.0,85.53125,44.41152191162109,2.0,0.75,2.0546875,0.75,51.1875,18.3359375,49.6123046875,16.280410766601562,7.5,5.07647705078125,7.5,5.0,4.5,3.625,4.984375,3.9375,48.6875,17.0,47.11572265625,16.5,5.75,3.75,5.3125,3.4375,5.0625,3.5,3.875,2.5,99.2119140625,94.125,638.5,0,0,0,0,0,0,0,0,0,0,0,0,0,0,182.88,182.88,205.0,0.0,1.0,0.33,0.43,0.0,0.5,0.0,1.0,0.0,0.0,9.0,3.0,16.0,7.0,9.0,3.0,24.0,13.0,0.0,0.0,2.0,1.0,9.0,3.0,14.0,5.0,0.0,0.0,1.0,1.0,0.0,0.0,1.0,1.0,4.0,1.0,7.0,2.0,5.0,2.0,7.0,4.0,0.0,0.0,2.0,1.0,20.0,60.0,114.0,1,0,0,1,0,0,1,0,0,0,0,0,0,0,190.5,198.12,205.0,34.0,27.0,0,0,0,0,0,1,0,0,0,0,0,0,0,0,1,0,0,0,0,0,1,0,0,0
Red,False,0.015625,0.0,0.45,0.4275,0.25,0.2,0.148468017578125,0.098388671875,0.0,0.0,66.5,29.6875,64.31230545043945,27.34375,89.75,48.0,85.53125,44.41152191162109,2.0,0.75,2.0546875,0.75,51.1875,18.3359375,49.6123046875,16.280410766601562,7.5,5.07647705078125,7.5,5.0,4.5,3.625,4.984375,3.9375,48.6875,17.0,47.11572265625,16.5,5.75,3.75,5.3125,3.4375,5.0625,3.5,3.875,2.5,99.2119140625,94.125,638.5,0,0,0,0,0,0,0,0,0,0,0,0,0,0,170.18,175.26,155.0,0.0,0.0,0.37,0.27,0.0,0.5,1.0,0.0,0.0,0.0,58.0,22.0,74.0,20.0,67.0,31.0,75.0,21.0,0.0,0.0,2.0,1.0,49.0,13.0,63.0,10.0,6.0,6.0,6.0,5.0,3.0,3.0,5.0,5.0,45.0,11.0,69.0,17.0,13.0,11.0,5.0,3.0,0.0,0.0,0.0,0.0,22.0,70.0,412.0,2,0,1,0,1,1,0,0,0,0,0,0,1,0,172.72,172.72,145.0,29.0,23.0,0,0,0,0,0,0,1,0,0,0,0,0,0,0,0,1,0,0,0,0,1,0,0,0
Red,False,0.25,0.0,0.50125,0.515,0.6799999999999999,0.15625,0.125,0.25,0.0,0.0,56.5625,24.4375,27.0,13.5625,155.4375,120.0625,39.125,25.6875,4.125,2.875,2.75,0.1875,42.6875,17.25,19.125,6.5625,11.4375,5.875,3.3125,2.5,2.4375,1.3125,4.5625,4.5,11.4375,2.6875,9.1875,3.875,29.3125,12.1875,17.4375,9.5,15.8125,9.5625,0.375,0.1875,350.8125,83.1875,563.9375,9,0,5,0,5,5,0,0,0,1,1,2,1,0,180.34,185.42,185.0,0.0471682548522949,0.0,0.45,0.4217682266235352,0.25,0.19173828125,0.1875,0.125,0.0,0.0,69.5,30.5,66.984375,27.8466796875,94.0,48.544921875,88.50390625,44.75,2.0,0.8125,2.015625,0.6640625,54.0,19.01513671875,51.483436584472656,16.9437255859375,7.91796875,5.430633544921875,7.75,5.0625,4.780975341796875,3.9373779296875,4.8994140625,3.84375,51.025390625,18.400863647460938,50.515625,17.5,5.75,3.75,5.5,3.5,5.375,3.6875,4.0,2.65625,104.865234375,89.5,655.8441009521484,0,0,0,0,0,0,0,0,0,0,0,0,0,0,187.96,195.58,185.0,25.0,31.0,0,0,0,0,0,0,0,1,0,0,0,0,0,0,0,0,0,1,0,0,0,0,1,0
Red,False,0.5,0.0,0.4674999999999999,0.54,0.5,0.125,0.0,1.25,0.0,0.25,29.5,12.25,32.0,12.75,54.75,32.75,38.5,19.0,1.0,1.0,1.0,0.25,21.5,6.75,24.25,7.5,4.25,3.75,4.5,2.75,3.75,1.75,3.25,2.5,14.0,4.0,20.25,5.75,5.75,4.0,11.25,6.5,9.75,4.25,0.5,0.5,118.25,49.25,269.0,4,0,0,1,2,2,1,0,0,0,0,2,0,0,175.26,177.8,170.0,0.5,0.0,0.505,0.635,0.73,0.29,1.5,2.0,0.0,0.0,49.5,25.0,27.5,17.0,159.5,134.0,30.0,19.5,5.5,4.0,3.5,1.0,41.5,18.5,11.5,2.0,5.0,4.0,1.0,1.0,3.0,2.5,15.0,14.0,13.5,6.0,11.0,2.5,12.5,6.5,16.5,14.5,23.5,12.5,0.0,0.0,460.5,175.0,748.5,5,0,2,0,2,2,0,0,0,0,1,0,1,0,182.88,187.96,170.0,22.0,28.0,0,0,0,0,0,0,0,0,0,1,0,0,0,0,0,1,0,0,0,0,1,0,0,0
Red,False,0.0,0.0,0.665,0.45,0.25,0.165,2.0,0.5,0.0,0.5,23.0,16.0,7.0,5.0,32.5,25.0,21.5,18.0,1.0,0.5,1.5,0.5,18.5,11.5,3.5,1.5,4.5,4.5,3.0,3.0,0.0,0.0,0.5,0.5,1.5,0.0,0.5,0.0,2.0,2.0,2.5,1.5,19.5,14.0,4.0,3.5,151.0,90.5,264.5,2,0,1,0,1,1,1,0,0,0,0,1,0,0,190.5,190.5,235.0,0.5,0.0,0.61,0.4499999999999999,0.25,0.125,0.5,0.0,0.0,0.0,27.5,19.0,17.5,9.0,49.5,39.5,25.0,16.0,2.0,0.5,2.0,0.5,19.0,10.5,13.0,4.5,5.0,5.0,0.5,0.5,3.5,3.5,4.0,4.0,6.5,1.0,5.5,1.5,12.5,10.5,9.5,5.5,8.5,7.5,2.5,2.0,113.5,117.5,285.5,3,0,2,0,2,2,0,0,0,0,0,1,1,0,190.5,190.5,185.0,32.0,31.0,0,0,0,0,0,1,0,0,0,0,0,0,0,0,0,1,0,0,0,0,1,0,0,0
Red,False,0.0,0.75,0.29125,0.5825,0.125,0.125,0.625,0.0,0.25,0.0,39.75,17.375,15.375,8.375,69.0,45.0,34.125,26.75,0.125,0.125,5.625,1.5,29.375,8.75,13.75,7.125,4.75,4.25,1.25,0.875,5.625,4.375,0.375,0.375,22.875,6.25,12.125,6.125,11.0,7.625,2.25,1.25,5.875,3.5,1.0,1.0,132.25,138.5,395.0,11,2,2,0,2,2,2,0,0,0,2,0,0,0,177.8,177.8,170.0,0.0,0.25,0.3175,0.385,0.91625,0.0,0.625,1.375,0.0,0.0,11.875,4.75,6.75,2.375,38.625,30.625,14.125,9.75,3.125,2.875,0.0,0.0,10.625,4.625,5.625,1.75,0.0,0.0,0.25,0.0,1.25,0.125,0.875,0.625,6.125,0.75,6.25,1.875,0.0,0.0,0.5,0.5,5.75,4.0,0.0,0.0,305.875,8.0,368.25,6,0,2,0,2,3,1,0,0,0,0,1,2,0,177.8,185.42,170.0,31.0,28.0,0,0,0,0,0,0,0,0,0,1,0,0,0,0,0,1,0,0,0,0,1,0,0,0
Red,False,0.0,0.0,0.5,0.58,0.0,0.5,1.0,2.0,0.0,0.0,4.0,2.0,17.0,10.0,8.0,6.0,24.0,16.0,0.0,0.0,2.0,1.0,1.0,0.0,11.0,6.0,2.0,1.0,3.0,2.0,1.0,1.0,3.0,2.0,2.0,1.0,1.0,1.0,2.0,1.0,7.0,3.0,0.0,0.0,9.0,6.0,19.0,132.0,194.0,1,0,0,1,0,0,1,0,0,0,0,0,0,0,180.34,180.34,185.0,0.0471682548522949,0.0,0.45,0.4217682266235352,0.25,0.19173828125,0.1875,0.125,0.0,0.0,69.5,30.5,66.984375,27.8466796875,94.0,48.544921875,88.50390625,44.75,2.0,0.8125,2.015625,0.6640625,54.0,19.01513671875,51.483436584472656,16.9437255859375,7.91796875,5.430633544921875,7.75,5.0625,4.780975341796875,3.9373779296875,4.8994140625,3.84375,51.025390625,18.400863647460938,50.515625,17.5,5.75,3.75,5.5,3.5,5.375,3.6875,4.0,2.65625,104.865234375,89.5,655.8441009521484,0,0,0,0,0,0,0,0,0,0,0,0,0,0,185.42,190.5,170.0,26.0,25.0,0,0,0,0,0,0,0,1,0,0,0,0,0,0,0,1,0,0,0,0,1,0,0,0
Red,False,0.015625,0.0,0.45,0.4275,0.25,0.2,0.148468017578125,0.098388671875,0.0,0.0,66.5,29.6875,64.31230545043945,27.34375,89.75,48.0,85.53125,44.41152191162109,2.0,0.75,2.0546875,0.75,51.1875,18.3359375,49.6123046875,16.280410766601562,7.5,5.07647705078125,7.5,5.0,4.5,3.625,4.984375,3.9375,48.6875,17.0,47.11572265625,16.5,5.75,3.75,5.3125,3.4375,5.0625,3.5,3.875,2.5,99.2119140625,94.125,638.5,0,0,0,0,0,0,0,0,0,0,0,0,0,0,172.72,172.72,170.0,0.0471682548522949,0.0,0.45,0.4217682266235352,0.25,0.19173828125,0.1875,0.125,0.0,0.0,69.5,30.5,66.984375,27.8466796875,94.0,48.544921875,88.50390625,44.75,2.0,0.8125,2.015625,0.6640625,54.0,19.01513671875,51.483436584472656,16.9437255859375,7.91796875,5.430633544921875,7.75,5.0625,4.780975341796875,3.9373779296875,4.8994140625,3.84375,51.025390625,18.400863647460938,50.515625,17.5,5.75,3.75,5.5,3.5,5.375,3.6875,4.0,2.65625,104.865234375,89.5,655.8441009521484,0,0,0,0,0,0,0,0,0,0,0,0,0,0,187.96,195.58,185.0,26.0,30.0,0,0,0,0,0,0,0,1,0,0,0,0,0,0,0,1,0,0,0,0,1,0,0,0
Red,False,0.015625,0.0,0.45,0.4275,0.25,0.2,0.148468017578125,0.098388671875,0.0,0.0,66.5,29.6875,64.31230545043945,27.34375,89.75,48.0,85.53125,44.41152191162109,2.0,0.75,2.0546875,0.75,51.1875,18.3359375,49.6123046875,16.280410766601562,7.5,5.07647705078125,7.5,5.0,4.5,3.625,4.984375,3.9375,48.6875,17.0,47.11572265625,16.5,5.75,3.75,5.3125,3.4375,5.0625,3.5,3.875,2.5,99.2119140625,94.125,638.5,0,0,0,0,0,0,0,0,0,0,0,0,0,0,180.34,180.34,155.0,0.0471682548522949,0.0,0.45,0.4217682266235352,0.25,0.19173828125,0.1875,0.125,0.0,0.0,69.5,30.5,66.984375,27.8466796875,94.0,48.544921875,88.50390625,44.75,2.0,0.8125,2.015625,0.6640625,54.0,19.01513671875,51.483436584472656,16.9437255859375,7.91796875,5.430633544921875,7.75,5.0625,4.780975341796875,3.9373779296875,4.8994140625,3.84375,51.025390625,18.400863647460938,50.515625,17.5,5.75,3.75,5.5,3.5,5.375,3.6875,4.0,2.65625,104.865234375,89.5,655.8441009521484,0,0,0,0,0,0,0,0,0,0,0,0,0,0,190.5,187.96,185.0,22.0,31.0,0,0,0,0,0,0,0,1,0,0,0,0,0,0,0,1,0,0,0,0,1,0,0,0
Red,True,0.015625,0.0,0.45,0.4275,0.25,0.2,0.148468017578125,0.098388671875,0.0,0.0,66.5,29.6875,64.31230545043945,27.34375,89.75,48.0,85.53125,44.41152191162109,2.0,0.75,2.0546875,0.75,51.1875,18.3359375,49.6123046875,16.280410766601562,7.5,5.07647705078125,7.5,5.0,4.5,3.625,4.984375,3.9375,48.6875,17.0,47.11572265625,16.5,5.75,3.75,5.3125,3.4375,5.0625,3.5,3.875,2.5,99.2119140625,94.125,638.5,0,0,0,0,0,0,0,0,0,0,0,0,0,0,175.26,175.26,170.0,0.0471682548522949,0.0,0.45,0.4217682266235352,0.25,0.19173828125,0.1875,0.125,0.0,0.0,69.5,30.5,66.984375,27.8466796875,94.0,48.544921875,88.50390625,44.75,2.0,0.8125,2.015625,0.6640625,54.0,19.01513671875,51.483436584472656,16.9437255859375,7.91796875,5.430633544921875,7.75,5.0625,4.780975341796875,3.9373779296875,4.8994140625,3.84375,51.025390625,18.400863647460938,50.515625,17.5,5.75,3.75,5.5,3.5,5.375,3.6875,4.0,2.65625,104.865234375,89.5,655.8441009521484,0,0,0,0,0,0,0,0,0,0,0,0,0,0,185.42,190.5,185.0,28.0,27.0,0,0,0,0,0,1,0,0,0,0,0,0,0,0,0,1,0,0,0,0,1,0,0,0
Red,True,0.015625,0.0,0.45,0.4275,0.25,0.2,0.148468017578125,0.098388671875,0.0,0.0,66.5,29.6875,64.31230545043945,27.34375,89.75,48.0,85.53125,44.41152191162109,2.0,0.75,2.0546875,0.75,51.1875,18.3359375,49.6123046875,16.280410766601562,7.5,5.07647705078125,7.5,5.0,4.5,3.625,4.984375,3.9375,48.6875,17.0,47.11572265625,16.5,5.75,3.75,5.3125,3.4375,5.0625,3.5,3.875,2.5,99.2119140625,94.125,638.5,0,0,0,0,0,0,0,0,0,0,0,0,0,0,185.42,195.58,205.0,0.0471682548522949,0.0,0.45,0.4217682266235352,0.25,0.19173828125,0.1875,0.125,0.0,0.0,69.5,30.5,66.984375,27.8466796875,94.0,48.544921875,88.50390625,44.75,2.0,0.8125,2.015625,0.6640625,54.0,19.01513671875,51.483436584472656,16.9437255859375,7.91796875,5.430633544921875,7.75,5.0625,4.780975341796875,3.9373779296875,4.8994140625,3.84375,51.025390625,18.400863647460938,50.515625,17.5,5.75,3.75,5.5,3.5,5.375,3.6875,4.0,2.65625,104.865234375,89.5,655.8441009521484,0,0,0,0,0,0,0,0,0,0,0,0,0,0,198.12,200.66,185.0,25.0,23.0,0,0,0,0,0,0,0,1,0,0,0,0,0,0,0,1,0,0,0,0,1,0,0,0
Red,False,0.015625,0.0,0.45,0.4275,0.25,0.2,0.148468017578125,0.098388671875,0.0,0.0,66.5,29.6875,64.31230545043945,27.34375,89.75,48.0,85.53125,44.41152191162109,2.0,0.75,2.0546875,0.75,51.1875,18.3359375,49.6123046875,16.280410766601562,7.5,5.07647705078125,7.5,5.0,4.5,3.625,4.984375,3.9375,48.6875,17.0,47.11572265625,16.5,5.75,3.75,5.3125,3.4375,5.0625,3.5,3.875,2.5,99.2119140625,94.125,638.5,0,0,0,0,0,0,0,0,0,0,0,0,0,0,180.34,180.34,185.0,0.0,0.0,0.51,0.4,0.0,0.71,0.0,0.0,0.0,0.0,39.0,20.0,90.0,36.0,60.0,41.0,259.0,200.0,5.0,0.0,7.0,5.0,27.0,9.0,68.0,26.0,4.0,3.0,18.0,8.0,8.0,8.0,4.0,2.0,11.0,5.0,17.0,4.0,28.0,15.0,51.0,20.0,0.0,0.0,22.0,12.0,121.0,573.0,900.0,3,0,0,1,0,0,1,0,0,0,0,0,0,0,172.72,177.8,170.0,33.0,25.0,0,0,0,0,0,0,0,1,0,0,0,0,0,0,0,0,0,1,0,0,1,0,0,0
Red,False,0.015625,0.0,0.45,0.4275,0.25,0.2,0.148468017578125,0.098388671875,0.0,0.0,66.5,29.6875,64.31230545043945,27.34375,89.75,48.0,85.53125,44.41152191162109,2.0,0.75,2.0546875,0.75,51.1875,18.3359375,49.6123046875,16.280410766601562,7.5,5.07647705078125,7.5,5.0,4.5,3.625,4.984375,3.9375,48.6875,17.0,47.11572265625,16.5,5.75,3.75,5.3125,3.4375,5.0625,3.5,3.875,2.5,99.2119140625,94.125,638.5,0,0,0,0,0,0,0,0,0,0,0,0,0,0,187.96,190.5,185.0,0.0471682548522949,0.0,0.45,0.4217682266235352,0.25,0.19173828125,0.1875,0.125,0.0,0.0,69.5,30.5,66.984375,27.8466796875,94.0,48.544921875,88.50390625,44.75,2.0,0.8125,2.015625,0.6640625,54.0,19.01513671875,51.483436584472656,16.9437255859375,7.91796875,5.430633544921875,7.75,5.0625,4.780975341796875,3.9373779296875,4.8994140625,3.84375,51.025390625,18.400863647460938,50.515625,17.5,5.75,3.75,5.5,3.5,5.375,3.6875,4.0,2.65625,104.865234375,89.5,655.8441009521484,0,0,0,0,0,0,0,0,0,0,0,0,0,0,185.42,193.04,205.0,21.0,29.0,0,0,0,0,0,1,0,0,0,0,0,0,0,0,0,0,0,1,0,0,1,0,0,0
Red,False,0.0,0.0,0.33,0.35,0.0,0.44,0.0,3.0,0.0,1.0,183.0,62.0,148.0,53.0,199.0,76.0,172.0,77.0,0.0,0.0,9.0,4.0,152.0,38.0,116.0,31.0,22.0,15.0,24.0,15.0,9.0,9.0,8.0,7.0,148.0,40.0,116.0,36.0,29.0,19.0,18.0,12.0,6.0,3.0,14.0,5.0,60.0,259.0,900.0,3,0,1,0,1,1,0,0,0,1,0,0,0,0,175.26,177.8,155.0,0.0,0.0,0.5125,0.4975,0.31,0.125,1.0,0.0,0.0,0.0,28.0,15.0,29.25,12.0,44.75,30.25,33.5,15.75,4.5,1.75,0.5,0.25,17.5,7.75,26.75,10.0,8.75,6.5,2.0,1.5,1.75,0.75,0.5,0.5,11.5,5.0,11.25,1.75,10.0,6.75,11.75,6.0,6.5,3.25,6.25,4.25,139.5,46.75,328.75,5,1,0,1,2,2,1,0,0,0,0,0,1,1,177.8,187.96,145.0,22.0,30.0,0,0,0,0,0,0,1,0,0,0,0,0,0,0,0,1,0,0,0,0,0,0,1,0
Red,False,0.015625,0.0,0.45,0.4275,0.25,0.2,0.148468017578125,0.098388671875,0.0,0.0,66.5,29.6875,64.31230545043945,27.34375,89.75,48.0,85.53125,44.41152191162109,2.0,0.75,2.0546875,0.75,51.1875,18.3359375,49.6123046875,16.280410766601562,7.5,5.07647705078125,7.5,5.0,4.5,3.625,4.984375,3.9375,48.6875,17.0,47.11572265625,16.5,5.75,3.75,5.3125,3.4375,5.0625,3.5,3.875,2.5,99.2119140625,94.125,638.5,0,0,0,0,0,0,0,0,0,0,0,0,0,0,185.42,193.04,185.0,0.25,0.5,0.4425,0.2925,0.0,0.1825,0.0,0.5,0.0,0.0,119.5,53.25,81.75,25.25,145.0,77.75,94.25,37.25,0.5,0.0,6.0,1.75,92.25,30.5,69.5,15.5,11.0,9.5,7.5,7.0,16.25,13.25,4.75,2.75,106.0,42.75,74.75,19.5,13.5,10.5,6.25,5.25,0.0,0.0,0.75,0.5,14.0,212.75,802.0,8,0,2,0,2,2,1,0,0,0,1,1,0,0,187.96,193.04,185.0,27.0,30.0,0,0,0,0,0,1,0,0,0,0,0,0,0,0,0,1,0,0,0,0,1,0,0,0
Red,False,0.015625,0.0,0.45,0.4275,0.25,0.2,0.148468017578125,0.098388671875,0.0,0.0,66.5,29.6875,64.31230545043945,27.34375,89.75,48.0,85.53125,44.41152191162109,2.0,0.75,2.0546875,0.75,51.1875,18.3359375,49.6123046875,16.280410766601562,7.5,5.07647705078125,7.5,5.0,4.5,3.625,4.984375,3.9375,48.6875,17.0,47.11572265625,16.5,5.75,3.75,5.3125,3.4375,5.0625,3.5,3.875,2.5,99.2119140625,94.125,638.5,0,0,0,0,0,0,0,0,0,0,0,0,0,0,187.96,187.96,205.0,0.0471682548522949,0.0,0.45,0.4217682266235352,0.25,0.19173828125,0.1875,0.125,0.0,0.0,69.5,30.5,66.984375,27.8466796875,94.0,48.544921875,88.50390625,44.75,2.0,0.8125,2.015625,0.6640625,54.0,19.01513671875,51.483436584472656,16.9437255859375,7.91796875,5.430633544921875,7.75,5.0625,4.780975341796875,3.9373779296875,4.8994140625,3.84375,51.025390625,18.400863647460938,50.515625,17.5,5.75,3.75,5.5,3.5,5.375,3.6875,4.0,2.65625,104.865234375,89.5,655.8441009521484,0,0,0,0,0,0,0,0,0,0,0,0,0,0,193.04,193.04,205.0,33.0,34.0,0,0,0,0,0,1,0,0,0,0,0,0,0,0,0,1,0,0,0,0,1,0,0,0
Red,False,0.0,0.0,0.261015625,0.416328125,0.140625,0.78515625,1.11328125,0.0,0.03515625,0.03125,10.078125,3.1953125,14.15234375,6.46484375,212.7734375,204.8203125,73.921875,56.453125,0.86328125,0.15234375,0.78515625,0.78515625,4.765625,2.140625,11.4609375,3.79296875,1.75,0.4375,0.15625,0.140625,3.5625,0.6171875,2.53515625,2.53125,6.265625,0.6328125,1.7421875,0.5625,1.015625,0.640625,0.359375,0.234375,2.796875,1.921875,12.05078125,5.66796875,0.0,0.0,526.25390625,10,2,8,0,8,8,1,0,0,0,0,1,7,0,185.42,185.42,175.0,0.0,0.2509765625,0.564305419921875,0.359228515625,0.719288330078125,0.1453125,1.60400390625,0.5574951171875,0.328125,0.0810546875,15.732177734375,9.1563720703125,11.8016357421875,5.6339111328125,19.9326171875,12.8538818359375,22.3516845703125,15.909423828125,2.381591796875,1.2657470703125,0.181640625,0.1640625,10.8739013671875,4.362548828125,9.7994384765625,3.6942138671875,4.6004638671875,4.5360107421875,2.001220703125,1.938720703125,0.2578125,0.2578125,0.0009765625,0.0009765625,5.9942626953125,1.8453369140625,5.332763671875,0.7457275390625,1.3482666015625,1.285400390625,2.667724609375,2.399658203125,8.3896484375,6.025634765625,3.8011474609375,2.488525390625,165.138427734375,42.65478515625,287.715087890625,29,9,2,0,6,12,2,0,0,0,3,3,4,2,175.26,185.42,170.0,39.0,32.0,0,1,0,0,0,0,0,0,0,0,0,0,0,0,0,0,0,1,0,0,0,0,0,1
Red,False,0.5,0.0,0.52,0.375,0.5,0.0,0.0,0.0,0.0,0.0,113.0,58.0,21.0,7.5,166.0,104.0,103.0,84.0,4.5,4.5,0.0,0.0,106.5,52.5,13.5,1.5,6.0,5.0,0.5,0.5,0.5,0.5,7.0,5.5,30.0,15.0,19.5,6.5,4.0,3.0,1.5,1.0,79.0,40.0,0.0,0.0,499.0,6.0,605.0,5,0,0,1,1,1,1,0,0,0,1,0,0,0,182.88,182.88,185.0,0.0471682548522949,0.0,0.45,0.4217682266235352,0.25,0.19173828125,0.1875,0.125,0.0,0.0,69.5,30.5,66.984375,27.8466796875,94.0,48.544921875,88.50390625,44.75,2.0,0.8125,2.015625,0.6640625,54.0,19.01513671875,51.483436584472656,16.9437255859375,7.91796875,5.430633544921875,7.75,5.0625,4.780975341796875,3.9373779296875,4.8994140625,3.84375,51.025390625,18.400863647460938,50.515625,17.5,5.75,3.75,5.5,3.5,5.375,3.6875,4.0,2.65625,104.865234375,89.5,655.8441009521484,0,0,0,0,0,0,0,0,0,0,0,0,0,0,185.42,190.5,185.0,24.0,30.0,0,0,0,0,0,1,0,0,0,0,0,0,0,0,0,1,0,0,0,0,1,0,0,0
Red,False,0.0,0.0,0.45,0.37,0.0,0.0,0.0,0.0,0.0,0.0,79.0,36.0,224.0,85.0,86.0,43.0,276.0,137.0,5.0,0.0,0.0,0.0,39.0,9.0,185.0,51.0,24.0,16.0,24.0,21.0,16.0,11.0,15.0,13.0,73.0,32.0,202.0,69.0,6.0,4.0,20.0,14.0,0.0,0.0,2.0,2.0,68.0,197.0,900.0,3,0,0,1,0,0,1,0,0,0,0,0,0,0,177.8,177.8,241.0,1.5,0.0,0.69,0.4399999999999999,0.0,0.25,0.0,0.0,0.0,0.0,25.5,17.5,19.5,7.0,31.0,23.0,30.5,18.0,0.5,0.0,1.0,0.5,8.0,3.5,13.5,3.5,9.5,7.5,1.0,0.5,8.0,6.5,5.0,3.0,14.5,8.0,14.0,2.5,9.5,8.5,3.0,2.5,1.5,1.0,2.5,2.0,107.0,56.0,293.5,3,0,2,0,2,2,0,0,0,0,0,2,0,0,190.5,198.12,230.0,31.0,28.0,0,0,0,0,1,0,0,0,0,0,0,0,0,0,0,1,0,0,0,0,1,0,0,0
Red,False,0.0,0.0,0.5,0.5,0.0,1.0,2.0,1.0,0.0,0.0,2.0,1.0,18.0,9.0,10.0,9.0,53.0,44.0,0.0,0.0,2.0,2.0,1.0,0.0,17.0,9.0,1.0,1.0,1.0,0.0,0.0,0.0,0.0,0.0,1.0,0.0,12.0,4.0,1.0,1.0,1.0,1.0,0.0,0.0,5.0,4.0,0.0,303.0,403.0,2,1,0,1,0,0,1,0,0,0,0,0,0,0,177.8,182.88,155.0,0.0,0.0,0.515,0.44,0.475,0.2,0.75,0.5,0.0,0.5,68.75,32.75,19.5,7.75,88.25,49.0,75.25,61.0,7.5,3.5,2.5,1.0,62.0,26.5,18.75,7.0,6.75,6.25,0.5,0.5,0.0,0.0,0.25,0.25,6.5,1.75,11.75,3.5,3.0,2.0,4.75,3.0,59.25,29.0,3.0,1.25,414.75,74.75,596.25,6,1,3,0,3,3,0,0,0,0,1,2,0,0,177.8,182.88,170.0,26.0,24.0,0,0,0,0,0,0,0,0,0,1,0,0,0,0,0,1,0,0,0,0,0,0,1,0
Red,False,0.0,0.5,0.40625,0.4443749999999999,0.41375,0.33,0.125,1.0625,0.1875,0.1875,66.5,29.8125,58.125,21.875,78.5625,41.1875,113.5625,73.4375,4.375,1.8125,4.5,0.5,60.125,24.625,44.0,12.375,6.125,4.9375,10.3125,6.8125,0.25,0.25,3.8125,2.6875,36.875,14.3125,36.625,8.375,20.6875,11.125,17.5,11.0,8.9375,4.375,4.0,2.5,112.3125,157.5,597.0625,9,0,1,0,1,3,2,0,0,0,1,1,0,1,182.88,177.8,185.0,0.5,0.0,0.6025,0.375,0.0,0.0,0.5,0.0,0.0,0.0,16.75,10.0,8.25,3.5,16.75,10.0,9.25,4.5,0.0,0.0,0.5,0.0,11.25,5.0,4.5,0.5,0.0,0.0,1.25,0.5,5.5,5.0,2.5,2.5,10.75,4.75,5.25,1.0,5.0,4.5,3.0,2.5,1.0,0.75,0.0,0.0,25.25,6.5,75.0,3,0,3,0,3,3,0,0,0,0,0,2,1,0,185.42,195.58,170.0,23.0,26.0,0,0,0,0,0,0,0,1,0,0,0,0,0,0,0,0,0,1,0,0,1,0,0,0
Red,False,0.0,0.0,0.4599999999999999,0.475,0.205,0.33,0.0,2.5,0.0,0.0,41.5,18.5,19.5,9.0,121.5,82.5,33.0,22.0,10.0,3.5,4.0,2.0,33.5,13.5,16.0,5.5,6.5,3.5,2.5,2.5,1.5,1.5,1.0,1.0,8.5,2.5,11.0,4.5,6.0,3.5,5.0,3.0,27.0,12.5,3.5,1.5,422.0,116.5,640.0,5,0,0,1,1,1,1,0,0,0,1,0,0,0,185.42,185.42,205.0,0.0,0.5,0.4659375,0.3994921875,0.036484375,0.38515625,0.6171875,0.265625,0.0,0.015625,60.125,28.14453125,88.734375,35.61328125,81.05859375,47.5234375,114.76171875,59.0703125,3.71875,0.10546875,5.05078125,3.53515625,44.7890625,15.15625,75.61328125,23.19140625,8.73046875,7.09375,4.9296875,4.24609375,6.60546875,5.89453125,8.19140625,8.17578125,39.90234375,17.2421875,62.390625,19.078125,18.16015625,9.61328125,13.1484375,10.62109375,2.0625,1.2890625,13.1953125,5.9140625,90.265625,298.71875,773.68359375,15,2,0,2,4,5,4,0,0,0,1,1,3,0,185.42,187.96,185.0,29.0,30.0,0,0,0,0,0,0,0,1,0,0,0,0,0,0,0,0,0,1,0,0,1,0,0,0
Red,False,0.0,2.0,0.31,0.68,0.5,0.0,0.0,0.0,0.0,0.0,32.0,10.0,41.0,28.0,50.0,28.0,52.0,39.0,2.0,1.0,1.0,0.0,24.0,7.0,12.0,4.0,2.0,1.0,16.0,13.0,6.0,2.0,13.0,11.0,25.0,5.0,22.0,12.0,2.0,1.0,17.0,15.0,5.0,4.0,2.0,1.0,77.0,203.0,502.0,2,0,0,1,0,0,1,0,0,0,0,0,0,0,190.5,190.5,257.0,1.0,0.0,0.41,0.33,0.22,0.0,2.0,0.0,0.0,0.0,56.0,23.0,53.0,18.0,98.0,63.0,54.0,19.0,9.0,2.0,0.0,0.0,44.0,13.0,49.0,15.0,1.0,1.0,2.0,2.0,11.0,9.0,2.0,1.0,34.0,11.0,52.0,17.0,3.0,1.0,1.0,1.0,19.0,11.0,0.0,0.0,291.0,5.0,879.0,3,0,1,0,1,1,0,0,0,0,0,1,0,0,187.96,193.04,242.0,33.0,27.0,0,0,0,0,1,0,0,0,0,0,0,0,0,0,0,1,0,0,0,0,1,0,0,0
Red,False,0.015625,0.0,0.45,0.4275,0.25,0.2,0.148468017578125,0.098388671875,0.0,0.0,66.5,29.6875,64.31230545043945,27.34375,89.75,48.0,85.53125,44.41152191162109,2.0,0.75,2.0546875,0.75,51.1875,18.3359375,49.6123046875,16.280410766601562,7.5,5.07647705078125,7.5,5.0,4.5,3.625,4.984375,3.9375,48.6875,17.0,47.11572265625,16.5,5.75,3.75,5.3125,3.4375,5.0625,3.5,3.875,2.5,99.2119140625,94.125,638.5,0,0,0,0,0,0,0,0,0,0,0,0,0,0,177.8,172.72,155.0,0.0,0.0,0.36,0.35,0.345,0.375,2.25,0.0,0.5,0.0,99.25,36.0,110.5,38.0,115.0,51.5,141.25,63.25,5.0,2.25,1.75,1.25,77.75,21.0,90.75,22.5,16.5,10.75,13.5,9.75,5.0,4.25,6.25,5.75,78.25,24.75,81.25,21.25,13.75,8.5,19.0,12.75,7.25,2.75,10.25,4.0,148.25,149.25,670.75,6,0,2,0,2,2,1,0,0,0,0,0,1,1,170.18,172.72,155.0,22.0,30.0,0,0,0,0,0,0,1,0,0,0,0,0,0,0,0,1,0,0,0,0,0,0,1,0
Red,False,0.015625,0.0,0.45,0.4275,0.25,0.2,0.148468017578125,0.098388671875,0.0,0.0,66.5,29.6875,64.31230545043945,27.34375,89.75,48.0,85.53125,44.41152191162109,2.0,0.75,2.0546875,0.75,51.1875,18.3359375,49.6123046875,16.280410766601562,7.5,5.07647705078125,7.5,5.0,4.5,3.625,4.984375,3.9375,48.6875,17.0,47.11572265625,16.5,5.75,3.75,5.3125,3.4375,5.0625,3.5,3.875,2.5,99.2119140625,94.125,638.5,0,0,0,0,0,0,0,0,0,0,0,0,0,0,175.26,175.26,155.0,0.0,0.0,0.345,0.255,1.0,0.5,0.5,1.0,0.0,0.0,45.0,15.0,12.5,3.0,47.0,16.5,49.5,37.5,2.5,2.5,1.0,0.5,37.5,10.5,11.0,2.5,3.5,1.0,0.0,0.0,4.0,3.5,1.5,0.5,23.5,5.5,10.0,1.5,1.5,0.5,0.0,0.0,20.0,9.0,2.5,1.5,149.0,95.0,367.5,3,0,1,0,1,1,1,0,0,0,0,0,0,1,175.26,180.34,155.0,29.0,23.0,0,0,0,0,0,0,1,0,0,0,0,0,0,0,0,1,0,0,0,0,1,0,0,0
Red,True,0.765625,0.0078125,0.4396875,0.308515625,0.00390625,0.0009765625,0.2578125,0.00390625,0.0,0.00390625,25.328125,13.91015625,10.60546875,2.75,25.94921875,14.46875,11.23828125,3.3828125,0.0078125,0.00390625,0.47265625,0.0078125,20.125,9.66796875,9.6796875,2.04296875,0.6640625,0.4140625,0.05078125,0.01953125,4.5390625,3.828125,0.875,0.6875,20.46484375,10.88671875,9.828125,2.52734375,3.39453125,2.1484375,0.63671875,0.11328125,1.46875,0.875,0.140625,0.109375,5.88671875,1.84765625,112.640625,14,3,1,0,6,7,2,0,0,0,0,5,2,0,190.5,195.58,240.0,0.296875,0.125,0.4090625,0.4559375,0.0625,0.0,0.0,0.328125,0.0,0.0,134.859375,53.28125,52.890625,22.796875,161.4375,79.84375,56.4375,26.34375,0.0625,0.0625,2.546875,0.0,112.203125,33.453125,31.015625,7.421875,12.84375,11.28125,12.359375,8.359375,9.8125,8.546875,9.515625,7.015625,121.609375,43.53125,49.328125,20.75,11.984375,8.546875,3.0625,2.046875,1.265625,1.203125,0.5,0.0,101.953125,35.0,546.5625,10,4,3,0,3,5,2,0,0,0,1,4,0,0,203.2,203.2,265.0,27.0,30.0,0,0,0,0,1,0,0,0,0,0,0,0,0,0,0,1,0,0,0,0,1,0,0,0
Red,False,0.0,0.0,0.5599999999999999,0.3,0.25,0.7,0.5,0.5,0.0,0.0,36.0,21.5,8.0,2.0,61.5,45.5,14.5,8.0,2.0,0.5,3.0,1.5,26.5,12.0,5.5,0.5,5.0,5.0,2.0,1.5,4.5,4.5,0.5,0.0,16.5,6.0,5.5,0.0,0.5,0.5,1.0,1.0,19.0,15.0,1.5,1.0,122.0,105.0,306.0,3,0,2,0,2,2,0,0,0,0,0,1,1,0,193.04,193.04,232.0,0.0,0.0,0.6375,0.58125,0.285,0.1875,0.5,0.75,0.5,0.0,20.75,11.375,31.625,18.875,54.5,42.75,54.75,40.625,5.625,1.25,1.125,0.75,13.75,5.125,22.5,10.875,5.375,4.875,5.375,5.125,1.625,1.375,3.75,2.875,5.125,1.0,14.75,5.75,5.5,3.375,8.25,6.125,10.125,7.0,8.625,7.0,210.25,161.0,520.0,9,0,1,0,1,2,2,0,0,0,1,0,1,0,175.26,187.96,247.0,27.0,35.0,0,0,0,0,1,0,0,0,0,0,0,0,0,0,0,1,0,0,0,0,1,0,0,0
Red,False,0.015625,0.0,0.45,0.4275,0.25,0.2,0.148468017578125,0.098388671875,0.0,0.0,66.5,29.6875,64.31230545043945,27.34375,89.75,48.0,85.53125,44.41152191162109,2.0,0.75,2.0546875,0.75,51.1875,18.3359375,49.6123046875,16.280410766601562,7.5,5.07647705078125,7.5,5.0,4.5,3.625,4.984375,3.9375,48.6875,17.0,47.11572265625,16.5,5.75,3.75,5.3125,3.4375,5.0625,3.5,3.875,2.5,99.2119140625,94.125,638.5,0,0,0,0,0,0,0,0,0,0,0,0,0,0,180.34,180.34,185.0,0.25,0.0390625,0.5240515136718751,0.37273193359375,0.44455078125,0.1887548828125,1.3170166015625,0.3828125,0.0,1.25,44.5714111328125,19.5701904296875,90.001708984375,32.618896484375,84.58447265625,50.29296875,95.0858154296875,37.4322509765625,3.70751953125,1.93408203125,0.3472900390625,0.3150634765625,30.599853515625,9.797119140625,82.5704345703125,27.5899658203125,11.2567138671875,7.1287841796875,4.8487548828125,3.0831298828125,2.71484375,2.644287109375,2.58251953125,1.94580078125,30.5341796875,9.7510986328125,74.2698974609375,21.9324951171875,4.0152587890625,2.672119140625,8.3021240234375,5.1046142578125,10.02197265625,7.14697265625,7.4296875,5.581787109375,232.829345703125,48.08740234375,635.0579833984375,23,3,3,0,4,10,4,0,0,0,2,4,3,1,182.88,187.96,185.0,25.0,35.0,0,0,0,0,0,0,0,1,0,0,0,0,0,0,0,1,0,0,0,0,1,0,0,0
Red,False,0.5,0.0,0.485,0.5349999999999999,0.305,0.0,0.5,0.0,0.0,0.0,88.0,37.75,61.25,23.5,97.25,47.0,63.25,25.5,2.5,0.75,0.0,0.0,72.75,27.25,54.5,18.25,8.0,4.5,1.0,0.75,7.25,6.0,5.75,4.5,68.0,25.0,54.0,18.5,17.75,10.75,7.25,5.0,2.25,2.0,0.0,0.0,72.5,4.75,364.5,5,1,3,0,3,3,0,0,0,0,1,1,1,0,190.5,195.58,205.0,0.0009765625,0.126953125,0.5589044189453125,0.452763671875,0.408038330078125,0.04375,0.03515625,0.50128173828125,0.0,0.50048828125,54.00653076171875,31.061279296875,44.65032958984375,21.3507080078125,134.400146484375,105.20294189453124,71.61566162109375,46.9742431640625,7.199951171875,2.8216552734375,1.12603759765625,0.515625,45.910888671875,24.16253662109375,41.06658935546875,17.9822998046875,3.90374755859375,2.83184814453125,2.14599609375,1.958984375,4.19189453125,4.06689453125,1.437744140625,1.409423828125,10.8287353515625,3.2979736328125,17.99371337890625,5.5133056640625,8.03271484375,6.3841552734375,10.341552734375,5.8973388671875,35.14508056640625,21.379150390625,16.3150634765625,9.9400634765625,522.74853515625,173.83154296875,866.8655395507812,38,9,1,0,6,11,4,0,0,1,3,5,1,1,190.5,187.96,205.0,27.0,31.0,0,0,0,0,0,1,0,0,0,0,0,0,0,0,0,1,0,0,0,0,1,0,0,0
Red,False,0.640625,0.0,0.39546875,0.3751562499999999,0.1228125,0.31625,0.90625,0.375,0.28125,0.015625,73.484375,27.953125,89.046875,37.421875,160.0625,109.921875,107.703125,54.140625,5.09375,0.625,7.21875,3.03125,59.765625,19.125,79.984375,29.6875,10.0,6.15625,8.9375,7.609375,3.71875,2.671875,0.125,0.125,47.4375,12.328125,42.453125,15.65625,20.5,12.84375,22.046875,11.515625,5.546875,2.78125,24.546875,10.25,154.5,241.25,748.546875,16,0,2,0,2,4,3,0,0,0,0,3,1,0,185.42,193.04,185.0,0.0,0.0,0.484375,0.45375,0.25625,0.5525,0.25,0.25,0.0,0.0,41.125,17.5625,81.4375,41.1875,101.5625,76.4375,109.375,68.625,4.5625,1.5625,3.75,2.75,31.75,9.6875,73.375,33.8125,3.0625,3.0625,6.875,6.25,6.3125,4.8125,1.1875,1.125,26.6875,7.1875,47.5,19.9375,5.6875,4.625,4.9375,4.0,8.75,5.75,29.0,17.25,190.5625,318.75,736.4375,13,1,3,0,3,3,2,0,0,0,1,0,1,1,167.64,170.18,155.0,22.0,32.0,0,0,0,0,0,0,0,0,0,1,0,0,0,0,0,0,0,1,0,0,1,0,0,0
Red,False,0.0,0.0,0.44,0.35,1.0,0.6,3.0,0.0,3.0,1.0,107.0,48.0,40.0,14.0,170.0,108.0,49.0,23.0,1.0,1.0,5.0,3.0,89.0,31.0,35.0,9.0,15.0,14.0,4.0,4.0,3.0,3.0,1.0,1.0,55.0,13.0,27.0,7.0,15.0,6.0,8.0,3.0,37.0,29.0,5.0,4.0,429.0,246.0,900.0,3,0,1,0,1,1,0,0,0,0,1,0,0,0,185.42,187.96,170.0,0.0,0.5,0.415625,0.399375,0.714375,0.359375,1.8125,0.75,0.125,1.75,91.6875,39.5,54.9375,22.375,143.3125,85.375,98.1875,64.9375,9.5,7.0625,1.8125,1.0,86.8125,36.1875,44.5,14.125,3.9375,2.4375,6.5625,4.9375,0.9375,0.875,3.875,3.3125,34.3125,10.6875,39.3125,11.375,6.75,3.0625,6.4375,4.1875,50.625,25.75,9.1875,6.8125,437.375,92.3125,858.25,13,0,1,0,3,4,1,0,0,1,2,0,1,0,177.8,182.88,170.0,24.0,23.0,0,0,0,0,0,0,0,0,0,1,0,0,0,0,0,1,0,0,0,0,1,0,0,0
Red,False,0.0,1.0,0.92,0.85,0.5,0.0,0.0,0.0,0.0,0.0,13.0,12.0,7.0,6.0,34.0,33.0,10.0,9.0,4.0,2.0,0.0,0.0,9.0,8.0,4.0,3.0,4.0,4.0,1.0,1.0,0.0,0.0,2.0,2.0,0.0,0.0,5.0,4.0,3.0,3.0,2.0,2.0,10.0,9.0,0.0,0.0,287.0,4.0,309.0,2,0,0,1,0,0,1,0,0,0,0,0,0,0,172.72,180.34,185.0,1.0,0.0,0.43,0.33,0.5,0.0,1.0,0.0,0.0,0.0,16.0,7.0,9.0,3.0,24.0,13.0,9.0,3.0,2.0,1.0,0.0,0.0,14.0,5.0,9.0,3.0,1.0,1.0,0.0,0.0,1.0,1.0,0.0,0.0,7.0,2.0,4.0,1.0,7.0,4.0,5.0,2.0,2.0,1.0,0.0,0.0,60.0,20.0,114.0,1,0,1,0,1,1,0,0,0,0,0,0,1,0,190.5,190.5,185.0,25.0,30.0,0,0,0,0,0,1,0,0,0,0,0,0,0,0,0,1,0,0,0,0,1,0,0,0
Red,False,0.015625,0.0,0.45,0.4275,0.25,0.2,0.148468017578125,0.098388671875,0.0,0.0,66.5,29.6875,64.31230545043945,27.34375,89.75,48.0,85.53125,44.41152191162109,2.0,0.75,2.0546875,0.75,51.1875,18.3359375,49.6123046875,16.280410766601562,7.5,5.07647705078125,7.5,5.0,4.5,3.625,4.984375,3.9375,48.6875,17.0,47.11572265625,16.5,5.75,3.75,5.3125,3.4375,5.0625,3.5,3.875,2.5,99.2119140625,94.125,638.5,0,0,0,0,0,0,0,0,0,0,0,0,0,0,182.88,177.8,185.0,0.5,0.0,0.575,0.335,0.5,0.0,0.5,0.0,0.0,0.0,8.0,4.5,14.5,9.5,9.0,4.5,39.0,31.0,1.0,1.0,0.0,0.0,7.0,4.0,14.0,9.0,0.0,0.0,0.5,0.5,1.0,0.5,0.0,0.0,3.0,1.0,0.5,0.0,2.5,1.5,0.5,0.5,2.5,2.0,13.5,9.0,14.5,94.5,149.5,2,1,1,0,1,1,1,0,0,0,0,1,0,0,185.42,185.42,185.0,26.0,28.0,0,0,0,0,0,0,0,1,0,0,0,0,0,0,0,1,0,0,0,0,0,0,1,0
Red,False,0.015625,0.0,0.45,0.4275,0.25,0.2,0.148468017578125,0.098388671875,0.0,0.0,66.5,29.6875,64.31230545043945,27.34375,89.75,48.0,85.53125,44.41152191162109,2.0,0.75,2.0546875,0.75,51.1875,18.3359375,49.6123046875,16.280410766601562,7.5,5.07647705078125,7.5,5.0,4.5,3.625,4.984375,3.9375,48.6875,17.0,47.11572265625,16.5,5.75,3.75,5.3125,3.4375,5.0625,3.5,3.875,2.5,99.2119140625,94.125,638.5,0,0,0,0,0,0,0,0,0,0,0,0,0,0,175.26,175.26,170.0,0.0,0.0,0.5349999999999999,0.6799999999999999,1.0,0.25,0.0,2.5,0.0,0.5,32.0,13.5,19.0,7.5,73.5,46.5,24.0,12.0,2.0,2.0,2.0,0.5,26.0,8.5,14.5,5.0,3.5,3.5,3.0,1.5,2.5,1.5,1.5,1.0,9.0,3.0,13.5,4.5,5.5,4.0,4.5,2.0,17.5,6.5,1.0,1.0,224.5,59.5,364.0,3,0,0,1,1,1,1,0,0,0,0,1,0,0,175.26,177.8,170.0,27.0,22.0,0,0,0,0,0,0,0,0,0,1,0,0,0,0,0,0,0,1,0,0,1,0,0,0
Red,False,0.0,2.0,0.25,0.5,0.66,0.0,1.0,0.0,0.0,0.0,164.0,42.0,96.0,48.0,168.0,45.0,103.0,53.0,3.0,2.0,0.0,0.0,149.0,34.0,94.0,46.0,15.0,8.0,2.0,2.0,0.0,0.0,0.0,0.0,124.0,27.0,72.0,33.0,36.0,12.0,14.0,10.0,4.0,3.0,10.0,5.0,95.0,128.0,900.0,3,1,0,1,0,0,1,0,0,0,0,0,0,0,200.66,200.66,265.0,0.0471682548522949,0.0,0.45,0.4217682266235352,0.25,0.19173828125,0.1875,0.125,0.0,0.0,69.5,30.5,66.984375,27.8466796875,94.0,48.544921875,88.50390625,44.75,2.0,0.8125,2.015625,0.6640625,54.0,19.01513671875,51.483436584472656,16.9437255859375,7.91796875,5.430633544921875,7.75,5.0625,4.780975341796875,3.9373779296875,4.8994140625,3.84375,51.025390625,18.400863647460938,50.515625,17.5,5.75,3.75,5.5,3.5,5.375,3.6875,4.0,2.65625,104.865234375,89.5,655.8441009521484,0,0,0,0,0,0,0,0,0,0,0,0,0,0,203.2,203.2,265.0,29.0,33.0,0,0,0,0,1,0,0,0,0,0,0,0,0,0,0,1,0,0,0,0,1,0,0,0
Red,False,0.0,0.0,0.41,0.3,0.0,0.2,2.0,3.0,0.0,0.0,68.0,28.0,60.0,18.0,90.0,50.0,77.0,35.0,2.0,0.0,5.0,1.0,51.0,18.0,54.0,14.0,17.0,10.0,4.0,2.0,0.0,0.0,2.0,2.0,42.0,13.0,39.0,6.0,26.0,15.0,19.0,10.0,0.0,0.0,2.0,2.0,199.0,134.0,677.0,3,0,1,0,1,1,0,0,0,0,0,0,1,0,182.88,182.88,170.0,0.0,0.0,0.51,0.6,1.0,0.55,1.0,2.0,0.0,1.0,39.0,20.0,33.0,20.0,91.0,66.0,77.0,58.0,1.0,1.0,9.0,5.0,35.0,17.0,27.0,15.0,4.0,3.0,6.0,5.0,0.0,0.0,0.0,0.0,20.0,8.0,8.0,2.0,4.0,3.0,2.0,2.0,15.0,9.0,23.0,16.0,122.0,583.0,900.0,3,1,0,1,0,0,1,0,0,0,0,0,0,0,182.88,187.96,170.0,30.0,25.0,0,0,0,0,0,0,0,0,0,1,0,0,0,0,0,1,0,0,0,0,1,0,0,0
Red,False,0.5,0.0,0.345,0.235,0.0,0.205,0.0,0.0,0.0,0.0,121.0,42.5,70.5,17.5,144.0,65.5,75.5,22.5,0.0,0.0,6.0,2.5,103.5,27.0,62.0,11.0,5.0,4.0,5.0,4.0,12.5,11.5,3.5,2.5,113.0,39.5,65.5,15.0,8.0,3.0,3.5,1.5,0.0,0.0,1.5,1.0,0.0,191.5,704.0,5,0,2,0,2,2,0,0,0,0,1,1,0,0,187.96,193.04,185.0,0.0,0.0,0.4125,0.625,0.435,0.305,1.25,0.75,0.25,0.25,62.75,26.0,56.25,27.25,92.25,53.25,70.25,41.0,3.25,1.75,2.5,0.75,60.5,24.5,44.75,18.25,1.25,0.75,7.5,6.0,1.0,0.75,4.0,3.0,38.75,12.75,38.0,15.25,10.25,5.75,16.0,10.5,13.75,7.5,2.25,1.5,273.5,70.25,585.0,7,1,0,1,2,2,1,0,0,0,1,0,1,0,193.04,200.66,205.0,30.0,29.0,0,0,0,0,0,1,0,0,0,0,0,0,0,0,0,1,0,0,0,0,1,0,0,0
Red,False,0.015625,0.0,0.45,0.4275,0.25,0.2,0.148468017578125,0.098388671875,0.0,0.0,66.5,29.6875,64.31230545043945,27.34375,89.75,48.0,85.53125,44.41152191162109,2.0,0.75,2.0546875,0.75,51.1875,18.3359375,49.6123046875,16.280410766601562,7.5,5.07647705078125,7.5,5.0,4.5,3.625,4.984375,3.9375,48.6875,17.0,47.11572265625,16.5,5.75,3.75,5.3125,3.4375,5.0625,3.5,3.875,2.5,99.2119140625,94.125,638.5,0,0,0,0,0,0,0,0,0,0,0,0,0,0,172.72,177.8,170.0,0.5,0.0,0.6025,0.52,0.65,0.3125,0.25,0.5,0.0,0.0,23.125,12.875,15.0,7.125,51.875,40.125,18.25,10.375,1.25,0.75,0.5,0.375,17.375,8.5,11.25,4.125,4.875,3.75,2.625,2.0,0.875,0.625,1.125,1.0,5.875,1.375,7.375,2.75,7.625,4.375,6.875,4.0,9.625,7.125,0.75,0.375,128.625,45.375,227.875,6,0,4,0,4,4,0,0,0,1,0,2,1,0,180.34,185.42,185.0,25.0,25.0,0,0,0,0,0,0,0,1,0,0,0,0,0,0,0,1,0,0,0,0,0,0,1,0
Red,False,0.25,0.0,0.3725,0.28,0.75,0.2299999999999999,1.5,2.25,0.25,0.25,47.5,13.25,48.75,17.0,84.5,48.25,84.25,48.5,2.0,1.75,2.25,1.0,40.75,10.25,42.5,12.25,4.75,1.75,1.75,0.75,2.0,1.25,4.5,4.0,32.5,6.75,30.75,7.75,2.5,1.0,4.75,2.5,12.5,5.5,13.25,6.75,213.5,172.0,662.5,8,0,1,0,1,2,1,0,0,0,1,0,1,0,187.96,187.96,205.0,2.0,0.0,0.5,0.25,0.0,0.66,0.0,1.0,0.0,0.0,96.0,48.0,164.0,42.0,103.0,53.0,168.0,45.0,0.0,0.0,3.0,2.0,94.0,46.0,149.0,34.0,2.0,2.0,15.0,8.0,0.0,0.0,0.0,0.0,72.0,33.0,124.0,27.0,14.0,10.0,36.0,12.0,10.0,5.0,4.0,3.0,128.0,95.0,900.0,3,1,1,0,1,1,0,0,0,1,0,0,0,0,182.88,190.5,205.0,25.0,26.0,0,0,0,0,0,1,0,0,0,0,0,0,0,0,0,1,0,0,0,0,1,0,0,0
Red,False,0.0,0.0,1.0,0.72,0.0,1.0,2.0,0.0,1.0,0.0,2.0,2.0,11.0,8.0,2.0,2.0,12.0,9.0,2.0,0.0,1.0,1.0,1.0,1.0,8.0,5.0,0.0,0.0,2.0,2.0,1.0,1.0,1.0,1.0,0.0,0.0,2.0,2.0,1.0,1.0,2.0,2.0,1.0,1.0,7.0,4.0,44.0,61.0,145.0,1,0,0,1,0,0,1,0,0,0,0,0,0,0,175.26,175.26,170.0,0.0,0.5,0.4549999999999999,0.27,0.8325,0.0,0.25,1.75,0.0,0.0,12.75,7.5,9.5,2.75,62.25,55.25,24.25,17.5,4.25,3.75,0.0,0.0,12.25,7.25,7.25,1.5,0.0,0.0,0.5,0.0,0.5,0.25,1.75,1.25,4.25,1.5,8.5,1.75,0.0,0.0,1.0,1.0,8.5,6.0,0.0,0.0,446.75,8.0,527.5,5,0,2,0,2,2,1,0,0,0,0,1,1,0,177.8,185.42,170.0,26.0,28.0,0,0,0,0,0,0,0,0,0,1,0,0,0,0,0,1,0,0,0,0,1,0,0,0
Red,False,0.0,0.0,0.785,0.375,0.5,0.0,0.5,0.0,0.0,0.0,7.0,5.5,5.0,1.5,7.5,6.0,5.0,1.5,0.5,0.5,0.0,0.0,3.5,2.0,3.0,0.5,0.0,0.0,1.5,1.0,3.5,3.5,0.5,0.0,3.5,2.0,4.0,0.5,2.0,2.0,1.0,1.0,1.5,1.5,0.0,0.0,15.0,3.5,44.0,2,0,2,0,2,2,0,0,0,0,0,1,1,0,177.8,182.88,170.0,0.0,0.0,0.51,0.7,0.71,0.25,2.0,3.0,0.0,0.0,49.0,25.0,20.0,14.0,170.0,146.0,25.0,19.0,7.0,5.0,4.0,1.0,42.0,19.0,6.0,1.0,4.0,4.0,2.0,2.0,3.0,2.0,12.0,11.0,13.0,5.0,6.0,1.0,7.0,4.0,14.0,13.0,29.0,16.0,0.0,0.0,609.0,176.0,900.0,3,0,1,0,1,1,0,0,0,0,1,0,0,0,182.88,187.96,170.0,25.0,28.0,0,0,0,0,0,0,0,0,0,1,0,0,0,0,0,1,0,0,0,0,1,0,0,0
Red,False,0.0,0.0,0.6,0.51,0.55,1.0,2.0,1.0,1.0,0.0,33.0,20.0,39.0,20.0,77.0,58.0,91.0,66.0,9.0,5.0,1.0,1.0,27.0,15.0,35.0,17.0,6.0,5.0,4.0,3.0,0.0,0.0,0.0,0.0,8.0,2.0,20.0,8.0,2.0,2.0,4.0,3.0,23.0,16.0,15.0,9.0,583.0,122.0,900.0,3,1,1,0,1,1,0,0,0,0,1,0,0,0,170.18,177.8,145.0,0.0,0.0,0.165,0.27,0.5,0.8300000000000001,1.0,0.5,0.0,0.0,4.5,1.5,27.0,6.0,7.0,4.0,30.5,9.0,1.0,0.5,2.5,2.0,4.0,1.0,21.5,2.5,0.0,0.0,3.0,1.0,0.5,0.5,2.5,2.5,3.5,1.0,16.5,3.0,0.0,0.0,2.0,1.0,1.0,0.5,8.5,2.0,25.5,86.5,177.5,2,0,0,1,1,1,1,0,0,0,0,0,1,0,180.34,182.88,170.0,23.0,23.0,0,0,0,0,0,0,0,0,0,1,0,0,0,0,0,1,0,0,0,0,1,0,0,0
Red,False,0.0,0.0,0.5975,0.56,0.6825,0.0,0.5,0.5,0.0,0.0,61.0,35.5,42.0,22.5,115.25,84.75,64.25,43.25,7.5,5.25,3.25,0.0,39.0,14.25,28.25,10.5,9.5,8.75,9.75,8.0,12.5,12.5,4.0,4.0,23.75,7.0,21.0,11.0,22.5,19.5,19.5,10.75,14.75,9.0,1.5,0.75,517.0,80.75,766.25,8,0,2,0,2,2,1,0,0,0,1,0,1,0,185.42,190.5,185.0,0.0,0.0,0.5,0.64,0.0,0.66,0.0,3.0,0.0,0.0,24.0,12.0,17.0,11.0,69.0,56.0,21.0,15.0,3.0,0.0,6.0,4.0,20.0,10.0,12.0,6.0,3.0,1.0,3.0,3.0,1.0,1.0,2.0,2.0,6.0,2.0,5.0,4.0,3.0,2.0,8.0,5.0,15.0,8.0,4.0,2.0,182.0,163.0,380.0,2,0,0,1,0,0,1,0,0,0,0,0,0,0,185.42,185.42,205.0,33.0,29.0,0,0,0,0,0,0,0,1,0,0,0,0,0,0,0,1,0,0,0,0,0,0,1,0
Red,False,0.015625,0.0,0.45,0.4275,0.25,0.2,0.148468017578125,0.098388671875,0.0,0.0,66.5,29.6875,64.31230545043945,27.34375,89.75,48.0,85.53125,44.41152191162109,2.0,0.75,2.0546875,0.75,51.1875,18.3359375,49.6123046875,16.280410766601562,7.5,5.07647705078125,7.5,5.0,4.5,3.625,4.984375,3.9375,48.6875,17.0,47.11572265625,16.5,5.75,3.75,5.3125,3.4375,5.0625,3.5,3.875,2.5,99.2119140625,94.125,638.5,0,0,0,0,0,0,0,0,0,0,0,0,0,0,190.5,198.12,205.0,0.0471682548522949,0.0,0.45,0.4217682266235352,0.25,0.19173828125,0.1875,0.125,0.0,0.0,69.5,30.5,66.984375,27.8466796875,94.0,48.544921875,88.50390625,44.75,2.0,0.8125,2.015625,0.6640625,54.0,19.01513671875,51.483436584472656,16.9437255859375,7.91796875,5.430633544921875,7.75,5.0625,4.780975341796875,3.9373779296875,4.8994140625,3.84375,51.025390625,18.400863647460938,50.515625,17.5,5.75,3.75,5.5,3.5,5.375,3.6875,4.0,2.65625,104.865234375,89.5,655.8441009521484,0,0,0,0,0,0,0,0,0,0,0,0,0,0,190.5,190.5,185.0,27.0,30.0,0,0,0,0,0,1,0,0,0,0,0,0,0,0,0,1,0,0,0,0,1,0,0,0
Red,False,0.015625,0.0,0.45,0.4275,0.25,0.2,0.148468017578125,0.098388671875,0.0,0.0,66.5,29.6875,64.31230545043945,27.34375,89.75,48.0,85.53125,44.41152191162109,2.0,0.75,2.0546875,0.75,51.1875,18.3359375,49.6123046875,16.280410766601562,7.5,5.07647705078125,7.5,5.0,4.5,3.625,4.984375,3.9375,48.6875,17.0,47.11572265625,16.5,5.75,3.75,5.3125,3.4375,5.0625,3.5,3.875,2.5,99.2119140625,94.125,638.5,0,0,0,0,0,0,0,0,0,0,0,0,0,0,177.8,177.8,185.0,1.0,0.0,0.615,0.29,0.0,0.0,0.0,0.0,0.0,0.0,11.5,7.0,3.5,1.0,11.5,7.0,3.5,1.0,0.0,0.0,0.0,0.0,10.5,6.0,2.0,0.0,0.0,0.0,0.5,0.0,1.0,1.0,1.0,1.0,9.5,5.5,3.5,1.0,0.0,0.0,0.0,0.0,2.0,1.5,0.0,0.0,1.5,0.0,21.0,2,0,2,0,2,2,0,0,0,0,0,2,0,0,185.42,195.58,170.0,28.0,26.0,0,0,0,0,0,0,0,1,0,0,0,0,0,0,0,1,0,0,0,0,1,0,0,0
Red,False,0.0234375,0.0,0.704765625,0.49609375,0.3253125,0.2809375,0.5625,0.375,0.0,0.625,48.0625,33.515625,38.046875,20.59375,79.4296875,64.6015625,56.171875,38.59375,2.4765625,1.625,4.921875,1.8515625,36.3515625,22.3984375,22.5859375,7.7578125,8.7734375,8.5859375,5.171875,4.171875,2.9375,2.53125,10.2890625,8.6640625,18.734375,10.3828125,23.3203125,9.6328125,10.1171875,8.7734375,6.359375,4.984375,19.2109375,14.359375,8.3671875,5.9765625,266.578125,167.3046875,709.0703125,19,3,3,0,3,6,2,0,0,0,1,4,1,0,175.26,177.8,155.0,0.0625,0.0,0.6021875,0.3503125,0.8359375,0.0375,1.0,0.25,0.1875,0.1875,79.84375,45.8125,34.75,12.6875,103.96875,69.09375,43.5,21.125,3.21875,2.625,3.09375,0.25,69.5625,35.71875,23.40625,3.75,8.28125,8.125,4.875,4.25,2.0,1.96875,6.46875,4.6875,42.71875,20.5625,28.625,8.4375,4.53125,4.375,4.21875,3.71875,32.59375,20.875,1.90625,0.53125,244.5625,21.90625,461.25,11,1,2,0,3,5,1,0,0,0,2,2,1,0,180.34,193.04,185.0,27.0,24.0,0,0,0,0,0,0,0,0,0,1,0,0,0,0,0,1,0,0,0,0,1,0,0,0
Red,True,0.5,0.0625,0.455,0.4675,0.03125,0.5825,0.125,1.25,1.0,0.0,37.375,16.8125,23.75,14.0,43.625,22.875,64.875,44.375,0.3125,0.0625,2.875,1.875,34.5625,14.75,12.75,4.1875,2.125,1.5625,6.875,6.125,0.6875,0.5,4.125,3.6875,16.8125,2.5625,11.25,4.3125,4.375,2.8125,6.6875,5.375,16.1875,11.4375,5.8125,4.3125,102.1875,246.125,493.4375,9,0,1,0,3,4,1,0,0,0,0,2,0,2,182.88,193.04,185.0,1.125,0.25,0.4293749999999999,0.231875,0.0625,0.20625,0.3125,0.53125,0.25,0.0,96.6875,37.84375,37.4375,9.9375,102.59375,43.75,41.21875,13.09375,0.1875,0.1875,1.46875,0.40625,85.5625,30.0,28.46875,5.84375,7.5625,5.3125,8.1875,3.8125,3.5625,2.53125,0.78125,0.28125,78.6875,26.21875,31.5625,6.9375,11.8125,7.53125,5.875,3.0,6.1875,4.09375,0.0,0.0,65.59375,19.3125,439.46875,11,2,6,0,6,6,0,0,0,0,0,4,1,1,185.42,193.04,185.0,26.0,31.0,0,0,0,0,0,0,0,1,0,0,0,0,0,0,0,1,0,0,0,0,0,0,1,0
Red,False,0.015625,0.0,0.45,0.4275,0.25,0.2,0.148468017578125,0.098388671875,0.0,0.0,66.5,29.6875,64.31230545043945,27.34375,89.75,48.0,85.53125,44.41152191162109,2.0,0.75,2.0546875,0.75,51.1875,18.3359375,49.6123046875,16.280410766601562,7.5,5.07647705078125,7.5,5.0,4.5,3.625,4.984375,3.9375,48.6875,17.0,47.11572265625,16.5,5.75,3.75,5.3125,3.4375,5.0625,3.5,3.875,2.5,99.2119140625,94.125,638.5,0,0,0,0,0,0,0,0,0,0,0,0,0,0,190.5,190.5,235.0,0.0471682548522949,0.0,0.45,0.4217682266235352,0.25,0.19173828125,0.1875,0.125,0.0,0.0,69.5,30.5,66.984375,27.8466796875,94.0,48.544921875,88.50390625,44.75,2.0,0.8125,2.015625,0.6640625,54.0,19.01513671875,51.483436584472656,16.9437255859375,7.91796875,5.430633544921875,7.75,5.0625,4.780975341796875,3.9373779296875,4.8994140625,3.84375,51.025390625,18.400863647460938,50.515625,17.5,5.75,3.75,5.5,3.5,5.375,3.6875,4.0,2.65625,104.865234375,89.5,655.8441009521484,0,0,0,0,0,0,0,0,0,0,0,0,0,0,187.96,187.96,227.0,25.0,31.0,0,0,0,0,1,0,0,0,0,0,0,0,0,0,0,1,0,0,0,0,0,0,1,0
Red,False,0.0,0.0,0.37,0.37,0.25,0.75,1.5,0.0,0.0,0.0,50.5,19.0,38.0,14.0,58.0,26.0,83.5,50.5,1.0,0.5,3.5,2.5,39.5,11.0,29.5,7.0,9.0,6.5,5.0,4.5,2.0,1.5,3.5,2.5,40.5,13.5,14.5,2.5,9.5,5.0,9.0,6.5,0.5,0.5,14.5,5.0,37.5,238.5,441.5,3,0,2,0,2,2,0,0,0,0,0,0,1,1,170.18,172.72,155.0,0.0471682548522949,0.0,0.45,0.4217682266235352,0.25,0.19173828125,0.1875,0.125,0.0,0.0,69.5,30.5,66.984375,27.8466796875,94.0,48.544921875,88.50390625,44.75,2.0,0.8125,2.015625,0.6640625,54.0,19.01513671875,51.483436584472656,16.9437255859375,7.91796875,5.430633544921875,7.75,5.0625,4.780975341796875,3.9373779296875,4.8994140625,3.84375,51.025390625,18.400863647460938,50.515625,17.5,5.75,3.75,5.5,3.5,5.375,3.6875,4.0,2.65625,104.865234375,89.5,655.8441009521484,0,0,0,0,0,0,0,0,0,0,0,0,0,0,175.26,177.8,155.0,29.0,21.0,0,0,0,0,0,0,1,0,0,0,0,0,0,0,0,0,0,1,0,0,1,0,0,0
Red,False,0.71875,0.0,0.64,0.3952343749999999,0.0078125,0.451171875,0.4765625,0.53125,0.328125,0.3984375,34.3046875,20.546875,30.6171875,10.515625,55.5703125,39.9453125,60.140625,37.84375,0.5078125,0.0078125,5.640625,2.234375,22.9296875,10.6484375,19.9609375,3.3828125,2.71875,2.1796875,3.9375,2.328125,8.65625,7.71875,6.71875,4.8046875,15.1953125,7.5390625,23.484375,5.9296875,8.1953125,5.6640625,5.6875,4.078125,10.9140625,7.34375,1.4453125,0.5078125,129.8359375,145.0703125,513.265625,19,0,0,2,6,6,2,0,0,1,1,3,1,0,175.26,185.42,155.0,0.0471682548522949,0.0,0.45,0.4217682266235352,0.25,0.19173828125,0.1875,0.125,0.0,0.0,69.5,30.5,66.984375,27.8466796875,94.0,48.544921875,88.50390625,44.75,2.0,0.8125,2.015625,0.6640625,54.0,19.01513671875,51.483436584472656,16.9437255859375,7.91796875,5.430633544921875,7.75,5.0625,4.780975341796875,3.9373779296875,4.8994140625,3.84375,51.025390625,18.400863647460938,50.515625,17.5,5.75,3.75,5.5,3.5,5.375,3.6875,4.0,2.65625,104.865234375,89.5,655.8441009521484,0,0,0,0,0,0,0,0,0,0,0,0,0,0,172.72,172.72,145.0,29.0,23.0,0,0,0,0,0,0,1,0,0,0,0,0,0,0,0,0,0,1,0,0,1,0,0,0
Red,False,0.0,0.5,0.5700000000000001,0.52,0.435,0.665,1.5,2.0,0.5,1.0,15.25,7.75,48.75,26.0,34.75,25.25,85.25,58.25,5.75,2.5,2.75,2.5,10.25,3.25,42.25,20.0,3.5,3.0,4.75,4.5,1.5,1.5,1.75,1.5,8.75,4.0,11.5,6.5,4.5,2.75,3.75,2.25,2.0,1.0,33.5,17.25,133.75,523.25,768.5,8,0,0,1,1,1,2,0,0,0,0,0,1,0,182.88,190.5,185.0,0.0,0.0,0.33,0.34,1.0,0.0,2.0,0.0,0.0,0.0,63.0,21.0,66.0,23.0,70.0,27.0,89.0,46.0,2.0,2.0,3.0,0.0,43.0,7.0,34.0,2.0,2.0,1.0,9.0,6.0,18.0,13.0,23.0,15.0,49.0,13.0,63.0,22.0,3.0,3.0,2.0,1.0,11.0,5.0,1.0,0.0,301.0,9.0,900.0,3,0,1,0,1,1,0,0,0,0,1,0,0,0,182.88,187.96,185.0,28.0,26.0,0,0,0,0,0,0,0,1,0,0,0,0,0,0,0,1,0,0,0,0,1,0,0,0
Red,False,0.0,0.0,0.71,0.0,0.5,0.0,3.0,0.0,0.0,0.0,38.0,27.0,3.0,0.0,52.0,40.0,12.0,8.0,2.0,1.0,0.0,0.0,31.0,20.0,3.0,0.0,7.0,7.0,0.0,0.0,0.0,0.0,0.0,0.0,0.0,0.0,1.0,0.0,2.0,2.0,1.0,0.0,36.0,25.0,1.0,0.0,229.0,0.0,254.0,1,0,1,0,1,1,0,0,0,0,0,1,0,0,190.5,190.5,235.0,0.0,0.0,0.375,0.5425,0.24,0.375,0.0,0.5,0.0,0.0,30.5,12.75,55.25,32.75,78.0,57.5,96.5,71.25,8.25,1.5,2.25,1.5,23.5,7.25,39.0,18.75,4.75,3.75,8.75,8.25,2.25,1.75,7.5,5.75,10.25,2.0,26.5,11.5,7.0,3.75,14.5,10.25,13.25,7.0,14.25,11.0,239.5,249.0,765.0,8,0,1,0,1,1,2,0,0,0,1,0,0,0,175.26,187.96,247.0,32.0,35.0,0,0,0,0,1,0,0,0,0,0,0,0,0,0,0,1,0,0,0,0,1,0,0,0
Red,False,0.28125,0.0,0.4409375,0.3203125,0.245625,0.2625,0.8125,0.75,0.5625,0.03125,40.96875,17.90625,62.09375,23.84375,120.125,93.84375,80.40625,39.28125,3.1875,1.25,6.4375,3.0625,37.53125,15.25,54.96875,17.375,3.0,2.3125,6.875,6.21875,0.4375,0.34375,0.25,0.25,26.875,9.65625,14.90625,3.3125,7.0,4.6875,4.09375,2.03125,7.09375,3.5625,43.09375,18.5,107.0,357.5,597.09375,13,0,2,0,2,4,2,0,0,0,0,3,1,0,185.42,193.04,185.0,0.0,0.0,0.3824999999999999,0.53875,0.4575,0.66,0.25,1.125,0.375,0.375,17.0,8.625,10.25,5.75,22.125,13.375,27.125,20.875,0.75,0.625,2.0,1.0,15.25,7.25,6.0,1.75,1.25,0.875,3.625,3.625,0.5,0.5,0.625,0.375,3.75,0.625,5.25,1.75,1.375,1.25,1.0,1.0,11.875,6.75,4.0,3.0,99.625,113.0,294.125,6,0,1,0,1,2,2,0,0,0,0,1,0,1,182.88,177.8,185.0,22.0,23.0,0,0,0,0,0,0,0,0,0,1,0,0,0,0,0,0,0,1,0,0,0,0,1,0
Red,False,0.0,0.5,0.388125,0.423125,0.0,0.3125,0.125,0.0,0.0,0.0,30.3125,11.5625,69.4375,28.8125,52.25,31.6875,94.1875,51.125,0.25,0.0,1.0625,1.0625,22.625,5.375,60.4375,22.8125,1.625,1.5625,3.625,1.375,6.0625,4.625,5.375,4.625,27.9375,9.5625,41.5625,14.5625,1.875,1.75,5.5625,2.8125,0.5,0.25,22.3125,11.4375,0.75,230.5,369.75,7,1,1,0,1,1,4,0,0,0,0,0,1,0,190.5,195.58,205.0,1.0,0.0,0.57,0.4,0.0,0.0,0.0,0.0,0.0,0.0,80.0,46.0,5.0,2.0,98.0,62.0,21.0,17.0,0.0,0.0,0.0,0.0,77.0,44.0,2.0,0.0,3.0,2.0,1.0,1.0,0.0,0.0,2.0,1.0,18.0,9.0,4.0,2.0,6.0,4.0,1.0,0.0,56.0,33.0,0.0,0.0,257.0,0.0,310.0,2,0,0,1,0,0,1,0,0,0,0,0,0,0,182.88,182.88,185.0,34.0,24.0,0,0,0,0,0,1,0,0,0,0,0,0,0,0,0,1,0,0,0,0,1,0,0,0
Red,False,0.25,0.25,0.2875,0.5075,0.0,0.0,0.0,0.0,0.0,0.0,19.75,5.25,44.5,23.75,23.25,8.5,45.0,24.25,0.75,0.0,0.0,0.0,16.75,3.75,33.5,14.25,1.0,0.0,3.0,2.5,2.0,1.5,8.0,7.0,17.25,3.0,37.0,18.0,2.25,2.0,5.75,4.0,0.25,0.25,1.75,1.75,19.75,4.25,197.0,3,1,1,0,1,1,2,0,0,0,0,1,0,0,185.42,185.42,235.0,2.0,0.0,0.68,0.31,0.0,0.5,0.0,0.0,0.0,0.0,41.0,28.0,32.0,10.0,52.0,39.0,50.0,28.0,1.0,0.0,2.0,1.0,12.0,4.0,24.0,7.0,16.0,13.0,2.0,1.0,13.0,11.0,6.0,2.0,22.0,12.0,25.0,5.0,17.0,15.0,2.0,1.0,2.0,1.0,5.0,4.0,203.0,77.0,502.0,2,0,1,0,1,1,0,0,0,0,0,1,0,0,190.5,198.12,230.0,27.0,28.0,0,0,0,0,1,0,0,0,0,0,0,0,0,0,0,1,0,0,0,0,1,0,0,0
Red,True,0.0,0.2509765625,0.539381103515625,0.3800146484375,0.4370703125,0.07400390625,1.51654052734375,0.26220703125,0.0078125,0.015625,44.5516357421875,26.07720947265625,30.2777099609375,9.08447265625,66.06134033203125,46.733642578125,33.74566650390625,12.52117919921875,4.02978515625,2.61572265625,4.7452392578125,0.5966796875,32.62933349609375,15.0616455078125,28.4974365234375,7.3876953125,9.35833740234375,8.82952880859375,0.73876953125,0.679931640625,2.56396484375,2.18603515625,1.04150390625,1.016845703125,14.7696533203125,4.273681640625,23.5797119140625,5.6351318359375,7.778564453125,5.529052734375,5.41259765625,2.4285888671875,22.00341796875,16.27447509765625,1.285400390625,1.020751953125,369.77197265625,48.94091796875,548.6865844726562,40,12,7,0,7,11,4,0,1,0,2,5,2,1,185.42,190.5,205.0,1.5888671875,0.0,0.3927197265625,0.3676232910156249,0.1251220703125,0.03125244140625,0.0,0.0316162109375,0.0313720703125,0.0,118.341552734375,42.05517578125,59.7987060546875,22.0745849609375,121.8924560546875,45.5977783203125,60.236328125,22.44189453125,0.156494140625,0.125244140625,4.520263671875,0.1533203125,113.55224609375,37.4486083984375,50.6982421875,14.4898681640625,1.6004638671875,1.498291015625,2.2808837890625,1.85498046875,3.1888427734375,3.1082763671875,6.819580078125,5.729736328125,97.6053466796875,32.7550048828125,56.9697265625,20.927734375,2.262939453125,1.089599609375,1.815185546875,0.746337890625,18.4732666015625,8.2105712890625,1.0137939453125,0.4005126953125,56.32275390625,9.47998046875,655.756103515625,28,3,1,0,7,12,2,0,0,0,5,6,0,1,187.96,193.04,205.0,42.0,36.0,0,0,0,0,0,1,0,0,0,0,0,0,0,0,0,1,0,0,0,0,1,0,0,0
Red,False,0.015625,0.0,0.45,0.4275,0.25,0.2,0.148468017578125,0.098388671875,0.0,0.0,66.5,29.6875,64.31230545043945,27.34375,89.75,48.0,85.53125,44.41152191162109,2.0,0.75,2.0546875,0.75,51.1875,18.3359375,49.6123046875,16.280410766601562,7.5,5.07647705078125,7.5,5.0,4.5,3.625,4.984375,3.9375,48.6875,17.0,47.11572265625,16.5,5.75,3.75,5.3125,3.4375,5.0625,3.5,3.875,2.5,99.2119140625,94.125,638.5,0,0,0,0,0,0,0,0,0,0,0,0,0,0,185.42,185.42,250.0,0.5,0.5,0.39,0.3625,0.0,0.0,0.25,0.0,0.0,0.0,24.75,11.0,18.25,7.25,26.25,12.25,22.5,11.25,0.0,0.0,0.25,0.0,19.75,6.5,12.0,3.25,2.75,2.75,4.25,2.75,2.25,1.75,2.0,1.25,17.5,6.25,12.25,3.0,5.25,4.0,6.0,4.25,2.0,0.75,0.0,0.0,10.75,41.5,121.0,3,1,2,0,2,2,1,0,0,0,0,1,1,0,187.96,195.58,245.0,28.0,32.0,0,0,0,0,1,0,0,0,0,0,0,0,0,0,0,1,0,0,0,0,1,0,0,0
Red,False,0.25,0.0,0.764375,0.549375,0.27375,0.515625,1.75,0.0,0.0,0.03125,13.953125,9.296875,10.609375,6.765625,27.265625,21.09375,31.234375,24.765625,2.15625,1.15625,0.515625,0.515625,9.1875,5.0625,5.671875,1.828125,2.140625,1.859375,4.90625,4.90625,2.625,2.375,0.03125,0.03125,4.015625,2.734375,4.734375,1.109375,1.0625,1.0625,2.09375,2.09375,8.875,5.5,3.78125,3.5625,134.828125,33.828125,200.328125,8,1,2,0,4,6,1,0,0,0,0,1,4,0,190.5,200.66,264.0,0.0,0.0,0.42,0.1,0.0,0.4,1.0,1.0,0.0,0.0,28.0,12.0,10.0,1.0,36.0,19.0,20.0,10.0,2.0,0.0,5.0,2.0,18.0,2.0,8.0,1.0,1.0,1.0,1.0,0.0,9.0,9.0,1.0,0.0,27.0,11.0,8.0,0.0,1.0,1.0,0.0,0.0,0.0,0.0,2.0,1.0,27.0,195.0,362.0,2,0,1,0,1,1,0,0,0,0,0,0,1,0,193.04,193.04,232.0,26.0,27.0,0,0,0,0,1,0,0,0,0,0,0,0,0,0,0,0,0,1,0,0,1,0,0,0
Red,False,0.0,0.25,0.3325,0.5075,0.3675,0.5800000000000001,0.25,2.0,0.25,0.0,53.0,19.25,34.5,19.0,73.25,37.75,48.75,32.5,5.75,1.0,4.5,2.25,43.0,10.75,22.0,7.5,7.75,7.0,11.0,10.0,2.25,1.5,1.5,1.5,30.0,5.25,13.75,3.5,5.5,2.0,6.5,5.0,17.5,12.0,14.25,10.5,146.0,253.75,716.25,7,0,2,0,2,2,1,0,0,0,1,0,1,0,187.96,187.96,205.0,0.0,0.125,0.5884375,0.4953125,0.5825,0.28125,2.21875,0.0,0.0,0.0,23.75,13.40625,20.46875,9.53125,41.96875,29.9375,53.28125,41.1875,4.40625,2.875,2.09375,0.53125,18.28125,8.40625,17.5,7.75,2.65625,2.40625,2.21875,1.09375,2.8125,2.59375,0.75,0.6875,7.78125,4.6875,9.25,3.28125,5.53125,3.78125,2.0,1.25,10.4375,4.9375,9.21875,5.0,202.0,133.28125,405.375,14,0,1,0,2,4,2,0,1,0,1,0,2,0,185.42,190.5,205.0,40.0,30.0,0,0,0,0,0,1,0,0,0,0,0,0,0,0,0,0,0,0,1,0,1,0,0,0
Red,False,0.015625,0.0,0.45,0.4275,0.25,0.2,0.148468017578125,0.098388671875,0.0,0.0,66.5,29.6875,64.31230545043945,27.34375,89.75,48.0,85.53125,44.41152191162109,2.0,0.75,2.0546875,0.75,51.1875,18.3359375,49.6123046875,16.280410766601562,7.5,5.07647705078125,7.5,5.0,4.5,3.625,4.984375,3.9375,48.6875,17.0,47.11572265625,16.5,5.75,3.75,5.3125,3.4375,5.0625,3.5,3.875,2.5,99.2119140625,94.125,638.5,0,0,0,0,0,0,0,0,0,0,0,0,0,0,185.42,185.42,205.0,1.0,0.0,0.36,0.11,0.0,0.0,0.0,0.0,0.0,0.0,111.0,41.0,68.0,8.0,111.0,41.0,68.0,8.0,0.0,0.0,0.0,0.0,87.0,19.0,66.0,7.0,7.0,6.0,1.0,0.0,17.0,16.0,1.0,1.0,111.0,41.0,68.0,8.0,0.0,0.0,0.0,0.0,0.0,0.0,0.0,0.0,0.0,0.0,508.0,2,0,1,0,1,1,0,0,0,0,0,1,0,0,187.96,193.04,185.0,24.0,30.0,0,0,0,0,0,1,0,0,0,0,0,0,0,0,0,1,0,0,0,0,1,0,0,0
Red,False,0.0,0.0,0.48,0.18,1.0,0.0,1.0,0.0,0.0,0.0,39.0,19.0,16.0,3.0,41.0,21.0,85.0,67.0,3.0,3.0,1.0,0.0,34.0,16.0,14.0,3.0,2.0,1.0,0.0,0.0,3.0,2.0,2.0,0.0,15.0,5.0,13.0,1.0,0.0,0.0,0.0,0.0,24.0,14.0,3.0,2.0,195.0,139.0,475.0,2,0,1,0,1,1,0,0,0,0,0,0,0,1,175.26,180.34,155.0,0.0,0.0,0.0,0.33,0.0,0.66,0.0,1.0,0.0,0.0,0.0,0.0,3.0,1.0,0.0,0.0,8.0,6.0,1.0,0.0,3.0,2.0,0.0,0.0,2.0,0.0,0.0,0.0,1.0,1.0,0.0,0.0,0.0,0.0,0.0,0.0,1.0,0.0,0.0,0.0,1.0,1.0,0.0,0.0,1.0,0.0,0.0,70.0,95.0,1,0,0,1,0,0,1,0,0,0,0,0,0,0,180.34,182.88,170.0,22.0,22.0,0,0,0,0,0,0,0,0,0,1,0,0,0,0,0,1,0,0,0,0,1,0,0,0
Red,False,0.0,0.0,0.33,0.38,0.0,0.75,1.0,3.0,3.0,0.0,42.0,14.0,26.0,10.0,101.0,63.0,48.0,29.0,0.0,0.0,12.0,9.0,33.0,7.0,21.0,5.0,4.0,3.0,3.0,3.0,5.0,4.0,2.0,2.0,29.0,7.0,15.0,5.0,11.0,7.0,2.0,1.0,2.0,0.0,9.0,4.0,39.0,440.0,665.0,3,0,1,0,1,1,0,0,0,0,0,0,0,1,182.88,185.42,170.0,0.0,0.0,0.66,0.38,0.0,0.5,0.0,0.0,0.0,0.0,57.0,38.0,63.0,24.0,101.0,73.0,96.0,52.0,0.0,0.0,6.0,3.0,29.0,13.0,44.0,13.0,25.0,22.0,8.0,3.0,3.0,3.0,11.0,8.0,24.0,12.0,25.0,11.0,11.0,10.0,0.0,0.0,22.0,16.0,38.0,13.0,247.0,409.0,900.0,3,0,1,0,1,1,0,0,0,0,1,0,0,0,177.8,177.8,170.0,26.0,27.0,0,0,0,0,0,0,0,0,0,1,0,0,0,0,0,1,0,0,0,0,1,0,0,0
Red,False,0.015625,0.0,0.45,0.4275,0.25,0.2,0.148468017578125,0.098388671875,0.0,0.0,66.5,29.6875,64.31230545043945,27.34375,89.75,48.0,85.53125,44.41152191162109,2.0,0.75,2.0546875,0.75,51.1875,18.3359375,49.6123046875,16.280410766601562,7.5,5.07647705078125,7.5,5.0,4.5,3.625,4.984375,3.9375,48.6875,17.0,47.11572265625,16.5,5.75,3.75,5.3125,3.4375,5.0625,3.5,3.875,2.5,99.2119140625,94.125,638.5,0,0,0,0,0,0,0,0,0,0,0,0,0,0,177.8,177.8,241.0,0.59375,0.25,0.448125,0.461875,0.125,0.0,0.0,0.65625,0.0,0.0,45.71875,21.5625,26.78125,9.59375,46.875,22.6875,26.875,9.6875,0.125,0.125,0.09375,0.0,39.40625,15.90625,23.03125,5.84375,1.6875,1.5625,0.71875,0.71875,4.625,4.09375,3.03125,3.03125,41.21875,18.0625,25.65625,9.5,3.96875,3.09375,0.125,0.09375,0.53125,0.40625,1.0,0.0,6.90625,2.0,193.125,7,4,3,0,3,4,2,0,0,0,0,4,0,0,203.2,203.2,265.0,31.0,29.0,0,0,0,0,1,0,0,0,0,0,0,0,0,0,0,1,0,0,0,0,1,0,0,0
Red,False,0.0,1.0,0.42,0.41,0.0,0.75,1.0,0.0,0.0,0.0,130.0,55.0,153.0,64.0,170.0,93.0,176.0,87.0,3.0,0.0,8.0,6.0,83.0,18.0,137.0,52.0,20.0,18.0,11.0,9.0,27.0,19.0,5.0,3.0,83.0,31.0,94.0,34.0,47.0,24.0,41.0,21.0,0.0,0.0,18.0,9.0,86.0,269.0,900.0,3,0,0,1,0,0,1,0,0,0,0,0,0,0,172.72,175.26,155.0,0.0,0.0,0.36,0.35,0.5,1.0,3.0,0.0,0.0,0.0,36.0,13.0,53.0,19.0,46.0,22.0,135.0,84.0,2.0,1.0,3.0,3.0,28.0,9.0,44.0,12.0,6.0,3.0,5.0,5.0,2.0,1.0,4.0,2.0,27.0,9.0,16.0,4.0,8.0,3.0,9.0,6.0,1.0,1.0,28.0,9.0,75.0,388.0,583.0,2,0,1,0,1,1,0,0,0,0,0,0,1,0,170.18,172.72,155.0,25.0,29.0,0,0,0,0,0,0,0,0,0,1,0,0,0,0,0,0,0,1,0,0,0,0,1,0
Red,False,0.0,0.0,0.385,0.44,0.0,0.25,0.0,0.5,0.0,0.0,39.0,12.0,35.5,19.5,47.0,19.5,38.0,22.0,0.0,0.0,1.5,0.5,36.5,10.5,22.0,9.0,2.5,1.5,12.5,10.0,0.0,0.0,1.0,0.5,18.5,2.5,20.0,9.5,15.5,6.0,15.5,10.0,5.0,3.5,0.0,0.0,64.0,20.0,286.0,3,0,1,0,1,1,1,0,0,0,0,1,0,0,172.72,167.64,155.0,0.0471682548522949,0.0,0.45,0.4217682266235352,0.25,0.19173828125,0.1875,0.125,0.0,0.0,69.5,30.5,66.984375,27.8466796875,94.0,48.544921875,88.50390625,44.75,2.0,0.8125,2.015625,0.6640625,54.0,19.01513671875,51.483436584472656,16.9437255859375,7.91796875,5.430633544921875,7.75,5.0625,4.780975341796875,3.9373779296875,4.8994140625,3.84375,51.025390625,18.400863647460938,50.515625,17.5,5.75,3.75,5.5,3.5,5.375,3.6875,4.0,2.65625,104.865234375,89.5,655.8441009521484,0,0,0,0,0,0,0,0,0,0,0,0,0,0,182.88,182.88,170.0,28.0,30.0,0,0,0,0,0,0,0,0,0,1,0,0,0,0,0,1,0,0,0,0,1,0,0,0
Red,False,0.5,0.0,0.3199999999999999,0.365,0.165,0.5,2.25,0.25,0.0,0.0,11.25,3.5,15.0,7.25,27.75,19.0,91.25,81.5,0.75,0.5,3.5,3.0,8.5,2.0,14.0,6.5,1.0,0.25,0.75,0.5,1.75,1.25,0.25,0.25,8.75,1.75,4.0,1.5,1.75,1.25,1.0,0.75,0.75,0.5,10.0,5.0,50.75,413.5,527.75,5,0,0,1,2,2,1,0,0,0,0,0,2,0,177.8,177.8,155.0,0.0,0.0,0.8,0.5,1.0,0.0,0.0,0.0,0.0,0.0,5.0,4.0,2.0,1.0,5.0,4.0,2.0,1.0,1.0,1.0,0.0,0.0,4.0,3.0,1.0,0.0,0.0,0.0,1.0,1.0,1.0,1.0,0.0,0.0,2.0,1.0,1.0,0.0,0.0,0.0,1.0,1.0,3.0,3.0,0.0,0.0,3.0,0.0,21.0,1,0,1,0,1,1,0,0,0,0,0,1,0,0,177.8,182.88,170.0,26.0,25.0,0,0,0,0,0,0,0,0,0,1,0,0,0,0,0,1,0,0,0,0,1,0,0,0
Red,False,0.125,0.25,0.5425,0.4,0.0625,0.33,0.0,1.5,0.5,0.0,73.75,41.25,42.625,20.625,118.5,82.0,57.0,34.875,0.5,0.125,4.125,1.25,49.875,22.75,31.875,13.375,13.5,11.75,8.0,5.125,10.375,6.75,2.75,2.125,25.5,9.75,12.375,4.0,31.125,21.5,26.75,14.375,17.125,10.0,3.5,2.25,284.875,231.875,792.625,10,0,1,0,1,2,2,0,0,0,2,0,0,0,185.42,185.42,185.0,0.0,0.0,0.625,0.54,0.3,0.625,0.5,1.0,0.0,0.0,29.25,15.75,20.0,9.25,80.75,64.25,25.5,14.75,1.5,0.5,1.0,0.75,23.75,11.0,14.5,5.25,3.75,3.5,3.25,2.0,1.75,1.25,2.25,2.0,6.75,2.75,8.75,3.5,8.25,3.75,9.75,5.0,14.25,9.25,1.5,0.75,214.25,63.75,351.75,5,0,3,0,3,3,0,0,0,1,0,1,1,0,180.34,185.42,185.0,33.0,25.0,0,0,0,0,0,0,0,1,0,0,0,0,0,0,0,1,0,0,0,0,0,0,1,0
Red,False,0.5,0.5,0.675,0.79,0.0,0.75,0.0,0.0,0.0,0.0,6.5,4.5,14.0,11.0,8.0,6.0,36.5,31.5,0.0,0.0,2.5,1.5,4.0,2.0,10.5,7.5,1.0,1.0,3.5,3.5,1.5,1.5,0.0,0.0,5.0,3.0,4.0,2.5,1.5,1.5,3.0,2.5,0.0,0.0,7.0,6.0,5.0,185.0,212.0,3,0,0,1,1,1,1,0,0,0,0,1,0,0,187.96,190.5,205.0,0.0,0.0,0.425,0.42,0.21,0.61,0.5,1.5,0.5,0.5,120.5,50.0,106.5,49.5,159.5,84.5,131.5,74.0,3.5,1.5,5.0,1.5,116.0,47.0,87.5,35.5,2.5,1.5,12.0,9.0,2.0,1.5,7.0,5.0,74.5,25.5,73.0,28.5,20.5,11.5,29.0,18.0,25.5,13.0,4.5,3.0,304.0,140.5,900.0,6,1,0,1,1,1,1,0,0,0,1,0,0,0,193.04,200.66,205.0,27.0,28.0,0,0,0,0,0,1,0,0,0,0,0,0,0,0,0,1,0,0,0,0,1,0,0,0
Red,False,0.015625,0.0,0.45,0.4275,0.25,0.2,0.148468017578125,0.098388671875,0.0,0.0,66.5,29.6875,64.31230545043945,27.34375,89.75,48.0,85.53125,44.41152191162109,2.0,0.75,2.0546875,0.75,51.1875,18.3359375,49.6123046875,16.280410766601562,7.5,5.07647705078125,7.5,5.0,4.5,3.625,4.984375,3.9375,48.6875,17.0,47.11572265625,16.5,5.75,3.75,5.3125,3.4375,5.0625,3.5,3.875,2.5,99.2119140625,94.125,638.5,0,0,0,0,0,0,0,0,0,0,0,0,0,0,175.26,175.26,170.0,0.0,0.0,0.35,0.36,1.0,0.5,0.0,3.0,0.0,0.0,53.0,19.0,36.0,13.0,135.0,84.0,46.0,22.0,3.0,3.0,2.0,1.0,44.0,12.0,28.0,9.0,5.0,5.0,6.0,3.0,4.0,2.0,2.0,1.0,16.0,4.0,27.0,9.0,9.0,6.0,8.0,3.0,28.0,9.0,1.0,1.0,388.0,75.0,583.0,2,0,0,1,0,0,1,0,0,0,0,0,0,0,175.26,177.8,170.0,26.0,22.0,0,0,0,0,0,0,0,0,0,1,0,0,0,0,0,1,0,0,0,0,1,0,0,0
Red,True,1.0,0.0,0.45,0.2299999999999999,0.0,0.0,0.0,0.0,0.0,0.0,32.0,15.25,19.25,5.0,38.75,22.0,20.75,6.25,0.0,0.0,0.0,0.0,27.0,11.25,14.0,1.75,3.5,3.0,1.75,0.75,1.5,1.0,3.5,2.5,27.0,11.75,17.5,4.25,2.75,1.5,1.75,0.75,2.25,2.0,0.0,0.0,9.5,10.5,109.5,3,0,3,0,3,3,0,0,0,0,0,3,0,0,182.88,182.88,185.0,0.25,0.5,0.4787499999999999,0.26375,0.125,0.4125,0.625,1.0625,0.5,0.0,159.375,62.6875,54.875,15.875,169.1875,72.5,62.4375,22.1875,0.375,0.375,2.9375,0.8125,141.125,50.0,39.9375,8.6875,13.125,8.625,14.375,6.625,5.125,4.0625,0.5625,0.5625,128.375,44.4375,47.125,11.875,20.625,12.0625,7.75,4.0,10.375,6.1875,0.0,0.0,121.1875,38.625,724.9375,10,1,5,0,5,5,0,0,0,0,0,3,1,1,185.42,193.04,185.0,33.0,31.0,0,0,0,0,0,0,0,1,0,0,0,0,0,0,1,0,0,0,0,0,0,0,1,0
Red,False,0.0,0.0,0.60875,0.3875,0.5125,0.355,0.5,0.5,0.0,0.0,27.25,15.125,51.875,24.375,136.125,120.875,86.75,59.25,6.125,3.125,3.5,2.5,26.5,14.375,48.75,22.625,0.125,0.125,2.75,1.5,0.625,0.625,0.375,0.25,8.375,1.375,23.0,5.875,3.375,2.25,2.875,1.0,15.5,11.5,26.0,17.5,381.125,451.5,999.875,11,1,3,0,3,3,1,0,0,0,1,0,1,1,167.64,170.18,155.0,0.125,0.0,0.684375,0.340625,0.921875,0.075,2.0,0.5,0.375,0.375,48.6875,33.625,14.5,5.375,75.9375,60.1875,20.0,10.25,2.4375,2.25,3.1875,0.5,41.125,26.4375,9.8125,2.5,5.5625,5.25,3.75,2.5,2.0,1.9375,0.9375,0.375,13.4375,7.125,12.25,3.875,2.0625,1.75,0.4375,0.4375,33.1875,24.75,1.8125,1.0625,303.125,43.8125,449.5,9,1,2,0,2,4,1,0,0,0,2,1,1,0,180.34,193.04,185.0,32.0,24.0,0,0,0,0,0,0,0,0,0,1,0,0,0,0,0,1,0,0,0,0,1,0,0,0
Red,False,0.0,0.0,0.7150000000000001,0.59,0.665,0.0,1.0,0.0,0.0,0.0,44.0,33.0,13.0,7.0,108.5,92.5,26.5,19.5,5.0,3.5,3.5,0.0,22.0,11.5,7.5,2.0,11.0,10.5,4.5,4.0,11.0,11.0,1.0,1.0,7.5,3.0,9.0,4.0,19.0,18.0,3.0,2.5,17.5,12.0,1.0,0.5,480.0,52.5,632.5,5,0,2,0,2,2,0,0,0,0,1,0,1,0,185.42,190.5,185.0,0.0,1.0,0.401875,0.318984375,0.07296875,0.0703125,0.234375,0.53125,0.0,0.03125,49.25,18.2890625,99.46875,33.2265625,60.1171875,28.046875,107.5234375,41.140625,4.4375,0.2109375,0.1015625,0.0703125,40.578125,11.3125,95.2265625,29.3828125,2.4609375,2.1875,1.859375,1.4921875,6.2109375,4.7890625,2.3828125,2.3515625,46.8046875,16.484375,84.78125,27.15625,0.3203125,0.2265625,0.296875,0.2421875,2.125,1.578125,14.390625,5.828125,71.53125,43.4375,647.3671875,12,2,0,2,4,4,4,0,0,0,0,1,3,0,185.42,187.96,185.0,33.0,30.0,0,0,0,0,0,0,0,1,0,0,0,0,0,0,0,1,0,0,0,0,1,0,0,0
Red,False,0.015625,0.0,0.45,0.4275,0.25,0.2,0.148468017578125,0.098388671875,0.0,0.0,66.5,29.6875,64.31230545043945,27.34375,89.75,48.0,85.53125,44.41152191162109,2.0,0.75,2.0546875,0.75,51.1875,18.3359375,49.6123046875,16.280410766601562,7.5,5.07647705078125,7.5,5.0,4.5,3.625,4.984375,3.9375,48.6875,17.0,47.11572265625,16.5,5.75,3.75,5.3125,3.4375,5.0625,3.5,3.875,2.5,99.2119140625,94.125,638.5,0,0,0,0,0,0,0,0,0,0,0,0,0,0,187.96,187.96,205.0,0.5,0.0,0.275,0.36,0.5,0.4599999999999999,1.0,0.5,0.5,0.5,74.0,16.5,87.5,32.0,121.0,61.5,156.5,93.0,1.0,0.5,4.5,2.0,60.5,10.5,76.0,22.5,9.5,3.5,2.5,1.5,4.0,2.5,9.0,8.0,63.0,13.5,51.5,13.5,5.0,2.0,9.5,5.0,6.0,1.0,26.5,13.5,143.0,335.0,900.0,6,0,1,0,1,1,1,0,0,0,1,0,0,0,187.96,187.96,205.0,38.0,25.0,0,0,0,0,0,1,0,0,0,0,0,0,0,0,0,0,1,0,0,0,1,0,0,0
Red,False,0.015625,0.0,0.45,0.4275,0.25,0.2,0.148468017578125,0.098388671875,0.0,0.0,66.5,29.6875,64.31230545043945,27.34375,89.75,48.0,85.53125,44.41152191162109,2.0,0.75,2.0546875,0.75,51.1875,18.3359375,49.6123046875,16.280410766601562,7.5,5.07647705078125,7.5,5.0,4.5,3.625,4.984375,3.9375,48.6875,17.0,47.11572265625,16.5,5.75,3.75,5.3125,3.4375,5.0625,3.5,3.875,2.5,99.2119140625,94.125,638.5,0,0,0,0,0,0,0,0,0,0,0,0,0,0,182.88,182.88,170.0,0.0471682548522949,0.0,0.45,0.4217682266235352,0.25,0.19173828125,0.1875,0.125,0.0,0.0,69.5,30.5,66.984375,27.8466796875,94.0,48.544921875,88.50390625,44.75,2.0,0.8125,2.015625,0.6640625,54.0,19.01513671875,51.483436584472656,16.9437255859375,7.91796875,5.430633544921875,7.75,5.0625,4.780975341796875,3.9373779296875,4.8994140625,3.84375,51.025390625,18.400863647460938,50.515625,17.5,5.75,3.75,5.5,3.5,5.375,3.6875,4.0,2.65625,104.865234375,89.5,655.8441009521484,0,0,0,0,0,0,0,0,0,0,0,0,0,0,185.42,187.96,170.0,24.0,24.0,0,0,0,0,0,0,0,0,0,1,0,0,0,0,0,1,0,0,0,0,1,0,0,0
Red,False,0.0,0.0,0.565,0.4674999999999999,0.915,0.32,0.5,0.25,0.75,0.75,29.0,16.25,7.5,3.5,39.25,25.75,40.25,32.75,1.5,1.25,3.0,1.0,26.5,14.5,6.0,2.5,1.5,0.75,0.25,0.25,1.0,1.0,1.25,0.75,3.5,1.25,4.5,1.5,1.75,1.5,1.0,1.0,23.75,13.5,2.0,1.0,199.25,103.0,380.25,5,0,1,0,1,2,1,0,0,0,0,1,0,1,182.88,177.8,185.0,0.0,0.501953125,0.51861083984375,0.51845703125,0.43857666015625,0.290625,1.2080078125,1.114990234375,0.65625,0.162109375,18.46435546875,10.312744140625,18.603271484375,10.267822265625,25.865234375,16.707763671875,39.703369140625,30.81884765625,3.76318359375,1.531494140625,0.36328125,0.328125,15.747802734375,7.72509765625,15.598876953125,7.388427734375,2.200927734375,2.072021484375,3.00244140625,2.87744140625,0.515625,0.515625,0.001953125,0.001953125,5.988525390625,1.690673828125,6.66552734375,1.491455078125,1.696533203125,1.57080078125,4.33544921875,3.79931640625,10.779296875,7.05126953125,7.602294921875,4.97705078125,207.27685546875,85.3095703125,367.43017578125,28,9,2,0,6,11,2,0,0,0,3,3,3,2,175.26,185.42,170.0,23.0,32.0,0,0,0,0,0,0,0,0,0,1,0,0,0,0,0,0,0,1,0,0,0,0,0,1
Red,False,0.0,1.0,0.54,0.46,0.0,0.0,0.0,1.0,0.0,0.0,33.0,18.0,43.0,20.0,41.0,26.0,47.0,23.0,1.0,0.0,0.0,0.0,17.0,6.0,35.0,12.0,14.0,11.0,8.0,8.0,2.0,1.0,0.0,0.0,16.0,7.0,19.0,5.0,17.0,11.0,17.0,13.0,0.0,0.0,7.0,2.0,82.0,40.0,240.0,1,0,0,1,0,0,1,0,0,0,0,0,0,0,190.5,190.5,245.0,0.0471682548522949,0.0,0.45,0.4217682266235352,0.25,0.19173828125,0.1875,0.125,0.0,0.0,69.5,30.5,66.984375,27.8466796875,94.0,48.544921875,88.50390625,44.75,2.0,0.8125,2.015625,0.6640625,54.0,19.01513671875,51.483436584472656,16.9437255859375,7.91796875,5.430633544921875,7.75,5.0625,4.780975341796875,3.9373779296875,4.8994140625,3.84375,51.025390625,18.400863647460938,50.515625,17.5,5.75,3.75,5.5,3.5,5.375,3.6875,4.0,2.65625,104.865234375,89.5,655.8441009521484,0,0,0,0,0,0,0,0,0,0,0,0,0,0,187.96,193.04,242.0,34.0,26.0,0,0,0,0,1,0,0,0,0,0,0,0,0,0,0,1,0,0,0,0,1,0,0,0
Red,False,0.015625,0.0,0.45,0.4275,0.25,0.2,0.148468017578125,0.098388671875,0.0,0.0,66.5,29.6875,64.31230545043945,27.34375,89.75,48.0,85.53125,44.41152191162109,2.0,0.75,2.0546875,0.75,51.1875,18.3359375,49.6123046875,16.280410766601562,7.5,5.07647705078125,7.5,5.0,4.5,3.625,4.984375,3.9375,48.6875,17.0,47.11572265625,16.5,5.75,3.75,5.3125,3.4375,5.0625,3.5,3.875,2.5,99.2119140625,94.125,638.5,0,0,0,0,0,0,0,0,0,0,0,0,0,0,177.8,177.8,170.0,0.0471682548522949,0.0,0.45,0.4217682266235352,0.25,0.19173828125,0.1875,0.125,0.0,0.0,69.5,30.5,66.984375,27.8466796875,94.0,48.544921875,88.50390625,44.75,2.0,0.8125,2.015625,0.6640625,54.0,19.01513671875,51.483436584472656,16.9437255859375,7.91796875,5.430633544921875,7.75,5.0625,4.780975341796875,3.9373779296875,4.8994140625,3.84375,51.025390625,18.400863647460938,50.515625,17.5,5.75,3.75,5.5,3.5,5.375,3.6875,4.0,2.65625,104.865234375,89.5,655.8441009521484,0,0,0,0,0,0,0,0,0,0,0,0,0,0,177.8,182.88,170.0,24.0,25.0,0,0,0,0,0,0,0,0,0,1,0,0,0,0,0,1,0,0,0,0,1,0,0,0
Red,True,0.015625,0.0,0.45,0.4275,0.25,0.2,0.148468017578125,0.098388671875,0.0,0.0,66.5,29.6875,64.31230545043945,27.34375,89.75,48.0,85.53125,44.41152191162109,2.0,0.75,2.0546875,0.75,51.1875,18.3359375,49.6123046875,16.280410766601562,7.5,5.07647705078125,7.5,5.0,4.5,3.625,4.984375,3.9375,48.6875,17.0,47.11572265625,16.5,5.75,3.75,5.3125,3.4375,5.0625,3.5,3.875,2.5,99.2119140625,94.125,638.5,0,0,0,0,0,0,0,0,0,0,0,0,0,0,200.66,200.66,265.0,0.0471682548522949,0.0,0.45,0.4217682266235352,0.25,0.19173828125,0.1875,0.125,0.0,0.0,69.5,30.5,66.984375,27.8466796875,94.0,48.544921875,88.50390625,44.75,2.0,0.8125,2.015625,0.6640625,54.0,19.01513671875,51.483436584472656,16.9437255859375,7.91796875,5.430633544921875,7.75,5.0625,4.780975341796875,3.9373779296875,4.8994140625,3.84375,51.025390625,18.400863647460938,50.515625,17.5,5.75,3.75,5.5,3.5,5.375,3.6875,4.0,2.65625,104.865234375,89.5,655.8441009521484,0,0,0,0,0,0,0,0,0,0,0,0,0,0,182.88,190.5,205.0,28.0,26.0,0,0,0,0,1,0,0,0,0,0,0,0,0,0,0,1,0,0,0,0,1,0,0,0
Red,False,0.5625,0.0,0.5018750000000001,0.210625,0.09125,0.075,0.625,0.5,0.125,0.0625,47.9375,22.8125,29.1875,6.6875,96.25,69.6875,37.8125,13.5625,1.375,0.5,1.875,1.125,41.0625,17.5,27.9375,5.75,6.0,4.625,0.75,0.4375,0.875,0.6875,0.5,0.5,32.75,13.3125,20.8125,3.625,6.0,4.375,3.1875,1.0625,9.1875,5.125,5.1875,2.0,76.0,90.0,294.1875,10,0,2,0,2,4,1,0,0,0,0,3,1,0,185.42,193.04,185.0,0.0,0.0,0.6000000000000001,0.5,0.5,0.0,0.5,0.0,0.0,0.0,42.5,24.5,5.0,2.5,53.5,33.0,6.5,4.0,4.0,2.0,0.0,0.0,42.0,24.0,3.5,1.0,0.5,0.5,1.0,1.0,0.0,0.0,0.5,0.5,4.0,0.5,2.5,1.0,1.0,1.0,1.5,1.0,37.5,23.0,1.0,0.5,204.5,11.5,292.5,3,1,2,0,2,2,0,0,0,0,0,2,0,0,177.8,182.88,170.0,22.0,23.0,0,0,0,0,0,0,0,0,0,1,0,0,0,0,0,0,0,1,0,0,0,0,1,0
Red,False,0.015625,0.0,0.45,0.4275,0.25,0.2,0.148468017578125,0.098388671875,0.0,0.0,66.5,29.6875,64.31230545043945,27.34375,89.75,48.0,85.53125,44.41152191162109,2.0,0.75,2.0546875,0.75,51.1875,18.3359375,49.6123046875,16.280410766601562,7.5,5.07647705078125,7.5,5.0,4.5,3.625,4.984375,3.9375,48.6875,17.0,47.11572265625,16.5,5.75,3.75,5.3125,3.4375,5.0625,3.5,3.875,2.5,99.2119140625,94.125,638.5,0,0,0,0,0,0,0,0,0,0,0,0,0,0,182.88,182.88,170.0,0.0,0.0,0.525,0.465,0.25,0.25,0.0,0.0,0.0,0.0,36.0,20.0,43.5,16.0,39.5,23.5,48.0,20.5,1.0,0.5,1.0,0.5,23.0,9.5,40.5,14.0,12.5,10.0,3.0,2.0,0.5,0.5,0.0,0.0,19.0,9.0,17.5,2.5,16.0,10.5,16.5,7.0,1.0,0.5,9.5,6.5,20.0,78.5,320.5,3,1,0,1,1,1,1,0,0,0,0,0,0,1,177.8,187.96,145.0,28.0,29.0,0,0,0,0,0,0,0,0,0,1,0,0,0,0,0,1,0,0,0,0,0,0,1,0
Red,True,0.015625,0.0,0.45,0.4275,0.25,0.2,0.148468017578125,0.098388671875,0.0,0.0,66.5,29.6875,64.31230545043945,27.34375,89.75,48.0,85.53125,44.41152191162109,2.0,0.75,2.0546875,0.75,51.1875,18.3359375,49.6123046875,16.280410766601562,7.5,5.07647705078125,7.5,5.0,4.5,3.625,4.984375,3.9375,48.6875,17.0,47.11572265625,16.5,5.75,3.75,5.3125,3.4375,5.0625,3.5,3.875,2.5,99.2119140625,94.125,638.5,0,0,0,0,0,0,0,0,0,0,0,0,0,0,182.88,187.96,170.0,0.0471682548522949,0.0,0.45,0.4217682266235352,0.25,0.19173828125,0.1875,0.125,0.0,0.0,69.5,30.5,66.984375,27.8466796875,94.0,48.544921875,88.50390625,44.75,2.0,0.8125,2.015625,0.6640625,54.0,19.01513671875,51.483436584472656,16.9437255859375,7.91796875,5.430633544921875,7.75,5.0625,4.780975341796875,3.9373779296875,4.8994140625,3.84375,51.025390625,18.400863647460938,50.515625,17.5,5.75,3.75,5.5,3.5,5.375,3.6875,4.0,2.65625,104.865234375,89.5,655.8441009521484,0,0,0,0,0,0,0,0,0,0,0,0,0,0,170.18,177.8,145.0,25.0,23.0,0,0,0,0,0,0,0,0,0,1,0,0,0,0,0,1,0,0,0,0,1,0,0,0
Red,False,0.015625,0.0,0.45,0.4275,0.25,0.2,0.148468017578125,0.098388671875,0.0,0.0,66.5,29.6875,64.31230545043945,27.34375,89.75,48.0,85.53125,44.41152191162109,2.0,0.75,2.0546875,0.75,51.1875,18.3359375,49.6123046875,16.280410766601562,7.5,5.07647705078125,7.5,5.0,4.5,3.625,4.984375,3.9375,48.6875,17.0,47.11572265625,16.5,5.75,3.75,5.3125,3.4375,5.0625,3.5,3.875,2.5,99.2119140625,94.125,638.5,0,0,0,0,0,0,0,0,0,0,0,0,0,0,187.96,187.96,265.0,0.0471682548522949,0.0,0.45,0.4217682266235352,0.25,0.19173828125,0.1875,0.125,0.0,0.0,69.5,30.5,66.984375,27.8466796875,94.0,48.544921875,88.50390625,44.75,2.0,0.8125,2.015625,0.6640625,54.0,19.01513671875,51.483436584472656,16.9437255859375,7.91796875,5.430633544921875,7.75,5.0625,4.780975341796875,3.9373779296875,4.8994140625,3.84375,51.025390625,18.400863647460938,50.515625,17.5,5.75,3.75,5.5,3.5,5.375,3.6875,4.0,2.65625,104.865234375,89.5,655.8441009521484,0,0,0,0,0,0,0,0,0,0,0,0,0,0,187.96,193.04,185.0,34.0,30.0,0,0,0,0,1,0,0,0,0,0,0,0,0,0,0,1,0,0,0,0,1,0,0,0
Red,False,0.015625,0.0,0.45,0.4275,0.25,0.2,0.148468017578125,0.098388671875,0.0,0.0,66.5,29.6875,64.31230545043945,27.34375,89.75,48.0,85.53125,44.41152191162109,2.0,0.75,2.0546875,0.75,51.1875,18.3359375,49.6123046875,16.280410766601562,7.5,5.07647705078125,7.5,5.0,4.5,3.625,4.984375,3.9375,48.6875,17.0,47.11572265625,16.5,5.75,3.75,5.3125,3.4375,5.0625,3.5,3.875,2.5,99.2119140625,94.125,638.5,0,0,0,0,0,0,0,0,0,0,0,0,0,0,177.8,177.8,170.0,0.0471682548522949,0.0,0.45,0.4217682266235352,0.25,0.19173828125,0.1875,0.125,0.0,0.0,69.5,30.5,66.984375,27.8466796875,94.0,48.544921875,88.50390625,44.75,2.0,0.8125,2.015625,0.6640625,54.0,19.01513671875,51.483436584472656,16.9437255859375,7.91796875,5.430633544921875,7.75,5.0625,4.780975341796875,3.9373779296875,4.8994140625,3.84375,51.025390625,18.400863647460938,50.515625,17.5,5.75,3.75,5.5,3.5,5.375,3.6875,4.0,2.65625,104.865234375,89.5,655.8441009521484,0,0,0,0,0,0,0,0,0,0,0,0,0,0,175.26,180.34,155.0,32.0,22.0,0,0,0,0,0,0,0,0,0,1,0,0,0,0,0,0,0,1,0,0,1,0,0,0
Red,True,1.0,0.0,0.45,0.395,0.0,0.0,0.5,0.0,0.0,0.0,46.5,21.0,30.5,12.5,49.5,23.5,39.0,20.5,0.0,0.0,0.5,0.0,36.5,12.0,18.0,4.5,5.5,5.5,8.5,5.5,4.5,3.5,4.0,2.5,32.0,11.5,18.5,4.0,10.5,8.0,12.0,8.5,4.0,1.5,0.0,0.0,21.5,80.0,227.0,2,0,2,0,2,2,0,0,0,0,0,1,1,0,187.96,195.58,245.0,0.53125,0.015625,0.549375,0.28703125,0.0078125,0.001953125,0.515625,0.0078125,0.0,0.0078125,44.65625,25.8203125,18.2109375,4.5,45.8984375,26.9375,19.4765625,5.765625,0.015625,0.0078125,0.9453125,0.015625,34.25,17.3359375,16.359375,3.0859375,1.328125,0.828125,0.1015625,0.0390625,9.078125,7.65625,1.75,1.375,34.9296875,19.7734375,16.65625,4.0546875,6.7890625,4.296875,1.2734375,0.2265625,2.9375,1.75,0.28125,0.21875,8.7734375,3.6953125,210.28125,13,2,1,0,5,6,2,0,0,0,0,4,2,0,190.5,195.58,240.0,31.0,26.0,0,0,0,0,1,0,0,0,0,0,0,0,0,0,0,1,0,0,0,0,1,0,0,0
Red,False,0.25,0.0625,0.4525,0.46875,0.145,0.744375,1.75,1.0,1.25,0.0625,30.5,13.1875,48.1875,22.0625,70.0,50.5625,86.25,56.6875,0.6875,0.3125,5.125,4.0625,23.625,7.875,41.8125,17.625,4.5,3.4375,3.375,2.3125,2.375,1.875,3.0,2.125,21.75,6.6875,11.5625,4.0,6.0,4.75,4.5625,3.0625,2.75,1.75,32.0625,15.0,89.125,450.5,689.875,12,0,0,2,2,2,3,0,0,0,0,0,2,0,180.34,172.72,170.0,0.0,0.0,0.53,0.565,0.8300000000000001,0.14,0.0,0.5,0.5,0.5,33.0,17.5,7.0,4.0,41.5,25.5,17.5,13.5,2.0,1.5,4.0,1.0,29.0,14.0,4.0,2.0,2.0,1.5,0.5,0.5,2.0,2.0,2.5,1.5,5.0,1.5,5.0,2.0,2.5,2.0,2.0,2.0,25.5,14.0,0.0,0.0,222.5,22.0,340.5,3,0,1,0,1,1,1,0,0,0,0,1,0,0,182.88,177.8,185.0,31.0,23.0,0,0,0,0,0,0,0,0,0,1,0,0,0,0,0,1,0,0,0,0,0,0,1,0
Red,False,0.015625,0.0,0.45,0.4275,0.25,0.2,0.148468017578125,0.098388671875,0.0,0.0,66.5,29.6875,64.31230545043945,27.34375,89.75,48.0,85.53125,44.41152191162109,2.0,0.75,2.0546875,0.75,51.1875,18.3359375,49.6123046875,16.280410766601562,7.5,5.07647705078125,7.5,5.0,4.5,3.625,4.984375,3.9375,48.6875,17.0,47.11572265625,16.5,5.75,3.75,5.3125,3.4375,5.0625,3.5,3.875,2.5,99.2119140625,94.125,638.5,0,0,0,0,0,0,0,0,0,0,0,0,0,0,190.5,190.5,265.0,0.0471682548522949,0.0,0.45,0.4217682266235352,0.25,0.19173828125,0.1875,0.125,0.0,0.0,69.5,30.5,66.984375,27.8466796875,94.0,48.544921875,88.50390625,44.75,2.0,0.8125,2.015625,0.6640625,54.0,19.01513671875,51.483436584472656,16.9437255859375,7.91796875,5.430633544921875,7.75,5.0625,4.780975341796875,3.9373779296875,4.8994140625,3.84375,51.025390625,18.400863647460938,50.515625,17.5,5.75,3.75,5.5,3.5,5.375,3.6875,4.0,2.65625,104.865234375,89.5,655.8441009521484,0,0,0,0,0,0,0,0,0,0,0,0,0,0,190.5,190.5,235.0,29.0,32.0,0,0,0,0,1,0,0,0,0,0,0,0,0,0,0,0,0,1,0,0,1,0,0,0
Red,False,0.0,0.0,0.39625,0.4862499999999999,0.0,0.625,0.25,0.0,0.0,0.0,13.625,5.125,56.875,27.625,57.5,45.375,106.375,72.25,0.5,0.0,2.125,2.125,9.25,1.75,51.875,23.625,2.25,2.125,2.25,1.75,2.125,1.25,2.75,2.25,11.875,4.125,12.125,5.125,0.75,0.5,1.125,0.625,1.0,0.5,43.625,21.875,1.5,455.0,529.5,6,1,1,0,1,1,3,0,0,0,0,0,1,0,190.5,195.58,205.0,0.0,0.0,0.61,0.69,0.61,0.0,1.0,0.0,0.0,0.0,94.0,45.5,75.5,29.0,112.5,64.0,79.5,33.0,5.0,1.5,0.0,0.0,76.5,32.5,73.0,27.5,11.0,8.0,1.0,0.5,6.5,5.0,1.5,1.0,65.0,26.0,64.0,22.0,25.5,16.5,11.5,7.0,3.5,3.0,0.0,0.0,139.0,9.5,519.0,4,1,2,0,2,2,0,0,0,0,1,0,1,0,190.5,195.58,205.0,34.0,26.0,0,0,0,0,0,1,0,0,0,0,0,0,0,0,0,1,0,0,0,0,1,0,0,0
Red,False,0.015625,0.0,0.45,0.4275,0.25,0.2,0.148468017578125,0.098388671875,0.0,0.0,66.5,29.6875,64.31230545043945,27.34375,89.75,48.0,85.53125,44.41152191162109,2.0,0.75,2.0546875,0.75,51.1875,18.3359375,49.6123046875,16.280410766601562,7.5,5.07647705078125,7.5,5.0,4.5,3.625,4.984375,3.9375,48.6875,17.0,47.11572265625,16.5,5.75,3.75,5.3125,3.4375,5.0625,3.5,3.875,2.5,99.2119140625,94.125,638.5,0,0,0,0,0,0,0,0,0,0,0,0,0,0,182.88,182.88,235.0,0.0471682548522949,0.0,0.45,0.4217682266235352,0.25,0.19173828125,0.1875,0.125,0.0,0.0,69.5,30.5,66.984375,27.8466796875,94.0,48.544921875,88.50390625,44.75,2.0,0.8125,2.015625,0.6640625,54.0,19.01513671875,51.483436584472656,16.9437255859375,7.91796875,5.430633544921875,7.75,5.0625,4.780975341796875,3.9373779296875,4.8994140625,3.84375,51.025390625,18.400863647460938,50.515625,17.5,5.75,3.75,5.5,3.5,5.375,3.6875,4.0,2.65625,104.865234375,89.5,655.8441009521484,0,0,0,0,0,0,0,0,0,0,0,0,0,0,193.04,193.04,232.0,29.0,27.0,0,0,0,0,1,0,0,0,0,0,0,0,0,0,0,1,0,0,0,0,1,0,0,0
Red,False,0.015625,0.0,0.45,0.4275,0.25,0.2,0.148468017578125,0.098388671875,0.0,0.0,66.5,29.6875,64.31230545043945,27.34375,89.75,48.0,85.53125,44.41152191162109,2.0,0.75,2.0546875,0.75,51.1875,18.3359375,49.6123046875,16.280410766601562,7.5,5.07647705078125,7.5,5.0,4.5,3.625,4.984375,3.9375,48.6875,17.0,47.11572265625,16.5,5.75,3.75,5.3125,3.4375,5.0625,3.5,3.875,2.5,99.2119140625,94.125,638.5,0,0,0,0,0,0,0,0,0,0,0,0,0,0,185.42,185.42,205.0,0.0,0.25,0.536875,0.490625,0.505,0.5625,1.4375,0.0,0.0,0.0,30.5,15.8125,16.9375,7.0625,62.9375,44.875,37.5625,26.375,2.8125,1.75,1.1875,1.0625,24.5625,10.8125,15.0,5.5,2.3125,1.8125,1.4375,1.1875,3.625,3.1875,0.5,0.375,10.5625,5.375,12.5,4.5625,3.0625,2.5625,1.0,0.5,16.875,7.875,3.4375,2.0,241.0,84.5625,430.75,12,0,1,0,1,3,2,0,1,0,1,0,1,0,185.42,190.5,205.0,28.0,30.0,0,0,0,0,0,1,0,0,0,0,0,0,0,0,0,0,0,1,0,0,1,0,0,0
Red,False,0.0,0.0,0.1575,0.6025,0.04,0.25,2.0,0.25,0.0,0.0,15.0,4.25,35.75,17.0,32.25,21.0,62.25,42.25,3.5,0.5,0.25,0.25,10.5,1.0,32.25,14.5,2.0,1.0,3.0,2.0,2.5,2.25,0.5,0.5,13.0,3.75,14.25,2.75,1.25,0.0,0.75,0.75,0.75,0.5,20.75,13.5,28.0,343.0,507.5,7,1,1,0,1,1,2,0,0,0,0,0,1,0,175.26,182.88,155.0,0.25,0.5,0.535,0.39,0.125,0.5,0.0,1.0,0.0,0.0,55.5,31.5,56.25,29.25,96.0,70.0,82.0,54.75,1.0,0.25,2.25,1.5,34.75,14.5,41.75,19.75,15.0,12.5,11.0,6.25,5.75,4.5,3.5,3.25,21.0,7.5,13.75,5.0,33.25,23.0,35.5,19.75,1.25,1.0,7.0,4.5,128.75,294.75,685.25,7,0,1,0,1,1,2,0,0,0,1,0,0,0,185.42,185.42,185.0,29.0,33.0,0,0,0,0,0,0,0,1,0,0,0,0,0,0,0,1,0,0,0,0,1,0,0,0
Red,False,0.015625,0.0,0.45,0.4275,0.25,0.2,0.148468017578125,0.098388671875,0.0,0.0,66.5,29.6875,64.31230545043945,27.34375,89.75,48.0,85.53125,44.41152191162109,2.0,0.75,2.0546875,0.75,51.1875,18.3359375,49.6123046875,16.280410766601562,7.5,5.07647705078125,7.5,5.0,4.5,3.625,4.984375,3.9375,48.6875,17.0,47.11572265625,16.5,5.75,3.75,5.3125,3.4375,5.0625,3.5,3.875,2.5,99.2119140625,94.125,638.5,0,0,0,0,0,0,0,0,0,0,0,0,0,0,180.34,180.34,170.0,0.0471682548522949,0.0,0.45,0.4217682266235352,0.25,0.19173828125,0.1875,0.125,0.0,0.0,69.5,30.5,66.984375,27.8466796875,94.0,48.544921875,88.50390625,44.75,2.0,0.8125,2.015625,0.6640625,54.0,19.01513671875,51.483436584472656,16.9437255859375,7.91796875,5.430633544921875,7.75,5.0625,4.780975341796875,3.9373779296875,4.8994140625,3.84375,51.025390625,18.400863647460938,50.515625,17.5,5.75,3.75,5.5,3.5,5.375,3.6875,4.0,2.65625,104.865234375,89.5,655.8441009521484,0,0,0,0,0,0,0,0,0,0,0,0,0,0,182.88,187.96,170.0,28.0,27.0,0,0,0,0,0,0,0,1,0,0,0,0,0,0,0,0,0,1,0,0,1,0,0,0
Red,False,0.015625,0.0,0.45,0.4275,0.25,0.2,0.148468017578125,0.098388671875,0.0,0.0,66.5,29.6875,64.31230545043945,27.34375,89.75,48.0,85.53125,44.41152191162109,2.0,0.75,2.0546875,0.75,51.1875,18.3359375,49.6123046875,16.280410766601562,7.5,5.07647705078125,7.5,5.0,4.5,3.625,4.984375,3.9375,48.6875,17.0,47.11572265625,16.5,5.75,3.75,5.3125,3.4375,5.0625,3.5,3.875,2.5,99.2119140625,94.125,638.5,0,0,0,0,0,0,0,0,0,0,0,0,0,0,175.26,177.8,170.0,0.0471682548522949,0.0,0.45,0.4217682266235352,0.25,0.19173828125,0.1875,0.125,0.0,0.0,69.5,30.5,66.984375,27.8466796875,94.0,48.544921875,88.50390625,44.75,2.0,0.8125,2.015625,0.6640625,54.0,19.01513671875,51.483436584472656,16.9437255859375,7.91796875,5.430633544921875,7.75,5.0625,4.780975341796875,3.9373779296875,4.8994140625,3.84375,51.025390625,18.400863647460938,50.515625,17.5,5.75,3.75,5.5,3.5,5.375,3.6875,4.0,2.65625,104.865234375,89.5,655.8441009521484,0,0,0,0,0,0,0,0,0,0,0,0,0,0,170.18,172.72,155.0,22.0,29.0,0,0,0,0,0,0,0,0,0,1,0,0,0,0,0,1,0,0,0,0,0,0,1,0
Red,False,0.5,0.078125,0.42810302734375,0.3654638671875,0.1391015625,0.377509765625,0.634033203125,0.765625,0.0,0.5,65.142822265625,24.140380859375,146.00341796875,52.23779296875,83.1689453125,39.5859375,153.171630859375,58.864501953125,3.4150390625,0.8681640625,0.694580078125,0.630126953125,50.19970703125,16.59423828125,131.140869140625,42.179931640625,13.513427734375,6.257568359375,9.697509765625,6.166259765625,1.4296875,1.28857421875,5.1650390625,3.8916015625,50.068359375,14.502197265625,127.539794921875,42.864990234375,6.030517578125,3.34423828125,15.604248046875,9.209228515625,9.0439453125,6.2939453125,2.859375,0.16357421875,105.65869140625,48.1748046875,715.115966796875,21,3,3,0,4,10,3,0,0,0,2,4,3,1,182.88,187.96,185.0,1.0,0.125,0.53,0.315,0.0625,0.415,0.25,0.5,0.0,0.0,40.75,20.625,23.5,13.0,50.25,29.75,43.75,27.75,0.625,0.125,1.75,0.75,35.125,16.5,14.5,5.375,4.25,3.125,4.75,4.25,1.375,1.0,4.25,3.375,12.625,4.125,11.5,3.625,7.75,4.625,11.375,8.75,20.375,11.875,0.625,0.625,156.375,132.25,431.875,7,0,1,0,2,3,1,0,0,0,0,2,0,1,182.88,193.04,185.0,34.0,25.0,0,0,0,0,0,0,0,1,0,0,0,0,0,0,0,1,0,0,0,0,1,0,0,0
Red,False,0.015625,0.0,0.45,0.4275,0.25,0.2,0.148468017578125,0.098388671875,0.0,0.0,66.5,29.6875,64.31230545043945,27.34375,89.75,48.0,85.53125,44.41152191162109,2.0,0.75,2.0546875,0.75,51.1875,18.3359375,49.6123046875,16.280410766601562,7.5,5.07647705078125,7.5,5.0,4.5,3.625,4.984375,3.9375,48.6875,17.0,47.11572265625,16.5,5.75,3.75,5.3125,3.4375,5.0625,3.5,3.875,2.5,99.2119140625,94.125,638.5,0,0,0,0,0,0,0,0,0,0,0,0,0,0,190.5,190.5,257.0,0.0471682548522949,0.0,0.45,0.4217682266235352,0.25,0.19173828125,0.1875,0.125,0.0,0.0,69.5,30.5,66.984375,27.8466796875,94.0,48.544921875,88.50390625,44.75,2.0,0.8125,2.015625,0.6640625,54.0,19.01513671875,51.483436584472656,16.9437255859375,7.91796875,5.430633544921875,7.75,5.0625,4.780975341796875,3.9373779296875,4.8994140625,3.84375,51.025390625,18.400863647460938,50.515625,17.5,5.75,3.75,5.5,3.5,5.375,3.6875,4.0,2.65625,104.865234375,89.5,655.8441009521484,0,0,0,0,0,0,0,0,0,0,0,0,0,0,190.5,198.12,230.0,33.0,27.0,0,0,0,0,1,0,0,0,0,0,0,0,0,0,0,1,0,0,0,0,1,0,0,0
Red,False,0.0,0.0,0.41,0.25,0.665,0.0,0.5,0.5,0.0,0.0,9.5,7.0,2.0,0.5,18.5,15.5,3.5,2.0,2.5,1.5,0.0,0.0,8.5,6.5,1.5,0.0,0.0,0.0,0.0,0.0,1.0,0.5,0.5,0.5,2.5,1.0,2.0,0.5,0.0,0.0,0.0,0.0,7.0,6.0,0.0,0.0,139.5,0.0,187.0,2,0,2,0,2,2,0,0,0,0,0,1,1,0,177.8,185.42,170.0,0.0,0.0,0.35,0.23,0.33,0.0,1.5,0.5,0.0,0.0,5.5,2.0,14.0,6.5,10.5,5.0,76.5,68.0,1.5,1.0,1.0,0.0,4.0,1.0,12.0,5.0,1.0,0.5,1.5,1.0,0.5,0.5,0.5,0.5,2.5,0.5,2.0,1.0,1.5,0.5,2.0,1.5,1.5,1.0,10.0,4.0,85.5,73.0,187.5,2,0,0,1,1,1,1,0,0,0,0,0,1,0,177.8,177.8,155.0,27.0,25.0,0,0,0,0,0,0,0,0,0,1,0,0,0,0,0,1,0,0,0,0,1,0,0,0
Red,False,0.0,2.0,0.55,0.72,0.0,0.0,0.0,0.0,0.0,0.0,9.0,5.0,33.0,24.0,9.0,5.0,46.0,37.0,3.0,0.0,1.0,0.0,5.0,1.0,31.0,22.0,2.0,2.0,2.0,2.0,2.0,2.0,0.0,0.0,8.0,4.0,16.0,13.0,1.0,1.0,3.0,2.0,0.0,0.0,14.0,9.0,6.0,21.0,102.0,1,0,0,1,0,0,1,0,0,0,0,0,0,0,182.88,190.5,170.0,0.0471682548522949,0.0,0.45,0.4217682266235352,0.25,0.19173828125,0.1875,0.125,0.0,0.0,69.5,30.5,66.984375,27.8466796875,94.0,48.544921875,88.50390625,44.75,2.0,0.8125,2.015625,0.6640625,54.0,19.01513671875,51.483436584472656,16.9437255859375,7.91796875,5.430633544921875,7.75,5.0625,4.780975341796875,3.9373779296875,4.8994140625,3.84375,51.025390625,18.400863647460938,50.515625,17.5,5.75,3.75,5.5,3.5,5.375,3.6875,4.0,2.65625,104.865234375,89.5,655.8441009521484,0,0,0,0,0,0,0,0,0,0,0,0,0,0,182.88,185.42,170.0,29.0,26.0,0,0,0,0,0,0,0,0,0,1,0,0,0,0,0,1,0,0,0,0,1,0,0,0
Red,False,0.0,1.0,0.66,0.8,1.0,0.0,1.0,0.0,0.0,0.0,6.0,4.0,46.0,37.0,15.0,13.0,53.0,44.0,1.0,1.0,0.0,0.0,2.0,1.0,30.0,21.0,4.0,3.0,15.0,15.0,0.0,0.0,1.0,1.0,2.0,0.0,4.0,3.0,4.0,4.0,24.0,21.0,0.0,0.0,18.0,13.0,34.0,119.0,215.0,1,0,0,1,0,0,1,0,0,0,0,0,0,0,185.42,185.42,185.0,0.0,0.0,0.54,0.37,0.6,0.25,0.0,0.0,0.0,0.0,51.5,26.5,33.0,13.5,140.5,109.5,36.0,16.5,3.0,1.0,1.0,0.5,42.5,19.0,27.0,9.5,5.5,5.0,3.5,2.0,3.5,2.5,2.5,2.0,12.5,4.5,14.5,4.0,14.5,6.5,15.5,8.0,24.5,15.5,3.0,1.5,316.5,60.5,497.5,4,0,2,0,2,2,0,0,0,1,0,1,0,0,180.34,185.42,185.0,23.0,25.0,0,0,0,0,0,0,0,1,0,0,0,0,0,0,0,1,0,0,0,0,0,0,1,0
Red,False,0.0,0.5,0.465,0.435,0.625,0.5,0.5,1.0,0.5,0.0,66.0,30.5,23.0,11.0,105.5,66.5,37.5,25.0,2.5,1.0,3.0,0.5,47.0,14.5,15.0,5.0,15.5,14.0,6.0,4.0,3.5,2.0,2.0,2.0,28.0,5.5,12.5,4.0,3.0,1.0,7.0,5.0,35.0,24.0,3.5,2.0,223.0,80.5,780.5,4,0,2,0,2,2,0,0,0,0,1,0,1,0,187.96,187.96,205.0,0.0,0.501953125,0.49876220703125,0.560029296875,0.214140625,0.0380078125,0.0330810546875,0.5244140625,0.015625,0.03125,43.103271484375,25.1544189453125,20.555419921875,10.1689453125,72.1226806640625,53.46728515625,26.4913330078125,16.0423583984375,2.0595703125,1.2314453125,0.490478515625,0.193359375,36.2586669921875,20.123291015625,17.994873046875,7.775390625,2.7166748046875,1.6590576171875,1.4775390625,1.35986328125,4.1279296875,3.3720703125,1.0830078125,1.03369140625,14.539306640625,5.54736328125,15.159423828125,6.270263671875,9.55712890625,6.05810546875,2.8251953125,1.857177734375,19.0068359375,13.5489501953125,2.57080078125,2.04150390625,312.5439453125,28.8818359375,445.3731689453125,37,12,7,0,7,10,4,0,1,0,2,5,1,1,185.42,190.5,205.0,40.0,42.0,0,0,0,0,0,1,0,0,0,0,0,0,0,0,0,0,0,0,1,0,1,0,0,0
Red,False,0.5,0.375,0.39625,0.4,0.0,0.2275,0.125,0.0,0.0,0.0,48.0,21.875,62.875,25.875,54.5,27.375,87.25,47.875,0.25,0.0,2.25,0.875,37.5,13.625,50.0,17.0,5.875,4.625,3.375,3.375,4.625,3.625,9.5,5.5,38.75,16.0,43.75,12.875,8.625,5.375,7.5,5.625,0.625,0.5,11.625,7.375,11.5,102.5,434.75,5,0,0,1,1,1,3,0,0,0,0,0,1,0,187.96,187.96,233.0,0.1875,0.5,0.45625,0.60375,0.25,0.0,0.0,1.3125,0.0,0.0,22.4375,12.125,13.5625,6.1875,23.75,13.375,13.75,6.375,0.25,0.25,0.1875,0.0,19.8125,9.8125,10.0625,2.6875,1.375,1.125,0.4375,0.4375,1.25,1.1875,3.0625,3.0625,17.4375,8.125,11.3125,6.0,3.9375,3.1875,0.25,0.1875,1.0625,0.8125,2.0,0.0,12.8125,4.0,87.25,6,4,3,0,3,3,2,0,0,0,0,3,0,0,203.2,203.2,265.0,40.0,29.0,0,0,0,0,1,0,0,0,0,0,0,0,0,0,0,1,0,0,0,0,1,0,0,0
Red,True,0.0,0.0,0.45375,0.30796875,0.1459375,0.140625,0.46875,1.0625,0.0,0.0625,11.5,5.578125,7.9375,2.453125,33.234375,25.09375,24.046875,18.28125,0.875,0.421875,0.203125,0.140625,8.15625,3.625,5.453125,0.765625,1.921875,1.375,1.71875,0.984375,1.421875,0.578125,0.765625,0.703125,6.609375,1.96875,6.5625,1.3125,0.640625,0.453125,0.59375,0.484375,4.25,3.15625,0.78125,0.65625,140.0625,9.875,228.734375,8,1,0,2,4,4,3,0,0,0,0,1,3,0,185.42,187.96,185.0,1.177734375,0.0,0.455439453125,0.38524658203125,0.250244140625,0.0625048828125,0.0,0.063232421875,0.062744140625,0.0,45.68310546875,20.1103515625,32.597412109375,13.149169921875,52.784912109375,27.195556640625,33.47265625,13.8837890625,0.31298828125,0.25048828125,1.04052734375,0.306640625,42.1044921875,16.897216796875,28.396484375,9.979736328125,1.200927734375,0.99658203125,1.561767578125,0.7099609375,2.377685546875,2.216552734375,2.63916015625,2.45947265625,32.210693359375,12.510009765625,26.939453125,10.85546875,4.52587890625,2.17919921875,3.63037109375,1.49267578125,8.946533203125,5.421142578125,2.027587890625,0.801025390625,35.6455078125,15.9599609375,245.51220703125,24,2,1,0,7,11,2,0,0,0,5,5,0,1,187.96,193.04,205.0,29.0,35.0,0,0,0,0,0,1,0,0,0,0,0,0,0,0,0,1,0,0,0,0,1,0,0,0
Red,False,0.5,0.0,0.045,0.33,0.5,0.25,0.0,0.5,0.5,0.0,7.5,0.5,35.0,10.5,21.0,13.5,61.5,35.0,1.0,0.5,2.0,1.0,7.5,0.5,27.0,4.5,0.0,0.0,1.0,0.5,0.0,0.0,7.0,5.5,7.5,0.5,23.0,4.5,0.0,0.0,9.5,5.5,0.0,0.0,2.5,0.5,57.5,164.0,413.0,4,0,1,0,1,1,1,0,0,0,0,1,0,0,180.34,190.5,185.0,0.0,0.0,0.66,0.71,0.5,0.0,2.0,0.0,0.0,0.0,18.0,12.0,7.0,5.0,57.0,45.0,27.0,23.0,4.0,2.0,0.0,0.0,8.0,2.0,2.0,0.0,10.0,10.0,3.0,3.0,0.0,0.0,2.0,2.0,1.0,0.0,5.0,4.0,0.0,0.0,0.0,0.0,17.0,12.0,2.0,1.0,309.0,4.0,365.0,2,0,1,0,1,1,0,0,0,0,0,0,1,0,185.42,190.5,185.0,32.0,32.0,0,0,0,0,0,0,0,1,0,0,0,0,0,0,0,1,0,0,0,0,1,0,0,0
Red,False,0.5,0.0,0.5025,0.4075,0.375,0.375,0.625,1.5,0.125,0.625,30.75,17.25,15.5,7.625,47.25,33.125,21.625,13.75,0.375,0.375,3.25,0.625,25.875,13.5,13.0,5.5,4.625,3.5,1.375,1.0,0.25,0.25,1.125,1.125,6.875,1.375,5.875,1.125,7.5,5.25,3.125,1.5,16.375,10.625,6.5,5.0,169.625,72.125,291.375,5,2,0,1,2,2,2,0,0,0,0,2,0,0,175.26,180.34,170.0,0.25,0.0,0.58875,0.35125,0.84375,0.15,2.0,1.0,0.75,0.75,65.375,42.25,26.0,9.75,107.875,83.375,37.0,19.5,3.875,3.5,5.375,1.0,50.25,27.875,17.625,4.0,11.125,10.5,6.5,5.0,4.0,3.875,1.875,0.75,20.875,10.25,21.5,6.75,4.125,3.5,0.875,0.875,40.375,28.5,3.625,2.125,389.25,87.625,650.0,8,1,2,0,2,3,1,0,0,0,2,1,0,0,180.34,193.04,185.0,33.0,24.0,0,0,0,0,0,0,0,0,0,1,0,0,0,0,0,0,0,1,0,0,1,0,0,0
Red,False,0.015625,0.0,0.45,0.4275,0.25,0.2,0.148468017578125,0.098388671875,0.0,0.0,66.5,29.6875,64.31230545043945,27.34375,89.75,48.0,85.53125,44.41152191162109,2.0,0.75,2.0546875,0.75,51.1875,18.3359375,49.6123046875,16.280410766601562,7.5,5.07647705078125,7.5,5.0,4.5,3.625,4.984375,3.9375,48.6875,17.0,47.11572265625,16.5,5.75,3.75,5.3125,3.4375,5.0625,3.5,3.875,2.5,99.2119140625,94.125,638.5,0,0,0,0,0,0,0,0,0,0,0,0,0,0,172.72,180.34,185.0,0.0,1.0,0.5,0.66,0.0,1.0,0.0,0.0,0.0,0.0,6.0,3.0,15.0,10.0,6.0,3.0,39.0,30.0,0.0,0.0,1.0,1.0,4.0,1.0,12.0,7.0,1.0,1.0,3.0,3.0,1.0,1.0,0.0,0.0,5.0,2.0,8.0,5.0,1.0,1.0,3.0,2.0,0.0,0.0,4.0,3.0,6.0,83.0,115.0,1,0,0,1,0,0,1,0,0,0,0,0,0,0,187.96,190.5,205.0,24.0,26.0,0,0,0,0,0,1,0,0,0,0,0,0,0,0,0,1,0,0,0,0,1,0,0,0
Red,False,0.015625,0.0,0.45,0.4275,0.25,0.2,0.148468017578125,0.098388671875,0.0,0.0,66.5,29.6875,64.31230545043945,27.34375,89.75,48.0,85.53125,44.41152191162109,2.0,0.75,2.0546875,0.75,51.1875,18.3359375,49.6123046875,16.280410766601562,7.5,5.07647705078125,7.5,5.0,4.5,3.625,4.984375,3.9375,48.6875,17.0,47.11572265625,16.5,5.75,3.75,5.3125,3.4375,5.0625,3.5,3.875,2.5,99.2119140625,94.125,638.5,0,0,0,0,0,0,0,0,0,0,0,0,0,0,185.42,185.42,170.0,0.0,0.0,0.66,0.5,0.5,0.0,0.0,0.0,0.0,0.0,21.0,14.0,4.0,2.0,21.0,14.0,7.0,5.0,2.0,1.0,0.0,0.0,20.0,13.0,3.0,1.0,1.0,1.0,1.0,1.0,0.0,0.0,0.0,0.0,2.0,0.0,1.0,0.0,2.0,2.0,1.0,1.0,17.0,12.0,2.0,1.0,92.0,0.0,169.0,1,1,1,0,1,1,0,0,0,0,0,1,0,0,177.8,182.88,170.0,33.0,23.0,0,0,0,0,0,0,0,0,0,1,0,0,0,0,0,1,0,0,0,0,0,0,1,0
Red,False,0.0,1.0,0.61,0.6000000000000001,0.47,0.33,2.0,0.0,1.0,1.0,15.5,7.5,54.5,33.0,39.5,28.5,68.5,46.5,6.5,3.0,1.5,1.0,9.5,2.5,46.5,26.0,4.0,3.0,4.5,4.0,2.0,2.0,3.5,3.0,8.5,4.0,13.0,8.0,3.0,1.5,5.5,3.5,4.0,2.0,36.0,21.5,185.5,322.5,637.0,5,0,0,1,1,1,1,0,0,0,0,0,1,0,182.88,190.5,185.0,0.0,0.259765625,0.332529296875,0.24765625,0.3166796875,0.5234375,0.6953125,0.01953125,0.166015625,0.51953125,25.3505859375,12.0283203125,10.2568359375,3.8330078125,66.0283203125,49.9091796875,26.953125,19.73046875,3.1591796875,1.3603515625,0.80078125,0.546875,18.24609375,6.810546875,8.046875,2.015625,1.9521484375,1.2822265625,1.298828125,1.09375,5.15234375,3.935546875,0.9111328125,0.7236328125,6.544921875,0.5810546875,6.4912109375,1.1494140625,12.11328125,8.03515625,1.4072265625,0.8818359375,6.6923828125,3.412109375,2.3583984375,1.8017578125,261.197265625,88.91796875,418.7373046875,24,1,4,0,4,8,3,0,1,0,2,3,1,0,182.88,187.96,185.0,27.0,35.0,0,0,0,0,0,0,0,1,0,0,0,0,0,0,0,1,0,0,0,0,0,0,1,0
Red,False,0.0,0.0,0.5,0.33,0.0,0.0,0.0,1.0,0.0,0.0,12.0,6.0,3.0,1.0,19.0,12.0,4.0,2.0,0.0,0.0,1.0,0.0,12.0,6.0,1.0,0.0,0.0,0.0,1.0,1.0,0.0,0.0,1.0,0.0,4.0,0.0,3.0,1.0,0.0,0.0,0.0,0.0,8.0,6.0,0.0,0.0,63.0,0.0,100.0,1,0,1,0,1,1,0,0,0,0,0,1,0,0,172.72,167.64,155.0,0.0,0.0,0.5,0.66,0.0,0.5,0.0,0.0,0.0,0.0,4.0,2.0,21.0,14.0,7.0,5.0,21.0,14.0,0.0,0.0,2.0,1.0,3.0,1.0,20.0,13.0,1.0,1.0,1.0,1.0,0.0,0.0,0.0,0.0,1.0,0.0,2.0,0.0,1.0,1.0,2.0,2.0,2.0,1.0,17.0,12.0,0.0,92.0,169.0,1,1,0,1,0,0,1,0,0,0,0,0,0,0,177.8,187.96,145.0,27.0,29.0,0,0,0,0,0,0,0,0,0,1,0,0,0,0,0,1,0,0,0,0,0,0,1,0
Red,False,0.015625,0.0,0.45,0.4275,0.25,0.2,0.148468017578125,0.098388671875,0.0,0.0,66.5,29.6875,64.31230545043945,27.34375,89.75,48.0,85.53125,44.41152191162109,2.0,0.75,2.0546875,0.75,51.1875,18.3359375,49.6123046875,16.280410766601562,7.5,5.07647705078125,7.5,5.0,4.5,3.625,4.984375,3.9375,48.6875,17.0,47.11572265625,16.5,5.75,3.75,5.3125,3.4375,5.0625,3.5,3.875,2.5,99.2119140625,94.125,638.5,0,0,0,0,0,0,0,0,0,0,0,0,0,0,180.34,182.88,170.0,0.0,0.0,0.37,0.46,0.0,0.0,2.0,1.0,0.0,0.0,8.0,3.0,28.0,13.0,13.0,4.0,153.0,136.0,0.0,0.0,1.0,0.0,6.0,2.0,24.0,10.0,1.0,0.0,3.0,2.0,1.0,1.0,1.0,1.0,4.0,1.0,4.0,2.0,2.0,0.0,4.0,3.0,2.0,2.0,20.0,8.0,101.0,146.0,280.0,1,0,0,1,0,0,1,0,0,0,0,0,0,0,177.8,177.8,155.0,22.0,25.0,0,0,0,0,0,0,0,0,0,1,0,0,0,0,0,1,0,0,0,0,1,0,0,0
Red,False,0.0,0.0,0.32,0.42,0.25,0.66,1.0,0.0,1.0,0.0,49.0,16.0,40.0,17.0,136.0,90.0,102.0,73.0,4.0,1.0,6.0,4.0,43.0,10.0,37.0,15.0,3.0,3.0,3.0,2.0,3.0,3.0,0.0,0.0,34.0,7.0,28.0,7.0,5.0,5.0,3.0,3.0,10.0,4.0,9.0,7.0,262.0,376.0,859.0,3,0,1,0,1,1,0,0,0,0,0,0,1,0,180.34,190.5,170.0,1.0,0.0,0.53,0.3,0.0,0.0,0.0,0.0,0.0,0.0,56.0,27.5,26.5,8.0,69.5,41.0,29.5,10.5,0.0,0.0,0.0,0.0,47.0,20.5,18.0,2.5,7.0,6.0,1.5,0.5,2.0,1.0,7.0,5.0,47.0,21.5,23.0,6.5,5.5,3.0,3.5,1.5,3.5,3.0,0.0,0.0,18.0,21.0,177.0,2,0,2,0,2,2,0,0,0,0,0,2,0,0,182.88,182.88,185.0,23.0,33.0,0,0,0,0,0,0,0,1,0,0,0,0,0,0,0,1,0,0,0,1,0,0,0,0
Red,False,0.0,0.0,0.625,0.4,0.5,1.0,0.25,0.25,0.0,0.0,15.25,10.5,13.75,8.0,19.25,14.5,21.0,15.25,0.5,0.5,1.5,1.5,7.5,3.25,6.75,2.0,3.5,3.5,6.5,5.5,4.25,3.75,0.5,0.5,7.5,4.25,2.75,0.75,7.25,6.25,8.0,6.0,0.5,0.0,3.0,1.25,50.75,118.75,286.5,4,0,1,0,1,2,1,0,0,0,0,0,2,0,175.26,175.26,170.0,0.0,0.0,0.82,0.5,1.0,0.0,0.0,1.0,0.0,0.0,17.0,14.0,2.0,1.0,31.0,27.0,4.0,3.0,2.0,2.0,0.0,0.0,16.0,13.0,1.0,0.0,0.0,0.0,0.0,0.0,1.0,1.0,1.0,1.0,3.0,2.0,2.0,1.0,0.0,0.0,0.0,0.0,14.0,12.0,0.0,0.0,189.0,0.0,261.0,1,0,1,0,1,1,0,0,0,0,0,1,0,0,177.8,185.42,170.0,34.0,27.0,0,0,0,0,0,0,0,0,0,1,0,0,0,0,0,1,0,0,0,0,1,0,0,0
Red,False,0.0,2.0,0.47,0.5,1.0,0.0,0.0,1.0,0.0,0.0,23.0,11.0,34.0,17.0,24.0,12.0,43.0,25.0,1.0,1.0,0.0,0.0,12.0,2.0,31.0,16.0,5.0,4.0,2.0,1.0,6.0,5.0,1.0,0.0,16.0,4.0,11.0,2.0,6.0,6.0,3.0,3.0,1.0,1.0,20.0,12.0,35.0,159.0,300.0,1,0,0,1,0,0,1,0,0,0,0,0,0,0,177.8,177.8,185.0,1.0,0.0,0.53,0.25,0.0,0.0,0.0,0.0,0.0,0.0,13.0,7.0,4.0,1.0,13.0,7.0,4.0,1.0,0.0,0.0,0.0,0.0,12.0,6.0,2.0,0.0,0.0,0.0,1.0,0.0,1.0,1.0,1.0,1.0,13.0,7.0,4.0,1.0,0.0,0.0,0.0,0.0,0.0,0.0,0.0,0.0,0.0,0.0,20.0,1,0,1,0,1,1,0,0,0,0,0,1,0,0,185.42,195.58,170.0,32.0,26.0,0,0,0,0,0,0,0,1,0,0,0,0,0,0,0,0,0,1,0,0,1,0,0,0
Red,False,1.0,0.0,0.54,0.485,0.0,0.66,0.0,2.0,0.5,0.5,40.5,24.0,49.5,27.0,54.0,37.5,128.5,100.5,0.5,0.0,4.5,3.0,35.5,19.5,44.0,22.5,2.5,2.5,5.0,4.0,2.5,2.0,0.5,0.5,20.5,10.5,8.5,2.5,5.0,3.5,2.0,0.5,15.0,10.0,39.0,24.0,140.5,544.0,827.5,6,0,0,2,0,0,2,0,0,0,0,0,0,0,180.34,190.5,170.0,0.0,0.0,0.67,0.33,1.0,0.0,0.0,0.0,0.0,0.0,40.0,27.0,3.0,1.0,47.0,34.0,5.0,3.0,1.0,1.0,0.0,0.0,34.0,21.0,3.0,1.0,6.0,6.0,0.0,0.0,0.0,0.0,0.0,0.0,1.0,0.0,1.0,0.0,2.0,1.0,2.0,1.0,37.0,26.0,0.0,0.0,86.0,0.0,95.0,1,0,1,0,1,1,0,0,0,0,0,1,0,0,180.34,185.42,185.0,25.0,25.0,0,0,0,0,0,0,0,1,0,0,0,0,0,0,0,1,0,0,0,0,0,0,1,0
Red,False,0.25,0.0,0.42,0.47875,0.125,0.645,1.75,0.125,0.125,0.0,25.0,12.625,20.625,6.625,47.625,33.25,31.375,15.75,1.5,0.25,2.125,1.375,14.75,5.5,17.25,4.375,3.0,2.5,0.625,0.25,7.25,4.625,2.75,2.0,16.625,6.625,12.875,2.125,5.125,3.625,3.125,2.25,3.25,2.375,4.625,2.25,63.875,113.875,310.875,8,0,1,0,2,3,1,0,0,0,0,1,2,0,182.88,182.88,185.0,0.0471682548522949,0.0,0.45,0.4217682266235352,0.25,0.19173828125,0.1875,0.125,0.0,0.0,69.5,30.5,66.984375,27.8466796875,94.0,48.544921875,88.50390625,44.75,2.0,0.8125,2.015625,0.6640625,54.0,19.01513671875,51.483436584472656,16.9437255859375,7.91796875,5.430633544921875,7.75,5.0625,4.780975341796875,3.9373779296875,4.8994140625,3.84375,51.025390625,18.400863647460938,50.515625,17.5,5.75,3.75,5.5,3.5,5.375,3.6875,4.0,2.65625,104.865234375,89.5,655.8441009521484,0,0,0,0,0,0,0,0,0,0,0,0,0,0,182.88,187.96,185.0,34.0,26.0,0,0,0,0,0,0,0,1,0,0,0,0,0,0,0,1,0,0,0,0,1,0,0,0
Red,False,1.0,0.0,0.18,0.25,0.0,0.5,0.0,0.0,0.0,0.0,119.0,22.0,84.0,21.0,171.0,71.0,151.0,81.0,1.0,0.0,2.0,1.0,95.0,12.0,66.0,6.0,17.0,5.0,2.0,1.0,7.0,5.0,16.0,14.0,108.0,21.0,81.0,19.0,3.0,1.0,1.0,1.0,8.0,0.0,2.0,1.0,159.0,81.0,900.0,3,0,1,0,1,1,0,0,0,0,1,0,0,0,187.96,187.96,205.0,0.0,0.0,0.38,0.47,0.0,0.22,0.0,1.0,0.0,0.0,150.0,57.0,184.0,88.0,157.0,64.0,192.0,96.0,0.0,0.0,9.0,2.0,146.0,55.0,149.0,62.0,2.0,1.0,22.0,16.0,2.0,1.0,13.0,10.0,127.0,43.0,128.0,51.0,23.0,14.0,51.0,33.0,0.0,0.0,5.0,4.0,19.0,154.0,900.0,3,1,0,1,0,0,1,0,0,0,0,0,0,0,193.04,200.66,205.0,25.0,28.0,0,0,0,0,0,1,0,0,0,0,0,0,0,0,0,1,0,0,0,0,1,0,0,0
Red,False,0.015625,0.0,0.45,0.4275,0.25,0.2,0.148468017578125,0.098388671875,0.0,0.0,66.5,29.6875,64.31230545043945,27.34375,89.75,48.0,85.53125,44.41152191162109,2.0,0.75,2.0546875,0.75,51.1875,18.3359375,49.6123046875,16.280410766601562,7.5,5.07647705078125,7.5,5.0,4.5,3.625,4.984375,3.9375,48.6875,17.0,47.11572265625,16.5,5.75,3.75,5.3125,3.4375,5.0625,3.5,3.875,2.5,99.2119140625,94.125,638.5,0,0,0,0,0,0,0,0,0,0,0,0,0,0,177.8,180.34,185.0,1.0,0.25,0.56,0.63,0.125,0.5,0.5,0.0,0.0,0.0,41.5,21.25,46.0,26.0,50.5,29.5,67.5,47.5,1.25,0.25,0.5,0.5,36.25,18.0,28.0,10.75,2.5,1.25,9.5,8.5,2.75,2.0,8.5,6.75,12.25,3.25,22.0,7.25,14.5,8.25,22.75,17.5,14.75,9.75,1.25,1.25,139.75,99.5,433.75,5,0,1,0,1,2,1,0,0,0,0,1,0,1,182.88,193.04,185.0,24.0,25.0,0,0,0,0,0,0,0,1,0,0,0,0,0,0,0,1,0,0,0,0,1,0,0,0
Red,True,0.0,0.15625,0.5962060546875001,0.380927734375,0.078203125,0.75501953125,0.26806640625,0.53125,0.0,0.0,35.28564453125,23.28076171875,20.0068359375,7.4755859375,67.337890625,52.171875,27.34326171875,13.72900390625,1.830078125,0.736328125,1.38916015625,1.26025390625,29.3994140625,18.1884765625,17.28173828125,5.35986328125,4.02685546875,3.51513671875,1.39501953125,1.33251953125,1.859375,1.5771484375,1.330078125,0.783203125,13.13671875,7.00439453125,14.07958984375,3.72998046875,4.06103515625,3.6884765625,5.20849609375,3.41845703125,18.087890625,12.587890625,0.71875,0.3271484375,163.3173828125,21.349609375,325.23193359375,17,2,3,0,4,10,2,0,0,0,2,4,3,1,182.88,187.96,185.0,0.5,0.0,0.6074999999999999,0.2675,0.25,0.625,0.25,1.125,0.0,0.0,46.75,28.375,14.75,6.75,59.375,41.0,25.875,17.375,0.75,0.75,0.875,0.625,37.25,21.0,8.875,2.375,8.25,6.25,5.75,4.25,1.25,1.125,0.125,0.125,15.75,6.875,7.25,1.75,15.25,9.125,7.5,5.0,15.75,12.375,0.0,0.0,167.375,29.25,344.875,6,0,4,0,4,4,0,0,0,0,0,3,1,0,185.42,193.04,185.0,34.0,30.0,0,0,0,0,0,0,0,1,0,0,0,0,0,0,0,1,0,0,0,0,0,0,1,0
Red,False,0.015625,0.0,0.45,0.4275,0.25,0.2,0.148468017578125,0.098388671875,0.0,0.0,66.5,29.6875,64.31230545043945,27.34375,89.75,48.0,85.53125,44.41152191162109,2.0,0.75,2.0546875,0.75,51.1875,18.3359375,49.6123046875,16.280410766601562,7.5,5.07647705078125,7.5,5.0,4.5,3.625,4.984375,3.9375,48.6875,17.0,47.11572265625,16.5,5.75,3.75,5.3125,3.4375,5.0625,3.5,3.875,2.5,99.2119140625,94.125,638.5,0,0,0,0,0,0,0,0,0,0,0,0,0,0,190.5,190.5,245.0,1.0,0.0,0.44,0.25,0.0,0.0,0.0,0.0,0.0,0.0,50.0,22.0,28.0,7.0,52.0,24.0,37.0,15.0,0.0,0.0,0.0,0.0,38.0,12.0,19.0,3.0,3.0,3.0,3.0,0.0,9.0,7.0,6.0,4.0,45.0,18.0,21.0,1.0,4.0,3.0,7.0,6.0,1.0,1.0,0.0,0.0,3.0,78.0,214.0,1,0,1,0,1,1,0,0,0,0,0,1,0,0,187.96,195.58,245.0,34.0,31.0,0,0,0,0,1,0,0,0,0,0,0,0,0,0,0,1,0,0,0,0,1,0,0,0
Red,False,0.0,0.0,0.25,0.28,0.27,0.0,0.0,0.0,0.0,2.0,4.0,1.0,45.0,13.0,17.0,13.0,174.0,138.0,11.0,3.0,0.0,0.0,3.0,1.0,34.0,4.0,0.0,0.0,11.0,9.0,1.0,0.0,0.0,0.0,2.0,0.0,33.0,3.0,0.0,0.0,6.0,4.0,2.0,1.0,6.0,6.0,305.0,315.0,900.0,3,0,0,1,0,0,1,0,0,0,0,0,0,0,172.72,172.72,170.0,0.125,0.0,0.44375,0.33125,0.1825,0.15,1.25,1.0,0.25,0.125,51.875,20.625,36.375,11.375,147.5,113.375,53.625,25.125,2.75,1.0,3.75,2.25,43.125,15.0,33.875,9.5,7.0,4.25,1.5,0.875,1.75,1.375,1.0,1.0,31.5,9.625,19.625,5.25,7.0,4.75,6.375,2.125,13.375,6.25,10.375,4.0,149.0,180.0,504.375,9,0,2,0,2,3,1,0,0,0,0,2,1,0,185.42,193.04,185.0,28.0,21.0,0,0,0,0,0,0,0,0,0,1,0,0,0,0,0,1,0,0,0,0,0,0,1,0
Red,False,0.0,0.03125,0.3871875,0.5153125000000001,0.5984375,0.0728125,0.25,1.25,0.28125,0.5625,54.09375,22.359375,23.390625,12.296875,111.609375,70.796875,59.6875,47.78125,11.046875,4.796875,1.609375,0.09375,42.5625,12.0625,16.25,5.90625,9.359375,8.34375,5.484375,4.78125,2.171875,1.953125,1.65625,1.609375,15.15625,2.9375,14.859375,5.1875,7.5625,6.234375,6.53125,5.375,31.375,13.1875,2.0,1.734375,640.0,33.0,877.296875,19,0,0,1,2,4,3,0,1,0,2,0,1,0,167.64,172.72,170.0,0.0,0.0,0.39125,0.39875,0.62875,0.21875,1.625,1.5,0.25,1.5,56.375,23.0,44.875,18.75,95.625,57.75,105.375,77.875,9.0,6.125,1.625,1.0,54.625,21.375,36.0,12.25,0.875,0.875,8.125,5.875,0.875,0.75,0.75,0.625,13.625,3.375,27.625,7.75,5.5,3.125,7.875,5.375,37.25,16.5,9.375,5.625,512.75,128.625,816.5,10,0,1,0,2,3,1,0,0,1,1,0,1,0,177.8,182.88,170.0,31.0,22.0,0,0,0,0,0,0,0,0,0,1,0,0,0,0,0,1,0,0,0,0,1,0,0,0
Red,False,0.5,0.5,0.4275,0.485,0.33125,0.5375,0.0,0.875,0.625,0.5,41.125,17.5,21.5,9.75,59.625,34.5,70.875,57.0,2.25,1.5,4.25,1.0,25.5,5.25,16.75,6.125,7.375,5.625,2.125,1.75,8.25,6.625,2.625,1.875,31.0,11.375,15.75,6.0,5.0,4.25,5.125,3.25,5.125,1.875,0.625,0.5,156.75,214.375,603.75,9,0,3,0,3,3,1,0,0,0,2,1,0,0,177.8,177.8,170.0,0.0,0.0,0.43,0.29,0.0,0.0,0.0,0.0,0.0,0.0,82.0,36.0,34.0,10.0,82.0,36.0,34.0,10.0,0.0,0.0,0.0,0.0,71.0,26.0,26.0,3.0,9.0,8.0,0.0,0.0,2.0,2.0,8.0,7.0,82.0,36.0,34.0,10.0,0.0,0.0,0.0,0.0,0.0,0.0,0.0,0.0,0.0,0.0,197.0,1,0,1,0,1,1,0,0,0,0,0,1,0,0,182.88,182.88,185.0,33.0,33.0,0,0,0,0,0,0,0,1,0,0,0,0,0,0,0,0,0,1,0,1,0,0,0,0
Red,False,0.015625,0.0,0.45,0.4275,0.25,0.2,0.148468017578125,0.098388671875,0.0,0.0,66.5,29.6875,64.31230545043945,27.34375,89.75,48.0,85.53125,44.41152191162109,2.0,0.75,2.0546875,0.75,51.1875,18.3359375,49.6123046875,16.280410766601562,7.5,5.07647705078125,7.5,5.0,4.5,3.625,4.984375,3.9375,48.6875,17.0,47.11572265625,16.5,5.75,3.75,5.3125,3.4375,5.0625,3.5,3.875,2.5,99.2119140625,94.125,638.5,0,0,0,0,0,0,0,0,0,0,0,0,0,0,190.5,190.5,200.0,0.0,0.0,0.47,0.38,0.22,0.0,1.0,0.0,0.0,0.0,184.0,88.0,150.0,57.0,192.0,96.0,157.0,64.0,9.0,2.0,0.0,0.0,149.0,62.0,146.0,55.0,22.0,16.0,2.0,1.0,13.0,10.0,2.0,1.0,128.0,51.0,127.0,43.0,51.0,33.0,23.0,14.0,5.0,4.0,0.0,0.0,154.0,19.0,900.0,3,1,1,0,1,1,0,0,0,0,1,0,0,0,190.5,195.58,205.0,38.0,26.0,0,0,0,0,0,1,0,0,0,0,0,0,0,0,0,1,0,0,0,0,1,0,0,0
Red,True,0.5,0.5,0.345,0.435,0.0,0.0,0.0,0.0,0.0,0.0,18.5,5.5,33.0,14.5,23.5,10.0,34.0,15.5,0.5,0.0,0.0,0.0,13.5,3.5,24.0,6.5,2.0,0.0,4.0,4.0,3.0,2.0,5.0,4.0,13.5,1.0,26.0,9.0,4.5,4.0,6.5,5.0,0.5,0.5,0.5,0.5,39.5,1.5,144.0,2,0,1,0,1,1,1,0,0,0,0,1,0,0,185.42,185.42,235.0,1.0625,0.03125,0.51875,0.3440625,0.015625,0.00390625,1.03125,0.015625,0.0,0.015625,33.3125,18.640625,15.421875,4.0,35.796875,20.875,15.953125,4.53125,0.03125,0.015625,0.890625,0.03125,25.5,12.671875,12.71875,2.171875,0.65625,0.65625,0.203125,0.078125,7.15625,5.3125,2.5,1.75,21.859375,12.546875,12.3125,3.109375,8.578125,5.59375,2.546875,0.453125,2.875,0.5,0.5625,0.4375,10.546875,7.390625,170.5625,12,1,1,0,4,5,2,0,0,0,0,3,2,0,190.5,195.58,240.0,26.0,26.0,0,0,0,0,1,0,0,0,0,0,0,0,0,0,0,1,0,0,0,0,1,0,0,0
Red,True,0.0,0.0,0.395,0.135,0.75,0.25,0.25,2.0,0.25,0.25,40.5,21.5,12.0,2.25,61.5,41.25,18.25,8.5,0.75,0.75,4.5,0.25,34.75,18.0,10.0,1.0,5.25,3.0,0.75,0.0,0.5,0.5,1.25,1.25,10.75,2.75,7.75,1.25,8.0,4.5,4.25,1.0,21.75,14.25,0.0,0.0,230.25,52.25,337.75,4,1,0,1,2,2,1,0,0,0,0,2,0,0,175.26,180.34,170.0,0.0,0.00390625,0.3572216796875,0.4269140625,0.3771533203125,0.58125,1.416015625,1.22998046875,0.3125,0.32421875,17.9287109375,7.62548828125,16.20654296875,7.53564453125,26.73046875,14.41552734375,46.40673828125,36.6376953125,5.5263671875,2.06298828125,0.7265625,0.65625,15.49560546875,5.4501953125,14.19775390625,5.77685546875,2.40185546875,2.14404296875,2.0048828125,1.7548828125,0.03125,0.03125,0.00390625,0.00390625,7.97705078125,2.38134765625,10.3310546875,2.98291015625,1.39306640625,1.1416015625,1.6708984375,1.5986328125,8.55859375,4.1025390625,4.20458984375,2.9541015625,322.5537109375,61.619140625,489.8603515625,27,8,2,0,6,10,2,0,0,0,3,3,2,2,175.26,185.42,170.0,32.0,31.0,0,0,0,0,0,0,0,0,0,1,0,0,0,0,0,0,0,1,0,0,0,0,0,1
Red,False,0.0,0.0,0.4,0.6,0.0,0.66,0.0,0.0,0.0,0.0,27.0,11.0,75.0,45.0,42.0,26.0,202.0,166.0,1.0,0.0,3.0,2.0,27.0,11.0,72.0,42.0,0.0,0.0,3.0,3.0,0.0,0.0,0.0,0.0,22.0,7.0,5.0,1.0,2.0,2.0,0.0,0.0,3.0,2.0,70.0,44.0,0.0,761.0,900.0,3,0,0,1,0,0,1,0,0,0,0,0,0,0,180.34,190.5,170.0,0.0,0.0,0.85,0.52,0.28,0.66,0.0,0.0,1.0,1.0,7.0,6.0,55.0,29.0,24.0,22.0,71.0,44.0,7.0,2.0,3.0,2.0,3.0,2.0,49.0,24.0,1.0,1.0,4.0,3.0,3.0,3.0,2.0,2.0,5.0,4.0,7.0,2.0,2.0,2.0,3.0,2.0,0.0,0.0,45.0,25.0,44.0,364.0,519.0,2,0,0,1,0,0,1,0,0,0,0,0,0,0,182.88,190.5,185.0,25.0,27.0,0,0,0,0,0,0,0,1,0,0,0,0,0,0,0,1,0,0,0,0,1,0,0,0
Red,True,0.0,0.00390625,0.6275244140625,0.62005859375,0.42828125,0.076015625,0.066162109375,1.048828125,0.03125,0.0625,62.20654296875,41.308837890625,15.11083984375,7.337890625,120.245361328125,97.9345703125,24.982666015625,17.084716796875,4.119140625,2.462890625,0.98095703125,0.38671875,50.517333984375,32.24658203125,10.98974609375,3.55078125,4.433349609375,3.318115234375,2.955078125,2.7197265625,7.255859375,5.744140625,1.166015625,1.0673828125,8.07861328125,3.0947265625,7.31884765625,1.54052734375,16.1142578125,11.1162109375,4.650390625,3.71435546875,38.013671875,27.097900390625,3.1416015625,2.0830078125,623.087890625,55.763671875,764.746337890625,36,11,7,0,7,10,3,0,1,0,2,5,1,1,185.42,190.5,205.0,1.35546875,0.0,0.41087890625,0.4004931640625,0.50048828125,0.125009765625,0.0,0.12646484375,0.12548828125,0.0,65.3662109375,27.220703125,41.19482421875,17.29833984375,77.56982421875,39.39111328125,42.9453125,18.767578125,0.6259765625,0.5009765625,2.0810546875,0.61328125,59.208984375,21.79443359375,34.79296875,11.95947265625,2.40185546875,1.9931640625,2.12353515625,1.419921875,3.75537109375,3.43310546875,4.2783203125,3.9189453125,41.42138671875,14.02001953125,32.87890625,13.7109375,8.0517578125,4.3583984375,4.2607421875,1.9853515625,15.89306640625,8.84228515625,4.05517578125,1.60205078125,69.291015625,29.919921875,365.0244140625,23,1,1,0,7,10,2,0,0,0,5,4,0,1,187.96,193.04,205.0,41.0,35.0,0,0,0,0,0,1,0,0,0,0,0,0,0,0,0,1,0,0,0,0,1,0,0,0
Red,False,1.0,0.0,0.09,0.22,0.0,0.0,0.0,0.0,0.0,0.0,11.0,1.0,45.0,10.0,11.0,1.0,46.0,11.0,1.0,0.0,0.0,0.0,11.0,1.0,37.0,3.0,0.0,0.0,0.0,0.0,0.0,0.0,8.0,7.0,11.0,1.0,42.0,9.0,0.0,0.0,3.0,1.0,0.0,0.0,0.0,0.0,2.0,0.0,333.0,2,0,1,0,1,1,0,0,0,0,0,1,0,0,180.34,190.5,185.0,0.0,0.51953125,0.22505859375,0.4953125,0.133359375,0.046875,0.390625,0.0390625,0.33203125,0.0390625,25.701171875,13.056640625,16.513671875,7.666015625,55.056640625,40.818359375,22.90625,13.4609375,2.318359375,0.720703125,0.6015625,0.09375,19.4921875,7.62109375,12.09375,4.03125,1.904296875,1.564453125,2.59765625,2.1875,4.3046875,3.87109375,1.822265625,1.447265625,9.08984375,1.162109375,8.982421875,2.298828125,8.2265625,6.0703125,2.814453125,1.763671875,8.384765625,5.82421875,4.716796875,3.603515625,194.39453125,64.8359375,344.474609375,22,1,4,0,4,7,3,0,1,0,2,3,0,0,182.88,187.96,185.0,31.0,34.0,0,0,0,0,0,0,0,1,0,0,0,0,0,0,0,1,0,0,0,0,0,0,1,0
Red,False,0.015625,0.0,0.45,0.4275,0.25,0.2,0.148468017578125,0.098388671875,0.0,0.0,66.5,29.6875,64.31230545043945,27.34375,89.75,48.0,85.53125,44.41152191162109,2.0,0.75,2.0546875,0.75,51.1875,18.3359375,49.6123046875,16.280410766601562,7.5,5.07647705078125,7.5,5.0,4.5,3.625,4.984375,3.9375,48.6875,17.0,47.11572265625,16.5,5.75,3.75,5.3125,3.4375,5.0625,3.5,3.875,2.5,99.2119140625,94.125,638.5,0,0,0,0,0,0,0,0,0,0,0,0,0,0,185.42,185.42,185.0,0.5,0.0,0.4975,0.3125,0.6875,0.14,0.0,2.0,0.5,0.5,36.75,20.5,11.0,3.5,67.75,49.75,21.0,11.0,2.75,2.0,4.75,1.0,30.5,14.75,9.25,2.0,5.25,5.0,1.0,1.0,1.0,0.75,0.75,0.5,15.75,7.5,9.0,2.5,1.25,1.0,0.75,0.75,19.75,12.0,1.25,0.25,195.5,76.25,400.0,5,1,2,0,2,2,1,0,0,0,1,1,0,0,180.34,193.04,185.0,24.0,23.0,0,0,0,0,0,0,0,0,0,1,0,0,0,0,0,1,0,0,0,0,1,0,0,0
Red,False,0.015625,0.0,0.45,0.4275,0.25,0.2,0.148468017578125,0.098388671875,0.0,0.0,66.5,29.6875,64.31230545043945,27.34375,89.75,48.0,85.53125,44.41152191162109,2.0,0.75,2.0546875,0.75,51.1875,18.3359375,49.6123046875,16.280410766601562,7.5,5.07647705078125,7.5,5.0,4.5,3.625,4.984375,3.9375,48.6875,17.0,47.11572265625,16.5,5.75,3.75,5.3125,3.4375,5.0625,3.5,3.875,2.5,99.2119140625,94.125,638.5,0,0,0,0,0,0,0,0,0,0,0,0,0,0,182.88,182.88,265.0,0.0,0.0,0.37,0.36,1.0,0.0,1.0,1.0,0.0,0.0,72.0,27.0,11.0,4.0,94.0,48.0,17.0,10.0,1.0,1.0,5.0,0.0,55.0,15.0,7.0,2.0,10.0,8.0,4.0,2.0,7.0,4.0,0.0,0.0,35.0,9.0,10.0,3.0,4.0,1.0,1.0,1.0,33.0,17.0,0.0,0.0,0.0,0.0,661.0,1,0,1,0,1,1,0,0,0,0,0,0,1,0,187.96,187.96,205.0,34.0,39.0,0,0,0,0,1,0,0,0,0,0,0,0,0,0,0,1,0,0,0,0,0,0,0,1
Red,False,0.0,0.0,0.0,0.75,0.0,0.66,1.0,0.0,0.0,0.0,0.0,0.0,32.0,24.0,3.0,3.0,66.0,56.0,3.0,0.0,3.0,2.0,0.0,0.0,26.0,19.0,0.0,0.0,6.0,5.0,0.0,0.0,0.0,0.0,0.0,0.0,2.0,0.0,0.0,0.0,10.0,8.0,0.0,0.0,20.0,16.0,3.0,196.0,250.0,1,0,0,1,0,0,1,0,0,0,0,0,0,0,190.5,190.5,205.0,0.0,0.5,0.52375,0.38125,0.35,0.125,0.875,0.0,0.0,0.0,34.0,16.625,28.875,11.125,66.875,45.75,63.125,42.75,2.625,1.5,0.375,0.125,27.125,10.625,26.0,9.0,0.625,0.625,1.875,1.375,6.25,5.375,1.0,0.75,15.125,7.75,23.0,8.125,0.125,0.125,0.0,0.0,18.75,8.75,5.875,3.0,283.0,98.125,537.5,10,0,1,0,1,2,2,0,1,0,1,0,0,0,185.42,190.5,205.0,27.0,29.0,0,0,0,0,0,1,0,0,0,0,0,0,0,0,0,1,0,0,0,0,1,0,0,0
Red,False,0.0,0.0,0.52,0.85,0.66,0.28,0.0,0.0,1.0,1.0,55.0,29.0,7.0,6.0,71.0,44.0,24.0,22.0,3.0,2.0,7.0,2.0,49.0,24.0,3.0,2.0,4.0,3.0,1.0,1.0,2.0,2.0,3.0,3.0,7.0,2.0,5.0,4.0,3.0,2.0,2.0,2.0,45.0,25.0,0.0,0.0,364.0,44.0,519.0,2,0,1,0,1,1,0,0,0,0,0,1,0,0,182.88,177.8,185.0,0.5,0.0,0.56,0.4175,0.25,0.29,2.5,0.25,0.25,0.0,43.0,23.25,30.25,7.25,84.25,61.5,50.75,24.5,2.0,0.5,3.25,1.75,24.5,9.0,25.5,4.75,6.0,5.0,1.25,0.5,12.5,9.25,3.5,2.0,28.25,13.25,22.75,3.25,8.25,5.25,4.25,2.5,6.5,4.75,3.25,1.5,127.75,146.75,459.75,7,0,1,0,1,2,1,0,0,0,0,1,1,0,182.88,182.88,185.0,22.0,34.0,0,0,0,0,0,0,0,1,0,0,0,0,0,0,0,0,0,1,0,0,1,0,0,0
Red,False,0.5,0.0,0.5676171875,0.63890625,0.1787109375,0.15,0.220703125,0.25,0.0,0.09375,29.525390625,13.40625,39.634765625,21.84765625,52.978515625,35.099609375,67.970703125,47.609375,0.501953125,0.1796875,1.41796875,0.75,22.908203125,7.1328125,35.546875,17.970703125,6.330078125,5.986328125,3.056640625,3.033203125,0.287109375,0.287109375,1.03125,0.84375,12.591796875,1.88671875,18.609375,7.779296875,10.669921875,7.388671875,10.076171875,7.091796875,6.263671875,4.130859375,10.94921875,6.9765625,4.75,159.75,467.111328125,16,1,2,0,2,6,4,0,0,0,0,2,4,0,185.42,182.88,205.0,1.0,0.0,0.585,0.535,0.5,0.25,0.5,0.25,0.0,0.0,57.5,33.75,25.5,13.5,80.75,57.0,47.75,34.75,1.5,1.5,0.75,0.25,41.5,22.0,13.75,4.75,13.5,9.5,11.5,8.5,2.5,2.25,0.25,0.25,17.5,7.75,10.5,3.5,28.5,18.25,15.0,10.0,11.5,7.75,0.0,0.0,317.75,33.5,527.75,5,0,3,0,3,3,0,0,0,0,0,2,1,0,185.42,193.04,185.0,41.0,30.0,0,0,0,0,0,1,0,0,0,0,0,0,0,0,0,1,0,0,0,0,0,0,1,0
Red,True,0.015625,0.0,0.45,0.4275,0.25,0.2,0.148468017578125,0.098388671875,0.0,0.0,66.5,29.6875,64.31230545043945,27.34375,89.75,48.0,85.53125,44.41152191162109,2.0,0.75,2.0546875,0.75,51.1875,18.3359375,49.6123046875,16.280410766601562,7.5,5.07647705078125,7.5,5.0,4.5,3.625,4.984375,3.9375,48.6875,17.0,47.11572265625,16.5,5.75,3.75,5.3125,3.4375,5.0625,3.5,3.875,2.5,99.2119140625,94.125,638.5,0,0,0,0,0,0,0,0,0,0,0,0,0,0,193.04,200.66,205.0,0.0471682548522949,0.0,0.45,0.4217682266235352,0.25,0.19173828125,0.1875,0.125,0.0,0.0,69.5,30.5,66.984375,27.8466796875,94.0,48.544921875,88.50390625,44.75,2.0,0.8125,2.015625,0.6640625,54.0,19.01513671875,51.483436584472656,16.9437255859375,7.91796875,5.430633544921875,7.75,5.0625,4.780975341796875,3.9373779296875,4.8994140625,3.84375,51.025390625,18.400863647460938,50.515625,17.5,5.75,3.75,5.5,3.5,5.375,3.6875,4.0,2.65625,104.865234375,89.5,655.8441009521484,0,0,0,0,0,0,0,0,0,0,0,0,0,0,190.5,195.58,205.0,28.0,26.0,0,0,0,0,0,1,0,0,0,0,0,0,0,0,0,1,0,0,0,0,1,0,0,0
Red,False,0.015625,0.0,0.45,0.4275,0.25,0.2,0.148468017578125,0.098388671875,0.0,0.0,66.5,29.6875,64.31230545043945,27.34375,89.75,48.0,85.53125,44.41152191162109,2.0,0.75,2.0546875,0.75,51.1875,18.3359375,49.6123046875,16.280410766601562,7.5,5.07647705078125,7.5,5.0,4.5,3.625,4.984375,3.9375,48.6875,17.0,47.11572265625,16.5,5.75,3.75,5.3125,3.4375,5.0625,3.5,3.875,2.5,99.2119140625,94.125,638.5,0,0,0,0,0,0,0,0,0,0,0,0,0,0,187.96,187.96,205.0,0.0471682548522949,0.0,0.45,0.4217682266235352,0.25,0.19173828125,0.1875,0.125,0.0,0.0,69.5,30.5,66.984375,27.8466796875,94.0,48.544921875,88.50390625,44.75,2.0,0.8125,2.015625,0.6640625,54.0,19.01513671875,51.483436584472656,16.9437255859375,7.91796875,5.430633544921875,7.75,5.0625,4.780975341796875,3.9373779296875,4.8994140625,3.84375,51.025390625,18.400863647460938,50.515625,17.5,5.75,3.75,5.5,3.5,5.375,3.6875,4.0,2.65625,104.865234375,89.5,655.8441009521484,0,0,0,0,0,0,0,0,0,0,0,0,0,0,187.96,187.96,205.0,35.0,24.0,0,0,0,0,0,1,0,0,0,0,0,0,0,0,0,1,0,0,0,0,1,0,0,0
Red,True,0.015625,0.0,0.45,0.4275,0.25,0.2,0.148468017578125,0.098388671875,0.0,0.0,66.5,29.6875,64.31230545043945,27.34375,89.75,48.0,85.53125,44.41152191162109,2.0,0.75,2.0546875,0.75,51.1875,18.3359375,49.6123046875,16.280410766601562,7.5,5.07647705078125,7.5,5.0,4.5,3.625,4.984375,3.9375,48.6875,17.0,47.11572265625,16.5,5.75,3.75,5.3125,3.4375,5.0625,3.5,3.875,2.5,99.2119140625,94.125,638.5,0,0,0,0,0,0,0,0,0,0,0,0,0,0,177.8,187.96,145.0,0.0471682548522949,0.0,0.45,0.4217682266235352,0.25,0.19173828125,0.1875,0.125,0.0,0.0,69.5,30.5,66.984375,27.8466796875,94.0,48.544921875,88.50390625,44.75,2.0,0.8125,2.015625,0.6640625,54.0,19.01513671875,51.483436584472656,16.9437255859375,7.91796875,5.430633544921875,7.75,5.0625,4.780975341796875,3.9373779296875,4.8994140625,3.84375,51.025390625,18.400863647460938,50.515625,17.5,5.75,3.75,5.5,3.5,5.375,3.6875,4.0,2.65625,104.865234375,89.5,655.8441009521484,0,0,0,0,0,0,0,0,0,0,0,0,0,0,177.8,182.88,170.0,28.0,23.0,0,0,0,0,0,0,0,1,0,0,0,0,0,0,0,0,0,1,0,0,0,0,1,0
Red,False,0.015625,0.0,0.45,0.4275,0.25,0.2,0.148468017578125,0.098388671875,0.0,0.0,66.5,29.6875,64.31230545043945,27.34375,89.75,48.0,85.53125,44.41152191162109,2.0,0.75,2.0546875,0.75,51.1875,18.3359375,49.6123046875,16.280410766601562,7.5,5.07647705078125,7.5,5.0,4.5,3.625,4.984375,3.9375,48.6875,17.0,47.11572265625,16.5,5.75,3.75,5.3125,3.4375,5.0625,3.5,3.875,2.5,99.2119140625,94.125,638.5,0,0,0,0,0,0,0,0,0,0,0,0,0,0,180.34,180.34,185.0,0.0471682548522949,0.0,0.45,0.4217682266235352,0.25,0.19173828125,0.1875,0.125,0.0,0.0,69.5,30.5,66.984375,27.8466796875,94.0,48.544921875,88.50390625,44.75,2.0,0.8125,2.015625,0.6640625,54.0,19.01513671875,51.483436584472656,16.9437255859375,7.91796875,5.430633544921875,7.75,5.0625,4.780975341796875,3.9373779296875,4.8994140625,3.84375,51.025390625,18.400863647460938,50.515625,17.5,5.75,3.75,5.5,3.5,5.375,3.6875,4.0,2.65625,104.865234375,89.5,655.8441009521484,0,0,0,0,0,0,0,0,0,0,0,0,0,0,177.8,185.42,170.0,37.0,27.0,0,0,0,0,0,0,0,1,0,0,0,0,0,0,0,1,0,0,0,0,1,0,0,0
Red,False,0.015625,0.0,0.45,0.4275,0.25,0.2,0.148468017578125,0.098388671875,0.0,0.0,66.5,29.6875,64.31230545043945,27.34375,89.75,48.0,85.53125,44.41152191162109,2.0,0.75,2.0546875,0.75,51.1875,18.3359375,49.6123046875,16.280410766601562,7.5,5.07647705078125,7.5,5.0,4.5,3.625,4.984375,3.9375,48.6875,17.0,47.11572265625,16.5,5.75,3.75,5.3125,3.4375,5.0625,3.5,3.875,2.5,99.2119140625,94.125,638.5,0,0,0,0,0,0,0,0,0,0,0,0,0,0,175.26,175.26,185.0,0.0471682548522949,0.0,0.45,0.4217682266235352,0.25,0.19173828125,0.1875,0.125,0.0,0.0,69.5,30.5,66.984375,27.8466796875,94.0,48.544921875,88.50390625,44.75,2.0,0.8125,2.015625,0.6640625,54.0,19.01513671875,51.483436584472656,16.9437255859375,7.91796875,5.430633544921875,7.75,5.0625,4.780975341796875,3.9373779296875,4.8994140625,3.84375,51.025390625,18.400863647460938,50.515625,17.5,5.75,3.75,5.5,3.5,5.375,3.6875,4.0,2.65625,104.865234375,89.5,655.8441009521484,0,0,0,0,0,0,0,0,0,0,0,0,0,0,182.88,182.88,185.0,31.0,33.0,0,0,0,0,0,0,0,1,0,0,0,0,0,0,0,1,0,0,0,1,0,0,0,0
Red,False,0.015625,0.0,0.45,0.4275,0.25,0.2,0.148468017578125,0.098388671875,0.0,0.0,66.5,29.6875,64.31230545043945,27.34375,89.75,48.0,85.53125,44.41152191162109,2.0,0.75,2.0546875,0.75,51.1875,18.3359375,49.6123046875,16.280410766601562,7.5,5.07647705078125,7.5,5.0,4.5,3.625,4.984375,3.9375,48.6875,17.0,47.11572265625,16.5,5.75,3.75,5.3125,3.4375,5.0625,3.5,3.875,2.5,99.2119140625,94.125,638.5,0,0,0,0,0,0,0,0,0,0,0,0,0,0,190.5,190.5,185.0,0.0471682548522949,0.0,0.45,0.4217682266235352,0.25,0.19173828125,0.1875,0.125,0.0,0.0,69.5,30.5,66.984375,27.8466796875,94.0,48.544921875,88.50390625,44.75,2.0,0.8125,2.015625,0.6640625,54.0,19.01513671875,51.483436584472656,16.9437255859375,7.91796875,5.430633544921875,7.75,5.0625,4.780975341796875,3.9373779296875,4.8994140625,3.84375,51.025390625,18.400863647460938,50.515625,17.5,5.75,3.75,5.5,3.5,5.375,3.6875,4.0,2.65625,104.865234375,89.5,655.8441009521484,0,0,0,0,0,0,0,0,0,0,0,0,0,0,185.42,195.58,170.0,28.0,25.0,0,0,0,0,0,0,0,1,0,0,0,0,0,0,0,1,0,0,0,0,1,0,0,0
Red,False,0.015625,0.0,0.45,0.4275,0.25,0.2,0.148468017578125,0.098388671875,0.0,0.0,66.5,29.6875,64.31230545043945,27.34375,89.75,48.0,85.53125,44.41152191162109,2.0,0.75,2.0546875,0.75,51.1875,18.3359375,49.6123046875,16.280410766601562,7.5,5.07647705078125,7.5,5.0,4.5,3.625,4.984375,3.9375,48.6875,17.0,47.11572265625,16.5,5.75,3.75,5.3125,3.4375,5.0625,3.5,3.875,2.5,99.2119140625,94.125,638.5,0,0,0,0,0,0,0,0,0,0,0,0,0,0,177.8,177.8,185.0,0.0471682548522949,0.0,0.45,0.4217682266235352,0.25,0.19173828125,0.1875,0.125,0.0,0.0,69.5,30.5,66.984375,27.8466796875,94.0,48.544921875,88.50390625,44.75,2.0,0.8125,2.015625,0.6640625,54.0,19.01513671875,51.483436584472656,16.9437255859375,7.91796875,5.430633544921875,7.75,5.0625,4.780975341796875,3.9373779296875,4.8994140625,3.84375,51.025390625,18.400863647460938,50.515625,17.5,5.75,3.75,5.5,3.5,5.375,3.6875,4.0,2.65625,104.865234375,89.5,655.8441009521484,0,0,0,0,0,0,0,0,0,0,0,0,0,0,180.34,185.42,185.0,29.0,24.0,0,0,0,0,0,0,0,1,0,0,0,0,0,0,0,1,0,0,0,0,0,0,1,0
Red,False,0.015625,0.0,0.45,0.4275,0.25,0.2,0.148468017578125,0.098388671875,0.0,0.0,66.5,29.6875,64.31230545043945,27.34375,89.75,48.0,85.53125,44.41152191162109,2.0,0.75,2.0546875,0.75,51.1875,18.3359375,49.6123046875,16.280410766601562,7.5,5.07647705078125,7.5,5.0,4.5,3.625,4.984375,3.9375,48.6875,17.0,47.11572265625,16.5,5.75,3.75,5.3125,3.4375,5.0625,3.5,3.875,2.5,99.2119140625,94.125,638.5,0,0,0,0,0,0,0,0,0,0,0,0,0,0,182.88,182.88,170.0,0.0471682548522949,0.0,0.45,0.4217682266235352,0.25,0.19173828125,0.1875,0.125,0.0,0.0,69.5,30.5,66.984375,27.8466796875,94.0,48.544921875,88.50390625,44.75,2.0,0.8125,2.015625,0.6640625,54.0,19.01513671875,51.483436584472656,16.9437255859375,7.91796875,5.430633544921875,7.75,5.0625,4.780975341796875,3.9373779296875,4.8994140625,3.84375,51.025390625,18.400863647460938,50.515625,17.5,5.75,3.75,5.5,3.5,5.375,3.6875,4.0,2.65625,104.865234375,89.5,655.8441009521484,0,0,0,0,0,0,0,0,0,0,0,0,0,0,172.72,167.64,155.0,24.0,27.0,0,0,0,0,0,0,0,0,0,1,0,0,0,0,0,1,0,0,0,0,1,0,0,0
Red,True,1.0,0.0,0.71,0.0,0.0,0.0,0.0,0.0,0.0,0.0,7.0,5.0,1.0,0.0,7.0,5.0,1.0,0.0,0.0,0.0,0.0,0.0,7.0,5.0,1.0,0.0,0.0,0.0,0.0,0.0,0.0,0.0,0.0,0.0,2.0,1.0,1.0,0.0,0.0,0.0,0.0,0.0,5.0,4.0,0.0,0.0,8.0,0.0,24.0,1,0,1,0,1,1,0,0,0,0,0,1,0,0,185.42,185.42,185.0,0.0,0.3125,0.522412109375,0.32185546875,0.15640625,0.5100390625,0.5361328125,0.0625,0.0,0.0,42.5712890625,27.5615234375,31.013671875,10.951171875,57.67578125,42.34375,43.6865234375,23.4580078125,3.66015625,1.47265625,0.7783203125,0.5205078125,31.798828125,18.376953125,27.5634765625,7.7197265625,7.0537109375,6.0302734375,2.7900390625,2.6650390625,3.71875,3.154296875,0.66015625,0.56640625,26.2734375,14.0087890625,24.1591796875,6.4599609375,7.1220703125,6.376953125,5.4169921875,3.8369140625,9.17578125,7.17578125,1.4375,0.654296875,137.634765625,21.69921875,375.4638671875,16,1,3,0,3,9,2,0,0,0,2,3,3,1,182.88,187.96,185.0,27.0,33.0,0,0,0,0,0,0,0,1,0,0,0,0,0,0,0,0,0,1,0,0,1,0,0,0
Red,False,1.0,0.0,0.44,0.43,0.0,0.0,0.0,0.0,0.0,0.0,9.0,4.0,16.0,7.0,10.0,5.0,16.0,7.0,1.0,0.0,0.0,0.0,8.0,4.0,10.0,1.0,1.0,0.0,5.0,5.0,0.0,0.0,1.0,1.0,6.0,1.0,7.0,0.0,2.0,2.0,9.0,7.0,1.0,1.0,0.0,0.0,1.0,0.0,74.0,1,0,1,0,1,1,0,0,0,0,0,1,0,0,185.42,185.42,235.0,0.0471682548522949,0.0,0.45,0.4217682266235352,0.25,0.19173828125,0.1875,0.125,0.0,0.0,69.5,30.5,66.984375,27.8466796875,94.0,48.544921875,88.50390625,44.75,2.0,0.8125,2.015625,0.6640625,54.0,19.01513671875,51.483436584472656,16.9437255859375,7.91796875,5.430633544921875,7.75,5.0625,4.780975341796875,3.9373779296875,4.8994140625,3.84375,51.025390625,18.400863647460938,50.515625,17.5,5.75,3.75,5.5,3.5,5.375,3.6875,4.0,2.65625,104.865234375,89.5,655.8441009521484,0,0,0,0,0,0,0,0,0,0,0,0,0,0,187.96,195.58,245.0,26.0,31.0,0,0,0,0,1,0,0,0,0,0,0,0,0,0,0,1,0,0,0,0,1,0,0,0
Red,False,0.015625,0.0,0.45,0.4275,0.25,0.2,0.148468017578125,0.098388671875,0.0,0.0,66.5,29.6875,64.31230545043945,27.34375,89.75,48.0,85.53125,44.41152191162109,2.0,0.75,2.0546875,0.75,51.1875,18.3359375,49.6123046875,16.280410766601562,7.5,5.07647705078125,7.5,5.0,4.5,3.625,4.984375,3.9375,48.6875,17.0,47.11572265625,16.5,5.75,3.75,5.3125,3.4375,5.0625,3.5,3.875,2.5,99.2119140625,94.125,638.5,0,0,0,0,0,0,0,0,0,0,0,0,0,0,177.8,177.8,185.0,0.0,0.5,0.62,0.79,0.25,0.0,0.0,0.0,0.0,0.0,49.0,25.5,69.0,41.0,58.0,34.0,111.0,83.0,2.5,0.5,0.0,0.0,41.5,20.0,44.0,19.5,3.0,1.5,14.0,13.0,4.5,4.0,11.0,8.5,13.5,4.5,28.0,10.5,26.0,13.5,39.5,29.0,9.5,7.5,1.5,1.5,120.5,164.0,567.5,4,0,1,0,1,1,1,0,0,0,0,1,0,0,182.88,193.04,185.0,31.0,25.0,0,0,0,0,0,0,0,1,0,0,0,0,0,0,0,0,0,1,0,0,1,0,0,0
Red,True,0.375,0.0,0.4125,0.7075,0.5,0.0,0.0,0.625,0.0,0.0,40.875,22.25,17.125,7.375,43.5,24.75,17.5,7.75,0.5,0.5,0.375,0.0,36.625,18.625,14.125,4.375,2.75,2.25,0.875,0.875,1.5,1.375,2.125,2.125,30.875,14.25,16.625,7.0,7.875,6.375,0.5,0.375,2.125,1.625,0.0,0.0,25.625,0.0,127.5,5,3,3,0,3,3,1,0,0,0,0,3,0,0,203.2,203.2,265.0,1.125,0.0625,0.5375,0.188125,0.03125,0.0078125,0.0625,0.03125,0.0,0.03125,56.625,32.28125,26.84375,6.0,61.59375,36.75,27.90625,7.0625,0.0625,0.03125,1.78125,0.0625,45.0,24.34375,22.4375,3.34375,1.3125,1.3125,0.40625,0.15625,10.3125,6.625,4.0,2.5,37.71875,20.09375,20.625,4.21875,17.15625,11.1875,5.09375,0.90625,1.75,1.0,1.125,0.875,13.09375,14.78125,294.125,11,0,1,0,3,4,2,0,0,0,0,3,1,0,190.5,195.58,240.0,28.0,26.0,0,0,0,0,1,0,0,0,0,0,0,0,0,0,0,1,0,0,0,0,1,0,0,0
Red,False,0.5,0.125,0.475,0.5075000000000001,0.29,0.71875,1.5,0.0,0.5,0.125,45.0,19.375,30.375,15.125,73.0,43.125,48.5,32.375,1.375,0.625,1.25,1.125,34.25,11.75,17.625,6.25,6.0,3.875,6.75,4.625,4.75,3.75,6.0,4.25,34.5,12.375,18.125,8.0,6.0,4.5,8.125,5.125,4.5,2.5,4.125,2.0,145.25,128.0,479.75,9,0,0,2,2,2,2,0,0,0,0,0,2,0,180.34,172.72,170.0,0.0,0.0,0.3525,0.3675,0.4875,0.4375,1.25,1.0,0.5,1.0,46.75,17.0,73.75,30.5,67.25,34.5,143.75,97.75,9.0,5.25,3.25,2.0,43.25,13.75,59.0,20.5,1.75,1.75,13.25,8.75,1.75,1.5,1.5,1.25,22.25,6.75,46.25,14.5,10.0,5.25,9.75,5.75,14.5,5.0,17.75,10.25,252.5,224.25,733.0,7,0,1,0,1,2,1,0,0,1,0,0,1,0,177.8,182.88,170.0,30.0,22.0,0,0,0,0,0,0,0,0,0,1,0,0,0,0,0,1,0,0,0,0,1,0,0,0
Red,False,0.578125,0.0,0.45078125,0.67453125,0.078125,0.343125,0.03125,0.28125,0.03125,0.140625,53.84375,23.203125,71.421875,49.984375,84.421875,53.25,119.59375,95.84375,0.859375,0.15625,8.796875,3.34375,45.078125,14.78125,56.234375,36.359375,8.15625,7.875,11.671875,10.140625,0.609375,0.546875,3.515625,3.484375,35.734375,10.828125,37.828125,22.125,13.921875,9.296875,15.875,13.53125,4.1875,3.078125,17.71875,14.328125,24.03125,305.578125,663.15625,14,0,1,0,2,3,4,0,0,0,1,2,0,0,175.26,182.88,170.0,0.0471682548522949,0.0,0.45,0.4217682266235352,0.25,0.19173828125,0.1875,0.125,0.0,0.0,69.5,30.5,66.984375,27.8466796875,94.0,48.544921875,88.50390625,44.75,2.0,0.8125,2.015625,0.6640625,54.0,19.01513671875,51.483436584472656,16.9437255859375,7.91796875,5.430633544921875,7.75,5.0625,4.780975341796875,3.9373779296875,4.8994140625,3.84375,51.025390625,18.400863647460938,50.515625,17.5,5.75,3.75,5.5,3.5,5.375,3.6875,4.0,2.65625,104.865234375,89.5,655.8441009521484,0,0,0,0,0,0,0,0,0,0,0,0,0,0,180.34,190.5,170.0,28.0,22.0,0,0,0,0,0,0,0,1,0,0,0,0,0,0,0,1,0,0,0,0,1,0,0,0
Red,False,0.16015625,0.0625,0.6468945312500001,0.5736328125,0.06640625,0.2578125,1.046875,0.0078125,0.0,0.015625,8.119140625,4.5,41.951171875,28.384765625,12.126953125,8.4453125,84.865234375,70.220703125,0.29296875,0.22265625,2.01171875,1.0078125,6.361328125,2.8671875,31.21484375,20.6796875,1.0703125,1.0078125,2.970703125,1.845703125,0.6875,0.625,7.765625,5.859375,4.650390625,1.48828125,6.568359375,2.1875,1.572265625,1.513671875,13.8515625,9.244140625,1.896484375,1.498046875,21.53125,16.953125,15.5,436.375,536.359375,14,2,3,0,3,7,3,0,0,0,0,5,1,1,182.88,187.96,185.0,0.001953125,0.25390625,0.547808837890625,0.40552734375,0.45607666015625,0.0875,0.0703125,0.0025634765625,0.0,0.0009765625,61.0130615234375,35.12255859375,51.3006591796875,23.701416015625,138.80029296875,109.4058837890625,78.2313232421875,49.948486328125,3.39990234375,1.643310546875,2.2520751953125,1.03125,53.82177734375,28.3250732421875,47.1331787109375,19.964599609375,3.8074951171875,3.6636962890625,2.2919921875,1.91796875,3.3837890625,3.1337890625,1.87548828125,1.81884765625,15.657470703125,5.595947265625,30.9874267578125,10.026611328125,6.0654296875,4.768310546875,4.68310546875,3.794677734375,39.2901611328125,24.75830078125,15.630126953125,9.880126953125,482.4970703125,161.6630859375,833.7310791015625,35,9,1,0,6,10,4,0,0,0,3,5,1,1,190.5,187.96,205.0,27.0,30.0,0,0,0,0,0,1,0,0,0,0,0,0,0,0,0,0,0,1,0,0,1,0,0,0
Red,False,0.015625,0.0,0.45,0.4275,0.25,0.2,0.148468017578125,0.098388671875,0.0,0.0,66.5,29.6875,64.31230545043945,27.34375,89.75,48.0,85.53125,44.41152191162109,2.0,0.75,2.0546875,0.75,51.1875,18.3359375,49.6123046875,16.280410766601562,7.5,5.07647705078125,7.5,5.0,4.5,3.625,4.984375,3.9375,48.6875,17.0,47.11572265625,16.5,5.75,3.75,5.3125,3.4375,5.0625,3.5,3.875,2.5,99.2119140625,94.125,638.5,0,0,0,0,0,0,0,0,0,0,0,0,0,0,187.96,190.5,205.0,0.5,0.5,0.645,0.22,0.0,0.0,0.5,1.5,0.0,0.0,15.5,10.0,5.5,2.0,35.5,27.5,9.0,5.5,0.5,0.0,1.0,0.0,10.0,4.5,4.5,2.0,3.0,3.0,1.0,0.0,2.5,2.5,0.0,0.0,5.0,1.0,4.0,0.5,8.0,7.0,1.0,1.0,2.5,2.0,0.5,0.5,120.0,6.5,186.5,2,0,1,0,1,1,1,0,0,0,0,1,0,0,193.04,195.58,205.0,26.0,24.0,0,0,0,0,1,0,0,0,0,0,0,0,0,0,0,1,0,0,0,0,1,0,0,0
Red,False,0.015625,0.0,0.45,0.4275,0.25,0.2,0.148468017578125,0.098388671875,0.0,0.0,66.5,29.6875,64.31230545043945,27.34375,89.75,48.0,85.53125,44.41152191162109,2.0,0.75,2.0546875,0.75,51.1875,18.3359375,49.6123046875,16.280410766601562,7.5,5.07647705078125,7.5,5.0,4.5,3.625,4.984375,3.9375,48.6875,17.0,47.11572265625,16.5,5.75,3.75,5.3125,3.4375,5.0625,3.5,3.875,2.5,99.2119140625,94.125,638.5,0,0,0,0,0,0,0,0,0,0,0,0,0,0,177.8,177.8,155.0,0.25,0.0,0.4275,0.2925,0.365,0.3,1.5,0.0,0.5,0.25,75.75,28.25,64.75,19.75,142.0,90.75,94.25,46.25,4.5,2.0,7.5,4.5,62.25,20.0,61.75,17.0,11.0,6.5,2.0,1.75,2.5,1.75,1.0,1.0,59.0,17.25,35.25,9.5,10.0,6.5,10.75,4.25,6.75,4.5,18.75,6.0,152.0,259.0,728.75,8,0,2,0,2,2,1,0,0,0,0,1,1,0,185.42,193.04,185.0,25.0,21.0,0,0,0,0,0,0,0,0,0,1,0,0,0,0,0,1,0,0,0,0,0,0,1,0
Red,False,0.015625,0.0,0.45,0.4275,0.25,0.2,0.148468017578125,0.098388671875,0.0,0.0,66.5,29.6875,64.31230545043945,27.34375,89.75,48.0,85.53125,44.41152191162109,2.0,0.75,2.0546875,0.75,51.1875,18.3359375,49.6123046875,16.280410766601562,7.5,5.07647705078125,7.5,5.0,4.5,3.625,4.984375,3.9375,48.6875,17.0,47.11572265625,16.5,5.75,3.75,5.3125,3.4375,5.0625,3.5,3.875,2.5,99.2119140625,94.125,638.5,0,0,0,0,0,0,0,0,0,0,0,0,0,0,180.34,190.5,170.0,0.00390625,0.5078125,0.49561767578125,0.4110546874999999,0.2521533203125,0.175,0.140625,0.005126953125,0.0,0.001953125,47.026123046875,25.2451171875,75.601318359375,36.40283203125,75.6005859375,52.811767578125,114.462646484375,73.89697265625,3.7998046875,1.28662109375,3.504150390625,2.0625,35.6435546875,14.650146484375,67.266357421875,28.92919921875,4.614990234375,4.327392578125,4.583984375,3.8359375,6.767578125,6.267578125,3.7509765625,3.6376953125,26.31494140625,10.19189453125,39.974853515625,13.05322265625,12.130859375,9.53662109375,7.3662109375,5.58935546875,8.580322265625,5.5166015625,28.26025390625,17.76025390625,203.994140625,323.326171875,767.462158203125,32,9,1,0,6,9,4,0,0,0,2,5,1,1,190.5,187.96,205.0,24.0,29.0,0,0,0,0,0,1,0,0,0,0,0,0,0,0,0,1,0,0,0,0,1,0,0,0
Red,False,0.0,0.0,0.5700000000000001,0.4549999999999999,0.375,0.45,2.5,0.5,1.0,0.5,24.5,14.5,16.0,7.5,123.0,105.5,28.0,18.0,2.0,1.5,5.5,2.5,22.0,12.5,11.0,3.5,2.5,2.0,5.0,4.0,0.0,0.0,0.0,0.0,8.5,3.0,4.0,1.5,2.5,2.5,3.5,2.5,13.5,9.0,8.5,3.5,289.5,510.0,900.0,6,0,1,0,1,1,1,0,0,0,1,0,0,0,185.42,185.42,170.0,0.0,0.0,0.24,0.08,0.5,0.5,0.5,2.0,0.5,0.5,22.0,10.0,3.0,0.5,30.0,17.5,9.5,7.0,0.5,0.5,1.0,0.5,21.5,10.0,2.0,0.0,0.5,0.0,0.5,0.0,0.0,0.0,0.5,0.5,5.5,0.5,2.5,0.5,0.0,0.0,0.5,0.0,16.5,9.5,0.0,0.0,159.5,51.5,244.5,2,1,0,1,1,1,1,0,0,0,0,1,0,0,175.26,180.34,170.0,31.0,32.0,0,0,0,0,0,0,0,0,0,1,0,0,0,0,0,1,0,0,0,0,0,0,1,0
Red,True,1.0,0.0,0.645,0.345,0.375,0.0,0.0,2.0,1.0,1.0,56.5,35.0,8.0,3.0,111.5,87.5,21.0,14.0,4.5,3.0,2.5,0.0,46.0,25.5,5.5,1.0,8.5,8.0,1.0,1.0,2.0,1.5,1.5,1.0,15.5,10.0,7.0,2.0,1.5,1.0,0.5,0.5,39.5,24.0,0.5,0.5,374.0,12.5,501.0,4,0,2,0,2,2,0,0,0,0,1,1,0,0,180.34,193.04,185.0,0.0,0.0078125,0.434443359375,0.5038281250000001,0.474306640625,0.1625,0.83203125,2.4599609375,0.625,0.6484375,21.857421875,11.2509765625,15.4130859375,9.0712890625,32.4609375,20.8310546875,68.8134765625,61.275390625,4.052734375,2.1259765625,0.453125,0.3125,17.9912109375,7.900390625,13.3955078125,7.5537109375,3.8037109375,3.2880859375,2.009765625,1.509765625,0.0625,0.0625,0.0078125,0.0078125,4.9541015625,1.7626953125,4.662109375,0.9658203125,1.7861328125,1.283203125,2.341796875,2.197265625,15.1171875,8.205078125,8.4091796875,5.908203125,505.107421875,106.23828125,680.720703125,26,7,2,0,6,9,2,0,0,0,3,3,1,2,175.26,185.42,170.0,23.0,31.0,0,0,0,0,0,0,0,0,0,1,0,0,0,0,0,1,0,0,0,0,0,0,0,1
Red,False,0.375,0.5,0.3603125,0.3809375,0.3671875,0.3853125,0.0,0.28125,0.25,0.0,60.1875,20.5625,71.21875,25.125,68.625,29.0,84.75,37.84375,1.53125,1.21875,1.0625,0.40625,53.5625,15.0625,54.03125,12.875,5.84375,4.78125,5.25,3.875,0.78125,0.71875,11.9375,8.375,43.5625,11.78125,61.71875,19.03125,8.75,4.9375,9.375,6.09375,7.875,3.84375,0.125,0.0,102.21875,46.375,520.40625,13,0,3,0,3,4,2,0,0,0,2,2,0,0,180.34,187.96,170.0,0.0,0.625,0.69482421875,0.4337109375,0.3128125,0.020078125,0.072265625,0.125,0.0,0.0,68.142578125,49.123046875,48.02734375,18.90234375,98.3515625,78.6875,72.373046875,42.916015625,7.3203125,2.9453125,0.556640625,0.041015625,51.59765625,34.75390625,42.126953125,13.439453125,13.107421875,11.060546875,4.580078125,4.330078125,3.4375,3.30859375,1.3203125,1.1328125,35.546875,22.017578125,37.318359375,11.919921875,14.244140625,12.75390625,9.833984375,6.673828125,18.3515625,14.3515625,0.875,0.30859375,275.26953125,10.3984375,608.927734375,15,1,3,0,3,8,2,0,0,0,2,3,2,1,182.88,187.96,185.0,22.0,33.0,0,0,0,0,0,0,0,1,0,0,0,0,0,0,0,0,0,1,0,0,1,0,0,0
Red,False,0.0,1.0,0.2,0.75,0.0,0.0,0.0,0.0,0.0,0.0,5.0,1.0,12.0,9.0,5.0,1.0,12.0,9.0,0.0,0.0,0.0,0.0,2.0,0.0,11.0,8.0,0.0,0.0,0.0,0.0,3.0,1.0,1.0,1.0,5.0,1.0,2.0,1.0,0.0,0.0,2.0,2.0,0.0,0.0,8.0,6.0,0.0,3.0,67.0,1,0,0,1,0,0,1,0,0,0,0,0,0,0,175.26,185.42,185.0,0.0471682548522949,0.0,0.45,0.4217682266235352,0.25,0.19173828125,0.1875,0.125,0.0,0.0,69.5,30.5,66.984375,27.8466796875,94.0,48.544921875,88.50390625,44.75,2.0,0.8125,2.015625,0.6640625,54.0,19.01513671875,51.483436584472656,16.9437255859375,7.91796875,5.430633544921875,7.75,5.0625,4.780975341796875,3.9373779296875,4.8994140625,3.84375,51.025390625,18.400863647460938,50.515625,17.5,5.75,3.75,5.5,3.5,5.375,3.6875,4.0,2.65625,104.865234375,89.5,655.8441009521484,0,0,0,0,0,0,0,0,0,0,0,0,0,0,180.34,190.5,185.0,33.0,31.0,0,0,0,0,0,1,0,0,0,0,0,0,0,0,0,1,0,0,0,0,1,0,0,0
Red,False,0.5,0.0,0.54,0.22,0.25,0.0,0.0,1.0,0.0,0.0,70.0,41.0,39.5,17.5,111.0,80.0,48.0,25.5,1.0,0.5,1.5,0.0,45.5,20.0,32.5,12.5,13.0,12.0,3.0,1.5,11.5,9.0,4.0,3.5,28.0,10.0,13.5,4.0,39.5,29.0,26.0,13.5,2.5,2.0,0.0,0.0,207.5,14.5,502.5,4,0,1,0,1,1,1,0,0,0,1,0,0,0,185.42,185.42,185.0,1.0,0.0,0.61,0.54,0.0,0.5,0.0,0.5,0.0,0.0,42.0,26.5,10.0,5.0,45.5,30.0,14.5,9.5,0.0,0.0,0.5,0.5,32.0,17.0,3.5,0.5,8.0,8.0,6.0,4.0,2.0,1.5,0.5,0.5,21.0,9.5,7.0,2.0,12.0,10.5,3.0,3.0,9.0,6.5,0.0,0.0,60.5,17.0,187.5,2,0,2,0,2,2,0,0,0,0,0,2,0,0,185.42,193.04,185.0,32.0,30.0,0,0,0,0,0,0,0,1,0,0,0,0,0,0,0,1,0,0,0,0,0,0,1,0
Red,False,0.5,0.0,0.4449999999999999,0.3,0.25,0.25,0.75,0.25,0.0,0.0,53.25,31.25,17.0,6.0,91.0,66.25,24.25,11.5,0.25,0.25,0.25,0.25,48.25,27.0,14.0,3.0,3.25,3.25,0.0,0.0,1.75,1.0,3.0,3.0,8.75,3.0,12.25,4.5,3.5,2.5,3.5,1.0,41.0,25.75,1.25,0.5,207.5,2.0,290.75,4,1,1,0,1,2,1,0,0,0,0,1,1,0,182.88,182.88,185.0,0.0,0.0,0.52,0.175,0.5,0.5800000000000001,4.0,0.5,0.5,0.0,71.0,37.5,54.5,10.5,139.5,103.0,95.5,45.0,2.0,1.0,5.5,3.5,38.0,12.0,49.0,8.5,10.0,8.0,1.5,0.0,23.0,17.5,4.0,2.0,53.5,26.5,43.5,5.5,7.5,4.5,4.5,2.0,10.0,6.5,6.5,3.0,195.5,291.5,823.5,6,0,1,0,1,1,1,0,0,0,0,1,0,0,182.88,182.88,185.0,33.0,33.0,0,0,0,0,0,0,0,1,0,0,0,0,0,0,0,1,0,0,0,0,1,0,0,0
Red,False,1.0,0.0,0.86,0.0,0.0,0.0,1.0,3.0,0.0,0.0,15.0,13.0,2.0,0.0,55.0,48.0,8.0,6.0,1.0,0.0,1.0,0.0,10.0,8.0,1.0,0.0,1.0,1.0,1.0,0.0,4.0,4.0,0.0,0.0,3.0,2.0,2.0,0.0,7.0,7.0,0.0,0.0,5.0,4.0,0.0,0.0,240.0,12.0,299.0,1,0,1,0,1,1,0,0,0,0,0,1,0,0,193.04,195.58,205.0,0.0471682548522949,0.0,0.45,0.4217682266235352,0.25,0.19173828125,0.1875,0.125,0.0,0.0,69.5,30.5,66.984375,27.8466796875,94.0,48.544921875,88.50390625,44.75,2.0,0.8125,2.015625,0.6640625,54.0,19.01513671875,51.483436584472656,16.9437255859375,7.91796875,5.430633544921875,7.75,5.0625,4.780975341796875,3.9373779296875,4.8994140625,3.84375,51.025390625,18.400863647460938,50.515625,17.5,5.75,3.75,5.5,3.5,5.375,3.6875,4.0,2.65625,104.865234375,89.5,655.8441009521484,0,0,0,0,0,0,0,0,0,0,0,0,0,0,185.42,185.42,235.0,24.0,26.0,0,0,0,0,1,0,0,0,0,0,0,0,0,0,0,1,0,0,0,0,1,0,0,0
Red,False,0.5,0.0,0.495,0.245,0.23,0.0,1.0,0.0,0.0,0.5,49.5,19.5,50.5,12.5,95.0,60.5,84.5,44.5,7.0,3.0,0.0,0.0,41.5,14.0,48.5,11.0,4.0,3.0,2.0,1.5,4.0,2.5,0.0,0.0,36.0,9.5,32.5,7.0,3.0,2.0,5.5,1.5,10.5,8.0,12.5,4.0,226.0,104.0,557.5,5,0,2,0,2,2,0,0,0,0,0,1,1,0,185.42,193.04,185.0,0.0,0.0,0.365,0.375,0.375,0.375,2.5,0.0,1.0,1.0,14.5,7.0,45.5,24.0,30.5,21.0,98.5,74.5,3.0,1.5,4.5,3.0,11.5,4.5,35.0,15.0,1.5,1.5,8.5,7.5,1.5,1.0,2.0,1.5,6.5,1.5,10.5,4.0,4.0,3.5,2.5,0.5,4.0,2.0,32.5,19.5,91.0,370.5,566.0,4,0,1,0,1,1,1,0,0,0,0,0,1,0,177.8,182.88,170.0,21.0,21.0,0,0,0,0,0,0,0,0,0,1,0,0,0,0,0,0,0,1,0,0,1,0,0,0
Red,False,0.015625,0.0,0.45,0.4275,0.25,0.2,0.148468017578125,0.098388671875,0.0,0.0,66.5,29.6875,64.31230545043945,27.34375,89.75,48.0,85.53125,44.41152191162109,2.0,0.75,2.0546875,0.75,51.1875,18.3359375,49.6123046875,16.280410766601562,7.5,5.07647705078125,7.5,5.0,4.5,3.625,4.984375,3.9375,48.6875,17.0,47.11572265625,16.5,5.75,3.75,5.3125,3.4375,5.0625,3.5,3.875,2.5,99.2119140625,94.125,638.5,0,0,0,0,0,0,0,0,0,0,0,0,0,0,182.88,190.5,185.0,0.0471682548522949,0.0,0.45,0.4217682266235352,0.25,0.19173828125,0.1875,0.125,0.0,0.0,69.5,30.5,66.984375,27.8466796875,94.0,48.544921875,88.50390625,44.75,2.0,0.8125,2.015625,0.6640625,54.0,19.01513671875,51.483436584472656,16.9437255859375,7.91796875,5.430633544921875,7.75,5.0625,4.780975341796875,3.9373779296875,4.8994140625,3.84375,51.025390625,18.400863647460938,50.515625,17.5,5.75,3.75,5.5,3.5,5.375,3.6875,4.0,2.65625,104.865234375,89.5,655.8441009521484,0,0,0,0,0,0,0,0,0,0,0,0,0,0,182.88,177.8,185.0,26.0,21.0,0,0,0,0,0,0,0,1,0,0,0,0,0,0,0,1,0,0,0,0,0,0,1,0
Red,False,0.0,0.0390625,0.4501171875,0.280625,0.26671875,0.09375,0.78125,0.078125,0.6640625,0.078125,50.40234375,26.11328125,26.02734375,10.33203125,109.11328125,81.63671875,38.8125,21.921875,4.63671875,1.44140625,1.203125,0.1875,37.984375,15.2421875,17.1875,3.0625,3.80859375,3.12890625,5.1953125,4.375,8.609375,7.7421875,3.64453125,2.89453125,17.1796875,2.32421875,15.96484375,3.59765625,16.453125,12.140625,5.62890625,3.52734375,16.76953125,11.6484375,4.43359375,3.20703125,388.7890625,121.671875,664.94921875,21,1,4,0,4,7,2,0,1,0,2,3,0,0,182.88,187.96,185.0,0.0471682548522949,0.0,0.45,0.4217682266235352,0.25,0.19173828125,0.1875,0.125,0.0,0.0,69.5,30.5,66.984375,27.8466796875,94.0,48.544921875,88.50390625,44.75,2.0,0.8125,2.015625,0.6640625,54.0,19.01513671875,51.483436584472656,16.9437255859375,7.91796875,5.430633544921875,7.75,5.0625,4.780975341796875,3.9373779296875,4.8994140625,3.84375,51.025390625,18.400863647460938,50.515625,17.5,5.75,3.75,5.5,3.5,5.375,3.6875,4.0,2.65625,104.865234375,89.5,655.8441009521484,0,0,0,0,0,0,0,0,0,0,0,0,0,0,185.42,185.42,185.0,34.0,26.0,0,0,0,0,0,0,0,1,0,0,0,0,0,0,0,0,0,1,0,0,0,0,1,0
Red,False,0.5,0.5,0.595,0.235,0.8300000000000001,0.33,0.0,2.0,0.0,0.0,43.0,25.5,23.0,11.0,69.0,50.5,43.5,30.0,2.0,1.5,1.5,1.0,27.5,13.0,20.0,9.5,3.5,2.5,1.5,1.5,12.0,10.0,1.5,0.0,26.5,13.5,10.0,3.0,4.5,4.0,2.5,2.0,12.0,8.0,10.5,6.0,196.0,159.5,532.5,4,0,2,0,2,2,0,0,1,0,0,1,0,0,177.8,180.34,155.0,0.4375,0.0,0.52,0.2004687499999999,0.015625,0.24234375,0.953125,1.0625,0.65625,0.796875,47.609375,25.09375,39.234375,8.03125,81.140625,55.890625,77.28125,42.6875,0.015625,0.015625,8.28125,2.46875,30.859375,11.296875,32.921875,4.765625,4.4375,3.359375,1.875,0.65625,12.3125,10.4375,4.4375,2.609375,27.390625,14.078125,33.96875,4.859375,5.390625,3.328125,3.375,2.15625,14.828125,7.6875,1.890625,1.015625,219.671875,193.140625,754.53125,18,0,0,2,5,5,2,0,0,1,1,2,1,0,175.26,185.42,155.0,25.0,27.0,0,0,0,0,0,0,1,0,0,0,0,0,0,0,0,1,0,0,0,0,0,0,1,0
Red,True,0.3203125,0.125,0.7937890625,0.447265625,0.1328125,0.015625,0.09375,0.015625,0.0,0.03125,10.23828125,6.0,12.90234375,6.76953125,11.25390625,6.890625,15.73046875,9.44140625,0.5859375,0.4453125,0.0234375,0.015625,8.72265625,4.734375,6.4296875,1.359375,0.140625,0.015625,0.94140625,0.69140625,1.375,1.25,5.53125,4.71875,6.30078125,2.9765625,9.13671875,3.375,1.14453125,1.02734375,2.703125,2.48828125,2.79296875,1.99609375,1.0625,0.90625,30.0,26.75,172.71875,11,1,3,0,3,7,2,0,0,0,0,5,1,1,182.88,187.96,185.0,0.0,0.0078125,0.555048828125,0.7401171875,0.3565625,0.15203125,0.13232421875,0.09765625,0.0625,0.125,53.4130859375,32.61767578125,24.2216796875,11.67578125,86.49072265625,64.869140625,36.96533203125,24.16943359375,4.23828125,2.92578125,1.9619140625,0.7734375,45.03466796875,24.4931640625,17.9794921875,6.1015625,3.86669921875,3.63623046875,3.91015625,3.439453125,4.51171875,4.48828125,2.33203125,2.134765625,12.1572265625,5.189453125,11.6376953125,3.0810546875,7.228515625,6.232421875,7.30078125,5.4287109375,34.02734375,21.19580078125,5.283203125,3.166015625,400.17578125,110.52734375,629.49267578125,33,10,7,0,7,9,3,0,1,0,2,5,1,0,185.42,190.5,205.0,27.0,41.0,0,0,0,0,0,1,0,0,0,0,0,0,0,0,0,0,0,1,0,0,1,0,0,0
Red,False,0.015625,0.0,0.45,0.4275,0.25,0.2,0.148468017578125,0.098388671875,0.0,0.0,66.5,29.6875,64.31230545043945,27.34375,89.75,48.0,85.53125,44.41152191162109,2.0,0.75,2.0546875,0.75,51.1875,18.3359375,49.6123046875,16.280410766601562,7.5,5.07647705078125,7.5,5.0,4.5,3.625,4.984375,3.9375,48.6875,17.0,47.11572265625,16.5,5.75,3.75,5.3125,3.4375,5.0625,3.5,3.875,2.5,99.2119140625,94.125,638.5,0,0,0,0,0,0,0,0,0,0,0,0,0,0,180.34,180.34,170.0,0.0,0.25,0.47,0.515,0.5800000000000001,0.4375,1.0,0.0,0.0,0.25,65.0,26.75,44.75,22.25,87.0,48.25,68.0,44.75,1.75,1.25,1.5,1.25,48.5,15.5,30.25,11.5,8.0,4.75,8.5,6.25,8.5,6.5,6.0,4.5,55.0,18.75,24.25,11.0,10.0,8.0,12.25,7.25,0.0,0.0,8.25,4.0,30.5,233.0,582.5,7,0,0,2,1,1,2,0,0,0,0,0,1,0,180.34,172.72,170.0,33.0,30.0,0,0,0,0,0,0,0,0,0,1,0,0,0,0,0,1,0,0,0,0,1,0,0,0
Red,False,0.0,0.0,0.54,0.33,0.2,0.4,0.0,1.0,1.0,0.0,82.0,45.0,54.0,18.0,148.0,107.0,116.0,75.0,5.0,1.0,5.0,2.0,51.0,22.0,51.0,16.0,17.0,11.0,1.0,0.0,14.0,12.0,2.0,2.0,21.0,8.0,21.0,5.0,32.0,20.0,18.0,8.0,29.0,17.0,15.0,5.0,296.0,389.0,900.0,3,0,0,1,0,0,1,0,0,0,0,0,0,0,182.88,182.88,205.0,0.7109375,0.0,0.3717578125,0.450986328125,0.0009765625,0.25001953125,0.0,0.2529296875,0.2509765625,0.0,62.732421875,23.44140625,45.3896484375,21.5966796875,67.1396484375,27.7822265625,48.890625,24.53515625,0.251953125,0.001953125,3.162109375,1.2265625,54.41796875,16.5888671875,37.5859375,14.9189453125,1.8037109375,0.986328125,1.2470703125,0.83984375,6.5107421875,5.8662109375,6.556640625,5.837890625,56.8427734375,19.0400390625,37.7578125,16.421875,5.103515625,3.716796875,3.521484375,2.970703125,0.7861328125,0.6845703125,4.1103515625,2.2041015625,47.58203125,59.83984375,485.048828125,22,1,1,0,7,9,2,0,0,0,5,3,0,1,187.96,193.04,205.0,32.0,34.0,0,0,0,0,0,1,0,0,0,0,0,0,0,0,0,0,0,1,0,0,1,0,0,0
Red,False,0.015625,0.0,0.45,0.4275,0.25,0.2,0.148468017578125,0.098388671875,0.0,0.0,66.5,29.6875,64.31230545043945,27.34375,89.75,48.0,85.53125,44.41152191162109,2.0,0.75,2.0546875,0.75,51.1875,18.3359375,49.6123046875,16.280410766601562,7.5,5.07647705078125,7.5,5.0,4.5,3.625,4.984375,3.9375,48.6875,17.0,47.11572265625,16.5,5.75,3.75,5.3125,3.4375,5.0625,3.5,3.875,2.5,99.2119140625,94.125,638.5,0,0,0,0,0,0,0,0,0,0,0,0,0,0,182.88,190.5,170.0,0.0,0.0,0.57,0.14,0.75,0.0,0.0,4.0,2.0,2.0,80.0,46.0,7.0,1.0,177.0,138.0,33.0,23.0,8.0,6.0,2.0,0.0,61.0,29.0,6.0,1.0,15.0,14.0,0.0,0.0,4.0,3.0,1.0,0.0,15.0,7.0,6.0,0.0,0.0,0.0,0.0,0.0,65.0,39.0,1.0,1.0,727.0,19.0,900.0,3,0,1,0,1,1,0,0,0,0,1,0,0,0,180.34,193.04,185.0,27.0,23.0,0,0,0,0,0,0,0,0,0,1,0,0,0,0,0,1,0,0,0,0,1,0,0,0
Red,False,0.0,0.0,0.61,0.44,0.75,0.4,1.0,0.0,1.0,0.0,36.0,22.0,9.0,4.0,151.0,124.0,25.0,19.0,4.0,3.0,5.0,2.0,34.0,20.0,5.0,1.0,2.0,2.0,4.0,3.0,0.0,0.0,0.0,0.0,12.0,6.0,5.0,1.0,2.0,2.0,4.0,3.0,22.0,14.0,0.0,0.0,567.0,211.0,900.0,3,0,1,0,1,1,0,0,0,0,1,0,0,0,185.42,185.42,170.0,0.0,0.015625,0.39888671875,0.47765625,0.44861328125,0.325,0.6640625,0.919921875,0.25,0.296875,20.71484375,11.501953125,17.826171875,11.142578125,33.921875,24.662109375,42.626953125,35.55078125,2.10546875,1.251953125,0.90625,0.625,18.982421875,9.80078125,16.791015625,10.107421875,1.607421875,1.576171875,1.01953125,1.01953125,0.125,0.125,0.015625,0.015625,6.908203125,1.525390625,4.32421875,1.931640625,0.572265625,0.56640625,1.68359375,1.39453125,13.234375,9.41015625,11.818359375,7.81640625,201.21484375,200.4765625,461.44140625,23,7,2,0,6,8,2,0,0,0,2,3,1,2,175.26,185.42,170.0,30.0,30.0,0,0,0,0,0,0,0,0,0,1,0,0,0,0,0,1,0,0,0,0,0,0,0,1
Red,False,1.15625,0.0,0.5615625,0.6390625,0.15625,0.27625,0.0625,0.5625,0.0625,0.28125,40.6875,23.40625,40.84375,26.96875,64.84375,46.5,91.1875,73.6875,0.71875,0.3125,5.59375,1.6875,30.15625,13.5625,30.46875,17.71875,10.3125,9.75,6.34375,5.28125,0.21875,0.09375,4.03125,3.96875,15.46875,5.65625,12.65625,5.25,16.84375,11.59375,10.75,8.0625,8.375,6.15625,17.4375,13.65625,45.0625,246.15625,426.3125,11,0,1,0,2,3,3,0,0,0,1,2,0,0,175.26,182.88,170.0,0.0,1.25,0.6796484375,0.5274218749999999,0.215625,0.04015625,0.14453125,0.25,0.0,0.0,34.28515625,25.24609375,29.0546875,14.8046875,48.703125,39.375,40.74609375,25.83203125,2.640625,0.890625,0.11328125,0.08203125,21.1953125,14.5078125,24.25390625,10.87890625,9.21484375,7.12109375,3.16015625,2.66015625,3.875,3.6171875,1.640625,1.265625,8.09375,5.03515625,18.63671875,7.83984375,7.48828125,6.5078125,8.66796875,6.34765625,18.703125,13.703125,1.75,0.6171875,185.5390625,17.796875,317.85546875,12,1,3,0,3,7,2,0,0,0,1,3,2,1,182.88,187.96,185.0,28.0,33.0,0,0,0,0,0,0,0,1,0,0,0,0,0,0,0,1,0,0,0,0,1,0,0,0
Red,False,0.0,0.0,0.66,0.72,0.0,1.0,0.0,0.0,0.0,0.0,3.0,2.0,54.0,39.0,42.0,41.0,230.0,210.0,0.0,0.0,2.0,2.0,0.0,0.0,28.0,13.0,0.0,0.0,26.0,26.0,3.0,2.0,0.0,0.0,3.0,2.0,2.0,1.0,0.0,0.0,0.0,0.0,0.0,0.0,52.0,38.0,0.0,584.0,600.0,2,0,0,1,0,0,1,0,0,0,0,0,0,0,185.42,185.42,185.0,0.0471682548522949,0.0,0.45,0.4217682266235352,0.25,0.19173828125,0.1875,0.125,0.0,0.0,69.5,30.5,66.984375,27.8466796875,94.0,48.544921875,88.50390625,44.75,2.0,0.8125,2.015625,0.6640625,54.0,19.01513671875,51.483436584472656,16.9437255859375,7.91796875,5.430633544921875,7.75,5.0625,4.780975341796875,3.9373779296875,4.8994140625,3.84375,51.025390625,18.400863647460938,50.515625,17.5,5.75,3.75,5.5,3.5,5.375,3.6875,4.0,2.65625,104.865234375,89.5,655.8441009521484,0,0,0,0,0,0,0,0,0,0,0,0,0,0,185.42,190.5,185.0,30.0,31.0,0,0,0,0,0,0,0,1,0,0,0,0,0,0,0,0,0,1,0,0,1,0,0,0
Red,False,0.015625,0.0,0.45,0.4275,0.25,0.2,0.148468017578125,0.098388671875,0.0,0.0,66.5,29.6875,64.31230545043945,27.34375,89.75,48.0,85.53125,44.41152191162109,2.0,0.75,2.0546875,0.75,51.1875,18.3359375,49.6123046875,16.280410766601562,7.5,5.07647705078125,7.5,5.0,4.5,3.625,4.984375,3.9375,48.6875,17.0,47.11572265625,16.5,5.75,3.75,5.3125,3.4375,5.0625,3.5,3.875,2.5,99.2119140625,94.125,638.5,0,0,0,0,0,0,0,0,0,0,0,0,0,0,167.64,162.56,145.0,0.0,0.0625,0.424375,0.530625,0.346875,0.145625,0.5,0.5,0.5625,1.125,68.1875,30.71875,30.78125,16.59375,115.21875,74.59375,51.375,36.5625,15.09375,3.59375,1.21875,0.1875,52.125,15.125,22.5,8.8125,11.71875,11.6875,4.96875,4.5625,4.34375,3.90625,3.3125,3.21875,26.3125,3.875,21.71875,9.375,12.125,10.46875,7.0625,5.75,29.75,16.375,2.0,1.46875,482.0,59.0,854.59375,16,0,0,1,2,3,3,0,1,0,1,0,1,0,167.64,172.72,170.0,22.0,30.0,0,0,0,0,0,0,1,0,0,0,0,0,0,0,0,1,0,0,0,0,1,0,0,0
Red,True,0.75,0.0,0.425,0.415,0.0,0.0,0.0,0.25,0.0,0.0,76.75,42.5,31.25,11.75,82.0,47.5,32.0,12.5,0.0,0.0,0.75,0.0,69.25,36.25,28.25,8.75,4.5,3.5,1.75,1.75,3.0,2.75,1.25,1.25,57.75,27.5,30.25,11.0,14.75,11.75,1.0,0.75,4.25,3.25,0.0,0.0,22.25,0.0,205.0,4,2,3,0,3,3,0,0,0,0,0,3,0,0,203.2,203.2,265.0,0.5,0.0,0.52875,0.69875,0.5475,0.03125,2.5,0.0,0.0,0.0625,24.90625,15.59375,16.21875,11.53125,51.53125,39.1875,57.46875,47.53125,4.3125,2.3125,0.03125,0.03125,18.375,10.125,7.34375,2.65625,4.28125,3.71875,8.8125,8.8125,2.25,1.75,0.0625,0.0625,5.03125,2.46875,5.46875,1.21875,2.125,2.125,3.1875,3.1875,17.75,11.0,7.5625,7.125,269.65625,38.65625,350.65625,7,0,2,0,3,5,1,0,0,0,0,1,3,0,190.5,200.66,264.0,28.0,25.0,0,0,0,0,1,0,0,0,0,0,0,0,0,0,0,1,0,0,0,0,0,0,1,0
Red,False,0.0,0.0,0.155,0.725,0.08,0.5,2.0,0.5,0.0,0.0,24.0,7.5,30.5,14.0,45.5,28.0,68.5,50.5,6.0,1.0,0.5,0.5,17.0,2.0,24.5,9.0,3.0,2.0,5.0,4.0,4.0,3.5,1.0,1.0,21.0,6.5,17.5,4.5,1.5,0.0,1.5,1.5,1.5,1.0,11.5,8.0,56.0,486.0,760.0,6,1,1,0,1,1,1,0,0,0,0,0,1,0,175.26,182.88,155.0,0.0,0.0,0.0,0.0,1.0,1.0,1.0,2.0,1.0,1.0,3.0,0.0,0.0,0.0,4.0,1.0,0.0,0.0,1.0,1.0,1.0,1.0,3.0,0.0,0.0,0.0,0.0,0.0,0.0,0.0,0.0,0.0,0.0,0.0,0.0,0.0,0.0,0.0,0.0,0.0,0.0,0.0,3.0,0.0,0.0,0.0,119.0,103.0,234.0,1,1,0,1,0,0,1,0,0,0,0,0,0,0,175.26,180.34,170.0,28.0,32.0,0,0,0,0,0,0,0,0,0,1,0,0,0,0,0,1,0,0,0,0,0,0,1,0
Red,False,0.0,0.0,0.7625,0.264375,0.6625,0.0625,1.0,0.1875,0.25,0.0625,14.25,5.5,22.6875,14.0,20.625,10.5625,58.5625,44.25,2.1875,1.0625,0.6875,0.0625,13.375,4.75,17.875,10.1875,0.6875,0.6875,0.875,0.75,0.1875,0.0625,3.9375,3.0625,9.125,2.0625,12.8125,8.0,0.3125,0.1875,2.375,1.75,4.8125,3.25,7.5,4.25,56.0,0.5,387.0,6,0,0,2,1,2,3,0,0,0,0,1,1,0,190.5,190.5,235.0,0.0,0.0,0.335234375,0.4778125,0.357421875,0.3,0.44140625,0.5,0.0,0.1875,44.05078125,14.8125,74.26953125,39.6953125,88.95703125,56.19921875,129.94140625,91.21875,1.00390625,0.359375,2.8359375,1.5,39.81640625,11.265625,68.09375,33.94140625,3.66015625,2.97265625,4.11328125,4.06640625,0.57421875,0.57421875,2.0625,1.6875,24.18359375,3.7734375,34.21875,13.55859375,8.33984375,3.77734375,18.15234375,12.18359375,11.52734375,7.26171875,21.8984375,13.953125,0.5,313.5,848.22265625,15,1,2,0,2,5,4,0,0,0,0,1,4,0,185.42,182.88,205.0,36.0,40.0,0,0,0,0,1,0,0,0,0,0,0,0,0,0,0,1,0,0,0,0,1,0,0,0
Red,False,0.0,0.5,0.86,0.6,0.0,0.7849999999999999,0.0,3.0,0.0,0.0,13.0,9.5,25.5,16.0,55.0,45.5,55.5,43.0,0.0,0.0,4.0,2.5,4.5,1.0,19.5,11.0,8.5,8.5,4.0,3.5,0.0,0.0,2.0,1.5,4.5,1.0,4.0,2.0,2.5,2.5,2.0,2.0,6.0,6.0,19.5,12.0,25.0,307.0,368.0,3,0,0,2,0,0,2,0,0,0,0,0,0,0,208.28,208.28,260.0,0.0471682548522949,0.0,0.45,0.4217682266235352,0.25,0.19173828125,0.1875,0.125,0.0,0.0,69.5,30.5,66.984375,27.8466796875,94.0,48.544921875,88.50390625,44.75,2.0,0.8125,2.015625,0.6640625,54.0,19.01513671875,51.483436584472656,16.9437255859375,7.91796875,5.430633544921875,7.75,5.0625,4.780975341796875,3.9373779296875,4.8994140625,3.84375,51.025390625,18.400863647460938,50.515625,17.5,5.75,3.75,5.5,3.5,5.375,3.6875,4.0,2.65625,104.865234375,89.5,655.8441009521484,0,0,0,0,0,0,0,0,0,0,0,0,0,0,193.04,195.58,205.0,24.0,24.0,0,0,0,0,1,0,0,0,0,0,0,0,0,0,0,1,0,0,0,0,1,0,0,0
Red,False,0.5,0.0,0.5,0.4625,0.0,0.0,0.0,0.0,0.0,0.0,38.75,18.5,70.5,41.5,55.0,34.75,81.0,51.25,0.25,0.0,2.25,0.0,36.75,17.0,61.5,34.5,1.25,1.25,4.5,3.25,0.75,0.25,4.5,3.75,21.75,8.25,45.75,26.0,16.5,9.75,24.75,15.5,0.5,0.5,0.0,0.0,6.75,92.0,269.25,5,0,0,1,2,2,1,0,0,0,0,1,0,1,190.5,190.5,260.0,1.25,0.125,0.4649999999999999,0.24625,0.0625,0.015625,0.125,0.0625,0.0,0.0625,30.25,13.5625,24.6875,8.0,40.1875,22.5,26.8125,10.125,0.125,0.0625,3.5625,0.125,22.0,7.6875,19.875,4.6875,0.625,0.625,0.8125,0.3125,7.625,5.25,4.0,3.0,23.4375,9.1875,19.25,5.4375,3.3125,2.375,3.1875,0.8125,3.5,2.0,2.25,1.75,20.1875,29.5625,213.25,9,0,1,0,2,3,2,0,0,0,0,2,1,0,190.5,195.58,240.0,25.0,25.0,0,0,0,0,1,0,0,0,0,0,0,0,0,0,0,1,0,0,0,0,1,0,0,0
Red,False,0.015625,0.0,0.45,0.4275,0.25,0.2,0.148468017578125,0.098388671875,0.0,0.0,66.5,29.6875,64.31230545043945,27.34375,89.75,48.0,85.53125,44.41152191162109,2.0,0.75,2.0546875,0.75,51.1875,18.3359375,49.6123046875,16.280410766601562,7.5,5.07647705078125,7.5,5.0,4.5,3.625,4.984375,3.9375,48.6875,17.0,47.11572265625,16.5,5.75,3.75,5.3125,3.4375,5.0625,3.5,3.875,2.5,99.2119140625,94.125,638.5,0,0,0,0,0,0,0,0,0,0,0,0,0,0,167.64,177.8,145.0,0.0,0.0,0.345,0.535,0.5800000000000001,0.0,1.5,0.0,0.0,0.0,46.0,16.5,34.5,21.5,66.5,34.5,71.5,52.5,4.5,2.5,0.0,0.0,32.5,10.5,18.0,7.0,4.5,1.5,13.0,11.5,9.0,4.5,3.5,3.0,21.5,7.0,16.5,7.5,1.0,0.0,7.0,6.0,23.5,9.5,11.0,8.0,310.0,166.0,649.0,5,0,1,0,1,1,1,0,0,0,0,0,1,0,175.26,175.26,155.0,28.0,26.0,0,0,0,0,0,0,1,0,0,0,0,0,0,0,0,1,0,0,0,0,1,0,0,0
Red,False,1.0,0.0,0.5075,0.5325,0.625,0.535,3.0,0.0,0.0,0.0,42.0,21.0,68.5,35.25,85.75,63.0,110.75,73.25,4.75,2.0,4.25,2.25,37.0,17.5,44.25,15.5,2.75,2.75,5.25,3.75,2.25,0.75,19.0,16.0,22.25,8.75,41.75,17.75,7.5,5.25,9.0,7.0,12.25,7.0,17.75,10.5,191.25,303.0,791.5,8,0,2,0,2,2,1,0,0,0,1,1,0,0,167.64,180.34,155.0,0.875,0.0,0.56,0.2209374999999999,0.03125,0.0846875,0.90625,0.125,0.3125,0.59375,52.21875,29.1875,34.46875,8.0625,70.28125,45.78125,50.5625,22.375,0.03125,0.03125,6.5625,0.9375,32.71875,13.59375,26.84375,3.53125,6.875,4.71875,2.75,1.3125,12.625,10.875,4.875,3.21875,31.78125,15.15625,29.9375,4.71875,8.78125,6.65625,2.75,2.3125,11.65625,7.375,1.78125,1.03125,148.34375,159.28125,609.0625,15,0,0,2,4,4,2,0,0,0,1,2,1,0,175.26,185.42,155.0,29.0,27.0,0,0,0,0,0,0,1,0,0,0,0,0,0,0,0,1,0,0,0,0,0,0,1,0
Red,False,0.015625,0.0,0.45,0.4275,0.25,0.2,0.148468017578125,0.098388671875,0.0,0.0,66.5,29.6875,64.31230545043945,27.34375,89.75,48.0,85.53125,44.41152191162109,2.0,0.75,2.0546875,0.75,51.1875,18.3359375,49.6123046875,16.280410766601562,7.5,5.07647705078125,7.5,5.0,4.5,3.625,4.984375,3.9375,48.6875,17.0,47.11572265625,16.5,5.75,3.75,5.3125,3.4375,5.0625,3.5,3.875,2.5,99.2119140625,94.125,638.5,0,0,0,0,0,0,0,0,0,0,0,0,0,0,190.5,190.5,245.0,0.0471682548522949,0.0,0.45,0.4217682266235352,0.25,0.19173828125,0.1875,0.125,0.0,0.0,69.5,30.5,66.984375,27.8466796875,94.0,48.544921875,88.50390625,44.75,2.0,0.8125,2.015625,0.6640625,54.0,19.01513671875,51.483436584472656,16.9437255859375,7.91796875,5.430633544921875,7.75,5.0625,4.780975341796875,3.9373779296875,4.8994140625,3.84375,51.025390625,18.400863647460938,50.515625,17.5,5.75,3.75,5.5,3.5,5.375,3.6875,4.0,2.65625,104.865234375,89.5,655.8441009521484,0,0,0,0,0,0,0,0,0,0,0,0,0,0,190.5,190.5,250.0,29.0,26.0,0,0,0,0,1,0,0,0,0,0,0,0,0,0,0,1,0,0,0,0,0,0,1,0
Red,False,0.0,0.5,0.38,0.5275,0.0,0.25,0.0,0.5,0.0,0.0,24.5,9.75,21.25,11.0,27.25,12.5,61.5,49.25,0.0,0.0,2.5,1.25,14.5,3.0,16.75,8.25,4.5,3.0,2.75,1.75,5.5,3.75,1.75,1.0,20.25,7.5,13.75,6.0,4.25,2.25,3.25,2.0,0.0,0.0,4.25,3.0,31.75,156.75,288.5,5,0,0,3,0,0,3,0,0,0,0,0,0,0,177.8,177.8,170.0,0.0,0.5,0.52,0.48,0.5,0.875,1.0,0.0,0.0,0.5,50.0,19.5,40.5,17.5,78.0,46.5,82.0,57.5,0.5,0.5,3.0,2.5,35.0,9.0,36.5,14.0,4.0,2.5,3.0,2.5,11.0,8.0,1.0,1.0,45.0,16.5,20.5,7.0,5.0,3.0,3.5,2.5,0.0,0.0,16.5,8.0,12.0,439.0,750.0,5,0,0,2,0,0,2,0,0,0,0,0,0,0,180.34,172.72,170.0,27.0,29.0,0,0,0,0,0,0,0,0,0,1,0,0,0,0,0,1,0,0,0,0,1,0,0,0
Red,False,0.75,0.0,0.4706249999999999,0.471875,0.734375,0.770625,0.0,0.5625,0.5,0.0,56.375,25.125,67.4375,28.25,71.25,40.0,86.5,46.6875,3.0625,2.4375,1.125,0.8125,47.125,17.125,45.0625,11.75,7.6875,6.5625,6.5,4.75,1.5625,1.4375,15.875,11.75,29.125,9.5625,54.4375,20.0625,11.5,7.875,12.75,8.1875,15.75,7.6875,0.25,0.0,204.4375,43.75,649.8125,11,0,3,0,3,4,1,0,0,0,2,2,0,0,180.34,187.96,170.0,0.0,0.0,0.7,0.24,0.46,0.0,2.0,0.0,0.0,1.0,24.0,17.0,37.0,9.0,107.0,92.0,103.0,71.0,13.0,6.0,0.0,0.0,20.0,14.0,37.0,9.0,4.0,3.0,0.0,0.0,0.0,0.0,0.0,0.0,3.0,1.0,7.0,0.0,0.0,0.0,5.0,1.0,21.0,16.0,25.0,8.0,403.0,208.0,724.0,3,0,1,0,1,1,0,0,0,0,0,0,1,0,185.42,193.04,185.0,22.0,20.0,0,0,0,0,0,0,0,0,0,1,0,0,0,0,0,0,0,1,0,0,0,0,1,0
Red,False,0.0078125,0.015625,0.5912353515625,0.472109375,0.5043066406250001,0.35,0.28125,0.01025390625,0.0,0.00390625,62.05224609375,37.490234375,86.20263671875,49.8056640625,119.201171875,92.62353515625,163.92529296875,124.7939453125,5.599609375,2.5732421875,7.00830078125,4.125,46.287109375,22.30029296875,71.53271484375,35.8583984375,9.22998046875,8.65478515625,7.16796875,6.671875,6.53515625,6.53515625,7.501953125,7.275390625,20.6298828125,7.3837890625,14.94970703125,3.1064453125,24.26171875,19.0732421875,14.732421875,11.1787109375,17.16064453125,11.033203125,56.5205078125,35.5205078125,407.98828125,645.65234375,1196.92431640625,30,9,1,0,6,9,3,0,0,0,2,5,1,1,190.5,187.96,205.0,0.421875,0.0,0.393515625,0.50197265625,0.001953125,0.5000390625,0.0,0.505859375,0.501953125,0.0,60.46484375,23.8828125,58.779296875,30.193359375,69.279296875,32.564453125,65.78125,36.0703125,0.50390625,0.00390625,4.32421875,2.453125,45.8359375,11.177734375,50.171875,22.837890625,1.607421875,0.97265625,2.494140625,1.6796875,13.021484375,11.732421875,6.11328125,5.67578125,48.685546875,15.080078125,43.515625,19.84375,10.20703125,7.43359375,7.04296875,5.94140625,1.572265625,1.369140625,8.220703125,4.408203125,94.1640625,119.6796875,632.09765625,20,1,1,0,7,8,2,0,0,0,5,2,0,1,187.96,193.04,205.0,29.0,34.0,0,0,0,0,0,1,0,0,0,0,0,0,0,0,0,1,0,0,0,0,1,0,0,0
Red,True,0.0,0.015625,0.61009765625,0.480234375,0.713125,0.3040625,0.2646484375,0.1953125,0.125,0.25,104.826171875,64.2353515625,47.443359375,22.3515625,170.9814453125,128.73828125,72.9306640625,47.3388671875,8.4765625,5.8515625,3.923828125,1.546875,89.0693359375,48.986328125,34.958984375,11.203125,7.7333984375,7.2724609375,7.8203125,6.87890625,8.0234375,7.9765625,4.6640625,4.26953125,22.314453125,9.37890625,22.275390625,5.162109375,14.45703125,12.46484375,14.6015625,10.857421875,68.0546875,42.3916015625,10.56640625,6.33203125,800.3515625,194.0546875,1209.9853515625,32,9,7,0,7,9,2,0,1,0,2,5,1,0,185.42,190.5,205.0,0.640625,0.25,0.5875781250000001,0.39453125,0.265625,0.03125,0.1875,0.03125,0.0,0.0625,19.4765625,11.0,23.8046875,12.5390625,21.5078125,12.78125,29.4609375,17.8828125,1.171875,0.890625,0.046875,0.03125,16.4453125,8.46875,11.859375,2.71875,0.28125,0.03125,1.8828125,1.3828125,2.75,2.5,10.0625,8.4375,11.6015625,4.953125,16.2734375,5.75,2.2890625,2.0546875,5.40625,4.9765625,5.5859375,3.9921875,2.125,1.8125,33.0,53.5,296.4375,10,0,3,0,3,6,2,0,0,0,0,5,1,0,182.88,187.96,185.0,40.0,26.0,0,0,0,0,0,1,0,0,0,0,0,0,0,0,0,1,0,0,0,0,0,0,1,0
Red,False,0.0,0.0,0.59,0.18,0.75,0.0,1.0,0.0,0.0,0.0,22.0,13.0,11.0,2.0,28.0,19.0,20.0,11.0,4.0,3.0,1.0,0.0,17.0,8.0,9.0,1.0,3.0,3.0,2.0,1.0,2.0,2.0,0.0,0.0,7.0,3.0,6.0,1.0,8.0,7.0,5.0,1.0,7.0,3.0,0.0,0.0,163.0,14.0,232.0,1,0,1,0,1,1,0,0,0,0,0,0,1,0,177.8,182.88,170.0,0.0471682548522949,0.0,0.45,0.4217682266235352,0.25,0.19173828125,0.1875,0.125,0.0,0.0,69.5,30.5,66.984375,27.8466796875,94.0,48.544921875,88.50390625,44.75,2.0,0.8125,2.015625,0.6640625,54.0,19.01513671875,51.483436584472656,16.9437255859375,7.91796875,5.430633544921875,7.75,5.0625,4.780975341796875,3.9373779296875,4.8994140625,3.84375,51.025390625,18.400863647460938,50.515625,17.5,5.75,3.75,5.5,3.5,5.375,3.6875,4.0,2.65625,104.865234375,89.5,655.8441009521484,0,0,0,0,0,0,0,0,0,0,0,0,0,0,180.34,193.04,185.0,21.0,22.0,0,0,0,0,0,0,0,0,0,1,0,0,0,0,0,1,0,0,0,0,1,0,0,0
Red,False,1.0,0.0,0.5449999999999999,0.485,0.59,0.41,5.0,0.0,0.0,0.0,38.0,20.0,69.0,30.5,84.5,66.0,109.5,64.5,6.5,2.0,5.5,2.5,34.0,16.0,50.5,15.0,2.5,2.5,4.5,3.5,1.5,1.5,14.0,12.0,24.5,11.5,32.5,9.5,10.0,6.5,9.0,6.0,3.5,2.0,27.5,15.0,63.5,361.0,683.0,5,0,2,0,2,2,0,0,0,0,1,1,0,0,167.64,180.34,155.0,1.0,0.0,0.61,0.0,1.0,0.0,0.0,3.0,0.0,0.0,18.0,11.0,0.0,0.0,26.0,19.0,0.0,0.0,1.0,1.0,0.0,0.0,17.0,10.0,0.0,0.0,1.0,1.0,0.0,0.0,0.0,0.0,0.0,0.0,2.0,1.0,0.0,0.0,0.0,0.0,0.0,0.0,16.0,10.0,0.0,0.0,147.0,0.0,165.0,1,0,1,0,1,1,0,0,0,0,0,1,0,0,177.8,180.34,155.0,29.0,25.0,0,0,0,0,0,0,1,0,0,0,0,0,0,0,0,1,0,0,0,0,1,0,0,0
Red,False,0.015625,0.0,0.45,0.4275,0.25,0.2,0.148468017578125,0.098388671875,0.0,0.0,66.5,29.6875,64.31230545043945,27.34375,89.75,48.0,85.53125,44.41152191162109,2.0,0.75,2.0546875,0.75,51.1875,18.3359375,49.6123046875,16.280410766601562,7.5,5.07647705078125,7.5,5.0,4.5,3.625,4.984375,3.9375,48.6875,17.0,47.11572265625,16.5,5.75,3.75,5.3125,3.4375,5.0625,3.5,3.875,2.5,99.2119140625,94.125,638.5,0,0,0,0,0,0,0,0,0,0,0,0,0,0,167.64,175.26,135.0,0.0,0.125,0.28875,0.46125,0.09375,0.29125,1.0,0.0,0.125,0.25,56.375,16.4375,46.5625,24.1875,71.4375,31.1875,77.75,54.125,20.1875,1.1875,0.4375,0.375,43.25,4.25,34.0,12.625,8.4375,8.375,6.9375,6.125,4.6875,3.8125,5.625,5.4375,41.625,5.75,34.4375,14.75,13.25,9.9375,10.125,8.5,1.5,0.75,2.0,0.9375,174.0,98.0,809.1875,13,0,0,1,2,2,3,0,1,0,0,0,1,0,167.64,172.72,170.0,26.0,29.0,0,0,0,0,0,0,1,0,0,0,0,0,0,0,0,1,0,0,0,0,1,0,0,0
Red,False,0.0625,0.0,0.184375,0.551875,0.593125,0.32125,1.0625,0.375,0.5,0.0,7.40625,2.53125,28.09375,18.625,13.75,8.53125,44.03125,34.40625,1.25,0.84375,2.09375,1.59375,6.375,1.53125,23.65625,14.4375,0.5625,0.5625,3.4375,3.1875,0.46875,0.4375,1.0,1.0,5.375,1.40625,6.9375,2.15625,1.125,0.53125,1.3125,1.0,0.90625,0.59375,19.84375,15.46875,80.5625,278.5,458.0,13,4,1,0,1,3,3,0,0,0,0,0,3,0,175.26,175.26,170.0,0.0471682548522949,0.0,0.45,0.4217682266235352,0.25,0.19173828125,0.1875,0.125,0.0,0.0,69.5,30.5,66.984375,27.8466796875,94.0,48.544921875,88.50390625,44.75,2.0,0.8125,2.015625,0.6640625,54.0,19.01513671875,51.483436584472656,16.9437255859375,7.91796875,5.430633544921875,7.75,5.0625,4.780975341796875,3.9373779296875,4.8994140625,3.84375,51.025390625,18.400863647460938,50.515625,17.5,5.75,3.75,5.5,3.5,5.375,3.6875,4.0,2.65625,104.865234375,89.5,655.8441009521484,0,0,0,0,0,0,0,0,0,0,0,0,0,0,185.42,185.42,170.0,27.0,30.0,0,0,0,0,0,0,0,0,0,1,0,0,0,0,0,1,0,0,0,0,1,0,0,0
Red,False,1.0,0.0,0.58,0.44,0.0,0.0,0.0,0.0,0.0,0.0,136.0,80.0,78.0,35.0,210.0,154.0,92.0,49.0,0.0,0.0,3.0,0.0,88.0,39.0,64.0,25.0,26.0,24.0,6.0,3.0,22.0,17.0,8.0,7.0,55.0,20.0,26.0,8.0,78.0,57.0,52.0,27.0,3.0,3.0,0.0,0.0,328.0,29.0,900.0,3,0,1,0,1,1,0,0,0,0,1,0,0,0,185.42,185.42,185.0,0.0471682548522949,0.0,0.45,0.4217682266235352,0.25,0.19173828125,0.1875,0.125,0.0,0.0,69.5,30.5,66.984375,27.8466796875,94.0,48.544921875,88.50390625,44.75,2.0,0.8125,2.015625,0.6640625,54.0,19.01513671875,51.483436584472656,16.9437255859375,7.91796875,5.430633544921875,7.75,5.0625,4.780975341796875,3.9373779296875,4.8994140625,3.84375,51.025390625,18.400863647460938,50.515625,17.5,5.75,3.75,5.5,3.5,5.375,3.6875,4.0,2.65625,104.865234375,89.5,655.8441009521484,0,0,0,0,0,0,0,0,0,0,0,0,0,0,190.5,190.5,185.0,31.0,26.0,0,0,0,0,0,0,0,1,0,0,0,0,0,0,0,1,0,0,0,0,1,0,0,0
Red,True,0.0,0.03125,0.2977734375,0.2253125,0.8972265625,0.65,1.328125,0.83984375,0.5,0.59375,33.4296875,19.00390625,12.65234375,5.28515625,53.84375,39.32421875,46.25390625,38.1015625,3.2109375,2.50390625,1.8125,1.25,30.96484375,16.6015625,12.58203125,5.21484375,2.21484375,2.15234375,0.0390625,0.0390625,0.25,0.25,0.03125,0.03125,10.81640625,3.05078125,4.6484375,0.86328125,0.14453125,0.1328125,1.3671875,0.7890625,22.46875,15.8203125,6.63671875,3.6328125,402.4296875,150.953125,643.8828125,22,6,2,0,6,8,1,0,0,0,2,3,1,2,175.26,185.42,170.0,0.046875,0.0,0.6795312499999999,0.4921875,0.650625,0.561875,0.125,0.75,0.0,1.25,73.125,50.03125,68.09375,37.1875,119.859375,96.203125,98.34375,67.1875,4.953125,3.25,8.84375,3.703125,51.703125,29.796875,38.171875,12.515625,15.546875,15.171875,9.34375,7.34375,5.875,5.0625,20.578125,17.328125,33.46875,17.765625,43.640625,19.265625,18.234375,15.546875,11.71875,8.96875,21.421875,16.71875,12.734375,8.953125,283.15625,334.609375,1139.140625,18,2,3,0,3,5,2,0,0,0,1,4,0,0,175.26,177.8,155.0,30.0,25.0,0,0,0,0,0,0,0,0,0,1,0,0,0,0,0,0,0,0,1,0,1,0,0,0
Red,False,0.0,0.0,1.0,0.57,0.0,1.0,0.0,4.0,0.0,0.0,1.0,1.0,7.0,4.0,11.0,8.0,21.0,18.0,0.0,0.0,1.0,1.0,1.0,1.0,7.0,4.0,0.0,0.0,0.0,0.0,0.0,0.0,0.0,0.0,0.0,0.0,0.0,0.0,0.0,0.0,0.0,0.0,1.0,1.0,7.0,4.0,11.0,158.0,175.0,1,0,0,1,0,0,1,0,0,0,0,0,0,0,208.28,208.28,260.0,0.0,0.0,0.4275,0.6775,0.525,0.0625,3.0,0.0,0.0,0.125,5.8125,3.1875,7.4375,5.0625,13.0625,10.375,15.9375,12.0625,1.625,0.625,0.0625,0.0625,4.75,2.25,6.6875,4.3125,0.5625,0.4375,0.625,0.625,0.5,0.5,0.125,0.125,2.0625,0.9375,1.9375,0.4375,0.25,0.25,1.375,1.375,3.5,2.0,4.125,3.25,83.3125,38.3125,140.3125,5,0,2,0,2,4,1,0,0,0,0,0,3,0,190.5,200.66,264.0,24.0,24.0,0,0,0,0,1,0,0,0,0,0,0,0,0,0,0,1,0,0,0,0,0,0,1,0
Red,False,0.3125,0.0,0.5931249999999999,0.458125,0.3125,0.3025,0.125,1.125,0.125,0.5625,49.375,29.8125,47.6875,25.9375,84.6875,64.0,136.375,107.375,1.4375,0.625,7.1875,2.375,32.3125,13.125,40.9375,19.4375,16.625,16.5,4.6875,4.5625,0.4375,0.1875,2.0625,1.9375,15.9375,5.3125,18.3125,4.5,18.6875,12.1875,11.5,7.125,14.75,12.3125,17.875,14.3125,76.125,345.3125,570.625,10,0,1,0,2,3,2,0,0,0,1,2,0,0,175.26,182.88,170.0,0.0,0.5,0.539296875,0.5248437499999999,0.18125,0.0803125,0.2890625,0.5,0.0,0.0,34.5703125,22.4921875,26.109375,12.609375,51.40625,38.75,36.4921875,22.6640625,1.28125,0.78125,0.2265625,0.1640625,22.390625,13.015625,20.5078125,7.7578125,10.4296875,8.2421875,2.3203125,2.3203125,1.75,1.234375,3.28125,2.53125,9.1875,4.0703125,22.2734375,9.6796875,4.9765625,4.015625,2.3359375,1.6953125,20.40625,14.40625,1.5,1.234375,224.078125,21.59375,353.7109375,11,1,3,0,3,6,2,0,0,0,1,2,2,1,182.88,187.96,185.0,27.0,32.0,0,0,0,0,0,0,0,1,0,0,0,0,0,0,0,1,0,0,0,0,1,0,0,0
Red,False,0.0,0.0,0.66,0.55,0.0,1.0,1.0,0.0,0.0,0.0,3.0,2.0,9.0,5.0,31.0,29.0,71.0,64.0,0.0,0.0,2.0,2.0,1.0,0.0,9.0,5.0,2.0,2.0,0.0,0.0,0.0,0.0,0.0,0.0,3.0,2.0,1.0,1.0,0.0,0.0,0.0,0.0,0.0,0.0,8.0,4.0,0.0,587.0,600.0,2,0,0,1,0,0,1,0,0,0,0,0,0,0,180.34,172.72,170.0,0.5,0.0,0.53125,0.56375,0.71875,0.54125,0.0,0.125,0.0,0.0,40.75,20.25,37.875,19.5,49.5,29.0,48.0,29.375,2.125,1.875,1.25,0.625,30.25,11.25,21.125,5.5,9.375,8.125,7.0,6.5,1.125,0.875,9.75,7.5,18.25,6.125,21.875,9.125,16.0,10.75,15.5,10.375,6.5,3.375,0.5,0.0,117.875,63.5,399.625,8,0,3,0,3,3,1,0,0,0,1,2,0,0,180.34,187.96,170.0,29.0,21.0,0,0,0,0,0,0,0,0,0,1,0,0,0,0,0,1,0,0,0,0,0,0,1,0
Red,True,0.015625,0.0,0.45,0.4275,0.25,0.2,0.148468017578125,0.098388671875,0.0,0.0,66.5,29.6875,64.31230545043945,27.34375,89.75,48.0,85.53125,44.41152191162109,2.0,0.75,2.0546875,0.75,51.1875,18.3359375,49.6123046875,16.280410766601562,7.5,5.07647705078125,7.5,5.0,4.5,3.625,4.984375,3.9375,48.6875,17.0,47.11572265625,16.5,5.75,3.75,5.3125,3.4375,5.0625,3.5,3.875,2.5,99.2119140625,94.125,638.5,0,0,0,0,0,0,0,0,0,0,0,0,0,0,175.26,180.34,170.0,0.0,0.0625,0.595546875,0.450625,0.794453125,0.3,0.65625,0.6796875,0.0,0.1875,66.859375,38.0078125,22.3046875,10.5703125,107.6875,78.6484375,88.5078125,75.203125,5.421875,4.0078125,2.625,1.5,61.9296875,33.203125,22.1640625,10.4296875,4.4296875,4.3046875,0.078125,0.078125,0.5,0.5,0.0625,0.0625,21.6328125,6.1015625,9.296875,1.7265625,0.2890625,0.265625,2.734375,1.578125,44.9375,31.640625,10.2734375,7.265625,701.859375,182.90625,1053.765625,21,5,2,0,5,7,1,0,0,0,2,3,0,2,175.26,185.42,170.0,31.0,30.0,0,0,0,0,0,0,0,0,0,1,0,0,0,0,0,0,0,1,0,0,0,0,0,1
Red,False,0.0,0.0,0.28,0.22,0.0,0.0,0.0,0.0,0.0,0.0,7.0,2.0,9.0,2.0,11.0,6.0,13.0,6.0,1.0,0.0,3.0,0.0,5.0,1.0,6.0,0.0,1.0,0.0,1.0,1.0,1.0,1.0,2.0,1.0,4.0,0.0,6.0,0.0,2.0,1.0,3.0,2.0,1.0,1.0,0.0,0.0,27.0,55.0,116.0,1,0,1,0,1,1,0,0,0,0,0,1,0,0,177.8,177.8,185.0,0.0,0.078125,0.340234375,0.40125,0.2034375,0.1875,0.5625,0.15625,0.328125,0.15625,38.8046875,17.2265625,34.0546875,17.6640625,97.2265625,70.2734375,50.625,33.84375,6.2734375,1.8828125,1.40625,0.375,31.96875,11.484375,21.375,6.125,3.6171875,3.2578125,9.390625,8.75,3.21875,2.484375,3.2890625,2.7890625,17.359375,2.6484375,15.9296875,5.1953125,9.90625,6.28125,11.2578125,7.0546875,11.5390625,8.296875,6.8671875,5.4140625,280.578125,44.34375,466.8984375,18,1,4,0,4,6,2,0,1,0,2,2,0,0,182.88,187.96,185.0,29.0,33.0,0,0,0,0,0,0,0,1,0,0,0,0,0,0,0,1,0,0,0,0,0,0,1,0
Red,False,0.017608642578125,0.25,0.1568807983398437,0.6409512329101563,0.088231201171875,0.52849853515625,0.004241943359375,1.0489501953125,0.0625,0.0,9.726547241210938,3.4968719482421875,5.900421142578125,4.151626586914063,16.261093139648438,9.096359252929688,10.67681884765625,8.5035400390625,0.3895721435546875,0.2210845947265625,1.227386474609375,0.5704345703125,9.70867919921875,3.47998046875,3.4006500244140625,1.7784423828125,0.0178680419921875,0.0168914794921875,0.5728912353515625,0.5713043212890625,0.0,0.0,1.9268798828125,1.8018798828125,4.70086669921875,1.1004180908203125,3.8870697021484375,2.980072021484375,2.05389404296875,0.69476318359375,1.0441131591796875,0.6329803466796875,2.971786499023437,1.701690673828125,0.96923828125,0.53857421875,10.0,56.0,172.31883239746094,19,3,2,0,2,8,9,0,0,0,1,5,2,0,182.88,182.88,265.0,0.0,0.0,0.46,0.505,0.0,0.0,0.0,0.0,0.0,0.0,53.5,24.0,115.0,72.0,80.0,50.5,129.0,85.5,0.5,0.0,4.5,0.0,50.5,21.0,97.0,58.0,2.5,2.5,9.0,6.5,0.5,0.5,9.0,7.5,36.5,13.5,82.5,48.0,17.0,10.5,32.5,24.0,0.0,0.0,0.0,0.0,6.5,100.0,404.5,4,0,0,1,1,1,1,0,0,0,0,1,0,0,190.5,190.5,260.0,29.0,25.0,0,0,0,0,1,0,0,0,0,0,0,0,0,0,0,0,0,0,1,0,1,0,0,0
Red,False,0.015625,0.0,0.45,0.4275,0.25,0.2,0.148468017578125,0.098388671875,0.0,0.0,66.5,29.6875,64.31230545043945,27.34375,89.75,48.0,85.53125,44.41152191162109,2.0,0.75,2.0546875,0.75,51.1875,18.3359375,49.6123046875,16.280410766601562,7.5,5.07647705078125,7.5,5.0,4.5,3.625,4.984375,3.9375,48.6875,17.0,47.11572265625,16.5,5.75,3.75,5.3125,3.4375,5.0625,3.5,3.875,2.5,99.2119140625,94.125,638.5,0,0,0,0,0,0,0,0,0,0,0,0,0,0,172.72,172.72,155.0,0.75,0.0,0.55,0.331875,0.0625,0.169375,1.8125,0.25,0.625,1.1875,47.4375,25.375,25.9375,11.125,77.5625,52.5625,53.125,34.75,0.0625,0.0625,11.125,1.875,33.4375,13.1875,17.6875,5.0625,9.75,8.4375,3.5,2.625,4.25,3.75,4.75,3.4375,23.5625,9.3125,17.875,5.4375,15.5625,12.3125,4.5,3.625,8.3125,3.75,3.5625,2.0625,285.6875,251.5625,784.125,13,0,0,2,3,3,2,0,0,0,1,1,1,0,175.26,185.42,155.0,24.0,27.0,0,0,0,0,0,0,1,0,0,0,0,0,0,0,0,1,0,0,0,0,0,0,1,0
Red,False,0.0,0.5,0.6187499999999999,0.488125,0.355625,0.395625,1.0,0.03125,0.0625,0.25,36.09375,20.0,35.625,17.40625,72.96875,55.1875,51.8125,33.3125,3.5625,1.78125,1.78125,1.5,30.8125,15.84375,31.6875,13.84375,3.71875,2.65625,2.5,2.1875,1.5625,1.5,1.4375,1.375,13.28125,5.4375,17.125,6.25,3.25,2.375,3.65625,2.0625,19.5625,12.1875,14.84375,9.09375,272.53125,192.375,590.65625,16,2,5,0,5,5,1,0,0,0,0,5,0,0,193.04,193.04,265.0,0.091796875,0.5,0.40093505859375,0.506552734375,0.19625,0.08805419921875,0.0,0.00390625,0.0,0.0,66.89306640625,27.80126953125,60.637939453125,30.228759765625,87.0087890625,46.349609375,87.533935546875,54.791259765625,2.28125,0.53125,5.53271484375,1.395263671875,49.92138671875,15.459716796875,44.806396484375,17.822998046875,3.4140625,3.4140625,6.607177734375,5.31640625,13.5576171875,8.927490234375,9.224365234375,7.08935546875,52.21533203125,16.84521484375,49.1494140625,20.4580078125,6.5283203125,5.860595703125,7.227294921875,5.83544921875,8.1494140625,5.095458984375,4.26123046875,3.935302734375,126.40234375,140.13671875,645.869873046875,32,3,4,0,4,8,5,0,0,1,0,6,0,1,185.42,185.42,241.0,26.0,29.0,0,0,0,0,1,0,0,0,0,0,0,0,0,0,0,1,0,0,0,0,1,0,0,0
Red,False,0.015625,0.0,0.45,0.4275,0.25,0.2,0.148468017578125,0.098388671875,0.0,0.0,66.5,29.6875,64.31230545043945,27.34375,89.75,48.0,85.53125,44.41152191162109,2.0,0.75,2.0546875,0.75,51.1875,18.3359375,49.6123046875,16.280410766601562,7.5,5.07647705078125,7.5,5.0,4.5,3.625,4.984375,3.9375,48.6875,17.0,47.11572265625,16.5,5.75,3.75,5.3125,3.4375,5.0625,3.5,3.875,2.5,99.2119140625,94.125,638.5,0,0,0,0,0,0,0,0,0,0,0,0,0,0,175.26,175.26,185.0,0.0,0.0,0.6,0.33,1.0,0.0,2.0,1.0,0.0,0.0,10.0,6.0,3.0,1.0,25.0,21.0,47.0,44.0,2.0,2.0,1.0,0.0,8.0,4.0,3.0,1.0,1.0,1.0,0.0,0.0,1.0,1.0,0.0,0.0,2.0,2.0,3.0,1.0,0.0,0.0,0.0,0.0,8.0,4.0,0.0,0.0,331.0,4.0,374.0,2,0,0,1,0,0,1,0,0,0,0,0,0,0,182.88,182.88,185.0,29.0,29.0,0,0,0,0,0,0,0,1,0,0,0,0,0,0,0,1,0,0,0,0,1,0,0,0
Red,False,0.0,0.0,0.625,0.29625,0.44,0.06875,0.0,0.25,0.0,0.0,36.625,22.5,29.375,14.125,108.5,88.75,71.75,56.125,11.375,3.5,3.625,0.625,28.5,15.875,20.125,5.125,3.75,2.75,1.875,1.625,4.375,3.875,7.375,7.375,17.75,6.625,19.625,5.75,5.75,5.0,7.25,6.875,13.125,10.875,2.5,1.5,381.5,202.0,812.5,12,1,1,0,2,3,1,0,0,0,2,1,0,0,182.88,187.96,205.0,0.5,0.25,0.48,0.2025,0.125,0.03125,0.25,0.125,0.0,0.125,40.5,18.125,32.375,11.0,41.375,19.0,36.625,15.25,0.25,0.125,1.125,0.25,25.0,7.375,24.75,5.375,0.25,0.25,0.625,0.625,15.25,10.5,7.0,5.0,36.875,15.375,27.5,7.875,3.625,2.75,1.375,0.625,0.0,0.0,3.5,2.5,5.375,56.125,307.5,8,0,1,0,1,2,2,0,0,0,0,1,1,0,190.5,195.58,240.0,32.0,24.0,0,0,0,0,1,0,0,0,0,0,0,0,0,0,0,1,0,0,0,0,1,0,0,0
Red,False,0.015625,0.0,0.45,0.4275,0.25,0.2,0.148468017578125,0.098388671875,0.0,0.0,66.5,29.6875,64.31230545043945,27.34375,89.75,48.0,85.53125,44.41152191162109,2.0,0.75,2.0546875,0.75,51.1875,18.3359375,49.6123046875,16.280410766601562,7.5,5.07647705078125,7.5,5.0,4.5,3.625,4.984375,3.9375,48.6875,17.0,47.11572265625,16.5,5.75,3.75,5.3125,3.4375,5.0625,3.5,3.875,2.5,99.2119140625,94.125,638.5,0,0,0,0,0,0,0,0,0,0,0,0,0,0,177.8,177.8,170.0,0.0471682548522949,0.0,0.45,0.4217682266235352,0.25,0.19173828125,0.1875,0.125,0.0,0.0,69.5,30.5,66.984375,27.8466796875,94.0,48.544921875,88.50390625,44.75,2.0,0.8125,2.015625,0.6640625,54.0,19.01513671875,51.483436584472656,16.9437255859375,7.91796875,5.430633544921875,7.75,5.0625,4.780975341796875,3.9373779296875,4.8994140625,3.84375,51.025390625,18.400863647460938,50.515625,17.5,5.75,3.75,5.5,3.5,5.375,3.6875,4.0,2.65625,104.865234375,89.5,655.8441009521484,0,0,0,0,0,0,0,0,0,0,0,0,0,0,185.42,193.04,185.0,21.0,20.0,0,0,0,0,0,0,0,0,0,1,0,0,0,0,0,1,0,0,0,0,0,0,1,0
Red,False,0.015625,0.0,0.45,0.4275,0.25,0.2,0.148468017578125,0.098388671875,0.0,0.0,66.5,29.6875,64.31230545043945,27.34375,89.75,48.0,85.53125,44.41152191162109,2.0,0.75,2.0546875,0.75,51.1875,18.3359375,49.6123046875,16.280410766601562,7.5,5.07647705078125,7.5,5.0,4.5,3.625,4.984375,3.9375,48.6875,17.0,47.11572265625,16.5,5.75,3.75,5.3125,3.4375,5.0625,3.5,3.875,2.5,99.2119140625,94.125,638.5,0,0,0,0,0,0,0,0,0,0,0,0,0,0,185.42,185.42,185.0,1.0,0.0,0.42,0.42,0.0,0.0,0.0,0.0,0.0,0.0,38.0,16.0,14.0,6.0,38.0,16.0,14.0,6.0,0.0,0.0,0.0,0.0,34.0,13.0,5.0,0.0,1.0,1.0,8.0,5.0,3.0,2.0,1.0,1.0,38.0,16.0,12.0,4.0,0.0,0.0,2.0,2.0,0.0,0.0,0.0,0.0,2.0,0.0,160.0,1,0,1,0,1,1,0,0,0,0,0,1,0,0,185.42,193.04,185.0,21.0,28.0,0,0,0,0,0,1,0,0,0,0,0,0,0,0,0,1,0,0,0,0,0,0,1,0
Red,False,0.0,0.0,0.8,1.0,0.5,0.0,0.0,0.0,0.0,0.0,20.0,16.0,2.0,2.0,24.0,19.0,12.0,12.0,2.0,1.0,0.0,0.0,19.0,15.0,0.0,0.0,0.0,0.0,2.0,2.0,1.0,1.0,0.0,0.0,1.0,1.0,1.0,1.0,0.0,0.0,1.0,1.0,19.0,15.0,0.0,0.0,212.0,0.0,235.0,1,0,1,0,1,1,0,0,0,0,0,1,0,0,182.88,193.04,185.0,0.0471682548522949,0.0,0.45,0.4217682266235352,0.25,0.19173828125,0.1875,0.125,0.0,0.0,69.5,30.5,66.984375,27.8466796875,94.0,48.544921875,88.50390625,44.75,2.0,0.8125,2.015625,0.6640625,54.0,19.01513671875,51.483436584472656,16.9437255859375,7.91796875,5.430633544921875,7.75,5.0625,4.780975341796875,3.9373779296875,4.8994140625,3.84375,51.025390625,18.400863647460938,50.515625,17.5,5.75,3.75,5.5,3.5,5.375,3.6875,4.0,2.65625,104.865234375,89.5,655.8441009521484,0,0,0,0,0,0,0,0,0,0,0,0,0,0,185.42,185.42,185.0,23.0,31.0,0,0,0,0,0,0,0,1,0,0,0,0,0,0,0,1,0,0,0,0,1,0,0,0
Red,True,0.0,0.0,0.385,0.425,0.1,0.25,0.0,0.75,0.0,0.0,31.25,11.25,15.0,8.25,37.25,16.75,22.75,15.0,2.0,0.5,3.75,0.25,29.75,10.0,10.25,3.5,0.75,0.75,1.25,1.25,0.75,0.5,3.5,3.5,19.75,5.0,9.5,3.75,0.75,0.5,2.25,2.0,10.75,5.75,3.25,2.5,154.75,77.5,363.0,4,0,0,1,2,2,1,0,0,0,0,2,0,0,208.28,208.28,265.0,0.5,0.0,0.56,0.55,0.0,0.0,0.0,0.5,0.0,0.0,119.5,75.0,37.5,16.5,130.0,85.0,39.0,18.0,0.0,0.0,1.5,0.0,104.5,62.5,33.5,12.5,9.0,7.0,2.5,2.5,6.0,5.5,1.5,1.5,86.5,49.0,35.5,15.0,29.5,23.5,2.0,1.5,3.5,2.5,0.0,0.0,40.5,0.0,296.0,3,1,2,0,2,2,0,0,0,0,0,2,0,0,203.2,203.2,265.0,26.0,27.0,0,0,0,0,1,0,0,0,0,0,0,0,0,0,0,1,0,0,0,0,1,0,0,0
Red,False,0.015625,0.0,0.45,0.4275,0.25,0.2,0.148468017578125,0.098388671875,0.0,0.0,66.5,29.6875,64.31230545043945,27.34375,89.75,48.0,85.53125,44.41152191162109,2.0,0.75,2.0546875,0.75,51.1875,18.3359375,49.6123046875,16.280410766601562,7.5,5.07647705078125,7.5,5.0,4.5,3.625,4.984375,3.9375,48.6875,17.0,47.11572265625,16.5,5.75,3.75,5.3125,3.4375,5.0625,3.5,3.875,2.5,99.2119140625,94.125,638.5,0,0,0,0,0,0,0,0,0,0,0,0,0,0,175.26,175.26,155.0,0.0471682548522949,0.0,0.45,0.4217682266235352,0.25,0.19173828125,0.1875,0.125,0.0,0.0,69.5,30.5,66.984375,27.8466796875,94.0,48.544921875,88.50390625,44.75,2.0,0.8125,2.015625,0.6640625,54.0,19.01513671875,51.483436584472656,16.9437255859375,7.91796875,5.430633544921875,7.75,5.0625,4.780975341796875,3.9373779296875,4.8994140625,3.84375,51.025390625,18.400863647460938,50.515625,17.5,5.75,3.75,5.5,3.5,5.375,3.6875,4.0,2.65625,104.865234375,89.5,655.8441009521484,0,0,0,0,0,0,0,0,0,0,0,0,0,0,177.8,180.34,155.0,24.0,25.0,0,0,0,0,0,0,1,0,0,0,0,0,0,0,0,1,0,0,0,0,1,0,0,0
Red,True,0.015625,0.03125,0.652470703125,0.30421875,0.6786132812500001,0.04,0.5625,0.0205078125,0.0,0.0078125,94.1044921875,58.98046875,36.4052734375,11.611328125,190.40234375,151.2470703125,83.8505859375,55.587890625,5.19921875,3.146484375,2.0166015625,0.25,76.57421875,41.6005859375,30.0654296875,6.716796875,6.4599609375,6.3095703125,3.3359375,2.34375,11.0703125,11.0703125,3.00390625,2.55078125,30.259765625,13.767578125,24.8994140625,5.212890625,30.5234375,24.146484375,11.46484375,6.357421875,33.3212890625,21.06640625,0.041015625,0.041015625,686.9765625,18.3046875,893.8486328125,25,8,1,0,6,9,2,0,0,0,2,5,1,1,190.5,187.96,205.0,0.0,0.03125,0.5801953125,0.4304687499999999,0.76625,0.278125,0.529296875,0.390625,0.25,0.5,73.65234375,40.470703125,64.88671875,28.703125,97.962890625,63.4765625,97.861328125,60.677734375,4.953125,3.703125,1.84765625,1.09375,65.138671875,32.97265625,53.91796875,19.40625,4.466796875,3.544921875,3.640625,2.7578125,4.046875,3.953125,7.328125,6.5390625,39.62890625,17.7578125,33.55078125,9.32421875,10.9140625,8.9296875,11.203125,7.71484375,23.109375,13.783203125,20.1328125,11.6640625,327.703125,259.109375,919.970703125,27,8,7,0,7,8,2,0,1,0,1,5,1,0,185.42,190.5,205.0,28.0,40.0,0,0,0,0,0,1,0,0,0,0,0,0,0,0,0,1,0,0,0,0,1,0,0,0
Red,False,0.0,1.0,0.48,0.34,0.5,0.5,0.0,0.0,0.0,0.0,125.0,60.0,70.0,24.0,176.0,107.0,125.0,78.0,2.0,1.0,4.0,2.0,105.0,46.0,67.0,21.0,18.0,12.0,1.0,1.0,2.0,2.0,2.0,2.0,56.0,22.0,38.0,10.0,34.0,14.0,26.0,11.0,35.0,24.0,6.0,3.0,284.0,294.0,900.0,3,0,1,0,1,1,0,0,0,0,1,0,0,0,177.8,177.8,170.0,0.0471682548522949,0.0,0.45,0.4217682266235352,0.25,0.19173828125,0.1875,0.125,0.0,0.0,69.5,30.5,66.984375,27.8466796875,94.0,48.544921875,88.50390625,44.75,2.0,0.8125,2.015625,0.6640625,54.0,19.01513671875,51.483436584472656,16.9437255859375,7.91796875,5.430633544921875,7.75,5.0625,4.780975341796875,3.9373779296875,4.8994140625,3.84375,51.025390625,18.400863647460938,50.515625,17.5,5.75,3.75,5.5,3.5,5.375,3.6875,4.0,2.65625,104.865234375,89.5,655.8441009521484,0,0,0,0,0,0,0,0,0,0,0,0,0,0,177.8,182.88,170.0,34.0,21.0,0,0,0,0,0,0,0,0,0,1,0,0,0,0,0,1,0,0,0,0,1,0,0,0
Red,False,0.0,0.0625,0.58375,0.620625,0.506875,0.6225,0.625,1.15625,1.25,0.0,70.25,44.9375,60.25,39.9375,111.28125,83.1875,99.84375,77.75,5.15625,3.53125,5.6875,3.4375,37.875,17.875,45.90625,27.0,10.03125,7.875,11.96875,11.0625,22.34375,19.1875,2.375,1.875,37.15625,20.34375,28.1875,14.8125,11.09375,9.71875,14.15625,10.71875,22.0,14.875,17.90625,14.40625,418.0,303.25,1138.4375,18,2,0,1,2,3,3,0,0,0,2,1,0,0,170.18,177.8,155.0,1.0,0.0,0.5,0.32,0.18,0.57,9.0,0.0,0.0,0.0,54.0,27.0,89.0,29.0,125.0,97.0,148.0,77.0,11.0,2.0,7.0,4.0,47.0,20.0,78.0,22.0,4.0,4.0,4.0,2.0,3.0,3.0,7.0,5.0,43.0,20.0,61.0,16.0,10.0,7.0,6.0,1.0,1.0,0.0,22.0,12.0,43.0,441.0,900.0,3,0,1,0,1,1,0,0,0,0,1,0,0,0,167.64,180.34,155.0,28.0,29.0,0,0,0,0,0,0,1,0,0,0,0,0,0,0,0,0,0,1,0,0,1,0,0,0
Red,False,0.015625,0.0,0.45,0.4275,0.25,0.2,0.148468017578125,0.098388671875,0.0,0.0,66.5,29.6875,64.31230545043945,27.34375,89.75,48.0,85.53125,44.41152191162109,2.0,0.75,2.0546875,0.75,51.1875,18.3359375,49.6123046875,16.280410766601562,7.5,5.07647705078125,7.5,5.0,4.5,3.625,4.984375,3.9375,48.6875,17.0,47.11572265625,16.5,5.75,3.75,5.3125,3.4375,5.0625,3.5,3.875,2.5,99.2119140625,94.125,638.5,0,0,0,0,0,0,0,0,0,0,0,0,0,0,208.28,208.28,260.0,0.0,0.0,0.285,0.355,0.05,0.125,2.0,0.0,0.0,0.25,4.625,2.375,13.875,9.125,5.125,2.75,20.875,16.125,2.25,0.25,0.125,0.125,2.5,0.5,12.375,7.625,1.125,0.875,1.25,1.25,1.0,1.0,0.25,0.25,4.125,1.875,3.875,0.875,0.5,0.5,2.75,2.75,0.0,0.0,7.25,5.5,8.625,65.625,105.625,4,0,2,0,2,3,1,0,0,0,0,0,3,0,190.5,200.66,264.0,23.0,24.0,0,0,0,0,1,0,0,0,0,0,0,0,0,0,0,1,0,0,0,0,0,0,1,0
Red,False,0.0,0.15625,0.46046875,0.5225,0.406875,0.375,1.125,0.3125,0.65625,0.3125,68.609375,32.453125,61.109375,33.328125,181.453125,134.546875,90.25,61.6875,9.546875,3.765625,1.8125,0.75,57.9375,22.96875,37.75,11.25,6.234375,5.515625,17.78125,17.5,4.4375,3.96875,5.578125,4.578125,28.71875,5.296875,27.859375,10.390625,16.8125,10.5625,20.515625,13.109375,23.078125,16.59375,12.734375,9.828125,506.15625,61.6875,817.796875,17,1,4,0,4,6,1,0,1,0,2,2,0,0,182.88,187.96,185.0,0.0471682548522949,0.0,0.45,0.4217682266235352,0.25,0.19173828125,0.1875,0.125,0.0,0.0,69.5,30.5,66.984375,27.8466796875,94.0,48.544921875,88.50390625,44.75,2.0,0.8125,2.015625,0.6640625,54.0,19.01513671875,51.483436584472656,16.9437255859375,7.91796875,5.430633544921875,7.75,5.0625,4.780975341796875,3.9373779296875,4.8994140625,3.84375,51.025390625,18.400863647460938,50.515625,17.5,5.75,3.75,5.5,3.5,5.375,3.6875,4.0,2.65625,104.865234375,89.5,655.8441009521484,0,0,0,0,0,0,0,0,0,0,0,0,0,0,177.8,177.8,185.0,33.0,28.0,0,0,0,0,0,0,0,1,0,0,0,0,0,0,0,0,0,1,0,0,1,0,0,0
Red,False,0.0,0.75,0.2925,0.37,0.0,0.125,0.25,0.0,0.0,0.0,29.0,9.75,34.75,11.75,32.0,12.75,53.5,28.75,0.5,0.0,1.5,0.75,26.0,8.25,33.0,10.0,0.75,0.25,0.75,0.75,2.25,1.25,1.0,1.0,22.5,8.0,23.5,5.75,6.25,1.75,4.0,1.25,0.25,0.0,7.25,4.75,0.0,0.0,305.5,3,0,0,1,1,1,2,0,0,0,0,0,1,0,187.96,187.96,233.0,0.18359375,0.0,0.3718701171875,0.5131054687500001,0.0625,0.1761083984375,0.0,0.0078125,0.0,0.0,42.7861328125,15.6025390625,54.27587890625,26.45751953125,53.017578125,25.69921875,98.06787109375,67.58251953125,1.5625,0.0625,11.0654296875,2.79052734375,32.8427734375,6.91943359375,40.61279296875,16.64599609375,0.828125,0.828125,2.21435546875,1.6328125,9.115234375,7.85498046875,11.44873046875,8.1787109375,40.4306640625,13.6904296875,43.298828125,16.916015625,2.056640625,1.72119140625,3.45458984375,2.6708984375,0.298828125,0.19091796875,7.5224609375,6.87060546875,47.8046875,257.2734375,727.73974609375,30,3,4,0,4,7,5,0,0,1,0,6,0,0,185.42,185.42,241.0,38.0,29.0,0,0,0,0,1,0,0,0,0,0,0,0,0,0,0,1,0,0,0,0,1,0,0,0
Red,True,0.84375,0.0,0.41703125,0.4839453125,0.00390625,0.200078125,0.0,0.01171875,0.00390625,0.0,61.9296875,25.765625,30.55859375,14.38671875,66.55859375,30.12890625,32.5625,16.140625,0.0078125,0.0078125,3.6484375,0.90625,44.671875,11.35546875,21.34375,6.67578125,3.21484375,1.9453125,0.98828125,0.359375,14.04296875,12.46484375,8.2265625,7.3515625,53.37109375,18.16015625,28.03125,12.6875,5.4140625,4.8671875,1.0859375,0.8828125,3.14453125,2.73828125,1.44140625,0.81640625,64.328125,37.359375,505.1953125,17,0,1,0,7,8,1,0,0,0,5,2,0,1,187.96,193.04,205.0,0.0,0.0625,0.640390625,0.4909374999999999,0.7324999999999999,0.55625,0.05859375,0.78125,0.5,0.0,60.3046875,34.94140625,70.7734375,35.40625,96.92578125,70.953125,123.72265625,86.35546875,4.90625,3.40625,2.6953125,2.1875,51.27734375,26.9453125,60.8359375,27.8125,4.93359375,4.08984375,7.28125,5.515625,4.09375,3.90625,2.65625,2.078125,20.2578125,8.515625,23.1015625,6.6484375,8.828125,6.859375,7.40625,5.4296875,31.21875,19.56640625,40.265625,23.328125,453.40625,394.21875,1080.94140625,24,7,7,0,7,7,2,0,1,0,1,4,1,0,185.42,190.5,205.0,33.0,39.0,0,0,0,0,0,1,0,0,0,0,0,0,0,0,0,1,0,0,0,0,1,0,0,0
Red,False,0.03521728515625,0.5,0.3137615966796875,0.2819024658203125,0.17646240234375,0.0569970703125,0.00848388671875,1.097900390625,0.125,0.0,19.453094482421875,6.993743896484375,10.80084228515625,7.303253173828125,29.522186279296875,15.192718505859377,20.3536376953125,16.007080078125,0.779144287109375,0.442169189453125,1.45477294921875,0.140869140625,19.4173583984375,6.9599609375,6.801300048828125,3.556884765625,0.035736083984375,0.033782958984375,0.145782470703125,0.142608642578125,0.0,0.0,3.853759765625,3.603759765625,9.4017333984375,2.200836181640625,6.774139404296875,4.96014404296875,4.1077880859375,1.3895263671875,2.088226318359375,1.265960693359375,5.943572998046875,3.40338134765625,1.9384765625,1.0771484375,19.0,0.0,225.63766479492188,18,3,2,0,2,8,8,0,0,0,1,5,2,0,182.88,182.88,265.0,0.0,0.0,0.525,0.52875,0.325,0.125,1.0,0.375,0.5,0.125,27.5,10.0,45.375,28.0,40.25,20.125,114.125,85.5,3.375,1.125,1.375,0.125,26.75,9.5,35.75,20.375,0.375,0.375,1.75,1.5,0.375,0.125,7.875,6.125,17.25,3.125,25.625,16.0,0.625,0.375,4.75,3.5,9.625,6.5,15.0,8.5,0.0,0.0,655.0,5,0,0,2,1,1,3,0,0,0,0,1,0,0,190.5,190.5,235.0,29.0,35.0,0,0,0,0,1,0,0,0,0,0,0,0,0,0,0,0,0,0,1,0,1,0,0,0
Red,False,0.015625,0.0,0.45,0.4275,0.25,0.2,0.148468017578125,0.098388671875,0.0,0.0,66.5,29.6875,64.31230545043945,27.34375,89.75,48.0,85.53125,44.41152191162109,2.0,0.75,2.0546875,0.75,51.1875,18.3359375,49.6123046875,16.280410766601562,7.5,5.07647705078125,7.5,5.0,4.5,3.625,4.984375,3.9375,48.6875,17.0,47.11572265625,16.5,5.75,3.75,5.3125,3.4375,5.0625,3.5,3.875,2.5,99.2119140625,94.125,638.5,0,0,0,0,0,0,0,0,0,0,0,0,0,0,170.18,170.18,155.0,0.5,0.0,0.5800000000000001,0.4137499999999999,0.125,0.21875,0.625,0.5,0.25,0.375,54.875,29.75,39.875,19.25,76.125,48.125,63.25,39.5,0.125,0.125,6.25,1.75,40.875,16.375,29.375,10.125,7.5,6.875,5.0,4.25,6.5,6.5,5.5,4.875,33.125,15.625,26.75,8.875,14.125,10.625,7.0,6.25,7.625,3.5,6.125,4.125,152.375,218.125,668.25,10,0,0,2,2,2,2,0,0,0,0,1,1,0,175.26,185.42,155.0,35.0,26.0,0,0,0,0,0,0,1,0,0,0,0,0,0,0,0,1,0,0,0,0,0,0,1,0
Red,False,0.015625,0.0,0.45,0.4275,0.25,0.2,0.148468017578125,0.098388671875,0.0,0.0,66.5,29.6875,64.31230545043945,27.34375,89.75,48.0,85.53125,44.41152191162109,2.0,0.75,2.0546875,0.75,51.1875,18.3359375,49.6123046875,16.280410766601562,7.5,5.07647705078125,7.5,5.0,4.5,3.625,4.984375,3.9375,48.6875,17.0,47.11572265625,16.5,5.75,3.75,5.3125,3.4375,5.0625,3.5,3.875,2.5,99.2119140625,94.125,638.5,0,0,0,0,0,0,0,0,0,0,0,0,0,0,175.26,185.42,185.0,0.28125,0.5,0.42515625,0.5890625,0.53125,0.0625,0.375,0.0625,0.0,0.125,26.953125,13.0,42.609375,24.078125,31.015625,16.5625,53.921875,34.765625,2.34375,1.78125,0.09375,0.0625,21.890625,8.9375,21.71875,5.4375,0.5625,0.0625,3.765625,2.765625,4.5,4.0,17.125,15.875,21.203125,8.90625,27.546875,10.5,2.578125,2.109375,10.8125,9.953125,3.171875,1.984375,4.25,3.625,63.0,107.0,525.875,9,0,3,0,3,5,2,0,0,0,0,4,1,0,182.88,187.96,185.0,31.0,26.0,0,0,0,0,0,1,0,0,0,0,0,0,0,0,0,1,0,0,0,0,0,0,1,0
Red,False,1.0,0.0,0.4625,0.4275,0.4375,0.0825,0.0,0.25,0.0,0.0,56.5,25.5,48.75,20.0,65.0,34.0,63.0,33.75,2.25,1.75,1.5,0.25,49.5,19.5,29.25,5.0,5.75,5.25,8.0,7.0,1.25,0.75,11.5,8.0,31.5,11.25,31.75,11.25,16.0,9.5,17.0,8.75,9.0,4.75,0.0,0.0,98.75,28.0,351.25,6,0,3,0,3,3,0,0,0,0,1,2,0,0,180.34,187.96,170.0,0.0,0.0,0.55,0.2,0.0,1.0,0.5,0.5,0.0,0.0,3.5,2.0,2.5,1.0,5.5,4.0,8.0,6.5,0.0,0.0,1.0,1.0,2.0,0.5,2.5,1.0,1.0,1.0,0.0,0.0,0.5,0.5,0.0,0.0,3.0,1.5,0.5,0.5,0.5,0.5,0.0,0.0,0.0,0.0,2.0,0.5,2.5,100.5,125.0,2,0,1,0,1,1,1,0,0,0,0,0,1,0,175.26,175.26,170.0,21.0,32.0,0,0,0,0,0,0,0,0,0,1,0,0,0,0,0,0,0,1,0,0,1,0,0,0
Red,False,0.0,0.0,0.65859375,0.6296875,0.3625,0.160625,0.578125,1.0,0.0,0.0,55.140625,38.984375,14.21875,9.21875,88.8125,71.5,34.984375,29.328125,2.5625,1.5625,0.453125,0.328125,39.78125,26.03125,7.015625,2.515625,12.859375,11.484375,3.640625,3.640625,2.5,1.46875,3.5625,3.0625,6.375,4.140625,6.546875,3.359375,7.953125,6.03125,4.671875,3.390625,40.8125,28.8125,3.0,2.46875,448.15625,41.1875,547.421875,10,1,3,0,3,6,1,0,0,0,1,2,2,1,182.88,187.96,185.0,0.0471682548522949,0.0,0.45,0.4217682266235352,0.25,0.19173828125,0.1875,0.125,0.0,0.0,69.5,30.5,66.984375,27.8466796875,94.0,48.544921875,88.50390625,44.75,2.0,0.8125,2.015625,0.6640625,54.0,19.01513671875,51.483436584472656,16.9437255859375,7.91796875,5.430633544921875,7.75,5.0625,4.780975341796875,3.9373779296875,4.8994140625,3.84375,51.025390625,18.400863647460938,50.515625,17.5,5.75,3.75,5.5,3.5,5.375,3.6875,4.0,2.65625,104.865234375,89.5,655.8441009521484,0,0,0,0,0,0,0,0,0,0,0,0,0,0,185.42,193.04,185.0,32.0,28.0,0,0,0,0,0,1,0,0,0,0,0,0,0,0,0,1,0,0,0,0,0,0,1,0
Red,False,0.015625,0.0,0.45,0.4275,0.25,0.2,0.148468017578125,0.098388671875,0.0,0.0,66.5,29.6875,64.31230545043945,27.34375,89.75,48.0,85.53125,44.41152191162109,2.0,0.75,2.0546875,0.75,51.1875,18.3359375,49.6123046875,16.280410766601562,7.5,5.07647705078125,7.5,5.0,4.5,3.625,4.984375,3.9375,48.6875,17.0,47.11572265625,16.5,5.75,3.75,5.3125,3.4375,5.0625,3.5,3.875,2.5,99.2119140625,94.125,638.5,0,0,0,0,0,0,0,0,0,0,0,0,0,0,170.18,170.18,155.0,0.0471682548522949,0.0,0.45,0.4217682266235352,0.25,0.19173828125,0.1875,0.125,0.0,0.0,69.5,30.5,66.984375,27.8466796875,94.0,48.544921875,88.50390625,44.75,2.0,0.8125,2.015625,0.6640625,54.0,19.01513671875,51.483436584472656,16.9437255859375,7.91796875,5.430633544921875,7.75,5.0625,4.780975341796875,3.9373779296875,4.8994140625,3.84375,51.025390625,18.400863647460938,50.515625,17.5,5.75,3.75,5.5,3.5,5.375,3.6875,4.0,2.65625,104.865234375,89.5,655.8441009521484,0,0,0,0,0,0,0,0,0,0,0,0,0,0,167.64,180.34,155.0,23.0,28.0,0,0,0,0,0,0,1,0,0,0,0,0,0,0,0,1,0,0,0,0,1,0,0,0
Red,False,1.0,0.0,0.635,0.235,0.0,0.5,1.5,0.5,0.5,0.5,18.5,11.5,11.0,5.0,31.5,21.5,17.0,10.0,0.0,0.0,1.0,1.0,18.5,11.5,9.0,3.0,0.0,0.0,2.0,2.0,0.0,0.0,0.0,0.0,4.0,2.0,0.5,0.0,0.0,0.0,0.0,0.0,14.5,9.5,10.5,5.0,82.0,196.5,300.0,3,0,1,0,1,1,1,0,0,0,0,1,0,0,187.96,187.96,185.0,0.0471682548522949,0.0,0.45,0.4217682266235352,0.25,0.19173828125,0.1875,0.125,0.0,0.0,69.5,30.5,66.984375,27.8466796875,94.0,48.544921875,88.50390625,44.75,2.0,0.8125,2.015625,0.6640625,54.0,19.01513671875,51.483436584472656,16.9437255859375,7.91796875,5.430633544921875,7.75,5.0625,4.780975341796875,3.9373779296875,4.8994140625,3.84375,51.025390625,18.400863647460938,50.515625,17.5,5.75,3.75,5.5,3.5,5.375,3.6875,4.0,2.65625,104.865234375,89.5,655.8441009521484,0,0,0,0,0,0,0,0,0,0,0,0,0,0,182.88,193.04,185.0,35.0,23.0,0,0,0,0,0,0,0,1,0,0,0,0,0,0,0,0,0,1,0,0,1,0,0,0
Red,False,0.015625,0.0,0.45,0.4275,0.25,0.2,0.148468017578125,0.098388671875,0.0,0.0,66.5,29.6875,64.31230545043945,27.34375,89.75,48.0,85.53125,44.41152191162109,2.0,0.75,2.0546875,0.75,51.1875,18.3359375,49.6123046875,16.280410766601562,7.5,5.07647705078125,7.5,5.0,4.5,3.625,4.984375,3.9375,48.6875,17.0,47.11572265625,16.5,5.75,3.75,5.3125,3.4375,5.0625,3.5,3.875,2.5,99.2119140625,94.125,638.5,0,0,0,0,0,0,0,0,0,0,0,0,0,0,177.8,177.8,170.0,0.0471682548522949,0.0,0.45,0.4217682266235352,0.25,0.19173828125,0.1875,0.125,0.0,0.0,69.5,30.5,66.984375,27.8466796875,94.0,48.544921875,88.50390625,44.75,2.0,0.8125,2.015625,0.6640625,54.0,19.01513671875,51.483436584472656,16.9437255859375,7.91796875,5.430633544921875,7.75,5.0625,4.780975341796875,3.9373779296875,4.8994140625,3.84375,51.025390625,18.400863647460938,50.515625,17.5,5.75,3.75,5.5,3.5,5.375,3.6875,4.0,2.65625,104.865234375,89.5,655.8441009521484,0,0,0,0,0,0,0,0,0,0,0,0,0,0,177.8,177.8,170.0,25.0,33.0,0,0,0,0,0,0,0,0,0,1,0,0,0,0,0,1,0,0,0,0,1,0,0,0
Red,False,0.015625,0.0,0.45,0.4275,0.25,0.2,0.148468017578125,0.098388671875,0.0,0.0,66.5,29.6875,64.31230545043945,27.34375,89.75,48.0,85.53125,44.41152191162109,2.0,0.75,2.0546875,0.75,51.1875,18.3359375,49.6123046875,16.280410766601562,7.5,5.07647705078125,7.5,5.0,4.5,3.625,4.984375,3.9375,48.6875,17.0,47.11572265625,16.5,5.75,3.75,5.3125,3.4375,5.0625,3.5,3.875,2.5,99.2119140625,94.125,638.5,0,0,0,0,0,0,0,0,0,0,0,0,0,0,182.88,182.88,235.0,0.0,0.0,0.4,0.64,0.0,0.0,0.0,0.0,0.0,0.0,65.0,26.0,214.0,138.0,65.0,26.0,232.0,155.0,1.0,0.0,0.0,0.0,60.0,21.0,186.0,115.0,4.0,4.0,17.0,13.0,1.0,1.0,11.0,10.0,62.0,24.0,155.0,91.0,3.0,2.0,59.0,47.0,0.0,0.0,0.0,0.0,0.0,3.0,403.0,2,0,0,1,0,0,1,0,0,0,0,0,0,0,190.5,190.5,260.0,31.0,24.0,0,0,0,0,1,0,0,0,0,0,0,0,0,0,0,1,0,0,0,0,1,0,0,0
Red,True,0.0,0.0,0.7375,0.275,0.425,0.0,0.0,0.0,0.0,0.0,15.5,11.25,15.75,4.75,105.25,97.75,33.5,22.5,7.25,3.25,0.0,0.0,14.0,9.75,11.5,3.25,0.25,0.25,3.5,1.0,1.25,1.25,0.75,0.5,2.75,0.75,10.0,2.75,1.75,1.5,5.75,2.0,11.0,9.0,0.0,0.0,415.25,4.0,499.75,6,0,3,0,3,3,0,0,0,0,1,0,1,1,167.64,170.18,155.0,0.0,0.125,0.6910937500000001,0.42125,0.87890625,0.0,0.3125,0.359375,0.0,0.375,45.71875,32.015625,5.609375,2.140625,75.375,61.296875,10.015625,6.40625,3.84375,3.015625,0.25,0.0,37.859375,24.40625,5.328125,1.859375,6.859375,6.609375,0.15625,0.15625,1.0,1.0,0.125,0.125,7.265625,3.203125,4.59375,1.453125,0.578125,0.53125,0.46875,0.15625,37.875,28.28125,0.546875,0.53125,504.71875,18.8125,607.53125,16,4,2,0,4,6,1,0,0,0,1,3,0,2,175.26,185.42,170.0,29.0,29.0,0,0,0,0,0,0,0,0,0,1,0,0,0,0,0,1,0,0,0,0,0,0,0,1
Red,False,0.0,0.0,0.31,0.41,0.66,0.0,3.0,0.0,0.0,0.0,29.0,9.0,12.0,5.0,37.0,17.0,42.0,32.0,3.0,2.0,0.0,0.0,21.0,8.0,7.0,1.0,1.0,0.0,1.0,1.0,7.0,1.0,4.0,3.0,18.0,3.0,9.0,3.0,2.0,0.0,3.0,2.0,9.0,6.0,0.0,0.0,211.0,85.0,398.0,2,0,1,0,1,1,0,0,0,0,0,0,1,0,175.26,175.26,155.0,0.0471682548522949,0.0,0.45,0.4217682266235352,0.25,0.19173828125,0.1875,0.125,0.0,0.0,69.5,30.5,66.984375,27.8466796875,94.0,48.544921875,88.50390625,44.75,2.0,0.8125,2.015625,0.6640625,54.0,19.01513671875,51.483436584472656,16.9437255859375,7.91796875,5.430633544921875,7.75,5.0625,4.780975341796875,3.9373779296875,4.8994140625,3.84375,51.025390625,18.400863647460938,50.515625,17.5,5.75,3.75,5.5,3.5,5.375,3.6875,4.0,2.65625,104.865234375,89.5,655.8441009521484,0,0,0,0,0,0,0,0,0,0,0,0,0,0,177.8,177.8,170.0,25.0,24.0,0,0,0,0,0,0,1,0,0,0,0,0,0,0,0,1,0,0,0,0,1,0,0,0
Red,True,0.0,0.0,0.5375,0.49625,0.71125,0.79125,1.0,0.0625,0.125,0.5,62.1875,33.0,46.25,22.8125,132.9375,100.375,75.625,51.625,5.125,3.5625,3.5625,3.0,54.625,27.6875,40.375,17.6875,6.4375,4.3125,4.0,3.375,1.125,1.0,1.875,1.75,17.5625,4.875,16.25,5.5,5.5,3.75,7.3125,4.125,39.125,24.375,22.6875,13.1875,545.0625,306.75,992.3125,15,1,5,0,5,5,0,0,0,0,0,5,0,0,193.04,193.04,265.0,0.0,0.0,0.64,0.4,0.0,0.0,0.0,0.0,0.0,0.0,214.0,138.0,65.0,26.0,232.0,155.0,65.0,26.0,0.0,0.0,1.0,0.0,186.0,115.0,60.0,21.0,17.0,13.0,4.0,4.0,11.0,10.0,1.0,1.0,155.0,91.0,62.0,24.0,59.0,47.0,3.0,2.0,0.0,0.0,0.0,0.0,3.0,0.0,403.0,2,0,1,0,1,1,0,0,0,0,0,1,0,0,203.2,203.2,265.0,25.0,26.0,0,0,0,0,1,0,0,0,0,0,0,0,0,0,0,1,0,0,0,0,1,0,0,0
Red,False,0.0704345703125,1.0,0.427523193359375,0.5638049316406251,0.3529248046875,0.113994140625,0.0169677734375,0.19580078125,0.25,0.0,33.90618896484375,12.98748779296875,20.6016845703125,14.60650634765625,53.04437255859375,28.38543701171875,39.707275390625,32.01416015625,1.55828857421875,0.88433837890625,0.9095458984375,0.28173828125,33.834716796875,12.919921875,12.60260009765625,7.11376953125,0.07147216796875,0.06756591796875,0.29156494140625,0.28521728515625,0.0,0.0,7.70751953125,7.20751953125,14.803466796875,4.40167236328125,12.54827880859375,9.9202880859375,8.215576171875,2.779052734375,4.17645263671875,2.53192138671875,10.88714599609375,5.8067626953125,3.876953125,2.154296875,0.0,0.0,405.27532958984375,17,3,2,0,2,8,7,0,0,0,1,5,2,0,182.88,182.88,265.0,0.0,0.0,0.5700000000000001,0.51,0.1,0.25,2.0,0.0,0.0,0.5,8.25,4.75,22.75,17.25,9.25,5.5,35.75,30.25,2.5,0.5,0.25,0.25,4.0,1.0,19.75,14.25,2.25,1.75,2.5,2.5,2.0,2.0,0.5,0.5,7.25,3.75,3.75,1.75,1.0,1.0,5.5,5.5,0.0,0.0,13.5,10.0,17.25,93.25,165.25,3,0,2,0,2,2,1,0,0,0,0,0,2,0,190.5,200.66,264.0,29.0,23.0,0,0,0,0,1,0,0,0,0,0,0,0,0,0,0,0,0,0,1,0,0,0,1,0
Red,False,0.625,0.0,0.5862499999999999,0.39625,0.125,0.305,0.25,0.25,0.25,0.125,25.75,15.625,19.375,11.875,56.375,45.0,42.75,34.75,0.875,0.25,1.375,0.75,20.625,11.25,14.875,7.875,4.25,4.0,1.375,1.125,0.875,0.375,3.125,2.875,11.875,5.625,9.625,4.0,3.375,2.375,4.0,3.25,10.5,7.625,5.75,4.625,104.25,78.625,241.25,7,0,1,0,2,3,1,0,0,0,1,2,0,0,175.26,182.88,170.0,0.0,0.3125,0.4009375,0.4449999999999999,0.51375,0.25,0.25,0.625,0.3125,0.625,61.21875,24.90625,49.21875,22.65625,132.90625,89.09375,67.5,40.375,6.09375,3.53125,1.625,0.5,48.875,14.9375,31.5,7.5,4.46875,3.03125,6.5625,6.0,7.875,6.9375,11.15625,9.15625,30.4375,5.59375,35.71875,15.78125,14.625,10.125,7.03125,4.21875,16.15625,9.1875,6.46875,2.65625,400.3125,75.375,735.59375,14,1,4,0,4,5,1,0,1,0,1,2,0,0,182.88,187.96,185.0,26.0,32.0,0,0,0,0,0,0,0,1,0,0,0,0,0,0,0,1,0,0,0,0,0,0,1,0
Red,False,0.3671875,0.0,0.423740234375,0.3962109375,0.125,0.092216796875,0.0,0.015625,0.0,0.0,48.572265625,19.205078125,70.5517578125,28.9150390625,52.03515625,22.3984375,83.1357421875,41.1650390625,0.125,0.125,3.130859375,0.5810546875,34.685546875,7.8388671875,52.2255859375,16.2919921875,0.65625,0.65625,2.4287109375,2.265625,13.23046875,10.7099609375,15.8974609375,10.357421875,45.861328125,17.380859375,61.59765625,22.83203125,2.11328125,1.4423828125,3.9091796875,2.341796875,0.59765625,0.3818359375,5.044921875,3.7412109375,16.609375,80.546875,555.4794921875,27,3,4,0,4,7,4,0,0,1,0,6,0,0,185.42,185.42,241.0,0.0,0.0,0.62,0.2725,0.62,0.1375,0.0,0.5,0.0,0.0,35.25,21.0,21.75,16.25,104.0,83.5,89.5,83.25,3.75,2.0,4.25,1.25,28.0,14.75,9.25,4.25,5.5,4.5,2.75,2.25,1.75,1.75,9.75,9.75,10.5,2.25,4.25,1.5,8.5,7.0,12.5,11.75,16.25,11.75,5.0,3.0,329.0,325.0,725.0,9,1,1,0,1,2,1,0,0,0,1,1,0,0,182.88,187.96,205.0,28.0,32.0,0,0,0,0,1,0,0,0,0,0,0,0,0,0,0,1,0,0,0,0,1,0,0,0
Red,False,0.015625,0.0,0.45,0.4275,0.25,0.2,0.148468017578125,0.098388671875,0.0,0.0,66.5,29.6875,64.31230545043945,27.34375,89.75,48.0,85.53125,44.41152191162109,2.0,0.75,2.0546875,0.75,51.1875,18.3359375,49.6123046875,16.280410766601562,7.5,5.07647705078125,7.5,5.0,4.5,3.625,4.984375,3.9375,48.6875,17.0,47.11572265625,16.5,5.75,3.75,5.3125,3.4375,5.0625,3.5,3.875,2.5,99.2119140625,94.125,638.5,0,0,0,0,0,0,0,0,0,0,0,0,0,0,175.26,182.88,155.0,0.0,0.0,0.6300000000000001,0.3475,0.25,0.1875,0.25,1.0,0.5,0.75,13.75,8.5,15.75,7.5,23.25,17.25,31.5,20.0,0.25,0.25,4.5,1.5,8.75,3.75,10.75,3.25,2.0,1.75,2.0,1.5,3.0,3.0,3.0,2.75,7.25,4.25,8.5,2.75,4.25,3.25,2.0,1.5,2.25,1.0,5.25,3.25,92.75,229.25,489.5,7,0,0,2,1,1,2,0,0,0,0,1,0,0,175.26,185.42,155.0,26.0,26.0,0,0,0,0,0,0,1,0,0,0,0,0,0,0,0,0,0,1,0,0,0,0,1,0
Red,False,0.0,1.0,0.32,0.61,0.25,0.0,0.0,0.0,1.0,2.0,43.0,14.0,54.0,33.0,55.0,24.0,85.0,61.0,8.0,2.0,0.0,0.0,42.0,14.0,46.0,28.0,1.0,0.0,8.0,5.0,0.0,0.0,0.0,0.0,5.0,1.0,17.0,9.0,0.0,0.0,6.0,5.0,38.0,13.0,31.0,19.0,387.0,258.0,748.0,3,0,0,1,0,0,1,0,0,0,0,0,0,0,187.96,187.96,238.0,0.0,0.0,0.38,0.6,0.2,0.5,0.0,0.5,0.0,0.0,39.5,13.5,26.0,15.5,46.5,20.5,41.5,29.0,4.0,1.0,0.5,0.5,36.5,11.0,17.5,7.0,1.5,1.5,2.5,2.5,1.5,1.0,6.0,6.0,29.5,9.0,16.0,7.5,1.5,1.0,3.5,3.0,8.5,3.5,6.5,5.0,226.5,39.0,437.0,3,0,0,1,1,1,1,0,0,0,0,1,0,0,208.28,208.28,265.0,23.0,26.0,0,0,0,0,1,0,0,0,0,0,0,0,0,0,0,1,0,0,0,0,1,0,0,0
Red,False,0.0,0.25,0.2575,0.4525,0.1575,0.5825,2.0,0.0,0.25,0.5,31.75,6.875,32.125,19.375,45.875,20.375,63.5,49.25,12.375,1.375,0.875,0.75,26.5,3.5,19.0,7.25,1.875,1.75,6.875,6.25,3.375,1.625,6.25,5.875,21.25,2.5,14.875,7.5,7.5,2.875,13.25,10.0,3.0,1.5,4.0,1.875,262.0,91.0,718.375,10,0,0,1,2,2,2,0,1,0,0,0,1,0,167.64,172.72,170.0,0.0,0.25,0.425,0.6025,0.75,0.07,2.0,0.5,0.0,0.0,30.5,16.25,41.25,23.75,78.25,60.25,78.75,56.75,3.5,2.0,2.0,0.5,28.75,16.0,32.75,16.25,1.75,0.25,4.5,4.0,0.0,0.0,4.0,3.5,10.5,4.75,10.5,3.5,13.25,7.5,10.0,7.25,6.75,4.0,20.75,13.0,228.5,364.25,715.5,7,0,0,1,1,1,2,0,0,0,1,0,0,0,175.26,175.26,155.0,28.0,26.0,0,0,0,0,0,0,1,0,0,0,0,0,0,0,0,1,0,0,0,0,1,0,0,0
Red,False,0.0,0.0,0.26,0.605,0.0,0.5,0.0,1.0,0.0,0.0,35.0,12.5,31.5,17.0,40.5,18.0,112.0,93.5,0.0,0.0,5.0,2.5,25.0,6.0,22.5,11.5,8.0,5.0,5.5,3.5,2.0,1.5,3.5,2.0,26.5,8.0,18.5,8.0,8.5,4.5,6.5,4.0,0.0,0.0,6.5,5.0,63.5,311.5,488.0,4,0,0,2,0,0,2,0,0,0,0,0,0,0,177.8,177.8,170.0,1.0,0.0,0.475,0.355,0.875,0.165,0.0,0.5,0.0,0.0,102.0,46.0,83.5,33.0,119.0,63.0,112.0,60.5,4.5,3.5,3.0,0.5,88.0,34.0,54.5,10.0,11.5,10.5,15.0,13.0,2.5,1.5,14.0,10.0,54.0,18.5,49.5,15.5,32.0,19.0,34.0,17.5,16.0,8.5,0.0,0.0,195.5,56.0,613.5,5,0,2,0,2,2,0,0,0,0,1,1,0,0,180.34,187.96,170.0,25.0,20.0,0,0,0,0,0,0,0,0,0,1,0,0,0,0,0,1,0,0,0,0,0,0,1,0
Red,False,0.0,0.0,0.6,0.4,0.0,1.0,1.0,0.0,0.0,0.0,5.0,3.0,5.0,2.0,7.0,5.0,16.0,13.0,0.0,0.0,1.0,1.0,3.0,1.0,5.0,2.0,2.0,2.0,0.0,0.0,0.0,0.0,0.0,0.0,4.0,2.0,1.0,1.0,1.0,1.0,0.0,0.0,0.0,0.0,4.0,1.0,3.0,123.0,145.0,1,0,1,0,1,1,0,0,0,0,0,0,1,0,175.26,175.26,170.0,0.125,0.0,0.36875,0.60375,0.18625,0.6425000000000001,1.125,0.75,1.0,0.0,14.8125,5.0625,54.1875,36.25,27.5,17.0625,84.0625,65.8125,1.5,0.6875,4.1875,3.1875,12.75,3.0625,46.3125,28.875,1.125,1.125,6.875,6.375,0.9375,0.875,1.0,1.0,10.75,2.8125,11.875,3.3125,2.25,1.0625,2.625,2.0,1.8125,1.1875,39.6875,30.9375,83.125,555.0,811.0,12,4,1,0,1,2,3,0,0,0,0,0,2,0,175.26,175.26,170.0,31.0,26.0,0,0,0,0,0,0,0,0,0,1,0,0,0,0,0,1,0,0,0,0,1,0,0,0
Red,False,0.0,0.0,0.58375,0.5774999999999999,0.125,0.27,0.125,2.0,0.625,0.125,40.5,26.5,14.5,10.375,61.125,47.0,21.75,17.25,0.125,0.125,5.875,1.0,36.625,22.875,5.25,2.75,3.375,3.125,6.625,5.875,0.5,0.5,2.625,1.75,5.875,1.875,6.125,3.0,7.625,7.125,1.875,1.875,27.0,17.5,6.5,5.5,192.625,152.375,440.25,7,0,0,1,3,3,1,0,0,0,1,2,0,0,180.34,180.34,225.0,0.0,0.5,0.43,0.315,0.25,0.0625,0.5,0.25,0.0,0.25,55.0,22.25,53.75,21.0,56.75,24.0,62.25,29.5,0.5,0.25,2.25,0.5,31.0,7.75,39.5,10.75,0.5,0.5,1.25,1.25,23.5,14.0,13.0,9.0,51.75,20.75,45.0,14.75,3.25,1.5,1.75,1.25,0.0,0.0,7.0,5.0,7.75,112.25,537.0,7,0,1,0,1,1,2,0,0,0,0,0,1,0,190.5,195.58,240.0,36.0,23.0,0,0,0,0,1,0,0,0,0,0,0,0,0,0,0,1,0,0,0,0,1,0,0,0
Red,False,0.0,0.0,0.4975,0.3924999999999999,0.7,0.25,1.75,0.0,0.0,0.0,50.0,23.25,22.75,9.25,115.75,81.5,91.25,72.5,3.25,3.0,0.75,0.25,45.25,19.25,19.0,6.0,1.25,1.25,1.75,1.75,3.5,2.75,2.0,1.5,12.25,5.5,12.0,4.25,0.25,0.25,0.0,0.0,37.5,17.5,10.75,5.0,566.0,193.25,900.0,9,0,1,0,1,2,1,0,1,0,1,0,0,0,185.42,190.5,205.0,0.6875,0.0,0.4640625,0.4178906249999999,0.0078125,0.40015625,0.0,0.0234375,0.0078125,0.0,88.859375,38.53125,43.1171875,18.7734375,98.1171875,47.2578125,47.125,22.28125,0.015625,0.015625,5.296875,1.8125,56.34375,10.7109375,33.6875,11.3515625,4.4296875,2.890625,1.9765625,0.71875,28.0859375,24.9296875,7.453125,6.703125,72.7421875,24.3203125,38.0625,15.375,10.828125,9.734375,2.171875,1.765625,5.2890625,4.4765625,2.8828125,1.6328125,125.65625,74.71875,835.390625,16,0,1,0,6,7,1,0,0,0,5,1,0,1,187.96,193.04,205.0,27.0,32.0,0,0,0,0,0,1,0,0,0,0,0,0,0,0,0,1,0,0,0,0,1,0,0,0
Red,False,1.0,0.0,0.66,0.0,0.0,0.0,0.0,0.0,0.0,0.0,6.0,4.0,1.0,0.0,6.0,4.0,1.0,0.0,0.0,0.0,0.0,0.0,6.0,4.0,1.0,0.0,0.0,0.0,0.0,0.0,0.0,0.0,0.0,0.0,2.0,1.0,1.0,0.0,0.0,0.0,0.0,0.0,4.0,3.0,0.0,0.0,1.0,0.0,10.0,1,0,1,0,1,1,0,0,0,0,0,1,0,0,187.96,187.96,185.0,0.0,0.0,0.56,0.43,0.18,0.0,0.0,1.0,0.0,0.0,53.0,30.0,66.0,29.0,114.0,82.0,93.0,55.0,22.0,4.0,1.0,0.0,45.0,24.0,56.0,20.0,6.0,4.0,9.0,8.0,2.0,2.0,1.0,1.0,14.0,8.0,25.0,8.0,11.0,7.0,18.0,11.0,28.0,15.0,23.0,10.0,583.0,166.0,900.0,3,0,1,0,1,1,0,0,0,0,1,0,0,0,180.34,180.34,185.0,35.0,23.0,0,0,0,0,0,0,0,1,0,0,0,0,0,0,0,0,0,1,0,0,1,0,0,0
Red,True,0.0,0.0,0.435,0.45,0.6799999999999999,0.5,0.0,2.5,0.0,1.0,29.0,13.0,74.0,39.0,138.0,115.0,178.0,138.5,11.0,5.0,1.5,0.5,26.0,10.5,50.0,20.0,2.0,1.5,11.5,10.0,1.0,1.0,12.5,9.0,15.0,6.0,38.0,13.5,1.0,1.0,23.5,17.0,13.0,6.0,12.5,8.5,739.0,241.5,1200.0,8,1,0,1,1,1,1,0,0,0,1,0,0,0,175.26,175.26,170.0,0.0,0.25,0.7021875,0.3425,0.7578125,0.0,0.625,0.71875,0.0,0.75,59.4375,42.03125,9.21875,3.28125,104.75,86.59375,18.03125,11.8125,6.6875,5.03125,0.5,0.0,51.71875,34.8125,8.65625,2.71875,7.71875,7.21875,0.3125,0.3125,0.0,0.0,0.25,0.25,6.53125,2.40625,7.1875,1.90625,1.15625,1.0625,0.9375,0.3125,51.75,38.5625,1.09375,1.0625,765.4375,37.625,915.0625,15,3,2,0,3,5,1,0,0,0,1,3,0,1,175.26,185.42,170.0,37.0,29.0,0,0,0,0,0,0,0,0,0,1,0,0,0,0,0,0,0,1,0,0,0,0,0,1
Red,False,0.015625,0.0,0.45,0.4275,0.25,0.2,0.148468017578125,0.098388671875,0.0,0.0,66.5,29.6875,64.31230545043945,27.34375,89.75,48.0,85.53125,44.41152191162109,2.0,0.75,2.0546875,0.75,51.1875,18.3359375,49.6123046875,16.280410766601562,7.5,5.07647705078125,7.5,5.0,4.5,3.625,4.984375,3.9375,48.6875,17.0,47.11572265625,16.5,5.75,3.75,5.3125,3.4375,5.0625,3.5,3.875,2.5,99.2119140625,94.125,638.5,0,0,0,0,0,0,0,0,0,0,0,0,0,0,190.5,190.5,205.0,0.0,0.0,0.49,0.545,0.58,0.275,0.0,0.0,0.0,0.0,38.5,18.0,43.5,32.5,142.0,111.0,176.0,163.5,4.5,2.0,5.5,2.5,30.0,10.5,18.5,8.5,5.0,4.0,5.5,4.5,3.5,3.5,19.5,19.5,19.0,4.5,8.5,3.0,7.0,6.0,25.0,23.5,12.5,7.5,10.0,6.0,462.0,647.0,1200.0,8,1,1,0,1,1,1,0,0,0,1,0,0,0,182.88,187.96,205.0,24.0,31.0,0,0,0,0,1,0,0,0,0,0,0,0,0,0,0,1,0,0,0,0,1,0,0,0
Red,True,0.0,0.0,0.40046875,0.375625,0.71484375,0.0,0.8828125,0.0,0.0,0.375,44.1015625,17.625,22.5390625,5.390625,93.9140625,64.3984375,45.8828125,27.4375,1.0078125,0.71875,0.671875,0.0,40.6328125,14.53125,20.1875,3.8828125,3.3203125,2.9453125,0.2265625,0.1328125,0.1484375,0.1484375,2.125,1.375,20.3671875,2.546875,18.4375,3.1171875,0.6796875,0.5546875,1.3046875,0.3671875,23.0546875,14.5234375,2.796875,1.90625,0.0,0.0,796.4453125,12,0,2,0,2,5,3,0,0,0,0,1,4,0,185.42,182.88,205.0,0.03125,0.0625,0.72494140625,0.3384375,0.7572265625000001,0.08,0.125,0.041015625,0.0,0.015625,62.208984375,43.9609375,28.810546875,11.22265625,166.8046875,147.494140625,83.701171875,63.17578125,5.3984375,3.29296875,3.033203125,0.5,37.1484375,19.201171875,21.130859375,5.43359375,4.919921875,4.619140625,2.671875,1.6875,20.140625,20.140625,5.0078125,4.1015625,10.51953125,3.53515625,21.798828125,5.42578125,26.046875,24.29296875,6.9296875,5.71484375,25.642578125,16.1328125,0.08203125,0.08203125,746.953125,35.609375,887.697265625,22,7,1,0,5,8,2,0,0,0,2,4,1,1,190.5,187.96,205.0,38.0,27.0,0,0,0,0,0,1,0,0,0,0,0,0,0,0,0,1,0,0,0,0,1,0,0,0
Red,False,0.0,0.5,0.4,0.585,1.0,0.14,0.0,1.0,0.0,0.0,37.0,21.5,26.5,12.5,78.5,61.5,45.5,28.5,1.0,1.0,4.0,1.0,36.5,21.0,20.5,7.5,0.5,0.5,3.0,2.0,0.0,0.0,3.0,3.0,13.0,5.5,11.0,2.0,17.5,12.0,11.0,7.5,6.5,4.0,4.5,3.0,247.0,175.5,531.0,4,0,0,1,1,1,1,0,0,0,1,0,0,0,175.26,175.26,155.0,0.0,0.25,0.415,0.5925,0.3275,0.75,0.5,0.625,1.0,0.0,31.0,16.75,31.0,14.75,57.125,37.75,47.375,30.0,6.625,2.125,0.75,0.75,20.5,8.5,24.625,9.0,2.125,1.5,2.875,2.25,8.375,6.75,3.5,3.5,18.625,8.375,18.75,7.25,5.375,3.875,9.625,5.875,7.0,4.5,2.625,1.625,225.0,143.0,653.75,10,1,0,1,1,2,2,0,0,0,1,1,0,0,170.18,177.8,155.0,25.0,27.0,0,0,0,0,0,0,1,0,0,0,0,0,0,0,0,1,0,0,0,0,0,0,1,0
Red,False,0.734375,0.0,0.34748046875,0.502421875,0.25,0.18443359375,0.0,0.03125,0.0,0.0,69.14453125,24.41015625,83.103515625,40.830078125,76.0703125,30.796875,108.271484375,65.330078125,0.25,0.25,3.26171875,1.162109375,51.37109375,11.677734375,51.451171875,19.583984375,1.3125,1.3125,1.857421875,1.53125,16.4609375,11.419921875,29.794921875,19.71484375,63.72265625,20.76171875,66.1953125,28.6640625,4.2265625,2.884765625,6.818359375,4.68359375,1.1953125,0.763671875,10.08984375,7.482421875,33.21875,150.09375,810.958984375,26,3,4,0,4,7,3,0,0,1,0,6,0,0,185.42,185.42,241.0,0.0,0.0,0.47,0.7,0.4,1.0,0.0,1.0,0.0,0.0,21.0,10.0,24.0,17.0,35.0,24.0,55.0,44.0,5.0,2.0,1.0,1.0,20.0,9.0,17.0,10.0,0.0,0.0,5.0,5.0,1.0,1.0,2.0,2.0,2.0,1.0,4.0,1.0,2.0,2.0,7.0,6.0,17.0,7.0,13.0,10.0,442.0,78.0,574.0,2,0,0,1,0,0,1,0,0,0,0,0,0,0,208.28,208.28,265.0,28.0,25.0,0,0,0,0,1,0,0,0,0,0,0,0,0,0,0,1,0,0,0,0,1,0,0,0
Red,False,0.0,0.0,0.59,0.1,1.0,0.5,8.0,1.0,0.0,0.0,72.0,43.0,46.0,5.0,190.0,156.0,46.0,5.0,2.0,2.0,2.0,1.0,39.0,20.0,40.0,3.0,9.0,6.0,1.0,0.0,24.0,17.0,5.0,2.0,45.0,26.0,44.0,5.0,7.0,4.0,1.0,0.0,20.0,13.0,1.0,0.0,355.0,105.0,747.0,3,0,1,0,1,1,0,0,0,0,0,1,0,0,182.88,182.88,185.0,0.0,0.625,0.551875,0.4399999999999999,0.3675,0.5,0.5,1.25,0.625,0.25,59.4375,33.8125,28.4375,13.3125,120.8125,93.1875,46.0,30.75,3.1875,1.0625,1.25,1.0,39.75,15.875,26.0,11.0,6.9375,6.0625,2.125,2.0,12.75,11.875,0.3125,0.3125,17.875,5.1875,9.4375,4.5625,21.25,16.25,6.0625,3.4375,20.3125,12.375,12.9375,5.3125,322.625,114.75,571.1875,11,1,4,0,4,4,1,0,1,0,0,2,0,0,182.88,187.96,185.0,31.0,32.0,0,0,0,0,0,0,0,1,0,0,0,0,0,0,0,1,0,0,0,0,0,0,1,0
Red,True,0.0,0.125,0.78078125,0.501875,0.4649999999999999,0.3125,0.1171875,0.5625,0.0,0.0,42.609375,30.8828125,61.546875,31.8125,79.8515625,66.90625,75.4453125,44.7109375,4.8125,1.8125,0.390625,0.375,32.5546875,21.890625,49.671875,21.625,3.8671875,3.1796875,7.5625,7.03125,6.1875,5.8125,4.3125,3.15625,14.515625,8.03125,20.203125,6.296875,9.65625,8.71875,10.8125,8.859375,18.4375,14.1328125,30.53125,16.65625,376.8125,123.4375,777.8828125,19,6,7,0,7,7,1,0,1,0,1,4,1,0,185.42,190.5,205.0,0.0,0.0,0.595,0.4925,0.6225,0.5825,1.0,0.125,0.25,0.0,44.375,27.0,14.5,6.625,93.875,72.75,37.25,28.25,5.25,3.125,2.125,1.0,37.25,21.375,10.75,3.375,5.875,4.625,2.0,1.75,1.25,1.0,1.75,1.5,9.125,2.75,6.5,2.0,7.0,5.5,6.625,3.25,28.25,18.75,1.375,1.375,425.125,83.5,600.625,10,0,4,0,4,4,0,0,0,0,0,4,0,0,193.04,193.04,265.0,39.0,25.0,0,0,0,0,1,0,0,0,0,0,0,0,0,0,0,1,0,0,0,0,1,0,0,0
Red,False,1.0,0.0,0.6950000000000001,0.0,0.0,0.05,0.0,1.0,0.0,0.0,29.0,18.0,5.0,0.0,52.0,38.5,16.5,11.5,0.0,0.0,5.0,0.5,27.5,17.0,5.0,0.0,1.5,1.0,0.0,0.0,0.0,0.0,0.0,0.0,5.0,2.0,5.0,0.0,1.0,1.0,0.0,0.0,23.0,15.0,0.0,0.0,313.5,52.0,463.5,4,0,0,1,1,1,1,0,0,0,1,0,0,0,177.8,177.8,185.0,0.0,0.0,0.725,0.17,0.65,0.0,0.0,0.0,0.0,0.0,23.0,16.5,13.5,2.5,193.5,180.5,20.0,9.0,9.5,5.5,0.0,0.0,20.0,13.5,9.0,0.5,0.5,0.5,3.0,1.0,2.5,2.5,1.5,1.0,4.5,1.5,10.0,1.5,3.5,3.0,3.5,1.0,15.0,12.0,0.0,0.0,642.5,1.0,743.5,5,0,2,0,2,2,0,0,0,0,1,0,1,0,167.64,170.18,155.0,23.0,29.0,0,0,0,0,0,0,0,0,0,1,0,0,0,0,0,1,0,0,0,0,1,0,0,0
Red,False,0.0,0.5,0.355,0.295,0.265,0.165,3.0,0.0,0.5,1.0,14.5,5.75,12.25,6.75,28.75,18.75,35.0,27.5,7.75,1.75,0.75,0.5,11.0,3.0,7.0,2.5,1.75,1.5,2.75,2.5,1.75,1.25,2.5,1.75,7.5,2.0,5.75,3.0,1.0,0.75,3.5,3.0,6.0,3.0,3.0,0.75,266.0,127.0,536.75,7,0,0,1,2,2,1,0,1,0,0,0,1,0,167.64,172.72,170.0,0.1875,0.0,0.668125,0.50875,0.3625,0.4975,0.5,0.0,0.0,1.0,54.5,34.125,29.375,12.75,113.4375,91.8125,54.375,36.75,2.8125,2.0,4.375,1.8125,37.8125,19.1875,24.6875,8.0625,9.1875,8.6875,3.375,3.375,7.5,6.25,1.3125,1.3125,23.875,11.0625,19.5625,6.0625,11.9375,11.1875,2.875,2.875,18.6875,11.875,6.9375,3.8125,217.625,186.4375,656.5625,10,1,3,0,3,4,1,0,0,0,0,4,0,0,175.26,177.8,155.0,28.0,23.0,0,0,0,0,0,0,1,0,0,0,0,0,0,0,0,1,0,0,0,0,1,0,0,0
Red,False,0.015625,0.0,0.45,0.4275,0.25,0.2,0.148468017578125,0.098388671875,0.0,0.0,66.5,29.6875,64.31230545043945,27.34375,89.75,48.0,85.53125,44.41152191162109,2.0,0.75,2.0546875,0.75,51.1875,18.3359375,49.6123046875,16.280410766601562,7.5,5.07647705078125,7.5,5.0,4.5,3.625,4.984375,3.9375,48.6875,17.0,47.11572265625,16.5,5.75,3.75,5.3125,3.4375,5.0625,3.5,3.875,2.5,99.2119140625,94.125,638.5,0,0,0,0,0,0,0,0,0,0,0,0,0,0,190.5,190.5,260.0,0.0471682548522949,0.0,0.45,0.4217682266235352,0.25,0.19173828125,0.1875,0.125,0.0,0.0,69.5,30.5,66.984375,27.8466796875,94.0,48.544921875,88.50390625,44.75,2.0,0.8125,2.015625,0.6640625,54.0,19.01513671875,51.483436584472656,16.9437255859375,7.91796875,5.430633544921875,7.75,5.0625,4.780975341796875,3.9373779296875,4.8994140625,3.84375,51.025390625,18.400863647460938,50.515625,17.5,5.75,3.75,5.5,3.5,5.375,3.6875,4.0,2.65625,104.865234375,89.5,655.8441009521484,0,0,0,0,0,0,0,0,0,0,0,0,0,0,203.2,203.2,265.0,23.0,26.0,0,0,0,0,1,0,0,0,0,0,0,0,0,0,0,1,0,0,0,0,1,0,0,0
Red,False,0.0,0.5,0.4425,0.5549999999999999,0.25,0.25,1.25,0.0,0.5,0.0,72.5,33.75,17.75,8.75,131.0,89.0,55.25,45.5,0.25,0.25,11.25,3.0,52.75,17.5,14.5,6.25,9.5,8.5,2.5,1.75,10.25,7.75,0.75,0.75,38.75,11.5,11.25,4.25,22.0,15.25,4.5,2.5,11.75,7.0,2.0,2.0,264.5,277.0,772.0,10,2,2,0,2,2,1,0,0,0,2,0,0,0,177.8,177.8,170.0,0.25,0.0,0.5625,0.6525000000000001,0.25,0.61,0.5,0.5,0.5,0.25,38.5,23.25,31.75,22.75,99.75,82.0,78.5,68.5,1.75,0.5,2.75,1.5,28.25,14.5,23.75,15.75,8.5,8.0,2.75,2.25,1.75,0.75,5.25,4.75,10.75,3.25,12.25,7.0,6.75,4.75,8.0,6.5,21.0,15.25,11.5,9.25,208.5,157.25,464.5,6,0,1,0,1,2,1,0,0,0,1,1,0,0,175.26,182.88,170.0,28.0,26.0,0,0,0,0,0,0,0,1,0,0,0,0,0,0,0,1,0,0,0,0,1,0,0,0
Red,False,0.0,0.0,0.54,0.25,0.0,0.5,1.0,0.0,0.0,0.0,6.5,3.5,1.5,0.5,8.5,5.0,1.5,0.5,0.0,0.0,0.5,0.5,4.0,1.0,1.5,0.5,0.5,0.5,0.0,0.0,2.0,2.0,0.0,0.0,6.5,3.5,1.5,0.5,0.0,0.0,0.0,0.0,0.0,0.0,0.0,0.0,19.5,9.5,55.5,2,0,2,0,2,2,0,0,0,0,0,0,2,0,190.5,200.66,264.0,0.0,0.0,0.3974999999999999,0.5549999999999999,0.25,0.3399999999999999,0.25,1.0,0.25,0.25,37.0,19.0,19.0,14.75,52.25,34.0,33.5,28.5,0.25,0.25,6.75,1.0,35.25,17.75,6.5,4.5,1.75,1.25,9.25,8.75,0.0,0.0,3.25,1.5,5.75,0.75,4.25,2.0,4.25,3.25,1.75,1.75,27.0,15.0,13.0,11.0,208.25,289.75,605.5,6,0,0,1,2,2,1,0,0,0,1,1,0,0,180.34,180.34,225.0,23.0,35.0,0,0,0,0,1,0,0,0,0,0,0,0,0,0,0,0,0,1,0,0,1,0,0,0
Red,False,0.0,0.0,0.4425,0.5125,0.0,0.25,0.5,0.0,0.0,0.0,7.25,3.25,23.75,13.25,16.0,11.75,38.75,27.5,0.0,0.0,0.25,0.25,3.5,0.5,20.75,11.25,1.5,1.25,2.5,1.5,2.25,1.5,0.5,0.5,5.75,2.25,6.25,1.25,1.5,1.0,2.25,1.25,0.0,0.0,15.25,10.75,0.0,132.0,159.0,3,1,1,0,1,1,2,0,0,0,0,0,1,0,190.5,195.58,205.0,0.0,0.0,0.535,0.435,0.4,0.5,3.5,0.0,0.0,0.0,10.0,4.5,25.5,11.5,57.5,46.0,83.5,66.0,2.5,2.0,0.5,0.5,7.5,2.5,23.0,9.0,0.5,0.5,0.5,0.5,2.0,1.5,2.0,2.0,6.5,2.0,6.0,2.5,0.5,0.5,0.0,0.0,3.0,2.0,19.5,9.0,354.0,383.5,900.0,6,0,1,0,1,1,1,0,1,0,0,0,0,0,185.42,190.5,205.0,31.0,26.0,0,0,0,0,0,1,0,0,0,0,0,0,0,0,0,1,0,0,0,0,1,0,0,0
Red,True,0.25,0.0,0.4075,0.4574999999999999,0.3725,0.625,1.25,0.5,1.0,0.0,20.625,7.125,31.375,14.5,41.0,26.125,45.125,27.625,2.0,1.375,2.375,2.375,16.5,3.125,27.625,10.75,2.25,2.25,1.75,1.75,1.875,1.75,2.0,2.0,15.5,4.625,18.75,6.625,3.5,2.125,4.25,3.0,1.625,0.375,8.375,4.875,114.25,133.0,505.0,8,3,1,0,1,2,2,0,0,0,0,0,2,0,175.26,175.26,170.0,0.0,0.5,0.6543749999999999,0.355,0.8556250000000001,0.0,0.25,0.4375,0.0,0.5,41.875,26.0625,9.4375,3.5625,86.5,69.1875,22.0625,15.625,7.375,6.0625,0.0,0.0,38.4375,22.625,8.3125,2.4375,3.4375,3.4375,0.625,0.625,0.0,0.0,0.5,0.5,8.0625,4.8125,8.375,2.8125,1.3125,1.125,0.875,0.625,32.5,20.125,0.1875,0.125,553.875,23.25,713.125,11,2,2,0,2,4,1,0,0,0,1,2,0,1,175.26,185.42,170.0,25.0,28.0,0,0,0,0,0,0,0,0,0,1,0,0,0,0,0,1,0,0,0,0,0,0,0,1
Red,False,0.015625,0.0,0.45,0.4275,0.25,0.2,0.148468017578125,0.098388671875,0.0,0.0,66.5,29.6875,64.31230545043945,27.34375,89.75,48.0,85.53125,44.41152191162109,2.0,0.75,2.0546875,0.75,51.1875,18.3359375,49.6123046875,16.280410766601562,7.5,5.07647705078125,7.5,5.0,4.5,3.625,4.984375,3.9375,48.6875,17.0,47.11572265625,16.5,5.75,3.75,5.3125,3.4375,5.0625,3.5,3.875,2.5,99.2119140625,94.125,638.5,0,0,0,0,0,0,0,0,0,0,0,0,0,0,187.96,187.96,205.0,0.0471682548522949,0.0,0.45,0.4217682266235352,0.25,0.19173828125,0.1875,0.125,0.0,0.0,69.5,30.5,66.984375,27.8466796875,94.0,48.544921875,88.50390625,44.75,2.0,0.8125,2.015625,0.6640625,54.0,19.01513671875,51.483436584472656,16.9437255859375,7.91796875,5.430633544921875,7.75,5.0625,4.780975341796875,3.9373779296875,4.8994140625,3.84375,51.025390625,18.400863647460938,50.515625,17.5,5.75,3.75,5.5,3.5,5.375,3.6875,4.0,2.65625,104.865234375,89.5,655.8441009521484,0,0,0,0,0,0,0,0,0,0,0,0,0,0,180.34,180.34,185.0,25.0,23.0,0,0,0,0,0,1,0,0,0,0,0,0,0,0,0,1,0,0,0,0,1,0,0,0
Red,False,0.0625,0.0,0.3253125,0.643125,0.25,0.8828125,1.09375,1.5,0.0,0.0,8.65625,2.59375,10.375,5.53125,39.28125,31.8125,25.21875,19.5625,1.03125,0.5,1.875,1.5625,8.09375,2.1875,7.59375,3.125,0.5,0.34375,1.25,1.25,0.0625,0.0625,1.53125,1.15625,7.28125,1.6875,4.4375,2.46875,0.84375,0.625,0.15625,0.125,0.53125,0.28125,5.78125,2.9375,17.0,259.09375,336.46875,10,0,2,0,2,3,3,0,0,0,0,2,1,0,172.72,172.72,185.0,0.0471682548522949,0.0,0.45,0.4217682266235352,0.25,0.19173828125,0.1875,0.125,0.0,0.0,69.5,30.5,66.984375,27.8466796875,94.0,48.544921875,88.50390625,44.75,2.0,0.8125,2.015625,0.6640625,54.0,19.01513671875,51.483436584472656,16.9437255859375,7.91796875,5.430633544921875,7.75,5.0625,4.780975341796875,3.9373779296875,4.8994140625,3.84375,51.025390625,18.400863647460938,50.515625,17.5,5.75,3.75,5.5,3.5,5.375,3.6875,4.0,2.65625,104.865234375,89.5,655.8441009521484,0,0,0,0,0,0,0,0,0,0,0,0,0,0,187.96,187.96,185.0,35.0,34.0,0,0,0,0,0,0,0,1,0,0,0,0,0,0,0,1,0,0,0,0,0,0,1,0
Red,False,0.015625,0.0,0.45,0.4275,0.25,0.2,0.148468017578125,0.098388671875,0.0,0.0,66.5,29.6875,64.31230545043945,27.34375,89.75,48.0,85.53125,44.41152191162109,2.0,0.75,2.0546875,0.75,51.1875,18.3359375,49.6123046875,16.280410766601562,7.5,5.07647705078125,7.5,5.0,4.5,3.625,4.984375,3.9375,48.6875,17.0,47.11572265625,16.5,5.75,3.75,5.3125,3.4375,5.0625,3.5,3.875,2.5,99.2119140625,94.125,638.5,0,0,0,0,0,0,0,0,0,0,0,0,0,0,170.18,170.18,155.0,0.0471682548522949,0.0,0.45,0.4217682266235352,0.25,0.19173828125,0.1875,0.125,0.0,0.0,69.5,30.5,66.984375,27.8466796875,94.0,48.544921875,88.50390625,44.75,2.0,0.8125,2.015625,0.6640625,54.0,19.01513671875,51.483436584472656,16.9437255859375,7.91796875,5.430633544921875,7.75,5.0625,4.780975341796875,3.9373779296875,4.8994140625,3.84375,51.025390625,18.400863647460938,50.515625,17.5,5.75,3.75,5.5,3.5,5.375,3.6875,4.0,2.65625,104.865234375,89.5,655.8441009521484,0,0,0,0,0,0,0,0,0,0,0,0,0,0,175.26,175.26,155.0,26.0,24.0,0,0,0,0,0,0,1,0,0,0,0,0,0,0,0,1,0,0,0,0,1,0,0,0
Red,False,0.015625,0.0,0.45,0.4275,0.25,0.2,0.148468017578125,0.098388671875,0.0,0.0,66.5,29.6875,64.31230545043945,27.34375,89.75,48.0,85.53125,44.41152191162109,2.0,0.75,2.0546875,0.75,51.1875,18.3359375,49.6123046875,16.280410766601562,7.5,5.07647705078125,7.5,5.0,4.5,3.625,4.984375,3.9375,48.6875,17.0,47.11572265625,16.5,5.75,3.75,5.3125,3.4375,5.0625,3.5,3.875,2.5,99.2119140625,94.125,638.5,0,0,0,0,0,0,0,0,0,0,0,0,0,0,180.34,180.34,205.0,0.0,0.0,0.6071875,0.559375,0.125,0.32125,1.15625,0.0,0.0,0.0,12.28125,7.96875,8.4375,4.4375,16.625,12.0,13.96875,9.65625,0.125,0.125,0.90625,0.65625,8.5625,5.0625,6.03125,2.03125,2.71875,1.96875,1.28125,1.28125,1.0,0.9375,1.125,1.125,3.75,1.28125,4.09375,1.71875,2.90625,2.0625,2.34375,1.78125,5.625,4.625,2.0,0.9375,67.3125,68.375,194.84375,7,1,3,0,3,5,1,0,0,0,0,2,2,1,182.88,187.96,185.0,33.0,31.0,0,0,0,0,0,1,0,0,0,0,0,0,0,0,0,1,0,0,0,0,1,0,0,0
Red,False,0.5625,0.0,0.3803125,0.628125,0.3125,0.125,0.75,0.125,0.0,0.25,11.90625,6.0,7.21875,5.15625,13.03125,7.125,12.84375,10.53125,0.6875,0.5625,0.1875,0.125,11.78125,5.875,5.4375,3.875,0.125,0.125,0.53125,0.53125,0.0,0.0,1.25,0.75,8.40625,3.8125,2.09375,1.0,2.15625,1.21875,3.625,2.90625,1.34375,0.96875,1.5,1.25,0.0,0.0,151.75,6,0,3,0,3,5,1,0,0,0,0,4,1,0,182.88,187.96,185.0,0.375,0.0,0.378125,0.36578125,0.015625,0.0503124999999999,0.0,0.046875,0.015625,0.0,99.71875,34.0625,44.234375,17.546875,101.234375,35.515625,45.25,18.5625,0.03125,0.03125,6.59375,0.625,74.6875,14.421875,35.375,10.703125,1.859375,0.78125,2.953125,1.4375,23.171875,18.859375,5.90625,5.40625,92.484375,28.640625,42.125,16.75,3.65625,2.46875,1.34375,0.53125,3.578125,2.953125,0.765625,0.265625,37.3125,23.4375,770.78125,13,0,1,0,5,6,1,0,0,0,4,1,0,1,187.96,193.04,205.0,25.0,32.0,0,0,0,0,0,1,0,0,0,0,0,0,0,0,0,0,0,1,0,0,1,0,0,0
Red,False,0.0,0.5,0.055,0.705,0.0,0.5,1.5,0.0,0.5,0.0,10.0,1.0,30.0,19.0,65.5,54.0,41.5,30.5,0.0,0.0,2.5,2.5,10.0,1.0,29.5,18.5,0.0,0.0,0.5,0.5,0.0,0.0,0.0,0.0,9.5,1.0,3.5,1.0,0.5,0.0,1.5,1.0,0.0,0.0,25.0,17.0,33.5,306.0,463.5,4,0,0,2,0,0,2,0,0,0,0,0,0,0,180.34,180.34,170.0,1.0,0.0,0.41,0.42,0.75,0.0,0.0,1.0,0.0,0.0,153.0,64.0,130.0,55.0,176.0,87.0,170.0,93.0,8.0,6.0,3.0,0.0,137.0,52.0,83.0,18.0,11.0,9.0,20.0,18.0,5.0,3.0,27.0,19.0,94.0,34.0,83.0,31.0,41.0,21.0,47.0,24.0,18.0,9.0,0.0,0.0,269.0,86.0,900.0,3,0,1,0,1,1,0,0,0,0,1,0,0,0,180.34,187.96,170.0,29.0,20.0,0,0,0,0,0,0,0,0,0,1,0,0,0,0,0,1,0,0,0,0,0,0,1,0
Red,False,0.015625,0.0,0.45,0.4275,0.25,0.2,0.148468017578125,0.098388671875,0.0,0.0,66.5,29.6875,64.31230545043945,27.34375,89.75,48.0,85.53125,44.41152191162109,2.0,0.75,2.0546875,0.75,51.1875,18.3359375,49.6123046875,16.280410766601562,7.5,5.07647705078125,7.5,5.0,4.5,3.625,4.984375,3.9375,48.6875,17.0,47.11572265625,16.5,5.75,3.75,5.3125,3.4375,5.0625,3.5,3.875,2.5,99.2119140625,94.125,638.5,0,0,0,0,0,0,0,0,0,0,0,0,0,0,185.42,185.42,155.0,0.0,0.0,0.6000000000000001,0.5549999999999999,0.5,0.375,0.5,2.0,1.0,1.5,18.5,11.0,24.5,14.0,37.5,28.5,56.0,39.0,0.5,0.5,9.0,3.0,11.5,4.5,14.5,5.5,4.0,3.5,4.0,3.0,3.0,3.0,6.0,5.5,8.5,3.5,10.0,4.5,8.5,6.5,4.0,3.0,1.5,1.0,10.5,6.5,176.5,458.5,900.0,6,0,0,2,0,0,2,0,0,0,0,0,0,0,175.26,185.42,155.0,30.0,25.0,0,0,0,0,0,0,1,0,0,0,0,0,0,0,0,0,0,0,1,0,0,0,1,0
Red,False,0.015625,0.0,0.45,0.4275,0.25,0.2,0.148468017578125,0.098388671875,0.0,0.0,66.5,29.6875,64.31230545043945,27.34375,89.75,48.0,85.53125,44.41152191162109,2.0,0.75,2.0546875,0.75,51.1875,18.3359375,49.6123046875,16.280410766601562,7.5,5.07647705078125,7.5,5.0,4.5,3.625,4.984375,3.9375,48.6875,17.0,47.11572265625,16.5,5.75,3.75,5.3125,3.4375,5.0625,3.5,3.875,2.5,99.2119140625,94.125,638.5,0,0,0,0,0,0,0,0,0,0,0,0,0,0,172.72,172.72,170.0,0.0471682548522949,0.0,0.45,0.4217682266235352,0.25,0.19173828125,0.1875,0.125,0.0,0.0,69.5,30.5,66.984375,27.8466796875,94.0,48.544921875,88.50390625,44.75,2.0,0.8125,2.015625,0.6640625,54.0,19.01513671875,51.483436584472656,16.9437255859375,7.91796875,5.430633544921875,7.75,5.0625,4.780975341796875,3.9373779296875,4.8994140625,3.84375,51.025390625,18.400863647460938,50.515625,17.5,5.75,3.75,5.5,3.5,5.375,3.6875,4.0,2.65625,104.865234375,89.5,655.8441009521484,0,0,0,0,0,0,0,0,0,0,0,0,0,0,175.26,175.26,170.0,28.0,31.0,0,0,0,0,0,0,0,0,0,1,0,0,0,0,0,1,0,0,0,0,1,0,0,0
Red,False,0.015625,0.0,0.45,0.4275,0.25,0.2,0.148468017578125,0.098388671875,0.0,0.0,66.5,29.6875,64.31230545043945,27.34375,89.75,48.0,85.53125,44.41152191162109,2.0,0.75,2.0546875,0.75,51.1875,18.3359375,49.6123046875,16.280410766601562,7.5,5.07647705078125,7.5,5.0,4.5,3.625,4.984375,3.9375,48.6875,17.0,47.11572265625,16.5,5.75,3.75,5.3125,3.4375,5.0625,3.5,3.875,2.5,99.2119140625,94.125,638.5,0,0,0,0,0,0,0,0,0,0,0,0,0,0,177.8,177.8,185.0,0.0,0.0,0.31,0.25,0.5,0.5,0.5,0.5,0.0,0.0,4.5,2.5,3.0,1.0,8.0,5.5,6.5,4.0,0.5,0.5,0.5,0.5,3.5,2.0,3.0,1.0,0.5,0.5,0.0,0.0,0.5,0.0,0.0,0.0,0.5,0.0,0.5,0.0,0.0,0.0,0.0,0.0,4.0,2.5,2.5,1.0,0.0,0.0,67.5,2,1,1,0,1,1,1,0,0,0,0,0,1,0,182.88,182.88,185.0,24.0,31.0,0,0,0,0,0,0,0,1,0,0,0,0,0,0,0,1,0,0,0,0,1,0,0,0
Red,False,0.015625,0.0,0.45,0.4275,0.25,0.2,0.148468017578125,0.098388671875,0.0,0.0,66.5,29.6875,64.31230545043945,27.34375,89.75,48.0,85.53125,44.41152191162109,2.0,0.75,2.0546875,0.75,51.1875,18.3359375,49.6123046875,16.280410766601562,7.5,5.07647705078125,7.5,5.0,4.5,3.625,4.984375,3.9375,48.6875,17.0,47.11572265625,16.5,5.75,3.75,5.3125,3.4375,5.0625,3.5,3.875,2.5,99.2119140625,94.125,638.5,0,0,0,0,0,0,0,0,0,0,0,0,0,0,175.26,175.26,170.0,1.0,0.0,0.83,0.0,0.0,0.0,0.0,0.0,0.0,0.0,12.0,10.0,2.0,0.0,12.0,10.0,2.0,0.0,0.0,0.0,0.0,0.0,12.0,10.0,2.0,0.0,0.0,0.0,0.0,0.0,0.0,0.0,0.0,0.0,1.0,1.0,2.0,0.0,0.0,0.0,0.0,0.0,11.0,9.0,0.0,0.0,13.0,0.0,27.0,1,0,0,1,0,0,1,0,0,0,0,0,0,0,177.8,177.8,185.0,24.0,23.0,0,0,0,0,0,0,0,0,0,1,0,0,0,0,0,1,0,0,0,0,1,0,0,0
Red,False,0.0,0.0,0.64,0.52,0.0,0.25,0.0,3.0,2.0,1.0,14.0,9.0,17.0,9.0,33.0,27.0,31.0,20.0,0.0,0.0,12.0,3.0,9.0,4.0,10.0,3.0,4.0,4.0,5.0,4.0,1.0,1.0,2.0,2.0,7.0,2.0,7.0,3.0,6.0,6.0,0.0,0.0,1.0,1.0,10.0,6.0,123.0,509.0,900.0,3,0,0,1,0,0,1,0,0,0,0,0,0,0,175.26,185.42,155.0,0.0,0.5,0.24,0.625,0.155,0.5,0.0,0.25,0.0,0.0,30.0,14.5,39.0,16.5,33.25,17.5,52.75,30.0,7.25,1.25,0.5,0.5,22.0,9.0,35.25,13.0,1.25,1.0,1.75,1.5,6.75,4.5,2.0,2.0,24.25,10.75,27.5,9.5,2.75,1.75,8.25,4.75,3.0,2.0,3.25,2.25,42.0,56.0,407.5,7,1,0,1,1,1,2,0,0,0,0,1,0,0,170.18,177.8,155.0,25.0,27.0,0,0,0,0,0,0,1,0,0,0,0,0,0,0,0,0,0,1,0,0,0,0,1,0
Red,False,0.015625,0.0,0.45,0.4275,0.25,0.2,0.148468017578125,0.098388671875,0.0,0.0,66.5,29.6875,64.31230545043945,27.34375,89.75,48.0,85.53125,44.41152191162109,2.0,0.75,2.0546875,0.75,51.1875,18.3359375,49.6123046875,16.280410766601562,7.5,5.07647705078125,7.5,5.0,4.5,3.625,4.984375,3.9375,48.6875,17.0,47.11572265625,16.5,5.75,3.75,5.3125,3.4375,5.0625,3.5,3.875,2.5,99.2119140625,94.125,638.5,0,0,0,0,0,0,0,0,0,0,0,0,0,0,172.72,175.26,155.0,0.0471682548522949,0.0,0.45,0.4217682266235352,0.25,0.19173828125,0.1875,0.125,0.0,0.0,69.5,30.5,66.984375,27.8466796875,94.0,48.544921875,88.50390625,44.75,2.0,0.8125,2.015625,0.6640625,54.0,19.01513671875,51.483436584472656,16.9437255859375,7.91796875,5.430633544921875,7.75,5.0625,4.780975341796875,3.9373779296875,4.8994140625,3.84375,51.025390625,18.400863647460938,50.515625,17.5,5.75,3.75,5.5,3.5,5.375,3.6875,4.0,2.65625,104.865234375,89.5,655.8441009521484,0,0,0,0,0,0,0,0,0,0,0,0,0,0,180.34,187.96,170.0,21.0,20.0,0,0,0,0,0,0,0,0,0,1,0,0,0,0,0,0,0,1,0,0,0,0,1,0
Red,True,0.0,0.25,0.57375,0.4599999999999999,0.735,0.0,0.0,0.5,0.25,0.5,52.875,32.625,16.875,9.625,128.625,104.375,30.0,22.5,3.375,2.125,0.5,0.0,44.5,25.75,14.0,7.0,3.875,3.125,2.25,2.0,4.5,3.75,0.625,0.625,7.75,3.375,5.875,2.125,9.5,7.5,7.125,4.875,35.625,21.75,3.875,2.625,348.25,38.5,449.375,8,0,4,0,4,4,0,0,1,0,0,2,0,0,182.88,187.96,185.0,0.5,0.25,0.63,0.295,0.415,0.0,0.25,0.0,0.0,0.25,18.75,11.0,37.5,13.75,25.25,16.5,42.25,18.5,9.5,2.5,0.0,0.0,17.5,9.75,27.0,5.25,1.0,1.0,3.25,2.75,0.25,0.25,7.25,5.75,8.75,5.25,30.0,7.5,2.75,1.25,4.5,4.0,7.25,4.5,3.0,2.25,179.25,30.0,479.75,7,1,1,0,1,2,1,0,0,0,0,1,1,0,187.96,187.96,183.0,31.0,35.0,0,0,0,0,0,0,0,1,0,0,0,0,0,0,0,0,0,1,0,0,1,0,0,0
Red,False,0.0,0.0,0.37,0.31,0.0,0.0,0.0,0.0,0.0,0.0,69.0,26.0,144.0,46.0,69.0,26.0,144.0,46.0,0.0,0.0,0.0,0.0,53.0,14.0,107.0,17.0,5.0,2.0,1.0,0.0,11.0,10.0,36.0,29.0,69.0,26.0,141.0,44.0,0.0,0.0,3.0,2.0,0.0,0.0,0.0,0.0,0.0,0.0,900.0,3,0,0,1,0,0,1,0,0,0,0,0,0,0,175.26,175.26,183.0,0.5,0.0,0.655,0.7050000000000001,0.5,0.22,1.0,0.0,1.0,0.5,54.0,35.5,48.5,36.5,166.5,145.0,142.0,128.0,1.5,1.0,4.5,2.0,37.5,19.0,34.5,24.5,16.0,16.0,5.5,4.5,0.5,0.5,8.5,7.5,7.5,2.5,11.5,7.0,13.5,9.5,16.0,13.0,33.0,23.5,21.0,16.5,366.0,311.5,750.0,5,0,1,0,1,1,1,0,0,0,1,0,0,0,175.26,182.88,170.0,25.0,26.0,0,0,0,0,0,0,0,1,0,0,0,0,0,0,0,1,0,0,0,0,1,0,0,0
Red,False,1.0,0.0,0.17,0.34,0.0,0.25,0.0,5.0,0.0,0.0,29.0,5.0,35.0,12.0,59.0,35.0,35.0,12.0,0.0,0.0,4.0,1.0,29.0,5.0,29.0,6.0,0.0,0.0,1.0,1.0,0.0,0.0,5.0,5.0,22.0,3.0,28.0,7.0,2.0,1.0,7.0,5.0,5.0,1.0,0.0,0.0,147.0,45.0,421.0,2,0,1,0,1,1,0,0,0,0,0,1,0,0,182.88,182.88,185.0,0.0471682548522949,0.0,0.45,0.4217682266235352,0.25,0.19173828125,0.1875,0.125,0.0,0.0,69.5,30.5,66.984375,27.8466796875,94.0,48.544921875,88.50390625,44.75,2.0,0.8125,2.015625,0.6640625,54.0,19.01513671875,51.483436584472656,16.9437255859375,7.91796875,5.430633544921875,7.75,5.0625,4.780975341796875,3.9373779296875,4.8994140625,3.84375,51.025390625,18.400863647460938,50.515625,17.5,5.75,3.75,5.5,3.5,5.375,3.6875,4.0,2.65625,104.865234375,89.5,655.8441009521484,0,0,0,0,0,0,0,0,0,0,0,0,0,0,182.88,182.88,185.0,24.0,31.0,0,0,0,0,0,0,0,1,0,0,0,0,0,0,0,1,0,0,0,0,1,0,0,0
Red,False,0.0,0.625,0.524375,0.331875,0.07875,0.025,1.0625,0.125,0.3125,0.0,33.0625,16.3125,45.9375,15.5,68.375,49.1875,61.875,29.0,3.8125,0.5625,0.3125,0.125,16.4375,6.125,39.625,10.3125,4.0625,3.375,1.8125,1.3125,12.5625,6.8125,4.5,3.875,24.9375,10.9375,35.375,9.875,0.9375,0.875,3.0,1.4375,7.1875,4.5,7.5625,4.1875,18.75,109.0,707.875,11,0,2,0,2,3,2,0,0,0,2,1,0,0,180.34,180.34,225.0,0.0,0.0,0.62,0.445,0.645,0.165,1.0,0.25,0.5,0.0,55.75,35.0,18.0,7.25,110.75,87.5,41.5,29.5,5.5,3.25,3.25,1.0,44.5,24.75,13.5,3.75,8.75,8.25,2.0,1.5,2.5,2.0,2.5,2.0,15.25,5.5,11.0,3.0,13.0,10.0,6.25,3.5,27.5,19.5,0.75,0.75,420.25,134.0,696.25,8,0,3,0,3,3,0,0,0,0,0,3,0,0,193.04,193.04,265.0,32.0,24.0,0,0,0,0,1,0,0,0,0,0,0,0,0,0,0,1,0,0,0,0,1,0,0,0
Red,False,0.015625,0.0,0.45,0.4275,0.25,0.2,0.148468017578125,0.098388671875,0.0,0.0,66.5,29.6875,64.31230545043945,27.34375,89.75,48.0,85.53125,44.41152191162109,2.0,0.75,2.0546875,0.75,51.1875,18.3359375,49.6123046875,16.280410766601562,7.5,5.07647705078125,7.5,5.0,4.5,3.625,4.984375,3.9375,48.6875,17.0,47.11572265625,16.5,5.75,3.75,5.3125,3.4375,5.0625,3.5,3.875,2.5,99.2119140625,94.125,638.5,0,0,0,0,0,0,0,0,0,0,0,0,0,0,167.64,167.64,155.0,0.375,0.0,0.64625,0.2675,0.725,0.625,1.0,0.0,0.0,2.0,53.0,29.25,50.75,19.5,118.875,92.625,98.75,65.5,5.625,4.0,0.75,0.625,43.625,21.375,45.375,14.125,4.375,3.375,2.75,2.75,5.0,4.5,2.625,2.625,40.75,20.125,36.125,11.125,2.875,2.375,1.75,1.75,9.375,6.75,12.875,6.625,227.25,266.875,810.125,8,1,3,0,3,3,1,0,0,0,0,3,0,0,175.26,177.8,155.0,31.0,23.0,0,0,0,0,0,0,1,0,0,0,0,0,0,0,0,0,0,1,0,0,1,0,0,0
Red,False,0.0,0.0,0.385,0.495,0.0,0.5,1.0,0.0,0.0,0.0,6.5,2.5,34.5,19.5,21.0,16.5,59.5,43.0,0.0,0.0,0.5,0.5,3.0,1.0,31.5,17.5,1.0,0.5,2.0,1.0,2.5,1.0,1.0,1.0,6.5,2.5,8.5,2.5,0.0,0.0,1.5,0.5,0.0,0.0,24.5,16.5,0.0,161.0,192.0,2,1,1,0,1,1,1,0,0,0,0,0,1,0,190.5,195.58,205.0,0.0,0.0,0.684375,0.61875,0.25,0.6425000000000001,2.3125,0.0,0.0,0.0,11.5625,8.9375,8.875,4.875,15.25,12.0,16.9375,12.3125,0.25,0.25,1.8125,1.3125,7.125,5.125,8.0625,4.0625,2.4375,1.9375,0.5625,0.5625,2.0,1.875,0.25,0.25,3.5,2.5625,3.1875,1.4375,2.8125,2.125,1.6875,1.5625,5.25,4.25,4.0,1.875,31.625,136.75,263.6875,6,1,3,0,3,4,1,0,0,0,0,2,2,0,182.88,187.96,185.0,31.0,31.0,0,0,0,0,0,1,0,0,0,0,0,0,0,0,0,1,0,0,0,0,1,0,0,0
Red,False,0.0,0.0,0.4599999999999999,0.3,0.5,0.125,1.0,0.5,0.0,0.5,15.0,6.5,27.5,15.0,18.5,10.0,44.5,32.0,1.0,0.5,4.5,1.0,14.0,5.5,24.0,11.5,0.0,0.0,1.5,1.5,1.0,1.0,2.0,2.0,10.5,4.5,11.0,3.5,4.5,2.0,2.5,1.5,0.0,0.0,14.0,10.0,15.5,224.5,369.0,4,0,1,0,1,1,1,0,0,0,0,0,1,0,190.5,195.58,240.0,0.46875,0.0,0.3649609375,0.60484375,0.5,0.3688671875,0.0,0.0625,0.0,0.0,58.2890625,21.8203125,71.20703125,43.66015625,72.140625,34.59375,121.54296875,92.66015625,0.5,0.5,6.5234375,2.32421875,47.7421875,13.35546875,54.90234375,29.16796875,1.625,1.625,2.71484375,2.0625,8.921875,6.83984375,13.58984375,12.4296875,48.4453125,15.5234375,39.390625,20.328125,7.453125,4.76953125,11.63671875,8.3671875,2.390625,1.52734375,20.1796875,14.96484375,66.4375,300.1875,916.91796875,23,3,4,0,4,6,3,0,0,1,0,5,0,0,185.42,185.42,241.0,23.0,27.0,0,0,0,0,1,0,0,0,0,0,0,0,0,0,0,1,0,0,0,0,1,0,0,0
Red,False,0.015625,0.0,0.45,0.4275,0.25,0.2,0.148468017578125,0.098388671875,0.0,0.0,66.5,29.6875,64.31230545043945,27.34375,89.75,48.0,85.53125,44.41152191162109,2.0,0.75,2.0546875,0.75,51.1875,18.3359375,49.6123046875,16.280410766601562,7.5,5.07647705078125,7.5,5.0,4.5,3.625,4.984375,3.9375,48.6875,17.0,47.11572265625,16.5,5.75,3.75,5.3125,3.4375,5.0625,3.5,3.875,2.5,99.2119140625,94.125,638.5,0,0,0,0,0,0,0,0,0,0,0,0,0,0,172.72,172.72,155.0,0.0,1.0,0.46,0.5900000000000001,0.2,0.33,3.0,0.0,1.0,2.0,21.0,9.5,23.5,13.5,37.5,23.5,49.0,38.0,12.5,2.5,1.5,1.0,14.0,4.0,13.0,5.0,3.5,3.0,5.5,5.0,3.5,2.5,5.0,3.5,13.0,4.0,11.5,6.0,2.0,1.5,6.0,6.0,6.0,4.0,6.0,1.5,390.0,243.0,895.5,6,0,0,1,1,1,1,0,1,0,0,0,0,0,167.64,172.72,170.0,24.0,27.0,0,0,0,0,0,0,1,0,0,0,0,0,0,0,0,1,0,0,0,0,1,0,0,0
Red,False,0.140625,0.5,0.60109375,0.510625,0.09375,0.4976562499999999,0.796875,0.828125,0.0,0.515625,11.484375,6.078125,36.359375,19.0625,24.78125,17.859375,78.40625,57.71875,1.03125,0.28125,4.640625,3.34375,8.125,3.421875,31.828125,15.21875,1.703125,1.421875,3.40625,3.140625,1.65625,1.234375,1.125,0.703125,6.0625,2.0625,9.1875,3.671875,0.9375,0.453125,2.25,1.25,4.484375,3.5625,24.921875,14.140625,103.5,356.0,609.28125,15,1,1,0,2,3,4,0,0,0,0,1,2,0,190.5,190.5,235.0,0.0,0.0,0.42,0.5,0.0,0.0,1.0,0.0,0.0,0.0,7.0,3.0,2.0,1.0,11.0,6.0,2.0,1.0,0.0,0.0,0.0,0.0,5.0,1.0,2.0,1.0,0.0,0.0,0.0,0.0,2.0,2.0,0.0,0.0,7.0,3.0,2.0,1.0,0.0,0.0,0.0,0.0,0.0,0.0,0.0,0.0,37.0,0.0,65.0,1,0,1,0,1,1,0,0,0,0,0,0,1,0,190.5,200.66,264.0,26.0,22.0,0,0,0,0,1,0,0,0,0,0,0,0,0,0,0,1,0,0,0,0,0,0,1,0
Red,True,0.015625,0.0,0.45,0.4275,0.25,0.2,0.148468017578125,0.098388671875,0.0,0.0,66.5,29.6875,64.31230545043945,27.34375,89.75,48.0,85.53125,44.41152191162109,2.0,0.75,2.0546875,0.75,51.1875,18.3359375,49.6123046875,16.280410766601562,7.5,5.07647705078125,7.5,5.0,4.5,3.625,4.984375,3.9375,48.6875,17.0,47.11572265625,16.5,5.75,3.75,5.3125,3.4375,5.0625,3.5,3.875,2.5,99.2119140625,94.125,638.5,0,0,0,0,0,0,0,0,0,0,0,0,0,0,170.18,170.18,168.0,0.0,0.0,0.68875,0.3,0.90125,0.0,0.5,0.875,0.0,1.0,25.75,16.125,6.875,2.125,36.0,26.375,22.125,17.25,3.75,3.125,0.0,0.0,20.875,11.25,5.625,0.875,4.875,4.875,1.25,1.25,0.0,0.0,0.0,0.0,4.125,1.625,4.75,0.625,1.625,1.25,1.75,1.25,20.0,13.25,0.375,0.25,155.75,46.5,345.25,7,1,2,0,2,3,1,0,0,0,1,1,0,1,175.26,185.42,170.0,26.0,28.0,0,0,0,0,0,0,0,0,0,1,0,0,0,0,0,1,0,0,0,0,0,0,0,1
Red,False,1.0,0.0,1.0,0.2,0.0,0.0,0.0,0.0,0.0,0.0,8.0,8.0,5.0,1.0,16.0,16.0,49.0,45.0,1.0,0.0,0.0,0.0,3.0,3.0,3.0,0.0,0.0,0.0,1.0,0.0,5.0,5.0,1.0,1.0,6.0,6.0,3.0,0.0,0.0,0.0,2.0,1.0,2.0,2.0,0.0,0.0,252.0,0.0,315.0,2,0,1,0,1,1,0,0,0,0,0,1,0,0,175.26,175.26,170.0,0.0,0.0,0.75,0.14,0.8,0.0,0.0,0.0,0.0,0.0,16.0,12.0,7.0,1.0,146.0,134.0,16.0,10.0,5.0,4.0,0.0,0.0,15.0,11.0,5.0,0.0,0.0,0.0,0.0,0.0,1.0,1.0,2.0,1.0,3.0,1.0,6.0,1.0,1.0,1.0,1.0,0.0,12.0,10.0,0.0,0.0,555.0,0.0,587.0,2,0,1,0,1,1,0,0,0,0,0,0,1,0,167.64,170.18,155.0,31.0,28.0,0,0,0,0,0,0,0,0,0,1,0,0,0,0,0,0,0,1,0,0,1,0,0,0
Red,True,0.0,0.25,0.7115625,0.42375,0.6,0.625,0.234375,0.125,0.0,0.0,64.21875,43.765625,48.09375,19.625,122.703125,100.8125,65.890625,36.421875,6.625,2.625,0.78125,0.75,50.109375,30.78125,39.34375,12.25,2.734375,2.359375,2.125,2.0625,11.375,10.625,6.625,5.3125,28.03125,16.0625,38.40625,12.59375,11.3125,9.4375,6.625,4.71875,24.875,18.265625,3.0625,2.3125,315.625,131.875,980.765625,17,5,7,0,7,7,0,0,1,0,1,4,1,0,185.42,190.5,205.0,0.0,0.125,0.7050000000000001,0.56375,0.875,0.3,0.875,0.5,0.0,0.5,29.875,18.0,20.625,8.375,70.75,57.375,32.625,18.875,1.375,1.375,1.625,0.75,23.125,11.875,15.875,4.875,3.25,2.875,1.375,0.875,3.5,3.25,3.375,2.625,11.5,4.25,10.375,3.75,5.75,4.0,3.625,2.25,12.625,9.75,6.625,2.375,227.5,164.375,489.625,7,0,1,0,2,3,1,0,0,0,0,2,1,0,190.5,198.12,250.0,38.0,24.0,0,0,0,0,1,0,0,0,0,0,0,0,0,0,0,1,0,0,0,0,1,0,0,0
Red,False,0.5,0.0,0.526328125,0.33984375,0.703984375,0.181796875,0.3203125,0.41015625,0.00390625,0.01171875,34.47265625,15.6328125,37.4765625,11.79296875,80.12890625,60.26953125,53.171875,25.6328125,1.1171875,1.0546875,2.15625,1.04296875,28.5625,10.31640625,26.36328125,2.46875,2.08203125,1.859375,5.6015625,4.5390625,3.828125,3.45703125,5.51171875,4.78515625,26.74609375,10.4296875,30.99609375,7.88671875,5.30078125,3.35546875,4.7890625,3.58203125,2.42578125,1.84765625,1.69140625,0.32421875,185.4375,68.0,548.4140625,20,7,7,0,7,8,1,0,0,2,1,1,3,1,177.8,177.8,170.0,0.0,0.5,0.6475,0.42,0.47,0.0,0.0,1.0,0.5,1.0,65.75,45.25,31.75,18.25,172.25,146.75,58.0,44.0,5.75,3.25,1.0,0.0,50.0,32.5,27.0,14.0,6.75,5.25,3.5,3.0,9.0,7.5,1.25,1.25,13.5,6.75,9.75,3.25,19.0,15.0,14.25,9.75,33.25,23.5,7.75,5.25,526.5,77.0,709.75,7,0,3,0,3,3,0,0,1,0,0,1,0,0,182.88,187.96,185.0,34.0,31.0,0,0,0,0,0,0,0,1,0,0,0,0,0,0,0,1,0,0,0,0,0,0,1,0
Red,False,0.015625,0.0,0.45,0.4275,0.25,0.2,0.148468017578125,0.098388671875,0.0,0.0,66.5,29.6875,64.31230545043945,27.34375,89.75,48.0,85.53125,44.41152191162109,2.0,0.75,2.0546875,0.75,51.1875,18.3359375,49.6123046875,16.280410766601562,7.5,5.07647705078125,7.5,5.0,4.5,3.625,4.984375,3.9375,48.6875,17.0,47.11572265625,16.5,5.75,3.75,5.3125,3.4375,5.0625,3.5,3.875,2.5,99.2119140625,94.125,638.5,0,0,0,0,0,0,0,0,0,0,0,0,0,0,182.88,182.88,185.0,0.125,0.0,0.320625,0.68625,0.5,0.765625,1.1875,1.0,0.0,0.0,14.3125,4.1875,10.75,5.0625,31.5625,19.625,25.4375,18.125,1.0625,1.0,1.75,1.125,13.1875,3.375,7.1875,2.25,1.0,0.6875,1.5,1.5,0.125,0.125,2.0625,1.3125,11.5625,2.375,6.875,2.9375,1.6875,1.25,0.3125,0.25,1.0625,0.5625,3.5625,1.875,30.0,187.1875,298.9375,8,0,2,0,2,2,3,0,0,0,0,2,0,0,172.72,172.72,185.0,29.0,35.0,0,0,0,0,0,0,0,1,0,0,0,0,0,0,0,1,0,0,0,0,1,0,0,0
Red,False,0.015625,0.0,0.45,0.4275,0.25,0.2,0.148468017578125,0.098388671875,0.0,0.0,66.5,29.6875,64.31230545043945,27.34375,89.75,48.0,85.53125,44.41152191162109,2.0,0.75,2.0546875,0.75,51.1875,18.3359375,49.6123046875,16.280410766601562,7.5,5.07647705078125,7.5,5.0,4.5,3.625,4.984375,3.9375,48.6875,17.0,47.11572265625,16.5,5.75,3.75,5.3125,3.4375,5.0625,3.5,3.875,2.5,99.2119140625,94.125,638.5,0,0,0,0,0,0,0,0,0,0,0,0,0,0,175.26,175.26,183.0,0.75,0.0,0.44625,0.3615625,0.03125,0.1006249999999999,0.0,0.09375,0.03125,0.0,55.4375,22.125,19.46875,9.09375,58.46875,25.03125,21.5,11.125,0.0625,0.0625,13.1875,1.25,42.375,11.84375,17.75,7.40625,2.71875,1.5625,0.90625,0.875,10.34375,8.71875,0.8125,0.8125,43.96875,13.28125,15.25,7.5,4.3125,2.9375,2.6875,1.0625,7.15625,5.90625,1.53125,0.53125,74.625,46.875,641.5625,10,0,1,0,4,5,1,0,0,0,3,1,0,1,187.96,193.04,205.0,25.0,32.0,0,0,0,0,0,1,0,0,0,0,0,0,0,0,0,1,0,0,0,0,1,0,0,0
Red,False,0.0,0.0,0.2,0.42,1.0,0.0,1.0,1.0,0.0,0.0,10.0,2.0,14.0,6.0,83.0,70.0,77.0,67.0,1.0,1.0,0.0,0.0,8.0,1.0,10.0,4.0,2.0,1.0,2.0,1.0,0.0,0.0,2.0,1.0,9.0,1.0,7.0,3.0,1.0,1.0,0.0,0.0,0.0,0.0,7.0,3.0,0.0,0.0,542.0,1,1,0,1,0,0,1,0,0,0,0,0,0,0,172.72,172.72,170.0,0.0,0.0,0.36,0.56,0.36,1.0,0.0,4.0,0.0,2.0,25.0,9.0,125.0,70.0,126.0,110.0,241.0,180.0,19.0,7.0,1.0,1.0,20.0,5.0,86.0,38.0,4.0,3.0,18.0,16.0,1.0,1.0,21.0,16.0,23.0,7.0,59.0,24.0,2.0,2.0,42.0,30.0,0.0,0.0,24.0,16.0,696.0,475.0,1500.0,5,1,0,1,0,0,1,0,0,0,0,0,0,0,175.26,175.26,170.0,30.0,36.0,0,0,0,0,0,0,0,0,0,1,0,0,0,0,0,1,0,0,0,0,0,0,1,0
Red,False,0.0,0.0,0.4,0.445,0.15,0.0,0.0,0.0,0.0,0.0,41.0,18.5,45.5,23.5,96.0,70.0,67.0,42.5,10.5,1.0,0.5,0.0,34.0,12.5,31.0,11.5,6.5,5.5,2.5,2.5,0.5,0.5,12.0,9.5,9.5,2.0,34.0,16.0,5.0,2.5,5.0,2.5,26.5,14.0,6.5,5.0,243.0,98.0,750.0,5,0,1,0,1,1,1,0,0,0,1,0,0,0,175.26,187.96,247.0,0.0,0.0,0.6,0.54,0.54,0.0,1.0,0.5,1.0,0.0,46.5,28.0,16.0,7.5,95.5,75.0,23.0,14.0,7.0,3.5,0.5,0.0,42.0,23.5,14.0,5.5,2.5,2.5,1.0,1.0,2.0,2.0,1.0,1.0,11.5,4.0,11.0,4.0,2.0,2.0,3.5,2.0,33.0,22.0,1.5,1.5,440.5,32.0,612.5,5,0,2,0,2,2,0,0,0,0,0,2,0,0,193.04,193.04,265.0,30.0,24.0,0,0,0,0,1,0,0,0,0,0,0,0,0,0,0,1,0,0,0,0,1,0,0,0
Red,True,0.0,0.0,0.465,0.36,0.5,0.22,2.5,0.0,1.0,0.0,112.0,53.5,23.5,8.5,220.0,155.0,93.5,77.0,0.5,0.5,15.5,4.0,85.5,32.0,18.0,4.5,14.0,12.0,4.0,2.5,12.5,9.5,1.5,1.5,52.5,16.0,17.5,4.5,36.0,23.5,6.0,4.0,23.5,14.0,0.0,0.0,529.0,367.0,1200.0,8,1,2,0,2,2,0,0,0,0,2,0,0,0,177.8,177.8,170.0,0.0,0.5,0.51,0.17,0.55,0.0,0.5,0.0,0.0,0.5,25.5,13.0,42.0,13.5,33.5,19.0,42.5,14.0,12.0,3.0,0.0,0.0,24.0,11.5,34.0,7.5,1.0,1.0,1.5,0.5,0.5,0.5,6.5,5.5,12.5,6.5,35.0,8.0,2.5,1.5,1.0,1.0,10.5,5.0,6.0,4.5,171.5,60.0,615.5,5,0,1,0,1,1,1,0,0,0,0,0,1,0,187.96,187.96,183.0,27.0,35.0,0,0,0,0,0,0,0,1,0,0,0,0,0,0,0,1,0,0,0,0,1,0,0,0
Red,True,0.75,0.0,0.7725,0.155,0.75,0.25,0.0,0.0,0.0,0.0,13.0,9.5,3.5,1.0,27.75,24.25,11.5,9.0,1.25,1.0,0.5,0.25,11.25,7.75,2.75,0.25,1.75,1.75,0.5,0.5,0.0,0.0,0.25,0.25,3.5,1.25,2.25,0.25,1.75,1.75,0.5,0.5,7.75,6.5,0.75,0.25,70.5,32.75,120.25,3,0,3,0,3,3,0,0,0,0,0,3,0,0,175.26,177.8,155.0,0.125,0.0,0.3978125,0.31625,0.03125,0.12875,0.59375,1.5,0.0625,0.0,74.25,29.5625,56.15625,22.0,127.875,81.3125,81.21875,45.84375,0.125,0.09375,13.4375,1.84375,64.5,21.1875,39.40625,10.25,6.9375,5.59375,5.1875,3.5625,2.8125,2.78125,11.5625,8.1875,47.28125,12.6875,47.9375,17.53125,11.5,7.6875,5.75,2.78125,15.46875,9.1875,2.46875,1.6875,566.1875,89.46875,1216.28125,18,2,0,1,5,5,1,0,0,0,3,2,0,0,170.18,177.8,145.0,23.0,27.0,0,0,0,0,0,0,1,0,0,0,0,0,0,0,0,1,0,0,0,0,0,0,1,0
Red,False,0.0,0.0,0.41,0.41,0.8,0.0,2.0,0.0,0.0,0.0,17.0,7.0,12.0,5.0,89.0,68.0,67.0,60.0,5.0,4.0,0.0,0.0,13.0,4.0,7.0,0.0,1.0,1.0,1.0,1.0,3.0,2.0,4.0,4.0,12.0,4.0,12.0,5.0,0.0,0.0,0.0,0.0,5.0,3.0,0.0,0.0,708.0,0.0,900.0,3,0,1,0,1,1,0,0,1,0,0,0,0,0,185.42,190.5,205.0,0.0,0.5625,0.27,0.556875,0.40875,0.25,0.625,0.40625,0.0,0.0,17.375,7.65625,22.59375,11.34375,33.78125,22.59375,43.5,31.28125,3.0,1.4375,0.25,0.25,15.46875,5.875,16.90625,6.3125,1.59375,1.53125,3.21875,2.875,0.3125,0.25,2.46875,2.15625,7.4375,2.25,11.5,3.0,2.3125,1.84375,5.0625,4.25,7.625,3.5625,6.03125,4.09375,245.75,49.625,601.0,19,4,1,0,2,3,3,0,0,0,3,0,0,0,177.8,177.8,205.0,26.0,30.0,0,0,0,0,0,1,0,0,0,0,0,0,0,0,0,1,0,0,0,0,1,0,0,0
Red,False,0.0,0.0,0.75,0.345,0.5,1.0,0.5,1.0,0.0,0.0,11.0,6.5,26.5,11.5,21.0,16.0,88.0,68.0,1.0,0.5,3.5,3.5,6.5,3.0,20.0,8.0,2.0,1.0,2.5,1.5,2.5,2.5,4.0,2.0,8.0,4.5,7.5,2.0,1.5,0.5,5.5,3.5,1.5,1.5,13.5,6.0,93.5,386.0,553.5,4,0,0,1,1,1,1,0,0,0,0,0,1,0,182.88,187.96,170.0,0.0471682548522949,0.0,0.45,0.4217682266235352,0.25,0.19173828125,0.1875,0.125,0.0,0.0,69.5,30.5,66.984375,27.8466796875,94.0,48.544921875,88.50390625,44.75,2.0,0.8125,2.015625,0.6640625,54.0,19.01513671875,51.483436584472656,16.9437255859375,7.91796875,5.430633544921875,7.75,5.0625,4.780975341796875,3.9373779296875,4.8994140625,3.84375,51.025390625,18.400863647460938,50.515625,17.5,5.75,3.75,5.5,3.5,5.375,3.6875,4.0,2.65625,104.865234375,89.5,655.8441009521484,0,0,0,0,0,0,0,0,0,0,0,0,0,0,182.88,182.88,185.0,25.0,24.0,0,0,0,0,0,0,0,1,0,0,0,0,0,0,0,1,0,0,0,0,1,0,0,0
Red,False,0.0,0.0,0.48,0.42,0.31,0.0,0.0,0.5,0.0,0.0,59.0,29.0,72.0,28.0,65.5,35.0,99.5,55.0,14.5,2.5,0.0,0.0,43.0,18.0,64.5,21.0,2.5,2.0,3.5,3.0,13.5,9.0,4.0,4.0,47.5,21.5,53.0,18.0,5.5,3.5,16.5,9.5,6.0,4.0,2.5,0.5,84.0,110.0,804.0,6,1,0,1,1,1,1,0,0,0,0,1,0,0,170.18,177.8,155.0,0.5,0.0,0.7150000000000001,0.31,0.5,0.5,0.0,0.0,0.0,0.0,20.0,14.0,6.0,2.0,49.5,43.5,22.0,18.0,1.5,1.0,1.0,0.5,16.5,10.5,4.5,0.5,3.5,3.5,1.0,1.0,0.0,0.0,0.5,0.5,5.0,1.5,3.5,0.5,3.5,3.5,1.0,1.0,11.5,9.0,1.5,0.5,139.0,65.5,229.5,2,0,2,0,2,2,0,0,0,0,0,2,0,0,175.26,177.8,155.0,26.0,22.0,0,0,0,0,0,0,1,0,0,0,0,0,0,0,0,0,0,1,0,0,1,0,0,0
Red,False,0.0,0.0,0.72,0.66,1.0,0.0,0.0,0.0,0.0,0.0,54.0,39.0,3.0,2.0,230.0,210.0,42.0,41.0,2.0,2.0,0.0,0.0,28.0,13.0,0.0,0.0,26.0,26.0,0.0,0.0,0.0,0.0,3.0,2.0,2.0,1.0,3.0,2.0,0.0,0.0,0.0,0.0,52.0,38.0,0.0,0.0,584.0,0.0,600.0,2,0,1,0,1,1,0,0,0,0,1,0,0,0,175.26,182.88,170.0,0.0,0.0,0.545,0.25,0.5,0.0,0.0,0.0,0.0,0.0,37.5,19.5,9.5,4.5,102.5,78.5,13.0,8.0,2.5,2.5,1.0,0.0,31.0,16.0,7.0,3.0,2.5,1.5,1.0,0.0,4.0,2.0,1.5,1.5,7.0,1.5,6.5,2.5,6.0,4.0,1.5,0.5,24.5,14.0,1.5,1.5,430.0,6.0,519.5,4,0,2,0,2,2,0,0,0,0,0,1,0,0,182.88,187.96,185.0,25.0,31.0,0,0,0,0,0,0,0,1,0,0,0,0,0,0,0,1,0,0,0,0,0,0,1,0
Red,True,0.5,0.0,0.535,0.345,0.7450000000000001,0.25,1.5,0.0,0.0,0.0,34.25,12.25,48.75,21.0,59.0,34.25,70.25,41.25,4.0,2.75,0.75,0.75,28.0,6.25,42.25,14.5,2.5,2.5,2.5,2.5,3.75,3.5,4.0,4.0,27.0,9.25,36.5,13.25,4.0,2.25,6.5,4.0,3.25,0.75,5.75,3.75,135.5,22.0,623.0,6,2,1,0,1,2,1,0,0,0,0,0,2,0,175.26,175.26,170.0,0.0,0.0,0.8075,0.32,0.8025,0.0,0.0,0.75,0.0,0.0,37.5,24.25,6.75,2.25,52.0,38.75,21.25,16.5,3.5,2.25,0.0,0.0,28.75,15.5,6.25,1.75,8.75,8.75,0.5,0.5,0.0,0.0,0.0,0.0,7.25,3.25,5.5,1.25,1.25,0.5,0.5,0.5,29.0,20.5,0.75,0.5,67.5,0.0,303.5,5,0,2,0,2,2,1,0,0,0,1,0,0,1,175.26,185.42,170.0,25.0,28.0,0,0,0,0,0,0,0,0,0,1,0,0,0,0,0,1,0,0,0,0,0,0,0,1
Red,False,0.015625,0.0,0.45,0.4275,0.25,0.2,0.148468017578125,0.098388671875,0.0,0.0,66.5,29.6875,64.31230545043945,27.34375,89.75,48.0,85.53125,44.41152191162109,2.0,0.75,2.0546875,0.75,51.1875,18.3359375,49.6123046875,16.280410766601562,7.5,5.07647705078125,7.5,5.0,4.5,3.625,4.984375,3.9375,48.6875,17.0,47.11572265625,16.5,5.75,3.75,5.3125,3.4375,5.0625,3.5,3.875,2.5,99.2119140625,94.125,638.5,0,0,0,0,0,0,0,0,0,0,0,0,0,0,177.8,177.8,205.0,0.0,0.0,0.36875,0.7375,0.5,0.625,0.625,0.0,0.0,0.0,19.125,13.875,9.75,5.75,23.5,18.0,17.875,12.625,0.5,0.5,0.625,0.625,12.25,8.25,8.125,4.125,4.875,3.875,1.125,1.125,2.0,1.75,0.5,0.5,4.0,2.125,3.375,0.875,4.625,3.25,3.375,3.125,10.5,8.5,3.0,1.75,63.25,0.5,172.375,4,1,3,0,3,3,1,0,0,0,0,2,1,0,182.88,187.96,185.0,29.0,30.0,0,0,0,0,0,1,0,0,0,0,0,0,0,0,0,1,0,0,0,0,1,0,0,0
Red,False,0.28125,1.0,0.5421875,0.42125,0.1875,0.1653125,0.59375,0.65625,0.0,0.03125,16.96875,8.15625,29.71875,12.125,36.5625,25.71875,49.8125,29.4375,2.0625,0.5625,3.28125,1.6875,13.25,5.84375,22.65625,6.4375,1.40625,0.84375,4.8125,4.28125,2.3125,1.46875,2.25,1.40625,9.125,3.125,14.375,6.34375,1.875,0.90625,3.5,1.5,5.96875,4.125,11.84375,4.28125,161.0,276.0,676.5625,13,1,1,0,2,3,3,0,0,0,0,1,2,0,190.5,190.5,235.0,0.0,0.0,0.6,0.42,0.25,0.0,1.0,0.0,1.0,0.0,50.0,30.0,26.0,11.0,84.0,64.0,33.0,18.0,8.0,2.0,1.0,0.0,43.0,23.0,25.0,10.0,3.0,3.0,0.0,0.0,4.0,4.0,1.0,1.0,19.0,7.0,19.0,7.0,3.0,3.0,7.0,4.0,28.0,20.0,0.0,0.0,445.0,18.0,683.0,3,0,1,0,1,1,0,0,0,0,0,1,0,0,193.04,193.04,265.0,26.0,24.0,0,0,0,0,1,0,0,0,0,0,0,0,0,0,0,1,0,0,0,0,1,0,0,0
Red,True,0.9375,0.0,0.349921875,0.4296875,0.0,0.137734375,0.0,0.125,0.0,0.0,82.578125,30.640625,90.4140625,46.3203125,102.28125,49.1875,132.0859375,87.3203125,0.0,0.0,8.046875,1.6484375,67.484375,18.7109375,71.8046875,31.3359375,2.25,2.25,4.4296875,3.125,12.84375,9.6796875,14.1796875,11.859375,66.890625,22.046875,52.78125,22.65625,10.90625,5.5390625,19.2734375,12.734375,4.78125,3.0546875,18.359375,10.9296875,129.875,252.375,1031.8359375,20,2,4,0,4,6,2,0,0,1,0,5,0,0,185.42,185.42,241.0,0.0,0.5,0.643125,0.4675,0.6,0.25,0.46875,0.25,0.0,0.0,76.4375,46.53125,62.1875,26.25,134.40625,103.625,89.78125,52.84375,8.25,2.25,0.5625,0.5,62.21875,34.5625,50.6875,16.5,4.46875,3.71875,3.25,3.125,9.75,8.25,8.25,6.625,30.0625,14.125,46.8125,16.1875,18.625,14.875,9.25,5.4375,27.75,17.53125,6.125,4.625,283.25,260.75,1159.53125,14,4,6,0,6,6,0,0,1,0,1,3,1,0,185.42,190.5,205.0,27.0,38.0,0,0,0,0,1,0,0,0,0,0,0,0,0,0,0,1,0,0,0,0,1,0,0,0
Red,False,0.5,0.0,0.54,0.39,0.5,0.0,0.0,0.0,0.0,0.0,33.5,15.0,28.0,21.5,67.5,44.0,50.0,43.5,2.0,2.0,0.0,0.0,23.5,6.0,15.5,9.5,10.0,9.0,10.5,10.5,0.0,0.0,2.0,1.5,7.0,0.0,2.0,1.5,17.0,12.0,26.0,20.0,9.5,3.0,0.0,0.0,246.5,255.5,553.5,4,0,0,2,0,0,2,0,0,0,0,0,0,0,187.96,187.96,245.0,0.0,0.25,0.56,0.7075,0.75,0.1,0.75,0.0,0.0,0.0,39.75,19.0,27.25,10.75,53.5,31.75,34.25,16.75,0.75,0.75,1.25,0.5,31.25,11.75,21.75,6.75,3.5,2.75,0.75,0.75,5.0,4.5,4.75,3.25,21.0,7.5,18.75,6.5,7.5,4.0,4.25,2.5,11.25,7.5,4.25,1.75,127.0,126.75,414.25,5,0,1,0,1,2,1,0,0,0,0,1,1,0,190.5,198.12,250.0,33.0,23.0,0,0,0,0,1,0,0,0,0,0,0,0,0,0,0,1,0,0,0,0,1,0,0,0
Red,False,0.015625,0.0,0.45,0.4275,0.25,0.2,0.148468017578125,0.098388671875,0.0,0.0,66.5,29.6875,64.31230545043945,27.34375,89.75,48.0,85.53125,44.41152191162109,2.0,0.75,2.0546875,0.75,51.1875,18.3359375,49.6123046875,16.280410766601562,7.5,5.07647705078125,7.5,5.0,4.5,3.625,4.984375,3.9375,48.6875,17.0,47.11572265625,16.5,5.75,3.75,5.3125,3.4375,5.0625,3.5,3.875,2.5,99.2119140625,94.125,638.5,0,0,0,0,0,0,0,0,0,0,0,0,0,0,190.5,190.5,227.0,0.0471682548522949,0.0,0.45,0.4217682266235352,0.25,0.19173828125,0.1875,0.125,0.0,0.0,69.5,30.5,66.984375,27.8466796875,94.0,48.544921875,88.50390625,44.75,2.0,0.8125,2.015625,0.6640625,54.0,19.01513671875,51.483436584472656,16.9437255859375,7.91796875,5.430633544921875,7.75,5.0625,4.780975341796875,3.9373779296875,4.8994140625,3.84375,51.025390625,18.400863647460938,50.515625,17.5,5.75,3.75,5.5,3.5,5.375,3.6875,4.0,2.65625,104.865234375,89.5,655.8441009521484,0,0,0,0,0,0,0,0,0,0,0,0,0,0,190.5,200.66,264.0,33.0,22.0,0,0,0,0,1,0,0,0,0,0,0,0,0,0,0,1,0,0,0,0,0,0,1,0
Red,False,0.25,0.0,0.39125,0.3725,0.0,0.53125,0.375,1.0,0.0,0.0,24.625,7.375,17.5,6.125,40.125,21.25,33.875,20.25,0.125,0.0,2.5,1.25,22.375,5.75,14.375,4.5,2.0,1.375,1.0,1.0,0.25,0.25,2.125,0.625,20.125,3.75,9.75,1.875,3.375,2.5,0.625,0.5,1.125,1.125,7.125,3.75,22.0,187.375,351.875,7,0,2,0,2,2,2,0,0,0,0,2,0,0,172.72,172.72,185.0,0.0,0.0,0.5,0.44,0.0,1.0,0.0,0.0,0.0,0.0,18.0,9.0,49.0,22.0,25.0,16.0,153.0,118.0,1.0,0.0,5.0,5.0,13.0,6.0,36.0,15.0,2.0,0.0,5.0,3.0,3.0,3.0,8.0,4.0,12.0,5.0,12.0,3.0,3.0,1.0,11.0,7.0,3.0,3.0,26.0,12.0,0.0,734.0,861.0,3,0,0,1,0,0,1,0,0,0,0,0,0,0,182.88,187.96,170.0,35.0,24.0,0,0,0,0,0,0,0,1,0,0,0,0,0,0,0,1,0,0,0,0,1,0,0,0
Red,True,0.015625,0.0,0.45,0.4275,0.25,0.2,0.148468017578125,0.098388671875,0.0,0.0,66.5,29.6875,64.31230545043945,27.34375,89.75,48.0,85.53125,44.41152191162109,2.0,0.75,2.0546875,0.75,51.1875,18.3359375,49.6123046875,16.280410766601562,7.5,5.07647705078125,7.5,5.0,4.5,3.625,4.984375,3.9375,48.6875,17.0,47.11572265625,16.5,5.75,3.75,5.3125,3.4375,5.0625,3.5,3.875,2.5,99.2119140625,94.125,638.5,0,0,0,0,0,0,0,0,0,0,0,0,0,0,175.26,175.26,170.0,0.0,0.0,0.37,0.36,0.0,0.08,1.0,0.0,0.0,0.0,99.0,37.0,22.0,8.0,199.0,130.0,61.0,44.0,0.0,0.0,12.0,1.0,85.0,26.0,16.0,4.0,10.0,8.0,4.0,2.0,4.0,3.0,2.0,2.0,46.0,8.0,12.0,2.0,30.0,17.0,10.0,6.0,23.0,12.0,0.0,0.0,583.0,38.0,900.0,3,0,1,0,1,1,0,0,0,0,1,0,0,0,177.8,177.8,170.0,35.0,27.0,0,0,0,0,0,0,0,1,0,0,0,0,0,0,0,0,0,1,0,0,1,0,0,0
Red,False,0.0,0.0,0.52,0.0,1.0,0.0,1.0,0.0,0.0,1.0,21.0,11.0,6.0,0.0,37.0,23.0,7.0,1.0,4.0,4.0,0.0,0.0,20.0,10.0,5.0,0.0,1.0,1.0,0.0,0.0,0.0,0.0,1.0,0.0,1.0,0.0,5.0,0.0,2.0,2.0,0.0,0.0,18.0,9.0,1.0,0.0,290.0,12.0,331.0,2,0,1,0,1,1,0,0,0,0,0,0,1,0,187.96,187.96,183.0,0.5,0.0,0.5525,0.223125,0.0625,0.1012499999999999,0.0,0.1875,0.0625,0.0,32.875,17.25,8.9375,3.1875,38.9375,23.0625,13.0,7.25,0.125,0.125,6.375,0.5,21.75,8.6875,7.5,1.8125,2.4375,2.125,0.8125,0.75,8.6875,6.4375,0.625,0.625,22.9375,10.5625,6.5,2.0,6.625,3.875,2.375,1.125,3.3125,2.8125,0.0625,0.0625,41.25,40.75,383.125,7,0,1,0,3,4,1,0,0,0,2,1,0,1,187.96,193.04,205.0,35.0,31.0,0,0,0,0,0,1,0,0,0,0,0,0,0,0,0,1,0,0,0,0,1,0,0,0
Red,True,0.0,0.0,0.6,0.33,1.0,0.0,0.0,0.0,0.0,0.0,28.0,17.0,3.0,1.0,146.0,119.0,83.0,79.0,3.0,3.0,2.0,0.0,22.0,12.0,0.0,0.0,6.0,5.0,3.0,1.0,0.0,0.0,0.0,0.0,2.0,1.0,2.0,1.0,1.0,1.0,1.0,0.0,25.0,15.0,0.0,0.0,854.0,0.0,900.0,3,0,1,0,1,1,0,0,0,0,1,0,0,0,182.88,187.96,205.0,0.0625,0.125,0.6898828125,0.296875,0.964453125,0.0,0.25,0.08203125,0.0,0.03125,40.41796875,23.921875,8.62109375,3.4453125,64.609375,46.98828125,29.40234375,23.3515625,1.796875,1.5859375,0.06640625,0.0,37.296875,21.40234375,4.26171875,1.8671875,1.83984375,1.23828125,1.34375,0.375,1.28125,1.28125,3.015625,1.203125,6.0390625,2.0703125,7.59765625,2.8515625,3.09375,1.5859375,0.859375,0.4296875,31.28515625,20.265625,0.1640625,0.1640625,199.90625,1.21875,275.39453125,17,6,1,0,4,7,2,0,0,0,1,4,1,1,190.5,187.96,205.0,30.0,26.0,0,0,0,0,0,1,0,0,0,0,0,0,0,0,0,1,0,0,0,0,1,0,0,0
Red,False,0.015625,0.0,0.45,0.4275,0.25,0.2,0.148468017578125,0.098388671875,0.0,0.0,66.5,29.6875,64.31230545043945,27.34375,89.75,48.0,85.53125,44.41152191162109,2.0,0.75,2.0546875,0.75,51.1875,18.3359375,49.6123046875,16.280410766601562,7.5,5.07647705078125,7.5,5.0,4.5,3.625,4.984375,3.9375,48.6875,17.0,47.11572265625,16.5,5.75,3.75,5.3125,3.4375,5.0625,3.5,3.875,2.5,99.2119140625,94.125,638.5,0,0,0,0,0,0,0,0,0,0,0,0,0,0,175.26,185.42,155.0,0.0,2.0,0.4,0.54,0.15,0.66,3.0,0.0,1.0,2.0,25.0,10.0,33.0,18.0,44.0,27.0,65.0,49.0,13.0,2.0,3.0,2.0,18.0,5.0,17.0,6.0,2.0,2.0,7.0,6.0,5.0,3.0,9.0,6.0,19.0,5.0,16.0,10.0,4.0,3.0,6.0,6.0,2.0,2.0,11.0,2.0,271.0,363.0,891.0,3,0,0,1,0,0,1,0,0,0,0,0,0,0,167.64,172.72,170.0,24.0,27.0,0,0,0,0,0,0,0,0,0,1,0,0,0,0,0,0,0,1,0,0,1,0,0,0
Red,True,0.0,0.0,0.0,1.0,0.0,1.0,1.0,0.0,0.0,0.0,0.0,0.0,1.0,1.0,0.0,0.0,1.0,1.0,0.0,0.0,1.0,1.0,0.0,0.0,0.0,0.0,0.0,0.0,1.0,1.0,0.0,0.0,0.0,0.0,0.0,0.0,0.0,0.0,0.0,0.0,0.0,0.0,0.0,0.0,1.0,1.0,0.0,11.0,20.0,1,0,1,0,1,1,0,0,0,0,0,0,1,0,175.26,182.88,155.0,0.25,0.0,0.345625,0.3225,0.0625,0.0975,0.1875,0.0,0.125,0.0,88.5,32.125,64.3125,29.0,119.75,62.625,71.4375,35.6875,0.25,0.1875,14.875,1.6875,80.0,24.375,44.8125,16.5,4.875,4.1875,4.375,3.125,3.625,3.5625,15.125,9.375,59.5625,16.375,53.875,22.0625,20.0,12.375,8.5,5.5625,8.9375,3.375,1.9375,1.375,171.375,66.9375,932.5625,13,1,0,1,4,4,1,0,0,0,2,2,0,0,170.18,177.8,145.0,25.0,26.0,0,0,0,0,0,0,1,0,0,0,0,0,0,0,0,1,0,0,0,0,0,0,1,0
Red,False,0.0,0.0,0.4549999999999999,0.555,0.5,0.0,1.0,1.5,0.0,0.5,25.5,14.5,10.0,2.0,37.0,26.0,65.5,55.0,2.5,2.5,0.5,0.0,25.0,14.0,9.0,1.0,0.5,0.5,0.0,0.0,0.0,0.0,1.0,1.0,4.5,1.0,9.5,2.0,1.5,1.0,0.5,0.0,19.5,12.5,0.0,0.0,315.5,33.5,482.5,4,0,2,0,2,2,0,0,0,0,1,0,1,0,182.88,177.8,170.0,0.0471682548522949,0.0,0.45,0.4217682266235352,0.25,0.19173828125,0.1875,0.125,0.0,0.0,69.5,30.5,66.984375,27.8466796875,94.0,48.544921875,88.50390625,44.75,2.0,0.8125,2.015625,0.6640625,54.0,19.01513671875,51.483436584472656,16.9437255859375,7.91796875,5.430633544921875,7.75,5.0625,4.780975341796875,3.9373779296875,4.8994140625,3.84375,51.025390625,18.400863647460938,50.515625,17.5,5.75,3.75,5.5,3.5,5.375,3.6875,4.0,2.65625,104.865234375,89.5,655.8441009521484,0,0,0,0,0,0,0,0,0,0,0,0,0,0,175.26,175.26,170.0,27.0,30.0,0,0,0,0,0,0,0,0,0,1,0,0,0,0,0,0,0,1,0,0,0,0,1,0
Red,False,0.0,0.03125,0.469375,0.4740625,0.315,0.25,0.9375,0.03125,0.0,0.0,10.46875,5.0625,12.90625,5.90625,13.1875,7.6875,20.65625,12.9375,1.0625,0.46875,2.25,1.0,8.25,3.125,11.125,4.46875,0.6875,0.5625,0.65625,0.59375,1.53125,1.375,1.125,0.84375,6.90625,3.125,5.40625,1.65625,2.0625,0.9375,1.71875,0.8125,1.5,1.0,5.78125,3.4375,28.875,50.71875,132.03125,8,0,0,2,3,3,3,0,0,0,0,1,2,0,172.72,172.72,155.0,0.0,1.0,0.2,0.75,1.0,0.0,0.0,0.0,0.0,0.0,5.0,1.0,8.0,6.0,29.0,25.0,13.0,11.0,1.0,1.0,1.0,0.0,5.0,1.0,5.0,3.0,0.0,0.0,3.0,3.0,0.0,0.0,0.0,0.0,2.0,0.0,2.0,0.0,0.0,0.0,4.0,4.0,3.0,1.0,2.0,2.0,125.0,8.0,162.0,1,0,0,1,0,0,1,0,0,0,0,0,0,0,175.26,175.26,155.0,31.0,24.0,0,0,0,0,0,0,1,0,0,0,0,0,0,0,0,1,0,0,0,0,1,0,0,0
Red,False,0.015625,0.0,0.45,0.4275,0.25,0.2,0.148468017578125,0.098388671875,0.0,0.0,66.5,29.6875,64.31230545043945,27.34375,89.75,48.0,85.53125,44.41152191162109,2.0,0.75,2.0546875,0.75,51.1875,18.3359375,49.6123046875,16.280410766601562,7.5,5.07647705078125,7.5,5.0,4.5,3.625,4.984375,3.9375,48.6875,17.0,47.11572265625,16.5,5.75,3.75,5.3125,3.4375,5.0625,3.5,3.875,2.5,99.2119140625,94.125,638.5,0,0,0,0,0,0,0,0,0,0,0,0,0,0,175.26,175.26,155.0,0.0,0.0,0.68,0.42,1.0,0.0,0.0,0.0,0.0,0.0,32.0,22.0,7.0,3.0,86.0,76.0,15.0,11.0,2.0,2.0,1.0,0.0,28.0,18.0,4.0,0.0,4.0,4.0,2.0,2.0,0.0,0.0,1.0,1.0,8.0,3.0,5.0,1.0,3.0,3.0,2.0,2.0,21.0,16.0,0.0,0.0,270.0,6.0,297.0,1,0,1,0,1,1,0,0,0,0,0,1,0,0,175.26,177.8,155.0,24.0,22.0,0,0,0,0,0,0,1,0,0,0,0,0,0,0,0,1,0,0,0,0,1,0,0,0
Red,False,0.0,0.0,0.5,0.0,1.0,0.0,2.0,0.0,0.0,0.0,4.0,2.0,5.0,0.0,4.0,2.0,5.0,0.0,1.0,1.0,1.0,0.0,3.0,1.0,5.0,0.0,0.0,0.0,0.0,0.0,1.0,1.0,0.0,0.0,2.0,2.0,3.0,0.0,2.0,0.0,2.0,0.0,0.0,0.0,0.0,0.0,13.0,4.0,55.0,1,0,1,0,1,1,0,0,0,0,0,0,1,0,190.5,195.58,240.0,0.0471682548522949,0.0,0.45,0.4217682266235352,0.25,0.19173828125,0.1875,0.125,0.0,0.0,69.5,30.5,66.984375,27.8466796875,94.0,48.544921875,88.50390625,44.75,2.0,0.8125,2.015625,0.6640625,54.0,19.01513671875,51.483436584472656,16.9437255859375,7.91796875,5.430633544921875,7.75,5.0625,4.780975341796875,3.9373779296875,4.8994140625,3.84375,51.025390625,18.400863647460938,50.515625,17.5,5.75,3.75,5.5,3.5,5.375,3.6875,4.0,2.65625,104.865234375,89.5,655.8441009521484,0,0,0,0,0,0,0,0,0,0,0,0,0,0,193.04,193.04,265.0,22.0,23.0,0,0,0,0,1,0,0,0,0,0,0,0,0,0,0,1,0,0,0,0,1,0,0,0
Red,True,0.0,0.0,0.4,0.4,0.0,0.0,2.0,0.0,0.0,0.0,5.0,2.0,10.0,4.0,24.0,21.0,37.0,28.0,0.0,0.0,0.0,0.0,3.0,0.0,8.0,3.0,1.0,1.0,2.0,1.0,1.0,1.0,0.0,0.0,5.0,2.0,8.0,2.0,0.0,0.0,0.0,0.0,0.0,0.0,2.0,2.0,0.0,150.0,172.0,1,0,1,0,1,1,0,0,0,0,0,0,1,0,190.5,195.58,205.0,0.125,0.25,0.789765625,0.22375,0.92890625,0.0,0.5,0.1640625,0.0,0.0625,21.8359375,12.84375,9.2421875,3.890625,47.21875,35.9765625,40.8046875,34.703125,2.59375,2.171875,0.1328125,0.0,19.59375,10.8046875,5.5234375,1.734375,1.6796875,1.4765625,1.6875,0.75,0.5625,0.5625,2.03125,1.40625,3.078125,1.140625,7.1953125,2.703125,3.1875,2.171875,1.71875,0.859375,15.5703125,9.53125,0.328125,0.328125,227.8125,2.4375,338.7890625,16,5,1,0,3,6,2,0,0,0,1,3,1,1,190.5,187.96,205.0,30.0,26.0,0,0,0,0,0,1,0,0,0,0,0,0,0,0,0,1,0,0,0,0,1,0,0,0
Red,False,0.015625,0.0,0.45,0.4275,0.25,0.2,0.148468017578125,0.098388671875,0.0,0.0,66.5,29.6875,64.31230545043945,27.34375,89.75,48.0,85.53125,44.41152191162109,2.0,0.75,2.0546875,0.75,51.1875,18.3359375,49.6123046875,16.280410766601562,7.5,5.07647705078125,7.5,5.0,4.5,3.625,4.984375,3.9375,48.6875,17.0,47.11572265625,16.5,5.75,3.75,5.3125,3.4375,5.0625,3.5,3.875,2.5,99.2119140625,94.125,638.5,0,0,0,0,0,0,0,0,0,0,0,0,0,0,170.18,170.18,155.0,0.0,0.0,0.58,0.11,1.0,0.0,0.0,3.0,0.0,1.0,48.0,28.0,18.0,2.0,71.0,51.0,129.0,108.0,5.0,5.0,0.0,0.0,47.0,27.0,18.0,2.0,1.0,1.0,0.0,0.0,0.0,0.0,0.0,0.0,6.0,1.0,17.0,2.0,3.0,2.0,1.0,0.0,39.0,25.0,0.0,0.0,599.0,67.0,900.0,3,0,1,0,1,1,0,0,0,0,1,0,0,0,182.88,177.8,170.0,29.0,26.0,0,0,0,0,0,0,1,0,0,0,0,0,0,0,0,1,0,0,0,0,0,0,1,0
Red,False,0.0,0.0625,0.47875,0.478125,0.63,0.0,0.875,0.0625,0.0,0.0,7.9375,4.125,8.8125,3.8125,12.375,8.375,17.3125,11.875,2.125,0.9375,0.5,0.0,5.5,2.25,6.25,1.9375,1.375,1.125,1.3125,1.1875,1.0625,0.75,1.25,0.6875,3.8125,1.25,4.8125,1.3125,1.125,0.875,2.4375,1.625,3.0,2.0,1.5625,0.875,57.75,47.4375,156.0625,7,0,0,2,3,3,2,0,0,0,0,1,2,0,172.72,172.72,155.0,0.0,0.0,0.49,0.38,0.12,0.0,0.0,0.0,0.0,0.0,101.0,50.0,131.0,50.0,107.0,56.0,185.0,103.0,25.0,3.0,0.0,0.0,70.0,29.0,118.0,38.0,5.0,4.0,7.0,6.0,26.0,17.0,6.0,6.0,89.0,41.0,96.0,31.0,10.0,7.0,30.0,18.0,2.0,2.0,5.0,1.0,114.0,220.0,1500.0,5,1,0,1,0,0,1,0,0,0,0,0,0,0,170.18,177.8,155.0,30.0,26.0,0,0,0,0,0,0,1,0,0,0,0,0,0,0,0,1,0,0,0,0,0,0,1,0
Red,False,1.0,0.0,0.5549999999999999,0.52,0.0,0.625,0.0,1.0,1.0,0.5,29.0,17.5,32.5,15.0,44.5,31.5,47.5,27.5,0.0,0.0,5.0,2.0,24.0,14.5,32.0,15.0,5.0,3.0,0.5,0.0,0.0,0.0,0.0,0.0,10.5,5.5,3.0,0.5,3.0,2.5,0.0,0.0,15.5,9.5,29.5,14.5,129.5,241.0,430.0,4,1,1,0,1,1,1,0,0,0,0,1,0,0,180.34,180.34,183.0,0.0471682548522949,0.0,0.45,0.4217682266235352,0.25,0.19173828125,0.1875,0.125,0.0,0.0,69.5,30.5,66.984375,27.8466796875,94.0,48.544921875,88.50390625,44.75,2.0,0.8125,2.015625,0.6640625,54.0,19.01513671875,51.483436584472656,16.9437255859375,7.91796875,5.430633544921875,7.75,5.0625,4.780975341796875,3.9373779296875,4.8994140625,3.84375,51.025390625,18.400863647460938,50.515625,17.5,5.75,3.75,5.5,3.5,5.375,3.6875,4.0,2.65625,104.865234375,89.5,655.8441009521484,0,0,0,0,0,0,0,0,0,0,0,0,0,0,182.88,187.96,205.0,25.0,30.0,0,0,0,0,0,1,0,0,0,0,0,0,0,0,0,0,0,1,0,0,1,0,0,0
Red,False,2.0,0.0,0.57,0.66,0.0,0.25,0.0,0.0,0.0,0.0,26.0,15.0,9.0,6.0,34.0,22.0,18.0,14.0,0.0,0.0,4.0,1.0,14.0,5.0,8.0,6.0,9.0,8.0,0.0,0.0,3.0,2.0,1.0,0.0,20.0,11.0,3.0,1.0,4.0,2.0,0.0,0.0,2.0,2.0,6.0,5.0,22.0,287.0,388.0,2,0,1,0,1,1,0,0,0,0,0,1,0,0,208.28,208.28,265.0,0.0,0.5,0.54,0.415,0.5,0.2,0.5,0.0,0.0,0.0,62.5,28.0,53.5,20.5,79.0,42.5,62.5,29.5,0.5,0.5,2.5,1.0,45.5,13.5,43.5,13.5,7.0,5.5,1.5,1.5,10.0,9.0,8.5,5.5,41.0,15.0,36.5,12.0,15.0,8.0,8.5,5.0,6.5,5.0,8.5,3.5,39.0,221.5,567.5,4,0,1,0,1,1,1,0,0,0,0,1,0,0,190.5,198.12,250.0,27.0,23.0,0,0,0,0,1,0,0,0,0,0,0,0,0,0,0,1,0,0,0,0,1,0,0,0
Red,False,1.0,0.0,0.525,0.35,0.6625000000000001,0.075,0.0,1.75,1.25,1.0,40.25,21.0,27.0,9.5,72.25,51.0,58.75,38.0,4.5,3.0,7.5,1.0,25.0,9.5,20.5,5.25,6.75,5.25,3.25,2.5,8.5,6.25,3.25,1.75,25.0,12.75,21.5,6.0,5.0,4.5,4.25,2.5,10.25,3.75,1.25,1.0,313.5,189.75,745.5,7,0,3,0,3,3,0,0,0,0,2,1,0,0,177.8,177.8,170.0,0.0,0.0,0.4326562499999999,0.3496875,0.40796875,0.36359375,0.640625,0.8203125,0.0078125,0.0234375,52.9453125,21.265625,32.953125,9.5859375,77.2578125,44.5390625,59.34375,33.265625,1.234375,1.109375,4.3125,2.0859375,44.125,13.6328125,26.7265625,3.9375,3.1640625,2.71875,3.203125,3.078125,5.65625,4.9140625,3.0234375,2.5703125,43.4921875,14.859375,24.9921875,5.7734375,4.6015625,2.7109375,4.578125,3.1640625,4.8515625,3.6953125,3.3828125,0.6484375,131.875,136.0,634.828125,18,7,7,0,7,7,1,0,0,2,1,0,3,1,177.8,177.8,170.0,29.0,33.0,0,0,0,0,0,0,0,0,0,1,0,0,0,0,0,0,0,1,0,0,1,0,0,0
Red,False,0.015625,0.0,0.45,0.4275,0.25,0.2,0.148468017578125,0.098388671875,0.0,0.0,66.5,29.6875,64.31230545043945,27.34375,89.75,48.0,85.53125,44.41152191162109,2.0,0.75,2.0546875,0.75,51.1875,18.3359375,49.6123046875,16.280410766601562,7.5,5.07647705078125,7.5,5.0,4.5,3.625,4.984375,3.9375,48.6875,17.0,47.11572265625,16.5,5.75,3.75,5.3125,3.4375,5.0625,3.5,3.875,2.5,99.2119140625,94.125,638.5,0,0,0,0,0,0,0,0,0,0,0,0,0,0,182.88,187.96,170.0,0.0,0.0,0.65,0.0,0.0,0.0,0.0,0.0,0.0,0.0,26.0,17.0,1.0,0.0,52.0,39.0,1.0,0.0,0.0,0.0,1.0,0.0,26.0,17.0,1.0,0.0,0.0,0.0,0.0,0.0,0.0,0.0,0.0,0.0,2.0,0.0,1.0,0.0,1.0,1.0,0.0,0.0,23.0,16.0,0.0,0.0,126.0,12.0,178.0,1,0,1,0,1,1,0,0,0,0,0,1,0,0,182.88,187.96,185.0,24.0,30.0,0,0,0,0,0,1,0,0,0,0,0,0,0,0,0,1,0,0,0,0,0,0,1,0
Red,True,0.0,0.0,0.5053124999999999,0.4393749999999999,0.8159375,0.0671875,1.28125,0.640625,0.015625,0.046875,29.890625,14.53125,13.90625,5.171875,54.515625,39.078125,22.6875,13.53125,2.46875,2.21875,2.625,0.171875,24.25,11.265625,8.453125,0.875,2.328125,1.4375,2.40625,2.15625,3.3125,1.828125,3.046875,2.140625,18.984375,5.71875,9.984375,2.546875,3.203125,2.421875,3.15625,2.328125,7.703125,6.390625,0.765625,0.296875,219.75,1.0,499.65625,15,6,7,0,7,7,0,0,0,2,1,0,3,1,177.8,177.8,170.0,1.0,0.0,0.81,0.33,0.8300000000000001,0.5,2.0,0.0,0.0,0.0,16.5,10.5,21.5,14.0,22.0,15.5,40.5,32.5,2.0,1.5,1.5,1.5,11.0,5.5,20.5,13.0,1.0,1.0,1.0,1.0,4.5,4.0,0.0,0.0,14.0,9.5,5.0,2.5,2.0,0.5,7.0,5.0,0.5,0.5,9.5,6.5,0.0,0.0,476.0,3,1,1,0,1,1,1,0,0,0,0,0,1,0,175.26,175.26,170.0,33.0,24.0,0,0,0,0,0,0,0,0,0,1,0,0,0,0,0,1,0,0,0,0,1,0,0,0
Red,False,0.5625,0.0,0.424375,0.2725,0.125,0.330625,1.1875,1.3125,0.0,0.0625,24.9375,10.3125,33.4375,9.25,55.125,37.4375,65.625,36.875,0.125,0.125,6.5625,3.375,18.5,5.6875,31.3125,7.875,2.8125,1.6875,0.625,0.5625,3.625,2.9375,1.5,0.8125,15.25,5.25,8.75,1.6875,3.75,1.8125,3.0,1.0,5.9375,3.25,21.6875,6.5625,35.0,530.0,965.125,11,1,1,0,2,3,2,0,0,0,0,1,2,0,190.5,190.5,235.0,0.0471682548522949,0.0,0.45,0.4217682266235352,0.25,0.19173828125,0.1875,0.125,0.0,0.0,69.5,30.5,66.984375,27.8466796875,94.0,48.544921875,88.50390625,44.75,2.0,0.8125,2.015625,0.6640625,54.0,19.01513671875,51.483436584472656,16.9437255859375,7.91796875,5.430633544921875,7.75,5.0625,4.780975341796875,3.9373779296875,4.8994140625,3.84375,51.025390625,18.400863647460938,50.515625,17.5,5.75,3.75,5.5,3.5,5.375,3.6875,4.0,2.65625,104.865234375,89.5,655.8441009521484,0,0,0,0,0,0,0,0,0,0,0,0,0,0,208.28,208.28,265.0,25.0,27.0,0,0,0,0,1,0,0,0,0,0,0,0,0,0,0,1,0,0,0,0,1,0,0,0
Red,False,0.015625,0.0,0.45,0.4275,0.25,0.2,0.148468017578125,0.098388671875,0.0,0.0,66.5,29.6875,64.31230545043945,27.34375,89.75,48.0,85.53125,44.41152191162109,2.0,0.75,2.0546875,0.75,51.1875,18.3359375,49.6123046875,16.280410766601562,7.5,5.07647705078125,7.5,5.0,4.5,3.625,4.984375,3.9375,48.6875,17.0,47.11572265625,16.5,5.75,3.75,5.3125,3.4375,5.0625,3.5,3.875,2.5,99.2119140625,94.125,638.5,0,0,0,0,0,0,0,0,0,0,0,0,0,0,180.34,180.34,155.0,0.0471682548522949,0.0,0.45,0.4217682266235352,0.25,0.19173828125,0.1875,0.125,0.0,0.0,69.5,30.5,66.984375,27.8466796875,94.0,48.544921875,88.50390625,44.75,2.0,0.8125,2.015625,0.6640625,54.0,19.01513671875,51.483436584472656,16.9437255859375,7.91796875,5.430633544921875,7.75,5.0625,4.780975341796875,3.9373779296875,4.8994140625,3.84375,51.025390625,18.400863647460938,50.515625,17.5,5.75,3.75,5.5,3.5,5.375,3.6875,4.0,2.65625,104.865234375,89.5,655.8441009521484,0,0,0,0,0,0,0,0,0,0,0,0,0,0,175.26,177.8,155.0,24.0,22.0,0,0,0,0,0,0,1,0,0,0,0,0,0,0,0,1,0,0,0,0,1,0,0,0
Red,False,0.015625,0.0,0.45,0.4275,0.25,0.2,0.148468017578125,0.098388671875,0.0,0.0,66.5,29.6875,64.31230545043945,27.34375,89.75,48.0,85.53125,44.41152191162109,2.0,0.75,2.0546875,0.75,51.1875,18.3359375,49.6123046875,16.280410766601562,7.5,5.07647705078125,7.5,5.0,4.5,3.625,4.984375,3.9375,48.6875,17.0,47.11572265625,16.5,5.75,3.75,5.3125,3.4375,5.0625,3.5,3.875,2.5,99.2119140625,94.125,638.5,0,0,0,0,0,0,0,0,0,0,0,0,0,0,180.34,180.34,170.0,0.0471682548522949,0.0,0.45,0.4217682266235352,0.25,0.19173828125,0.1875,0.125,0.0,0.0,69.5,30.5,66.984375,27.8466796875,94.0,48.544921875,88.50390625,44.75,2.0,0.8125,2.015625,0.6640625,54.0,19.01513671875,51.483436584472656,16.9437255859375,7.91796875,5.430633544921875,7.75,5.0625,4.780975341796875,3.9373779296875,4.8994140625,3.84375,51.025390625,18.400863647460938,50.515625,17.5,5.75,3.75,5.5,3.5,5.375,3.6875,4.0,2.65625,104.865234375,89.5,655.8441009521484,0,0,0,0,0,0,0,0,0,0,0,0,0,0,182.88,177.8,170.0,27.0,26.0,0,0,0,0,0,0,0,0,0,1,0,0,0,0,0,1,0,0,0,0,0,0,1,0
Red,False,0.015625,0.0,0.45,0.4275,0.25,0.2,0.148468017578125,0.098388671875,0.0,0.0,66.5,29.6875,64.31230545043945,27.34375,89.75,48.0,85.53125,44.41152191162109,2.0,0.75,2.0546875,0.75,51.1875,18.3359375,49.6123046875,16.280410766601562,7.5,5.07647705078125,7.5,5.0,4.5,3.625,4.984375,3.9375,48.6875,17.0,47.11572265625,16.5,5.75,3.75,5.3125,3.4375,5.0625,3.5,3.875,2.5,99.2119140625,94.125,638.5,0,0,0,0,0,0,0,0,0,0,0,0,0,0,167.64,172.72,170.0,0.0,0.0,0.51,0.3,0.665,0.0,0.0,0.5,0.5,1.0,47.5,24.0,29.0,9.0,79.5,53.0,73.5,49.0,6.0,4.0,2.0,0.0,33.0,13.0,23.0,5.5,6.5,4.5,4.5,3.0,8.0,6.5,1.5,0.5,34.0,15.5,24.0,7.0,4.0,3.0,4.5,2.0,9.5,5.5,0.5,0.0,264.0,108.5,600.0,4,0,2,0,2,2,0,0,0,0,2,0,0,0,177.8,177.8,170.0,26.0,29.0,0,0,0,0,0,0,0,0,0,1,0,0,0,0,0,1,0,0,0,0,0,0,1,0
Red,True,0.875,0.0,0.31984375,0.279375,0.0,0.07546875,0.0,0.25,0.0,0.0,57.15625,19.28125,62.828125,23.640625,60.5625,22.375,67.171875,27.640625,0.0,0.0,1.09375,0.296875,44.96875,10.421875,47.609375,11.671875,1.5,1.5,4.859375,3.25,10.6875,7.359375,10.359375,8.71875,48.78125,15.09375,48.5625,17.3125,7.8125,4.078125,12.546875,5.46875,0.5625,0.109375,1.71875,0.859375,3.75,26.75,563.671875,15,1,4,0,4,6,1,0,0,1,0,5,0,0,185.42,185.42,241.0,0.0,0.0,0.70625,0.555,1.0,0.5,0.9375,0.5,0.0,0.0,34.875,24.0625,16.375,10.5,71.8125,60.25,35.5625,29.6875,1.5,1.5,1.125,1.0,28.4375,18.125,11.375,6.0,4.9375,4.4375,3.5,3.25,1.5,1.5,1.5,1.25,3.125,0.25,8.625,3.375,11.25,9.75,4.5,3.875,20.5,14.0625,3.25,3.25,88.5,265.5,819.0625,9,3,5,0,5,5,0,0,1,0,0,3,1,0,185.42,190.5,205.0,27.0,37.0,0,0,0,0,1,0,0,0,0,0,0,0,0,0,0,1,0,0,0,0,1,0,0,0
Red,False,0.0,0.125,0.54,0.51375,0.8175,0.5,1.25,0.8125,0.0,0.0,34.75,15.3125,40.1875,19.6875,66.5625,44.1875,81.0,58.5625,4.0,2.875,0.5,0.5,30.9375,11.75,29.8125,10.625,3.1875,3.0625,5.4375,4.75,0.625,0.5,4.9375,4.3125,14.875,4.5,19.0,4.0,4.625,3.6875,9.125,7.5,15.25,7.125,12.0625,8.1875,451.5,97.25,1124.0,18,4,1,0,2,3,2,0,0,0,3,0,0,0,177.8,177.8,205.0,0.0,0.0,0.505,0.44625,0.125,0.2024999999999999,0.0,0.375,0.125,0.0,60.75,31.5,17.875,6.375,71.875,42.125,25.0,13.5,0.25,0.25,10.75,1.0,39.5,15.375,15.0,3.625,3.875,3.25,1.625,1.5,17.375,12.875,1.25,1.25,41.875,19.125,13.0,4.0,12.25,6.75,4.75,2.25,6.625,5.625,0.125,0.125,80.5,41.5,688.25,6,0,1,0,2,3,1,0,0,0,2,0,0,1,187.96,193.04,205.0,29.0,31.0,0,0,0,0,0,1,0,0,0,0,0,0,0,0,0,1,0,0,0,0,1,0,0,0
Red,False,0.0,0.0,0.7,0.47,1.0,0.4,1.0,0.0,0.0,0.0,24.0,17.0,21.0,10.0,55.0,44.0,35.0,24.0,1.0,1.0,5.0,2.0,17.0,10.0,20.0,9.0,5.0,5.0,0.0,0.0,2.0,2.0,1.0,1.0,4.0,1.0,2.0,1.0,7.0,6.0,2.0,2.0,13.0,10.0,17.0,7.0,78.0,442.0,574.0,2,0,1,0,1,1,0,0,0,0,0,1,0,0,190.5,198.12,250.0,0.75,0.0,0.2796875,0.17875,0.0,0.1509375,0.0,0.5,0.0,0.0,28.3125,7.5625,24.65625,8.28125,31.125,9.75,31.34375,14.28125,0.0,0.0,2.1875,0.59375,22.9375,2.84375,21.21875,6.34375,0.0,0.0,0.71875,0.5,5.375,4.71875,2.71875,1.4375,26.5625,7.1875,19.125,5.625,0.625,0.15625,2.09375,0.9375,1.125,0.21875,3.4375,1.71875,6.5,53.5,566.34375,13,1,4,0,4,5,1,0,0,1,0,4,0,0,185.42,185.42,241.0,23.0,26.0,0,0,0,0,1,0,0,0,0,0,0,0,0,0,0,1,0,0,0,0,1,0,0,0
Red,True,0.0,0.0,0.7375,0.475,1.0,0.25,1.25,0.0,0.0,0.0,37.25,27.75,12.5,4.5,46.0,36.0,28.75,18.25,1.0,1.0,0.25,0.25,24.5,16.5,12.25,4.25,8.75,7.75,0.25,0.25,4.0,3.5,0.0,0.0,7.0,4.25,5.75,0.75,9.25,6.5,2.75,2.25,21.0,17.0,4.0,1.5,125.5,0.0,312.75,3,0,3,0,3,3,0,0,0,0,0,2,1,0,182.88,187.96,185.0,0.25,0.5,0.57953125,0.4475,0.8578125,0.0,1.0,0.328125,0.0,0.125,36.671875,18.6875,17.484375,7.78125,87.4375,64.953125,80.609375,69.40625,4.1875,3.34375,0.265625,0.0,35.1875,17.609375,11.046875,3.46875,1.359375,0.953125,2.375,1.5,0.125,0.125,4.0625,2.8125,5.15625,1.28125,13.390625,5.40625,2.375,0.34375,3.4375,1.71875,29.140625,17.0625,0.65625,0.65625,454.625,3.875,645.578125,15,4,1,0,2,5,2,0,0,0,1,2,1,1,190.5,187.96,205.0,30.0,26.0,0,0,0,0,0,1,0,0,0,0,0,0,0,0,0,1,0,0,0,0,1,0,0,0
Red,True,0.015625,0.0,0.45,0.4275,0.25,0.2,0.148468017578125,0.098388671875,0.0,0.0,66.5,29.6875,64.31230545043945,27.34375,89.75,48.0,85.53125,44.41152191162109,2.0,0.75,2.0546875,0.75,51.1875,18.3359375,49.6123046875,16.280410766601562,7.5,5.07647705078125,7.5,5.0,4.5,3.625,4.984375,3.9375,48.6875,17.0,47.11572265625,16.5,5.75,3.75,5.3125,3.4375,5.0625,3.5,3.875,2.5,99.2119140625,94.125,638.5,0,0,0,0,0,0,0,0,0,0,0,0,0,0,170.18,177.8,155.0,0.5,0.0,0.31125,0.155,0.125,0.075,0.375,0.0,0.25,0.0,46.0,14.25,27.625,8.0,54.5,22.25,35.875,15.375,0.5,0.375,4.75,0.375,42.0,10.75,19.625,4.0,2.75,2.375,3.75,2.25,1.25,1.125,4.25,1.75,23.125,1.75,18.75,3.125,10.0,6.75,7.0,4.125,12.875,5.75,1.875,0.75,122.75,19.875,365.125,8,0,0,1,3,3,1,0,0,0,1,2,0,0,170.18,177.8,145.0,25.0,26.0,0,0,0,0,0,0,1,0,0,0,0,0,0,0,0,0,0,1,0,0,0,0,1,0
Red,False,0.015625,0.0,0.45,0.4275,0.25,0.2,0.148468017578125,0.098388671875,0.0,0.0,66.5,29.6875,64.31230545043945,27.34375,89.75,48.0,85.53125,44.41152191162109,2.0,0.75,2.0546875,0.75,51.1875,18.3359375,49.6123046875,16.280410766601562,7.5,5.07647705078125,7.5,5.0,4.5,3.625,4.984375,3.9375,48.6875,17.0,47.11572265625,16.5,5.75,3.75,5.3125,3.4375,5.0625,3.5,3.875,2.5,99.2119140625,94.125,638.5,0,0,0,0,0,0,0,0,0,0,0,0,0,0,185.42,185.42,185.0,0.0471682548522949,0.0,0.45,0.4217682266235352,0.25,0.19173828125,0.1875,0.125,0.0,0.0,69.5,30.5,66.984375,27.8466796875,94.0,48.544921875,88.50390625,44.75,2.0,0.8125,2.015625,0.6640625,54.0,19.01513671875,51.483436584472656,16.9437255859375,7.91796875,5.430633544921875,7.75,5.0625,4.780975341796875,3.9373779296875,4.8994140625,3.84375,51.025390625,18.400863647460938,50.515625,17.5,5.75,3.75,5.5,3.5,5.375,3.6875,4.0,2.65625,104.865234375,89.5,655.8441009521484,0,0,0,0,0,0,0,0,0,0,0,0,0,0,175.26,182.88,170.0,27.0,24.0,0,0,0,0,0,0,0,1,0,0,0,0,0,0,0,0,0,1,0,0,1,0,0,0
Red,False,0.015625,0.0,0.45,0.4275,0.25,0.2,0.148468017578125,0.098388671875,0.0,0.0,66.5,29.6875,64.31230545043945,27.34375,89.75,48.0,85.53125,44.41152191162109,2.0,0.75,2.0546875,0.75,51.1875,18.3359375,49.6123046875,16.280410766601562,7.5,5.07647705078125,7.5,5.0,4.5,3.625,4.984375,3.9375,48.6875,17.0,47.11572265625,16.5,5.75,3.75,5.3125,3.4375,5.0625,3.5,3.875,2.5,99.2119140625,94.125,638.5,0,0,0,0,0,0,0,0,0,0,0,0,0,0,157.48000000000002,157.48000000000002,170.0,0.0,0.125,0.4575,0.29625,0.76,0.0,0.75,0.125,0.0,0.0,9.875,5.25,14.625,5.625,18.75,13.75,27.625,17.75,2.25,0.875,0.0,0.0,8.0,4.5,12.5,3.875,0.75,0.25,1.625,1.375,1.125,0.5,0.5,0.375,2.625,0.5,7.625,1.625,1.25,0.75,3.875,2.25,6.0,4.0,3.125,1.75,64.5,78.875,212.125,6,0,0,2,2,2,2,0,0,0,0,1,1,0,172.72,172.72,155.0,32.0,30.0,0,0,0,0,0,0,0,0,0,1,0,0,0,0,0,0,0,1,0,0,1,0,0,0
Red,False,0.0,0.0,0.38,0.46,0.0,0.2,0.0,2.0,0.0,0.0,63.0,24.0,47.0,22.0,65.0,26.0,78.0,53.0,0.0,0.0,5.0,1.0,45.0,12.0,30.0,12.0,16.0,10.0,11.0,7.0,2.0,2.0,6.0,3.0,47.0,15.0,34.0,15.0,16.0,9.0,12.0,7.0,0.0,0.0,1.0,0.0,127.0,68.0,389.0,2,0,0,1,0,0,1,0,0,0,0,0,0,0,177.8,177.8,170.0,0.0471682548522949,0.0,0.45,0.4217682266235352,0.25,0.19173828125,0.1875,0.125,0.0,0.0,69.5,30.5,66.984375,27.8466796875,94.0,48.544921875,88.50390625,44.75,2.0,0.8125,2.015625,0.6640625,54.0,19.01513671875,51.483436584472656,16.9437255859375,7.91796875,5.430633544921875,7.75,5.0625,4.780975341796875,3.9373779296875,4.8994140625,3.84375,51.025390625,18.400863647460938,50.515625,17.5,5.75,3.75,5.5,3.5,5.375,3.6875,4.0,2.65625,104.865234375,89.5,655.8441009521484,0,0,0,0,0,0,0,0,0,0,0,0,0,0,167.64,170.18,155.0,24.0,27.0,0,0,0,0,0,0,0,0,0,1,0,0,0,0,0,1,0,0,0,0,1,0,0,0
Red,False,0.0,0.0,0.5075000000000001,0.2159375,0.291875,0.28125,0.9375,0.125,0.0,0.125,13.0,7.15625,10.875,2.90625,29.46875,22.1875,24.09375,15.5625,1.75,0.84375,0.40625,0.28125,8.3125,4.25,7.90625,1.53125,1.84375,1.75,2.4375,0.96875,2.84375,1.15625,0.53125,0.40625,5.21875,1.9375,8.125,0.625,1.28125,0.90625,1.1875,0.96875,6.5,4.3125,1.5625,1.3125,130.125,19.75,285.46875,7,1,0,2,4,4,2,0,0,0,0,1,3,0,185.42,187.96,185.0,0.0471682548522949,0.0,0.45,0.4217682266235352,0.25,0.19173828125,0.1875,0.125,0.0,0.0,69.5,30.5,66.984375,27.8466796875,94.0,48.544921875,88.50390625,44.75,2.0,0.8125,2.015625,0.6640625,54.0,19.01513671875,51.483436584472656,16.9437255859375,7.91796875,5.430633544921875,7.75,5.0625,4.780975341796875,3.9373779296875,4.8994140625,3.84375,51.025390625,18.400863647460938,50.515625,17.5,5.75,3.75,5.5,3.5,5.375,3.6875,4.0,2.65625,104.865234375,89.5,655.8441009521484,0,0,0,0,0,0,0,0,0,0,0,0,0,0,190.5,195.58,205.0,25.0,30.0,0,0,0,0,0,0,0,1,0,0,0,0,0,0,0,1,0,0,0,0,1,0,0,0
Red,True,1.0,0.0,0.61,0.32,0.0,0.25,0.0,0.0,2.0,1.0,54.0,33.0,43.0,14.0,85.0,61.0,55.0,24.0,0.0,0.0,8.0,2.0,46.0,28.0,42.0,14.0,8.0,5.0,1.0,0.0,0.0,0.0,0.0,0.0,17.0,9.0,5.0,1.0,6.0,5.0,0.0,0.0,31.0,19.0,38.0,13.0,258.0,387.0,748.0,3,0,1,0,1,1,0,0,0,0,0,1,0,0,180.34,180.34,183.0,0.5,0.0,0.4390625,0.395,0.715625,0.0,0.0,0.65625,0.0,0.25,51.34375,21.375,30.96875,13.5625,134.875,98.90625,157.21875,136.8125,6.375,4.6875,0.53125,0.0,48.375,19.21875,20.09375,5.9375,2.71875,1.90625,2.75,2.0,0.25,0.25,8.125,5.625,9.3125,2.5625,22.78125,8.8125,4.75,0.6875,6.875,3.4375,37.28125,18.125,1.3125,1.3125,814.25,6.75,1179.15625,14,3,1,0,2,4,2,0,0,0,1,2,0,1,190.5,187.96,205.0,25.0,25.0,0,0,0,0,0,1,0,0,0,0,0,0,0,0,0,0,0,1,0,0,1,0,0,0
Red,False,0.0,0.0,0.5,0.35,0.25,0.0,0.0,0.0,0.0,0.0,62.0,31.0,14.0,5.0,160.0,122.0,54.0,40.0,4.0,1.0,1.0,0.0,49.0,20.0,14.0,5.0,12.0,10.0,0.0,0.0,1.0,1.0,0.0,0.0,3.0,0.0,6.0,1.0,6.0,3.0,1.0,0.0,53.0,28.0,7.0,4.0,423.0,97.0,600.0,2,0,1,0,1,1,0,0,0,0,1,0,0,0,175.26,187.96,247.0,0.0,0.0,0.47,0.5925,0.25,0.355,0.0,0.75,0.25,0.0,44.5,21.0,15.75,6.75,63.75,39.25,18.0,9.0,0.5,0.5,4.5,1.0,31.0,12.75,11.0,2.25,2.75,1.5,2.25,2.0,10.75,6.75,2.5,2.5,21.75,7.25,10.0,4.0,15.5,8.5,5.5,2.5,7.25,5.25,0.25,0.25,62.0,20.0,476.5,3,0,1,0,1,2,1,0,0,0,1,0,0,1,187.96,193.04,205.0,29.0,30.0,0,0,0,0,0,0,0,1,0,0,0,0,0,0,0,1,0,0,0,0,1,0,0,0
Red,False,0.0,0.0,0.615,0.64,0.605,0.0,0.0,0.5,0.0,0.0,74.0,47.5,13.5,4.5,103.0,76.5,42.5,33.0,6.0,3.5,0.0,0.0,57.5,31.0,12.5,3.5,16.5,16.5,1.0,1.0,0.0,0.0,0.0,0.0,14.5,6.5,11.0,2.5,2.5,1.0,1.0,1.0,57.0,40.0,1.5,1.0,124.0,0.0,587.0,4,0,2,0,2,2,0,0,0,0,1,0,0,1,175.26,185.42,170.0,0.0471682548522949,0.0,0.45,0.4217682266235352,0.25,0.19173828125,0.1875,0.125,0.0,0.0,69.5,30.5,66.984375,27.8466796875,94.0,48.544921875,88.50390625,44.75,2.0,0.8125,2.015625,0.6640625,54.0,19.01513671875,51.483436584472656,16.9437255859375,7.91796875,5.430633544921875,7.75,5.0625,4.780975341796875,3.9373779296875,4.8994140625,3.84375,51.025390625,18.400863647460938,50.515625,17.5,5.75,3.75,5.5,3.5,5.375,3.6875,4.0,2.65625,104.865234375,89.5,655.8441009521484,0,0,0,0,0,0,0,0,0,0,0,0,0,0,175.26,182.88,155.0,27.0,25.0,0,0,0,0,0,0,0,0,0,1,0,0,0,0,0,0,0,0,1,0,1,0,0,0
Red,False,1.0,1.0,0.62,0.57,0.5,0.0,1.0,0.0,0.0,0.0,53.0,33.0,47.0,27.0,129.0,102.0,59.0,39.0,4.0,2.0,0.0,0.0,31.0,15.0,29.0,13.0,12.0,10.0,5.0,5.0,10.0,8.0,13.0,9.0,12.0,2.0,18.0,9.0,25.0,20.0,22.0,15.0,16.0,11.0,7.0,3.0,657.0,16.0,815.0,3,0,1,0,1,1,0,0,0,0,0,1,0,0,175.26,175.26,185.0,0.0,0.0,0.675,0.2,1.0,0.5,2.5,0.0,0.0,0.0,34.5,23.5,17.0,3.0,37.0,25.0,36.5,18.5,1.0,1.0,0.5,0.5,23.0,14.0,16.5,2.5,5.5,4.5,0.5,0.5,6.0,5.0,0.0,0.0,12.0,6.5,10.5,0.5,11.5,8.0,0.5,0.5,11.0,9.0,6.0,2.0,0.0,0.0,327.5,2,0,2,0,2,2,0,0,0,0,0,1,1,0,182.88,187.96,185.0,30.0,29.0,0,0,0,0,0,0,0,1,0,0,0,0,0,0,0,1,0,0,0,0,1,0,0,0
Red,True,0.0,0.0,0.505,0.485,0.0,0.33,0.5,0.0,0.0,0.0,15.0,10.5,36.0,16.0,24.5,18.5,76.0,52.5,0.0,0.0,1.5,1.0,7.5,3.0,34.0,15.0,7.5,7.5,1.0,0.5,0.0,0.0,1.0,0.5,3.5,1.0,2.0,0.5,0.5,0.5,1.0,0.5,11.0,9.0,33.0,15.0,428.0,264.0,727.5,5,1,2,0,2,2,0,0,0,0,1,0,1,0,182.88,182.88,170.0,0.0,0.0,0.440625,0.45875,0.631875,0.134375,0.5625,1.28125,0.03125,0.09375,31.78125,13.0625,20.8125,7.34375,66.03125,47.15625,38.375,24.0625,1.9375,1.4375,1.25,0.34375,23.5,7.53125,13.90625,1.75,4.65625,2.875,2.8125,2.3125,3.625,2.65625,4.09375,3.28125,22.96875,6.4375,13.96875,3.09375,5.40625,3.84375,5.3125,3.65625,3.40625,2.78125,1.53125,0.59375,175.5,1.0,581.3125,13,5,6,0,6,6,0,0,0,2,1,0,2,1,177.8,177.8,170.0,24.0,32.0,0,0,0,0,0,0,0,0,0,1,0,0,0,0,0,1,0,0,0,0,1,0,0,0
Red,False,0.0,0.0,0.275,0.675,0.0,0.0,0.0,0.0,0.0,0.0,11.5,2.5,42.5,27.5,16.0,6.5,60.5,43.5,0.5,0.0,0.0,0.0,10.5,2.5,31.0,16.5,0.5,0.0,8.5,8.5,0.5,0.0,3.0,2.5,8.5,0.0,10.5,5.0,0.5,0.0,2.5,1.5,2.5,2.5,29.5,21.0,0.0,516.5,590.5,4,0,0,2,0,0,2,0,0,0,0,0,0,0,182.88,182.88,170.0,0.0,0.25,0.255,0.5925,0.52,0.0,1.5,0.25,0.0,0.0,7.75,2.5,27.25,11.25,17.5,11.5,52.25,34.5,3.5,0.75,0.0,0.0,4.0,1.0,23.0,7.75,1.5,0.5,3.25,2.75,2.25,1.0,1.0,0.75,5.25,1.0,13.25,3.25,2.5,1.5,7.75,4.5,0.0,0.0,6.25,3.5,13.0,157.75,280.25,5,0,0,2,1,1,2,0,0,0,0,0,1,0,172.72,172.72,155.0,22.0,30.0,0,0,0,0,0,0,0,0,0,1,0,0,0,0,0,0,0,1,0,0,1,0,0,0
Red,False,0.0,0.0,0.5,0.4649999999999999,0.0,0.875,0.5,0.5,0.5,0.0,7.5,4.5,26.0,12.0,18.5,15.0,63.5,46.0,0.5,0.0,4.0,3.5,3.0,0.5,25.5,11.5,0.5,0.5,0.5,0.5,4.0,3.5,0.0,0.0,6.5,4.0,6.5,3.0,0.5,0.5,1.0,1.0,0.5,0.0,18.5,8.0,6.0,145.0,615.5,4,0,0,2,0,0,2,0,0,0,0,0,0,0,180.34,180.34,205.0,0.0471682548522949,0.0,0.45,0.4217682266235352,0.25,0.19173828125,0.1875,0.125,0.0,0.0,69.5,30.5,66.984375,27.8466796875,94.0,48.544921875,88.50390625,44.75,2.0,0.8125,2.015625,0.6640625,54.0,19.01513671875,51.483436584472656,16.9437255859375,7.91796875,5.430633544921875,7.75,5.0625,4.780975341796875,3.9373779296875,4.8994140625,3.84375,51.025390625,18.400863647460938,50.515625,17.5,5.75,3.75,5.5,3.5,5.375,3.6875,4.0,2.65625,104.865234375,89.5,655.8441009521484,0,0,0,0,0,0,0,0,0,0,0,0,0,0,182.88,187.96,185.0,33.0,30.0,0,0,0,0,0,0,0,1,0,0,0,0,0,0,0,1,0,0,0,0,0,0,1,0
Red,False,0.015625,0.0,0.45,0.4275,0.25,0.2,0.148468017578125,0.098388671875,0.0,0.0,66.5,29.6875,64.31230545043945,27.34375,89.75,48.0,85.53125,44.41152191162109,2.0,0.75,2.0546875,0.75,51.1875,18.3359375,49.6123046875,16.280410766601562,7.5,5.07647705078125,7.5,5.0,4.5,3.625,4.984375,3.9375,48.6875,17.0,47.11572265625,16.5,5.75,3.75,5.3125,3.4375,5.0625,3.5,3.875,2.5,99.2119140625,94.125,638.5,0,0,0,0,0,0,0,0,0,0,0,0,0,0,208.28,208.28,265.0,0.0471682548522949,0.0,0.45,0.4217682266235352,0.25,0.19173828125,0.1875,0.125,0.0,0.0,69.5,30.5,66.984375,27.8466796875,94.0,48.544921875,88.50390625,44.75,2.0,0.8125,2.015625,0.6640625,54.0,19.01513671875,51.483436584472656,16.9437255859375,7.91796875,5.430633544921875,7.75,5.0625,4.780975341796875,3.9373779296875,4.8994140625,3.84375,51.025390625,18.400863647460938,50.515625,17.5,5.75,3.75,5.5,3.5,5.375,3.6875,4.0,2.65625,104.865234375,89.5,655.8441009521484,0,0,0,0,0,0,0,0,0,0,0,0,0,0,190.5,198.12,250.0,23.0,23.0,0,0,0,0,1,0,0,0,0,0,0,0,0,0,0,1,0,0,0,0,1,0,0,0
Red,True,0.0,0.25,0.3,0.3475,0.635,0.0,1.5,0.625,0.0,0.0,50.5,15.625,39.375,11.375,82.125,41.375,77.0,46.125,6.0,3.75,0.0,0.0,49.875,15.5,30.625,4.25,0.375,0.125,1.875,1.5,0.25,0.0,6.875,5.625,22.75,6.0,33.0,8.0,3.25,1.375,2.25,1.0,24.5,8.25,4.125,2.375,372.0,17.5,1395.0,15,3,1,0,2,3,1,0,0,0,3,0,0,0,177.8,177.8,205.0,0.0,0.0,0.7324999999999999,0.33,1.0,0.0,0.875,0.0,0.0,0.0,28.75,20.125,13.75,6.0,58.625,49.5,20.125,12.375,2.0,2.0,0.25,0.0,27.875,19.25,10.75,4.0,0.875,0.875,1.0,0.5,0.0,0.0,2.0,1.5,1.25,0.5,10.25,3.75,6.5,5.5,3.0,1.75,21.0,14.125,0.5,0.5,0.0,0.0,785.125,6,2,4,0,4,4,0,0,1,0,0,2,1,0,185.42,190.5,205.0,29.0,37.0,0,0,0,0,1,0,0,0,0,0,0,0,0,0,0,1,0,0,0,0,1,0,0,0
Red,False,0.015625,0.0,0.45,0.4275,0.25,0.2,0.148468017578125,0.098388671875,0.0,0.0,66.5,29.6875,64.31230545043945,27.34375,89.75,48.0,85.53125,44.41152191162109,2.0,0.75,2.0546875,0.75,51.1875,18.3359375,49.6123046875,16.280410766601562,7.5,5.07647705078125,7.5,5.0,4.5,3.625,4.984375,3.9375,48.6875,17.0,47.11572265625,16.5,5.75,3.75,5.3125,3.4375,5.0625,3.5,3.875,2.5,99.2119140625,94.125,638.5,0,0,0,0,0,0,0,0,0,0,0,0,0,0,180.34,172.72,170.0,0.0471682548522949,0.0,0.45,0.4217682266235352,0.25,0.19173828125,0.1875,0.125,0.0,0.0,69.5,30.5,66.984375,27.8466796875,94.0,48.544921875,88.50390625,44.75,2.0,0.8125,2.015625,0.6640625,54.0,19.01513671875,51.483436584472656,16.9437255859375,7.91796875,5.430633544921875,7.75,5.0625,4.780975341796875,3.9373779296875,4.8994140625,3.84375,51.025390625,18.400863647460938,50.515625,17.5,5.75,3.75,5.5,3.5,5.375,3.6875,4.0,2.65625,104.865234375,89.5,655.8441009521484,0,0,0,0,0,0,0,0,0,0,0,0,0,0,172.72,172.72,170.0,26.0,29.0,0,0,0,0,0,0,0,0,0,1,0,0,0,0,0,1,0,0,0,0,1,0,0,0
Red,False,0.0,0.0,0.32,0.27,1.0,0.0,0.0,0.0,0.0,0.0,61.0,20.0,33.0,9.0,77.0,34.0,41.0,17.0,1.0,1.0,1.0,0.0,58.0,18.0,28.0,6.0,3.0,2.0,4.0,3.0,0.0,0.0,1.0,0.0,46.0,11.0,29.0,9.0,15.0,9.0,4.0,0.0,0.0,0.0,0.0,0.0,200.0,3.0,613.0,3,0,1,0,1,1,0,0,0,0,0,1,0,0,182.88,182.88,155.0,0.0,0.0,0.2925,0.31,0.25,0.15,0.75,0.0,0.5,0.0,89.0,27.5,54.25,16.0,106.0,43.5,70.75,30.75,1.0,0.75,9.5,0.75,81.0,20.5,38.25,8.0,5.5,4.75,7.5,4.5,2.5,2.25,8.5,3.5,43.25,2.5,36.5,6.25,20.0,13.5,14.0,8.25,25.75,11.5,3.75,1.5,245.5,39.75,715.25,7,0,0,1,2,2,1,0,0,0,1,1,0,0,170.18,177.8,145.0,29.0,25.0,0,0,0,0,0,0,1,0,0,0,0,0,0,0,0,0,0,1,0,0,0,0,1,0
Red,False,0.0,0.03125,0.7975,0.46125,0.0,0.94625,0.28125,0.625,0.03125,0.0,34.0,26.28125,32.34375,9.3125,61.8125,54.09375,52.96875,23.25,0.0,0.0,3.15625,3.0,18.9375,11.84375,30.59375,8.0625,10.90625,10.84375,1.5,1.0,4.15625,3.59375,0.25,0.25,6.53125,4.46875,9.4375,0.84375,26.03125,20.46875,6.34375,2.1875,1.4375,1.34375,16.5625,6.28125,171.5,301.25,770.875,13,3,2,0,2,4,2,0,0,1,1,1,1,0,187.96,187.96,221.0,0.0471682548522949,0.0,0.45,0.4217682266235352,0.25,0.19173828125,0.1875,0.125,0.0,0.0,69.5,30.5,66.984375,27.8466796875,94.0,48.544921875,88.50390625,44.75,2.0,0.8125,2.015625,0.6640625,54.0,19.01513671875,51.483436584472656,16.9437255859375,7.91796875,5.430633544921875,7.75,5.0625,4.780975341796875,3.9373779296875,4.8994140625,3.84375,51.025390625,18.400863647460938,50.515625,17.5,5.75,3.75,5.5,3.5,5.375,3.6875,4.0,2.65625,104.865234375,89.5,655.8441009521484,0,0,0,0,0,0,0,0,0,0,0,0,0,0,185.42,190.5,205.0,38.0,25.0,0,0,0,0,1,0,0,0,0,0,0,0,0,0,0,1,0,0,0,0,1,0,0,0
Red,False,0.015625,0.0,0.45,0.4275,0.25,0.2,0.148468017578125,0.098388671875,0.0,0.0,66.5,29.6875,64.31230545043945,27.34375,89.75,48.0,85.53125,44.41152191162109,2.0,0.75,2.0546875,0.75,51.1875,18.3359375,49.6123046875,16.280410766601562,7.5,5.07647705078125,7.5,5.0,4.5,3.625,4.984375,3.9375,48.6875,17.0,47.11572265625,16.5,5.75,3.75,5.3125,3.4375,5.0625,3.5,3.875,2.5,99.2119140625,94.125,638.5,0,0,0,0,0,0,0,0,0,0,0,0,0,0,187.96,187.96,205.0,0.0471682548522949,0.0,0.45,0.4217682266235352,0.25,0.19173828125,0.1875,0.125,0.0,0.0,69.5,30.5,66.984375,27.8466796875,94.0,48.544921875,88.50390625,44.75,2.0,0.8125,2.015625,0.6640625,54.0,19.01513671875,51.483436584472656,16.9437255859375,7.91796875,5.430633544921875,7.75,5.0625,4.780975341796875,3.9373779296875,4.8994140625,3.84375,51.025390625,18.400863647460938,50.515625,17.5,5.75,3.75,5.5,3.5,5.375,3.6875,4.0,2.65625,104.865234375,89.5,655.8441009521484,0,0,0,0,0,0,0,0,0,0,0,0,0,0,175.26,175.26,205.0,29.0,27.0,0,0,0,0,0,0,0,1,0,0,0,0,0,0,0,0,0,1,0,0,0,0,1,0
Red,False,0.015625,0.0,0.45,0.4275,0.25,0.2,0.148468017578125,0.098388671875,0.0,0.0,66.5,29.6875,64.31230545043945,27.34375,89.75,48.0,85.53125,44.41152191162109,2.0,0.75,2.0546875,0.75,51.1875,18.3359375,49.6123046875,16.280410766601562,7.5,5.07647705078125,7.5,5.0,4.5,3.625,4.984375,3.9375,48.6875,17.0,47.11572265625,16.5,5.75,3.75,5.3125,3.4375,5.0625,3.5,3.875,2.5,99.2119140625,94.125,638.5,0,0,0,0,0,0,0,0,0,0,0,0,0,0,190.5,190.5,205.0,0.0471682548522949,0.0,0.45,0.4217682266235352,0.25,0.19173828125,0.1875,0.125,0.0,0.0,69.5,30.5,66.984375,27.8466796875,94.0,48.544921875,88.50390625,44.75,2.0,0.8125,2.015625,0.6640625,54.0,19.01513671875,51.483436584472656,16.9437255859375,7.91796875,5.430633544921875,7.75,5.0625,4.780975341796875,3.9373779296875,4.8994140625,3.84375,51.025390625,18.400863647460938,50.515625,17.5,5.75,3.75,5.5,3.5,5.375,3.6875,4.0,2.65625,104.865234375,89.5,655.8441009521484,0,0,0,0,0,0,0,0,0,0,0,0,0,0,190.5,195.58,240.0,26.0,21.0,0,0,0,0,1,0,0,0,0,0,0,0,0,0,0,1,0,0,0,0,1,0,0,0
Red,False,0.5,0.0,0.5625,0.415,0.0,0.5625,0.75,1.0,0.0,0.0,40.25,12.75,29.0,10.25,62.25,31.5,38.75,17.5,0.25,0.0,3.0,1.5,37.75,10.5,27.75,9.0,2.0,1.75,0.0,0.0,0.5,0.5,1.25,1.25,33.25,7.5,16.5,3.75,5.75,4.0,1.25,1.0,1.25,1.25,11.25,5.5,44.0,159.75,431.75,6,0,2,0,2,2,1,0,0,0,0,2,0,0,172.72,172.72,185.0,0.0,0.0,0.685,0.211875,0.0837499999999999,0.5625,0.875,0.25,0.0,0.25,20.0,12.3125,12.75,3.8125,29.9375,21.375,30.1875,20.125,1.5,0.6875,0.8125,0.5625,15.625,8.5,8.8125,2.0625,1.6875,1.5,2.875,0.9375,2.6875,2.3125,1.0625,0.8125,7.4375,3.875,9.25,1.25,2.5625,1.8125,1.375,0.9375,10.0,6.625,2.125,1.625,45.25,39.5,298.9375,6,1,0,2,3,3,2,0,0,0,0,1,2,0,185.42,187.96,185.0,33.0,25.0,0,0,0,0,0,0,0,1,0,0,0,0,0,0,0,1,0,0,0,0,1,0,0,0
Red,False,0.015625,0.0,0.45,0.4275,0.25,0.2,0.148468017578125,0.098388671875,0.0,0.0,66.5,29.6875,64.31230545043945,27.34375,89.75,48.0,85.53125,44.41152191162109,2.0,0.75,2.0546875,0.75,51.1875,18.3359375,49.6123046875,16.280410766601562,7.5,5.07647705078125,7.5,5.0,4.5,3.625,4.984375,3.9375,48.6875,17.0,47.11572265625,16.5,5.75,3.75,5.3125,3.4375,5.0625,3.5,3.875,2.5,99.2119140625,94.125,638.5,0,0,0,0,0,0,0,0,0,0,0,0,0,0,187.96,187.96,238.0,0.0471682548522949,0.0,0.45,0.4217682266235352,0.25,0.19173828125,0.1875,0.125,0.0,0.0,69.5,30.5,66.984375,27.8466796875,94.0,48.544921875,88.50390625,44.75,2.0,0.8125,2.015625,0.6640625,54.0,19.01513671875,51.483436584472656,16.9437255859375,7.91796875,5.430633544921875,7.75,5.0625,4.780975341796875,3.9373779296875,4.8994140625,3.84375,51.025390625,18.400863647460938,50.515625,17.5,5.75,3.75,5.5,3.5,5.375,3.6875,4.0,2.65625,104.865234375,89.5,655.8441009521484,0,0,0,0,0,0,0,0,0,0,0,0,0,0,180.34,180.34,183.0,21.0,25.0,0,0,0,0,0,0,0,1,0,0,0,0,0,0,0,1,0,0,0,0,0,0,1,0
Red,False,0.015625,0.0,0.45,0.4275,0.25,0.2,0.148468017578125,0.098388671875,0.0,0.0,66.5,29.6875,64.31230545043945,27.34375,89.75,48.0,85.53125,44.41152191162109,2.0,0.75,2.0546875,0.75,51.1875,18.3359375,49.6123046875,16.280410766601562,7.5,5.07647705078125,7.5,5.0,4.5,3.625,4.984375,3.9375,48.6875,17.0,47.11572265625,16.5,5.75,3.75,5.3125,3.4375,5.0625,3.5,3.875,2.5,99.2119140625,94.125,638.5,0,0,0,0,0,0,0,0,0,0,0,0,0,0,187.96,187.96,245.0,0.0,0.0625,0.815,0.7025,0.0,0.8925000000000001,0.5625,1.25,0.0625,0.0,13.0,9.5625,20.6875,8.625,25.625,22.1875,37.9375,22.5,0.0,0.0,2.3125,2.0,7.875,4.6875,20.1875,8.125,0.8125,0.6875,0.0,0.0,4.3125,4.1875,0.5,0.5,9.0625,5.9375,5.875,1.6875,1.0625,0.9375,0.6875,0.375,2.875,2.6875,14.125,6.5625,17.0,110.5,641.75,10,3,2,0,2,3,2,0,0,0,1,1,1,0,187.96,187.96,221.0,31.0,38.0,0,0,0,0,1,0,0,0,0,0,0,0,0,0,0,1,0,0,0,0,1,0,0,0
Red,False,0.0,0.0,0.454345703125,0.342080078125,0.10908203125,0.0,0.0732421875,1.0966796875,0.25,0.0,33.9482421875,13.71484375,28.97998046875,7.45947265625,81.8994140625,57.8154296875,46.21923828125,23.9384765625,2.314453125,0.17236328125,0.328125,0.0,29.5419921875,9.94140625,26.0498046875,4.908203125,2.4453125,2.3125,2.70703125,2.33154296875,1.9609375,1.4609375,0.22314453125,0.2197265625,21.265625,3.703125,23.92236328125,3.55029296875,1.65625,0.8984375,0.68115234375,0.53271484375,11.0263671875,9.11328125,4.37646484375,3.37646484375,0.0,0.0,793.62841796875,15,4,2,0,4,9,3,0,0,1,2,0,5,1,187.96,187.96,250.0,0.5,0.0,0.279375,0.3575,0.0,0.301875,0.0,1.0,0.0,0.0,49.625,13.125,46.3125,16.5625,55.25,17.5,58.6875,27.5625,0.0,0.0,3.375,1.1875,40.875,5.6875,39.4375,12.6875,0.0,0.0,1.4375,1.0,8.75,7.4375,5.4375,2.875,47.125,12.375,35.25,11.25,1.25,0.3125,4.1875,1.875,1.25,0.4375,6.875,3.4375,2.0,107.0,1039.6875,12,1,4,0,4,4,1,0,0,1,0,3,0,0,185.42,185.42,241.0,42.0,26.0,0,0,0,0,1,0,0,0,0,0,0,0,0,0,0,0,0,1,0,0,1,0,0,0
Red,False,0.0,0.0,0.39,0.67,0.0,0.1,0.0,2.5,0.0,0.5,30.5,12.0,19.5,12.5,79.5,56.5,68.0,58.5,0.0,0.0,6.5,1.0,27.0,8.5,10.5,7.5,3.5,3.5,1.5,1.5,0.0,0.0,7.5,3.5,12.5,2.0,7.0,4.0,3.5,2.0,5.0,2.5,14.5,8.0,7.5,6.0,273.0,294.5,750.0,5,0,0,2,0,0,2,0,0,0,0,0,0,0,185.42,185.42,225.0,0.0471682548522949,0.0,0.45,0.4217682266235352,0.25,0.19173828125,0.1875,0.125,0.0,0.0,69.5,30.5,66.984375,27.8466796875,94.0,48.544921875,88.50390625,44.75,2.0,0.8125,2.015625,0.6640625,54.0,19.01513671875,51.483436584472656,16.9437255859375,7.91796875,5.430633544921875,7.75,5.0625,4.780975341796875,3.9373779296875,4.8994140625,3.84375,51.025390625,18.400863647460938,50.515625,17.5,5.75,3.75,5.5,3.5,5.375,3.6875,4.0,2.65625,104.865234375,89.5,655.8441009521484,0,0,0,0,0,0,0,0,0,0,0,0,0,0,175.26,187.96,247.0,35.0,29.0,0,0,0,0,1,0,0,0,0,0,0,0,0,0,0,1,0,0,0,0,1,0,0,0
Red,False,0.25,0.0,0.515,0.125,0.25,0.135,0.0,0.75,1.0,0.0,31.5,11.75,3.25,0.5,101.5,79.25,9.75,6.5,0.5,0.5,6.0,1.5,24.75,6.0,1.5,0.5,6.75,5.75,0.5,0.0,0.0,0.0,1.25,0.0,18.25,2.5,2.25,0.0,3.25,2.25,0.0,0.0,10.0,7.0,1.0,0.5,157.5,152.5,573.25,5,0,3,0,3,3,0,0,1,0,0,1,0,1,180.34,180.34,170.0,0.0,0.5,0.18,0.685,0.04,0.0,1.0,0.5,0.0,0.0,12.5,4.0,52.5,21.5,32.0,22.0,102.5,68.0,6.0,0.5,0.0,0.0,8.0,2.0,44.0,14.5,2.0,1.0,6.5,5.5,2.5,1.0,2.0,1.5,7.5,1.0,24.5,5.5,5.0,3.0,15.5,9.0,0.0,0.0,12.5,7.0,19.0,291.5,490.5,4,0,0,2,0,0,2,0,0,0,0,0,0,0,172.72,172.72,155.0,26.0,30.0,0,0,0,0,0,0,0,0,0,1,0,0,0,0,0,1,0,0,0,0,1,0,0,0
Red,False,1.0,0.0,0.47,0.51,0.0,0.0,0.0,0.0,0.0,0.0,19.0,9.0,27.0,14.0,23.0,13.0,36.0,21.0,0.0,0.0,1.0,0.0,13.0,5.0,24.0,11.0,6.0,4.0,3.0,3.0,0.0,0.0,0.0,0.0,5.0,1.0,5.0,0.0,14.0,8.0,22.0,14.0,0.0,0.0,0.0,0.0,42.0,18.0,203.0,1,0,1,0,1,1,0,0,0,0,0,1,0,0,185.42,185.42,275.0,0.0,0.0,0.305,0.25,0.5,0.58,0.5,2.0,0.5,0.5,13.0,8.0,9.0,4.5,18.5,13.0,17.0,11.0,0.5,0.5,3.5,1.0,10.5,6.5,1.0,0.0,2.5,1.5,1.5,1.5,0.0,0.0,6.5,3.0,3.5,0.5,5.5,2.0,3.5,2.5,2.5,2.5,6.0,5.0,1.0,0.0,60.5,143.5,311.0,3,0,0,1,1,1,1,0,0,0,0,1,0,0,180.34,180.34,225.0,30.0,33.0,0,0,0,0,1,0,0,0,0,0,0,0,0,0,0,1,0,0,0,0,1,0,0,0
Red,False,0.015625,0.0,0.45,0.4275,0.25,0.2,0.148468017578125,0.098388671875,0.0,0.0,66.5,29.6875,64.31230545043945,27.34375,89.75,48.0,85.53125,44.41152191162109,2.0,0.75,2.0546875,0.75,51.1875,18.3359375,49.6123046875,16.280410766601562,7.5,5.07647705078125,7.5,5.0,4.5,3.625,4.984375,3.9375,48.6875,17.0,47.11572265625,16.5,5.75,3.75,5.3125,3.4375,5.0625,3.5,3.875,2.5,99.2119140625,94.125,638.5,0,0,0,0,0,0,0,0,0,0,0,0,0,0,177.8,177.8,170.0,0.0,0.0,0.65,0.28,0.55,0.0,0.0,1.0,0.0,0.0,117.0,77.0,25.0,7.0,164.0,124.0,64.0,45.0,9.0,5.0,0.0,0.0,88.0,48.0,23.0,5.0,29.0,29.0,2.0,2.0,0.0,0.0,0.0,0.0,27.0,13.0,22.0,5.0,5.0,2.0,2.0,2.0,85.0,62.0,1.0,0.0,0.0,0.0,900.0,3,0,1,0,1,1,0,0,0,0,1,0,0,0,175.26,185.42,170.0,29.0,26.0,0,0,0,0,0,0,0,0,0,1,0,0,0,0,0,1,0,0,0,0,0,0,0,1
Red,False,0.015625,0.0,0.45,0.4275,0.25,0.2,0.148468017578125,0.098388671875,0.0,0.0,66.5,29.6875,64.31230545043945,27.34375,89.75,48.0,85.53125,44.41152191162109,2.0,0.75,2.0546875,0.75,51.1875,18.3359375,49.6123046875,16.280410766601562,7.5,5.07647705078125,7.5,5.0,4.5,3.625,4.984375,3.9375,48.6875,17.0,47.11572265625,16.5,5.75,3.75,5.3125,3.4375,5.0625,3.5,3.875,2.5,99.2119140625,94.125,638.5,0,0,0,0,0,0,0,0,0,0,0,0,0,0,172.72,172.72,170.0,0.0,0.0,0.55,0.34,0.83,0.0,0.0,1.0,1.0,1.0,40.0,22.0,35.0,12.0,74.0,55.0,68.0,43.0,6.0,5.0,2.0,0.0,25.0,11.0,30.0,9.0,6.0,4.0,2.0,2.0,9.0,7.0,3.0,1.0,24.0,10.0,33.0,11.0,3.0,3.0,1.0,1.0,13.0,9.0,1.0,0.0,408.0,30.0,600.0,2,0,1,0,1,1,0,0,0,0,1,0,0,0,177.8,177.8,170.0,36.0,28.0,0,0,0,0,0,0,0,0,0,1,0,0,0,0,0,1,0,0,0,0,0,0,1,0
Red,True,0.015625,0.0,0.45,0.4275,0.25,0.2,0.148468017578125,0.098388671875,0.0,0.0,66.5,29.6875,64.31230545043945,27.34375,89.75,48.0,85.53125,44.41152191162109,2.0,0.75,2.0546875,0.75,51.1875,18.3359375,49.6123046875,16.280410766601562,7.5,5.07647705078125,7.5,5.0,4.5,3.625,4.984375,3.9375,48.6875,17.0,47.11572265625,16.5,5.75,3.75,5.3125,3.4375,5.0625,3.5,3.875,2.5,99.2119140625,94.125,638.5,0,0,0,0,0,0,0,0,0,0,0,0,0,0,177.8,182.88,155.0,0.0,0.0,0.38125,0.4175,0.26375,0.26875,0.125,0.5625,0.0625,0.1875,45.5625,17.125,39.625,13.6875,79.0625,50.3125,66.75,39.125,1.875,0.875,2.5,0.6875,30.0,6.0625,26.8125,3.5,8.3125,5.75,4.625,3.625,7.25,5.3125,8.1875,6.5625,33.9375,8.875,26.9375,6.1875,9.8125,6.6875,9.625,6.3125,1.8125,1.5625,3.0625,1.1875,48.0,2.0,759.625,11,4,5,0,5,5,0,0,0,2,1,0,1,1,177.8,177.8,170.0,20.0,32.0,0,0,0,0,0,0,0,0,0,1,0,0,0,0,0,1,0,0,0,0,1,0,0,0
Red,False,0.015625,0.0,0.45,0.4275,0.25,0.2,0.148468017578125,0.098388671875,0.0,0.0,66.5,29.6875,64.31230545043945,27.34375,89.75,48.0,85.53125,44.41152191162109,2.0,0.75,2.0546875,0.75,51.1875,18.3359375,49.6123046875,16.280410766601562,7.5,5.07647705078125,7.5,5.0,4.5,3.625,4.984375,3.9375,48.6875,17.0,47.11572265625,16.5,5.75,3.75,5.3125,3.4375,5.0625,3.5,3.875,2.5,99.2119140625,94.125,638.5,0,0,0,0,0,0,0,0,0,0,0,0,0,0,185.42,185.42,230.0,0.0,0.0,0.0,0.0,0.0,1.0,1.0,4.0,1.0,0.0,0.0,0.0,0.0,0.0,3.0,3.0,11.0,10.0,0.0,0.0,1.0,1.0,0.0,0.0,0.0,0.0,0.0,0.0,0.0,0.0,0.0,0.0,0.0,0.0,0.0,0.0,0.0,0.0,0.0,0.0,0.0,0.0,0.0,0.0,0.0,0.0,17.0,77.0,189.0,1,0,0,1,0,0,1,0,0,0,0,0,0,0,180.34,180.34,225.0,29.0,33.0,0,0,0,0,1,0,0,0,0,0,0,0,0,0,0,1,0,0,0,0,1,0,0,0
Red,False,0.0,1.0,0.0,0.78,0.0,0.5,0.0,0.0,0.0,0.0,0.0,0.0,32.0,25.0,6.0,1.0,65.0,47.0,5.0,0.0,2.0,1.0,0.0,0.0,20.0,13.0,0.0,0.0,12.0,12.0,0.0,0.0,0.0,0.0,0.0,0.0,3.0,0.0,0.0,0.0,16.0,12.0,0.0,0.0,13.0,13.0,97.0,461.0,600.0,2,0,0,1,0,0,1,0,0,0,0,0,0,0,187.96,187.96,200.0,0.0471682548522949,0.0,0.45,0.4217682266235352,0.25,0.19173828125,0.1875,0.125,0.0,0.0,69.5,30.5,66.984375,27.8466796875,94.0,48.544921875,88.50390625,44.75,2.0,0.8125,2.015625,0.6640625,54.0,19.01513671875,51.483436584472656,16.9437255859375,7.91796875,5.430633544921875,7.75,5.0625,4.780975341796875,3.9373779296875,4.8994140625,3.84375,51.025390625,18.400863647460938,50.515625,17.5,5.75,3.75,5.5,3.5,5.375,3.6875,4.0,2.65625,104.865234375,89.5,655.8441009521484,0,0,0,0,0,0,0,0,0,0,0,0,0,0,175.26,175.26,185.0,26.0,29.0,0,0,0,0,0,0,0,1,0,0,0,0,0,0,0,1,0,0,0,0,1,0,0,0
Red,False,0.015625,0.0,0.45,0.4275,0.25,0.2,0.148468017578125,0.098388671875,0.0,0.0,66.5,29.6875,64.31230545043945,27.34375,89.75,48.0,85.53125,44.41152191162109,2.0,0.75,2.0546875,0.75,51.1875,18.3359375,49.6123046875,16.280410766601562,7.5,5.07647705078125,7.5,5.0,4.5,3.625,4.984375,3.9375,48.6875,17.0,47.11572265625,16.5,5.75,3.75,5.3125,3.4375,5.0625,3.5,3.875,2.5,99.2119140625,94.125,638.5,0,0,0,0,0,0,0,0,0,0,0,0,0,0,180.34,180.34,200.0,0.0,0.0,0.4,0.77,0.0,1.0,0.0,0.0,0.0,0.0,5.0,2.0,59.0,46.0,30.0,24.0,98.0,82.0,6.0,0.0,1.0,1.0,4.0,1.0,39.0,27.0,0.0,0.0,20.0,19.0,1.0,1.0,0.0,0.0,2.0,2.0,5.0,1.0,3.0,0.0,16.0,11.0,0.0,0.0,38.0,34.0,0.0,0.0,570.0,1,0,0,1,0,0,1,0,0,0,0,0,0,0,175.26,175.26,185.0,26.0,29.0,0,0,0,0,0,0,0,1,0,0,0,0,0,0,0,1,0,0,0,0,1,0,0,0
Red,True,1.0,0.0,0.34875,0.395,0.0,0.10375,0.0,0.0,0.0,0.0,42.25,14.25,40.625,16.125,47.5,19.0,47.375,22.125,0.0,0.0,2.75,0.375,35.75,8.375,26.875,8.375,0.0,0.0,2.875,2.0,6.5,5.875,10.875,5.75,39.25,12.75,31.5,11.5,1.5,0.625,4.375,1.75,1.5,0.875,4.75,2.875,4.0,0.0,579.375,7,0,4,0,4,4,0,0,0,1,0,3,0,0,185.42,185.42,241.0,0.0,0.5,0.28,0.485,0.77,0.0,1.0,1.25,0.0,0.0,49.0,14.25,21.75,10.75,94.25,49.75,91.0,76.25,8.0,5.5,0.0,0.0,47.75,14.0,15.25,5.5,0.75,0.25,3.75,3.0,0.5,0.0,2.75,2.25,6.5,1.0,11.0,4.0,2.5,0.75,3.5,2.0,40.0,12.5,7.25,4.75,530.0,35.0,1290.0,10,2,1,0,1,2,1,0,0,0,2,0,0,0,177.8,177.8,205.0,26.0,28.0,0,0,0,0,1,0,0,0,0,0,0,0,0,0,0,1,0,0,0,0,1,0,0,0
Red,False,0.015625,0.0,0.45,0.4275,0.25,0.2,0.148468017578125,0.098388671875,0.0,0.0,66.5,29.6875,64.31230545043945,27.34375,89.75,48.0,85.53125,44.41152191162109,2.0,0.75,2.0546875,0.75,51.1875,18.3359375,49.6123046875,16.280410766601562,7.5,5.07647705078125,7.5,5.0,4.5,3.625,4.984375,3.9375,48.6875,17.0,47.11572265625,16.5,5.75,3.75,5.3125,3.4375,5.0625,3.5,3.875,2.5,99.2119140625,94.125,638.5,0,0,0,0,0,0,0,0,0,0,0,0,0,0,167.64,167.64,155.0,0.0,0.0,0.5449999999999999,0.54,0.5,0.25,1.5,0.0,0.0,0.0,94.0,51.0,49.5,27.0,114.0,69.0,82.5,56.5,2.0,1.5,1.0,0.5,78.0,37.0,33.5,14.0,11.0,9.5,9.0,7.0,5.0,4.5,7.0,6.0,9.5,2.0,16.0,7.5,39.0,26.0,27.0,16.5,45.5,23.0,6.5,3.0,358.0,63.5,530.5,4,0,0,1,1,1,1,0,0,0,0,1,0,0,170.18,177.8,145.0,28.0,25.0,0,0,0,0,0,0,1,0,0,0,0,0,0,0,0,1,0,0,0,0,0,0,1,0
Red,False,0.0,0.0,1.0,0.41,0.0,0.75,1.0,0.0,0.0,0.0,9.0,9.0,31.0,13.0,30.0,29.0,90.0,69.0,1.0,0.0,4.0,3.0,1.0,1.0,31.0,13.0,1.0,1.0,0.0,0.0,7.0,7.0,0.0,0.0,8.0,8.0,12.0,6.0,1.0,1.0,0.0,0.0,0.0,0.0,19.0,7.0,0.0,0.0,900.0,2,0,0,1,0,0,1,0,0,0,0,0,0,0,180.34,180.34,205.0,0.0471682548522949,0.0,0.45,0.4217682266235352,0.25,0.19173828125,0.1875,0.125,0.0,0.0,69.5,30.5,66.984375,27.8466796875,94.0,48.544921875,88.50390625,44.75,2.0,0.8125,2.015625,0.6640625,54.0,19.01513671875,51.483436584472656,16.9437255859375,7.91796875,5.430633544921875,7.75,5.0625,4.780975341796875,3.9373779296875,4.8994140625,3.84375,51.025390625,18.400863647460938,50.515625,17.5,5.75,3.75,5.5,3.5,5.375,3.6875,4.0,2.65625,104.865234375,89.5,655.8441009521484,0,0,0,0,0,0,0,0,0,0,0,0,0,0,187.96,187.96,183.0,33.0,33.0,0,0,0,0,0,0,0,1,0,0,0,0,0,0,0,1,0,0,0,0,1,0,0,0
Red,False,0.015625,0.0,0.45,0.4275,0.25,0.2,0.148468017578125,0.098388671875,0.0,0.0,66.5,29.6875,64.31230545043945,27.34375,89.75,48.0,85.53125,44.41152191162109,2.0,0.75,2.0546875,0.75,51.1875,18.3359375,49.6123046875,16.280410766601562,7.5,5.07647705078125,7.5,5.0,4.5,3.625,4.984375,3.9375,48.6875,17.0,47.11572265625,16.5,5.75,3.75,5.3125,3.4375,5.0625,3.5,3.875,2.5,99.2119140625,94.125,638.5,0,0,0,0,0,0,0,0,0,0,0,0,0,0,172.72,172.72,170.0,0.5,0.0,0.75,0.0,0.5,0.0,0.0,1.5,0.0,0.0,18.0,10.5,2.5,0.0,29.0,20.5,2.5,0.0,1.0,1.0,1.0,0.0,15.5,8.0,0.0,0.0,2.5,2.5,1.0,0.0,0.0,0.0,1.5,0.0,3.5,2.0,2.5,0.0,0.5,0.5,0.0,0.0,14.0,8.0,0.0,0.0,0.0,0.0,246.5,2,0,2,0,2,2,0,0,0,0,0,1,0,1,180.34,180.34,170.0,22.0,26.0,0,0,0,0,0,0,1,0,0,0,0,0,0,0,0,1,0,0,0,0,1,0,0,0
Red,False,1.0,0.0,0.325,0.3299999999999999,0.0,0.125,0.5,0.0,0.0,0.0,75.5,21.5,42.0,12.5,91.5,37.0,44.5,15.0,0.5,0.0,4.0,1.0,70.5,17.0,40.5,11.0,4.0,3.5,0.0,0.0,1.0,1.0,1.5,1.5,62.5,12.0,32.0,6.5,10.5,7.0,2.5,2.0,2.5,2.5,7.5,4.0,88.0,102.5,585.5,5,0,2,0,2,2,0,0,0,0,0,2,0,0,172.72,172.72,185.0,0.0471682548522949,0.0,0.45,0.4217682266235352,0.25,0.19173828125,0.1875,0.125,0.0,0.0,69.5,30.5,66.984375,27.8466796875,94.0,48.544921875,88.50390625,44.75,2.0,0.8125,2.015625,0.6640625,54.0,19.01513671875,51.483436584472656,16.9437255859375,7.91796875,5.430633544921875,7.75,5.0625,4.780975341796875,3.9373779296875,4.8994140625,3.84375,51.025390625,18.400863647460938,50.515625,17.5,5.75,3.75,5.5,3.5,5.375,3.6875,4.0,2.65625,104.865234375,89.5,655.8441009521484,0,0,0,0,0,0,0,0,0,0,0,0,0,0,175.26,175.26,200.0,33.0,28.0,0,0,0,0,0,0,0,1,0,0,0,0,0,0,0,1,0,0,0,0,1,0,0,0
Red,True,0.5,0.5,0.64,0.665,0.0,0.0,0.0,0.0,0.0,0.0,17.0,13.0,9.0,5.5,20.5,16.5,10.0,6.5,0.0,0.0,1.0,0.0,9.0,6.0,8.0,5.0,7.0,6.5,0.5,0.0,1.0,0.5,0.5,0.5,2.0,0.5,6.5,3.5,14.5,12.0,2.5,2.0,0.5,0.5,0.0,0.0,0.0,0.0,108.5,2,0,0,1,1,1,1,0,0,0,0,1,0,0,180.34,187.96,205.0,0.0,0.0,0.4181249999999999,0.42,0.77125,0.0,0.0,1.3125,0.0,0.5,59.6875,22.75,34.9375,17.125,106.75,66.8125,123.4375,103.625,6.75,5.375,0.0625,0.0,55.75,20.4375,20.1875,5.875,3.4375,1.8125,5.5,4.0,0.5,0.5,9.25,7.25,15.625,3.125,26.5625,11.625,8.5,1.375,5.75,2.875,35.5625,18.25,2.625,2.625,475.5,6.5,858.3125,9,2,1,0,2,3,2,0,0,0,0,2,0,1,190.5,187.96,205.0,23.0,25.0,0,0,0,0,0,1,0,0,0,0,0,0,0,0,0,1,0,0,0,0,1,0,0,0
Red,False,0.015625,0.0,0.45,0.4275,0.25,0.2,0.148468017578125,0.098388671875,0.0,0.0,66.5,29.6875,64.31230545043945,27.34375,89.75,48.0,85.53125,44.41152191162109,2.0,0.75,2.0546875,0.75,51.1875,18.3359375,49.6123046875,16.280410766601562,7.5,5.07647705078125,7.5,5.0,4.5,3.625,4.984375,3.9375,48.6875,17.0,47.11572265625,16.5,5.75,3.75,5.3125,3.4375,5.0625,3.5,3.875,2.5,99.2119140625,94.125,638.5,0,0,0,0,0,0,0,0,0,0,0,0,0,0,185.42,185.42,205.0,0.0,0.25,0.5800000000000001,0.325,0.35,0.0,1.0,0.0,0.0,0.0,26.5,14.0,20.5,8.5,46.25,31.75,50.0,38.0,5.25,1.25,0.0,0.0,19.5,10.25,17.75,6.0,2.0,1.25,2.75,2.5,5.0,2.5,0.0,0.0,7.25,4.0,12.25,3.0,13.25,6.0,4.5,2.25,6.0,4.0,3.75,3.25,264.0,70.0,499.75,5,0,1,0,1,1,2,0,0,0,0,1,0,0,187.96,187.96,280.0,31.0,34.0,0,0,0,0,1,0,0,0,0,0,0,0,0,0,0,1,0,0,0,0,1,0,0,0
Red,False,0.0,0.0,1.0,1.0,0.5,0.0,0.0,0.0,0.0,0.0,2.0,2.0,1.0,1.0,2.0,2.0,1.0,1.0,2.0,1.0,0.0,0.0,1.0,1.0,1.0,1.0,1.0,1.0,0.0,0.0,0.0,0.0,0.0,0.0,0.0,0.0,1.0,1.0,0.0,0.0,0.0,0.0,2.0,2.0,0.0,0.0,33.0,9.0,88.0,1,0,1,0,1,1,0,0,0,0,0,1,0,0,182.88,182.88,199.0,0.0471682548522949,0.0,0.45,0.4217682266235352,0.25,0.19173828125,0.1875,0.125,0.0,0.0,69.5,30.5,66.984375,27.8466796875,94.0,48.544921875,88.50390625,44.75,2.0,0.8125,2.015625,0.6640625,54.0,19.01513671875,51.483436584472656,16.9437255859375,7.91796875,5.430633544921875,7.75,5.0625,4.780975341796875,3.9373779296875,4.8994140625,3.84375,51.025390625,18.400863647460938,50.515625,17.5,5.75,3.75,5.5,3.5,5.375,3.6875,4.0,2.65625,104.865234375,89.5,655.8441009521484,0,0,0,0,0,0,0,0,0,0,0,0,0,0,175.26,175.26,181.0,22.0,24.0,0,0,0,0,0,0,0,1,0,0,0,0,0,0,0,1,0,0,0,0,1,0,0,0
Red,False,0.015625,0.0,0.45,0.4275,0.25,0.2,0.148468017578125,0.098388671875,0.0,0.0,66.5,29.6875,64.31230545043945,27.34375,89.75,48.0,85.53125,44.41152191162109,2.0,0.75,2.0546875,0.75,51.1875,18.3359375,49.6123046875,16.280410766601562,7.5,5.07647705078125,7.5,5.0,4.5,3.625,4.984375,3.9375,48.6875,17.0,47.11572265625,16.5,5.75,3.75,5.3125,3.4375,5.0625,3.5,3.875,2.5,99.2119140625,94.125,638.5,0,0,0,0,0,0,0,0,0,0,0,0,0,0,180.34,180.34,170.0,0.0471682548522949,0.0,0.45,0.4217682266235352,0.25,0.19173828125,0.1875,0.125,0.0,0.0,69.5,30.5,66.984375,27.8466796875,94.0,48.544921875,88.50390625,44.75,2.0,0.8125,2.015625,0.6640625,54.0,19.01513671875,51.483436584472656,16.9437255859375,7.91796875,5.430633544921875,7.75,5.0625,4.780975341796875,3.9373779296875,4.8994140625,3.84375,51.025390625,18.400863647460938,50.515625,17.5,5.75,3.75,5.5,3.5,5.375,3.6875,4.0,2.65625,104.865234375,89.5,655.8441009521484,0,0,0,0,0,0,0,0,0,0,0,0,0,0,177.8,177.8,170.0,29.0,27.0,0,0,0,0,0,0,1,0,0,0,0,0,0,0,0,1,0,0,0,0,0,0,1,0
Red,False,0.0,1.0,0.0,1.0,0.0,0.0,2.0,0.0,0.0,0.0,3.0,0.0,6.0,6.0,3.0,0.0,6.0,6.0,0.0,0.0,0.0,0.0,0.0,0.0,3.0,3.0,0.0,0.0,3.0,3.0,3.0,0.0,0.0,0.0,3.0,0.0,3.0,3.0,0.0,0.0,1.0,1.0,0.0,0.0,2.0,2.0,0.0,0.0,81.0,1,0,0,1,0,0,1,0,0,0,0,0,0,0,172.72,172.72,155.0,0.0471682548522949,0.0,0.45,0.4217682266235352,0.25,0.19173828125,0.1875,0.125,0.0,0.0,69.5,30.5,66.984375,27.8466796875,94.0,48.544921875,88.50390625,44.75,2.0,0.8125,2.015625,0.6640625,54.0,19.01513671875,51.483436584472656,16.9437255859375,7.91796875,5.430633544921875,7.75,5.0625,4.780975341796875,3.9373779296875,4.8994140625,3.84375,51.025390625,18.400863647460938,50.515625,17.5,5.75,3.75,5.5,3.5,5.375,3.6875,4.0,2.65625,104.865234375,89.5,655.8441009521484,0,0,0,0,0,0,0,0,0,0,0,0,0,0,177.8,177.8,170.0,29.0,25.0,0,0,0,0,0,0,1,0,0,0,0,0,0,0,0,1,0,0,0,0,1,0,0,0
Red,False,0.015625,0.0,0.45,0.4275,0.25,0.2,0.148468017578125,0.098388671875,0.0,0.0,66.5,29.6875,64.31230545043945,27.34375,89.75,48.0,85.53125,44.41152191162109,2.0,0.75,2.0546875,0.75,51.1875,18.3359375,49.6123046875,16.280410766601562,7.5,5.07647705078125,7.5,5.0,4.5,3.625,4.984375,3.9375,48.6875,17.0,47.11572265625,16.5,5.75,3.75,5.3125,3.4375,5.0625,3.5,3.875,2.5,99.2119140625,94.125,638.5,0,0,0,0,0,0,0,0,0,0,0,0,0,0,180.34,180.34,225.0,0.0471682548522949,0.0,0.45,0.4217682266235352,0.25,0.19173828125,0.1875,0.125,0.0,0.0,69.5,30.5,66.984375,27.8466796875,94.0,48.544921875,88.50390625,44.75,2.0,0.8125,2.015625,0.6640625,54.0,19.01513671875,51.483436584472656,16.9437255859375,7.91796875,5.430633544921875,7.75,5.0625,4.780975341796875,3.9373779296875,4.8994140625,3.84375,51.025390625,18.400863647460938,50.515625,17.5,5.75,3.75,5.5,3.5,5.375,3.6875,4.0,2.65625,104.865234375,89.5,655.8441009521484,0,0,0,0,0,0,0,0,0,0,0,0,0,0,182.88,182.88,225.0,33.0,29.0,0,0,0,0,1,0,0,0,0,0,0,0,0,0,0,1,0,0,0,0,0,0,1,0
Red,False,0.015625,0.0,0.45,0.4275,0.25,0.2,0.148468017578125,0.098388671875,0.0,0.0,66.5,29.6875,64.31230545043945,27.34375,89.75,48.0,85.53125,44.41152191162109,2.0,0.75,2.0546875,0.75,51.1875,18.3359375,49.6123046875,16.280410766601562,7.5,5.07647705078125,7.5,5.0,4.5,3.625,4.984375,3.9375,48.6875,17.0,47.11572265625,16.5,5.75,3.75,5.3125,3.4375,5.0625,3.5,3.875,2.5,99.2119140625,94.125,638.5,0,0,0,0,0,0,0,0,0,0,0,0,0,0,165.1,165.1,145.0,0.0,0.0,0.59,0.54,0.0,0.5,1.0,0.0,0.0,0.0,81.0,48.0,62.0,34.0,105.0,69.0,101.0,69.0,1.0,0.0,2.0,1.0,62.0,32.0,47.0,21.0,9.0,7.0,8.0,6.0,10.0,9.0,7.0,7.0,16.0,3.0,15.0,9.0,53.0,35.0,37.0,21.0,12.0,10.0,10.0,4.0,403.0,127.0,600.0,2,0,0,1,0,0,1,0,0,0,0,0,0,0,170.18,177.8,145.0,29.0,25.0,0,0,0,0,0,0,1,0,0,0,0,0,0,0,0,1,0,0,0,0,0,0,1,0
Red,False,0.0,1.0,0.0,1.0,0.0,1.0,0.0,0.0,0.0,0.0,0.0,0.0,3.0,3.0,0.0,0.0,3.0,3.0,0.0,0.0,1.0,1.0,0.0,0.0,3.0,3.0,0.0,0.0,0.0,0.0,0.0,0.0,0.0,0.0,0.0,0.0,1.0,1.0,0.0,0.0,2.0,2.0,0.0,0.0,0.0,0.0,1.0,8.0,30.0,1,0,0,1,0,0,1,0,0,0,0,0,0,0,180.34,180.34,230.0,0.0471682548522949,0.0,0.45,0.4217682266235352,0.25,0.19173828125,0.1875,0.125,0.0,0.0,69.5,30.5,66.984375,27.8466796875,94.0,48.544921875,88.50390625,44.75,2.0,0.8125,2.015625,0.6640625,54.0,19.01513671875,51.483436584472656,16.9437255859375,7.91796875,5.430633544921875,7.75,5.0625,4.780975341796875,3.9373779296875,4.8994140625,3.84375,51.025390625,18.400863647460938,50.515625,17.5,5.75,3.75,5.5,3.5,5.375,3.6875,4.0,2.65625,104.865234375,89.5,655.8441009521484,0,0,0,0,0,0,0,0,0,0,0,0,0,0,185.42,185.42,275.0,29.0,30.0,0,0,0,0,1,0,0,0,0,0,0,0,0,0,0,1,0,0,0,0,1,0,0,0
Red,False,0.015625,0.0,0.45,0.4275,0.25,0.2,0.148468017578125,0.098388671875,0.0,0.0,66.5,29.6875,64.31230545043945,27.34375,89.75,48.0,85.53125,44.41152191162109,2.0,0.75,2.0546875,0.75,51.1875,18.3359375,49.6123046875,16.280410766601562,7.5,5.07647705078125,7.5,5.0,4.5,3.625,4.984375,3.9375,48.6875,17.0,47.11572265625,16.5,5.75,3.75,5.3125,3.4375,5.0625,3.5,3.875,2.5,99.2119140625,94.125,638.5,0,0,0,0,0,0,0,0,0,0,0,0,0,0,177.8,177.8,170.0,0.0471682548522949,0.0,0.45,0.4217682266235352,0.25,0.19173828125,0.1875,0.125,0.0,0.0,69.5,30.5,66.984375,27.8466796875,94.0,48.544921875,88.50390625,44.75,2.0,0.8125,2.015625,0.6640625,54.0,19.01513671875,51.483436584472656,16.9437255859375,7.91796875,5.430633544921875,7.75,5.0625,4.780975341796875,3.9373779296875,4.8994140625,3.84375,51.025390625,18.400863647460938,50.515625,17.5,5.75,3.75,5.5,3.5,5.375,3.6875,4.0,2.65625,104.865234375,89.5,655.8441009521484,0,0,0,0,0,0,0,0,0,0,0,0,0,0,175.26,175.26,170.0,23.0,29.0,0,0,0,0,0,0,1,0,0,0,0,0,0,0,0,1,0,0,0,0,1,0,0,0
Red,False,0.015625,0.0,0.45,0.4275,0.25,0.2,0.148468017578125,0.098388671875,0.0,0.0,66.5,29.6875,64.31230545043945,27.34375,89.75,48.0,85.53125,44.41152191162109,2.0,0.75,2.0546875,0.75,51.1875,18.3359375,49.6123046875,16.280410766601562,7.5,5.07647705078125,7.5,5.0,4.5,3.625,4.984375,3.9375,48.6875,17.0,47.11572265625,16.5,5.75,3.75,5.3125,3.4375,5.0625,3.5,3.875,2.5,99.2119140625,94.125,638.5,0,0,0,0,0,0,0,0,0,0,0,0,0,0,170.18,170.18,200.0,0.0471682548522949,0.0,0.45,0.4217682266235352,0.25,0.19173828125,0.1875,0.125,0.0,0.0,69.5,30.5,66.984375,27.8466796875,94.0,48.544921875,88.50390625,44.75,2.0,0.8125,2.015625,0.6640625,54.0,19.01513671875,51.483436584472656,16.9437255859375,7.91796875,5.430633544921875,7.75,5.0625,4.780975341796875,3.9373779296875,4.8994140625,3.84375,51.025390625,18.400863647460938,50.515625,17.5,5.75,3.75,5.5,3.5,5.375,3.6875,4.0,2.65625,104.865234375,89.5,655.8441009521484,0,0,0,0,0,0,0,0,0,0,0,0,0,0,175.26,175.26,185.0,29.0,29.0,0,0,0,0,0,0,0,1,0,0,0,0,0,0,0,1,0,0,0,0,1,0,0,0
Red,False,0.0,0.25,0.62875,0.37375,0.1575,0.05,2.125,0.25,0.625,0.0,33.125,18.625,44.875,17.0,103.75,84.375,76.75,44.0,4.625,1.125,0.625,0.25,23.875,12.25,39.25,12.625,3.125,2.75,3.625,2.625,6.125,3.625,2.0,1.75,17.875,8.875,25.75,6.75,0.875,0.75,5.0,2.875,14.375,9.0,14.125,7.375,37.5,210.0,738.75,8,0,2,0,2,3,1,0,0,0,2,1,0,0,180.34,180.34,225.0,1.0,0.0,0.4075,0.37,0.0,0.2075,0.0,0.0,0.0,0.0,37.5,14.5,48.25,18.25,48.0,24.0,61.75,30.25,0.0,0.0,2.5,0.75,31.5,8.75,44.75,16.75,0.0,0.0,0.75,0.0,6.0,5.75,2.75,1.5,33.5,12.5,31.0,10.0,2.0,1.25,7.75,2.5,2.0,0.75,9.5,5.75,0.0,0.0,481.75,4,0,3,0,3,3,0,0,0,1,0,2,0,0,185.42,185.42,241.0,29.0,25.0,0,0,0,0,1,0,0,0,0,0,0,0,0,0,0,1,0,0,0,0,1,0,0,0
Red,True,0.125,0.0,0.46875,0.315,0.25,0.12125,1.375,0.625,0.0,0.125,28.875,12.625,23.875,8.5,36.25,19.875,38.25,21.75,0.25,0.25,2.125,0.75,21.0,6.375,20.625,5.75,2.625,1.375,1.25,1.125,5.25,4.875,2.0,1.625,20.5,7.5,14.5,3.375,2.5,1.625,2.0,1.0,5.875,3.5,7.375,4.125,0.0,0.0,430.25,6,0,1,0,2,3,1,0,0,0,0,1,2,0,190.5,190.5,235.0,0.0,0.0,0.33,0.5900000000000001,1.0,0.0,0.0,1.5,0.0,0.0,55.0,18.5,22.5,13.5,95.5,47.5,108.0,97.5,5.0,5.0,0.0,0.0,53.5,18.0,14.5,6.0,1.5,0.5,4.5,4.0,0.0,0.0,3.5,3.5,10.0,2.0,12.0,5.0,1.0,0.5,2.0,2.0,44.0,16.0,8.5,6.5,0.0,0.0,1080.0,5,1,1,0,1,1,1,0,0,0,1,0,0,0,177.8,177.8,205.0,24.0,28.0,0,0,0,0,1,0,0,0,0,0,0,0,0,0,0,1,0,0,0,0,1,0,0,0
Red,False,0.0,0.0,0.0,0.59,0.0,0.0,0.0,0.0,0.0,0.0,14.0,0.0,59.0,35.0,15.0,1.0,76.0,51.0,1.0,0.0,0.0,0.0,14.0,0.0,50.0,27.0,0.0,0.0,3.0,3.0,0.0,0.0,6.0,5.0,14.0,0.0,17.0,8.0,0.0,0.0,5.0,3.0,0.0,0.0,37.0,24.0,0.0,177.0,281.0,1,0,0,1,0,0,1,0,0,0,0,0,0,0,182.88,182.88,170.0,0.0,0.0,0.25,0.42,0.0,0.66,1.0,0.0,0.0,0.0,4.0,1.0,63.0,27.0,4.0,1.0,135.0,93.0,0.0,0.0,3.0,2.0,3.0,0.0,61.0,25.0,1.0,1.0,1.0,1.0,0.0,0.0,1.0,1.0,3.0,0.0,1.0,1.0,1.0,1.0,1.0,1.0,0.0,0.0,61.0,25.0,0.0,528.0,555.0,2,1,1,0,1,1,0,0,0,0,0,0,1,0,182.88,182.88,170.0,21.0,23.0,0,0,0,0,0,0,0,0,1,0,0,0,0,0,0,0,0,1,0,0,1,0,0,0
Red,True,1.0,0.0,0.43,0.36,0.0,0.33,0.0,0.0,0.0,0.0,41.0,18.0,49.0,18.0,45.0,22.0,61.0,27.0,0.0,0.0,3.0,1.0,33.0,10.0,42.0,15.0,4.0,4.0,1.0,1.0,4.0,4.0,6.0,2.0,36.0,14.0,19.0,3.0,5.0,4.0,0.0,0.0,0.0,0.0,30.0,15.0,3.0,122.0,492.0,2,0,1,0,1,1,0,0,0,0,0,1,0,0,182.88,182.88,205.0,0.0471682548522949,0.0,0.45,0.4217682266235352,0.25,0.19173828125,0.1875,0.125,0.0,0.0,69.5,30.5,66.984375,27.8466796875,94.0,48.544921875,88.50390625,44.75,2.0,0.8125,2.015625,0.6640625,54.0,19.01513671875,51.483436584472656,16.9437255859375,7.91796875,5.430633544921875,7.75,5.0625,4.780975341796875,3.9373779296875,4.8994140625,3.84375,51.025390625,18.400863647460938,50.515625,17.5,5.75,3.75,5.5,3.5,5.375,3.6875,4.0,2.65625,104.865234375,89.5,655.8441009521484,0,0,0,0,0,0,0,0,0,0,0,0,0,0,182.88,182.88,170.0,27.0,23.0,0,0,0,0,1,0,0,0,0,0,0,0,0,0,0,1,0,0,0,0,1,0,0,0
Red,False,0.0,0.0,0.3,0.0,0.5,0.5,2.5,0.5,2.0,1.5,2.5,1.5,1.0,0.0,12.5,10.0,11.5,7.0,1.0,0.5,0.5,0.5,1.0,0.5,1.0,0.0,1.0,0.5,0.0,0.0,0.5,0.5,0.0,0.0,2.0,1.0,1.0,0.0,0.0,0.0,0.0,0.0,0.5,0.5,0.0,0.0,0.0,0.0,234.0,2,0,1,0,1,1,1,0,0,0,0,0,1,0,180.34,180.34,190.0,0.0471682548522949,0.0,0.45,0.4217682266235352,0.25,0.19173828125,0.1875,0.125,0.0,0.0,69.5,30.5,66.984375,27.8466796875,94.0,48.544921875,88.50390625,44.75,2.0,0.8125,2.015625,0.6640625,54.0,19.01513671875,51.483436584472656,16.9437255859375,7.91796875,5.430633544921875,7.75,5.0625,4.780975341796875,3.9373779296875,4.8994140625,3.84375,51.025390625,18.400863647460938,50.515625,17.5,5.75,3.75,5.5,3.5,5.375,3.6875,4.0,2.65625,104.865234375,89.5,655.8441009521484,0,0,0,0,0,0,0,0,0,0,0,0,0,0,182.88,182.88,199.0,30.0,22.0,0,0,0,0,0,0,0,1,0,0,0,0,0,0,0,0,0,1,0,0,1,0,0,0
Red,False,0.015625,0.0,0.45,0.4275,0.25,0.2,0.148468017578125,0.098388671875,0.0,0.0,66.5,29.6875,64.31230545043945,27.34375,89.75,48.0,85.53125,44.41152191162109,2.0,0.75,2.0546875,0.75,51.1875,18.3359375,49.6123046875,16.280410766601562,7.5,5.07647705078125,7.5,5.0,4.5,3.625,4.984375,3.9375,48.6875,17.0,47.11572265625,16.5,5.75,3.75,5.3125,3.4375,5.0625,3.5,3.875,2.5,99.2119140625,94.125,638.5,0,0,0,0,0,0,0,0,0,0,0,0,0,0,180.34,180.34,185.0,1.0,0.0,0.45,0.42,0.0,0.25,1.0,0.0,0.0,0.0,46.0,21.0,26.0,11.0,52.0,27.0,27.0,12.0,0.0,0.0,8.0,2.0,40.0,15.0,26.0,11.0,6.0,6.0,0.0,0.0,0.0,0.0,0.0,0.0,34.0,11.0,7.0,0.0,7.0,5.0,4.0,3.0,5.0,5.0,15.0,8.0,20.0,154.0,379.0,2,0,1,0,1,1,0,0,0,0,0,1,0,0,172.72,172.72,185.0,27.0,33.0,0,0,0,0,0,0,0,1,0,0,0,0,0,0,0,0,0,1,0,0,1,0,0,0
Red,False,0.015625,0.0,0.45,0.4275,0.25,0.2,0.148468017578125,0.098388671875,0.0,0.0,66.5,29.6875,64.31230545043945,27.34375,89.75,48.0,85.53125,44.41152191162109,2.0,0.75,2.0546875,0.75,51.1875,18.3359375,49.6123046875,16.280410766601562,7.5,5.07647705078125,7.5,5.0,4.5,3.625,4.984375,3.9375,48.6875,17.0,47.11572265625,16.5,5.75,3.75,5.3125,3.4375,5.0625,3.5,3.875,2.5,99.2119140625,94.125,638.5,0,0,0,0,0,0,0,0,0,0,0,0,0,0,175.26,175.26,198.0,0.0471682548522949,0.0,0.45,0.4217682266235352,0.25,0.19173828125,0.1875,0.125,0.0,0.0,69.5,30.5,66.984375,27.8466796875,94.0,48.544921875,88.50390625,44.75,2.0,0.8125,2.015625,0.6640625,54.0,19.01513671875,51.483436584472656,16.9437255859375,7.91796875,5.430633544921875,7.75,5.0625,4.780975341796875,3.9373779296875,4.8994140625,3.84375,51.025390625,18.400863647460938,50.515625,17.5,5.75,3.75,5.5,3.5,5.375,3.6875,4.0,2.65625,104.865234375,89.5,655.8441009521484,0,0,0,0,0,0,0,0,0,0,0,0,0,0,182.88,182.88,205.0,24.0,27.0,0,0,0,0,0,0,0,0,1,0,0,0,0,0,0,1,0,0,0,0,1,0,0,0
Red,False,0.0,1.0,0.6,0.5,0.0,0.0,2.0,0.0,1.0,0.0,35.0,21.0,2.0,1.0,74.0,60.0,18.0,15.0,0.0,0.0,0.0,0.0,34.0,20.0,2.0,1.0,1.0,1.0,0.0,0.0,0.0,0.0,0.0,0.0,2.0,0.0,1.0,1.0,0.0,0.0,0.0,0.0,33.0,21.0,1.0,0.0,237.0,14.0,260.0,1,0,1,0,1,1,0,0,0,0,0,0,1,0,175.26,175.26,199.0,0.0,0.0,0.48,0.475,0.5,0.71,0.0,1.5,0.5,0.0,61.0,29.0,24.5,8.5,93.5,59.5,28.0,12.0,1.0,1.0,4.0,2.0,34.0,12.5,20.0,4.5,5.5,3.0,2.5,2.0,21.5,13.5,2.0,2.0,31.5,11.5,16.0,5.0,19.0,11.0,8.0,3.0,10.5,6.5,0.5,0.5,0.0,0.0,720.0,2,0,1,0,1,1,1,0,0,0,1,0,0,0,187.96,193.04,205.0,36.0,29.0,0,0,0,0,0,0,0,1,0,0,0,0,0,0,0,1,0,0,0,0,1,0,0,0
Red,False,0.015625,0.0,0.45,0.4275,0.25,0.2,0.148468017578125,0.098388671875,0.0,0.0,66.5,29.6875,64.31230545043945,27.34375,89.75,48.0,85.53125,44.41152191162109,2.0,0.75,2.0546875,0.75,51.1875,18.3359375,49.6123046875,16.280410766601562,7.5,5.07647705078125,7.5,5.0,4.5,3.625,4.984375,3.9375,48.6875,17.0,47.11572265625,16.5,5.75,3.75,5.3125,3.4375,5.0625,3.5,3.875,2.5,99.2119140625,94.125,638.5,0,0,0,0,0,0,0,0,0,0,0,0,0,0,180.34,180.34,230.0,0.0,0.0,0.5,0.35,0.5,0.0,0.0,1.0,0.0,0.0,24.0,12.0,17.0,6.0,93.0,74.0,29.0,18.0,6.0,3.0,0.0,0.0,21.0,9.0,16.0,5.0,3.0,3.0,0.0,0.0,0.0,0.0,1.0,1.0,6.0,3.0,13.0,6.0,1.0,0.0,3.0,0.0,17.0,9.0,1.0,0.0,0.0,0.0,605.0,1,0,0,1,0,0,1,0,0,0,0,0,0,0,175.26,175.26,220.0,29.0,35.0,0,0,0,0,1,0,0,0,0,0,0,0,0,0,0,1,0,0,0,0,1,0,0,0
Red,False,0.015625,0.0,0.45,0.4275,0.25,0.2,0.148468017578125,0.098388671875,0.0,0.0,66.5,29.6875,64.31230545043945,27.34375,89.75,48.0,85.53125,44.41152191162109,2.0,0.75,2.0546875,0.75,51.1875,18.3359375,49.6123046875,16.280410766601562,7.5,5.07647705078125,7.5,5.0,4.5,3.625,4.984375,3.9375,48.6875,17.0,47.11572265625,16.5,5.75,3.75,5.3125,3.4375,5.0625,3.5,3.875,2.5,99.2119140625,94.125,638.5,0,0,0,0,0,0,0,0,0,0,0,0,0,0,167.64,167.64,160.0,0.0471682548522949,0.0,0.45,0.4217682266235352,0.25,0.19173828125,0.1875,0.125,0.0,0.0,69.5,30.5,66.984375,27.8466796875,94.0,48.544921875,88.50390625,44.75,2.0,0.8125,2.015625,0.6640625,54.0,19.01513671875,51.483436584472656,16.9437255859375,7.91796875,5.430633544921875,7.75,5.0625,4.780975341796875,3.9373779296875,4.8994140625,3.84375,51.025390625,18.400863647460938,50.515625,17.5,5.75,3.75,5.5,3.5,5.375,3.6875,4.0,2.65625,104.865234375,89.5,655.8441009521484,0,0,0,0,0,0,0,0,0,0,0,0,0,0,182.88,182.88,155.0,29.0,29.0,0,0,0,0,0,0,0,1,0,0,0,0,0,0,0,1,0,0,0,0,0,0,1,0
Red,False,0.0,0.0,0.28,0.42,0.0,1.0,0.0,1.0,0.0,0.0,7.0,2.0,7.0,3.0,16.0,9.0,14.0,10.0,0.0,0.0,1.0,1.0,5.0,0.0,6.0,2.0,2.0,2.0,1.0,1.0,0.0,0.0,0.0,0.0,5.0,1.0,3.0,1.0,2.0,1.0,2.0,1.0,0.0,0.0,2.0,1.0,0.0,0.0,116.0,1,0,0,1,0,0,1,0,0,0,0,0,0,0,187.96,187.96,230.0,0.0,0.0,0.62,0.28375,0.1674999999999999,0.125,0.75,0.5,0.0,0.5,36.0,21.625,18.5,6.625,50.875,35.75,44.375,32.25,3.0,1.375,0.625,0.125,28.25,15.0,14.625,4.125,3.375,3.0,2.75,1.875,4.375,3.625,1.125,0.625,11.875,5.75,11.5,1.5,4.125,2.625,2.75,1.875,20.0,13.25,4.25,3.25,88.5,0.0,469.875,5,1,0,2,2,2,2,0,0,0,0,1,1,0,185.42,187.96,185.0,29.0,24.0,0,0,0,0,1,0,0,0,0,0,0,0,0,0,0,1,0,0,0,0,1,0,0,0
Red,True,0.0,0.0,0.5662499999999999,0.3399999999999999,0.6625000000000001,0.0,0.0,1.625,0.0,0.0,45.375,25.5,8.875,3.25,88.5,66.625,19.875,14.25,4.5,2.75,0.125,0.0,41.5,22.875,6.375,1.75,3.875,2.625,0.0,0.0,0.0,0.0,2.5,1.5,10.25,3.25,7.125,2.25,6.0,2.75,1.5,0.75,29.125,19.5,0.25,0.25,0.0,0.0,534.625,5,1,1,0,2,3,1,0,0,0,0,2,0,1,190.5,187.96,205.0,1.0,0.0,0.71,0.4025,0.125,0.625,2.875,0.5,1.5,0.0,24.125,16.875,12.375,5.75,66.375,58.125,24.125,17.0,0.125,0.125,4.625,2.875,8.25,3.5,10.25,4.125,8.75,7.5,0.375,0.375,7.125,5.875,1.75,1.25,9.5,5.25,7.875,1.75,7.0,5.5,0.0,0.0,7.625,6.125,4.5,4.0,0.0,0.0,481.75,5,4,4,0,4,4,0,0,0,0,0,1,3,0,177.8,177.8,185.0,24.0,26.0,0,0,0,0,0,1,0,0,0,0,0,0,0,0,0,1,0,0,0,0,1,0,0,0
Red,False,0.0,0.0,0.25,0.71,0.0,1.0,0.0,1.0,0.0,0.0,8.0,2.0,32.0,23.0,14.0,7.0,35.0,25.0,0.0,0.0,1.0,1.0,8.0,2.0,26.0,18.0,0.0,0.0,5.0,4.0,0.0,0.0,1.0,1.0,7.0,1.0,8.0,3.0,1.0,1.0,2.0,2.0,0.0,0.0,22.0,18.0,0.0,0.0,178.0,1,0,0,1,0,0,1,0,0,0,0,0,0,0,175.26,175.26,170.0,0.0471682548522949,0.0,0.45,0.4217682266235352,0.25,0.19173828125,0.1875,0.125,0.0,0.0,69.5,30.5,66.984375,27.8466796875,94.0,48.544921875,88.50390625,44.75,2.0,0.8125,2.015625,0.6640625,54.0,19.01513671875,51.483436584472656,16.9437255859375,7.91796875,5.430633544921875,7.75,5.0625,4.780975341796875,3.9373779296875,4.8994140625,3.84375,51.025390625,18.400863647460938,50.515625,17.5,5.75,3.75,5.5,3.5,5.375,3.6875,4.0,2.65625,104.865234375,89.5,655.8441009521484,0,0,0,0,0,0,0,0,0,0,0,0,0,0,175.26,185.42,170.0,29.0,25.0,0,0,0,0,0,0,1,0,0,0,0,0,0,0,0,1,0,0,0,0,0,0,0,1
Red,False,0.015625,0.0,0.45,0.4275,0.25,0.2,0.148468017578125,0.098388671875,0.0,0.0,66.5,29.6875,64.31230545043945,27.34375,89.75,48.0,85.53125,44.41152191162109,2.0,0.75,2.0546875,0.75,51.1875,18.3359375,49.6123046875,16.280410766601562,7.5,5.07647705078125,7.5,5.0,4.5,3.625,4.984375,3.9375,48.6875,17.0,47.11572265625,16.5,5.75,3.75,5.3125,3.4375,5.0625,3.5,3.875,2.5,99.2119140625,94.125,638.5,0,0,0,0,0,0,0,0,0,0,0,0,0,0,185.42,185.42,225.0,0.0,0.5,0.4775,0.3675,0.315,0.1,1.25,0.5,0.25,0.0,52.25,26.25,58.75,22.0,130.5,95.75,82.5,45.0,6.25,2.25,1.25,0.5,40.75,17.5,49.5,15.25,4.25,3.5,5.25,3.25,7.25,5.25,4.0,3.5,28.75,13.75,45.5,13.5,1.75,1.5,8.0,4.75,21.75,11.0,5.25,3.75,0.0,0.0,877.5,6,0,2,0,2,2,1,0,0,0,2,0,0,0,180.34,180.34,225.0,34.0,29.0,0,0,0,0,1,0,0,0,0,0,0,0,0,0,0,1,0,0,0,0,1,0,0,0
Red,False,0.0,0.0,0.75,0.0,1.0,0.0,0.0,0.0,0.0,0.0,8.0,6.0,2.0,0.0,14.0,12.0,3.0,1.0,1.0,1.0,0.0,0.0,8.0,6.0,2.0,0.0,0.0,0.0,0.0,0.0,0.0,0.0,0.0,0.0,0.0,0.0,2.0,0.0,0.0,0.0,0.0,0.0,8.0,6.0,0.0,0.0,0.0,0.0,28.0,1,0,1,0,1,1,0,0,0,0,0,1,0,0,187.96,187.96,280.0,0.0,0.0,0.66,0.57,0.0,0.0,0.0,0.0,0.0,0.0,3.0,2.0,14.0,8.0,3.0,2.0,14.0,8.0,0.0,0.0,0.0,0.0,3.0,2.0,12.0,6.0,0.0,0.0,0.0,0.0,0.0,0.0,2.0,2.0,3.0,2.0,11.0,6.0,0.0,0.0,3.0,2.0,0.0,0.0,0.0,0.0,0.0,0.0,43.0,1,0,0,1,0,0,1,0,0,0,0,0,0,0,187.96,187.96,345.0,33.0,34.0,0,0,0,0,1,0,0,0,0,0,0,0,0,0,0,1,0,0,0,0,1,0,0,0
Red,True,0.015625,0.0,0.45,0.4275,0.25,0.2,0.148468017578125,0.098388671875,0.0,0.0,66.5,29.6875,64.31230545043945,27.34375,89.75,48.0,85.53125,44.41152191162109,2.0,0.75,2.0546875,0.75,51.1875,18.3359375,49.6123046875,16.280410766601562,7.5,5.07647705078125,7.5,5.0,4.5,3.625,4.984375,3.9375,48.6875,17.0,47.11572265625,16.5,5.75,3.75,5.3125,3.4375,5.0625,3.5,3.875,2.5,99.2119140625,94.125,638.5,0,0,0,0,0,0,0,0,0,0,0,0,0,0,172.72,172.72,155.0,0.0,0.0,0.4625,0.315,0.5275,0.5375,0.25,1.125,0.125,0.375,49.125,21.25,60.25,17.375,104.125,75.625,107.5,61.25,3.75,1.75,4.0,1.375,28.0,6.125,43.625,4.0,9.625,6.5,7.25,6.25,11.5,8.625,9.375,7.125,36.875,11.75,45.875,8.375,8.625,6.375,10.25,7.625,3.625,3.125,4.125,1.375,0.0,0.0,1125.25,9,3,4,0,4,4,0,0,0,2,1,0,1,0,177.8,177.8,170.0,32.0,31.0,0,0,0,0,0,0,0,0,0,1,0,0,0,0,0,1,0,0,0,0,1,0,0,0
Red,False,0.0,0.0,0.5,0.0,0.0,0.0,0.0,1.0,0.0,0.0,6.0,3.0,0.0,0.0,8.0,5.0,3.0,3.0,1.0,0.0,0.0,0.0,6.0,3.0,0.0,0.0,0.0,0.0,0.0,0.0,0.0,0.0,0.0,0.0,0.0,0.0,0.0,0.0,0.0,0.0,0.0,0.0,6.0,3.0,0.0,0.0,0.0,0.0,96.0,1,0,0,1,0,0,1,0,0,0,0,0,0,0,177.8,177.8,199.0,0.0471682548522949,0.0,0.45,0.4217682266235352,0.25,0.19173828125,0.1875,0.125,0.0,0.0,69.5,30.5,66.984375,27.8466796875,94.0,48.544921875,88.50390625,44.75,2.0,0.8125,2.015625,0.6640625,54.0,19.01513671875,51.483436584472656,16.9437255859375,7.91796875,5.430633544921875,7.75,5.0625,4.780975341796875,3.9373779296875,4.8994140625,3.84375,51.025390625,18.400863647460938,50.515625,17.5,5.75,3.75,5.5,3.5,5.375,3.6875,4.0,2.65625,104.865234375,89.5,655.8441009521484,0,0,0,0,0,0,0,0,0,0,0,0,0,0,172.72,172.72,185.0,29.0,32.0,0,0,0,0,0,0,0,1,0,0,0,0,0,0,0,1,0,0,0,0,1,0,0,0
Red,False,0.015625,0.0,0.45,0.4275,0.25,0.2,0.148468017578125,0.098388671875,0.0,0.0,66.5,29.6875,64.31230545043945,27.34375,89.75,48.0,85.53125,44.41152191162109,2.0,0.75,2.0546875,0.75,51.1875,18.3359375,49.6123046875,16.280410766601562,7.5,5.07647705078125,7.5,5.0,4.5,3.625,4.984375,3.9375,48.6875,17.0,47.11572265625,16.5,5.75,3.75,5.3125,3.4375,5.0625,3.5,3.875,2.5,99.2119140625,94.125,638.5,0,0,0,0,0,0,0,0,0,0,0,0,0,0,180.34,180.34,183.0,0.0471682548522949,0.0,0.45,0.4217682266235352,0.25,0.19173828125,0.1875,0.125,0.0,0.0,69.5,30.5,66.984375,27.8466796875,94.0,48.544921875,88.50390625,44.75,2.0,0.8125,2.015625,0.6640625,54.0,19.01513671875,51.483436584472656,16.9437255859375,7.91796875,5.430633544921875,7.75,5.0625,4.780975341796875,3.9373779296875,4.8994140625,3.84375,51.025390625,18.400863647460938,50.515625,17.5,5.75,3.75,5.5,3.5,5.375,3.6875,4.0,2.65625,104.865234375,89.5,655.8441009521484,0,0,0,0,0,0,0,0,0,0,0,0,0,0,175.26,175.26,199.0,29.0,36.0,0,0,0,0,0,0,0,1,0,0,0,0,0,0,1,0,0,0,0,0,1,0,0,0
Red,False,0.015625,0.0,0.45,0.4275,0.25,0.2,0.148468017578125,0.098388671875,0.0,0.0,66.5,29.6875,64.31230545043945,27.34375,89.75,48.0,85.53125,44.41152191162109,2.0,0.75,2.0546875,0.75,51.1875,18.3359375,49.6123046875,16.280410766601562,7.5,5.07647705078125,7.5,5.0,4.5,3.625,4.984375,3.9375,48.6875,17.0,47.11572265625,16.5,5.75,3.75,5.3125,3.4375,5.0625,3.5,3.875,2.5,99.2119140625,94.125,638.5,0,0,0,0,0,0,0,0,0,0,0,0,0,0,187.96,187.96,200.0,0.0,0.0,0.27,0.55,0.0,0.0,0.0,2.0,0.0,0.0,22.0,6.0,27.0,15.0,34.0,18.0,34.0,22.0,1.0,0.0,0.0,0.0,20.0,4.0,18.0,7.0,0.0,0.0,1.0,0.0,2.0,2.0,8.0,8.0,13.0,2.0,16.0,8.0,1.0,0.0,1.0,1.0,8.0,4.0,10.0,6.0,0.0,0.0,388.0,1,0,0,1,0,0,1,0,0,0,0,0,0,0,182.88,182.88,240.0,25.0,22.0,0,0,0,0,1,0,0,0,0,0,0,0,0,0,0,1,0,0,0,0,1,0,0,0
Red,False,0.125,0.0,0.471875,0.278125,0.1875,0.0625,0.5625,0.8125,0.0625,0.0625,36.875,13.1875,21.9375,5.0,49.5,24.8125,28.6875,10.6875,0.5625,0.3125,1.5625,0.0625,20.8125,4.0,12.625,1.5,0.125,0.125,1.0,0.5,15.9375,9.0625,8.3125,3.0,33.0625,10.9375,21.0,4.125,0.4375,0.3125,0.5,0.5,3.375,1.9375,0.4375,0.375,0.0,0.0,738.75,5,1,4,0,4,4,1,0,0,0,0,1,3,0,185.42,185.42,210.0,0.0,0.125,0.63,0.405,0.0,0.785,1.125,0.5,0.125,0.0,22.0,15.125,40.375,16.25,39.25,32.375,69.875,41.0,0.0,0.0,3.625,3.0,13.75,7.375,40.375,16.25,1.625,1.375,0.0,0.0,6.625,6.375,0.0,0.0,16.125,9.875,10.75,2.375,2.125,1.875,1.375,0.75,3.75,3.375,28.25,13.125,0.0,0.0,983.5,9,3,2,0,2,2,2,0,0,0,1,0,1,0,187.96,187.96,221.0,38.0,37.0,0,0,0,0,1,0,0,0,0,0,0,0,0,0,0,1,0,0,0,0,1,0,0,0
Red,False,0.015625,0.0,0.45,0.4275,0.25,0.2,0.148468017578125,0.098388671875,0.0,0.0,66.5,29.6875,64.31230545043945,27.34375,89.75,48.0,85.53125,44.41152191162109,2.0,0.75,2.0546875,0.75,51.1875,18.3359375,49.6123046875,16.280410766601562,7.5,5.07647705078125,7.5,5.0,4.5,3.625,4.984375,3.9375,48.6875,17.0,47.11572265625,16.5,5.75,3.75,5.3125,3.4375,5.0625,3.5,3.875,2.5,99.2119140625,94.125,638.5,0,0,0,0,0,0,0,0,0,0,0,0,0,0,182.88,182.88,170.0,0.0,0.0,0.65,0.5675,0.3349999999999999,0.25,1.5,1.0,0.0,1.0,13.0,8.25,23.0,13.25,25.75,20.5,73.75,63.5,6.0,2.75,0.25,0.25,6.5,3.0,15.25,8.25,3.75,3.0,5.5,3.75,2.75,2.25,2.25,1.25,6.75,3.5,9.0,3.0,3.25,2.25,5.5,3.75,3.0,2.5,8.5,6.5,0.0,0.0,658.75,4,1,0,2,1,1,2,0,0,0,0,0,1,0,185.42,187.96,185.0,21.0,23.0,0,0,0,0,0,0,0,1,0,0,0,0,0,0,0,0,0,1,0,0,1,0,0,0
Red,False,0.015625,0.0,0.45,0.4275,0.25,0.2,0.148468017578125,0.098388671875,0.0,0.0,66.5,29.6875,64.31230545043945,27.34375,89.75,48.0,85.53125,44.41152191162109,2.0,0.75,2.0546875,0.75,51.1875,18.3359375,49.6123046875,16.280410766601562,7.5,5.07647705078125,7.5,5.0,4.5,3.625,4.984375,3.9375,48.6875,17.0,47.11572265625,16.5,5.75,3.75,5.3125,3.4375,5.0625,3.5,3.875,2.5,99.2119140625,94.125,638.5,0,0,0,0,0,0,0,0,0,0,0,0,0,0,172.72,172.72,155.0,0.0,0.0,0.5,0.0,1.0,0.0,0.0,1.0,0.0,0.0,30.0,15.0,2.0,0.0,52.0,35.0,2.0,0.0,2.0,2.0,2.0,0.0,28.0,13.0,0.0,0.0,2.0,2.0,2.0,0.0,0.0,0.0,0.0,0.0,4.0,1.0,2.0,0.0,0.0,0.0,0.0,0.0,26.0,14.0,0.0,0.0,0.0,0.0,412.0,1,0,1,0,1,1,0,0,0,0,0,1,0,0,180.34,180.34,170.0,28.0,25.0,0,0,0,0,0,0,1,0,0,0,0,0,0,0,0,1,0,0,0,0,1,0,0,0
Red,False,0.015625,0.0,0.45,0.4275,0.25,0.2,0.148468017578125,0.098388671875,0.0,0.0,66.5,29.6875,64.31230545043945,27.34375,89.75,48.0,85.53125,44.41152191162109,2.0,0.75,2.0546875,0.75,51.1875,18.3359375,49.6123046875,16.280410766601562,7.5,5.07647705078125,7.5,5.0,4.5,3.625,4.984375,3.9375,48.6875,17.0,47.11572265625,16.5,5.75,3.75,5.3125,3.4375,5.0625,3.5,3.875,2.5,99.2119140625,94.125,638.5,0,0,0,0,0,0,0,0,0,0,0,0,0,0,182.88,182.88,240.0,0.25,0.0,0.3874999999999999,0.36,0.5,0.2425,0.75,1.25,0.0,0.25,30.75,10.25,25.75,11.0,38.5,17.75,42.5,25.5,0.5,0.5,3.25,1.5,24.0,5.75,21.25,7.5,4.25,2.75,2.5,2.25,2.5,1.75,2.0,1.25,25.0,7.0,16.0,4.75,4.0,2.25,3.0,2.0,1.75,1.0,6.75,4.25,0.0,0.0,472.5,5,0,1,0,1,2,1,0,0,0,0,1,1,0,190.5,190.5,235.0,21.0,23.0,0,0,0,0,1,0,0,0,0,0,0,0,0,0,0,1,0,0,0,0,1,0,0,0
Red,True,0.0,0.0,0.34,0.56,1.0,0.0,0.0,2.0,0.0,0.0,49.0,17.0,16.0,9.0,77.0,39.0,21.0,14.0,4.0,4.0,0.0,0.0,49.0,17.0,9.0,2.0,0.0,0.0,2.0,2.0,0.0,0.0,5.0,5.0,18.0,4.0,13.0,6.0,2.0,1.0,3.0,3.0,29.0,12.0,0.0,0.0,0.0,0.0,900.0,2,0,1,0,1,1,0,0,0,0,1,0,0,0,177.8,177.8,205.0,1.0,0.0,0.5,0.48,0.0,0.33,0.0,0.0,0.0,0.0,61.0,31.0,47.0,23.0,100.0,70.0,154.0,120.0,0.0,0.0,9.0,3.0,50.0,21.0,38.0,16.0,4.0,3.0,5.0,4.0,7.0,7.0,4.0,3.0,42.0,18.0,14.0,6.0,15.0,9.0,2.0,2.0,4.0,4.0,31.0,15.0,0.0,0.0,855.0,2,0,1,0,1,1,0,0,0,0,0,1,0,0,185.42,185.42,205.0,27.0,34.0,0,0,0,0,1,0,0,0,0,0,0,0,0,0,0,1,0,0,0,0,1,0,0,0
Red,False,0.015625,0.0,0.45,0.4275,0.25,0.2,0.148468017578125,0.098388671875,0.0,0.0,66.5,29.6875,64.31230545043945,27.34375,89.75,48.0,85.53125,44.41152191162109,2.0,0.75,2.0546875,0.75,51.1875,18.3359375,49.6123046875,16.280410766601562,7.5,5.07647705078125,7.5,5.0,4.5,3.625,4.984375,3.9375,48.6875,17.0,47.11572265625,16.5,5.75,3.75,5.3125,3.4375,5.0625,3.5,3.875,2.5,99.2119140625,94.125,638.5,0,0,0,0,0,0,0,0,0,0,0,0,0,0,182.88,182.88,335.0,0.0471682548522949,0.0,0.45,0.4217682266235352,0.25,0.19173828125,0.1875,0.125,0.0,0.0,69.5,30.5,66.984375,27.8466796875,94.0,48.544921875,88.50390625,44.75,2.0,0.8125,2.015625,0.6640625,54.0,19.01513671875,51.483436584472656,16.9437255859375,7.91796875,5.430633544921875,7.75,5.0625,4.780975341796875,3.9373779296875,4.8994140625,3.84375,51.025390625,18.400863647460938,50.515625,17.5,5.75,3.75,5.5,3.5,5.375,3.6875,4.0,2.65625,104.865234375,89.5,655.8441009521484,0,0,0,0,0,0,0,0,0,0,0,0,0,0,187.96,187.96,280.0,29.0,33.0,0,0,0,0,1,0,0,0,0,0,0,0,0,0,0,1,0,0,0,0,1,0,0,0
Red,False,0.015625,0.0,0.45,0.4275,0.25,0.2,0.148468017578125,0.098388671875,0.0,0.0,66.5,29.6875,64.31230545043945,27.34375,89.75,48.0,85.53125,44.41152191162109,2.0,0.75,2.0546875,0.75,51.1875,18.3359375,49.6123046875,16.280410766601562,7.5,5.07647705078125,7.5,5.0,4.5,3.625,4.984375,3.9375,48.6875,17.0,47.11572265625,16.5,5.75,3.75,5.3125,3.4375,5.0625,3.5,3.875,2.5,99.2119140625,94.125,638.5,0,0,0,0,0,0,0,0,0,0,0,0,0,0,185.42,185.42,170.0,0.0471682548522949,0.0,0.45,0.4217682266235352,0.25,0.19173828125,0.1875,0.125,0.0,0.0,69.5,30.5,66.984375,27.8466796875,94.0,48.544921875,88.50390625,44.75,2.0,0.8125,2.015625,0.6640625,54.0,19.01513671875,51.483436584472656,16.9437255859375,7.91796875,5.430633544921875,7.75,5.0625,4.780975341796875,3.9373779296875,4.8994140625,3.84375,51.025390625,18.400863647460938,50.515625,17.5,5.75,3.75,5.5,3.5,5.375,3.6875,4.0,2.65625,104.865234375,89.5,655.8441009521484,0,0,0,0,0,0,0,0,0,0,0,0,0,0,170.18,170.18,170.0,23.0,29.0,0,0,0,0,0,0,1,0,0,0,0,0,0,0,0,1,0,0,0,0,0,0,1,0
Red,False,0.015625,0.0,0.45,0.4275,0.25,0.2,0.148468017578125,0.098388671875,0.0,0.0,66.5,29.6875,64.31230545043945,27.34375,89.75,48.0,85.53125,44.41152191162109,2.0,0.75,2.0546875,0.75,51.1875,18.3359375,49.6123046875,16.280410766601562,7.5,5.07647705078125,7.5,5.0,4.5,3.625,4.984375,3.9375,48.6875,17.0,47.11572265625,16.5,5.75,3.75,5.3125,3.4375,5.0625,3.5,3.875,2.5,99.2119140625,94.125,638.5,0,0,0,0,0,0,0,0,0,0,0,0,0,0,180.34,180.34,196.0,0.0,1.0,0.5,0.53,0.0,0.0,0.0,0.0,0.0,0.0,2.0,1.0,13.0,7.0,2.0,1.0,13.0,7.0,0.0,0.0,0.0,0.0,0.0,0.0,13.0,7.0,0.0,0.0,0.0,0.0,2.0,1.0,0.0,0.0,2.0,1.0,13.0,7.0,0.0,0.0,0.0,0.0,0.0,0.0,0.0,0.0,0.0,0.0,44.0,1,0,0,1,0,0,1,0,0,0,0,0,0,0,180.34,187.96,205.0,29.0,22.0,0,0,0,0,0,0,0,1,0,0,0,0,0,0,0,1,0,0,0,0,1,0,0,0
Red,False,0.0,0.5,0.245,0.54,0.0,0.25,0.5,0.0,0.0,0.0,12.0,3.5,26.5,14.5,18.0,9.5,64.0,48.5,0.0,0.0,3.0,1.5,11.0,2.5,25.0,13.0,0.5,0.5,1.5,1.5,0.5,0.5,0.0,0.0,7.0,3.0,5.0,2.5,4.5,0.5,8.0,2.5,0.5,0.0,13.5,9.5,0.0,0.0,341.0,2,0,0,1,1,1,1,0,0,0,0,0,1,0,187.96,187.96,233.0,1.0,0.0,0.615,0.4,0.0,0.415,0.0,0.0,0.0,0.0,32.0,20.0,50.5,20.5,53.0,39.0,77.5,44.5,0.0,0.0,4.0,1.5,22.0,10.5,48.5,19.5,0.0,0.0,0.5,0.0,10.0,9.5,1.5,1.0,25.0,16.0,24.0,7.0,4.0,2.5,7.5,2.0,3.0,1.5,19.0,11.5,0.0,0.0,693.5,3,0,2,0,2,2,0,0,0,1,0,1,0,0,185.42,185.42,241.0,34.0,25.0,0,0,0,0,1,0,0,0,0,0,0,0,0,0,0,1,0,0,0,0,1,0,0,0
Red,False,0.015625,0.0,0.45,0.4275,0.25,0.2,0.148468017578125,0.098388671875,0.0,0.0,66.5,29.6875,64.31230545043945,27.34375,89.75,48.0,85.53125,44.41152191162109,2.0,0.75,2.0546875,0.75,51.1875,18.3359375,49.6123046875,16.280410766601562,7.5,5.07647705078125,7.5,5.0,4.5,3.625,4.984375,3.9375,48.6875,17.0,47.11572265625,16.5,5.75,3.75,5.3125,3.4375,5.0625,3.5,3.875,2.5,99.2119140625,94.125,638.5,0,0,0,0,0,0,0,0,0,0,0,0,0,0,187.96,187.96,230.0,0.5,0.0,0.355,0.44,0.0,0.485,0.5,2.5,0.0,0.5,54.5,17.5,44.5,20.0,63.0,25.5,69.0,42.0,0.0,0.0,6.5,3.0,42.0,9.5,37.5,15.0,7.5,4.5,3.0,2.5,5.0,3.5,4.0,2.5,47.0,13.0,27.0,8.5,6.0,3.5,4.0,3.0,1.5,1.0,13.5,8.5,0.0,0.0,829.0,4,0,1,0,1,1,1,0,0,0,0,1,0,0,190.5,190.5,235.0,29.0,23.0,0,0,0,0,1,0,0,0,0,0,0,0,0,0,0,1,0,0,0,0,1,0,0,0
Red,False,0.0,0.0,0.46,0.23,1.0,1.0,0.0,0.0,0.0,0.0,98.0,46.0,38.0,9.0,117.0,61.0,40.0,11.0,2.0,2.0,1.0,1.0,47.0,13.0,37.0,8.0,9.0,6.0,0.0,0.0,42.0,27.0,1.0,1.0,52.0,20.0,25.0,5.0,36.0,21.0,12.0,3.0,10.0,5.0,1.0,1.0,0.0,0.0,720.0,1,0,1,0,1,1,0,0,0,0,1,0,0,0,187.96,193.04,205.0,0.0,0.0,0.5800000000000001,0.635,0.25,0.5,0.0,2.0,0.0,1.0,15.0,8.5,22.0,14.5,35.5,28.0,77.5,69.0,5.0,2.5,0.5,0.5,10.0,5.0,9.5,4.5,2.5,2.0,9.0,7.5,2.5,1.5,3.5,2.5,6.5,2.0,7.0,3.0,2.5,1.5,9.0,6.5,6.0,5.0,6.0,5.0,0.0,0.0,597.5,3,1,0,2,0,0,2,0,0,0,0,0,0,0,185.42,187.96,185.0,29.0,23.0,0,0,0,0,0,0,0,1,0,0,0,0,0,0,0,1,0,0,0,0,1,0,0,0
Red,False,0.125,0.125,0.32625,0.26875,0.125,0.5,0.5,0.25,0.0,0.0,21.875,12.625,15.5,4.375,36.75,26.25,27.25,15.75,0.625,0.125,1.0,0.5,17.625,8.625,13.75,3.875,1.75,1.75,0.5,0.25,2.5,2.25,1.25,0.25,9.0,3.75,11.0,1.375,5.625,4.0,2.0,0.5,7.25,4.875,2.5,2.5,0.0,0.0,316.875,5,1,4,0,4,4,0,0,0,0,1,2,1,0,185.42,185.42,200.0,0.0,0.0,0.5225,0.18,0.925,0.0,0.0,0.25,0.0,0.0,48.75,25.0,13.75,4.5,66.0,41.25,28.75,19.5,4.0,3.5,0.25,0.0,47.0,23.75,9.75,2.5,1.75,1.25,0.0,0.0,0.0,0.0,4.0,2.0,18.5,6.5,11.25,3.5,6.0,3.5,2.0,0.5,24.25,15.0,0.5,0.5,0.0,0.0,473.25,4,1,1,0,1,2,1,0,0,0,0,1,0,1,190.5,187.96,205.0,31.0,24.0,0,0,0,0,0,0,0,1,0,0,0,0,0,0,0,1,0,0,0,0,1,0,0,0
Red,False,0.0,0.25,0.7,0.47,0.0,0.5700000000000001,0.25,1.0,0.25,0.0,28.0,21.25,31.75,15.5,57.5,50.75,62.75,43.0,0.0,0.0,3.25,2.0,18.5,12.75,31.75,15.5,1.25,0.75,0.0,0.0,8.25,7.75,0.0,0.0,19.25,13.75,3.5,0.75,1.25,0.75,0.75,0.5,7.5,6.75,27.5,14.25,0.0,0.0,1067.0,7,3,2,0,2,2,1,0,0,0,1,0,1,0,187.96,187.96,221.0,0.0471682548522949,0.0,0.45,0.4217682266235352,0.25,0.19173828125,0.1875,0.125,0.0,0.0,69.5,30.5,66.984375,27.8466796875,94.0,48.544921875,88.50390625,44.75,2.0,0.8125,2.015625,0.6640625,54.0,19.01513671875,51.483436584472656,16.9437255859375,7.91796875,5.430633544921875,7.75,5.0625,4.780975341796875,3.9373779296875,4.8994140625,3.84375,51.025390625,18.400863647460938,50.515625,17.5,5.75,3.75,5.5,3.5,5.375,3.6875,4.0,2.65625,104.865234375,89.5,655.8441009521484,0,0,0,0,0,0,0,0,0,0,0,0,0,0,177.8,177.8,205.0,37.0,27.0,0,0,0,0,1,0,0,0,0,0,0,0,0,0,0,1,0,0,0,0,1,0,0,0
Red,False,0.015625,0.0,0.45,0.4275,0.25,0.2,0.148468017578125,0.098388671875,0.0,0.0,66.5,29.6875,64.31230545043945,27.34375,89.75,48.0,85.53125,44.41152191162109,2.0,0.75,2.0546875,0.75,51.1875,18.3359375,49.6123046875,16.280410766601562,7.5,5.07647705078125,7.5,5.0,4.5,3.625,4.984375,3.9375,48.6875,17.0,47.11572265625,16.5,5.75,3.75,5.3125,3.4375,5.0625,3.5,3.875,2.5,99.2119140625,94.125,638.5,0,0,0,0,0,0,0,0,0,0,0,0,0,0,187.96,187.96,200.0,0.0471682548522949,0.0,0.45,0.4217682266235352,0.25,0.19173828125,0.1875,0.125,0.0,0.0,69.5,30.5,66.984375,27.8466796875,94.0,48.544921875,88.50390625,44.75,2.0,0.8125,2.015625,0.6640625,54.0,19.01513671875,51.483436584472656,16.9437255859375,7.91796875,5.430633544921875,7.75,5.0625,4.780975341796875,3.9373779296875,4.8994140625,3.84375,51.025390625,18.400863647460938,50.515625,17.5,5.75,3.75,5.5,3.5,5.375,3.6875,4.0,2.65625,104.865234375,89.5,655.8441009521484,0,0,0,0,0,0,0,0,0,0,0,0,0,0,182.88,182.88,215.0,29.0,29.0,0,0,0,0,1,0,0,0,0,0,0,0,0,0,0,1,0,0,0,0,1,0,0,0
Red,False,0.015625,0.0,0.45,0.4275,0.25,0.2,0.148468017578125,0.098388671875,0.0,0.0,66.5,29.6875,64.31230545043945,27.34375,89.75,48.0,85.53125,44.41152191162109,2.0,0.75,2.0546875,0.75,51.1875,18.3359375,49.6123046875,16.280410766601562,7.5,5.07647705078125,7.5,5.0,4.5,3.625,4.984375,3.9375,48.6875,17.0,47.11572265625,16.5,5.75,3.75,5.3125,3.4375,5.0625,3.5,3.875,2.5,99.2119140625,94.125,638.5,0,0,0,0,0,0,0,0,0,0,0,0,0,0,187.96,187.96,345.0,0.0,0.0,0.5231250000000001,0.5603125,0.5415625,0.3125,0.015625,0.0,0.140625,0.046875,16.15625,8.671875,30.46875,17.765625,35.03125,25.734375,50.84375,35.5,0.625,0.5625,0.84375,0.6875,13.78125,6.578125,25.875,14.359375,2.0625,1.78125,4.3125,3.1875,0.3125,0.3125,0.28125,0.21875,3.984375,1.3125,5.5625,1.625,9.09375,5.3125,18.21875,12.59375,3.078125,2.046875,6.6875,3.546875,0.0,0.0,510.0625,7,1,2,0,2,3,4,0,0,0,0,3,0,0,190.5,190.5,249.0,34.0,33.0,0,0,0,0,1,0,0,0,0,0,0,0,0,0,0,1,0,0,0,0,1,0,0,0
Red,False,0.015625,0.0,0.45,0.4275,0.25,0.2,0.148468017578125,0.098388671875,0.0,0.0,66.5,29.6875,64.31230545043945,27.34375,89.75,48.0,85.53125,44.41152191162109,2.0,0.75,2.0546875,0.75,51.1875,18.3359375,49.6123046875,16.280410766601562,7.5,5.07647705078125,7.5,5.0,4.5,3.625,4.984375,3.9375,48.6875,17.0,47.11572265625,16.5,5.75,3.75,5.3125,3.4375,5.0625,3.5,3.875,2.5,99.2119140625,94.125,638.5,0,0,0,0,0,0,0,0,0,0,0,0,0,0,175.26,175.26,170.0,0.0,0.0,0.64,0.15,1.0,1.0,4.0,0.0,0.0,0.0,37.0,24.0,26.0,4.0,39.0,25.0,59.0,30.0,1.0,1.0,1.0,1.0,20.0,10.0,25.0,3.0,6.0,5.0,1.0,1.0,11.0,9.0,0.0,0.0,16.0,10.0,14.0,0.0,21.0,14.0,0.0,0.0,0.0,0.0,12.0,4.0,0.0,0.0,477.0,1,0,1,0,1,1,0,0,0,0,0,0,1,0,182.88,187.96,185.0,29.0,28.0,0,0,0,0,0,0,0,1,0,0,0,0,0,0,0,1,0,0,0,0,1,0,0,0
Red,False,0.0,0.0,0.475,0.235,0.3,0.2,2.5,1.0,0.5,0.0,57.5,29.5,56.5,13.0,107.0,71.5,65.0,20.0,3.5,1.5,2.5,1.0,43.5,19.0,49.0,9.5,3.5,3.0,6.5,3.5,10.5,7.5,1.0,0.0,43.5,21.5,49.0,9.0,1.5,1.0,1.0,0.5,12.5,7.0,6.5,3.5,0.0,0.0,900.0,4,0,2,0,2,2,0,0,0,0,2,0,0,0,180.34,180.34,225.0,0.0471682548522949,0.0,0.45,0.4217682266235352,0.25,0.19173828125,0.1875,0.125,0.0,0.0,69.5,30.5,66.984375,27.8466796875,94.0,48.544921875,88.50390625,44.75,2.0,0.8125,2.015625,0.6640625,54.0,19.01513671875,51.483436584472656,16.9437255859375,7.91796875,5.430633544921875,7.75,5.0625,4.780975341796875,3.9373779296875,4.8994140625,3.84375,51.025390625,18.400863647460938,50.515625,17.5,5.75,3.75,5.5,3.5,5.375,3.6875,4.0,2.65625,104.865234375,89.5,655.8441009521484,0,0,0,0,0,0,0,0,0,0,0,0,0,0,185.42,185.42,205.0,28.0,33.0,0,0,0,0,1,0,0,0,0,0,0,0,0,0,0,1,0,0,0,0,1,0,0,0
Red,False,0.015625,0.0,0.45,0.4275,0.25,0.2,0.148468017578125,0.098388671875,0.0,0.0,66.5,29.6875,64.31230545043945,27.34375,89.75,48.0,85.53125,44.41152191162109,2.0,0.75,2.0546875,0.75,51.1875,18.3359375,49.6123046875,16.280410766601562,7.5,5.07647705078125,7.5,5.0,4.5,3.625,4.984375,3.9375,48.6875,17.0,47.11572265625,16.5,5.75,3.75,5.3125,3.4375,5.0625,3.5,3.875,2.5,99.2119140625,94.125,638.5,0,0,0,0,0,0,0,0,0,0,0,0,0,0,180.34,182.88,170.0,0.0471682548522949,0.0,0.45,0.4217682266235352,0.25,0.19173828125,0.1875,0.125,0.0,0.0,69.5,30.5,66.984375,27.8466796875,94.0,48.544921875,88.50390625,44.75,2.0,0.8125,2.015625,0.6640625,54.0,19.01513671875,51.483436584472656,16.9437255859375,7.91796875,5.430633544921875,7.75,5.0625,4.780975341796875,3.9373779296875,4.8994140625,3.84375,51.025390625,18.400863647460938,50.515625,17.5,5.75,3.75,5.5,3.5,5.375,3.6875,4.0,2.65625,104.865234375,89.5,655.8441009521484,0,0,0,0,0,0,0,0,0,0,0,0,0,0,180.34,180.34,170.0,29.0,25.0,0,0,0,0,0,0,1,0,0,0,0,0,0,0,0,1,0,0,0,0,1,0,0,0
Red,False,0.0,0.0,0.3509375,0.4403125,0.4375,0.5675,1.40625,0.125,0.09375,0.03125,11.71875,4.375,13.25,9.5,26.34375,18.34375,23.9375,19.1875,1.46875,0.4375,1.59375,1.15625,8.78125,2.1875,10.5625,6.84375,0.375,0.375,2.125,2.125,2.5625,1.8125,0.5625,0.53125,9.1875,2.1875,4.71875,2.59375,0.875,0.875,0.25,0.1875,1.65625,1.3125,8.28125,6.71875,0.0,0.0,415.3125,6,0,1,0,4,5,1,0,0,0,1,0,4,0,180.34,180.34,199.0,0.0,0.0,0.565,0.0,1.0,0.0,0.0,0.5,0.0,0.0,21.5,13.0,2.5,0.0,32.0,23.5,2.5,0.0,1.0,1.0,0.5,0.0,21.0,12.5,2.5,0.0,0.5,0.5,0.0,0.0,0.0,0.0,0.0,0.0,8.0,1.0,2.5,0.0,0.0,0.0,0.0,0.0,13.5,12.0,0.0,0.0,0.0,0.0,75.5,2,1,1,0,1,1,1,0,0,0,0,1,0,0,190.5,187.96,205.0,24.0,23.0,0,0,0,0,0,0,0,1,0,0,0,0,0,0,0,1,0,0,0,0,1,0,0,0
Red,False,0.015625,0.0,0.45,0.4275,0.25,0.2,0.148468017578125,0.098388671875,0.0,0.0,66.5,29.6875,64.31230545043945,27.34375,89.75,48.0,85.53125,44.41152191162109,2.0,0.75,2.0546875,0.75,51.1875,18.3359375,49.6123046875,16.280410766601562,7.5,5.07647705078125,7.5,5.0,4.5,3.625,4.984375,3.9375,48.6875,17.0,47.11572265625,16.5,5.75,3.75,5.3125,3.4375,5.0625,3.5,3.875,2.5,99.2119140625,94.125,638.5,0,0,0,0,0,0,0,0,0,0,0,0,0,0,172.72,172.72,194.0,0.0471682548522949,0.0,0.45,0.4217682266235352,0.25,0.19173828125,0.1875,0.125,0.0,0.0,69.5,30.5,66.984375,27.8466796875,94.0,48.544921875,88.50390625,44.75,2.0,0.8125,2.015625,0.6640625,54.0,19.01513671875,51.483436584472656,16.9437255859375,7.91796875,5.430633544921875,7.75,5.0625,4.780975341796875,3.9373779296875,4.8994140625,3.84375,51.025390625,18.400863647460938,50.515625,17.5,5.75,3.75,5.5,3.5,5.375,3.6875,4.0,2.65625,104.865234375,89.5,655.8441009521484,0,0,0,0,0,0,0,0,0,0,0,0,0,0,182.88,187.96,185.0,29.0,27.0,0,0,0,0,0,0,0,1,0,0,0,0,0,0,0,1,0,0,0,0,1,0,0,0
Red,False,0.0,0.0,0.38,0.66,0.66,0.0,0.0,1.0,1.0,1.0,34.0,13.0,27.0,18.0,71.0,46.0,74.0,64.0,3.0,2.0,0.0,0.0,25.0,7.0,14.0,5.0,6.0,5.0,11.0,11.0,3.0,1.0,2.0,2.0,2.0,0.0,12.0,3.0,7.0,6.0,13.0,13.0,25.0,7.0,2.0,2.0,0.0,0.0,900.0,2,0,0,1,0,0,1,0,0,0,0,0,0,0,165.1,165.1,170.0,0.0,0.0,0.535,0.4,1.0,0.055,1.5,0.0,0.5,0.0,61.5,33.0,29.0,12.5,157.5,122.5,80.5,63.5,1.5,1.5,5.5,0.5,40.5,13.5,13.5,2.0,20.0,18.5,10.0,6.5,1.0,1.0,5.5,4.0,23.5,6.5,12.5,4.5,26.0,16.5,16.5,8.0,12.0,10.0,0.0,0.0,0.0,0.0,922.5,4,1,1,0,1,1,1,0,0,0,0,1,0,0,167.64,167.64,170.0,29.0,24.0,0,0,0,0,0,0,1,0,0,0,0,0,0,0,0,1,0,0,0,0,1,0,0,0
Red,True,0.015625,0.0,0.45,0.4275,0.25,0.2,0.148468017578125,0.098388671875,0.0,0.0,66.5,29.6875,64.31230545043945,27.34375,89.75,48.0,85.53125,44.41152191162109,2.0,0.75,2.0546875,0.75,51.1875,18.3359375,49.6123046875,16.280410766601562,7.5,5.07647705078125,7.5,5.0,4.5,3.625,4.984375,3.9375,48.6875,17.0,47.11572265625,16.5,5.75,3.75,5.3125,3.4375,5.0625,3.5,3.875,2.5,99.2119140625,94.125,638.5,0,0,0,0,0,0,0,0,0,0,0,0,0,0,172.72,172.72,170.0,0.0,0.0,0.545,0.42,0.055,0.915,0.5,1.25,0.25,0.75,27.25,15.5,32.5,15.75,93.25,80.25,125.0,101.5,4.5,0.5,2.0,1.75,12.0,3.25,18.25,3.0,10.25,9.0,12.5,11.5,5.0,3.25,1.75,1.25,11.75,3.5,8.75,0.75,13.25,10.75,16.5,13.25,2.25,1.25,7.25,1.75,0.0,0.0,990.5,6,2,3,0,3,3,0,0,0,2,0,0,1,0,177.8,177.8,170.0,25.0,30.0,0,0,0,0,0,0,0,0,0,1,0,0,0,0,0,1,0,0,0,0,1,0,0,0
Red,False,0.0,0.5,0.52640625,0.5745312499999999,0.3690625,0.0,0.828125,0.5,0.0,0.2578125,38.90625,19.9453125,38.1796875,25.21875,65.7109375,43.28125,65.9765625,52.9296875,5.9296875,2.1484375,0.390625,0.0,37.296875,18.3359375,27.71875,15.265625,0.609375,0.609375,1.265625,1.2578125,1.0,1.0,9.1953125,8.6953125,11.5859375,3.8125,26.8984375,16.4453125,3.7421875,3.1796875,5.03125,3.0234375,23.578125,12.953125,6.25,5.75,0.0,0.0,737.53125,11,3,6,0,6,6,2,0,0,0,0,3,3,0,185.42,190.5,205.0,2.0,0.0,0.68,0.33,0.0,0.5,0.0,0.0,0.0,0.0,35.0,24.0,48.0,16.0,63.0,49.0,69.0,31.0,0.0,0.0,2.0,1.0,22.0,12.0,48.0,16.0,0.0,0.0,0.0,0.0,13.0,12.0,0.0,0.0,22.0,17.0,25.0,7.0,7.0,4.0,14.0,4.0,6.0,3.0,9.0,5.0,0.0,0.0,487.0,1,0,1,0,1,1,0,0,0,0,0,1,0,0,185.42,185.42,241.0,34.0,24.0,0,0,0,0,1,0,0,0,0,0,0,0,0,0,0,1,0,0,0,0,1,0,0,0
Red,False,1.0,0.0,0.52,0.53,0.0,0.37,1.0,0.0,0.0,0.0,42.0,22.0,49.0,26.0,56.0,36.0,79.0,54.0,0.0,0.0,8.0,3.0,32.0,13.0,46.0,23.0,2.0,2.0,1.0,1.0,8.0,7.0,2.0,2.0,30.0,14.0,18.0,6.0,10.0,6.0,7.0,6.0,2.0,2.0,24.0,14.0,0.0,0.0,758.0,2,0,1,0,1,1,0,0,0,0,0,1,0,0,190.5,190.5,235.0,0.0,0.0,0.6,0.28,0.0,0.4,0.0,2.0,0.0,0.0,75.0,45.0,46.0,13.0,155.0,113.0,60.0,25.0,2.0,0.0,5.0,2.0,58.0,31.0,46.0,13.0,2.0,2.0,0.0,0.0,15.0,12.0,0.0,0.0,51.0,32.0,34.0,6.0,2.0,2.0,0.0,0.0,22.0,11.0,12.0,7.0,0.0,0.0,900.0,2,0,1,0,1,1,0,0,0,0,1,0,0,0,180.34,180.34,225.0,23.0,28.0,0,0,0,0,1,0,0,0,0,0,0,0,0,0,0,1,0,0,0,0,1,0,0,0
Red,True,0.0,0.0,0.52,0.25,1.0,0.0,1.0,0.0,0.0,0.0,80.0,42.0,24.0,6.0,142.0,100.0,50.0,32.0,1.0,1.0,2.0,0.0,61.0,25.0,15.0,2.0,19.0,17.0,6.0,1.0,0.0,0.0,3.0,3.0,35.0,12.0,11.0,5.0,23.0,10.0,13.0,1.0,22.0,20.0,0.0,0.0,0.0,0.0,585.0,1,0,1,0,1,1,0,0,0,0,0,1,0,0,167.64,167.64,170.0,0.0,0.0,0.54,0.29,0.0,0.8300000000000001,1.0,0.5,0.5,0.5,20.5,12.0,22.0,7.5,75.5,65.5,77.0,58.0,0.0,0.0,2.0,1.5,12.0,4.5,16.5,4.0,6.5,6.0,4.0,3.0,2.0,1.5,1.5,0.5,9.5,3.0,5.5,0.5,6.5,6.5,4.0,3.5,4.5,2.5,12.5,3.5,0.0,0.0,721.0,3,1,2,0,2,2,0,0,0,1,0,0,1,0,177.8,177.8,170.0,24.0,30.0,0,0,0,0,0,0,0,0,0,1,0,0,0,0,0,1,0,0,0,0,1,0,0,0
Red,True,0.015625,0.0,0.45,0.4275,0.25,0.2,0.148468017578125,0.098388671875,0.0,0.0,66.5,29.6875,64.31230545043945,27.34375,89.75,48.0,85.53125,44.41152191162109,2.0,0.75,2.0546875,0.75,51.1875,18.3359375,49.6123046875,16.280410766601562,7.5,5.07647705078125,7.5,5.0,4.5,3.625,4.984375,3.9375,48.6875,17.0,47.11572265625,16.5,5.75,3.75,5.3125,3.4375,5.0625,3.5,3.875,2.5,99.2119140625,94.125,638.5,0,0,0,0,0,0,0,0,0,0,0,0,0,0,180.34,180.34,199.0,0.0,0.0,0.73,0.445,0.25,0.5,1.75,0.0,1.0,0.0,15.25,10.75,13.75,7.5,65.75,61.25,30.25,23.0,0.25,0.25,5.25,2.75,4.5,2.0,10.5,5.25,7.5,7.0,0.75,0.75,3.25,1.75,2.5,1.5,7.0,2.5,7.75,2.5,4.0,4.0,0.0,0.0,4.25,4.25,6.0,5.0,0.0,0.0,503.5,4,3,3,0,3,3,0,0,0,0,0,1,2,0,177.8,177.8,185.0,30.0,25.0,0,0,0,0,0,1,0,0,0,0,0,0,0,0,0,1,0,0,0,0,1,0,0,0
Red,False,0.0,0.0,0.56,0.71,0.5,0.0,0.0,3.0,0.0,2.0,25.0,14.0,28.0,20.0,58.0,45.0,129.0,121.0,10.0,5.0,0.0,0.0,19.0,10.0,8.0,3.0,1.0,1.0,15.0,14.0,5.0,3.0,5.0,3.0,13.0,4.0,12.0,4.0,0.0,0.0,8.0,8.0,12.0,10.0,8.0,8.0,0.0,0.0,988.0,2,1,0,1,0,0,1,0,0,0,0,0,0,0,185.42,187.96,185.0,0.0471682548522949,0.0,0.45,0.4217682266235352,0.25,0.19173828125,0.1875,0.125,0.0,0.0,69.5,30.5,66.984375,27.8466796875,94.0,48.544921875,88.50390625,44.75,2.0,0.8125,2.015625,0.6640625,54.0,19.01513671875,51.483436584472656,16.9437255859375,7.91796875,5.430633544921875,7.75,5.0625,4.780975341796875,3.9373779296875,4.8994140625,3.84375,51.025390625,18.400863647460938,50.515625,17.5,5.75,3.75,5.5,3.5,5.375,3.6875,4.0,2.65625,104.865234375,89.5,655.8441009521484,0,0,0,0,0,0,0,0,0,0,0,0,0,0,182.88,182.88,199.0,23.0,29.0,0,0,0,0,0,0,0,1,0,0,0,0,0,0,0,1,0,0,0,0,1,0,0,0
Red,False,0.015625,0.0,0.45,0.4275,0.25,0.2,0.148468017578125,0.098388671875,0.0,0.0,66.5,29.6875,64.31230545043945,27.34375,89.75,48.0,85.53125,44.41152191162109,2.0,0.75,2.0546875,0.75,51.1875,18.3359375,49.6123046875,16.280410766601562,7.5,5.07647705078125,7.5,5.0,4.5,3.625,4.984375,3.9375,48.6875,17.0,47.11572265625,16.5,5.75,3.75,5.3125,3.4375,5.0625,3.5,3.875,2.5,99.2119140625,94.125,638.5,0,0,0,0,0,0,0,0,0,0,0,0,0,0,180.34,187.96,205.0,0.125,0.0,0.230625,0.7562500000000001,0.625,0.25,1.5,0.25,0.0,0.5,10.8125,5.0,12.4375,9.3125,13.0625,7.25,23.6875,20.0625,1.375,1.125,0.375,0.25,10.5625,4.75,10.875,7.75,0.25,0.25,1.0625,1.0625,0.0,0.0,0.5,0.5,3.8125,0.625,2.1875,1.0,4.3125,2.4375,7.25,5.8125,2.6875,1.9375,3.0,2.5,0.0,0.0,259.5,5,0,3,0,3,4,1,0,0,0,0,3,1,0,182.88,187.96,185.0,22.0,21.0,0,0,0,0,0,0,0,1,0,0,0,0,0,0,0,1,0,0,0,0,0,0,1,0
Red,False,0.140869140625,0.0,0.52504638671875,0.44760986328125,0.205849609375,0.22798828125,0.033935546875,0.3916015625,0.5,0.0,19.8123779296875,9.9749755859375,6.203369140625,5.2130126953125,37.0887451171875,25.7708740234375,16.41455078125,15.0283203125,1.1165771484375,0.7686767578125,1.819091796875,0.5634765625,19.66943359375,9.83984375,3.2052001953125,2.2275390625,0.1429443359375,0.1351318359375,0.5831298828125,0.5704345703125,0.0,0.0,2.4150390625,2.4150390625,4.60693359375,1.8033447265625,3.0965576171875,2.840576171875,2.43115234375,1.55810546875,1.3529052734375,1.0638427734375,12.7742919921875,6.613525390625,1.75390625,1.30859375,0.0,0.0,323.5506591796875,16,3,2,0,2,8,6,0,0,0,1,5,2,0,182.88,182.88,265.0,0.0471682548522949,0.0,0.45,0.4217682266235352,0.25,0.19173828125,0.1875,0.125,0.0,0.0,69.5,30.5,66.984375,27.8466796875,94.0,48.544921875,88.50390625,44.75,2.0,0.8125,2.015625,0.6640625,54.0,19.01513671875,51.483436584472656,16.9437255859375,7.91796875,5.430633544921875,7.75,5.0625,4.780975341796875,3.9373779296875,4.8994140625,3.84375,51.025390625,18.400863647460938,50.515625,17.5,5.75,3.75,5.5,3.5,5.375,3.6875,4.0,2.65625,104.865234375,89.5,655.8441009521484,0,0,0,0,0,0,0,0,0,0,0,0,0,0,185.42,185.42,241.0,29.0,24.0,0,0,0,0,1,0,0,0,0,0,0,0,0,0,0,0,0,0,1,0,1,0,0,0
Red,False,0.015625,0.0,0.45,0.4275,0.25,0.2,0.148468017578125,0.098388671875,0.0,0.0,66.5,29.6875,64.31230545043945,27.34375,89.75,48.0,85.53125,44.41152191162109,2.0,0.75,2.0546875,0.75,51.1875,18.3359375,49.6123046875,16.280410766601562,7.5,5.07647705078125,7.5,5.0,4.5,3.625,4.984375,3.9375,48.6875,17.0,47.11572265625,16.5,5.75,3.75,5.3125,3.4375,5.0625,3.5,3.875,2.5,99.2119140625,94.125,638.5,0,0,0,0,0,0,0,0,0,0,0,0,0,0,180.34,182.88,170.0,0.0471682548522949,0.0,0.45,0.4217682266235352,0.25,0.19173828125,0.1875,0.125,0.0,0.0,69.5,30.5,66.984375,27.8466796875,94.0,48.544921875,88.50390625,44.75,2.0,0.8125,2.015625,0.6640625,54.0,19.01513671875,51.483436584472656,16.9437255859375,7.91796875,5.430633544921875,7.75,5.0625,4.780975341796875,3.9373779296875,4.8994140625,3.84375,51.025390625,18.400863647460938,50.515625,17.5,5.75,3.75,5.5,3.5,5.375,3.6875,4.0,2.65625,104.865234375,89.5,655.8441009521484,0,0,0,0,0,0,0,0,0,0,0,0,0,0,180.34,182.88,180.0,29.0,29.0,0,0,0,0,0,0,0,1,0,0,0,0,0,0,0,1,0,0,0,0,1,0,0,0
Red,True,0.015625,0.0,0.45,0.4275,0.25,0.2,0.148468017578125,0.098388671875,0.0,0.0,66.5,29.6875,64.31230545043945,27.34375,89.75,48.0,85.53125,44.41152191162109,2.0,0.75,2.0546875,0.75,51.1875,18.3359375,49.6123046875,16.280410766601562,7.5,5.07647705078125,7.5,5.0,4.5,3.625,4.984375,3.9375,48.6875,17.0,47.11572265625,16.5,5.75,3.75,5.3125,3.4375,5.0625,3.5,3.875,2.5,99.2119140625,94.125,638.5,0,0,0,0,0,0,0,0,0,0,0,0,0,0,185.42,187.96,185.0,0.0,0.0,0.75,0.33,0.5,0.5,0.5,0.0,0.0,0.0,2.5,1.5,2.5,1.0,2.5,1.5,2.5,1.0,0.5,0.5,0.5,0.5,1.0,1.0,2.0,0.5,0.0,0.0,0.5,0.5,1.5,0.5,0.0,0.0,2.0,1.0,2.5,1.0,0.0,0.0,0.0,0.0,0.5,0.5,0.0,0.0,0.0,0.0,19.0,2,2,2,0,2,2,0,0,0,0,0,1,1,0,177.8,177.8,185.0,22.0,25.0,0,0,0,0,0,1,0,0,0,0,0,0,0,0,0,1,0,0,0,0,1,0,0,0
Red,False,0.015625,0.0,0.45,0.4275,0.25,0.2,0.148468017578125,0.098388671875,0.0,0.0,66.5,29.6875,64.31230545043945,27.34375,89.75,48.0,85.53125,44.41152191162109,2.0,0.75,2.0546875,0.75,51.1875,18.3359375,49.6123046875,16.280410766601562,7.5,5.07647705078125,7.5,5.0,4.5,3.625,4.984375,3.9375,48.6875,17.0,47.11572265625,16.5,5.75,3.75,5.3125,3.4375,5.0625,3.5,3.875,2.5,99.2119140625,94.125,638.5,0,0,0,0,0,0,0,0,0,0,0,0,0,0,182.88,182.88,240.0,0.28173828125,0.0,0.3700927734375,0.8952197265625,0.41169921875,0.1259765625,0.06787109375,0.783203125,0.0,0.0,23.624755859375,8.949951171875,12.40673828125,10.426025390625,58.177490234375,40.541748046875,31.8291015625,29.056640625,2.233154296875,1.537353515625,0.63818359375,0.126953125,23.3388671875,8.6796875,6.410400390625,4.455078125,0.285888671875,0.270263671875,1.166259765625,1.140869140625,0.0,0.0,4.830078125,4.830078125,9.2138671875,3.606689453125,6.193115234375,5.68115234375,1.8623046875,1.1162109375,2.705810546875,2.127685546875,12.548583984375,4.22705078125,3.5078125,2.6171875,0.0,0.0,604.101318359375,15,3,2,0,2,7,6,0,0,0,1,4,2,0,182.88,182.88,265.0,29.0,29.0,0,0,0,0,1,0,0,0,0,0,0,0,0,0,0,1,0,0,0,0,0,0,0,1
Red,True,0.0,0.0,1.0,0.0,1.0,0.0,3.0,0.0,0.0,0.0,1.0,1.0,1.0,0.0,1.0,1.0,1.0,0.0,1.0,1.0,0.0,0.0,1.0,1.0,1.0,0.0,0.0,0.0,0.0,0.0,0.0,0.0,0.0,0.0,0.0,0.0,0.0,0.0,0.0,0.0,0.0,0.0,1.0,1.0,1.0,0.0,0.0,0.0,52.0,1,0,1,0,1,1,0,0,0,0,0,0,1,0,175.26,175.26,170.0,1.0,1.0,0.57,0.73,1.0,0.0,1.0,0.0,0.0,0.0,54.0,31.0,49.0,36.0,77.0,53.0,56.0,43.0,1.0,1.0,0.0,0.0,43.0,21.0,27.0,16.0,10.0,9.0,4.0,4.0,1.0,1.0,18.0,16.0,16.0,3.0,42.0,29.0,25.0,18.0,6.0,6.0,13.0,10.0,1.0,1.0,0.0,0.0,900.0,2,0,1,0,1,1,0,0,0,0,1,0,0,0,180.34,187.96,185.0,21.0,27.0,0,0,0,0,0,0,0,1,0,0,0,0,0,0,0,1,0,0,0,0,1,0,0,0
Red,False,0.0,0.0,0.5228125,0.6290625,0.368125,0.0,1.65625,0.0,0.0,0.515625,28.8125,13.890625,34.359375,28.4375,52.421875,32.5625,75.953125,69.859375,3.859375,1.296875,0.78125,0.0,28.59375,13.671875,23.4375,17.53125,0.21875,0.21875,0.53125,0.515625,0.0,0.0,10.390625,10.390625,5.171875,1.625,23.796875,18.890625,0.484375,0.359375,0.0625,0.046875,23.15625,11.90625,10.5,9.5,0.0,0.0,717.0625,9,3,6,0,6,6,1,0,0,0,0,3,3,0,185.42,190.5,205.0,0.0471682548522949,0.0,0.45,0.4217682266235352,0.25,0.19173828125,0.1875,0.125,0.0,0.0,69.5,30.5,66.984375,27.8466796875,94.0,48.544921875,88.50390625,44.75,2.0,0.8125,2.015625,0.6640625,54.0,19.01513671875,51.483436584472656,16.9437255859375,7.91796875,5.430633544921875,7.75,5.0625,4.780975341796875,3.9373779296875,4.8994140625,3.84375,51.025390625,18.400863647460938,50.515625,17.5,5.75,3.75,5.5,3.5,5.375,3.6875,4.0,2.65625,104.865234375,89.5,655.8441009521484,0,0,0,0,0,0,0,0,0,0,0,0,0,0,190.5,190.5,235.0,33.0,22.0,0,0,0,0,1,0,0,0,0,0,0,0,0,0,0,1,0,0,0,0,1,0,0,0
Red,False,0.015625,0.0,0.45,0.4275,0.25,0.2,0.148468017578125,0.098388671875,0.0,0.0,66.5,29.6875,64.31230545043945,27.34375,89.75,48.0,85.53125,44.41152191162109,2.0,0.75,2.0546875,0.75,51.1875,18.3359375,49.6123046875,16.280410766601562,7.5,5.07647705078125,7.5,5.0,4.5,3.625,4.984375,3.9375,48.6875,17.0,47.11572265625,16.5,5.75,3.75,5.3125,3.4375,5.0625,3.5,3.875,2.5,99.2119140625,94.125,638.5,0,0,0,0,0,0,0,0,0,0,0,0,0,0,190.5,190.5,200.0,0.0471682548522949,0.0,0.45,0.4217682266235352,0.25,0.19173828125,0.1875,0.125,0.0,0.0,69.5,30.5,66.984375,27.8466796875,94.0,48.544921875,88.50390625,44.75,2.0,0.8125,2.015625,0.6640625,54.0,19.01513671875,51.483436584472656,16.9437255859375,7.91796875,5.430633544921875,7.75,5.0625,4.780975341796875,3.9373779296875,4.8994140625,3.84375,51.025390625,18.400863647460938,50.515625,17.5,5.75,3.75,5.5,3.5,5.375,3.6875,4.0,2.65625,104.865234375,89.5,655.8441009521484,0,0,0,0,0,0,0,0,0,0,0,0,0,0,175.26,175.26,170.0,29.0,21.0,0,0,0,0,0,0,0,1,0,0,0,0,0,0,0,1,0,0,0,0,1,0,0,0
Red,False,0.015625,0.0,0.45,0.4275,0.25,0.2,0.148468017578125,0.098388671875,0.0,0.0,66.5,29.6875,64.31230545043945,27.34375,89.75,48.0,85.53125,44.41152191162109,2.0,0.75,2.0546875,0.75,51.1875,18.3359375,49.6123046875,16.280410766601562,7.5,5.07647705078125,7.5,5.0,4.5,3.625,4.984375,3.9375,48.6875,17.0,47.11572265625,16.5,5.75,3.75,5.3125,3.4375,5.0625,3.5,3.875,2.5,99.2119140625,94.125,638.5,0,0,0,0,0,0,0,0,0,0,0,0,0,0,185.42,185.42,210.0,0.0471682548522949,0.0,0.45,0.4217682266235352,0.25,0.19173828125,0.1875,0.125,0.0,0.0,69.5,30.5,66.984375,27.8466796875,94.0,48.544921875,88.50390625,44.75,2.0,0.8125,2.015625,0.6640625,54.0,19.01513671875,51.483436584472656,16.9437255859375,7.91796875,5.430633544921875,7.75,5.0625,4.780975341796875,3.9373779296875,4.8994140625,3.84375,51.025390625,18.400863647460938,50.515625,17.5,5.75,3.75,5.5,3.5,5.375,3.6875,4.0,2.65625,104.865234375,89.5,655.8441009521484,0,0,0,0,0,0,0,0,0,0,0,0,0,0,187.96,187.96,205.0,29.0,32.0,0,0,0,0,1,0,0,0,0,0,0,0,0,0,0,0,0,1,0,0,0,0,0,1
Red,False,0.015625,0.0,0.45,0.4275,0.25,0.2,0.148468017578125,0.098388671875,0.0,0.0,66.5,29.6875,64.31230545043945,27.34375,89.75,48.0,85.53125,44.41152191162109,2.0,0.75,2.0546875,0.75,51.1875,18.3359375,49.6123046875,16.280410766601562,7.5,5.07647705078125,7.5,5.0,4.5,3.625,4.984375,3.9375,48.6875,17.0,47.11572265625,16.5,5.75,3.75,5.3125,3.4375,5.0625,3.5,3.875,2.5,99.2119140625,94.125,638.5,0,0,0,0,0,0,0,0,0,0,0,0,0,0,182.88,182.88,205.0,0.0471682548522949,0.0,0.45,0.4217682266235352,0.25,0.19173828125,0.1875,0.125,0.0,0.0,69.5,30.5,66.984375,27.8466796875,94.0,48.544921875,88.50390625,44.75,2.0,0.8125,2.015625,0.6640625,54.0,19.01513671875,51.483436584472656,16.9437255859375,7.91796875,5.430633544921875,7.75,5.0625,4.780975341796875,3.9373779296875,4.8994140625,3.84375,51.025390625,18.400863647460938,50.515625,17.5,5.75,3.75,5.5,3.5,5.375,3.6875,4.0,2.65625,104.865234375,89.5,655.8441009521484,0,0,0,0,0,0,0,0,0,0,0,0,0,0,180.34,187.96,185.0,27.0,27.0,0,0,0,0,0,0,0,1,0,0,0,0,0,0,0,1,0,0,0,0,1,0,0,0
Red,False,0.015625,0.0,0.45,0.4275,0.25,0.2,0.148468017578125,0.098388671875,0.0,0.0,66.5,29.6875,64.31230545043945,27.34375,89.75,48.0,85.53125,44.41152191162109,2.0,0.75,2.0546875,0.75,51.1875,18.3359375,49.6123046875,16.280410766601562,7.5,5.07647705078125,7.5,5.0,4.5,3.625,4.984375,3.9375,48.6875,17.0,47.11572265625,16.5,5.75,3.75,5.3125,3.4375,5.0625,3.5,3.875,2.5,99.2119140625,94.125,638.5,0,0,0,0,0,0,0,0,0,0,0,0,0,0,180.34,182.88,170.0,0.0471682548522949,0.0,0.45,0.4217682266235352,0.25,0.19173828125,0.1875,0.125,0.0,0.0,69.5,30.5,66.984375,27.8466796875,94.0,48.544921875,88.50390625,44.75,2.0,0.8125,2.015625,0.6640625,54.0,19.01513671875,51.483436584472656,16.9437255859375,7.91796875,5.430633544921875,7.75,5.0625,4.780975341796875,3.9373779296875,4.8994140625,3.84375,51.025390625,18.400863647460938,50.515625,17.5,5.75,3.75,5.5,3.5,5.375,3.6875,4.0,2.65625,104.865234375,89.5,655.8441009521484,0,0,0,0,0,0,0,0,0,0,0,0,0,0,187.96,193.04,205.0,29.0,28.0,0,0,0,0,0,0,0,1,0,0,0,0,0,0,0,1,0,0,0,0,1,0,0,0
Red,True,0.015625,0.0,0.45,0.4275,0.25,0.2,0.148468017578125,0.098388671875,0.0,0.0,66.5,29.6875,64.31230545043945,27.34375,89.75,48.0,85.53125,44.41152191162109,2.0,0.75,2.0546875,0.75,51.1875,18.3359375,49.6123046875,16.280410766601562,7.5,5.07647705078125,7.5,5.0,4.5,3.625,4.984375,3.9375,48.6875,17.0,47.11572265625,16.5,5.75,3.75,5.3125,3.4375,5.0625,3.5,3.875,2.5,99.2119140625,94.125,638.5,0,0,0,0,0,0,0,0,0,0,0,0,0,0,172.72,172.72,170.0,0.0,0.0,0.66,0.38,0.0,0.66,1.0,0.0,1.0,1.0,27.0,18.0,34.0,13.0,74.0,64.0,71.0,46.0,0.0,0.0,3.0,2.0,14.0,5.0,25.0,7.0,11.0,11.0,6.0,5.0,2.0,2.0,3.0,1.0,12.0,3.0,2.0,0.0,13.0,13.0,7.0,6.0,2.0,2.0,25.0,7.0,0.0,0.0,900.0,2,0,1,0,1,1,0,0,0,1,0,0,0,0,177.8,177.8,170.0,26.0,30.0,0,0,0,0,0,0,1,0,0,0,0,0,0,0,0,1,0,0,0,0,1,0,0,0
Red,False,0.015625,0.0,0.45,0.4275,0.25,0.2,0.148468017578125,0.098388671875,0.0,0.0,66.5,29.6875,64.31230545043945,27.34375,89.75,48.0,85.53125,44.41152191162109,2.0,0.75,2.0546875,0.75,51.1875,18.3359375,49.6123046875,16.280410766601562,7.5,5.07647705078125,7.5,5.0,4.5,3.625,4.984375,3.9375,48.6875,17.0,47.11572265625,16.5,5.75,3.75,5.3125,3.4375,5.0625,3.5,3.875,2.5,99.2119140625,94.125,638.5,0,0,0,0,0,0,0,0,0,0,0,0,0,0,165.1,165.1,170.0,0.0471682548522949,0.0,0.45,0.4217682266235352,0.25,0.19173828125,0.1875,0.125,0.0,0.0,69.5,30.5,66.984375,27.8466796875,94.0,48.544921875,88.50390625,44.75,2.0,0.8125,2.015625,0.6640625,54.0,19.01513671875,51.483436584472656,16.9437255859375,7.91796875,5.430633544921875,7.75,5.0625,4.780975341796875,3.9373779296875,4.8994140625,3.84375,51.025390625,18.400863647460938,50.515625,17.5,5.75,3.75,5.5,3.5,5.375,3.6875,4.0,2.65625,104.865234375,89.5,655.8441009521484,0,0,0,0,0,0,0,0,0,0,0,0,0,0,177.8,177.8,170.0,29.0,30.0,0,0,0,0,0,0,1,0,0,0,0,0,0,0,0,1,0,0,0,0,1,0,0,0
Red,False,0.015625,0.0,0.45,0.4275,0.25,0.2,0.148468017578125,0.098388671875,0.0,0.0,66.5,29.6875,64.31230545043945,27.34375,89.75,48.0,85.53125,44.41152191162109,2.0,0.75,2.0546875,0.75,51.1875,18.3359375,49.6123046875,16.280410766601562,7.5,5.07647705078125,7.5,5.0,4.5,3.625,4.984375,3.9375,48.6875,17.0,47.11572265625,16.5,5.75,3.75,5.3125,3.4375,5.0625,3.5,3.875,2.5,99.2119140625,94.125,638.5,0,0,0,0,0,0,0,0,0,0,0,0,0,0,172.72,172.72,160.0,0.0471682548522949,0.0,0.45,0.4217682266235352,0.25,0.19173828125,0.1875,0.125,0.0,0.0,69.5,30.5,66.984375,27.8466796875,94.0,48.544921875,88.50390625,44.75,2.0,0.8125,2.015625,0.6640625,54.0,19.01513671875,51.483436584472656,16.9437255859375,7.91796875,5.430633544921875,7.75,5.0625,4.780975341796875,3.9373779296875,4.8994140625,3.84375,51.025390625,18.400863647460938,50.515625,17.5,5.75,3.75,5.5,3.5,5.375,3.6875,4.0,2.65625,104.865234375,89.5,655.8441009521484,0,0,0,0,0,0,0,0,0,0,0,0,0,0,167.64,167.64,170.0,29.0,23.0,0,0,0,0,0,0,1,0,0,0,0,0,0,0,0,1,0,0,0,0,1,0,0,0
Red,True,0.015625,0.0,0.45,0.4275,0.25,0.2,0.148468017578125,0.098388671875,0.0,0.0,66.5,29.6875,64.31230545043945,27.34375,89.75,48.0,85.53125,44.41152191162109,2.0,0.75,2.0546875,0.75,51.1875,18.3359375,49.6123046875,16.280410766601562,7.5,5.07647705078125,7.5,5.0,4.5,3.625,4.984375,3.9375,48.6875,17.0,47.11572265625,16.5,5.75,3.75,5.3125,3.4375,5.0625,3.5,3.875,2.5,99.2119140625,94.125,638.5,0,0,0,0,0,0,0,0,0,0,0,0,0,0,185.42,185.42,199.0,0.0,0.0,1.0,0.66,0.0,1.0,1.0,0.0,0.0,0.0,1.0,1.0,3.0,2.0,1.0,1.0,3.0,2.0,0.0,0.0,1.0,1.0,1.0,1.0,2.0,1.0,0.0,0.0,1.0,1.0,0.0,0.0,0.0,0.0,1.0,1.0,3.0,2.0,0.0,0.0,0.0,0.0,0.0,0.0,0.0,0.0,0.0,0.0,16.0,1,1,1,0,1,1,0,0,0,0,0,0,1,0,177.8,177.8,185.0,29.0,25.0,0,0,0,0,0,1,0,0,0,0,0,0,0,0,0,1,0,0,0,0,1,0,0,0
Red,False,0.0,0.0,0.5800000000000001,0.5625,1.0,0.0,0.25,0.5,0.0,0.0,4.0,2.25,1.75,0.75,4.5,2.75,1.75,0.75,1.0,1.0,0.0,0.0,3.0,1.75,1.5,0.75,0.75,0.5,0.0,0.0,0.25,0.0,0.25,0.0,2.0,1.0,1.75,0.75,0.25,0.0,0.0,0.0,1.75,1.25,0.0,0.0,0.0,0.0,40.75,3,2,2,0,2,2,1,0,0,0,0,1,1,0,177.8,177.8,199.0,0.0,0.0,0.411875,0.160625,0.875,0.135,0.8125,0.25,0.1875,0.0625,6.4375,3.75,1.5,1.0,31.6875,27.6875,3.875,3.375,0.9375,0.875,1.1875,0.3125,3.5625,2.375,1.125,0.6875,0.75,0.75,0.25,0.25,2.125,0.625,0.125,0.0625,2.375,0.375,0.4375,0.1875,1.75,1.75,0.5,0.375,2.3125,1.625,0.5625,0.4375,0.0,0.0,207.625,5,0,1,0,3,4,1,0,0,0,1,0,3,0,180.34,180.34,199.0,29.0,24.0,0,0,0,0,0,0,0,1,0,0,0,0,0,0,0,0,0,0,1,0,1,0,0,0
Red,False,0.0,0.0,0.77,0.4575,0.25,0.25,0.0,0.75,1.0,0.25,9.0,7.0,15.75,11.0,20.5,15.25,73.25,58.0,1.75,0.25,0.75,0.25,7.5,6.0,13.5,9.75,0.75,0.75,1.5,1.0,0.75,0.25,0.75,0.25,0.5,0.25,0.25,0.0,1.25,0.75,7.5,5.0,7.25,6.0,8.0,6.0,0.0,0.0,410.0,3,0,0,2,1,1,2,0,0,0,0,1,0,0,190.5,190.5,235.0,0.0471682548522949,0.0,0.45,0.4217682266235352,0.25,0.19173828125,0.1875,0.125,0.0,0.0,69.5,30.5,66.984375,27.8466796875,94.0,48.544921875,88.50390625,44.75,2.0,0.8125,2.015625,0.6640625,54.0,19.01513671875,51.483436584472656,16.9437255859375,7.91796875,5.430633544921875,7.75,5.0625,4.780975341796875,3.9373779296875,4.8994140625,3.84375,51.025390625,18.400863647460938,50.515625,17.5,5.75,3.75,5.5,3.5,5.375,3.6875,4.0,2.65625,104.865234375,89.5,655.8441009521484,0,0,0,0,0,0,0,0,0,0,0,0,0,0,180.34,180.34,225.0,30.0,28.0,0,0,0,0,1,0,0,0,0,0,0,0,0,0,0,1,0,0,0,0,1,0,0,0
Red,True,0.0,0.0,0.5,0.125,1.0,0.0,0.5,0.0,0.0,0.0,5.0,2.5,2.5,0.5,6.0,3.5,2.5,0.5,1.0,1.0,0.0,0.0,4.0,2.5,2.0,0.5,0.5,0.0,0.0,0.0,0.5,0.0,0.5,0.0,1.0,0.0,2.5,0.5,0.5,0.0,0.0,0.0,3.5,2.5,0.0,0.0,0.0,0.0,65.5,2,1,2,0,2,2,0,0,0,0,0,1,1,0,177.8,177.8,199.0,0.0471682548522949,0.0,0.45,0.4217682266235352,0.25,0.19173828125,0.1875,0.125,0.0,0.0,69.5,30.5,66.984375,27.8466796875,94.0,48.544921875,88.50390625,44.75,2.0,0.8125,2.015625,0.6640625,54.0,19.01513671875,51.483436584472656,16.9437255859375,7.91796875,5.430633544921875,7.75,5.0625,4.780975341796875,3.9373779296875,4.8994140625,3.84375,51.025390625,18.400863647460938,50.515625,17.5,5.75,3.75,5.5,3.5,5.375,3.6875,4.0,2.65625,104.865234375,89.5,655.8441009521484,0,0,0,0,0,0,0,0,0,0,0,0,0,0,177.8,177.8,185.0,29.0,25.0,0,0,0,0,0,1,0,0,0,0,0,0,0,0,0,0,0,0,1,0,1,0,0,0
Red,True,0.0,0.5,0.88,0.33,0.0,0.14,0.5,1.0,0.5,0.0,39.0,33.5,32.5,12.0,89.0,83.5,59.5,32.0,0.0,0.0,3.5,1.0,26.0,20.5,32.5,12.0,0.5,0.5,0.0,0.0,12.5,12.5,0.0,0.0,24.5,20.5,7.0,1.5,0.5,0.5,1.5,1.0,14.0,12.5,24.0,9.5,0.0,0.0,874.0,4,2,2,0,2,2,0,0,0,0,1,0,1,0,187.96,187.96,221.0,0.0,0.0,0.855,0.14,1.0,0.0,0.75,0.0,0.0,0.0,26.5,21.25,10.5,3.0,51.25,45.0,14.25,6.75,1.0,1.0,0.5,0.0,24.75,19.5,10.5,3.0,1.75,1.75,0.0,0.0,0.0,0.0,0.0,0.0,2.5,1.0,6.5,0.5,13.0,11.0,4.0,2.5,11.0,9.25,0.0,0.0,0.0,0.0,310.25,3,1,3,0,3,3,0,0,0,0,0,2,1,0,185.42,190.5,205.0,36.0,34.0,0,0,0,0,1,0,0,0,0,0,0,0,0,0,0,1,0,0,0,0,1,0,0,0
Red,False,0.015625,0.0,0.45,0.4275,0.25,0.2,0.148468017578125,0.098388671875,0.0,0.0,66.5,29.6875,64.31230545043945,27.34375,89.75,48.0,85.53125,44.41152191162109,2.0,0.75,2.0546875,0.75,51.1875,18.3359375,49.6123046875,16.280410766601562,7.5,5.07647705078125,7.5,5.0,4.5,3.625,4.984375,3.9375,48.6875,17.0,47.11572265625,16.5,5.75,3.75,5.3125,3.4375,5.0625,3.5,3.875,2.5,99.2119140625,94.125,638.5,0,0,0,0,0,0,0,0,0,0,0,0,0,0,180.34,180.34,205.0,0.5634765625,0.0,0.330185546875,0.7904394531250001,0.0733984375,0.251953125,0.1357421875,0.56640625,0.0,0.0,16.24951171875,4.89990234375,15.8134765625,11.85205078125,26.35498046875,12.08349609375,33.658203125,29.11328125,0.46630859375,0.07470703125,0.2763671875,0.25390625,15.677734375,4.359375,11.82080078125,7.91015625,0.57177734375,0.54052734375,1.33251953125,1.28173828125,0.0,0.0,2.66015625,2.66015625,6.427734375,1.21337890625,4.38623046875,3.3623046875,3.724609375,2.232421875,4.41162109375,3.25537109375,6.09716796875,1.4541015625,7.015625,5.234375,0.0,0.0,308.20263671875,13,3,2,0,2,6,6,0,0,0,0,4,2,0,182.88,182.88,265.0,30.0,29.0,0,0,0,0,1,0,0,0,0,0,0,0,0,0,0,1,0,0,0,0,0,0,0,1
Red,False,0.015625,0.0,0.45,0.4275,0.25,0.2,0.148468017578125,0.098388671875,0.0,0.0,66.5,29.6875,64.31230545043945,27.34375,89.75,48.0,85.53125,44.41152191162109,2.0,0.75,2.0546875,0.75,51.1875,18.3359375,49.6123046875,16.280410766601562,7.5,5.07647705078125,7.5,5.0,4.5,3.625,4.984375,3.9375,48.6875,17.0,47.11572265625,16.5,5.75,3.75,5.3125,3.4375,5.0625,3.5,3.875,2.5,99.2119140625,94.125,638.5,0,0,0,0,0,0,0,0,0,0,0,0,0,0,175.26,175.26,220.0,0.0,1.0,0.14,0.58,0.0,0.0,0.0,0.0,0.0,0.0,7.0,1.0,29.0,17.0,7.0,1.0,35.0,23.0,0.0,0.0,0.0,0.0,6.0,0.0,29.0,17.0,1.0,1.0,0.0,0.0,0.0,0.0,0.0,0.0,1.0,0.0,4.0,2.0,6.0,1.0,15.0,5.0,0.0,0.0,10.0,10.0,0.0,0.0,77.0,1,0,0,1,0,0,1,0,0,0,0,0,0,0,187.96,187.96,233.0,33.0,32.0,0,0,0,0,1,0,0,0,0,0,0,0,0,0,0,1,0,0,0,0,1,0,0,0
Red,False,0.0,0.0,1.0,0.5,0.0,1.0,0.0,1.0,0.0,0.0,1.0,1.0,4.0,2.0,2.0,1.0,19.0,12.0,0.0,0.0,1.0,1.0,0.0,0.0,4.0,2.0,1.0,1.0,0.0,0.0,0.0,0.0,0.0,0.0,1.0,1.0,0.0,0.0,0.0,0.0,0.0,0.0,0.0,0.0,4.0,2.0,0.0,0.0,98.0,1,0,0,1,0,0,1,0,0,0,0,0,0,0,185.42,185.42,260.0,0.25,0.0,0.46125,0.5125000000000001,0.25,0.5,0.0,0.5,0.0,0.0,21.625,10.0,23.875,17.625,26.125,14.5,46.375,39.125,0.75,0.25,0.75,0.5,21.125,9.5,21.75,15.5,0.5,0.5,2.125,2.125,0.0,0.0,0.0,0.0,7.625,1.25,3.375,1.0,8.625,4.875,14.5,11.625,5.375,3.875,6.0,5.0,0.0,0.0,276.0,4,0,3,0,3,3,1,0,0,0,0,3,0,0,182.88,187.96,185.0,29.0,20.0,0,0,0,0,1,0,0,0,0,0,0,0,0,0,0,0,0,1,0,0,0,0,1,0
Red,True,0.015625,0.0,0.45,0.4275,0.25,0.2,0.148468017578125,0.098388671875,0.0,0.0,66.5,29.6875,64.31230545043945,27.34375,89.75,48.0,85.53125,44.41152191162109,2.0,0.75,2.0546875,0.75,51.1875,18.3359375,49.6123046875,16.280410766601562,7.5,5.07647705078125,7.5,5.0,4.5,3.625,4.984375,3.9375,48.6875,17.0,47.11572265625,16.5,5.75,3.75,5.3125,3.4375,5.0625,3.5,3.875,2.5,99.2119140625,94.125,638.5,0,0,0,0,0,0,0,0,0,0,0,0,0,0,190.5,190.5,242.0,0.0471682548522949,0.0,0.45,0.4217682266235352,0.25,0.19173828125,0.1875,0.125,0.0,0.0,69.5,30.5,66.984375,27.8466796875,94.0,48.544921875,88.50390625,44.75,2.0,0.8125,2.015625,0.6640625,54.0,19.01513671875,51.483436584472656,16.9437255859375,7.91796875,5.430633544921875,7.75,5.0625,4.780975341796875,3.9373779296875,4.8994140625,3.84375,51.025390625,18.400863647460938,50.515625,17.5,5.75,3.75,5.5,3.5,5.375,3.6875,4.0,2.65625,104.865234375,89.5,655.8441009521484,0,0,0,0,0,0,0,0,0,0,0,0,0,0,182.88,182.88,185.0,29.0,28.0,0,0,0,0,1,0,0,0,0,0,0,0,0,0,0,1,0,0,0,0,0,0,1,0
Red,True,0.126953125,0.0,0.44037109375,0.66087890625,0.146796875,0.50390625,0.271484375,0.1328125,0.0,0.0,10.4990234375,4.7998046875,18.626953125,11.7041015625,13.7099609375,7.1669921875,28.31640625,20.2265625,0.9326171875,0.1494140625,0.552734375,0.5078125,9.35546875,3.71875,15.6416015625,8.8203125,1.1435546875,1.0810546875,2.6650390625,2.5634765625,0.0,0.0,0.3203125,0.3203125,4.85546875,1.4267578125,3.7724609375,1.724609375,4.44921875,2.46484375,7.8232421875,5.5107421875,1.1943359375,0.908203125,7.03125,4.46875,0.0,0.0,128.4052734375,12,2,2,0,2,6,5,0,0,0,0,4,2,0,182.88,182.88,265.0,0.0,0.0,0.84,0.44,0.0,0.28,0.0,2.0,1.0,0.0,65.0,55.0,43.0,19.0,139.0,129.0,80.0,47.0,0.0,0.0,7.0,2.0,44.0,34.0,43.0,19.0,1.0,1.0,0.0,0.0,20.0,20.0,0.0,0.0,44.0,36.0,6.0,2.0,0.0,0.0,0.0,0.0,21.0,19.0,37.0,17.0,0.0,0.0,1260.0,3,1,1,0,1,1,0,0,0,0,1,0,0,0,187.96,187.96,221.0,29.0,35.0,0,0,0,0,1,0,0,0,0,0,0,0,0,0,0,0,0,0,1,0,1,0,0,0
Red,False,0.015625,0.0,0.45,0.4275,0.25,0.2,0.148468017578125,0.098388671875,0.0,0.0,66.5,29.6875,64.31230545043945,27.34375,89.75,48.0,85.53125,44.41152191162109,2.0,0.75,2.0546875,0.75,51.1875,18.3359375,49.6123046875,16.280410766601562,7.5,5.07647705078125,7.5,5.0,4.5,3.625,4.984375,3.9375,48.6875,17.0,47.11572265625,16.5,5.75,3.75,5.3125,3.4375,5.0625,3.5,3.875,2.5,99.2119140625,94.125,638.5,0,0,0,0,0,0,0,0,0,0,0,0,0,0,195.58,195.58,275.0,0.0,0.0,0.58,1.0,1.0,0.0,0.0,0.0,0.0,0.0,12.0,7.0,1.0,1.0,21.0,16.0,2.0,2.0,1.0,1.0,0.0,0.0,8.0,4.0,0.0,0.0,3.0,2.0,1.0,1.0,1.0,1.0,0.0,0.0,3.0,2.0,1.0,1.0,0.0,0.0,0.0,0.0,9.0,5.0,0.0,0.0,0.0,0.0,150.0,1,0,1,0,1,1,0,0,0,0,0,0,1,0,175.26,175.26,226.0,29.0,29.0,0,0,0,0,1,0,0,0,0,0,0,0,0,0,0,1,0,0,0,0,1,0,0,0
Red,True,0.0,0.0,0.5,0.5,1.0,0.0,0.0,0.0,0.0,0.0,22.0,11.0,2.0,1.0,36.0,25.0,15.0,11.0,1.0,1.0,0.0,0.0,22.0,11.0,1.0,0.0,0.0,0.0,0.0,0.0,0.0,0.0,1.0,1.0,0.0,0.0,2.0,1.0,0.0,0.0,0.0,0.0,22.0,11.0,0.0,0.0,0.0,0.0,223.0,1,0,1,0,1,1,0,0,0,0,0,1,0,0,177.8,177.8,212.0,0.5,0.0,0.55,0.125,0.5,0.0,0.0,0.0,0.0,0.0,7.5,4.75,2.25,0.25,8.75,5.75,6.5,4.0,0.5,0.5,0.0,0.0,7.0,4.25,1.25,0.0,0.0,0.0,0.75,0.25,0.5,0.5,0.25,0.0,1.0,0.5,2.0,0.0,0.5,0.5,0.0,0.0,6.0,3.75,0.25,0.25,0.0,0.0,68.5,3,1,3,0,3,3,0,0,0,0,0,2,1,0,190.5,190.5,266.0,29.0,28.0,0,0,0,0,1,0,0,0,0,0,0,0,0,0,0,1,0,0,0,0,0,0,0,1
Red,False,0.5,0.0,0.6425000000000001,0.235,0.5,0.0,0.0,0.0,0.0,0.0,22.25,14.0,4.75,1.25,24.25,16.0,4.75,1.25,0.5,0.5,0.5,0.0,21.25,13.0,3.5,0.0,1.0,1.0,1.25,1.25,0.0,0.0,0.0,0.0,2.25,1.5,1.75,0.0,9.25,4.75,3.0,1.25,10.75,7.75,0.0,0.0,0.0,0.0,56.0,3,0,3,0,3,3,0,0,0,0,0,3,0,0,182.88,187.96,185.0,0.0,0.0,0.92,0.0,1.0,0.0,0.5,0.0,0.0,0.0,10.0,8.5,0.0,0.0,14.5,13.0,0.5,0.5,1.0,1.0,0.0,0.0,9.5,8.0,0.0,0.0,0.5,0.5,0.0,0.0,0.0,0.0,0.0,0.0,0.0,0.0,0.0,0.0,0.0,0.0,0.0,0.0,10.0,8.5,0.0,0.0,0.0,0.0,124.5,2,1,2,0,2,2,0,0,0,0,0,1,1,0,185.42,190.5,205.0,20.0,34.0,0,0,0,0,1,0,0,0,0,0,0,0,0,0,0,0,0,1,0,0,1,0,0,0
Red,False,0.015625,0.0,0.45,0.4275,0.25,0.2,0.148468017578125,0.098388671875,0.0,0.0,66.5,29.6875,64.31230545043945,27.34375,89.75,48.0,85.53125,44.41152191162109,2.0,0.75,2.0546875,0.75,51.1875,18.3359375,49.6123046875,16.280410766601562,7.5,5.07647705078125,7.5,5.0,4.5,3.625,4.984375,3.9375,48.6875,17.0,47.11572265625,16.5,5.75,3.75,5.3125,3.4375,5.0625,3.5,3.875,2.5,99.2119140625,94.125,638.5,0,0,0,0,0,0,0,0,0,0,0,0,0,0,185.42,185.42,210.0,0.0471682548522949,0.0,0.45,0.4217682266235352,0.25,0.19173828125,0.1875,0.125,0.0,0.0,69.5,30.5,66.984375,27.8466796875,94.0,48.544921875,88.50390625,44.75,2.0,0.8125,2.015625,0.6640625,54.0,19.01513671875,51.483436584472656,16.9437255859375,7.91796875,5.430633544921875,7.75,5.0625,4.780975341796875,3.9373779296875,4.8994140625,3.84375,51.025390625,18.400863647460938,50.515625,17.5,5.75,3.75,5.5,3.5,5.375,3.6875,4.0,2.65625,104.865234375,89.5,655.8441009521484,0,0,0,0,0,0,0,0,0,0,0,0,0,0,177.8,177.8,212.0,29.0,29.0,0,0,0,0,1,0,0,0,0,0,0,0,0,0,0,1,0,0,0,0,1,0,0,0
Red,False,0.015625,0.0,0.45,0.4275,0.25,0.2,0.148468017578125,0.098388671875,0.0,0.0,66.5,29.6875,64.31230545043945,27.34375,89.75,48.0,85.53125,44.41152191162109,2.0,0.75,2.0546875,0.75,51.1875,18.3359375,49.6123046875,16.280410766601562,7.5,5.07647705078125,7.5,5.0,4.5,3.625,4.984375,3.9375,48.6875,17.0,47.11572265625,16.5,5.75,3.75,5.3125,3.4375,5.0625,3.5,3.875,2.5,99.2119140625,94.125,638.5,0,0,0,0,0,0,0,0,0,0,0,0,0,0,193.04,193.04,230.0,0.0,0.0,0.408125,0.0825,0.375,0.125,0.0,1.375,0.0,0.0,8.6875,3.75,1.375,0.25,10.125,5.0,3.875,2.625,0.375,0.375,0.375,0.125,8.1875,3.25,1.125,0.125,0.0,0.0,0.125,0.0,0.5,0.5,0.125,0.125,1.125,0.0,0.5,0.0,3.875,1.75,0.75,0.125,3.6875,2.0,0.125,0.125,0.0,0.0,83.9375,5,1,2,0,2,2,3,0,0,0,0,2,0,0,187.96,187.96,250.0,29.0,29.0,0,0,0,0,1,0,0,0,0,0,0,0,0,0,0,1,0,0,0,0,1,0,0,0
Red,False,0.015625,0.0,0.45,0.4275,0.25,0.2,0.148468017578125,0.098388671875,0.0,0.0,66.5,29.6875,64.31230545043945,27.34375,89.75,48.0,85.53125,44.41152191162109,2.0,0.75,2.0546875,0.75,51.1875,18.3359375,49.6123046875,16.280410766601562,7.5,5.07647705078125,7.5,5.0,4.5,3.625,4.984375,3.9375,48.6875,17.0,47.11572265625,16.5,5.75,3.75,5.3125,3.4375,5.0625,3.5,3.875,2.5,99.2119140625,94.125,638.5,0,0,0,0,0,0,0,0,0,0,0,0,0,0,170.18,170.18,220.0,0.0,0.0,0.6,0.25,1.0,0.0,0.0,0.0,0.0,0.0,13.0,8.5,1.5,0.5,15.5,10.5,10.0,8.0,1.0,1.0,0.0,0.0,12.0,7.5,0.5,0.0,0.0,0.0,0.5,0.5,1.0,1.0,0.5,0.0,1.0,1.0,1.0,0.0,0.0,0.0,0.0,0.0,12.0,7.5,0.5,0.5,0.0,0.0,120.0,2,1,2,0,2,2,0,0,0,0,0,1,1,0,190.5,190.5,266.0,29.0,28.0,0,0,0,0,1,0,0,0,0,0,0,0,0,0,0,0,0,1,0,0,0,0,0,1
Red,True,0.0,0.0,0.6056250000000001,0.4181249999999999,0.45625,0.0,1.3125,0.0,0.0,0.03125,14.625,8.78125,3.71875,1.875,24.84375,18.125,12.90625,10.71875,0.71875,0.59375,1.5625,0.0,14.1875,8.34375,2.875,1.0625,0.4375,0.4375,0.0625,0.03125,0.0,0.0,0.78125,0.78125,4.34375,1.25,3.59375,1.78125,0.96875,0.71875,0.125,0.09375,9.3125,6.8125,0.0,0.0,0.0,0.0,174.125,6,2,6,0,6,6,0,0,0,0,0,3,3,0,185.42,190.5,205.0,0.0471682548522949,0.0,0.45,0.4217682266235352,0.25,0.19173828125,0.1875,0.125,0.0,0.0,69.5,30.5,66.984375,27.8466796875,94.0,48.544921875,88.50390625,44.75,2.0,0.8125,2.015625,0.6640625,54.0,19.01513671875,51.483436584472656,16.9437255859375,7.91796875,5.430633544921875,7.75,5.0625,4.780975341796875,3.9373779296875,4.8994140625,3.84375,51.025390625,18.400863647460938,50.515625,17.5,5.75,3.75,5.5,3.5,5.375,3.6875,4.0,2.65625,104.865234375,89.5,655.8441009521484,0,0,0,0,0,0,0,0,0,0,0,0,0,0,187.96,187.96,221.0,32.0,35.0,0,0,0,0,1,0,0,0,0,0,0,0,0,0,0,1,0,0,0,0,1,0,0,0
Red,True,0.0,0.0,0.42,0.6,1.0,0.0,1.0,0.0,0.0,0.0,21.0,9.0,10.0,6.0,24.0,12.0,10.0,6.0,1.0,1.0,0.0,0.0,21.0,9.0,10.0,6.0,0.0,0.0,0.0,0.0,0.0,0.0,0.0,0.0,8.0,2.0,7.0,4.0,6.0,3.0,3.0,2.0,7.0,4.0,0.0,0.0,0.0,0.0,130.0,1,0,1,0,1,1,0,0,0,0,0,0,1,0,187.96,187.96,345.0,0.0,0.0,0.7,0.5,1.0,0.0,0.0,0.0,0.0,0.0,20.0,14.0,2.0,1.0,24.0,18.0,13.0,10.0,1.0,1.0,0.0,0.0,20.0,14.0,0.0,0.0,0.0,0.0,1.0,1.0,0.0,0.0,1.0,0.0,0.0,0.0,1.0,0.0,0.0,0.0,0.0,0.0,20.0,14.0,1.0,1.0,0.0,0.0,142.0,1,0,1,0,1,1,0,0,0,0,0,1,0,0,190.5,190.5,266.0,27.0,28.0,0,0,0,0,1,0,0,0,0,0,0,0,0,0,0,0,0,1,0,0,0,0,0,1
Red,False,0.0,0.0,0.0,0.83,0.0,0.5,0.0,0.0,0.0,0.0,1.0,0.0,30.0,25.0,21.0,19.0,38.0,33.0,0.0,0.0,2.0,1.0,1.0,0.0,25.0,20.0,0.0,0.0,5.0,5.0,0.0,0.0,0.0,0.0,1.0,0.0,0.0,0.0,0.0,0.0,0.0,0.0,0.0,0.0,30.0,25.0,0.0,0.0,163.0,1,0,0,1,0,0,1,0,0,0,0,0,0,0,193.04,193.04,230.0,0.0471682548522949,0.0,0.45,0.4217682266235352,0.25,0.19173828125,0.1875,0.125,0.0,0.0,69.5,30.5,66.984375,27.8466796875,94.0,48.544921875,88.50390625,44.75,2.0,0.8125,2.015625,0.6640625,54.0,19.01513671875,51.483436584472656,16.9437255859375,7.91796875,5.430633544921875,7.75,5.0625,4.780975341796875,3.9373779296875,4.8994140625,3.84375,51.025390625,18.400863647460938,50.515625,17.5,5.75,3.75,5.5,3.5,5.375,3.6875,4.0,2.65625,104.865234375,89.5,655.8441009521484,0,0,0,0,0,0,0,0,0,0,0,0,0,0,190.5,190.5,266.0,29.0,28.0,0,0,0,0,1,0,0,0,0,0,0,0,0,0,0,1,0,0,0,0,0,0,0,1
Red,False,0.015625,0.0,0.45,0.4275,0.25,0.2,0.148468017578125,0.098388671875,0.0,0.0,66.5,29.6875,64.31230545043945,27.34375,89.75,48.0,85.53125,44.41152191162109,2.0,0.75,2.0546875,0.75,51.1875,18.3359375,49.6123046875,16.280410766601562,7.5,5.07647705078125,7.5,5.0,4.5,3.625,4.984375,3.9375,48.6875,17.0,47.11572265625,16.5,5.75,3.75,5.3125,3.4375,5.0625,3.5,3.875,2.5,99.2119140625,94.125,638.5,0,0,0,0,0,0,0,0,0,0,0,0,0,0,185.42,185.42,200.0,0.0,0.0,0.5,0.0,1.0,0.0,1.0,0.0,0.0,0.0,4.0,2.0,1.0,0.0,5.0,3.0,1.0,0.0,1.0,1.0,0.0,0.0,4.0,2.0,0.0,0.0,0.0,0.0,0.0,0.0,0.0,0.0,1.0,0.0,0.0,0.0,1.0,0.0,0.0,0.0,0.0,0.0,4.0,2.0,0.0,0.0,0.0,0.0,44.0,1,1,1,0,1,1,0,0,0,0,0,0,1,0,177.8,177.8,199.0,29.0,29.0,0,0,0,0,0,0,1,0,0,0,0,0,0,0,0,0,0,1,0,0,0,0,0,1
Red,True,0.0,0.0,0.62,0.0,1.0,0.0,1.0,0.0,0.0,0.0,8.0,5.0,2.0,0.0,15.0,11.0,8.0,5.0,1.0,1.0,0.0,0.0,7.0,4.0,2.0,0.0,1.0,1.0,0.0,0.0,0.0,0.0,0.0,0.0,0.0,0.0,1.0,0.0,0.0,0.0,0.0,0.0,8.0,5.0,1.0,0.0,0.0,0.0,91.0,1,0,1,0,1,1,0,0,0,0,0,0,1,0,182.88,182.88,185.0,0.0471682548522949,0.0,0.45,0.4217682266235352,0.25,0.19173828125,0.1875,0.125,0.0,0.0,69.5,30.5,66.984375,27.8466796875,94.0,48.544921875,88.50390625,44.75,2.0,0.8125,2.015625,0.6640625,54.0,19.01513671875,51.483436584472656,16.9437255859375,7.91796875,5.430633544921875,7.75,5.0625,4.780975341796875,3.9373779296875,4.8994140625,3.84375,51.025390625,18.400863647460938,50.515625,17.5,5.75,3.75,5.5,3.5,5.375,3.6875,4.0,2.65625,104.865234375,89.5,655.8441009521484,0,0,0,0,0,0,0,0,0,0,0,0,0,0,177.8,177.8,199.0,26.0,29.0,0,0,0,0,0,0,0,1,0,0,0,0,0,0,0,1,0,0,0,0,0,0,0,1
Red,False,0.015625,0.0,0.45,0.4275,0.25,0.2,0.148468017578125,0.098388671875,0.0,0.0,66.5,29.6875,64.31230545043945,27.34375,89.75,48.0,85.53125,44.41152191162109,2.0,0.75,2.0546875,0.75,51.1875,18.3359375,49.6123046875,16.280410766601562,7.5,5.07647705078125,7.5,5.0,4.5,3.625,4.984375,3.9375,48.6875,17.0,47.11572265625,16.5,5.75,3.75,5.3125,3.4375,5.0625,3.5,3.875,2.5,99.2119140625,94.125,638.5,0,0,0,0,0,0,0,0,0,0,0,0,0,0,193.04,193.04,197.0,0.0,0.0,0.42,0.23,0.0,0.0,0.0,0.0,0.0,0.0,28.0,12.0,38.0,9.0,28.0,12.0,51.0,20.0,3.0,0.0,0.0,0.0,14.0,5.0,32.0,5.0,2.0,2.0,1.0,0.0,12.0,5.0,5.0,4.0,17.0,9.0,28.0,6.0,11.0,3.0,10.0,3.0,0.0,0.0,0.0,0.0,0.0,0.0,600.0,1,0,0,1,0,0,1,0,0,0,0,0,0,0,180.34,180.34,195.0,29.0,29.0,0,0,0,0,0,0,1,0,0,0,0,0,0,0,0,0,0,1,0,0,0,0,1,0
Red,False,0.015625,0.0,0.45,0.4275,0.25,0.2,0.148468017578125,0.098388671875,0.0,0.0,66.5,29.6875,64.31230545043945,27.34375,89.75,48.0,85.53125,44.41152191162109,2.0,0.75,2.0546875,0.75,51.1875,18.3359375,49.6123046875,16.280410766601562,7.5,5.07647705078125,7.5,5.0,4.5,3.625,4.984375,3.9375,48.6875,17.0,47.11572265625,16.5,5.75,3.75,5.3125,3.4375,5.0625,3.5,3.875,2.5,99.2119140625,94.125,638.5,0,0,0,0,0,0,0,0,0,0,0,0,0,0,180.34,182.88,170.0,0.0471682548522949,0.0,0.45,0.4217682266235352,0.25,0.19173828125,0.1875,0.125,0.0,0.0,69.5,30.5,66.984375,27.8466796875,94.0,48.544921875,88.50390625,44.75,2.0,0.8125,2.015625,0.6640625,54.0,19.01513671875,51.483436584472656,16.9437255859375,7.91796875,5.430633544921875,7.75,5.0625,4.780975341796875,3.9373779296875,4.8994140625,3.84375,51.025390625,18.400863647460938,50.515625,17.5,5.75,3.75,5.5,3.5,5.375,3.6875,4.0,2.65625,104.865234375,89.5,655.8441009521484,0,0,0,0,0,0,0,0,0,0,0,0,0,0,175.26,175.26,226.0,29.0,29.0,0,0,0,0,1,0,0,0,0,0,0,0,0,0,0,1,0,0,0,0,1,0,0,0
Red,False,0.0,0.0,0.4649999999999999,0.5943750000000001,0.15625,0.8125,0.0625,0.5,0.0625,0.0,5.4375,2.8125,23.25,14.125,13.75,10.3125,54.4375,43.1875,0.25,0.1875,0.9375,0.8125,3.5,1.0625,22.25,13.125,0.5,0.375,0.9375,0.9375,1.4375,1.375,0.0625,0.0625,3.125,1.25,0.8125,0.125,1.25,0.8125,0.4375,0.3125,1.0625,0.75,22.0,13.6875,0.0,0.0,238.875,5,0,1,0,1,2,3,0,0,0,0,2,0,0,190.5,190.5,230.0,0.0471682548522949,0.0,0.45,0.4217682266235352,0.25,0.19173828125,0.1875,0.125,0.0,0.0,69.5,30.5,66.984375,27.8466796875,94.0,48.544921875,88.50390625,44.75,2.0,0.8125,2.015625,0.6640625,54.0,19.01513671875,51.483436584472656,16.9437255859375,7.91796875,5.430633544921875,7.75,5.0625,4.780975341796875,3.9373779296875,4.8994140625,3.84375,51.025390625,18.400863647460938,50.515625,17.5,5.75,3.75,5.5,3.5,5.375,3.6875,4.0,2.65625,104.865234375,89.5,655.8441009521484,0,0,0,0,0,0,0,0,0,0,0,0,0,0,187.96,187.96,345.0,29.0,27.0,0,0,0,0,1,0,0,0,0,0,0,0,0,0,0,1,0,0,0,0,0,0,1,0
Red,False,0.015625,0.0,0.45,0.4275,0.25,0.2,0.148468017578125,0.098388671875,0.0,0.0,66.5,29.6875,64.31230545043945,27.34375,89.75,48.0,85.53125,44.41152191162109,2.0,0.75,2.0546875,0.75,51.1875,18.3359375,49.6123046875,16.280410766601562,7.5,5.07647705078125,7.5,5.0,4.5,3.625,4.984375,3.9375,48.6875,17.0,47.11572265625,16.5,5.75,3.75,5.3125,3.4375,5.0625,3.5,3.875,2.5,99.2119140625,94.125,638.5,0,0,0,0,0,0,0,0,0,0,0,0,0,0,180.34,180.34,178.0,0.0471682548522949,0.0,0.45,0.4217682266235352,0.25,0.19173828125,0.1875,0.125,0.0,0.0,69.5,30.5,66.984375,27.8466796875,94.0,48.544921875,88.50390625,44.75,2.0,0.8125,2.015625,0.6640625,54.0,19.01513671875,51.483436584472656,16.9437255859375,7.91796875,5.430633544921875,7.75,5.0625,4.780975341796875,3.9373779296875,4.8994140625,3.84375,51.025390625,18.400863647460938,50.515625,17.5,5.75,3.75,5.5,3.5,5.375,3.6875,4.0,2.65625,104.865234375,89.5,655.8441009521484,0,0,0,0,0,0,0,0,0,0,0,0,0,0,182.88,182.88,185.0,29.0,26.0,0,0,0,0,0,0,1,0,0,0,0,0,0,0,0,0,0,1,0,0,1,0,0,0
Red,False,0.25390625,0.0,0.4807421875,0.7017578125,0.29359375,0.0078125,0.54296875,0.265625,0.0,0.0,15.998046875,7.599609375,13.25390625,8.408203125,22.419921875,12.333984375,31.6328125,24.453125,0.865234375,0.298828125,0.10546875,0.015625,15.7109375,7.4375,9.283203125,4.640625,0.287109375,0.162109375,3.330078125,3.126953125,0.0,0.0,0.640625,0.640625,7.7109375,2.853515625,6.544921875,2.44921875,5.8984375,2.9296875,4.646484375,4.021484375,2.388671875,1.81640625,2.0625,1.9375,0.0,0.0,204.810546875,11,2,2,0,2,6,4,0,0,0,0,4,2,0,182.88,182.88,265.0,1.0,0.0,0.665,0.07,0.0,0.0,0.0,0.0,0.0,0.0,20.5,13.0,4.5,0.5,23.5,16.0,4.5,0.5,0.0,0.0,0.0,0.0,20.5,13.0,4.0,0.0,0.0,0.0,0.5,0.5,0.0,0.0,0.0,0.0,3.5,2.0,1.5,0.0,7.5,2.5,3.0,0.5,9.5,8.5,0.0,0.0,0.0,0.0,60.0,2,0,2,0,2,2,0,0,0,0,0,2,0,0,182.88,187.96,185.0,29.0,20.0,0,0,0,0,1,0,0,0,0,0,0,0,0,0,0,0,0,0,1,0,0,0,1,0
Red,True,0.0,0.0,0.87,0.0,1.0,0.0,0.0,0.0,0.0,0.0,24.0,21.0,0.0,0.0,31.0,28.0,0.0,0.0,1.0,1.0,0.0,0.0,23.0,20.0,0.0,0.0,1.0,1.0,0.0,0.0,0.0,0.0,0.0,0.0,1.0,1.0,0.0,0.0,0.0,0.0,0.0,0.0,23.0,20.0,0.0,0.0,0.0,0.0,31.0,1,0,1,0,1,1,0,0,0,0,0,1,0,0,190.5,187.96,205.0,0.25,0.25,0.6525000000000001,0.2774999999999999,0.25,0.0,0.0,0.5,0.0,0.0,38.75,25.25,12.0,3.75,68.5,52.5,21.5,12.5,0.25,0.25,1.0,0.0,30.25,17.25,8.5,2.75,3.5,3.5,1.0,0.5,5.0,4.5,2.5,0.5,13.0,7.5,7.0,1.75,11.25,8.0,4.0,1.0,14.5,9.75,1.0,1.0,0.0,0.0,513.75,4,0,3,0,3,3,0,0,0,0,1,2,0,0,185.42,185.42,200.0,22.0,29.0,0,0,0,0,0,0,1,0,0,0,0,0,0,0,0,1,0,0,0,0,1,0,0,0
Red,False,0.0,0.0,0.5,0.88,0.0,1.0,0.0,0.0,0.0,0.0,2.0,1.0,9.0,8.0,23.0,21.0,20.0,16.0,0.0,0.0,1.0,1.0,2.0,1.0,6.0,5.0,0.0,0.0,3.0,3.0,0.0,0.0,0.0,0.0,2.0,1.0,1.0,0.0,0.0,0.0,0.0,0.0,0.0,0.0,8.0,8.0,0.0,0.0,289.0,1,0,0,1,0,0,1,0,0,0,0,0,0,0,182.88,182.88,200.0,0.5,0.5,0.665,0.375,0.5,0.0,0.0,0.0,0.0,0.0,23.5,15.5,8.0,4.5,27.0,19.0,11.0,7.0,0.5,0.5,0.0,0.0,21.5,13.5,4.0,2.5,1.0,1.0,2.0,1.0,1.0,1.0,2.0,1.0,3.0,1.0,4.0,0.5,3.5,3.0,2.0,2.0,17.0,11.5,2.0,2.0,0.0,0.0,127.5,2,0,2,0,2,2,0,0,0,0,0,2,0,0,185.42,185.42,200.0,29.0,29.0,0,0,0,0,0,0,1,0,0,0,0,0,0,0,0,0,0,1,0,0,1,0,0,0
Red,False,0.015625,0.0,0.45,0.4275,0.25,0.2,0.148468017578125,0.098388671875,0.0,0.0,66.5,29.6875,64.31230545043945,27.34375,89.75,48.0,85.53125,44.41152191162109,2.0,0.75,2.0546875,0.75,51.1875,18.3359375,49.6123046875,16.280410766601562,7.5,5.07647705078125,7.5,5.0,4.5,3.625,4.984375,3.9375,48.6875,17.0,47.11572265625,16.5,5.75,3.75,5.3125,3.4375,5.0625,3.5,3.875,2.5,99.2119140625,94.125,638.5,0,0,0,0,0,0,0,0,0,0,0,0,0,0,177.8,177.8,199.0,0.0471682548522949,0.0,0.45,0.4217682266235352,0.25,0.19173828125,0.1875,0.125,0.0,0.0,69.5,30.5,66.984375,27.8466796875,94.0,48.544921875,88.50390625,44.75,2.0,0.8125,2.015625,0.6640625,54.0,19.01513671875,51.483436584472656,16.9437255859375,7.91796875,5.430633544921875,7.75,5.0625,4.780975341796875,3.9373779296875,4.8994140625,3.84375,51.025390625,18.400863647460938,50.515625,17.5,5.75,3.75,5.5,3.5,5.375,3.6875,4.0,2.65625,104.865234375,89.5,655.8441009521484,0,0,0,0,0,0,0,0,0,0,0,0,0,0,177.8,177.8,210.0,29.0,30.0,0,0,0,0,0,0,1,0,0,0,0,0,0,0,0,1,0,0,0,0,1,0,0,0
Red,False,0.015625,0.0,0.45,0.4275,0.25,0.2,0.148468017578125,0.098388671875,0.0,0.0,66.5,29.6875,64.31230545043945,27.34375,89.75,48.0,85.53125,44.41152191162109,2.0,0.75,2.0546875,0.75,51.1875,18.3359375,49.6123046875,16.280410766601562,7.5,5.07647705078125,7.5,5.0,4.5,3.625,4.984375,3.9375,48.6875,17.0,47.11572265625,16.5,5.75,3.75,5.3125,3.4375,5.0625,3.5,3.875,2.5,99.2119140625,94.125,638.5,0,0,0,0,0,0,0,0,0,0,0,0,0,0,190.5,190.5,300.0,0.0,0.0,0.84,0.0,1.0,0.0,0.0,0.0,0.0,0.0,19.0,16.0,0.0,0.0,28.0,25.0,1.0,1.0,1.0,1.0,0.0,0.0,18.0,15.0,0.0,0.0,1.0,1.0,0.0,0.0,0.0,0.0,0.0,0.0,0.0,0.0,0.0,0.0,0.0,0.0,0.0,0.0,19.0,16.0,0.0,0.0,0.0,0.0,193.0,1,1,1,0,1,1,0,0,0,0,0,1,0,0,185.42,190.5,205.0,34.0,33.0,0,0,0,0,1,0,0,0,0,0,0,0,0,0,0,1,0,0,0,0,1,0,0,0
Red,False,0.015625,0.0,0.45,0.4275,0.25,0.2,0.148468017578125,0.098388671875,0.0,0.0,66.5,29.6875,64.31230545043945,27.34375,89.75,48.0,85.53125,44.41152191162109,2.0,0.75,2.0546875,0.75,51.1875,18.3359375,49.6123046875,16.280410766601562,7.5,5.07647705078125,7.5,5.0,4.5,3.625,4.984375,3.9375,48.6875,17.0,47.11572265625,16.5,5.75,3.75,5.3125,3.4375,5.0625,3.5,3.875,2.5,99.2119140625,94.125,638.5,0,0,0,0,0,0,0,0,0,0,0,0,0,0,190.5,190.5,217.0,0.0,0.0,0.0,0.84,0.0,1.0,0.0,0.0,0.0,0.0,0.0,0.0,19.0,16.0,1.0,1.0,28.0,25.0,0.0,0.0,1.0,1.0,0.0,0.0,18.0,15.0,0.0,0.0,1.0,1.0,0.0,0.0,0.0,0.0,0.0,0.0,0.0,0.0,0.0,0.0,0.0,0.0,0.0,0.0,19.0,16.0,0.0,0.0,193.0,1,1,0,1,0,0,1,0,0,0,0,0,0,0,185.42,185.42,290.0,29.0,29.0,0,0,0,0,1,0,0,0,0,0,0,0,0,0,0,1,0,0,0,0,1,0,0,0
Red,False,0.015625,0.0,0.45,0.4275,0.25,0.2,0.148468017578125,0.098388671875,0.0,0.0,66.5,29.6875,64.31230545043945,27.34375,89.75,48.0,85.53125,44.41152191162109,2.0,0.75,2.0546875,0.75,51.1875,18.3359375,49.6123046875,16.280410766601562,7.5,5.07647705078125,7.5,5.0,4.5,3.625,4.984375,3.9375,48.6875,17.0,47.11572265625,16.5,5.75,3.75,5.3125,3.4375,5.0625,3.5,3.875,2.5,99.2119140625,94.125,638.5,0,0,0,0,0,0,0,0,0,0,0,0,0,0,180.34,182.88,170.0,0.0471682548522949,0.0,0.45,0.4217682266235352,0.25,0.19173828125,0.1875,0.125,0.0,0.0,69.5,30.5,66.984375,27.8466796875,94.0,48.544921875,88.50390625,44.75,2.0,0.8125,2.015625,0.6640625,54.0,19.01513671875,51.483436584472656,16.9437255859375,7.91796875,5.430633544921875,7.75,5.0625,4.780975341796875,3.9373779296875,4.8994140625,3.84375,51.025390625,18.400863647460938,50.515625,17.5,5.75,3.75,5.5,3.5,5.375,3.6875,4.0,2.65625,104.865234375,89.5,655.8441009521484,0,0,0,0,0,0,0,0,0,0,0,0,0,0,180.34,182.88,170.0,29.0,29.0,0,0,0,0,0,0,1,0,0,0,0,0,0,0,0,1,0,0,0,0,1,0,0,0
Red,True,0.015625,0.0,0.45,0.4275,0.25,0.2,0.148468017578125,0.098388671875,0.0,0.0,66.5,29.6875,64.31230545043945,27.34375,89.75,48.0,85.53125,44.41152191162109,2.0,0.75,2.0546875,0.75,51.1875,18.3359375,49.6123046875,16.280410766601562,7.5,5.07647705078125,7.5,5.0,4.5,3.625,4.984375,3.9375,48.6875,17.0,47.11572265625,16.5,5.75,3.75,5.3125,3.4375,5.0625,3.5,3.875,2.5,99.2119140625,94.125,638.5,0,0,0,0,0,0,0,0,0,0,0,0,0,0,185.42,185.42,290.0,0.0471682548522949,0.0,0.45,0.4217682266235352,0.25,0.19173828125,0.1875,0.125,0.0,0.0,69.5,30.5,66.984375,27.8466796875,94.0,48.544921875,88.50390625,44.75,2.0,0.8125,2.015625,0.6640625,54.0,19.01513671875,51.483436584472656,16.9437255859375,7.91796875,5.430633544921875,7.75,5.0625,4.780975341796875,3.9373779296875,4.8994140625,3.84375,51.025390625,18.400863647460938,50.515625,17.5,5.75,3.75,5.5,3.5,5.375,3.6875,4.0,2.65625,104.865234375,89.5,655.8441009521484,0,0,0,0,0,0,0,0,0,0,0,0,0,0,185.42,190.5,205.0,29.0,33.0,0,0,0,0,1,0,0,0,0,0,0,0,0,0,0,1,0,0,0,0,1,0,0,0
Red,False,0.015625,0.0,0.45,0.4275,0.25,0.2,0.148468017578125,0.098388671875,0.0,0.0,66.5,29.6875,64.31230545043945,27.34375,89.75,48.0,85.53125,44.41152191162109,2.0,0.75,2.0546875,0.75,51.1875,18.3359375,49.6123046875,16.280410766601562,7.5,5.07647705078125,7.5,5.0,4.5,3.625,4.984375,3.9375,48.6875,17.0,47.11572265625,16.5,5.75,3.75,5.3125,3.4375,5.0625,3.5,3.875,2.5,99.2119140625,94.125,638.5,0,0,0,0,0,0,0,0,0,0,0,0,0,0,177.8,177.8,188.0,0.0471682548522949,0.0,0.45,0.4217682266235352,0.25,0.19173828125,0.1875,0.125,0.0,0.0,69.5,30.5,66.984375,27.8466796875,94.0,48.544921875,88.50390625,44.75,2.0,0.8125,2.015625,0.6640625,54.0,19.01513671875,51.483436584472656,16.9437255859375,7.91796875,5.430633544921875,7.75,5.0625,4.780975341796875,3.9373779296875,4.8994140625,3.84375,51.025390625,18.400863647460938,50.515625,17.5,5.75,3.75,5.5,3.5,5.375,3.6875,4.0,2.65625,104.865234375,89.5,655.8441009521484,0,0,0,0,0,0,0,0,0,0,0,0,0,0,190.5,187.96,205.0,29.0,22.0,0,0,0,0,0,0,1,0,0,0,0,0,0,0,0,1,0,0,0,0,1,0,0,0
Red,False,0.015625,0.0,0.45,0.4275,0.25,0.2,0.148468017578125,0.098388671875,0.0,0.0,66.5,29.6875,64.31230545043945,27.34375,89.75,48.0,85.53125,44.41152191162109,2.0,0.75,2.0546875,0.75,51.1875,18.3359375,49.6123046875,16.280410766601562,7.5,5.07647705078125,7.5,5.0,4.5,3.625,4.984375,3.9375,48.6875,17.0,47.11572265625,16.5,5.75,3.75,5.3125,3.4375,5.0625,3.5,3.875,2.5,99.2119140625,94.125,638.5,0,0,0,0,0,0,0,0,0,0,0,0,0,0,187.96,187.96,233.0,1.0,0.0,0.75,0.0,0.0,0.0,0.0,0.0,0.0,0.0,12.0,9.0,2.0,0.0,12.0,9.0,2.0,0.0,0.0,0.0,0.0,0.0,12.0,9.0,2.0,0.0,0.0,0.0,0.0,0.0,0.0,0.0,0.0,0.0,3.0,2.0,2.0,0.0,0.0,0.0,0.0,0.0,9.0,7.0,0.0,0.0,0.0,0.0,43.0,1,0,1,0,1,1,0,0,0,0,0,1,0,0,182.88,187.96,185.0,32.0,19.0,0,0,0,0,1,0,0,0,0,0,0,0,0,0,0,1,0,0,0,0,0,0,1,0
Red,True,0.0,0.0,0.40869140625,0.35416015625,0.2181640625,0.0,0.146484375,0.193359375,0.5,0.0,63.896484375,25.4296875,45.9599609375,10.9189453125,145.798828125,99.630859375,71.4384765625,35.876953125,1.62890625,0.3447265625,0.65625,0.0,55.083984375,17.8828125,40.099609375,5.81640625,4.890625,4.625,5.4140625,4.6630859375,3.921875,2.921875,0.4462890625,0.439453125,38.53125,5.40625,39.8447265625,5.1005859375,3.3125,1.796875,1.3623046875,1.0654296875,22.052734375,18.2265625,4.7529296875,4.7529296875,0.0,0.0,1410.2568359375,14,3,2,0,4,9,2,0,0,1,2,0,5,1,187.96,187.96,250.0,0.0,0.0,0.8812500000000001,0.33625,0.9125,0.0,0.625,0.0,0.0,0.0625,17.25,13.5625,3.4375,1.75,28.6875,24.25,7.8125,5.4375,1.4375,1.1875,0.125,0.0,16.375,12.6875,1.75,0.125,0.875,0.875,0.125,0.0625,0.0,0.0,1.5625,1.5625,0.6875,0.5,3.1875,1.5625,1.9375,1.4375,0.25,0.1875,14.625,11.625,0.0,0.0,0.0,0.0,171.25,5,1,5,0,5,5,0,0,0,0,0,3,2,0,185.42,190.5,205.0,38.0,32.0,0,0,0,0,1,0,0,0,0,0,0,0,0,0,0,0,0,1,0,0,1,0,0,0
Red,False,0.015625,0.0,0.45,0.4275,0.25,0.2,0.148468017578125,0.098388671875,0.0,0.0,66.5,29.6875,64.31230545043945,27.34375,89.75,48.0,85.53125,44.41152191162109,2.0,0.75,2.0546875,0.75,51.1875,18.3359375,49.6123046875,16.280410766601562,7.5,5.07647705078125,7.5,5.0,4.5,3.625,4.984375,3.9375,48.6875,17.0,47.11572265625,16.5,5.75,3.75,5.3125,3.4375,5.0625,3.5,3.875,2.5,99.2119140625,94.125,638.5,0,0,0,0,0,0,0,0,0,0,0,0,0,0,175.26,175.26,190.0,0.0,0.0,0.32375,0.32125,0.75,0.27,0.625,0.5,0.375,0.125,8.875,5.5,3.0,2.0,58.375,52.375,7.75,6.75,0.875,0.75,1.375,0.625,4.125,2.75,2.25,1.375,1.5,1.5,0.5,0.5,3.25,1.25,0.25,0.125,2.75,0.75,0.875,0.375,1.5,1.5,1.0,0.75,4.625,3.25,1.125,0.875,0.0,0.0,376.25,4,0,1,0,2,3,1,0,0,0,1,0,2,0,180.34,180.34,199.0,29.0,22.0,0,0,0,0,0,0,1,0,0,0,0,0,0,0,0,1,0,0,0,0,1,0,0,0
Red,False,0.0,0.0,0.7,0.5974999999999999,0.625,0.0,0.75,0.25,0.0,0.0,47.5,32.25,17.25,8.5,98.0,80.75,25.75,15.5,2.25,1.5,0.25,0.0,31.5,17.25,15.5,7.25,12.75,12.0,0.75,0.75,3.25,3.0,1.0,0.5,12.75,5.5,12.75,5.25,22.75,17.25,4.25,3.0,12.0,9.5,0.25,0.25,0.0,0.0,646.75,4,0,0,1,2,2,1,0,0,0,1,1,0,0,180.34,180.34,323.0,0.0471682548522949,0.0,0.45,0.4217682266235352,0.25,0.19173828125,0.1875,0.125,0.0,0.0,69.5,30.5,66.984375,27.8466796875,94.0,48.544921875,88.50390625,44.75,2.0,0.8125,2.015625,0.6640625,54.0,19.01513671875,51.483436584472656,16.9437255859375,7.91796875,5.430633544921875,7.75,5.0625,4.780975341796875,3.9373779296875,4.8994140625,3.84375,51.025390625,18.400863647460938,50.515625,17.5,5.75,3.75,5.5,3.5,5.375,3.6875,4.0,2.65625,104.865234375,89.5,655.8441009521484,0,0,0,0,0,0,0,0,0,0,0,0,0,0,182.88,187.96,185.0,31.0,19.0,0,0,0,0,1,0,0,0,0,0,0,0,0,0,0,1,0,0,0,0,0,0,1,0
Red,False,0.015625,0.0,0.45,0.4275,0.25,0.2,0.148468017578125,0.098388671875,0.0,0.0,66.5,29.6875,64.31230545043945,27.34375,89.75,48.0,85.53125,44.41152191162109,2.0,0.75,2.0546875,0.75,51.1875,18.3359375,49.6123046875,16.280410766601562,7.5,5.07647705078125,7.5,5.0,4.5,3.625,4.984375,3.9375,48.6875,17.0,47.11572265625,16.5,5.75,3.75,5.3125,3.4375,5.0625,3.5,3.875,2.5,99.2119140625,94.125,638.5,0,0,0,0,0,0,0,0,0,0,0,0,0,0,185.42,185.42,215.0,0.0,0.0,0.69,0.595,0.25,0.0,0.5,0.5,0.0,0.0,53.0,34.5,29.5,14.0,118.0,98.5,44.5,27.0,2.5,1.0,0.5,0.0,28.0,11.5,26.0,11.5,19.5,18.0,1.5,1.5,5.5,5.0,2.0,1.0,22.5,9.0,22.5,9.5,28.5,23.5,6.5,4.0,2.0,2.0,0.5,0.5,0.0,0.0,811.5,3,0,0,1,1,1,1,0,0,0,1,0,0,0,180.34,180.34,323.0,29.0,31.0,0,0,0,0,1,0,0,0,0,0,0,0,0,0,0,0,0,1,0,0,1,0,0,0
Red,False,0.015625,0.0,0.45,0.4275,0.25,0.2,0.148468017578125,0.098388671875,0.0,0.0,66.5,29.6875,64.31230545043945,27.34375,89.75,48.0,85.53125,44.41152191162109,2.0,0.75,2.0546875,0.75,51.1875,18.3359375,49.6123046875,16.280410766601562,7.5,5.07647705078125,7.5,5.0,4.5,3.625,4.984375,3.9375,48.6875,17.0,47.11572265625,16.5,5.75,3.75,5.3125,3.4375,5.0625,3.5,3.875,2.5,99.2119140625,94.125,638.5,0,0,0,0,0,0,0,0,0,0,0,0,0,0,182.88,182.88,199.0,0.0,0.0,0.6475,0.6425000000000001,0.5,0.54,0.25,1.0,0.75,0.25,14.75,11.0,6.0,4.0,109.75,100.75,15.5,13.5,0.75,0.5,2.75,1.25,8.25,5.5,4.5,2.75,3.0,3.0,1.0,1.0,3.5,2.5,0.5,0.25,2.5,1.5,1.75,0.75,3.0,3.0,2.0,1.5,9.25,6.5,2.25,1.75,0.0,0.0,668.5,3,0,1,0,1,2,1,0,0,0,1,0,1,0,180.34,180.34,199.0,29.0,22.0,0,0,0,0,0,0,1,0,0,0,0,0,0,0,0,1,0,0,0,0,1,0,0,0
Red,False,0.015625,0.0,0.45,0.4275,0.25,0.2,0.148468017578125,0.098388671875,0.0,0.0,66.5,29.6875,64.31230545043945,27.34375,89.75,48.0,85.53125,44.41152191162109,2.0,0.75,2.0546875,0.75,51.1875,18.3359375,49.6123046875,16.280410766601562,7.5,5.07647705078125,7.5,5.0,4.5,3.625,4.984375,3.9375,48.6875,17.0,47.11572265625,16.5,5.75,3.75,5.3125,3.4375,5.0625,3.5,3.875,2.5,99.2119140625,94.125,638.5,0,0,0,0,0,0,0,0,0,0,0,0,0,0,170.18,170.18,205.0,0.0471682548522949,0.0,0.45,0.4217682266235352,0.25,0.19173828125,0.1875,0.125,0.0,0.0,69.5,30.5,66.984375,27.8466796875,94.0,48.544921875,88.50390625,44.75,2.0,0.8125,2.015625,0.6640625,54.0,19.01513671875,51.483436584472656,16.9437255859375,7.91796875,5.430633544921875,7.75,5.0625,4.780975341796875,3.9373779296875,4.8994140625,3.84375,51.025390625,18.400863647460938,50.515625,17.5,5.75,3.75,5.5,3.5,5.375,3.6875,4.0,2.65625,104.865234375,89.5,655.8441009521484,0,0,0,0,0,0,0,0,0,0,0,0,0,0,180.34,180.34,199.0,28.0,27.0,0,0,0,0,0,0,1,0,0,0,0,0,0,0,0,1,0,0,0,0,0,0,1,0
Red,False,0.0,0.5,0.54,0.43,0.5,0.0,0.0,0.0,0.0,0.0,22.0,9.0,12.0,4.5,34.0,20.0,14.5,6.5,1.0,0.5,0.0,0.0,18.0,7.5,10.0,3.5,2.5,1.0,1.5,1.0,1.5,0.5,0.5,0.0,8.0,3.0,7.0,2.0,10.0,2.0,5.0,2.5,4.0,4.0,0.0,0.0,0.0,0.0,128.0,2,0,0,1,1,1,1,0,0,0,0,1,0,0,180.34,180.34,230.0,0.5078125,0.0,0.521484375,0.6935156250000001,0.5871875,0.015625,0.0859375,0.53125,0.0,0.0,22.99609375,11.19921875,19.5078125,11.81640625,27.83984375,15.66796875,41.265625,32.90625,0.73046875,0.59765625,0.2109375,0.03125,22.421875,10.875,12.56640625,5.28125,0.57421875,0.32421875,5.66015625,5.25390625,0.0,0.0,1.28125,1.28125,10.421875,4.70703125,10.08984375,3.8984375,11.796875,5.859375,7.29296875,6.04296875,0.77734375,0.6328125,2.125,1.875,0.0,0.0,238.62109375,10,2,2,0,2,5,4,0,0,0,0,3,2,0,182.88,182.88,265.0,29.0,29.0,0,0,0,0,0,0,0,0,1,0,0,0,0,0,0,1,0,0,0,0,0,0,0,1
Red,False,0.0,0.0,0.81,1.0,1.0,0.0,1.0,0.0,0.0,0.0,16.0,13.0,4.0,4.0,43.0,39.0,20.0,20.0,2.0,2.0,0.0,0.0,15.0,12.0,2.0,2.0,1.0,1.0,0.0,0.0,0.0,0.0,2.0,2.0,2.0,1.0,2.0,2.0,1.0,1.0,2.0,2.0,13.0,11.0,0.0,0.0,0.0,0.0,445.0,1,0,1,0,1,1,0,0,0,0,0,0,0,1,182.88,182.88,240.0,0.015625,0.0,0.52296875,0.38703125,0.174375,0.03125,0.171875,1.0625,0.0,0.0,28.9921875,13.3984375,37.015625,21.6328125,34.6796875,18.3359375,80.53125,63.8125,0.4609375,0.1953125,0.421875,0.0625,27.84375,12.75,24.1328125,9.5625,1.1484375,0.6484375,10.3203125,9.5078125,0.0,0.0,2.5625,2.5625,19.84375,8.4140625,19.1796875,6.796875,7.59375,3.71875,13.5859375,11.0859375,1.5546875,1.265625,4.25,3.75,0.0,0.0,414.2421875,9,2,2,0,2,4,4,0,0,0,0,2,2,0,182.88,182.88,265.0,29.0,29.0,0,0,0,0,0,0,0,0,1,0,0,0,0,0,0,1,0,0,0,0,0,0,0,1
Red,False,0.015625,0.125,0.5028125,0.31390625,0.09375,0.265625,0.1875,0.5,0.0,0.0,23.71875,6.453125,22.4375,10.546875,36.828125,17.4375,25.71875,13.328125,0.09375,0.09375,1.78125,0.265625,19.03125,3.296875,11.0,4.0,0.796875,0.28125,1.09375,1.015625,3.890625,2.875,10.34375,5.53125,17.859375,4.171875,14.96875,8.03125,5.546875,1.96875,6.28125,1.8125,0.3125,0.3125,1.1875,0.703125,0.0,0.0,423.578125,7,1,1,0,2,4,3,0,0,0,1,2,1,0,203.2,203.2,300.0,0.0,0.0,0.73,0.165,0.5,0.5,0.0,1.5,1.0,0.5,7.0,5.0,3.5,1.0,8.0,5.5,17.5,15.0,0.5,0.5,1.5,0.5,5.0,3.0,1.0,0.5,1.5,1.5,1.0,0.0,0.5,0.5,1.5,0.5,1.0,0.5,0.5,0.0,1.5,1.5,3.0,1.0,4.5,3.0,0.0,0.0,0.0,0.0,272.0,2,0,0,2,0,0,2,0,0,0,0,0,0,0,190.5,190.5,235.0,29.0,28.0,0,0,0,0,0,0,0,0,1,0,0,0,0,0,0,1,0,0,0,0,1,0,0,0
Red,True,0.03125,0.0,0.5859375,0.4440625,0.34875,0.0625,0.34375,0.125,0.0,0.0,29.984375,13.796875,56.03125,37.265625,37.359375,20.671875,143.0625,121.625,0.921875,0.390625,0.84375,0.125,28.6875,12.5,30.265625,13.125,1.296875,1.296875,20.640625,19.015625,0.0,0.0,5.125,5.125,20.6875,7.828125,22.359375,8.59375,6.1875,3.4375,26.171875,22.171875,3.109375,2.53125,7.5,6.5,0.0,0.0,746.484375,8,1,2,0,2,4,3,0,0,0,0,2,2,0,182.88,182.88,265.0,0.00390625,0.0,0.4365625,0.41828125,0.20703125,0.521328125,0.25,0.0625,0.0390625,0.0,20.07421875,11.9375,18.14453125,9.61328125,45.0546875,34.734375,40.5703125,29.9921875,0.26953125,0.20703125,0.7734375,0.6015625,13.61328125,6.5546875,15.30078125,7.15234375,6.4375,5.359375,2.453125,2.1953125,0.0234375,0.0234375,0.390625,0.265625,5.3359375,1.1953125,3.76171875,1.16015625,11.7109375,7.8515625,10.2890625,6.078125,3.02734375,2.890625,4.09375,2.375,0.0,0.0,449.796875,9,2,4,0,4,8,1,0,0,0,0,5,2,1,185.42,185.42,219.0,29.0,31.0,0,1,0,0,0,0,0,0,0,0,0,0,0,0,0,0,0,0,1,0,1,0,0,0
Red,False,0.0,0.0,0.51625,0.590625,0.083125,0.625,0.03125,0.0,0.28125,0.09375,6.3125,3.34375,30.9375,19.53125,10.0625,6.46875,52.6875,39.0,0.25,0.125,1.6875,1.375,4.5625,2.15625,29.75,18.71875,1.125,0.5625,0.625,0.375,0.625,0.625,0.5625,0.4375,2.96875,0.625,2.125,1.25,2.1875,1.625,15.4375,11.1875,1.15625,1.09375,13.375,7.09375,0.0,0.0,341.125,6,1,2,0,2,3,3,0,0,0,0,3,0,0,190.5,190.5,249.0,0.0078125,0.0,0.343125,0.3065625,0.4140625,0.04265625,0.5,0.125,0.078125,0.0,10.1484375,7.875,10.2890625,5.2265625,41.109375,37.46875,21.140625,14.984375,0.5390625,0.4140625,0.546875,0.203125,5.2265625,3.109375,7.6015625,3.3046875,4.875,4.71875,1.90625,1.390625,0.046875,0.046875,0.78125,0.53125,1.671875,0.390625,2.5234375,0.3203125,2.421875,1.703125,4.578125,3.15625,6.0546875,5.78125,3.1875,1.75,0.0,0.0,220.59375,8,2,4,0,4,7,1,0,0,0,0,5,1,1,185.42,185.42,219.0,30.0,31.0,0,0,0,0,0,0,0,0,1,0,0,0,0,0,0,1,0,0,0,0,1,0,0,0
Red,False,0.0,0.0,0.86375,0.7875,0.0,0.9375,0.0,0.25,0.125,0.0,2.625,2.125,15.5,14.5,17.5,14.125,97.75,92.375,0.0,0.0,1.125,1.0,1.625,1.25,5.0,4.625,0.625,0.5,10.5,9.875,0.375,0.375,0.0,0.0,1.375,1.25,0.625,0.25,0.625,0.5,0.625,0.5,0.625,0.375,14.25,13.75,0.0,0.0,342.5,4,0,0,1,2,2,2,0,0,0,0,1,0,1,182.88,182.88,190.0,0.015625,0.0,0.68625,0.613125,0.828125,0.0853125,0.0,0.25,0.15625,0.0,20.296875,15.75,19.578125,10.453125,82.21875,74.9375,41.28125,29.96875,1.078125,0.828125,1.09375,0.40625,10.453125,6.21875,14.203125,6.609375,9.75,9.4375,3.8125,2.78125,0.09375,0.09375,1.5625,1.0625,3.34375,0.78125,4.046875,0.640625,4.84375,3.40625,9.15625,6.3125,12.109375,11.5625,6.375,3.5,0.0,0.0,421.1875,7,2,4,0,4,6,1,0,0,0,0,5,0,1,185.42,185.42,219.0,29.0,31.0,0,0,0,0,0,0,0,0,1,0,0,0,0,0,0,1,0,0,0,0,1,0,0,0
Red,False,0.0,0.0,0.6,0.62875,0.3125,0.625,0.125,0.0,0.125,0.0,7.875,4.625,7.5,6.25,12.5,8.625,17.875,16.375,0.5,0.375,0.875,0.625,5.0,2.125,6.5,5.25,1.0,0.75,0.875,0.875,1.875,1.75,0.125,0.125,3.25,1.5,0.625,0.25,2.5,1.625,0.875,0.625,2.125,1.5,6.0,5.375,0.0,0.0,129.75,4,0,1,0,1,2,2,0,0,0,0,2,0,0,190.5,190.5,230.0,0.0,0.0,0.2409374999999999,0.42125,0.4296875,0.0,0.765625,0.0,0.0,0.75,49.203125,13.25,42.078125,9.78125,96.828125,58.796875,76.765625,42.875,1.015625,0.4375,1.34375,0.0,43.265625,8.0625,38.375,7.765625,5.640625,4.890625,0.453125,0.265625,0.296875,0.296875,3.25,1.75,39.734375,5.09375,33.875,5.234375,1.359375,1.109375,2.609375,0.734375,8.109375,7.046875,5.59375,3.8125,0.0,0.0,1244.890625,11,0,2,0,2,4,3,0,0,0,0,1,3,0,185.42,182.88,205.0,29.0,32.0,0,0,0,0,0,0,0,0,1,0,0,0,0,0,0,1,0,0,0,0,1,0,0,0
Red,False,0.0625,0.0,0.7518750000000001,0.258125,0.6975,0.125,0.6875,0.25,0.0,0.0,9.96875,6.59375,18.0625,14.53125,18.71875,14.34375,70.125,63.25,0.84375,0.78125,0.6875,0.25,8.375,5.0,12.53125,9.25,1.59375,1.59375,4.28125,4.03125,0.0,0.0,1.25,1.25,2.375,0.65625,1.71875,0.1875,1.375,0.875,1.34375,1.34375,6.21875,5.0625,15.0,13.0,0.0,0.0,412.96875,6,1,2,0,2,4,2,0,0,0,0,2,2,0,182.88,182.88,265.0,0.0,0.0,0.75,0.77,0.5,0.0,1.0,1.0,0.0,0.0,12.0,9.0,9.0,7.0,20.0,17.0,33.0,27.0,4.0,2.0,0.0,0.0,8.0,6.0,3.0,3.0,2.0,2.0,2.0,2.0,2.0,1.0,4.0,2.0,2.0,1.0,6.0,4.0,6.0,4.0,2.0,2.0,4.0,4.0,1.0,1.0,0.0,0.0,543.0,1,0,0,1,0,0,1,0,0,0,0,0,0,0,180.34,180.34,323.0,29.0,31.0,0,0,0,0,0,0,0,0,1,0,0,0,0,0,0,0,0,0,1,0,1,0,0,0
Red,False,0.0,0.0,0.6,0.3575,0.625,0.25,0.25,0.0,0.25,0.0,10.75,6.25,5.0,3.5,19.0,14.25,13.75,11.75,1.0,0.75,0.75,0.25,8.0,4.25,3.0,1.5,2.0,1.5,1.75,1.75,0.75,0.5,0.25,0.25,1.5,0.0,1.25,0.5,5.0,3.25,1.75,1.25,4.25,3.0,2.0,1.75,0.0,0.0,119.5,3,0,1,0,1,2,1,0,0,0,0,2,0,0,190.5,190.5,230.0,0.0,0.0,0.8625,0.0725,0.825,0.0,1.25,0.0,0.0,0.125,24.5,18.125,1.875,0.5,35.375,27.5,9.625,7.875,1.875,1.375,0.25,0.0,22.75,16.375,1.5,0.25,1.75,1.75,0.25,0.125,0.0,0.0,0.125,0.125,1.375,1.0,1.375,0.125,3.875,2.875,0.5,0.375,19.25,14.25,0.0,0.0,0.0,0.0,202.5,4,1,4,0,4,4,0,0,0,0,0,2,2,0,185.42,190.5,205.0,29.0,31.0,0,0,0,0,0,0,0,0,1,0,0,0,0,0,0,1,0,0,0,0,1,0,0,0
Red,False,0.015625,0.0,0.45,0.4275,0.25,0.2,0.148468017578125,0.098388671875,0.0,0.0,66.5,29.6875,64.31230545043945,27.34375,89.75,48.0,85.53125,44.41152191162109,2.0,0.75,2.0546875,0.75,51.1875,18.3359375,49.6123046875,16.280410766601562,7.5,5.07647705078125,7.5,5.0,4.5,3.625,4.984375,3.9375,48.6875,17.0,47.11572265625,16.5,5.75,3.75,5.3125,3.4375,5.0625,3.5,3.875,2.5,99.2119140625,94.125,638.5,0,0,0,0,0,0,0,0,0,0,0,0,0,0,180.34,180.34,205.0,0.0,0.0,0.45,0.7150000000000001,0.25,0.5,0.5,0.0,0.5,0.0,13.5,6.5,10.0,7.0,28.0,20.5,27.5,23.5,1.0,0.5,0.5,0.5,9.0,3.5,6.0,3.0,3.0,2.0,3.5,3.5,1.5,1.0,0.5,0.5,3.0,0.0,2.5,1.0,8.0,5.5,3.5,2.5,2.5,1.0,4.0,3.5,0.0,0.0,211.0,2,0,1,0,1,1,1,0,0,0,0,1,0,0,190.5,190.5,230.0,29.0,29.0,0,0,0,0,0,0,0,0,1,0,0,0,0,0,0,1,0,0,0,0,1,0,0,0
Red,False,0.015625,0.0,0.45,0.4275,0.25,0.2,0.148468017578125,0.098388671875,0.0,0.0,66.5,29.6875,64.31230545043945,27.34375,89.75,48.0,85.53125,44.41152191162109,2.0,0.75,2.0546875,0.75,51.1875,18.3359375,49.6123046875,16.280410766601562,7.5,5.07647705078125,7.5,5.0,4.5,3.625,4.984375,3.9375,48.6875,17.0,47.11572265625,16.5,5.75,3.75,5.3125,3.4375,5.0625,3.5,3.875,2.5,99.2119140625,94.125,638.5,0,0,0,0,0,0,0,0,0,0,0,0,0,0,190.5,190.5,300.0,0.0,0.0,0.7250000000000001,0.145,0.65,0.0,0.5,0.0,0.0,0.25,42.0,29.25,3.75,1.0,62.75,47.0,19.25,15.75,2.75,1.75,0.5,0.0,38.5,25.75,3.0,0.5,3.5,3.5,0.5,0.25,0.0,0.0,0.25,0.25,1.75,1.0,2.75,0.25,7.75,5.75,1.0,0.75,32.5,22.5,0.0,0.0,0.0,0.0,360.0,3,1,3,0,3,3,0,0,0,0,0,2,1,0,185.42,190.5,205.0,29.0,31.0,0,0,0,0,0,0,0,0,1,0,0,0,0,0,0,1,0,0,0,0,1,0,0,0
Red,False,0.0,0.0,0.0,0.55,0.0,1.0,0.0,0.0,0.0,0.0,3.0,0.0,9.0,5.0,4.0,1.0,24.0,19.0,0.0,0.0,1.0,1.0,3.0,0.0,9.0,5.0,0.0,0.0,0.0,0.0,0.0,0.0,0.0,0.0,3.0,0.0,3.0,0.0,0.0,0.0,0.0,0.0,0.0,0.0,6.0,5.0,0.0,0.0,48.0,1,0,0,1,0,0,1,0,0,0,0,0,0,0,190.5,190.5,225.0,0.125,0.0,0.62375,0.51625,0.395,0.25,0.375,0.5,0.0,0.0,10.9375,5.1875,34.125,29.0625,20.4375,12.6875,135.25,123.5,0.6875,0.5625,1.375,0.5,10.75,5.0,23.0625,18.5,0.1875,0.1875,8.5625,8.0625,0.0,0.0,2.5,2.5,4.75,1.3125,1.4375,0.375,2.75,1.75,2.6875,2.6875,3.4375,2.125,30.0,26.0,0.0,0.0,699.9375,5,1,2,0,2,3,2,0,0,0,0,2,1,0,182.88,182.88,265.0,31.0,29.0,0,0,0,0,0,0,0,0,1,0,0,0,0,0,0,1,0,0,0,0,0,0,0,1
Red,False,0.015625,0.0,0.45,0.4275,0.25,0.2,0.148468017578125,0.098388671875,0.0,0.0,66.5,29.6875,64.31230545043945,27.34375,89.75,48.0,85.53125,44.41152191162109,2.0,0.75,2.0546875,0.75,51.1875,18.3359375,49.6123046875,16.280410766601562,7.5,5.07647705078125,7.5,5.0,4.5,3.625,4.984375,3.9375,48.6875,17.0,47.11572265625,16.5,5.75,3.75,5.3125,3.4375,5.0625,3.5,3.875,2.5,99.2119140625,94.125,638.5,0,0,0,0,0,0,0,0,0,0,0,0,0,0,182.88,182.88,205.0,0.0,0.0,0.445,0.625,0.0,0.75,0.5,1.0,0.5,0.5,8.5,4.0,9.0,6.0,30.5,22.5,15.0,12.0,0.5,0.0,2.5,1.5,5.5,2.0,7.0,4.5,1.0,1.0,1.0,1.0,2.0,1.0,1.0,0.5,3.0,2.0,1.5,0.5,1.0,1.0,3.0,2.0,4.5,1.0,4.5,3.5,0.0,0.0,437.0,2,0,1,0,1,1,1,0,0,0,0,0,1,0,180.34,180.34,199.0,29.0,22.0,0,0,0,0,0,0,0,0,1,0,0,0,0,0,0,1,0,0,0,0,1,0,0,0
Red,False,0.0,0.0,0.4,0.75,0.5,0.0,1.0,0.0,1.0,0.0,5.0,2.0,4.0,3.0,17.0,13.0,7.0,5.0,2.0,1.0,0.0,0.0,5.0,2.0,3.0,2.0,0.0,0.0,0.0,0.0,0.0,0.0,1.0,1.0,0.0,0.0,1.0,1.0,0.0,0.0,0.0,0.0,5.0,2.0,3.0,2.0,0.0,0.0,145.0,1,0,1,0,1,1,0,0,0,0,0,1,0,0,190.5,190.5,230.0,0.03125,0.0,0.6925,0.7262500000000001,0.65625,0.170625,0.0,0.5,0.3125,0.0,24.59375,20.5,17.15625,9.90625,116.4375,107.875,43.5625,31.9375,1.15625,0.65625,2.1875,0.8125,11.90625,8.4375,15.40625,8.21875,12.5,11.875,1.625,1.5625,0.1875,0.1875,0.125,0.125,2.6875,0.5625,2.09375,1.28125,2.6875,1.8125,2.3125,1.625,19.21875,18.125,12.75,7.0,0.0,0.0,565.375,6,2,4,0,4,5,1,0,0,0,0,4,0,1,185.42,185.42,219.0,29.0,30.0,0,0,0,0,0,0,0,0,1,0,0,0,0,0,0,1,0,0,0,0,1,0,0,0
Red,False,0.0,0.0,0.7275,0.615,0.0,0.875,0.0,0.5,0.25,0.0,3.25,2.25,3.0,2.0,9.0,6.25,4.5,2.75,0.0,0.0,1.25,1.0,2.25,1.5,2.0,1.25,0.25,0.0,1.0,0.75,0.75,0.75,0.0,0.0,1.75,1.5,1.25,0.5,0.25,0.0,1.25,1.0,1.25,0.75,0.5,0.5,0.0,0.0,64.0,3,0,0,1,2,2,1,0,0,0,0,1,0,1,182.88,182.88,190.0,0.0625,0.0,0.425,0.4525,0.3125,0.34125,0.0,1.0,0.625,0.0,21.1875,14.0,32.3125,17.8125,41.875,33.75,61.125,41.875,1.3125,0.3125,4.375,1.625,15.8125,8.875,29.8125,15.4375,5.0,4.75,2.25,2.125,0.375,0.375,0.25,0.25,5.375,1.125,3.1875,1.5625,5.375,3.625,3.625,2.25,10.4375,9.25,25.5,14.0,0.0,0.0,509.75,5,2,4,0,4,4,1,0,0,0,0,3,0,1,185.42,185.42,219.0,29.0,30.0,0,0,0,0,0,0,0,0,1,0,0,0,0,0,0,1,0,0,0,0,1,0,0,0
Red,False,0.015625,0.0,0.45,0.4275,0.25,0.2,0.148468017578125,0.098388671875,0.0,0.0,66.5,29.6875,64.31230545043945,27.34375,89.75,48.0,85.53125,44.41152191162109,2.0,0.75,2.0546875,0.75,51.1875,18.3359375,49.6123046875,16.280410766601562,7.5,5.07647705078125,7.5,5.0,4.5,3.625,4.984375,3.9375,48.6875,17.0,47.11572265625,16.5,5.75,3.75,5.3125,3.4375,5.0625,3.5,3.875,2.5,99.2119140625,94.125,638.5,0,0,0,0,0,0,0,0,0,0,0,0,0,0,193.04,193.04,230.0,0.0,0.0,0.6200000000000001,0.29,0.8,0.0,1.0,0.0,0.0,0.5,54.0,33.5,6.5,2.0,87.5,61.0,17.5,12.5,3.5,2.5,1.0,0.0,52.0,31.5,5.0,1.0,2.0,2.0,1.0,0.5,0.0,0.0,0.5,0.5,3.5,2.0,4.5,0.5,15.5,11.5,2.0,1.5,35.0,20.0,0.0,0.0,0.0,0.0,557.0,2,1,2,0,2,2,0,0,0,0,0,1,1,0,185.42,190.5,205.0,29.0,31.0,0,0,0,0,0,0,0,0,1,0,0,0,0,0,0,1,0,0,0,0,1,0,0,0
Red,True,0.125,0.0,0.69,0.345,0.625,0.0825,0.0,0.0,0.25,0.0,36.375,27.0,4.625,1.625,61.75,50.5,17.25,12.75,0.625,0.625,3.75,0.25,25.625,16.75,3.625,0.875,10.0,9.5,0.5,0.25,0.75,0.75,0.5,0.5,4.75,1.25,2.375,1.125,10.75,7.25,2.25,0.5,20.875,18.5,0.0,0.0,0.0,0.0,325.5,4,1,4,0,4,4,0,0,0,0,0,3,0,1,185.42,185.42,219.0,0.0,0.0,0.68,0.42,1.0,0.0,0.0,0.0,0.0,0.0,48.0,33.0,7.0,3.0,70.0,51.0,13.0,8.0,2.0,2.0,0.0,0.0,48.0,33.0,4.0,1.0,0.0,0.0,2.0,1.0,0.0,0.0,1.0,1.0,3.0,2.0,3.0,0.0,26.0,19.0,4.0,3.0,19.0,12.0,0.0,0.0,0.0,0.0,420.0,1,0,1,0,1,1,0,0,0,0,0,0,1,0,185.42,190.5,205.0,30.0,31.0,0,1,0,0,0,0,0,0,0,0,0,0,0,0,0,1,0,0,0,0,1,0,0,0
Red,False,0.0,0.0,0.6125,0.50125,0.16625,0.25,0.0625,0.0,0.5625,0.1875,5.625,3.6875,13.875,6.0625,7.125,4.9375,35.375,27.0,0.5,0.25,1.375,0.75,5.125,3.3125,11.5,4.4375,0.25,0.125,1.25,0.75,0.25,0.25,1.125,0.875,2.9375,1.25,1.25,0.5,0.375,0.25,4.875,3.375,2.3125,2.1875,7.75,2.1875,0.0,0.0,262.25,5,1,2,0,2,3,2,0,0,0,0,3,0,0,190.5,190.5,249.0,0.0471682548522949,0.0,0.45,0.4217682266235352,0.25,0.19173828125,0.1875,0.125,0.0,0.0,69.5,30.5,66.984375,27.8466796875,94.0,48.544921875,88.50390625,44.75,2.0,0.8125,2.015625,0.6640625,54.0,19.01513671875,51.483436584472656,16.9437255859375,7.91796875,5.430633544921875,7.75,5.0625,4.780975341796875,3.9373779296875,4.8994140625,3.84375,51.025390625,18.400863647460938,50.515625,17.5,5.75,3.75,5.5,3.5,5.375,3.6875,4.0,2.65625,104.865234375,89.5,655.8441009521484,0,0,0,0,0,0,0,0,0,0,0,0,0,0,185.42,190.5,205.0,30.0,31.0,0,0,0,0,0,0,0,0,1,0,0,0,0,0,0,1,0,0,0,0,1,0,0,0
Red,False,0.015625,0.0,0.45,0.4275,0.25,0.2,0.148468017578125,0.098388671875,0.0,0.0,66.5,29.6875,64.31230545043945,27.34375,89.75,48.0,85.53125,44.41152191162109,2.0,0.75,2.0546875,0.75,51.1875,18.3359375,49.6123046875,16.280410766601562,7.5,5.07647705078125,7.5,5.0,4.5,3.625,4.984375,3.9375,48.6875,17.0,47.11572265625,16.5,5.75,3.75,5.3125,3.4375,5.0625,3.5,3.875,2.5,99.2119140625,94.125,638.5,0,0,0,0,0,0,0,0,0,0,0,0,0,0,175.26,175.26,235.0,0.0,0.0,0.395,0.2925,0.3325,0.5,0.125,0.0,0.125,0.375,5.25,2.375,20.75,7.125,7.25,3.875,60.75,46.0,1.0,0.5,1.75,1.5,4.25,1.625,19.0,5.875,0.5,0.25,0.5,0.5,0.5,0.5,1.25,0.75,2.875,0.5,2.5,1.0,0.75,0.5,2.75,1.75,1.625,1.375,15.5,4.375,0.0,0.0,436.5,4,1,2,0,2,2,2,0,0,0,0,2,0,0,190.5,190.5,249.0,29.0,30.0,0,0,0,0,0,0,0,0,1,0,0,0,0,0,0,1,0,0,0,0,1,0,0,0
Red,False,0.015625,0.0,0.45,0.4275,0.25,0.2,0.148468017578125,0.098388671875,0.0,0.0,66.5,29.6875,64.31230545043945,27.34375,89.75,48.0,85.53125,44.41152191162109,2.0,0.75,2.0546875,0.75,51.1875,18.3359375,49.6123046875,16.280410766601562,7.5,5.07647705078125,7.5,5.0,4.5,3.625,4.984375,3.9375,48.6875,17.0,47.11572265625,16.5,5.75,3.75,5.3125,3.4375,5.0625,3.5,3.875,2.5,99.2119140625,94.125,638.5,0,0,0,0,0,0,0,0,0,0,0,0,0,0,193.04,193.04,235.0,0.0471682548522949,0.0,0.45,0.4217682266235352,0.25,0.19173828125,0.1875,0.125,0.0,0.0,69.5,30.5,66.984375,27.8466796875,94.0,48.544921875,88.50390625,44.75,2.0,0.8125,2.015625,0.6640625,54.0,19.01513671875,51.483436584472656,16.9437255859375,7.91796875,5.430633544921875,7.75,5.0625,4.780975341796875,3.9373779296875,4.8994140625,3.84375,51.025390625,18.400863647460938,50.515625,17.5,5.75,3.75,5.5,3.5,5.375,3.6875,4.0,2.65625,104.865234375,89.5,655.8441009521484,0,0,0,0,0,0,0,0,0,0,0,0,0,0,190.5,190.5,230.0,29.0,29.0,0,0,0,0,0,0,0,0,1,0,0,0,0,0,0,1,0,0,0,0,1,0,0,0
Red,False,0.015625,0.0,0.45,0.4275,0.25,0.2,0.148468017578125,0.098388671875,0.0,0.0,66.5,29.6875,64.31230545043945,27.34375,89.75,48.0,85.53125,44.41152191162109,2.0,0.75,2.0546875,0.75,51.1875,18.3359375,49.6123046875,16.280410766601562,7.5,5.07647705078125,7.5,5.0,4.5,3.625,4.984375,3.9375,48.6875,17.0,47.11572265625,16.5,5.75,3.75,5.3125,3.4375,5.0625,3.5,3.875,2.5,99.2119140625,94.125,638.5,0,0,0,0,0,0,0,0,0,0,0,0,0,0,175.26,175.26,200.0,0.0471682548522949,0.0,0.45,0.4217682266235352,0.25,0.19173828125,0.1875,0.125,0.0,0.0,69.5,30.5,66.984375,27.8466796875,94.0,48.544921875,88.50390625,44.75,2.0,0.8125,2.015625,0.6640625,54.0,19.01513671875,51.483436584472656,16.9437255859375,7.91796875,5.430633544921875,7.75,5.0625,4.780975341796875,3.9373779296875,4.8994140625,3.84375,51.025390625,18.400863647460938,50.515625,17.5,5.75,3.75,5.5,3.5,5.375,3.6875,4.0,2.65625,104.865234375,89.5,655.8441009521484,0,0,0,0,0,0,0,0,0,0,0,0,0,0,185.42,185.42,200.0,29.0,29.0,0,0,0,0,0,0,0,0,1,0,0,0,0,0,0,1,0,0,0,0,1,0,0,0
Red,False,0.0,0.0,0.2618749999999999,0.6325000000000001,0.859375,0.0,1.53125,0.0,0.0,0.5,17.40625,8.5,9.15625,3.5625,71.65625,58.59375,59.53125,53.75,1.03125,0.875,0.6875,0.0,15.53125,7.125,6.75,2.53125,1.28125,0.78125,0.90625,0.53125,0.59375,0.59375,1.5,0.5,8.46875,2.1875,5.75,1.46875,1.71875,1.21875,1.21875,0.46875,7.21875,5.09375,2.1875,1.625,0.0,0.0,689.78125,8,0,2,0,2,4,2,0,0,0,0,1,3,0,185.42,182.88,205.0,0.0,0.0,0.6073828125,0.4883203125,0.436328125,0.0,0.29296875,0.38671875,0.0,0.0,52.79296875,34.859375,10.919921875,3.837890625,197.59765625,167.26171875,20.876953125,12.75390625,1.2578125,0.689453125,0.3125,0.0,40.16796875,22.765625,9.19921875,2.6328125,9.78125,9.25,0.828125,0.326171875,2.84375,2.84375,0.892578125,0.87890625,15.0625,1.8125,8.689453125,2.201171875,2.625,2.59375,1.724609375,1.130859375,35.10546875,30.453125,0.505859375,0.505859375,0.0,0.0,1020.513671875,11,3,2,0,3,8,2,0,0,0,2,0,5,1,187.96,187.96,250.0,32.0,37.0,0,1,0,0,0,0,0,0,0,0,0,0,0,0,0,1,0,0,0,0,0,0,1,0
Red,False,0.015625,0.0,0.45,0.4275,0.25,0.2,0.148468017578125,0.098388671875,0.0,0.0,66.5,29.6875,64.31230545043945,27.34375,89.75,48.0,85.53125,44.41152191162109,2.0,0.75,2.0546875,0.75,51.1875,18.3359375,49.6123046875,16.280410766601562,7.5,5.07647705078125,7.5,5.0,4.5,3.625,4.984375,3.9375,48.6875,17.0,47.11572265625,16.5,5.75,3.75,5.3125,3.4375,5.0625,3.5,3.875,2.5,99.2119140625,94.125,638.5,0,0,0,0,0,0,0,0,0,0,0,0,0,0,180.34,180.34,230.0,0.0471682548522949,0.0,0.45,0.4217682266235352,0.25,0.19173828125,0.1875,0.125,0.0,0.0,69.5,30.5,66.984375,27.8466796875,94.0,48.544921875,88.50390625,44.75,2.0,0.8125,2.015625,0.6640625,54.0,19.01513671875,51.483436584472656,16.9437255859375,7.91796875,5.430633544921875,7.75,5.0625,4.780975341796875,3.9373779296875,4.8994140625,3.84375,51.025390625,18.400863647460938,50.515625,17.5,5.75,3.75,5.5,3.5,5.375,3.6875,4.0,2.65625,104.865234375,89.5,655.8441009521484,0,0,0,0,0,0,0,0,0,0,0,0,0,0,182.88,182.88,240.0,29.0,29.0,0,0,0,0,0,0,0,0,1,0,0,0,0,0,0,1,0,0,0,0,1,0,0,0
Red,False,0.015625,0.0,0.45,0.4275,0.25,0.2,0.148468017578125,0.098388671875,0.0,0.0,66.5,29.6875,64.31230545043945,27.34375,89.75,48.0,85.53125,44.41152191162109,2.0,0.75,2.0546875,0.75,51.1875,18.3359375,49.6123046875,16.280410766601562,7.5,5.07647705078125,7.5,5.0,4.5,3.625,4.984375,3.9375,48.6875,17.0,47.11572265625,16.5,5.75,3.75,5.3125,3.4375,5.0625,3.5,3.875,2.5,99.2119140625,94.125,638.5,0,0,0,0,0,0,0,0,0,0,0,0,0,0,175.26,175.26,185.0,0.25,0.0,0.61,0.29,0.25,0.165,0.0,0.0,0.5,0.0,13.75,8.0,4.25,1.25,25.5,19.0,4.5,1.5,0.25,0.25,1.5,0.5,12.25,6.5,3.25,0.75,0.0,0.0,1.0,0.5,1.5,1.5,0.0,0.0,4.5,1.5,2.75,0.25,5.5,3.5,1.5,1.0,3.75,3.0,0.0,0.0,0.0,0.0,81.0,3,1,3,0,3,3,0,0,0,0,0,2,0,1,185.42,185.42,219.0,29.0,30.0,0,0,0,0,0,0,0,0,1,0,0,0,0,0,0,1,0,0,0,0,1,0,0,0
Red,False,0.015625,0.0,0.45,0.4275,0.25,0.2,0.148468017578125,0.098388671875,0.0,0.0,66.5,29.6875,64.31230545043945,27.34375,89.75,48.0,85.53125,44.41152191162109,2.0,0.75,2.0546875,0.75,51.1875,18.3359375,49.6123046875,16.280410766601562,7.5,5.07647705078125,7.5,5.0,4.5,3.625,4.984375,3.9375,48.6875,17.0,47.11572265625,16.5,5.75,3.75,5.3125,3.4375,5.0625,3.5,3.875,2.5,99.2119140625,94.125,638.5,0,0,0,0,0,0,0,0,0,0,0,0,0,0,200.66,200.66,350.0,0.0,0.0,0.455,0.73,0.0,0.75,0.0,1.0,0.5,0.0,3.5,1.5,4.0,3.0,14.0,8.5,7.0,4.5,0.0,0.0,1.5,1.0,2.5,1.0,2.0,1.5,0.5,0.0,2.0,1.5,0.5,0.5,0.0,0.0,1.5,1.0,1.5,1.0,0.5,0.0,1.5,1.0,1.5,0.5,1.0,1.0,0.0,0.0,81.0,2,0,0,1,1,1,1,0,0,0,0,1,0,0,182.88,182.88,190.0,32.0,29.0,0,0,0,0,0,0,0,0,1,0,0,0,0,0,0,0,0,1,0,0,1,0,0,0
Red,False,0.015625,0.0,0.45,0.4275,0.25,0.2,0.148468017578125,0.098388671875,0.0,0.0,66.5,29.6875,64.31230545043945,27.34375,89.75,48.0,85.53125,44.41152191162109,2.0,0.75,2.0546875,0.75,51.1875,18.3359375,49.6123046875,16.280410766601562,7.5,5.07647705078125,7.5,5.0,4.5,3.625,4.984375,3.9375,48.6875,17.0,47.11572265625,16.5,5.75,3.75,5.3125,3.4375,5.0625,3.5,3.875,2.5,99.2119140625,94.125,638.5,0,0,0,0,0,0,0,0,0,0,0,0,0,0,195.58,195.58,250.0,0.0,1.0,0.27,0.36,0.0,0.0,0.0,0.0,0.0,0.0,33.0,9.0,22.0,8.0,35.0,11.0,27.0,12.0,1.0,0.0,0.0,0.0,30.0,9.0,19.0,7.0,3.0,0.0,2.0,1.0,0.0,0.0,1.0,0.0,13.0,5.0,12.0,3.0,20.0,4.0,10.0,5.0,0.0,0.0,0.0,0.0,0.0,0.0,62.0,1,0,0,1,0,0,1,0,0,0,0,0,0,0,180.34,180.34,230.0,29.0,29.0,0,0,0,0,0,0,0,0,1,0,0,0,0,0,0,1,0,0,0,0,1,0,0,0
Red,False,0.015625,0.0,0.45,0.4275,0.25,0.2,0.148468017578125,0.098388671875,0.0,0.0,66.5,29.6875,64.31230545043945,27.34375,89.75,48.0,85.53125,44.41152191162109,2.0,0.75,2.0546875,0.75,51.1875,18.3359375,49.6123046875,16.280410766601562,7.5,5.07647705078125,7.5,5.0,4.5,3.625,4.984375,3.9375,48.6875,17.0,47.11572265625,16.5,5.75,3.75,5.3125,3.4375,5.0625,3.5,3.875,2.5,99.2119140625,94.125,638.5,0,0,0,0,0,0,0,0,0,0,0,0,0,0,187.96,187.96,230.0,0.0471682548522949,0.0,0.45,0.4217682266235352,0.25,0.19173828125,0.1875,0.125,0.0,0.0,69.5,30.5,66.984375,27.8466796875,94.0,48.544921875,88.50390625,44.75,2.0,0.8125,2.015625,0.6640625,54.0,19.01513671875,51.483436584472656,16.9437255859375,7.91796875,5.430633544921875,7.75,5.0625,4.780975341796875,3.9373779296875,4.8994140625,3.84375,51.025390625,18.400863647460938,50.515625,17.5,5.75,3.75,5.5,3.5,5.375,3.6875,4.0,2.65625,104.865234375,89.5,655.8441009521484,0,0,0,0,0,0,0,0,0,0,0,0,0,0,203.2,203.2,245.0,24.0,29.0,0,0,0,0,0,0,0,0,1,0,0,0,0,0,0,0,0,1,0,0,1,0,0,0
Red,False,0.0,0.0,0.54,0.3149999999999999,0.665,0.0,0.25,0.0,0.25,0.75,6.5,3.75,12.5,6.25,7.5,4.75,25.5,18.0,2.0,1.0,0.5,0.0,5.5,3.25,11.0,4.75,1.0,0.5,0.0,0.0,0.0,0.0,1.5,1.5,1.75,0.0,3.0,1.0,1.5,1.0,5.5,3.5,3.25,2.75,4.0,1.75,0.0,0.0,153.0,3,1,2,0,2,2,1,0,0,0,0,2,0,0,190.5,190.5,249.0,0.0471682548522949,0.0,0.45,0.4217682266235352,0.25,0.19173828125,0.1875,0.125,0.0,0.0,69.5,30.5,66.984375,27.8466796875,94.0,48.544921875,88.50390625,44.75,2.0,0.8125,2.015625,0.6640625,54.0,19.01513671875,51.483436584472656,16.9437255859375,7.91796875,5.430633544921875,7.75,5.0625,4.780975341796875,3.9373779296875,4.8994140625,3.84375,51.025390625,18.400863647460938,50.515625,17.5,5.75,3.75,5.5,3.5,5.375,3.6875,4.0,2.65625,104.865234375,89.5,655.8441009521484,0,0,0,0,0,0,0,0,0,0,0,0,0,0,175.26,175.26,200.0,30.0,29.0,0,0,0,0,0,0,0,0,1,0,0,0,0,0,0,1,0,0,0,0,1,0,0,0
Red,False,0.015625,0.0,0.45,0.4275,0.25,0.2,0.148468017578125,0.098388671875,0.0,0.0,66.5,29.6875,64.31230545043945,27.34375,89.75,48.0,85.53125,44.41152191162109,2.0,0.75,2.0546875,0.75,51.1875,18.3359375,49.6123046875,16.280410766601562,7.5,5.07647705078125,7.5,5.0,4.5,3.625,4.984375,3.9375,48.6875,17.0,47.11572265625,16.5,5.75,3.75,5.3125,3.4375,5.0625,3.5,3.875,2.5,99.2119140625,94.125,638.5,0,0,0,0,0,0,0,0,0,0,0,0,0,0,180.34,180.34,195.0,0.03125,0.25,0.775625,0.2078125,0.1875,0.53125,0.375,1.0,0.0,0.0,9.4375,3.90625,16.875,9.09375,22.65625,14.875,23.4375,14.65625,0.1875,0.1875,0.5625,0.53125,6.0625,1.59375,8.0,3.0,0.59375,0.5625,0.1875,0.03125,2.78125,1.75,8.6875,6.0625,7.71875,2.34375,12.9375,7.0625,1.09375,0.9375,1.5625,0.625,0.625,0.625,2.375,1.40625,0.0,0.0,247.15625,6,1,1,0,2,3,3,0,0,0,0,2,1,0,203.2,203.2,300.0,29.0,29.0,0,0,0,0,0,0,0,0,1,0,0,0,0,0,0,0,0,1,0,0,1,0,0,0
Red,True,0.0,0.0,0.75,0.06,1.0,0.0,0.5,0.0,0.5,0.5,7.0,5.5,4.0,0.5,9.0,7.5,14.0,9.0,1.0,1.0,1.0,0.0,7.0,5.5,4.0,0.5,0.0,0.0,0.0,0.0,0.0,0.0,0.0,0.0,0.5,0.0,0.0,0.0,0.0,0.0,0.0,0.0,6.5,5.5,4.0,0.5,0.0,0.0,172.0,2,0,2,0,2,2,0,0,0,0,0,2,0,0,190.5,190.5,249.0,0.5,0.0,0.65,0.25,0.5,0.0,0.0,0.0,0.0,0.0,6.5,4.0,2.5,0.5,14.0,11.0,3.0,1.0,0.5,0.5,0.0,0.0,6.5,4.0,2.5,0.5,0.0,0.0,0.0,0.0,0.0,0.0,0.0,0.0,3.0,1.0,2.5,0.5,0.0,0.0,0.0,0.0,3.5,3.0,0.0,0.0,0.0,0.0,28.0,2,0,2,0,2,2,0,0,0,0,0,1,0,1,185.42,185.42,219.0,30.0,30.0,0,1,0,0,0,0,0,0,0,0,0,0,0,0,0,1,0,0,0,0,1,0,0,0
Red,False,0.0,0.0,0.77,0.75,0.0,0.5,1.0,1.0,0.0,0.0,9.0,7.0,12.0,9.0,33.0,27.0,20.0,17.0,0.0,0.0,4.0,2.0,3.0,3.0,8.0,6.0,2.0,2.0,2.0,2.0,4.0,2.0,2.0,1.0,6.0,4.0,2.0,1.0,2.0,2.0,6.0,4.0,1.0,1.0,4.0,4.0,0.0,0.0,543.0,1,0,1,0,1,1,0,0,0,0,0,0,1,0,180.34,180.34,199.0,0.0,0.0,1.0,0.0,1.0,0.0,0.0,0.0,0.0,0.0,8.0,8.0,0.0,0.0,8.0,8.0,0.0,0.0,1.0,1.0,1.0,0.0,8.0,8.0,0.0,0.0,0.0,0.0,0.0,0.0,0.0,0.0,0.0,0.0,0.0,0.0,0.0,0.0,0.0,0.0,0.0,0.0,8.0,8.0,0.0,0.0,0.0,0.0,13.0,1,0,1,0,1,1,0,0,0,0,0,1,0,0,190.5,190.5,249.0,22.0,30.0,0,0,0,0,0,0,0,0,1,0,0,0,0,0,0,1,0,0,0,0,1,0,0,0
Red,False,0.015625,0.0,0.45,0.4275,0.25,0.2,0.148468017578125,0.098388671875,0.0,0.0,66.5,29.6875,64.31230545043945,27.34375,89.75,48.0,85.53125,44.41152191162109,2.0,0.75,2.0546875,0.75,51.1875,18.3359375,49.6123046875,16.280410766601562,7.5,5.07647705078125,7.5,5.0,4.5,3.625,4.984375,3.9375,48.6875,17.0,47.11572265625,16.5,5.75,3.75,5.3125,3.4375,5.0625,3.5,3.875,2.5,99.2119140625,94.125,638.5,0,0,0,0,0,0,0,0,0,0,0,0,0,0,180.34,180.34,323.0,0.0471682548522949,0.0,0.45,0.4217682266235352,0.25,0.19173828125,0.1875,0.125,0.0,0.0,69.5,30.5,66.984375,27.8466796875,94.0,48.544921875,88.50390625,44.75,2.0,0.8125,2.015625,0.6640625,54.0,19.01513671875,51.483436584472656,16.9437255859375,7.91796875,5.430633544921875,7.75,5.0625,4.780975341796875,3.9373779296875,4.8994140625,3.84375,51.025390625,18.400863647460938,50.515625,17.5,5.75,3.75,5.5,3.5,5.375,3.6875,4.0,2.65625,104.865234375,89.5,655.8441009521484,0,0,0,0,0,0,0,0,0,0,0,0,0,0,180.34,180.34,199.0,30.0,22.0,0,0,0,0,0,0,0,0,1,0,0,0,0,0,0,1,0,0,0,0,1,0,0,0
Red,False,0.015625,0.0,0.45,0.4275,0.25,0.2,0.148468017578125,0.098388671875,0.0,0.0,66.5,29.6875,64.31230545043945,27.34375,89.75,48.0,85.53125,44.41152191162109,2.0,0.75,2.0546875,0.75,51.1875,18.3359375,49.6123046875,16.280410766601562,7.5,5.07647705078125,7.5,5.0,4.5,3.625,4.984375,3.9375,48.6875,17.0,47.11572265625,16.5,5.75,3.75,5.3125,3.4375,5.0625,3.5,3.875,2.5,99.2119140625,94.125,638.5,0,0,0,0,0,0,0,0,0,0,0,0,0,0,190.5,190.5,225.0,1.0,0.0,0.75,0.5,0.0,0.0,0.0,0.0,0.0,0.0,4.0,3.0,2.0,1.0,4.0,3.0,2.0,1.0,0.0,0.0,0.0,0.0,4.0,3.0,2.0,1.0,0.0,0.0,0.0,0.0,0.0,0.0,0.0,0.0,3.0,2.0,2.0,1.0,0.0,0.0,0.0,0.0,1.0,1.0,0.0,0.0,0.0,0.0,8.0,1,0,1,0,1,1,0,0,0,0,0,1,0,0,185.42,185.42,219.0,30.0,30.0,0,0,0,0,0,0,0,0,1,0,0,0,0,0,0,1,0,0,0,0,1,0,0,0
Red,False,0.015625,0.0,0.45,0.4275,0.25,0.2,0.148468017578125,0.098388671875,0.0,0.0,66.5,29.6875,64.31230545043945,27.34375,89.75,48.0,85.53125,44.41152191162109,2.0,0.75,2.0546875,0.75,51.1875,18.3359375,49.6123046875,16.280410766601562,7.5,5.07647705078125,7.5,5.0,4.5,3.625,4.984375,3.9375,48.6875,17.0,47.11572265625,16.5,5.75,3.75,5.3125,3.4375,5.0625,3.5,3.875,2.5,99.2119140625,94.125,638.5,0,0,0,0,0,0,0,0,0,0,0,0,0,0,177.8,177.8,185.0,0.0471682548522949,0.0,0.45,0.4217682266235352,0.25,0.19173828125,0.1875,0.125,0.0,0.0,69.5,30.5,66.984375,27.8466796875,94.0,48.544921875,88.50390625,44.75,2.0,0.8125,2.015625,0.6640625,54.0,19.01513671875,51.483436584472656,16.9437255859375,7.91796875,5.430633544921875,7.75,5.0625,4.780975341796875,3.9373779296875,4.8994140625,3.84375,51.025390625,18.400863647460938,50.515625,17.5,5.75,3.75,5.5,3.5,5.375,3.6875,4.0,2.65625,104.865234375,89.5,655.8441009521484,0,0,0,0,0,0,0,0,0,0,0,0,0,0,190.5,190.5,249.0,29.0,30.0,0,0,0,0,0,0,0,0,1,0,0,0,0,0,0,1,0,0,0,0,1,0,0,0
Red,False,0.0,0.0,0.66,0.33,1.0,0.0,0.0,1.0,1.0,1.0,9.0,6.0,6.0,2.0,10.0,6.0,21.0,17.0,1.0,1.0,2.0,0.0,6.0,3.0,1.0,1.0,2.0,2.0,2.0,0.0,1.0,1.0,3.0,1.0,1.0,0.0,0.0,0.0,3.0,3.0,6.0,2.0,5.0,3.0,0.0,0.0,0.0,0.0,280.0,1,0,0,1,0,0,1,0,0,0,0,0,0,0,190.5,190.5,235.0,0.0,0.0,0.5237499999999999,0.4649999999999999,0.71875,0.0,1.0625,0.0,0.0,0.0,33.8125,17.0,13.3125,3.125,129.3125,104.1875,113.0625,102.5,1.0625,0.75,1.375,0.0,30.0625,14.25,9.5,2.0625,2.5625,1.5625,0.8125,0.0625,1.1875,1.1875,3.0,1.0,15.9375,4.375,10.5,1.9375,3.4375,2.4375,2.4375,0.9375,14.4375,10.1875,0.375,0.25,0.0,0.0,1115.5625,7,0,2,0,2,3,2,0,0,0,0,1,2,0,185.42,182.88,205.0,28.0,32.0,0,1,0,0,0,0,0,0,0,0,0,0,0,0,0,1,0,0,0,0,1,0,0,0
Red,False,0.015625,0.0,0.45,0.4275,0.25,0.2,0.148468017578125,0.098388671875,0.0,0.0,66.5,29.6875,64.31230545043945,27.34375,89.75,48.0,85.53125,44.41152191162109,2.0,0.75,2.0546875,0.75,51.1875,18.3359375,49.6123046875,16.280410766601562,7.5,5.07647705078125,7.5,5.0,4.5,3.625,4.984375,3.9375,48.6875,17.0,47.11572265625,16.5,5.75,3.75,5.3125,3.4375,5.0625,3.5,3.875,2.5,99.2119140625,94.125,638.5,0,0,0,0,0,0,0,0,0,0,0,0,0,0,185.42,185.42,410.0,0.0471682548522949,0.0,0.45,0.4217682266235352,0.25,0.19173828125,0.1875,0.125,0.0,0.0,69.5,30.5,66.984375,27.8466796875,94.0,48.544921875,88.50390625,44.75,2.0,0.8125,2.015625,0.6640625,54.0,19.01513671875,51.483436584472656,16.9437255859375,7.91796875,5.430633544921875,7.75,5.0625,4.780975341796875,3.9373779296875,4.8994140625,3.84375,51.025390625,18.400863647460938,50.515625,17.5,5.75,3.75,5.5,3.5,5.375,3.6875,4.0,2.65625,104.865234375,89.5,655.8441009521484,0,0,0,0,0,0,0,0,0,0,0,0,0,0,185.42,185.42,219.0,29.0,30.0,0,0,0,0,0,0,0,0,1,0,0,0,0,0,0,0,1,0,0,0,1,0,0,0
Red,False,0.25,0.0,0.7475,0.1625,0.79,0.0,0.75,1.0,0.0,0.0,15.875,7.375,3.25,1.125,24.875,14.375,17.5,14.0,1.375,1.125,0.75,0.0,15.5,7.0,3.125,1.0,0.375,0.375,0.125,0.125,0.0,0.0,0.0,0.0,7.5,2.625,2.875,0.75,2.5,1.5,0.375,0.375,5.875,3.25,0.0,0.0,0.0,0.0,319.875,4,1,2,0,2,3,1,0,0,0,0,2,1,0,182.88,182.88,265.0,0.0,0.0,0.3447656249999999,0.476640625,0.37265625,0.0,0.5859375,0.7734375,0.0,0.0,40.5859375,12.71875,15.83984375,4.67578125,142.1953125,101.5234375,25.75390625,14.5078125,0.515625,0.37890625,0.625,0.0,37.3359375,9.53125,12.3984375,2.265625,2.5625,2.5,1.65625,0.65234375,0.6875,0.6875,1.78515625,1.7578125,30.125,3.625,15.37890625,4.40234375,0.25,0.1875,0.44921875,0.26171875,10.2109375,8.90625,0.01171875,0.01171875,0.0,0.0,961.02734375,10,3,2,0,3,7,2,0,0,0,1,0,5,1,187.96,187.96,250.0,29.0,37.0,0,0,0,0,0,0,0,0,1,0,0,0,0,0,0,0,0,0,1,0,0,0,1,0
Red,False,0.25,0.0,0.68375,0.37625,0.375,0.125,1.125,0.625,0.125,0.125,20.75,12.375,10.875,4.0,31.0,20.625,20.375,11.375,1.125,0.625,0.125,0.125,10.625,5.0,6.25,1.0,0.25,0.25,1.0,1.0,9.875,7.125,3.625,2.0,14.125,7.875,9.0,2.25,0.875,0.625,1.0,1.0,5.75,3.875,0.875,0.75,0.0,0.0,397.5,4,1,4,0,4,4,0,0,0,0,0,1,3,0,185.42,185.42,210.0,0.0,0.0,0.17,0.353125,0.0,0.2159375,1.2109375,0.15625,0.0234375,0.0,17.9375,4.625,50.453125,17.0546875,42.03125,28.5625,171.1796875,123.8828125,0.9140625,0.0,0.3046875,0.2578125,14.3125,2.5,46.546875,13.3984375,1.625,0.5,3.03125,2.78125,2.0,1.625,0.875,0.875,17.28125,4.46875,34.984375,4.75,0.65625,0.15625,1.90625,1.09375,0.0,0.0,13.5625,11.2109375,0.0,0.0,1206.390625,10,2,0,1,4,5,3,0,0,0,0,0,5,0,182.88,182.88,210.0,34.0,28.0,0,0,0,0,0,0,0,0,1,0,0,0,0,0,0,1,0,0,0,0,1,0,0,0
Red,False,0.25,0.0,0.4625,0.285,0.0,0.25,0.25,1.75,0.0,0.0,22.5,12.5,12.75,5.75,25.0,15.0,32.25,24.5,0.0,0.0,1.5,0.25,18.5,9.0,8.75,3.75,0.75,0.5,2.5,1.5,3.25,3.0,1.5,0.5,5.25,2.5,5.5,1.0,2.75,1.5,6.5,4.5,14.5,8.5,0.75,0.25,0.0,0.0,236.75,3,0,2,0,2,2,1,0,0,0,0,1,1,0,180.34,180.34,200.0,0.5,0.0,0.6675,0.5025000000000001,0.25,0.25,1.25,1.25,0.25,0.25,31.5,17.75,17.75,7.0,47.0,30.25,36.75,21.75,0.25,0.25,0.25,0.25,13.25,5.0,10.5,2.0,0.5,0.5,2.0,2.0,17.75,12.25,5.25,3.0,25.25,13.75,14.0,3.5,1.75,1.25,2.0,2.0,4.5,2.75,1.75,1.5,0.0,0.0,636.0,3,1,3,0,3,3,0,0,0,0,0,1,2,0,185.42,185.42,210.0,29.0,34.0,0,0,0,0,0,0,0,0,1,0,0,0,0,0,0,0,1,0,0,0,1,0,0,0
Red,False,0.0,0.0,0.43,0.29,0.8300000000000001,0.0,0.5,0.5,0.0,0.0,25.5,9.5,5.0,1.5,41.5,18.0,33.0,25.5,2.0,1.5,0.0,0.0,23.5,9.5,5.0,1.5,1.0,0.0,0.0,0.0,1.0,0.0,0.0,0.0,4.0,0.5,3.5,0.5,0.0,0.0,1.0,1.0,21.5,9.0,0.5,0.0,0.0,0.0,187.0,2,1,2,0,2,2,0,0,0,0,0,1,1,0,177.8,177.8,215.0,0.5,0.0,0.495,0.325,0.5800000000000001,0.0,0.5,2.0,0.0,0.0,30.75,13.75,5.5,2.25,44.75,25.75,33.0,27.0,1.75,1.25,1.5,0.0,30.0,13.0,5.25,2.0,0.75,0.75,0.25,0.25,0.0,0.0,0.0,0.0,14.0,4.25,4.75,1.5,5.0,3.0,0.75,0.75,11.75,6.5,0.0,0.0,0.0,0.0,565.75,3,1,2,0,2,2,1,0,0,0,0,2,0,0,182.88,182.88,265.0,29.0,29.0,0,0,0,0,0,0,0,0,1,0,0,0,0,0,0,1,0,0,0,0,0,0,0,1
Red,True,0.0,0.0,0.07,0.40625,0.0,0.431875,1.421875,0.3125,0.046875,0.0,6.875,1.25,21.90625,10.109375,37.0625,31.125,65.359375,49.765625,0.828125,0.0,0.609375,0.515625,5.625,1.0,20.09375,8.796875,0.25,0.0,1.0625,0.5625,1.0,0.25,0.75,0.75,5.5625,0.9375,9.96875,2.5,1.3125,0.3125,3.8125,2.1875,0.0,0.0,8.125,5.421875,0.0,0.0,612.78125,8,1,0,1,4,5,2,0,0,0,0,0,5,0,182.88,182.88,210.0,0.0,0.0,0.38953125,0.6832812500000001,0.7453125,0.0,1.171875,0.546875,0.0,0.0,2.171875,1.4375,2.6796875,1.3515625,7.390625,5.046875,4.5078125,3.015625,1.03125,0.7578125,0.25,0.0,1.671875,1.0625,1.796875,0.53125,0.125,0.0,0.3125,0.3046875,0.375,0.375,0.5703125,0.515625,0.25,0.25,1.7578125,0.8046875,0.5,0.375,0.8984375,0.5234375,1.421875,0.8125,0.0234375,0.0234375,0.0,0.0,122.0546875,8,2,2,0,3,6,2,0,0,0,0,0,5,1,187.96,187.96,250.0,28.0,37.0,0,1,0,0,0,0,0,0,0,0,0,0,0,0,0,1,0,0,0,0,0,0,1,0
Red,False,0.0625,0.5,0.55125,0.415625,0.375,0.0625,0.75,0.0,0.0,0.0,17.875,6.8125,33.75,18.1875,44.3125,28.75,46.875,29.3125,0.375,0.375,0.125,0.0625,12.125,3.1875,16.0,6.0,1.1875,1.125,0.375,0.0625,4.5625,2.5,17.375,12.125,14.4375,3.6875,25.875,14.125,2.1875,1.875,3.125,1.25,1.25,1.25,4.75,2.8125,0.0,0.0,433.3125,5,1,1,0,2,3,2,0,0,0,0,2,1,0,203.2,203.2,300.0,0.0,0.0,0.7790625,0.3665625,0.490625,0.0,0.34375,1.09375,0.0,0.0,4.34375,2.875,4.359375,1.703125,14.78125,10.09375,8.015625,5.03125,1.0625,0.515625,0.5,0.0,3.34375,2.125,3.59375,1.0625,0.25,0.0,0.625,0.609375,0.75,0.75,0.140625,0.03125,0.5,0.5,2.515625,0.609375,1.0,0.75,1.796875,1.046875,2.84375,1.625,0.046875,0.046875,0.0,0.0,183.109375,7,2,2,0,3,5,2,0,0,0,0,0,4,1,187.96,187.96,250.0,29.0,37.0,0,0,0,0,0,0,0,0,1,0,0,0,0,0,0,1,0,0,0,0,0,0,1,0
Red,False,0.0,0.0,0.41625,0.165,0.75,0.25,0.0,0.75,0.0,0.0,12.375,5.5,1.75,0.5,15.25,8.0,6.75,5.25,0.75,0.75,0.75,0.25,12.375,5.5,1.25,0.25,0.0,0.0,0.25,0.0,0.0,0.0,0.25,0.25,0.25,0.0,0.0,0.0,6.75,2.5,1.5,0.25,5.375,3.0,0.25,0.25,0.0,0.0,92.875,4,1,2,0,2,2,2,0,0,0,0,2,0,0,187.96,187.96,250.0,0.0,0.0,0.14,0.4125,0.0,0.86375,0.84375,0.625,0.09375,0.0,12.75,2.5,38.8125,18.21875,73.125,62.25,125.71875,97.53125,1.65625,0.0,1.21875,1.03125,10.25,2.0,36.1875,16.59375,0.5,0.0,2.125,1.125,2.0,0.5,0.5,0.5,10.125,1.875,17.9375,5.0,2.625,0.625,6.625,3.375,0.0,0.0,14.25,9.84375,0.0,0.0,1150.5625,7,1,0,1,4,4,2,0,0,0,0,0,4,0,182.88,182.88,210.0,29.0,28.0,0,0,0,0,0,0,0,0,1,0,0,0,0,0,0,1,0,0,0,0,1,0,0,0
Red,True,0.125,0.0,0.7725,0.28125,0.75,0.125,0.5,0.0,0.0,0.0,5.75,3.625,8.5,3.375,25.625,21.5,9.75,4.625,0.75,0.75,0.25,0.125,5.25,3.375,7.0,3.0,0.375,0.25,0.75,0.125,0.125,0.0,0.75,0.25,1.875,0.375,2.75,1.25,1.375,0.75,3.25,0.5,2.5,2.5,2.5,1.625,0.0,0.0,69.625,4,0,1,0,2,3,1,0,0,0,0,2,1,0,203.2,203.2,300.0,0.0,0.0,0.7849999999999999,0.675,0.5,0.5,2.5,1.5,0.5,0.5,4.0,2.5,5.5,4.0,10.0,6.5,10.5,7.5,0.5,0.5,0.5,0.5,1.5,1.0,2.0,1.0,1.0,1.0,2.0,2.0,1.5,0.5,1.5,1.0,1.5,0.5,1.0,0.0,0.5,0.5,1.0,1.0,2.0,1.5,3.5,3.0,0.0,0.0,475.0,2,0,2,0,2,2,0,0,0,0,0,0,2,0,185.42,185.42,210.0,29.0,34.0,0,1,0,0,0,0,0,0,0,0,0,0,0,0,0,1,0,0,0,0,1,0,0,0
Red,False,0.0,0.0,0.5,1.0,0.0,1.0,0.0,1.0,0.0,0.0,2.0,1.0,4.0,4.0,16.0,15.0,66.0,64.0,0.0,0.0,1.0,1.0,1.0,0.0,3.0,3.0,1.0,1.0,1.0,1.0,0.0,0.0,0.0,0.0,1.0,0.0,0.0,0.0,1.0,1.0,0.0,0.0,0.0,0.0,4.0,4.0,0.0,0.0,175.0,1,0,0,1,0,0,1,0,0,0,0,0,0,0,187.96,187.96,240.0,0.0,0.0,0.57,0.5,0.0,1.0,2.0,2.0,1.0,0.0,7.0,4.0,4.0,2.0,18.0,11.0,7.0,4.0,0.0,0.0,1.0,1.0,2.0,1.0,1.0,0.0,2.0,2.0,0.0,0.0,3.0,1.0,3.0,2.0,3.0,1.0,2.0,0.0,0.0,0.0,2.0,2.0,4.0,3.0,0.0,0.0,0.0,0.0,747.0,1,0,1,0,1,1,0,0,0,0,0,0,1,0,185.42,185.42,210.0,29.0,34.0,0,0,0,0,0,0,0,0,1,0,0,0,0,0,0,1,0,0,0,0,1,0,0,0
Red,False,0.5,0.0,0.54,0.645,0.0,0.75,0.5,0.0,0.0,0.0,9.0,5.5,7.5,4.5,11.0,7.5,8.5,5.0,0.5,0.0,1.5,1.0,9.0,5.5,5.5,3.0,0.0,0.0,1.0,1.0,0.0,0.0,1.0,0.5,4.0,1.0,2.0,1.5,2.5,2.5,1.0,0.5,2.5,2.0,4.5,2.5,0.0,0.0,66.5,2,1,1,0,1,1,1,0,0,0,0,1,0,0,187.96,187.96,240.0,0.0,0.0,0.66,0.66,0.0,1.0,0.0,2.0,0.0,0.0,3.0,2.0,3.0,2.0,5.0,4.0,6.0,4.0,0.0,0.0,1.0,1.0,1.0,1.0,3.0,2.0,1.0,0.0,0.0,0.0,1.0,1.0,0.0,0.0,2.0,2.0,1.0,0.0,1.0,0.0,0.0,0.0,0.0,0.0,2.0,2.0,0.0,0.0,61.0,1,0,0,1,0,0,1,0,0,0,0,0,0,0,182.88,182.88,190.0,29.0,29.0,0,0,0,0,0,0,0,0,1,0,0,0,0,0,0,1,0,0,0,0,1,0,0,0
Red,False,0.015625,0.0,0.45,0.4275,0.25,0.2,0.148468017578125,0.098388671875,0.0,0.0,66.5,29.6875,64.31230545043945,27.34375,89.75,48.0,85.53125,44.41152191162109,2.0,0.75,2.0546875,0.75,51.1875,18.3359375,49.6123046875,16.280410766601562,7.5,5.07647705078125,7.5,5.0,4.5,3.625,4.984375,3.9375,48.6875,17.0,47.11572265625,16.5,5.75,3.75,5.3125,3.4375,5.0625,3.5,3.875,2.5,99.2119140625,94.125,638.5,0,0,0,0,0,0,0,0,0,0,0,0,0,0,203.2,203.2,270.0,0.25,0.0,0.545,0.5625,0.5,0.25,1.0,0.0,0.0,0.0,7.5,3.25,15.0,6.75,13.25,8.0,17.5,9.25,0.5,0.5,0.5,0.25,6.5,2.75,13.0,6.0,0.75,0.5,1.5,0.25,0.25,0.0,0.5,0.5,3.75,0.75,4.5,2.5,2.75,1.5,5.5,1.0,1.0,1.0,5.0,3.25,0.0,0.0,74.25,3,0,1,0,1,2,1,0,0,0,0,1,1,0,203.2,203.2,300.0,29.0,29.0,0,0,0,0,0,0,0,0,1,0,0,0,0,0,0,1,0,0,0,0,1,0,0,0
Red,False,0.015625,0.0,0.45,0.4275,0.25,0.2,0.148468017578125,0.098388671875,0.0,0.0,66.5,29.6875,64.31230545043945,27.34375,89.75,48.0,85.53125,44.41152191162109,2.0,0.75,2.0546875,0.75,51.1875,18.3359375,49.6123046875,16.280410766601562,7.5,5.07647705078125,7.5,5.0,4.5,3.625,4.984375,3.9375,48.6875,17.0,47.11572265625,16.5,5.75,3.75,5.3125,3.4375,5.0625,3.5,3.875,2.5,99.2119140625,94.125,638.5,0,0,0,0,0,0,0,0,0,0,0,0,0,0,182.88,182.88,190.0,0.5,0.0,0.43,0.465,0.0,0.5,0.0,0.0,0.0,0.0,12.0,4.5,27.0,11.5,20.5,12.0,30.0,14.5,0.0,0.0,1.0,0.5,10.0,3.5,25.0,11.0,1.5,1.0,2.0,0.5,0.5,0.0,0.0,0.0,6.5,1.5,7.0,3.0,5.5,3.0,10.0,2.0,0.0,0.0,10.0,6.5,0.0,0.0,87.5,2,0,1,0,1,1,1,0,0,0,0,1,0,0,203.2,203.2,300.0,29.0,29.0,0,0,0,0,0,0,0,0,1,0,0,0,0,0,0,1,0,0,0,0,1,0,0,0
Red,False,0.0,0.0,0.2075,0.10375,0.75,0.125,0.625,0.25,0.0,0.0,1.625,1.375,0.625,0.25,11.625,11.375,12.75,11.75,0.75,0.75,0.5,0.25,1.5,1.375,0.5,0.125,0.0,0.0,0.0,0.0,0.125,0.0,0.125,0.125,0.125,0.0,0.375,0.25,0.0,0.0,0.0,0.0,1.5,1.375,0.25,0.0,0.0,0.0,200.25,4,0,2,0,2,3,1,0,0,0,0,1,2,0,190.5,190.5,260.0,0.0471682548522949,0.0,0.45,0.4217682266235352,0.25,0.19173828125,0.1875,0.125,0.0,0.0,69.5,30.5,66.984375,27.8466796875,94.0,48.544921875,88.50390625,44.75,2.0,0.8125,2.015625,0.6640625,54.0,19.01513671875,51.483436584472656,16.9437255859375,7.91796875,5.430633544921875,7.75,5.0625,4.780975341796875,3.9373779296875,4.8994140625,3.84375,51.025390625,18.400863647460938,50.515625,17.5,5.75,3.75,5.5,3.5,5.375,3.6875,4.0,2.65625,104.865234375,89.5,655.8441009521484,0,0,0,0,0,0,0,0,0,0,0,0,0,0,185.42,185.42,210.0,29.0,34.0,0,0,0,0,0,0,0,0,1,0,0,0,0,0,0,0,0,1,0,0,1,0,0,0
Red,False,0.015625,0.0,0.45,0.4275,0.25,0.2,0.148468017578125,0.098388671875,0.0,0.0,66.5,29.6875,64.31230545043945,27.34375,89.75,48.0,85.53125,44.41152191162109,2.0,0.75,2.0546875,0.75,51.1875,18.3359375,49.6123046875,16.280410766601562,7.5,5.07647705078125,7.5,5.0,4.5,3.625,4.984375,3.9375,48.6875,17.0,47.11572265625,16.5,5.75,3.75,5.3125,3.4375,5.0625,3.5,3.875,2.5,99.2119140625,94.125,638.5,0,0,0,0,0,0,0,0,0,0,0,0,0,0,190.5,190.5,235.0,0.0,0.0,0.415,0.2075,0.5,0.25,0.25,0.5,0.0,0.0,3.25,2.75,1.25,0.5,7.25,6.75,4.5,3.5,0.5,0.5,1.0,0.5,3.0,2.75,1.0,0.25,0.0,0.0,0.0,0.0,0.25,0.0,0.25,0.25,0.25,0.0,0.75,0.5,0.0,0.0,0.0,0.0,3.0,2.75,0.5,0.0,0.0,0.0,215.5,3,0,2,0,2,2,1,0,0,0,0,1,1,0,190.5,190.5,260.0,29.0,29.0,0,0,0,0,0,0,0,0,1,0,0,0,0,0,0,0,0,1,0,0,0,0,1,0
Red,False,0.015625,0.0,0.45,0.4275,0.25,0.2,0.148468017578125,0.098388671875,0.0,0.0,66.5,29.6875,64.31230545043945,27.34375,89.75,48.0,85.53125,44.41152191162109,2.0,0.75,2.0546875,0.75,51.1875,18.3359375,49.6123046875,16.280410766601562,7.5,5.07647705078125,7.5,5.0,4.5,3.625,4.984375,3.9375,48.6875,17.0,47.11572265625,16.5,5.75,3.75,5.3125,3.4375,5.0625,3.5,3.875,2.5,99.2119140625,94.125,638.5,0,0,0,0,0,0,0,0,0,0,0,0,0,0,182.88,182.88,200.0,0.0471682548522949,0.0,0.45,0.4217682266235352,0.25,0.19173828125,0.1875,0.125,0.0,0.0,69.5,30.5,66.984375,27.8466796875,94.0,48.544921875,88.50390625,44.75,2.0,0.8125,2.015625,0.6640625,54.0,19.01513671875,51.483436584472656,16.9437255859375,7.91796875,5.430633544921875,7.75,5.0625,4.780975341796875,3.9373779296875,4.8994140625,3.84375,51.025390625,18.400863647460938,50.515625,17.5,5.75,3.75,5.5,3.5,5.375,3.6875,4.0,2.65625,104.865234375,89.5,655.8441009521484,0,0,0,0,0,0,0,0,0,0,0,0,0,0,193.04,193.04,245.0,29.0,29.0,0,0,0,0,0,0,0,0,1,0,0,0,0,0,0,1,0,0,0,0,1,0,0,0
Red,False,0.0,0.0,0.4825,0.33,0.5,0.5,0.0,0.5,0.0,0.0,10.75,6.0,1.5,1.0,16.5,11.0,6.5,5.5,0.5,0.5,0.5,0.5,10.75,6.0,0.5,0.5,0.0,0.0,0.5,0.0,0.0,0.0,0.5,0.5,0.5,0.0,0.0,0.0,2.5,1.0,1.0,0.5,7.75,5.0,0.5,0.5,0.0,0.0,128.75,3,1,2,0,2,2,1,0,0,0,0,2,0,0,187.96,187.96,250.0,0.0,0.0,0.2,0.3,0.0,0.455,2.375,0.5,0.375,0.0,5.0,2.0,25.25,9.875,29.5,24.0,44.875,25.125,1.625,0.0,1.875,1.125,5.0,2.0,24.75,9.375,0.0,0.0,0.5,0.5,0.0,0.0,0.0,0.0,4.5,1.5,13.75,4.0,0.5,0.5,3.5,1.5,0.0,0.0,8.0,4.375,0.0,0.0,585.25,4,1,0,1,3,3,1,0,0,0,0,0,3,0,182.88,182.88,210.0,29.0,27.0,0,0,0,0,0,0,0,0,1,0,0,0,0,0,0,1,0,0,0,0,1,0,0,0
Red,True,1.0,0.0,0.62,0.25,0.5,0.0,0.0,0.0,0.0,0.0,16.5,10.5,1.0,0.5,18.5,12.5,7.0,6.0,0.5,0.5,0.0,0.0,16.0,10.0,0.5,0.0,0.5,0.5,0.5,0.5,0.0,0.0,0.0,0.0,1.0,0.5,0.5,0.0,3.0,3.0,0.5,0.5,12.5,7.0,0.0,0.0,0.0,0.0,66.5,2,0,2,0,2,2,0,0,0,0,0,2,0,0,182.88,182.88,265.0,0.0,0.0,0.0,0.23,0.0,0.25,0.75,0.0,0.75,0.0,0.0,0.0,5.5,2.75,0.0,0.0,18.75,11.25,0.25,0.0,0.75,0.25,0.0,0.0,5.5,2.75,0.0,0.0,0.0,0.0,0.0,0.0,0.0,0.0,0.0,0.0,0.5,0.0,0.0,0.0,0.0,0.0,0.0,0.0,5.0,2.75,0.0,0.0,105.5,3,0,0,1,2,2,1,0,0,0,0,0,2,0,182.88,182.88,210.0,29.0,27.0,0,1,0,0,0,0,0,0,0,0,0,0,0,0,0,0,0,0,1,0,1,0,0,0
Red,False,0.0,0.0,0.558125,0.333125,0.98125,0.0,0.6875,0.1875,0.0,0.0,6.6875,3.75,3.71875,1.40625,27.5625,18.1875,11.03125,8.0625,1.125,1.03125,0.0,0.0,5.6875,3.25,3.1875,1.125,0.5,0.0,0.25,0.21875,0.5,0.5,0.28125,0.0625,0.0,0.0,1.03125,0.21875,1.0,0.5,2.59375,1.09375,5.6875,3.25,0.09375,0.09375,0.0,0.0,232.21875,6,2,2,0,3,5,1,0,0,0,0,0,4,1,187.96,187.96,250.0,0.0,0.0,0.695,0.5,0.875,0.0,0.25,0.0,0.0,0.0,14.25,8.0,7.25,2.5,68.25,54.75,194.25,188.0,1.25,1.0,0.5,0.0,10.25,4.0,3.0,1.25,1.25,1.25,1.25,0.25,2.75,2.75,3.0,1.0,1.75,0.5,5.0,0.75,0.75,0.75,0.75,0.75,11.75,6.75,1.5,1.0,0.0,0.0,368.25,4,0,2,0,2,2,1,0,0,0,0,1,1,0,185.42,182.88,205.0,37.0,31.0,0,1,0,0,0,0,0,0,0,0,0,0,0,0,0,0,0,1,0,0,1,0,0,0
Red,False,1.0,0.0,0.36,0.27,0.0,0.0,0.0,0.0,0.0,0.0,22.0,8.0,33.0,9.0,27.0,12.0,35.0,11.0,0.0,0.0,1.0,0.0,19.0,7.0,30.0,9.0,2.0,1.0,3.0,0.0,1.0,0.0,0.0,0.0,12.0,3.0,13.0,5.0,10.0,5.0,20.0,4.0,0.0,0.0,0.0,0.0,0.0,0.0,62.0,1,0,1,0,1,1,0,0,0,0,0,1,0,0,203.2,203.2,300.0,2.0,0.0,0.58,0.0,0.0,0.0,0.0,0.0,0.0,0.0,12.0,7.0,0.0,0.0,12.0,7.0,0.0,0.0,0.0,0.0,0.0,0.0,12.0,7.0,0.0,0.0,0.0,0.0,0.0,0.0,0.0,0.0,0.0,0.0,1.0,0.0,0.0,0.0,6.0,6.0,0.0,0.0,5.0,1.0,0.0,0.0,0.0,0.0,20.0,1,0,1,0,1,1,0,0,0,0,0,1,0,0,182.88,182.88,265.0,29.0,29.0,0,0,0,0,0,0,0,0,1,0,0,0,0,0,0,1,0,0,0,0,0,0,0,1
Red,False,0.015625,0.0,0.45,0.4275,0.25,0.2,0.148468017578125,0.098388671875,0.0,0.0,66.5,29.6875,64.31230545043945,27.34375,89.75,48.0,85.53125,44.41152191162109,2.0,0.75,2.0546875,0.75,51.1875,18.3359375,49.6123046875,16.280410766601562,7.5,5.07647705078125,7.5,5.0,4.5,3.625,4.984375,3.9375,48.6875,17.0,47.11572265625,16.5,5.75,3.75,5.3125,3.4375,5.0625,3.5,3.875,2.5,99.2119140625,94.125,638.5,0,0,0,0,0,0,0,0,0,0,0,0,0,0,180.34,180.34,230.0,0.0471682548522949,0.0,0.45,0.4217682266235352,0.25,0.19173828125,0.1875,0.125,0.0,0.0,69.5,30.5,66.984375,27.8466796875,94.0,48.544921875,88.50390625,44.75,2.0,0.8125,2.015625,0.6640625,54.0,19.01513671875,51.483436584472656,16.9437255859375,7.91796875,5.430633544921875,7.75,5.0625,4.780975341796875,3.9373779296875,4.8994140625,3.84375,51.025390625,18.400863647460938,50.515625,17.5,5.75,3.75,5.5,3.5,5.375,3.6875,4.0,2.65625,104.865234375,89.5,655.8441009521484,0,0,0,0,0,0,0,0,0,0,0,0,0,0,203.2,203.2,300.0,29.0,29.0,0,0,0,0,0,0,0,0,1,0,0,0,0,0,0,1,0,0,0,0,1,0,0,0
Red,False,0.0,0.0,0.88,0.0,0.0,0.4,0.0,1.0,0.0,0.0,9.0,8.0,0.0,0.0,14.0,12.0,0.0,0.0,0.0,0.0,5.0,2.0,4.0,4.0,0.0,0.0,2.0,2.0,0.0,0.0,3.0,2.0,0.0,0.0,3.0,2.0,0.0,0.0,3.0,3.0,0.0,0.0,3.0,3.0,0.0,0.0,0.0,0.0,105.0,1,0,0,1,0,0,1,0,0,0,0,0,0,0,175.26,175.26,185.0,0.0,0.0,0.0,0.46,0.0,0.5,0.5,0.0,0.5,0.0,0.0,0.0,11.0,5.5,0.0,0.0,37.5,22.5,0.5,0.0,0.5,0.5,0.0,0.0,11.0,5.5,0.0,0.0,0.0,0.0,0.0,0.0,0.0,0.0,0.0,0.0,1.0,0.0,0.0,0.0,0.0,0.0,0.0,0.0,10.0,5.5,0.0,0.0,202.0,2,0,0,1,1,1,1,0,0,0,0,0,1,0,182.88,182.88,210.0,29.0,27.0,0,0,0,0,0,0,0,0,1,0,0,0,0,0,0,0,0,0,1,0,1,0,0,0
Red,False,0.015625,0.0,0.45,0.4275,0.25,0.2,0.148468017578125,0.098388671875,0.0,0.0,66.5,29.6875,64.31230545043945,27.34375,89.75,48.0,85.53125,44.41152191162109,2.0,0.75,2.0546875,0.75,51.1875,18.3359375,49.6123046875,16.280410766601562,7.5,5.07647705078125,7.5,5.0,4.5,3.625,4.984375,3.9375,48.6875,17.0,47.11572265625,16.5,5.75,3.75,5.3125,3.4375,5.0625,3.5,3.875,2.5,99.2119140625,94.125,638.5,0,0,0,0,0,0,0,0,0,0,0,0,0,0,187.96,187.96,400.0,0.0471682548522949,0.0,0.45,0.4217682266235352,0.25,0.19173828125,0.1875,0.125,0.0,0.0,69.5,30.5,66.984375,27.8466796875,94.0,48.544921875,88.50390625,44.75,2.0,0.8125,2.015625,0.6640625,54.0,19.01513671875,51.483436584472656,16.9437255859375,7.91796875,5.430633544921875,7.75,5.0625,4.780975341796875,3.9373779296875,4.8994140625,3.84375,51.025390625,18.400863647460938,50.515625,17.5,5.75,3.75,5.5,3.5,5.375,3.6875,4.0,2.65625,104.865234375,89.5,655.8441009521484,0,0,0,0,0,0,0,0,0,0,0,0,0,0,182.88,182.88,265.0,29.0,29.0,0,0,0,0,0,0,0,0,1,0,0,0,0,0,0,1,0,0,0,0,0,0,0,1
Red,False,0.015625,0.0,0.45,0.4275,0.25,0.2,0.148468017578125,0.098388671875,0.0,0.0,66.5,29.6875,64.31230545043945,27.34375,89.75,48.0,85.53125,44.41152191162109,2.0,0.75,2.0546875,0.75,51.1875,18.3359375,49.6123046875,16.280410766601562,7.5,5.07647705078125,7.5,5.0,4.5,3.625,4.984375,3.9375,48.6875,17.0,47.11572265625,16.5,5.75,3.75,5.3125,3.4375,5.0625,3.5,3.875,2.5,99.2119140625,94.125,638.5,0,0,0,0,0,0,0,0,0,0,0,0,0,0,177.8,177.8,195.0,0.0,0.0,0.61625,0.6799999999999999,0.0,0.25,0.25,0.0,0.0,0.0,6.875,4.5,3.25,2.625,9.375,6.5,6.875,6.25,0.125,0.0,1.25,0.5,4.5,3.125,2.125,1.75,1.625,1.125,0.0,0.0,0.75,0.25,1.125,0.875,1.75,0.375,1.25,0.625,1.125,1.125,0.5,0.5,4.0,3.0,1.5,1.5,0.0,0.0,61.625,4,1,3,0,3,3,1,0,0,0,0,1,2,0,187.96,187.96,225.0,29.0,31.0,0,0,0,0,0,0,0,0,1,0,0,0,0,0,0,1,0,0,0,0,1,0,0,0
Red,False,0.015625,0.0,0.45,0.4275,0.25,0.2,0.148468017578125,0.098388671875,0.0,0.0,66.5,29.6875,64.31230545043945,27.34375,89.75,48.0,85.53125,44.41152191162109,2.0,0.75,2.0546875,0.75,51.1875,18.3359375,49.6123046875,16.280410766601562,7.5,5.07647705078125,7.5,5.0,4.5,3.625,4.984375,3.9375,48.6875,17.0,47.11572265625,16.5,5.75,3.75,5.3125,3.4375,5.0625,3.5,3.875,2.5,99.2119140625,94.125,638.5,0,0,0,0,0,0,0,0,0,0,0,0,0,0,187.96,187.96,240.0,0.0,0.0,0.0,0.61,0.0,1.0,0.0,0.0,0.0,0.0,0.0,0.0,13.0,8.0,0.0,0.0,28.0,22.0,0.0,0.0,1.0,1.0,0.0,0.0,13.0,8.0,0.0,0.0,0.0,0.0,0.0,0.0,0.0,0.0,0.0,0.0,0.0,0.0,0.0,0.0,0.0,0.0,0.0,0.0,13.0,8.0,0.0,0.0,132.0,1,0,0,1,0,0,1,0,0,0,0,0,0,0,177.8,177.8,193.0,29.0,29.0,0,0,0,0,0,0,0,0,1,0,0,0,0,0,0,1,0,0,0,0,0,0,1,0
Red,True,0.0,0.0,0.635,0.0,1.0,0.0,0.0,0.0,0.0,0.0,15.5,10.0,0.0,0.0,23.0,17.0,0.0,0.0,1.0,1.0,0.0,0.0,15.5,10.0,0.0,0.0,0.0,0.0,0.0,0.0,0.0,0.0,0.0,0.0,0.0,0.0,0.0,0.0,0.0,0.0,0.0,0.0,15.5,10.0,0.0,0.0,0.0,0.0,76.5,2,0,2,0,2,2,0,0,0,0,0,2,0,0,187.96,187.96,250.0,0.0,0.0,0.45625,0.33625,0.9625,0.0,0.375,0.375,0.0,0.0,10.375,5.5,1.4375,0.8125,42.125,25.375,12.0625,11.125,1.25,1.0625,0.0,0.0,10.375,5.5,0.375,0.25,0.0,0.0,0.5,0.4375,0.0,0.0,0.5625,0.125,0.0,0.0,1.0625,0.4375,0.0,0.0,0.1875,0.1875,10.375,5.5,0.1875,0.1875,0.0,0.0,283.4375,5,1,2,0,2,4,1,0,0,0,0,0,3,1,187.96,187.96,250.0,29.0,36.0,0,1,0,0,0,0,0,0,0,0,0,0,0,0,0,1,0,0,0,0,0,0,1,0
Red,False,0.015625,0.0,0.45,0.4275,0.25,0.2,0.148468017578125,0.098388671875,0.0,0.0,66.5,29.6875,64.31230545043945,27.34375,89.75,48.0,85.53125,44.41152191162109,2.0,0.75,2.0546875,0.75,51.1875,18.3359375,49.6123046875,16.280410766601562,7.5,5.07647705078125,7.5,5.0,4.5,3.625,4.984375,3.9375,48.6875,17.0,47.11572265625,16.5,5.75,3.75,5.3125,3.4375,5.0625,3.5,3.875,2.5,99.2119140625,94.125,638.5,0,0,0,0,0,0,0,0,0,0,0,0,0,0,177.8,177.8,193.0,0.0,0.0,0.66,0.0,1.0,0.0,0.0,0.0,0.0,0.0,18.0,12.0,0.0,0.0,18.0,12.0,0.0,0.0,1.0,1.0,0.0,0.0,18.0,12.0,0.0,0.0,0.0,0.0,0.0,0.0,0.0,0.0,0.0,0.0,0.0,0.0,0.0,0.0,0.0,0.0,0.0,0.0,18.0,12.0,0.0,0.0,0.0,0.0,21.0,1,0,1,0,1,1,0,0,0,0,0,1,0,0,187.96,187.96,250.0,29.0,29.0,0,0,0,0,0,0,0,0,1,0,0,0,0,0,0,0,0,1,0,0,1,0,0,0
Red,False,0.015625,0.0,0.45,0.4275,0.25,0.2,0.148468017578125,0.098388671875,0.0,0.0,66.5,29.6875,64.31230545043945,27.34375,89.75,48.0,85.53125,44.41152191162109,2.0,0.75,2.0546875,0.75,51.1875,18.3359375,49.6123046875,16.280410766601562,7.5,5.07647705078125,7.5,5.0,4.5,3.625,4.984375,3.9375,48.6875,17.0,47.11572265625,16.5,5.75,3.75,5.3125,3.4375,5.0625,3.5,3.875,2.5,99.2119140625,94.125,638.5,0,0,0,0,0,0,0,0,0,0,0,0,0,0,180.34,180.34,199.0,0.0,0.0,0.0,0.52,0.0,1.0,0.0,0.0,0.0,0.0,0.0,0.0,17.0,9.0,0.0,0.0,64.0,38.0,0.0,0.0,1.0,1.0,0.0,0.0,17.0,9.0,0.0,0.0,0.0,0.0,0.0,0.0,0.0,0.0,0.0,0.0,0.0,0.0,0.0,0.0,0.0,0.0,0.0,0.0,17.0,9.0,0.0,0.0,261.0,1,0,0,1,0,0,1,0,0,0,0,0,0,0,182.88,182.88,210.0,29.0,27.0,0,0,0,0,0,0,0,0,1,0,0,0,0,0,0,1,0,0,0,0,1,0,0,0
Red,False,0.015625,0.0,0.45,0.4275,0.25,0.2,0.148468017578125,0.098388671875,0.0,0.0,66.5,29.6875,64.31230545043945,27.34375,89.75,48.0,85.53125,44.41152191162109,2.0,0.75,2.0546875,0.75,51.1875,18.3359375,49.6123046875,16.280410766601562,7.5,5.07647705078125,7.5,5.0,4.5,3.625,4.984375,3.9375,48.6875,17.0,47.11572265625,16.5,5.75,3.75,5.3125,3.4375,5.0625,3.5,3.875,2.5,99.2119140625,94.125,638.5,0,0,0,0,0,0,0,0,0,0,0,0,0,0,182.88,182.88,210.0,0.0,0.0,0.3924999999999999,0.6725,0.925,0.0,0.75,0.75,0.0,0.0,3.75,2.0,2.875,1.625,20.25,12.75,24.125,22.25,1.5,1.125,0.0,0.0,3.75,2.0,0.75,0.5,0.0,0.0,1.0,0.875,0.0,0.0,1.125,0.25,0.0,0.0,2.125,0.875,0.0,0.0,0.375,0.375,3.75,2.0,0.375,0.375,0.0,0.0,305.875,4,1,2,0,2,3,1,0,0,0,0,0,3,0,187.96,187.96,250.0,27.0,36.0,0,0,0,0,0,0,0,0,1,0,0,0,0,0,0,1,0,0,0,0,0,0,1,0
Red,False,0.015625,0.0,0.45,0.4275,0.25,0.2,0.148468017578125,0.098388671875,0.0,0.0,66.5,29.6875,64.31230545043945,27.34375,89.75,48.0,85.53125,44.41152191162109,2.0,0.75,2.0546875,0.75,51.1875,18.3359375,49.6123046875,16.280410766601562,7.5,5.07647705078125,7.5,5.0,4.5,3.625,4.984375,3.9375,48.6875,17.0,47.11572265625,16.5,5.75,3.75,5.3125,3.4375,5.0625,3.5,3.875,2.5,99.2119140625,94.125,638.5,0,0,0,0,0,0,0,0,0,0,0,0,0,0,185.42,185.42,260.0,0.0,0.0,0.285,0.345,0.85,0.0,0.5,1.5,0.0,0.0,3.5,2.0,4.75,2.25,21.5,13.5,46.25,43.5,2.0,1.25,0.0,0.0,3.5,2.0,1.5,1.0,0.0,0.0,1.0,0.75,0.0,0.0,2.25,0.5,0.0,0.0,3.25,0.75,0.0,0.0,0.75,0.75,3.5,2.0,0.75,0.75,0.0,0.0,513.75,3,1,2,0,2,2,1,0,0,0,0,0,2,0,187.96,187.96,250.0,29.0,36.0,0,0,0,0,0,0,0,0,1,0,0,0,0,0,0,0,0,1,0,0,0,0,1,0
Red,False,0.015625,0.0,0.45,0.4275,0.25,0.2,0.148468017578125,0.098388671875,0.0,0.0,66.5,29.6875,64.31230545043945,27.34375,89.75,48.0,85.53125,44.41152191162109,2.0,0.75,2.0546875,0.75,51.1875,18.3359375,49.6123046875,16.280410766601562,7.5,5.07647705078125,7.5,5.0,4.5,3.625,4.984375,3.9375,48.6875,17.0,47.11572265625,16.5,5.75,3.75,5.3125,3.4375,5.0625,3.5,3.875,2.5,99.2119140625,94.125,638.5,0,0,0,0,0,0,0,0,0,0,0,0,0,0,167.64,167.64,240.0,0.0471682548522949,0.0,0.45,0.4217682266235352,0.25,0.19173828125,0.1875,0.125,0.0,0.0,69.5,30.5,66.984375,27.8466796875,94.0,48.544921875,88.50390625,44.75,2.0,0.8125,2.015625,0.6640625,54.0,19.01513671875,51.483436584472656,16.9437255859375,7.91796875,5.430633544921875,7.75,5.0625,4.780975341796875,3.9373779296875,4.8994140625,3.84375,51.025390625,18.400863647460938,50.515625,17.5,5.75,3.75,5.5,3.5,5.375,3.6875,4.0,2.65625,104.865234375,89.5,655.8441009521484,0,0,0,0,0,0,0,0,0,0,0,0,0,0,200.66,200.66,295.0,20.0,29.0,0,0,0,0,0,0,0,0,1,0,0,0,0,0,0,1,0,0,0,0,1,0,0,0
Red,False,0.015625,0.0,0.45,0.4275,0.25,0.2,0.148468017578125,0.098388671875,0.0,0.0,66.5,29.6875,64.31230545043945,27.34375,89.75,48.0,85.53125,44.41152191162109,2.0,0.75,2.0546875,0.75,51.1875,18.3359375,49.6123046875,16.280410766601562,7.5,5.07647705078125,7.5,5.0,4.5,3.625,4.984375,3.9375,48.6875,17.0,47.11572265625,16.5,5.75,3.75,5.3125,3.4375,5.0625,3.5,3.875,2.5,99.2119140625,94.125,638.5,0,0,0,0,0,0,0,0,0,0,0,0,0,0,180.34,182.88,170.0,0.0,1.0,0.63,0.75,1.0,0.0,0.0,0.0,0.0,0.0,30.0,19.0,12.0,9.0,34.0,23.0,15.0,12.0,1.0,1.0,0.0,0.0,28.0,17.0,8.0,5.0,1.0,1.0,2.0,2.0,1.0,1.0,2.0,2.0,1.0,0.0,4.0,1.0,5.0,4.0,4.0,4.0,24.0,15.0,4.0,4.0,0.0,0.0,133.0,1,0,1,0,1,1,0,0,0,0,0,1,0,0,185.42,185.42,200.0,29.0,27.0,0,0,0,0,0,0,0,0,1,0,0,0,0,0,0,1,0,0,0,0,1,0,0,0
Red,False,0.015625,0.0,0.45,0.4275,0.25,0.2,0.148468017578125,0.098388671875,0.0,0.0,66.5,29.6875,64.31230545043945,27.34375,89.75,48.0,85.53125,44.41152191162109,2.0,0.75,2.0546875,0.75,51.1875,18.3359375,49.6123046875,16.280410766601562,7.5,5.07647705078125,7.5,5.0,4.5,3.625,4.984375,3.9375,48.6875,17.0,47.11572265625,16.5,5.75,3.75,5.3125,3.4375,5.0625,3.5,3.875,2.5,99.2119140625,94.125,638.5,0,0,0,0,0,0,0,0,0,0,0,0,0,0,177.8,177.8,225.0,0.0471682548522949,0.0,0.45,0.4217682266235352,0.25,0.19173828125,0.1875,0.125,0.0,0.0,69.5,30.5,66.984375,27.8466796875,94.0,48.544921875,88.50390625,44.75,2.0,0.8125,2.015625,0.6640625,54.0,19.01513671875,51.483436584472656,16.9437255859375,7.91796875,5.430633544921875,7.75,5.0625,4.780975341796875,3.9373779296875,4.8994140625,3.84375,51.025390625,18.400863647460938,50.515625,17.5,5.75,3.75,5.5,3.5,5.375,3.6875,4.0,2.65625,104.865234375,89.5,655.8441009521484,0,0,0,0,0,0,0,0,0,0,0,0,0,0,187.96,187.96,250.0,29.0,29.0,0,0,0,0,0,0,0,0,1,0,0,0,0,0,0,1,0,0,0,0,1,0,0,0
Red,True,0.0,0.0,0.0,0.69,0.7,0.0,1.0,0.0,0.0,0.0,0.0,0.0,5.5,4.5,0.0,0.0,8.5,7.0,3.0,1.5,0.0,0.0,0.0,0.0,2.0,2.0,0.0,0.0,2.0,1.5,0.0,0.0,1.5,1.0,0.0,0.0,2.5,1.5,0.0,0.0,1.5,1.5,0.0,0.0,1.5,1.5,0.0,0.0,78.5,2,0,2,0,2,2,0,0,0,0,0,0,2,0,187.96,187.96,250.0,0.0,0.0,0.5440625,0.1953125,0.5625,0.140625,1.453125,0.0,0.140625,0.125,12.3125,6.78125,5.609375,1.859375,35.09375,29.28125,6.6875,2.8125,1.453125,0.609375,0.140625,0.140625,8.0625,4.5625,4.84375,1.171875,3.0,1.75,0.625,0.5625,1.25,0.46875,0.140625,0.125,3.0625,0.53125,0.96875,0.25,4.0625,2.5625,1.4375,0.9375,5.1875,3.6875,3.203125,0.671875,0.0,0.0,246.015625,7,1,7,0,7,7,0,0,0,0,0,1,6,0,185.42,185.42,175.0,36.0,28.0,0,1,0,0,0,0,0,0,0,0,0,0,0,0,0,0,0,1,0,0,0,0,1,0
Red,False,0.015625,0.0,0.45,0.4275,0.25,0.2,0.148468017578125,0.098388671875,0.0,0.0,66.5,29.6875,64.31230545043945,27.34375,89.75,48.0,85.53125,44.41152191162109,2.0,0.75,2.0546875,0.75,51.1875,18.3359375,49.6123046875,16.280410766601562,7.5,5.07647705078125,7.5,5.0,4.5,3.625,4.984375,3.9375,48.6875,17.0,47.11572265625,16.5,5.75,3.75,5.3125,3.4375,5.0625,3.5,3.875,2.5,99.2119140625,94.125,638.5,0,0,0,0,0,0,0,0,0,0,0,0,0,0,175.26,175.26,185.0,0.0,0.0,0.0,0.5,1.0,0.0,1.0,0.0,0.0,0.0,0.0,0.0,2.0,1.0,0.0,0.0,3.0,2.0,1.0,1.0,0.0,0.0,0.0,0.0,0.0,0.0,0.0,0.0,2.0,1.0,0.0,0.0,0.0,0.0,0.0,0.0,2.0,1.0,0.0,0.0,0.0,0.0,0.0,0.0,0.0,0.0,0.0,0.0,52.0,1,0,1,0,1,1,0,0,0,0,0,0,1,0,187.96,187.96,250.0,29.0,36.0,0,0,0,0,0,0,0,0,1,0,0,0,0,0,0,0,0,0,1,0,0,0,1,0
Red,False,0.015625,0.0,0.45,0.4275,0.25,0.2,0.148468017578125,0.098388671875,0.0,0.0,66.5,29.6875,64.31230545043945,27.34375,89.75,48.0,85.53125,44.41152191162109,2.0,0.75,2.0546875,0.75,51.1875,18.3359375,49.6123046875,16.280410766601562,7.5,5.07647705078125,7.5,5.0,4.5,3.625,4.984375,3.9375,48.6875,17.0,47.11572265625,16.5,5.75,3.75,5.3125,3.4375,5.0625,3.5,3.875,2.5,99.2119140625,94.125,638.5,0,0,0,0,0,0,0,0,0,0,0,0,0,0,182.88,182.88,225.0,0.0,0.0,0.54,0.33,1.0,0.0,0.0,1.0,0.0,0.0,11.0,6.0,6.0,2.0,13.0,7.0,7.0,3.0,1.0,1.0,0.0,0.0,11.0,6.0,6.0,2.0,0.0,0.0,0.0,0.0,0.0,0.0,0.0,0.0,2.0,1.0,4.0,1.0,0.0,0.0,1.0,1.0,9.0,5.0,1.0,0.0,0.0,0.0,87.0,1,1,1,0,1,1,0,0,0,0,0,1,0,0,177.8,177.8,215.0,25.0,29.0,0,0,0,0,0,0,0,0,1,0,0,0,0,0,0,1,0,0,0,0,1,0,0,0
Red,False,0.015625,0.0,0.45,0.4275,0.25,0.2,0.148468017578125,0.098388671875,0.0,0.0,66.5,29.6875,64.31230545043945,27.34375,89.75,48.0,85.53125,44.41152191162109,2.0,0.75,2.0546875,0.75,51.1875,18.3359375,49.6123046875,16.280410766601562,7.5,5.07647705078125,7.5,5.0,4.5,3.625,4.984375,3.9375,48.6875,17.0,47.11572265625,16.5,5.75,3.75,5.3125,3.4375,5.0625,3.5,3.875,2.5,99.2119140625,94.125,638.5,0,0,0,0,0,0,0,0,0,0,0,0,0,0,177.8,177.8,190.0,0.0,0.0,0.458125,0.390625,0.125,0.28125,1.90625,0.0,0.28125,0.25,13.625,6.5625,9.21875,3.71875,39.1875,31.5625,11.375,5.625,1.90625,0.21875,0.28125,0.28125,8.125,4.125,7.6875,2.34375,3.0,1.5,1.25,1.125,2.5,0.9375,0.28125,0.25,5.125,1.0625,1.9375,0.5,8.125,5.125,2.875,1.875,0.375,0.375,4.40625,1.34375,0.0,0.0,263.03125,6,1,6,0,6,6,0,0,0,0,0,1,5,0,185.42,185.42,175.0,51.0,28.0,0,0,0,0,0,0,0,0,1,0,0,0,0,0,0,1,0,0,0,0,0,0,1,0
Red,False,0.5,0.0,0.625,0.1,0.0,0.5,0.5,0.5,0.0,0.0,32.0,21.0,2.5,0.5,34.0,23.0,6.5,4.0,0.0,0.0,1.0,0.5,25.0,15.0,2.5,0.5,0.5,0.0,0.0,0.0,6.5,6.0,0.0,0.0,7.5,4.0,1.0,0.0,1.5,1.0,0.0,0.0,23.0,16.0,1.5,0.5,0.0,0.0,141.5,2,0,2,0,2,2,0,0,0,0,0,1,1,0,180.34,180.34,200.0,0.0,0.0,0.44625,0.48125,0.25,0.5625,0.8125,0.0,0.5625,0.5,4.25,2.125,5.4375,3.4375,20.375,18.125,6.75,4.25,1.8125,0.4375,0.5625,0.5625,1.25,1.25,3.375,1.6875,1.0,0.0,1.5,1.25,2.0,0.875,0.5625,0.5,0.25,0.125,0.875,0.0,3.25,1.25,1.75,1.75,0.75,0.75,2.8125,1.6875,0.0,0.0,194.0625,5,1,5,0,5,5,0,0,0,0,0,1,4,0,185.42,185.42,175.0,29.0,28.0,0,0,0,0,0,0,0,0,1,0,0,0,0,0,0,0,1,0,0,0,0,0,1,0
Red,False,0.015625,0.0,0.45,0.4275,0.25,0.2,0.148468017578125,0.098388671875,0.0,0.0,66.5,29.6875,64.31230545043945,27.34375,89.75,48.0,85.53125,44.41152191162109,2.0,0.75,2.0546875,0.75,51.1875,18.3359375,49.6123046875,16.280410766601562,7.5,5.07647705078125,7.5,5.0,4.5,3.625,4.984375,3.9375,48.6875,17.0,47.11572265625,16.5,5.75,3.75,5.3125,3.4375,5.0625,3.5,3.875,2.5,99.2119140625,94.125,638.5,0,0,0,0,0,0,0,0,0,0,0,0,0,0,185.42,185.42,230.0,0.0471682548522949,0.0,0.45,0.4217682266235352,0.25,0.19173828125,0.1875,0.125,0.0,0.0,69.5,30.5,66.984375,27.8466796875,94.0,48.544921875,88.50390625,44.75,2.0,0.8125,2.015625,0.6640625,54.0,19.01513671875,51.483436584472656,16.9437255859375,7.91796875,5.430633544921875,7.75,5.0625,4.780975341796875,3.9373779296875,4.8994140625,3.84375,51.025390625,18.400863647460938,50.515625,17.5,5.75,3.75,5.5,3.5,5.375,3.6875,4.0,2.65625,104.865234375,89.5,655.8441009521484,0,0,0,0,0,0,0,0,0,0,0,0,0,0,185.42,185.42,200.0,29.0,26.0,0,0,0,0,0,0,0,0,1,0,0,0,0,0,0,1,0,0,0,0,1,0,0,0
Red,False,0.015625,0.0,0.45,0.4275,0.25,0.2,0.148468017578125,0.098388671875,0.0,0.0,66.5,29.6875,64.31230545043945,27.34375,89.75,48.0,85.53125,44.41152191162109,2.0,0.75,2.0546875,0.75,51.1875,18.3359375,49.6123046875,16.280410766601562,7.5,5.07647705078125,7.5,5.0,4.5,3.625,4.984375,3.9375,48.6875,17.0,47.11572265625,16.5,5.75,3.75,5.3125,3.4375,5.0625,3.5,3.875,2.5,99.2119140625,94.125,638.5,0,0,0,0,0,0,0,0,0,0,0,0,0,0,162.56,162.56,236.0,1.0,0.0,0.68,0.2,0.0,0.0,0.0,0.0,0.0,0.0,50.0,34.0,5.0,1.0,52.0,36.0,9.0,4.0,0.0,0.0,1.0,0.0,45.0,29.0,5.0,1.0,0.0,0.0,0.0,0.0,5.0,5.0,0.0,0.0,8.0,6.0,2.0,0.0,3.0,2.0,0.0,0.0,39.0,26.0,3.0,1.0,0.0,0.0,119.0,1,0,1,0,1,1,0,0,0,0,0,1,0,0,180.34,180.34,200.0,24.0,29.0,0,0,0,0,0,0,0,0,1,0,0,0,0,0,0,1,0,0,0,0,0,1,0,0
Red,False,0.015625,0.0,0.45,0.4275,0.25,0.2,0.148468017578125,0.098388671875,0.0,0.0,66.5,29.6875,64.31230545043945,27.34375,89.75,48.0,85.53125,44.41152191162109,2.0,0.75,2.0546875,0.75,51.1875,18.3359375,49.6123046875,16.280410766601562,7.5,5.07647705078125,7.5,5.0,4.5,3.625,4.984375,3.9375,48.6875,17.0,47.11572265625,16.5,5.75,3.75,5.3125,3.4375,5.0625,3.5,3.875,2.5,99.2119140625,94.125,638.5,0,0,0,0,0,0,0,0,0,0,0,0,0,0,185.42,185.42,215.0,0.0471682548522949,0.0,0.45,0.4217682266235352,0.25,0.19173828125,0.1875,0.125,0.0,0.0,69.5,30.5,66.984375,27.8466796875,94.0,48.544921875,88.50390625,44.75,2.0,0.8125,2.015625,0.6640625,54.0,19.01513671875,51.483436584472656,16.9437255859375,7.91796875,5.430633544921875,7.75,5.0625,4.780975341796875,3.9373779296875,4.8994140625,3.84375,51.025390625,18.400863647460938,50.515625,17.5,5.75,3.75,5.5,3.5,5.375,3.6875,4.0,2.65625,104.865234375,89.5,655.8441009521484,0,0,0,0,0,0,0,0,0,0,0,0,0,0,187.96,187.96,250.0,29.0,36.0,0,0,0,0,0,0,0,0,1,0,0,0,0,0,0,1,0,0,0,0,0,0,1,0
Red,True,1.0,0.0,0.75,0.75,0.0,0.5,0.0,0.0,0.0,0.0,12.0,9.0,4.0,3.0,15.0,12.0,4.0,3.0,1.0,0.0,2.0,1.0,12.0,9.0,0.0,0.0,0.0,0.0,2.0,2.0,0.0,0.0,2.0,1.0,4.0,1.0,2.0,2.0,4.0,4.0,2.0,1.0,4.0,4.0,0.0,0.0,0.0,0.0,46.0,1,0,1,0,1,1,0,0,0,0,0,1,0,0,187.96,187.96,240.0,0.0471682548522949,0.0,0.45,0.4217682266235352,0.25,0.19173828125,0.1875,0.125,0.0,0.0,69.5,30.5,66.984375,27.8466796875,94.0,48.544921875,88.50390625,44.75,2.0,0.8125,2.015625,0.6640625,54.0,19.01513671875,51.483436584472656,16.9437255859375,7.91796875,5.430633544921875,7.75,5.0625,4.780975341796875,3.9373779296875,4.8994140625,3.84375,51.025390625,18.400863647460938,50.515625,17.5,5.75,3.75,5.5,3.5,5.375,3.6875,4.0,2.65625,104.865234375,89.5,655.8441009521484,0,0,0,0,0,0,0,0,0,0,0,0,0,0,177.8,177.8,215.0,29.0,29.0,0,1,0,0,0,0,0,0,0,0,0,0,0,0,0,1,0,0,0,0,1,0,0,0
Red,False,0.015625,0.0,0.45,0.4275,0.25,0.2,0.148468017578125,0.098388671875,0.0,0.0,66.5,29.6875,64.31230545043945,27.34375,89.75,48.0,85.53125,44.41152191162109,2.0,0.75,2.0546875,0.75,51.1875,18.3359375,49.6123046875,16.280410766601562,7.5,5.07647705078125,7.5,5.0,4.5,3.625,4.984375,3.9375,48.6875,17.0,47.11572265625,16.5,5.75,3.75,5.3125,3.4375,5.0625,3.5,3.875,2.5,99.2119140625,94.125,638.5,0,0,0,0,0,0,0,0,0,0,0,0,0,0,180.34,182.88,170.0,0.0,0.0,0.88,0.5,1.0,0.0,0.0,0.0,0.0,0.0,9.0,8.0,2.0,1.0,20.0,16.0,23.0,21.0,1.0,1.0,0.0,0.0,6.0,5.0,2.0,1.0,3.0,3.0,0.0,0.0,0.0,0.0,0.0,0.0,1.0,0.0,2.0,1.0,0.0,0.0,0.0,0.0,8.0,8.0,0.0,0.0,0.0,0.0,289.0,1,0,1,0,1,1,0,0,0,0,0,1,0,0,185.42,182.88,205.0,29.0,30.0,0,0,0,0,0,0,0,0,1,0,0,0,0,0,0,1,0,0,0,0,1,0,0,0
Red,False,0.015625,0.0,0.45,0.4275,0.25,0.2,0.148468017578125,0.098388671875,0.0,0.0,66.5,29.6875,64.31230545043945,27.34375,89.75,48.0,85.53125,44.41152191162109,2.0,0.75,2.0546875,0.75,51.1875,18.3359375,49.6123046875,16.280410766601562,7.5,5.07647705078125,7.5,5.0,4.5,3.625,4.984375,3.9375,48.6875,17.0,47.11572265625,16.5,5.75,3.75,5.3125,3.4375,5.0625,3.5,3.875,2.5,99.2119140625,94.125,638.5,0,0,0,0,0,0,0,0,0,0,0,0,0,0,190.5,190.5,235.0,0.0,0.0,0.5625,0.3025,0.5,0.125,0.625,0.0,0.125,0.0,2.5,2.25,1.875,0.875,19.75,19.25,3.5,2.5,1.625,0.875,0.125,0.125,1.5,1.5,0.75,0.375,0.0,0.0,1.0,0.5,1.0,0.75,0.125,0.0,0.5,0.25,0.75,0.0,0.5,0.5,0.5,0.5,1.5,1.5,0.625,0.375,0.0,0.0,108.125,4,1,4,0,4,4,0,0,0,0,0,1,3,0,185.42,185.42,175.0,26.0,27.0,0,0,0,0,0,0,0,0,1,0,0,0,0,0,0,1,0,0,0,0,0,0,1,0
Red,False,0.015625,0.0,0.45,0.4275,0.25,0.2,0.148468017578125,0.098388671875,0.0,0.0,66.5,29.6875,64.31230545043945,27.34375,89.75,48.0,85.53125,44.41152191162109,2.0,0.75,2.0546875,0.75,51.1875,18.3359375,49.6123046875,16.280410766601562,7.5,5.07647705078125,7.5,5.0,4.5,3.625,4.984375,3.9375,48.6875,17.0,47.11572265625,16.5,5.75,3.75,5.3125,3.4375,5.0625,3.5,3.875,2.5,99.2119140625,94.125,638.5,0,0,0,0,0,0,0,0,0,0,0,0,0,0,175.26,175.26,205.0,0.0471682548522949,0.0,0.45,0.4217682266235352,0.25,0.19173828125,0.1875,0.125,0.0,0.0,69.5,30.5,66.984375,27.8466796875,94.0,48.544921875,88.50390625,44.75,2.0,0.8125,2.015625,0.6640625,54.0,19.01513671875,51.483436584472656,16.9437255859375,7.91796875,5.430633544921875,7.75,5.0625,4.780975341796875,3.9373779296875,4.8994140625,3.84375,51.025390625,18.400863647460938,50.515625,17.5,5.75,3.75,5.5,3.5,5.375,3.6875,4.0,2.65625,104.865234375,89.5,655.8441009521484,0,0,0,0,0,0,0,0,0,0,0,0,0,0,187.96,187.96,240.0,29.0,29.0,0,0,0,0,0,0,0,0,1,0,0,0,0,0,0,1,0,0,0,0,1,0,0,0
Red,False,0.015625,0.0,0.45,0.4275,0.25,0.2,0.148468017578125,0.098388671875,0.0,0.0,66.5,29.6875,64.31230545043945,27.34375,89.75,48.0,85.53125,44.41152191162109,2.0,0.75,2.0546875,0.75,51.1875,18.3359375,49.6123046875,16.280410766601562,7.5,5.07647705078125,7.5,5.0,4.5,3.625,4.984375,3.9375,48.6875,17.0,47.11572265625,16.5,5.75,3.75,5.3125,3.4375,5.0625,3.5,3.875,2.5,99.2119140625,94.125,638.5,0,0,0,0,0,0,0,0,0,0,0,0,0,0,182.88,182.88,200.0,0.0471682548522949,0.0,0.45,0.4217682266235352,0.25,0.19173828125,0.1875,0.125,0.0,0.0,69.5,30.5,66.984375,27.8466796875,94.0,48.544921875,88.50390625,44.75,2.0,0.8125,2.015625,0.6640625,54.0,19.01513671875,51.483436584472656,16.9437255859375,7.91796875,5.430633544921875,7.75,5.0625,4.780975341796875,3.9373779296875,4.8994140625,3.84375,51.025390625,18.400863647460938,50.515625,17.5,5.75,3.75,5.5,3.5,5.375,3.6875,4.0,2.65625,104.865234375,89.5,655.8441009521484,0,0,0,0,0,0,0,0,0,0,0,0,0,0,185.42,182.88,205.0,29.0,30.0,0,0,0,0,0,0,0,0,1,0,0,0,0,0,0,0,0,1,0,0,1,0,0,0
Red,False,0.015625,0.0,0.45,0.4275,0.25,0.2,0.148468017578125,0.098388671875,0.0,0.0,66.5,29.6875,64.31230545043945,27.34375,89.75,48.0,85.53125,44.41152191162109,2.0,0.75,2.0546875,0.75,51.1875,18.3359375,49.6123046875,16.280410766601562,7.5,5.07647705078125,7.5,5.0,4.5,3.625,4.984375,3.9375,48.6875,17.0,47.11572265625,16.5,5.75,3.75,5.3125,3.4375,5.0625,3.5,3.875,2.5,99.2119140625,94.125,638.5,0,0,0,0,0,0,0,0,0,0,0,0,0,0,203.2,203.2,770.0,0.0471682548522949,0.0,0.45,0.4217682266235352,0.25,0.19173828125,0.1875,0.125,0.0,0.0,69.5,30.5,66.984375,27.8466796875,94.0,48.544921875,88.50390625,44.75,2.0,0.8125,2.015625,0.6640625,54.0,19.01513671875,51.483436584472656,16.9437255859375,7.91796875,5.430633544921875,7.75,5.0625,4.780975341796875,3.9373779296875,4.8994140625,3.84375,51.025390625,18.400863647460938,50.515625,17.5,5.75,3.75,5.5,3.5,5.375,3.6875,4.0,2.65625,104.865234375,89.5,655.8441009521484,0,0,0,0,0,0,0,0,0,0,0,0,0,0,180.34,180.34,200.0,34.0,29.0,0,0,0,0,0,0,0,0,1,0,0,0,0,0,1,0,0,0,0,0,0,1,0,0
Red,True,0.0,0.0,0.7324999999999999,0.36,0.0,0.0,0.5,0.0,0.0,0.0,11.75,8.0,2.5,1.25,15.75,11.0,2.75,1.5,0.25,0.0,0.5,0.0,9.0,6.25,1.25,0.5,1.25,1.25,0.0,0.0,1.5,0.5,1.25,0.75,2.5,0.75,2.5,1.25,1.25,1.25,0.0,0.0,8.0,6.0,0.0,0.0,0.0,0.0,46.25,3,0,3,0,3,3,0,0,0,0,0,1,2,0,187.96,187.96,225.0,0.0,0.0,0.125,0.105,0.5,0.25,1.25,0.0,0.25,0.0,1.0,0.5,1.75,0.75,28.5,27.5,4.0,3.0,1.25,0.75,0.25,0.25,0.0,0.0,1.5,0.75,0.0,0.0,0.0,0.0,1.0,0.5,0.25,0.0,1.0,0.5,0.5,0.0,0.0,0.0,0.0,0.0,0.0,0.0,1.25,0.75,0.0,0.0,139.25,3,0,3,0,3,3,0,0,0,0,0,0,3,0,185.42,185.42,175.0,30.0,27.0,0,1,0,0,0,0,0,0,0,0,0,0,0,0,0,1,0,0,0,0,0,0,1,0
Red,False,0.0,0.0,1.0,0.0,1.0,0.0,1.0,0.0,0.0,0.0,1.0,1.0,4.0,0.0,2.0,2.0,5.0,1.0,1.0,1.0,0.0,0.0,1.0,1.0,2.0,0.0,0.0,0.0,0.0,0.0,0.0,0.0,2.0,0.0,0.0,0.0,3.0,0.0,1.0,1.0,1.0,0.0,0.0,0.0,0.0,0.0,0.0,0.0,20.0,1,0,1,0,1,1,0,0,0,0,0,0,1,0,177.8,177.8,210.0,0.0,0.0,0.705,0.72,0.0,0.0,1.0,0.0,0.0,0.0,6.5,3.0,5.0,2.5,6.5,3.0,5.5,3.0,0.5,0.0,0.0,0.0,2.0,0.5,2.5,1.0,1.5,1.5,0.0,0.0,3.0,1.0,2.5,1.5,5.0,1.5,5.0,2.5,1.5,1.5,0.0,0.0,0.0,0.0,0.0,0.0,0.0,0.0,62.5,2,0,2,0,2,2,0,0,0,0,0,0,2,0,187.96,187.96,225.0,29.0,30.0,0,0,0,0,0,0,0,0,1,0,0,0,0,0,0,1,0,0,0,0,1,0,0,0
Red,False,0.0,0.0,0.8300000000000001,0.415,1.0,0.0,0.5,0.0,0.0,0.0,6.5,5.5,2.5,1.0,14.5,13.5,9.0,7.0,1.0,1.0,0.0,0.0,6.0,5.5,2.0,0.5,0.0,0.0,0.0,0.0,0.5,0.0,0.5,0.5,0.5,0.0,1.5,1.0,0.0,0.0,0.0,0.0,6.0,5.5,1.0,0.0,0.0,0.0,340.0,2,0,2,0,2,2,0,0,0,0,0,1,1,0,190.5,190.5,260.0,0.0,0.0,0.25,0.21,0.5,0.5,1.5,0.0,0.5,0.0,2.0,1.0,3.5,1.5,57.0,55.0,8.0,6.0,0.5,0.5,0.5,0.5,0.0,0.0,3.0,1.5,0.0,0.0,0.0,0.0,2.0,1.0,0.5,0.0,2.0,1.0,1.0,0.0,0.0,0.0,0.0,0.0,0.0,0.0,2.5,1.5,0.0,0.0,187.5,2,0,2,0,2,2,0,0,0,0,0,0,2,0,185.42,185.42,175.0,29.0,27.0,0,0,0,0,0,0,0,0,1,0,0,0,0,0,0,0,0,1,0,0,0,0,1,0
Red,False,0.0,0.0,0.66,0.33,0.0,1.0,0.0,1.0,0.0,0.0,12.0,8.0,6.0,2.0,15.0,11.0,6.0,2.0,0.0,0.0,1.0,1.0,11.0,7.0,2.0,1.0,1.0,1.0,1.0,0.0,0.0,0.0,3.0,1.0,3.0,1.0,6.0,2.0,0.0,0.0,0.0,0.0,9.0,7.0,0.0,0.0,0.0,0.0,170.0,1,0,1,0,1,1,0,0,0,0,0,1,0,0,177.8,177.8,170.0,0.0,0.0,0.66,0.33,1.0,0.0,1.0,0.0,0.0,0.0,6.0,4.0,3.0,1.0,22.0,20.0,11.0,9.0,1.0,1.0,0.0,0.0,5.0,4.0,3.0,1.0,0.0,0.0,0.0,0.0,1.0,0.0,0.0,0.0,1.0,0.0,1.0,1.0,0.0,0.0,0.0,0.0,5.0,4.0,2.0,0.0,0.0,0.0,591.0,1,0,1,0,1,1,0,0,0,0,0,0,1,0,190.5,190.5,260.0,29.0,29.0,0,0,0,0,0,0,0,0,1,0,0,0,0,0,0,0,0,1,0,0,0,0,1,0
Red,False,0.5,0.0,0.54,0.685,0.5,0.0,0.5,0.0,0.0,0.0,23.0,12.0,6.0,4.0,62.0,47.5,56.5,51.0,0.5,0.5,0.0,0.0,21.5,10.5,3.0,2.0,0.5,0.5,2.0,1.0,1.0,1.0,1.0,1.0,3.5,2.0,4.5,2.5,1.5,1.0,1.0,1.0,18.0,9.0,0.5,0.5,0.0,0.0,460.0,2,0,2,0,2,2,0,0,0,0,0,1,1,0,182.88,182.88,210.0,0.0,0.0,1.0,1.0,0.0,0.0,1.0,0.0,0.0,0.0,1.0,1.0,1.0,1.0,1.0,1.0,2.0,2.0,1.0,0.0,0.0,0.0,0.0,0.0,0.0,0.0,1.0,1.0,0.0,0.0,0.0,0.0,1.0,1.0,0.0,0.0,1.0,1.0,1.0,1.0,0.0,0.0,0.0,0.0,0.0,0.0,0.0,0.0,58.0,1,0,1,0,1,1,0,0,0,0,0,0,1,0,187.96,187.96,225.0,29.0,30.0,0,0,0,0,0,0,0,0,1,0,0,0,0,0,0,1,0,0,0,0,1,0,0,0
Red,False,0.015625,0.0,0.45,0.4275,0.25,0.2,0.148468017578125,0.098388671875,0.0,0.0,66.5,29.6875,64.31230545043945,27.34375,89.75,48.0,85.53125,44.41152191162109,2.0,0.75,2.0546875,0.75,51.1875,18.3359375,49.6123046875,16.280410766601562,7.5,5.07647705078125,7.5,5.0,4.5,3.625,4.984375,3.9375,48.6875,17.0,47.11572265625,16.5,5.75,3.75,5.3125,3.4375,5.0625,3.5,3.875,2.5,99.2119140625,94.125,638.5,0,0,0,0,0,0,0,0,0,0,0,0,0,0,182.88,182.88,180.0,0.0,0.0,0.64,0.8,1.0,0.0,0.0,0.0,0.0,0.0,17.0,11.0,5.0,4.0,86.0,74.0,102.0,95.0,1.0,1.0,0.0,0.0,15.0,9.0,5.0,4.0,1.0,1.0,0.0,0.0,1.0,1.0,0.0,0.0,1.0,1.0,2.0,1.0,1.0,1.0,2.0,2.0,15.0,9.0,1.0,1.0,0.0,0.0,733.0,1,0,1,0,1,1,0,0,0,0,0,1,0,0,182.88,182.88,210.0,29.0,29.0,0,0,0,0,0,0,0,0,1,0,0,0,0,0,0,0,0,1,0,0,1,0,0,0
Red,False,0.015625,0.0,0.45,0.4275,0.25,0.2,0.148468017578125,0.098388671875,0.0,0.0,66.5,29.6875,64.31230545043945,27.34375,89.75,48.0,85.53125,44.41152191162109,2.0,0.75,2.0546875,0.75,51.1875,18.3359375,49.6123046875,16.280410766601562,7.5,5.07647705078125,7.5,5.0,4.5,3.625,4.984375,3.9375,48.6875,17.0,47.11572265625,16.5,5.75,3.75,5.3125,3.4375,5.0625,3.5,3.875,2.5,99.2119140625,94.125,638.5,0,0,0,0,0,0,0,0,0,0,0,0,0,0,170.18,170.18,178.0,0.0,0.0,0.0,0.0,0.0,1.0,1.0,0.0,1.0,0.0,0.0,0.0,0.0,0.0,0.0,0.0,0.0,0.0,0.0,0.0,1.0,1.0,0.0,0.0,0.0,0.0,0.0,0.0,0.0,0.0,0.0,0.0,0.0,0.0,0.0,0.0,0.0,0.0,0.0,0.0,0.0,0.0,0.0,0.0,0.0,0.0,0.0,0.0,67.0,1,0,1,0,1,1,0,0,0,0,0,0,1,0,185.42,185.42,175.0,29.0,27.0,0,0,0,0,0,0,0,0,1,0,0,0,0,0,0,1,0,0,0,0,0,0,1,0
Red,False,0.015625,0.0,0.45,0.4275,0.25,0.2,0.148468017578125,0.098388671875,0.0,0.0,66.5,29.6875,64.31230545043945,27.34375,89.75,48.0,85.53125,44.41152191162109,2.0,0.75,2.0546875,0.75,51.1875,18.3359375,49.6123046875,16.280410766601562,7.5,5.07647705078125,7.5,5.0,4.5,3.625,4.984375,3.9375,48.6875,17.0,47.11572265625,16.5,5.75,3.75,5.3125,3.4375,5.0625,3.5,3.875,2.5,99.2119140625,94.125,638.5,0,0,0,0,0,0,0,0,0,0,0,0,0,0,190.5,190.5,210.0,0.0471682548522949,0.0,0.45,0.4217682266235352,0.25,0.19173828125,0.1875,0.125,0.0,0.0,69.5,30.5,66.984375,27.8466796875,94.0,48.544921875,88.50390625,44.75,2.0,0.8125,2.015625,0.6640625,54.0,19.01513671875,51.483436584472656,16.9437255859375,7.91796875,5.430633544921875,7.75,5.0625,4.780975341796875,3.9373779296875,4.8994140625,3.84375,51.025390625,18.400863647460938,50.515625,17.5,5.75,3.75,5.5,3.5,5.375,3.6875,4.0,2.65625,104.865234375,89.5,655.8441009521484,0,0,0,0,0,0,0,0,0,0,0,0,0,0,180.34,182.88,170.0,29.0,29.0,0,0,0,0,0,0,0,0,1,0,0,0,0,0,0,1,0,0,0,0,1,0,0,0
Red,False,0.0,0.0,0.6,0.0,0.0,1.0,5.0,0.0,4.0,2.0,5.0,3.0,2.0,0.0,25.0,20.0,23.0,14.0,1.0,0.0,1.0,1.0,2.0,1.0,2.0,0.0,2.0,1.0,0.0,0.0,1.0,1.0,0.0,0.0,4.0,2.0,2.0,0.0,0.0,0.0,0.0,0.0,1.0,1.0,0.0,0.0,0.0,0.0,401.0,1,0,1,0,1,1,0,0,0,0,0,0,1,0,180.34,180.34,190.0,0.0471682548522949,0.0,0.45,0.4217682266235352,0.25,0.19173828125,0.1875,0.125,0.0,0.0,69.5,30.5,66.984375,27.8466796875,94.0,48.544921875,88.50390625,44.75,2.0,0.8125,2.015625,0.6640625,54.0,19.01513671875,51.483436584472656,16.9437255859375,7.91796875,5.430633544921875,7.75,5.0625,4.780975341796875,3.9373779296875,4.8994140625,3.84375,51.025390625,18.400863647460938,50.515625,17.5,5.75,3.75,5.5,3.5,5.375,3.6875,4.0,2.65625,104.865234375,89.5,655.8441009521484,0,0,0,0,0,0,0,0,0,0,0,0,0,0,185.42,185.42,175.0,24.0,27.0,0,0,0,0,0,0,0,0,1,0,0,0,0,0,0,0,0,1,0,0,0,0,1,0
Red,False,0.015625,0.0,0.45,0.4275,0.25,0.2,0.148468017578125,0.098388671875,0.0,0.0,66.5,29.6875,64.31230545043945,27.34375,89.75,48.0,85.53125,44.41152191162109,2.0,0.75,2.0546875,0.75,51.1875,18.3359375,49.6123046875,16.280410766601562,7.5,5.07647705078125,7.5,5.0,4.5,3.625,4.984375,3.9375,48.6875,17.0,47.11572265625,16.5,5.75,3.75,5.3125,3.4375,5.0625,3.5,3.875,2.5,99.2119140625,94.125,638.5,0,0,0,0,0,0,0,0,0,0,0,0,0,0,182.88,182.88,210.0,0.0471682548522949,0.0,0.45,0.4217682266235352,0.25,0.19173828125,0.1875,0.125,0.0,0.0,69.5,30.5,66.984375,27.8466796875,94.0,48.544921875,88.50390625,44.75,2.0,0.8125,2.015625,0.6640625,54.0,19.01513671875,51.483436584472656,16.9437255859375,7.91796875,5.430633544921875,7.75,5.0625,4.780975341796875,3.9373779296875,4.8994140625,3.84375,51.025390625,18.400863647460938,50.515625,17.5,5.75,3.75,5.5,3.5,5.375,3.6875,4.0,2.65625,104.865234375,89.5,655.8441009521484,0,0,0,0,0,0,0,0,0,0,0,0,0,0,180.34,180.34,190.0,29.0,24.0,0,0,0,0,0,0,0,0,1,0,0,0,0,0,0,1,0,0,0,0,0,0,1,0
Red,False,0.015625,0.0,0.45,0.4275,0.25,0.2,0.148468017578125,0.098388671875,0.0,0.0,66.5,29.6875,64.31230545043945,27.34375,89.75,48.0,85.53125,44.41152191162109,2.0,0.75,2.0546875,0.75,51.1875,18.3359375,49.6123046875,16.280410766601562,7.5,5.07647705078125,7.5,5.0,4.5,3.625,4.984375,3.9375,48.6875,17.0,47.11572265625,16.5,5.75,3.75,5.3125,3.4375,5.0625,3.5,3.875,2.5,99.2119140625,94.125,638.5,0,0,0,0,0,0,0,0,0,0,0,0,0,0,172.72,172.72,238.0,0.0471682548522949,0.0,0.45,0.4217682266235352,0.25,0.19173828125,0.1875,0.125,0.0,0.0,69.5,30.5,66.984375,27.8466796875,94.0,48.544921875,88.50390625,44.75,2.0,0.8125,2.015625,0.6640625,54.0,19.01513671875,51.483436584472656,16.9437255859375,7.91796875,5.430633544921875,7.75,5.0625,4.780975341796875,3.9373779296875,4.8994140625,3.84375,51.025390625,18.400863647460938,50.515625,17.5,5.75,3.75,5.5,3.5,5.375,3.6875,4.0,2.65625,104.865234375,89.5,655.8441009521484,0,0,0,0,0,0,0,0,0,0,0,0,0,0,190.5,190.5,260.0,29.0,29.0,0,0,0,0,0,0,0,0,1,0,0,0,0,0,0,1,0,0,0,0,0,0,1,0
Red,False,0.015625,0.0,0.45,0.4275,0.25,0.2,0.148468017578125,0.098388671875,0.0,0.0,66.5,29.6875,64.31230545043945,27.34375,89.75,48.0,85.53125,44.41152191162109,2.0,0.75,2.0546875,0.75,51.1875,18.3359375,49.6123046875,16.280410766601562,7.5,5.07647705078125,7.5,5.0,4.5,3.625,4.984375,3.9375,48.6875,17.0,47.11572265625,16.5,5.75,3.75,5.3125,3.4375,5.0625,3.5,3.875,2.5,99.2119140625,94.125,638.5,0,0,0,0,0,0,0,0,0,0,0,0,0,0,187.96,187.96,245.0,0.0471682548522949,0.0,0.45,0.4217682266235352,0.25,0.19173828125,0.1875,0.125,0.0,0.0,69.5,30.5,66.984375,27.8466796875,94.0,48.544921875,88.50390625,44.75,2.0,0.8125,2.015625,0.6640625,54.0,19.01513671875,51.483436584472656,16.9437255859375,7.91796875,5.430633544921875,7.75,5.0625,4.780975341796875,3.9373779296875,4.8994140625,3.84375,51.025390625,18.400863647460938,50.515625,17.5,5.75,3.75,5.5,3.5,5.375,3.6875,4.0,2.65625,104.865234375,89.5,655.8441009521484,0,0,0,0,0,0,0,0,0,0,0,0,0,0,177.8,177.8,170.0,29.0,29.0,0,0,0,0,0,0,0,0,1,0,0,0,0,0,0,1,0,0,0,0,0,0,1,0
Red,False,0.015625,0.0,0.45,0.4275,0.25,0.2,0.148468017578125,0.098388671875,0.0,0.0,66.5,29.6875,64.31230545043945,27.34375,89.75,48.0,85.53125,44.41152191162109,2.0,0.75,2.0546875,0.75,51.1875,18.3359375,49.6123046875,16.280410766601562,7.5,5.07647705078125,7.5,5.0,4.5,3.625,4.984375,3.9375,48.6875,17.0,47.11572265625,16.5,5.75,3.75,5.3125,3.4375,5.0625,3.5,3.875,2.5,99.2119140625,94.125,638.5,0,0,0,0,0,0,0,0,0,0,0,0,0,0,195.58,195.58,275.0,0.0471682548522949,0.0,0.45,0.4217682266235352,0.25,0.19173828125,0.1875,0.125,0.0,0.0,69.5,30.5,66.984375,27.8466796875,94.0,48.544921875,88.50390625,44.75,2.0,0.8125,2.015625,0.6640625,54.0,19.01513671875,51.483436584472656,16.9437255859375,7.91796875,5.430633544921875,7.75,5.0625,4.780975341796875,3.9373779296875,4.8994140625,3.84375,51.025390625,18.400863647460938,50.515625,17.5,5.75,3.75,5.5,3.5,5.375,3.6875,4.0,2.65625,104.865234375,89.5,655.8441009521484,0,0,0,0,0,0,0,0,0,0,0,0,0,0,182.88,182.88,210.0,29.0,29.0,0,0,0,0,0,0,0,0,1,0,0,0,0,0,0,1,0,0,0,0,1,0,0,0
Red,False,0.015625,0.0,0.45,0.4275,0.25,0.2,0.148468017578125,0.098388671875,0.0,0.0,66.5,29.6875,64.31230545043945,27.34375,89.75,48.0,85.53125,44.41152191162109,2.0,0.75,2.0546875,0.75,51.1875,18.3359375,49.6123046875,16.280410766601562,7.5,5.07647705078125,7.5,5.0,4.5,3.625,4.984375,3.9375,48.6875,17.0,47.11572265625,16.5,5.75,3.75,5.3125,3.4375,5.0625,3.5,3.875,2.5,99.2119140625,94.125,638.5,0,0,0,0,0,0,0,0,0,0,0,0,0,0,180.34,182.88,170.0,0.0471682548522949,0.0,0.45,0.4217682266235352,0.25,0.19173828125,0.1875,0.125,0.0,0.0,69.5,30.5,66.984375,27.8466796875,94.0,48.544921875,88.50390625,44.75,2.0,0.8125,2.015625,0.6640625,54.0,19.01513671875,51.483436584472656,16.9437255859375,7.91796875,5.430633544921875,7.75,5.0625,4.780975341796875,3.9373779296875,4.8994140625,3.84375,51.025390625,18.400863647460938,50.515625,17.5,5.75,3.75,5.5,3.5,5.375,3.6875,4.0,2.65625,104.865234375,89.5,655.8441009521484,0,0,0,0,0,0,0,0,0,0,0,0,0,0,187.96,187.96,225.0,29.0,30.0,0,0,0,0,0,0,0,0,1,0,0,0,0,0,0,1,0,0,0,0,1,0,0,0
Red,False,0.015625,0.0,0.45,0.4275,0.25,0.2,0.148468017578125,0.098388671875,0.0,0.0,66.5,29.6875,64.31230545043945,27.34375,89.75,48.0,85.53125,44.41152191162109,2.0,0.75,2.0546875,0.75,51.1875,18.3359375,49.6123046875,16.280410766601562,7.5,5.07647705078125,7.5,5.0,4.5,3.625,4.984375,3.9375,48.6875,17.0,47.11572265625,16.5,5.75,3.75,5.3125,3.4375,5.0625,3.5,3.875,2.5,99.2119140625,94.125,638.5,0,0,0,0,0,0,0,0,0,0,0,0,0,0,182.88,182.88,175.0,0.0471682548522949,0.0,0.45,0.4217682266235352,0.25,0.19173828125,0.1875,0.125,0.0,0.0,69.5,30.5,66.984375,27.8466796875,94.0,48.544921875,88.50390625,44.75,2.0,0.8125,2.015625,0.6640625,54.0,19.01513671875,51.483436584472656,16.9437255859375,7.91796875,5.430633544921875,7.75,5.0625,4.780975341796875,3.9373779296875,4.8994140625,3.84375,51.025390625,18.400863647460938,50.515625,17.5,5.75,3.75,5.5,3.5,5.375,3.6875,4.0,2.65625,104.865234375,89.5,655.8441009521484,0,0,0,0,0,0,0,0,0,0,0,0,0,0,177.8,177.8,210.0,18.0,29.0,0,0,0,0,0,0,0,0,1,0,0,0,0,0,0,1,0,0,0,0,1,0,0,0
